timestamp,REAL/FAKE,BASE_BYTES,LOAD_BYTES,FINAL_BYTES,REAL_BYTES
2025-06-18 17:48:48,REAL,2686332555,692,2686333247,2686333247
2025-06-18 17:48:50,REAL,2686333247,482,2686333729,2686333729
2025-06-18 17:48:52,REAL,2686333729,485,2686334214,2686334214
2025-06-18 17:48:54,REAL,2686334214,489,2686334703,2686334703
2025-06-18 17:48:56,REAL,2686334703,487,2686335190,2686335190
2025-06-18 17:48:58,REAL,2686335190,484,2686335674,2686335674
2025-06-18 17:49:00,REAL,2686335674,475,2686336149,2686336149
2025-06-18 17:49:02,REAL,2686336149,478,2686336627,2686336627
2025-06-18 17:49:04,REAL,2686336627,482,2686337109,2686337109
2025-06-18 17:49:06,REAL,2686337109,477,2686337586,2686337586
2025-06-18 17:49:08,REAL,2686337586,480,2686338066,2686338066
2025-06-18 17:49:10,REAL,2686338066,490,2686338556,2686338556
2025-06-18 17:49:12,REAL,2686338556,476,2686339032,2686339032
2025-06-18 17:49:14,REAL,2686339032,482,2686339514,2686339514
2025-06-18 17:49:16,REAL,2686339514,479,2686339993,2686339993
2025-06-18 17:49:18,REAL,2686339993,484,2686340477,2686340477
2025-06-18 17:49:20,REAL,2686340477,487,2686340964,2686340964
2025-06-18 17:49:22,REAL,2686340964,475,2686341439,2686341439
2025-06-18 17:49:24,REAL,2686341439,536,2686341975,2686341975
2025-06-18 17:49:26,REAL,2686341975,482,2686342457,2686342457
2025-06-18 17:49:28,REAL,2686342457,483,2686342940,2686342940
2025-06-18 17:49:30,REAL,2686342940,481,2686343421,2686343421
2025-06-18 17:49:32,REAL,2686343421,489,2686343910,2686343910
2025-06-18 17:49:34,REAL,2686343910,484,2686344394,2686344394
2025-06-18 17:49:36,REAL,2686344394,475,2686344869,2686344869
2025-06-18 17:49:38,REAL,2686344869,14468,2686359337,2686359337
2025-06-18 17:49:40,REAL,2686359337,10260,2686369597,2686369597
2025-06-18 17:49:42,REAL,2686369597,10252,2686379849,2686379849
2025-06-18 17:49:44,REAL,2686379849,10260,2686390109,2686390109
2025-06-18 17:49:46,REAL,2686390109,10247,2686400356,2686400356
2025-06-18 17:49:48,REAL,2686400356,10254,2686410610,2686410610
2025-06-18 17:49:50,REAL,2686410610,10259,2686420869,2686420869
2025-06-18 17:49:52,REAL,2686420869,5965,2686426834,2686426834
2025-06-18 17:49:54,REAL,2686426834,478,2686427312,2686427312
2025-06-18 17:49:56,REAL,2686427312,486,2686427798,2686427798
2025-06-18 17:49:58,REAL,2686427798,484,2686428282,2686428282
2025-06-18 17:50:00,REAL,2686428282,484,2686428766,2686428766
2025-06-18 17:50:02,REAL,2686428766,480,2686429246,2686429246
2025-06-18 17:50:04,REAL,2686429246,487,2686429733,2686429733
2025-06-18 17:50:06,REAL,2686429733,484,2686430217,2686430217
2025-06-18 17:50:08,REAL,2686430217,485,2686430702,2686430702
2025-06-18 17:50:10,REAL,2686430702,478,2686431180,2686431180
2025-06-18 17:50:12,REAL,2686431180,487,2686431667,2686431667
2025-06-18 17:50:14,REAL,2686431667,543,2686432210,2686432210
2025-06-18 17:50:16,REAL,2686432210,485,2686432695,2686432695
2025-06-18 17:50:18,REAL,2686432695,483,2686433178,2686433178
2025-06-18 17:50:20,REAL,2686433178,480,2686433658,2686433658
2025-06-18 17:50:22,REAL,2686433658,481,2686434139,2686434139
2025-06-18 17:50:24,REAL,2686434139,491,2686434630,2686434630
2025-06-18 17:50:26,REAL,2686434630,547,2686435177,2686435177
2025-06-18 17:50:28,REAL,2686435177,487,2686435664,2686435664
2025-06-18 17:50:30,REAL,2686435664,483,2686436147,2686436147
2025-06-18 17:50:32,REAL,2686436147,486,2686436633,2686436633
2025-06-18 17:50:34,REAL,2686436633,481,2686437114,2686437114
2025-06-18 17:50:36,REAL,2686437114,483,2686437597,2686437597
2025-06-18 17:50:38,REAL,2686437597,484,2686438081,2686438081
2025-06-18 17:50:40,REAL,2686438081,963,2686439044,2686439044
2025-06-18 17:50:42,REAL,2686439044,16259,2686455303,2686455303
2025-06-18 17:50:44,REAL,2686455303,10248,2686465551,2686465551
2025-06-18 17:50:46,REAL,2686465551,10252,2686475803,2686475803
2025-06-18 17:50:48,REAL,2686475803,10253,2686486056,2686486056
2025-06-18 17:50:50,REAL,2686486056,10319,2686496375,2686496375
2025-06-18 17:50:52,REAL,2686496375,10256,2686506631,2686506631
2025-06-18 17:50:54,REAL,2686506631,10251,2686516882,2686516882
2025-06-18 17:50:56,REAL,2686516882,4702,2686521584,2686521584
2025-06-18 17:50:58,REAL,2686521584,487,2686522071,2686522071
2025-06-18 17:51:00,REAL,2686522071,484,2686522555,2686522555
2025-06-18 17:51:02,REAL,2686522555,487,2686523042,2686523042
2025-06-18 17:51:04,REAL,2686523042,490,2686523532,2686523532
2025-06-18 17:51:06,REAL,2686523532,480,2686524012,2686524012
2025-06-18 17:51:08,REAL,2686524012,480,2686524492,2686524492
2025-06-18 17:51:10,REAL,2686524492,487,2686524979,2686524979
2025-06-18 17:51:12,REAL,2686524979,482,2686525461,2686525461
2025-06-18 17:51:14,REAL,2686525461,479,2686525940,2686525940
2025-06-18 17:51:16,REAL,2686525940,539,2686526479,2686526479
2025-06-18 17:51:18,REAL,2686526479,482,2686526961,2686526961
2025-06-18 17:51:20,REAL,2686526961,534,2686527495,2686527495
2025-06-18 17:51:22,REAL,2686527495,483,2686527978,2686527978
2025-06-18 17:51:24,REAL,2686527978,489,2686528467,2686528467
2025-06-18 17:51:26,REAL,2686528467,484,2686528951,2686528951
2025-06-18 17:51:28,REAL,2686528951,486,2686529437,2686529437
2025-06-18 17:51:30,REAL,2686529437,485,2686529922,2686529922
2025-06-18 17:51:32,REAL,2686529922,476,2686530398,2686530398
2025-06-18 17:51:34,REAL,2686530398,483,2686530881,2686530881
2025-06-18 17:51:36,REAL,2686530881,544,2686531425,2686531425
2025-06-18 17:51:38,REAL,2686531425,483,2686531908,2686531908
2025-06-18 17:51:40,REAL,2686531908,484,2686532392,2686532392
2025-06-18 17:51:42,REAL,2686532392,480,2686532872,2686532872
2025-06-18 17:51:44,REAL,2686532872,477,2686533349,2686533349
2025-06-18 17:51:46,REAL,2686533349,478,2686533827,2686533827
2025-06-18 17:51:48,REAL,2686533827,483,2686534310,2686534310
2025-06-18 17:51:50,REAL,2686534310,484,2686534794,2686534794
2025-06-18 17:51:52,REAL,2686534794,481,2686535275,2686535275
2025-06-18 17:51:54,REAL,2686535275,489,2686535764,2686535764
2025-06-18 17:51:56,REAL,2686535764,488,2686536252,2686536252
2025-06-18 17:51:58,REAL,2686536252,546,2686536798,2686536798
2025-06-18 17:52:00,REAL,2686536798,489,2686537287,2686537287
2025-06-18 17:52:02,REAL,2686537287,542,2686537829,2686537829
2025-06-18 17:52:04,REAL,2686537829,490,2686538319,2686538319
2025-06-18 17:52:06,REAL,2686538319,492,2686538811,2686538811
2025-06-18 17:52:08,REAL,2686538811,490,2686539301,2686539301
2025-06-18 17:52:10,REAL,2686539301,484,2686539785,2686539785
2025-06-18 17:52:12,REAL,2686539785,475,2686540260,2686540260
2025-06-18 17:52:14,REAL,2686540260,493,2686540753,2686540753
2025-06-18 17:52:16,REAL,2686540753,3331,2686544084,2686544084
2025-06-18 17:52:18,REAL,2686544084,14202,2686558286,2686558286
2025-06-18 17:52:20,REAL,2686558286,10250,2686568536,2686568536
2025-06-18 17:52:22,REAL,2686568536,10322,2686578858,2686578858
2025-06-18 17:52:24,REAL,2686578858,10258,2686589116,2686589116
2025-06-18 17:52:26,REAL,2686589116,10246,2686599362,2686599362
2025-06-18 17:52:28,REAL,2686599362,10252,2686609614,2686609614
2025-06-18 17:52:30,REAL,2686609614,10250,2686619864,2686619864
2025-06-18 17:52:32,REAL,2686619864,2802,2686622666,2686622666
2025-06-18 17:52:34,REAL,2686622666,482,2686623148,2686623148
2025-06-18 17:52:36,REAL,2686623148,483,2686623631,2686623631
2025-06-18 17:52:38,REAL,2686623631,484,2686624115,2686624115
2025-06-18 17:52:40,REAL,2686624115,539,2686624654,2686624654
2025-06-18 17:52:42,REAL,2686624654,483,2686625137,2686625137
2025-06-18 17:52:44,REAL,2686625137,485,2686625622,2686625622
2025-06-18 17:52:46,REAL,2686625622,485,2686626107,2686626107
2025-06-18 17:52:48,REAL,2686626107,4396,2686630503,2686630503
2025-06-18 17:52:50,REAL,2686630503,13680,2686644183,2686644183
2025-06-18 17:52:52,REAL,2686644183,10252,2686654435,2686654435
2025-06-18 17:52:54,REAL,2686654435,10321,2686664756,2686664756
2025-06-18 17:52:56,REAL,2686664756,10248,2686675004,2686675004
2025-06-18 17:52:58,REAL,2686675004,10261,2686685265,2686685265
2025-06-18 17:53:00,REAL,2686685265,10257,2686695522,2686695522
2025-06-18 17:53:02,REAL,2686695522,10314,2686705836,2686705836
2025-06-18 17:53:04,REAL,2686705836,2199,2686708035,2686708035
2025-06-18 17:53:06,REAL,2686708035,480,2686708515,2686708515
2025-06-18 17:53:08,REAL,2686708515,484,2686708999,2686708999
2025-06-18 17:53:10,REAL,2686708999,482,2686709481,2686709481
2025-06-18 17:53:12,REAL,2686709481,485,2686709966,2686709966
2025-06-18 17:53:14,REAL,2686709966,484,2686710450,2686710450
2025-06-18 17:53:16,REAL,2686710450,486,2686710936,2686710936
2025-06-18 17:53:18,REAL,2686710936,485,2686711421,2686711421
2025-06-18 17:53:20,REAL,2686711421,482,2686711903,2686711903
2025-06-18 17:53:22,REAL,2686711903,489,2686712392,2686712392
2025-06-18 17:53:24,REAL,2686712392,544,2686712936,2686712936
2025-06-18 17:53:26,REAL,2686712936,479,2686713415,2686713415
2025-06-18 17:53:28,REAL,2686713415,478,2686713893,2686713893
2025-06-18 17:53:30,REAL,2686713893,548,2686714441,2686714441
2025-06-18 17:53:32,REAL,2686714441,487,2686714928,2686714928
2025-06-18 17:53:34,REAL,2686714928,488,2686715416,2686715416
2025-06-18 17:53:36,REAL,2686715416,479,2686715895,2686715895
2025-06-18 17:53:38,REAL,2686715895,486,2686716381,2686716381
2025-06-18 17:53:40,REAL,2686716381,483,2686716864,2686716864
2025-06-18 17:53:42,REAL,2686716864,483,2686717347,2686717347
2025-06-18 17:53:44,REAL,2686717347,487,2686717834,2686717834
2025-06-18 17:53:46,REAL,2686717834,537,2686718371,2686718371
2025-06-18 17:53:48,REAL,2686718371,489,2686718860,2686718860
2025-06-18 17:53:50,REAL,2686718860,475,2686719335,2686719335
2025-06-18 17:53:52,REAL,2686719335,488,2686719823,2686719823
2025-06-18 17:53:54,REAL,2686719823,487,2686720310,2686720310
2025-06-18 17:53:56,REAL,2686720310,482,2686720792,2686720792
2025-06-18 17:53:58,REAL,2686720792,491,2686721283,2686721283
2025-06-18 17:54:00,REAL,2686721283,481,2686721764,2686721764
2025-06-18 17:54:02,REAL,2686721764,484,2686722248,2686722248
2025-06-18 17:54:04,REAL,2686722248,489,2686722737,2686722737
2025-06-18 17:54:06,REAL,2686722737,483,2686723220,2686723220
2025-06-18 17:54:08,REAL,2686723220,532,2686723752,2686723752
2025-06-18 17:54:10,REAL,2686723752,532,2686724284,2686724284
2025-06-18 17:54:12,REAL,2686724284,482,2686724766,2686724766
2025-06-18 17:54:14,REAL,2686724766,474,2686725240,2686725240
2025-06-18 17:54:16,REAL,2686725240,488,2686725728,2686725728
2025-06-18 17:54:18,REAL,2686725728,489,2686726217,2686726217
2025-06-18 17:54:20,REAL,2686726217,488,2686726705,2686726705
2025-06-18 17:54:22,REAL,2686726705,479,2686727184,2686727184
2025-06-18 17:54:24,REAL,2686727184,476,2686727660,2686727660
2025-06-18 17:54:26,REAL,2686727660,480,2686728140,2686728140
2025-06-18 17:54:28,REAL,2686728140,484,2686728624,2686728624
2025-06-18 17:54:30,REAL,2686728624,546,2686729170,2686729170
2025-06-18 17:54:32,REAL,2686729170,486,2686729656,2686729656
2025-06-18 17:54:34,REAL,2686729656,480,2686730136,2686730136
2025-06-18 17:54:36,REAL,2686730136,476,2686730612,2686730612
2025-06-18 17:54:38,REAL,2686730612,483,2686731095,2686731095
2025-06-18 17:54:40,REAL,2686731095,6826,2686737921,2686737921
2025-06-18 17:54:42,REAL,2686737921,10714,2686748635,2686748635
2025-06-18 17:54:44,REAL,2686748635,10184,2686758819,2686758819
2025-06-18 17:54:46,REAL,2686758819,10245,2686769064,2686769064
2025-06-18 17:54:48,REAL,2686769064,10320,2686779384,2686779384
2025-06-18 17:54:50,REAL,2686779384,10254,2686789638,2686789638
2025-06-18 17:54:52,REAL,2686789638,10314,2686799952,2686799952
2025-06-18 17:54:54,REAL,2686799952,9790,2686809742,2686809742
2025-06-18 17:54:56,REAL,2686809742,477,2686810219,2686810219
2025-06-18 17:54:58,REAL,2686810219,483,2686810702,2686810702
2025-06-18 17:55:00,REAL,2686810702,487,2686811189,2686811189
2025-06-18 17:55:02,REAL,2686811189,483,2686811672,2686811672
2025-06-18 17:55:04,REAL,2686811672,488,2686812160,2686812160
2025-06-18 17:55:06,REAL,2686812160,479,2686812639,2686812639
2025-06-18 17:55:08,REAL,2686812639,480,2686813119,2686813119
2025-06-18 17:55:10,REAL,2686813119,488,2686813607,2686813607
2025-06-18 17:55:12,REAL,2686813607,9662,2686823269,2686823269
2025-06-18 17:55:14,REAL,2686823269,12355,2686835624,2686835624
2025-06-18 17:55:16,REAL,2686835624,10315,2686845939,2686845939
2025-06-18 17:55:18,REAL,2686845939,10244,2686856183,2686856183
2025-06-18 17:55:20,REAL,2686856183,10248,2686866431,2686866431
2025-06-18 17:55:22,REAL,2686866431,10322,2686876753,2686876753
2025-06-18 17:55:24,REAL,2686876753,10251,2686887004,2686887004
2025-06-18 17:55:26,REAL,2686887004,9133,2686896137,2686896137
2025-06-18 17:55:28,REAL,2686896137,486,2686896623,2686896623
2025-06-18 17:55:30,REAL,2686896623,489,2686897112,2686897112
2025-06-18 17:55:32,REAL,2686897112,485,2686897597,2686897597
2025-06-18 17:55:34,REAL,2686897597,485,2686898082,2686898082
2025-06-18 17:55:36,REAL,2686898082,540,2686898622,2686898622
2025-06-18 17:55:38,REAL,2686898622,485,2686899107,2686899107
2025-06-18 17:55:40,REAL,2686899107,481,2686899588,2686899588
2025-06-18 17:55:42,REAL,2686899588,479,2686900067,2686900067
2025-06-18 17:55:44,REAL,2686900067,8348,2686908415,2686908415
2025-06-18 17:55:46,REAL,2686908415,10917,2686919332,2686919332
2025-06-18 17:55:48,REAL,2686919332,10251,2686929583,2686929583
2025-06-18 17:55:50,REAL,2686929583,10317,2686939900,2686939900
2025-06-18 17:55:52,REAL,2686939900,10247,2686950147,2686950147
2025-06-18 17:55:54,REAL,2686950147,10261,2686960408,2686960408
2025-06-18 17:55:56,REAL,2686960408,10250,2686970658,2686970658
2025-06-18 17:55:58,REAL,2686970658,8520,2686979178,2686979178
2025-06-18 17:56:00,REAL,2686979178,493,2686979671,2686979671
2025-06-18 17:56:02,REAL,2686979671,483,2686980154,2686980154
2025-06-18 17:56:04,REAL,2686980154,483,2686980637,2686980637
2025-06-18 17:56:06,REAL,2686980637,493,2686981130,2686981130
2025-06-18 17:56:08,REAL,2686981130,490,2686981620,2686981620
2025-06-18 17:56:10,REAL,2686981620,485,2686982105,2686982105
2025-06-18 17:56:12,REAL,2686982105,477,2686982582,2686982582
2025-06-18 17:56:14,REAL,2686982582,492,2686983074,2686983074
2025-06-18 17:56:16,REAL,2686983074,11589,2686994663,2686994663
2025-06-18 17:56:18,REAL,2686994663,10519,2687005182,2687005182
2025-06-18 17:56:20,REAL,2687005182,10253,2687015435,2687015435
2025-06-18 17:56:22,REAL,2687015435,10248,2687025683,2687025683
2025-06-18 17:56:24,REAL,2687025683,10320,2687036003,2687036003
2025-06-18 17:56:26,REAL,2687036003,10257,2687046260,2687046260
2025-06-18 17:56:28,REAL,2687046260,10257,2687056517,2687056517
2025-06-18 17:56:30,REAL,2687056517,7872,2687064389,2687064389
2025-06-18 17:56:32,REAL,2687064389,479,2687064868,2687064868
2025-06-18 17:56:34,REAL,2687064868,536,2687065404,2687065404
2025-06-18 17:56:36,REAL,2687065404,488,2687065892,2687065892
2025-06-18 17:56:38,REAL,2687065892,483,2687066375,2687066375
2025-06-18 17:56:40,REAL,2687066375,484,2687066859,2687066859
2025-06-18 17:56:42,REAL,2687066859,488,2687067347,2687067347
2025-06-18 17:56:44,REAL,2687067347,480,2687067827,2687067827
2025-06-18 17:56:46,REAL,2687067827,491,2687068318,2687068318
2025-06-18 17:56:48,REAL,2687068318,9737,2687078055,2687078055
2025-06-18 17:56:50,REAL,2687078055,10442,2687088497,2687088497
2025-06-18 17:56:52,REAL,2687088497,10253,2687098750,2687098750
2025-06-18 17:56:54,REAL,2687098750,10253,2687109003,2687109003
2025-06-18 17:56:56,REAL,2687109003,10316,2687119319,2687119319
2025-06-18 17:56:58,REAL,2687119319,10251,2687129570,2687129570
2025-06-18 17:57:00,REAL,2687129570,10252,2687139822,2687139822
2025-06-18 17:57:02,REAL,2687139822,7348,2687147170,2687147170
2025-06-18 17:57:04,REAL,2687147170,485,2687147655,2687147655
2025-06-18 17:57:06,REAL,2687147655,475,2687148130,2687148130
2025-06-18 17:57:08,REAL,2687148130,484,2687148614,2687148614
2025-06-18 17:57:10,REAL,2687148614,485,2687149099,2687149099
2025-06-18 17:57:12,REAL,2687149099,537,2687149636,2687149636
2025-06-18 17:57:14,REAL,2687149636,484,2687150120,2687150120
2025-06-18 17:57:16,REAL,2687150120,484,2687150604,2687150604
2025-06-18 17:57:18,REAL,2687150604,247,2687150851,2687150851
2025-06-18 17:57:20,REAL,2687150851,10790,2687161641,2687161641
2025-06-18 17:57:22,REAL,2687161641,10384,2687172025,2687172025
2025-06-18 17:57:24,REAL,2687172025,10251,2687182276,2687182276
2025-06-18 17:57:26,REAL,2687182276,10323,2687192599,2687192599
2025-06-18 17:57:28,REAL,2687192599,10250,2687202849,2687202849
2025-06-18 17:57:30,REAL,2687202849,10246,2687213095,2687213095
2025-06-18 17:57:32,REAL,2687213095,10320,2687223415,2687223415
2025-06-18 17:57:34,REAL,2687223415,6618,2687230033,2687230033
2025-06-18 17:57:36,REAL,2687230033,484,2687230517,2687230517
2025-06-18 17:57:38,REAL,2687230517,489,2687231006,2687231006
2025-06-18 17:57:40,REAL,2687231006,489,2687231495,2687231495
2025-06-18 17:57:42,REAL,2687231495,481,2687231976,2687231976
2025-06-18 17:57:44,REAL,2687231976,483,2687232459,2687232459
2025-06-18 17:57:46,REAL,2687232459,492,2687232951,2687232951
2025-06-18 17:57:48,REAL,2687232951,488,2687233439,2687233439
2025-06-18 17:57:50,REAL,2687233439,535,2687233974,2687233974
2025-06-18 17:57:52,REAL,2687233974,11385,2687245359,2687245359
2025-06-18 17:57:54,REAL,2687245359,10258,2687255617,2687255617
2025-06-18 17:57:56,REAL,2687255617,10314,2687265931,2687265931
2025-06-18 17:57:58,REAL,2687265931,10254,2687276185,2687276185
2025-06-18 17:58:00,REAL,2687276185,10315,2687286500,2687286500
2025-06-18 17:58:02,REAL,2687286500,10258,2687296758,2687296758
2025-06-18 17:58:04,REAL,2687296758,10319,2687307077,2687307077
2025-06-18 17:58:06,REAL,2687307077,5964,2687313041,2687313041
2025-06-18 17:58:08,REAL,2687313041,483,2687313524,2687313524
2025-06-18 17:58:10,REAL,2687313524,490,2687314014,2687314014
2025-06-18 17:58:12,REAL,2687314014,477,2687314491,2687314491
2025-06-18 17:58:14,REAL,2687314491,488,2687314979,2687314979
2025-06-18 17:58:16,REAL,2687314979,479,2687315458,2687315458
2025-06-18 17:58:18,REAL,2687315458,492,2687315950,2687315950
2025-06-18 17:58:20,REAL,2687315950,493,2687316443,2687316443
2025-06-18 17:58:22,REAL,2687316443,482,2687316925,2687316925
2025-06-18 17:58:24,REAL,2687316925,12231,2687329156,2687329156
2025-06-18 17:58:26,REAL,2687329156,10302,2687339458,2687339458
2025-06-18 17:58:28,REAL,2687339458,10316,2687349774,2687349774
2025-06-18 17:58:30,REAL,2687349774,10254,2687360028,2687360028
2025-06-18 17:58:32,REAL,2687360028,10252,2687370280,2687370280
2025-06-18 17:58:34,REAL,2687370280,10257,2687380537,2687380537
2025-06-18 17:58:36,REAL,2687380537,10319,2687390856,2687390856
2025-06-18 17:58:38,REAL,2687390856,5429,2687396285,2687396285
2025-06-18 17:58:40,REAL,2687396285,482,2687396767,2687396767
2025-06-18 17:58:42,REAL,2687396767,482,2687397249,2687397249
2025-06-18 17:58:44,REAL,2687397249,488,2687397737,2687397737
2025-06-18 17:58:46,REAL,2687397737,488,2687398225,2687398225
2025-06-18 17:58:48,REAL,2687398225,492,2687398717,2687398717
2025-06-18 17:58:50,REAL,2687398717,483,2687399200,2687399200
2025-06-18 17:58:52,REAL,2687399200,482,2687399682,2687399682
2025-06-18 17:58:54,REAL,2687399682,955,2687400637,2687400637
2025-06-18 17:58:56,REAL,2687400637,12036,2687412673,2687412673
2025-06-18 17:58:58,REAL,2687412673,10316,2687422989,2687422989
2025-06-18 17:59:00,REAL,2687422989,10242,2687433231,2687433231
2025-06-18 17:59:02,REAL,2687433231,10378,2687443609,2687443609
2025-06-18 17:59:04,REAL,2687443609,10257,2687453866,2687453866
2025-06-18 17:59:06,REAL,2687453866,10328,2687464194,2687464194
2025-06-18 17:59:08,REAL,2687464194,10256,2687474450,2687474450
2025-06-18 17:59:10,REAL,2687474450,4772,2687479222,2687479222
2025-06-18 17:59:12,REAL,2687479222,489,2687479711,2687479711
2025-06-18 17:59:14,REAL,2687479711,489,2687480200,2687480200
2025-06-18 17:59:16,REAL,2687480200,486,2687480686,2687480686
2025-06-18 17:59:18,REAL,2687480686,485,2687481171,2687481171
2025-06-18 17:59:20,REAL,2687481171,481,2687481652,2687481652
2025-06-18 17:59:22,REAL,2687481652,487,2687482139,2687482139
2025-06-18 17:59:24,REAL,2687482139,487,2687482626,2687482626
2025-06-18 17:59:26,REAL,2687482626,486,2687483112,2687483112
2025-06-18 17:59:28,REAL,2687483112,487,2687483599,2687483599
2025-06-18 17:59:30,REAL,2687483599,488,2687484087,2687484087
2025-06-18 17:59:32,REAL,2687484087,482,2687484569,2687484569
2025-06-18 17:59:34,REAL,2687484569,476,2687485045,2687485045
2025-06-18 17:59:36,REAL,2687485045,536,2687485581,2687485581
2025-06-18 17:59:38,REAL,2687485581,479,2687486060,2687486060
2025-06-18 17:59:40,REAL,2687486060,538,2687486598,2687486598
2025-06-18 17:59:42,REAL,2687486598,477,2687487075,2687487075
2025-06-18 17:59:44,REAL,2687487075,483,2687487558,2687487558
2025-06-18 17:59:46,REAL,2687487558,484,2687488042,2687488042
2025-06-18 17:59:48,REAL,2687488042,485,2687488527,2687488527
2025-06-18 17:59:50,REAL,2687488527,482,2687489009,2687489009
2025-06-18 17:59:52,REAL,2687489009,484,2687489493,2687489493
2025-06-18 17:59:54,REAL,2687489493,483,2687489976,2687489976
2025-06-18 17:59:56,REAL,2687489976,487,2687490463,2687490463
2025-06-18 17:59:58,REAL,2687490463,487,2687490950,2687490950
2025-06-18 18:00:00,REAL,2687490950,484,2687491434,2687491434
2025-06-18 18:00:02,REAL,2687491434,477,2687491911,2687491911
2025-06-18 18:00:04,REAL,2687491911,492,2687492403,2687492403
2025-06-18 18:00:06,REAL,2687492403,487,2687492890,2687492890
2025-06-18 18:00:08,REAL,2687492890,484,2687493374,2687493374
2025-06-18 18:00:10,REAL,2687493374,479,2687493853,2687493853
2025-06-18 18:00:12,REAL,2687493853,484,2687494337,2687494337
2025-06-18 18:00:14,REAL,2687494337,492,2687494829,2687494829
2025-06-18 18:00:16,REAL,2687494829,535,2687495364,2687495364
2025-06-18 18:00:18,REAL,2687495364,543,2687495907,2687495907
2025-06-18 18:00:20,REAL,2687495907,482,2687496389,2687496389
2025-06-18 18:00:22,REAL,2687496389,482,2687496871,2687496871
2025-06-18 18:00:24,REAL,2687496871,481,2687497352,2687497352
2025-06-18 18:00:26,REAL,2687497352,480,2687497832,2687497832
2025-06-18 18:00:28,REAL,2687497832,486,2687498318,2687498318
2025-06-18 18:00:30,REAL,2687498318,482,2687498800,2687498800
2025-06-18 18:00:32,REAL,2687498800,488,2687499288,2687499288
2025-06-18 18:00:34,REAL,2687499288,487,2687499775,2687499775
2025-06-18 18:00:36,REAL,2687499775,487,2687500262,2687500262
2025-06-18 18:00:38,REAL,2687500262,479,2687500741,2687500741
2025-06-18 18:00:40,REAL,2687500741,487,2687501228,2687501228
2025-06-18 18:00:42,REAL,2687501228,483,2687501711,2687501711
2025-06-18 18:00:44,REAL,2687501711,490,2687502201,2687502201
2025-06-18 18:00:46,REAL,2687502201,479,2687502680,2687502680
2025-06-18 18:00:48,REAL,2687502680,476,2687503156,2687503156
2025-06-18 18:00:50,REAL,2687503156,483,2687503639,2687503639
2025-06-18 18:00:52,REAL,2687503639,476,2687504115,2687504115
2025-06-18 18:00:54,REAL,2687504115,531,2687504646,2687504646
2025-06-18 18:00:56,REAL,2687504646,487,2687505133,2687505133
2025-06-18 18:00:58,REAL,2687505133,537,2687505670,2687505670
2025-06-18 18:01:00,REAL,2687505670,486,2687506156,2687506156
2025-06-18 18:01:02,REAL,2687506156,475,2687506631,2687506631
2025-06-18 18:01:04,REAL,2687506631,484,2687507115,2687507115
2025-06-18 18:01:06,REAL,2687507115,477,2687507592,2687507592
2025-06-18 18:01:08,REAL,2687507592,479,2687508071,2687508071
2025-06-18 18:01:10,REAL,2687508071,477,2687508548,2687508548
2025-06-18 18:01:12,REAL,2687508548,487,2687509035,2687509035
2025-06-18 18:01:14,REAL,2687509035,489,2687509524,2687509524
2025-06-18 18:01:16,REAL,2687509524,483,2687510007,2687510007
2025-06-18 18:01:18,REAL,2687510007,491,2687510498,2687510498
2025-06-18 18:01:20,REAL,2687510498,481,2687510979,2687510979
2025-06-18 18:01:22,REAL,2687510979,489,2687511468,2687511468
2025-06-18 18:01:24,REAL,2687511468,491,2687511959,2687511959
2025-06-18 18:01:26,REAL,2687511959,484,2687512443,2687512443
2025-06-18 18:01:28,REAL,2687512443,484,2687512927,2687512927
2025-06-18 18:01:30,REAL,2687512927,487,2687513414,2687513414
2025-06-18 18:01:32,REAL,2687513414,482,2687513896,2687513896
2025-06-18 18:01:34,REAL,2687513896,480,2687514376,2687514376
2025-06-18 18:01:36,REAL,2687514376,540,2687514916,2687514916
2025-06-18 18:01:38,REAL,2687514916,478,2687515394,2687515394
2025-06-18 18:01:40,REAL,2687515394,544,2687515938,2687515938
2025-06-18 18:01:42,REAL,2687515938,481,2687516419,2687516419
2025-06-18 18:01:44,REAL,2687516419,490,2687516909,2687516909
2025-06-18 18:01:46,REAL,2687516909,489,2687517398,2687517398
2025-06-18 18:01:48,REAL,2687517398,487,2687517885,2687517885
2025-06-18 18:01:50,REAL,2687517885,494,2687518379,2687518379
2025-06-18 18:01:52,REAL,2687518379,477,2687518856,2687518856
2025-06-18 18:01:54,REAL,2687518856,490,2687519346,2687519346
2025-06-18 18:01:56,REAL,2687519346,483,2687519829,2687519829
2025-06-18 18:01:58,REAL,2687519829,481,2687520310,2687520310
2025-06-18 18:02:00,REAL,2687520310,487,2687520797,2687520797
2025-06-18 18:02:02,REAL,2687520797,492,2687521289,2687521289
2025-06-18 18:02:04,REAL,2687521289,480,2687521769,2687521769
2025-06-18 18:02:06,REAL,2687521769,486,2687522255,2687522255
2025-06-18 18:02:08,REAL,2687522255,485,2687522740,2687522740
2025-06-18 18:02:10,REAL,2687522740,475,2687523215,2687523215
2025-06-18 18:02:12,REAL,2687523215,484,2687523699,2687523699
2025-06-18 18:02:14,REAL,2687523699,478,2687524177,2687524177
2025-06-18 18:02:16,REAL,2687524177,477,2687524654,2687524654
2025-06-18 18:02:18,REAL,2687524654,480,2687525134,2687525134
2025-06-18 18:02:20,REAL,2687525134,601,2687525735,2687525735
2025-06-18 18:02:22,REAL,2687525735,6501,2687532236,2687532236
2025-06-18 18:02:24,REAL,2687532236,12829,2687545065,2687545065
2025-06-18 18:02:26,REAL,2687545065,10322,2687555387,2687555387
2025-06-18 18:02:28,REAL,2687555387,10315,2687565702,2687565702
2025-06-18 18:02:30,REAL,2687565702,10247,2687575949,2687575949
2025-06-18 18:02:32,REAL,2687575949,10257,2687586206,2687586206
2025-06-18 18:02:34,REAL,2687586206,10310,2687596516,2687596516
2025-06-18 18:02:36,REAL,2687596516,10255,2687606771,2687606771
2025-06-18 18:02:38,REAL,2687606771,748,2687607519,2687607519
2025-06-18 18:02:40,REAL,2687607519,488,2687608007,2687608007
2025-06-18 18:02:42,REAL,2687608007,492,2687608499,2687608499
2025-06-18 18:02:44,REAL,2687608499,486,2687608985,2687608985
2025-06-18 18:02:46,REAL,2687608985,494,2687609479,2687609479
2025-06-18 18:02:48,REAL,2687609479,475,2687609954,2687609954
2025-06-18 18:02:50,REAL,2687609954,475,2687610429,2687610429
2025-06-18 18:02:52,REAL,2687610429,478,2687610907,2687610907
2025-06-18 18:02:54,REAL,2687610907,7088,2687617995,2687617995
2025-06-18 18:02:56,REAL,2687617995,11109,2687629104,2687629104
2025-06-18 18:02:58,REAL,2687629104,10258,2687639362,2687639362
2025-06-18 18:03:00,REAL,2687639362,10259,2687649621,2687649621
2025-06-18 18:03:02,REAL,2687649621,10314,2687659935,2687659935
2025-06-18 18:03:04,REAL,2687659935,10318,2687670253,2687670253
2025-06-18 18:03:06,REAL,2687670253,10252,2687680505,2687680505
2025-06-18 18:03:08,REAL,2687680505,9856,2687690361,2687690361
2025-06-18 18:03:10,REAL,2687690361,493,2687690854,2687690854
2025-06-18 18:03:12,REAL,2687690854,488,2687691342,2687691342
2025-06-18 18:03:14,REAL,2687691342,477,2687691819,2687691819
2025-06-18 18:03:16,REAL,2687691819,481,2687692300,2687692300
2025-06-18 18:03:18,REAL,2687692300,478,2687692778,2687692778
2025-06-18 18:03:20,REAL,2687692778,480,2687693258,2687693258
2025-06-18 18:03:22,REAL,2687693258,482,2687693740,2687693740
2025-06-18 18:03:24,REAL,2687693740,484,2687694224,2687694224
2025-06-18 18:03:26,REAL,2687694224,8681,2687702905,2687702905
2025-06-18 18:03:28,REAL,2687702905,12157,2687715062,2687715062
2025-06-18 18:03:30,REAL,2687715062,10324,2687725386,2687725386
2025-06-18 18:03:32,REAL,2687725386,10244,2687735630,2687735630
2025-06-18 18:03:34,REAL,2687735630,10251,2687745881,2687745881
2025-06-18 18:03:36,REAL,2687745881,10327,2687756208,2687756208
2025-06-18 18:03:38,REAL,2687756208,10254,2687766462,2687766462
2025-06-18 18:03:40,REAL,2687766462,9264,2687775726,2687775726
2025-06-18 18:03:42,REAL,2687775726,483,2687776209,2687776209
2025-06-18 18:03:44,REAL,2687776209,482,2687776691,2687776691
2025-06-18 18:03:46,REAL,2687776691,539,2687777230,2687777230
2025-06-18 18:03:48,REAL,2687777230,492,2687777722,2687777722
2025-06-18 18:03:50,REAL,2687777722,482,2687778204,2687778204
2025-06-18 18:03:52,REAL,2687778204,484,2687778688,2687778688
2025-06-18 18:03:54,REAL,2687778688,492,2687779180,2687779180
2025-06-18 18:03:56,REAL,2687779180,487,2687779667,2687779667
2025-06-18 18:03:58,REAL,2687779667,478,2687780145,2687780145
2025-06-18 18:04:00,REAL,2687780145,487,2687780632,2687780632
2025-06-18 18:04:02,REAL,2687780632,475,2687781107,2687781107
2025-06-18 18:04:04,REAL,2687781107,490,2687781597,2687781597
2025-06-18 18:04:06,REAL,2687781597,540,2687782137,2687782137
2025-06-18 18:04:08,REAL,2687782137,484,2687782621,2687782621
2025-06-18 18:04:10,REAL,2687782621,486,2687783107,2687783107
2025-06-18 18:04:12,REAL,2687783107,482,2687783589,2687783589
2025-06-18 18:04:14,REAL,2687783589,487,2687784076,2687784076
2025-06-18 18:04:16,REAL,2687784076,484,2687784560,2687784560
2025-06-18 18:04:18,REAL,2687784560,490,2687785050,2687785050
2025-06-18 18:04:20,REAL,2687785050,484,2687785534,2687785534
2025-06-18 18:04:22,REAL,2687785534,489,2687786023,2687786023
2025-06-18 18:04:24,REAL,2687786023,479,2687786502,2687786502
2025-06-18 18:04:26,REAL,2687786502,485,2687786987,2687786987
2025-06-18 18:04:28,REAL,2687786987,543,2687787530,2687787530
2025-06-18 18:04:30,REAL,2687787530,485,2687788015,2687788015
2025-06-18 18:04:32,REAL,2687788015,489,2687788504,2687788504
2025-06-18 18:04:34,REAL,2687788504,485,2687788989,2687788989
2025-06-18 18:04:36,REAL,2687788989,484,2687789473,2687789473
2025-06-18 18:04:38,REAL,2687789473,490,2687789963,2687789963
2025-06-18 18:04:40,REAL,2687789963,488,2687790451,2687790451
2025-06-18 18:04:42,REAL,2687790451,483,2687790934,2687790934
2025-06-18 18:04:44,REAL,2687790934,482,2687791416,2687791416
2025-06-18 18:04:46,REAL,2687791416,489,2687791905,2687791905
2025-06-18 18:04:48,REAL,2687791905,539,2687792444,2687792444
2025-06-18 18:04:50,REAL,2687792444,485,2687792929,2687792929
2025-06-18 18:04:52,REAL,2687792929,486,2687793415,2687793415
2025-06-18 18:04:54,REAL,2687793415,482,2687793897,2687793897
2025-06-18 18:04:56,REAL,2687793897,485,2687794382,2687794382
2025-06-18 18:04:58,REAL,2687794382,481,2687794863,2687794863
2025-06-18 18:05:00,REAL,2687794863,493,2687795356,2687795356
2025-06-18 18:05:02,REAL,2687795356,9669,2687805025,2687805025
2025-06-18 18:05:04,REAL,2687805025,11307,2687816332,2687816332
2025-06-18 18:05:06,REAL,2687816332,9395,2687825727,2687825727
2025-06-18 18:05:08,REAL,2687825727,10250,2687835977,2687835977
2025-06-18 18:05:10,REAL,2687835977,10373,2687846350,2687846350
2025-06-18 18:05:12,REAL,2687846350,10243,2687856593,2687856593
2025-06-18 18:05:14,REAL,2687856593,10317,2687866910,2687866910
2025-06-18 18:05:16,REAL,2687866910,7346,2687874256,2687874256
2025-06-18 18:05:18,REAL,2687874256,493,2687874749,2687874749
2025-06-18 18:05:20,REAL,2687874749,484,2687875233,2687875233
2025-06-18 18:05:22,REAL,2687875233,482,2687875715,2687875715
2025-06-18 18:05:24,REAL,2687875715,478,2687876193,2687876193
2025-06-18 18:05:26,REAL,2687876193,475,2687876668,2687876668
2025-06-18 18:05:28,REAL,2687876668,482,2687877150,2687877150
2025-06-18 18:05:30,REAL,2687877150,477,2687877627,2687877627
2025-06-18 18:05:32,REAL,2687877627,486,2687878113,2687878113
2025-06-18 18:05:34,REAL,2687878113,12836,2687890949,2687890949
2025-06-18 18:05:36,REAL,2687890949,10646,2687901595,2687901595
2025-06-18 18:05:38,REAL,2687901595,10257,2687911852,2687911852
2025-06-18 18:05:40,REAL,2687911852,10323,2687922175,2687922175
2025-06-18 18:05:42,REAL,2687922175,10251,2687932426,2687932426
2025-06-18 18:05:44,REAL,2687932426,10320,2687942746,2687942746
2025-06-18 18:05:46,REAL,2687942746,10252,2687952998,2687952998
2025-06-18 18:05:48,REAL,2687952998,6746,2687959744,2687959744
2025-06-18 18:05:50,REAL,2687959744,486,2687960230,2687960230
2025-06-18 18:05:52,REAL,2687960230,490,2687960720,2687960720
2025-06-18 18:05:54,REAL,2687960720,539,2687961259,2687961259
2025-06-18 18:05:56,REAL,2687961259,486,2687961745,2687961745
2025-06-18 18:05:58,REAL,2687961745,482,2687962227,2687962227
2025-06-18 18:06:00,REAL,2687962227,486,2687962713,2687962713
2025-06-18 18:06:02,REAL,2687962713,482,2687963195,2687963195
2025-06-18 18:06:04,REAL,2687963195,477,2687963672,2687963672
2025-06-18 18:06:06,REAL,2687963672,11576,2687975248,2687975248
2025-06-18 18:06:08,REAL,2687975248,10247,2687985495,2687985495
2025-06-18 18:06:10,REAL,2687985495,10254,2687995749,2687995749
2025-06-18 18:06:12,REAL,2687995749,10311,2688006060,2688006060
2025-06-18 18:06:14,REAL,2688006060,10245,2688016305,2688016305
2025-06-18 18:06:16,REAL,2688016305,10258,2688026563,2688026563
2025-06-18 18:06:18,REAL,2688026563,10326,2688036889,2688036889
2025-06-18 18:06:20,REAL,2688036889,6101,2688042990,2688042990
2025-06-18 18:06:22,REAL,2688042990,486,2688043476,2688043476
2025-06-18 18:06:24,REAL,2688043476,492,2688043968,2688043968
2025-06-18 18:06:26,REAL,2688043968,475,2688044443,2688044443
2025-06-18 18:06:28,REAL,2688044443,485,2688044928,2688044928
2025-06-18 18:06:30,REAL,2688044928,485,2688045413,2688045413
2025-06-18 18:06:32,REAL,2688045413,483,2688045896,2688045896
2025-06-18 18:06:34,REAL,2688045896,483,2688046379,2688046379
2025-06-18 18:06:36,REAL,2688046379,542,2688046921,2688046921
2025-06-18 18:06:38,REAL,2688046921,11711,2688058632,2688058632
2025-06-18 18:06:40,REAL,2688058632,10322,2688068954,2688068954
2025-06-18 18:06:42,REAL,2688068954,10251,2688079205,2688079205
2025-06-18 18:06:44,REAL,2688079205,10247,2688089452,2688089452
2025-06-18 18:06:46,REAL,2688089452,10315,2688099767,2688099767
2025-06-18 18:06:48,REAL,2688099767,10245,2688110012,2688110012
2025-06-18 18:06:50,REAL,2688110012,10254,2688120266,2688120266
2025-06-18 18:06:52,REAL,2688120266,5494,2688125760,2688125760
2025-06-18 18:06:54,REAL,2688125760,488,2688126248,2688126248
2025-06-18 18:06:56,REAL,2688126248,485,2688126733,2688126733
2025-06-18 18:06:58,REAL,2688126733,480,2688127213,2688127213
2025-06-18 18:07:00,REAL,2688127213,481,2688127694,2688127694
2025-06-18 18:07:02,REAL,2688127694,488,2688128182,2688128182
2025-06-18 18:07:04,REAL,2688128182,477,2688128659,2688128659
2025-06-18 18:07:06,REAL,2688128659,533,2688129192,2688129192
2025-06-18 18:07:08,REAL,2688129192,831,2688130023,2688130023
2025-06-18 18:07:10,REAL,2688130023,11840,2688141863,2688141863
2025-06-18 18:07:12,REAL,2688141863,10248,2688152111,2688152111
2025-06-18 18:07:14,REAL,2688152111,10328,2688162439,2688162439
2025-06-18 18:07:16,REAL,2688162439,10252,2688172691,2688172691
2025-06-18 18:07:18,REAL,2688172691,10323,2688183014,2688183014
2025-06-18 18:07:20,REAL,2688183014,10251,2688193265,2688193265
2025-06-18 18:07:22,REAL,2688193265,10249,2688203514,2688203514
2025-06-18 18:07:24,REAL,2688203514,4906,2688208420,2688208420
2025-06-18 18:07:26,REAL,2688208420,487,2688208907,2688208907
2025-06-18 18:07:28,REAL,2688208907,483,2688209390,2688209390
2025-06-18 18:07:30,REAL,2688209390,488,2688209878,2688209878
2025-06-18 18:07:32,REAL,2688209878,477,2688210355,2688210355
2025-06-18 18:07:34,REAL,2688210355,545,2688210900,2688210900
2025-06-18 18:07:36,REAL,2688210900,482,2688211382,2688211382
2025-06-18 18:07:38,REAL,2688211382,479,2688211861,2688211861
2025-06-18 18:07:40,REAL,2688211861,1741,2688213602,2688213602
2025-06-18 18:07:42,REAL,2688213602,11441,2688225043,2688225043
2025-06-18 18:07:44,REAL,2688225043,10248,2688235291,2688235291
2025-06-18 18:07:46,REAL,2688235291,10320,2688245611,2688245611
2025-06-18 18:07:48,REAL,2688245611,10256,2688255867,2688255867
2025-06-18 18:07:50,REAL,2688255867,10257,2688266124,2688266124
2025-06-18 18:07:52,REAL,2688266124,10247,2688276371,2688276371
2025-06-18 18:07:54,REAL,2688276371,10252,2688286623,2688286623
2025-06-18 18:07:56,REAL,2688286623,4237,2688290860,2688290860
2025-06-18 18:07:58,REAL,2688290860,482,2688291342,2688291342
2025-06-18 18:08:00,REAL,2688291342,485,2688291827,2688291827
2025-06-18 18:08:02,REAL,2688291827,538,2688292365,2688292365
2025-06-18 18:08:04,REAL,2688292365,484,2688292849,2688292849
2025-06-18 18:08:06,REAL,2688292849,487,2688293336,2688293336
2025-06-18 18:08:08,REAL,2688293336,480,2688293816,2688293816
2025-06-18 18:08:10,REAL,2688293816,487,2688294303,2688294303
2025-06-18 18:08:12,REAL,2688294303,486,2688294789,2688294789
2025-06-18 18:08:14,REAL,2688294789,482,2688295271,2688295271
2025-06-18 18:08:16,REAL,2688295271,487,2688295758,2688295758
2025-06-18 18:08:18,REAL,2688295758,490,2688296248,2688296248
2025-06-18 18:08:20,REAL,2688296248,482,2688296730,2688296730
2025-06-18 18:08:22,REAL,2688296730,487,2688297217,2688297217
2025-06-18 18:08:24,REAL,2688297217,483,2688297700,2688297700
2025-06-18 18:08:26,REAL,2688297700,482,2688298182,2688298182
2025-06-18 18:08:28,REAL,2688298182,548,2688298730,2688298730
2025-06-18 18:08:30,REAL,2688298730,480,2688299210,2688299210
2025-06-18 18:08:32,REAL,2688299210,540,2688299750,2688299750
2025-06-18 18:08:34,REAL,2688299750,486,2688300236,2688300236
2025-06-18 18:08:36,REAL,2688300236,484,2688300720,2688300720
2025-06-18 18:08:38,REAL,2688300720,488,2688301208,2688301208
2025-06-18 18:08:40,REAL,2688301208,483,2688301691,2688301691
2025-06-18 18:08:42,REAL,2688301691,480,2688302171,2688302171
2025-06-18 18:08:44,REAL,2688302171,3401,2688305572,2688305572
2025-06-18 18:08:46,REAL,2688305572,15063,2688320635,2688320635
2025-06-18 18:08:48,REAL,2688320635,10246,2688330881,2688330881
2025-06-18 18:08:50,REAL,2688330881,10313,2688341194,2688341194
2025-06-18 18:08:52,REAL,2688341194,10249,2688351443,2688351443
2025-06-18 18:08:54,REAL,2688351443,10251,2688361694,2688361694
2025-06-18 18:08:56,REAL,2688361694,10323,2688372017,2688372017
2025-06-18 18:08:58,REAL,2688372017,10260,2688382277,2688382277
2025-06-18 18:09:00,REAL,2688382277,3055,2688385332,2688385332
2025-06-18 18:09:02,REAL,2688385332,484,2688385816,2688385816
2025-06-18 18:09:04,REAL,2688385816,486,2688386302,2688386302
2025-06-18 18:09:06,REAL,2688386302,483,2688386785,2688386785
2025-06-18 18:09:08,REAL,2688386785,492,2688387277,2688387277
2025-06-18 18:09:10,REAL,2688387277,489,2688387766,2688387766
2025-06-18 18:09:12,REAL,2688387766,489,2688388255,2688388255
2025-06-18 18:09:14,REAL,2688388255,481,2688388736,2688388736
2025-06-18 18:09:16,REAL,2688388736,483,2688389219,2688389219
2025-06-18 18:09:18,REAL,2688389219,486,2688389705,2688389705
2025-06-18 18:09:20,REAL,2688389705,487,2688390192,2688390192
2025-06-18 18:09:22,REAL,2688390192,486,2688390678,2688390678
2025-06-18 18:09:24,REAL,2688390678,480,2688391158,2688391158
2025-06-18 18:09:26,REAL,2688391158,485,2688391643,2688391643
2025-06-18 18:09:28,REAL,2688391643,537,2688392180,2688392180
2025-06-18 18:09:30,REAL,2688392180,477,2688392657,2688392657
2025-06-18 18:09:32,REAL,2688392657,539,2688393196,2688393196
2025-06-18 18:09:34,REAL,2688393196,480,2688393676,2688393676
2025-06-18 18:09:36,REAL,2688393676,483,2688394159,2688394159
2025-06-18 18:09:38,REAL,2688394159,478,2688394637,2688394637
2025-06-18 18:09:40,REAL,2688394637,489,2688395126,2688395126
2025-06-18 18:09:42,REAL,2688395126,484,2688395610,2688395610
2025-06-18 18:09:44,REAL,2688395610,481,2688396091,2688396091
2025-06-18 18:09:46,REAL,2688396091,486,2688396577,2688396577
2025-06-18 18:09:48,REAL,2688396577,4654,2688401231,2688401231
2025-06-18 18:09:50,REAL,2688401231,11173,2688412404,2688412404
2025-06-18 18:09:52,REAL,2688412404,10248,2688422652,2688422652
2025-06-18 18:09:54,REAL,2688422652,10243,2688432895,2688432895
2025-06-18 18:09:56,REAL,2688432895,10251,2688443146,2688443146
2025-06-18 18:09:58,REAL,2688443146,10368,2688453514,2688453514
2025-06-18 18:10:00,REAL,2688453514,10246,2688463760,2688463760
2025-06-18 18:10:02,REAL,2688463760,10251,2688474011,2688474011
2025-06-18 18:10:04,REAL,2688474011,1738,2688475749,2688475749
2025-06-18 18:10:06,REAL,2688475749,483,2688476232,2688476232
2025-06-18 18:10:08,REAL,2688476232,487,2688476719,2688476719
2025-06-18 18:10:10,REAL,2688476719,475,2688477194,2688477194
2025-06-18 18:10:12,REAL,2688477194,493,2688477687,2688477687
2025-06-18 18:10:14,REAL,2688477687,483,2688478170,2688478170
2025-06-18 18:10:16,REAL,2688478170,487,2688478657,2688478657
2025-06-18 18:10:18,REAL,2688478657,486,2688479143,2688479143
2025-06-18 18:10:20,REAL,2688479143,486,2688479629,2688479629
2025-06-18 18:10:22,REAL,2688479629,474,2688480103,2688480103
2025-06-18 18:10:24,REAL,2688480103,487,2688480590,2688480590
2025-06-18 18:10:26,REAL,2688480590,539,2688481129,2688481129
2025-06-18 18:10:28,REAL,2688481129,482,2688481611,2688481611
2025-06-18 18:10:30,REAL,2688481611,485,2688482096,2688482096
2025-06-18 18:10:32,REAL,2688482096,481,2688482577,2688482577
2025-06-18 18:10:34,REAL,2688482577,475,2688483052,2688483052
2025-06-18 18:10:36,REAL,2688483052,540,2688483592,2688483592
2025-06-18 18:10:38,REAL,2688483592,485,2688484077,2688484077
2025-06-18 18:10:40,REAL,2688484077,486,2688484563,2688484563
2025-06-18 18:10:42,REAL,2688484563,488,2688485051,2688485051
2025-06-18 18:10:44,REAL,2688485051,479,2688485530,2688485530
2025-06-18 18:10:46,REAL,2688485530,483,2688486013,2688486013
2025-06-18 18:10:48,REAL,2688486013,485,2688486498,2688486498
2025-06-18 18:10:50,REAL,2688486498,481,2688486979,2688486979
2025-06-18 18:10:52,REAL,2688486979,479,2688487458,2688487458
2025-06-18 18:10:54,REAL,2688487458,537,2688487995,2688487995
2025-06-18 18:10:56,REAL,2688487995,482,2688488477,2688488477
2025-06-18 18:10:58,REAL,2688488477,489,2688488966,2688488966
2025-06-18 18:11:00,REAL,2688488966,490,2688489456,2688489456
2025-06-18 18:11:02,REAL,2688489456,482,2688489938,2688489938
2025-06-18 18:11:04,REAL,2688489938,481,2688490419,2688490419
2025-06-18 18:11:06,REAL,2688490419,481,2688490900,2688490900
2025-06-18 18:11:08,REAL,2688490900,489,2688491389,2688491389
2025-06-18 18:11:10,REAL,2688491389,483,2688491872,2688491872
2025-06-18 18:11:12,REAL,2688491872,479,2688492351,2688492351
2025-06-18 18:11:14,REAL,2688492351,480,2688492831,2688492831
2025-06-18 18:11:16,REAL,2688492831,482,2688493313,2688493313
2025-06-18 18:11:18,REAL,2688493313,479,2688493792,2688493792
2025-06-18 18:11:20,REAL,2688493792,483,2688494275,2688494275
2025-06-18 18:11:22,REAL,2688494275,486,2688494761,2688494761
2025-06-18 18:11:24,REAL,2688494761,594,2688495355,2688495355
2025-06-18 18:11:26,REAL,2688495355,478,2688495833,2688495833
2025-06-18 18:11:28,REAL,2688495833,490,2688496323,2688496323
2025-06-18 18:11:30,REAL,2688496323,482,2688496805,2688496805
2025-06-18 18:11:32,REAL,2688496805,478,2688497283,2688497283
2025-06-18 18:11:34,REAL,2688497283,492,2688497775,2688497775
2025-06-18 18:11:36,REAL,2688497775,491,2688498266,2688498266
2025-06-18 18:11:38,REAL,2688498266,480,2688498746,2688498746
2025-06-18 18:11:40,REAL,2688498746,482,2688499228,2688499228
2025-06-18 18:11:42,REAL,2688499228,477,2688499705,2688499705
2025-06-18 18:11:44,REAL,2688499705,482,2688500187,2688500187
2025-06-18 18:11:46,REAL,2688500187,489,2688500676,2688500676
2025-06-18 18:11:48,REAL,2688500676,490,2688501166,2688501166
2025-06-18 18:11:50,REAL,2688501166,541,2688501707,2688501707
2025-06-18 18:11:52,REAL,2688501707,482,2688502189,2688502189
2025-06-18 18:11:54,REAL,2688502189,479,2688502668,2688502668
2025-06-18 18:11:56,REAL,2688502668,7688,2688510356,2688510356
2025-06-18 18:11:58,REAL,2688510356,11044,2688521400,2688521400
2025-06-18 18:12:00,REAL,2688521400,10250,2688531650,2688531650
2025-06-18 18:12:02,REAL,2688531650,10259,2688541909,2688541909
2025-06-18 18:12:04,REAL,2688541909,10310,2688552219,2688552219
2025-06-18 18:12:06,REAL,2688552219,10247,2688562466,2688562466
2025-06-18 18:12:08,REAL,2688562466,10252,2688572718,2688572718
2025-06-18 18:12:10,REAL,2688572718,8995,2688581713,2688581713
2025-06-18 18:12:12,REAL,2688581713,485,2688582198,2688582198
2025-06-18 18:12:14,REAL,2688582198,492,2688582690,2688582690
2025-06-18 18:12:16,REAL,2688582690,481,2688583171,2688583171
2025-06-18 18:12:18,REAL,2688583171,535,2688583706,2688583706
2025-06-18 18:12:20,REAL,2688583706,486,2688584192,2688584192
2025-06-18 18:12:22,REAL,2688584192,482,2688584674,2688584674
2025-06-18 18:12:24,REAL,2688584674,480,2688585154,2688585154
2025-06-18 18:12:26,REAL,2688585154,484,2688585638,2688585638
2025-06-18 18:12:28,REAL,2688585638,486,2688586124,2688586124
2025-06-18 18:12:30,REAL,2688586124,491,2688586615,2688586615
2025-06-18 18:12:32,REAL,2688586615,493,2688587108,2688587108
2025-06-18 18:12:34,REAL,2688587108,482,2688587590,2688587590
2025-06-18 18:12:36,REAL,2688587590,484,2688588074,2688588074
2025-06-18 18:12:38,REAL,2688588074,477,2688588551,2688588551
2025-06-18 18:12:40,REAL,2688588551,491,2688589042,2688589042
2025-06-18 18:12:42,REAL,2688589042,540,2688589582,2688589582
2025-06-18 18:12:44,REAL,2688589582,543,2688590125,2688590125
2025-06-18 18:12:46,REAL,2688590125,486,2688590611,2688590611
2025-06-18 18:12:48,REAL,2688590611,486,2688591097,2688591097
2025-06-18 18:12:50,REAL,2688591097,476,2688591573,2688591573
2025-06-18 18:12:52,REAL,2688591573,488,2688592061,2688592061
2025-06-18 18:12:54,REAL,2688592061,485,2688592546,2688592546
2025-06-18 18:12:56,REAL,2688592546,483,2688593029,2688593029
2025-06-18 18:12:58,REAL,2688593029,487,2688593516,2688593516
2025-06-18 18:13:00,REAL,2688593516,489,2688594005,2688594005
2025-06-18 18:13:02,REAL,2688594005,480,2688594485,2688594485
2025-06-18 18:13:04,REAL,2688594485,483,2688594968,2688594968
2025-06-18 18:13:06,REAL,2688594968,480,2688595448,2688595448
2025-06-18 18:13:08,REAL,2688595448,486,2688595934,2688595934
2025-06-18 18:13:10,REAL,2688595934,536,2688596470,2688596470
2025-06-18 18:13:12,REAL,2688596470,482,2688596952,2688596952
2025-06-18 18:13:14,REAL,2688596952,475,2688597427,2688597427
2025-06-18 18:13:16,REAL,2688597427,12630,2688610057,2688610057
2025-06-18 18:13:18,REAL,2688610057,11572,2688621629,2688621629
2025-06-18 18:13:20,REAL,2688621629,10249,2688631878,2688631878
2025-06-18 18:13:22,REAL,2688631878,10249,2688642127,2688642127
2025-06-18 18:13:24,REAL,2688642127,10317,2688652444,2688652444
2025-06-18 18:13:26,REAL,2688652444,10248,2688662692,2688662692
2025-06-18 18:13:28,REAL,2688662692,10255,2688672947,2688672947
2025-06-18 18:13:30,REAL,2688672947,7411,2688680358,2688680358
2025-06-18 18:13:32,REAL,2688680358,479,2688680837,2688680837
2025-06-18 18:13:34,REAL,2688680837,489,2688681326,2688681326
2025-06-18 18:13:36,REAL,2688681326,492,2688681818,2688681818
2025-06-18 18:13:38,REAL,2688681818,535,2688682353,2688682353
2025-06-18 18:13:40,REAL,2688682353,481,2688682834,2688682834
2025-06-18 18:13:42,REAL,2688682834,475,2688683309,2688683309
2025-06-18 18:13:44,REAL,2688683309,485,2688683794,2688683794
2025-06-18 18:13:46,REAL,2688683794,489,2688684283,2688684283
2025-06-18 18:13:48,REAL,2688684283,484,2688684767,2688684767
2025-06-18 18:13:50,REAL,2688684767,488,2688685255,2688685255
2025-06-18 18:13:52,REAL,2688685255,484,2688685739,2688685739
2025-06-18 18:13:54,REAL,2688685739,486,2688686225,2688686225
2025-06-18 18:13:56,REAL,2688686225,244,2688686469,2688686469
2025-06-18 18:13:58,REAL,2688686469,493,2688686962,2688686962
2025-06-18 18:14:00,REAL,2688686962,483,2688687445,2688687445
2025-06-18 18:14:02,REAL,2688687445,489,2688687934,2688687934
2025-06-18 18:14:04,REAL,2688687934,599,2688688533,2688688533
2025-06-18 18:14:06,REAL,2688688533,481,2688689014,2688689014
2025-06-18 18:14:08,REAL,2688689014,483,2688689497,2688689497
2025-06-18 18:14:10,REAL,2688689497,483,2688689980,2688689980
2025-06-18 18:14:12,REAL,2688689980,482,2688690462,2688690462
2025-06-18 18:14:14,REAL,2688690462,482,2688690944,2688690944
2025-06-18 18:14:16,REAL,2688690944,490,2688691434,2688691434
2025-06-18 18:14:18,REAL,2688691434,482,2688691916,2688691916
2025-06-18 18:14:20,REAL,2688691916,484,2688692400,2688692400
2025-06-18 18:14:22,REAL,2688692400,479,2688692879,2688692879
2025-06-18 18:14:24,REAL,2688692879,483,2688693362,2688693362
2025-06-18 18:14:26,REAL,2688693362,482,2688693844,2688693844
2025-06-18 18:14:28,REAL,2688693844,485,2688694329,2688694329
2025-06-18 18:14:30,REAL,2688694329,537,2688694866,2688694866
2025-06-18 18:14:32,REAL,2688694866,492,2688695358,2688695358
2025-06-18 18:14:34,REAL,2688695358,479,2688695837,2688695837
2025-06-18 18:14:36,REAL,2688695837,487,2688696324,2688696324
2025-06-18 18:14:38,REAL,2688696324,485,2688696809,2688696809
2025-06-18 18:14:40,REAL,2688696809,487,2688697296,2688697296
2025-06-18 18:14:42,REAL,2688697296,485,2688697781,2688697781
2025-06-18 18:14:44,REAL,2688697781,481,2688698262,2688698262
2025-06-18 18:14:46,REAL,2688698262,481,2688698743,2688698743
2025-06-18 18:14:48,REAL,2688698743,482,2688699225,2688699225
2025-06-18 18:14:50,REAL,2688699225,538,2688699763,2688699763
2025-06-18 18:14:52,REAL,2688699763,489,2688700252,2688700252
2025-06-18 18:14:54,REAL,2688700252,482,2688700734,2688700734
2025-06-18 18:14:56,REAL,2688700734,475,2688701209,2688701209
2025-06-18 18:14:58,REAL,2688701209,542,2688701751,2688701751
2025-06-18 18:15:00,REAL,2688701751,485,2688702236,2688702236
2025-06-18 18:15:02,REAL,2688702236,478,2688702714,2688702714
2025-06-18 18:15:04,REAL,2688702714,484,2688703198,2688703198
2025-06-18 18:15:06,REAL,2688703198,483,2688703681,2688703681
2025-06-18 18:15:08,REAL,2688703681,481,2688704162,2688704162
2025-06-18 18:15:10,REAL,2688704162,477,2688704639,2688704639
2025-06-18 18:15:12,REAL,2688704639,480,2688705119,2688705119
2025-06-18 18:15:14,REAL,2688705119,487,2688705606,2688705606
2025-06-18 18:15:16,REAL,2688705606,482,2688706088,2688706088
2025-06-18 18:15:18,REAL,2688706088,475,2688706563,2688706563
2025-06-18 18:15:20,REAL,2688706563,555,2688707118,2688707118
2025-06-18 18:15:22,REAL,2688707118,620,2688707738,2688707738
2025-06-18 18:15:24,REAL,2688707738,12486,2688720224,2688720224
2025-06-18 18:15:26,REAL,2688720224,10322,2688730546,2688730546
2025-06-18 18:15:28,REAL,2688730546,10248,2688740794,2688740794
2025-06-18 18:15:30,REAL,2688740794,10385,2688751179,2688751179
2025-06-18 18:15:32,REAL,2688751179,10196,2688761375,2688761375
2025-06-18 18:15:34,REAL,2688761375,10253,2688771628,2688771628
2025-06-18 18:15:36,REAL,2688771628,10253,2688781881,2688781881
2025-06-18 18:15:38,REAL,2688781881,4973,2688786854,2688786854
2025-06-18 18:15:40,REAL,2688786854,488,2688787342,2688787342
2025-06-18 18:15:42,REAL,2688787342,483,2688787825,2688787825
2025-06-18 18:15:44,REAL,2688787825,484,2688788309,2688788309
2025-06-18 18:15:46,REAL,2688788309,484,2688788793,2688788793
2025-06-18 18:15:48,REAL,2688788793,482,2688789275,2688789275
2025-06-18 18:15:50,REAL,2688789275,536,2688789811,2688789811
2025-06-18 18:15:52,REAL,2688789811,486,2688790297,2688790297
2025-06-18 18:15:54,REAL,2688790297,1683,2688791980,2688791980
2025-06-18 18:15:56,REAL,2688791980,11371,2688803351,2688803351
2025-06-18 18:15:58,REAL,2688803351,10248,2688813599,2688813599
2025-06-18 18:16:00,REAL,2688813599,10256,2688823855,2688823855
2025-06-18 18:16:02,REAL,2688823855,10324,2688834179,2688834179
2025-06-18 18:16:04,REAL,2688834179,10249,2688844428,2688844428
2025-06-18 18:16:06,REAL,2688844428,10260,2688854688,2688854688
2025-06-18 18:16:08,REAL,2688854688,10251,2688864939,2688864939
2025-06-18 18:16:10,REAL,2688864939,4314,2688869253,2688869253
2025-06-18 18:16:12,REAL,2688869253,488,2688869741,2688869741
2025-06-18 18:16:14,REAL,2688869741,476,2688870217,2688870217
2025-06-18 18:16:16,REAL,2688870217,488,2688870705,2688870705
2025-06-18 18:16:18,REAL,2688870705,483,2688871188,2688871188
2025-06-18 18:16:20,REAL,2688871188,484,2688871672,2688871672
2025-06-18 18:16:22,REAL,2688871672,485,2688872157,2688872157
2025-06-18 18:16:24,REAL,2688872157,486,2688872643,2688872643
2025-06-18 18:16:26,REAL,2688872643,2666,2688875309,2688875309
2025-06-18 18:16:28,REAL,2688875309,12026,2688887335,2688887335
2025-06-18 18:16:30,REAL,2688887335,10261,2688897596,2688897596
2025-06-18 18:16:32,REAL,2688897596,10254,2688907850,2688907850
2025-06-18 18:16:34,REAL,2688907850,10321,2688918171,2688918171
2025-06-18 18:16:36,REAL,2688918171,10254,2688928425,2688928425
2025-06-18 18:16:38,REAL,2688928425,10251,2688938676,2688938676
2025-06-18 18:16:40,REAL,2688938676,10375,2688949051,2688949051
2025-06-18 18:16:42,REAL,2688949051,3648,2688952699,2688952699
2025-06-18 18:16:44,REAL,2688952699,482,2688953181,2688953181
2025-06-18 18:16:46,REAL,2688953181,490,2688953671,2688953671
2025-06-18 18:16:48,REAL,2688953671,485,2688954156,2688954156
2025-06-18 18:16:50,REAL,2688954156,479,2688954635,2688954635
2025-06-18 18:16:52,REAL,2688954635,481,2688955116,2688955116
2025-06-18 18:16:54,REAL,2688955116,489,2688955605,2688955605
2025-06-18 18:16:56,REAL,2688955605,492,2688956097,2688956097
2025-06-18 18:16:58,REAL,2688956097,484,2688956581,2688956581
2025-06-18 18:17:00,REAL,2688956581,481,2688957062,2688957062
2025-06-18 18:17:02,REAL,2688957062,487,2688957549,2688957549
2025-06-18 18:17:04,REAL,2688957549,482,2688958031,2688958031
2025-06-18 18:17:06,REAL,2688958031,487,2688958518,2688958518
2025-06-18 18:17:08,REAL,2688958518,485,2688959003,2688959003
2025-06-18 18:17:10,REAL,2688959003,485,2688959488,2688959488
2025-06-18 18:17:12,REAL,2688959488,482,2688959970,2688959970
2025-06-18 18:17:14,REAL,2688959970,543,2688960513,2688960513
2025-06-18 18:17:16,REAL,2688960513,486,2688960999,2688960999
2025-06-18 18:17:18,REAL,2688960999,486,2688961485,2688961485
2025-06-18 18:17:20,REAL,2688961485,492,2688961977,2688961977
2025-06-18 18:17:22,REAL,2688961977,482,2688962459,2688962459
2025-06-18 18:17:24,REAL,2688962459,486,2688962945,2688962945
2025-06-18 18:17:26,REAL,2688962945,479,2688963424,2688963424
2025-06-18 18:17:28,REAL,2688963424,536,2688963960,2688963960
2025-06-18 18:17:30,REAL,2688963960,3860,2688967820,2688967820
2025-06-18 18:17:32,REAL,2688967820,11310,2688979130,2688979130
2025-06-18 18:17:34,REAL,2688979130,10250,2688989380,2688989380
2025-06-18 18:17:36,REAL,2688989380,10255,2688999635,2688999635
2025-06-18 18:17:38,REAL,2688999635,10254,2689009889,2689009889
2025-06-18 18:17:40,REAL,2689009889,10247,2689020136,2689020136
2025-06-18 18:17:42,REAL,2689020136,10248,2689030384,2689030384
2025-06-18 18:17:44,REAL,2689030384,10312,2689040696,2689040696
2025-06-18 18:17:46,REAL,2689040696,2399,2689043095,2689043095
2025-06-18 18:17:48,REAL,2689043095,491,2689043586,2689043586
2025-06-18 18:17:50,REAL,2689043586,490,2689044076,2689044076
2025-06-18 18:17:52,REAL,2689044076,487,2689044563,2689044563
2025-06-18 18:17:54,REAL,2689044563,483,2689045046,2689045046
2025-06-18 18:17:56,REAL,2689045046,490,2689045536,2689045536
2025-06-18 18:17:58,REAL,2689045536,480,2689046016,2689046016
2025-06-18 18:18:00,REAL,2689046016,494,2689046510,2689046510
2025-06-18 18:18:02,REAL,2689046510,484,2689046994,2689046994
2025-06-18 18:18:04,REAL,2689046994,545,2689047539,2689047539
2025-06-18 18:18:06,REAL,2689047539,487,2689048026,2689048026
2025-06-18 18:18:08,REAL,2689048026,484,2689048510,2689048510
2025-06-18 18:18:10,REAL,2689048510,490,2689049000,2689049000
2025-06-18 18:18:12,REAL,2689049000,482,2689049482,2689049482
2025-06-18 18:18:14,REAL,2689049482,490,2689049972,2689049972
2025-06-18 18:18:16,REAL,2689049972,477,2689050449,2689050449
2025-06-18 18:18:18,REAL,2689050449,542,2689050991,2689050991
2025-06-18 18:18:20,REAL,2689050991,487,2689051478,2689051478
2025-06-18 18:18:22,REAL,2689051478,487,2689051965,2689051965
2025-06-18 18:18:24,REAL,2689051965,483,2689052448,2689052448
2025-06-18 18:18:26,REAL,2689052448,487,2689052935,2689052935
2025-06-18 18:18:28,REAL,2689052935,484,2689053419,2689053419
2025-06-18 18:18:30,REAL,2689053419,488,2689053907,2689053907
2025-06-18 18:18:32,REAL,2689053907,492,2689054399,2689054399
2025-06-18 18:18:34,REAL,2689054399,476,2689054875,2689054875
2025-06-18 18:18:36,REAL,2689054875,482,2689055357,2689055357
2025-06-18 18:18:38,REAL,2689055357,540,2689055897,2689055897
2025-06-18 18:18:40,REAL,2689055897,491,2689056388,2689056388
2025-06-18 18:18:42,REAL,2689056388,492,2689056880,2689056880
2025-06-18 18:18:44,REAL,2689056880,485,2689057365,2689057365
2025-06-18 18:18:46,REAL,2689057365,480,2689057845,2689057845
2025-06-18 18:18:48,REAL,2689057845,482,2689058327,2689058327
2025-06-18 18:18:50,REAL,2689058327,484,2689058811,2689058811
2025-06-18 18:18:52,REAL,2689058811,491,2689059302,2689059302
2025-06-18 18:18:54,REAL,2689059302,493,2689059795,2689059795
2025-06-18 18:18:56,REAL,2689059795,486,2689060281,2689060281
2025-06-18 18:18:58,REAL,2689060281,491,2689060772,2689060772
2025-06-18 18:19:00,REAL,2689060772,483,2689061255,2689061255
2025-06-18 18:19:02,REAL,2689061255,484,2689061739,2689061739
2025-06-18 18:19:04,REAL,2689061739,480,2689062219,2689062219
2025-06-18 18:19:06,REAL,2689062219,7355,2689069574,2689069574
2025-06-18 18:19:08,REAL,2689069574,13620,2689083194,2689083194
2025-06-18 18:19:10,REAL,2689083194,10321,2689093515,2689093515
2025-06-18 18:19:12,REAL,2689093515,10244,2689103759,2689103759
2025-06-18 18:19:14,REAL,2689103759,10253,2689114012,2689114012
2025-06-18 18:19:16,REAL,2689114012,10319,2689124331,2689124331
2025-06-18 18:19:18,REAL,2689124331,10250,2689134581,2689134581
2025-06-18 18:19:20,REAL,2689134581,10321,2689144902,2689144902
2025-06-18 18:19:22,REAL,2689144902,479,2689145381,2689145381
2025-06-18 18:19:24,REAL,2689145381,484,2689145865,2689145865
2025-06-18 18:19:26,REAL,2689145865,483,2689146348,2689146348
2025-06-18 18:19:28,REAL,2689146348,486,2689146834,2689146834
2025-06-18 18:19:30,REAL,2689146834,485,2689147319,2689147319
2025-06-18 18:19:32,REAL,2689147319,493,2689147812,2689147812
2025-06-18 18:19:34,REAL,2689147812,485,2689148297,2689148297
2025-06-18 18:19:36,REAL,2689148297,484,2689148781,2689148781
2025-06-18 18:19:38,REAL,2689148781,487,2689149268,2689149268
2025-06-18 18:19:40,REAL,2689149268,544,2689149812,2689149812
2025-06-18 18:19:42,REAL,2689149812,482,2689150294,2689150294
2025-06-18 18:19:44,REAL,2689150294,494,2689150788,2689150788
2025-06-18 18:19:46,REAL,2689150788,485,2689151273,2689151273
2025-06-18 18:19:48,REAL,2689151273,485,2689151758,2689151758
2025-06-18 18:19:50,REAL,2689151758,474,2689152232,2689152232
2025-06-18 18:19:52,REAL,2689152232,486,2689152718,2689152718
2025-06-18 18:19:54,REAL,2689152718,485,2689153203,2689153203
2025-06-18 18:19:56,REAL,2689153203,532,2689153735,2689153735
2025-06-18 18:19:58,REAL,2689153735,490,2689154225,2689154225
2025-06-18 18:20:00,REAL,2689154225,480,2689154705,2689154705
2025-06-18 18:20:02,REAL,2689154705,476,2689155181,2689155181
2025-06-18 18:20:04,REAL,2689155181,486,2689155667,2689155667
2025-06-18 18:20:06,REAL,2689155667,489,2689156156,2689156156
2025-06-18 18:20:08,REAL,2689156156,480,2689156636,2689156636
2025-06-18 18:20:10,REAL,2689156636,482,2689157118,2689157118
2025-06-18 18:20:12,REAL,2689157118,485,2689157603,2689157603
2025-06-18 18:20:14,REAL,2689157603,540,2689158143,2689158143
2025-06-18 18:20:16,REAL,2689158143,475,2689158618,2689158618
2025-06-18 18:20:18,REAL,2689158618,478,2689159096,2689159096
2025-06-18 18:20:20,REAL,2689159096,486,2689159582,2689159582
2025-06-18 18:20:22,REAL,2689159582,484,2689160066,2689160066
2025-06-18 18:20:24,REAL,2689160066,480,2689160546,2689160546
2025-06-18 18:20:26,REAL,2689160546,484,2689161030,2689161030
2025-06-18 18:20:28,REAL,2689161030,483,2689161513,2689161513
2025-06-18 18:20:30,REAL,2689161513,480,2689161993,2689161993
2025-06-18 18:20:32,REAL,2689161993,492,2689162485,2689162485
2025-06-18 18:20:34,REAL,2689162485,480,2689162965,2689162965
2025-06-18 18:20:36,REAL,2689162965,483,2689163448,2689163448
2025-06-18 18:20:38,REAL,2689163448,485,2689163933,2689163933
2025-06-18 18:20:40,REAL,2689163933,494,2689164427,2689164427
2025-06-18 18:20:42,REAL,2689164427,482,2689164909,2689164909
2025-06-18 18:20:44,REAL,2689164909,539,2689165448,2689165448
2025-06-18 18:20:46,REAL,2689165448,548,2689165996,2689165996
2025-06-18 18:20:48,REAL,2689165996,492,2689166488,2689166488
2025-06-18 18:20:50,REAL,2689166488,476,2689166964,2689166964
2025-06-18 18:20:52,REAL,2689166964,484,2689167448,2689167448
2025-06-18 18:20:54,REAL,2689167448,486,2689167934,2689167934
2025-06-18 18:20:56,REAL,2689167934,481,2689168415,2689168415
2025-06-18 18:20:58,REAL,2689168415,477,2689168892,2689168892
2025-06-18 18:21:00,REAL,2689168892,484,2689169376,2689169376
2025-06-18 18:21:02,REAL,2689169376,492,2689169868,2689169868
2025-06-18 18:21:04,REAL,2689169868,484,2689170352,2689170352
2025-06-18 18:21:06,REAL,2689170352,479,2689170831,2689170831
2025-06-18 18:21:08,REAL,2689170831,484,2689171315,2689171315
2025-06-18 18:21:10,REAL,2689171315,480,2689171795,2689171795
2025-06-18 18:21:12,REAL,2689171795,484,2689172279,2689172279
2025-06-18 18:21:14,REAL,2689172279,485,2689172764,2689172764
2025-06-18 18:21:16,REAL,2689172764,479,2689173243,2689173243
2025-06-18 18:21:18,REAL,2689173243,489,2689173732,2689173732
2025-06-18 18:21:20,REAL,2689173732,482,2689174214,2689174214
2025-06-18 18:21:22,REAL,2689174214,538,2689174752,2689174752
2025-06-18 18:21:24,REAL,2689174752,482,2689175234,2689175234
2025-06-18 18:21:26,REAL,2689175234,483,2689175717,2689175717
2025-06-18 18:21:28,REAL,2689175717,476,2689176193,2689176193
2025-06-18 18:21:30,REAL,2689176193,9403,2689185596,2689185596
2025-06-18 18:21:32,REAL,2689185596,10774,2689196370,2689196370
2025-06-18 18:21:34,REAL,2689196370,10252,2689206622,2689206622
2025-06-18 18:21:36,REAL,2689206622,10316,2689216938,2689216938
2025-06-18 18:21:38,REAL,2689216938,10259,2689227197,2689227197
2025-06-18 18:21:40,REAL,2689227197,10252,2689237449,2689237449
2025-06-18 18:21:42,REAL,2689237449,10323,2689247772,2689247772
2025-06-18 18:21:44,REAL,2689247772,7542,2689255314,2689255314
2025-06-18 18:21:46,REAL,2689255314,479,2689255793,2689255793
2025-06-18 18:21:48,REAL,2689255793,491,2689256284,2689256284
2025-06-18 18:21:50,REAL,2689256284,493,2689256777,2689256777
2025-06-18 18:21:52,REAL,2689256777,482,2689257259,2689257259
2025-06-18 18:21:54,REAL,2689257259,489,2689257748,2689257748
2025-06-18 18:21:56,REAL,2689257748,541,2689258289,2689258289
2025-06-18 18:21:58,REAL,2689258289,494,2689258783,2689258783
2025-06-18 18:22:00,REAL,2689258783,486,2689259269,2689259269
2025-06-18 18:22:02,REAL,2689259269,10263,2689269532,2689269532
2025-06-18 18:22:04,REAL,2689269532,10387,2689279919,2689279919
2025-06-18 18:22:06,REAL,2689279919,10304,2689290223,2689290223
2025-06-18 18:22:08,REAL,2689290223,10322,2689300545,2689300545
2025-06-18 18:22:10,REAL,2689300545,10248,2689310793,2689310793
2025-06-18 18:22:12,REAL,2689310793,10252,2689321045,2689321045
2025-06-18 18:22:14,REAL,2689321045,10254,2689331299,2689331299
2025-06-18 18:22:16,REAL,2689331299,6888,2689338187,2689338187
2025-06-18 18:22:18,REAL,2689338187,486,2689338673,2689338673
2025-06-18 18:22:20,REAL,2689338673,484,2689339157,2689339157
2025-06-18 18:22:22,REAL,2689339157,477,2689339634,2689339634
2025-06-18 18:22:24,REAL,2689339634,545,2689340179,2689340179
2025-06-18 18:22:26,REAL,2689340179,479,2689340658,2689340658
2025-06-18 18:22:28,REAL,2689340658,492,2689341150,2689341150
2025-06-18 18:22:30,REAL,2689341150,487,2689341637,2689341637
2025-06-18 18:22:32,REAL,2689341637,478,2689342115,2689342115
2025-06-18 18:22:34,REAL,2689342115,13039,2689355154,2689355154
2025-06-18 18:22:36,REAL,2689355154,10382,2689365536,2689365536
2025-06-18 18:22:38,REAL,2689365536,10318,2689375854,2689375854
2025-06-18 18:22:40,REAL,2689375854,10251,2689386105,2689386105
2025-06-18 18:22:42,REAL,2689386105,10300,2689396405,2689396405
2025-06-18 18:22:44,REAL,2689396405,10259,2689406664,2689406664
2025-06-18 18:22:46,REAL,2689406664,10315,2689416979,2689416979
2025-06-18 18:22:48,REAL,2689416979,6285,2689423264,2689423264
2025-06-18 18:22:50,REAL,2689423264,486,2689423750,2689423750
2025-06-18 18:22:52,REAL,2689423750,487,2689424237,2689424237
2025-06-18 18:22:54,REAL,2689424237,489,2689424726,2689424726
2025-06-18 18:22:56,REAL,2689424726,545,2689425271,2689425271
2025-06-18 18:22:58,REAL,2689425271,478,2689425749,2689425749
2025-06-18 18:23:00,REAL,2689425749,493,2689426242,2689426242
2025-06-18 18:23:02,REAL,2689426242,490,2689426732,2689426732
2025-06-18 18:23:04,REAL,2689426732,485,2689427217,2689427217
2025-06-18 18:23:06,REAL,2689427217,479,2689427696,2689427696
2025-06-18 18:23:08,REAL,2689427696,488,2689428184,2689428184
2025-06-18 18:23:10,REAL,2689428184,492,2689428676,2689428676
2025-06-18 18:23:12,REAL,2689428676,483,2689429159,2689429159
2025-06-18 18:23:14,REAL,2689429159,485,2689429644,2689429644
2025-06-18 18:23:16,REAL,2689429644,533,2689430177,2689430177
2025-06-18 18:23:18,REAL,2689430177,485,2689430662,2689430662
2025-06-18 18:23:20,REAL,2689430662,546,2689431208,2689431208
2025-06-18 18:23:22,REAL,2689431208,480,2689431688,2689431688
2025-06-18 18:23:24,REAL,2689431688,483,2689432171,2689432171
2025-06-18 18:23:26,REAL,2689432171,484,2689432655,2689432655
2025-06-18 18:23:28,REAL,2689432655,489,2689433144,2689433144
2025-06-18 18:23:30,REAL,2689433144,483,2689433627,2689433627
2025-06-18 18:23:32,REAL,2689433627,485,2689434112,2689434112
2025-06-18 18:23:34,REAL,2689434112,476,2689434588,2689434588
2025-06-18 18:23:36,REAL,2689434588,484,2689435072,2689435072
2025-06-18 18:23:38,REAL,2689435072,480,2689435552,2689435552
2025-06-18 18:23:40,REAL,2689435552,485,2689436037,2689436037
2025-06-18 18:23:42,REAL,2689436037,486,2689436523,2689436523
2025-06-18 18:23:44,REAL,2689436523,534,2689437057,2689437057
2025-06-18 18:23:46,REAL,2689437057,485,2689437542,2689437542
2025-06-18 18:23:48,REAL,2689437542,483,2689438025,2689438025
2025-06-18 18:23:50,REAL,2689438025,494,2689438519,2689438519
2025-06-18 18:23:52,REAL,2689438519,942,2689439461,2689439461
2025-06-18 18:23:54,REAL,2689439461,12100,2689451561,2689451561
2025-06-18 18:23:56,REAL,2689451561,10247,2689461808,2689461808
2025-06-18 18:23:58,REAL,2689461808,10323,2689472131,2689472131
2025-06-18 18:24:00,REAL,2689472131,10248,2689482379,2689482379
2025-06-18 18:24:02,REAL,2689482379,10321,2689492700,2689492700
2025-06-18 18:24:04,REAL,2689492700,10244,2689502944,2689502944
2025-06-18 18:24:06,REAL,2689502944,10256,2689513200,2689513200
2025-06-18 18:24:08,REAL,2689513200,4716,2689517916,2689517916
2025-06-18 18:24:10,REAL,2689517916,493,2689518409,2689518409
2025-06-18 18:24:12,REAL,2689518409,487,2689518896,2689518896
2025-06-18 18:24:14,REAL,2689518896,491,2689519387,2689519387
2025-06-18 18:24:16,REAL,2689519387,542,2689519929,2689519929
2025-06-18 18:24:18,REAL,2689519929,486,2689520415,2689520415
2025-06-18 18:24:20,REAL,2689520415,490,2689520905,2689520905
2025-06-18 18:24:22,REAL,2689520905,482,2689521387,2689521387
2025-06-18 18:24:24,REAL,2689521387,482,2689521869,2689521869
2025-06-18 18:24:26,REAL,2689521869,540,2689522409,2689522409
2025-06-18 18:24:28,REAL,2689522409,486,2689522895,2689522895
2025-06-18 18:24:30,REAL,2689522895,482,2689523377,2689523377
2025-06-18 18:24:32,REAL,2689523377,489,2689523866,2689523866
2025-06-18 18:24:34,REAL,2689523866,484,2689524350,2689524350
2025-06-18 18:24:36,REAL,2689524350,480,2689524830,2689524830
2025-06-18 18:24:38,REAL,2689524830,492,2689525322,2689525322
2025-06-18 18:24:40,REAL,2689525322,531,2689525853,2689525853
2025-06-18 18:24:42,REAL,2689525853,484,2689526337,2689526337
2025-06-18 18:24:44,REAL,2689526337,484,2689526821,2689526821
2025-06-18 18:24:46,REAL,2689526821,477,2689527298,2689527298
2025-06-18 18:24:48,REAL,2689527298,480,2689527778,2689527778
2025-06-18 18:24:50,REAL,2689527778,487,2689528265,2689528265
2025-06-18 18:24:52,REAL,2689528265,492,2689528757,2689528757
2025-06-18 18:24:54,REAL,2689528757,477,2689529234,2689529234
2025-06-18 18:24:56,REAL,2689529234,483,2689529717,2689529717
2025-06-18 18:24:58,REAL,2689529717,483,2689530200,2689530200
2025-06-18 18:25:00,REAL,2689530200,547,2689530747,2689530747
2025-06-18 18:25:02,REAL,2689530747,485,2689531232,2689531232
2025-06-18 18:25:04,REAL,2689531232,544,2689531776,2689531776
2025-06-18 18:25:06,REAL,2689531776,485,2689532261,2689532261
2025-06-18 18:25:08,REAL,2689532261,491,2689532752,2689532752
2025-06-18 18:25:10,REAL,2689532752,489,2689533241,2689533241
2025-06-18 18:25:12,REAL,2689533241,486,2689533727,2689533727
2025-06-18 18:25:14,REAL,2689533727,492,2689534219,2689534219
2025-06-18 18:25:16,REAL,2689534219,486,2689534705,2689534705
2025-06-18 18:25:18,REAL,2689534705,484,2689535189,2689535189
2025-06-18 18:25:20,REAL,2689535189,478,2689535667,2689535667
2025-06-18 18:25:22,REAL,2689535667,485,2689536152,2689536152
2025-06-18 18:25:24,REAL,2689536152,492,2689536644,2689536644
2025-06-18 18:25:26,REAL,2689536644,482,2689537126,2689537126
2025-06-18 18:25:28,REAL,2689537126,532,2689537658,2689537658
2025-06-18 18:25:30,REAL,2689537658,491,2689538149,2689538149
2025-06-18 18:25:32,REAL,2689538149,486,2689538635,2689538635
2025-06-18 18:25:34,REAL,2689538635,9400,2689548035,2689548035
2025-06-18 18:25:36,REAL,2689548035,10837,2689558872,2689558872
2025-06-18 18:25:38,REAL,2689558872,10251,2689569123,2689569123
2025-06-18 18:25:40,REAL,2689569123,10256,2689579379,2689579379
2025-06-18 18:25:42,REAL,2689579379,10322,2689589701,2689589701
2025-06-18 18:25:44,REAL,2689589701,10250,2689599951,2689599951
2025-06-18 18:25:46,REAL,2689599951,10244,2689610195,2689610195
2025-06-18 18:25:48,REAL,2689610195,7673,2689617868,2689617868
2025-06-18 18:25:50,REAL,2689617868,487,2689618355,2689618355
2025-06-18 18:25:52,REAL,2689618355,487,2689618842,2689618842
2025-06-18 18:25:54,REAL,2689618842,488,2689619330,2689619330
2025-06-18 18:25:56,REAL,2689619330,538,2689619868,2689619868
2025-06-18 18:25:58,REAL,2689619868,488,2689620356,2689620356
2025-06-18 18:26:00,REAL,2689620356,488,2689620844,2689620844
2025-06-18 18:26:02,REAL,2689620844,480,2689621324,2689621324
2025-06-18 18:26:04,REAL,2689621324,489,2689621813,2689621813
2025-06-18 18:26:06,REAL,2689621813,10453,2689632266,2689632266
2025-06-18 18:26:08,REAL,2689632266,10313,2689642579,2689642579
2025-06-18 18:26:10,REAL,2689642579,10372,2689652951,2689652951
2025-06-18 18:26:12,REAL,2689652951,10254,2689663205,2689663205
2025-06-18 18:26:14,REAL,2689663205,10252,2689673457,2689673457
2025-06-18 18:26:16,REAL,2689673457,10257,2689683714,2689683714
2025-06-18 18:26:18,REAL,2689683714,10322,2689694036,2689694036
2025-06-18 18:26:20,REAL,2689694036,7092,2689701128,2689701128
2025-06-18 18:26:22,REAL,2689701128,487,2689701615,2689701615
2025-06-18 18:26:24,REAL,2689701615,479,2689702094,2689702094
2025-06-18 18:26:26,REAL,2689702094,483,2689702577,2689702577
2025-06-18 18:26:28,REAL,2689702577,539,2689703116,2689703116
2025-06-18 18:26:30,REAL,2689703116,488,2689703604,2689703604
2025-06-18 18:26:32,REAL,2689703604,486,2689704090,2689704090
2025-06-18 18:26:34,REAL,2689704090,491,2689704581,2689704581
2025-06-18 18:26:36,REAL,2689704581,485,2689705066,2689705066
2025-06-18 18:26:38,REAL,2689705066,10597,2689715663,2689715663
2025-06-18 18:26:40,REAL,2689715663,10318,2689725981,2689725981
2025-06-18 18:26:42,REAL,2689725981,10314,2689736295,2689736295
2025-06-18 18:26:44,REAL,2689736295,10182,2689746477,2689746477
2025-06-18 18:26:46,REAL,2689746477,10305,2689756782,2689756782
2025-06-18 18:26:48,REAL,2689756782,10262,2689767044,2689767044
2025-06-18 18:26:50,REAL,2689767044,10326,2689777370,2689777370
2025-06-18 18:26:52,REAL,2689777370,6421,2689783791,2689783791
2025-06-18 18:26:54,REAL,2689783791,485,2689784276,2689784276
2025-06-18 18:26:56,REAL,2689784276,480,2689784756,2689784756
2025-06-18 18:26:58,REAL,2689784756,485,2689785241,2689785241
2025-06-18 18:27:00,REAL,2689785241,537,2689785778,2689785778
2025-06-18 18:27:02,REAL,2689785778,486,2689786264,2689786264
2025-06-18 18:27:04,REAL,2689786264,492,2689786756,2689786756
2025-06-18 18:27:06,REAL,2689786756,485,2689787241,2689787241
2025-06-18 18:27:08,REAL,2689787241,487,2689787728,2689787728
2025-06-18 18:27:10,REAL,2689787728,492,2689788220,2689788220
2025-06-18 18:27:12,REAL,2689788220,487,2689788707,2689788707
2025-06-18 18:27:14,REAL,2689788707,490,2689789197,2689789197
2025-06-18 18:27:16,REAL,2689789197,545,2689789742,2689789742
2025-06-18 18:27:18,REAL,2689789742,482,2689790224,2689790224
2025-06-18 18:27:20,REAL,2689790224,483,2689790707,2689790707
2025-06-18 18:27:22,REAL,2689790707,481,2689791188,2689791188
2025-06-18 18:27:24,REAL,2689791188,482,2689791670,2689791670
2025-06-18 18:27:26,REAL,2689791670,479,2689792149,2689792149
2025-06-18 18:27:28,REAL,2689792149,489,2689792638,2689792638
2025-06-18 18:27:30,REAL,2689792638,477,2689793115,2689793115
2025-06-18 18:27:32,REAL,2689793115,485,2689793600,2689793600
2025-06-18 18:27:34,REAL,2689793600,485,2689794085,2689794085
2025-06-18 18:27:36,REAL,2689794085,485,2689794570,2689794570
2025-06-18 18:27:38,REAL,2689794570,483,2689795053,2689795053
2025-06-18 18:27:40,REAL,2689795053,481,2689795534,2689795534
2025-06-18 18:27:42,REAL,2689795534,12107,2689807641,2689807641
2025-06-18 18:27:44,REAL,2689807641,10251,2689817892,2689817892
2025-06-18 18:27:46,REAL,2689817892,10307,2689828199,2689828199
2025-06-18 18:27:48,REAL,2689828199,10249,2689838448,2689838448
2025-06-18 18:27:50,REAL,2689838448,10321,2689848769,2689848769
2025-06-18 18:27:52,REAL,2689848769,10248,2689859017,2689859017
2025-06-18 18:27:54,REAL,2689859017,10256,2689869273,2689869273
2025-06-18 18:27:56,REAL,2689869273,5177,2689874450,2689874450
2025-06-18 18:27:58,REAL,2689874450,478,2689874928,2689874928
2025-06-18 18:28:00,REAL,2689874928,485,2689875413,2689875413
2025-06-18 18:28:02,REAL,2689875413,492,2689875905,2689875905
2025-06-18 18:28:04,REAL,2689875905,481,2689876386,2689876386
2025-06-18 18:28:06,REAL,2689876386,478,2689876864,2689876864
2025-06-18 18:28:08,REAL,2689876864,489,2689877353,2689877353
2025-06-18 18:28:10,REAL,2689877353,488,2689877841,2689877841
2025-06-18 18:28:12,REAL,2689877841,492,2689878333,2689878333
2025-06-18 18:28:14,REAL,2689878333,476,2689878809,2689878809
2025-06-18 18:28:16,REAL,2689878809,487,2689879296,2689879296
2025-06-18 18:28:18,REAL,2689879296,544,2689879840,2689879840
2025-06-18 18:28:20,REAL,2689879840,478,2689880318,2689880318
2025-06-18 18:28:22,REAL,2689880318,489,2689880807,2689880807
2025-06-18 18:28:24,REAL,2689880807,483,2689881290,2689881290
2025-06-18 18:28:26,REAL,2689881290,544,2689881834,2689881834
2025-06-18 18:28:28,REAL,2689881834,491,2689882325,2689882325
2025-06-18 18:28:30,REAL,2689882325,483,2689882808,2689882808
2025-06-18 18:28:32,REAL,2689882808,485,2689883293,2689883293
2025-06-18 18:28:34,REAL,2689883293,483,2689883776,2689883776
2025-06-18 18:28:36,REAL,2689883776,480,2689884256,2689884256
2025-06-18 18:28:38,REAL,2689884256,484,2689884740,2689884740
2025-06-18 18:28:40,REAL,2689884740,477,2689885217,2689885217
2025-06-18 18:28:42,REAL,2689885217,483,2689885700,2689885700
2025-06-18 18:28:44,REAL,2689885700,493,2689886193,2689886193
2025-06-18 18:28:46,REAL,2689886193,478,2689886671,2689886671
2025-06-18 18:28:48,REAL,2689886671,546,2689887217,2689887217
2025-06-18 18:28:50,REAL,2689887217,487,2689887704,2689887704
2025-06-18 18:28:52,REAL,2689887704,488,2689888192,2689888192
2025-06-18 18:28:54,REAL,2689888192,478,2689888670,2689888670
2025-06-18 18:28:56,REAL,2689888670,483,2689889153,2689889153
2025-06-18 18:28:58,REAL,2689889153,486,2689889639,2689889639
2025-06-18 18:29:00,REAL,2689889639,2474,2689892113,2689892113
2025-06-18 18:29:02,REAL,2689892113,12033,2689904146,2689904146
2025-06-18 18:29:04,REAL,2689904146,10246,2689914392,2689914392
2025-06-18 18:29:06,REAL,2689914392,10262,2689924654,2689924654
2025-06-18 18:29:08,REAL,2689924654,10319,2689934973,2689934973
2025-06-18 18:29:10,REAL,2689934973,10245,2689945218,2689945218
2025-06-18 18:29:12,REAL,2689945218,10254,2689955472,2689955472
2025-06-18 18:29:14,REAL,2689955472,10246,2689965718,2689965718
2025-06-18 18:29:16,REAL,2689965718,3655,2689969373,2689969373
2025-06-18 18:29:18,REAL,2689969373,479,2689969852,2689969852
2025-06-18 18:29:20,REAL,2689969852,544,2689970396,2689970396
2025-06-18 18:29:22,REAL,2689970396,482,2689970878,2689970878
2025-06-18 18:29:24,REAL,2689970878,484,2689971362,2689971362
2025-06-18 18:29:26,REAL,2689971362,477,2689971839,2689971839
2025-06-18 18:29:28,REAL,2689971839,480,2689972319,2689972319
2025-06-18 18:29:30,REAL,2689972319,478,2689972797,2689972797
2025-06-18 18:29:32,REAL,2689972797,3323,2689976120,2689976120
2025-06-18 18:29:34,REAL,2689976120,15334,2689991454,2689991454
2025-06-18 18:29:36,REAL,2689991454,10251,2690001705,2690001705
2025-06-18 18:29:38,REAL,2690001705,10324,2690012029,2690012029
2025-06-18 18:29:40,REAL,2690012029,10243,2690022272,2690022272
2025-06-18 18:29:42,REAL,2690022272,10249,2690032521,2690032521
2025-06-18 18:29:44,REAL,2690032521,10256,2690042777,2690042777
2025-06-18 18:29:46,REAL,2690042777,10320,2690053097,2690053097
2025-06-18 18:29:48,REAL,2690053097,2989,2690056086,2690056086
2025-06-18 18:29:50,REAL,2690056086,539,2690056625,2690056625
2025-06-18 18:29:52,REAL,2690056625,487,2690057112,2690057112
2025-06-18 18:29:54,REAL,2690057112,477,2690057589,2690057589
2025-06-18 18:29:56,REAL,2690057589,478,2690058067,2690058067
2025-06-18 18:29:58,REAL,2690058067,481,2690058548,2690058548
2025-06-18 18:30:00,REAL,2690058548,482,2690059030,2690059030
2025-06-18 18:30:02,REAL,2690059030,483,2690059513,2690059513
2025-06-18 18:30:04,REAL,2690059513,483,2690059996,2690059996
2025-06-18 18:30:06,REAL,2690059996,485,2690060481,2690060481
2025-06-18 18:30:08,REAL,2690060481,486,2690060967,2690060967
2025-06-18 18:30:10,REAL,2690060967,489,2690061456,2690061456
2025-06-18 18:30:12,REAL,2690061456,477,2690061933,2690061933
2025-06-18 18:30:14,REAL,2690061933,491,2690062424,2690062424
2025-06-18 18:30:16,REAL,2690062424,490,2690062914,2690062914
2025-06-18 18:30:18,REAL,2690062914,546,2690063460,2690063460
2025-06-18 18:30:20,REAL,2690063460,538,2690063998,2690063998
2025-06-18 18:30:22,REAL,2690063998,492,2690064490,2690064490
2025-06-18 18:30:24,REAL,2690064490,486,2690064976,2690064976
2025-06-18 18:30:26,REAL,2690064976,486,2690065462,2690065462
2025-06-18 18:30:28,REAL,2690065462,487,2690065949,2690065949
2025-06-18 18:30:30,REAL,2690065949,484,2690066433,2690066433
2025-06-18 18:30:32,REAL,2690066433,478,2690066911,2690066911
2025-06-18 18:30:34,REAL,2690066911,485,2690067396,2690067396
2025-06-18 18:30:36,REAL,2690067396,4783,2690072179,2690072179
2025-06-18 18:30:38,REAL,2690072179,11048,2690083227,2690083227
2025-06-18 18:30:40,REAL,2690083227,10319,2690093546,2690093546
2025-06-18 18:30:42,REAL,2690093546,10253,2690103799,2690103799
2025-06-18 18:30:44,REAL,2690103799,10252,2690114051,2690114051
2025-06-18 18:30:46,REAL,2690114051,10326,2690124377,2690124377
2025-06-18 18:30:48,REAL,2690124377,10251,2690134628,2690134628
2025-06-18 18:30:50,REAL,2690134628,10248,2690144876,2690144876
2025-06-18 18:30:52,REAL,2690144876,1798,2690146674,2690146674
2025-06-18 18:30:54,REAL,2690146674,485,2690147159,2690147159
2025-06-18 18:30:56,REAL,2690147159,246,2690147405,2690147405
2025-06-18 18:30:58,REAL,2690147405,489,2690147894,2690147894
2025-06-18 18:31:00,REAL,2690147894,485,2690148379,2690148379
2025-06-18 18:31:02,REAL,2690148379,484,2690148863,2690148863
2025-06-18 18:31:04,REAL,2690148863,484,2690149347,2690149347
2025-06-18 18:31:06,REAL,2690149347,487,2690149834,2690149834
2025-06-18 18:31:08,REAL,2690149834,494,2690150328,2690150328
2025-06-18 18:31:10,REAL,2690150328,484,2690150812,2690150812
2025-06-18 18:31:12,REAL,2690150812,732,2690151544,2690151544
2025-06-18 18:31:14,REAL,2690151544,237,2690151781,2690151781
2025-06-18 18:31:16,REAL,2690151781,489,2690152270,2690152270
2025-06-18 18:31:18,REAL,2690152270,486,2690152756,2690152756
2025-06-18 18:31:20,REAL,2690152756,481,2690153237,2690153237
2025-06-18 18:31:22,REAL,2690153237,598,2690153835,2690153835
2025-06-18 18:31:24,REAL,2690153835,491,2690154326,2690154326
2025-06-18 18:31:26,REAL,2690154326,487,2690154813,2690154813
2025-06-18 18:31:28,REAL,2690154813,487,2690155300,2690155300
2025-06-18 18:31:30,REAL,2690155300,482,2690155782,2690155782
2025-06-18 18:31:32,REAL,2690155782,487,2690156269,2690156269
2025-06-18 18:31:34,REAL,2690156269,482,2690156751,2690156751
2025-06-18 18:31:36,REAL,2690156751,490,2690157241,2690157241
2025-06-18 18:31:38,REAL,2690157241,488,2690157729,2690157729
2025-06-18 18:31:40,REAL,2690157729,476,2690158205,2690158205
2025-06-18 18:31:42,REAL,2690158205,480,2690158685,2690158685
2025-06-18 18:31:44,REAL,2690158685,487,2690159172,2690159172
2025-06-18 18:31:46,REAL,2690159172,534,2690159706,2690159706
2025-06-18 18:31:48,REAL,2690159706,478,2690160184,2690160184
2025-06-18 18:31:50,REAL,2690160184,484,2690160668,2690160668
2025-06-18 18:31:52,REAL,2690160668,477,2690161145,2690161145
2025-06-18 18:31:54,REAL,2690161145,483,2690161628,2690161628
2025-06-18 18:31:56,REAL,2690161628,7948,2690169576,2690169576
2025-06-18 18:31:58,REAL,2690169576,12823,2690182399,2690182399
2025-06-18 18:32:00,REAL,2690182399,10251,2690192650,2690192650
2025-06-18 18:32:02,REAL,2690192650,10313,2690202963,2690202963
2025-06-18 18:32:04,REAL,2690202963,10249,2690213212,2690213212
2025-06-18 18:32:06,REAL,2690213212,10251,2690223463,2690223463
2025-06-18 18:32:08,REAL,2690223463,10251,2690233714,2690233714
2025-06-18 18:32:10,REAL,2690233714,9989,2690243703,2690243703
2025-06-18 18:32:12,REAL,2690243703,540,2690244243,2690244243
2025-06-18 18:32:14,REAL,2690244243,482,2690244725,2690244725
2025-06-18 18:32:16,REAL,2690244725,486,2690245211,2690245211
2025-06-18 18:32:18,REAL,2690245211,483,2690245694,2690245694
2025-06-18 18:32:20,REAL,2690245694,483,2690246177,2690246177
2025-06-18 18:32:22,REAL,2690246177,481,2690246658,2690246658
2025-06-18 18:32:24,REAL,2690246658,484,2690247142,2690247142
2025-06-18 18:32:26,REAL,2690247142,484,2690247626,2690247626
2025-06-18 18:32:28,REAL,2690247626,7292,2690254918,2690254918
2025-06-18 18:32:30,REAL,2690254918,10980,2690265898,2690265898
2025-06-18 18:32:32,REAL,2690265898,10316,2690276214,2690276214
2025-06-18 18:32:34,REAL,2690276214,10243,2690286457,2690286457
2025-06-18 18:32:36,REAL,2690286457,10304,2690296761,2690296761
2025-06-18 18:32:38,REAL,2690296761,10326,2690307087,2690307087
2025-06-18 18:32:40,REAL,2690307087,10252,2690317339,2690317339
2025-06-18 18:32:42,REAL,2690317339,9335,2690326674,2690326674
2025-06-18 18:32:44,REAL,2690326674,478,2690327152,2690327152
2025-06-18 18:32:46,REAL,2690327152,487,2690327639,2690327639
2025-06-18 18:32:48,REAL,2690327639,487,2690328126,2690328126
2025-06-18 18:32:50,REAL,2690328126,479,2690328605,2690328605
2025-06-18 18:32:52,REAL,2690328605,482,2690329087,2690329087
2025-06-18 18:32:54,REAL,2690329087,481,2690329568,2690329568
2025-06-18 18:32:56,REAL,2690329568,485,2690330053,2690330053
2025-06-18 18:32:58,REAL,2690330053,484,2690330537,2690330537
2025-06-18 18:33:00,REAL,2690330537,8207,2690338744,2690338744
2025-06-18 18:33:02,REAL,2690338744,10907,2690349651,2690349651
2025-06-18 18:33:04,REAL,2690349651,10249,2690359900,2690359900
2025-06-18 18:33:06,REAL,2690359900,10255,2690370155,2690370155
2025-06-18 18:33:08,REAL,2690370155,10256,2690380411,2690380411
2025-06-18 18:33:10,REAL,2690380411,10248,2690390659,2690390659
2025-06-18 18:33:12,REAL,2690390659,10254,2690400913,2690400913
2025-06-18 18:33:14,REAL,2690400913,8663,2690409576,2690409576
2025-06-18 18:33:16,REAL,2690409576,480,2690410056,2690410056
2025-06-18 18:33:18,REAL,2690410056,485,2690410541,2690410541
2025-06-18 18:33:20,REAL,2690410541,475,2690411016,2690411016
2025-06-18 18:33:22,REAL,2690411016,481,2690411497,2690411497
2025-06-18 18:33:24,REAL,2690411497,543,2690412040,2690412040
2025-06-18 18:33:26,REAL,2690412040,483,2690412523,2690412523
2025-06-18 18:33:28,REAL,2690412523,481,2690413004,2690413004
2025-06-18 18:33:30,REAL,2690413004,479,2690413483,2690413483
2025-06-18 18:33:32,REAL,2690413483,8934,2690422417,2690422417
2025-06-18 18:33:34,REAL,2690422417,10446,2690432863,2690432863
2025-06-18 18:33:36,REAL,2690432863,10319,2690443182,2690443182
2025-06-18 18:33:38,REAL,2690443182,10258,2690453440,2690453440
2025-06-18 18:33:40,REAL,2690453440,10257,2690463697,2690463697
2025-06-18 18:33:42,REAL,2690463697,10250,2690473947,2690473947
2025-06-18 18:33:44,REAL,2690473947,10252,2690484199,2690484199
2025-06-18 18:33:46,REAL,2690484199,8080,2690492279,2690492279
2025-06-18 18:33:48,REAL,2690492279,477,2690492756,2690492756
2025-06-18 18:33:50,REAL,2690492756,532,2690493288,2690493288
2025-06-18 18:33:52,REAL,2690493288,488,2690493776,2690493776
2025-06-18 18:33:54,REAL,2690493776,484,2690494260,2690494260
2025-06-18 18:33:56,REAL,2690494260,484,2690494744,2690494744
2025-06-18 18:33:58,REAL,2690494744,487,2690495231,2690495231
2025-06-18 18:34:00,REAL,2690495231,485,2690495716,2690495716
2025-06-18 18:34:02,REAL,2690495716,482,2690496198,2690496198
2025-06-18 18:34:04,REAL,2690496198,484,2690496682,2690496682
2025-06-18 18:34:06,REAL,2690496682,485,2690497167,2690497167
2025-06-18 18:34:08,REAL,2690497167,537,2690497704,2690497704
2025-06-18 18:34:10,REAL,2690497704,489,2690498193,2690498193
2025-06-18 18:34:12,REAL,2690498193,489,2690498682,2690498682
2025-06-18 18:34:14,REAL,2690498682,539,2690499221,2690499221
2025-06-18 18:34:16,REAL,2690499221,490,2690499711,2690499711
2025-06-18 18:34:18,REAL,2690499711,477,2690500188,2690500188
2025-06-18 18:34:20,REAL,2690500188,480,2690500668,2690500668
2025-06-18 18:34:22,REAL,2690500668,481,2690501149,2690501149
2025-06-18 18:34:24,REAL,2690501149,476,2690501625,2690501625
2025-06-18 18:34:26,REAL,2690501625,479,2690502104,2690502104
2025-06-18 18:34:28,REAL,2690502104,479,2690502583,2690502583
2025-06-18 18:34:30,REAL,2690502583,478,2690503061,2690503061
2025-06-18 18:34:32,REAL,2690503061,481,2690503542,2690503542
2025-06-18 18:34:34,REAL,2690503542,487,2690504029,2690504029
2025-06-18 18:34:36,REAL,2690504029,13172,2690517201,2690517201
2025-06-18 18:34:38,REAL,2690517201,10840,2690528041,2690528041
2025-06-18 18:34:40,REAL,2690528041,10317,2690538358,2690538358
2025-06-18 18:34:42,REAL,2690538358,10248,2690548606,2690548606
2025-06-18 18:34:44,REAL,2690548606,10254,2690558860,2690558860
2025-06-18 18:34:46,REAL,2690558860,10251,2690569111,2690569111
2025-06-18 18:34:48,REAL,2690569111,10256,2690579367,2690579367
2025-06-18 18:34:50,REAL,2690579367,6817,2690586184,2690586184
2025-06-18 18:34:52,REAL,2690586184,479,2690586663,2690586663
2025-06-18 18:34:54,REAL,2690586663,480,2690587143,2690587143
2025-06-18 18:34:56,REAL,2690587143,476,2690587619,2690587619
2025-06-18 18:34:58,REAL,2690587619,480,2690588099,2690588099
2025-06-18 18:35:00,REAL,2690588099,482,2690588581,2690588581
2025-06-18 18:35:02,REAL,2690588581,487,2690589068,2690589068
2025-06-18 18:35:04,REAL,2690589068,539,2690589607,2690589607
2025-06-18 18:35:06,REAL,2690589607,486,2690590093,2690590093
2025-06-18 18:35:08,REAL,2690590093,474,2690590567,2690590567
2025-06-18 18:35:10,REAL,2690590567,543,2690591110,2690591110
2025-06-18 18:35:12,REAL,2690591110,475,2690591585,2690591585
2025-06-18 18:35:14,REAL,2690591585,491,2690592076,2690592076
2025-06-18 18:35:16,REAL,2690592076,478,2690592554,2690592554
2025-06-18 18:35:18,REAL,2690592554,491,2690593045,2690593045
2025-06-18 18:35:20,REAL,2690593045,481,2690593526,2690593526
2025-06-18 18:35:22,REAL,2690593526,487,2690594013,2690594013
2025-06-18 18:35:24,REAL,2690594013,486,2690594499,2690594499
2025-06-18 18:35:26,REAL,2690594499,490,2690594989,2690594989
2025-06-18 18:35:28,REAL,2690594989,539,2690595528,2690595528
2025-06-18 18:35:30,REAL,2690595528,491,2690596019,2690596019
2025-06-18 18:35:32,REAL,2690596019,484,2690596503,2690596503
2025-06-18 18:35:34,REAL,2690596503,481,2690596984,2690596984
2025-06-18 18:35:36,REAL,2690596984,486,2690597470,2690597470
2025-06-18 18:35:38,REAL,2690597470,482,2690597952,2690597952
2025-06-18 18:35:40,REAL,2690597952,491,2690598443,2690598443
2025-06-18 18:35:42,REAL,2690598443,487,2690598930,2690598930
2025-06-18 18:35:44,REAL,2690598930,486,2690599416,2690599416
2025-06-18 18:35:46,REAL,2690599416,544,2690599960,2690599960
2025-06-18 18:35:48,REAL,2690599960,476,2690600436,2690600436
2025-06-18 18:35:50,REAL,2690600436,487,2690600923,2690600923
2025-06-18 18:35:52,REAL,2690600923,542,2690601465,2690601465
2025-06-18 18:35:54,REAL,2690601465,493,2690601958,2690601958
2025-06-18 18:35:56,REAL,2690601958,485,2690602443,2690602443
2025-06-18 18:35:58,REAL,2690602443,486,2690602929,2690602929
2025-06-18 18:36:00,REAL,2690602929,476,2690603405,2690603405
2025-06-18 18:36:02,REAL,2690603405,483,2690603888,2690603888
2025-06-18 18:36:04,REAL,2690603888,485,2690604373,2690604373
2025-06-18 18:36:06,REAL,2690604373,479,2690604852,2690604852
2025-06-18 18:36:08,REAL,2690604852,488,2690605340,2690605340
2025-06-18 18:36:10,REAL,2690605340,621,2690605961,2690605961
2025-06-18 18:36:12,REAL,2690605961,12028,2690617989,2690617989
2025-06-18 18:36:14,REAL,2690617989,10315,2690628304,2690628304
2025-06-18 18:36:16,REAL,2690628304,10310,2690638614,2690638614
2025-06-18 18:36:18,REAL,2690638614,10321,2690648935,2690648935
2025-06-18 18:36:20,REAL,2690648935,10245,2690659180,2690659180
2025-06-18 18:36:22,REAL,2690659180,10322,2690669502,2690669502
2025-06-18 18:36:24,REAL,2690669502,10253,2690679755,2690679755
2025-06-18 18:36:26,REAL,2690679755,4970,2690684725,2690684725
2025-06-18 18:36:28,REAL,2690684725,489,2690685214,2690685214
2025-06-18 18:36:30,REAL,2690685214,488,2690685702,2690685702
2025-06-18 18:36:32,REAL,2690685702,479,2690686181,2690686181
2025-06-18 18:36:34,REAL,2690686181,483,2690686664,2690686664
2025-06-18 18:36:36,REAL,2690686664,479,2690687143,2690687143
2025-06-18 18:36:38,REAL,2690687143,479,2690687622,2690687622
2025-06-18 18:36:40,REAL,2690687622,483,2690688105,2690688105
2025-06-18 18:36:42,REAL,2690688105,1744,2690689849,2690689849
2025-06-18 18:36:44,REAL,2690689849,11574,2690701423,2690701423
2025-06-18 18:36:46,REAL,2690701423,10258,2690711681,2690711681
2025-06-18 18:36:48,REAL,2690711681,10251,2690721932,2690721932
2025-06-18 18:36:50,REAL,2690721932,10316,2690732248,2690732248
2025-06-18 18:36:52,REAL,2690732248,10248,2690742496,2690742496
2025-06-18 18:36:54,REAL,2690742496,10259,2690752755,2690752755
2025-06-18 18:36:56,REAL,2690752755,10252,2690763007,2690763007
2025-06-18 18:36:58,REAL,2690763007,4315,2690767322,2690767322
2025-06-18 18:37:00,REAL,2690767322,482,2690767804,2690767804
2025-06-18 18:37:02,REAL,2690767804,536,2690768340,2690768340
2025-06-18 18:37:04,REAL,2690768340,491,2690768831,2690768831
2025-06-18 18:37:06,REAL,2690768831,487,2690769318,2690769318
2025-06-18 18:37:08,REAL,2690769318,487,2690769805,2690769805
2025-06-18 18:37:10,REAL,2690769805,481,2690770286,2690770286
2025-06-18 18:37:12,REAL,2690770286,481,2690770767,2690770767
2025-06-18 18:37:14,REAL,2690770767,2408,2690773175,2690773175
2025-06-18 18:37:16,REAL,2690773175,12100,2690785275,2690785275
2025-06-18 18:37:18,REAL,2690785275,10257,2690795532,2690795532
2025-06-18 18:37:20,REAL,2690795532,10254,2690805786,2690805786
2025-06-18 18:37:22,REAL,2690805786,10252,2690816038,2690816038
2025-06-18 18:37:24,REAL,2690816038,10311,2690826349,2690826349
2025-06-18 18:37:26,REAL,2690826349,10316,2690836665,2690836665
2025-06-18 18:37:28,REAL,2690836665,10258,2690846923,2690846923
2025-06-18 18:37:30,REAL,2690846923,3724,2690850647,2690850647
2025-06-18 18:37:32,REAL,2690850647,489,2690851136,2690851136
2025-06-18 18:37:34,REAL,2690851136,487,2690851623,2690851623
2025-06-18 18:37:36,REAL,2690851623,484,2690852107,2690852107
2025-06-18 18:37:38,REAL,2690852107,486,2690852593,2690852593
2025-06-18 18:37:40,REAL,2690852593,474,2690853067,2690853067
2025-06-18 18:37:42,REAL,2690853067,483,2690853550,2690853550
2025-06-18 18:37:44,REAL,2690853550,541,2690854091,2690854091
2025-06-18 18:37:46,REAL,2690854091,488,2690854579,2690854579
2025-06-18 18:37:48,REAL,2690854579,490,2690855069,2690855069
2025-06-18 18:37:50,REAL,2690855069,483,2690855552,2690855552
2025-06-18 18:37:52,REAL,2690855552,479,2690856031,2690856031
2025-06-18 18:37:54,REAL,2690856031,482,2690856513,2690856513
2025-06-18 18:37:56,REAL,2690856513,485,2690856998,2690856998
2025-06-18 18:37:58,REAL,2690856998,489,2690857487,2690857487
2025-06-18 18:38:00,REAL,2690857487,532,2690858019,2690858019
2025-06-18 18:38:02,REAL,2690858019,481,2690858500,2690858500
2025-06-18 18:38:04,REAL,2690858500,476,2690858976,2690858976
2025-06-18 18:38:06,REAL,2690858976,534,2690859510,2690859510
2025-06-18 18:38:08,REAL,2690859510,9729,2690869239,2690869239
2025-06-18 18:38:10,REAL,2690869239,10708,2690879947,2690879947
2025-06-18 18:38:12,REAL,2690879947,10320,2690890267,2690890267
2025-06-18 18:38:14,REAL,2690890267,10246,2690900513,2690900513
2025-06-18 18:38:16,REAL,2690900513,10252,2690910765,2690910765
2025-06-18 18:38:18,REAL,2690910765,10314,2690921079,2690921079
2025-06-18 18:38:20,REAL,2690921079,10245,2690931324,2690931324
2025-06-18 18:38:22,REAL,2690931324,7609,2690938933,2690938933
2025-06-18 18:38:24,REAL,2690938933,492,2690939425,2690939425
2025-06-18 18:38:26,REAL,2690939425,542,2690939967,2690939967
2025-06-18 18:38:28,REAL,2690939967,483,2690940450,2690940450
2025-06-18 18:38:30,REAL,2690940450,482,2690940932,2690940932
2025-06-18 18:38:32,REAL,2690940932,489,2690941421,2690941421
2025-06-18 18:38:34,REAL,2690941421,482,2690941903,2690941903
2025-06-18 18:38:36,REAL,2690941903,484,2690942387,2690942387
2025-06-18 18:38:38,REAL,2690942387,479,2690942866,2690942866
2025-06-18 18:38:40,REAL,2690942866,10194,2690953060,2690953060
2025-06-18 18:38:42,REAL,2690953060,10575,2690963635,2690963635
2025-06-18 18:38:44,REAL,2690963635,10250,2690973885,2690973885
2025-06-18 18:38:46,REAL,2690973885,10258,2690984143,2690984143
2025-06-18 18:38:48,REAL,2690984143,10371,2690994514,2690994514
2025-06-18 18:38:50,REAL,2690994514,10247,2691004761,2691004761
2025-06-18 18:38:52,REAL,2691004761,10249,2691015010,2691015010
2025-06-18 18:38:54,REAL,2691015010,6949,2691021959,2691021959
2025-06-18 18:38:56,REAL,2691021959,477,2691022436,2691022436
2025-06-18 18:38:58,REAL,2691022436,487,2691022923,2691022923
2025-06-18 18:39:00,REAL,2691022923,490,2691023413,2691023413
2025-06-18 18:39:02,REAL,2691023413,478,2691023891,2691023891
2025-06-18 18:39:04,REAL,2691023891,488,2691024379,2691024379
2025-06-18 18:39:06,REAL,2691024379,482,2691024861,2691024861
2025-06-18 18:39:08,REAL,2691024861,538,2691025399,2691025399
2025-06-18 18:39:10,REAL,2691025399,479,2691025878,2691025878
2025-06-18 18:39:12,REAL,2691025878,482,2691026360,2691026360
2025-06-18 18:39:14,REAL,2691026360,486,2691026846,2691026846
2025-06-18 18:39:16,REAL,2691026846,477,2691027323,2691027323
2025-06-18 18:39:18,REAL,2691027323,487,2691027810,2691027810
2025-06-18 18:39:20,REAL,2691027810,492,2691028302,2691028302
2025-06-18 18:39:22,REAL,2691028302,480,2691028782,2691028782
2025-06-18 18:39:24,REAL,2691028782,541,2691029323,2691029323
2025-06-18 18:39:26,REAL,2691029323,481,2691029804,2691029804
2025-06-18 18:39:28,REAL,2691029804,489,2691030293,2691030293
2025-06-18 18:39:30,REAL,2691030293,539,2691030832,2691030832
2025-06-18 18:39:32,REAL,2691030832,488,2691031320,2691031320
2025-06-18 18:39:34,REAL,2691031320,482,2691031802,2691031802
2025-06-18 18:39:36,REAL,2691031802,484,2691032286,2691032286
2025-06-18 18:39:38,REAL,2691032286,485,2691032771,2691032771
2025-06-18 18:39:40,REAL,2691032771,483,2691033254,2691033254
2025-06-18 18:39:42,REAL,2691033254,485,2691033739,2691033739
2025-06-18 18:39:44,REAL,2691033739,486,2691034225,2691034225
2025-06-18 18:39:46,REAL,2691034225,483,2691034708,2691034708
2025-06-18 18:39:48,REAL,2691034708,477,2691035185,2691035185
2025-06-18 18:39:50,REAL,2691035185,542,2691035727,2691035727
2025-06-18 18:39:52,REAL,2691035727,481,2691036208,2691036208
2025-06-18 18:39:54,REAL,2691036208,482,2691036690,2691036690
2025-06-18 18:39:56,REAL,2691036690,485,2691037175,2691037175
2025-06-18 18:39:58,REAL,2691037175,483,2691037658,2691037658
2025-06-18 18:40:00,REAL,2691037658,489,2691038147,2691038147
2025-06-18 18:40:02,REAL,2691038147,485,2691038632,2691038632
2025-06-18 18:40:04,REAL,2691038632,488,2691039120,2691039120
2025-06-18 18:40:06,REAL,2691039120,489,2691039609,2691039609
2025-06-18 18:40:08,REAL,2691039609,488,2691040097,2691040097
2025-06-18 18:40:10,REAL,2691040097,540,2691040637,2691040637
2025-06-18 18:40:12,REAL,2691040637,534,2691041171,2691041171
2025-06-18 18:40:14,REAL,2691041171,484,2691041655,2691041655
2025-06-18 18:40:16,REAL,2691041655,15145,2691056800,2691056800
2025-06-18 18:40:18,REAL,2691056800,10316,2691067116,2691067116
2025-06-18 18:40:20,REAL,2691067116,10251,2691077367,2691077367
2025-06-18 18:40:22,REAL,2691077367,10249,2691087616,2691087616
2025-06-18 18:40:24,REAL,2691087616,10314,2691097930,2691097930
2025-06-18 18:40:26,REAL,2691097930,10253,2691108183,2691108183
2025-06-18 18:40:28,REAL,2691108183,10247,2691118430,2691118430
2025-06-18 18:40:30,REAL,2691118430,5104,2691123534,2691123534
2025-06-18 18:40:32,REAL,2691123534,545,2691124079,2691124079
2025-06-18 18:40:34,REAL,2691124079,486,2691124565,2691124565
2025-06-18 18:40:36,REAL,2691124565,480,2691125045,2691125045
2025-06-18 18:40:38,REAL,2691125045,489,2691125534,2691125534
2025-06-18 18:40:40,REAL,2691125534,481,2691126015,2691126015
2025-06-18 18:40:42,REAL,2691126015,483,2691126498,2691126498
2025-06-18 18:40:44,REAL,2691126498,482,2691126980,2691126980
2025-06-18 18:40:46,REAL,2691126980,1346,2691128326,2691128326
2025-06-18 18:40:48,REAL,2691128326,11967,2691140293,2691140293
2025-06-18 18:40:50,REAL,2691140293,10242,2691150535,2691150535
2025-06-18 18:40:52,REAL,2691150535,10257,2691160792,2691160792
2025-06-18 18:40:54,REAL,2691160792,10308,2691171100,2691171100
2025-06-18 18:40:56,REAL,2691171100,10318,2691181418,2691181418
2025-06-18 18:40:58,REAL,2691181418,10250,2691191668,2691191668
2025-06-18 18:41:00,REAL,2691191668,10248,2691201916,2691201916
2025-06-18 18:41:02,REAL,2691201916,4513,2691206429,2691206429
2025-06-18 18:41:04,REAL,2691206429,486,2691206915,2691206915
2025-06-18 18:41:06,REAL,2691206915,476,2691207391,2691207391
2025-06-18 18:41:08,REAL,2691207391,486,2691207877,2691207877
2025-06-18 18:41:10,REAL,2691207877,481,2691208358,2691208358
2025-06-18 18:41:12,REAL,2691208358,485,2691208843,2691208843
2025-06-18 18:41:14,REAL,2691208843,541,2691209384,2691209384
2025-06-18 18:41:16,REAL,2691209384,484,2691209868,2691209868
2025-06-18 18:41:18,REAL,2691209868,484,2691210352,2691210352
2025-06-18 18:41:20,REAL,2691210352,489,2691210841,2691210841
2025-06-18 18:41:22,REAL,2691210841,492,2691211333,2691211333
2025-06-18 18:41:24,REAL,2691211333,477,2691211810,2691211810
2025-06-18 18:41:26,REAL,2691211810,486,2691212296,2691212296
2025-06-18 18:41:28,REAL,2691212296,483,2691212779,2691212779
2025-06-18 18:41:30,REAL,2691212779,488,2691213267,2691213267
2025-06-18 18:41:32,REAL,2691213267,542,2691213809,2691213809
2025-06-18 18:41:34,REAL,2691213809,475,2691214284,2691214284
2025-06-18 18:41:36,REAL,2691214284,482,2691214766,2691214766
2025-06-18 18:41:38,REAL,2691214766,476,2691215242,2691215242
2025-06-18 18:41:40,REAL,2691215242,482,2691215724,2691215724
2025-06-18 18:41:42,REAL,2691215724,492,2691216216,2691216216
2025-06-18 18:41:44,REAL,2691216216,484,2691216700,2691216700
2025-06-18 18:41:46,REAL,2691216700,482,2691217182,2691217182
2025-06-18 18:41:48,REAL,2691217182,482,2691217664,2691217664
2025-06-18 18:41:50,REAL,2691217664,493,2691218157,2691218157
2025-06-18 18:41:52,REAL,2691218157,492,2691218649,2691218649
2025-06-18 18:41:54,REAL,2691218649,487,2691219136,2691219136
2025-06-18 18:41:56,REAL,2691219136,481,2691219617,2691219617
2025-06-18 18:41:58,REAL,2691219617,476,2691220093,2691220093
2025-06-18 18:42:00,REAL,2691220093,547,2691220640,2691220640
2025-06-18 18:42:02,REAL,2691220640,491,2691221131,2691221131
2025-06-18 18:42:04,REAL,2691221131,478,2691221609,2691221609
2025-06-18 18:42:06,REAL,2691221609,3332,2691224941,2691224941
2025-06-18 18:42:08,REAL,2691224941,11633,2691236574,2691236574
2025-06-18 18:42:10,REAL,2691236574,10323,2691246897,2691246897
2025-06-18 18:42:12,REAL,2691246897,10259,2691257156,2691257156
2025-06-18 18:42:14,REAL,2691257156,10244,2691267400,2691267400
2025-06-18 18:42:16,REAL,2691267400,10323,2691277723,2691277723
2025-06-18 18:42:18,REAL,2691277723,10260,2691287983,2691287983
2025-06-18 18:42:20,REAL,2691287983,10250,2691298233,2691298233
2025-06-18 18:42:22,REAL,2691298233,2862,2691301095,2691301095
2025-06-18 18:42:24,REAL,2691301095,479,2691301574,2691301574
2025-06-18 18:42:26,REAL,2691301574,479,2691302053,2691302053
2025-06-18 18:42:28,REAL,2691302053,483,2691302536,2691302536
2025-06-18 18:42:30,REAL,2691302536,486,2691303022,2691303022
2025-06-18 18:42:32,REAL,2691303022,492,2691303514,2691303514
2025-06-18 18:42:34,REAL,2691303514,483,2691303997,2691303997
2025-06-18 18:42:36,REAL,2691303997,475,2691304472,2691304472
2025-06-18 18:42:38,REAL,2691304472,483,2691304955,2691304955
2025-06-18 18:42:40,REAL,2691304955,483,2691305438,2691305438
2025-06-18 18:42:42,REAL,2691305438,489,2691305927,2691305927
2025-06-18 18:42:44,REAL,2691305927,493,2691306420,2691306420
2025-06-18 18:42:46,REAL,2691306420,546,2691306966,2691306966
2025-06-18 18:42:48,REAL,2691306966,477,2691307443,2691307443
2025-06-18 18:42:50,REAL,2691307443,545,2691307988,2691307988
2025-06-18 18:42:52,REAL,2691307988,482,2691308470,2691308470
2025-06-18 18:42:54,REAL,2691308470,493,2691308963,2691308963
2025-06-18 18:42:56,REAL,2691308963,482,2691309445,2691309445
2025-06-18 18:42:58,REAL,2691309445,484,2691309929,2691309929
2025-06-18 18:43:00,REAL,2691309929,485,2691310414,2691310414
2025-06-18 18:43:02,REAL,2691310414,492,2691310906,2691310906
2025-06-18 18:43:04,REAL,2691310906,488,2691311394,2691311394
2025-06-18 18:43:06,REAL,2691311394,485,2691311879,2691311879
2025-06-18 18:43:08,REAL,2691311879,482,2691312361,2691312361
2025-06-18 18:43:10,REAL,2691312361,483,2691312844,2691312844
2025-06-18 18:43:12,REAL,2691312844,485,2691313329,2691313329
2025-06-18 18:43:14,REAL,2691313329,491,2691313820,2691313820
2025-06-18 18:43:16,REAL,2691313820,480,2691314300,2691314300
2025-06-18 18:43:18,REAL,2691314300,483,2691314783,2691314783
2025-06-18 18:43:20,REAL,2691314783,531,2691315314,2691315314
2025-06-18 18:43:22,REAL,2691315314,480,2691315794,2691315794
2025-06-18 18:43:24,REAL,2691315794,489,2691316283,2691316283
2025-06-18 18:43:26,REAL,2691316283,5579,2691321862,2691321862
2025-06-18 18:43:28,REAL,2691321862,11107,2691332969,2691332969
2025-06-18 18:43:30,REAL,2691332969,10321,2691343290,2691343290
2025-06-18 18:43:32,REAL,2691343290,10310,2691353600,2691353600
2025-06-18 18:43:34,REAL,2691353600,10249,2691363849,2691363849
2025-06-18 18:43:36,REAL,2691363849,10312,2691374161,2691374161
2025-06-18 18:43:38,REAL,2691374161,10252,2691384413,2691384413
2025-06-18 18:43:40,REAL,2691384413,10260,2691394673,2691394673
2025-06-18 18:43:42,REAL,2691394673,1341,2691396014,2691396014
2025-06-18 18:43:44,REAL,2691396014,484,2691396498,2691396498
2025-06-18 18:43:46,REAL,2691396498,477,2691396975,2691396975
2025-06-18 18:43:48,REAL,2691396975,484,2691397459,2691397459
2025-06-18 18:43:50,REAL,2691397459,488,2691397947,2691397947
2025-06-18 18:43:52,REAL,2691397947,485,2691398432,2691398432
2025-06-18 18:43:54,REAL,2691398432,540,2691398972,2691398972
2025-06-18 18:43:56,REAL,2691398972,482,2691399454,2691399454
2025-06-18 18:43:58,REAL,2691399454,487,2691399941,2691399941
2025-06-18 18:44:00,REAL,2691399941,481,2691400422,2691400422
2025-06-18 18:44:02,REAL,2691400422,487,2691400909,2691400909
2025-06-18 18:44:04,REAL,2691400909,486,2691401395,2691401395
2025-06-18 18:44:06,REAL,2691401395,485,2691401880,2691401880
2025-06-18 18:44:08,REAL,2691401880,478,2691402358,2691402358
2025-06-18 18:44:10,REAL,2691402358,489,2691402847,2691402847
2025-06-18 18:44:12,REAL,2691402847,484,2691403331,2691403331
2025-06-18 18:44:14,REAL,2691403331,480,2691403811,2691403811
2025-06-18 18:44:16,REAL,2691403811,539,2691404350,2691404350
2025-06-18 18:44:18,REAL,2691404350,493,2691404843,2691404843
2025-06-18 18:44:20,REAL,2691404843,477,2691405320,2691405320
2025-06-18 18:44:22,REAL,2691405320,544,2691405864,2691405864
2025-06-18 18:44:24,REAL,2691405864,490,2691406354,2691406354
2025-06-18 18:44:26,REAL,2691406354,489,2691406843,2691406843
2025-06-18 18:44:28,REAL,2691406843,490,2691407333,2691407333
2025-06-18 18:44:30,REAL,2691407333,486,2691407819,2691407819
2025-06-18 18:44:32,REAL,2691407819,487,2691408306,2691408306
2025-06-18 18:44:34,REAL,2691408306,487,2691408793,2691408793
2025-06-18 18:44:36,REAL,2691408793,483,2691409276,2691409276
2025-06-18 18:44:38,REAL,2691409276,488,2691409764,2691409764
2025-06-18 18:44:40,REAL,2691409764,485,2691410249,2691410249
2025-06-18 18:44:42,REAL,2691410249,483,2691410732,2691410732
2025-06-18 18:44:44,REAL,2691410732,490,2691411222,2691411222
2025-06-18 18:44:46,REAL,2691411222,484,2691411706,2691411706
2025-06-18 18:44:48,REAL,2691411706,483,2691412189,2691412189
2025-06-18 18:44:50,REAL,2691412189,547,2691412736,2691412736
2025-06-18 18:44:52,REAL,2691412736,492,2691413228,2691413228
2025-06-18 18:44:54,REAL,2691413228,485,2691413713,2691413713
2025-06-18 18:44:56,REAL,2691413713,485,2691414198,2691414198
2025-06-18 18:44:58,REAL,2691414198,479,2691414677,2691414677
2025-06-18 18:45:00,REAL,2691414677,478,2691415155,2691415155
2025-06-18 18:45:02,REAL,2691415155,7281,2691422436,2691422436
2025-06-18 18:45:04,REAL,2691422436,11106,2691433542,2691433542
2025-06-18 18:45:06,REAL,2691433542,10246,2691443788,2691443788
2025-06-18 18:45:08,REAL,2691443788,10259,2691454047,2691454047
2025-06-18 18:45:10,REAL,2691454047,10252,2691464299,2691464299
2025-06-18 18:45:12,REAL,2691464299,10250,2691474549,2691474549
2025-06-18 18:45:14,REAL,2691474549,10320,2691484869,2691484869
2025-06-18 18:45:16,REAL,2691484869,9198,2691494067,2691494067
2025-06-18 18:45:18,REAL,2691494067,494,2691494561,2691494561
2025-06-18 18:45:20,REAL,2691494561,486,2691495047,2691495047
2025-06-18 18:45:22,REAL,2691495047,483,2691495530,2691495530
2025-06-18 18:45:24,REAL,2691495530,484,2691496014,2691496014
2025-06-18 18:45:26,REAL,2691496014,482,2691496496,2691496496
2025-06-18 18:45:28,REAL,2691496496,489,2691496985,2691496985
2025-06-18 18:45:30,REAL,2691496985,540,2691497525,2691497525
2025-06-18 18:45:32,REAL,2691497525,485,2691498010,2691498010
2025-06-18 18:45:34,REAL,2691498010,8415,2691506425,2691506425
2025-06-18 18:45:36,REAL,2691506425,10515,2691516940,2691516940
2025-06-18 18:45:38,REAL,2691516940,10258,2691527198,2691527198
2025-06-18 18:45:40,REAL,2691527198,10256,2691537454,2691537454
2025-06-18 18:45:42,REAL,2691537454,10245,2691547699,2691547699
2025-06-18 18:45:44,REAL,2691547699,10259,2691557958,2691557958
2025-06-18 18:45:46,REAL,2691557958,10372,2691568330,2691568330
2025-06-18 18:45:48,REAL,2691568330,8610,2691576940,2691576940
2025-06-18 18:45:50,REAL,2691576940,477,2691577417,2691577417
2025-06-18 18:45:52,REAL,2691577417,484,2691577901,2691577901
2025-06-18 18:45:54,REAL,2691577901,490,2691578391,2691578391
2025-06-18 18:45:56,REAL,2691578391,483,2691578874,2691578874
2025-06-18 18:45:58,REAL,2691578874,484,2691579358,2691579358
2025-06-18 18:46:00,REAL,2691579358,481,2691579839,2691579839
2025-06-18 18:46:02,REAL,2691579839,541,2691580380,2691580380
2025-06-18 18:46:04,REAL,2691580380,489,2691580869,2691580869
2025-06-18 18:46:06,REAL,2691580869,9274,2691590143,2691590143
2025-06-18 18:46:08,REAL,2691590143,10584,2691600727,2691600727
2025-06-18 18:46:10,REAL,2691600727,10252,2691610979,2691610979
2025-06-18 18:46:12,REAL,2691610979,10318,2691621297,2691621297
2025-06-18 18:46:14,REAL,2691621297,10256,2691631553,2691631553
2025-06-18 18:46:16,REAL,2691631553,10248,2691641801,2691641801
2025-06-18 18:46:18,REAL,2691641801,10320,2691652121,2691652121
2025-06-18 18:46:20,REAL,2691652121,7935,2691660056,2691660056
2025-06-18 18:46:22,REAL,2691660056,487,2691660543,2691660543
2025-06-18 18:46:24,REAL,2691660543,481,2691661024,2691661024
2025-06-18 18:46:26,REAL,2691661024,484,2691661508,2691661508
2025-06-18 18:46:28,REAL,2691661508,487,2691661995,2691661995
2025-06-18 18:46:30,REAL,2691661995,544,2691662539,2691662539
2025-06-18 18:46:32,REAL,2691662539,486,2691663025,2691663025
2025-06-18 18:46:34,REAL,2691663025,536,2691663561,2691663561
2025-06-18 18:46:36,REAL,2691663561,488,2691664049,2691664049
2025-06-18 18:46:38,REAL,2691664049,486,2691664535,2691664535
2025-06-18 18:46:40,REAL,2691664535,483,2691665018,2691665018
2025-06-18 18:46:42,REAL,2691665018,481,2691665499,2691665499
2025-06-18 18:46:44,REAL,2691665499,481,2691665980,2691665980
2025-06-18 18:46:46,REAL,2691665980,484,2691666464,2691666464
2025-06-18 18:46:48,REAL,2691666464,481,2691666945,2691666945
2025-06-18 18:46:50,REAL,2691666945,491,2691667436,2691667436
2025-06-18 18:46:52,REAL,2691667436,483,2691667919,2691667919
2025-06-18 18:46:54,REAL,2691667919,481,2691668400,2691668400
2025-06-18 18:46:56,REAL,2691668400,482,2691668882,2691668882
2025-06-18 18:46:58,REAL,2691668882,485,2691669367,2691669367
2025-06-18 18:47:00,REAL,2691669367,482,2691669849,2691669849
2025-06-18 18:47:02,REAL,2691669849,540,2691670389,2691670389
2025-06-18 18:47:04,REAL,2691670389,534,2691670923,2691670923
2025-06-18 18:47:06,REAL,2691670923,482,2691671405,2691671405
2025-06-18 18:47:08,REAL,2691671405,488,2691671893,2691671893
2025-06-18 18:47:10,REAL,2691671893,484,2691672377,2691672377
2025-06-18 18:47:12,REAL,2691672377,484,2691672861,2691672861
2025-06-18 18:47:14,REAL,2691672861,487,2691673348,2691673348
2025-06-18 18:47:16,REAL,2691673348,482,2691673830,2691673830
2025-06-18 18:47:18,REAL,2691673830,482,2691674312,2691674312
2025-06-18 18:47:20,REAL,2691674312,487,2691674799,2691674799
2025-06-18 18:47:22,REAL,2691674799,482,2691675281,2691675281
2025-06-18 18:47:24,REAL,2691675281,491,2691675772,2691675772
2025-06-18 18:47:26,REAL,2691675772,482,2691676254,2691676254
2025-06-18 18:47:28,REAL,2691676254,483,2691676737,2691676737
2025-06-18 18:47:30,REAL,2691676737,481,2691677218,2691677218
2025-06-18 18:47:32,REAL,2691677218,488,2691677706,2691677706
2025-06-18 18:47:34,REAL,2691677706,492,2691678198,2691678198
2025-06-18 18:47:36,REAL,2691678198,487,2691678685,2691678685
2025-06-18 18:47:38,REAL,2691678685,544,2691679229,2691679229
2025-06-18 18:47:40,REAL,2691679229,484,2691679713,2691679713
2025-06-18 18:47:42,REAL,2691679713,240,2691679953,2691679953
2025-06-18 18:47:44,REAL,2691679953,543,2691680496,2691680496
2025-06-18 18:47:46,REAL,2691680496,489,2691680985,2691680985
2025-06-18 18:47:48,REAL,2691680985,485,2691681470,2691681470
2025-06-18 18:47:50,REAL,2691681470,479,2691681949,2691681949
2025-06-18 18:47:52,REAL,2691681949,483,2691682432,2691682432
2025-06-18 18:47:54,REAL,2691682432,484,2691682916,2691682916
2025-06-18 18:47:56,REAL,2691682916,485,2691683401,2691683401
2025-06-18 18:47:58,REAL,2691683401,11385,2691694786,2691694786
2025-06-18 18:48:00,REAL,2691694786,10250,2691705036,2691705036
2025-06-18 18:48:02,REAL,2691705036,10254,2691715290,2691715290
2025-06-18 18:48:04,REAL,2691715290,10247,2691725537,2691725537
2025-06-18 18:48:06,REAL,2691725537,10247,2691735784,2691735784
2025-06-18 18:48:08,REAL,2691735784,10316,2691746100,2691746100
2025-06-18 18:48:10,REAL,2691746100,10309,2691756409,2691756409
2025-06-18 18:48:12,REAL,2691756409,5828,2691762237,2691762237
2025-06-18 18:48:14,REAL,2691762237,478,2691762715,2691762715
2025-06-18 18:48:16,REAL,2691762715,482,2691763197,2691763197
2025-06-18 18:48:18,REAL,2691763197,481,2691763678,2691763678
2025-06-18 18:48:20,REAL,2691763678,485,2691764163,2691764163
2025-06-18 18:48:22,REAL,2691764163,484,2691764647,2691764647
2025-06-18 18:48:24,REAL,2691764647,482,2691765129,2691765129
2025-06-18 18:48:26,REAL,2691765129,484,2691765613,2691765613
2025-06-18 18:48:28,REAL,2691765613,482,2691766095,2691766095
2025-06-18 18:48:30,REAL,2691766095,477,2691766572,2691766572
2025-06-18 18:48:32,REAL,2691766572,491,2691767063,2691767063
2025-06-18 18:48:34,REAL,2691767063,481,2691767544,2691767544
2025-06-18 18:48:36,REAL,2691767544,483,2691768027,2691768027
2025-06-18 18:48:38,REAL,2691768027,487,2691768514,2691768514
2025-06-18 18:48:40,REAL,2691768514,540,2691769054,2691769054
2025-06-18 18:48:42,REAL,2691769054,543,2691769597,2691769597
2025-06-18 18:48:44,REAL,2691769597,484,2691770081,2691770081
2025-06-18 18:48:46,REAL,2691770081,482,2691770563,2691770563
2025-06-18 18:48:48,REAL,2691770563,489,2691771052,2691771052
2025-06-18 18:48:50,REAL,2691771052,483,2691771535,2691771535
2025-06-18 18:48:52,REAL,2691771535,490,2691772025,2691772025
2025-06-18 18:48:54,REAL,2691772025,482,2691772507,2691772507
2025-06-18 18:48:56,REAL,2691772507,484,2691772991,2691772991
2025-06-18 18:48:58,REAL,2691772991,478,2691773469,2691773469
2025-06-18 18:49:00,REAL,2691773469,488,2691773957,2691773957
2025-06-18 18:49:02,REAL,2691773957,480,2691774437,2691774437
2025-06-18 18:49:04,REAL,2691774437,478,2691774915,2691774915
2025-06-18 18:49:06,REAL,2691774915,491,2691775406,2691775406
2025-06-18 18:49:08,REAL,2691775406,486,2691775892,2691775892
2025-06-18 18:49:10,REAL,2691775892,479,2691776371,2691776371
2025-06-18 18:49:12,REAL,2691776371,481,2691776852,2691776852
2025-06-18 18:49:14,REAL,2691776852,481,2691777333,2691777333
2025-06-18 18:49:16,REAL,2691777333,538,2691777871,2691777871
2025-06-18 18:49:18,REAL,2691777871,481,2691778352,2691778352
2025-06-18 18:49:20,REAL,2691778352,484,2691778836,2691778836
2025-06-18 18:49:22,REAL,2691778836,488,2691779324,2691779324
2025-06-18 18:49:24,REAL,2691779324,541,2691779865,2691779865
2025-06-18 18:49:26,REAL,2691779865,486,2691780351,2691780351
2025-06-18 18:49:28,REAL,2691780351,477,2691780828,2691780828
2025-06-18 18:49:30,REAL,2691780828,491,2691781319,2691781319
2025-06-18 18:49:32,REAL,2691781319,2017,2691783336,2691783336
2025-06-18 18:49:34,REAL,2691783336,11706,2691795042,2691795042
2025-06-18 18:49:36,REAL,2691795042,10249,2691805291,2691805291
2025-06-18 18:49:38,REAL,2691805291,10248,2691815539,2691815539
2025-06-18 18:49:40,REAL,2691815539,10317,2691825856,2691825856
2025-06-18 18:49:42,REAL,2691825856,10244,2691836100,2691836100
2025-06-18 18:49:44,REAL,2691836100,10248,2691846348,2691846348
2025-06-18 18:49:46,REAL,2691846348,10325,2691856673,2691856673
2025-06-18 18:49:48,REAL,2691856673,3976,2691860649,2691860649
2025-06-18 18:49:50,REAL,2691860649,490,2691861139,2691861139
2025-06-18 18:49:52,REAL,2691861139,480,2691861619,2691861619
2025-06-18 18:49:54,REAL,2691861619,485,2691862104,2691862104
2025-06-18 18:49:56,REAL,2691862104,488,2691862592,2691862592
2025-06-18 18:49:58,REAL,2691862592,484,2691863076,2691863076
2025-06-18 18:50:00,REAL,2691863076,487,2691863563,2691863563
2025-06-18 18:50:02,REAL,2691863563,482,2691864045,2691864045
2025-06-18 18:50:04,REAL,2691864045,487,2691864532,2691864532
2025-06-18 18:50:06,REAL,2691864532,481,2691865013,2691865013
2025-06-18 18:50:08,REAL,2691865013,479,2691865492,2691865492
2025-06-18 18:50:10,REAL,2691865492,488,2691865980,2691865980
2025-06-18 18:50:12,REAL,2691865980,481,2691866461,2691866461
2025-06-18 18:50:14,REAL,2691866461,483,2691866944,2691866944
2025-06-18 18:50:16,REAL,2691866944,531,2691867475,2691867475
2025-06-18 18:50:18,REAL,2691867475,479,2691867954,2691867954
2025-06-18 18:50:20,REAL,2691867954,545,2691868499,2691868499
2025-06-18 18:50:22,REAL,2691868499,485,2691868984,2691868984
2025-06-18 18:50:24,REAL,2691868984,479,2691869463,2691869463
2025-06-18 18:50:26,REAL,2691869463,480,2691869943,2691869943
2025-06-18 18:50:28,REAL,2691869943,477,2691870420,2691870420
2025-06-18 18:50:30,REAL,2691870420,485,2691870905,2691870905
2025-06-18 18:50:32,REAL,2691870905,488,2691871393,2691871393
2025-06-18 18:50:34,REAL,2691871393,479,2691871872,2691871872
2025-06-18 18:50:36,REAL,2691871872,478,2691872350,2691872350
2025-06-18 18:50:38,REAL,2691872350,483,2691872833,2691872833
2025-06-18 18:50:40,REAL,2691872833,482,2691873315,2691873315
2025-06-18 18:50:42,REAL,2691873315,484,2691873799,2691873799
2025-06-18 18:50:44,REAL,2691873799,485,2691874284,2691874284
2025-06-18 18:50:46,REAL,2691874284,479,2691874763,2691874763
2025-06-18 18:50:48,REAL,2691874763,488,2691875251,2691875251
2025-06-18 18:50:50,REAL,2691875251,478,2691875729,2691875729
2025-06-18 18:50:52,REAL,2691875729,477,2691876206,2691876206
2025-06-18 18:50:54,REAL,2691876206,541,2691876747,2691876747
2025-06-18 18:50:56,REAL,2691876747,481,2691877228,2691877228
2025-06-18 18:50:58,REAL,2691877228,541,2691877769,2691877769
2025-06-18 18:51:00,REAL,2691877769,477,2691878246,2691878246
2025-06-18 18:51:02,REAL,2691878246,479,2691878725,2691878725
2025-06-18 18:51:04,REAL,2691878725,484,2691879209,2691879209
2025-06-18 18:51:06,REAL,2691879209,477,2691879686,2691879686
2025-06-18 18:51:08,REAL,2691879686,485,2691880171,2691880171
2025-06-18 18:51:10,REAL,2691880171,482,2691880653,2691880653
2025-06-18 18:51:12,REAL,2691880653,485,2691881138,2691881138
2025-06-18 18:51:14,REAL,2691881138,483,2691881621,2691881621
2025-06-18 18:51:16,REAL,2691881621,482,2691882103,2691882103
2025-06-18 18:51:18,REAL,2691882103,484,2691882587,2691882587
2025-06-18 18:51:20,REAL,2691882587,482,2691883069,2691883069
2025-06-18 18:51:22,REAL,2691883069,487,2691883556,2691883556
2025-06-18 18:51:24,REAL,2691883556,4972,2691888528,2691888528
2025-06-18 18:51:26,REAL,2691888528,11562,2691900090,2691900090
2025-06-18 18:51:28,REAL,2691900090,10321,2691910411,2691910411
2025-06-18 18:51:30,REAL,2691910411,10249,2691920660,2691920660
2025-06-18 18:51:32,REAL,2691920660,10255,2691930915,2691930915
2025-06-18 18:51:34,REAL,2691930915,10314,2691941229,2691941229
2025-06-18 18:51:36,REAL,2691941229,10252,2691951481,2691951481
2025-06-18 18:51:38,REAL,2691951481,10312,2691961793,2691961793
2025-06-18 18:51:40,REAL,2691961793,1670,2691963463,2691963463
2025-06-18 18:51:42,REAL,2691963463,481,2691963944,2691963944
2025-06-18 18:51:44,REAL,2691963944,480,2691964424,2691964424
2025-06-18 18:51:46,REAL,2691964424,487,2691964911,2691964911
2025-06-18 18:51:48,REAL,2691964911,490,2691965401,2691965401
2025-06-18 18:51:50,REAL,2691965401,539,2691965940,2691965940
2025-06-18 18:51:52,REAL,2691965940,487,2691966427,2691966427
2025-06-18 18:51:54,REAL,2691966427,488,2691966915,2691966915
2025-06-18 18:51:56,REAL,2691966915,486,2691967401,2691967401
2025-06-18 18:51:58,REAL,2691967401,477,2691967878,2691967878
2025-06-18 18:52:00,REAL,2691967878,482,2691968360,2691968360
2025-06-18 18:52:02,REAL,2691968360,486,2691968846,2691968846
2025-06-18 18:52:04,REAL,2691968846,485,2691969331,2691969331
2025-06-18 18:52:06,REAL,2691969331,480,2691969811,2691969811
2025-06-18 18:52:08,REAL,2691969811,542,2691970353,2691970353
2025-06-18 18:52:10,REAL,2691970353,486,2691970839,2691970839
2025-06-18 18:52:12,REAL,2691970839,487,2691971326,2691971326
2025-06-18 18:52:14,REAL,2691971326,485,2691971811,2691971811
2025-06-18 18:52:16,REAL,2691971811,542,2691972353,2691972353
2025-06-18 18:52:18,REAL,2691972353,482,2691972835,2691972835
2025-06-18 18:52:20,REAL,2691972835,474,2691973309,2691973309
2025-06-18 18:52:22,REAL,2691973309,483,2691973792,2691973792
2025-06-18 18:52:24,REAL,2691973792,492,2691974284,2691974284
2025-06-18 18:52:26,REAL,2691974284,485,2691974769,2691974769
2025-06-18 18:52:28,REAL,2691974769,479,2691975248,2691975248
2025-06-18 18:52:30,REAL,2691975248,479,2691975727,2691975727
2025-06-18 18:52:32,REAL,2691975727,478,2691976205,2691976205
2025-06-18 18:52:34,REAL,2691976205,485,2691976690,2691976690
2025-06-18 18:52:36,REAL,2691976690,478,2691977168,2691977168
2025-06-18 18:52:38,REAL,2691977168,488,2691977656,2691977656
2025-06-18 18:52:40,REAL,2691977656,542,2691978198,2691978198
2025-06-18 18:52:42,REAL,2691978198,484,2691978682,2691978682
2025-06-18 18:52:44,REAL,2691978682,7756,2691986438,2691986438
2025-06-18 18:52:46,REAL,2691986438,13023,2691999461,2691999461
2025-06-18 18:52:48,REAL,2691999461,10319,2692009780,2692009780
2025-06-18 18:52:50,REAL,2692009780,10254,2692020034,2692020034
2025-06-18 18:52:52,REAL,2692020034,10254,2692030288,2692030288
2025-06-18 18:52:54,REAL,2692030288,10316,2692040604,2692040604
2025-06-18 18:52:56,REAL,2692040604,10249,2692050853,2692050853
2025-06-18 18:52:58,REAL,2692050853,9980,2692060833,2692060833
2025-06-18 18:53:00,REAL,2692060833,484,2692061317,2692061317
2025-06-18 18:53:02,REAL,2692061317,488,2692061805,2692061805
2025-06-18 18:53:04,REAL,2692061805,535,2692062340,2692062340
2025-06-18 18:53:06,REAL,2692062340,485,2692062825,2692062825
2025-06-18 18:53:08,REAL,2692062825,482,2692063307,2692063307
2025-06-18 18:53:10,REAL,2692063307,487,2692063794,2692063794
2025-06-18 18:53:12,REAL,2692063794,484,2692064278,2692064278
2025-06-18 18:53:14,REAL,2692064278,483,2692064761,2692064761
2025-06-18 18:53:16,REAL,2692064761,483,2692065244,2692065244
2025-06-18 18:53:18,REAL,2692065244,485,2692065729,2692065729
2025-06-18 18:53:20,REAL,2692065729,483,2692066212,2692066212
2025-06-18 18:53:22,REAL,2692066212,483,2692066695,2692066695
2025-06-18 18:53:24,REAL,2692066695,487,2692067182,2692067182
2025-06-18 18:53:26,REAL,2692067182,485,2692067667,2692067667
2025-06-18 18:53:28,REAL,2692067667,488,2692068155,2692068155
2025-06-18 18:53:30,REAL,2692068155,547,2692068702,2692068702
2025-06-18 18:53:32,REAL,2692068702,484,2692069186,2692069186
2025-06-18 18:53:34,REAL,2692069186,536,2692069722,2692069722
2025-06-18 18:53:36,REAL,2692069722,483,2692070205,2692070205
2025-06-18 18:53:38,REAL,2692070205,484,2692070689,2692070689
2025-06-18 18:53:40,REAL,2692070689,481,2692071170,2692071170
2025-06-18 18:53:42,REAL,2692071170,489,2692071659,2692071659
2025-06-18 18:53:44,REAL,2692071659,480,2692072139,2692072139
2025-06-18 18:53:46,REAL,2692072139,487,2692072626,2692072626
2025-06-18 18:53:48,REAL,2692072626,7876,2692080502,2692080502
2025-06-18 18:53:50,REAL,2692080502,10788,2692091290,2692091290
2025-06-18 18:53:52,REAL,2692091290,10247,2692101537,2692101537
2025-06-18 18:53:54,REAL,2692101537,10310,2692111847,2692111847
2025-06-18 18:53:56,REAL,2692111847,10249,2692122096,2692122096
2025-06-18 18:53:58,REAL,2692122096,10253,2692132349,2692132349
2025-06-18 18:54:00,REAL,2692132349,10253,2692142602,2692142602
2025-06-18 18:54:02,REAL,2692142602,8734,2692151336,2692151336
2025-06-18 18:54:04,REAL,2692151336,489,2692151825,2692151825
2025-06-18 18:54:06,REAL,2692151825,482,2692152307,2692152307
2025-06-18 18:54:08,REAL,2692152307,2730,2692155037,2692155037
2025-06-18 18:54:10,REAL,2692155037,11839,2692166876,2692166876
2025-06-18 18:54:12,REAL,2692166876,10255,2692177131,2692177131
2025-06-18 18:54:14,REAL,2692177131,10322,2692187453,2692187453
2025-06-18 18:54:16,REAL,2692187453,10254,2692197707,2692197707
2025-06-18 18:54:18,REAL,2692197707,10304,2692208011,2692208011
2025-06-18 18:54:20,REAL,2692208011,10253,2692218264,2692218264
2025-06-18 18:54:22,REAL,2692218264,10259,2692228523,2692228523
2025-06-18 18:54:24,REAL,2692228523,3455,2692231978,2692231978
2025-06-18 18:54:26,REAL,2692231978,485,2692232463,2692232463
2025-06-18 18:54:28,REAL,2692232463,488,2692232951,2692232951
2025-06-18 18:54:30,REAL,2692232951,481,2692233432,2692233432
2025-06-18 18:54:32,REAL,2692233432,487,2692233919,2692233919
2025-06-18 18:54:34,REAL,2692233919,487,2692234406,2692234406
2025-06-18 18:54:36,REAL,2692234406,482,2692234888,2692234888
2025-06-18 18:54:38,REAL,2692234888,488,2692235376,2692235376
2025-06-18 18:54:40,REAL,2692235376,3406,2692238782,2692238782
2025-06-18 18:54:42,REAL,2692238782,11965,2692250747,2692250747
2025-06-18 18:54:44,REAL,2692250747,10252,2692260999,2692260999
2025-06-18 18:54:46,REAL,2692260999,10257,2692271256,2692271256
2025-06-18 18:54:48,REAL,2692271256,10322,2692281578,2692281578
2025-06-18 18:54:50,REAL,2692281578,10252,2692291830,2692291830
2025-06-18 18:54:52,REAL,2692291830,10325,2692302155,2692302155
2025-06-18 18:54:54,REAL,2692302155,10248,2692312403,2692312403
2025-06-18 18:54:56,REAL,2692312403,2854,2692315257,2692315257
2025-06-18 18:54:58,REAL,2692315257,478,2692315735,2692315735
2025-06-18 18:55:00,REAL,2692315735,482,2692316217,2692316217
2025-06-18 18:55:02,REAL,2692316217,476,2692316693,2692316693
2025-06-18 18:55:04,REAL,2692316693,483,2692317176,2692317176
2025-06-18 18:55:06,REAL,2692317176,483,2692317659,2692317659
2025-06-18 18:55:08,REAL,2692317659,539,2692318198,2692318198
2025-06-18 18:55:10,REAL,2692318198,487,2692318685,2692318685
2025-06-18 18:55:12,REAL,2692318685,481,2692319166,2692319166
2025-06-18 18:55:14,REAL,2692319166,480,2692319646,2692319646
2025-06-18 18:55:16,REAL,2692319646,484,2692320130,2692320130
2025-06-18 18:55:18,REAL,2692320130,483,2692320613,2692320613
2025-06-18 18:55:20,REAL,2692320613,480,2692321093,2692321093
2025-06-18 18:55:22,REAL,2692321093,490,2692321583,2692321583
2025-06-18 18:55:24,REAL,2692321583,486,2692322069,2692322069
2025-06-18 18:55:26,REAL,2692322069,485,2692322554,2692322554
2025-06-18 18:55:28,REAL,2692322554,485,2692323039,2692323039
2025-06-18 18:55:30,REAL,2692323039,485,2692323524,2692323524
2025-06-18 18:55:32,REAL,2692323524,589,2692324113,2692324113
2025-06-18 18:55:34,REAL,2692324113,493,2692324606,2692324606
2025-06-18 18:55:36,REAL,2692324606,486,2692325092,2692325092
2025-06-18 18:55:38,REAL,2692325092,485,2692325577,2692325577
2025-06-18 18:55:40,REAL,2692325577,486,2692326063,2692326063
2025-06-18 18:55:42,REAL,2692326063,482,2692326545,2692326545
2025-06-18 18:55:44,REAL,2692326545,5051,2692331596,2692331596
2025-06-18 18:55:46,REAL,2692331596,11568,2692343164,2692343164
2025-06-18 18:55:48,REAL,2692343164,10320,2692353484,2692353484
2025-06-18 18:55:50,REAL,2692353484,10246,2692363730,2692363730
2025-06-18 18:55:52,REAL,2692363730,10242,2692373972,2692373972
2025-06-18 18:55:54,REAL,2692373972,10250,2692384222,2692384222
2025-06-18 18:55:56,REAL,2692384222,10308,2692394530,2692394530
2025-06-18 18:55:58,REAL,2692394530,10257,2692404787,2692404787
2025-06-18 18:56:00,REAL,2692404787,1608,2692406395,2692406395
2025-06-18 18:56:02,REAL,2692406395,481,2692406876,2692406876
2025-06-18 18:56:04,REAL,2692406876,478,2692407354,2692407354
2025-06-18 18:56:06,REAL,2692407354,489,2692407843,2692407843
2025-06-18 18:56:08,REAL,2692407843,488,2692408331,2692408331
2025-06-18 18:56:10,REAL,2692408331,491,2692408822,2692408822
2025-06-18 18:56:12,REAL,2692408822,481,2692409303,2692409303
2025-06-18 18:56:14,REAL,2692409303,483,2692409786,2692409786
2025-06-18 18:56:16,REAL,2692409786,481,2692410267,2692410267
2025-06-18 18:56:18,REAL,2692410267,479,2692410746,2692410746
2025-06-18 18:56:20,REAL,2692410746,539,2692411285,2692411285
2025-06-18 18:56:22,REAL,2692411285,485,2692411770,2692411770
2025-06-18 18:56:24,REAL,2692411770,489,2692412259,2692412259
2025-06-18 18:56:26,REAL,2692412259,481,2692412740,2692412740
2025-06-18 18:56:28,REAL,2692412740,481,2692413221,2692413221
2025-06-18 18:56:30,REAL,2692413221,483,2692413704,2692413704
2025-06-18 18:56:32,REAL,2692413704,484,2692414188,2692414188
2025-06-18 18:56:34,REAL,2692414188,537,2692414725,2692414725
2025-06-18 18:56:36,REAL,2692414725,488,2692415213,2692415213
2025-06-18 18:56:38,REAL,2692415213,494,2692415707,2692415707
2025-06-18 18:56:40,REAL,2692415707,486,2692416193,2692416193
2025-06-18 18:56:42,REAL,2692416193,492,2692416685,2692416685
2025-06-18 18:56:44,REAL,2692416685,490,2692417175,2692417175
2025-06-18 18:56:46,REAL,2692417175,544,2692417719,2692417719
2025-06-18 18:56:48,REAL,2692417719,480,2692418199,2692418199
2025-06-18 18:56:50,REAL,2692418199,486,2692418685,2692418685
2025-06-18 18:56:52,REAL,2692418685,477,2692419162,2692419162
2025-06-18 18:56:54,REAL,2692419162,477,2692419639,2692419639
2025-06-18 18:56:56,REAL,2692419639,484,2692420123,2692420123
2025-06-18 18:56:58,REAL,2692420123,480,2692420603,2692420603
2025-06-18 18:57:00,REAL,2692420603,485,2692421088,2692421088
2025-06-18 18:57:02,REAL,2692421088,484,2692421572,2692421572
2025-06-18 18:57:04,REAL,2692421572,8610,2692430182,2692430182
2025-06-18 18:57:06,REAL,2692430182,10910,2692441092,2692441092
2025-06-18 18:57:08,REAL,2692441092,10319,2692451411,2692451411
2025-06-18 18:57:10,REAL,2692451411,10309,2692461720,2692461720
2025-06-18 18:57:12,REAL,2692461720,10249,2692471969,2692471969
2025-06-18 18:57:14,REAL,2692471969,10256,2692482225,2692482225
2025-06-18 18:57:16,REAL,2692482225,10250,2692492475,2692492475
2025-06-18 18:57:18,REAL,2692492475,9862,2692502337,2692502337
2025-06-18 18:57:20,REAL,2692502337,492,2692502829,2692502829
2025-06-18 18:57:22,REAL,2692502829,478,2692503307,2692503307
2025-06-18 18:57:24,REAL,2692503307,493,2692503800,2692503800
2025-06-18 18:57:26,REAL,2692503800,480,2692504280,2692504280
2025-06-18 18:57:28,REAL,2692504280,484,2692504764,2692504764
2025-06-18 18:57:30,REAL,2692504764,478,2692505242,2692505242
2025-06-18 18:57:32,REAL,2692505242,480,2692505722,2692505722
2025-06-18 18:57:34,REAL,2692505722,545,2692506267,2692506267
2025-06-18 18:57:36,REAL,2692506267,7016,2692513283,2692513283
2025-06-18 18:57:38,REAL,2692513283,10652,2692523935,2692523935
2025-06-18 18:57:40,REAL,2692523935,10262,2692534197,2692534197
2025-06-18 18:57:42,REAL,2692534197,10246,2692544443,2692544443
2025-06-18 18:57:44,REAL,2692544443,10251,2692554694,2692554694
2025-06-18 18:57:46,REAL,2692554694,10260,2692564954,2692564954
2025-06-18 18:57:48,REAL,2692564954,10255,2692575209,2692575209
2025-06-18 18:57:50,REAL,2692575209,9198,2692584407,2692584407
2025-06-18 18:57:52,REAL,2692584407,480,2692584887,2692584887
2025-06-18 18:57:54,REAL,2692584887,485,2692585372,2692585372
2025-06-18 18:57:56,REAL,2692585372,481,2692585853,2692585853
2025-06-18 18:57:58,REAL,2692585853,484,2692586337,2692586337
2025-06-18 18:58:00,REAL,2692586337,537,2692586874,2692586874
2025-06-18 18:58:02,REAL,2692586874,539,2692587413,2692587413
2025-06-18 18:58:04,REAL,2692587413,482,2692587895,2692587895
2025-06-18 18:58:06,REAL,2692587895,484,2692588379,2692588379
2025-06-18 18:58:08,REAL,2692588379,10065,2692598444,2692598444
2025-06-18 18:58:10,REAL,2692598444,12027,2692610471,2692610471
2025-06-18 18:58:12,REAL,2692610471,10318,2692620789,2692620789
2025-06-18 18:58:14,REAL,2692620789,10242,2692631031,2692631031
2025-06-18 18:58:16,REAL,2692631031,10255,2692641286,2692641286
2025-06-18 18:58:18,REAL,2692641286,10256,2692651542,2692651542
2025-06-18 18:58:20,REAL,2692651542,10321,2692661863,2692661863
2025-06-18 18:58:22,REAL,2692661863,8479,2692670342,2692670342
2025-06-18 18:58:24,REAL,2692670342,476,2692670818,2692670818
2025-06-18 18:58:26,REAL,2692670818,539,2692671357,2692671357
2025-06-18 18:58:28,REAL,2692671357,2804,2692674161,2692674161
2025-06-18 18:58:30,REAL,2692674161,11772,2692685933,2692685933
2025-06-18 18:58:32,REAL,2692685933,10250,2692696183,2692696183
2025-06-18 18:58:34,REAL,2692696183,10301,2692706484,2692706484
2025-06-18 18:58:36,REAL,2692706484,10251,2692716735,2692716735
2025-06-18 18:58:38,REAL,2692716735,10251,2692726986,2692726986
2025-06-18 18:58:40,REAL,2692726986,10249,2692737235,2692737235
2025-06-18 18:58:42,REAL,2692737235,10317,2692747552,2692747552
2025-06-18 18:58:44,REAL,2692747552,3256,2692750808,2692750808
2025-06-18 18:58:46,REAL,2692750808,479,2692751287,2692751287
2025-06-18 18:58:48,REAL,2692751287,479,2692751766,2692751766
2025-06-18 18:58:50,REAL,2692751766,543,2692752309,2692752309
2025-06-18 18:58:52,REAL,2692752309,485,2692752794,2692752794
2025-06-18 18:58:54,REAL,2692752794,482,2692753276,2692753276
2025-06-18 18:58:56,REAL,2692753276,484,2692753760,2692753760
2025-06-18 18:58:58,REAL,2692753760,483,2692754243,2692754243
2025-06-18 18:59:00,REAL,2692754243,541,2692754784,2692754784
2025-06-18 18:59:02,REAL,2692754784,487,2692755271,2692755271
2025-06-18 18:59:04,REAL,2692755271,477,2692755748,2692755748
2025-06-18 18:59:06,REAL,2692755748,482,2692756230,2692756230
2025-06-18 18:59:08,REAL,2692756230,485,2692756715,2692756715
2025-06-18 18:59:10,REAL,2692756715,477,2692757192,2692757192
2025-06-18 18:59:12,REAL,2692757192,486,2692757678,2692757678
2025-06-18 18:59:14,REAL,2692757678,478,2692758156,2692758156
2025-06-18 18:59:16,REAL,2692758156,541,2692758697,2692758697
2025-06-18 18:59:18,REAL,2692758697,483,2692759180,2692759180
2025-06-18 18:59:20,REAL,2692759180,482,2692759662,2692759662
2025-06-18 18:59:22,REAL,2692759662,486,2692760148,2692760148
2025-06-18 18:59:24,REAL,2692760148,487,2692760635,2692760635
2025-06-18 18:59:26,REAL,2692760635,535,2692761170,2692761170
2025-06-18 18:59:28,REAL,2692761170,486,2692761656,2692761656
2025-06-18 18:59:30,REAL,2692761656,484,2692762140,2692762140
2025-06-18 18:59:32,REAL,2692762140,477,2692762617,2692762617
2025-06-18 18:59:34,REAL,2692762617,488,2692763105,2692763105
2025-06-18 18:59:36,REAL,2692763105,488,2692763593,2692763593
2025-06-18 18:59:38,REAL,2692763593,490,2692764083,2692764083
2025-06-18 18:59:40,REAL,2692764083,483,2692764566,2692764566
2025-06-18 18:59:42,REAL,2692764566,541,2692765107,2692765107
2025-06-18 18:59:44,REAL,2692765107,477,2692765584,2692765584
2025-06-18 18:59:46,REAL,2692765584,488,2692766072,2692766072
2025-06-18 18:59:48,REAL,2692766072,4588,2692770660,2692770660
2025-06-18 18:59:50,REAL,2692770660,11241,2692781901,2692781901
2025-06-18 18:59:52,REAL,2692781901,10315,2692792216,2692792216
2025-06-18 18:59:54,REAL,2692792216,10254,2692802470,2692802470
2025-06-18 18:59:56,REAL,2692802470,10253,2692812723,2692812723
2025-06-18 18:59:58,REAL,2692812723,10309,2692823032,2692823032
2025-06-18 19:00:00,REAL,2692823032,10250,2692833282,2692833282
2025-06-18 19:00:02,REAL,2692833282,10255,2692843537,2692843537
2025-06-18 19:00:04,REAL,2692843537,1738,2692845275,2692845275
2025-06-18 19:00:06,REAL,2692845275,537,2692845812,2692845812
2025-06-18 19:00:08,REAL,2692845812,481,2692846293,2692846293
2025-06-18 19:00:10,REAL,2692846293,476,2692846769,2692846769
2025-06-18 19:00:12,REAL,2692846769,485,2692847254,2692847254
2025-06-18 19:00:14,REAL,2692847254,535,2692847789,2692847789
2025-06-18 19:00:16,REAL,2692847789,482,2692848271,2692848271
2025-06-18 19:00:18,REAL,2692848271,493,2692848764,2692848764
2025-06-18 19:00:20,REAL,2692848764,488,2692849252,2692849252
2025-06-18 19:00:22,REAL,2692849252,482,2692849734,2692849734
2025-06-18 19:00:24,REAL,2692849734,487,2692850221,2692850221
2025-06-18 19:00:26,REAL,2692850221,489,2692850710,2692850710
2025-06-18 19:00:28,REAL,2692850710,483,2692851193,2692851193
2025-06-18 19:00:30,REAL,2692851193,539,2692851732,2692851732
2025-06-18 19:00:32,REAL,2692851732,486,2692852218,2692852218
2025-06-18 19:00:34,REAL,2692852218,485,2692852703,2692852703
2025-06-18 19:00:36,REAL,2692852703,482,2692853185,2692853185
2025-06-18 19:00:38,REAL,2692853185,485,2692853670,2692853670
2025-06-18 19:00:40,REAL,2692853670,493,2692854163,2692854163
2025-06-18 19:00:42,REAL,2692854163,545,2692854708,2692854708
2025-06-18 19:00:44,REAL,2692854708,481,2692855189,2692855189
2025-06-18 19:00:46,REAL,2692855189,485,2692855674,2692855674
2025-06-18 19:00:48,REAL,2692855674,493,2692856167,2692856167
2025-06-18 19:00:50,REAL,2692856167,481,2692856648,2692856648
2025-06-18 19:00:52,REAL,2692856648,478,2692857126,2692857126
2025-06-18 19:00:54,REAL,2692857126,491,2692857617,2692857617
2025-06-18 19:00:56,REAL,2692857617,536,2692858153,2692858153
2025-06-18 19:00:58,REAL,2692858153,485,2692858638,2692858638
2025-06-18 19:01:00,REAL,2692858638,484,2692859122,2692859122
2025-06-18 19:01:02,REAL,2692859122,481,2692859603,2692859603
2025-06-18 19:01:04,REAL,2692859603,490,2692860093,2692860093
2025-06-18 19:01:06,REAL,2692860093,484,2692860577,2692860577
2025-06-18 19:01:08,REAL,2692860577,486,2692861063,2692861063
2025-06-18 19:01:10,REAL,2692861063,545,2692861608,2692861608
2025-06-18 19:01:12,REAL,2692861608,489,2692862097,2692862097
2025-06-18 19:01:14,REAL,2692862097,486,2692862583,2692862583
2025-06-18 19:01:16,REAL,2692862583,483,2692863066,2692863066
2025-06-18 19:01:18,REAL,2692863066,491,2692863557,2692863557
2025-06-18 19:01:20,REAL,2692863557,487,2692864044,2692864044
2025-06-18 19:01:22,REAL,2692864044,543,2692864587,2692864587
2025-06-18 19:01:24,REAL,2692864587,483,2692865070,2692865070
2025-06-18 19:01:26,REAL,2692865070,486,2692865556,2692865556
2025-06-18 19:01:28,REAL,2692865556,1030,2692866586,2692866586
2025-06-18 19:01:30,REAL,2692866586,12028,2692878614,2692878614
2025-06-18 19:01:32,REAL,2692878614,10251,2692888865,2692888865
2025-06-18 19:01:34,REAL,2692888865,10245,2692899110,2692899110
2025-06-18 19:01:36,REAL,2692899110,10245,2692909355,2692909355
2025-06-18 19:01:38,REAL,2692909355,10259,2692919614,2692919614
2025-06-18 19:01:40,REAL,2692919614,10315,2692929929,2692929929
2025-06-18 19:01:42,REAL,2692929929,10249,2692940178,2692940178
2025-06-18 19:01:44,REAL,2692940178,4708,2692944886,2692944886
2025-06-18 19:01:46,REAL,2692944886,481,2692945367,2692945367
2025-06-18 19:01:48,REAL,2692945367,489,2692945856,2692945856
2025-06-18 19:01:50,REAL,2692945856,480,2692946336,2692946336
2025-06-18 19:01:52,REAL,2692946336,481,2692946817,2692946817
2025-06-18 19:01:54,REAL,2692946817,545,2692947362,2692947362
2025-06-18 19:01:56,REAL,2692947362,536,2692947898,2692947898
2025-06-18 19:01:58,REAL,2692947898,484,2692948382,2692948382
2025-06-18 19:02:00,REAL,2692948382,483,2692948865,2692948865
2025-06-18 19:02:02,REAL,2692948865,483,2692949348,2692949348
2025-06-18 19:02:04,REAL,2692949348,487,2692949835,2692949835
2025-06-18 19:02:06,REAL,2692949835,490,2692950325,2692950325
2025-06-18 19:02:08,REAL,2692950325,489,2692950814,2692950814
2025-06-18 19:02:10,REAL,2692950814,480,2692951294,2692951294
2025-06-18 19:02:12,REAL,2692951294,483,2692951777,2692951777
2025-06-18 19:02:14,REAL,2692951777,490,2692952267,2692952267
2025-06-18 19:02:16,REAL,2692952267,486,2692952753,2692952753
2025-06-18 19:02:18,REAL,2692952753,488,2692953241,2692953241
2025-06-18 19:02:20,REAL,2692953241,487,2692953728,2692953728
2025-06-18 19:02:22,REAL,2692953728,490,2692954218,2692954218
2025-06-18 19:02:24,REAL,2692954218,544,2692954762,2692954762
2025-06-18 19:02:26,REAL,2692954762,533,2692955295,2692955295
2025-06-18 19:02:28,REAL,2692955295,485,2692955780,2692955780
2025-06-18 19:02:30,REAL,2692955780,490,2692956270,2692956270
2025-06-18 19:02:32,REAL,2692956270,486,2692956756,2692956756
2025-06-18 19:02:34,REAL,2692956756,486,2692957242,2692957242
2025-06-18 19:02:36,REAL,2692957242,487,2692957729,2692957729
2025-06-18 19:02:38,REAL,2692957729,487,2692958216,2692958216
2025-06-18 19:02:40,REAL,2692958216,480,2692958696,2692958696
2025-06-18 19:02:42,REAL,2692958696,482,2692959178,2692959178
2025-06-18 19:02:44,REAL,2692959178,487,2692959665,2692959665
2025-06-18 19:02:46,REAL,2692959665,492,2692960157,2692960157
2025-06-18 19:02:48,REAL,2692960157,478,2692960635,2692960635
2025-06-18 19:02:50,REAL,2692960635,492,2692961127,2692961127
2025-06-18 19:02:52,REAL,2692961127,530,2692961657,2692961657
2025-06-18 19:02:54,REAL,2692961657,488,2692962145,2692962145
2025-06-18 19:02:56,REAL,2692962145,480,2692962625,2692962625
2025-06-18 19:02:58,REAL,2692962625,532,2692963157,2692963157
2025-06-18 19:03:00,REAL,2692963157,479,2692963636,2692963636
2025-06-18 19:03:02,REAL,2692963636,479,2692964115,2692964115
2025-06-18 19:03:04,REAL,2692964115,3330,2692967445,2692967445
2025-06-18 19:03:06,REAL,2692967445,14673,2692982118,2692982118
2025-06-18 19:03:08,REAL,2692982118,10256,2692992374,2692992374
2025-06-18 19:03:10,REAL,2692992374,10317,2693002691,2693002691
2025-06-18 19:03:12,REAL,2693002691,10255,2693012946,2693012946
2025-06-18 19:03:14,REAL,2693012946,10248,2693023194,2693023194
2025-06-18 19:03:16,REAL,2693023194,10259,2693033453,2693033453
2025-06-18 19:03:18,REAL,2693033453,10253,2693043706,2693043706
2025-06-18 19:03:20,REAL,2693043706,2857,2693046563,2693046563
2025-06-18 19:03:22,REAL,2693046563,483,2693047046,2693047046
2025-06-18 19:03:24,REAL,2693047046,489,2693047535,2693047535
2025-06-18 19:03:26,REAL,2693047535,488,2693048023,2693048023
2025-06-18 19:03:28,REAL,2693048023,481,2693048504,2693048504
2025-06-18 19:03:30,REAL,2693048504,490,2693048994,2693048994
2025-06-18 19:03:32,REAL,2693048994,535,2693049529,2693049529
2025-06-18 19:03:34,REAL,2693049529,537,2693050066,2693050066
2025-06-18 19:03:36,REAL,2693050066,4244,2693054310,2693054310
2025-06-18 19:03:38,REAL,2693054310,11568,2693065878,2693065878
2025-06-18 19:03:40,REAL,2693065878,10257,2693076135,2693076135
2025-06-18 19:03:42,REAL,2693076135,10256,2693086391,2693086391
2025-06-18 19:03:44,REAL,2693086391,10242,2693096633,2693096633
2025-06-18 19:03:46,REAL,2693096633,10253,2693106886,2693106886
2025-06-18 19:03:48,REAL,2693106886,10257,2693117143,2693117143
2025-06-18 19:03:50,REAL,2693117143,10257,2693127400,2693127400
2025-06-18 19:03:52,REAL,2693127400,2200,2693129600,2693129600
2025-06-18 19:03:54,REAL,2693129600,485,2693130085,2693130085
2025-06-18 19:03:56,REAL,2693130085,483,2693130568,2693130568
2025-06-18 19:03:58,REAL,2693130568,485,2693131053,2693131053
2025-06-18 19:04:00,REAL,2693131053,482,2693131535,2693131535
2025-06-18 19:04:02,REAL,2693131535,492,2693132027,2693132027
2025-06-18 19:04:04,REAL,2693132027,534,2693132561,2693132561
2025-06-18 19:04:06,REAL,2693132561,547,2693133108,2693133108
2025-06-18 19:04:08,REAL,2693133108,4983,2693138091,2693138091
2025-06-18 19:04:10,REAL,2693138091,14477,2693152568,2693152568
2025-06-18 19:04:12,REAL,2693152568,10254,2693162822,2693162822
2025-06-18 19:04:14,REAL,2693162822,10254,2693173076,2693173076
2025-06-18 19:04:16,REAL,2693173076,10313,2693183389,2693183389
2025-06-18 19:04:18,REAL,2693183389,10254,2693193643,2693193643
2025-06-18 19:04:20,REAL,2693193643,10248,2693203891,2693203891
2025-06-18 19:04:22,REAL,2693203891,10323,2693214214,2693214214
2025-06-18 19:04:24,REAL,2693214214,1536,2693215750,2693215750
2025-06-18 19:04:26,REAL,2693215750,244,2693215994,2693215994
2025-06-18 19:04:28,REAL,2693215994,482,2693216476,2693216476
2025-06-18 19:04:30,REAL,2693216476,485,2693216961,2693216961
2025-06-18 19:04:32,REAL,2693216961,486,2693217447,2693217447
2025-06-18 19:04:34,REAL,2693217447,486,2693217933,2693217933
2025-06-18 19:04:36,REAL,2693217933,491,2693218424,2693218424
2025-06-18 19:04:38,REAL,2693218424,597,2693219021,2693219021
2025-06-18 19:04:40,REAL,2693219021,484,2693219505,2693219505
2025-06-18 19:04:42,REAL,2693219505,492,2693219997,2693219997
2025-06-18 19:04:44,REAL,2693219997,487,2693220484,2693220484
2025-06-18 19:04:46,REAL,2693220484,478,2693220962,2693220962
2025-06-18 19:04:48,REAL,2693220962,486,2693221448,2693221448
2025-06-18 19:04:50,REAL,2693221448,478,2693221926,2693221926
2025-06-18 19:04:52,REAL,2693221926,494,2693222420,2693222420
2025-06-18 19:04:54,REAL,2693222420,480,2693222900,2693222900
2025-06-18 19:04:56,REAL,2693222900,486,2693223386,2693223386
2025-06-18 19:04:58,REAL,2693223386,486,2693223872,2693223872
2025-06-18 19:05:00,REAL,2693223872,480,2693224352,2693224352
2025-06-18 19:05:02,REAL,2693224352,493,2693224845,2693224845
2025-06-18 19:05:04,REAL,2693224845,480,2693225325,2693225325
2025-06-18 19:05:06,REAL,2693225325,490,2693225815,2693225815
2025-06-18 19:05:08,REAL,2693225815,549,2693226364,2693226364
2025-06-18 19:05:10,REAL,2693226364,534,2693226898,2693226898
2025-06-18 19:05:12,REAL,2693226898,489,2693227387,2693227387
2025-06-18 19:05:14,REAL,2693227387,485,2693227872,2693227872
2025-06-18 19:05:16,REAL,2693227872,485,2693228357,2693228357
2025-06-18 19:05:18,REAL,2693228357,485,2693228842,2693228842
2025-06-18 19:05:20,REAL,2693228842,483,2693229325,2693229325
2025-06-18 19:05:22,REAL,2693229325,486,2693229811,2693229811
2025-06-18 19:05:24,REAL,2693229811,484,2693230295,2693230295
2025-06-18 19:05:26,REAL,2693230295,480,2693230775,2693230775
2025-06-18 19:05:28,REAL,2693230775,492,2693231267,2693231267
2025-06-18 19:05:30,REAL,2693231267,479,2693231746,2693231746
2025-06-18 19:05:32,REAL,2693231746,483,2693232229,2693232229
2025-06-18 19:05:34,REAL,2693232229,487,2693232716,2693232716
2025-06-18 19:05:36,REAL,2693232716,485,2693233201,2693233201
2025-06-18 19:05:38,REAL,2693233201,482,2693233683,2693233683
2025-06-18 19:05:40,REAL,2693233683,542,2693234225,2693234225
2025-06-18 19:05:42,REAL,2693234225,539,2693234764,2693234764
2025-06-18 19:05:44,REAL,2693234764,476,2693235240,2693235240
2025-06-18 19:05:46,REAL,2693235240,478,2693235718,2693235718
2025-06-18 19:05:48,REAL,2693235718,476,2693236194,2693236194
2025-06-18 19:05:50,REAL,2693236194,483,2693236677,2693236677
2025-06-18 19:05:52,REAL,2693236677,486,2693237163,2693237163
2025-06-18 19:05:54,REAL,2693237163,487,2693237650,2693237650
2025-06-18 19:05:56,REAL,2693237650,483,2693238133,2693238133
2025-06-18 19:05:58,REAL,2693238133,486,2693238619,2693238619
2025-06-18 19:06:00,REAL,2693238619,480,2693239099,2693239099
2025-06-18 19:06:02,REAL,2693239099,483,2693239582,2693239582
2025-06-18 19:06:04,REAL,2693239582,485,2693240067,2693240067
2025-06-18 19:06:06,REAL,2693240067,488,2693240555,2693240555
2025-06-18 19:06:08,REAL,2693240555,484,2693241039,2693241039
2025-06-18 19:06:10,REAL,2693241039,544,2693241583,2693241583
2025-06-18 19:06:12,REAL,2693241583,488,2693242071,2693242071
2025-06-18 19:06:14,REAL,2693242071,475,2693242546,2693242546
2025-06-18 19:06:16,REAL,2693242546,547,2693243093,2693243093
2025-06-18 19:06:18,REAL,2693243093,487,2693243580,2693243580
2025-06-18 19:06:20,REAL,2693243580,480,2693244060,2693244060
2025-06-18 19:06:22,REAL,2693244060,490,2693244550,2693244550
2025-06-18 19:06:24,REAL,2693244550,485,2693245035,2693245035
2025-06-18 19:06:26,REAL,2693245035,484,2693245519,2693245519
2025-06-18 19:06:28,REAL,2693245519,487,2693246006,2693246006
2025-06-18 19:06:30,REAL,2693246006,489,2693246495,2693246495
2025-06-18 19:06:32,REAL,2693246495,484,2693246979,2693246979
2025-06-18 19:06:34,REAL,2693246979,481,2693247460,2693247460
2025-06-18 19:06:36,REAL,2693247460,483,2693247943,2693247943
2025-06-18 19:06:38,REAL,2693247943,493,2693248436,2693248436
2025-06-18 19:06:40,REAL,2693248436,487,2693248923,2693248923
2025-06-18 19:06:42,REAL,2693248923,541,2693249464,2693249464
2025-06-18 19:06:44,REAL,2693249464,480,2693249944,2693249944
2025-06-18 19:06:46,REAL,2693249944,492,2693250436,2693250436
2025-06-18 19:06:48,REAL,2693250436,9527,2693259963,2693259963
2025-06-18 19:06:50,REAL,2693259963,10771,2693270734,2693270734
2025-06-18 19:06:52,REAL,2693270734,10259,2693280993,2693280993
2025-06-18 19:06:54,REAL,2693280993,10251,2693291244,2693291244
2025-06-18 19:06:56,REAL,2693291244,10256,2693301500,2693301500
2025-06-18 19:06:58,REAL,2693301500,10317,2693311817,2693311817
2025-06-18 19:07:00,REAL,2693311817,10253,2693322070,2693322070
2025-06-18 19:07:02,REAL,2693322070,8273,2693330343,2693330343
2025-06-18 19:07:04,REAL,2693330343,491,2693330834,2693330834
2025-06-18 19:07:06,REAL,2693330834,482,2693331316,2693331316
2025-06-18 19:07:08,REAL,2693331316,479,2693331795,2693331795
2025-06-18 19:07:10,REAL,2693331795,482,2693332277,2693332277
2025-06-18 19:07:12,REAL,2693332277,486,2693332763,2693332763
2025-06-18 19:07:14,REAL,2693332763,488,2693333251,2693333251
2025-06-18 19:07:16,REAL,2693333251,487,2693333738,2693333738
2025-06-18 19:07:18,REAL,2693333738,540,2693334278,2693334278
2025-06-18 19:07:20,REAL,2693334278,477,2693334755,2693334755
2025-06-18 19:07:22,REAL,2693334755,484,2693335239,2693335239
2025-06-18 19:07:24,REAL,2693335239,539,2693335778,2693335778
2025-06-18 19:07:26,REAL,2693335778,481,2693336259,2693336259
2025-06-18 19:07:28,REAL,2693336259,476,2693336735,2693336735
2025-06-18 19:07:30,REAL,2693336735,488,2693337223,2693337223
2025-06-18 19:07:32,REAL,2693337223,483,2693337706,2693337706
2025-06-18 19:07:34,REAL,2693337706,489,2693338195,2693338195
2025-06-18 19:07:36,REAL,2693338195,477,2693338672,2693338672
2025-06-18 19:07:38,REAL,2693338672,487,2693339159,2693339159
2025-06-18 19:07:40,REAL,2693339159,483,2693339642,2693339642
2025-06-18 19:07:42,REAL,2693339642,477,2693340119,2693340119
2025-06-18 19:07:44,REAL,2693340119,492,2693340611,2693340611
2025-06-18 19:07:46,REAL,2693340611,481,2693341092,2693341092
2025-06-18 19:07:48,REAL,2693341092,486,2693341578,2693341578
2025-06-18 19:07:50,REAL,2693341578,490,2693342068,2693342068
2025-06-18 19:07:52,REAL,2693342068,486,2693342554,2693342554
2025-06-18 19:07:54,REAL,2693342554,484,2693343038,2693343038
2025-06-18 19:07:56,REAL,2693343038,487,2693343525,2693343525
2025-06-18 19:07:58,REAL,2693343525,486,2693344011,2693344011
2025-06-18 19:08:00,REAL,2693344011,531,2693344542,2693344542
2025-06-18 19:08:02,REAL,2693344542,479,2693345021,2693345021
2025-06-18 19:08:04,REAL,2693345021,548,2693345569,2693345569
2025-06-18 19:08:06,REAL,2693345569,479,2693346048,2693346048
2025-06-18 19:08:08,REAL,2693346048,477,2693346525,2693346525
2025-06-18 19:08:10,REAL,2693346525,492,2693347017,2693347017
2025-06-18 19:08:12,REAL,2693347017,487,2693347504,2693347504
2025-06-18 19:08:14,REAL,2693347504,481,2693347985,2693347985
2025-06-18 19:08:16,REAL,2693347985,476,2693348461,2693348461
2025-06-18 19:08:18,REAL,2693348461,478,2693348939,2693348939
2025-06-18 19:08:20,REAL,2693348939,479,2693349418,2693349418
2025-06-18 19:08:22,REAL,2693349418,485,2693349903,2693349903
2025-06-18 19:08:24,REAL,2693349903,11115,2693361018,2693361018
2025-06-18 19:08:26,REAL,2693361018,10385,2693371403,2693371403
2025-06-18 19:08:28,REAL,2693371403,10244,2693381647,2693381647
2025-06-18 19:08:30,REAL,2693381647,10251,2693391898,2693391898
2025-06-18 19:08:32,REAL,2693391898,10248,2693402146,2693402146
2025-06-18 19:08:34,REAL,2693402146,10308,2693412454,2693412454
2025-06-18 19:08:36,REAL,2693412454,10249,2693422703,2693422703
2025-06-18 19:08:38,REAL,2693422703,6367,2693429070,2693429070
2025-06-18 19:08:40,REAL,2693429070,481,2693429551,2693429551
2025-06-18 19:08:42,REAL,2693429551,476,2693430027,2693430027
2025-06-18 19:08:44,REAL,2693430027,478,2693430505,2693430505
2025-06-18 19:08:46,REAL,2693430505,490,2693430995,2693430995
2025-06-18 19:08:48,REAL,2693430995,488,2693431483,2693431483
2025-06-18 19:08:50,REAL,2693431483,481,2693431964,2693431964
2025-06-18 19:08:52,REAL,2693431964,491,2693432455,2693432455
2025-06-18 19:08:54,REAL,2693432455,483,2693432938,2693432938
2025-06-18 19:08:56,REAL,2693432938,11581,2693444519,2693444519
2025-06-18 19:08:58,REAL,2693444519,10245,2693454764,2693454764
2025-06-18 19:09:00,REAL,2693454764,10260,2693465024,2693465024
2025-06-18 19:09:02,REAL,2693465024,10261,2693475285,2693475285
2025-06-18 19:09:04,REAL,2693475285,10251,2693485536,2693485536
2025-06-18 19:09:06,REAL,2693485536,10250,2693495786,2693495786
2025-06-18 19:09:08,REAL,2693495786,10245,2693506031,2693506031
2025-06-18 19:09:10,REAL,2693506031,5755,2693511786,2693511786
2025-06-18 19:09:12,REAL,2693511786,485,2693512271,2693512271
2025-06-18 19:09:14,REAL,2693512271,477,2693512748,2693512748
2025-06-18 19:09:16,REAL,2693512748,493,2693513241,2693513241
2025-06-18 19:09:18,REAL,2693513241,484,2693513725,2693513725
2025-06-18 19:09:20,REAL,2693513725,482,2693514207,2693514207
2025-06-18 19:09:22,REAL,2693514207,482,2693514689,2693514689
2025-06-18 19:09:24,REAL,2693514689,480,2693515169,2693515169
2025-06-18 19:09:26,REAL,2693515169,485,2693515654,2693515654
2025-06-18 19:09:28,REAL,2693515654,12445,2693528099,2693528099
2025-06-18 19:09:30,REAL,2693528099,10320,2693538419,2693538419
2025-06-18 19:09:32,REAL,2693538419,10248,2693548667,2693548667
2025-06-18 19:09:34,REAL,2693548667,10318,2693558985,2693558985
2025-06-18 19:09:36,REAL,2693558985,10254,2693569239,2693569239
2025-06-18 19:09:38,REAL,2693569239,10254,2693579493,2693579493
2025-06-18 19:09:40,REAL,2693579493,10251,2693589744,2693589744
2025-06-18 19:09:42,REAL,2693589744,5163,2693594907,2693594907
2025-06-18 19:09:44,REAL,2693594907,542,2693595449,2693595449
2025-06-18 19:09:46,REAL,2693595449,481,2693595930,2693595930
2025-06-18 19:09:48,REAL,2693595930,484,2693596414,2693596414
2025-06-18 19:09:50,REAL,2693596414,484,2693596898,2693596898
2025-06-18 19:09:52,REAL,2693596898,480,2693597378,2693597378
2025-06-18 19:09:54,REAL,2693597378,490,2693597868,2693597868
2025-06-18 19:09:56,REAL,2693597868,492,2693598360,2693598360
2025-06-18 19:09:58,REAL,2693598360,1679,2693600039,2693600039
2025-06-18 19:10:00,REAL,2693600039,11565,2693611604,2693611604
2025-06-18 19:10:02,REAL,2693611604,10321,2693621925,2693621925
2025-06-18 19:10:04,REAL,2693621925,10255,2693632180,2693632180
2025-06-18 19:10:06,REAL,2693632180,10252,2693642432,2693642432
2025-06-18 19:10:08,REAL,2693642432,10246,2693652678,2693652678
2025-06-18 19:10:10,REAL,2693652678,10320,2693662998,2693662998
2025-06-18 19:10:12,REAL,2693662998,10255,2693673253,2693673253
2025-06-18 19:10:14,REAL,2693673253,4441,2693677694,2693677694
2025-06-18 19:10:16,REAL,2693677694,489,2693678183,2693678183
2025-06-18 19:10:18,REAL,2693678183,537,2693678720,2693678720
2025-06-18 19:10:20,REAL,2693678720,480,2693679200,2693679200
2025-06-18 19:10:22,REAL,2693679200,494,2693679694,2693679694
2025-06-18 19:10:24,REAL,2693679694,489,2693680183,2693680183
2025-06-18 19:10:26,REAL,2693680183,489,2693680672,2693680672
2025-06-18 19:10:28,REAL,2693680672,481,2693681153,2693681153
2025-06-18 19:10:30,REAL,2693681153,2082,2693683235,2693683235
2025-06-18 19:10:32,REAL,2693683235,11831,2693695066,2693695066
2025-06-18 19:10:34,REAL,2693695066,10253,2693705319,2693705319
2025-06-18 19:10:36,REAL,2693705319,10317,2693715636,2693715636
2025-06-18 19:10:38,REAL,2693715636,10254,2693725890,2693725890
2025-06-18 19:10:40,REAL,2693725890,10255,2693736145,2693736145
2025-06-18 19:10:42,REAL,2693736145,10246,2693746391,2693746391
2025-06-18 19:10:44,REAL,2693746391,10242,2693756633,2693756633
2025-06-18 19:10:46,REAL,2693756633,3848,2693760481,2693760481
2025-06-18 19:10:48,REAL,2693760481,486,2693760967,2693760967
2025-06-18 19:10:50,REAL,2693760967,483,2693761450,2693761450
2025-06-18 19:10:52,REAL,2693761450,489,2693761939,2693761939
2025-06-18 19:10:54,REAL,2693761939,536,2693762475,2693762475
2025-06-18 19:10:56,REAL,2693762475,490,2693762965,2693762965
2025-06-18 19:10:58,REAL,2693762965,480,2693763445,2693763445
2025-06-18 19:11:00,REAL,2693763445,486,2693763931,2693763931
2025-06-18 19:11:02,REAL,2693763931,2869,2693766800,2693766800
2025-06-18 19:11:04,REAL,2693766800,11709,2693778509,2693778509
2025-06-18 19:11:06,REAL,2693778509,10261,2693788770,2693788770
2025-06-18 19:11:08,REAL,2693788770,10313,2693799083,2693799083
2025-06-18 19:11:10,REAL,2693799083,10248,2693809331,2693809331
2025-06-18 19:11:12,REAL,2693809331,10248,2693819579,2693819579
2025-06-18 19:11:14,REAL,2693819579,10312,2693829891,2693829891
2025-06-18 19:11:16,REAL,2693829891,10256,2693840147,2693840147
2025-06-18 19:11:18,REAL,2693840147,3187,2693843334,2693843334
2025-06-18 19:11:20,REAL,2693843334,482,2693843816,2693843816
2025-06-18 19:11:22,REAL,2693843816,482,2693844298,2693844298
2025-06-18 19:11:24,REAL,2693844298,481,2693844779,2693844779
2025-06-18 19:11:26,REAL,2693844779,481,2693845260,2693845260
2025-06-18 19:11:28,REAL,2693845260,533,2693845793,2693845793
2025-06-18 19:11:30,REAL,2693845793,489,2693846282,2693846282
2025-06-18 19:11:32,REAL,2693846282,479,2693846761,2693846761
2025-06-18 19:11:34,REAL,2693846761,480,2693847241,2693847241
2025-06-18 19:11:36,REAL,2693847241,489,2693847730,2693847730
2025-06-18 19:11:38,REAL,2693847730,488,2693848218,2693848218
2025-06-18 19:11:40,REAL,2693848218,486,2693848704,2693848704
2025-06-18 19:11:42,REAL,2693848704,483,2693849187,2693849187
2025-06-18 19:11:44,REAL,2693849187,477,2693849664,2693849664
2025-06-18 19:11:46,REAL,2693849664,483,2693850147,2693850147
2025-06-18 19:11:48,REAL,2693850147,490,2693850637,2693850637
2025-06-18 19:11:50,REAL,2693850637,541,2693851178,2693851178
2025-06-18 19:11:52,REAL,2693851178,483,2693851661,2693851661
2025-06-18 19:11:54,REAL,2693851661,483,2693852144,2693852144
2025-06-18 19:11:56,REAL,2693852144,487,2693852631,2693852631
2025-06-18 19:11:58,REAL,2693852631,482,2693853113,2693853113
2025-06-18 19:12:00,REAL,2693853113,492,2693853605,2693853605
2025-06-18 19:12:02,REAL,2693853605,488,2693854093,2693854093
2025-06-18 19:12:04,REAL,2693854093,545,2693854638,2693854638
2025-06-18 19:12:06,REAL,2693854638,555,2693855193,2693855193
2025-06-18 19:12:08,REAL,2693855193,485,2693855678,2693855678
2025-06-18 19:12:10,REAL,2693855678,475,2693856153,2693856153
2025-06-18 19:12:12,REAL,2693856153,483,2693856636,2693856636
2025-06-18 19:12:14,REAL,2693856636,484,2693857120,2693857120
2025-06-18 19:12:16,REAL,2693857120,480,2693857600,2693857600
2025-06-18 19:12:18,REAL,2693857600,494,2693858094,2693858094
2025-06-18 19:12:20,REAL,2693858094,483,2693858577,2693858577
2025-06-18 19:12:22,REAL,2693858577,489,2693859066,2693859066
2025-06-18 19:12:24,REAL,2693859066,490,2693859556,2693859556
2025-06-18 19:12:26,REAL,2693859556,484,2693860040,2693860040
2025-06-18 19:12:28,REAL,2693860040,483,2693860523,2693860523
2025-06-18 19:12:30,REAL,2693860523,480,2693861003,2693861003
2025-06-18 19:12:32,REAL,2693861003,486,2693861489,2693861489
2025-06-18 19:12:34,REAL,2693861489,483,2693861972,2693861972
2025-06-18 19:12:36,REAL,2693861972,488,2693862460,2693862460
2025-06-18 19:12:38,REAL,2693862460,5243,2693867703,2693867703
2025-06-18 19:12:40,REAL,2693867703,11435,2693879138,2693879138
2025-06-18 19:12:42,REAL,2693879138,10245,2693889383,2693889383
2025-06-18 19:12:44,REAL,2693889383,10253,2693899636,2693899636
2025-06-18 19:12:46,REAL,2693899636,10246,2693909882,2693909882
2025-06-18 19:12:48,REAL,2693909882,10327,2693920209,2693920209
2025-06-18 19:12:50,REAL,2693920209,10255,2693930464,2693930464
2025-06-18 19:12:52,REAL,2693930464,10253,2693940717,2693940717
2025-06-18 19:12:54,REAL,2693940717,1350,2693942067,2693942067
2025-06-18 19:12:56,REAL,2693942067,488,2693942555,2693942555
2025-06-18 19:12:58,REAL,2693942555,486,2693943041,2693943041
2025-06-18 19:13:00,REAL,2693943041,486,2693943527,2693943527
2025-06-18 19:13:02,REAL,2693943527,482,2693944009,2693944009
2025-06-18 19:13:04,REAL,2693944009,480,2693944489,2693944489
2025-06-18 19:13:06,REAL,2693944489,482,2693944971,2693944971
2025-06-18 19:13:08,REAL,2693944971,484,2693945455,2693945455
2025-06-18 19:13:10,REAL,2693945455,489,2693945944,2693945944
2025-06-18 19:13:12,REAL,2693945944,486,2693946430,2693946430
2025-06-18 19:13:14,REAL,2693946430,589,2693947019,2693947019
2025-06-18 19:13:16,REAL,2693947019,486,2693947505,2693947505
2025-06-18 19:13:18,REAL,2693947505,474,2693947979,2693947979
2025-06-18 19:13:20,REAL,2693947979,488,2693948467,2693948467
2025-06-18 19:13:22,REAL,2693948467,482,2693948949,2693948949
2025-06-18 19:13:24,REAL,2693948949,481,2693949430,2693949430
2025-06-18 19:13:26,REAL,2693949430,493,2693949923,2693949923
2025-06-18 19:13:28,REAL,2693949923,488,2693950411,2693950411
2025-06-18 19:13:30,REAL,2693950411,475,2693950886,2693950886
2025-06-18 19:13:32,REAL,2693950886,487,2693951373,2693951373
2025-06-18 19:13:34,REAL,2693951373,483,2693951856,2693951856
2025-06-18 19:13:36,REAL,2693951856,489,2693952345,2693952345
2025-06-18 19:13:38,REAL,2693952345,485,2693952830,2693952830
2025-06-18 19:13:40,REAL,2693952830,488,2693953318,2693953318
2025-06-18 19:13:42,REAL,2693953318,475,2693953793,2693953793
2025-06-18 19:13:44,REAL,2693953793,486,2693954279,2693954279
2025-06-18 19:13:46,REAL,2693954279,482,2693954761,2693954761
2025-06-18 19:13:48,REAL,2693954761,545,2693955306,2693955306
2025-06-18 19:13:50,REAL,2693955306,541,2693955847,2693955847
2025-06-18 19:13:52,REAL,2693955847,486,2693956333,2693956333
2025-06-18 19:13:54,REAL,2693956333,484,2693956817,2693956817
2025-06-18 19:13:56,REAL,2693956817,485,2693957302,2693957302
2025-06-18 19:13:58,REAL,2693957302,8548,2693965850,2693965850
2025-06-18 19:14:00,REAL,2693965850,12571,2693978421,2693978421
2025-06-18 19:14:02,REAL,2693978421,10320,2693988741,2693988741
2025-06-18 19:14:04,REAL,2693988741,10249,2693998990,2693998990
2025-06-18 19:14:06,REAL,2693998990,10248,2694009238,2694009238
2025-06-18 19:14:08,REAL,2694009238,10309,2694019547,2694019547
2025-06-18 19:14:10,REAL,2694019547,10252,2694029799,2694029799
2025-06-18 19:14:12,REAL,2694029799,9596,2694039395,2694039395
2025-06-18 19:14:14,REAL,2694039395,485,2694039880,2694039880
2025-06-18 19:14:16,REAL,2694039880,483,2694040363,2694040363
2025-06-18 19:14:18,REAL,2694040363,486,2694040849,2694040849
2025-06-18 19:14:20,REAL,2694040849,484,2694041333,2694041333
2025-06-18 19:14:22,REAL,2694041333,486,2694041819,2694041819
2025-06-18 19:14:24,REAL,2694041819,483,2694042302,2694042302
2025-06-18 19:14:26,REAL,2694042302,548,2694042850,2694042850
2025-06-18 19:14:28,REAL,2694042850,482,2694043332,2694043332
2025-06-18 19:14:30,REAL,2694043332,492,2694043824,2694043824
2025-06-18 19:14:32,REAL,2694043824,535,2694044359,2694044359
2025-06-18 19:14:34,REAL,2694044359,489,2694044848,2694044848
2025-06-18 19:14:36,REAL,2694044848,479,2694045327,2694045327
2025-06-18 19:14:38,REAL,2694045327,482,2694045809,2694045809
2025-06-18 19:14:40,REAL,2694045809,490,2694046299,2694046299
2025-06-18 19:14:42,REAL,2694046299,477,2694046776,2694046776
2025-06-18 19:14:44,REAL,2694046776,488,2694047264,2694047264
2025-06-18 19:14:46,REAL,2694047264,483,2694047747,2694047747
2025-06-18 19:14:48,REAL,2694047747,486,2694048233,2694048233
2025-06-18 19:14:50,REAL,2694048233,488,2694048721,2694048721
2025-06-18 19:14:52,REAL,2694048721,480,2694049201,2694049201
2025-06-18 19:14:54,REAL,2694049201,488,2694049689,2694049689
2025-06-18 19:14:56,REAL,2694049689,488,2694050177,2694050177
2025-06-18 19:14:58,REAL,2694050177,490,2694050667,2694050667
2025-06-18 19:15:00,REAL,2694050667,478,2694051145,2694051145
2025-06-18 19:15:02,REAL,2694051145,8738,2694059883,2694059883
2025-06-18 19:15:04,REAL,2694059883,10699,2694070582,2694070582
2025-06-18 19:15:06,REAL,2694070582,10243,2694080825,2694080825
2025-06-18 19:15:08,REAL,2694080825,10321,2694091146,2694091146
2025-06-18 19:15:10,REAL,2694091146,10251,2694101397,2694101397
2025-06-18 19:15:12,REAL,2694101397,10321,2694111718,2694111718
2025-06-18 19:15:14,REAL,2694111718,10250,2694121968,2694121968
2025-06-18 19:15:16,REAL,2694121968,8339,2694130307,2694130307
2025-06-18 19:15:18,REAL,2694130307,485,2694130792,2694130792
2025-06-18 19:15:20,REAL,2694130792,490,2694131282,2694131282
2025-06-18 19:15:22,REAL,2694131282,490,2694131772,2694131772
2025-06-18 19:15:24,REAL,2694131772,485,2694132257,2694132257
2025-06-18 19:15:26,REAL,2694132257,486,2694132743,2694132743
2025-06-18 19:15:28,REAL,2694132743,482,2694133225,2694133225
2025-06-18 19:15:30,REAL,2694133225,487,2694133712,2694133712
2025-06-18 19:15:32,REAL,2694133712,483,2694134195,2694134195
2025-06-18 19:15:34,REAL,2694134195,481,2694134676,2694134676
2025-06-18 19:15:36,REAL,2694134676,483,2694135159,2694135159
2025-06-18 19:15:38,REAL,2694135159,538,2694135697,2694135697
2025-06-18 19:15:40,REAL,2694135697,533,2694136230,2694136230
2025-06-18 19:15:42,REAL,2694136230,482,2694136712,2694136712
2025-06-18 19:15:44,REAL,2694136712,493,2694137205,2694137205
2025-06-18 19:15:46,REAL,2694137205,475,2694137680,2694137680
2025-06-18 19:15:48,REAL,2694137680,491,2694138171,2694138171
2025-06-18 19:15:50,REAL,2694138171,482,2694138653,2694138653
2025-06-18 19:15:52,REAL,2694138653,489,2694139142,2694139142
2025-06-18 19:15:54,REAL,2694139142,482,2694139624,2694139624
2025-06-18 19:15:56,REAL,2694139624,476,2694140100,2694140100
2025-06-18 19:15:58,REAL,2694140100,484,2694140584,2694140584
2025-06-18 19:16:00,REAL,2694140584,479,2694141063,2694141063
2025-06-18 19:16:02,REAL,2694141063,477,2694141540,2694141540
2025-06-18 19:16:04,REAL,2694141540,478,2694142018,2694142018
2025-06-18 19:16:06,REAL,2694142018,9793,2694151811,2694151811
2025-06-18 19:16:08,REAL,2694151811,10450,2694162261,2694162261
2025-06-18 19:16:10,REAL,2694162261,10256,2694172517,2694172517
2025-06-18 19:16:12,REAL,2694172517,10248,2694182765,2694182765
2025-06-18 19:16:14,REAL,2694182765,10308,2694193073,2694193073
2025-06-18 19:16:16,REAL,2694193073,10251,2694203324,2694203324
2025-06-18 19:16:18,REAL,2694203324,10252,2694213576,2694213576
2025-06-18 19:16:20,REAL,2694213576,7083,2694220659,2694220659
2025-06-18 19:16:22,REAL,2694220659,488,2694221147,2694221147
2025-06-18 19:16:24,REAL,2694221147,492,2694221639,2694221639
2025-06-18 19:16:26,REAL,2694221639,490,2694222129,2694222129
2025-06-18 19:16:28,REAL,2694222129,477,2694222606,2694222606
2025-06-18 19:16:30,REAL,2694222606,486,2694223092,2694223092
2025-06-18 19:16:32,REAL,2694223092,476,2694223568,2694223568
2025-06-18 19:16:34,REAL,2694223568,486,2694224054,2694224054
2025-06-18 19:16:36,REAL,2694224054,484,2694224538,2694224538
2025-06-18 19:16:38,REAL,2694224538,492,2694225030,2694225030
2025-06-18 19:16:40,REAL,2694225030,544,2694225574,2694225574
2025-06-18 19:16:42,REAL,2694225574,490,2694226064,2694226064
2025-06-18 19:16:44,REAL,2694226064,487,2694226551,2694226551
2025-06-18 19:16:46,REAL,2694226551,486,2694227037,2694227037
2025-06-18 19:16:48,REAL,2694227037,491,2694227528,2694227528
2025-06-18 19:16:50,REAL,2694227528,531,2694228059,2694228059
2025-06-18 19:16:52,REAL,2694228059,491,2694228550,2694228550
2025-06-18 19:16:54,REAL,2694228550,484,2694229034,2694229034
2025-06-18 19:16:56,REAL,2694229034,480,2694229514,2694229514
2025-06-18 19:16:58,REAL,2694229514,490,2694230004,2694230004
2025-06-18 19:17:00,REAL,2694230004,484,2694230488,2694230488
2025-06-18 19:17:02,REAL,2694230488,486,2694230974,2694230974
2025-06-18 19:17:04,REAL,2694230974,483,2694231457,2694231457
2025-06-18 19:17:06,REAL,2694231457,474,2694231931,2694231931
2025-06-18 19:17:08,REAL,2694231931,479,2694232410,2694232410
2025-06-18 19:17:10,REAL,2694232410,14941,2694247351,2694247351
2025-06-18 19:17:12,REAL,2694247351,10249,2694257600,2694257600
2025-06-18 19:17:14,REAL,2694257600,10324,2694267924,2694267924
2025-06-18 19:17:16,REAL,2694267924,10244,2694278168,2694278168
2025-06-18 19:17:18,REAL,2694278168,10250,2694288418,2694288418
2025-06-18 19:17:20,REAL,2694288418,10301,2694298719,2694298719
2025-06-18 19:17:22,REAL,2694298719,10314,2694309033,2694309033
2025-06-18 19:17:24,REAL,2694309033,5758,2694314791,2694314791
2025-06-18 19:17:26,REAL,2694314791,490,2694315281,2694315281
2025-06-18 19:17:28,REAL,2694315281,484,2694315765,2694315765
2025-06-18 19:17:30,REAL,2694315765,483,2694316248,2694316248
2025-06-18 19:17:32,REAL,2694316248,482,2694316730,2694316730
2025-06-18 19:17:34,REAL,2694316730,493,2694317223,2694317223
2025-06-18 19:17:36,REAL,2694317223,476,2694317699,2694317699
2025-06-18 19:17:38,REAL,2694317699,481,2694318180,2694318180
2025-06-18 19:17:40,REAL,2694318180,483,2694318663,2694318663
2025-06-18 19:17:42,REAL,2694318663,12171,2694330834,2694330834
2025-06-18 19:17:44,REAL,2694330834,10261,2694341095,2694341095
2025-06-18 19:17:46,REAL,2694341095,10367,2694351462,2694351462
2025-06-18 19:17:48,REAL,2694351462,10248,2694361710,2694361710
2025-06-18 19:17:50,REAL,2694361710,10252,2694371962,2694371962
2025-06-18 19:17:52,REAL,2694371962,10249,2694382211,2694382211
2025-06-18 19:17:54,REAL,2694382211,10257,2694392468,2694392468
2025-06-18 19:17:56,REAL,2694392468,5171,2694397639,2694397639
2025-06-18 19:17:58,REAL,2694397639,479,2694398118,2694398118
2025-06-18 19:18:00,REAL,2694398118,480,2694398598,2694398598
2025-06-18 19:18:02,REAL,2694398598,478,2694399076,2694399076
2025-06-18 19:18:04,REAL,2694399076,479,2694399555,2694399555
2025-06-18 19:18:06,REAL,2694399555,543,2694400098,2694400098
2025-06-18 19:18:08,REAL,2694400098,490,2694400588,2694400588
2025-06-18 19:18:10,REAL,2694400588,493,2694401081,2694401081
2025-06-18 19:18:12,REAL,2694401081,1285,2694402366,2694402366
2025-06-18 19:18:14,REAL,2694402366,12164,2694414530,2694414530
2025-06-18 19:18:16,REAL,2694414530,10306,2694424836,2694424836
2025-06-18 19:18:18,REAL,2694424836,10245,2694435081,2694435081
2025-06-18 19:18:20,REAL,2694435081,10254,2694445335,2694445335
2025-06-18 19:18:22,REAL,2694445335,10318,2694455653,2694455653
2025-06-18 19:18:24,REAL,2694455653,10256,2694465909,2694465909
2025-06-18 19:18:26,REAL,2694465909,10253,2694476162,2694476162
2025-06-18 19:18:28,REAL,2694476162,4509,2694480671,2694480671
2025-06-18 19:18:30,REAL,2694480671,479,2694481150,2694481150
2025-06-18 19:18:32,REAL,2694481150,489,2694481639,2694481639
2025-06-18 19:18:34,REAL,2694481639,485,2694482124,2694482124
2025-06-18 19:18:36,REAL,2694482124,486,2694482610,2694482610
2025-06-18 19:18:38,REAL,2694482610,537,2694483147,2694483147
2025-06-18 19:18:40,REAL,2694483147,486,2694483633,2694483633
2025-06-18 19:18:42,REAL,2694483633,483,2694484116,2694484116
2025-06-18 19:18:44,REAL,2694484116,482,2694484598,2694484598
2025-06-18 19:18:46,REAL,2694484598,538,2694485136,2694485136
2025-06-18 19:18:48,REAL,2694485136,491,2694485627,2694485627
2025-06-18 19:18:50,REAL,2694485627,487,2694486114,2694486114
2025-06-18 19:18:52,REAL,2694486114,475,2694486589,2694486589
2025-06-18 19:18:54,REAL,2694486589,479,2694487068,2694487068
2025-06-18 19:18:56,REAL,2694487068,487,2694487555,2694487555
2025-06-18 19:18:58,REAL,2694487555,482,2694488037,2694488037
2025-06-18 19:19:00,REAL,2694488037,487,2694488524,2694488524
2025-06-18 19:19:02,REAL,2694488524,484,2694489008,2694489008
2025-06-18 19:19:04,REAL,2694489008,542,2694489550,2694489550
2025-06-18 19:19:06,REAL,2694489550,486,2694490036,2694490036
2025-06-18 19:19:08,REAL,2694490036,476,2694490512,2694490512
2025-06-18 19:19:10,REAL,2694490512,484,2694490996,2694490996
2025-06-18 19:19:12,REAL,2694490996,533,2694491529,2694491529
2025-06-18 19:19:14,REAL,2694491529,491,2694492020,2694492020
2025-06-18 19:19:16,REAL,2694492020,2874,2694494894,2694494894
2025-06-18 19:19:18,REAL,2694494894,11899,2694506793,2694506793
2025-06-18 19:19:20,REAL,2694506793,10257,2694517050,2694517050
2025-06-18 19:19:22,REAL,2694517050,10256,2694527306,2694527306
2025-06-18 19:19:24,REAL,2694527306,10254,2694537560,2694537560
2025-06-18 19:19:26,REAL,2694537560,10308,2694547868,2694547868
2025-06-18 19:19:28,REAL,2694547868,10249,2694558117,2694558117
2025-06-18 19:19:30,REAL,2694558117,10256,2694568373,2694568373
2025-06-18 19:19:32,REAL,2694568373,3327,2694571700,2694571700
2025-06-18 19:19:34,REAL,2694571700,488,2694572188,2694572188
2025-06-18 19:19:36,REAL,2694572188,483,2694572671,2694572671
2025-06-18 19:19:38,REAL,2694572671,488,2694573159,2694573159
2025-06-18 19:19:40,REAL,2694573159,489,2694573648,2694573648
2025-06-18 19:19:42,REAL,2694573648,600,2694574248,2694574248
2025-06-18 19:19:44,REAL,2694574248,479,2694574727,2694574727
2025-06-18 19:19:46,REAL,2694574727,490,2694575217,2694575217
2025-06-18 19:19:48,REAL,2694575217,477,2694575694,2694575694
2025-06-18 19:19:50,REAL,2694575694,481,2694576175,2694576175
2025-06-18 19:19:52,REAL,2694576175,478,2694576653,2694576653
2025-06-18 19:19:54,REAL,2694576653,476,2694577129,2694577129
2025-06-18 19:19:56,REAL,2694577129,484,2694577613,2694577613
2025-06-18 19:19:58,REAL,2694577613,484,2694578097,2694578097
2025-06-18 19:20:00,REAL,2694578097,488,2694578585,2694578585
2025-06-18 19:20:02,REAL,2694578585,484,2694579069,2694579069
2025-06-18 19:20:04,REAL,2694579069,478,2694579547,2694579547
2025-06-18 19:20:06,REAL,2694579547,479,2694580026,2694580026
2025-06-18 19:20:08,REAL,2694580026,541,2694580567,2694580567
2025-06-18 19:20:10,REAL,2694580567,538,2694581105,2694581105
2025-06-18 19:20:12,REAL,2694581105,477,2694581582,2694581582
2025-06-18 19:20:14,REAL,2694581582,491,2694582073,2694582073
2025-06-18 19:20:16,REAL,2694582073,486,2694582559,2694582559
2025-06-18 19:20:18,REAL,2694582559,482,2694583041,2694583041
2025-06-18 19:20:20,REAL,2694583041,484,2694583525,2694583525
2025-06-18 19:20:22,REAL,2694583525,480,2694584005,2694584005
2025-06-18 19:20:24,REAL,2694584005,491,2694584496,2694584496
2025-06-18 19:20:26,REAL,2694584496,478,2694584974,2694584974
2025-06-18 19:20:28,REAL,2694584974,485,2694585459,2694585459
2025-06-18 19:20:30,REAL,2694585459,477,2694585936,2694585936
2025-06-18 19:20:32,REAL,2694585936,479,2694586415,2694586415
2025-06-18 19:20:34,REAL,2694586415,545,2694586960,2694586960
2025-06-18 19:20:36,REAL,2694586960,4907,2694591867,2694591867
2025-06-18 19:20:38,REAL,2694591867,14084,2694605951,2694605951
2025-06-18 19:20:40,REAL,2694605951,10380,2694616331,2694616331
2025-06-18 19:20:42,REAL,2694616331,10255,2694626586,2694626586
2025-06-18 19:20:44,REAL,2694626586,10254,2694636840,2694636840
2025-06-18 19:20:46,REAL,2694636840,10245,2694647085,2694647085
2025-06-18 19:20:48,REAL,2694647085,10245,2694657330,2694657330
2025-06-18 19:20:50,REAL,2694657330,10251,2694667581,2694667581
2025-06-18 19:20:52,REAL,2694667581,1736,2694669317,2694669317
2025-06-18 19:20:54,REAL,2694669317,478,2694669795,2694669795
2025-06-18 19:20:56,REAL,2694669795,484,2694670279,2694670279
2025-06-18 19:20:58,REAL,2694670279,491,2694670770,2694670770
2025-06-18 19:21:00,REAL,2694670770,549,2694671319,2694671319
2025-06-18 19:21:02,REAL,2694671319,492,2694671811,2694671811
2025-06-18 19:21:04,REAL,2694671811,487,2694672298,2694672298
2025-06-18 19:21:06,REAL,2694672298,483,2694672781,2694672781
2025-06-18 19:21:08,REAL,2694672781,539,2694673320,2694673320
2025-06-18 19:21:10,REAL,2694673320,485,2694673805,2694673805
2025-06-18 19:21:12,REAL,2694673805,486,2694674291,2694674291
2025-06-18 19:21:14,REAL,2694674291,484,2694674775,2694674775
2025-06-18 19:21:16,REAL,2694674775,484,2694675259,2694675259
2025-06-18 19:21:18,REAL,2694675259,483,2694675742,2694675742
2025-06-18 19:21:20,REAL,2694675742,487,2694676229,2694676229
2025-06-18 19:21:22,REAL,2694676229,483,2694676712,2694676712
2025-06-18 19:21:24,REAL,2694676712,238,2694676950,2694676950
2025-06-18 19:21:26,REAL,2694676950,492,2694677442,2694677442
2025-06-18 19:21:28,REAL,2694677442,790,2694678232,2694678232
2025-06-18 19:21:30,REAL,2694678232,238,2694678470,2694678470
2025-06-18 19:21:32,REAL,2694678470,488,2694678958,2694678958
2025-06-18 19:21:34,REAL,2694678958,488,2694679446,2694679446
2025-06-18 19:21:36,REAL,2694679446,541,2694679987,2694679987
2025-06-18 19:21:38,REAL,2694679987,477,2694680464,2694680464
2025-06-18 19:21:40,REAL,2694680464,487,2694680951,2694680951
2025-06-18 19:21:42,REAL,2694680951,480,2694681431,2694681431
2025-06-18 19:21:44,REAL,2694681431,486,2694681917,2694681917
2025-06-18 19:21:46,REAL,2694681917,487,2694682404,2694682404
2025-06-18 19:21:48,REAL,2694682404,488,2694682892,2694682892
2025-06-18 19:21:50,REAL,2694682892,485,2694683377,2694683377
2025-06-18 19:21:52,REAL,2694683377,535,2694683912,2694683912
2025-06-18 19:21:54,REAL,2694683912,483,2694684395,2694684395
2025-06-18 19:21:56,REAL,2694684395,484,2694684879,2694684879
2025-06-18 19:21:58,REAL,2694684879,485,2694685364,2694685364
2025-06-18 19:22:00,REAL,2694685364,485,2694685849,2694685849
2025-06-18 19:22:02,REAL,2694685849,485,2694686334,2694686334
2025-06-18 19:22:04,REAL,2694686334,488,2694686822,2694686822
2025-06-18 19:22:06,REAL,2694686822,542,2694687364,2694687364
2025-06-18 19:22:08,REAL,2694687364,481,2694687845,2694687845
2025-06-18 19:22:10,REAL,2694687845,492,2694688337,2694688337
2025-06-18 19:22:12,REAL,2694688337,484,2694688821,2694688821
2025-06-18 19:22:14,REAL,2694688821,484,2694689305,2694689305
2025-06-18 19:22:16,REAL,2694689305,481,2694689786,2694689786
2025-06-18 19:22:18,REAL,2694689786,486,2694690272,2694690272
2025-06-18 19:22:20,REAL,2694690272,540,2694690812,2694690812
2025-06-18 19:22:22,REAL,2694690812,485,2694691297,2694691297
2025-06-18 19:22:24,REAL,2694691297,485,2694691782,2694691782
2025-06-18 19:22:26,REAL,2694691782,486,2694692268,2694692268
2025-06-18 19:22:28,REAL,2694692268,490,2694692758,2694692758
2025-06-18 19:22:30,REAL,2694692758,488,2694693246,2694693246
2025-06-18 19:22:32,REAL,2694693246,484,2694693730,2694693730
2025-06-18 19:22:34,REAL,2694693730,546,2694694276,2694694276
2025-06-18 19:22:36,REAL,2694694276,478,2694694754,2694694754
2025-06-18 19:22:38,REAL,2694694754,484,2694695238,2694695238
2025-06-18 19:22:40,REAL,2694695238,479,2694695717,2694695717
2025-06-18 19:22:42,REAL,2694695717,475,2694696192,2694696192
2025-06-18 19:22:44,REAL,2694696192,7689,2694703881,2694703881
2025-06-18 19:22:46,REAL,2694703881,10655,2694714536,2694714536
2025-06-18 19:22:48,REAL,2694714536,10316,2694724852,2694724852
2025-06-18 19:22:50,REAL,2694724852,10249,2694735101,2694735101
2025-06-18 19:22:52,REAL,2694735101,10260,2694745361,2694745361
2025-06-18 19:22:54,REAL,2694745361,10321,2694755682,2694755682
2025-06-18 19:22:56,REAL,2694755682,10259,2694765941,2694765941
2025-06-18 19:22:58,REAL,2694765941,9071,2694775012,2694775012
2025-06-18 19:23:00,REAL,2694775012,487,2694775499,2694775499
2025-06-18 19:23:02,REAL,2694775499,539,2694776038,2694776038
2025-06-18 19:23:04,REAL,2694776038,489,2694776527,2694776527
2025-06-18 19:23:06,REAL,2694776527,494,2694777021,2694777021
2025-06-18 19:23:08,REAL,2694777021,491,2694777512,2694777512
2025-06-18 19:23:10,REAL,2694777512,488,2694778000,2694778000
2025-06-18 19:23:12,REAL,2694778000,483,2694778483,2694778483
2025-06-18 19:23:14,REAL,2694778483,480,2694778963,2694778963
2025-06-18 19:23:16,REAL,2694778963,540,2694779503,2694779503
2025-06-18 19:23:18,REAL,2694779503,478,2694779981,2694779981
2025-06-18 19:23:20,REAL,2694779981,484,2694780465,2694780465
2025-06-18 19:23:22,REAL,2694780465,476,2694780941,2694780941
2025-06-18 19:23:24,REAL,2694780941,485,2694781426,2694781426
2025-06-18 19:23:26,REAL,2694781426,489,2694781915,2694781915
2025-06-18 19:23:28,REAL,2694781915,483,2694782398,2694782398
2025-06-18 19:23:30,REAL,2694782398,482,2694782880,2694782880
2025-06-18 19:23:32,REAL,2694782880,538,2694783418,2694783418
2025-06-18 19:23:34,REAL,2694783418,489,2694783907,2694783907
2025-06-18 19:23:36,REAL,2694783907,477,2694784384,2694784384
2025-06-18 19:23:38,REAL,2694784384,490,2694784874,2694784874
2025-06-18 19:23:40,REAL,2694784874,486,2694785360,2694785360
2025-06-18 19:23:42,REAL,2694785360,483,2694785843,2694785843
2025-06-18 19:23:44,REAL,2694785843,488,2694786331,2694786331
2025-06-18 19:23:46,REAL,2694786331,482,2694786813,2694786813
2025-06-18 19:23:48,REAL,2694786813,479,2694787292,2694787292
2025-06-18 19:23:50,REAL,2694787292,531,2694787823,2694787823
2025-06-18 19:23:52,REAL,2694787823,487,2694788310,2694788310
2025-06-18 19:23:54,REAL,2694788310,484,2694788794,2694788794
2025-06-18 19:23:56,REAL,2694788794,481,2694789275,2694789275
2025-06-18 19:23:58,REAL,2694789275,486,2694789761,2694789761
2025-06-18 19:24:00,REAL,2694789761,539,2694790300,2694790300
2025-06-18 19:24:02,REAL,2694790300,486,2694790786,2694790786
2025-06-18 19:24:04,REAL,2694790786,11841,2694802627,2694802627
2025-06-18 19:24:06,REAL,2694802627,10844,2694813471,2694813471
2025-06-18 19:24:08,REAL,2694813471,10324,2694823795,2694823795
2025-06-18 19:24:10,REAL,2694823795,10257,2694834052,2694834052
2025-06-18 19:24:12,REAL,2694834052,10252,2694844304,2694844304
2025-06-18 19:24:14,REAL,2694844304,10316,2694854620,2694854620
2025-06-18 19:24:16,REAL,2694854620,10249,2694864869,2694864869
2025-06-18 19:24:18,REAL,2694864869,7416,2694872285,2694872285
2025-06-18 19:24:20,REAL,2694872285,475,2694872760,2694872760
2025-06-18 19:24:22,REAL,2694872760,491,2694873251,2694873251
2025-06-18 19:24:24,REAL,2694873251,484,2694873735,2694873735
2025-06-18 19:24:26,REAL,2694873735,482,2694874217,2694874217
2025-06-18 19:24:28,REAL,2694874217,533,2694874750,2694874750
2025-06-18 19:24:30,REAL,2694874750,479,2694875229,2694875229
2025-06-18 19:24:32,REAL,2694875229,482,2694875711,2694875711
2025-06-18 19:24:34,REAL,2694875711,481,2694876192,2694876192
2025-06-18 19:24:36,REAL,2694876192,547,2694876739,2694876739
2025-06-18 19:24:38,REAL,2694876739,482,2694877221,2694877221
2025-06-18 19:24:40,REAL,2694877221,486,2694877707,2694877707
2025-06-18 19:24:42,REAL,2694877707,483,2694878190,2694878190
2025-06-18 19:24:44,REAL,2694878190,483,2694878673,2694878673
2025-06-18 19:24:46,REAL,2694878673,483,2694879156,2694879156
2025-06-18 19:24:48,REAL,2694879156,487,2694879643,2694879643
2025-06-18 19:24:50,REAL,2694879643,478,2694880121,2694880121
2025-06-18 19:24:52,REAL,2694880121,486,2694880607,2694880607
2025-06-18 19:24:54,REAL,2694880607,482,2694881089,2694881089
2025-06-18 19:24:56,REAL,2694881089,490,2694881579,2694881579
2025-06-18 19:24:58,REAL,2694881579,531,2694882110,2694882110
2025-06-18 19:25:00,REAL,2694882110,484,2694882594,2694882594
2025-06-18 19:25:02,REAL,2694882594,484,2694883078,2694883078
2025-06-18 19:25:04,REAL,2694883078,486,2694883564,2694883564
2025-06-18 19:25:06,REAL,2694883564,482,2694884046,2694884046
2025-06-18 19:25:08,REAL,2694884046,541,2694884587,2694884587
2025-06-18 19:25:10,REAL,2694884587,483,2694885070,2694885070
2025-06-18 19:25:12,REAL,2694885070,489,2694885559,2694885559
2025-06-18 19:25:14,REAL,2694885559,485,2694886044,2694886044
2025-06-18 19:25:16,REAL,2694886044,484,2694886528,2694886528
2025-06-18 19:25:18,REAL,2694886528,486,2694887014,2694887014
2025-06-18 19:25:20,REAL,2694887014,482,2694887496,2694887496
2025-06-18 19:25:22,REAL,2694887496,478,2694887974,2694887974
2025-06-18 19:25:24,REAL,2694887974,11379,2694899353,2694899353
2025-06-18 19:25:26,REAL,2694899353,10312,2694909665,2694909665
2025-06-18 19:25:28,REAL,2694909665,10316,2694919981,2694919981
2025-06-18 19:25:30,REAL,2694919981,10259,2694930240,2694930240
2025-06-18 19:25:32,REAL,2694930240,10257,2694940497,2694940497
2025-06-18 19:25:34,REAL,2694940497,10255,2694950752,2694950752
2025-06-18 19:25:36,REAL,2694950752,10319,2694961071,2694961071
2025-06-18 19:25:38,REAL,2694961071,5823,2694966894,2694966894
2025-06-18 19:25:40,REAL,2694966894,476,2694967370,2694967370
2025-06-18 19:25:42,REAL,2694967370,489,2694967859,2694967859
2025-06-18 19:25:44,REAL,2694967859,484,2694968343,2694968343
2025-06-18 19:25:46,REAL,2694968343,478,2694968821,2694968821
2025-06-18 19:25:48,REAL,2694968821,483,2694969304,2694969304
2025-06-18 19:25:50,REAL,2694969304,484,2694969788,2694969788
2025-06-18 19:25:52,REAL,2694969788,490,2694970278,2694970278
2025-06-18 19:25:54,REAL,2694970278,542,2694970820,2694970820
2025-06-18 19:25:56,REAL,2694970820,533,2694971353,2694971353
2025-06-18 19:25:58,REAL,2694971353,482,2694971835,2694971835
2025-06-18 19:26:00,REAL,2694971835,483,2694972318,2694972318
2025-06-18 19:26:02,REAL,2694972318,482,2694972800,2694972800
2025-06-18 19:26:04,REAL,2694972800,478,2694973278,2694973278
2025-06-18 19:26:06,REAL,2694973278,484,2694973762,2694973762
2025-06-18 19:26:08,REAL,2694973762,479,2694974241,2694974241
2025-06-18 19:26:10,REAL,2694974241,482,2694974723,2694974723
2025-06-18 19:26:12,REAL,2694974723,485,2694975208,2694975208
2025-06-18 19:26:14,REAL,2694975208,488,2694975696,2694975696
2025-06-18 19:26:16,REAL,2694975696,478,2694976174,2694976174
2025-06-18 19:26:18,REAL,2694976174,477,2694976651,2694976651
2025-06-18 19:26:20,REAL,2694976651,479,2694977130,2694977130
2025-06-18 19:26:22,REAL,2694977130,482,2694977612,2694977612
2025-06-18 19:26:24,REAL,2694977612,543,2694978155,2694978155
2025-06-18 19:26:26,REAL,2694978155,483,2694978638,2694978638
2025-06-18 19:26:28,REAL,2694978638,540,2694979178,2694979178
2025-06-18 19:26:30,REAL,2694979178,481,2694979659,2694979659
2025-06-18 19:26:32,REAL,2694979659,480,2694980139,2694980139
2025-06-18 19:26:34,REAL,2694980139,483,2694980622,2694980622
2025-06-18 19:26:36,REAL,2694980622,488,2694981110,2694981110
2025-06-18 19:26:38,REAL,2694981110,482,2694981592,2694981592
2025-06-18 19:26:40,REAL,2694981592,477,2694982069,2694982069
2025-06-18 19:26:42,REAL,2694982069,485,2694982554,2694982554
2025-06-18 19:26:44,REAL,2694982554,480,2694983034,2694983034
2025-06-18 19:26:46,REAL,2694983034,480,2694983514,2694983514
2025-06-18 19:26:48,REAL,2694983514,491,2694984005,2694984005
2025-06-18 19:26:50,REAL,2694984005,482,2694984487,2694984487
2025-06-18 19:26:52,REAL,2694984487,476,2694984963,2694984963
2025-06-18 19:26:54,REAL,2694984963,483,2694985446,2694985446
2025-06-18 19:26:56,REAL,2694985446,481,2694985927,2694985927
2025-06-18 19:26:58,REAL,2694985927,482,2694986409,2694986409
2025-06-18 19:27:00,REAL,2694986409,482,2694986891,2694986891
2025-06-18 19:27:02,REAL,2694986891,535,2694987426,2694987426
2025-06-18 19:27:04,REAL,2694987426,482,2694987908,2694987908
2025-06-18 19:27:06,REAL,2694987908,483,2694988391,2694988391
2025-06-18 19:27:08,REAL,2694988391,486,2694988877,2694988877
2025-06-18 19:27:10,REAL,2694988877,477,2694989354,2694989354
2025-06-18 19:27:12,REAL,2694989354,480,2694989834,2694989834
2025-06-18 19:27:14,REAL,2694989834,2331,2694992165,2694992165
2025-06-18 19:27:16,REAL,2694992165,14415,2695006580,2695006580
2025-06-18 19:27:18,REAL,2695006580,10247,2695016827,2695016827
2025-06-18 19:27:20,REAL,2695016827,10250,2695027077,2695027077
2025-06-18 19:27:22,REAL,2695027077,10313,2695037390,2695037390
2025-06-18 19:27:24,REAL,2695037390,10254,2695047644,2695047644
2025-06-18 19:27:26,REAL,2695047644,10315,2695057959,2695057959
2025-06-18 19:27:28,REAL,2695057959,10248,2695068207,2695068207
2025-06-18 19:27:30,REAL,2695068207,3712,2695071919,2695071919
2025-06-18 19:27:32,REAL,2695071919,484,2695072403,2695072403
2025-06-18 19:27:34,REAL,2695072403,486,2695072889,2695072889
2025-06-18 19:27:36,REAL,2695072889,484,2695073373,2695073373
2025-06-18 19:27:38,REAL,2695073373,489,2695073862,2695073862
2025-06-18 19:27:40,REAL,2695073862,492,2695074354,2695074354
2025-06-18 19:27:42,REAL,2695074354,478,2695074832,2695074832
2025-06-18 19:27:44,REAL,2695074832,494,2695075326,2695075326
2025-06-18 19:27:46,REAL,2695075326,3053,2695078379,2695078379
2025-06-18 19:27:48,REAL,2695078379,11568,2695089947,2695089947
2025-06-18 19:27:50,REAL,2695089947,10254,2695100201,2695100201
2025-06-18 19:27:52,REAL,2695100201,10320,2695110521,2695110521
2025-06-18 19:27:54,REAL,2695110521,10251,2695120772,2695120772
2025-06-18 19:27:56,REAL,2695120772,10256,2695131028,2695131028
2025-06-18 19:27:58,REAL,2695131028,10261,2695141289,2695141289
2025-06-18 19:28:00,REAL,2695141289,10325,2695151614,2695151614
2025-06-18 19:28:02,REAL,2695151614,3063,2695154677,2695154677
2025-06-18 19:28:04,REAL,2695154677,534,2695155211,2695155211
2025-06-18 19:28:06,REAL,2695155211,486,2695155697,2695155697
2025-06-18 19:28:08,REAL,2695155697,489,2695156186,2695156186
2025-06-18 19:28:10,REAL,2695156186,481,2695156667,2695156667
2025-06-18 19:28:12,REAL,2695156667,490,2695157157,2695157157
2025-06-18 19:28:14,REAL,2695157157,484,2695157641,2695157641
2025-06-18 19:28:16,REAL,2695157641,486,2695158127,2695158127
2025-06-18 19:28:18,REAL,2695158127,4259,2695162386,2695162386
2025-06-18 19:28:20,REAL,2695162386,11503,2695173889,2695173889
2025-06-18 19:28:22,REAL,2695173889,10253,2695184142,2695184142
2025-06-18 19:28:24,REAL,2695184142,10247,2695194389,2695194389
2025-06-18 19:28:26,REAL,2695194389,10259,2695204648,2695204648
2025-06-18 19:28:28,REAL,2695204648,10328,2695214976,2695214976
2025-06-18 19:28:30,REAL,2695214976,10247,2695225223,2695225223
2025-06-18 19:28:32,REAL,2695225223,10257,2695235480,2695235480
2025-06-18 19:28:34,REAL,2695235480,2399,2695237879,2695237879
2025-06-18 19:28:36,REAL,2695237879,482,2695238361,2695238361
2025-06-18 19:28:38,REAL,2695238361,483,2695238844,2695238844
2025-06-18 19:28:40,REAL,2695238844,483,2695239327,2695239327
2025-06-18 19:28:42,REAL,2695239327,490,2695239817,2695239817
2025-06-18 19:28:44,REAL,2695239817,479,2695240296,2695240296
2025-06-18 19:28:46,REAL,2695240296,488,2695240784,2695240784
2025-06-18 19:28:48,REAL,2695240784,480,2695241264,2695241264
2025-06-18 19:28:50,REAL,2695241264,4844,2695246108,2695246108
2025-06-18 19:28:52,REAL,2695246108,11097,2695257205,2695257205
2025-06-18 19:28:54,REAL,2695257205,10254,2695267459,2695267459
2025-06-18 19:28:56,REAL,2695267459,10248,2695277707,2695277707
2025-06-18 19:28:58,REAL,2695277707,10251,2695287958,2695287958
2025-06-18 19:29:00,REAL,2695287958,10316,2695298274,2695298274
2025-06-18 19:29:02,REAL,2695298274,10248,2695308522,2695308522
2025-06-18 19:29:04,REAL,2695308522,10248,2695318770,2695318770
2025-06-18 19:29:06,REAL,2695318770,1808,2695320578,2695320578
2025-06-18 19:29:08,REAL,2695320578,487,2695321065,2695321065
2025-06-18 19:29:10,REAL,2695321065,480,2695321545,2695321545
2025-06-18 19:29:12,REAL,2695321545,489,2695322034,2695322034
2025-06-18 19:29:14,REAL,2695322034,487,2695322521,2695322521
2025-06-18 19:29:16,REAL,2695322521,490,2695323011,2695323011
2025-06-18 19:29:18,REAL,2695323011,483,2695323494,2695323494
2025-06-18 19:29:20,REAL,2695323494,484,2695323978,2695323978
2025-06-18 19:29:22,REAL,2695323978,486,2695324464,2695324464
2025-06-18 19:29:24,REAL,2695324464,480,2695324944,2695324944
2025-06-18 19:29:26,REAL,2695324944,486,2695325430,2695325430
2025-06-18 19:29:28,REAL,2695325430,489,2695325919,2695325919
2025-06-18 19:29:30,REAL,2695325919,487,2695326406,2695326406
2025-06-18 19:29:32,REAL,2695326406,546,2695326952,2695326952
2025-06-18 19:29:34,REAL,2695326952,482,2695327434,2695327434
2025-06-18 19:29:36,REAL,2695327434,492,2695327926,2695327926
2025-06-18 19:29:38,REAL,2695327926,479,2695328405,2695328405
2025-06-18 19:29:40,REAL,2695328405,486,2695328891,2695328891
2025-06-18 19:29:42,REAL,2695328891,540,2695329431,2695329431
2025-06-18 19:29:44,REAL,2695329431,491,2695329922,2695329922
2025-06-18 19:29:46,REAL,2695329922,474,2695330396,2695330396
2025-06-18 19:29:48,REAL,2695330396,485,2695330881,2695330881
2025-06-18 19:29:50,REAL,2695330881,478,2695331359,2695331359
2025-06-18 19:29:52,REAL,2695331359,486,2695331845,2695331845
2025-06-18 19:29:54,REAL,2695331845,486,2695332331,2695332331
2025-06-18 19:29:56,REAL,2695332331,485,2695332816,2695332816
2025-06-18 19:29:58,REAL,2695332816,483,2695333299,2695333299
2025-06-18 19:30:00,REAL,2695333299,11448,2695344747,2695344747
2025-06-18 19:30:02,REAL,2695344747,10314,2695355061,2695355061
2025-06-18 19:30:04,REAL,2695355061,10260,2695365321,2695365321
2025-06-18 19:30:06,REAL,2695365321,10246,2695375567,2695375567
2025-06-18 19:30:08,REAL,2695375567,10256,2695385823,2695385823
2025-06-18 19:30:10,REAL,2695385823,10250,2695396073,2695396073
2025-06-18 19:30:12,REAL,2695396073,10316,2695406389,2695406389
2025-06-18 19:30:14,REAL,2695406389,5361,2695411750,2695411750
2025-06-18 19:30:16,REAL,2695411750,483,2695412233,2695412233
2025-06-18 19:30:18,REAL,2695412233,477,2695412710,2695412710
2025-06-18 19:30:20,REAL,2695412710,485,2695413195,2695413195
2025-06-18 19:30:22,REAL,2695413195,484,2695413679,2695413679
2025-06-18 19:30:24,REAL,2695413679,480,2695414159,2695414159
2025-06-18 19:30:26,REAL,2695414159,475,2695414634,2695414634
2025-06-18 19:30:28,REAL,2695414634,481,2695415115,2695415115
2025-06-18 19:30:30,REAL,2695415115,1012,2695416127,2695416127
2025-06-18 19:30:32,REAL,2695416127,15135,2695431262,2695431262
2025-06-18 19:30:34,REAL,2695431262,10323,2695441585,2695441585
2025-06-18 19:30:36,REAL,2695441585,10251,2695451836,2695451836
2025-06-18 19:30:38,REAL,2695451836,10258,2695462094,2695462094
2025-06-18 19:30:40,REAL,2695462094,10380,2695472474,2695472474
2025-06-18 19:30:42,REAL,2695472474,10190,2695482664,2695482664
2025-06-18 19:30:44,REAL,2695482664,10246,2695492910,2695492910
2025-06-18 19:30:46,REAL,2695492910,4775,2695497685,2695497685
2025-06-18 19:30:48,REAL,2695497685,479,2695498164,2695498164
2025-06-18 19:30:50,REAL,2695498164,482,2695498646,2695498646
2025-06-18 19:30:52,REAL,2695498646,476,2695499122,2695499122
2025-06-18 19:30:54,REAL,2695499122,482,2695499604,2695499604
2025-06-18 19:30:56,REAL,2695499604,477,2695500081,2695500081
2025-06-18 19:30:58,REAL,2695500081,486,2695500567,2695500567
2025-06-18 19:31:00,REAL,2695500567,488,2695501055,2695501055
2025-06-18 19:31:02,REAL,2695501055,1809,2695502864,2695502864
2025-06-18 19:31:04,REAL,2695502864,11504,2695514368,2695514368
2025-06-18 19:31:06,REAL,2695514368,10256,2695524624,2695524624
2025-06-18 19:31:08,REAL,2695524624,10319,2695534943,2695534943
2025-06-18 19:31:10,REAL,2695534943,10246,2695545189,2695545189
2025-06-18 19:31:12,REAL,2695545189,10256,2695555445,2695555445
2025-06-18 19:31:14,REAL,2695555445,10314,2695565759,2695565759
2025-06-18 19:31:16,REAL,2695565759,10253,2695576012,2695576012
2025-06-18 19:31:18,REAL,2695576012,4180,2695580192,2695580192
2025-06-18 19:31:20,REAL,2695580192,535,2695580727,2695580727
2025-06-18 19:31:22,REAL,2695580727,488,2695581215,2695581215
2025-06-18 19:31:24,REAL,2695581215,480,2695581695,2695581695
2025-06-18 19:31:26,REAL,2695581695,484,2695582179,2695582179
2025-06-18 19:31:28,REAL,2695582179,480,2695582659,2695582659
2025-06-18 19:31:30,REAL,2695582659,476,2695583135,2695583135
2025-06-18 19:31:32,REAL,2695583135,488,2695583623,2695583623
2025-06-18 19:31:34,REAL,2695583623,2462,2695586085,2695586085
2025-06-18 19:31:36,REAL,2695586085,11567,2695597652,2695597652
2025-06-18 19:31:38,REAL,2695597652,10242,2695607894,2695607894
2025-06-18 19:31:40,REAL,2695607894,10317,2695618211,2695618211
2025-06-18 19:31:42,REAL,2695618211,10249,2695628460,2695628460
2025-06-18 19:31:44,REAL,2695628460,10246,2695638706,2695638706
2025-06-18 19:31:46,REAL,2695638706,10315,2695649021,2695649021
2025-06-18 19:31:48,REAL,2695649021,10255,2695659276,2695659276
2025-06-18 19:31:50,REAL,2695659276,3584,2695662860,2695662860
2025-06-18 19:31:52,REAL,2695662860,483,2695663343,2695663343
2025-06-18 19:31:54,REAL,2695663343,488,2695663831,2695663831
2025-06-18 19:31:56,REAL,2695663831,485,2695664316,2695664316
2025-06-18 19:31:58,REAL,2695664316,491,2695664807,2695664807
2025-06-18 19:32:00,REAL,2695664807,485,2695665292,2695665292
2025-06-18 19:32:02,REAL,2695665292,489,2695665781,2695665781
2025-06-18 19:32:04,REAL,2695665781,486,2695666267,2695666267
2025-06-18 19:32:06,REAL,2695666267,489,2695666756,2695666756
2025-06-18 19:32:08,REAL,2695666756,481,2695667237,2695667237
2025-06-18 19:32:10,REAL,2695667237,481,2695667718,2695667718
2025-06-18 19:32:12,REAL,2695667718,544,2695668262,2695668262
2025-06-18 19:32:14,REAL,2695668262,477,2695668739,2695668739
2025-06-18 19:32:16,REAL,2695668739,533,2695669272,2695669272
2025-06-18 19:32:18,REAL,2695669272,483,2695669755,2695669755
2025-06-18 19:32:20,REAL,2695669755,486,2695670241,2695670241
2025-06-18 19:32:22,REAL,2695670241,481,2695670722,2695670722
2025-06-18 19:32:24,REAL,2695670722,488,2695671210,2695671210
2025-06-18 19:32:26,REAL,2695671210,485,2695671695,2695671695
2025-06-18 19:32:28,REAL,2695671695,484,2695672179,2695672179
2025-06-18 19:32:30,REAL,2695672179,482,2695672661,2695672661
2025-06-18 19:32:32,REAL,2695672661,487,2695673148,2695673148
2025-06-18 19:32:34,REAL,2695673148,487,2695673635,2695673635
2025-06-18 19:32:36,REAL,2695673635,486,2695674121,2695674121
2025-06-18 19:32:38,REAL,2695674121,483,2695674604,2695674604
2025-06-18 19:32:40,REAL,2695674604,486,2695675090,2695675090
2025-06-18 19:32:42,REAL,2695675090,485,2695675575,2695675575
2025-06-18 19:32:44,REAL,2695675575,537,2695676112,2695676112
2025-06-18 19:32:46,REAL,2695676112,479,2695676591,2695676591
2025-06-18 19:32:48,REAL,2695676591,478,2695677069,2695677069
2025-06-18 19:32:50,REAL,2695677069,486,2695677555,2695677555
2025-06-18 19:32:52,REAL,2695677555,492,2695678047,2695678047
2025-06-18 19:32:54,REAL,2695678047,492,2695678539,2695678539
2025-06-18 19:32:56,REAL,2695678539,487,2695679026,2695679026
2025-06-18 19:32:58,REAL,2695679026,489,2695679515,2695679515
2025-06-18 19:33:00,REAL,2695679515,545,2695680060,2695680060
2025-06-18 19:33:02,REAL,2695680060,485,2695680545,2695680545
2025-06-18 19:33:04,REAL,2695680545,476,2695681021,2695681021
2025-06-18 19:33:06,REAL,2695681021,490,2695681511,2695681511
2025-06-18 19:33:08,REAL,2695681511,484,2695681995,2695681995
2025-06-18 19:33:10,REAL,2695681995,482,2695682477,2695682477
2025-06-18 19:33:12,REAL,2695682477,486,2695682963,2695682963
2025-06-18 19:33:14,REAL,2695682963,488,2695683451,2695683451
2025-06-18 19:33:16,REAL,2695683451,546,2695683997,2695683997
2025-06-18 19:33:18,REAL,2695683997,488,2695684485,2695684485
2025-06-18 19:33:20,REAL,2695684485,476,2695684961,2695684961
2025-06-18 19:33:22,REAL,2695684961,490,2695685451,2695685451
2025-06-18 19:33:24,REAL,2695685451,481,2695685932,2695685932
2025-06-18 19:33:26,REAL,2695685932,483,2695686415,2695686415
2025-06-18 19:33:28,REAL,2695686415,493,2695686908,2695686908
2025-06-18 19:33:30,REAL,2695686908,484,2695687392,2695687392
2025-06-18 19:33:32,REAL,2695687392,482,2695687874,2695687874
2025-06-18 19:33:34,REAL,2695687874,479,2695688353,2695688353
2025-06-18 19:33:36,REAL,2695688353,485,2695688838,2695688838
2025-06-18 19:33:38,REAL,2695688838,476,2695689314,2695689314
2025-06-18 19:33:40,REAL,2695689314,489,2695689803,2695689803
2025-06-18 19:33:42,REAL,2695689803,5582,2695695385,2695695385
2025-06-18 19:33:44,REAL,2695695385,10846,2695706231,2695706231
2025-06-18 19:33:46,REAL,2695706231,10254,2695716485,2695716485
2025-06-18 19:33:48,REAL,2695716485,10315,2695726800,2695726800
2025-06-18 19:33:50,REAL,2695726800,10313,2695737113,2695737113
2025-06-18 19:33:52,REAL,2695737113,10326,2695747439,2695747439
2025-06-18 19:33:54,REAL,2695747439,10255,2695757694,2695757694
2025-06-18 19:33:56,REAL,2695757694,10316,2695768010,2695768010
2025-06-18 19:33:58,REAL,2695768010,1016,2695769026,2695769026
2025-06-18 19:34:00,REAL,2695769026,487,2695769513,2695769513
2025-06-18 19:34:02,REAL,2695769513,485,2695769998,2695769998
2025-06-18 19:34:04,REAL,2695769998,483,2695770481,2695770481
2025-06-18 19:34:06,REAL,2695770481,489,2695770970,2695770970
2025-06-18 19:34:08,REAL,2695770970,479,2695771449,2695771449
2025-06-18 19:34:10,REAL,2695771449,484,2695771933,2695771933
2025-06-18 19:34:12,REAL,2695771933,488,2695772421,2695772421
2025-06-18 19:34:14,REAL,2695772421,485,2695772906,2695772906
2025-06-18 19:34:16,REAL,2695772906,487,2695773393,2695773393
2025-06-18 19:34:18,REAL,2695773393,485,2695773878,2695773878
2025-06-18 19:34:20,REAL,2695773878,485,2695774363,2695774363
2025-06-18 19:34:22,REAL,2695774363,486,2695774849,2695774849
2025-06-18 19:34:24,REAL,2695774849,538,2695775387,2695775387
2025-06-18 19:34:26,REAL,2695775387,488,2695775875,2695775875
2025-06-18 19:34:28,REAL,2695775875,481,2695776356,2695776356
2025-06-18 19:34:30,REAL,2695776356,540,2695776896,2695776896
2025-06-18 19:34:32,REAL,2695776896,484,2695777380,2695777380
2025-06-18 19:34:34,REAL,2695777380,482,2695777862,2695777862
2025-06-18 19:34:36,REAL,2695777862,482,2695778344,2695778344
2025-06-18 19:34:38,REAL,2695778344,477,2695778821,2695778821
2025-06-18 19:34:40,REAL,2695778821,480,2695779301,2695779301
2025-06-18 19:34:42,REAL,2695779301,484,2695779785,2695779785
2025-06-18 19:34:44,REAL,2695779785,479,2695780264,2695780264
2025-06-18 19:34:46,REAL,2695780264,483,2695780747,2695780747
2025-06-18 19:34:48,REAL,2695780747,479,2695781226,2695781226
2025-06-18 19:34:50,REAL,2695781226,475,2695781701,2695781701
2025-06-18 19:34:52,REAL,2695781701,477,2695782178,2695782178
2025-06-18 19:34:54,REAL,2695782178,480,2695782658,2695782658
2025-06-18 19:34:56,REAL,2695782658,536,2695783194,2695783194
2025-06-18 19:34:58,REAL,2695783194,481,2695783675,2695783675
2025-06-18 19:35:00,REAL,2695783675,479,2695784154,2695784154
2025-06-18 19:35:02,REAL,2695784154,6959,2695791113,2695791113
2025-06-18 19:35:04,REAL,2695791113,10712,2695801825,2695801825
2025-06-18 19:35:06,REAL,2695801825,10244,2695812069,2695812069
2025-06-18 19:35:08,REAL,2695812069,10250,2695822319,2695822319
2025-06-18 19:35:10,REAL,2695822319,10325,2695832644,2695832644
2025-06-18 19:35:12,REAL,2695832644,10258,2695842902,2695842902
2025-06-18 19:35:14,REAL,2695842902,10250,2695853152,2695853152
2025-06-18 19:35:16,REAL,2695853152,9259,2695862411,2695862411
2025-06-18 19:35:18,REAL,2695862411,477,2695862888,2695862888
2025-06-18 19:35:20,REAL,2695862888,487,2695863375,2695863375
2025-06-18 19:35:22,REAL,2695863375,485,2695863860,2695863860
2025-06-18 19:35:24,REAL,2695863860,487,2695864347,2695864347
2025-06-18 19:35:26,REAL,2695864347,480,2695864827,2695864827
2025-06-18 19:35:28,REAL,2695864827,545,2695865372,2695865372
2025-06-18 19:35:30,REAL,2695865372,481,2695865853,2695865853
2025-06-18 19:35:32,REAL,2695865853,478,2695866331,2695866331
2025-06-18 19:35:34,REAL,2695866331,8341,2695874672,2695874672
2025-06-18 19:35:36,REAL,2695874672,10789,2695885461,2695885461
2025-06-18 19:35:38,REAL,2695885461,10255,2695895716,2695895716
2025-06-18 19:35:40,REAL,2695895716,10325,2695906041,2695906041
2025-06-18 19:35:42,REAL,2695906041,10253,2695916294,2695916294
2025-06-18 19:35:44,REAL,2695916294,10326,2695926620,2695926620
2025-06-18 19:35:46,REAL,2695926620,10252,2695936872,2695936872
2025-06-18 19:35:48,REAL,2695936872,8663,2695945535,2695945535
2025-06-18 19:35:50,REAL,2695945535,481,2695946016,2695946016
2025-06-18 19:35:52,REAL,2695946016,484,2695946500,2695946500
2025-06-18 19:35:54,REAL,2695946500,486,2695946986,2695946986
2025-06-18 19:35:56,REAL,2695946986,479,2695947465,2695947465
2025-06-18 19:35:58,REAL,2695947465,487,2695947952,2695947952
2025-06-18 19:36:00,REAL,2695947952,491,2695948443,2695948443
2025-06-18 19:36:02,REAL,2695948443,537,2695948980,2695948980
2025-06-18 19:36:04,REAL,2695948980,487,2695949467,2695949467
2025-06-18 19:36:06,REAL,2695949467,8802,2695958269,2695958269
2025-06-18 19:36:08,REAL,2695958269,10987,2695969256,2695969256
2025-06-18 19:36:10,REAL,2695969256,10320,2695979576,2695979576
2025-06-18 19:36:12,REAL,2695979576,10251,2695989827,2695989827
2025-06-18 19:36:14,REAL,2695989827,10246,2696000073,2696000073
2025-06-18 19:36:16,REAL,2696000073,10323,2696010396,2696010396
2025-06-18 19:36:18,REAL,2696010396,10189,2696020585,2696020585
2025-06-18 19:36:20,REAL,2696020585,8005,2696028590,2696028590
2025-06-18 19:36:22,REAL,2696028590,478,2696029068,2696029068
2025-06-18 19:36:24,REAL,2696029068,484,2696029552,2696029552
2025-06-18 19:36:26,REAL,2696029552,483,2696030035,2696030035
2025-06-18 19:36:28,REAL,2696030035,484,2696030519,2696030519
2025-06-18 19:36:30,REAL,2696030519,482,2696031001,2696031001
2025-06-18 19:36:32,REAL,2696031001,487,2696031488,2696031488
2025-06-18 19:36:34,REAL,2696031488,541,2696032029,2696032029
2025-06-18 19:36:36,REAL,2696032029,474,2696032503,2696032503
2025-06-18 19:36:38,REAL,2696032503,478,2696032981,2696032981
2025-06-18 19:36:40,REAL,2696032981,493,2696033474,2696033474
2025-06-18 19:36:42,REAL,2696033474,479,2696033953,2696033953
2025-06-18 19:36:44,REAL,2696033953,488,2696034441,2696034441
2025-06-18 19:36:46,REAL,2696034441,481,2696034922,2696034922
2025-06-18 19:36:48,REAL,2696034922,476,2696035398,2696035398
2025-06-18 19:36:50,REAL,2696035398,476,2696035874,2696035874
2025-06-18 19:36:52,REAL,2696035874,484,2696036358,2696036358
2025-06-18 19:36:54,REAL,2696036358,488,2696036846,2696036846
2025-06-18 19:36:56,REAL,2696036846,540,2696037386,2696037386
2025-06-18 19:36:58,REAL,2696037386,485,2696037871,2696037871
2025-06-18 19:37:00,REAL,2696037871,488,2696038359,2696038359
2025-06-18 19:37:02,REAL,2696038359,485,2696038844,2696038844
2025-06-18 19:37:04,REAL,2696038844,485,2696039329,2696039329
2025-06-18 19:37:06,REAL,2696039329,483,2696039812,2696039812
2025-06-18 19:37:08,REAL,2696039812,486,2696040298,2696040298
2025-06-18 19:37:10,REAL,2696040298,480,2696040778,2696040778
2025-06-18 19:37:12,REAL,2696040778,474,2696041252,2696041252
2025-06-18 19:37:14,REAL,2696041252,481,2696041733,2696041733
2025-06-18 19:37:16,REAL,2696041733,535,2696042268,2696042268
2025-06-18 19:37:18,REAL,2696042268,487,2696042755,2696042755
2025-06-18 19:37:20,REAL,2696042755,478,2696043233,2696043233
2025-06-18 19:37:22,REAL,2696043233,488,2696043721,2696043721
2025-06-18 19:37:24,REAL,2696043721,482,2696044203,2696044203
2025-06-18 19:37:26,REAL,2696044203,483,2696044686,2696044686
2025-06-18 19:37:28,REAL,2696044686,490,2696045176,2696045176
2025-06-18 19:37:30,REAL,2696045176,491,2696045667,2696045667
2025-06-18 19:37:32,REAL,2696045667,489,2696046156,2696046156
2025-06-18 19:37:34,REAL,2696046156,486,2696046642,2696046642
2025-06-18 19:37:36,REAL,2696046642,480,2696047122,2696047122
2025-06-18 19:37:38,REAL,2696047122,486,2696047608,2696047608
2025-06-18 19:37:40,REAL,2696047608,479,2696048087,2696048087
2025-06-18 19:37:42,REAL,2696048087,488,2696048575,2696048575
2025-06-18 19:37:44,REAL,2696048575,536,2696049111,2696049111
2025-06-18 19:37:46,REAL,2696049111,483,2696049594,2696049594
2025-06-18 19:37:48,REAL,2696049594,480,2696050074,2696050074
2025-06-18 19:37:50,REAL,2696050074,482,2696050556,2696050556
2025-06-18 19:37:52,REAL,2696050556,489,2696051045,2696051045
2025-06-18 19:37:54,REAL,2696051045,481,2696051526,2696051526
2025-06-18 19:37:56,REAL,2696051526,481,2696052007,2696052007
2025-06-18 19:37:58,REAL,2696052007,483,2696052490,2696052490
2025-06-18 19:38:00,REAL,2696052490,539,2696053029,2696053029
2025-06-18 19:38:02,REAL,2696053029,486,2696053515,2696053515
2025-06-18 19:38:04,REAL,2696053515,482,2696053997,2696053997
2025-06-18 19:38:06,REAL,2696053997,489,2696054486,2696054486
2025-06-18 19:38:08,REAL,2696054486,479,2696054965,2696054965
2025-06-18 19:38:10,REAL,2696054965,480,2696055445,2696055445
2025-06-18 19:38:12,REAL,2696055445,486,2696055931,2696055931
2025-06-18 19:38:14,REAL,2696055931,484,2696056415,2696056415
2025-06-18 19:38:16,REAL,2696056415,481,2696056896,2696056896
2025-06-18 19:38:18,REAL,2696056896,240,2696057136,2696057136
2025-06-18 19:38:20,REAL,2696057136,479,2696057615,2696057615
2025-06-18 19:38:22,REAL,2696057615,485,2696058100,2696058100
2025-06-18 19:38:24,REAL,2696058100,478,2696058578,2696058578
2025-06-18 19:38:26,REAL,2696058578,488,2696059066,2696059066
2025-06-18 19:38:28,REAL,2696059066,492,2696059558,2696059558
2025-06-18 19:38:30,REAL,2696059558,12362,2696071920,2696071920
2025-06-18 19:38:32,REAL,2696071920,10318,2696082238,2696082238
2025-06-18 19:38:34,REAL,2696082238,10305,2696092543,2696092543
2025-06-18 19:38:36,REAL,2696092543,10246,2696102789,2696102789
2025-06-18 19:38:38,REAL,2696102789,10324,2696113113,2696113113
2025-06-18 19:38:40,REAL,2696113113,10250,2696123363,2696123363
2025-06-18 19:38:42,REAL,2696123363,10310,2696133673,2696133673
2025-06-18 19:38:44,REAL,2696133673,5233,2696138906,2696138906
2025-06-18 19:38:46,REAL,2696138906,484,2696139390,2696139390
2025-06-18 19:38:48,REAL,2696139390,491,2696139881,2696139881
2025-06-18 19:38:50,REAL,2696139881,479,2696140360,2696140360
2025-06-18 19:38:52,REAL,2696140360,484,2696140844,2696140844
2025-06-18 19:38:54,REAL,2696140844,479,2696141323,2696141323
2025-06-18 19:38:56,REAL,2696141323,479,2696141802,2696141802
2025-06-18 19:38:58,REAL,2696141802,538,2696142340,2696142340
2025-06-18 19:39:00,REAL,2696142340,1346,2696143686,2696143686
2025-06-18 19:39:02,REAL,2696143686,11707,2696155393,2696155393
2025-06-18 19:39:04,REAL,2696155393,10314,2696165707,2696165707
2025-06-18 19:39:06,REAL,2696165707,10255,2696175962,2696175962
2025-06-18 19:39:08,REAL,2696175962,10314,2696186276,2696186276
2025-06-18 19:39:10,REAL,2696186276,10324,2696196600,2696196600
2025-06-18 19:39:12,REAL,2696196600,10254,2696206854,2696206854
2025-06-18 19:39:14,REAL,2696206854,10317,2696217171,2696217171
2025-06-18 19:39:16,REAL,2696217171,4511,2696221682,2696221682
2025-06-18 19:39:18,REAL,2696221682,488,2696222170,2696222170
2025-06-18 19:39:20,REAL,2696222170,482,2696222652,2696222652
2025-06-18 19:39:22,REAL,2696222652,492,2696223144,2696223144
2025-06-18 19:39:24,REAL,2696223144,534,2696223678,2696223678
2025-06-18 19:39:26,REAL,2696223678,536,2696224214,2696224214
2025-06-18 19:39:28,REAL,2696224214,486,2696224700,2696224700
2025-06-18 19:39:30,REAL,2696224700,481,2696225181,2696225181
2025-06-18 19:39:32,REAL,2696225181,2466,2696227647,2696227647
2025-06-18 19:39:34,REAL,2696227647,11442,2696239089,2696239089
2025-06-18 19:39:36,REAL,2696239089,10259,2696249348,2696249348
2025-06-18 19:39:38,REAL,2696249348,10248,2696259596,2696259596
2025-06-18 19:39:40,REAL,2696259596,10251,2696269847,2696269847
2025-06-18 19:39:42,REAL,2696269847,10255,2696280102,2696280102
2025-06-18 19:39:44,REAL,2696280102,10323,2696290425,2696290425
2025-06-18 19:39:46,REAL,2696290425,10255,2696300680,2696300680
2025-06-18 19:39:48,REAL,2696300680,3917,2696304597,2696304597
2025-06-18 19:39:50,REAL,2696304597,485,2696305082,2696305082
2025-06-18 19:39:52,REAL,2696305082,476,2696305558,2696305558
2025-06-18 19:39:54,REAL,2696305558,487,2696306045,2696306045
2025-06-18 19:39:56,REAL,2696306045,543,2696306588,2696306588
2025-06-18 19:39:58,REAL,2696306588,484,2696307072,2696307072
2025-06-18 19:40:00,REAL,2696307072,487,2696307559,2696307559
2025-06-18 19:40:02,REAL,2696307559,489,2696308048,2696308048
2025-06-18 19:40:04,REAL,2696308048,3134,2696311182,2696311182
2025-06-18 19:40:06,REAL,2696311182,11635,2696322817,2696322817
2025-06-18 19:40:08,REAL,2696322817,10372,2696333189,2696333189
2025-06-18 19:40:10,REAL,2696333189,10252,2696343441,2696343441
2025-06-18 19:40:12,REAL,2696343441,10251,2696353692,2696353692
2025-06-18 19:40:14,REAL,2696353692,10251,2696363943,2696363943
2025-06-18 19:40:16,REAL,2696363943,10247,2696374190,2696374190
2025-06-18 19:40:18,REAL,2696374190,10323,2696384513,2696384513
2025-06-18 19:40:20,REAL,2696384513,3255,2696387768,2696387768
2025-06-18 19:40:22,REAL,2696387768,491,2696388259,2696388259
2025-06-18 19:40:24,REAL,2696388259,484,2696388743,2696388743
2025-06-18 19:40:26,REAL,2696388743,479,2696389222,2696389222
2025-06-18 19:40:28,REAL,2696389222,544,2696389766,2696389766
2025-06-18 19:40:30,REAL,2696389766,483,2696390249,2696390249
2025-06-18 19:40:32,REAL,2696390249,485,2696390734,2696390734
2025-06-18 19:40:34,REAL,2696390734,486,2696391220,2696391220
2025-06-18 19:40:36,REAL,2696391220,493,2696391713,2696391713
2025-06-18 19:40:38,REAL,2696391713,486,2696392199,2696392199
2025-06-18 19:40:40,REAL,2696392199,494,2696392693,2696392693
2025-06-18 19:40:42,REAL,2696392693,488,2696393181,2696393181
2025-06-18 19:40:44,REAL,2696393181,486,2696393667,2696393667
2025-06-18 19:40:46,REAL,2696393667,492,2696394159,2696394159
2025-06-18 19:40:48,REAL,2696394159,481,2696394640,2696394640
2025-06-18 19:40:50,REAL,2696394640,485,2696395125,2696395125
2025-06-18 19:40:52,REAL,2696395125,598,2696395723,2696395723
2025-06-18 19:40:54,REAL,2696395723,479,2696396202,2696396202
2025-06-18 19:40:56,REAL,2696396202,482,2696396684,2696396684
2025-06-18 19:40:58,REAL,2696396684,483,2696397167,2696397167
2025-06-18 19:41:00,REAL,2696397167,484,2696397651,2696397651
2025-06-18 19:41:02,REAL,2696397651,481,2696398132,2696398132
2025-06-18 19:41:04,REAL,2696398132,488,2696398620,2696398620
2025-06-18 19:41:06,REAL,2696398620,482,2696399102,2696399102
2025-06-18 19:41:08,REAL,2696399102,481,2696399583,2696399583
2025-06-18 19:41:10,REAL,2696399583,481,2696400064,2696400064
2025-06-18 19:41:12,REAL,2696400064,491,2696400555,2696400555
2025-06-18 19:41:14,REAL,2696400555,482,2696401037,2696401037
2025-06-18 19:41:16,REAL,2696401037,548,2696401585,2696401585
2025-06-18 19:41:18,REAL,2696401585,486,2696402071,2696402071
2025-06-18 19:41:20,REAL,2696402071,486,2696402557,2696402557
2025-06-18 19:41:22,REAL,2696402557,485,2696403042,2696403042
2025-06-18 19:41:24,REAL,2696403042,483,2696403525,2696403525
2025-06-18 19:41:26,REAL,2696403525,486,2696404011,2696404011
2025-06-18 19:41:28,REAL,2696404011,484,2696404495,2696404495
2025-06-18 19:41:30,REAL,2696404495,479,2696404974,2696404974
2025-06-18 19:41:32,REAL,2696404974,491,2696405465,2696405465
2025-06-18 19:41:34,REAL,2696405465,541,2696406006,2696406006
2025-06-18 19:41:36,REAL,2696406006,480,2696406486,2696406486
2025-06-18 19:41:38,REAL,2696406486,547,2696407033,2696407033
2025-06-18 19:41:40,REAL,2696407033,484,2696407517,2696407517
2025-06-18 19:41:42,REAL,2696407517,476,2696407993,2696407993
2025-06-18 19:41:44,REAL,2696407993,485,2696408478,2696408478
2025-06-18 19:41:46,REAL,2696408478,484,2696408962,2696408962
2025-06-18 19:41:48,REAL,2696408962,482,2696409444,2696409444
2025-06-18 19:41:50,REAL,2696409444,484,2696409928,2696409928
2025-06-18 19:41:52,REAL,2696409928,490,2696410418,2696410418
2025-06-18 19:41:54,REAL,2696410418,488,2696410906,2696410906
2025-06-18 19:41:56,REAL,2696410906,481,2696411387,2696411387
2025-06-18 19:41:58,REAL,2696411387,489,2696411876,2696411876
2025-06-18 19:42:00,REAL,2696411876,547,2696412423,2696412423
2025-06-18 19:42:02,REAL,2696412423,481,2696412904,2696412904
2025-06-18 19:42:04,REAL,2696412904,478,2696413382,2696413382
2025-06-18 19:42:06,REAL,2696413382,483,2696413865,2696413865
2025-06-18 19:42:08,REAL,2696413865,480,2696414345,2696414345
2025-06-18 19:42:10,REAL,2696414345,483,2696414828,2696414828
2025-06-18 19:42:12,REAL,2696414828,6498,2696421326,2696421326
2025-06-18 19:42:14,REAL,2696421326,13547,2696434873,2696434873
2025-06-18 19:42:16,REAL,2696434873,10250,2696445123,2696445123
2025-06-18 19:42:18,REAL,2696445123,10307,2696455430,2696455430
2025-06-18 19:42:20,REAL,2696455430,10323,2696465753,2696465753
2025-06-18 19:42:22,REAL,2696465753,10251,2696476004,2696476004
2025-06-18 19:42:24,REAL,2696476004,10320,2696486324,2696486324
2025-06-18 19:42:26,REAL,2696486324,10257,2696496581,2696496581
2025-06-18 19:42:28,REAL,2696496581,813,2696497394,2696497394
2025-06-18 19:42:30,REAL,2696497394,482,2696497876,2696497876
2025-06-18 19:42:32,REAL,2696497876,491,2696498367,2696498367
2025-06-18 19:42:34,REAL,2696498367,537,2696498904,2696498904
2025-06-18 19:42:36,REAL,2696498904,483,2696499387,2696499387
2025-06-18 19:42:38,REAL,2696499387,484,2696499871,2696499871
2025-06-18 19:42:40,REAL,2696499871,482,2696500353,2696500353
2025-06-18 19:42:42,REAL,2696500353,480,2696500833,2696500833
2025-06-18 19:42:44,REAL,2696500833,484,2696501317,2696501317
2025-06-18 19:42:46,REAL,2696501317,491,2696501808,2696501808
2025-06-18 19:42:48,REAL,2696501808,486,2696502294,2696502294
2025-06-18 19:42:50,REAL,2696502294,482,2696502776,2696502776
2025-06-18 19:42:52,REAL,2696502776,485,2696503261,2696503261
2025-06-18 19:42:54,REAL,2696503261,482,2696503743,2696503743
2025-06-18 19:42:56,REAL,2696503743,488,2696504231,2696504231
2025-06-18 19:42:58,REAL,2696504231,544,2696504775,2696504775
2025-06-18 19:43:00,REAL,2696504775,489,2696505264,2696505264
2025-06-18 19:43:02,REAL,2696505264,538,2696505802,2696505802
2025-06-18 19:43:04,REAL,2696505802,478,2696506280,2696506280
2025-06-18 19:43:06,REAL,2696506280,489,2696506769,2696506769
2025-06-18 19:43:08,REAL,2696506769,487,2696507256,2696507256
2025-06-18 19:43:10,REAL,2696507256,484,2696507740,2696507740
2025-06-18 19:43:12,REAL,2696507740,482,2696508222,2696508222
2025-06-18 19:43:14,REAL,2696508222,485,2696508707,2696508707
2025-06-18 19:43:16,REAL,2696508707,488,2696509195,2696509195
2025-06-18 19:43:18,REAL,2696509195,487,2696509682,2696509682
2025-06-18 19:43:20,REAL,2696509682,482,2696510164,2696510164
2025-06-18 19:43:22,REAL,2696510164,480,2696510644,2696510644
2025-06-18 19:43:24,REAL,2696510644,490,2696511134,2696511134
2025-06-18 19:43:26,REAL,2696511134,542,2696511676,2696511676
2025-06-18 19:43:28,REAL,2696511676,484,2696512160,2696512160
2025-06-18 19:43:30,REAL,2696512160,485,2696512645,2696512645
2025-06-18 19:43:32,REAL,2696512645,8475,2696521120,2696521120
2025-06-18 19:43:34,REAL,2696521120,10851,2696531971,2696531971
2025-06-18 19:43:36,REAL,2696531971,10322,2696542293,2696542293
2025-06-18 19:43:38,REAL,2696542293,10243,2696552536,2696552536
2025-06-18 19:43:40,REAL,2696552536,10311,2696562847,2696562847
2025-06-18 19:43:42,REAL,2696562847,10249,2696573096,2696573096
2025-06-18 19:43:44,REAL,2696573096,10251,2696583347,2696583347
2025-06-18 19:43:46,REAL,2696583347,8994,2696592341,2696592341
2025-06-18 19:43:48,REAL,2696592341,540,2696592881,2696592881
2025-06-18 19:43:50,REAL,2696592881,488,2696593369,2696593369
2025-06-18 19:43:52,REAL,2696593369,488,2696593857,2696593857
2025-06-18 19:43:54,REAL,2696593857,489,2696594346,2696594346
2025-06-18 19:43:56,REAL,2696594346,486,2696594832,2696594832
2025-06-18 19:43:58,REAL,2696594832,485,2696595317,2696595317
2025-06-18 19:44:00,REAL,2696595317,538,2696595855,2696595855
2025-06-18 19:44:02,REAL,2696595855,482,2696596337,2696596337
2025-06-18 19:44:04,REAL,2696596337,7815,2696604152,2696604152
2025-06-18 19:44:06,REAL,2696604152,10454,2696614606,2696614606
2025-06-18 19:44:08,REAL,2696614606,10319,2696624925,2696624925
2025-06-18 19:44:10,REAL,2696624925,10315,2696635240,2696635240
2025-06-18 19:44:12,REAL,2696635240,10252,2696645492,2696645492
2025-06-18 19:44:14,REAL,2696645492,10253,2696655745,2696655745
2025-06-18 19:44:16,REAL,2696655745,10321,2696666066,2696666066
2025-06-18 19:44:18,REAL,2696666066,8406,2696674472,2696674472
2025-06-18 19:44:20,REAL,2696674472,482,2696674954,2696674954
2025-06-18 19:44:22,REAL,2696674954,491,2696675445,2696675445
2025-06-18 19:44:24,REAL,2696675445,485,2696675930,2696675930
2025-06-18 19:44:26,REAL,2696675930,481,2696676411,2696676411
2025-06-18 19:44:28,REAL,2696676411,488,2696676899,2696676899
2025-06-18 19:44:30,REAL,2696676899,486,2696677385,2696677385
2025-06-18 19:44:32,REAL,2696677385,597,2696677982,2696677982
2025-06-18 19:44:34,REAL,2696677982,481,2696678463,2696678463
2025-06-18 19:44:36,REAL,2696678463,487,2696678950,2696678950
2025-06-18 19:44:38,REAL,2696678950,488,2696679438,2696679438
2025-06-18 19:44:40,REAL,2696679438,488,2696679926,2696679926
2025-06-18 19:44:42,REAL,2696679926,474,2696680400,2696680400
2025-06-18 19:44:44,REAL,2696680400,484,2696680884,2696680884
2025-06-18 19:44:46,REAL,2696680884,479,2696681363,2696681363
2025-06-18 19:44:48,REAL,2696681363,480,2696681843,2696681843
2025-06-18 19:44:50,REAL,2696681843,478,2696682321,2696682321
2025-06-18 19:44:52,REAL,2696682321,485,2696682806,2696682806
2025-06-18 19:44:54,REAL,2696682806,485,2696683291,2696683291
2025-06-18 19:44:56,REAL,2696683291,484,2696683775,2696683775
2025-06-18 19:44:58,REAL,2696683775,485,2696684260,2696684260
2025-06-18 19:45:00,REAL,2696684260,542,2696684802,2696684802
2025-06-18 19:45:02,REAL,2696684802,484,2696685286,2696685286
2025-06-18 19:45:04,REAL,2696685286,483,2696685769,2696685769
2025-06-18 19:45:06,REAL,2696685769,487,2696686256,2696686256
2025-06-18 19:45:08,REAL,2696686256,9597,2696695853,2696695853
2025-06-18 19:45:10,REAL,2696695853,10576,2696706429,2696706429
2025-06-18 19:45:12,REAL,2696706429,10255,2696716684,2696716684
2025-06-18 19:45:14,REAL,2696716684,10257,2696726941,2696726941
2025-06-18 19:45:16,REAL,2696726941,10255,2696737196,2696737196
2025-06-18 19:45:18,REAL,2696737196,10381,2696747577,2696747577
2025-06-18 19:45:20,REAL,2696747577,10249,2696757826,2696757826
2025-06-18 19:45:22,REAL,2696757826,7142,2696764968,2696764968
2025-06-18 19:45:24,REAL,2696764968,475,2696765443,2696765443
2025-06-18 19:45:26,REAL,2696765443,481,2696765924,2696765924
2025-06-18 19:45:28,REAL,2696765924,480,2696766404,2696766404
2025-06-18 19:45:30,REAL,2696766404,476,2696766880,2696766880
2025-06-18 19:45:32,REAL,2696766880,484,2696767364,2696767364
2025-06-18 19:45:34,REAL,2696767364,492,2696767856,2696767856
2025-06-18 19:45:36,REAL,2696767856,548,2696768404,2696768404
2025-06-18 19:45:38,REAL,2696768404,477,2696768881,2696768881
2025-06-18 19:45:40,REAL,2696768881,492,2696769373,2696769373
2025-06-18 19:45:42,REAL,2696769373,492,2696769865,2696769865
2025-06-18 19:45:44,REAL,2696769865,481,2696770346,2696770346
2025-06-18 19:45:46,REAL,2696770346,481,2696770827,2696770827
2025-06-18 19:45:48,REAL,2696770827,486,2696771313,2696771313
2025-06-18 19:45:50,REAL,2696771313,481,2696771794,2696771794
2025-06-18 19:45:52,REAL,2696771794,484,2696772278,2696772278
2025-06-18 19:45:54,REAL,2696772278,491,2696772769,2696772769
2025-06-18 19:45:56,REAL,2696772769,482,2696773251,2696773251
2025-06-18 19:45:58,REAL,2696773251,487,2696773738,2696773738
2025-06-18 19:46:00,REAL,2696773738,482,2696774220,2696774220
2025-06-18 19:46:02,REAL,2696774220,542,2696774762,2696774762
2025-06-18 19:46:04,REAL,2696774762,536,2696775298,2696775298
2025-06-18 19:46:06,REAL,2696775298,477,2696775775,2696775775
2025-06-18 19:46:08,REAL,2696775775,485,2696776260,2696776260
2025-06-18 19:46:10,REAL,2696776260,490,2696776750,2696776750
2025-06-18 19:46:12,REAL,2696776750,488,2696777238,2696777238
2025-06-18 19:46:14,REAL,2696777238,478,2696777716,2696777716
2025-06-18 19:46:16,REAL,2696777716,487,2696778203,2696778203
2025-06-18 19:46:18,REAL,2696778203,476,2696778679,2696778679
2025-06-18 19:46:20,REAL,2696778679,477,2696779156,2696779156
2025-06-18 19:46:22,REAL,2696779156,484,2696779640,2696779640
2025-06-18 19:46:24,REAL,2696779640,480,2696780120,2696780120
2025-06-18 19:46:26,REAL,2696780120,486,2696780606,2696780606
2025-06-18 19:46:28,REAL,2696780606,484,2696781090,2696781090
2025-06-18 19:46:30,REAL,2696781090,479,2696781569,2696781569
2025-06-18 19:46:32,REAL,2696781569,538,2696782107,2696782107
2025-06-18 19:46:34,REAL,2696782107,478,2696782585,2696782585
2025-06-18 19:46:36,REAL,2696782585,475,2696783060,2696783060
2025-06-18 19:46:38,REAL,2696783060,490,2696783550,2696783550
2025-06-18 19:46:40,REAL,2696783550,479,2696784029,2696784029
2025-06-18 19:46:42,REAL,2696784029,489,2696784518,2696784518
2025-06-18 19:46:44,REAL,2696784518,481,2696784999,2696784999
2025-06-18 19:46:46,REAL,2696784999,480,2696785479,2696785479
2025-06-18 19:46:48,REAL,2696785479,7477,2696792956,2696792956
2025-06-18 19:46:50,REAL,2696792956,13094,2696806050,2696806050
2025-06-18 19:46:52,REAL,2696806050,10255,2696816305,2696816305
2025-06-18 19:46:54,REAL,2696816305,10317,2696826622,2696826622
2025-06-18 19:46:56,REAL,2696826622,10258,2696836880,2696836880
2025-06-18 19:46:58,REAL,2696836880,10259,2696847139,2696847139
2025-06-18 19:47:00,REAL,2696847139,10317,2696857456,2696857456
2025-06-18 19:47:02,REAL,2696857456,10055,2696867511,2696867511
2025-06-18 19:47:04,REAL,2696867511,488,2696867999,2696867999
2025-06-18 19:47:06,REAL,2696867999,483,2696868482,2696868482
2025-06-18 19:47:08,REAL,2696868482,482,2696868964,2696868964
2025-06-18 19:47:10,REAL,2696868964,486,2696869450,2696869450
2025-06-18 19:47:12,REAL,2696869450,476,2696869926,2696869926
2025-06-18 19:47:14,REAL,2696869926,474,2696870400,2696870400
2025-06-18 19:47:16,REAL,2696870400,545,2696870945,2696870945
2025-06-18 19:47:18,REAL,2696870945,487,2696871432,2696871432
2025-06-18 19:47:20,REAL,2696871432,490,2696871922,2696871922
2025-06-18 19:47:22,REAL,2696871922,479,2696872401,2696872401
2025-06-18 19:47:24,REAL,2696872401,490,2696872891,2696872891
2025-06-18 19:47:26,REAL,2696872891,478,2696873369,2696873369
2025-06-18 19:47:28,REAL,2696873369,487,2696873856,2696873856
2025-06-18 19:47:30,REAL,2696873856,490,2696874346,2696874346
2025-06-18 19:47:32,REAL,2696874346,542,2696874888,2696874888
2025-06-18 19:47:34,REAL,2696874888,481,2696875369,2696875369
2025-06-18 19:47:36,REAL,2696875369,483,2696875852,2696875852
2025-06-18 19:47:38,REAL,2696875852,487,2696876339,2696876339
2025-06-18 19:47:40,REAL,2696876339,474,2696876813,2696876813
2025-06-18 19:47:42,REAL,2696876813,491,2696877304,2696877304
2025-06-18 19:47:44,REAL,2696877304,547,2696877851,2696877851
2025-06-18 19:47:46,REAL,2696877851,482,2696878333,2696878333
2025-06-18 19:47:48,REAL,2696878333,486,2696878819,2696878819
2025-06-18 19:47:50,REAL,2696878819,488,2696879307,2696879307
2025-06-18 19:47:52,REAL,2696879307,487,2696879794,2696879794
2025-06-18 19:47:54,REAL,2696879794,489,2696880283,2696880283
2025-06-18 19:47:56,REAL,2696880283,478,2696880761,2696880761
2025-06-18 19:47:58,REAL,2696880761,493,2696881254,2696881254
2025-06-18 19:48:00,REAL,2696881254,485,2696881739,2696881739
2025-06-18 19:48:02,REAL,2696881739,483,2696882222,2696882222
2025-06-18 19:48:04,REAL,2696882222,482,2696882704,2696882704
2025-06-18 19:48:06,REAL,2696882704,480,2696883184,2696883184
2025-06-18 19:48:08,REAL,2696883184,493,2696883677,2696883677
2025-06-18 19:48:10,REAL,2696883677,486,2696884163,2696884163
2025-06-18 19:48:12,REAL,2696884163,489,2696884652,2696884652
2025-06-18 19:48:14,REAL,2696884652,493,2696885145,2696885145
2025-06-18 19:48:16,REAL,2696885145,477,2696885622,2696885622
2025-06-18 19:48:18,REAL,2696885622,546,2696886168,2696886168
2025-06-18 19:48:20,REAL,2696886168,478,2696886646,2696886646
2025-06-18 19:48:22,REAL,2696886646,485,2696887131,2696887131
2025-06-18 19:48:24,REAL,2696887131,545,2696887676,2696887676
2025-06-18 19:48:26,REAL,2696887676,487,2696888163,2696888163
2025-06-18 19:48:28,REAL,2696888163,488,2696888651,2696888651
2025-06-18 19:48:30,REAL,2696888651,484,2696889135,2696889135
2025-06-18 19:48:32,REAL,2696889135,485,2696889620,2696889620
2025-06-18 19:48:34,REAL,2696889620,492,2696890112,2696890112
2025-06-18 19:48:36,REAL,2696890112,486,2696890598,2696890598
2025-06-18 19:48:38,REAL,2696890598,490,2696891088,2696891088
2025-06-18 19:48:40,REAL,2696891088,488,2696891576,2696891576
2025-06-18 19:48:42,REAL,2696891576,485,2696892061,2696892061
2025-06-18 19:48:44,REAL,2696892061,487,2696892548,2696892548
2025-06-18 19:48:46,REAL,2696892548,482,2696893030,2696893030
2025-06-18 19:48:48,REAL,2696893030,485,2696893515,2696893515
2025-06-18 19:48:50,REAL,2696893515,485,2696894000,2696894000
2025-06-18 19:48:52,REAL,2696894000,491,2696894491,2696894491
2025-06-18 19:48:54,REAL,2696894491,482,2696894973,2696894973
2025-06-18 19:48:56,REAL,2696894973,481,2696895454,2696895454
2025-06-18 19:48:58,REAL,2696895454,489,2696895943,2696895943
2025-06-18 19:49:00,REAL,2696895943,494,2696896437,2696896437
2025-06-18 19:49:02,REAL,2696896437,543,2696896980,2696896980
2025-06-18 19:49:04,REAL,2696896980,546,2696897526,2696897526
2025-06-18 19:49:06,REAL,2696897526,480,2696898006,2696898006
2025-06-18 19:49:08,REAL,2696898006,488,2696898494,2696898494
2025-06-18 19:49:10,REAL,2696898494,487,2696898981,2696898981
2025-06-18 19:49:12,REAL,2696898981,484,2696899465,2696899465
2025-06-18 19:49:14,REAL,2696899465,476,2696899941,2696899941
2025-06-18 19:49:16,REAL,2696899941,481,2696900422,2696900422
2025-06-18 19:49:18,REAL,2696900422,489,2696900911,2696900911
2025-06-18 19:49:20,REAL,2696900911,479,2696901390,2696901390
2025-06-18 19:49:22,REAL,2696901390,489,2696901879,2696901879
2025-06-18 19:49:24,REAL,2696901879,475,2696902354,2696902354
2025-06-18 19:49:26,REAL,2696902354,481,2696902835,2696902835
2025-06-18 19:49:28,REAL,2696902835,489,2696903324,2696903324
2025-06-18 19:49:30,REAL,2696903324,478,2696903802,2696903802
2025-06-18 19:49:32,REAL,2696903802,482,2696904284,2696904284
2025-06-18 19:49:34,REAL,2696904284,485,2696904769,2696904769
2025-06-18 19:49:36,REAL,2696904769,482,2696905251,2696905251
2025-06-18 19:49:38,REAL,2696905251,481,2696905732,2696905732
2025-06-18 19:49:40,REAL,2696905732,486,2696906218,2696906218
2025-06-18 19:49:42,REAL,2696906218,487,2696906705,2696906705
2025-06-18 19:49:44,REAL,2696906705,480,2696907185,2696907185
2025-06-18 19:49:46,REAL,2696907185,537,2696907722,2696907722
2025-06-18 19:49:48,REAL,2696907722,4842,2696912564,2696912564
2025-06-18 19:49:50,REAL,2696912564,11245,2696923809,2696923809
2025-06-18 19:49:52,REAL,2696923809,10248,2696934057,2696934057
2025-06-18 19:49:54,REAL,2696934057,10257,2696944314,2696944314
2025-06-18 19:49:56,REAL,2696944314,10252,2696954566,2696954566
2025-06-18 19:49:58,REAL,2696954566,10243,2696964809,2696964809
2025-06-18 19:50:00,REAL,2696964809,10251,2696975060,2696975060
2025-06-18 19:50:02,REAL,2696975060,10251,2696985311,2696985311
2025-06-18 19:50:04,REAL,2696985311,1738,2696987049,2696987049
2025-06-18 19:50:06,REAL,2696987049,482,2696987531,2696987531
2025-06-18 19:50:08,REAL,2696987531,480,2696988011,2696988011
2025-06-18 19:50:10,REAL,2696988011,485,2696988496,2696988496
2025-06-18 19:50:12,REAL,2696988496,486,2696988982,2696988982
2025-06-18 19:50:14,REAL,2696988982,484,2696989466,2696989466
2025-06-18 19:50:16,REAL,2696989466,484,2696989950,2696989950
2025-06-18 19:50:18,REAL,2696989950,487,2696990437,2696990437
2025-06-18 19:50:20,REAL,2696990437,5564,2696996001,2696996001
2025-06-18 19:50:22,REAL,2696996001,11240,2697007241,2697007241
2025-06-18 19:50:24,REAL,2697007241,10253,2697017494,2697017494
2025-06-18 19:50:26,REAL,2697017494,10253,2697027747,2697027747
2025-06-18 19:50:28,REAL,2697027747,10245,2697037992,2697037992
2025-06-18 19:50:30,REAL,2697037992,10244,2697048236,2697048236
2025-06-18 19:50:32,REAL,2697048236,10309,2697058545,2697058545
2025-06-18 19:50:34,REAL,2697058545,10252,2697068797,2697068797
2025-06-18 19:50:36,REAL,2697068797,1079,2697069876,2697069876
2025-06-18 19:50:38,REAL,2697069876,485,2697070361,2697070361
2025-06-18 19:50:40,REAL,2697070361,485,2697070846,2697070846
2025-06-18 19:50:42,REAL,2697070846,480,2697071326,2697071326
2025-06-18 19:50:44,REAL,2697071326,484,2697071810,2697071810
2025-06-18 19:50:46,REAL,2697071810,478,2697072288,2697072288
2025-06-18 19:50:48,REAL,2697072288,490,2697072778,2697072778
2025-06-18 19:50:50,REAL,2697072778,483,2697073261,2697073261
2025-06-18 19:50:52,REAL,2697073261,477,2697073738,2697073738
2025-06-18 19:50:54,REAL,2697073738,481,2697074219,2697074219
2025-06-18 19:50:56,REAL,2697074219,486,2697074705,2697074705
2025-06-18 19:50:58,REAL,2697074705,483,2697075188,2697075188
2025-06-18 19:51:00,REAL,2697075188,532,2697075720,2697075720
2025-06-18 19:51:02,REAL,2697075720,483,2697076203,2697076203
2025-06-18 19:51:04,REAL,2697076203,476,2697076679,2697076679
2025-06-18 19:51:06,REAL,2697076679,482,2697077161,2697077161
2025-06-18 19:51:08,REAL,2697077161,485,2697077646,2697077646
2025-06-18 19:51:10,REAL,2697077646,487,2697078133,2697078133
2025-06-18 19:51:12,REAL,2697078133,488,2697078621,2697078621
2025-06-18 19:51:14,REAL,2697078621,485,2697079106,2697079106
2025-06-18 19:51:16,REAL,2697079106,486,2697079592,2697079592
2025-06-18 19:51:18,REAL,2697079592,543,2697080135,2697080135
2025-06-18 19:51:20,REAL,2697080135,483,2697080618,2697080618
2025-06-18 19:51:22,REAL,2697080618,479,2697081097,2697081097
2025-06-18 19:51:24,REAL,2697081097,6700,2697087797,2697087797
2025-06-18 19:51:26,REAL,2697087797,11048,2697098845,2697098845
2025-06-18 19:51:28,REAL,2697098845,10248,2697109093,2697109093
2025-06-18 19:51:30,REAL,2697109093,10317,2697119410,2697119410
2025-06-18 19:51:32,REAL,2697119410,10254,2697129664,2697129664
2025-06-18 19:51:34,REAL,2697129664,10255,2697139919,2697139919
2025-06-18 19:51:36,REAL,2697139919,10251,2697150170,2697150170
2025-06-18 19:51:38,REAL,2697150170,9656,2697159826,2697159826
2025-06-18 19:51:40,REAL,2697159826,475,2697160301,2697160301
2025-06-18 19:51:42,REAL,2697160301,482,2697160783,2697160783
2025-06-18 19:51:44,REAL,2697160783,482,2697161265,2697161265
2025-06-18 19:51:46,REAL,2697161265,486,2697161751,2697161751
2025-06-18 19:51:48,REAL,2697161751,483,2697162234,2697162234
2025-06-18 19:51:50,REAL,2697162234,489,2697162723,2697162723
2025-06-18 19:51:52,REAL,2697162723,479,2697163202,2697163202
2025-06-18 19:51:54,REAL,2697163202,491,2697163693,2697163693
2025-06-18 19:51:56,REAL,2697163693,7748,2697171441,2697171441
2025-06-18 19:51:58,REAL,2697171441,10656,2697182097,2697182097
2025-06-18 19:52:00,REAL,2697182097,10252,2697192349,2697192349
2025-06-18 19:52:02,REAL,2697192349,10300,2697202649,2697202649
2025-06-18 19:52:04,REAL,2697202649,10327,2697212976,2697212976
2025-06-18 19:52:06,REAL,2697212976,10253,2697223229,2697223229
2025-06-18 19:52:08,REAL,2697223229,10257,2697233486,2697233486
2025-06-18 19:52:10,REAL,2697233486,9058,2697242544,2697242544
2025-06-18 19:52:12,REAL,2697242544,478,2697243022,2697243022
2025-06-18 19:52:14,REAL,2697243022,477,2697243499,2697243499
2025-06-18 19:52:16,REAL,2697243499,485,2697243984,2697243984
2025-06-18 19:52:18,REAL,2697243984,478,2697244462,2697244462
2025-06-18 19:52:20,REAL,2697244462,489,2697244951,2697244951
2025-06-18 19:52:22,REAL,2697244951,483,2697245434,2697245434
2025-06-18 19:52:24,REAL,2697245434,491,2697245925,2697245925
2025-06-18 19:52:26,REAL,2697245925,537,2697246462,2697246462
2025-06-18 19:52:28,REAL,2697246462,477,2697246939,2697246939
2025-06-18 19:52:30,REAL,2697246939,482,2697247421,2697247421
2025-06-18 19:52:32,REAL,2697247421,481,2697247902,2697247902
2025-06-18 19:52:34,REAL,2697247902,534,2697248436,2697248436
2025-06-18 19:52:36,REAL,2697248436,485,2697248921,2697248921
2025-06-18 19:52:38,REAL,2697248921,479,2697249400,2697249400
2025-06-18 19:52:40,REAL,2697249400,475,2697249875,2697249875
2025-06-18 19:52:42,REAL,2697249875,482,2697250357,2697250357
2025-06-18 19:52:44,REAL,2697250357,487,2697250844,2697250844
2025-06-18 19:52:46,REAL,2697250844,482,2697251326,2697251326
2025-06-18 19:52:48,REAL,2697251326,534,2697251860,2697251860
2025-06-18 19:52:50,REAL,2697251860,486,2697252346,2697252346
2025-06-18 19:52:52,REAL,2697252346,484,2697252830,2697252830
2025-06-18 19:52:54,REAL,2697252830,484,2697253314,2697253314
2025-06-18 19:52:56,REAL,2697253314,494,2697253808,2697253808
2025-06-18 19:52:58,REAL,2697253808,491,2697254299,2697254299
2025-06-18 19:53:00,REAL,2697254299,481,2697254780,2697254780
2025-06-18 19:53:02,REAL,2697254780,484,2697255264,2697255264
2025-06-18 19:53:04,REAL,2697255264,3598,2697258862,2697258862
2025-06-18 19:53:06,REAL,2697258862,14010,2697272872,2697272872
2025-06-18 19:53:08,REAL,2697272872,10323,2697283195,2697283195
2025-06-18 19:53:10,REAL,2697283195,10299,2697293494,2697293494
2025-06-18 19:53:12,REAL,2697293494,10248,2697303742,2697303742
2025-06-18 19:53:14,REAL,2697303742,10247,2697313989,2697313989
2025-06-18 19:53:16,REAL,2697313989,10253,2697324242,2697324242
2025-06-18 19:53:18,REAL,2697324242,10316,2697334558,2697334558
2025-06-18 19:53:20,REAL,2697334558,2792,2697337350,2697337350
2025-06-18 19:53:22,REAL,2697337350,484,2697337834,2697337834
2025-06-18 19:53:24,REAL,2697337834,474,2697338308,2697338308
2025-06-18 19:53:26,REAL,2697338308,481,2697338789,2697338789
2025-06-18 19:53:28,REAL,2697338789,483,2697339272,2697339272
2025-06-18 19:53:30,REAL,2697339272,477,2697339749,2697339749
2025-06-18 19:53:32,REAL,2697339749,546,2697340295,2697340295
2025-06-18 19:53:34,REAL,2697340295,488,2697340783,2697340783
2025-06-18 19:53:36,REAL,2697340783,4048,2697344831,2697344831
2025-06-18 19:53:38,REAL,2697344831,11375,2697356206,2697356206
2025-06-18 19:53:40,REAL,2697356206,10249,2697366455,2697366455
2025-06-18 19:53:42,REAL,2697366455,10256,2697376711,2697376711
2025-06-18 19:53:44,REAL,2697376711,10320,2697387031,2697387031
2025-06-18 19:53:46,REAL,2697387031,10251,2697397282,2697397282
2025-06-18 19:53:48,REAL,2697397282,10245,2697407527,2697407527
2025-06-18 19:53:50,REAL,2697407527,10255,2697417782,2697417782
2025-06-18 19:53:52,REAL,2697417782,2134,2697419916,2697419916
2025-06-18 19:53:54,REAL,2697419916,483,2697420399,2697420399
2025-06-18 19:53:56,REAL,2697420399,540,2697420939,2697420939
2025-06-18 19:53:58,REAL,2697420939,483,2697421422,2697421422
2025-06-18 19:54:00,REAL,2697421422,480,2697421902,2697421902
2025-06-18 19:54:02,REAL,2697421902,479,2697422381,2697422381
2025-06-18 19:54:04,REAL,2697422381,483,2697422864,2697422864
2025-06-18 19:54:06,REAL,2697422864,481,2697423345,2697423345
2025-06-18 19:54:08,REAL,2697423345,4987,2697428332,2697428332
2025-06-18 19:54:10,REAL,2697428332,13686,2697442018,2697442018
2025-06-18 19:54:12,REAL,2697442018,10248,2697452266,2697452266
2025-06-18 19:54:14,REAL,2697452266,10326,2697462592,2697462592
2025-06-18 19:54:16,REAL,2697462592,10250,2697472842,2697472842
2025-06-18 19:54:18,REAL,2697472842,10380,2697483222,2697483222
2025-06-18 19:54:20,REAL,2697483222,10259,2697493481,2697493481
2025-06-18 19:54:22,REAL,2697493481,10249,2697503730,2697503730
2025-06-18 19:54:24,REAL,2697503730,1608,2697505338,2697505338
2025-06-18 19:54:26,REAL,2697505338,483,2697505821,2697505821
2025-06-18 19:54:28,REAL,2697505821,478,2697506299,2697506299
2025-06-18 19:54:30,REAL,2697506299,479,2697506778,2697506778
2025-06-18 19:54:32,REAL,2697506778,480,2697507258,2697507258
2025-06-18 19:54:34,REAL,2697507258,489,2697507747,2697507747
2025-06-18 19:54:36,REAL,2697507747,488,2697508235,2697508235
2025-06-18 19:54:38,REAL,2697508235,478,2697508713,2697508713
2025-06-18 19:54:40,REAL,2697508713,899,2697509612,2697509612
2025-06-18 19:54:42,REAL,2697509612,488,2697510100,2697510100
2025-06-18 19:54:44,REAL,2697510100,482,2697510582,2697510582
2025-06-18 19:54:46,REAL,2697510582,477,2697511059,2697511059
2025-06-18 19:54:48,REAL,2697511059,485,2697511544,2697511544
2025-06-18 19:54:50,REAL,2697511544,479,2697512023,2697512023
2025-06-18 19:54:52,REAL,2697512023,491,2697512514,2697512514
2025-06-18 19:54:54,REAL,2697512514,488,2697513002,2697513002
2025-06-18 19:54:56,REAL,2697513002,480,2697513482,2697513482
2025-06-18 19:54:58,REAL,2697513482,490,2697513972,2697513972
2025-06-18 19:55:00,REAL,2697513972,483,2697514455,2697514455
2025-06-18 19:55:02,REAL,2697514455,542,2697514997,2697514997
2025-06-18 19:55:04,REAL,2697514997,482,2697515479,2697515479
2025-06-18 19:55:06,REAL,2697515479,241,2697515720,2697515720
2025-06-18 19:55:08,REAL,2697515720,484,2697516204,2697516204
2025-06-18 19:55:10,REAL,2697516204,489,2697516693,2697516693
2025-06-18 19:55:12,REAL,2697516693,483,2697517176,2697517176
2025-06-18 19:55:14,REAL,2697517176,485,2697517661,2697517661
2025-06-18 19:55:16,REAL,2697517661,481,2697518142,2697518142
2025-06-18 19:55:18,REAL,2697518142,490,2697518632,2697518632
2025-06-18 19:55:20,REAL,2697518632,489,2697519121,2697519121
2025-06-18 19:55:22,REAL,2697519121,485,2697519606,2697519606
2025-06-18 19:55:24,REAL,2697519606,534,2697520140,2697520140
2025-06-18 19:55:26,REAL,2697520140,481,2697520621,2697520621
2025-06-18 19:55:28,REAL,2697520621,543,2697521164,2697521164
2025-06-18 19:55:30,REAL,2697521164,486,2697521650,2697521650
2025-06-18 19:55:32,REAL,2697521650,484,2697522134,2697522134
2025-06-18 19:55:34,REAL,2697522134,479,2697522613,2697522613
2025-06-18 19:55:36,REAL,2697522613,485,2697523098,2697523098
2025-06-18 19:55:38,REAL,2697523098,490,2697523588,2697523588
2025-06-18 19:55:40,REAL,2697523588,487,2697524075,2697524075
2025-06-18 19:55:42,REAL,2697524075,485,2697524560,2697524560
2025-06-18 19:55:44,REAL,2697524560,482,2697525042,2697525042
2025-06-18 19:55:46,REAL,2697525042,535,2697525577,2697525577
2025-06-18 19:55:48,REAL,2697525577,477,2697526054,2697526054
2025-06-18 19:55:50,REAL,2697526054,481,2697526535,2697526535
2025-06-18 19:55:52,REAL,2697526535,485,2697527020,2697527020
2025-06-18 19:55:54,REAL,2697527020,481,2697527501,2697527501
2025-06-18 19:55:56,REAL,2697527501,483,2697527984,2697527984
2025-06-18 19:55:58,REAL,2697527984,484,2697528468,2697528468
2025-06-18 19:56:00,REAL,2697528468,480,2697528948,2697528948
2025-06-18 19:56:02,REAL,2697528948,480,2697529428,2697529428
2025-06-18 19:56:04,REAL,2697529428,479,2697529907,2697529907
2025-06-18 19:56:06,REAL,2697529907,481,2697530388,2697530388
2025-06-18 19:56:08,REAL,2697530388,482,2697530870,2697530870
2025-06-18 19:56:10,REAL,2697530870,539,2697531409,2697531409
2025-06-18 19:56:12,REAL,2697531409,481,2697531890,2697531890
2025-06-18 19:56:14,REAL,2697531890,490,2697532380,2697532380
2025-06-18 19:56:16,REAL,2697532380,8220,2697540600,2697540600
2025-06-18 19:56:18,REAL,2697540600,12696,2697553296,2697553296
2025-06-18 19:56:20,REAL,2697553296,10254,2697563550,2697563550
2025-06-18 19:56:22,REAL,2697563550,10254,2697573804,2697573804
2025-06-18 19:56:24,REAL,2697573804,10251,2697584055,2697584055
2025-06-18 19:56:26,REAL,2697584055,10326,2697594381,2697594381
2025-06-18 19:56:28,REAL,2697594381,10255,2697604636,2697604636
2025-06-18 19:56:30,REAL,2697604636,9326,2697613962,2697613962
2025-06-18 19:56:32,REAL,2697613962,548,2697614510,2697614510
2025-06-18 19:56:34,REAL,2697614510,484,2697614994,2697614994
2025-06-18 19:56:36,REAL,2697614994,483,2697615477,2697615477
2025-06-18 19:56:38,REAL,2697615477,483,2697615960,2697615960
2025-06-18 19:56:40,REAL,2697615960,482,2697616442,2697616442
2025-06-18 19:56:42,REAL,2697616442,489,2697616931,2697616931
2025-06-18 19:56:44,REAL,2697616931,481,2697617412,2697617412
2025-06-18 19:56:46,REAL,2697617412,490,2697617902,2697617902
2025-06-18 19:56:48,REAL,2697617902,8083,2697625985,2697625985
2025-06-18 19:56:50,REAL,2697625985,10520,2697636505,2697636505
2025-06-18 19:56:52,REAL,2697636505,10258,2697646763,2697646763
2025-06-18 19:56:54,REAL,2697646763,10309,2697657072,2697657072
2025-06-18 19:56:56,REAL,2697657072,10250,2697667322,2697667322
2025-06-18 19:56:58,REAL,2697667322,10250,2697677572,2697677572
2025-06-18 19:57:00,REAL,2697677572,10256,2697687828,2697687828
2025-06-18 19:57:02,REAL,2697687828,8732,2697696560,2697696560
2025-06-18 19:57:04,REAL,2697696560,483,2697697043,2697697043
2025-06-18 19:57:06,REAL,2697697043,474,2697697517,2697697517
2025-06-18 19:57:08,REAL,2697697517,488,2697698005,2697698005
2025-06-18 19:57:10,REAL,2697698005,480,2697698485,2697698485
2025-06-18 19:57:12,REAL,2697698485,477,2697698962,2697698962
2025-06-18 19:57:14,REAL,2697698962,478,2697699440,2697699440
2025-06-18 19:57:16,REAL,2697699440,489,2697699929,2697699929
2025-06-18 19:57:18,REAL,2697699929,487,2697700416,2697700416
2025-06-18 19:57:20,REAL,2697700416,9064,2697709480,2697709480
2025-06-18 19:57:22,REAL,2697709480,10720,2697720200,2697720200
2025-06-18 19:57:24,REAL,2697720200,10313,2697730513,2697730513
2025-06-18 19:57:26,REAL,2697730513,10252,2697740765,2697740765
2025-06-18 19:57:28,REAL,2697740765,10318,2697751083,2697751083
2025-06-18 19:57:30,REAL,2697751083,10254,2697761337,2697761337
2025-06-18 19:57:32,REAL,2697761337,10326,2697771663,2697771663
2025-06-18 19:57:34,REAL,2697771663,8074,2697779737,2697779737
2025-06-18 19:57:36,REAL,2697779737,538,2697780275,2697780275
2025-06-18 19:57:38,REAL,2697780275,483,2697780758,2697780758
2025-06-18 19:57:40,REAL,2697780758,488,2697781246,2697781246
2025-06-18 19:57:42,REAL,2697781246,480,2697781726,2697781726
2025-06-18 19:57:44,REAL,2697781726,480,2697782206,2697782206
2025-06-18 19:57:46,REAL,2697782206,486,2697782692,2697782692
2025-06-18 19:57:48,REAL,2697782692,485,2697783177,2697783177
2025-06-18 19:57:50,REAL,2697783177,478,2697783655,2697783655
2025-06-18 19:57:52,REAL,2697783655,9465,2697793120,2697793120
2025-06-18 19:57:54,REAL,2697793120,10514,2697803634,2697803634
2025-06-18 19:57:56,REAL,2697803634,10249,2697813883,2697813883
2025-06-18 19:57:58,REAL,2697813883,10315,2697824198,2697824198
2025-06-18 19:58:00,REAL,2697824198,10249,2697834447,2697834447
2025-06-18 19:58:02,REAL,2697834447,10253,2697844700,2697844700
2025-06-18 19:58:04,REAL,2697844700,10323,2697855023,2697855023
2025-06-18 19:58:06,REAL,2697855023,7416,2697862439,2697862439
2025-06-18 19:58:08,REAL,2697862439,491,2697862930,2697862930
2025-06-18 19:58:10,REAL,2697862930,486,2697863416,2697863416
2025-06-18 19:58:12,REAL,2697863416,484,2697863900,2697863900
2025-06-18 19:58:14,REAL,2697863900,485,2697864385,2697864385
2025-06-18 19:58:16,REAL,2697864385,535,2697864920,2697864920
2025-06-18 19:58:18,REAL,2697864920,484,2697865404,2697865404
2025-06-18 19:58:20,REAL,2697865404,483,2697865887,2697865887
2025-06-18 19:58:22,REAL,2697865887,485,2697866372,2697866372
2025-06-18 19:58:24,REAL,2697866372,10064,2697876436,2697876436
2025-06-18 19:58:26,REAL,2697876436,10383,2697886819,2697886819
2025-06-18 19:58:28,REAL,2697886819,10309,2697897128,2697897128
2025-06-18 19:58:30,REAL,2697897128,10251,2697907379,2697907379
2025-06-18 19:58:32,REAL,2697907379,10251,2697917630,2697917630
2025-06-18 19:58:34,REAL,2697917630,10258,2697927888,2697927888
2025-06-18 19:58:36,REAL,2697927888,10258,2697938146,2697938146
2025-06-18 19:58:38,REAL,2697938146,6889,2697945035,2697945035
2025-06-18 19:58:40,REAL,2697945035,478,2697945513,2697945513
2025-06-18 19:58:42,REAL,2697945513,480,2697945993,2697945993
2025-06-18 19:58:44,REAL,2697945993,483,2697946476,2697946476
2025-06-18 19:58:46,REAL,2697946476,475,2697946951,2697946951
2025-06-18 19:58:48,REAL,2697946951,479,2697947430,2697947430
2025-06-18 19:58:50,REAL,2697947430,540,2697947970,2697947970
2025-06-18 19:58:52,REAL,2697947970,481,2697948451,2697948451
2025-06-18 19:58:54,REAL,2697948451,479,2697948930,2697948930
2025-06-18 19:58:56,REAL,2697948930,483,2697949413,2697949413
2025-06-18 19:58:58,REAL,2697949413,540,2697949953,2697949953
2025-06-18 19:59:00,REAL,2697949953,487,2697950440,2697950440
2025-06-18 19:59:02,REAL,2697950440,483,2697950923,2697950923
2025-06-18 19:59:04,REAL,2697950923,485,2697951408,2697951408
2025-06-18 19:59:06,REAL,2697951408,479,2697951887,2697951887
2025-06-18 19:59:08,REAL,2697951887,494,2697952381,2697952381
2025-06-18 19:59:10,REAL,2697952381,475,2697952856,2697952856
2025-06-18 19:59:12,REAL,2697952856,480,2697953336,2697953336
2025-06-18 19:59:14,REAL,2697953336,487,2697953823,2697953823
2025-06-18 19:59:16,REAL,2697953823,536,2697954359,2697954359
2025-06-18 19:59:18,REAL,2697954359,482,2697954841,2697954841
2025-06-18 19:59:20,REAL,2697954841,482,2697955323,2697955323
2025-06-18 19:59:22,REAL,2697955323,483,2697955806,2697955806
2025-06-18 19:59:24,REAL,2697955806,486,2697956292,2697956292
2025-06-18 19:59:26,REAL,2697956292,483,2697956775,2697956775
2025-06-18 19:59:28,REAL,2697956775,479,2697957254,2697957254
2025-06-18 19:59:30,REAL,2697957254,486,2697957740,2697957740
2025-06-18 19:59:32,REAL,2697957740,487,2697958227,2697958227
2025-06-18 19:59:34,REAL,2697958227,486,2697958713,2697958713
2025-06-18 19:59:36,REAL,2697958713,494,2697959207,2697959207
2025-06-18 19:59:38,REAL,2697959207,537,2697959744,2697959744
2025-06-18 19:59:40,REAL,2697959744,488,2697960232,2697960232
2025-06-18 19:59:42,REAL,2697960232,480,2697960712,2697960712
2025-06-18 19:59:44,REAL,2697960712,531,2697961243,2697961243
2025-06-18 19:59:46,REAL,2697961243,486,2697961729,2697961729
2025-06-18 19:59:48,REAL,2697961729,489,2697962218,2697962218
2025-06-18 19:59:50,REAL,2697962218,481,2697962699,2697962699
2025-06-18 19:59:52,REAL,2697962699,486,2697963185,2697963185
2025-06-18 19:59:54,REAL,2697963185,483,2697963668,2697963668
2025-06-18 19:59:56,REAL,2697963668,486,2697964154,2697964154
2025-06-18 19:59:58,REAL,2697964154,479,2697964633,2697964633
2025-06-18 20:00:00,REAL,2697964633,485,2697965118,2697965118
2025-06-18 20:00:02,REAL,2697965118,494,2697965612,2697965612
2025-06-18 20:00:04,REAL,2697965612,479,2697966091,2697966091
2025-06-18 20:00:06,REAL,2697966091,485,2697966576,2697966576
2025-06-18 20:00:08,REAL,2697966576,486,2697967062,2697967062
2025-06-18 20:00:10,REAL,2697967062,535,2697967597,2697967597
2025-06-18 20:00:12,REAL,2697967597,477,2697968074,2697968074
2025-06-18 20:00:14,REAL,2697968074,485,2697968559,2697968559
2025-06-18 20:00:16,REAL,2697968559,491,2697969050,2697969050
2025-06-18 20:00:18,REAL,2697969050,483,2697969533,2697969533
2025-06-18 20:00:20,REAL,2697969533,544,2697970077,2697970077
2025-06-18 20:00:22,REAL,2697970077,481,2697970558,2697970558
2025-06-18 20:00:24,REAL,2697970558,492,2697971050,2697971050
2025-06-18 20:00:26,REAL,2697971050,477,2697971527,2697971527
2025-06-18 20:00:28,REAL,2697971527,485,2697972012,2697972012
2025-06-18 20:00:30,REAL,2697972012,489,2697972501,2697972501
2025-06-18 20:00:32,REAL,2697972501,485,2697972986,2697972986
2025-06-18 20:00:34,REAL,2697972986,489,2697973475,2697973475
2025-06-18 20:00:36,REAL,2697973475,532,2697974007,2697974007
2025-06-18 20:00:38,REAL,2697974007,480,2697974487,2697974487
2025-06-18 20:00:40,REAL,2697974487,484,2697974971,2697974971
2025-06-18 20:00:42,REAL,2697974971,488,2697975459,2697975459
2025-06-18 20:00:44,REAL,2697975459,483,2697975942,2697975942
2025-06-18 20:00:46,REAL,2697975942,477,2697976419,2697976419
2025-06-18 20:00:48,REAL,2697976419,491,2697976910,2697976910
2025-06-18 20:00:50,REAL,2697976910,491,2697977401,2697977401
2025-06-18 20:00:52,REAL,2697977401,483,2697977884,2697977884
2025-06-18 20:00:54,REAL,2697977884,484,2697978368,2697978368
2025-06-18 20:00:56,REAL,2697978368,493,2697978861,2697978861
2025-06-18 20:00:58,REAL,2697978861,483,2697979344,2697979344
2025-06-18 20:01:00,REAL,2697979344,540,2697979884,2697979884
2025-06-18 20:01:02,REAL,2697979884,485,2697980369,2697980369
2025-06-18 20:01:04,REAL,2697980369,544,2697980913,2697980913
2025-06-18 20:01:06,REAL,2697980913,492,2697981405,2697981405
2025-06-18 20:01:08,REAL,2697981405,485,2697981890,2697981890
2025-06-18 20:01:10,REAL,2697981890,491,2697982381,2697982381
2025-06-18 20:01:12,REAL,2697982381,481,2697982862,2697982862
2025-06-18 20:01:14,REAL,2697982862,483,2697983345,2697983345
2025-06-18 20:01:16,REAL,2697983345,478,2697983823,2697983823
2025-06-18 20:01:18,REAL,2697983823,485,2697984308,2697984308
2025-06-18 20:01:20,REAL,2697984308,479,2697984787,2697984787
2025-06-18 20:01:22,REAL,2697984787,486,2697985273,2697985273
2025-06-18 20:01:24,REAL,2697985273,488,2697985761,2697985761
2025-06-18 20:01:26,REAL,2697985761,487,2697986248,2697986248
2025-06-18 20:01:28,REAL,2697986248,485,2697986733,2697986733
2025-06-18 20:01:30,REAL,2697986733,544,2697987277,2697987277
2025-06-18 20:01:32,REAL,2697987277,480,2697987757,2697987757
2025-06-18 20:01:34,REAL,2697987757,486,2697988243,2697988243
2025-06-18 20:01:36,REAL,2697988243,489,2697988732,2697988732
2025-06-18 20:01:38,REAL,2697988732,479,2697989211,2697989211
2025-06-18 20:01:40,REAL,2697989211,531,2697989742,2697989742
2025-06-18 20:01:42,REAL,2697989742,479,2697990221,2697990221
2025-06-18 20:01:44,REAL,2697990221,484,2697990705,2697990705
2025-06-18 20:01:46,REAL,2697990705,491,2697991196,2697991196
2025-06-18 20:01:48,REAL,2697991196,483,2697991679,2697991679
2025-06-18 20:01:50,REAL,2697991679,480,2697992159,2697992159
2025-06-18 20:01:52,REAL,2697992159,482,2697992641,2697992641
2025-06-18 20:01:54,REAL,2697992641,483,2697993124,2697993124
2025-06-18 20:01:56,REAL,2697993124,534,2697993658,2697993658
2025-06-18 20:01:58,REAL,2697993658,488,2697994146,2697994146
2025-06-18 20:02:00,REAL,2697994146,491,2697994637,2697994637
2025-06-18 20:02:02,REAL,2697994637,487,2697995124,2697995124
2025-06-18 20:02:04,REAL,2697995124,488,2697995612,2697995612
2025-06-18 20:02:06,REAL,2697995612,483,2697996095,2697996095
2025-06-18 20:02:08,REAL,2697996095,474,2697996569,2697996569
2025-06-18 20:02:10,REAL,2697996569,485,2697997054,2697997054
2025-06-18 20:02:12,REAL,2697997054,482,2697997536,2697997536
2025-06-18 20:02:14,REAL,2697997536,480,2697998016,2697998016
2025-06-18 20:02:16,REAL,2697998016,484,2697998500,2697998500
2025-06-18 20:02:18,REAL,2697998500,482,2697998982,2697998982
2025-06-18 20:02:20,REAL,2697998982,489,2697999471,2697999471
2025-06-18 20:02:22,REAL,2697999471,4436,2698003907,2698003907
2025-06-18 20:02:24,REAL,2698003907,11298,2698015205,2698015205
2025-06-18 20:02:26,REAL,2698015205,10319,2698025524,2698025524
2025-06-18 20:02:28,REAL,2698025524,10256,2698035780,2698035780
2025-06-18 20:02:30,REAL,2698035780,10252,2698046032,2698046032
2025-06-18 20:02:32,REAL,2698046032,10311,2698056343,2698056343
2025-06-18 20:02:34,REAL,2698056343,10252,2698066595,2698066595
2025-06-18 20:02:36,REAL,2698066595,10258,2698076853,2698076853
2025-06-18 20:02:38,REAL,2698076853,2136,2698078989,2698078989
2025-06-18 20:02:40,REAL,2698078989,485,2698079474,2698079474
2025-06-18 20:02:42,REAL,2698079474,484,2698079958,2698079958
2025-06-18 20:02:44,REAL,2698079958,493,2698080451,2698080451
2025-06-18 20:02:46,REAL,2698080451,484,2698080935,2698080935
2025-06-18 20:02:48,REAL,2698080935,486,2698081421,2698081421
2025-06-18 20:02:50,REAL,2698081421,546,2698081967,2698081967
2025-06-18 20:02:52,REAL,2698081967,485,2698082452,2698082452
2025-06-18 20:02:54,REAL,2698082452,486,2698082938,2698082938
2025-06-18 20:02:56,REAL,2698082938,484,2698083422,2698083422
2025-06-18 20:02:58,REAL,2698083422,541,2698083963,2698083963
2025-06-18 20:03:00,REAL,2698083963,492,2698084455,2698084455
2025-06-18 20:03:02,REAL,2698084455,487,2698084942,2698084942
2025-06-18 20:03:04,REAL,2698084942,482,2698085424,2698085424
2025-06-18 20:03:06,REAL,2698085424,486,2698085910,2698085910
2025-06-18 20:03:08,REAL,2698085910,484,2698086394,2698086394
2025-06-18 20:03:10,REAL,2698086394,480,2698086874,2698086874
2025-06-18 20:03:12,REAL,2698086874,488,2698087362,2698087362
2025-06-18 20:03:14,REAL,2698087362,492,2698087854,2698087854
2025-06-18 20:03:16,REAL,2698087854,533,2698088387,2698088387
2025-06-18 20:03:18,REAL,2698088387,481,2698088868,2698088868
2025-06-18 20:03:20,REAL,2698088868,480,2698089348,2698089348
2025-06-18 20:03:22,REAL,2698089348,475,2698089823,2698089823
2025-06-18 20:03:24,REAL,2698089823,488,2698090311,2698090311
2025-06-18 20:03:26,REAL,2698090311,6232,2698096543,2698096543
2025-06-18 20:03:28,REAL,2698096543,10845,2698107388,2698107388
2025-06-18 20:03:30,REAL,2698107388,10250,2698117638,2698117638
2025-06-18 20:03:32,REAL,2698117638,10247,2698127885,2698127885
2025-06-18 20:03:34,REAL,2698127885,10258,2698138143,2698138143
2025-06-18 20:03:36,REAL,2698138143,10308,2698148451,2698148451
2025-06-18 20:03:38,REAL,2698148451,10261,2698158712,2698158712
2025-06-18 20:03:40,REAL,2698158712,10312,2698169024,2698169024
2025-06-18 20:03:42,REAL,2698169024,814,2698169838,2698169838
2025-06-18 20:03:44,REAL,2698169838,486,2698170324,2698170324
2025-06-18 20:03:46,REAL,2698170324,486,2698170810,2698170810
2025-06-18 20:03:48,REAL,2698170810,489,2698171299,2698171299
2025-06-18 20:03:50,REAL,2698171299,487,2698171786,2698171786
2025-06-18 20:03:52,REAL,2698171786,480,2698172266,2698172266
2025-06-18 20:03:54,REAL,2698172266,490,2698172756,2698172756
2025-06-18 20:03:56,REAL,2698172756,482,2698173238,2698173238
2025-06-18 20:03:58,REAL,2698173238,484,2698173722,2698173722
2025-06-18 20:04:00,REAL,2698173722,489,2698174211,2698174211
2025-06-18 20:04:02,REAL,2698174211,488,2698174699,2698174699
2025-06-18 20:04:04,REAL,2698174699,543,2698175242,2698175242
2025-06-18 20:04:06,REAL,2698175242,479,2698175721,2698175721
2025-06-18 20:04:08,REAL,2698175721,483,2698176204,2698176204
2025-06-18 20:04:10,REAL,2698176204,480,2698176684,2698176684
2025-06-18 20:04:12,REAL,2698176684,540,2698177224,2698177224
2025-06-18 20:04:14,REAL,2698177224,488,2698177712,2698177712
2025-06-18 20:04:16,REAL,2698177712,485,2698178197,2698178197
2025-06-18 20:04:18,REAL,2698178197,480,2698178677,2698178677
2025-06-18 20:04:20,REAL,2698178677,492,2698179169,2698179169
2025-06-18 20:04:22,REAL,2698179169,475,2698179644,2698179644
2025-06-18 20:04:24,REAL,2698179644,484,2698180128,2698180128
2025-06-18 20:04:26,REAL,2698180128,489,2698180617,2698180617
2025-06-18 20:04:28,REAL,2698180617,485,2698181102,2698181102
2025-06-18 20:04:30,REAL,2698181102,483,2698181585,2698181585
2025-06-18 20:04:32,REAL,2698181585,482,2698182067,2698182067
2025-06-18 20:04:34,REAL,2698182067,477,2698182544,2698182544
2025-06-18 20:04:36,REAL,2698182544,490,2698183034,2698183034
2025-06-18 20:04:38,REAL,2698183034,477,2698183511,2698183511
2025-06-18 20:04:40,REAL,2698183511,477,2698183988,2698183988
2025-06-18 20:04:42,REAL,2698183988,533,2698184521,2698184521
2025-06-18 20:04:44,REAL,2698184521,481,2698185002,2698185002
2025-06-18 20:04:46,REAL,2698185002,491,2698185493,2698185493
2025-06-18 20:04:48,REAL,2698185493,486,2698185979,2698185979
2025-06-18 20:04:50,REAL,2698185979,537,2698186516,2698186516
2025-06-18 20:04:52,REAL,2698186516,480,2698186996,2698186996
2025-06-18 20:04:54,REAL,2698186996,485,2698187481,2698187481
2025-06-18 20:04:56,REAL,2698187481,481,2698187962,2698187962
2025-06-18 20:04:58,REAL,2698187962,485,2698188447,2698188447
2025-06-18 20:05:00,REAL,2698188447,489,2698188936,2698188936
2025-06-18 20:05:02,REAL,2698188936,479,2698189415,2698189415
2025-06-18 20:05:04,REAL,2698189415,485,2698189900,2698189900
2025-06-18 20:05:06,REAL,2698189900,487,2698190387,2698190387
2025-06-18 20:05:08,REAL,2698190387,474,2698190861,2698190861
2025-06-18 20:05:10,REAL,2698190861,476,2698191337,2698191337
2025-06-18 20:05:12,REAL,2698191337,487,2698191824,2698191824
2025-06-18 20:05:14,REAL,2698191824,482,2698192306,2698192306
2025-06-18 20:05:16,REAL,2698192306,484,2698192790,2698192790
2025-06-18 20:05:18,REAL,2698192790,488,2698193278,2698193278
2025-06-18 20:05:20,REAL,2698193278,493,2698193771,2698193771
2025-06-18 20:05:22,REAL,2698193771,542,2698194313,2698194313
2025-06-18 20:05:24,REAL,2698194313,478,2698194791,2698194791
2025-06-18 20:05:26,REAL,2698194791,539,2698195330,2698195330
2025-06-18 20:05:28,REAL,2698195330,487,2698195817,2698195817
2025-06-18 20:05:30,REAL,2698195817,486,2698196303,2698196303
2025-06-18 20:05:32,REAL,2698196303,479,2698196782,2698196782
2025-06-18 20:05:34,REAL,2698196782,484,2698197266,2698197266
2025-06-18 20:05:36,REAL,2698197266,485,2698197751,2698197751
2025-06-18 20:05:38,REAL,2698197751,491,2698198242,2698198242
2025-06-18 20:05:40,REAL,2698198242,486,2698198728,2698198728
2025-06-18 20:05:42,REAL,2698198728,478,2698199206,2698199206
2025-06-18 20:05:44,REAL,2698199206,486,2698199692,2698199692
2025-06-18 20:05:46,REAL,2698199692,490,2698200182,2698200182
2025-06-18 20:05:48,REAL,2698200182,489,2698200671,2698200671
2025-06-18 20:05:50,REAL,2698200671,483,2698201154,2698201154
2025-06-18 20:05:52,REAL,2698201154,490,2698201644,2698201644
2025-06-18 20:05:54,REAL,2698201644,481,2698202125,2698202125
2025-06-18 20:05:56,REAL,2698202125,490,2698202615,2698202615
2025-06-18 20:05:58,REAL,2698202615,482,2698203097,2698203097
2025-06-18 20:06:00,REAL,2698203097,534,2698203631,2698203631
2025-06-18 20:06:02,REAL,2698203631,543,2698204174,2698204174
2025-06-18 20:06:04,REAL,2698204174,488,2698204662,2698204662
2025-06-18 20:06:06,REAL,2698204662,484,2698205146,2698205146
2025-06-18 20:06:08,REAL,2698205146,480,2698205626,2698205626
2025-06-18 20:06:10,REAL,2698205626,483,2698206109,2698206109
2025-06-18 20:06:12,REAL,2698206109,484,2698206593,2698206593
2025-06-18 20:06:14,REAL,2698206593,489,2698207082,2698207082
2025-06-18 20:06:16,REAL,2698207082,492,2698207574,2698207574
2025-06-18 20:06:18,REAL,2698207574,488,2698208062,2698208062
2025-06-18 20:06:20,REAL,2698208062,486,2698208548,2698208548
2025-06-18 20:06:22,REAL,2698208548,481,2698209029,2698209029
2025-06-18 20:06:24,REAL,2698209029,474,2698209503,2698209503
2025-06-18 20:06:26,REAL,2698209503,482,2698209985,2698209985
2025-06-18 20:06:28,REAL,2698209985,480,2698210465,2698210465
2025-06-18 20:06:30,REAL,2698210465,488,2698210953,2698210953
2025-06-18 20:06:32,REAL,2698210953,481,2698211434,2698211434
2025-06-18 20:06:34,REAL,2698211434,483,2698211917,2698211917
2025-06-18 20:06:36,REAL,2698211917,482,2698212399,2698212399
2025-06-18 20:06:38,REAL,2698212399,545,2698212944,2698212944
2025-06-18 20:06:40,REAL,2698212944,534,2698213478,2698213478
2025-06-18 20:06:42,REAL,2698213478,493,2698213971,2698213971
2025-06-18 20:06:44,REAL,2698213971,489,2698214460,2698214460
2025-06-18 20:06:46,REAL,2698214460,486,2698214946,2698214946
2025-06-18 20:06:48,REAL,2698214946,480,2698215426,2698215426
2025-06-18 20:06:50,REAL,2698215426,491,2698215917,2698215917
2025-06-18 20:06:52,REAL,2698215917,488,2698216405,2698216405
2025-06-18 20:06:54,REAL,2698216405,480,2698216885,2698216885
2025-06-18 20:06:56,REAL,2698216885,483,2698217368,2698217368
2025-06-18 20:06:58,REAL,2698217368,480,2698217848,2698217848
2025-06-18 20:07:00,REAL,2698217848,485,2698218333,2698218333
2025-06-18 20:07:02,REAL,2698218333,479,2698218812,2698218812
2025-06-18 20:07:04,REAL,2698218812,484,2698219296,2698219296
2025-06-18 20:07:06,REAL,2698219296,479,2698219775,2698219775
2025-06-18 20:07:08,REAL,2698219775,489,2698220264,2698220264
2025-06-18 20:07:10,REAL,2698220264,10462,2698230726,2698230726
2025-06-18 20:07:12,REAL,2698230726,10386,2698241112,2698241112
2025-06-18 20:07:14,REAL,2698241112,10312,2698251424,2698251424
2025-06-18 20:07:16,REAL,2698251424,10253,2698261677,2698261677
2025-06-18 20:07:18,REAL,2698261677,10258,2698271935,2698271935
2025-06-18 20:07:20,REAL,2698271935,10304,2698282239,2698282239
2025-06-18 20:07:22,REAL,2698282239,10317,2698292556,2698292556
2025-06-18 20:07:24,REAL,2698292556,6291,2698298847,2698298847
2025-06-18 20:07:26,REAL,2698298847,484,2698299331,2698299331
2025-06-18 20:07:28,REAL,2698299331,481,2698299812,2698299812
2025-06-18 20:07:30,REAL,2698299812,484,2698300296,2698300296
2025-06-18 20:07:32,REAL,2698300296,488,2698300784,2698300784
2025-06-18 20:07:34,REAL,2698300784,481,2698301265,2698301265
2025-06-18 20:07:36,REAL,2698301265,477,2698301742,2698301742
2025-06-18 20:07:38,REAL,2698301742,485,2698302227,2698302227
2025-06-18 20:07:40,REAL,2698302227,487,2698302714,2698302714
2025-06-18 20:07:42,REAL,2698302714,479,2698303193,2698303193
2025-06-18 20:07:44,REAL,2698303193,479,2698303672,2698303672
2025-06-18 20:07:46,REAL,2698303672,487,2698304159,2698304159
2025-06-18 20:07:48,REAL,2698304159,539,2698304698,2698304698
2025-06-18 20:07:50,REAL,2698304698,488,2698305186,2698305186
2025-06-18 20:07:52,REAL,2698305186,488,2698305674,2698305674
2025-06-18 20:07:54,REAL,2698305674,485,2698306159,2698306159
2025-06-18 20:07:56,REAL,2698306159,493,2698306652,2698306652
2025-06-18 20:07:58,REAL,2698306652,478,2698307130,2698307130
2025-06-18 20:08:00,REAL,2698307130,485,2698307615,2698307615
2025-06-18 20:08:02,REAL,2698307615,544,2698308159,2698308159
2025-06-18 20:08:04,REAL,2698308159,488,2698308647,2698308647
2025-06-18 20:08:06,REAL,2698308647,482,2698309129,2698309129
2025-06-18 20:08:08,REAL,2698309129,478,2698309607,2698309607
2025-06-18 20:08:10,REAL,2698309607,480,2698310087,2698310087
2025-06-18 20:08:12,REAL,2698310087,552,2698310639,2698310639
2025-06-18 20:08:14,REAL,2698310639,12437,2698323076,2698323076
2025-06-18 20:08:16,REAL,2698323076,10260,2698333336,2698333336
2025-06-18 20:08:18,REAL,2698333336,10253,2698343589,2698343589
2025-06-18 20:08:20,REAL,2698343589,10256,2698353845,2698353845
2025-06-18 20:08:22,REAL,2698353845,10249,2698364094,2698364094
2025-06-18 20:08:24,REAL,2698364094,10251,2698374345,2698374345
2025-06-18 20:08:26,REAL,2698374345,10314,2698384659,2698384659
2025-06-18 20:08:28,REAL,2698384659,4978,2698389637,2698389637
2025-06-18 20:08:30,REAL,2698389637,476,2698390113,2698390113
2025-06-18 20:08:32,REAL,2698390113,482,2698390595,2698390595
2025-06-18 20:08:34,REAL,2698390595,489,2698391084,2698391084
2025-06-18 20:08:36,REAL,2698391084,493,2698391577,2698391577
2025-06-18 20:08:38,REAL,2698391577,490,2698392067,2698392067
2025-06-18 20:08:40,REAL,2698392067,489,2698392556,2698392556
2025-06-18 20:08:42,REAL,2698392556,479,2698393035,2698393035
2025-06-18 20:08:44,REAL,2698393035,532,2698393567,2698393567
2025-06-18 20:08:46,REAL,2698393567,484,2698394051,2698394051
2025-06-18 20:08:48,REAL,2698394051,486,2698394537,2698394537
2025-06-18 20:08:50,REAL,2698394537,481,2698395018,2698395018
2025-06-18 20:08:52,REAL,2698395018,547,2698395565,2698395565
2025-06-18 20:08:54,REAL,2698395565,555,2698396120,2698396120
2025-06-18 20:08:56,REAL,2698396120,476,2698396596,2698396596
2025-06-18 20:08:58,REAL,2698396596,488,2698397084,2698397084
2025-06-18 20:09:00,REAL,2698397084,480,2698397564,2698397564
2025-06-18 20:09:02,REAL,2698397564,489,2698398053,2698398053
2025-06-18 20:09:04,REAL,2698398053,489,2698398542,2698398542
2025-06-18 20:09:06,REAL,2698398542,480,2698399022,2698399022
2025-06-18 20:09:08,REAL,2698399022,483,2698399505,2698399505
2025-06-18 20:09:10,REAL,2698399505,487,2698399992,2698399992
2025-06-18 20:09:12,REAL,2698399992,479,2698400471,2698400471
2025-06-18 20:09:14,REAL,2698400471,482,2698400953,2698400953
2025-06-18 20:09:16,REAL,2698400953,2274,2698403227,2698403227
2025-06-18 20:09:18,REAL,2698403227,14352,2698417579,2698417579
2025-06-18 20:09:20,REAL,2698417579,10313,2698427892,2698427892
2025-06-18 20:09:22,REAL,2698427892,10251,2698438143,2698438143
2025-06-18 20:09:24,REAL,2698438143,10315,2698448458,2698448458
2025-06-18 20:09:26,REAL,2698448458,10258,2698458716,2698458716
2025-06-18 20:09:28,REAL,2698458716,10255,2698468971,2698468971
2025-06-18 20:09:30,REAL,2698468971,10255,2698479226,2698479226
2025-06-18 20:09:32,REAL,2698479226,3781,2698483007,2698483007
2025-06-18 20:09:34,REAL,2698483007,483,2698483490,2698483490
2025-06-18 20:09:36,REAL,2698483490,486,2698483976,2698483976
2025-06-18 20:09:38,REAL,2698483976,490,2698484466,2698484466
2025-06-18 20:09:40,REAL,2698484466,483,2698484949,2698484949
2025-06-18 20:09:42,REAL,2698484949,486,2698485435,2698485435
2025-06-18 20:09:44,REAL,2698485435,484,2698485919,2698485919
2025-06-18 20:09:46,REAL,2698485919,488,2698486407,2698486407
2025-06-18 20:09:48,REAL,2698486407,3069,2698489476,2698489476
2025-06-18 20:09:50,REAL,2698489476,11379,2698500855,2698500855
2025-06-18 20:09:52,REAL,2698500855,10254,2698511109,2698511109
2025-06-18 20:09:54,REAL,2698511109,10247,2698521356,2698521356
2025-06-18 20:09:56,REAL,2698521356,10253,2698531609,2698531609
2025-06-18 20:09:58,REAL,2698531609,10249,2698541858,2698541858
2025-06-18 20:10:00,REAL,2698541858,10256,2698552114,2698552114
2025-06-18 20:10:02,REAL,2698552114,10252,2698562366,2698562366
2025-06-18 20:10:04,REAL,2698562366,3178,2698565544,2698565544
2025-06-18 20:10:06,REAL,2698565544,483,2698566027,2698566027
2025-06-18 20:10:08,REAL,2698566027,487,2698566514,2698566514
2025-06-18 20:10:10,REAL,2698566514,488,2698567002,2698567002
2025-06-18 20:10:12,REAL,2698567002,478,2698567480,2698567480
2025-06-18 20:10:14,REAL,2698567480,481,2698567961,2698567961
2025-06-18 20:10:16,REAL,2698567961,490,2698568451,2698568451
2025-06-18 20:10:18,REAL,2698568451,485,2698568936,2698568936
2025-06-18 20:10:20,REAL,2698568936,485,2698569421,2698569421
2025-06-18 20:10:22,REAL,2698569421,480,2698569901,2698569901
2025-06-18 20:10:24,REAL,2698569901,487,2698570388,2698570388
2025-06-18 20:10:26,REAL,2698570388,542,2698570930,2698570930
2025-06-18 20:10:28,REAL,2698570930,488,2698571418,2698571418
2025-06-18 20:10:30,REAL,2698571418,492,2698571910,2698571910
2025-06-18 20:10:32,REAL,2698571910,487,2698572397,2698572397
2025-06-18 20:10:34,REAL,2698572397,483,2698572880,2698572880
2025-06-18 20:10:36,REAL,2698572880,478,2698573358,2698573358
2025-06-18 20:10:38,REAL,2698573358,482,2698573840,2698573840
2025-06-18 20:10:40,REAL,2698573840,489,2698574329,2698574329
2025-06-18 20:10:42,REAL,2698574329,485,2698574814,2698574814
2025-06-18 20:10:44,REAL,2698574814,493,2698575307,2698575307
2025-06-18 20:10:46,REAL,2698575307,532,2698575839,2698575839
2025-06-18 20:10:48,REAL,2698575839,492,2698576331,2698576331
2025-06-18 20:10:50,REAL,2698576331,487,2698576818,2698576818
2025-06-18 20:10:52,REAL,2698576818,491,2698577309,2698577309
2025-06-18 20:10:54,REAL,2698577309,483,2698577792,2698577792
2025-06-18 20:10:56,REAL,2698577792,480,2698578272,2698578272
2025-06-18 20:10:58,REAL,2698578272,488,2698578760,2698578760
2025-06-18 20:11:00,REAL,2698578760,484,2698579244,2698579244
2025-06-18 20:11:02,REAL,2698579244,486,2698579730,2698579730
2025-06-18 20:11:04,REAL,2698579730,484,2698580214,2698580214
2025-06-18 20:11:06,REAL,2698580214,543,2698580757,2698580757
2025-06-18 20:11:08,REAL,2698580757,486,2698581243,2698581243
2025-06-18 20:11:10,REAL,2698581243,491,2698581734,2698581734
2025-06-18 20:11:12,REAL,2698581734,491,2698582225,2698582225
2025-06-18 20:11:14,REAL,2698582225,483,2698582708,2698582708
2025-06-18 20:11:16,REAL,2698582708,475,2698583183,2698583183
2025-06-18 20:11:18,REAL,2698583183,489,2698583672,2698583672
2025-06-18 20:11:20,REAL,2698583672,484,2698584156,2698584156
2025-06-18 20:11:22,REAL,2698584156,483,2698584639,2698584639
2025-06-18 20:11:24,REAL,2698584639,490,2698585129,2698585129
2025-06-18 20:11:26,REAL,2698585129,488,2698585617,2698585617
2025-06-18 20:11:28,REAL,2698585617,545,2698586162,2698586162
2025-06-18 20:11:30,REAL,2698586162,488,2698586650,2698586650
2025-06-18 20:11:32,REAL,2698586650,480,2698587130,2698587130
2025-06-18 20:11:34,REAL,2698587130,484,2698587614,2698587614
2025-06-18 20:11:36,REAL,2698587614,491,2698588105,2698588105
2025-06-18 20:11:38,REAL,2698588105,492,2698588597,2698588597
2025-06-18 20:11:40,REAL,2698588597,484,2698589081,2698589081
2025-06-18 20:11:42,REAL,2698589081,487,2698589568,2698589568
2025-06-18 20:11:44,REAL,2698589568,541,2698590109,2698590109
2025-06-18 20:11:46,REAL,2698590109,482,2698590591,2698590591
2025-06-18 20:11:48,REAL,2698590591,484,2698591075,2698591075
2025-06-18 20:11:50,REAL,2698591075,489,2698591564,2698591564
2025-06-18 20:11:52,REAL,2698591564,485,2698592049,2698592049
2025-06-18 20:11:54,REAL,2698592049,483,2698592532,2698592532
2025-06-18 20:11:56,REAL,2698592532,240,2698592772,2698592772
2025-06-18 20:11:58,REAL,2698592772,483,2698593255,2698593255
2025-06-18 20:12:00,REAL,2698593255,483,2698593738,2698593738
2025-06-18 20:12:02,REAL,2698593738,487,2698594225,2698594225
2025-06-18 20:12:04,REAL,2698594225,477,2698594702,2698594702
2025-06-18 20:12:06,REAL,2698594702,493,2698595195,2698595195
2025-06-18 20:12:08,REAL,2698595195,547,2698595742,2698595742
2025-06-18 20:12:10,REAL,2698595742,485,2698596227,2698596227
2025-06-18 20:12:12,REAL,2698596227,477,2698596704,2698596704
2025-06-18 20:12:14,REAL,2698596704,486,2698597190,2698597190
2025-06-18 20:12:16,REAL,2698597190,485,2698597675,2698597675
2025-06-18 20:12:18,REAL,2698597675,494,2698598169,2698598169
2025-06-18 20:12:20,REAL,2698598169,491,2698598660,2698598660
2025-06-18 20:12:22,REAL,2698598660,484,2698599144,2698599144
2025-06-18 20:12:24,REAL,2698599144,536,2698599680,2698599680
2025-06-18 20:12:26,REAL,2698599680,478,2698600158,2698600158
2025-06-18 20:12:28,REAL,2698600158,477,2698600635,2698600635
2025-06-18 20:12:30,REAL,2698600635,483,2698601118,2698601118
2025-06-18 20:12:32,REAL,2698601118,485,2698601603,2698601603
2025-06-18 20:12:34,REAL,2698601603,477,2698602080,2698602080
2025-06-18 20:12:36,REAL,2698602080,485,2698602565,2698602565
2025-06-18 20:12:38,REAL,2698602565,486,2698603051,2698603051
2025-06-18 20:12:40,REAL,2698603051,486,2698603537,2698603537
2025-06-18 20:12:42,REAL,2698603537,484,2698604021,2698604021
2025-06-18 20:12:44,REAL,2698604021,731,2698604752,2698604752
2025-06-18 20:12:46,REAL,2698604752,244,2698604996,2698604996
2025-06-18 20:12:48,REAL,2698604996,482,2698605478,2698605478
2025-06-18 20:12:50,REAL,2698605478,478,2698605956,2698605956
2025-06-18 20:12:52,REAL,2698605956,477,2698606433,2698606433
2025-06-18 20:12:54,REAL,2698606433,534,2698606967,2698606967
2025-06-18 20:12:56,REAL,2698606967,493,2698607460,2698607460
2025-06-18 20:12:58,REAL,2698607460,480,2698607940,2698607940
2025-06-18 20:13:00,REAL,2698607940,491,2698608431,2698608431
2025-06-18 20:13:02,REAL,2698608431,542,2698608973,2698608973
2025-06-18 20:13:04,REAL,2698608973,476,2698609449,2698609449
2025-06-18 20:13:06,REAL,2698609449,477,2698609926,2698609926
2025-06-18 20:13:08,REAL,2698609926,476,2698610402,2698610402
2025-06-18 20:13:10,REAL,2698610402,484,2698610886,2698610886
2025-06-18 20:13:12,REAL,2698610886,476,2698611362,2698611362
2025-06-18 20:13:14,REAL,2698611362,480,2698611842,2698611842
2025-06-18 20:13:16,REAL,2698611842,488,2698612330,2698612330
2025-06-18 20:13:18,REAL,2698612330,479,2698612809,2698612809
2025-06-18 20:13:20,REAL,2698612809,481,2698613290,2698613290
2025-06-18 20:13:22,REAL,2698613290,489,2698613779,2698613779
2025-06-18 20:13:24,REAL,2698613779,475,2698614254,2698614254
2025-06-18 20:13:26,REAL,2698614254,489,2698614743,2698614743
2025-06-18 20:13:28,REAL,2698614743,482,2698615225,2698615225
2025-06-18 20:13:30,REAL,2698615225,487,2698615712,2698615712
2025-06-18 20:13:32,REAL,2698615712,487,2698616199,2698616199
2025-06-18 20:13:34,REAL,2698616199,480,2698616679,2698616679
2025-06-18 20:13:36,REAL,2698616679,484,2698617163,2698617163
2025-06-18 20:13:38,REAL,2698617163,479,2698617642,2698617642
2025-06-18 20:13:40,REAL,2698617642,542,2698618184,2698618184
2025-06-18 20:13:42,REAL,2698618184,547,2698618731,2698618731
2025-06-18 20:13:44,REAL,2698618731,486,2698619217,2698619217
2025-06-18 20:13:46,REAL,2698619217,481,2698619698,2698619698
2025-06-18 20:13:48,REAL,2698619698,8801,2698628499,2698628499
2025-06-18 20:13:50,REAL,2698628499,10786,2698639285,2698639285
2025-06-18 20:13:52,REAL,2698639285,10256,2698649541,2698649541
2025-06-18 20:13:54,REAL,2698649541,10324,2698659865,2698659865
2025-06-18 20:13:56,REAL,2698659865,10249,2698670114,2698670114
2025-06-18 20:13:58,REAL,2698670114,10260,2698680374,2698680374
2025-06-18 20:14:00,REAL,2698680374,10322,2698690696,2698690696
2025-06-18 20:14:02,REAL,2698690696,8204,2698698900,2698698900
2025-06-18 20:14:04,REAL,2698698900,490,2698699390,2698699390
2025-06-18 20:14:06,REAL,2698699390,476,2698699866,2698699866
2025-06-18 20:14:08,REAL,2698699866,486,2698700352,2698700352
2025-06-18 20:14:10,REAL,2698700352,487,2698700839,2698700839
2025-06-18 20:14:12,REAL,2698700839,484,2698701323,2698701323
2025-06-18 20:14:14,REAL,2698701323,489,2698701812,2698701812
2025-06-18 20:14:16,REAL,2698701812,541,2698702353,2698702353
2025-06-18 20:14:18,REAL,2698702353,484,2698702837,2698702837
2025-06-18 20:14:20,REAL,2698702837,481,2698703318,2698703318
2025-06-18 20:14:22,REAL,2698703318,483,2698703801,2698703801
2025-06-18 20:14:24,REAL,2698703801,483,2698704284,2698704284
2025-06-18 20:14:26,REAL,2698704284,483,2698704767,2698704767
2025-06-18 20:14:28,REAL,2698704767,536,2698705303,2698705303
2025-06-18 20:14:30,REAL,2698705303,479,2698705782,2698705782
2025-06-18 20:14:32,REAL,2698705782,487,2698706269,2698706269
2025-06-18 20:14:34,REAL,2698706269,490,2698706759,2698706759
2025-06-18 20:14:36,REAL,2698706759,483,2698707242,2698707242
2025-06-18 20:14:38,REAL,2698707242,487,2698707729,2698707729
2025-06-18 20:14:40,REAL,2698707729,488,2698708217,2698708217
2025-06-18 20:14:42,REAL,2698708217,483,2698708700,2698708700
2025-06-18 20:14:44,REAL,2698708700,480,2698709180,2698709180
2025-06-18 20:14:46,REAL,2698709180,538,2698709718,2698709718
2025-06-18 20:14:48,REAL,2698709718,480,2698710198,2698710198
2025-06-18 20:14:50,REAL,2698710198,484,2698710682,2698710682
2025-06-18 20:14:52,REAL,2698710682,484,2698711166,2698711166
2025-06-18 20:14:54,REAL,2698711166,477,2698711643,2698711643
2025-06-18 20:14:56,REAL,2698711643,488,2698712131,2698712131
2025-06-18 20:14:58,REAL,2698712131,485,2698712616,2698712616
2025-06-18 20:15:00,REAL,2698712616,489,2698713105,2698713105
2025-06-18 20:15:02,REAL,2698713105,481,2698713586,2698713586
2025-06-18 20:15:04,REAL,2698713586,490,2698714076,2698714076
2025-06-18 20:15:06,REAL,2698714076,480,2698714556,2698714556
2025-06-18 20:15:08,REAL,2698714556,488,2698715044,2698715044
2025-06-18 20:15:10,REAL,2698715044,490,2698715534,2698715534
2025-06-18 20:15:12,REAL,2698715534,490,2698716024,2698716024
2025-06-18 20:15:14,REAL,2698716024,534,2698716558,2698716558
2025-06-18 20:15:16,REAL,2698716558,533,2698717091,2698717091
2025-06-18 20:15:18,REAL,2698717091,491,2698717582,2698717582
2025-06-18 20:15:20,REAL,2698717582,481,2698718063,2698718063
2025-06-18 20:15:22,REAL,2698718063,487,2698718550,2698718550
2025-06-18 20:15:24,REAL,2698718550,13174,2698731724,2698731724
2025-06-18 20:15:26,REAL,2698731724,10452,2698742176,2698742176
2025-06-18 20:15:28,REAL,2698742176,10253,2698752429,2698752429
2025-06-18 20:15:30,REAL,2698752429,10252,2698762681,2698762681
2025-06-18 20:15:32,REAL,2698762681,10313,2698772994,2698772994
2025-06-18 20:15:34,REAL,2698772994,10252,2698783246,2698783246
2025-06-18 20:15:36,REAL,2698783246,10248,2698793494,2698793494
2025-06-18 20:15:38,REAL,2698793494,6287,2698799781,2698799781
2025-06-18 20:15:40,REAL,2698799781,487,2698800268,2698800268
2025-06-18 20:15:42,REAL,2698800268,478,2698800746,2698800746
2025-06-18 20:15:44,REAL,2698800746,490,2698801236,2698801236
2025-06-18 20:15:46,REAL,2698801236,486,2698801722,2698801722
2025-06-18 20:15:48,REAL,2698801722,488,2698802210,2698802210
2025-06-18 20:15:50,REAL,2698802210,488,2698802698,2698802698
2025-06-18 20:15:52,REAL,2698802698,549,2698803247,2698803247
2025-06-18 20:15:54,REAL,2698803247,489,2698803736,2698803736
2025-06-18 20:15:56,REAL,2698803736,491,2698804227,2698804227
2025-06-18 20:15:58,REAL,2698804227,484,2698804711,2698804711
2025-06-18 20:16:00,REAL,2698804711,485,2698805196,2698805196
2025-06-18 20:16:02,REAL,2698805196,549,2698805745,2698805745
2025-06-18 20:16:04,REAL,2698805745,478,2698806223,2698806223
2025-06-18 20:16:06,REAL,2698806223,482,2698806705,2698806705
2025-06-18 20:16:08,REAL,2698806705,483,2698807188,2698807188
2025-06-18 20:16:10,REAL,2698807188,479,2698807667,2698807667
2025-06-18 20:16:12,REAL,2698807667,491,2698808158,2698808158
2025-06-18 20:16:14,REAL,2698808158,482,2698808640,2698808640
2025-06-18 20:16:16,REAL,2698808640,474,2698809114,2698809114
2025-06-18 20:16:18,REAL,2698809114,478,2698809592,2698809592
2025-06-18 20:16:20,REAL,2698809592,489,2698810081,2698810081
2025-06-18 20:16:22,REAL,2698810081,537,2698810618,2698810618
2025-06-18 20:16:24,REAL,2698810618,482,2698811100,2698811100
2025-06-18 20:16:26,REAL,2698811100,482,2698811582,2698811582
2025-06-18 20:16:28,REAL,2698811582,484,2698812066,2698812066
2025-06-18 20:16:30,REAL,2698812066,485,2698812551,2698812551
2025-06-18 20:16:32,REAL,2698812551,478,2698813029,2698813029
2025-06-18 20:16:34,REAL,2698813029,479,2698813508,2698813508
2025-06-18 20:16:36,REAL,2698813508,478,2698813986,2698813986
2025-06-18 20:16:38,REAL,2698813986,487,2698814473,2698814473
2025-06-18 20:16:40,REAL,2698814473,484,2698814957,2698814957
2025-06-18 20:16:42,REAL,2698814957,478,2698815435,2698815435
2025-06-18 20:16:44,REAL,2698815435,482,2698815917,2698815917
2025-06-18 20:16:46,REAL,2698815917,481,2698816398,2698816398
2025-06-18 20:16:48,REAL,2698816398,538,2698816936,2698816936
2025-06-18 20:16:50,REAL,2698816936,480,2698817416,2698817416
2025-06-18 20:16:52,REAL,2698817416,539,2698817955,2698817955
2025-06-18 20:16:54,REAL,2698817955,476,2698818431,2698818431
2025-06-18 20:16:56,REAL,2698818431,487,2698818918,2698818918
2025-06-18 20:16:58,REAL,2698818918,1348,2698820266,2698820266
2025-06-18 20:17:00,REAL,2698820266,11967,2698832233,2698832233
2025-06-18 20:17:02,REAL,2698832233,10319,2698842552,2698842552
2025-06-18 20:17:04,REAL,2698842552,10255,2698852807,2698852807
2025-06-18 20:17:06,REAL,2698852807,10254,2698863061,2698863061
2025-06-18 20:17:08,REAL,2698863061,10245,2698873306,2698873306
2025-06-18 20:17:10,REAL,2698873306,10324,2698883630,2698883630
2025-06-18 20:17:12,REAL,2698883630,10257,2698893887,2698893887
2025-06-18 20:17:14,REAL,2698893887,4509,2698898396,2698898396
2025-06-18 20:17:16,REAL,2698898396,487,2698898883,2698898883
2025-06-18 20:17:18,REAL,2698898883,481,2698899364,2698899364
2025-06-18 20:17:20,REAL,2698899364,485,2698899849,2698899849
2025-06-18 20:17:22,REAL,2698899849,485,2698900334,2698900334
2025-06-18 20:17:24,REAL,2698900334,493,2698900827,2698900827
2025-06-18 20:17:26,REAL,2698900827,479,2698901306,2698901306
2025-06-18 20:17:28,REAL,2698901306,543,2698901849,2698901849
2025-06-18 20:17:30,REAL,2698901849,485,2698902334,2698902334
2025-06-18 20:17:32,REAL,2698902334,486,2698902820,2698902820
2025-06-18 20:17:34,REAL,2698902820,490,2698903310,2698903310
2025-06-18 20:17:36,REAL,2698903310,548,2698903858,2698903858
2025-06-18 20:17:38,REAL,2698903858,479,2698904337,2698904337
2025-06-18 20:17:40,REAL,2698904337,491,2698904828,2698904828
2025-06-18 20:17:42,REAL,2698904828,487,2698905315,2698905315
2025-06-18 20:17:44,REAL,2698905315,489,2698905804,2698905804
2025-06-18 20:17:46,REAL,2698905804,489,2698906293,2698906293
2025-06-18 20:17:48,REAL,2698906293,486,2698906779,2698906779
2025-06-18 20:17:50,REAL,2698906779,479,2698907258,2698907258
2025-06-18 20:17:52,REAL,2698907258,479,2698907737,2698907737
2025-06-18 20:17:54,REAL,2698907737,483,2698908220,2698908220
2025-06-18 20:17:56,REAL,2698908220,488,2698908708,2698908708
2025-06-18 20:17:58,REAL,2698908708,537,2698909245,2698909245
2025-06-18 20:18:00,REAL,2698909245,490,2698909735,2698909735
2025-06-18 20:18:02,REAL,2698909735,482,2698910217,2698910217
2025-06-18 20:18:04,REAL,2698910217,491,2698910708,2698910708
2025-06-18 20:18:06,REAL,2698910708,480,2698911188,2698911188
2025-06-18 20:18:08,REAL,2698911188,489,2698911677,2698911677
2025-06-18 20:18:10,REAL,2698911677,484,2698912161,2698912161
2025-06-18 20:18:12,REAL,2698912161,486,2698912647,2698912647
2025-06-18 20:18:14,REAL,2698912647,483,2698913130,2698913130
2025-06-18 20:18:16,REAL,2698913130,483,2698913613,2698913613
2025-06-18 20:18:18,REAL,2698913613,482,2698914095,2698914095
2025-06-18 20:18:20,REAL,2698914095,491,2698914586,2698914586
2025-06-18 20:18:22,REAL,2698914586,544,2698915130,2698915130
2025-06-18 20:18:24,REAL,2698915130,488,2698915618,2698915618
2025-06-18 20:18:26,REAL,2698915618,481,2698916099,2698916099
2025-06-18 20:18:28,REAL,2698916099,536,2698916635,2698916635
2025-06-18 20:18:30,REAL,2698916635,480,2698917115,2698917115
2025-06-18 20:18:32,REAL,2698917115,479,2698917594,2698917594
2025-06-18 20:18:34,REAL,2698917594,479,2698918073,2698918073
2025-06-18 20:18:36,REAL,2698918073,484,2698918557,2698918557
2025-06-18 20:18:38,REAL,2698918557,477,2698919034,2698919034
2025-06-18 20:18:40,REAL,2698919034,483,2698919517,2698919517
2025-06-18 20:18:42,REAL,2698919517,477,2698919994,2698919994
2025-06-18 20:18:44,REAL,2698919994,482,2698920476,2698920476
2025-06-18 20:18:46,REAL,2698920476,485,2698920961,2698920961
2025-06-18 20:18:48,REAL,2698920961,484,2698921445,2698921445
2025-06-18 20:18:50,REAL,2698921445,481,2698921926,2698921926
2025-06-18 20:18:52,REAL,2698921926,484,2698922410,2698922410
2025-06-18 20:18:54,REAL,2698922410,482,2698922892,2698922892
2025-06-18 20:18:56,REAL,2698922892,490,2698923382,2698923382
2025-06-18 20:18:58,REAL,2698923382,489,2698923871,2698923871
2025-06-18 20:19:00,REAL,2698923871,544,2698924415,2698924415
2025-06-18 20:19:02,REAL,2698924415,480,2698924895,2698924895
2025-06-18 20:19:04,REAL,2698924895,484,2698925379,2698925379
2025-06-18 20:19:06,REAL,2698925379,484,2698925863,2698925863
2025-06-18 20:19:08,REAL,2698925863,490,2698926353,2698926353
2025-06-18 20:19:10,REAL,2698926353,549,2698926902,2698926902
2025-06-18 20:19:12,REAL,2698926902,492,2698927394,2698927394
2025-06-18 20:19:14,REAL,2698927394,490,2698927884,2698927884
2025-06-18 20:19:16,REAL,2698927884,489,2698928373,2698928373
2025-06-18 20:19:18,REAL,2698928373,475,2698928848,2698928848
2025-06-18 20:19:20,REAL,2698928848,484,2698929332,2698929332
2025-06-18 20:19:22,REAL,2698929332,485,2698929817,2698929817
2025-06-18 20:19:24,REAL,2698929817,487,2698930304,2698930304
2025-06-18 20:19:26,REAL,2698930304,484,2698930788,2698930788
2025-06-18 20:19:28,REAL,2698930788,475,2698931263,2698931263
2025-06-18 20:19:30,REAL,2698931263,487,2698931750,2698931750
2025-06-18 20:19:32,REAL,2698931750,487,2698932237,2698932237
2025-06-18 20:19:34,REAL,2698932237,545,2698932782,2698932782
2025-06-18 20:19:36,REAL,2698932782,481,2698933263,2698933263
2025-06-18 20:19:38,REAL,2698933263,485,2698933748,2698933748
2025-06-18 20:19:40,REAL,2698933748,486,2698934234,2698934234
2025-06-18 20:19:42,REAL,2698934234,491,2698934725,2698934725
2025-06-18 20:19:44,REAL,2698934725,485,2698935210,2698935210
2025-06-18 20:19:46,REAL,2698935210,476,2698935686,2698935686
2025-06-18 20:19:48,REAL,2698935686,476,2698936162,2698936162
2025-06-18 20:19:50,REAL,2698936162,487,2698936649,2698936649
2025-06-18 20:19:52,REAL,2698936649,478,2698937127,2698937127
2025-06-18 20:19:54,REAL,2698937127,477,2698937604,2698937604
2025-06-18 20:19:56,REAL,2698937604,532,2698938136,2698938136
2025-06-18 20:19:58,REAL,2698938136,490,2698938626,2698938626
2025-06-18 20:20:00,REAL,2698938626,485,2698939111,2698939111
2025-06-18 20:20:02,REAL,2698939111,481,2698939592,2698939592
2025-06-18 20:20:04,REAL,2698939592,486,2698940078,2698940078
2025-06-18 20:20:06,REAL,2698940078,544,2698940622,2698940622
2025-06-18 20:20:08,REAL,2698940622,481,2698941103,2698941103
2025-06-18 20:20:10,REAL,2698941103,489,2698941592,2698941592
2025-06-18 20:20:12,REAL,2698941592,485,2698942077,2698942077
2025-06-18 20:20:14,REAL,2698942077,486,2698942563,2698942563
2025-06-18 20:20:16,REAL,2698942563,482,2698943045,2698943045
2025-06-18 20:20:18,REAL,2698943045,488,2698943533,2698943533
2025-06-18 20:20:20,REAL,2698943533,478,2698944011,2698944011
2025-06-18 20:20:22,REAL,2698944011,487,2698944498,2698944498
2025-06-18 20:20:24,REAL,2698944498,490,2698944988,2698944988
2025-06-18 20:20:26,REAL,2698944988,484,2698945472,2698945472
2025-06-18 20:20:28,REAL,2698945472,493,2698945965,2698945965
2025-06-18 20:20:30,REAL,2698945965,478,2698946443,2698946443
2025-06-18 20:20:32,REAL,2698946443,488,2698946931,2698946931
2025-06-18 20:20:34,REAL,2698946931,493,2698947424,2698947424
2025-06-18 20:20:36,REAL,2698947424,531,2698947955,2698947955
2025-06-18 20:20:38,REAL,2698947955,479,2698948434,2698948434
2025-06-18 20:20:40,REAL,2698948434,487,2698948921,2698948921
2025-06-18 20:20:42,REAL,2698948921,489,2698949410,2698949410
2025-06-18 20:20:44,REAL,2698949410,539,2698949949,2698949949
2025-06-18 20:20:46,REAL,2698949949,486,2698950435,2698950435
2025-06-18 20:20:48,REAL,2698950435,492,2698950927,2698950927
2025-06-18 20:20:50,REAL,2698950927,485,2698951412,2698951412
2025-06-18 20:20:52,REAL,2698951412,486,2698951898,2698951898
2025-06-18 20:20:54,REAL,2698951898,484,2698952382,2698952382
2025-06-18 20:20:56,REAL,2698952382,482,2698952864,2698952864
2025-06-18 20:20:58,REAL,2698952864,489,2698953353,2698953353
2025-06-18 20:21:00,REAL,2698953353,490,2698953843,2698953843
2025-06-18 20:21:02,REAL,2698953843,486,2698954329,2698954329
2025-06-18 20:21:04,REAL,2698954329,493,2698954822,2698954822
2025-06-18 20:21:06,REAL,2698954822,483,2698955305,2698955305
2025-06-18 20:21:08,REAL,2698955305,484,2698955789,2698955789
2025-06-18 20:21:10,REAL,2698955789,542,2698956331,2698956331
2025-06-18 20:21:12,REAL,2698956331,479,2698956810,2698956810
2025-06-18 20:21:14,REAL,2698956810,478,2698957288,2698957288
2025-06-18 20:21:16,REAL,2698957288,493,2698957781,2698957781
2025-06-18 20:21:18,REAL,2698957781,484,2698958265,2698958265
2025-06-18 20:21:20,REAL,2698958265,489,2698958754,2698958754
2025-06-18 20:21:22,REAL,2698958754,485,2698959239,2698959239
2025-06-18 20:21:24,REAL,2698959239,493,2698959732,2698959732
2025-06-18 20:21:26,REAL,2698959732,480,2698960212,2698960212
2025-06-18 20:21:28,REAL,2698960212,489,2698960701,2698960701
2025-06-18 20:21:30,REAL,2698960701,538,2698961239,2698961239
2025-06-18 20:21:32,REAL,2698961239,492,2698961731,2698961731
2025-06-18 20:21:34,REAL,2698961731,489,2698962220,2698962220
2025-06-18 20:21:36,REAL,2698962220,486,2698962706,2698962706
2025-06-18 20:21:38,REAL,2698962706,490,2698963196,2698963196
2025-06-18 20:21:40,REAL,2698963196,7489,2698970685,2698970685
2025-06-18 20:21:42,REAL,2698970685,11044,2698981729,2698981729
2025-06-18 20:21:44,REAL,2698981729,10254,2698991983,2698991983
2025-06-18 20:21:46,REAL,2698991983,10261,2699002244,2699002244
2025-06-18 20:21:48,REAL,2699002244,10254,2699012498,2699012498
2025-06-18 20:21:50,REAL,2699012498,10251,2699022749,2699022749
2025-06-18 20:21:52,REAL,2699022749,10322,2699033071,2699033071
2025-06-18 20:21:54,REAL,2699033071,8997,2699042068,2699042068
2025-06-18 20:21:56,REAL,2699042068,487,2699042555,2699042555
2025-06-18 20:21:58,REAL,2699042555,492,2699043047,2699043047
2025-06-18 20:22:00,REAL,2699043047,483,2699043530,2699043530
2025-06-18 20:22:02,REAL,2699043530,483,2699044013,2699044013
2025-06-18 20:22:04,REAL,2699044013,494,2699044507,2699044507
2025-06-18 20:22:06,REAL,2699044507,486,2699044993,2699044993
2025-06-18 20:22:08,REAL,2699044993,479,2699045472,2699045472
2025-06-18 20:22:10,REAL,2699045472,536,2699046008,2699046008
2025-06-18 20:22:12,REAL,2699046008,491,2699046499,2699046499
2025-06-18 20:22:14,REAL,2699046499,486,2699046985,2699046985
2025-06-18 20:22:16,REAL,2699046985,483,2699047468,2699047468
2025-06-18 20:22:18,REAL,2699047468,543,2699048011,2699048011
2025-06-18 20:22:20,REAL,2699048011,491,2699048502,2699048502
2025-06-18 20:22:22,REAL,2699048502,492,2699048994,2699048994
2025-06-18 20:22:24,REAL,2699048994,480,2699049474,2699049474
2025-06-18 20:22:26,REAL,2699049474,485,2699049959,2699049959
2025-06-18 20:22:28,REAL,2699049959,484,2699050443,2699050443
2025-06-18 20:22:30,REAL,2699050443,492,2699050935,2699050935
2025-06-18 20:22:32,REAL,2699050935,482,2699051417,2699051417
2025-06-18 20:22:34,REAL,2699051417,491,2699051908,2699051908
2025-06-18 20:22:36,REAL,2699051908,475,2699052383,2699052383
2025-06-18 20:22:38,REAL,2699052383,487,2699052870,2699052870
2025-06-18 20:22:40,REAL,2699052870,484,2699053354,2699053354
2025-06-18 20:22:42,REAL,2699053354,489,2699053843,2699053843
2025-06-18 20:22:44,REAL,2699053843,542,2699054385,2699054385
2025-06-18 20:22:46,REAL,2699054385,483,2699054868,2699054868
2025-06-18 20:22:48,REAL,2699054868,480,2699055348,2699055348
2025-06-18 20:22:50,REAL,2699055348,486,2699055834,2699055834
2025-06-18 20:22:52,REAL,2699055834,485,2699056319,2699056319
2025-06-18 20:22:54,REAL,2699056319,485,2699056804,2699056804
2025-06-18 20:22:56,REAL,2699056804,484,2699057288,2699057288
2025-06-18 20:22:58,REAL,2699057288,482,2699057770,2699057770
2025-06-18 20:23:00,REAL,2699057770,487,2699058257,2699058257
2025-06-18 20:23:02,REAL,2699058257,484,2699058741,2699058741
2025-06-18 20:23:04,REAL,2699058741,487,2699059228,2699059228
2025-06-18 20:23:06,REAL,2699059228,537,2699059765,2699059765
2025-06-18 20:23:08,REAL,2699059765,483,2699060248,2699060248
2025-06-18 20:23:10,REAL,2699060248,484,2699060732,2699060732
2025-06-18 20:23:12,REAL,2699060732,483,2699061215,2699061215
2025-06-18 20:23:14,REAL,2699061215,481,2699061696,2699061696
2025-06-18 20:23:16,REAL,2699061696,538,2699062234,2699062234
2025-06-18 20:23:18,REAL,2699062234,491,2699062725,2699062725
2025-06-18 20:23:20,REAL,2699062725,479,2699063204,2699063204
2025-06-18 20:23:22,REAL,2699063204,484,2699063688,2699063688
2025-06-18 20:23:24,REAL,2699063688,480,2699064168,2699064168
2025-06-18 20:23:26,REAL,2699064168,488,2699064656,2699064656
2025-06-18 20:23:28,REAL,2699064656,488,2699065144,2699065144
2025-06-18 20:23:30,REAL,2699065144,488,2699065632,2699065632
2025-06-18 20:23:32,REAL,2699065632,482,2699066114,2699066114
2025-06-18 20:23:34,REAL,2699066114,478,2699066592,2699066592
2025-06-18 20:23:36,REAL,2699066592,480,2699067072,2699067072
2025-06-18 20:23:38,REAL,2699067072,476,2699067548,2699067548
2025-06-18 20:23:40,REAL,2699067548,490,2699068038,2699068038
2025-06-18 20:23:42,REAL,2699068038,486,2699068524,2699068524
2025-06-18 20:23:44,REAL,2699068524,481,2699069005,2699069005
2025-06-18 20:23:46,REAL,2699069005,481,2699069486,2699069486
2025-06-18 20:23:48,REAL,2699069486,485,2699069971,2699069971
2025-06-18 20:23:50,REAL,2699069971,486,2699070457,2699070457
2025-06-18 20:23:52,REAL,2699070457,481,2699070938,2699070938
2025-06-18 20:23:54,REAL,2699070938,483,2699071421,2699071421
2025-06-18 20:23:56,REAL,2699071421,544,2699071965,2699071965
2025-06-18 20:23:58,REAL,2699071965,478,2699072443,2699072443
2025-06-18 20:24:00,REAL,2699072443,487,2699072930,2699072930
2025-06-18 20:24:02,REAL,2699072930,487,2699073417,2699073417
2025-06-18 20:24:04,REAL,2699073417,485,2699073902,2699073902
2025-06-18 20:24:06,REAL,2699073902,484,2699074386,2699074386
2025-06-18 20:24:08,REAL,2699074386,545,2699074931,2699074931
2025-06-18 20:24:10,REAL,2699074931,485,2699075416,2699075416
2025-06-18 20:24:12,REAL,2699075416,480,2699075896,2699075896
2025-06-18 20:24:14,REAL,2699075896,478,2699076374,2699076374
2025-06-18 20:24:16,REAL,2699076374,478,2699076852,2699076852
2025-06-18 20:24:18,REAL,2699076852,484,2699077336,2699077336
2025-06-18 20:24:20,REAL,2699077336,486,2699077822,2699077822
2025-06-18 20:24:22,REAL,2699077822,482,2699078304,2699078304
2025-06-18 20:24:24,REAL,2699078304,479,2699078783,2699078783
2025-06-18 20:24:26,REAL,2699078783,489,2699079272,2699079272
2025-06-18 20:24:28,REAL,2699079272,483,2699079755,2699079755
2025-06-18 20:24:30,REAL,2699079755,493,2699080248,2699080248
2025-06-18 20:24:32,REAL,2699080248,486,2699080734,2699080734
2025-06-18 20:24:34,REAL,2699080734,492,2699081226,2699081226
2025-06-18 20:24:36,REAL,2699081226,487,2699081713,2699081713
2025-06-18 20:24:38,REAL,2699081713,487,2699082200,2699082200
2025-06-18 20:24:40,REAL,2699082200,480,2699082680,2699082680
2025-06-18 20:24:42,REAL,2699082680,477,2699083157,2699083157
2025-06-18 20:24:44,REAL,2699083157,545,2699083702,2699083702
2025-06-18 20:24:46,REAL,2699083702,492,2699084194,2699084194
2025-06-18 20:24:48,REAL,2699084194,477,2699084671,2699084671
2025-06-18 20:24:50,REAL,2699084671,491,2699085162,2699085162
2025-06-18 20:24:52,REAL,2699085162,482,2699085644,2699085644
2025-06-18 20:24:54,REAL,2699085644,485,2699086129,2699086129
2025-06-18 20:24:56,REAL,2699086129,487,2699086616,2699086616
2025-06-18 20:24:58,REAL,2699086616,539,2699087155,2699087155
2025-06-18 20:25:00,REAL,2699087155,489,2699087644,2699087644
2025-06-18 20:25:02,REAL,2699087644,490,2699088134,2699088134
2025-06-18 20:25:04,REAL,2699088134,486,2699088620,2699088620
2025-06-18 20:25:06,REAL,2699088620,486,2699089106,2699089106
2025-06-18 20:25:08,REAL,2699089106,485,2699089591,2699089591
2025-06-18 20:25:10,REAL,2699089591,491,2699090082,2699090082
2025-06-18 20:25:12,REAL,2699090082,481,2699090563,2699090563
2025-06-18 20:25:14,REAL,2699090563,485,2699091048,2699091048
2025-06-18 20:25:16,REAL,2699091048,487,2699091535,2699091535
2025-06-18 20:25:18,REAL,2699091535,482,2699092017,2699092017
2025-06-18 20:25:20,REAL,2699092017,487,2699092504,2699092504
2025-06-18 20:25:22,REAL,2699092504,491,2699092995,2699092995
2025-06-18 20:25:24,REAL,2699092995,481,2699093476,2699093476
2025-06-18 20:25:26,REAL,2699093476,483,2699093959,2699093959
2025-06-18 20:25:28,REAL,2699093959,479,2699094438,2699094438
2025-06-18 20:25:30,REAL,2699094438,484,2699094922,2699094922
2025-06-18 20:25:32,REAL,2699094922,1027,2699095949,2699095949
2025-06-18 20:25:34,REAL,2699095949,12558,2699108507,2699108507
2025-06-18 20:25:36,REAL,2699108507,10305,2699118812,2699118812
2025-06-18 20:25:38,REAL,2699118812,10257,2699129069,2699129069
2025-06-18 20:25:40,REAL,2699129069,10250,2699139319,2699139319
2025-06-18 20:25:42,REAL,2699139319,10245,2699149564,2699149564
2025-06-18 20:25:44,REAL,2699149564,10326,2699159890,2699159890
2025-06-18 20:25:46,REAL,2699159890,10250,2699170140,2699170140
2025-06-18 20:25:48,REAL,2699170140,4706,2699174846,2699174846
2025-06-18 20:25:50,REAL,2699174846,483,2699175329,2699175329
2025-06-18 20:25:52,REAL,2699175329,477,2699175806,2699175806
2025-06-18 20:25:54,REAL,2699175806,485,2699176291,2699176291
2025-06-18 20:25:56,REAL,2699176291,480,2699176771,2699176771
2025-06-18 20:25:58,REAL,2699176771,490,2699177261,2699177261
2025-06-18 20:26:00,REAL,2699177261,490,2699177751,2699177751
2025-06-18 20:26:02,REAL,2699177751,486,2699178237,2699178237
2025-06-18 20:26:04,REAL,2699178237,1747,2699179984,2699179984
2025-06-18 20:26:06,REAL,2699179984,14744,2699194728,2699194728
2025-06-18 20:26:08,REAL,2699194728,10320,2699205048,2699205048
2025-06-18 20:26:10,REAL,2699205048,10248,2699215296,2699215296
2025-06-18 20:26:12,REAL,2699215296,10254,2699225550,2699225550
2025-06-18 20:26:14,REAL,2699225550,10320,2699235870,2699235870
2025-06-18 20:26:16,REAL,2699235870,10251,2699246121,2699246121
2025-06-18 20:26:18,REAL,2699246121,10251,2699256372,2699256372
2025-06-18 20:26:20,REAL,2699256372,4113,2699260485,2699260485
2025-06-18 20:26:22,REAL,2699260485,481,2699260966,2699260966
2025-06-18 20:26:24,REAL,2699260966,486,2699261452,2699261452
2025-06-18 20:26:26,REAL,2699261452,540,2699261992,2699261992
2025-06-18 20:26:28,REAL,2699261992,478,2699262470,2699262470
2025-06-18 20:26:30,REAL,2699262470,479,2699262949,2699262949
2025-06-18 20:26:32,REAL,2699262949,485,2699263434,2699263434
2025-06-18 20:26:34,REAL,2699263434,484,2699263918,2699263918
2025-06-18 20:26:36,REAL,2699263918,2738,2699266656,2699266656
2025-06-18 20:26:38,REAL,2699266656,11699,2699278355,2699278355
2025-06-18 20:26:40,REAL,2699278355,10253,2699288608,2699288608
2025-06-18 20:26:42,REAL,2699288608,10313,2699298921,2699298921
2025-06-18 20:26:44,REAL,2699298921,10251,2699309172,2699309172
2025-06-18 20:26:46,REAL,2699309172,10253,2699319425,2699319425
2025-06-18 20:26:48,REAL,2699319425,10312,2699329737,2699329737
2025-06-18 20:26:50,REAL,2699329737,10249,2699339986,2699339986
2025-06-18 20:26:52,REAL,2699339986,3517,2699343503,2699343503
2025-06-18 20:26:54,REAL,2699343503,489,2699343992,2699343992
2025-06-18 20:26:56,REAL,2699343992,478,2699344470,2699344470
2025-06-18 20:26:58,REAL,2699344470,489,2699344959,2699344959
2025-06-18 20:27:00,REAL,2699344959,477,2699345436,2699345436
2025-06-18 20:27:02,REAL,2699345436,485,2699345921,2699345921
2025-06-18 20:27:04,REAL,2699345921,487,2699346408,2699346408
2025-06-18 20:27:06,REAL,2699346408,481,2699346889,2699346889
2025-06-18 20:27:08,REAL,2699346889,3458,2699350347,2699350347
2025-06-18 20:27:10,REAL,2699350347,11568,2699361915,2699361915
2025-06-18 20:27:12,REAL,2699361915,10257,2699372172,2699372172
2025-06-18 20:27:14,REAL,2699372172,10310,2699382482,2699382482
2025-06-18 20:27:16,REAL,2699382482,10242,2699392724,2699392724
2025-06-18 20:27:18,REAL,2699392724,10300,2699403024,2699403024
2025-06-18 20:27:20,REAL,2699403024,10249,2699413273,2699413273
2025-06-18 20:27:22,REAL,2699413273,10316,2699423589,2699423589
2025-06-18 20:27:24,REAL,2699423589,2798,2699426387,2699426387
2025-06-18 20:27:26,REAL,2699426387,489,2699426876,2699426876
2025-06-18 20:27:28,REAL,2699426876,482,2699427358,2699427358
2025-06-18 20:27:30,REAL,2699427358,489,2699427847,2699427847
2025-06-18 20:27:32,REAL,2699427847,485,2699428332,2699428332
2025-06-18 20:27:34,REAL,2699428332,485,2699428817,2699428817
2025-06-18 20:27:36,REAL,2699428817,493,2699429310,2699429310
2025-06-18 20:27:38,REAL,2699429310,484,2699429794,2699429794
2025-06-18 20:27:40,REAL,2699429794,4254,2699434048,2699434048
2025-06-18 20:27:42,REAL,2699434048,11500,2699445548,2699445548
2025-06-18 20:27:44,REAL,2699445548,10255,2699455803,2699455803
2025-06-18 20:27:46,REAL,2699455803,10326,2699466129,2699466129
2025-06-18 20:27:48,REAL,2699466129,10183,2699476312,2699476312
2025-06-18 20:27:50,REAL,2699476312,10261,2699486573,2699486573
2025-06-18 20:27:52,REAL,2699486573,10323,2699496896,2699496896
2025-06-18 20:27:54,REAL,2699496896,10257,2699507153,2699507153
2025-06-18 20:27:56,REAL,2699507153,2204,2699509357,2699509357
2025-06-18 20:27:58,REAL,2699509357,480,2699509837,2699509837
2025-06-18 20:28:00,REAL,2699509837,484,2699510321,2699510321
2025-06-18 20:28:02,REAL,2699510321,479,2699510800,2699510800
2025-06-18 20:28:04,REAL,2699510800,490,2699511290,2699511290
2025-06-18 20:28:06,REAL,2699511290,480,2699511770,2699511770
2025-06-18 20:28:08,REAL,2699511770,533,2699512303,2699512303
2025-06-18 20:28:10,REAL,2699512303,482,2699512785,2699512785
2025-06-18 20:28:12,REAL,2699512785,5049,2699517834,2699517834
2025-06-18 20:28:14,REAL,2699517834,11441,2699529275,2699529275
2025-06-18 20:28:16,REAL,2699529275,10250,2699539525,2699539525
2025-06-18 20:28:18,REAL,2699539525,10246,2699549771,2699549771
2025-06-18 20:28:20,REAL,2699549771,10309,2699560080,2699560080
2025-06-18 20:28:22,REAL,2699560080,10258,2699570338,2699570338
2025-06-18 20:28:24,REAL,2699570338,10318,2699580656,2699580656
2025-06-18 20:28:26,REAL,2699580656,10258,2699590914,2699590914
2025-06-18 20:28:28,REAL,2699590914,1596,2699592510,2699592510
2025-06-18 20:28:30,REAL,2699592510,487,2699592997,2699592997
2025-06-18 20:28:32,REAL,2699592997,478,2699593475,2699593475
2025-06-18 20:28:34,REAL,2699593475,482,2699593957,2699593957
2025-06-18 20:28:36,REAL,2699593957,544,2699594501,2699594501
2025-06-18 20:28:38,REAL,2699594501,487,2699594988,2699594988
2025-06-18 20:28:40,REAL,2699594988,484,2699595472,2699595472
2025-06-18 20:28:42,REAL,2699595472,480,2699595952,2699595952
2025-06-18 20:28:44,REAL,2699595952,247,2699596199,2699596199
2025-06-18 20:28:46,REAL,2699596199,481,2699596680,2699596680
2025-06-18 20:28:48,REAL,2699596680,483,2699597163,2699597163
2025-06-18 20:28:50,REAL,2699597163,482,2699597645,2699597645
2025-06-18 20:28:52,REAL,2699597645,490,2699598135,2699598135
2025-06-18 20:28:54,REAL,2699598135,485,2699598620,2699598620
2025-06-18 20:28:56,REAL,2699598620,477,2699599097,2699599097
2025-06-18 20:28:58,REAL,2699599097,488,2699599585,2699599585
2025-06-18 20:29:00,REAL,2699599585,489,2699600074,2699600074
2025-06-18 20:29:02,REAL,2699600074,548,2699600622,2699600622
2025-06-18 20:29:04,REAL,2699600622,541,2699601163,2699601163
2025-06-18 20:29:06,REAL,2699601163,482,2699601645,2699601645
2025-06-18 20:29:08,REAL,2699601645,483,2699602128,2699602128
2025-06-18 20:29:10,REAL,2699602128,486,2699602614,2699602614
2025-06-18 20:29:12,REAL,2699602614,489,2699603103,2699603103
2025-06-18 20:29:14,REAL,2699603103,488,2699603591,2699603591
2025-06-18 20:29:16,REAL,2699603591,490,2699604081,2699604081
2025-06-18 20:29:18,REAL,2699604081,491,2699604572,2699604572
2025-06-18 20:29:20,REAL,2699604572,478,2699605050,2699605050
2025-06-18 20:29:22,REAL,2699605050,477,2699605527,2699605527
2025-06-18 20:29:24,REAL,2699605527,487,2699606014,2699606014
2025-06-18 20:29:26,REAL,2699606014,534,2699606548,2699606548
2025-06-18 20:29:28,REAL,2699606548,485,2699607033,2699607033
2025-06-18 20:29:30,REAL,2699607033,476,2699607509,2699607509
2025-06-18 20:29:32,REAL,2699607509,474,2699607983,2699607983
2025-06-18 20:29:34,REAL,2699607983,484,2699608467,2699608467
2025-06-18 20:29:36,REAL,2699608467,487,2699608954,2699608954
2025-06-18 20:29:38,REAL,2699608954,478,2699609432,2699609432
2025-06-18 20:29:40,REAL,2699609432,484,2699609916,2699609916
2025-06-18 20:29:42,REAL,2699609916,489,2699610405,2699610405
2025-06-18 20:29:44,REAL,2699610405,482,2699610887,2699610887
2025-06-18 20:29:46,REAL,2699610887,539,2699611426,2699611426
2025-06-18 20:29:48,REAL,2699611426,484,2699611910,2699611910
2025-06-18 20:29:50,REAL,2699611910,481,2699612391,2699612391
2025-06-18 20:29:52,REAL,2699612391,547,2699612938,2699612938
2025-06-18 20:29:54,REAL,2699612938,484,2699613422,2699613422
2025-06-18 20:29:56,REAL,2699613422,482,2699613904,2699613904
2025-06-18 20:29:58,REAL,2699613904,492,2699614396,2699614396
2025-06-18 20:30:00,REAL,2699614396,480,2699614876,2699614876
2025-06-18 20:30:02,REAL,2699614876,484,2699615360,2699615360
2025-06-18 20:30:04,REAL,2699615360,474,2699615834,2699615834
2025-06-18 20:30:06,REAL,2699615834,477,2699616311,2699616311
2025-06-18 20:30:08,REAL,2699616311,492,2699616803,2699616803
2025-06-18 20:30:10,REAL,2699616803,485,2699617288,2699617288
2025-06-18 20:30:12,REAL,2699617288,484,2699617772,2699617772
2025-06-18 20:30:14,REAL,2699617772,484,2699618256,2699618256
2025-06-18 20:30:16,REAL,2699618256,479,2699618735,2699618735
2025-06-18 20:30:18,REAL,2699618735,547,2699619282,2699619282
2025-06-18 20:30:20,REAL,2699619282,9006,2699628288,2699628288
2025-06-18 20:30:22,REAL,2699628288,12093,2699640381,2699640381
2025-06-18 20:30:24,REAL,2699640381,10245,2699650626,2699650626
2025-06-18 20:30:26,REAL,2699650626,10243,2699660869,2699660869
2025-06-18 20:30:28,REAL,2699660869,10253,2699671122,2699671122
2025-06-18 20:30:30,REAL,2699671122,10259,2699681381,2699681381
2025-06-18 20:30:32,REAL,2699681381,10315,2699691696,2699691696
2025-06-18 20:30:34,REAL,2699691696,8810,2699700506,2699700506
2025-06-18 20:30:36,REAL,2699700506,479,2699700985,2699700985
2025-06-18 20:30:38,REAL,2699700985,481,2699701466,2699701466
2025-06-18 20:30:40,REAL,2699701466,481,2699701947,2699701947
2025-06-18 20:30:42,REAL,2699701947,482,2699702429,2699702429
2025-06-18 20:30:44,REAL,2699702429,531,2699702960,2699702960
2025-06-18 20:30:46,REAL,2699702960,489,2699703449,2699703449
2025-06-18 20:30:48,REAL,2699703449,480,2699703929,2699703929
2025-06-18 20:30:50,REAL,2699703929,484,2699704413,2699704413
2025-06-18 20:30:52,REAL,2699704413,476,2699704889,2699704889
2025-06-18 20:30:54,REAL,2699704889,487,2699705376,2699705376
2025-06-18 20:30:56,REAL,2699705376,481,2699705857,2699705857
2025-06-18 20:30:58,REAL,2699705857,484,2699706341,2699706341
2025-06-18 20:31:00,REAL,2699706341,484,2699706825,2699706825
2025-06-18 20:31:02,REAL,2699706825,482,2699707307,2699707307
2025-06-18 20:31:04,REAL,2699707307,536,2699707843,2699707843
2025-06-18 20:31:06,REAL,2699707843,480,2699708323,2699708323
2025-06-18 20:31:08,REAL,2699708323,486,2699708809,2699708809
2025-06-18 20:31:10,REAL,2699708809,545,2699709354,2699709354
2025-06-18 20:31:12,REAL,2699709354,485,2699709839,2699709839
2025-06-18 20:31:14,REAL,2699709839,478,2699710317,2699710317
2025-06-18 20:31:16,REAL,2699710317,483,2699710800,2699710800
2025-06-18 20:31:18,REAL,2699710800,476,2699711276,2699711276
2025-06-18 20:31:20,REAL,2699711276,488,2699711764,2699711764
2025-06-18 20:31:22,REAL,2699711764,485,2699712249,2699712249
2025-06-18 20:31:24,REAL,2699712249,493,2699712742,2699712742
2025-06-18 20:31:26,REAL,2699712742,486,2699713228,2699713228
2025-06-18 20:31:28,REAL,2699713228,487,2699713715,2699713715
2025-06-18 20:31:30,REAL,2699713715,486,2699714201,2699714201
2025-06-18 20:31:32,REAL,2699714201,491,2699714692,2699714692
2025-06-18 20:31:34,REAL,2699714692,478,2699715170,2699715170
2025-06-18 20:31:36,REAL,2699715170,483,2699715653,2699715653
2025-06-18 20:31:38,REAL,2699715653,542,2699716195,2699716195
2025-06-18 20:31:40,REAL,2699716195,9659,2699725854,2699725854
2025-06-18 20:31:42,REAL,2699725854,10578,2699736432,2699736432
2025-06-18 20:31:44,REAL,2699736432,10254,2699746686,2699746686
2025-06-18 20:31:46,REAL,2699746686,10252,2699756938,2699756938
2025-06-18 20:31:48,REAL,2699756938,10314,2699767252,2699767252
2025-06-18 20:31:50,REAL,2699767252,10254,2699777506,2699777506
2025-06-18 20:31:52,REAL,2699777506,10251,2699787757,2699787757
2025-06-18 20:31:54,REAL,2699787757,7349,2699795106,2699795106
2025-06-18 20:31:56,REAL,2699795106,483,2699795589,2699795589
2025-06-18 20:31:58,REAL,2699795589,485,2699796074,2699796074
2025-06-18 20:32:00,REAL,2699796074,482,2699796556,2699796556
2025-06-18 20:32:02,REAL,2699796556,485,2699797041,2699797041
2025-06-18 20:32:04,REAL,2699797041,537,2699797578,2699797578
2025-06-18 20:32:06,REAL,2699797578,489,2699798067,2699798067
2025-06-18 20:32:08,REAL,2699798067,484,2699798551,2699798551
2025-06-18 20:32:10,REAL,2699798551,489,2699799040,2699799040
2025-06-18 20:32:12,REAL,2699799040,478,2699799518,2699799518
2025-06-18 20:32:14,REAL,2699799518,477,2699799995,2699799995
2025-06-18 20:32:16,REAL,2699799995,488,2699800483,2699800483
2025-06-18 20:32:18,REAL,2699800483,485,2699800968,2699800968
2025-06-18 20:32:20,REAL,2699800968,489,2699801457,2699801457
2025-06-18 20:32:22,REAL,2699801457,493,2699801950,2699801950
2025-06-18 20:32:24,REAL,2699801950,539,2699802489,2699802489
2025-06-18 20:32:26,REAL,2699802489,474,2699802963,2699802963
2025-06-18 20:32:28,REAL,2699802963,540,2699803503,2699803503
2025-06-18 20:32:30,REAL,2699803503,483,2699803986,2699803986
2025-06-18 20:32:32,REAL,2699803986,484,2699804470,2699804470
2025-06-18 20:32:34,REAL,2699804470,480,2699804950,2699804950
2025-06-18 20:32:36,REAL,2699804950,488,2699805438,2699805438
2025-06-18 20:32:38,REAL,2699805438,485,2699805923,2699805923
2025-06-18 20:32:40,REAL,2699805923,486,2699806409,2699806409
2025-06-18 20:32:42,REAL,2699806409,476,2699806885,2699806885
2025-06-18 20:32:44,REAL,2699806885,493,2699807378,2699807378
2025-06-18 20:32:46,REAL,2699807378,488,2699807866,2699807866
2025-06-18 20:32:48,REAL,2699807866,490,2699808356,2699808356
2025-06-18 20:32:50,REAL,2699808356,485,2699808841,2699808841
2025-06-18 20:32:52,REAL,2699808841,545,2699809386,2699809386
2025-06-18 20:32:54,REAL,2699809386,479,2699809865,2699809865
2025-06-18 20:32:56,REAL,2699809865,487,2699810352,2699810352
2025-06-18 20:32:58,REAL,2699810352,480,2699810832,2699810832
2025-06-18 20:33:00,REAL,2699810832,477,2699811309,2699811309
2025-06-18 20:33:02,REAL,2699811309,489,2699811798,2699811798
2025-06-18 20:33:04,REAL,2699811798,487,2699812285,2699812285
2025-06-18 20:33:06,REAL,2699812285,540,2699812825,2699812825
2025-06-18 20:33:08,REAL,2699812825,479,2699813304,2699813304
2025-06-18 20:33:10,REAL,2699813304,483,2699813787,2699813787
2025-06-18 20:33:12,REAL,2699813787,487,2699814274,2699814274
2025-06-18 20:33:14,REAL,2699814274,485,2699814759,2699814759
2025-06-18 20:33:16,REAL,2699814759,11702,2699826461,2699826461
2025-06-18 20:33:18,REAL,2699826461,10309,2699836770,2699836770
2025-06-18 20:33:20,REAL,2699836770,10257,2699847027,2699847027
2025-06-18 20:33:22,REAL,2699847027,10254,2699857281,2699857281
2025-06-18 20:33:24,REAL,2699857281,10255,2699867536,2699867536
2025-06-18 20:33:26,REAL,2699867536,10257,2699877793,2699877793
2025-06-18 20:33:28,REAL,2699877793,10260,2699888053,2699888053
2025-06-18 20:33:30,REAL,2699888053,5431,2699893484,2699893484
2025-06-18 20:33:32,REAL,2699893484,480,2699893964,2699893964
2025-06-18 20:33:34,REAL,2699893964,478,2699894442,2699894442
2025-06-18 20:33:36,REAL,2699894442,485,2699894927,2699894927
2025-06-18 20:33:38,REAL,2699894927,483,2699895410,2699895410
2025-06-18 20:33:40,REAL,2699895410,542,2699895952,2699895952
2025-06-18 20:33:42,REAL,2699895952,486,2699896438,2699896438
2025-06-18 20:33:44,REAL,2699896438,486,2699896924,2699896924
2025-06-18 20:33:46,REAL,2699896924,483,2699897407,2699897407
2025-06-18 20:33:48,REAL,2699897407,489,2699897896,2699897896
2025-06-18 20:33:50,REAL,2699897896,541,2699898437,2699898437
2025-06-18 20:33:52,REAL,2699898437,487,2699898924,2699898924
2025-06-18 20:33:54,REAL,2699898924,485,2699899409,2699899409
2025-06-18 20:33:56,REAL,2699899409,480,2699899889,2699899889
2025-06-18 20:33:58,REAL,2699899889,487,2699900376,2699900376
2025-06-18 20:34:00,REAL,2699900376,492,2699900868,2699900868
2025-06-18 20:34:02,REAL,2699900868,544,2699901412,2699901412
2025-06-18 20:34:04,REAL,2699901412,488,2699901900,2699901900
2025-06-18 20:34:06,REAL,2699901900,491,2699902391,2699902391
2025-06-18 20:34:08,REAL,2699902391,474,2699902865,2699902865
2025-06-18 20:34:10,REAL,2699902865,484,2699903349,2699903349
2025-06-18 20:34:12,REAL,2699903349,492,2699903841,2699903841
2025-06-18 20:34:14,REAL,2699903841,492,2699904333,2699904333
2025-06-18 20:34:16,REAL,2699904333,479,2699904812,2699904812
2025-06-18 20:34:18,REAL,2699904812,487,2699905299,2699905299
2025-06-18 20:34:20,REAL,2699905299,478,2699905777,2699905777
2025-06-18 20:34:22,REAL,2699905777,481,2699906258,2699906258
2025-06-18 20:34:24,REAL,2699906258,540,2699906798,2699906798
2025-06-18 20:34:26,REAL,2699906798,478,2699907276,2699907276
2025-06-18 20:34:28,REAL,2699907276,547,2699907823,2699907823
2025-06-18 20:34:30,REAL,2699907823,484,2699908307,2699908307
2025-06-18 20:34:32,REAL,2699908307,479,2699908786,2699908786
2025-06-18 20:34:34,REAL,2699908786,492,2699909278,2699909278
2025-06-18 20:34:36,REAL,2699909278,483,2699909761,2699909761
2025-06-18 20:34:38,REAL,2699909761,476,2699910237,2699910237
2025-06-18 20:34:40,REAL,2699910237,483,2699910720,2699910720
2025-06-18 20:34:42,REAL,2699910720,488,2699911208,2699911208
2025-06-18 20:34:44,REAL,2699911208,485,2699911693,2699911693
2025-06-18 20:34:46,REAL,2699911693,483,2699912176,2699912176
2025-06-18 20:34:48,REAL,2699912176,481,2699912657,2699912657
2025-06-18 20:34:50,REAL,2699912657,487,2699913144,2699913144
2025-06-18 20:34:52,REAL,2699913144,533,2699913677,2699913677
2025-06-18 20:34:54,REAL,2699913677,484,2699914161,2699914161
2025-06-18 20:34:56,REAL,2699914161,489,2699914650,2699914650
2025-06-18 20:34:58,REAL,2699914650,488,2699915138,2699915138
2025-06-18 20:35:00,REAL,2699915138,538,2699915676,2699915676
2025-06-18 20:35:02,REAL,2699915676,487,2699916163,2699916163
2025-06-18 20:35:04,REAL,2699916163,485,2699916648,2699916648
2025-06-18 20:35:06,REAL,2699916648,480,2699917128,2699917128
2025-06-18 20:35:08,REAL,2699917128,484,2699917612,2699917612
2025-06-18 20:35:10,REAL,2699917612,480,2699918092,2699918092
2025-06-18 20:35:12,REAL,2699918092,485,2699918577,2699918577
2025-06-18 20:35:14,REAL,2699918577,484,2699919061,2699919061
2025-06-18 20:35:16,REAL,2699919061,542,2699919603,2699919603
2025-06-18 20:35:18,REAL,2699919603,481,2699920084,2699920084
2025-06-18 20:35:20,REAL,2699920084,487,2699920571,2699920571
2025-06-18 20:35:22,REAL,2699920571,480,2699921051,2699921051
2025-06-18 20:35:24,REAL,2699921051,483,2699921534,2699921534
2025-06-18 20:35:26,REAL,2699921534,486,2699922020,2699922020
2025-06-18 20:35:28,REAL,2699922020,490,2699922510,2699922510
2025-06-18 20:35:30,REAL,2699922510,476,2699922986,2699922986
2025-06-18 20:35:32,REAL,2699922986,481,2699923467,2699923467
2025-06-18 20:35:34,REAL,2699923467,537,2699924004,2699924004
2025-06-18 20:35:36,REAL,2699924004,482,2699924486,2699924486
2025-06-18 20:35:38,REAL,2699924486,491,2699924977,2699924977
2025-06-18 20:35:40,REAL,2699924977,535,2699925512,2699925512
2025-06-18 20:35:42,REAL,2699925512,477,2699925989,2699925989
2025-06-18 20:35:44,REAL,2699925989,482,2699926471,2699926471
2025-06-18 20:35:46,REAL,2699926471,482,2699926953,2699926953
2025-06-18 20:35:48,REAL,2699926953,3785,2699930738,2699930738
2025-06-18 20:35:50,REAL,2699930738,11575,2699942313,2699942313
2025-06-18 20:35:52,REAL,2699942313,10255,2699952568,2699952568
2025-06-18 20:35:54,REAL,2699952568,10252,2699962820,2699962820
2025-06-18 20:35:56,REAL,2699962820,10308,2699973128,2699973128
2025-06-18 20:35:58,REAL,2699973128,10256,2699983384,2699983384
2025-06-18 20:36:00,REAL,2699983384,10245,2699993629,2699993629
2025-06-18 20:36:02,REAL,2699993629,10252,2700003881,2700003881
2025-06-18 20:36:04,REAL,2700003881,2531,2700006412,2700006412
2025-06-18 20:36:06,REAL,2700006412,541,2700006953,2700006953
2025-06-18 20:36:08,REAL,2700006953,475,2700007428,2700007428
2025-06-18 20:36:10,REAL,2700007428,487,2700007915,2700007915
2025-06-18 20:36:12,REAL,2700007915,490,2700008405,2700008405
2025-06-18 20:36:14,REAL,2700008405,481,2700008886,2700008886
2025-06-18 20:36:16,REAL,2700008886,485,2700009371,2700009371
2025-06-18 20:36:18,REAL,2700009371,483,2700009854,2700009854
2025-06-18 20:36:20,REAL,2700009854,4650,2700014504,2700014504
2025-06-18 20:36:22,REAL,2700014504,11374,2700025878,2700025878
2025-06-18 20:36:24,REAL,2700025878,10262,2700036140,2700036140
2025-06-18 20:36:26,REAL,2700036140,10243,2700046383,2700046383
2025-06-18 20:36:28,REAL,2700046383,10250,2700056633,2700056633
2025-06-18 20:36:30,REAL,2700056633,10302,2700066935,2700066935
2025-06-18 20:36:32,REAL,2700066935,10318,2700077253,2700077253
2025-06-18 20:36:34,REAL,2700077253,10253,2700087506,2700087506
2025-06-18 20:36:36,REAL,2700087506,1868,2700089374,2700089374
2025-06-18 20:36:38,REAL,2700089374,487,2700089861,2700089861
2025-06-18 20:36:40,REAL,2700089861,482,2700090343,2700090343
2025-06-18 20:36:42,REAL,2700090343,485,2700090828,2700090828
2025-06-18 20:36:44,REAL,2700090828,481,2700091309,2700091309
2025-06-18 20:36:46,REAL,2700091309,483,2700091792,2700091792
2025-06-18 20:36:48,REAL,2700091792,484,2700092276,2700092276
2025-06-18 20:36:50,REAL,2700092276,484,2700092760,2700092760
2025-06-18 20:36:52,REAL,2700092760,5508,2700098268,2700098268
2025-06-18 20:36:54,REAL,2700098268,10839,2700109107,2700109107
2025-06-18 20:36:56,REAL,2700109107,10250,2700119357,2700119357
2025-06-18 20:36:58,REAL,2700119357,10250,2700129607,2700129607
2025-06-18 20:37:00,REAL,2700129607,10316,2700139923,2700139923
2025-06-18 20:37:02,REAL,2700139923,10243,2700150166,2700150166
2025-06-18 20:37:04,REAL,2700150166,10247,2700160413,2700160413
2025-06-18 20:37:06,REAL,2700160413,10253,2700170666,2700170666
2025-06-18 20:37:08,REAL,2700170666,1270,2700171936,2700171936
2025-06-18 20:37:10,REAL,2700171936,492,2700172428,2700172428
2025-06-18 20:37:12,REAL,2700172428,489,2700172917,2700172917
2025-06-18 20:37:14,REAL,2700172917,483,2700173400,2700173400
2025-06-18 20:37:16,REAL,2700173400,483,2700173883,2700173883
2025-06-18 20:37:18,REAL,2700173883,539,2700174422,2700174422
2025-06-18 20:37:20,REAL,2700174422,484,2700174906,2700174906
2025-06-18 20:37:22,REAL,2700174906,478,2700175384,2700175384
2025-06-18 20:37:24,REAL,2700175384,5973,2700181357,2700181357
2025-06-18 20:37:26,REAL,2700181357,11379,2700192736,2700192736
2025-06-18 20:37:28,REAL,2700192736,10253,2700202989,2700202989
2025-06-18 20:37:30,REAL,2700202989,10249,2700213238,2700213238
2025-06-18 20:37:32,REAL,2700213238,10318,2700223556,2700223556
2025-06-18 20:37:34,REAL,2700223556,10257,2700233813,2700233813
2025-06-18 20:37:36,REAL,2700233813,10251,2700244064,2700244064
2025-06-18 20:37:38,REAL,2700244064,10247,2700254311,2700254311
2025-06-18 20:37:40,REAL,2700254311,619,2700254930,2700254930
2025-06-18 20:37:42,REAL,2700254930,483,2700255413,2700255413
2025-06-18 20:37:44,REAL,2700255413,486,2700255899,2700255899
2025-06-18 20:37:46,REAL,2700255899,483,2700256382,2700256382
2025-06-18 20:37:48,REAL,2700256382,492,2700256874,2700256874
2025-06-18 20:37:50,REAL,2700256874,480,2700257354,2700257354
2025-06-18 20:37:52,REAL,2700257354,489,2700257843,2700257843
2025-06-18 20:37:54,REAL,2700257843,485,2700258328,2700258328
2025-06-18 20:37:56,REAL,2700258328,483,2700258811,2700258811
2025-06-18 20:37:58,REAL,2700258811,540,2700259351,2700259351
2025-06-18 20:38:00,REAL,2700259351,547,2700259898,2700259898
2025-06-18 20:38:02,REAL,2700259898,494,2700260392,2700260392
2025-06-18 20:38:04,REAL,2700260392,482,2700260874,2700260874
2025-06-18 20:38:06,REAL,2700260874,489,2700261363,2700261363
2025-06-18 20:38:08,REAL,2700261363,489,2700261852,2700261852
2025-06-18 20:38:10,REAL,2700261852,484,2700262336,2700262336
2025-06-18 20:38:12,REAL,2700262336,481,2700262817,2700262817
2025-06-18 20:38:14,REAL,2700262817,483,2700263300,2700263300
2025-06-18 20:38:16,REAL,2700263300,485,2700263785,2700263785
2025-06-18 20:38:18,REAL,2700263785,489,2700264274,2700264274
2025-06-18 20:38:20,REAL,2700264274,481,2700264755,2700264755
2025-06-18 20:38:22,REAL,2700264755,482,2700265237,2700265237
2025-06-18 20:38:24,REAL,2700265237,490,2700265727,2700265727
2025-06-18 20:38:26,REAL,2700265727,483,2700266210,2700266210
2025-06-18 20:38:28,REAL,2700266210,479,2700266689,2700266689
2025-06-18 20:38:30,REAL,2700266689,482,2700267171,2700267171
2025-06-18 20:38:32,REAL,2700267171,483,2700267654,2700267654
2025-06-18 20:38:34,REAL,2700267654,546,2700268200,2700268200
2025-06-18 20:38:36,REAL,2700268200,532,2700268732,2700268732
2025-06-18 20:38:38,REAL,2700268732,481,2700269213,2700269213
2025-06-18 20:38:40,REAL,2700269213,489,2700269702,2700269702
2025-06-18 20:38:42,REAL,2700269702,480,2700270182,2700270182
2025-06-18 20:38:44,REAL,2700270182,485,2700270667,2700270667
2025-06-18 20:38:46,REAL,2700270667,490,2700271157,2700271157
2025-06-18 20:38:48,REAL,2700271157,488,2700271645,2700271645
2025-06-18 20:38:50,REAL,2700271645,474,2700272119,2700272119
2025-06-18 20:38:52,REAL,2700272119,478,2700272597,2700272597
2025-06-18 20:38:54,REAL,2700272597,483,2700273080,2700273080
2025-06-18 20:38:56,REAL,2700273080,478,2700273558,2700273558
2025-06-18 20:38:58,REAL,2700273558,485,2700274043,2700274043
2025-06-18 20:39:00,REAL,2700274043,488,2700274531,2700274531
2025-06-18 20:39:02,REAL,2700274531,480,2700275011,2700275011
2025-06-18 20:39:04,REAL,2700275011,487,2700275498,2700275498
2025-06-18 20:39:06,REAL,2700275498,486,2700275984,2700275984
2025-06-18 20:39:08,REAL,2700275984,493,2700276477,2700276477
2025-06-18 20:39:10,REAL,2700276477,483,2700276960,2700276960
2025-06-18 20:39:12,REAL,2700276960,541,2700277501,2700277501
2025-06-18 20:39:14,REAL,2700277501,483,2700277984,2700277984
2025-06-18 20:39:16,REAL,2700277984,537,2700278521,2700278521
2025-06-18 20:39:18,REAL,2700278521,475,2700278996,2700278996
2025-06-18 20:39:20,REAL,2700278996,477,2700279473,2700279473
2025-06-18 20:39:22,REAL,2700279473,485,2700279958,2700279958
2025-06-18 20:39:24,REAL,2700279958,488,2700280446,2700280446
2025-06-18 20:39:26,REAL,2700280446,478,2700280924,2700280924
2025-06-18 20:39:28,REAL,2700280924,490,2700281414,2700281414
2025-06-18 20:39:30,REAL,2700281414,483,2700281897,2700281897
2025-06-18 20:39:32,REAL,2700281897,486,2700282383,2700282383
2025-06-18 20:39:34,REAL,2700282383,484,2700282867,2700282867
2025-06-18 20:39:36,REAL,2700282867,487,2700283354,2700283354
2025-06-18 20:39:38,REAL,2700283354,486,2700283840,2700283840
2025-06-18 20:39:40,REAL,2700283840,477,2700284317,2700284317
2025-06-18 20:39:42,REAL,2700284317,481,2700284798,2700284798
2025-06-18 20:39:44,REAL,2700284798,483,2700285281,2700285281
2025-06-18 20:39:46,REAL,2700285281,481,2700285762,2700285762
2025-06-18 20:39:48,REAL,2700285762,488,2700286250,2700286250
2025-06-18 20:39:50,REAL,2700286250,486,2700286736,2700286736
2025-06-18 20:39:52,REAL,2700286736,545,2700287281,2700287281
2025-06-18 20:39:54,REAL,2700287281,539,2700287820,2700287820
2025-06-18 20:39:56,REAL,2700287820,483,2700288303,2700288303
2025-06-18 20:39:58,REAL,2700288303,482,2700288785,2700288785
2025-06-18 20:40:00,REAL,2700288785,483,2700289268,2700289268
2025-06-18 20:40:02,REAL,2700289268,480,2700289748,2700289748
2025-06-18 20:40:04,REAL,2700289748,483,2700290231,2700290231
2025-06-18 20:40:06,REAL,2700290231,488,2700290719,2700290719
2025-06-18 20:40:08,REAL,2700290719,485,2700291204,2700291204
2025-06-18 20:40:10,REAL,2700291204,485,2700291689,2700291689
2025-06-18 20:40:12,REAL,2700291689,486,2700292175,2700292175
2025-06-18 20:40:14,REAL,2700292175,486,2700292661,2700292661
2025-06-18 20:40:16,REAL,2700292661,484,2700293145,2700293145
2025-06-18 20:40:18,REAL,2700293145,481,2700293626,2700293626
2025-06-18 20:40:20,REAL,2700293626,494,2700294120,2700294120
2025-06-18 20:40:22,REAL,2700294120,478,2700294598,2700294598
2025-06-18 20:40:24,REAL,2700294598,480,2700295078,2700295078
2025-06-18 20:40:26,REAL,2700295078,487,2700295565,2700295565
2025-06-18 20:40:28,REAL,2700295565,482,2700296047,2700296047
2025-06-18 20:40:30,REAL,2700296047,535,2700296582,2700296582
2025-06-18 20:40:32,REAL,2700296582,481,2700297063,2700297063
2025-06-18 20:40:34,REAL,2700297063,546,2700297609,2700297609
2025-06-18 20:40:36,REAL,2700297609,484,2700298093,2700298093
2025-06-18 20:40:38,REAL,2700298093,483,2700298576,2700298576
2025-06-18 20:40:40,REAL,2700298576,478,2700299054,2700299054
2025-06-18 20:40:42,REAL,2700299054,482,2700299536,2700299536
2025-06-18 20:40:44,REAL,2700299536,487,2700300023,2700300023
2025-06-18 20:40:46,REAL,2700300023,488,2700300511,2700300511
2025-06-18 20:40:48,REAL,2700300511,480,2700300991,2700300991
2025-06-18 20:40:50,REAL,2700300991,477,2700301468,2700301468
2025-06-18 20:40:52,REAL,2700301468,485,2700301953,2700301953
2025-06-18 20:40:54,REAL,2700301953,486,2700302439,2700302439
2025-06-18 20:40:56,REAL,2700302439,487,2700302926,2700302926
2025-06-18 20:40:58,REAL,2700302926,485,2700303411,2700303411
2025-06-18 20:41:00,REAL,2700303411,480,2700303891,2700303891
2025-06-18 20:41:02,REAL,2700303891,484,2700304375,2700304375
2025-06-18 20:41:04,REAL,2700304375,485,2700304860,2700304860
2025-06-18 20:41:06,REAL,2700304860,490,2700305350,2700305350
2025-06-18 20:41:08,REAL,2700305350,488,2700305838,2700305838
2025-06-18 20:41:10,REAL,2700305838,541,2700306379,2700306379
2025-06-18 20:41:12,REAL,2700306379,6359,2700312738,2700312738
2025-06-18 20:41:14,REAL,2700312738,13286,2700326024,2700326024
2025-06-18 20:41:16,REAL,2700326024,10311,2700336335,2700336335
2025-06-18 20:41:18,REAL,2700336335,10246,2700346581,2700346581
2025-06-18 20:41:20,REAL,2700346581,10244,2700356825,2700356825
2025-06-18 20:41:22,REAL,2700356825,10324,2700367149,2700367149
2025-06-18 20:41:24,REAL,2700367149,11110,2700378259,2700378259
2025-06-18 20:41:26,REAL,2700378259,9400,2700387659,2700387659
2025-06-18 20:41:28,REAL,2700387659,1278,2700388937,2700388937
2025-06-18 20:41:30,REAL,2700388937,488,2700389425,2700389425
2025-06-18 20:41:32,REAL,2700389425,483,2700389908,2700389908
2025-06-18 20:41:34,REAL,2700389908,474,2700390382,2700390382
2025-06-18 20:41:36,REAL,2700390382,485,2700390867,2700390867
2025-06-18 20:41:38,REAL,2700390867,487,2700391354,2700391354
2025-06-18 20:41:40,REAL,2700391354,486,2700391840,2700391840
2025-06-18 20:41:42,REAL,2700391840,484,2700392324,2700392324
2025-06-18 20:41:44,REAL,2700392324,488,2700392812,2700392812
2025-06-18 20:41:46,REAL,2700392812,480,2700393292,2700393292
2025-06-18 20:41:48,REAL,2700393292,485,2700393777,2700393777
2025-06-18 20:41:50,REAL,2700393777,596,2700394373,2700394373
2025-06-18 20:41:52,REAL,2700394373,481,2700394854,2700394854
2025-06-18 20:41:54,REAL,2700394854,492,2700395346,2700395346
2025-06-18 20:41:56,REAL,2700395346,494,2700395840,2700395840
2025-06-18 20:41:58,REAL,2700395840,489,2700396329,2700396329
2025-06-18 20:42:00,REAL,2700396329,491,2700396820,2700396820
2025-06-18 20:42:02,REAL,2700396820,483,2700397303,2700397303
2025-06-18 20:42:04,REAL,2700397303,480,2700397783,2700397783
2025-06-18 20:42:06,REAL,2700397783,484,2700398267,2700398267
2025-06-18 20:42:08,REAL,2700398267,488,2700398755,2700398755
2025-06-18 20:42:10,REAL,2700398755,487,2700399242,2700399242
2025-06-18 20:42:12,REAL,2700399242,481,2700399723,2700399723
2025-06-18 20:42:14,REAL,2700399723,484,2700400207,2700400207
2025-06-18 20:42:16,REAL,2700400207,8076,2700408283,2700408283
2025-06-18 20:42:18,REAL,2700408283,12363,2700420646,2700420646
2025-06-18 20:42:20,REAL,2700420646,10311,2700430957,2700430957
2025-06-18 20:42:22,REAL,2700430957,10255,2700441212,2700441212
2025-06-18 20:42:24,REAL,2700441212,10247,2700451459,2700451459
2025-06-18 20:42:26,REAL,2700451459,10316,2700461775,2700461775
2025-06-18 20:42:28,REAL,2700461775,10254,2700472029,2700472029
2025-06-18 20:42:30,REAL,2700472029,9847,2700481876,2700481876
2025-06-18 20:42:32,REAL,2700481876,492,2700482368,2700482368
2025-06-18 20:42:34,REAL,2700482368,484,2700482852,2700482852
2025-06-18 20:42:36,REAL,2700482852,486,2700483338,2700483338
2025-06-18 20:42:38,REAL,2700483338,483,2700483821,2700483821
2025-06-18 20:42:40,REAL,2700483821,488,2700484309,2700484309
2025-06-18 20:42:42,REAL,2700484309,490,2700484799,2700484799
2025-06-18 20:42:44,REAL,2700484799,484,2700485283,2700485283
2025-06-18 20:42:46,REAL,2700485283,482,2700485765,2700485765
2025-06-18 20:42:48,REAL,2700485765,7359,2700493124,2700493124
2025-06-18 20:42:50,REAL,2700493124,10837,2700503961,2700503961
2025-06-18 20:42:52,REAL,2700503961,10252,2700514213,2700514213
2025-06-18 20:42:54,REAL,2700514213,10246,2700524459,2700524459
2025-06-18 20:42:56,REAL,2700524459,10254,2700534713,2700534713
2025-06-18 20:42:58,REAL,2700534713,10254,2700544967,2700544967
2025-06-18 20:43:00,REAL,2700544967,10323,2700555290,2700555290
2025-06-18 20:43:02,REAL,2700555290,9140,2700564430,2700564430
2025-06-18 20:43:04,REAL,2700564430,490,2700564920,2700564920
2025-06-18 20:43:06,REAL,2700564920,485,2700565405,2700565405
2025-06-18 20:43:08,REAL,2700565405,484,2700565889,2700565889
2025-06-18 20:43:10,REAL,2700565889,488,2700566377,2700566377
2025-06-18 20:43:12,REAL,2700566377,489,2700566866,2700566866
2025-06-18 20:43:14,REAL,2700566866,488,2700567354,2700567354
2025-06-18 20:43:16,REAL,2700567354,477,2700567831,2700567831
2025-06-18 20:43:18,REAL,2700567831,547,2700568378,2700568378
2025-06-18 20:43:20,REAL,2700568378,491,2700568869,2700568869
2025-06-18 20:43:22,REAL,2700568869,483,2700569352,2700569352
2025-06-18 20:43:24,REAL,2700569352,491,2700569843,2700569843
2025-06-18 20:43:26,REAL,2700569843,545,2700570388,2700570388
2025-06-18 20:43:28,REAL,2700570388,485,2700570873,2700570873
2025-06-18 20:43:30,REAL,2700570873,491,2700571364,2700571364
2025-06-18 20:43:32,REAL,2700571364,482,2700571846,2700571846
2025-06-18 20:43:34,REAL,2700571846,489,2700572335,2700572335
2025-06-18 20:43:36,REAL,2700572335,480,2700572815,2700572815
2025-06-18 20:43:38,REAL,2700572815,487,2700573302,2700573302
2025-06-18 20:43:40,REAL,2700573302,2866,2700576168,2700576168
2025-06-18 20:43:42,REAL,2700576168,14605,2700590773,2700590773
2025-06-18 20:43:44,REAL,2700590773,10251,2700601024,2700601024
2025-06-18 20:43:46,REAL,2700601024,10318,2700611342,2700611342
2025-06-18 20:43:48,REAL,2700611342,10248,2700621590,2700621590
2025-06-18 20:43:50,REAL,2700621590,10255,2700631845,2700631845
2025-06-18 20:43:52,REAL,2700631845,10259,2700642104,2700642104
2025-06-18 20:43:54,REAL,2700642104,10321,2700652425,2700652425
2025-06-18 20:43:56,REAL,2700652425,3258,2700655683,2700655683
2025-06-18 20:43:58,REAL,2700655683,483,2700656166,2700656166
2025-06-18 20:44:00,REAL,2700656166,477,2700656643,2700656643
2025-06-18 20:44:02,REAL,2700656643,493,2700657136,2700657136
2025-06-18 20:44:04,REAL,2700657136,479,2700657615,2700657615
2025-06-18 20:44:06,REAL,2700657615,477,2700658092,2700658092
2025-06-18 20:44:08,REAL,2700658092,481,2700658573,2700658573
2025-06-18 20:44:10,REAL,2700658573,594,2700659167,2700659167
2025-06-18 20:44:12,REAL,2700659167,3529,2700662696,2700662696
2025-06-18 20:44:14,REAL,2700662696,11568,2700674264,2700674264
2025-06-18 20:44:16,REAL,2700674264,10256,2700684520,2700684520
2025-06-18 20:44:18,REAL,2700684520,10249,2700694769,2700694769
2025-06-18 20:44:20,REAL,2700694769,10255,2700705024,2700705024
2025-06-18 20:44:22,REAL,2700705024,10247,2700715271,2700715271
2025-06-18 20:44:24,REAL,2700715271,10250,2700725521,2700725521
2025-06-18 20:44:26,REAL,2700725521,10323,2700735844,2700735844
2025-06-18 20:44:28,REAL,2700735844,2670,2700738514,2700738514
2025-06-18 20:44:30,REAL,2700738514,482,2700738996,2700738996
2025-06-18 20:44:32,REAL,2700738996,479,2700739475,2700739475
2025-06-18 20:44:34,REAL,2700739475,489,2700739964,2700739964
2025-06-18 20:44:36,REAL,2700739964,491,2700740455,2700740455
2025-06-18 20:44:38,REAL,2700740455,486,2700740941,2700740941
2025-06-18 20:44:40,REAL,2700740941,475,2700741416,2700741416
2025-06-18 20:44:42,REAL,2700741416,545,2700741961,2700741961
2025-06-18 20:44:44,REAL,2700741961,4443,2700746404,2700746404
2025-06-18 20:44:46,REAL,2700746404,11501,2700757905,2700757905
2025-06-18 20:44:48,REAL,2700757905,10324,2700768229,2700768229
2025-06-18 20:44:50,REAL,2700768229,10255,2700778484,2700778484
2025-06-18 20:44:52,REAL,2700778484,10250,2700788734,2700788734
2025-06-18 20:44:54,REAL,2700788734,10315,2700799049,2700799049
2025-06-18 20:44:56,REAL,2700799049,10253,2700809302,2700809302
2025-06-18 20:44:58,REAL,2700809302,10252,2700819554,2700819554
2025-06-18 20:45:00,REAL,2700819554,2123,2700821677,2700821677
2025-06-18 20:45:02,REAL,2700821677,492,2700822169,2700822169
2025-06-18 20:45:04,REAL,2700822169,480,2700822649,2700822649
2025-06-18 20:45:06,REAL,2700822649,481,2700823130,2700823130
2025-06-18 20:45:08,REAL,2700823130,485,2700823615,2700823615
2025-06-18 20:45:10,REAL,2700823615,486,2700824101,2700824101
2025-06-18 20:45:12,REAL,2700824101,531,2700824632,2700824632
2025-06-18 20:45:14,REAL,2700824632,485,2700825117,2700825117
2025-06-18 20:45:16,REAL,2700825117,491,2700825608,2700825608
2025-06-18 20:45:18,REAL,2700825608,490,2700826098,2700826098
2025-06-18 20:45:20,REAL,2700826098,485,2700826583,2700826583
2025-06-18 20:45:22,REAL,2700826583,477,2700827060,2700827060
2025-06-18 20:45:24,REAL,2700827060,483,2700827543,2700827543
2025-06-18 20:45:26,REAL,2700827543,493,2700828036,2700828036
2025-06-18 20:45:28,REAL,2700828036,485,2700828521,2700828521
2025-06-18 20:45:30,REAL,2700828521,482,2700829003,2700829003
2025-06-18 20:45:32,REAL,2700829003,488,2700829491,2700829491
2025-06-18 20:45:34,REAL,2700829491,482,2700829973,2700829973
2025-06-18 20:45:36,REAL,2700829973,242,2700830215,2700830215
2025-06-18 20:45:38,REAL,2700830215,488,2700830703,2700830703
2025-06-18 20:45:40,REAL,2700830703,491,2700831194,2700831194
2025-06-18 20:45:42,REAL,2700831194,537,2700831731,2700831731
2025-06-18 20:45:44,REAL,2700831731,483,2700832214,2700832214
2025-06-18 20:45:46,REAL,2700832214,491,2700832705,2700832705
2025-06-18 20:45:48,REAL,2700832705,488,2700833193,2700833193
2025-06-18 20:45:50,REAL,2700833193,480,2700833673,2700833673
2025-06-18 20:45:52,REAL,2700833673,538,2700834211,2700834211
2025-06-18 20:45:54,REAL,2700834211,478,2700834689,2700834689
2025-06-18 20:45:56,REAL,2700834689,476,2700835165,2700835165
2025-06-18 20:45:58,REAL,2700835165,487,2700835652,2700835652
2025-06-18 20:46:00,REAL,2700835652,484,2700836136,2700836136
2025-06-18 20:46:02,REAL,2700836136,481,2700836617,2700836617
2025-06-18 20:46:04,REAL,2700836617,484,2700837101,2700837101
2025-06-18 20:46:06,REAL,2700837101,479,2700837580,2700837580
2025-06-18 20:46:08,REAL,2700837580,487,2700838067,2700838067
2025-06-18 20:46:10,REAL,2700838067,483,2700838550,2700838550
2025-06-18 20:46:12,REAL,2700838550,541,2700839091,2700839091
2025-06-18 20:46:14,REAL,2700839091,475,2700839566,2700839566
2025-06-18 20:46:16,REAL,2700839566,488,2700840054,2700840054
2025-06-18 20:46:18,REAL,2700840054,485,2700840539,2700840539
2025-06-18 20:46:20,REAL,2700840539,479,2700841018,2700841018
2025-06-18 20:46:22,REAL,2700841018,488,2700841506,2700841506
2025-06-18 20:46:24,REAL,2700841506,486,2700841992,2700841992
2025-06-18 20:46:26,REAL,2700841992,729,2700842721,2700842721
2025-06-18 20:46:28,REAL,2700842721,247,2700842968,2700842968
2025-06-18 20:46:30,REAL,2700842968,486,2700843454,2700843454
2025-06-18 20:46:32,REAL,2700843454,490,2700843944,2700843944
2025-06-18 20:46:34,REAL,2700843944,477,2700844421,2700844421
2025-06-18 20:46:36,REAL,2700844421,488,2700844909,2700844909
2025-06-18 20:46:38,REAL,2700844909,485,2700845394,2700845394
2025-06-18 20:46:40,REAL,2700845394,485,2700845879,2700845879
2025-06-18 20:46:42,REAL,2700845879,591,2700846470,2700846470
2025-06-18 20:46:44,REAL,2700846470,480,2700846950,2700846950
2025-06-18 20:46:46,REAL,2700846950,480,2700847430,2700847430
2025-06-18 20:46:48,REAL,2700847430,487,2700847917,2700847917
2025-06-18 20:46:50,REAL,2700847917,483,2700848400,2700848400
2025-06-18 20:46:52,REAL,2700848400,483,2700848883,2700848883
2025-06-18 20:46:54,REAL,2700848883,484,2700849367,2700849367
2025-06-18 20:46:56,REAL,2700849367,477,2700849844,2700849844
2025-06-18 20:46:58,REAL,2700849844,480,2700850324,2700850324
2025-06-18 20:47:00,REAL,2700850324,480,2700850804,2700850804
2025-06-18 20:47:02,REAL,2700850804,486,2700851290,2700851290
2025-06-18 20:47:04,REAL,2700851290,492,2700851782,2700851782
2025-06-18 20:47:06,REAL,2700851782,484,2700852266,2700852266
2025-06-18 20:47:08,REAL,2700852266,493,2700852759,2700852759
2025-06-18 20:47:10,REAL,2700852759,539,2700853298,2700853298
2025-06-18 20:47:12,REAL,2700853298,483,2700853781,2700853781
2025-06-18 20:47:14,REAL,2700853781,492,2700854273,2700854273
2025-06-18 20:47:16,REAL,2700854273,489,2700854762,2700854762
2025-06-18 20:47:18,REAL,2700854762,482,2700855244,2700855244
2025-06-18 20:47:20,REAL,2700855244,486,2700855730,2700855730
2025-06-18 20:47:22,REAL,2700855730,486,2700856216,2700856216
2025-06-18 20:47:24,REAL,2700856216,482,2700856698,2700856698
2025-06-18 20:47:26,REAL,2700856698,487,2700857185,2700857185
2025-06-18 20:47:28,REAL,2700857185,2280,2700859465,2700859465
2025-06-18 20:47:30,REAL,2700859465,15002,2700874467,2700874467
2025-06-18 20:47:32,REAL,2700874467,10258,2700884725,2700884725
2025-06-18 20:47:34,REAL,2700884725,10317,2700895042,2700895042
2025-06-18 20:47:36,REAL,2700895042,10251,2700905293,2700905293
2025-06-18 20:47:38,REAL,2700905293,10254,2700915547,2700915547
2025-06-18 20:47:40,REAL,2700915547,10251,2700925798,2700925798
2025-06-18 20:47:42,REAL,2700925798,10255,2700936053,2700936053
2025-06-18 20:47:44,REAL,2700936053,3781,2700939834,2700939834
2025-06-18 20:47:46,REAL,2700939834,487,2700940321,2700940321
2025-06-18 20:47:48,REAL,2700940321,480,2700940801,2700940801
2025-06-18 20:47:50,REAL,2700940801,486,2700941287,2700941287
2025-06-18 20:47:52,REAL,2700941287,485,2700941772,2700941772
2025-06-18 20:47:54,REAL,2700941772,486,2700942258,2700942258
2025-06-18 20:47:56,REAL,2700942258,476,2700942734,2700942734
2025-06-18 20:47:58,REAL,2700942734,536,2700943270,2700943270
2025-06-18 20:48:00,REAL,2700943270,3392,2700946662,2700946662
2025-06-18 20:48:02,REAL,2700946662,11640,2700958302,2700958302
2025-06-18 20:48:04,REAL,2700958302,10249,2700968551,2700968551
2025-06-18 20:48:06,REAL,2700968551,10247,2700978798,2700978798
2025-06-18 20:48:08,REAL,2700978798,10318,2700989116,2700989116
2025-06-18 20:48:10,REAL,2700989116,10248,2700999364,2700999364
2025-06-18 20:48:12,REAL,2700999364,10245,2701009609,2701009609
2025-06-18 20:48:14,REAL,2701009609,10244,2701019853,2701019853
2025-06-18 20:48:16,REAL,2701019853,3131,2701022984,2701022984
2025-06-18 20:48:18,REAL,2701022984,489,2701023473,2701023473
2025-06-18 20:48:20,REAL,2701023473,544,2701024017,2701024017
2025-06-18 20:48:22,REAL,2701024017,488,2701024505,2701024505
2025-06-18 20:48:24,REAL,2701024505,484,2701024989,2701024989
2025-06-18 20:48:26,REAL,2701024989,478,2701025467,2701025467
2025-06-18 20:48:28,REAL,2701025467,492,2701025959,2701025959
2025-06-18 20:48:30,REAL,2701025959,538,2701026497,2701026497
2025-06-18 20:48:32,REAL,2701026497,491,2701026988,2701026988
2025-06-18 20:48:34,REAL,2701026988,491,2701027479,2701027479
2025-06-18 20:48:36,REAL,2701027479,484,2701027963,2701027963
2025-06-18 20:48:38,REAL,2701027963,485,2701028448,2701028448
2025-06-18 20:48:40,REAL,2701028448,484,2701028932,2701028932
2025-06-18 20:48:42,REAL,2701028932,484,2701029416,2701029416
2025-06-18 20:48:44,REAL,2701029416,489,2701029905,2701029905
2025-06-18 20:48:46,REAL,2701029905,493,2701030398,2701030398
2025-06-18 20:48:48,REAL,2701030398,488,2701030886,2701030886
2025-06-18 20:48:50,REAL,2701030886,484,2701031370,2701031370
2025-06-18 20:48:52,REAL,2701031370,486,2701031856,2701031856
2025-06-18 20:48:54,REAL,2701031856,475,2701032331,2701032331
2025-06-18 20:48:56,REAL,2701032331,486,2701032817,2701032817
2025-06-18 20:48:58,REAL,2701032817,543,2701033360,2701033360
2025-06-18 20:49:00,REAL,2701033360,486,2701033846,2701033846
2025-06-18 20:49:02,REAL,2701033846,475,2701034321,2701034321
2025-06-18 20:49:04,REAL,2701034321,493,2701034814,2701034814
2025-06-18 20:49:06,REAL,2701034814,489,2701035303,2701035303
2025-06-18 20:49:08,REAL,2701035303,536,2701035839,2701035839
2025-06-18 20:49:10,REAL,2701035839,488,2701036327,2701036327
2025-06-18 20:49:12,REAL,2701036327,483,2701036810,2701036810
2025-06-18 20:49:14,REAL,2701036810,484,2701037294,2701037294
2025-06-18 20:49:16,REAL,2701037294,486,2701037780,2701037780
2025-06-18 20:49:18,REAL,2701037780,493,2701038273,2701038273
2025-06-18 20:49:20,REAL,2701038273,479,2701038752,2701038752
2025-06-18 20:49:22,REAL,2701038752,489,2701039241,2701039241
2025-06-18 20:49:24,REAL,2701039241,475,2701039716,2701039716
2025-06-18 20:49:26,REAL,2701039716,491,2701040207,2701040207
2025-06-18 20:49:28,REAL,2701040207,541,2701040748,2701040748
2025-06-18 20:49:30,REAL,2701040748,490,2701041238,2701041238
2025-06-18 20:49:32,REAL,2701041238,484,2701041722,2701041722
2025-06-18 20:49:34,REAL,2701041722,492,2701042214,2701042214
2025-06-18 20:49:36,REAL,2701042214,488,2701042702,2701042702
2025-06-18 20:49:38,REAL,2701042702,486,2701043188,2701043188
2025-06-18 20:49:40,REAL,2701043188,489,2701043677,2701043677
2025-06-18 20:49:42,REAL,2701043677,479,2701044156,2701044156
2025-06-18 20:49:44,REAL,2701044156,492,2701044648,2701044648
2025-06-18 20:49:46,REAL,2701044648,490,2701045138,2701045138
2025-06-18 20:49:48,REAL,2701045138,476,2701045614,2701045614
2025-06-18 20:49:50,REAL,2701045614,491,2701046105,2701046105
2025-06-18 20:49:52,REAL,2701046105,6102,2701052207,2701052207
2025-06-18 20:49:54,REAL,2701052207,13407,2701065614,2701065614
2025-06-18 20:49:56,REAL,2701065614,10247,2701075861,2701075861
2025-06-18 20:49:58,REAL,2701075861,10309,2701086170,2701086170
2025-06-18 20:50:00,REAL,2701086170,10253,2701096423,2701096423
2025-06-18 20:50:02,REAL,2701096423,10255,2701106678,2701106678
2025-06-18 20:50:04,REAL,2701106678,10321,2701116999,2701116999
2025-06-18 20:50:06,REAL,2701116999,10323,2701127322,2701127322
2025-06-18 20:50:08,REAL,2701127322,882,2701128204,2701128204
2025-06-18 20:50:10,REAL,2701128204,480,2701128684,2701128684
2025-06-18 20:50:12,REAL,2701128684,490,2701129174,2701129174
2025-06-18 20:50:14,REAL,2701129174,483,2701129657,2701129657
2025-06-18 20:50:16,REAL,2701129657,538,2701130195,2701130195
2025-06-18 20:50:18,REAL,2701130195,481,2701130676,2701130676
2025-06-18 20:50:20,REAL,2701130676,482,2701131158,2701131158
2025-06-18 20:50:22,REAL,2701131158,491,2701131649,2701131649
2025-06-18 20:50:24,REAL,2701131649,486,2701132135,2701132135
2025-06-18 20:50:26,REAL,2701132135,487,2701132622,2701132622
2025-06-18 20:50:28,REAL,2701132622,491,2701133113,2701133113
2025-06-18 20:50:30,REAL,2701133113,480,2701133593,2701133593
2025-06-18 20:50:32,REAL,2701133593,488,2701134081,2701134081
2025-06-18 20:50:34,REAL,2701134081,478,2701134559,2701134559
2025-06-18 20:50:36,REAL,2701134559,480,2701135039,2701135039
2025-06-18 20:50:38,REAL,2701135039,487,2701135526,2701135526
2025-06-18 20:50:40,REAL,2701135526,490,2701136016,2701136016
2025-06-18 20:50:42,REAL,2701136016,600,2701136616,2701136616
2025-06-18 20:50:44,REAL,2701136616,480,2701137096,2701137096
2025-06-18 20:50:46,REAL,2701137096,490,2701137586,2701137586
2025-06-18 20:50:48,REAL,2701137586,486,2701138072,2701138072
2025-06-18 20:50:50,REAL,2701138072,491,2701138563,2701138563
2025-06-18 20:50:52,REAL,2701138563,488,2701139051,2701139051
2025-06-18 20:50:54,REAL,2701139051,480,2701139531,2701139531
2025-06-18 20:50:56,REAL,2701139531,488,2701140019,2701140019
2025-06-18 20:50:58,REAL,2701140019,483,2701140502,2701140502
2025-06-18 20:51:00,REAL,2701140502,485,2701140987,2701140987
2025-06-18 20:51:02,REAL,2701140987,484,2701141471,2701141471
2025-06-18 20:51:04,REAL,2701141471,492,2701141963,2701141963
2025-06-18 20:51:06,REAL,2701141963,537,2701142500,2701142500
2025-06-18 20:51:08,REAL,2701142500,485,2701142985,2701142985
2025-06-18 20:51:10,REAL,2701142985,488,2701143473,2701143473
2025-06-18 20:51:12,REAL,2701143473,490,2701143963,2701143963
2025-06-18 20:51:14,REAL,2701143963,490,2701144453,2701144453
2025-06-18 20:51:16,REAL,2701144453,484,2701144937,2701144937
2025-06-18 20:51:18,REAL,2701144937,481,2701145418,2701145418
2025-06-18 20:51:20,REAL,2701145418,481,2701145899,2701145899
2025-06-18 20:51:22,REAL,2701145899,479,2701146378,2701146378
2025-06-18 20:51:24,REAL,2701146378,486,2701146864,2701146864
2025-06-18 20:51:26,REAL,2701146864,479,2701147343,2701147343
2025-06-18 20:51:28,REAL,2701147343,538,2701147881,2701147881
2025-06-18 20:51:30,REAL,2701147881,541,2701148422,2701148422
2025-06-18 20:51:32,REAL,2701148422,489,2701148911,2701148911
2025-06-18 20:51:34,REAL,2701148911,485,2701149396,2701149396
2025-06-18 20:51:36,REAL,2701149396,476,2701149872,2701149872
2025-06-18 20:51:38,REAL,2701149872,483,2701150355,2701150355
2025-06-18 20:51:40,REAL,2701150355,493,2701150848,2701150848
2025-06-18 20:51:42,REAL,2701150848,481,2701151329,2701151329
2025-06-18 20:51:44,REAL,2701151329,479,2701151808,2701151808
2025-06-18 20:51:46,REAL,2701151808,488,2701152296,2701152296
2025-06-18 20:51:48,REAL,2701152296,482,2701152778,2701152778
2025-06-18 20:51:50,REAL,2701152778,475,2701153253,2701153253
2025-06-18 20:51:52,REAL,2701153253,485,2701153738,2701153738
2025-06-18 20:51:54,REAL,2701153738,543,2701154281,2701154281
2025-06-18 20:51:56,REAL,2701154281,486,2701154767,2701154767
2025-06-18 20:51:58,REAL,2701154767,478,2701155245,2701155245
2025-06-18 20:52:00,REAL,2701155245,488,2701155733,2701155733
2025-06-18 20:52:02,REAL,2701155733,481,2701156214,2701156214
2025-06-18 20:52:04,REAL,2701156214,487,2701156701,2701156701
2025-06-18 20:52:06,REAL,2701156701,492,2701157193,2701157193
2025-06-18 20:52:08,REAL,2701157193,488,2701157681,2701157681
2025-06-18 20:52:10,REAL,2701157681,484,2701158165,2701158165
2025-06-18 20:52:12,REAL,2701158165,484,2701158649,2701158649
2025-06-18 20:52:14,REAL,2701158649,487,2701159136,2701159136
2025-06-18 20:52:16,REAL,2701159136,540,2701159676,2701159676
2025-06-18 20:52:18,REAL,2701159676,487,2701160163,2701160163
2025-06-18 20:52:20,REAL,2701160163,539,2701160702,2701160702
2025-06-18 20:52:22,REAL,2701160702,485,2701161187,2701161187
2025-06-18 20:52:24,REAL,2701161187,488,2701161675,2701161675
2025-06-18 20:52:26,REAL,2701161675,481,2701162156,2701162156
2025-06-18 20:52:28,REAL,2701162156,486,2701162642,2701162642
2025-06-18 20:52:30,REAL,2701162642,489,2701163131,2701163131
2025-06-18 20:52:32,REAL,2701163131,477,2701163608,2701163608
2025-06-18 20:52:34,REAL,2701163608,489,2701164097,2701164097
2025-06-18 20:52:36,REAL,2701164097,479,2701164576,2701164576
2025-06-18 20:52:38,REAL,2701164576,477,2701165053,2701165053
2025-06-18 20:52:40,REAL,2701165053,480,2701165533,2701165533
2025-06-18 20:52:42,REAL,2701165533,9337,2701174870,2701174870
2025-06-18 20:52:44,REAL,2701174870,10589,2701185459,2701185459
2025-06-18 20:52:46,REAL,2701185459,10251,2701195710,2701195710
2025-06-18 20:52:48,REAL,2701195710,10316,2701206026,2701206026
2025-06-18 20:52:50,REAL,2701206026,10319,2701216345,2701216345
2025-06-18 20:52:52,REAL,2701216345,10186,2701226531,2701226531
2025-06-18 20:52:54,REAL,2701226531,10323,2701236854,2701236854
2025-06-18 20:52:56,REAL,2701236854,7544,2701244398,2701244398
2025-06-18 20:52:58,REAL,2701244398,481,2701244879,2701244879
2025-06-18 20:53:00,REAL,2701244879,480,2701245359,2701245359
2025-06-18 20:53:02,REAL,2701245359,4976,2701250335,2701250335
2025-06-18 20:53:04,REAL,2701250335,11972,2701262307,2701262307
2025-06-18 20:53:06,REAL,2701262307,10310,2701272617,2701272617
2025-06-18 20:53:08,REAL,2701272617,10255,2701282872,2701282872
2025-06-18 20:53:10,REAL,2701282872,10323,2701293195,2701293195
2025-06-18 20:53:12,REAL,2701293195,10252,2701303447,2701303447
2025-06-18 20:53:14,REAL,2701303447,10259,2701313706,2701313706
2025-06-18 20:53:16,REAL,2701313706,10253,2701323959,2701323959
2025-06-18 20:53:18,REAL,2701323959,2328,2701326287,2701326287
2025-06-18 20:53:20,REAL,2701326287,486,2701326773,2701326773
2025-06-18 20:53:22,REAL,2701326773,485,2701327258,2701327258
2025-06-18 20:53:24,REAL,2701327258,484,2701327742,2701327742
2025-06-18 20:53:26,REAL,2701327742,548,2701328290,2701328290
2025-06-18 20:53:28,REAL,2701328290,482,2701328772,2701328772
2025-06-18 20:53:30,REAL,2701328772,488,2701329260,2701329260
2025-06-18 20:53:32,REAL,2701329260,487,2701329747,2701329747
2025-06-18 20:53:34,REAL,2701329747,487,2701330234,2701330234
2025-06-18 20:53:36,REAL,2701330234,476,2701330710,2701330710
2025-06-18 20:53:38,REAL,2701330710,481,2701331191,2701331191
2025-06-18 20:53:40,REAL,2701331191,10919,2701342110,2701342110
2025-06-18 20:53:42,REAL,2701342110,10393,2701352503,2701352503
2025-06-18 20:53:44,REAL,2701352503,10249,2701362752,2701362752
2025-06-18 20:53:46,REAL,2701362752,10253,2701373005,2701373005
2025-06-18 20:53:48,REAL,2701373005,10259,2701383264,2701383264
2025-06-18 20:53:50,REAL,2701383264,10321,2701393585,2701393585
2025-06-18 20:53:52,REAL,2701393585,10254,2701403839,2701403839
2025-06-18 20:53:54,REAL,2701403839,6486,2701410325,2701410325
2025-06-18 20:53:56,REAL,2701410325,543,2701410868,2701410868
2025-06-18 20:53:58,REAL,2701410868,484,2701411352,2701411352
2025-06-18 20:54:00,REAL,2701411352,487,2701411839,2701411839
2025-06-18 20:54:02,REAL,2701411839,536,2701412375,2701412375
2025-06-18 20:54:04,REAL,2701412375,485,2701412860,2701412860
2025-06-18 20:54:06,REAL,2701412860,478,2701413338,2701413338
2025-06-18 20:54:08,REAL,2701413338,491,2701413829,2701413829
2025-06-18 20:54:10,REAL,2701413829,479,2701414308,2701414308
2025-06-18 20:54:12,REAL,2701414308,480,2701414788,2701414788
2025-06-18 20:54:14,REAL,2701414788,482,2701415270,2701415270
2025-06-18 20:54:16,REAL,2701415270,485,2701415755,2701415755
2025-06-18 20:54:18,REAL,2701415755,487,2701416242,2701416242
2025-06-18 20:54:20,REAL,2701416242,479,2701416721,2701416721
2025-06-18 20:54:22,REAL,2701416721,491,2701417212,2701417212
2025-06-18 20:54:24,REAL,2701417212,479,2701417691,2701417691
2025-06-18 20:54:26,REAL,2701417691,537,2701418228,2701418228
2025-06-18 20:54:28,REAL,2701418228,475,2701418703,2701418703
2025-06-18 20:54:30,REAL,2701418703,476,2701419179,2701419179
2025-06-18 20:54:32,REAL,2701419179,489,2701419668,2701419668
2025-06-18 20:54:34,REAL,2701419668,481,2701420149,2701420149
2025-06-18 20:54:36,REAL,2701420149,484,2701420633,2701420633
2025-06-18 20:54:38,REAL,2701420633,488,2701421121,2701421121
2025-06-18 20:54:40,REAL,2701421121,489,2701421610,2701421610
2025-06-18 20:54:42,REAL,2701421610,476,2701422086,2701422086
2025-06-18 20:54:44,REAL,2701422086,487,2701422573,2701422573
2025-06-18 20:54:46,REAL,2701422573,488,2701423061,2701423061
2025-06-18 20:54:48,REAL,2701423061,546,2701423607,2701423607
2025-06-18 20:54:50,REAL,2701423607,482,2701424089,2701424089
2025-06-18 20:54:52,REAL,2701424089,547,2701424636,2701424636
2025-06-18 20:54:54,REAL,2701424636,482,2701425118,2701425118
2025-06-18 20:54:56,REAL,2701425118,485,2701425603,2701425603
2025-06-18 20:54:58,REAL,2701425603,486,2701426089,2701426089
2025-06-18 20:55:00,REAL,2701426089,492,2701426581,2701426581
2025-06-18 20:55:02,REAL,2701426581,490,2701427071,2701427071
2025-06-18 20:55:04,REAL,2701427071,491,2701427562,2701427562
2025-06-18 20:55:06,REAL,2701427562,484,2701428046,2701428046
2025-06-18 20:55:08,REAL,2701428046,477,2701428523,2701428523
2025-06-18 20:55:10,REAL,2701428523,480,2701429003,2701429003
2025-06-18 20:55:12,REAL,2701429003,483,2701429486,2701429486
2025-06-18 20:55:14,REAL,2701429486,486,2701429972,2701429972
2025-06-18 20:55:16,REAL,2701429972,488,2701430460,2701430460
2025-06-18 20:55:18,REAL,2701430460,541,2701431001,2701431001
2025-06-18 20:55:20,REAL,2701431001,486,2701431487,2701431487
2025-06-18 20:55:22,REAL,2701431487,486,2701431973,2701431973
2025-06-18 20:55:24,REAL,2701431973,480,2701432453,2701432453
2025-06-18 20:55:26,REAL,2701432453,490,2701432943,2701432943
2025-06-18 20:55:28,REAL,2701432943,491,2701433434,2701433434
2025-06-18 20:55:30,REAL,2701433434,490,2701433924,2701433924
2025-06-18 20:55:32,REAL,2701433924,479,2701434403,2701434403
2025-06-18 20:55:34,REAL,2701434403,480,2701434883,2701434883
2025-06-18 20:55:36,REAL,2701434883,485,2701435368,2701435368
2025-06-18 20:55:38,REAL,2701435368,540,2701435908,2701435908
2025-06-18 20:55:40,REAL,2701435908,483,2701436391,2701436391
2025-06-18 20:55:42,REAL,2701436391,482,2701436873,2701436873
2025-06-18 20:55:44,REAL,2701436873,537,2701437410,2701437410
2025-06-18 20:55:46,REAL,2701437410,481,2701437891,2701437891
2025-06-18 20:55:48,REAL,2701437891,494,2701438385,2701438385
2025-06-18 20:55:50,REAL,2701438385,480,2701438865,2701438865
2025-06-18 20:55:52,REAL,2701438865,490,2701439355,2701439355
2025-06-18 20:55:54,REAL,2701439355,478,2701439833,2701439833
2025-06-18 20:55:56,REAL,2701439833,483,2701440316,2701440316
2025-06-18 20:55:58,REAL,2701440316,493,2701440809,2701440809
2025-06-18 20:56:00,REAL,2701440809,474,2701441283,2701441283
2025-06-18 20:56:02,REAL,2701441283,482,2701441765,2701441765
2025-06-18 20:56:04,REAL,2701441765,482,2701442247,2701442247
2025-06-18 20:56:06,REAL,2701442247,475,2701442722,2701442722
2025-06-18 20:56:08,REAL,2701442722,532,2701443254,2701443254
2025-06-18 20:56:10,REAL,2701443254,490,2701443744,2701443744
2025-06-18 20:56:12,REAL,2701443744,485,2701444229,2701444229
2025-06-18 20:56:14,REAL,2701444229,483,2701444712,2701444712
2025-06-18 20:56:16,REAL,2701444712,484,2701445196,2701445196
2025-06-18 20:56:18,REAL,2701445196,479,2701445675,2701445675
2025-06-18 20:56:20,REAL,2701445675,488,2701446163,2701446163
2025-06-18 20:56:22,REAL,2701446163,493,2701446656,2701446656
2025-06-18 20:56:24,REAL,2701446656,483,2701447139,2701447139
2025-06-18 20:56:26,REAL,2701447139,483,2701447622,2701447622
2025-06-18 20:56:28,REAL,2701447622,479,2701448101,2701448101
2025-06-18 20:56:30,REAL,2701448101,542,2701448643,2701448643
2025-06-18 20:56:32,REAL,2701448643,489,2701449132,2701449132
2025-06-18 20:56:34,REAL,2701449132,540,2701449672,2701449672
2025-06-18 20:56:36,REAL,2701449672,494,2701450166,2701450166
2025-06-18 20:56:38,REAL,2701450166,485,2701450651,2701450651
2025-06-18 20:56:40,REAL,2701450651,484,2701451135,2701451135
2025-06-18 20:56:42,REAL,2701451135,482,2701451617,2701451617
2025-06-18 20:56:44,REAL,2701451617,484,2701452101,2701452101
2025-06-18 20:56:46,REAL,2701452101,482,2701452583,2701452583
2025-06-18 20:56:48,REAL,2701452583,484,2701453067,2701453067
2025-06-18 20:56:50,REAL,2701453067,481,2701453548,2701453548
2025-06-18 20:56:52,REAL,2701453548,477,2701454025,2701454025
2025-06-18 20:56:54,REAL,2701454025,482,2701454507,2701454507
2025-06-18 20:56:56,REAL,2701454507,492,2701454999,2701454999
2025-06-18 20:56:58,REAL,2701454999,485,2701455484,2701455484
2025-06-18 20:57:00,REAL,2701455484,550,2701456034,2701456034
2025-06-18 20:57:02,REAL,2701456034,484,2701456518,2701456518
2025-06-18 20:57:04,REAL,2701456518,481,2701456999,2701456999
2025-06-18 20:57:06,REAL,2701456999,485,2701457484,2701457484
2025-06-18 20:57:08,REAL,2701457484,488,2701457972,2701457972
2025-06-18 20:57:10,REAL,2701457972,482,2701458454,2701458454
2025-06-18 20:57:12,REAL,2701458454,493,2701458947,2701458947
2025-06-18 20:57:14,REAL,2701458947,475,2701459422,2701459422
2025-06-18 20:57:16,REAL,2701459422,479,2701459901,2701459901
2025-06-18 20:57:18,REAL,2701459901,539,2701460440,2701460440
2025-06-18 20:57:20,REAL,2701460440,492,2701460932,2701460932
2025-06-18 20:57:22,REAL,2701460932,475,2701461407,2701461407
2025-06-18 20:57:24,REAL,2701461407,536,2701461943,2701461943
2025-06-18 20:57:26,REAL,2701461943,475,2701462418,2701462418
2025-06-18 20:57:28,REAL,2701462418,485,2701462903,2701462903
2025-06-18 20:57:30,REAL,2701462903,486,2701463389,2701463389
2025-06-18 20:57:32,REAL,2701463389,488,2701463877,2701463877
2025-06-18 20:57:34,REAL,2701463877,487,2701464364,2701464364
2025-06-18 20:57:36,REAL,2701464364,481,2701464845,2701464845
2025-06-18 20:57:38,REAL,2701464845,480,2701465325,2701465325
2025-06-18 20:57:40,REAL,2701465325,484,2701465809,2701465809
2025-06-18 20:57:42,REAL,2701465809,488,2701466297,2701466297
2025-06-18 20:57:44,REAL,2701466297,481,2701466778,2701466778
2025-06-18 20:57:46,REAL,2701466778,478,2701467256,2701467256
2025-06-18 20:57:48,REAL,2701467256,483,2701467739,2701467739
2025-06-18 20:57:50,REAL,2701467739,541,2701468280,2701468280
2025-06-18 20:57:52,REAL,2701468280,482,2701468762,2701468762
2025-06-18 20:57:54,REAL,2701468762,479,2701469241,2701469241
2025-06-18 20:57:56,REAL,2701469241,482,2701469723,2701469723
2025-06-18 20:57:58,REAL,2701469723,484,2701470207,2701470207
2025-06-18 20:58:00,REAL,2701470207,485,2701470692,2701470692
2025-06-18 20:58:02,REAL,2701470692,491,2701471183,2701471183
2025-06-18 20:58:04,REAL,2701471183,490,2701471673,2701471673
2025-06-18 20:58:06,REAL,2701471673,477,2701472150,2701472150
2025-06-18 20:58:08,REAL,2701472150,544,2701472694,2701472694
2025-06-18 20:58:10,REAL,2701472694,483,2701473177,2701473177
2025-06-18 20:58:12,REAL,2701473177,491,2701473668,2701473668
2025-06-18 20:58:14,REAL,2701473668,486,2701474154,2701474154
2025-06-18 20:58:16,REAL,2701474154,540,2701474694,2701474694
2025-06-18 20:58:18,REAL,2701474694,488,2701475182,2701475182
2025-06-18 20:58:20,REAL,2701475182,488,2701475670,2701475670
2025-06-18 20:58:22,REAL,2701475670,484,2701476154,2701476154
2025-06-18 20:58:24,REAL,2701476154,492,2701476646,2701476646
2025-06-18 20:58:26,REAL,2701476646,486,2701477132,2701477132
2025-06-18 20:58:28,REAL,2701477132,485,2701477617,2701477617
2025-06-18 20:58:30,REAL,2701477617,480,2701478097,2701478097
2025-06-18 20:58:32,REAL,2701478097,476,2701478573,2701478573
2025-06-18 20:58:34,REAL,2701478573,485,2701479058,2701479058
2025-06-18 20:58:36,REAL,2701479058,5576,2701484634,2701484634
2025-06-18 20:58:38,REAL,2701484634,11044,2701495678,2701495678
2025-06-18 20:58:40,REAL,2701495678,10257,2701505935,2701505935
2025-06-18 20:58:42,REAL,2701505935,10311,2701516246,2701516246
2025-06-18 20:58:44,REAL,2701516246,10251,2701526497,2701526497
2025-06-18 20:58:46,REAL,2701526497,10250,2701536747,2701536747
2025-06-18 20:58:48,REAL,2701536747,10244,2701546991,2701546991
2025-06-18 20:58:50,REAL,2701546991,10316,2701557307,2701557307
2025-06-18 20:58:52,REAL,2701557307,949,2701558256,2701558256
2025-06-18 20:58:54,REAL,2701558256,550,2701558806,2701558806
2025-06-18 20:58:56,REAL,2701558806,484,2701559290,2701559290
2025-06-18 20:58:58,REAL,2701559290,488,2701559778,2701559778
2025-06-18 20:59:00,REAL,2701559778,542,2701560320,2701560320
2025-06-18 20:59:02,REAL,2701560320,482,2701560802,2701560802
2025-06-18 20:59:04,REAL,2701560802,475,2701561277,2701561277
2025-06-18 20:59:06,REAL,2701561277,481,2701561758,2701561758
2025-06-18 20:59:08,REAL,2701561758,7557,2701569315,2701569315
2025-06-18 20:59:10,REAL,2701569315,10781,2701580096,2701580096
2025-06-18 20:59:12,REAL,2701580096,10249,2701590345,2701590345
2025-06-18 20:59:14,REAL,2701590345,10314,2701600659,2701600659
2025-06-18 20:59:16,REAL,2701600659,10181,2701610840,2701610840
2025-06-18 20:59:18,REAL,2701610840,10315,2701621155,2701621155
2025-06-18 20:59:20,REAL,2701621155,10247,2701631402,2701631402
2025-06-18 20:59:22,REAL,2701631402,10056,2701641458,2701641458
2025-06-18 20:59:24,REAL,2701641458,490,2701641948,2701641948
2025-06-18 20:59:26,REAL,2701641948,489,2701642437,2701642437
2025-06-18 20:59:28,REAL,2701642437,491,2701642928,2701642928
2025-06-18 20:59:30,REAL,2701642928,484,2701643412,2701643412
2025-06-18 20:59:32,REAL,2701643412,484,2701643896,2701643896
2025-06-18 20:59:34,REAL,2701643896,493,2701644389,2701644389
2025-06-18 20:59:36,REAL,2701644389,489,2701644878,2701644878
2025-06-18 20:59:38,REAL,2701644878,493,2701645371,2701645371
2025-06-18 20:59:40,REAL,2701645371,485,2701645856,2701645856
2025-06-18 20:59:42,REAL,2701645856,489,2701646345,2701646345
2025-06-18 20:59:44,REAL,2701646345,545,2701646890,2701646890
2025-06-18 20:59:46,REAL,2701646890,478,2701647368,2701647368
2025-06-18 20:59:48,REAL,2701647368,488,2701647856,2701647856
2025-06-18 20:59:50,REAL,2701647856,478,2701648334,2701648334
2025-06-18 20:59:52,REAL,2701648334,481,2701648815,2701648815
2025-06-18 20:59:54,REAL,2701648815,480,2701649295,2701649295
2025-06-18 20:59:56,REAL,2701649295,542,2701649837,2701649837
2025-06-18 20:59:58,REAL,2701649837,491,2701650328,2701650328
2025-06-18 21:00:00,REAL,2701650328,475,2701650803,2701650803
2025-06-18 21:00:02,REAL,2701650803,480,2701651283,2701651283
2025-06-18 21:00:04,REAL,2701651283,485,2701651768,2701651768
2025-06-18 21:00:06,REAL,2701651768,490,2701652258,2701652258
2025-06-18 21:00:08,REAL,2701652258,481,2701652739,2701652739
2025-06-18 21:00:10,REAL,2701652739,486,2701653225,2701653225
2025-06-18 21:00:12,REAL,2701653225,7545,2701660770,2701660770
2025-06-18 21:00:14,REAL,2701660770,10711,2701671481,2701671481
2025-06-18 21:00:16,REAL,2701671481,10253,2701681734,2701681734
2025-06-18 21:00:18,REAL,2701681734,10252,2701691986,2701691986
2025-06-18 21:00:20,REAL,2701691986,10256,2701702242,2701702242
2025-06-18 21:00:22,REAL,2701702242,10255,2701712497,2701712497
2025-06-18 21:00:24,REAL,2701712497,10257,2701722754,2701722754
2025-06-18 21:00:26,REAL,2701722754,8873,2701731627,2701731627
2025-06-18 21:00:28,REAL,2701731627,482,2701732109,2701732109
2025-06-18 21:00:30,REAL,2701732109,532,2701732641,2701732641
2025-06-18 21:00:32,REAL,2701732641,475,2701733116,2701733116
2025-06-18 21:00:34,REAL,2701733116,480,2701733596,2701733596
2025-06-18 21:00:36,REAL,2701733596,487,2701734083,2701734083
2025-06-18 21:00:38,REAL,2701734083,484,2701734567,2701734567
2025-06-18 21:00:40,REAL,2701734567,481,2701735048,2701735048
2025-06-18 21:00:42,REAL,2701735048,485,2701735533,2701735533
2025-06-18 21:00:44,REAL,2701735533,8613,2701744146,2701744146
2025-06-18 21:00:46,REAL,2701744146,10715,2701754861,2701754861
2025-06-18 21:00:48,REAL,2701754861,10244,2701765105,2701765105
2025-06-18 21:00:50,REAL,2701765105,10254,2701775359,2701775359
2025-06-18 21:00:52,REAL,2701775359,10323,2701785682,2701785682
2025-06-18 21:00:54,REAL,2701785682,10259,2701795941,2701795941
2025-06-18 21:00:56,REAL,2701795941,10254,2701806195,2701806195
2025-06-18 21:00:58,REAL,2701806195,8270,2701814465,2701814465
2025-06-18 21:01:00,REAL,2701814465,483,2701814948,2701814948
2025-06-18 21:01:02,REAL,2701814948,486,2701815434,2701815434
2025-06-18 21:01:04,REAL,2701815434,483,2701815917,2701815917
2025-06-18 21:01:06,REAL,2701815917,477,2701816394,2701816394
2025-06-18 21:01:08,REAL,2701816394,485,2701816879,2701816879
2025-06-18 21:01:10,REAL,2701816879,487,2701817366,2701817366
2025-06-18 21:01:12,REAL,2701817366,484,2701817850,2701817850
2025-06-18 21:01:14,REAL,2701817850,483,2701818333,2701818333
2025-06-18 21:01:16,REAL,2701818333,538,2701818871,2701818871
2025-06-18 21:01:18,REAL,2701818871,476,2701819347,2701819347
2025-06-18 21:01:20,REAL,2701819347,485,2701819832,2701819832
2025-06-18 21:01:22,REAL,2701819832,489,2701820321,2701820321
2025-06-18 21:01:24,REAL,2701820321,482,2701820803,2701820803
2025-06-18 21:01:26,REAL,2701820803,482,2701821285,2701821285
2025-06-18 21:01:28,REAL,2701821285,487,2701821772,2701821772
2025-06-18 21:01:30,REAL,2701821772,536,2701822308,2701822308
2025-06-18 21:01:32,REAL,2701822308,478,2701822786,2701822786
2025-06-18 21:01:34,REAL,2701822786,484,2701823270,2701823270
2025-06-18 21:01:36,REAL,2701823270,481,2701823751,2701823751
2025-06-18 21:01:38,REAL,2701823751,489,2701824240,2701824240
2025-06-18 21:01:40,REAL,2701824240,478,2701824718,2701824718
2025-06-18 21:01:42,REAL,2701824718,481,2701825199,2701825199
2025-06-18 21:01:44,REAL,2701825199,493,2701825692,2701825692
2025-06-18 21:01:46,REAL,2701825692,479,2701826171,2701826171
2025-06-18 21:01:48,REAL,2701826171,485,2701826656,2701826656
2025-06-18 21:01:50,REAL,2701826656,482,2701827138,2701827138
2025-06-18 21:01:52,REAL,2701827138,487,2701827625,2701827625
2025-06-18 21:01:54,REAL,2701827625,484,2701828109,2701828109
2025-06-18 21:01:56,REAL,2701828109,486,2701828595,2701828595
2025-06-18 21:01:58,REAL,2701828595,487,2701829082,2701829082
2025-06-18 21:02:00,REAL,2701829082,478,2701829560,2701829560
2025-06-18 21:02:02,REAL,2701829560,477,2701830037,2701830037
2025-06-18 21:02:04,REAL,2701830037,544,2701830581,2701830581
2025-06-18 21:02:06,REAL,2701830581,484,2701831065,2701831065
2025-06-18 21:02:08,REAL,2701831065,482,2701831547,2701831547
2025-06-18 21:02:10,REAL,2701831547,486,2701832033,2701832033
2025-06-18 21:02:12,REAL,2701832033,480,2701832513,2701832513
2025-06-18 21:02:14,REAL,2701832513,482,2701832995,2701832995
2025-06-18 21:02:16,REAL,2701832995,494,2701833489,2701833489
2025-06-18 21:02:18,REAL,2701833489,540,2701834029,2701834029
2025-06-18 21:02:20,REAL,2701834029,483,2701834512,2701834512
2025-06-18 21:02:22,REAL,2701834512,476,2701834988,2701834988
2025-06-18 21:02:24,REAL,2701834988,238,2701835226,2701835226
2025-06-18 21:02:26,REAL,2701835226,488,2701835714,2701835714
2025-06-18 21:02:28,REAL,2701835714,488,2701836202,2701836202
2025-06-18 21:02:30,REAL,2701836202,477,2701836679,2701836679
2025-06-18 21:02:32,REAL,2701836679,486,2701837165,2701837165
2025-06-18 21:02:34,REAL,2701837165,480,2701837645,2701837645
2025-06-18 21:02:36,REAL,2701837645,488,2701838133,2701838133
2025-06-18 21:02:38,REAL,2701838133,481,2701838614,2701838614
2025-06-18 21:02:40,REAL,2701838614,492,2701839106,2701839106
2025-06-18 21:02:42,REAL,2701839106,479,2701839585,2701839585
2025-06-18 21:02:44,REAL,2701839585,478,2701840063,2701840063
2025-06-18 21:02:46,REAL,2701840063,486,2701840549,2701840549
2025-06-18 21:02:48,REAL,2701840549,486,2701841035,2701841035
2025-06-18 21:02:50,REAL,2701841035,486,2701841521,2701841521
2025-06-18 21:02:52,REAL,2701841521,538,2701842059,2701842059
2025-06-18 21:02:54,REAL,2701842059,483,2701842542,2701842542
2025-06-18 21:02:56,REAL,2701842542,487,2701843029,2701843029
2025-06-18 21:02:58,REAL,2701843029,484,2701843513,2701843513
2025-06-18 21:03:00,REAL,2701843513,476,2701843989,2701843989
2025-06-18 21:03:02,REAL,2701843989,485,2701844474,2701844474
2025-06-18 21:03:04,REAL,2701844474,539,2701845013,2701845013
2025-06-18 21:03:06,REAL,2701845013,486,2701845499,2701845499
2025-06-18 21:03:08,REAL,2701845499,480,2701845979,2701845979
2025-06-18 21:03:10,REAL,2701845979,487,2701846466,2701846466
2025-06-18 21:03:12,REAL,2701846466,484,2701846950,2701846950
2025-06-18 21:03:14,REAL,2701846950,485,2701847435,2701847435
2025-06-18 21:03:16,REAL,2701847435,487,2701847922,2701847922
2025-06-18 21:03:18,REAL,2701847922,482,2701848404,2701848404
2025-06-18 21:03:20,REAL,2701848404,484,2701848888,2701848888
2025-06-18 21:03:22,REAL,2701848888,486,2701849374,2701849374
2025-06-18 21:03:24,REAL,2701849374,486,2701849860,2701849860
2025-06-18 21:03:26,REAL,2701849860,490,2701850350,2701850350
2025-06-18 21:03:28,REAL,2701850350,482,2701850832,2701850832
2025-06-18 21:03:30,REAL,2701850832,482,2701851314,2701851314
2025-06-18 21:03:32,REAL,2701851314,480,2701851794,2701851794
2025-06-18 21:03:34,REAL,2701851794,537,2701852331,2701852331
2025-06-18 21:03:36,REAL,2701852331,489,2701852820,2701852820
2025-06-18 21:03:38,REAL,2701852820,480,2701853300,2701853300
2025-06-18 21:03:40,REAL,2701853300,485,2701853785,2701853785
2025-06-18 21:03:42,REAL,2701853785,476,2701854261,2701854261
2025-06-18 21:03:44,REAL,2701854261,477,2701854738,2701854738
2025-06-18 21:03:46,REAL,2701854738,478,2701855216,2701855216
2025-06-18 21:03:48,REAL,2701855216,494,2701855710,2701855710
2025-06-18 21:03:50,REAL,2701855710,486,2701856196,2701856196
2025-06-18 21:03:52,REAL,2701856196,541,2701856737,2701856737
2025-06-18 21:03:54,REAL,2701856737,482,2701857219,2701857219
2025-06-18 21:03:56,REAL,2701857219,484,2701857703,2701857703
2025-06-18 21:03:58,REAL,2701857703,492,2701858195,2701858195
2025-06-18 21:04:00,REAL,2701858195,475,2701858670,2701858670
2025-06-18 21:04:02,REAL,2701858670,483,2701859153,2701859153
2025-06-18 21:04:04,REAL,2701859153,482,2701859635,2701859635
2025-06-18 21:04:06,REAL,2701859635,479,2701860114,2701860114
2025-06-18 21:04:08,REAL,2701860114,486,2701860600,2701860600
2025-06-18 21:04:10,REAL,2701860600,1744,2701862344,2701862344
2025-06-18 21:04:12,REAL,2701862344,14539,2701876883,2701876883
2025-06-18 21:04:14,REAL,2701876883,10315,2701887198,2701887198
2025-06-18 21:04:16,REAL,2701887198,10245,2701897443,2701897443
2025-06-18 21:04:18,REAL,2701897443,10306,2701907749,2701907749
2025-06-18 21:04:20,REAL,2701907749,10322,2701918071,2701918071
2025-06-18 21:04:22,REAL,2701918071,10252,2701928323,2701928323
2025-06-18 21:04:24,REAL,2701928323,10248,2701938571,2701938571
2025-06-18 21:04:26,REAL,2701938571,4185,2701942756,2701942756
2025-06-18 21:04:28,REAL,2701942756,484,2701943240,2701943240
2025-06-18 21:04:30,REAL,2701943240,483,2701943723,2701943723
2025-06-18 21:04:32,REAL,2701943723,475,2701944198,2701944198
2025-06-18 21:04:34,REAL,2701944198,478,2701944676,2701944676
2025-06-18 21:04:36,REAL,2701944676,487,2701945163,2701945163
2025-06-18 21:04:38,REAL,2701945163,492,2701945655,2701945655
2025-06-18 21:04:40,REAL,2701945655,491,2701946146,2701946146
2025-06-18 21:04:42,REAL,2701946146,542,2701946688,2701946688
2025-06-18 21:04:44,REAL,2701946688,479,2701947167,2701947167
2025-06-18 21:04:46,REAL,2701947167,490,2701947657,2701947657
2025-06-18 21:04:48,REAL,2701947657,487,2701948144,2701948144
2025-06-18 21:04:50,REAL,2701948144,486,2701948630,2701948630
2025-06-18 21:04:52,REAL,2701948630,485,2701949115,2701949115
2025-06-18 21:04:54,REAL,2701949115,493,2701949608,2701949608
2025-06-18 21:04:56,REAL,2701949608,484,2701950092,2701950092
2025-06-18 21:04:58,REAL,2701950092,488,2701950580,2701950580
2025-06-18 21:05:00,REAL,2701950580,543,2701951123,2701951123
2025-06-18 21:05:02,REAL,2701951123,489,2701951612,2701951612
2025-06-18 21:05:04,REAL,2701951612,483,2701952095,2701952095
2025-06-18 21:05:06,REAL,2701952095,484,2701952579,2701952579
2025-06-18 21:05:08,REAL,2701952579,483,2701953062,2701953062
2025-06-18 21:05:10,REAL,2701953062,485,2701953547,2701953547
2025-06-18 21:05:12,REAL,2701953547,483,2701954030,2701954030
2025-06-18 21:05:14,REAL,2701954030,487,2701954517,2701954517
2025-06-18 21:05:16,REAL,2701954517,540,2701955057,2701955057
2025-06-18 21:05:18,REAL,2701955057,488,2701955545,2701955545
2025-06-18 21:05:20,REAL,2701955545,485,2701956030,2701956030
2025-06-18 21:05:22,REAL,2701956030,485,2701956515,2701956515
2025-06-18 21:05:24,REAL,2701956515,487,2701957002,2701957002
2025-06-18 21:05:26,REAL,2701957002,489,2701957491,2701957491
2025-06-18 21:05:28,REAL,2701957491,485,2701957976,2701957976
2025-06-18 21:05:30,REAL,2701957976,483,2701958459,2701958459
2025-06-18 21:05:32,REAL,2701958459,490,2701958949,2701958949
2025-06-18 21:05:34,REAL,2701958949,491,2701959440,2701959440
2025-06-18 21:05:36,REAL,2701959440,477,2701959917,2701959917
2025-06-18 21:05:38,REAL,2701959917,491,2701960408,2701960408
2025-06-18 21:05:40,REAL,2701960408,484,2701960892,2701960892
2025-06-18 21:05:42,REAL,2701960892,477,2701961369,2701961369
2025-06-18 21:05:44,REAL,2701961369,534,2701961903,2701961903
2025-06-18 21:05:46,REAL,2701961903,4189,2701966092,2701966092
2025-06-18 21:05:48,REAL,2701966092,11635,2701977727,2701977727
2025-06-18 21:05:50,REAL,2701977727,10245,2701987972,2701987972
2025-06-18 21:05:52,REAL,2701987972,10254,2701998226,2701998226
2025-06-18 21:05:54,REAL,2701998226,10324,2702008550,2702008550
2025-06-18 21:05:56,REAL,2702008550,10260,2702018810,2702018810
2025-06-18 21:05:58,REAL,2702018810,10247,2702029057,2702029057
2025-06-18 21:06:00,REAL,2702029057,10256,2702039313,2702039313
2025-06-18 21:06:02,REAL,2702039313,2265,2702041578,2702041578
2025-06-18 21:06:04,REAL,2702041578,482,2702042060,2702042060
2025-06-18 21:06:06,REAL,2702042060,493,2702042553,2702042553
2025-06-18 21:06:08,REAL,2702042553,481,2702043034,2702043034
2025-06-18 21:06:10,REAL,2702043034,484,2702043518,2702043518
2025-06-18 21:06:12,REAL,2702043518,481,2702043999,2702043999
2025-06-18 21:06:14,REAL,2702043999,479,2702044478,2702044478
2025-06-18 21:06:16,REAL,2702044478,484,2702044962,2702044962
2025-06-18 21:06:18,REAL,2702044962,4978,2702049940,2702049940
2025-06-18 21:06:20,REAL,2702049940,14006,2702063946,2702063946
2025-06-18 21:06:22,REAL,2702063946,10246,2702074192,2702074192
2025-06-18 21:06:24,REAL,2702074192,10323,2702084515,2702084515
2025-06-18 21:06:26,REAL,2702084515,10310,2702094825,2702094825
2025-06-18 21:06:28,REAL,2702094825,10315,2702105140,2702105140
2025-06-18 21:06:30,REAL,2702105140,10251,2702115391,2702115391
2025-06-18 21:06:32,REAL,2702115391,10318,2702125709,2702125709
2025-06-18 21:06:34,REAL,2702125709,1611,2702127320,2702127320
2025-06-18 21:06:36,REAL,2702127320,475,2702127795,2702127795
2025-06-18 21:06:38,REAL,2702127795,483,2702128278,2702128278
2025-06-18 21:06:40,REAL,2702128278,486,2702128764,2702128764
2025-06-18 21:06:42,REAL,2702128764,485,2702129249,2702129249
2025-06-18 21:06:44,REAL,2702129249,478,2702129727,2702129727
2025-06-18 21:06:46,REAL,2702129727,474,2702130201,2702130201
2025-06-18 21:06:48,REAL,2702130201,482,2702130683,2702130683
2025-06-18 21:06:50,REAL,2702130683,6160,2702136843,2702136843
2025-06-18 21:06:52,REAL,2702136843,13810,2702150653,2702150653
2025-06-18 21:06:54,REAL,2702150653,10318,2702160971,2702160971
2025-06-18 21:06:56,REAL,2702160971,10253,2702171224,2702171224
2025-06-18 21:06:58,REAL,2702171224,10250,2702181474,2702181474
2025-06-18 21:07:00,REAL,2702181474,10315,2702191789,2702191789
2025-06-18 21:07:02,REAL,2702191789,10255,2702202044,2702202044
2025-06-18 21:07:04,REAL,2702202044,10260,2702212304,2702212304
2025-06-18 21:07:06,REAL,2702212304,1006,2702213310,2702213310
2025-06-18 21:07:08,REAL,2702213310,482,2702213792,2702213792
2025-06-18 21:07:10,REAL,2702213792,533,2702214325,2702214325
2025-06-18 21:07:12,REAL,2702214325,483,2702214808,2702214808
2025-06-18 21:07:14,REAL,2702214808,490,2702215298,2702215298
2025-06-18 21:07:16,REAL,2702215298,487,2702215785,2702215785
2025-06-18 21:07:18,REAL,2702215785,480,2702216265,2702216265
2025-06-18 21:07:20,REAL,2702216265,485,2702216750,2702216750
2025-06-18 21:07:22,REAL,2702216750,6489,2702223239,2702223239
2025-06-18 21:07:24,REAL,2702223239,11043,2702234282,2702234282
2025-06-18 21:07:26,REAL,2702234282,10254,2702244536,2702244536
2025-06-18 21:07:28,REAL,2702244536,10248,2702254784,2702254784
2025-06-18 21:07:30,REAL,2702254784,10261,2702265045,2702265045
2025-06-18 21:07:32,REAL,2702265045,10251,2702275296,2702275296
2025-06-18 21:07:34,REAL,2702275296,10250,2702285546,2702285546
2025-06-18 21:07:36,REAL,2702285546,10189,2702295735,2702295735
2025-06-18 21:07:38,REAL,2702295735,478,2702296213,2702296213
2025-06-18 21:07:40,REAL,2702296213,489,2702296702,2702296702
2025-06-18 21:07:42,REAL,2702296702,486,2702297188,2702297188
2025-06-18 21:07:44,REAL,2702297188,484,2702297672,2702297672
2025-06-18 21:07:46,REAL,2702297672,482,2702298154,2702298154
2025-06-18 21:07:48,REAL,2702298154,494,2702298648,2702298648
2025-06-18 21:07:50,REAL,2702298648,478,2702299126,2702299126
2025-06-18 21:07:52,REAL,2702299126,544,2702299670,2702299670
2025-06-18 21:07:54,REAL,2702299670,492,2702300162,2702300162
2025-06-18 21:07:56,REAL,2702300162,538,2702300700,2702300700
2025-06-18 21:07:58,REAL,2702300700,492,2702301192,2702301192
2025-06-18 21:08:00,REAL,2702301192,485,2702301677,2702301677
2025-06-18 21:08:02,REAL,2702301677,485,2702302162,2702302162
2025-06-18 21:08:04,REAL,2702302162,488,2702302650,2702302650
2025-06-18 21:08:06,REAL,2702302650,484,2702303134,2702303134
2025-06-18 21:08:08,REAL,2702303134,477,2702303611,2702303611
2025-06-18 21:08:10,REAL,2702303611,489,2702304100,2702304100
2025-06-18 21:08:12,REAL,2702304100,476,2702304576,2702304576
2025-06-18 21:08:14,REAL,2702304576,481,2702305057,2702305057
2025-06-18 21:08:16,REAL,2702305057,479,2702305536,2702305536
2025-06-18 21:08:18,REAL,2702305536,485,2702306021,2702306021
2025-06-18 21:08:20,REAL,2702306021,492,2702306513,2702306513
2025-06-18 21:08:22,REAL,2702306513,480,2702306993,2702306993
2025-06-18 21:08:24,REAL,2702306993,482,2702307475,2702307475
2025-06-18 21:08:26,REAL,2702307475,7296,2702314771,2702314771
2025-06-18 21:08:28,REAL,2702314771,10777,2702325548,2702325548
2025-06-18 21:08:30,REAL,2702325548,10252,2702335800,2702335800
2025-06-18 21:08:32,REAL,2702335800,10250,2702346050,2702346050
2025-06-18 21:08:34,REAL,2702346050,10254,2702356304,2702356304
2025-06-18 21:08:36,REAL,2702356304,10256,2702366560,2702366560
2025-06-18 21:08:38,REAL,2702366560,10381,2702376941,2702376941
2025-06-18 21:08:40,REAL,2702376941,8923,2702385864,2702385864
2025-06-18 21:08:42,REAL,2702385864,483,2702386347,2702386347
2025-06-18 21:08:44,REAL,2702386347,474,2702386821,2702386821
2025-06-18 21:08:46,REAL,2702386821,488,2702387309,2702387309
2025-06-18 21:08:48,REAL,2702387309,477,2702387786,2702387786
2025-06-18 21:08:50,REAL,2702387786,484,2702388270,2702388270
2025-06-18 21:08:52,REAL,2702388270,485,2702388755,2702388755
2025-06-18 21:08:54,REAL,2702388755,483,2702389238,2702389238
2025-06-18 21:08:56,REAL,2702389238,474,2702389712,2702389712
2025-06-18 21:08:58,REAL,2702389712,9001,2702398713,2702398713
2025-06-18 21:09:00,REAL,2702398713,10646,2702409359,2702409359
2025-06-18 21:09:02,REAL,2702409359,10254,2702419613,2702419613
2025-06-18 21:09:04,REAL,2702419613,10252,2702429865,2702429865
2025-06-18 21:09:06,REAL,2702429865,10317,2702440182,2702440182
2025-06-18 21:09:08,REAL,2702440182,10185,2702450367,2702450367
2025-06-18 21:09:10,REAL,2702450367,10260,2702460627,2702460627
2025-06-18 21:09:12,REAL,2702460627,8335,2702468962,2702468962
2025-06-18 21:09:14,REAL,2702468962,483,2702469445,2702469445
2025-06-18 21:09:16,REAL,2702469445,488,2702469933,2702469933
2025-06-18 21:09:18,REAL,2702469933,478,2702470411,2702470411
2025-06-18 21:09:20,REAL,2702470411,484,2702470895,2702470895
2025-06-18 21:09:22,REAL,2702470895,548,2702471443,2702471443
2025-06-18 21:09:24,REAL,2702471443,494,2702471937,2702471937
2025-06-18 21:09:26,REAL,2702471937,481,2702472418,2702472418
2025-06-18 21:09:28,REAL,2702472418,484,2702472902,2702472902
2025-06-18 21:09:30,REAL,2702472902,9329,2702482231,2702482231
2025-06-18 21:09:32,REAL,2702482231,10582,2702492813,2702492813
2025-06-18 21:09:34,REAL,2702492813,10254,2702503067,2702503067
2025-06-18 21:09:36,REAL,2702503067,10246,2702513313,2702513313
2025-06-18 21:09:38,REAL,2702513313,10324,2702523637,2702523637
2025-06-18 21:09:40,REAL,2702523637,10257,2702533894,2702533894
2025-06-18 21:09:42,REAL,2702533894,10259,2702544153,2702544153
2025-06-18 21:09:44,REAL,2702544153,7677,2702551830,2702551830
2025-06-18 21:09:46,REAL,2702551830,475,2702552305,2702552305
2025-06-18 21:09:48,REAL,2702552305,483,2702552788,2702552788
2025-06-18 21:09:50,REAL,2702552788,485,2702553273,2702553273
2025-06-18 21:09:52,REAL,2702553273,482,2702553755,2702553755
2025-06-18 21:09:54,REAL,2702553755,482,2702554237,2702554237
2025-06-18 21:09:56,REAL,2702554237,487,2702554724,2702554724
2025-06-18 21:09:58,REAL,2702554724,478,2702555202,2702555202
2025-06-18 21:10:00,REAL,2702555202,481,2702555683,2702555683
2025-06-18 21:10:02,REAL,2702555683,10061,2702565744,2702565744
2025-06-18 21:10:04,REAL,2702565744,10581,2702576325,2702576325
2025-06-18 21:10:06,REAL,2702576325,10249,2702586574,2702586574
2025-06-18 21:10:08,REAL,2702586574,10305,2702596879,2702596879
2025-06-18 21:10:10,REAL,2702596879,10311,2702607190,2702607190
2025-06-18 21:10:12,REAL,2702607190,10254,2702617444,2702617444
2025-06-18 21:10:14,REAL,2702617444,10248,2702627692,2702627692
2025-06-18 21:10:16,REAL,2702627692,7090,2702634782,2702634782
2025-06-18 21:10:18,REAL,2702634782,484,2702635266,2702635266
2025-06-18 21:10:20,REAL,2702635266,479,2702635745,2702635745
2025-06-18 21:10:22,REAL,2702635745,483,2702636228,2702636228
2025-06-18 21:10:24,REAL,2702636228,481,2702636709,2702636709
2025-06-18 21:10:26,REAL,2702636709,482,2702637191,2702637191
2025-06-18 21:10:28,REAL,2702637191,480,2702637671,2702637671
2025-06-18 21:10:30,REAL,2702637671,477,2702638148,2702638148
2025-06-18 21:10:32,REAL,2702638148,544,2702638692,2702638692
2025-06-18 21:10:34,REAL,2702638692,486,2702639178,2702639178
2025-06-18 21:10:36,REAL,2702639178,487,2702639665,2702639665
2025-06-18 21:10:38,REAL,2702639665,484,2702640149,2702640149
2025-06-18 21:10:40,REAL,2702640149,486,2702640635,2702640635
2025-06-18 21:10:42,REAL,2702640635,485,2702641120,2702641120
2025-06-18 21:10:44,REAL,2702641120,493,2702641613,2702641613
2025-06-18 21:10:46,REAL,2702641613,483,2702642096,2702642096
2025-06-18 21:10:48,REAL,2702642096,487,2702642583,2702642583
2025-06-18 21:10:50,REAL,2702642583,484,2702643067,2702643067
2025-06-18 21:10:52,REAL,2702643067,540,2702643607,2702643607
2025-06-18 21:10:54,REAL,2702643607,5702,2702649309,2702649309
2025-06-18 21:10:56,REAL,2702649309,11304,2702660613,2702660613
2025-06-18 21:10:58,REAL,2702660613,10318,2702670931,2702670931
2025-06-18 21:11:00,REAL,2702670931,10255,2702681186,2702681186
2025-06-18 21:11:02,REAL,2702681186,10247,2702691433,2702691433
2025-06-18 21:11:04,REAL,2702691433,10312,2702701745,2702701745
2025-06-18 21:11:06,REAL,2702701745,10257,2702712002,2702712002
2025-06-18 21:11:08,REAL,2702712002,10252,2702722254,2702722254
2025-06-18 21:11:10,REAL,2702722254,1218,2702723472,2702723472
2025-06-18 21:11:12,REAL,2702723472,486,2702723958,2702723958
2025-06-18 21:11:14,REAL,2702723958,484,2702724442,2702724442
2025-06-18 21:11:16,REAL,2702724442,484,2702724926,2702724926
2025-06-18 21:11:18,REAL,2702724926,486,2702725412,2702725412
2025-06-18 21:11:20,REAL,2702725412,486,2702725898,2702725898
2025-06-18 21:11:22,REAL,2702725898,487,2702726385,2702726385
2025-06-18 21:11:24,REAL,2702726385,483,2702726868,2702726868
2025-06-18 21:11:26,REAL,2702726868,6096,2702732964,2702732964
2025-06-18 21:11:28,REAL,2702732964,11234,2702744198,2702744198
2025-06-18 21:11:30,REAL,2702744198,10261,2702754459,2702754459
2025-06-18 21:11:32,REAL,2702754459,10247,2702764706,2702764706
2025-06-18 21:11:34,REAL,2702764706,10317,2702775023,2702775023
2025-06-18 21:11:36,REAL,2702775023,10248,2702785271,2702785271
2025-06-18 21:11:38,REAL,2702785271,10308,2702795579,2702795579
2025-06-18 21:11:40,REAL,2702795579,10308,2702805887,2702805887
2025-06-18 21:11:42,REAL,2702805887,556,2702806443,2702806443
2025-06-18 21:11:44,REAL,2702806443,490,2702806933,2702806933
2025-06-18 21:11:46,REAL,2702806933,485,2702807418,2702807418
2025-06-18 21:11:48,REAL,2702807418,486,2702807904,2702807904
2025-06-18 21:11:50,REAL,2702807904,481,2702808385,2702808385
2025-06-18 21:11:52,REAL,2702808385,479,2702808864,2702808864
2025-06-18 21:11:54,REAL,2702808864,487,2702809351,2702809351
2025-06-18 21:11:56,REAL,2702809351,550,2702809901,2702809901
2025-06-18 21:11:58,REAL,2702809901,488,2702810389,2702810389
2025-06-18 21:12:00,REAL,2702810389,488,2702810877,2702810877
2025-06-18 21:12:02,REAL,2702810877,484,2702811361,2702811361
2025-06-18 21:12:04,REAL,2702811361,478,2702811839,2702811839
2025-06-18 21:12:06,REAL,2702811839,493,2702812332,2702812332
2025-06-18 21:12:08,REAL,2702812332,486,2702812818,2702812818
2025-06-18 21:12:10,REAL,2702812818,487,2702813305,2702813305
2025-06-18 21:12:12,REAL,2702813305,485,2702813790,2702813790
2025-06-18 21:12:14,REAL,2702813790,487,2702814277,2702814277
2025-06-18 21:12:16,REAL,2702814277,478,2702814755,2702814755
2025-06-18 21:12:18,REAL,2702814755,484,2702815239,2702815239
2025-06-18 21:12:20,REAL,2702815239,482,2702815721,2702815721
2025-06-18 21:12:22,REAL,2702815721,539,2702816260,2702816260
2025-06-18 21:12:24,REAL,2702816260,479,2702816739,2702816739
2025-06-18 21:12:26,REAL,2702816739,483,2702817222,2702817222
2025-06-18 21:12:28,REAL,2702817222,534,2702817756,2702817756
2025-06-18 21:12:30,REAL,2702817756,487,2702818243,2702818243
2025-06-18 21:12:32,REAL,2702818243,489,2702818732,2702818732
2025-06-18 21:12:34,REAL,2702818732,475,2702819207,2702819207
2025-06-18 21:12:36,REAL,2702819207,477,2702819684,2702819684
2025-06-18 21:12:38,REAL,2702819684,482,2702820166,2702820166
2025-06-18 21:12:40,REAL,2702820166,475,2702820641,2702820641
2025-06-18 21:12:42,REAL,2702820641,482,2702821123,2702821123
2025-06-18 21:12:44,REAL,2702821123,489,2702821612,2702821612
2025-06-18 21:12:46,REAL,2702821612,10260,2702831872,2702831872
2025-06-18 21:12:48,REAL,2702831872,11839,2702843711,2702843711
2025-06-18 21:12:50,REAL,2702843711,10252,2702853963,2702853963
2025-06-18 21:12:52,REAL,2702853963,10249,2702864212,2702864212
2025-06-18 21:12:54,REAL,2702864212,10248,2702874460,2702874460
2025-06-18 21:12:56,REAL,2702874460,10318,2702884778,2702884778
2025-06-18 21:12:58,REAL,2702884778,10257,2702895035,2702895035
2025-06-18 21:13:00,REAL,2702895035,8726,2702903761,2702903761
2025-06-18 21:13:02,REAL,2702903761,479,2702904240,2702904240
2025-06-18 21:13:04,REAL,2702904240,487,2702904727,2702904727
2025-06-18 21:13:06,REAL,2702904727,484,2702905211,2702905211
2025-06-18 21:13:08,REAL,2702905211,494,2702905705,2702905705
2025-06-18 21:13:10,REAL,2702905705,542,2702906247,2702906247
2025-06-18 21:13:12,REAL,2702906247,478,2702906725,2702906725
2025-06-18 21:13:14,REAL,2702906725,484,2702907209,2702907209
2025-06-18 21:13:16,REAL,2702907209,531,2702907740,2702907740
2025-06-18 21:13:18,REAL,2702907740,8741,2702916481,2702916481
2025-06-18 21:13:20,REAL,2702916481,10714,2702927195,2702927195
2025-06-18 21:13:22,REAL,2702927195,10248,2702937443,2702937443
2025-06-18 21:13:24,REAL,2702937443,10316,2702947759,2702947759
2025-06-18 21:13:26,REAL,2702947759,10247,2702958006,2702958006
2025-06-18 21:13:28,REAL,2702958006,10315,2702968321,2702968321
2025-06-18 21:13:30,REAL,2702968321,10250,2702978571,2702978571
2025-06-18 21:13:32,REAL,2702978571,8204,2702986775,2702986775
2025-06-18 21:13:34,REAL,2702986775,487,2702987262,2702987262
2025-06-18 21:13:36,REAL,2702987262,481,2702987743,2702987743
2025-06-18 21:13:38,REAL,2702987743,476,2702988219,2702988219
2025-06-18 21:13:40,REAL,2702988219,481,2702988700,2702988700
2025-06-18 21:13:42,REAL,2702988700,483,2702989183,2702989183
2025-06-18 21:13:44,REAL,2702989183,485,2702989668,2702989668
2025-06-18 21:13:46,REAL,2702989668,489,2702990157,2702990157
2025-06-18 21:13:48,REAL,2702990157,481,2702990638,2702990638
2025-06-18 21:13:50,REAL,2702990638,11191,2703001829,2703001829
2025-06-18 21:13:52,REAL,2703001829,11442,2703013271,2703013271
2025-06-18 21:13:54,REAL,2703013271,10319,2703023590,2703023590
2025-06-18 21:13:56,REAL,2703023590,10251,2703033841,2703033841
2025-06-18 21:13:58,REAL,2703033841,10378,2703044219,2703044219
2025-06-18 21:14:00,REAL,2703044219,10253,2703054472,2703054472
2025-06-18 21:14:02,REAL,2703054472,10250,2703064722,2703064722
2025-06-18 21:14:04,REAL,2703064722,7545,2703072267,2703072267
2025-06-18 21:14:06,REAL,2703072267,484,2703072751,2703072751
2025-06-18 21:14:08,REAL,2703072751,481,2703073232,2703073232
2025-06-18 21:14:10,REAL,2703073232,483,2703073715,2703073715
2025-06-18 21:14:12,REAL,2703073715,486,2703074201,2703074201
2025-06-18 21:14:14,REAL,2703074201,475,2703074676,2703074676
2025-06-18 21:14:16,REAL,2703074676,486,2703075162,2703075162
2025-06-18 21:14:18,REAL,2703075162,484,2703075646,2703075646
2025-06-18 21:14:20,REAL,2703075646,543,2703076189,2703076189
2025-06-18 21:14:22,REAL,2703076189,479,2703076668,2703076668
2025-06-18 21:14:24,REAL,2703076668,483,2703077151,2703077151
2025-06-18 21:14:26,REAL,2703077151,489,2703077640,2703077640
2025-06-18 21:14:28,REAL,2703077640,490,2703078130,2703078130
2025-06-18 21:14:30,REAL,2703078130,483,2703078613,2703078613
2025-06-18 21:14:32,REAL,2703078613,480,2703079093,2703079093
2025-06-18 21:14:34,REAL,2703079093,484,2703079577,2703079577
2025-06-18 21:14:36,REAL,2703079577,479,2703080056,2703080056
2025-06-18 21:14:38,REAL,2703080056,477,2703080533,2703080533
2025-06-18 21:14:40,REAL,2703080533,487,2703081020,2703081020
2025-06-18 21:14:42,REAL,2703081020,474,2703081494,2703081494
2025-06-18 21:14:44,REAL,2703081494,484,2703081978,2703081978
2025-06-18 21:14:46,REAL,2703081978,483,2703082461,2703082461
2025-06-18 21:14:48,REAL,2703082461,545,2703083006,2703083006
2025-06-18 21:14:50,REAL,2703083006,480,2703083486,2703083486
2025-06-18 21:14:52,REAL,2703083486,485,2703083971,2703083971
2025-06-18 21:14:54,REAL,2703083971,486,2703084457,2703084457
2025-06-18 21:14:56,REAL,2703084457,545,2703085002,2703085002
2025-06-18 21:14:58,REAL,2703085002,485,2703085487,2703085487
2025-06-18 21:15:00,REAL,2703085487,478,2703085965,2703085965
2025-06-18 21:15:02,REAL,2703085965,490,2703086455,2703086455
2025-06-18 21:15:04,REAL,2703086455,484,2703086939,2703086939
2025-06-18 21:15:06,REAL,2703086939,481,2703087420,2703087420
2025-06-18 21:15:08,REAL,2703087420,479,2703087899,2703087899
2025-06-18 21:15:10,REAL,2703087899,12900,2703100799,2703100799
2025-06-18 21:15:12,REAL,2703100799,10248,2703111047,2703111047
2025-06-18 21:15:14,REAL,2703111047,10253,2703121300,2703121300
2025-06-18 21:15:16,REAL,2703121300,10260,2703131560,2703131560
2025-06-18 21:15:18,REAL,2703131560,10243,2703141803,2703141803
2025-06-18 21:15:20,REAL,2703141803,10254,2703152057,2703152057
2025-06-18 21:15:22,REAL,2703152057,10323,2703162380,2703162380
2025-06-18 21:15:24,REAL,2703162380,5896,2703168276,2703168276
2025-06-18 21:15:26,REAL,2703168276,483,2703168759,2703168759
2025-06-18 21:15:28,REAL,2703168759,477,2703169236,2703169236
2025-06-18 21:15:30,REAL,2703169236,480,2703169716,2703169716
2025-06-18 21:15:32,REAL,2703169716,482,2703170198,2703170198
2025-06-18 21:15:34,REAL,2703170198,489,2703170687,2703170687
2025-06-18 21:15:36,REAL,2703170687,533,2703171220,2703171220
2025-06-18 21:15:38,REAL,2703171220,483,2703171703,2703171703
2025-06-18 21:15:40,REAL,2703171703,482,2703172185,2703172185
2025-06-18 21:15:42,REAL,2703172185,11777,2703183962,2703183962
2025-06-18 21:15:44,REAL,2703183962,10317,2703194279,2703194279
2025-06-18 21:15:46,REAL,2703194279,10249,2703204528,2703204528
2025-06-18 21:15:48,REAL,2703204528,10250,2703214778,2703214778
2025-06-18 21:15:50,REAL,2703214778,10252,2703225030,2703225030
2025-06-18 21:15:52,REAL,2703225030,10261,2703235291,2703235291
2025-06-18 21:15:54,REAL,2703235291,10249,2703245540,2703245540
2025-06-18 21:15:56,REAL,2703245540,5306,2703250846,2703250846
2025-06-18 21:15:58,REAL,2703250846,490,2703251336,2703251336
2025-06-18 21:16:00,REAL,2703251336,483,2703251819,2703251819
2025-06-18 21:16:02,REAL,2703251819,474,2703252293,2703252293
2025-06-18 21:16:04,REAL,2703252293,479,2703252772,2703252772
2025-06-18 21:16:06,REAL,2703252772,492,2703253264,2703253264
2025-06-18 21:16:08,REAL,2703253264,488,2703253752,2703253752
2025-06-18 21:16:10,REAL,2703253752,491,2703254243,2703254243
2025-06-18 21:16:12,REAL,2703254243,488,2703254731,2703254731
2025-06-18 21:16:14,REAL,2703254731,481,2703255212,2703255212
2025-06-18 21:16:16,REAL,2703255212,538,2703255750,2703255750
2025-06-18 21:16:18,REAL,2703255750,485,2703256235,2703256235
2025-06-18 21:16:20,REAL,2703256235,479,2703256714,2703256714
2025-06-18 21:16:22,REAL,2703256714,481,2703257195,2703257195
2025-06-18 21:16:24,REAL,2703257195,484,2703257679,2703257679
2025-06-18 21:16:26,REAL,2703257679,533,2703258212,2703258212
2025-06-18 21:16:28,REAL,2703258212,482,2703258694,2703258694
2025-06-18 21:16:30,REAL,2703258694,485,2703259179,2703259179
2025-06-18 21:16:32,REAL,2703259179,483,2703259662,2703259662
2025-06-18 21:16:34,REAL,2703259662,480,2703260142,2703260142
2025-06-18 21:16:36,REAL,2703260142,487,2703260629,2703260629
2025-06-18 21:16:38,REAL,2703260629,480,2703261109,2703261109
2025-06-18 21:16:40,REAL,2703261109,481,2703261590,2703261590
2025-06-18 21:16:42,REAL,2703261590,484,2703262074,2703262074
2025-06-18 21:16:44,REAL,2703262074,484,2703262558,2703262558
2025-06-18 21:16:46,REAL,2703262558,485,2703263043,2703263043
2025-06-18 21:16:48,REAL,2703263043,482,2703263525,2703263525
2025-06-18 21:16:50,REAL,2703263525,487,2703264012,2703264012
2025-06-18 21:16:52,REAL,2703264012,545,2703264557,2703264557
2025-06-18 21:16:54,REAL,2703264557,481,2703265038,2703265038
2025-06-18 21:16:56,REAL,2703265038,482,2703265520,2703265520
2025-06-18 21:16:58,REAL,2703265520,478,2703265998,2703265998
2025-06-18 21:17:00,REAL,2703265998,477,2703266475,2703266475
2025-06-18 21:17:02,REAL,2703266475,485,2703266960,2703266960
2025-06-18 21:17:04,REAL,2703266960,487,2703267447,2703267447
2025-06-18 21:17:06,REAL,2703267447,486,2703267933,2703267933
2025-06-18 21:17:08,REAL,2703267933,480,2703268413,2703268413
2025-06-18 21:17:10,REAL,2703268413,489,2703268902,2703268902
2025-06-18 21:17:12,REAL,2703268902,485,2703269387,2703269387
2025-06-18 21:17:14,REAL,2703269387,548,2703269935,2703269935
2025-06-18 21:17:16,REAL,2703269935,479,2703270414,2703270414
2025-06-18 21:17:18,REAL,2703270414,488,2703270902,2703270902
2025-06-18 21:17:20,REAL,2703270902,489,2703271391,2703271391
2025-06-18 21:17:22,REAL,2703271391,484,2703271875,2703271875
2025-06-18 21:17:24,REAL,2703271875,488,2703272363,2703272363
2025-06-18 21:17:26,REAL,2703272363,489,2703272852,2703272852
2025-06-18 21:17:28,REAL,2703272852,484,2703273336,2703273336
2025-06-18 21:17:30,REAL,2703273336,536,2703273872,2703273872
2025-06-18 21:17:32,REAL,2703273872,483,2703274355,2703274355
2025-06-18 21:17:34,REAL,2703274355,493,2703274848,2703274848
2025-06-18 21:17:36,REAL,2703274848,481,2703275329,2703275329
2025-06-18 21:17:38,REAL,2703275329,480,2703275809,2703275809
2025-06-18 21:17:40,REAL,2703275809,484,2703276293,2703276293
2025-06-18 21:17:42,REAL,2703276293,480,2703276773,2703276773
2025-06-18 21:17:44,REAL,2703276773,481,2703277254,2703277254
2025-06-18 21:17:46,REAL,2703277254,482,2703277736,2703277736
2025-06-18 21:17:48,REAL,2703277736,482,2703278218,2703278218
2025-06-18 21:17:50,REAL,2703278218,486,2703278704,2703278704
2025-06-18 21:17:52,REAL,2703278704,478,2703279182,2703279182
2025-06-18 21:17:54,REAL,2703279182,483,2703279665,2703279665
2025-06-18 21:17:56,REAL,2703279665,483,2703280148,2703280148
2025-06-18 21:17:58,REAL,2703280148,481,2703280629,2703280629
2025-06-18 21:18:00,REAL,2703280629,476,2703281105,2703281105
2025-06-18 21:18:02,REAL,2703281105,487,2703281592,2703281592
2025-06-18 21:18:04,REAL,2703281592,3908,2703285500,2703285500
2025-06-18 21:18:06,REAL,2703285500,11443,2703296943,2703296943
2025-06-18 21:18:08,REAL,2703296943,10321,2703307264,2703307264
2025-06-18 21:18:10,REAL,2703307264,10247,2703317511,2703317511
2025-06-18 21:18:12,REAL,2703317511,10244,2703327755,2703327755
2025-06-18 21:18:14,REAL,2703327755,10321,2703338076,2703338076
2025-06-18 21:18:16,REAL,2703338076,10242,2703348318,2703348318
2025-06-18 21:18:18,REAL,2703348318,10260,2703358578,2703358578
2025-06-18 21:18:20,REAL,2703358578,2535,2703361113,2703361113
2025-06-18 21:18:22,REAL,2703361113,488,2703361601,2703361601
2025-06-18 21:18:24,REAL,2703361601,487,2703362088,2703362088
2025-06-18 21:18:26,REAL,2703362088,485,2703362573,2703362573
2025-06-18 21:18:28,REAL,2703362573,488,2703363061,2703363061
2025-06-18 21:18:30,REAL,2703363061,487,2703363548,2703363548
2025-06-18 21:18:32,REAL,2703363548,490,2703364038,2703364038
2025-06-18 21:18:34,REAL,2703364038,483,2703364521,2703364521
2025-06-18 21:18:36,REAL,2703364521,482,2703365003,2703365003
2025-06-18 21:18:38,REAL,2703365003,488,2703365491,2703365491
2025-06-18 21:18:40,REAL,2703365491,537,2703366028,2703366028
2025-06-18 21:18:42,REAL,2703366028,480,2703366508,2703366508
2025-06-18 21:18:44,REAL,2703366508,477,2703366985,2703366985
2025-06-18 21:18:46,REAL,2703366985,541,2703367526,2703367526
2025-06-18 21:18:48,REAL,2703367526,493,2703368019,2703368019
2025-06-18 21:18:50,REAL,2703368019,489,2703368508,2703368508
2025-06-18 21:18:52,REAL,2703368508,482,2703368990,2703368990
2025-06-18 21:18:54,REAL,2703368990,484,2703369474,2703369474
2025-06-18 21:18:56,REAL,2703369474,485,2703369959,2703369959
2025-06-18 21:18:58,REAL,2703369959,485,2703370444,2703370444
2025-06-18 21:19:00,REAL,2703370444,485,2703370929,2703370929
2025-06-18 21:19:02,REAL,2703370929,478,2703371407,2703371407
2025-06-18 21:19:04,REAL,2703371407,487,2703371894,2703371894
2025-06-18 21:19:06,REAL,2703371894,492,2703372386,2703372386
2025-06-18 21:19:08,REAL,2703372386,483,2703372869,2703372869
2025-06-18 21:19:10,REAL,2703372869,487,2703373356,2703373356
2025-06-18 21:19:12,REAL,2703373356,484,2703373840,2703373840
2025-06-18 21:19:14,REAL,2703373840,482,2703374322,2703374322
2025-06-18 21:19:16,REAL,2703374322,546,2703374868,2703374868
2025-06-18 21:19:18,REAL,2703374868,237,2703375105,2703375105
2025-06-18 21:19:20,REAL,2703375105,477,2703375582,2703375582
2025-06-18 21:19:22,REAL,2703375582,485,2703376067,2703376067
2025-06-18 21:19:24,REAL,2703376067,483,2703376550,2703376550
2025-06-18 21:19:26,REAL,2703376550,542,2703377092,2703377092
2025-06-18 21:19:28,REAL,2703377092,489,2703377581,2703377581
2025-06-18 21:19:30,REAL,2703377581,491,2703378072,2703378072
2025-06-18 21:19:32,REAL,2703378072,488,2703378560,2703378560
2025-06-18 21:19:34,REAL,2703378560,483,2703379043,2703379043
2025-06-18 21:19:36,REAL,2703379043,484,2703379527,2703379527
2025-06-18 21:19:38,REAL,2703379527,490,2703380017,2703380017
2025-06-18 21:19:40,REAL,2703380017,486,2703380503,2703380503
2025-06-18 21:19:42,REAL,2703380503,486,2703380989,2703380989
2025-06-18 21:19:44,REAL,2703380989,484,2703381473,2703381473
2025-06-18 21:19:46,REAL,2703381473,490,2703381963,2703381963
2025-06-18 21:19:48,REAL,2703381963,486,2703382449,2703382449
2025-06-18 21:19:50,REAL,2703382449,480,2703382929,2703382929
2025-06-18 21:19:52,REAL,2703382929,484,2703383413,2703383413
2025-06-18 21:19:54,REAL,2703383413,483,2703383896,2703383896
2025-06-18 21:19:56,REAL,2703383896,482,2703384378,2703384378
2025-06-18 21:19:58,REAL,2703384378,482,2703384860,2703384860
2025-06-18 21:20:00,REAL,2703384860,487,2703385347,2703385347
2025-06-18 21:20:02,REAL,2703385347,482,2703385829,2703385829
2025-06-18 21:20:04,REAL,2703385829,488,2703386317,2703386317
2025-06-18 21:20:06,REAL,2703386317,540,2703386857,2703386857
2025-06-18 21:20:08,REAL,2703386857,545,2703387402,2703387402
2025-06-18 21:20:10,REAL,2703387402,484,2703387886,2703387886
2025-06-18 21:20:12,REAL,2703387886,492,2703388378,2703388378
2025-06-18 21:20:14,REAL,2703388378,484,2703388862,2703388862
2025-06-18 21:20:16,REAL,2703388862,485,2703389347,2703389347
2025-06-18 21:20:18,REAL,2703389347,479,2703389826,2703389826
2025-06-18 21:20:20,REAL,2703389826,486,2703390312,2703390312
2025-06-18 21:20:22,REAL,2703390312,491,2703390803,2703390803
2025-06-18 21:20:24,REAL,2703390803,482,2703391285,2703391285
2025-06-18 21:20:26,REAL,2703391285,481,2703391766,2703391766
2025-06-18 21:20:28,REAL,2703391766,494,2703392260,2703392260
2025-06-18 21:20:30,REAL,2703392260,485,2703392745,2703392745
2025-06-18 21:20:32,REAL,2703392745,485,2703393230,2703393230
2025-06-18 21:20:34,REAL,2703393230,482,2703393712,2703393712
2025-06-18 21:20:36,REAL,2703393712,489,2703394201,2703394201
2025-06-18 21:20:38,REAL,2703394201,479,2703394680,2703394680
2025-06-18 21:20:40,REAL,2703394680,491,2703395171,2703395171
2025-06-18 21:20:42,REAL,2703395171,479,2703395650,2703395650
2025-06-18 21:20:44,REAL,2703395650,491,2703396141,2703396141
2025-06-18 21:20:46,REAL,2703396141,476,2703396617,2703396617
2025-06-18 21:20:48,REAL,2703396617,538,2703397155,2703397155
2025-06-18 21:20:50,REAL,2703397155,489,2703397644,2703397644
2025-06-18 21:20:52,REAL,2703397644,484,2703398128,2703398128
2025-06-18 21:20:54,REAL,2703398128,482,2703398610,2703398610
2025-06-18 21:20:56,REAL,2703398610,535,2703399145,2703399145
2025-06-18 21:20:58,REAL,2703399145,483,2703399628,2703399628
2025-06-18 21:21:00,REAL,2703399628,484,2703400112,2703400112
2025-06-18 21:21:02,REAL,2703400112,489,2703400601,2703400601
2025-06-18 21:21:04,REAL,2703400601,482,2703401083,2703401083
2025-06-18 21:21:06,REAL,2703401083,491,2703401574,2703401574
2025-06-18 21:21:08,REAL,2703401574,490,2703402064,2703402064
2025-06-18 21:21:10,REAL,2703402064,484,2703402548,2703402548
2025-06-18 21:21:12,REAL,2703402548,481,2703403029,2703403029
2025-06-18 21:21:14,REAL,2703403029,482,2703403511,2703403511
2025-06-18 21:21:16,REAL,2703403511,489,2703404000,2703404000
2025-06-18 21:21:18,REAL,2703404000,482,2703404482,2703404482
2025-06-18 21:21:20,REAL,2703404482,487,2703404969,2703404969
2025-06-18 21:21:22,REAL,2703404969,485,2703405454,2703405454
2025-06-18 21:21:24,REAL,2703405454,481,2703405935,2703405935
2025-06-18 21:21:26,REAL,2703405935,477,2703406412,2703406412
2025-06-18 21:21:28,REAL,2703406412,482,2703406894,2703406894
2025-06-18 21:21:30,REAL,2703406894,543,2703407437,2703407437
2025-06-18 21:21:32,REAL,2703407437,10263,2703417700,2703417700
2025-06-18 21:21:34,REAL,2703417700,11906,2703429606,2703429606
2025-06-18 21:21:36,REAL,2703429606,10248,2703439854,2703439854
2025-06-18 21:21:38,REAL,2703439854,10322,2703450176,2703450176
2025-06-18 21:21:40,REAL,2703450176,10255,2703460431,2703460431
2025-06-18 21:21:42,REAL,2703460431,10250,2703470681,2703470681
2025-06-18 21:21:44,REAL,2703470681,10256,2703480937,2703480937
2025-06-18 21:21:46,REAL,2703480937,8269,2703489206,2703489206
2025-06-18 21:21:48,REAL,2703489206,488,2703489694,2703489694
2025-06-18 21:21:50,REAL,2703489694,482,2703490176,2703490176
2025-06-18 21:21:52,REAL,2703490176,480,2703490656,2703490656
2025-06-18 21:21:54,REAL,2703490656,481,2703491137,2703491137
2025-06-18 21:21:56,REAL,2703491137,486,2703491623,2703491623
2025-06-18 21:21:58,REAL,2703491623,486,2703492109,2703492109
2025-06-18 21:22:00,REAL,2703492109,485,2703492594,2703492594
2025-06-18 21:22:02,REAL,2703492594,487,2703493081,2703493081
2025-06-18 21:22:04,REAL,2703493081,478,2703493559,2703493559
2025-06-18 21:22:06,REAL,2703493559,487,2703494046,2703494046
2025-06-18 21:22:08,REAL,2703494046,489,2703494535,2703494535
2025-06-18 21:22:10,REAL,2703494535,540,2703495075,2703495075
2025-06-18 21:22:12,REAL,2703495075,486,2703495561,2703495561
2025-06-18 21:22:14,REAL,2703495561,493,2703496054,2703496054
2025-06-18 21:22:16,REAL,2703496054,488,2703496542,2703496542
2025-06-18 21:22:18,REAL,2703496542,491,2703497033,2703497033
2025-06-18 21:22:20,REAL,2703497033,479,2703497512,2703497512
2025-06-18 21:22:22,REAL,2703497512,488,2703498000,2703498000
2025-06-18 21:22:24,REAL,2703498000,538,2703498538,2703498538
2025-06-18 21:22:26,REAL,2703498538,491,2703499029,2703499029
2025-06-18 21:22:28,REAL,2703499029,487,2703499516,2703499516
2025-06-18 21:22:30,REAL,2703499516,484,2703500000,2703500000
2025-06-18 21:22:32,REAL,2703500000,488,2703500488,2703500488
2025-06-18 21:22:34,REAL,2703500488,486,2703500974,2703500974
2025-06-18 21:22:36,REAL,2703500974,10322,2703511296,2703511296
2025-06-18 21:22:38,REAL,2703511296,10580,2703521876,2703521876
2025-06-18 21:22:40,REAL,2703521876,10321,2703532197,2703532197
2025-06-18 21:22:42,REAL,2703532197,10252,2703542449,2703542449
2025-06-18 21:22:44,REAL,2703542449,10260,2703552709,2703552709
2025-06-18 21:22:46,REAL,2703552709,10322,2703563031,2703563031
2025-06-18 21:22:48,REAL,2703563031,10244,2703573275,2703573275
2025-06-18 21:22:50,REAL,2703573275,6962,2703580237,2703580237
2025-06-18 21:22:52,REAL,2703580237,535,2703580772,2703580772
2025-06-18 21:22:54,REAL,2703580772,478,2703581250,2703581250
2025-06-18 21:22:56,REAL,2703581250,482,2703581732,2703581732
2025-06-18 21:22:58,REAL,2703581732,490,2703582222,2703582222
2025-06-18 21:23:00,REAL,2703582222,481,2703582703,2703582703
2025-06-18 21:23:02,REAL,2703582703,483,2703583186,2703583186
2025-06-18 21:23:04,REAL,2703583186,493,2703583679,2703583679
2025-06-18 21:23:06,REAL,2703583679,478,2703584157,2703584157
2025-06-18 21:23:08,REAL,2703584157,489,2703584646,2703584646
2025-06-18 21:23:10,REAL,2703584646,482,2703585128,2703585128
2025-06-18 21:23:12,REAL,2703585128,492,2703585620,2703585620
2025-06-18 21:23:14,REAL,2703585620,493,2703586113,2703586113
2025-06-18 21:23:16,REAL,2703586113,483,2703586596,2703586596
2025-06-18 21:23:18,REAL,2703586596,486,2703587082,2703587082
2025-06-18 21:23:20,REAL,2703587082,481,2703587563,2703587563
2025-06-18 21:23:22,REAL,2703587563,491,2703588054,2703588054
2025-06-18 21:23:24,REAL,2703588054,489,2703588543,2703588543
2025-06-18 21:23:26,REAL,2703588543,533,2703589076,2703589076
2025-06-18 21:23:28,REAL,2703589076,483,2703589559,2703589559
2025-06-18 21:23:30,REAL,2703589559,486,2703590045,2703590045
2025-06-18 21:23:32,REAL,2703590045,484,2703590529,2703590529
2025-06-18 21:23:34,REAL,2703590529,489,2703591018,2703591018
2025-06-18 21:23:36,REAL,2703591018,481,2703591499,2703591499
2025-06-18 21:23:38,REAL,2703591499,476,2703591975,2703591975
2025-06-18 21:23:40,REAL,2703591975,541,2703592516,2703592516
2025-06-18 21:23:42,REAL,2703592516,486,2703593002,2703593002
2025-06-18 21:23:44,REAL,2703593002,485,2703593487,2703593487
2025-06-18 21:23:46,REAL,2703593487,488,2703593975,2703593975
2025-06-18 21:23:48,REAL,2703593975,478,2703594453,2703594453
2025-06-18 21:23:50,REAL,2703594453,479,2703594932,2703594932
2025-06-18 21:23:52,REAL,2703594932,484,2703595416,2703595416
2025-06-18 21:23:54,REAL,2703595416,489,2703595905,2703595905
2025-06-18 21:23:56,REAL,2703595905,14087,2703609992,2703609992
2025-06-18 21:23:58,REAL,2703609992,10245,2703620237,2703620237
2025-06-18 21:24:00,REAL,2703620237,10249,2703630486,2703630486
2025-06-18 21:24:02,REAL,2703630486,10257,2703640743,2703640743
2025-06-18 21:24:04,REAL,2703640743,10250,2703650993,2703650993
2025-06-18 21:24:06,REAL,2703650993,10253,2703661246,2703661246
2025-06-18 21:24:08,REAL,2703661246,10248,2703671494,2703671494
2025-06-18 21:24:10,REAL,2703671494,5440,2703676934,2703676934
2025-06-18 21:24:12,REAL,2703676934,490,2703677424,2703677424
2025-06-18 21:24:14,REAL,2703677424,489,2703677913,2703677913
2025-06-18 21:24:16,REAL,2703677913,490,2703678403,2703678403
2025-06-18 21:24:18,REAL,2703678403,489,2703678892,2703678892
2025-06-18 21:24:20,REAL,2703678892,485,2703679377,2703679377
2025-06-18 21:24:22,REAL,2703679377,488,2703679865,2703679865
2025-06-18 21:24:24,REAL,2703679865,482,2703680347,2703680347
2025-06-18 21:24:26,REAL,2703680347,481,2703680828,2703680828
2025-06-18 21:24:28,REAL,2703680828,540,2703681368,2703681368
2025-06-18 21:24:30,REAL,2703681368,494,2703681862,2703681862
2025-06-18 21:24:32,REAL,2703681862,483,2703682345,2703682345
2025-06-18 21:24:34,REAL,2703682345,479,2703682824,2703682824
2025-06-18 21:24:36,REAL,2703682824,488,2703683312,2703683312
2025-06-18 21:24:38,REAL,2703683312,488,2703683800,2703683800
2025-06-18 21:24:40,REAL,2703683800,485,2703684285,2703684285
2025-06-18 21:24:42,REAL,2703684285,476,2703684761,2703684761
2025-06-18 21:24:44,REAL,2703684761,487,2703685248,2703685248
2025-06-18 21:24:46,REAL,2703685248,485,2703685733,2703685733
2025-06-18 21:24:48,REAL,2703685733,544,2703686277,2703686277
2025-06-18 21:24:50,REAL,2703686277,478,2703686755,2703686755
2025-06-18 21:24:52,REAL,2703686755,486,2703687241,2703687241
2025-06-18 21:24:54,REAL,2703687241,485,2703687726,2703687726
2025-06-18 21:24:56,REAL,2703687726,482,2703688208,2703688208
2025-06-18 21:24:58,REAL,2703688208,1745,2703689953,2703689953
2025-06-18 21:25:00,REAL,2703689953,11366,2703701319,2703701319
2025-06-18 21:25:02,REAL,2703701319,10323,2703711642,2703711642
2025-06-18 21:25:04,REAL,2703711642,10251,2703721893,2703721893
2025-06-18 21:25:06,REAL,2703721893,10252,2703732145,2703732145
2025-06-18 21:25:08,REAL,2703732145,10253,2703742398,2703742398
2025-06-18 21:25:10,REAL,2703742398,10310,2703752708,2703752708
2025-06-18 21:25:12,REAL,2703752708,10254,2703762962,2703762962
2025-06-18 21:25:14,REAL,2703762962,4110,2703767072,2703767072
2025-06-18 21:25:16,REAL,2703767072,542,2703767614,2703767614
2025-06-18 21:25:18,REAL,2703767614,480,2703768094,2703768094
2025-06-18 21:25:20,REAL,2703768094,477,2703768571,2703768571
2025-06-18 21:25:22,REAL,2703768571,488,2703769059,2703769059
2025-06-18 21:25:24,REAL,2703769059,477,2703769536,2703769536
2025-06-18 21:25:26,REAL,2703769536,490,2703770026,2703770026
2025-06-18 21:25:28,REAL,2703770026,489,2703770515,2703770515
2025-06-18 21:25:30,REAL,2703770515,481,2703770996,2703770996
2025-06-18 21:25:32,REAL,2703770996,549,2703771545,2703771545
2025-06-18 21:25:34,REAL,2703771545,477,2703772022,2703772022
2025-06-18 21:25:36,REAL,2703772022,486,2703772508,2703772508
2025-06-18 21:25:38,REAL,2703772508,483,2703772991,2703772991
2025-06-18 21:25:40,REAL,2703772991,481,2703773472,2703773472
2025-06-18 21:25:42,REAL,2703773472,484,2703773956,2703773956
2025-06-18 21:25:44,REAL,2703773956,484,2703774440,2703774440
2025-06-18 21:25:46,REAL,2703774440,488,2703774928,2703774928
2025-06-18 21:25:48,REAL,2703774928,484,2703775412,2703775412
2025-06-18 21:25:50,REAL,2703775412,482,2703775894,2703775894
2025-06-18 21:25:52,REAL,2703775894,483,2703776377,2703776377
2025-06-18 21:25:54,REAL,2703776377,478,2703776855,2703776855
2025-06-18 21:25:56,REAL,2703776855,477,2703777332,2703777332
2025-06-18 21:25:58,REAL,2703777332,475,2703777807,2703777807
2025-06-18 21:26:00,REAL,2703777807,484,2703778291,2703778291
2025-06-18 21:26:02,REAL,2703778291,483,2703778774,2703778774
2025-06-18 21:26:04,REAL,2703778774,487,2703779261,2703779261
2025-06-18 21:26:06,REAL,2703779261,591,2703779852,2703779852
2025-06-18 21:26:08,REAL,2703779852,491,2703780343,2703780343
2025-06-18 21:26:10,REAL,2703780343,486,2703780829,2703780829
2025-06-18 21:26:12,REAL,2703780829,489,2703781318,2703781318
2025-06-18 21:26:14,REAL,2703781318,481,2703781799,2703781799
2025-06-18 21:26:16,REAL,2703781799,489,2703782288,2703782288
2025-06-18 21:26:18,REAL,2703782288,4123,2703786411,2703786411
2025-06-18 21:26:20,REAL,2703786411,15068,2703801479,2703801479
2025-06-18 21:26:22,REAL,2703801479,10328,2703811807,2703811807
2025-06-18 21:26:24,REAL,2703811807,10254,2703822061,2703822061
2025-06-18 21:26:26,REAL,2703822061,10250,2703832311,2703832311
2025-06-18 21:26:28,REAL,2703832311,10252,2703842563,2703842563
2025-06-18 21:26:30,REAL,2703842563,10254,2703852817,2703852817
2025-06-18 21:26:32,REAL,2703852817,10247,2703863064,2703863064
2025-06-18 21:26:34,REAL,2703863064,2597,2703865661,2703865661
2025-06-18 21:26:36,REAL,2703865661,484,2703866145,2703866145
2025-06-18 21:26:38,REAL,2703866145,484,2703866629,2703866629
2025-06-18 21:26:40,REAL,2703866629,481,2703867110,2703867110
2025-06-18 21:26:42,REAL,2703867110,485,2703867595,2703867595
2025-06-18 21:26:44,REAL,2703867595,482,2703868077,2703868077
2025-06-18 21:26:46,REAL,2703868077,482,2703868559,2703868559
2025-06-18 21:26:48,REAL,2703868559,486,2703869045,2703869045
2025-06-18 21:26:50,REAL,2703869045,4450,2703873495,2703873495
2025-06-18 21:26:52,REAL,2703873495,11570,2703885065,2703885065
2025-06-18 21:26:54,REAL,2703885065,10309,2703895374,2703895374
2025-06-18 21:26:56,REAL,2703895374,10257,2703905631,2703905631
2025-06-18 21:26:58,REAL,2703905631,10255,2703915886,2703915886
2025-06-18 21:27:00,REAL,2703915886,10313,2703926199,2703926199
2025-06-18 21:27:02,REAL,2703926199,10250,2703936449,2703936449
2025-06-18 21:27:04,REAL,2703936449,10257,2703946706,2703946706
2025-06-18 21:27:06,REAL,2703946706,1993,2703948699,2703948699
2025-06-18 21:27:08,REAL,2703948699,484,2703949183,2703949183
2025-06-18 21:27:10,REAL,2703949183,490,2703949673,2703949673
2025-06-18 21:27:12,REAL,2703949673,475,2703950148,2703950148
2025-06-18 21:27:14,REAL,2703950148,477,2703950625,2703950625
2025-06-18 21:27:16,REAL,2703950625,484,2703951109,2703951109
2025-06-18 21:27:18,REAL,2703951109,484,2703951593,2703951593
2025-06-18 21:27:20,REAL,2703951593,481,2703952074,2703952074
2025-06-18 21:27:22,REAL,2703952074,486,2703952560,2703952560
2025-06-18 21:27:24,REAL,2703952560,543,2703953103,2703953103
2025-06-18 21:27:26,REAL,2703953103,487,2703953590,2703953590
2025-06-18 21:27:28,REAL,2703953590,480,2703954070,2703954070
2025-06-18 21:27:30,REAL,2703954070,480,2703954550,2703954550
2025-06-18 21:27:32,REAL,2703954550,488,2703955038,2703955038
2025-06-18 21:27:34,REAL,2703955038,482,2703955520,2703955520
2025-06-18 21:27:36,REAL,2703955520,480,2703956000,2703956000
2025-06-18 21:27:38,REAL,2703956000,490,2703956490,2703956490
2025-06-18 21:27:40,REAL,2703956490,485,2703956975,2703956975
2025-06-18 21:27:42,REAL,2703956975,487,2703957462,2703957462
2025-06-18 21:27:44,REAL,2703957462,531,2703957993,2703957993
2025-06-18 21:27:46,REAL,2703957993,484,2703958477,2703958477
2025-06-18 21:27:48,REAL,2703958477,489,2703958966,2703958966
2025-06-18 21:27:50,REAL,2703958966,490,2703959456,2703959456
2025-06-18 21:27:52,REAL,2703959456,481,2703959937,2703959937
2025-06-18 21:27:54,REAL,2703959937,484,2703960421,2703960421
2025-06-18 21:27:56,REAL,2703960421,491,2703960912,2703960912
2025-06-18 21:27:58,REAL,2703960912,483,2703961395,2703961395
2025-06-18 21:28:00,REAL,2703961395,539,2703961934,2703961934
2025-06-18 21:28:02,REAL,2703961934,480,2703962414,2703962414
2025-06-18 21:28:04,REAL,2703962414,483,2703962897,2703962897
2025-06-18 21:28:06,REAL,2703962897,486,2703963383,2703963383
2025-06-18 21:28:08,REAL,2703963383,477,2703963860,2703963860
2025-06-18 21:28:10,REAL,2703963860,487,2703964347,2703964347
2025-06-18 21:28:12,REAL,2703964347,483,2703964830,2703964830
2025-06-18 21:28:14,REAL,2703964830,478,2703965308,2703965308
2025-06-18 21:28:16,REAL,2703965308,478,2703965786,2703965786
2025-06-18 21:28:18,REAL,2703965786,480,2703966266,2703966266
2025-06-18 21:28:20,REAL,2703966266,484,2703966750,2703966750
2025-06-18 21:28:22,REAL,2703966750,477,2703967227,2703967227
2025-06-18 21:28:24,REAL,2703967227,480,2703967707,2703967707
2025-06-18 21:28:26,REAL,2703967707,489,2703968196,2703968196
2025-06-18 21:28:28,REAL,2703968196,486,2703968682,2703968682
2025-06-18 21:28:30,REAL,2703968682,479,2703969161,2703969161
2025-06-18 21:28:32,REAL,2703969161,541,2703969702,2703969702
2025-06-18 21:28:34,REAL,2703969702,542,2703970244,2703970244
2025-06-18 21:28:36,REAL,2703970244,480,2703970724,2703970724
2025-06-18 21:28:38,REAL,2703970724,491,2703971215,2703971215
2025-06-18 21:28:40,REAL,2703971215,483,2703971698,2703971698
2025-06-18 21:28:42,REAL,2703971698,481,2703972179,2703972179
2025-06-18 21:28:44,REAL,2703972179,493,2703972672,2703972672
2025-06-18 21:28:46,REAL,2703972672,490,2703973162,2703973162
2025-06-18 21:28:48,REAL,2703973162,484,2703973646,2703973646
2025-06-18 21:28:50,REAL,2703973646,491,2703974137,2703974137
2025-06-18 21:28:52,REAL,2703974137,484,2703974621,2703974621
2025-06-18 21:28:54,REAL,2703974621,537,2703975158,2703975158
2025-06-18 21:28:56,REAL,2703975158,479,2703975637,2703975637
2025-06-18 21:28:58,REAL,2703975637,480,2703976117,2703976117
2025-06-18 21:29:00,REAL,2703976117,490,2703976607,2703976607
2025-06-18 21:29:02,REAL,2703976607,476,2703977083,2703977083
2025-06-18 21:29:04,REAL,2703977083,487,2703977570,2703977570
2025-06-18 21:29:06,REAL,2703977570,488,2703978058,2703978058
2025-06-18 21:29:08,REAL,2703978058,539,2703978597,2703978597
2025-06-18 21:29:10,REAL,2703978597,477,2703979074,2703979074
2025-06-18 21:29:12,REAL,2703979074,474,2703979548,2703979548
2025-06-18 21:29:14,REAL,2703979548,480,2703980028,2703980028
2025-06-18 21:29:16,REAL,2703980028,546,2703980574,2703980574
2025-06-18 21:29:18,REAL,2703980574,485,2703981059,2703981059
2025-06-18 21:29:20,REAL,2703981059,477,2703981536,2703981536
2025-06-18 21:29:22,REAL,2703981536,486,2703982022,2703982022
2025-06-18 21:29:24,REAL,2703982022,488,2703982510,2703982510
2025-06-18 21:29:26,REAL,2703982510,492,2703983002,2703983002
2025-06-18 21:29:28,REAL,2703983002,476,2703983478,2703983478
2025-06-18 21:29:30,REAL,2703983478,488,2703983966,2703983966
2025-06-18 21:29:32,REAL,2703983966,480,2703984446,2703984446
2025-06-18 21:29:34,REAL,2703984446,491,2703984937,2703984937
2025-06-18 21:29:36,REAL,2703984937,484,2703985421,2703985421
2025-06-18 21:29:38,REAL,2703985421,547,2703985968,2703985968
2025-06-18 21:29:40,REAL,2703985968,485,2703986453,2703986453
2025-06-18 21:29:42,REAL,2703986453,490,2703986943,2703986943
2025-06-18 21:29:44,REAL,2703986943,532,2703987475,2703987475
2025-06-18 21:29:46,REAL,2703987475,489,2703987964,2703987964
2025-06-18 21:29:48,REAL,2703987964,480,2703988444,2703988444
2025-06-18 21:29:50,REAL,2703988444,483,2703988927,2703988927
2025-06-18 21:29:52,REAL,2703988927,490,2703989417,2703989417
2025-06-18 21:29:54,REAL,2703989417,485,2703989902,2703989902
2025-06-18 21:29:56,REAL,2703989902,491,2703990393,2703990393
2025-06-18 21:29:58,REAL,2703990393,483,2703990876,2703990876
2025-06-18 21:30:00,REAL,2703990876,535,2703991411,2703991411
2025-06-18 21:30:02,REAL,2703991411,478,2703991889,2703991889
2025-06-18 21:30:04,REAL,2703991889,483,2703992372,2703992372
2025-06-18 21:30:06,REAL,2703992372,482,2703992854,2703992854
2025-06-18 21:30:08,REAL,2703992854,481,2703993335,2703993335
2025-06-18 21:30:10,REAL,2703993335,486,2703993821,2703993821
2025-06-18 21:30:12,REAL,2703993821,479,2703994300,2703994300
2025-06-18 21:30:14,REAL,2703994300,486,2703994786,2703994786
2025-06-18 21:30:16,REAL,2703994786,486,2703995272,2703995272
2025-06-18 21:30:18,REAL,2703995272,482,2703995754,2703995754
2025-06-18 21:30:20,REAL,2703995754,535,2703996289,2703996289
2025-06-18 21:30:22,REAL,2703996289,545,2703996834,2703996834
2025-06-18 21:30:24,REAL,2703996834,484,2703997318,2703997318
2025-06-18 21:30:26,REAL,2703997318,490,2703997808,2703997808
2025-06-18 21:30:28,REAL,2703997808,11848,2704009656,2704009656
2025-06-18 21:30:30,REAL,2704009656,11439,2704021095,2704021095
2025-06-18 21:30:32,REAL,2704021095,10321,2704031416,2704031416
2025-06-18 21:30:34,REAL,2704031416,10243,2704041659,2704041659
2025-06-18 21:30:36,REAL,2704041659,10245,2704051904,2704051904
2025-06-18 21:30:38,REAL,2704051904,10255,2704062159,2704062159
2025-06-18 21:30:40,REAL,2704062159,10319,2704072478,2704072478
2025-06-18 21:30:42,REAL,2704072478,7545,2704080023,2704080023
2025-06-18 21:30:44,REAL,2704080023,536,2704080559,2704080559
2025-06-18 21:30:46,REAL,2704080559,488,2704081047,2704081047
2025-06-18 21:30:48,REAL,2704081047,494,2704081541,2704081541
2025-06-18 21:30:50,REAL,2704081541,478,2704082019,2704082019
2025-06-18 21:30:52,REAL,2704082019,476,2704082495,2704082495
2025-06-18 21:30:54,REAL,2704082495,484,2704082979,2704082979
2025-06-18 21:30:56,REAL,2704082979,480,2704083459,2704083459
2025-06-18 21:30:58,REAL,2704083459,484,2704083943,2704083943
2025-06-18 21:31:00,REAL,2704083943,481,2704084424,2704084424
2025-06-18 21:31:02,REAL,2704084424,532,2704084956,2704084956
2025-06-18 21:31:04,REAL,2704084956,489,2704085445,2704085445
2025-06-18 21:31:06,REAL,2704085445,544,2704085989,2704085989
2025-06-18 21:31:08,REAL,2704085989,489,2704086478,2704086478
2025-06-18 21:31:10,REAL,2704086478,481,2704086959,2704086959
2025-06-18 21:31:12,REAL,2704086959,480,2704087439,2704087439
2025-06-18 21:31:14,REAL,2704087439,479,2704087918,2704087918
2025-06-18 21:31:16,REAL,2704087918,482,2704088400,2704088400
2025-06-18 21:31:18,REAL,2704088400,492,2704088892,2704088892
2025-06-18 21:31:20,REAL,2704088892,480,2704089372,2704089372
2025-06-18 21:31:22,REAL,2704089372,490,2704089862,2704089862
2025-06-18 21:31:24,REAL,2704089862,491,2704090353,2704090353
2025-06-18 21:31:26,REAL,2704090353,483,2704090836,2704090836
2025-06-18 21:31:28,REAL,2704090836,546,2704091382,2704091382
2025-06-18 21:31:30,REAL,2704091382,480,2704091862,2704091862
2025-06-18 21:31:32,REAL,2704091862,484,2704092346,2704092346
2025-06-18 21:31:34,REAL,2704092346,479,2704092825,2704092825
2025-06-18 21:31:36,REAL,2704092825,489,2704093314,2704093314
2025-06-18 21:31:38,REAL,2704093314,539,2704093853,2704093853
2025-06-18 21:31:40,REAL,2704093853,481,2704094334,2704094334
2025-06-18 21:31:42,REAL,2704094334,493,2704094827,2704094827
2025-06-18 21:31:44,REAL,2704094827,477,2704095304,2704095304
2025-06-18 21:31:46,REAL,2704095304,482,2704095786,2704095786
2025-06-18 21:31:48,REAL,2704095786,485,2704096271,2704096271
2025-06-18 21:31:50,REAL,2704096271,533,2704096804,2704096804
2025-06-18 21:31:52,REAL,2704096804,488,2704097292,2704097292
2025-06-18 21:31:54,REAL,2704097292,478,2704097770,2704097770
2025-06-18 21:31:56,REAL,2704097770,479,2704098249,2704098249
2025-06-18 21:31:58,REAL,2704098249,481,2704098730,2704098730
2025-06-18 21:32:00,REAL,2704098730,480,2704099210,2704099210
2025-06-18 21:32:02,REAL,2704099210,493,2704099703,2704099703
2025-06-18 21:32:04,REAL,2704099703,487,2704100190,2704100190
2025-06-18 21:32:06,REAL,2704100190,488,2704100678,2704100678
2025-06-18 21:32:08,REAL,2704100678,479,2704101157,2704101157
2025-06-18 21:32:10,REAL,2704101157,486,2704101643,2704101643
2025-06-18 21:32:12,REAL,2704101643,534,2704102177,2704102177
2025-06-18 21:32:14,REAL,2704102177,479,2704102656,2704102656
2025-06-18 21:32:16,REAL,2704102656,537,2704103193,2704103193
2025-06-18 21:32:18,REAL,2704103193,493,2704103686,2704103686
2025-06-18 21:32:20,REAL,2704103686,490,2704104176,2704104176
2025-06-18 21:32:22,REAL,2704104176,480,2704104656,2704104656
2025-06-18 21:32:24,REAL,2704104656,480,2704105136,2704105136
2025-06-18 21:32:26,REAL,2704105136,487,2704105623,2704105623
2025-06-18 21:32:28,REAL,2704105623,481,2704106104,2704106104
2025-06-18 21:32:30,REAL,2704106104,482,2704106586,2704106586
2025-06-18 21:32:32,REAL,2704106586,483,2704107069,2704107069
2025-06-18 21:32:34,REAL,2704107069,536,2704107605,2704107605
2025-06-18 21:32:36,REAL,2704107605,480,2704108085,2704108085
2025-06-18 21:32:38,REAL,2704108085,483,2704108568,2704108568
2025-06-18 21:32:40,REAL,2704108568,7549,2704116117,2704116117
2025-06-18 21:32:42,REAL,2704116117,12296,2704128413,2704128413
2025-06-18 21:32:44,REAL,2704128413,10251,2704138664,2704138664
2025-06-18 21:32:46,REAL,2704138664,10246,2704148910,2704148910
2025-06-18 21:32:48,REAL,2704148910,10314,2704159224,2704159224
2025-06-18 21:32:50,REAL,2704159224,10253,2704169477,2704169477
2025-06-18 21:32:52,REAL,2704169477,10244,2704179721,2704179721
2025-06-18 21:32:54,REAL,2704179721,10117,2704189838,2704189838
2025-06-18 21:32:56,REAL,2704189838,477,2704190315,2704190315
2025-06-18 21:32:58,REAL,2704190315,537,2704190852,2704190852
2025-06-18 21:33:00,REAL,2704190852,483,2704191335,2704191335
2025-06-18 21:33:02,REAL,2704191335,479,2704191814,2704191814
2025-06-18 21:33:04,REAL,2704191814,490,2704192304,2704192304
2025-06-18 21:33:06,REAL,2704192304,483,2704192787,2704192787
2025-06-18 21:33:08,REAL,2704192787,487,2704193274,2704193274
2025-06-18 21:33:10,REAL,2704193274,483,2704193757,2704193757
2025-06-18 21:33:12,REAL,2704193757,7880,2704201637,2704201637
2025-06-18 21:33:14,REAL,2704201637,13022,2704214659,2704214659
2025-06-18 21:33:16,REAL,2704214659,10367,2704225026,2704225026
2025-06-18 21:33:18,REAL,2704225026,10257,2704235283,2704235283
2025-06-18 21:33:20,REAL,2704235283,10257,2704245540,2704245540
2025-06-18 21:33:22,REAL,2704245540,10246,2704255786,2704255786
2025-06-18 21:33:24,REAL,2704255786,10314,2704266100,2704266100
2025-06-18 21:33:26,REAL,2704266100,9456,2704275556,2704275556
2025-06-18 21:33:28,REAL,2704275556,486,2704276042,2704276042
2025-06-18 21:33:30,REAL,2704276042,543,2704276585,2704276585
2025-06-18 21:33:32,REAL,2704276585,480,2704277065,2704277065
2025-06-18 21:33:34,REAL,2704277065,477,2704277542,2704277542
2025-06-18 21:33:36,REAL,2704277542,489,2704278031,2704278031
2025-06-18 21:33:38,REAL,2704278031,486,2704278517,2704278517
2025-06-18 21:33:40,REAL,2704278517,482,2704278999,2704278999
2025-06-18 21:33:42,REAL,2704278999,484,2704279483,2704279483
2025-06-18 21:33:44,REAL,2704279483,7885,2704287368,2704287368
2025-06-18 21:33:46,REAL,2704287368,10915,2704298283,2704298283
2025-06-18 21:33:48,REAL,2704298283,10255,2704308538,2704308538
2025-06-18 21:33:50,REAL,2704308538,10251,2704318789,2704318789
2025-06-18 21:33:52,REAL,2704318789,10319,2704329108,2704329108
2025-06-18 21:33:54,REAL,2704329108,10249,2704339357,2704339357
2025-06-18 21:33:56,REAL,2704339357,10319,2704349676,2704349676
2025-06-18 21:33:58,REAL,2704349676,8865,2704358541,2704358541
2025-06-18 21:34:00,REAL,2704358541,484,2704359025,2704359025
2025-06-18 21:34:02,REAL,2704359025,475,2704359500,2704359500
2025-06-18 21:34:04,REAL,2704359500,490,2704359990,2704359990
2025-06-18 21:34:06,REAL,2704359990,541,2704360531,2704360531
2025-06-18 21:34:08,REAL,2704360531,483,2704361014,2704361014
2025-06-18 21:34:10,REAL,2704361014,478,2704361492,2704361492
2025-06-18 21:34:12,REAL,2704361492,480,2704361972,2704361972
2025-06-18 21:34:14,REAL,2704361972,488,2704362460,2704362460
2025-06-18 21:34:16,REAL,2704362460,8681,2704371141,2704371141
2025-06-18 21:34:18,REAL,2704371141,10720,2704381861,2704381861
2025-06-18 21:34:20,REAL,2704381861,10252,2704392113,2704392113
2025-06-18 21:34:22,REAL,2704392113,10257,2704402370,2704402370
2025-06-18 21:34:24,REAL,2704402370,10254,2704412624,2704412624
2025-06-18 21:34:26,REAL,2704412624,10245,2704422869,2704422869
2025-06-18 21:34:28,REAL,2704422869,10246,2704433115,2704433115
2025-06-18 21:34:30,REAL,2704433115,8200,2704441315,2704441315
2025-06-18 21:34:32,REAL,2704441315,483,2704441798,2704441798
2025-06-18 21:34:34,REAL,2704441798,485,2704442283,2704442283
2025-06-18 21:34:36,REAL,2704442283,491,2704442774,2704442774
2025-06-18 21:34:38,REAL,2704442774,489,2704443263,2704443263
2025-06-18 21:34:40,REAL,2704443263,544,2704443807,2704443807
2025-06-18 21:34:42,REAL,2704443807,488,2704444295,2704444295
2025-06-18 21:34:44,REAL,2704444295,491,2704444786,2704444786
2025-06-18 21:34:46,REAL,2704444786,483,2704445269,2704445269
2025-06-18 21:34:48,REAL,2704445269,10977,2704456246,2704456246
2025-06-18 21:34:50,REAL,2704456246,11512,2704467758,2704467758
2025-06-18 21:34:52,REAL,2704467758,10256,2704478014,2704478014
2025-06-18 21:34:54,REAL,2704478014,10256,2704488270,2704488270
2025-06-18 21:34:56,REAL,2704488270,10321,2704498591,2704498591
2025-06-18 21:34:58,REAL,2704498591,10255,2704508846,2704508846
2025-06-18 21:35:00,REAL,2704508846,10183,2704519029,2704519029
2025-06-18 21:35:02,REAL,2704519029,7681,2704526710,2704526710
2025-06-18 21:35:04,REAL,2704526710,482,2704527192,2704527192
2025-06-18 21:35:06,REAL,2704527192,490,2704527682,2704527682
2025-06-18 21:35:08,REAL,2704527682,486,2704528168,2704528168
2025-06-18 21:35:10,REAL,2704528168,488,2704528656,2704528656
2025-06-18 21:35:12,REAL,2704528656,482,2704529138,2704529138
2025-06-18 21:35:14,REAL,2704529138,541,2704529679,2704529679
2025-06-18 21:35:16,REAL,2704529679,482,2704530161,2704530161
2025-06-18 21:35:18,REAL,2704530161,481,2704530642,2704530642
2025-06-18 21:35:20,REAL,2704530642,10197,2704540839,2704540839
2025-06-18 21:35:22,REAL,2704540839,10456,2704551295,2704551295
2025-06-18 21:35:24,REAL,2704551295,10315,2704561610,2704561610
2025-06-18 21:35:26,REAL,2704561610,10189,2704571799,2704571799
2025-06-18 21:35:28,REAL,2704571799,10256,2704582055,2704582055
2025-06-18 21:35:30,REAL,2704582055,10325,2704592380,2704592380
2025-06-18 21:35:32,REAL,2704592380,10253,2704602633,2704602633
2025-06-18 21:35:34,REAL,2704602633,6951,2704609584,2704609584
2025-06-18 21:35:36,REAL,2704609584,483,2704610067,2704610067
2025-06-18 21:35:38,REAL,2704610067,477,2704610544,2704610544
2025-06-18 21:35:40,REAL,2704610544,494,2704611038,2704611038
2025-06-18 21:35:42,REAL,2704611038,479,2704611517,2704611517
2025-06-18 21:35:44,REAL,2704611517,485,2704612002,2704612002
2025-06-18 21:35:46,REAL,2704612002,491,2704612493,2704612493
2025-06-18 21:35:48,REAL,2704612493,544,2704613037,2704613037
2025-06-18 21:35:50,REAL,2704613037,490,2704613527,2704613527
2025-06-18 21:35:52,REAL,2704613527,10729,2704624256,2704624256
2025-06-18 21:35:54,REAL,2704624256,10312,2704634568,2704634568
2025-06-18 21:35:56,REAL,2704634568,10256,2704644824,2704644824
2025-06-18 21:35:58,REAL,2704644824,10251,2704655075,2704655075
2025-06-18 21:36:00,REAL,2704655075,10317,2704665392,2704665392
2025-06-18 21:36:02,REAL,2704665392,10249,2704675641,2704675641
2025-06-18 21:36:04,REAL,2704675641,10255,2704685896,2704685896
2025-06-18 21:36:06,REAL,2704685896,6357,2704692253,2704692253
2025-06-18 21:36:08,REAL,2704692253,474,2704692727,2704692727
2025-06-18 21:36:10,REAL,2704692727,489,2704693216,2704693216
2025-06-18 21:36:12,REAL,2704693216,239,2704693455,2704693455
2025-06-18 21:36:14,REAL,2704693455,488,2704693943,2704693943
2025-06-18 21:36:16,REAL,2704693943,480,2704694423,2704694423
2025-06-18 21:36:18,REAL,2704694423,478,2704694901,2704694901
2025-06-18 21:36:20,REAL,2704694901,481,2704695382,2704695382
2025-06-18 21:36:22,REAL,2704695382,533,2704695915,2704695915
2025-06-18 21:36:24,REAL,2704695915,14023,2704709938,2704709938
2025-06-18 21:36:26,REAL,2704709938,10256,2704720194,2704720194
2025-06-18 21:36:28,REAL,2704720194,10248,2704730442,2704730442
2025-06-18 21:36:30,REAL,2704730442,10255,2704740697,2704740697
2025-06-18 21:36:32,REAL,2704740697,10320,2704751017,2704751017
2025-06-18 21:36:34,REAL,2704751017,10253,2704761270,2704761270
2025-06-18 21:36:36,REAL,2704761270,10249,2704771519,2704771519
2025-06-18 21:36:38,REAL,2704771519,5696,2704777215,2704777215
2025-06-18 21:36:40,REAL,2704777215,486,2704777701,2704777701
2025-06-18 21:36:42,REAL,2704777701,481,2704778182,2704778182
2025-06-18 21:36:44,REAL,2704778182,489,2704778671,2704778671
2025-06-18 21:36:46,REAL,2704778671,489,2704779160,2704779160
2025-06-18 21:36:48,REAL,2704779160,489,2704779649,2704779649
2025-06-18 21:36:50,REAL,2704779649,481,2704780130,2704780130
2025-06-18 21:36:52,REAL,2704780130,484,2704780614,2704780614
2025-06-18 21:36:54,REAL,2704780614,484,2704781098,2704781098
2025-06-18 21:36:56,REAL,2704781098,494,2704781592,2704781592
2025-06-18 21:36:58,REAL,2704781592,532,2704782124,2704782124
2025-06-18 21:37:00,REAL,2704782124,488,2704782612,2704782612
2025-06-18 21:37:02,REAL,2704782612,477,2704783089,2704783089
2025-06-18 21:37:04,REAL,2704783089,486,2704783575,2704783575
2025-06-18 21:37:06,REAL,2704783575,487,2704784062,2704784062
2025-06-18 21:37:08,REAL,2704784062,478,2704784540,2704784540
2025-06-18 21:37:10,REAL,2704784540,541,2704785081,2704785081
2025-06-18 21:37:12,REAL,2704785081,491,2704785572,2704785572
2025-06-18 21:37:14,REAL,2704785572,483,2704786055,2704786055
2025-06-18 21:37:16,REAL,2704786055,485,2704786540,2704786540
2025-06-18 21:37:18,REAL,2704786540,477,2704787017,2704787017
2025-06-18 21:37:20,REAL,2704787017,487,2704787504,2704787504
2025-06-18 21:37:22,REAL,2704787504,475,2704787979,2704787979
2025-06-18 21:37:24,REAL,2704787979,485,2704788464,2704788464
2025-06-18 21:37:26,REAL,2704788464,479,2704788943,2704788943
2025-06-18 21:37:28,REAL,2704788943,475,2704789418,2704789418
2025-06-18 21:37:30,REAL,2704789418,477,2704789895,2704789895
2025-06-18 21:37:32,REAL,2704789895,544,2704790439,2704790439
2025-06-18 21:37:34,REAL,2704790439,481,2704790920,2704790920
2025-06-18 21:37:36,REAL,2704790920,481,2704791401,2704791401
2025-06-18 21:37:38,REAL,2704791401,491,2704791892,2704791892
2025-06-18 21:37:40,REAL,2704791892,477,2704792369,2704792369
2025-06-18 21:37:42,REAL,2704792369,487,2704792856,2704792856
2025-06-18 21:37:44,REAL,2704792856,481,2704793337,2704793337
2025-06-18 21:37:46,REAL,2704793337,487,2704793824,2704793824
2025-06-18 21:37:48,REAL,2704793824,484,2704794308,2704794308
2025-06-18 21:37:50,REAL,2704794308,487,2704794795,2704794795
2025-06-18 21:37:52,REAL,2704794795,487,2704795282,2704795282
2025-06-18 21:37:54,REAL,2704795282,479,2704795761,2704795761
2025-06-18 21:37:56,REAL,2704795761,484,2704796245,2704796245
2025-06-18 21:37:58,REAL,2704796245,2390,2704798635,2704798635
2025-06-18 21:38:00,REAL,2704798635,12229,2704810864,2704810864
2025-06-18 21:38:02,REAL,2704810864,10320,2704821184,2704821184
2025-06-18 21:38:04,REAL,2704821184,10306,2704831490,2704831490
2025-06-18 21:38:06,REAL,2704831490,10253,2704841743,2704841743
2025-06-18 21:38:08,REAL,2704841743,10318,2704852061,2704852061
2025-06-18 21:38:10,REAL,2704852061,10243,2704862304,2704862304
2025-06-18 21:38:12,REAL,2704862304,10319,2704872623,2704872623
2025-06-18 21:38:14,REAL,2704872623,3790,2704876413,2704876413
2025-06-18 21:38:16,REAL,2704876413,483,2704876896,2704876896
2025-06-18 21:38:18,REAL,2704876896,480,2704877376,2704877376
2025-06-18 21:38:20,REAL,2704877376,485,2704877861,2704877861
2025-06-18 21:38:22,REAL,2704877861,475,2704878336,2704878336
2025-06-18 21:38:24,REAL,2704878336,483,2704878819,2704878819
2025-06-18 21:38:26,REAL,2704878819,490,2704879309,2704879309
2025-06-18 21:38:28,REAL,2704879309,488,2704879797,2704879797
2025-06-18 21:38:30,REAL,2704879797,483,2704880280,2704880280
2025-06-18 21:38:32,REAL,2704880280,481,2704880761,2704880761
2025-06-18 21:38:34,REAL,2704880761,486,2704881247,2704881247
2025-06-18 21:38:36,REAL,2704881247,490,2704881737,2704881737
2025-06-18 21:38:38,REAL,2704881737,487,2704882224,2704882224
2025-06-18 21:38:40,REAL,2704882224,477,2704882701,2704882701
2025-06-18 21:38:42,REAL,2704882701,482,2704883183,2704883183
2025-06-18 21:38:44,REAL,2704883183,538,2704883721,2704883721
2025-06-18 21:38:46,REAL,2704883721,487,2704884208,2704884208
2025-06-18 21:38:48,REAL,2704884208,475,2704884683,2704884683
2025-06-18 21:38:50,REAL,2704884683,541,2704885224,2704885224
2025-06-18 21:38:52,REAL,2704885224,490,2704885714,2704885714
2025-06-18 21:38:54,REAL,2704885714,482,2704886196,2704886196
2025-06-18 21:38:56,REAL,2704886196,491,2704886687,2704886687
2025-06-18 21:38:58,REAL,2704886687,486,2704887173,2704887173
2025-06-18 21:39:00,REAL,2704887173,478,2704887651,2704887651
2025-06-18 21:39:02,REAL,2704887651,481,2704888132,2704888132
2025-06-18 21:39:04,REAL,2704888132,480,2704888612,2704888612
2025-06-18 21:39:06,REAL,2704888612,484,2704889096,2704889096
2025-06-18 21:39:08,REAL,2704889096,484,2704889580,2704889580
2025-06-18 21:39:10,REAL,2704889580,479,2704890059,2704890059
2025-06-18 21:39:12,REAL,2704890059,486,2704890545,2704890545
2025-06-18 21:39:14,REAL,2704890545,481,2704891026,2704891026
2025-06-18 21:39:16,REAL,2704891026,478,2704891504,2704891504
2025-06-18 21:39:18,REAL,2704891504,487,2704891991,2704891991
2025-06-18 21:39:20,REAL,2704891991,484,2704892475,2704892475
2025-06-18 21:39:22,REAL,2704892475,486,2704892961,2704892961
2025-06-18 21:39:24,REAL,2704892961,489,2704893450,2704893450
2025-06-18 21:39:26,REAL,2704893450,478,2704893928,2704893928
2025-06-18 21:39:28,REAL,2704893928,486,2704894414,2704894414
2025-06-18 21:39:30,REAL,2704894414,541,2704894955,2704894955
2025-06-18 21:39:32,REAL,2704894955,490,2704895445,2704895445
2025-06-18 21:39:34,REAL,2704895445,534,2704895979,2704895979
2025-06-18 21:39:36,REAL,2704895979,486,2704896465,2704896465
2025-06-18 21:39:38,REAL,2704896465,483,2704896948,2704896948
2025-06-18 21:39:40,REAL,2704896948,490,2704897438,2704897438
2025-06-18 21:39:42,REAL,2704897438,484,2704897922,2704897922
2025-06-18 21:39:44,REAL,2704897922,486,2704898408,2704898408
2025-06-18 21:39:46,REAL,2704898408,483,2704898891,2704898891
2025-06-18 21:39:48,REAL,2704898891,482,2704899373,2704899373
2025-06-18 21:39:50,REAL,2704899373,479,2704899852,2704899852
2025-06-18 21:39:52,REAL,2704899852,480,2704900332,2704900332
2025-06-18 21:39:54,REAL,2704900332,483,2704900815,2704900815
2025-06-18 21:39:56,REAL,2704900815,487,2704901302,2704901302
2025-06-18 21:39:58,REAL,2704901302,474,2704901776,2704901776
2025-06-18 21:40:00,REAL,2704901776,492,2704902268,2704902268
2025-06-18 21:40:02,REAL,2704902268,490,2704902758,2704902758
2025-06-18 21:40:04,REAL,2704902758,491,2704903249,2704903249
2025-06-18 21:40:06,REAL,2704903249,485,2704903734,2704903734
2025-06-18 21:40:08,REAL,2704903734,491,2704904225,2704904225
2025-06-18 21:40:10,REAL,2704904225,480,2704904705,2704904705
2025-06-18 21:40:12,REAL,2704904705,480,2704905185,2704905185
2025-06-18 21:40:14,REAL,2704905185,547,2704905732,2704905732
2025-06-18 21:40:16,REAL,2704905732,482,2704906214,2704906214
2025-06-18 21:40:18,REAL,2704906214,477,2704906691,2704906691
2025-06-18 21:40:20,REAL,2704906691,535,2704907226,2704907226
2025-06-18 21:40:22,REAL,2704907226,483,2704907709,2704907709
2025-06-18 21:40:24,REAL,2704907709,484,2704908193,2704908193
2025-06-18 21:40:26,REAL,2704908193,482,2704908675,2704908675
2025-06-18 21:40:28,REAL,2704908675,487,2704909162,2704909162
2025-06-18 21:40:30,REAL,2704909162,488,2704909650,2704909650
2025-06-18 21:40:32,REAL,2704909650,487,2704910137,2704910137
2025-06-18 21:40:34,REAL,2704910137,475,2704910612,2704910612
2025-06-18 21:40:36,REAL,2704910612,485,2704911097,2704911097
2025-06-18 21:40:38,REAL,2704911097,479,2704911576,2704911576
2025-06-18 21:40:40,REAL,2704911576,489,2704912065,2704912065
2025-06-18 21:40:42,REAL,2704912065,545,2704912610,2704912610
2025-06-18 21:40:44,REAL,2704912610,485,2704913095,2704913095
2025-06-18 21:40:46,REAL,2704913095,485,2704913580,2704913580
2025-06-18 21:40:48,REAL,2704913580,481,2704914061,2704914061
2025-06-18 21:40:50,REAL,2704914061,485,2704914546,2704914546
2025-06-18 21:40:52,REAL,2704914546,487,2704915033,2704915033
2025-06-18 21:40:54,REAL,2704915033,484,2704915517,2704915517
2025-06-18 21:40:56,REAL,2704915517,483,2704916000,2704916000
2025-06-18 21:40:58,REAL,2704916000,484,2704916484,2704916484
2025-06-18 21:41:00,REAL,2704916484,485,2704916969,2704916969
2025-06-18 21:41:02,REAL,2704916969,476,2704917445,2704917445
2025-06-18 21:41:04,REAL,2704917445,543,2704917988,2704917988
2025-06-18 21:41:06,REAL,2704917988,484,2704918472,2704918472
2025-06-18 21:41:08,REAL,2704918472,540,2704919012,2704919012
2025-06-18 21:41:10,REAL,2704919012,494,2704919506,2704919506
2025-06-18 21:41:12,REAL,2704919506,482,2704919988,2704919988
2025-06-18 21:41:14,REAL,2704919988,492,2704920480,2704920480
2025-06-18 21:41:16,REAL,2704920480,481,2704920961,2704920961
2025-06-18 21:41:18,REAL,2704920961,479,2704921440,2704921440
2025-06-18 21:41:20,REAL,2704921440,484,2704921924,2704921924
2025-06-18 21:41:22,REAL,2704921924,477,2704922401,2704922401
2025-06-18 21:41:24,REAL,2704922401,488,2704922889,2704922889
2025-06-18 21:41:26,REAL,2704922889,482,2704923371,2704923371
2025-06-18 21:41:28,REAL,2704923371,485,2704923856,2704923856
2025-06-18 21:41:30,REAL,2704923856,481,2704924337,2704924337
2025-06-18 21:41:32,REAL,2704924337,482,2704924819,2704924819
2025-06-18 21:41:34,REAL,2704924819,548,2704925367,2704925367
2025-06-18 21:41:36,REAL,2704925367,484,2704925851,2704925851
2025-06-18 21:41:38,REAL,2704925851,485,2704926336,2704926336
2025-06-18 21:41:40,REAL,2704926336,484,2704926820,2704926820
2025-06-18 21:41:42,REAL,2704926820,474,2704927294,2704927294
2025-06-18 21:41:44,REAL,2704927294,487,2704927781,2704927781
2025-06-18 21:41:46,REAL,2704927781,1746,2704929527,2704929527
2025-06-18 21:41:48,REAL,2704929527,11368,2704940895,2704940895
2025-06-18 21:41:50,REAL,2704940895,10380,2704951275,2704951275
2025-06-18 21:41:52,REAL,2704951275,10246,2704961521,2704961521
2025-06-18 21:41:54,REAL,2704961521,10326,2704971847,2704971847
2025-06-18 21:41:56,REAL,2704971847,10250,2704982097,2704982097
2025-06-18 21:41:58,REAL,2704982097,10251,2704992348,2704992348
2025-06-18 21:42:00,REAL,2704992348,10313,2705002661,2705002661
2025-06-18 21:42:02,REAL,2705002661,4315,2705006976,2705006976
2025-06-18 21:42:04,REAL,2705006976,484,2705007460,2705007460
2025-06-18 21:42:06,REAL,2705007460,477,2705007937,2705007937
2025-06-18 21:42:08,REAL,2705007937,483,2705008420,2705008420
2025-06-18 21:42:10,REAL,2705008420,480,2705008900,2705008900
2025-06-18 21:42:12,REAL,2705008900,540,2705009440,2705009440
2025-06-18 21:42:14,REAL,2705009440,478,2705009918,2705009918
2025-06-18 21:42:16,REAL,2705009918,481,2705010399,2705010399
2025-06-18 21:42:18,REAL,2705010399,478,2705010877,2705010877
2025-06-18 21:42:20,REAL,2705010877,483,2705011360,2705011360
2025-06-18 21:42:22,REAL,2705011360,482,2705011842,2705011842
2025-06-18 21:42:24,REAL,2705011842,486,2705012328,2705012328
2025-06-18 21:42:26,REAL,2705012328,474,2705012802,2705012802
2025-06-18 21:42:28,REAL,2705012802,484,2705013286,2705013286
2025-06-18 21:42:30,REAL,2705013286,493,2705013779,2705013779
2025-06-18 21:42:32,REAL,2705013779,491,2705014270,2705014270
2025-06-18 21:42:34,REAL,2705014270,540,2705014810,2705014810
2025-06-18 21:42:36,REAL,2705014810,480,2705015290,2705015290
2025-06-18 21:42:38,REAL,2705015290,491,2705015781,2705015781
2025-06-18 21:42:40,REAL,2705015781,539,2705016320,2705016320
2025-06-18 21:42:42,REAL,2705016320,482,2705016802,2705016802
2025-06-18 21:42:44,REAL,2705016802,484,2705017286,2705017286
2025-06-18 21:42:46,REAL,2705017286,488,2705017774,2705017774
2025-06-18 21:42:48,REAL,2705017774,485,2705018259,2705018259
2025-06-18 21:42:50,REAL,2705018259,483,2705018742,2705018742
2025-06-18 21:42:52,REAL,2705018742,485,2705019227,2705019227
2025-06-18 21:42:54,REAL,2705019227,476,2705019703,2705019703
2025-06-18 21:42:56,REAL,2705019703,487,2705020190,2705020190
2025-06-18 21:42:58,REAL,2705020190,483,2705020673,2705020673
2025-06-18 21:43:00,REAL,2705020673,482,2705021155,2705021155
2025-06-18 21:43:02,REAL,2705021155,479,2705021634,2705021634
2025-06-18 21:43:04,REAL,2705021634,490,2705022124,2705022124
2025-06-18 21:43:06,REAL,2705022124,3726,2705025850,2705025850
2025-06-18 21:43:08,REAL,2705025850,11571,2705037421,2705037421
2025-06-18 21:43:10,REAL,2705037421,10255,2705047676,2705047676
2025-06-18 21:43:12,REAL,2705047676,10252,2705057928,2705057928
2025-06-18 21:43:14,REAL,2705057928,10315,2705068243,2705068243
2025-06-18 21:43:16,REAL,2705068243,10250,2705078493,2705078493
2025-06-18 21:43:18,REAL,2705078493,10312,2705088805,2705088805
2025-06-18 21:43:20,REAL,2705088805,10311,2705099116,2705099116
2025-06-18 21:43:22,REAL,2705099116,2724,2705101840,2705101840
2025-06-18 21:43:24,REAL,2705101840,480,2705102320,2705102320
2025-06-18 21:43:26,REAL,2705102320,484,2705102804,2705102804
2025-06-18 21:43:28,REAL,2705102804,478,2705103282,2705103282
2025-06-18 21:43:30,REAL,2705103282,482,2705103764,2705103764
2025-06-18 21:43:32,REAL,2705103764,488,2705104252,2705104252
2025-06-18 21:43:34,REAL,2705104252,535,2705104787,2705104787
2025-06-18 21:43:36,REAL,2705104787,475,2705105262,2705105262
2025-06-18 21:43:38,REAL,2705105262,489,2705105751,2705105751
2025-06-18 21:43:40,REAL,2705105751,490,2705106241,2705106241
2025-06-18 21:43:42,REAL,2705106241,491,2705106732,2705106732
2025-06-18 21:43:44,REAL,2705106732,479,2705107211,2705107211
2025-06-18 21:43:46,REAL,2705107211,492,2705107703,2705107703
2025-06-18 21:43:48,REAL,2705107703,490,2705108193,2705108193
2025-06-18 21:43:50,REAL,2705108193,484,2705108677,2705108677
2025-06-18 21:43:52,REAL,2705108677,489,2705109166,2705109166
2025-06-18 21:43:54,REAL,2705109166,481,2705109647,2705109647
2025-06-18 21:43:56,REAL,2705109647,480,2705110127,2705110127
2025-06-18 21:43:58,REAL,2705110127,492,2705110619,2705110619
2025-06-18 21:44:00,REAL,2705110619,591,2705111210,2705111210
2025-06-18 21:44:02,REAL,2705111210,482,2705111692,2705111692
2025-06-18 21:44:04,REAL,2705111692,476,2705112168,2705112168
2025-06-18 21:44:06,REAL,2705112168,482,2705112650,2705112650
2025-06-18 21:44:08,REAL,2705112650,479,2705113129,2705113129
2025-06-18 21:44:10,REAL,2705113129,479,2705113608,2705113608
2025-06-18 21:44:12,REAL,2705113608,489,2705114097,2705114097
2025-06-18 21:44:14,REAL,2705114097,484,2705114581,2705114581
2025-06-18 21:44:16,REAL,2705114581,485,2705115066,2705115066
2025-06-18 21:44:18,REAL,2705115066,476,2705115542,2705115542
2025-06-18 21:44:20,REAL,2705115542,487,2705116029,2705116029
2025-06-18 21:44:22,REAL,2705116029,479,2705116508,2705116508
2025-06-18 21:44:24,REAL,2705116508,475,2705116983,2705116983
2025-06-18 21:44:26,REAL,2705116983,533,2705117516,2705117516
2025-06-18 21:44:28,REAL,2705117516,484,2705118000,2705118000
2025-06-18 21:44:30,REAL,2705118000,478,2705118478,2705118478
2025-06-18 21:44:32,REAL,2705118478,489,2705118967,2705118967
2025-06-18 21:44:34,REAL,2705118967,492,2705119459,2705119459
2025-06-18 21:44:36,REAL,2705119459,481,2705119940,2705119940
2025-06-18 21:44:38,REAL,2705119940,486,2705120426,2705120426
2025-06-18 21:44:40,REAL,2705120426,492,2705120918,2705120918
2025-06-18 21:44:42,REAL,2705120918,540,2705121458,2705121458
2025-06-18 21:44:44,REAL,2705121458,477,2705121935,2705121935
2025-06-18 21:44:46,REAL,2705121935,484,2705122419,2705122419
2025-06-18 21:44:48,REAL,2705122419,484,2705122903,2705122903
2025-06-18 21:44:50,REAL,2705122903,490,2705123393,2705123393
2025-06-18 21:44:52,REAL,2705123393,484,2705123877,2705123877
2025-06-18 21:44:54,REAL,2705123877,545,2705124422,2705124422
2025-06-18 21:44:56,REAL,2705124422,478,2705124900,2705124900
2025-06-18 21:44:58,REAL,2705124900,480,2705125380,2705125380
2025-06-18 21:45:00,REAL,2705125380,487,2705125867,2705125867
2025-06-18 21:45:02,REAL,2705125867,479,2705126346,2705126346
2025-06-18 21:45:04,REAL,2705126346,483,2705126829,2705126829
2025-06-18 21:45:06,REAL,2705126829,481,2705127310,2705127310
2025-06-18 21:45:08,REAL,2705127310,490,2705127800,2705127800
2025-06-18 21:45:10,REAL,2705127800,481,2705128281,2705128281
2025-06-18 21:45:12,REAL,2705128281,484,2705128765,2705128765
2025-06-18 21:45:14,REAL,2705128765,536,2705129301,2705129301
2025-06-18 21:45:16,REAL,2705129301,486,2705129787,2705129787
2025-06-18 21:45:18,REAL,2705129787,485,2705130272,2705130272
2025-06-18 21:45:20,REAL,2705130272,484,2705130756,2705130756
2025-06-18 21:45:22,REAL,2705130756,543,2705131299,2705131299
2025-06-18 21:45:24,REAL,2705131299,483,2705131782,2705131782
2025-06-18 21:45:26,REAL,2705131782,482,2705132264,2705132264
2025-06-18 21:45:28,REAL,2705132264,492,2705132756,2705132756
2025-06-18 21:45:30,REAL,2705132756,7685,2705140441,2705140441
2025-06-18 21:45:32,REAL,2705140441,11173,2705151614,2705151614
2025-06-18 21:45:34,REAL,2705151614,10262,2705161876,2705161876
2025-06-18 21:45:36,REAL,2705161876,10392,2705172268,2705172268
2025-06-18 21:45:38,REAL,2705172268,10181,2705182449,2705182449
2025-06-18 21:45:40,REAL,2705182449,10255,2705192704,2705192704
2025-06-18 21:45:42,REAL,2705192704,10252,2705202956,2705202956
2025-06-18 21:45:44,REAL,2705202956,9731,2705212687,2705212687
2025-06-18 21:45:46,REAL,2705212687,485,2705213172,2705213172
2025-06-18 21:45:48,REAL,2705213172,489,2705213661,2705213661
2025-06-18 21:45:50,REAL,2705213661,544,2705214205,2705214205
2025-06-18 21:45:52,REAL,2705214205,494,2705214699,2705214699
2025-06-18 21:45:54,REAL,2705214699,486,2705215185,2705215185
2025-06-18 21:45:56,REAL,2705215185,488,2705215673,2705215673
2025-06-18 21:45:58,REAL,2705215673,480,2705216153,2705216153
2025-06-18 21:46:00,REAL,2705216153,487,2705216640,2705216640
2025-06-18 21:46:02,REAL,2705216640,480,2705217120,2705217120
2025-06-18 21:46:04,REAL,2705217120,482,2705217602,2705217602
2025-06-18 21:46:06,REAL,2705217602,539,2705218141,2705218141
2025-06-18 21:46:08,REAL,2705218141,479,2705218620,2705218620
2025-06-18 21:46:10,REAL,2705218620,486,2705219106,2705219106
2025-06-18 21:46:12,REAL,2705219106,541,2705219647,2705219647
2025-06-18 21:46:14,REAL,2705219647,482,2705220129,2705220129
2025-06-18 21:46:16,REAL,2705220129,491,2705220620,2705220620
2025-06-18 21:46:18,REAL,2705220620,482,2705221102,2705221102
2025-06-18 21:46:20,REAL,2705221102,486,2705221588,2705221588
2025-06-18 21:46:22,REAL,2705221588,1937,2705223525,2705223525
2025-06-18 21:46:24,REAL,2705223525,11770,2705235295,2705235295
2025-06-18 21:46:26,REAL,2705235295,10255,2705245550,2705245550
2025-06-18 21:46:28,REAL,2705245550,10315,2705255865,2705255865
2025-06-18 21:46:30,REAL,2705255865,10259,2705266124,2705266124
2025-06-18 21:46:32,REAL,2705266124,10322,2705276446,2705276446
2025-06-18 21:46:34,REAL,2705276446,10257,2705286703,2705286703
2025-06-18 21:46:36,REAL,2705286703,10259,2705296962,2705296962
2025-06-18 21:46:38,REAL,2705296962,4046,2705301008,2705301008
2025-06-18 21:46:40,REAL,2705301008,485,2705301493,2705301493
2025-06-18 21:46:42,REAL,2705301493,484,2705301977,2705301977
2025-06-18 21:46:44,REAL,2705301977,543,2705302520,2705302520
2025-06-18 21:46:46,REAL,2705302520,486,2705303006,2705303006
2025-06-18 21:46:48,REAL,2705303006,544,2705303550,2705303550
2025-06-18 21:46:50,REAL,2705303550,487,2705304037,2705304037
2025-06-18 21:46:52,REAL,2705304037,484,2705304521,2705304521
2025-06-18 21:46:54,REAL,2705304521,486,2705305007,2705305007
2025-06-18 21:46:56,REAL,2705305007,477,2705305484,2705305484
2025-06-18 21:46:58,REAL,2705305484,487,2705305971,2705305971
2025-06-18 21:47:00,REAL,2705305971,479,2705306450,2705306450
2025-06-18 21:47:02,REAL,2705306450,483,2705306933,2705306933
2025-06-18 21:47:04,REAL,2705306933,541,2705307474,2705307474
2025-06-18 21:47:06,REAL,2705307474,491,2705307965,2705307965
2025-06-18 21:47:08,REAL,2705307965,486,2705308451,2705308451
2025-06-18 21:47:10,REAL,2705308451,487,2705308938,2705308938
2025-06-18 21:47:12,REAL,2705308938,485,2705309423,2705309423
2025-06-18 21:47:14,REAL,2705309423,481,2705309904,2705309904
2025-06-18 21:47:16,REAL,2705309904,489,2705310393,2705310393
2025-06-18 21:47:18,REAL,2705310393,481,2705310874,2705310874
2025-06-18 21:47:20,REAL,2705310874,490,2705311364,2705311364
2025-06-18 21:47:22,REAL,2705311364,481,2705311845,2705311845
2025-06-18 21:47:24,REAL,2705311845,477,2705312322,2705312322
2025-06-18 21:47:26,REAL,2705312322,540,2705312862,2705312862
2025-06-18 21:47:28,REAL,2705312862,480,2705313342,2705313342
2025-06-18 21:47:30,REAL,2705313342,477,2705313819,2705313819
2025-06-18 21:47:32,REAL,2705313819,531,2705314350,2705314350
2025-06-18 21:47:34,REAL,2705314350,475,2705314825,2705314825
2025-06-18 21:47:36,REAL,2705314825,487,2705315312,2705315312
2025-06-18 21:47:38,REAL,2705315312,486,2705315798,2705315798
2025-06-18 21:47:40,REAL,2705315798,476,2705316274,2705316274
2025-06-18 21:47:42,REAL,2705316274,476,2705316750,2705316750
2025-06-18 21:47:44,REAL,2705316750,483,2705317233,2705317233
2025-06-18 21:47:46,REAL,2705317233,540,2705317773,2705317773
2025-06-18 21:47:48,REAL,2705317773,482,2705318255,2705318255
2025-06-18 21:47:50,REAL,2705318255,479,2705318734,2705318734
2025-06-18 21:47:52,REAL,2705318734,487,2705319221,2705319221
2025-06-18 21:47:54,REAL,2705319221,475,2705319696,2705319696
2025-06-18 21:47:56,REAL,2705319696,479,2705320175,2705320175
2025-06-18 21:47:58,REAL,2705320175,484,2705320659,2705320659
2025-06-18 21:48:00,REAL,2705320659,484,2705321143,2705321143
2025-06-18 21:48:02,REAL,2705321143,486,2705321629,2705321629
2025-06-18 21:48:04,REAL,2705321629,476,2705322105,2705322105
2025-06-18 21:48:06,REAL,2705322105,485,2705322590,2705322590
2025-06-18 21:48:08,REAL,2705322590,537,2705323127,2705323127
2025-06-18 21:48:10,REAL,2705323127,484,2705323611,2705323611
2025-06-18 21:48:12,REAL,2705323611,491,2705324102,2705324102
2025-06-18 21:48:14,REAL,2705324102,540,2705324642,2705324642
2025-06-18 21:48:16,REAL,2705324642,481,2705325123,2705325123
2025-06-18 21:48:18,REAL,2705325123,481,2705325604,2705325604
2025-06-18 21:48:20,REAL,2705325604,488,2705326092,2705326092
2025-06-18 21:48:22,REAL,2705326092,492,2705326584,2705326584
2025-06-18 21:48:24,REAL,2705326584,487,2705327071,2705327071
2025-06-18 21:48:26,REAL,2705327071,488,2705327559,2705327559
2025-06-18 21:48:28,REAL,2705327559,537,2705328096,2705328096
2025-06-18 21:48:30,REAL,2705328096,484,2705328580,2705328580
2025-06-18 21:48:32,REAL,2705328580,483,2705329063,2705329063
2025-06-18 21:48:34,REAL,2705329063,485,2705329548,2705329548
2025-06-18 21:48:36,REAL,2705329548,484,2705330032,2705330032
2025-06-18 21:48:38,REAL,2705330032,489,2705330521,2705330521
2025-06-18 21:48:40,REAL,2705330521,484,2705331005,2705331005
2025-06-18 21:48:42,REAL,2705331005,490,2705331495,2705331495
2025-06-18 21:48:44,REAL,2705331495,486,2705331981,2705331981
2025-06-18 21:48:46,REAL,2705331981,483,2705332464,2705332464
2025-06-18 21:48:48,REAL,2705332464,479,2705332943,2705332943
2025-06-18 21:48:50,REAL,2705332943,594,2705333537,2705333537
2025-06-18 21:48:52,REAL,2705333537,483,2705334020,2705334020
2025-06-18 21:48:54,REAL,2705334020,484,2705334504,2705334504
2025-06-18 21:48:56,REAL,2705334504,494,2705334998,2705334998
2025-06-18 21:48:58,REAL,2705334998,479,2705335477,2705335477
2025-06-18 21:49:00,REAL,2705335477,476,2705335953,2705335953
2025-06-18 21:49:02,REAL,2705335953,5638,2705341591,2705341591
2025-06-18 21:49:04,REAL,2705341591,11177,2705352768,2705352768
2025-06-18 21:49:06,REAL,2705352768,10256,2705363024,2705363024
2025-06-18 21:49:08,REAL,2705363024,10258,2705373282,2705373282
2025-06-18 21:49:10,REAL,2705373282,10252,2705383534,2705383534
2025-06-18 21:49:12,REAL,2705383534,10248,2705393782,2705393782
2025-06-18 21:49:14,REAL,2705393782,10254,2705404036,2705404036
2025-06-18 21:49:16,REAL,2705404036,10256,2705414292,2705414292
2025-06-18 21:49:18,REAL,2705414292,879,2705415171,2705415171
2025-06-18 21:49:20,REAL,2705415171,485,2705415656,2705415656
2025-06-18 21:49:22,REAL,2705415656,546,2705416202,2705416202
2025-06-18 21:49:24,REAL,2705416202,540,2705416742,2705416742
2025-06-18 21:49:26,REAL,2705416742,483,2705417225,2705417225
2025-06-18 21:49:28,REAL,2705417225,480,2705417705,2705417705
2025-06-18 21:49:30,REAL,2705417705,487,2705418192,2705418192
2025-06-18 21:49:32,REAL,2705418192,485,2705418677,2705418677
2025-06-18 21:49:34,REAL,2705418677,6493,2705425170,2705425170
2025-06-18 21:49:36,REAL,2705425170,11243,2705436413,2705436413
2025-06-18 21:49:38,REAL,2705436413,10253,2705446666,2705446666
2025-06-18 21:49:40,REAL,2705446666,10257,2705456923,2705456923
2025-06-18 21:49:42,REAL,2705456923,10319,2705467242,2705467242
2025-06-18 21:49:44,REAL,2705467242,10258,2705477500,2705477500
2025-06-18 21:49:46,REAL,2705477500,10253,2705487753,2705487753
2025-06-18 21:49:48,REAL,2705487753,10048,2705497801,2705497801
2025-06-18 21:49:50,REAL,2705497801,486,2705498287,2705498287
2025-06-18 21:49:52,REAL,2705498287,476,2705498763,2705498763
2025-06-18 21:49:54,REAL,2705498763,487,2705499250,2705499250
2025-06-18 21:49:56,REAL,2705499250,490,2705499740,2705499740
2025-06-18 21:49:58,REAL,2705499740,539,2705500279,2705500279
2025-06-18 21:50:00,REAL,2705500279,482,2705500761,2705500761
2025-06-18 21:50:02,REAL,2705500761,484,2705501245,2705501245
2025-06-18 21:50:04,REAL,2705501245,548,2705501793,2705501793
2025-06-18 21:50:06,REAL,2705501793,7157,2705508950,2705508950
2025-06-18 21:50:08,REAL,2705508950,10980,2705519930,2705519930
2025-06-18 21:50:10,REAL,2705519930,10315,2705530245,2705530245
2025-06-18 21:50:12,REAL,2705530245,10247,2705540492,2705540492
2025-06-18 21:50:14,REAL,2705540492,10315,2705550807,2705550807
2025-06-18 21:50:16,REAL,2705550807,10250,2705561057,2705561057
2025-06-18 21:50:18,REAL,2705561057,10326,2705571383,2705571383
2025-06-18 21:50:20,REAL,2705571383,9394,2705580777,2705580777
2025-06-18 21:50:22,REAL,2705580777,489,2705581266,2705581266
2025-06-18 21:50:24,REAL,2705581266,478,2705581744,2705581744
2025-06-18 21:50:26,REAL,2705581744,475,2705582219,2705582219
2025-06-18 21:50:28,REAL,2705582219,481,2705582700,2705582700
2025-06-18 21:50:30,REAL,2705582700,486,2705583186,2705583186
2025-06-18 21:50:32,REAL,2705583186,488,2705583674,2705583674
2025-06-18 21:50:34,REAL,2705583674,540,2705584214,2705584214
2025-06-18 21:50:36,REAL,2705584214,540,2705584754,2705584754
2025-06-18 21:50:38,REAL,2705584754,490,2705585244,2705585244
2025-06-18 21:50:40,REAL,2705585244,486,2705585730,2705585730
2025-06-18 21:50:42,REAL,2705585730,483,2705586213,2705586213
2025-06-18 21:50:44,REAL,2705586213,488,2705586701,2705586701
2025-06-18 21:50:46,REAL,2705586701,485,2705587186,2705587186
2025-06-18 21:50:48,REAL,2705587186,488,2705587674,2705587674
2025-06-18 21:50:50,REAL,2705587674,479,2705588153,2705588153
2025-06-18 21:50:52,REAL,2705588153,487,2705588640,2705588640
2025-06-18 21:50:54,REAL,2705588640,484,2705589124,2705589124
2025-06-18 21:50:56,REAL,2705589124,481,2705589605,2705589605
2025-06-18 21:50:58,REAL,2705589605,488,2705590093,2705590093
2025-06-18 21:51:00,REAL,2705590093,484,2705590577,2705590577
2025-06-18 21:51:02,REAL,2705590577,485,2705591062,2705591062
2025-06-18 21:51:04,REAL,2705591062,485,2705591547,2705591547
2025-06-18 21:51:06,REAL,2705591547,531,2705592078,2705592078
2025-06-18 21:51:08,REAL,2705592078,490,2705592568,2705592568
2025-06-18 21:51:10,REAL,2705592568,544,2705593112,2705593112
2025-06-18 21:51:12,REAL,2705593112,483,2705593595,2705593595
2025-06-18 21:51:14,REAL,2705593595,484,2705594079,2705594079
2025-06-18 21:51:16,REAL,2705594079,483,2705594562,2705594562
2025-06-18 21:51:18,REAL,2705594562,482,2705595044,2705595044
2025-06-18 21:51:20,REAL,2705595044,483,2705595527,2705595527
2025-06-18 21:51:22,REAL,2705595527,477,2705596004,2705596004
2025-06-18 21:51:24,REAL,2705596004,481,2705596485,2705596485
2025-06-18 21:51:26,REAL,2705596485,9528,2705606013,2705606013
2025-06-18 21:51:28,REAL,2705606013,10592,2705616605,2705616605
2025-06-18 21:51:30,REAL,2705616605,10254,2705626859,2705626859
2025-06-18 21:51:32,REAL,2705626859,10321,2705637180,2705637180
2025-06-18 21:51:34,REAL,2705637180,10254,2705647434,2705647434
2025-06-18 21:51:36,REAL,2705647434,10323,2705657757,2705657757
2025-06-18 21:51:38,REAL,2705657757,10260,2705668017,2705668017
2025-06-18 21:51:40,REAL,2705668017,7811,2705675828,2705675828
2025-06-18 21:51:42,REAL,2705675828,489,2705676317,2705676317
2025-06-18 21:51:44,REAL,2705676317,538,2705676855,2705676855
2025-06-18 21:51:46,REAL,2705676855,484,2705677339,2705677339
2025-06-18 21:51:48,REAL,2705677339,485,2705677824,2705677824
2025-06-18 21:51:50,REAL,2705677824,485,2705678309,2705678309
2025-06-18 21:51:52,REAL,2705678309,481,2705678790,2705678790
2025-06-18 21:51:54,REAL,2705678790,547,2705679337,2705679337
2025-06-18 21:51:56,REAL,2705679337,486,2705679823,2705679823
2025-06-18 21:51:58,REAL,2705679823,478,2705680301,2705680301
2025-06-18 21:52:00,REAL,2705680301,478,2705680779,2705680779
2025-06-18 21:52:02,REAL,2705680779,484,2705681263,2705681263
2025-06-18 21:52:04,REAL,2705681263,484,2705681747,2705681747
2025-06-18 21:52:06,REAL,2705681747,479,2705682226,2705682226
2025-06-18 21:52:08,REAL,2705682226,484,2705682710,2705682710
2025-06-18 21:52:10,REAL,2705682710,488,2705683198,2705683198
2025-06-18 21:52:12,REAL,2705683198,491,2705683689,2705683689
2025-06-18 21:52:14,REAL,2705683689,487,2705684176,2705684176
2025-06-18 21:52:16,REAL,2705684176,485,2705684661,2705684661
2025-06-18 21:52:18,REAL,2705684661,490,2705685151,2705685151
2025-06-18 21:52:20,REAL,2705685151,533,2705685684,2705685684
2025-06-18 21:52:22,REAL,2705685684,483,2705686167,2705686167
2025-06-18 21:52:24,REAL,2705686167,481,2705686648,2705686648
2025-06-18 21:52:26,REAL,2705686648,542,2705687190,2705687190
2025-06-18 21:52:28,REAL,2705687190,487,2705687677,2705687677
2025-06-18 21:52:30,REAL,2705687677,481,2705688158,2705688158
2025-06-18 21:52:32,REAL,2705688158,480,2705688638,2705688638
2025-06-18 21:52:34,REAL,2705688638,479,2705689117,2705689117
2025-06-18 21:52:36,REAL,2705689117,487,2705689604,2705689604
2025-06-18 21:52:38,REAL,2705689604,483,2705690087,2705690087
2025-06-18 21:52:40,REAL,2705690087,484,2705690571,2705690571
2025-06-18 21:52:42,REAL,2705690571,485,2705691056,2705691056
2025-06-18 21:52:44,REAL,2705691056,487,2705691543,2705691543
2025-06-18 21:52:46,REAL,2705691543,480,2705692023,2705692023
2025-06-18 21:52:48,REAL,2705692023,479,2705692502,2705692502
2025-06-18 21:52:50,REAL,2705692502,5112,2705697614,2705697614
2025-06-18 21:52:52,REAL,2705697614,10986,2705708600,2705708600
2025-06-18 21:52:54,REAL,2705708600,10253,2705718853,2705718853
2025-06-18 21:52:56,REAL,2705718853,10377,2705729230,2705729230
2025-06-18 21:52:58,REAL,2705729230,10250,2705739480,2705739480
2025-06-18 21:53:00,REAL,2705739480,10250,2705749730,2705749730
2025-06-18 21:53:02,REAL,2705749730,10317,2705760047,2705760047
2025-06-18 21:53:04,REAL,2705760047,10010,2705770057,2705770057
2025-06-18 21:53:06,REAL,2705770057,1410,2705771467,2705771467
2025-06-18 21:53:08,REAL,2705771467,484,2705771951,2705771951
2025-06-18 21:53:10,REAL,2705771951,482,2705772433,2705772433
2025-06-18 21:53:12,REAL,2705772433,476,2705772909,2705772909
2025-06-18 21:53:14,REAL,2705772909,486,2705773395,2705773395
2025-06-18 21:53:16,REAL,2705773395,486,2705773881,2705773881
2025-06-18 21:53:18,REAL,2705773881,479,2705774360,2705774360
2025-06-18 21:53:20,REAL,2705774360,477,2705774837,2705774837
2025-06-18 21:53:22,REAL,2705774837,6954,2705781791,2705781791
2025-06-18 21:53:24,REAL,2705781791,13021,2705794812,2705794812
2025-06-18 21:53:26,REAL,2705794812,10253,2705805065,2705805065
2025-06-18 21:53:28,REAL,2705805065,10251,2705815316,2705815316
2025-06-18 21:53:30,REAL,2705815316,10369,2705825685,2705825685
2025-06-18 21:53:32,REAL,2705825685,10250,2705835935,2705835935
2025-06-18 21:53:34,REAL,2705835935,10255,2705846190,2705846190
2025-06-18 21:53:36,REAL,2705846190,10247,2705856437,2705856437
2025-06-18 21:53:38,REAL,2705856437,685,2705857122,2705857122
2025-06-18 21:53:40,REAL,2705857122,487,2705857609,2705857609
2025-06-18 21:53:42,REAL,2705857609,488,2705858097,2705858097
2025-06-18 21:53:44,REAL,2705858097,483,2705858580,2705858580
2025-06-18 21:53:46,REAL,2705858580,489,2705859069,2705859069
2025-06-18 21:53:48,REAL,2705859069,489,2705859558,2705859558
2025-06-18 21:53:50,REAL,2705859558,490,2705860048,2705860048
2025-06-18 21:53:52,REAL,2705860048,540,2705860588,2705860588
2025-06-18 21:53:54,REAL,2705860588,6564,2705867152,2705867152
2025-06-18 21:53:56,REAL,2705867152,11046,2705878198,2705878198
2025-06-18 21:53:58,REAL,2705878198,10252,2705888450,2705888450
2025-06-18 21:54:00,REAL,2705888450,10253,2705898703,2705898703
2025-06-18 21:54:02,REAL,2705898703,10255,2705908958,2705908958
2025-06-18 21:54:04,REAL,2705908958,10260,2705919218,2705919218
2025-06-18 21:54:06,REAL,2705919218,10308,2705929526,2705929526
2025-06-18 21:54:08,REAL,2705929526,9855,2705939381,2705939381
2025-06-18 21:54:10,REAL,2705939381,484,2705939865,2705939865
2025-06-18 21:54:12,REAL,2705939865,484,2705940349,2705940349
2025-06-18 21:54:14,REAL,2705940349,493,2705940842,2705940842
2025-06-18 21:54:16,REAL,2705940842,488,2705941330,2705941330
2025-06-18 21:54:18,REAL,2705941330,492,2705941822,2705941822
2025-06-18 21:54:20,REAL,2705941822,484,2705942306,2705942306
2025-06-18 21:54:22,REAL,2705942306,481,2705942787,2705942787
2025-06-18 21:54:24,REAL,2705942787,536,2705943323,2705943323
2025-06-18 21:54:26,REAL,2705943323,7152,2705950475,2705950475
2025-06-18 21:54:28,REAL,2705950475,10708,2705961183,2705961183
2025-06-18 21:54:30,REAL,2705961183,10256,2705971439,2705971439
2025-06-18 21:54:32,REAL,2705971439,10248,2705981687,2705981687
2025-06-18 21:54:34,REAL,2705981687,10249,2705991936,2705991936
2025-06-18 21:54:36,REAL,2705991936,10248,2706002184,2706002184
2025-06-18 21:54:38,REAL,2706002184,10250,2706012434,2706012434
2025-06-18 21:54:40,REAL,2706012434,9250,2706021684,2706021684
2025-06-18 21:54:42,REAL,2706021684,478,2706022162,2706022162
2025-06-18 21:54:44,REAL,2706022162,485,2706022647,2706022647
2025-06-18 21:54:46,REAL,2706022647,491,2706023138,2706023138
2025-06-18 21:54:48,REAL,2706023138,488,2706023626,2706023626
2025-06-18 21:54:50,REAL,2706023626,481,2706024107,2706024107
2025-06-18 21:54:52,REAL,2706024107,484,2706024591,2706024591
2025-06-18 21:54:54,REAL,2706024591,487,2706025078,2706025078
2025-06-18 21:54:56,REAL,2706025078,549,2706025627,2706025627
2025-06-18 21:54:58,REAL,2706025627,8213,2706033840,2706033840
2025-06-18 21:55:00,REAL,2706033840,10984,2706044824,2706044824
2025-06-18 21:55:02,REAL,2706044824,10259,2706055083,2706055083
2025-06-18 21:55:04,REAL,2706055083,10246,2706065329,2706065329
2025-06-18 21:55:06,REAL,2706065329,10322,2706075651,2706075651
2025-06-18 21:55:08,REAL,2706075651,10256,2706085907,2706085907
2025-06-18 21:55:10,REAL,2706085907,10246,2706096153,2706096153
2025-06-18 21:55:12,REAL,2706096153,8665,2706104818,2706104818
2025-06-18 21:55:14,REAL,2706104818,536,2706105354,2706105354
2025-06-18 21:55:16,REAL,2706105354,489,2706105843,2706105843
2025-06-18 21:55:18,REAL,2706105843,481,2706106324,2706106324
2025-06-18 21:55:20,REAL,2706106324,477,2706106801,2706106801
2025-06-18 21:55:22,REAL,2706106801,479,2706107280,2706107280
2025-06-18 21:55:24,REAL,2706107280,479,2706107759,2706107759
2025-06-18 21:55:26,REAL,2706107759,486,2706108245,2706108245
2025-06-18 21:55:28,REAL,2706108245,481,2706108726,2706108726
2025-06-18 21:55:30,REAL,2706108726,489,2706109215,2706109215
2025-06-18 21:55:32,REAL,2706109215,484,2706109699,2706109699
2025-06-18 21:55:34,REAL,2706109699,492,2706110191,2706110191
2025-06-18 21:55:36,REAL,2706110191,484,2706110675,2706110675
2025-06-18 21:55:38,REAL,2706110675,483,2706111158,2706111158
2025-06-18 21:55:40,REAL,2706111158,534,2706111692,2706111692
2025-06-18 21:55:42,REAL,2706111692,486,2706112178,2706112178
2025-06-18 21:55:44,REAL,2706112178,483,2706112661,2706112661
2025-06-18 21:55:46,REAL,2706112661,482,2706113143,2706113143
2025-06-18 21:55:48,REAL,2706113143,541,2706113684,2706113684
2025-06-18 21:55:50,REAL,2706113684,487,2706114171,2706114171
2025-06-18 21:55:52,REAL,2706114171,478,2706114649,2706114649
2025-06-18 21:55:54,REAL,2706114649,487,2706115136,2706115136
2025-06-18 21:55:56,REAL,2706115136,484,2706115620,2706115620
2025-06-18 21:55:58,REAL,2706115620,486,2706116106,2706116106
2025-06-18 21:56:00,REAL,2706116106,486,2706116592,2706116592
2025-06-18 21:56:02,REAL,2706116592,10254,2706126846,2706126846
2025-06-18 21:56:04,REAL,2706126846,10645,2706137491,2706137491
2025-06-18 21:56:06,REAL,2706137491,10178,2706147669,2706147669
2025-06-18 21:56:08,REAL,2706147669,10255,2706157924,2706157924
2025-06-18 21:56:10,REAL,2706157924,10250,2706168174,2706168174
2025-06-18 21:56:12,REAL,2706168174,10255,2706178429,2706178429
2025-06-18 21:56:14,REAL,2706178429,10254,2706188683,2706188683
2025-06-18 21:56:16,REAL,2706188683,7350,2706196033,2706196033
2025-06-18 21:56:18,REAL,2706196033,483,2706196516,2706196516
2025-06-18 21:56:20,REAL,2706196516,486,2706197002,2706197002
2025-06-18 21:56:22,REAL,2706197002,538,2706197540,2706197540
2025-06-18 21:56:24,REAL,2706197540,487,2706198027,2706198027
2025-06-18 21:56:26,REAL,2706198027,478,2706198505,2706198505
2025-06-18 21:56:28,REAL,2706198505,480,2706198985,2706198985
2025-06-18 21:56:30,REAL,2706198985,482,2706199467,2706199467
2025-06-18 21:56:32,REAL,2706199467,481,2706199948,2706199948
2025-06-18 21:56:34,REAL,2706199948,488,2706200436,2706200436
2025-06-18 21:56:36,REAL,2706200436,484,2706200920,2706200920
2025-06-18 21:56:38,REAL,2706200920,487,2706201407,2706201407
2025-06-18 21:56:40,REAL,2706201407,491,2706201898,2706201898
2025-06-18 21:56:42,REAL,2706201898,482,2706202380,2706202380
2025-06-18 21:56:44,REAL,2706202380,544,2706202924,2706202924
2025-06-18 21:56:46,REAL,2706202924,482,2706203406,2706203406
2025-06-18 21:56:48,REAL,2706203406,483,2706203889,2706203889
2025-06-18 21:56:50,REAL,2706203889,484,2706204373,2706204373
2025-06-18 21:56:52,REAL,2706204373,487,2706204860,2706204860
2025-06-18 21:56:54,REAL,2706204860,489,2706205349,2706205349
2025-06-18 21:56:56,REAL,2706205349,479,2706205828,2706205828
2025-06-18 21:56:58,REAL,2706205828,542,2706206370,2706206370
2025-06-18 21:57:00,REAL,2706206370,480,2706206850,2706206850
2025-06-18 21:57:02,REAL,2706206850,486,2706207336,2706207336
2025-06-18 21:57:04,REAL,2706207336,484,2706207820,2706207820
2025-06-18 21:57:06,REAL,2706207820,476,2706208296,2706208296
2025-06-18 21:57:08,REAL,2706208296,489,2706208785,2706208785
2025-06-18 21:57:10,REAL,2706208785,482,2706209267,2706209267
2025-06-18 21:57:12,REAL,2706209267,484,2706209751,2706209751
2025-06-18 21:57:14,REAL,2706209751,493,2706210244,2706210244
2025-06-18 21:57:16,REAL,2706210244,478,2706210722,2706210722
2025-06-18 21:57:18,REAL,2706210722,484,2706211206,2706211206
2025-06-18 21:57:20,REAL,2706211206,489,2706211695,2706211695
2025-06-18 21:57:22,REAL,2706211695,481,2706212176,2706212176
2025-06-18 21:57:24,REAL,2706212176,481,2706212657,2706212657
2025-06-18 21:57:26,REAL,2706212657,491,2706213148,2706213148
2025-06-18 21:57:28,REAL,2706213148,545,2706213693,2706213693
2025-06-18 21:57:30,REAL,2706213693,483,2706214176,2706214176
2025-06-18 21:57:32,REAL,2706214176,537,2706214713,2706214713
2025-06-18 21:57:34,REAL,2706214713,480,2706215193,2706215193
2025-06-18 21:57:36,REAL,2706215193,486,2706215679,2706215679
2025-06-18 21:57:38,REAL,2706215679,484,2706216163,2706216163
2025-06-18 21:57:40,REAL,2706216163,485,2706216648,2706216648
2025-06-18 21:57:42,REAL,2706216648,493,2706217141,2706217141
2025-06-18 21:57:44,REAL,2706217141,481,2706217622,2706217622
2025-06-18 21:57:46,REAL,2706217622,480,2706218102,2706218102
2025-06-18 21:57:48,REAL,2706218102,14936,2706233038,2706233038
2025-06-18 21:57:50,REAL,2706233038,10318,2706243356,2706243356
2025-06-18 21:57:52,REAL,2706243356,10254,2706253610,2706253610
2025-06-18 21:57:54,REAL,2706253610,10249,2706263859,2706263859
2025-06-18 21:57:56,REAL,2706263859,10325,2706274184,2706274184
2025-06-18 21:57:58,REAL,2706274184,10258,2706284442,2706284442
2025-06-18 21:58:00,REAL,2706284442,10248,2706294690,2706294690
2025-06-18 21:58:02,REAL,2706294690,5368,2706300058,2706300058
2025-06-18 21:58:04,REAL,2706300058,543,2706300601,2706300601
2025-06-18 21:58:06,REAL,2706300601,483,2706301084,2706301084
2025-06-18 21:58:08,REAL,2706301084,487,2706301571,2706301571
2025-06-18 21:58:10,REAL,2706301571,488,2706302059,2706302059
2025-06-18 21:58:12,REAL,2706302059,479,2706302538,2706302538
2025-06-18 21:58:14,REAL,2706302538,488,2706303026,2706303026
2025-06-18 21:58:16,REAL,2706303026,489,2706303515,2706303515
2025-06-18 21:58:18,REAL,2706303515,820,2706304335,2706304335
2025-06-18 21:58:20,REAL,2706304335,12168,2706316503,2706316503
2025-06-18 21:58:22,REAL,2706316503,10245,2706326748,2706326748
2025-06-18 21:58:24,REAL,2706326748,10246,2706336994,2706336994
2025-06-18 21:58:26,REAL,2706336994,10259,2706347253,2706347253
2025-06-18 21:58:28,REAL,2706347253,10250,2706357503,2706357503
2025-06-18 21:58:30,REAL,2706357503,10252,2706367755,2706367755
2025-06-18 21:58:32,REAL,2706367755,10253,2706378008,2706378008
2025-06-18 21:58:34,REAL,2706378008,4837,2706382845,2706382845
2025-06-18 21:58:36,REAL,2706382845,486,2706383331,2706383331
2025-06-18 21:58:38,REAL,2706383331,534,2706383865,2706383865
2025-06-18 21:58:40,REAL,2706383865,477,2706384342,2706384342
2025-06-18 21:58:42,REAL,2706384342,475,2706384817,2706384817
2025-06-18 21:58:44,REAL,2706384817,475,2706385292,2706385292
2025-06-18 21:58:46,REAL,2706385292,487,2706385779,2706385779
2025-06-18 21:58:48,REAL,2706385779,484,2706386263,2706386263
2025-06-18 21:58:50,REAL,2706386263,1744,2706388007,2706388007
2025-06-18 21:58:52,REAL,2706388007,15794,2706403801,2706403801
2025-06-18 21:58:54,REAL,2706403801,10317,2706414118,2706414118
2025-06-18 21:58:56,REAL,2706414118,10249,2706424367,2706424367
2025-06-18 21:58:58,REAL,2706424367,10244,2706434611,2706434611
2025-06-18 21:59:00,REAL,2706434611,10248,2706444859,2706444859
2025-06-18 21:59:02,REAL,2706444859,10252,2706455111,2706455111
2025-06-18 21:59:04,REAL,2706455111,10249,2706465360,2706465360
2025-06-18 21:59:06,REAL,2706465360,4179,2706469539,2706469539
2025-06-18 21:59:08,REAL,2706469539,544,2706470083,2706470083
2025-06-18 21:59:10,REAL,2706470083,482,2706470565,2706470565
2025-06-18 21:59:12,REAL,2706470565,488,2706471053,2706471053
2025-06-18 21:59:14,REAL,2706471053,480,2706471533,2706471533
2025-06-18 21:59:16,REAL,2706471533,485,2706472018,2706472018
2025-06-18 21:59:18,REAL,2706472018,493,2706472511,2706472511
2025-06-18 21:59:20,REAL,2706472511,487,2706472998,2706472998
2025-06-18 21:59:22,REAL,2706472998,486,2706473484,2706473484
2025-06-18 21:59:24,REAL,2706473484,484,2706473968,2706473968
2025-06-18 21:59:26,REAL,2706473968,476,2706474444,2706474444
2025-06-18 21:59:28,REAL,2706474444,492,2706474936,2706474936
2025-06-18 21:59:30,REAL,2706474936,482,2706475418,2706475418
2025-06-18 21:59:32,REAL,2706475418,479,2706475897,2706475897
2025-06-18 21:59:34,REAL,2706475897,539,2706476436,2706476436
2025-06-18 21:59:36,REAL,2706476436,481,2706476917,2706476917
2025-06-18 21:59:38,REAL,2706476917,541,2706477458,2706477458
2025-06-18 21:59:40,REAL,2706477458,484,2706477942,2706477942
2025-06-18 21:59:42,REAL,2706477942,482,2706478424,2706478424
2025-06-18 21:59:44,REAL,2706478424,478,2706478902,2706478902
2025-06-18 21:59:46,REAL,2706478902,484,2706479386,2706479386
2025-06-18 21:59:48,REAL,2706479386,481,2706479867,2706479867
2025-06-18 21:59:50,REAL,2706479867,476,2706480343,2706480343
2025-06-18 21:59:52,REAL,2706480343,491,2706480834,2706480834
2025-06-18 21:59:54,REAL,2706480834,3338,2706484172,2706484172
2025-06-18 21:59:56,REAL,2706484172,10978,2706495150,2706495150
2025-06-18 21:59:58,REAL,2706495150,10324,2706505474,2706505474
2025-06-18 22:00:00,REAL,2706505474,10252,2706515726,2706515726
2025-06-18 22:00:02,REAL,2706515726,10250,2706525976,2706525976
2025-06-18 22:00:04,REAL,2706525976,10250,2706536226,2706536226
2025-06-18 22:00:06,REAL,2706536226,10251,2706546477,2706546477
2025-06-18 22:00:08,REAL,2706546477,10248,2706556725,2706556725
2025-06-18 22:00:10,REAL,2706556725,2984,2706559709,2706559709
2025-06-18 22:00:12,REAL,2706559709,478,2706560187,2706560187
2025-06-18 22:00:14,REAL,2706560187,482,2706560669,2706560669
2025-06-18 22:00:16,REAL,2706560669,478,2706561147,2706561147
2025-06-18 22:00:18,REAL,2706561147,479,2706561626,2706561626
2025-06-18 22:00:20,REAL,2706561626,484,2706562110,2706562110
2025-06-18 22:00:22,REAL,2706562110,484,2706562594,2706562594
2025-06-18 22:00:24,REAL,2706562594,485,2706563079,2706563079
2025-06-18 22:00:26,REAL,2706563079,493,2706563572,2706563572
2025-06-18 22:00:28,REAL,2706563572,493,2706564065,2706564065
2025-06-18 22:00:30,REAL,2706564065,487,2706564552,2706564552
2025-06-18 22:00:32,REAL,2706564552,482,2706565034,2706565034
2025-06-18 22:00:34,REAL,2706565034,488,2706565522,2706565522
2025-06-18 22:00:36,REAL,2706565522,477,2706565999,2706565999
2025-06-18 22:00:38,REAL,2706565999,490,2706566489,2706566489
2025-06-18 22:00:40,REAL,2706566489,547,2706567036,2706567036
2025-06-18 22:00:42,REAL,2706567036,476,2706567512,2706567512
2025-06-18 22:00:44,REAL,2706567512,476,2706567988,2706567988
2025-06-18 22:00:46,REAL,2706567988,536,2706568524,2706568524
2025-06-18 22:00:48,REAL,2706568524,480,2706569004,2706569004
2025-06-18 22:00:50,REAL,2706569004,486,2706569490,2706569490
2025-06-18 22:00:52,REAL,2706569490,491,2706569981,2706569981
2025-06-18 22:00:54,REAL,2706569981,486,2706570467,2706570467
2025-06-18 22:00:56,REAL,2706570467,481,2706570948,2706570948
2025-06-18 22:00:58,REAL,2706570948,480,2706571428,2706571428
2025-06-18 22:01:00,REAL,2706571428,481,2706571909,2706571909
2025-06-18 22:01:02,REAL,2706571909,485,2706572394,2706572394
2025-06-18 22:01:04,REAL,2706572394,483,2706572877,2706572877
2025-06-18 22:01:06,REAL,2706572877,478,2706573355,2706573355
2025-06-18 22:01:08,REAL,2706573355,480,2706573835,2706573835
2025-06-18 22:01:10,REAL,2706573835,538,2706574373,2706574373
2025-06-18 22:01:12,REAL,2706574373,489,2706574862,2706574862
2025-06-18 22:01:14,REAL,2706574862,484,2706575346,2706575346
2025-06-18 22:01:16,REAL,2706575346,487,2706575833,2706575833
2025-06-18 22:01:18,REAL,2706575833,490,2706576323,2706576323
2025-06-18 22:01:20,REAL,2706576323,484,2706576807,2706576807
2025-06-18 22:01:22,REAL,2706576807,482,2706577289,2706577289
2025-06-18 22:01:24,REAL,2706577289,475,2706577764,2706577764
2025-06-18 22:01:26,REAL,2706577764,490,2706578254,2706578254
2025-06-18 22:01:28,REAL,2706578254,486,2706578740,2706578740
2025-06-18 22:01:30,REAL,2706578740,491,2706579231,2706579231
2025-06-18 22:01:32,REAL,2706579231,486,2706579717,2706579717
2025-06-18 22:01:34,REAL,2706579717,489,2706580206,2706580206
2025-06-18 22:01:36,REAL,2706580206,539,2706580745,2706580745
2025-06-18 22:01:38,REAL,2706580745,485,2706581230,2706581230
2025-06-18 22:01:40,REAL,2706581230,483,2706581713,2706581713
2025-06-18 22:01:42,REAL,2706581713,542,2706582255,2706582255
2025-06-18 22:01:44,REAL,2706582255,483,2706582738,2706582738
2025-06-18 22:01:46,REAL,2706582738,484,2706583222,2706583222
2025-06-18 22:01:48,REAL,2706583222,485,2706583707,2706583707
2025-06-18 22:01:50,REAL,2706583707,480,2706584187,2706584187
2025-06-18 22:01:52,REAL,2706584187,480,2706584667,2706584667
2025-06-18 22:01:54,REAL,2706584667,488,2706585155,2706585155
2025-06-18 22:01:56,REAL,2706585155,482,2706585637,2706585637
2025-06-18 22:01:58,REAL,2706585637,484,2706586121,2706586121
2025-06-18 22:02:00,REAL,2706586121,488,2706586609,2706586609
2025-06-18 22:02:02,REAL,2706586609,479,2706587088,2706587088
2025-06-18 22:02:04,REAL,2706587088,490,2706587578,2706587578
2025-06-18 22:02:06,REAL,2706587578,490,2706588068,2706588068
2025-06-18 22:02:08,REAL,2706588068,484,2706588552,2706588552
2025-06-18 22:02:10,REAL,2706588552,483,2706589035,2706589035
2025-06-18 22:02:12,REAL,2706589035,537,2706589572,2706589572
2025-06-18 22:02:14,REAL,2706589572,477,2706590049,2706590049
2025-06-18 22:02:16,REAL,2706590049,480,2706590529,2706590529
2025-06-18 22:02:18,REAL,2706590529,487,2706591016,2706591016
2025-06-18 22:02:20,REAL,2706591016,484,2706591500,2706591500
2025-06-18 22:02:22,REAL,2706591500,486,2706591986,2706591986
2025-06-18 22:02:24,REAL,2706591986,484,2706592470,2706592470
2025-06-18 22:02:26,REAL,2706592470,487,2706592957,2706592957
2025-06-18 22:02:28,REAL,2706592957,538,2706593495,2706593495
2025-06-18 22:02:30,REAL,2706593495,482,2706593977,2706593977
2025-06-18 22:02:32,REAL,2706593977,493,2706594470,2706594470
2025-06-18 22:02:34,REAL,2706594470,7290,2706601760,2706601760
2025-06-18 22:02:36,REAL,2706601760,10916,2706612676,2706612676
2025-06-18 22:02:38,REAL,2706612676,10249,2706622925,2706622925
2025-06-18 22:02:40,REAL,2706622925,10249,2706633174,2706633174
2025-06-18 22:02:42,REAL,2706633174,10306,2706643480,2706643480
2025-06-18 22:02:44,REAL,2706643480,10253,2706653733,2706653733
2025-06-18 22:02:46,REAL,2706653733,10251,2706663984,2706663984
2025-06-18 22:02:48,REAL,2706663984,9525,2706673509,2706673509
2025-06-18 22:02:50,REAL,2706673509,491,2706674000,2706674000
2025-06-18 22:02:52,REAL,2706674000,477,2706674477,2706674477
2025-06-18 22:02:54,REAL,2706674477,1607,2706676084,2706676084
2025-06-18 22:02:56,REAL,2706676084,14865,2706690949,2706690949
2025-06-18 22:02:58,REAL,2706690949,10318,2706701267,2706701267
2025-06-18 22:03:00,REAL,2706701267,10250,2706711517,2706711517
2025-06-18 22:03:02,REAL,2706711517,10257,2706721774,2706721774
2025-06-18 22:03:04,REAL,2706721774,10258,2706732032,2706732032
2025-06-18 22:03:06,REAL,2706732032,10317,2706742349,2706742349
2025-06-18 22:03:08,REAL,2706742349,10257,2706752606,2706752606
2025-06-18 22:03:10,REAL,2706752606,4320,2706756926,2706756926
2025-06-18 22:03:12,REAL,2706756926,482,2706757408,2706757408
2025-06-18 22:03:14,REAL,2706757408,541,2706757949,2706757949
2025-06-18 22:03:16,REAL,2706757949,480,2706758429,2706758429
2025-06-18 22:03:18,REAL,2706758429,491,2706758920,2706758920
2025-06-18 22:03:20,REAL,2706758920,483,2706759403,2706759403
2025-06-18 22:03:22,REAL,2706759403,480,2706759883,2706759883
2025-06-18 22:03:24,REAL,2706759883,482,2706760365,2706760365
2025-06-18 22:03:26,REAL,2706760365,2409,2706762774,2706762774
2025-06-18 22:03:28,REAL,2706762774,11302,2706774076,2706774076
2025-06-18 22:03:30,REAL,2706774076,10251,2706784327,2706784327
2025-06-18 22:03:32,REAL,2706784327,10246,2706794573,2706794573
2025-06-18 22:03:34,REAL,2706794573,10250,2706804823,2706804823
2025-06-18 22:03:36,REAL,2706804823,10324,2706815147,2706815147
2025-06-18 22:03:38,REAL,2706815147,10246,2706825393,2706825393
2025-06-18 22:03:40,REAL,2706825393,10247,2706835640,2706835640
2025-06-18 22:03:42,REAL,2706835640,3720,2706839360,2706839360
2025-06-18 22:03:44,REAL,2706839360,484,2706839844,2706839844
2025-06-18 22:03:46,REAL,2706839844,491,2706840335,2706840335
2025-06-18 22:03:48,REAL,2706840335,537,2706840872,2706840872
2025-06-18 22:03:50,REAL,2706840872,480,2706841352,2706841352
2025-06-18 22:03:52,REAL,2706841352,489,2706841841,2706841841
2025-06-18 22:03:54,REAL,2706841841,492,2706842333,2706842333
2025-06-18 22:03:56,REAL,2706842333,486,2706842819,2706842819
2025-06-18 22:03:58,REAL,2706842819,478,2706843297,2706843297
2025-06-18 22:04:00,REAL,2706843297,486,2706843783,2706843783
2025-06-18 22:04:02,REAL,2706843783,481,2706844264,2706844264
2025-06-18 22:04:04,REAL,2706844264,484,2706844748,2706844748
2025-06-18 22:04:06,REAL,2706844748,484,2706845232,2706845232
2025-06-18 22:04:08,REAL,2706845232,478,2706845710,2706845710
2025-06-18 22:04:10,REAL,2706845710,483,2706846193,2706846193
2025-06-18 22:04:12,REAL,2706846193,477,2706846670,2706846670
2025-06-18 22:04:14,REAL,2706846670,486,2706847156,2706847156
2025-06-18 22:04:16,REAL,2706847156,479,2706847635,2706847635
2025-06-18 22:04:18,REAL,2706847635,540,2706848175,2706848175
2025-06-18 22:04:20,REAL,2706848175,480,2706848655,2706848655
2025-06-18 22:04:22,REAL,2706848655,489,2706849144,2706849144
2025-06-18 22:04:24,REAL,2706849144,542,2706849686,2706849686
2025-06-18 22:04:26,REAL,2706849686,488,2706850174,2706850174
2025-06-18 22:04:28,REAL,2706850174,489,2706850663,2706850663
2025-06-18 22:04:30,REAL,2706850663,489,2706851152,2706851152
2025-06-18 22:04:32,REAL,2706851152,489,2706851641,2706851641
2025-06-18 22:04:34,REAL,2706851641,479,2706852120,2706852120
2025-06-18 22:04:36,REAL,2706852120,481,2706852601,2706852601
2025-06-18 22:04:38,REAL,2706852601,486,2706853087,2706853087
2025-06-18 22:04:40,REAL,2706853087,488,2706853575,2706853575
2025-06-18 22:04:42,REAL,2706853575,483,2706854058,2706854058
2025-06-18 22:04:44,REAL,2706854058,481,2706854539,2706854539
2025-06-18 22:04:46,REAL,2706854539,490,2706855029,2706855029
2025-06-18 22:04:48,REAL,2706855029,491,2706855520,2706855520
2025-06-18 22:04:50,REAL,2706855520,486,2706856006,2706856006
2025-06-18 22:04:52,REAL,2706856006,483,2706856489,2706856489
2025-06-18 22:04:54,REAL,2706856489,478,2706856967,2706856967
2025-06-18 22:04:56,REAL,2706856967,482,2706857449,2706857449
2025-06-18 22:04:58,REAL,2706857449,480,2706857929,2706857929
2025-06-18 22:05:00,REAL,2706857929,550,2706858479,2706858479
2025-06-18 22:05:02,REAL,2706858479,481,2706858960,2706858960
2025-06-18 22:05:04,REAL,2706858960,487,2706859447,2706859447
2025-06-18 22:05:06,REAL,2706859447,483,2706859930,2706859930
2025-06-18 22:05:08,REAL,2706859930,475,2706860405,2706860405
2025-06-18 22:05:10,REAL,2706860405,537,2706860942,2706860942
2025-06-18 22:05:12,REAL,2706860942,482,2706861424,2706861424
2025-06-18 22:05:14,REAL,2706861424,493,2706861917,2706861917
2025-06-18 22:05:16,REAL,2706861917,485,2706862402,2706862402
2025-06-18 22:05:18,REAL,2706862402,487,2706862889,2706862889
2025-06-18 22:05:20,REAL,2706862889,489,2706863378,2706863378
2025-06-18 22:05:22,REAL,2706863378,489,2706863867,2706863867
2025-06-18 22:05:24,REAL,2706863867,490,2706864357,2706864357
2025-06-18 22:05:26,REAL,2706864357,478,2706864835,2706864835
2025-06-18 22:05:28,REAL,2706864835,482,2706865317,2706865317
2025-06-18 22:05:30,REAL,2706865317,478,2706865795,2706865795
2025-06-18 22:05:32,REAL,2706865795,482,2706866277,2706866277
2025-06-18 22:05:34,REAL,2706866277,541,2706866818,2706866818
2025-06-18 22:05:36,REAL,2706866818,488,2706867306,2706867306
2025-06-18 22:05:38,REAL,2706867306,485,2706867791,2706867791
2025-06-18 22:05:40,REAL,2706867791,478,2706868269,2706868269
2025-06-18 22:05:42,REAL,2706868269,492,2706868761,2706868761
2025-06-18 22:05:44,REAL,2706868761,482,2706869243,2706869243
2025-06-18 22:05:46,REAL,2706869243,489,2706869732,2706869732
2025-06-18 22:05:48,REAL,2706869732,479,2706870211,2706870211
2025-06-18 22:05:50,REAL,2706870211,480,2706870691,2706870691
2025-06-18 22:05:52,REAL,2706870691,476,2706871167,2706871167
2025-06-18 22:05:54,REAL,2706871167,536,2706871703,2706871703
2025-06-18 22:05:56,REAL,2706871703,11452,2706883155,2706883155
2025-06-18 22:05:58,REAL,2706883155,10256,2706893411,2706893411
2025-06-18 22:06:00,REAL,2706893411,10251,2706903662,2706903662
2025-06-18 22:06:02,REAL,2706903662,10255,2706913917,2706913917
2025-06-18 22:06:04,REAL,2706913917,10252,2706924169,2706924169
2025-06-18 22:06:06,REAL,2706924169,10314,2706934483,2706934483
2025-06-18 22:06:08,REAL,2706934483,10251,2706944734,2706944734
2025-06-18 22:06:10,REAL,2706944734,5759,2706950493,2706950493
2025-06-18 22:06:12,REAL,2706950493,479,2706950972,2706950972
2025-06-18 22:06:14,REAL,2706950972,486,2706951458,2706951458
2025-06-18 22:06:16,REAL,2706951458,481,2706951939,2706951939
2025-06-18 22:06:18,REAL,2706951939,490,2706952429,2706952429
2025-06-18 22:06:20,REAL,2706952429,478,2706952907,2706952907
2025-06-18 22:06:22,REAL,2706952907,490,2706953397,2706953397
2025-06-18 22:06:24,REAL,2706953397,484,2706953881,2706953881
2025-06-18 22:06:26,REAL,2706953881,488,2706954369,2706954369
2025-06-18 22:06:28,REAL,2706954369,483,2706954852,2706954852
2025-06-18 22:06:30,REAL,2706954852,483,2706955335,2706955335
2025-06-18 22:06:32,REAL,2706955335,486,2706955821,2706955821
2025-06-18 22:06:34,REAL,2706955821,478,2706956299,2706956299
2025-06-18 22:06:36,REAL,2706956299,475,2706956774,2706956774
2025-06-18 22:06:38,REAL,2706956774,488,2706957262,2706957262
2025-06-18 22:06:40,REAL,2706957262,543,2706957805,2706957805
2025-06-18 22:06:42,REAL,2706957805,483,2706958288,2706958288
2025-06-18 22:06:44,REAL,2706958288,486,2706958774,2706958774
2025-06-18 22:06:46,REAL,2706958774,540,2706959314,2706959314
2025-06-18 22:06:48,REAL,2706959314,484,2706959798,2706959798
2025-06-18 22:06:50,REAL,2706959798,488,2706960286,2706960286
2025-06-18 22:06:52,REAL,2706960286,475,2706960761,2706960761
2025-06-18 22:06:54,REAL,2706960761,478,2706961239,2706961239
2025-06-18 22:06:56,REAL,2706961239,480,2706961719,2706961719
2025-06-18 22:06:58,REAL,2706961719,490,2706962209,2706962209
2025-06-18 22:07:00,REAL,2706962209,479,2706962688,2706962688
2025-06-18 22:07:02,REAL,2706962688,484,2706963172,2706963172
2025-06-18 22:07:04,REAL,2706963172,7483,2706970655,2706970655
2025-06-18 22:07:06,REAL,2706970655,10844,2706981499,2706981499
2025-06-18 22:07:08,REAL,2706981499,10321,2706991820,2706991820
2025-06-18 22:07:10,REAL,2706991820,10252,2707002072,2707002072
2025-06-18 22:07:12,REAL,2707002072,10250,2707012322,2707012322
2025-06-18 22:07:14,REAL,2707012322,10317,2707022639,2707022639
2025-06-18 22:07:16,REAL,2707022639,10249,2707032888,2707032888
2025-06-18 22:07:18,REAL,2707032888,9320,2707042208,2707042208
2025-06-18 22:07:20,REAL,2707042208,485,2707042693,2707042693
2025-06-18 22:07:22,REAL,2707042693,537,2707043230,2707043230
2025-06-18 22:07:24,REAL,2707043230,484,2707043714,2707043714
2025-06-18 22:07:26,REAL,2707043714,476,2707044190,2707044190
2025-06-18 22:07:28,REAL,2707044190,488,2707044678,2707044678
2025-06-18 22:07:30,REAL,2707044678,486,2707045164,2707045164
2025-06-18 22:07:32,REAL,2707045164,482,2707045646,2707045646
2025-06-18 22:07:34,REAL,2707045646,492,2707046138,2707046138
2025-06-18 22:07:36,REAL,2707046138,8408,2707054546,2707054546
2025-06-18 22:07:38,REAL,2707054546,10650,2707065196,2707065196
2025-06-18 22:07:40,REAL,2707065196,10257,2707075453,2707075453
2025-06-18 22:07:42,REAL,2707075453,10252,2707085705,2707085705
2025-06-18 22:07:44,REAL,2707085705,10318,2707096023,2707096023
2025-06-18 22:07:46,REAL,2707096023,10255,2707106278,2707106278
2025-06-18 22:07:48,REAL,2707106278,10250,2707116528,2707116528
2025-06-18 22:07:50,REAL,2707116528,8669,2707125197,2707125197
2025-06-18 22:07:52,REAL,2707125197,485,2707125682,2707125682
2025-06-18 22:07:54,REAL,2707125682,485,2707126167,2707126167
2025-06-18 22:07:56,REAL,2707126167,488,2707126655,2707126655
2025-06-18 22:07:58,REAL,2707126655,544,2707127199,2707127199
2025-06-18 22:08:00,REAL,2707127199,485,2707127684,2707127684
2025-06-18 22:08:02,REAL,2707127684,481,2707128165,2707128165
2025-06-18 22:08:04,REAL,2707128165,483,2707128648,2707128648
2025-06-18 22:08:06,REAL,2707128648,484,2707129132,2707129132
2025-06-18 22:08:08,REAL,2707129132,10990,2707140122,2707140122
2025-06-18 22:08:10,REAL,2707140122,11970,2707152092,2707152092
2025-06-18 22:08:12,REAL,2707152092,10177,2707162269,2707162269
2025-06-18 22:08:14,REAL,2707162269,10257,2707172526,2707172526
2025-06-18 22:08:16,REAL,2707172526,10248,2707182774,2707182774
2025-06-18 22:08:18,REAL,2707182774,10245,2707193019,2707193019
2025-06-18 22:08:20,REAL,2707193019,10254,2707203273,2707203273
2025-06-18 22:08:22,REAL,2707203273,8076,2707211349,2707211349
2025-06-18 22:08:24,REAL,2707211349,477,2707211826,2707211826
2025-06-18 22:08:26,REAL,2707211826,483,2707212309,2707212309
2025-06-18 22:08:28,REAL,2707212309,489,2707212798,2707212798
2025-06-18 22:08:30,REAL,2707212798,477,2707213275,2707213275
2025-06-18 22:08:32,REAL,2707213275,485,2707213760,2707213760
2025-06-18 22:08:34,REAL,2707213760,541,2707214301,2707214301
2025-06-18 22:08:36,REAL,2707214301,475,2707214776,2707214776
2025-06-18 22:08:38,REAL,2707214776,488,2707215264,2707215264
2025-06-18 22:08:40,REAL,2707215264,11910,2707227174,2707227174
2025-06-18 22:08:42,REAL,2707227174,11116,2707238290,2707238290
2025-06-18 22:08:44,REAL,2707238290,10320,2707248610,2707248610
2025-06-18 22:08:46,REAL,2707248610,10255,2707258865,2707258865
2025-06-18 22:08:48,REAL,2707258865,10256,2707269121,2707269121
2025-06-18 22:08:50,REAL,2707269121,10320,2707279441,2707279441
2025-06-18 22:08:52,REAL,2707279441,10257,2707289698,2707289698
2025-06-18 22:08:54,REAL,2707289698,7489,2707297187,2707297187
2025-06-18 22:08:56,REAL,2707297187,478,2707297665,2707297665
2025-06-18 22:08:58,REAL,2707297665,478,2707298143,2707298143
2025-06-18 22:09:00,REAL,2707298143,483,2707298626,2707298626
2025-06-18 22:09:02,REAL,2707298626,484,2707299110,2707299110
2025-06-18 22:09:04,REAL,2707299110,479,2707299589,2707299589
2025-06-18 22:09:06,REAL,2707299589,486,2707300075,2707300075
2025-06-18 22:09:08,REAL,2707300075,490,2707300565,2707300565
2025-06-18 22:09:10,REAL,2707300565,547,2707301112,2707301112
2025-06-18 22:09:12,REAL,2707301112,490,2707301602,2707301602
2025-06-18 22:09:14,REAL,2707301602,481,2707302083,2707302083
2025-06-18 22:09:16,REAL,2707302083,494,2707302577,2707302577
2025-06-18 22:09:18,REAL,2707302577,480,2707303057,2707303057
2025-06-18 22:09:20,REAL,2707303057,491,2707303548,2707303548
2025-06-18 22:09:22,REAL,2707303548,479,2707304027,2707304027
2025-06-18 22:09:24,REAL,2707304027,483,2707304510,2707304510
2025-06-18 22:09:26,REAL,2707304510,535,2707305045,2707305045
2025-06-18 22:09:28,REAL,2707305045,482,2707305527,2707305527
2025-06-18 22:09:30,REAL,2707305527,488,2707306015,2707306015
2025-06-18 22:09:32,REAL,2707306015,482,2707306497,2707306497
2025-06-18 22:09:34,REAL,2707306497,482,2707306979,2707306979
2025-06-18 22:09:36,REAL,2707306979,484,2707307463,2707307463
2025-06-18 22:09:38,REAL,2707307463,483,2707307946,2707307946
2025-06-18 22:09:40,REAL,2707307946,476,2707308422,2707308422
2025-06-18 22:09:42,REAL,2707308422,493,2707308915,2707308915
2025-06-18 22:09:44,REAL,2707308915,492,2707309407,2707309407
2025-06-18 22:09:46,REAL,2707309407,482,2707309889,2707309889
2025-06-18 22:09:48,REAL,2707309889,535,2707310424,2707310424
2025-06-18 22:09:50,REAL,2707310424,491,2707310915,2707310915
2025-06-18 22:09:52,REAL,2707310915,246,2707311161,2707311161
2025-06-18 22:09:54,REAL,2707311161,483,2707311644,2707311644
2025-06-18 22:09:56,REAL,2707311644,490,2707312134,2707312134
2025-06-18 22:09:58,REAL,2707312134,491,2707312625,2707312625
2025-06-18 22:10:00,REAL,2707312625,478,2707313103,2707313103
2025-06-18 22:10:02,REAL,2707313103,488,2707313591,2707313591
2025-06-18 22:10:04,REAL,2707313591,490,2707314081,2707314081
2025-06-18 22:10:06,REAL,2707314081,487,2707314568,2707314568
2025-06-18 22:10:08,REAL,2707314568,477,2707315045,2707315045
2025-06-18 22:10:10,REAL,2707315045,490,2707315535,2707315535
2025-06-18 22:10:12,REAL,2707315535,483,2707316018,2707316018
2025-06-18 22:10:14,REAL,2707316018,540,2707316558,2707316558
2025-06-18 22:10:16,REAL,2707316558,487,2707317045,2707317045
2025-06-18 22:10:18,REAL,2707317045,487,2707317532,2707317532
2025-06-18 22:10:20,REAL,2707317532,480,2707318012,2707318012
2025-06-18 22:10:22,REAL,2707318012,480,2707318492,2707318492
2025-06-18 22:10:24,REAL,2707318492,545,2707319037,2707319037
2025-06-18 22:10:26,REAL,2707319037,484,2707319521,2707319521
2025-06-18 22:10:28,REAL,2707319521,484,2707320005,2707320005
2025-06-18 22:10:30,REAL,2707320005,5896,2707325901,2707325901
2025-06-18 22:10:32,REAL,2707325901,11508,2707337409,2707337409
2025-06-18 22:10:34,REAL,2707337409,10244,2707347653,2707347653
2025-06-18 22:10:36,REAL,2707347653,10321,2707357974,2707357974
2025-06-18 22:10:38,REAL,2707357974,10251,2707368225,2707368225
2025-06-18 22:10:40,REAL,2707368225,10321,2707378546,2707378546
2025-06-18 22:10:42,REAL,2707378546,10260,2707388806,2707388806
2025-06-18 22:10:44,REAL,2707388806,10257,2707399063,2707399063
2025-06-18 22:10:46,REAL,2707399063,739,2707399802,2707399802
2025-06-18 22:10:48,REAL,2707399802,480,2707400282,2707400282
2025-06-18 22:10:50,REAL,2707400282,487,2707400769,2707400769
2025-06-18 22:10:52,REAL,2707400769,487,2707401256,2707401256
2025-06-18 22:10:54,REAL,2707401256,486,2707401742,2707401742
2025-06-18 22:10:56,REAL,2707401742,493,2707402235,2707402235
2025-06-18 22:10:58,REAL,2707402235,480,2707402715,2707402715
2025-06-18 22:11:00,REAL,2707402715,476,2707403191,2707403191
2025-06-18 22:11:02,REAL,2707403191,6881,2707410072,2707410072
2025-06-18 22:11:04,REAL,2707410072,10649,2707420721,2707420721
2025-06-18 22:11:06,REAL,2707420721,10254,2707430975,2707430975
2025-06-18 22:11:08,REAL,2707430975,10251,2707441226,2707441226
2025-06-18 22:11:10,REAL,2707441226,10313,2707451539,2707451539
2025-06-18 22:11:12,REAL,2707451539,10247,2707461786,2707461786
2025-06-18 22:11:14,REAL,2707461786,10328,2707472114,2707472114
2025-06-18 22:11:16,REAL,2707472114,9861,2707481975,2707481975
2025-06-18 22:11:18,REAL,2707481975,484,2707482459,2707482459
2025-06-18 22:11:20,REAL,2707482459,487,2707482946,2707482946
2025-06-18 22:11:22,REAL,2707482946,488,2707483434,2707483434
2025-06-18 22:11:24,REAL,2707483434,478,2707483912,2707483912
2025-06-18 22:11:26,REAL,2707483912,484,2707484396,2707484396
2025-06-18 22:11:28,REAL,2707484396,486,2707484882,2707484882
2025-06-18 22:11:30,REAL,2707484882,483,2707485365,2707485365
2025-06-18 22:11:32,REAL,2707485365,494,2707485859,2707485859
2025-06-18 22:11:34,REAL,2707485859,539,2707486398,2707486398
2025-06-18 22:11:36,REAL,2707486398,488,2707486886,2707486886
2025-06-18 22:11:38,REAL,2707486886,543,2707487429,2707487429
2025-06-18 22:11:40,REAL,2707487429,478,2707487907,2707487907
2025-06-18 22:11:42,REAL,2707487907,483,2707488390,2707488390
2025-06-18 22:11:44,REAL,2707488390,485,2707488875,2707488875
2025-06-18 22:11:46,REAL,2707488875,484,2707489359,2707489359
2025-06-18 22:11:48,REAL,2707489359,490,2707489849,2707489849
2025-06-18 22:11:50,REAL,2707489849,484,2707490333,2707490333
2025-06-18 22:11:52,REAL,2707490333,484,2707490817,2707490817
2025-06-18 22:11:54,REAL,2707490817,485,2707491302,2707491302
2025-06-18 22:11:56,REAL,2707491302,483,2707491785,2707491785
2025-06-18 22:11:58,REAL,2707491785,479,2707492264,2707492264
2025-06-18 22:12:00,REAL,2707492264,481,2707492745,2707492745
2025-06-18 22:12:02,REAL,2707492745,484,2707493229,2707493229
2025-06-18 22:12:04,REAL,2707493229,484,2707493713,2707493713
2025-06-18 22:12:06,REAL,2707493713,544,2707494257,2707494257
2025-06-18 22:12:08,REAL,2707494257,479,2707494736,2707494736
2025-06-18 22:12:10,REAL,2707494736,476,2707495212,2707495212
2025-06-18 22:12:12,REAL,2707495212,476,2707495688,2707495688
2025-06-18 22:12:14,REAL,2707495688,541,2707496229,2707496229
2025-06-18 22:12:16,REAL,2707496229,477,2707496706,2707496706
2025-06-18 22:12:18,REAL,2707496706,477,2707497183,2707497183
2025-06-18 22:12:20,REAL,2707497183,483,2707497666,2707497666
2025-06-18 22:12:22,REAL,2707497666,479,2707498145,2707498145
2025-06-18 22:12:24,REAL,2707498145,485,2707498630,2707498630
2025-06-18 22:12:26,REAL,2707498630,489,2707499119,2707499119
2025-06-18 22:12:28,REAL,2707499119,483,2707499602,2707499602
2025-06-18 22:12:30,REAL,2707499602,491,2707500093,2707500093
2025-06-18 22:12:32,REAL,2707500093,476,2707500569,2707500569
2025-06-18 22:12:34,REAL,2707500569,482,2707501051,2707501051
2025-06-18 22:12:36,REAL,2707501051,538,2707501589,2707501589
2025-06-18 22:12:38,REAL,2707501589,478,2707502067,2707502067
2025-06-18 22:12:40,REAL,2707502067,477,2707502544,2707502544
2025-06-18 22:12:42,REAL,2707502544,3197,2707505741,2707505741
2025-06-18 22:12:44,REAL,2707505741,14734,2707520475,2707520475
2025-06-18 22:12:46,REAL,2707520475,10259,2707530734,2707530734
2025-06-18 22:12:48,REAL,2707530734,10311,2707541045,2707541045
2025-06-18 22:12:50,REAL,2707541045,10246,2707551291,2707551291
2025-06-18 22:12:52,REAL,2707551291,10310,2707561601,2707561601
2025-06-18 22:12:54,REAL,2707561601,10249,2707571850,2707571850
2025-06-18 22:12:56,REAL,2707571850,10316,2707582166,2707582166
2025-06-18 22:12:58,REAL,2707582166,2997,2707585163,2707585163
2025-06-18 22:13:00,REAL,2707585163,491,2707585654,2707585654
2025-06-18 22:13:02,REAL,2707585654,481,2707586135,2707586135
2025-06-18 22:13:04,REAL,2707586135,475,2707586610,2707586610
2025-06-18 22:13:06,REAL,2707586610,484,2707587094,2707587094
2025-06-18 22:13:08,REAL,2707587094,493,2707587587,2707587587
2025-06-18 22:13:10,REAL,2707587587,488,2707588075,2707588075
2025-06-18 22:13:12,REAL,2707588075,479,2707588554,2707588554
2025-06-18 22:13:14,REAL,2707588554,539,2707589093,2707589093
2025-06-18 22:13:16,REAL,2707589093,485,2707589578,2707589578
2025-06-18 22:13:18,REAL,2707589578,490,2707590068,2707590068
2025-06-18 22:13:20,REAL,2707590068,484,2707590552,2707590552
2025-06-18 22:13:22,REAL,2707590552,481,2707591033,2707591033
2025-06-18 22:13:24,REAL,2707591033,486,2707591519,2707591519
2025-06-18 22:13:26,REAL,2707591519,490,2707592009,2707592009
2025-06-18 22:13:28,REAL,2707592009,483,2707592492,2707592492
2025-06-18 22:13:30,REAL,2707592492,479,2707592971,2707592971
2025-06-18 22:13:32,REAL,2707592971,474,2707593445,2707593445
2025-06-18 22:13:34,REAL,2707593445,489,2707593934,2707593934
2025-06-18 22:13:36,REAL,2707593934,483,2707594417,2707594417
2025-06-18 22:13:38,REAL,2707594417,490,2707594907,2707594907
2025-06-18 22:13:40,REAL,2707594907,481,2707595388,2707595388
2025-06-18 22:13:42,REAL,2707595388,533,2707595921,2707595921
2025-06-18 22:13:44,REAL,2707595921,483,2707596404,2707596404
2025-06-18 22:13:46,REAL,2707596404,541,2707596945,2707596945
2025-06-18 22:13:48,REAL,2707596945,479,2707597424,2707597424
2025-06-18 22:13:50,REAL,2707597424,482,2707597906,2707597906
2025-06-18 22:13:52,REAL,2707597906,482,2707598388,2707598388
2025-06-18 22:13:54,REAL,2707598388,480,2707598868,2707598868
2025-06-18 22:13:56,REAL,2707598868,480,2707599348,2707599348
2025-06-18 22:13:58,REAL,2707599348,488,2707599836,2707599836
2025-06-18 22:14:00,REAL,2707599836,483,2707600319,2707600319
2025-06-18 22:14:02,REAL,2707600319,484,2707600803,2707600803
2025-06-18 22:14:04,REAL,2707600803,475,2707601278,2707601278
2025-06-18 22:14:06,REAL,2707601278,479,2707601757,2707601757
2025-06-18 22:14:08,REAL,2707601757,490,2707602247,2707602247
2025-06-18 22:14:10,REAL,2707602247,475,2707602722,2707602722
2025-06-18 22:14:12,REAL,2707602722,487,2707603209,2707603209
2025-06-18 22:14:14,REAL,2707603209,481,2707603690,2707603690
2025-06-18 22:14:16,REAL,2707603690,486,2707604176,2707604176
2025-06-18 22:14:18,REAL,2707604176,541,2707604717,2707604717
2025-06-18 22:14:20,REAL,2707604717,487,2707605204,2707605204
2025-06-18 22:14:22,REAL,2707605204,474,2707605678,2707605678
2025-06-18 22:14:24,REAL,2707605678,488,2707606166,2707606166
2025-06-18 22:14:26,REAL,2707606166,478,2707606644,2707606644
2025-06-18 22:14:28,REAL,2707606644,493,2707607137,2707607137
2025-06-18 22:14:30,REAL,2707607137,488,2707607625,2707607625
2025-06-18 22:14:32,REAL,2707607625,531,2707608156,2707608156
2025-06-18 22:14:34,REAL,2707608156,491,2707608647,2707608647
2025-06-18 22:14:36,REAL,2707608647,489,2707609136,2707609136
2025-06-18 22:14:38,REAL,2707609136,484,2707609620,2707609620
2025-06-18 22:14:40,REAL,2707609620,488,2707610108,2707610108
2025-06-18 22:14:42,REAL,2707610108,481,2707610589,2707610589
2025-06-18 22:14:44,REAL,2707610589,482,2707611071,2707611071
2025-06-18 22:14:46,REAL,2707611071,491,2707611562,2707611562
2025-06-18 22:14:48,REAL,2707611562,481,2707612043,2707612043
2025-06-18 22:14:50,REAL,2707612043,540,2707612583,2707612583
2025-06-18 22:14:52,REAL,2707612583,479,2707613062,2707613062
2025-06-18 22:14:54,REAL,2707613062,488,2707613550,2707613550
2025-06-18 22:14:56,REAL,2707613550,482,2707614032,2707614032
2025-06-18 22:14:58,REAL,2707614032,485,2707614517,2707614517
2025-06-18 22:15:00,REAL,2707614517,482,2707614999,2707614999
2025-06-18 22:15:02,REAL,2707614999,484,2707615483,2707615483
2025-06-18 22:15:04,REAL,2707615483,479,2707615962,2707615962
2025-06-18 22:15:06,REAL,2707615962,485,2707616447,2707616447
2025-06-18 22:15:08,REAL,2707616447,477,2707616924,2707616924
2025-06-18 22:15:10,REAL,2707616924,481,2707617405,2707617405
2025-06-18 22:15:12,REAL,2707617405,485,2707617890,2707617890
2025-06-18 22:15:14,REAL,2707617890,484,2707618374,2707618374
2025-06-18 22:15:16,REAL,2707618374,481,2707618855,2707618855
2025-06-18 22:15:18,REAL,2707618855,492,2707619347,2707619347
2025-06-18 22:15:20,REAL,2707619347,547,2707619894,2707619894
2025-06-18 22:15:22,REAL,2707619894,539,2707620433,2707620433
2025-06-18 22:15:24,REAL,2707620433,489,2707620922,2707620922
2025-06-18 22:15:26,REAL,2707620922,483,2707621405,2707621405
2025-06-18 22:15:28,REAL,2707621405,484,2707621889,2707621889
2025-06-18 22:15:30,REAL,2707621889,481,2707622370,2707622370
2025-06-18 22:15:32,REAL,2707622370,489,2707622859,2707622859
2025-06-18 22:15:34,REAL,2707622859,479,2707623338,2707623338
2025-06-18 22:15:36,REAL,2707623338,485,2707623823,2707623823
2025-06-18 22:15:38,REAL,2707623823,488,2707624311,2707624311
2025-06-18 22:15:40,REAL,2707624311,476,2707624787,2707624787
2025-06-18 22:15:42,REAL,2707624787,489,2707625276,2707625276
2025-06-18 22:15:44,REAL,2707625276,480,2707625756,2707625756
2025-06-18 22:15:46,REAL,2707625756,491,2707626247,2707626247
2025-06-18 22:15:48,REAL,2707626247,481,2707626728,2707626728
2025-06-18 22:15:50,REAL,2707626728,547,2707627275,2707627275
2025-06-18 22:15:52,REAL,2707627275,483,2707627758,2707627758
2025-06-18 22:15:54,REAL,2707627758,484,2707628242,2707628242
2025-06-18 22:15:56,REAL,2707628242,475,2707628717,2707628717
2025-06-18 22:15:58,REAL,2707628717,490,2707629207,2707629207
2025-06-18 22:16:00,REAL,2707629207,486,2707629693,2707629693
2025-06-18 22:16:02,REAL,2707629693,477,2707630170,2707630170
2025-06-18 22:16:04,REAL,2707630170,487,2707630657,2707630657
2025-06-18 22:16:06,REAL,2707630657,484,2707631141,2707631141
2025-06-18 22:16:08,REAL,2707631141,482,2707631623,2707631623
2025-06-18 22:16:10,REAL,2707631623,483,2707632106,2707632106
2025-06-18 22:16:12,REAL,2707632106,483,2707632589,2707632589
2025-06-18 22:16:14,REAL,2707632589,550,2707633139,2707633139
2025-06-18 22:16:16,REAL,2707633139,481,2707633620,2707633620
2025-06-18 22:16:18,REAL,2707633620,477,2707634097,2707634097
2025-06-18 22:16:20,REAL,2707634097,542,2707634639,2707634639
2025-06-18 22:16:22,REAL,2707634639,482,2707635121,2707635121
2025-06-18 22:16:24,REAL,2707635121,480,2707635601,2707635601
2025-06-18 22:16:26,REAL,2707635601,484,2707636085,2707636085
2025-06-18 22:16:28,REAL,2707636085,485,2707636570,2707636570
2025-06-18 22:16:30,REAL,2707636570,481,2707637051,2707637051
2025-06-18 22:16:32,REAL,2707637051,482,2707637533,2707637533
2025-06-18 22:16:34,REAL,2707637533,484,2707638017,2707638017
2025-06-18 22:16:36,REAL,2707638017,486,2707638503,2707638503
2025-06-18 22:16:38,REAL,2707638503,484,2707638987,2707638987
2025-06-18 22:16:40,REAL,2707638987,490,2707639477,2707639477
2025-06-18 22:16:42,REAL,2707639477,11184,2707650661,2707650661
2025-06-18 22:16:44,REAL,2707650661,11502,2707662163,2707662163
2025-06-18 22:16:46,REAL,2707662163,10252,2707672415,2707672415
2025-06-18 22:16:48,REAL,2707672415,10313,2707682728,2707682728
2025-06-18 22:16:50,REAL,2707682728,10251,2707692979,2707692979
2025-06-18 22:16:52,REAL,2707692979,10253,2707703232,2707703232
2025-06-18 22:16:54,REAL,2707703232,10252,2707713484,2707713484
2025-06-18 22:16:56,REAL,2707713484,8208,2707721692,2707721692
2025-06-18 22:16:58,REAL,2707721692,484,2707722176,2707722176
2025-06-18 22:17:00,REAL,2707722176,489,2707722665,2707722665
2025-06-18 22:17:02,REAL,2707722665,485,2707723150,2707723150
2025-06-18 22:17:04,REAL,2707723150,493,2707723643,2707723643
2025-06-18 22:17:06,REAL,2707723643,550,2707724193,2707724193
2025-06-18 22:17:08,REAL,2707724193,479,2707724672,2707724672
2025-06-18 22:17:10,REAL,2707724672,541,2707725213,2707725213
2025-06-18 22:17:12,REAL,2707725213,486,2707725699,2707725699
2025-06-18 22:17:14,REAL,2707725699,11579,2707737278,2707737278
2025-06-18 22:17:16,REAL,2707737278,11512,2707748790,2707748790
2025-06-18 22:17:18,REAL,2707748790,10254,2707759044,2707759044
2025-06-18 22:17:20,REAL,2707759044,10322,2707769366,2707769366
2025-06-18 22:17:22,REAL,2707769366,10255,2707779621,2707779621
2025-06-18 22:17:24,REAL,2707779621,10252,2707789873,2707789873
2025-06-18 22:17:26,REAL,2707789873,10262,2707800135,2707800135
2025-06-18 22:17:28,REAL,2707800135,7549,2707807684,2707807684
2025-06-18 22:17:30,REAL,2707807684,475,2707808159,2707808159
2025-06-18 22:17:32,REAL,2707808159,486,2707808645,2707808645
2025-06-18 22:17:34,REAL,2707808645,483,2707809128,2707809128
2025-06-18 22:17:36,REAL,2707809128,486,2707809614,2707809614
2025-06-18 22:17:38,REAL,2707809614,477,2707810091,2707810091
2025-06-18 22:17:40,REAL,2707810091,488,2707810579,2707810579
2025-06-18 22:17:42,REAL,2707810579,541,2707811120,2707811120
2025-06-18 22:17:44,REAL,2707811120,489,2707811609,2707811609
2025-06-18 22:17:46,REAL,2707811609,13492,2707825101,2707825101
2025-06-18 22:17:48,REAL,2707825101,11047,2707836148,2707836148
2025-06-18 22:17:50,REAL,2707836148,10251,2707846399,2707846399
2025-06-18 22:17:52,REAL,2707846399,10317,2707856716,2707856716
2025-06-18 22:17:54,REAL,2707856716,10251,2707866967,2707866967
2025-06-18 22:17:56,REAL,2707866967,10370,2707877337,2707877337
2025-06-18 22:17:58,REAL,2707877337,10252,2707887589,2707887589
2025-06-18 22:18:00,REAL,2707887589,6948,2707894537,2707894537
2025-06-18 22:18:02,REAL,2707894537,485,2707895022,2707895022
2025-06-18 22:18:04,REAL,2707895022,490,2707895512,2707895512
2025-06-18 22:18:06,REAL,2707895512,5042,2707900554,2707900554
2025-06-18 22:18:08,REAL,2707900554,11248,2707911802,2707911802
2025-06-18 22:18:10,REAL,2707911802,10261,2707922063,2707922063
2025-06-18 22:18:12,REAL,2707922063,10254,2707932317,2707932317
2025-06-18 22:18:14,REAL,2707932317,10326,2707942643,2707942643
2025-06-18 22:18:16,REAL,2707942643,10245,2707952888,2707952888
2025-06-18 22:18:18,REAL,2707952888,10256,2707963144,2707963144
2025-06-18 22:18:20,REAL,2707963144,10259,2707973403,2707973403
2025-06-18 22:18:22,REAL,2707973403,1803,2707975206,2707975206
2025-06-18 22:18:24,REAL,2707975206,483,2707975689,2707975689
2025-06-18 22:18:26,REAL,2707975689,478,2707976167,2707976167
2025-06-18 22:18:28,REAL,2707976167,489,2707976656,2707976656
2025-06-18 22:18:30,REAL,2707976656,488,2707977144,2707977144
2025-06-18 22:18:32,REAL,2707977144,482,2707977626,2707977626
2025-06-18 22:18:34,REAL,2707977626,486,2707978112,2707978112
2025-06-18 22:18:36,REAL,2707978112,534,2707978646,2707978646
2025-06-18 22:18:38,REAL,2707978646,483,2707979129,2707979129
2025-06-18 22:18:40,REAL,2707979129,487,2707979616,2707979616
2025-06-18 22:18:42,REAL,2707979616,488,2707980104,2707980104
2025-06-18 22:18:44,REAL,2707980104,478,2707980582,2707980582
2025-06-18 22:18:46,REAL,2707980582,490,2707981072,2707981072
2025-06-18 22:18:48,REAL,2707981072,539,2707981611,2707981611
2025-06-18 22:18:50,REAL,2707981611,488,2707982099,2707982099
2025-06-18 22:18:52,REAL,2707982099,478,2707982577,2707982577
2025-06-18 22:18:54,REAL,2707982577,489,2707983066,2707983066
2025-06-18 22:18:56,REAL,2707983066,487,2707983553,2707983553
2025-06-18 22:18:58,REAL,2707983553,492,2707984045,2707984045
2025-06-18 22:19:00,REAL,2707984045,478,2707984523,2707984523
2025-06-18 22:19:02,REAL,2707984523,479,2707985002,2707985002
2025-06-18 22:19:04,REAL,2707985002,474,2707985476,2707985476
2025-06-18 22:19:06,REAL,2707985476,486,2707985962,2707985962
2025-06-18 22:19:08,REAL,2707985962,541,2707986503,2707986503
2025-06-18 22:19:10,REAL,2707986503,6301,2707992804,2707992804
2025-06-18 22:19:12,REAL,2707992804,10986,2708003790,2708003790
2025-06-18 22:19:14,REAL,2708003790,10251,2708014041,2708014041
2025-06-18 22:19:16,REAL,2708014041,10248,2708024289,2708024289
2025-06-18 22:19:18,REAL,2708024289,10254,2708034543,2708034543
2025-06-18 22:19:20,REAL,2708034543,10318,2708044861,2708044861
2025-06-18 22:19:22,REAL,2708044861,10259,2708055120,2708055120
2025-06-18 22:19:24,REAL,2708055120,10314,2708065434,2708065434
2025-06-18 22:19:26,REAL,2708065434,532,2708065966,2708065966
2025-06-18 22:19:28,REAL,2708065966,487,2708066453,2708066453
2025-06-18 22:19:30,REAL,2708066453,478,2708066931,2708066931
2025-06-18 22:19:32,REAL,2708066931,490,2708067421,2708067421
2025-06-18 22:19:34,REAL,2708067421,487,2708067908,2708067908
2025-06-18 22:19:36,REAL,2708067908,491,2708068399,2708068399
2025-06-18 22:19:38,REAL,2708068399,537,2708068936,2708068936
2025-06-18 22:19:40,REAL,2708068936,486,2708069422,2708069422
2025-06-18 22:19:42,REAL,2708069422,476,2708069898,2708069898
2025-06-18 22:19:44,REAL,2708069898,487,2708070385,2708070385
2025-06-18 22:19:46,REAL,2708070385,760,2708071145,2708071145
2025-06-18 22:19:48,REAL,2708071145,11977,2708083122,2708083122
2025-06-18 22:19:50,REAL,2708083122,10257,2708093379,2708093379
2025-06-18 22:19:52,REAL,2708093379,10249,2708103628,2708103628
2025-06-18 22:19:54,REAL,2708103628,10255,2708113883,2708113883
2025-06-18 22:19:56,REAL,2708113883,10254,2708124137,2708124137
2025-06-18 22:19:58,REAL,2708124137,10251,2708134388,2708134388
2025-06-18 22:20:00,REAL,2708134388,10252,2708144640,2708144640
2025-06-18 22:20:02,REAL,2708144640,4769,2708149409,2708149409
2025-06-18 22:20:04,REAL,2708149409,486,2708149895,2708149895
2025-06-18 22:20:06,REAL,2708149895,538,2708150433,2708150433
2025-06-18 22:20:08,REAL,2708150433,490,2708150923,2708150923
2025-06-18 22:20:10,REAL,2708150923,481,2708151404,2708151404
2025-06-18 22:20:12,REAL,2708151404,479,2708151883,2708151883
2025-06-18 22:20:14,REAL,2708151883,484,2708152367,2708152367
2025-06-18 22:20:16,REAL,2708152367,537,2708152904,2708152904
2025-06-18 22:20:18,REAL,2708152904,479,2708153383,2708153383
2025-06-18 22:20:20,REAL,2708153383,489,2708153872,2708153872
2025-06-18 22:20:22,REAL,2708153872,482,2708154354,2708154354
2025-06-18 22:20:24,REAL,2708154354,479,2708154833,2708154833
2025-06-18 22:20:26,REAL,2708154833,480,2708155313,2708155313
2025-06-18 22:20:28,REAL,2708155313,490,2708155803,2708155803
2025-06-18 22:20:30,REAL,2708155803,486,2708156289,2708156289
2025-06-18 22:20:32,REAL,2708156289,482,2708156771,2708156771
2025-06-18 22:20:34,REAL,2708156771,482,2708157253,2708157253
2025-06-18 22:20:36,REAL,2708157253,486,2708157739,2708157739
2025-06-18 22:20:38,REAL,2708157739,483,2708158222,2708158222
2025-06-18 22:20:40,REAL,2708158222,483,2708158705,2708158705
2025-06-18 22:20:42,REAL,2708158705,481,2708159186,2708159186
2025-06-18 22:20:44,REAL,2708159186,488,2708159674,2708159674
2025-06-18 22:20:46,REAL,2708159674,533,2708160207,2708160207
2025-06-18 22:20:48,REAL,2708160207,485,2708160692,2708160692
2025-06-18 22:20:50,REAL,2708160692,479,2708161171,2708161171
2025-06-18 22:20:52,REAL,2708161171,491,2708161662,2708161662
2025-06-18 22:20:54,REAL,2708161662,484,2708162146,2708162146
2025-06-18 22:20:56,REAL,2708162146,480,2708162626,2708162626
2025-06-18 22:20:58,REAL,2708162626,488,2708163114,2708163114
2025-06-18 22:21:00,REAL,2708163114,486,2708163600,2708163600
2025-06-18 22:21:02,REAL,2708163600,489,2708164089,2708164089
2025-06-18 22:21:04,REAL,2708164089,541,2708164630,2708164630
2025-06-18 22:21:06,REAL,2708164630,483,2708165113,2708165113
2025-06-18 22:21:08,REAL,2708165113,485,2708165598,2708165598
2025-06-18 22:21:10,REAL,2708165598,476,2708166074,2708166074
2025-06-18 22:21:12,REAL,2708166074,489,2708166563,2708166563
2025-06-18 22:21:14,REAL,2708166563,477,2708167040,2708167040
2025-06-18 22:21:16,REAL,2708167040,482,2708167522,2708167522
2025-06-18 22:21:18,REAL,2708167522,489,2708168011,2708168011
2025-06-18 22:21:20,REAL,2708168011,490,2708168501,2708168501
2025-06-18 22:21:22,REAL,2708168501,493,2708168994,2708168994
2025-06-18 22:21:24,REAL,2708168994,475,2708169469,2708169469
2025-06-18 22:21:26,REAL,2708169469,475,2708169944,2708169944
2025-06-18 22:21:28,REAL,2708169944,546,2708170490,2708170490
2025-06-18 22:21:30,REAL,2708170490,482,2708170972,2708170972
2025-06-18 22:21:32,REAL,2708170972,488,2708171460,2708171460
2025-06-18 22:21:34,REAL,2708171460,488,2708171948,2708171948
2025-06-18 22:21:36,REAL,2708171948,483,2708172431,2708172431
2025-06-18 22:21:38,REAL,2708172431,482,2708172913,2708172913
2025-06-18 22:21:40,REAL,2708172913,485,2708173398,2708173398
2025-06-18 22:21:42,REAL,2708173398,487,2708173885,2708173885
2025-06-18 22:21:44,REAL,2708173885,483,2708174368,2708174368
2025-06-18 22:21:46,REAL,2708174368,489,2708174857,2708174857
2025-06-18 22:21:48,REAL,2708174857,478,2708175335,2708175335
2025-06-18 22:21:50,REAL,2708175335,536,2708175871,2708175871
2025-06-18 22:21:52,REAL,2708175871,484,2708176355,2708176355
2025-06-18 22:21:54,REAL,2708176355,485,2708176840,2708176840
2025-06-18 22:21:56,REAL,2708176840,477,2708177317,2708177317
2025-06-18 22:21:58,REAL,2708177317,481,2708177798,2708177798
2025-06-18 22:22:00,REAL,2708177798,484,2708178282,2708178282
2025-06-18 22:22:02,REAL,2708178282,479,2708178761,2708178761
2025-06-18 22:22:04,REAL,2708178761,491,2708179252,2708179252
2025-06-18 22:22:06,REAL,2708179252,488,2708179740,2708179740
2025-06-18 22:22:08,REAL,2708179740,543,2708180283,2708180283
2025-06-18 22:22:10,REAL,2708180283,489,2708180772,2708180772
2025-06-18 22:22:12,REAL,2708180772,487,2708181259,2708181259
2025-06-18 22:22:14,REAL,2708181259,492,2708181751,2708181751
2025-06-18 22:22:16,REAL,2708181751,489,2708182240,2708182240
2025-06-18 22:22:18,REAL,2708182240,490,2708182730,2708182730
2025-06-18 22:22:20,REAL,2708182730,491,2708183221,2708183221
2025-06-18 22:22:22,REAL,2708183221,479,2708183700,2708183700
2025-06-18 22:22:24,REAL,2708183700,488,2708184188,2708184188
2025-06-18 22:22:26,REAL,2708184188,478,2708184666,2708184666
2025-06-18 22:22:28,REAL,2708184666,484,2708185150,2708185150
2025-06-18 22:22:30,REAL,2708185150,478,2708185628,2708185628
2025-06-18 22:22:32,REAL,2708185628,485,2708186113,2708186113
2025-06-18 22:22:34,REAL,2708186113,481,2708186594,2708186594
2025-06-18 22:22:36,REAL,2708186594,481,2708187075,2708187075
2025-06-18 22:22:38,REAL,2708187075,542,2708187617,2708187617
2025-06-18 22:22:40,REAL,2708187617,488,2708188105,2708188105
2025-06-18 22:22:42,REAL,2708188105,481,2708188586,2708188586
2025-06-18 22:22:44,REAL,2708188586,487,2708189073,2708189073
2025-06-18 22:22:46,REAL,2708189073,490,2708189563,2708189563
2025-06-18 22:22:48,REAL,2708189563,540,2708190103,2708190103
2025-06-18 22:22:50,REAL,2708190103,486,2708190589,2708190589
2025-06-18 22:22:52,REAL,2708190589,477,2708191066,2708191066
2025-06-18 22:22:54,REAL,2708191066,483,2708191549,2708191549
2025-06-18 22:22:56,REAL,2708191549,477,2708192026,2708192026
2025-06-18 22:22:58,REAL,2708192026,487,2708192513,2708192513
2025-06-18 22:23:00,REAL,2708192513,483,2708192996,2708192996
2025-06-18 22:23:02,REAL,2708192996,484,2708193480,2708193480
2025-06-18 22:23:04,REAL,2708193480,480,2708193960,2708193960
2025-06-18 22:23:06,REAL,2708193960,481,2708194441,2708194441
2025-06-18 22:23:08,REAL,2708194441,490,2708194931,2708194931
2025-06-18 22:23:10,REAL,2708194931,484,2708195415,2708195415
2025-06-18 22:23:12,REAL,2708195415,481,2708195896,2708195896
2025-06-18 22:23:14,REAL,2708195896,482,2708196378,2708196378
2025-06-18 22:23:16,REAL,2708196378,482,2708196860,2708196860
2025-06-18 22:23:18,REAL,2708196860,489,2708197349,2708197349
2025-06-18 22:23:20,REAL,2708197349,478,2708197827,2708197827
2025-06-18 22:23:22,REAL,2708197827,478,2708198305,2708198305
2025-06-18 22:23:24,REAL,2708198305,5840,2708204145,2708204145
2025-06-18 22:23:26,REAL,2708204145,11040,2708215185,2708215185
2025-06-18 22:23:28,REAL,2708215185,10309,2708225494,2708225494
2025-06-18 22:23:30,REAL,2708225494,10325,2708235819,2708235819
2025-06-18 22:23:32,REAL,2708235819,10249,2708246068,2708246068
2025-06-18 22:23:34,REAL,2708246068,10311,2708256379,2708256379
2025-06-18 22:23:36,REAL,2708256379,10248,2708266627,2708266627
2025-06-18 22:23:38,REAL,2708266627,10255,2708276882,2708276882
2025-06-18 22:23:40,REAL,2708276882,682,2708277564,2708277564
2025-06-18 22:23:42,REAL,2708277564,484,2708278048,2708278048
2025-06-18 22:23:44,REAL,2708278048,478,2708278526,2708278526
2025-06-18 22:23:46,REAL,2708278526,484,2708279010,2708279010
2025-06-18 22:23:48,REAL,2708279010,487,2708279497,2708279497
2025-06-18 22:23:50,REAL,2708279497,490,2708279987,2708279987
2025-06-18 22:23:52,REAL,2708279987,488,2708280475,2708280475
2025-06-18 22:23:54,REAL,2708280475,482,2708280957,2708280957
2025-06-18 22:23:56,REAL,2708280957,6888,2708287845,2708287845
2025-06-18 22:23:58,REAL,2708287845,11049,2708298894,2708298894
2025-06-18 22:24:00,REAL,2708298894,10299,2708309193,2708309193
2025-06-18 22:24:02,REAL,2708309193,10317,2708319510,2708319510
2025-06-18 22:24:04,REAL,2708319510,10256,2708329766,2708329766
2025-06-18 22:24:06,REAL,2708329766,10256,2708340022,2708340022
2025-06-18 22:24:08,REAL,2708340022,10249,2708350271,2708350271
2025-06-18 22:24:10,REAL,2708350271,9790,2708360061,2708360061
2025-06-18 22:24:12,REAL,2708360061,484,2708360545,2708360545
2025-06-18 22:24:14,REAL,2708360545,478,2708361023,2708361023
2025-06-18 22:24:16,REAL,2708361023,476,2708361499,2708361499
2025-06-18 22:24:18,REAL,2708361499,480,2708361979,2708361979
2025-06-18 22:24:20,REAL,2708361979,483,2708362462,2708362462
2025-06-18 22:24:22,REAL,2708362462,482,2708362944,2708362944
2025-06-18 22:24:24,REAL,2708362944,481,2708363425,2708363425
2025-06-18 22:24:26,REAL,2708363425,480,2708363905,2708363905
2025-06-18 22:24:28,REAL,2708363905,485,2708364390,2708364390
2025-06-18 22:24:30,REAL,2708364390,541,2708364931,2708364931
2025-06-18 22:24:32,REAL,2708364931,479,2708365410,2708365410
2025-06-18 22:24:34,REAL,2708365410,487,2708365897,2708365897
2025-06-18 22:24:36,REAL,2708365897,481,2708366378,2708366378
2025-06-18 22:24:38,REAL,2708366378,479,2708366857,2708366857
2025-06-18 22:24:40,REAL,2708366857,478,2708367335,2708367335
2025-06-18 22:24:42,REAL,2708367335,492,2708367827,2708367827
2025-06-18 22:24:44,REAL,2708367827,543,2708368370,2708368370
2025-06-18 22:24:46,REAL,2708368370,475,2708368845,2708368845
2025-06-18 22:24:48,REAL,2708368845,483,2708369328,2708369328
2025-06-18 22:24:50,REAL,2708369328,484,2708369812,2708369812
2025-06-18 22:24:52,REAL,2708369812,484,2708370296,2708370296
2025-06-18 22:24:54,REAL,2708370296,484,2708370780,2708370780
2025-06-18 22:24:56,REAL,2708370780,486,2708371266,2708371266
2025-06-18 22:24:58,REAL,2708371266,482,2708371748,2708371748
2025-06-18 22:25:00,REAL,2708371748,544,2708372292,2708372292
2025-06-18 22:25:02,REAL,2708372292,485,2708372777,2708372777
2025-06-18 22:25:04,REAL,2708372777,486,2708373263,2708373263
2025-06-18 22:25:06,REAL,2708373263,487,2708373750,2708373750
2025-06-18 22:25:08,REAL,2708373750,487,2708374237,2708374237
2025-06-18 22:25:10,REAL,2708374237,485,2708374722,2708374722
2025-06-18 22:25:12,REAL,2708374722,480,2708375202,2708375202
2025-06-18 22:25:14,REAL,2708375202,478,2708375680,2708375680
2025-06-18 22:25:16,REAL,2708375680,478,2708376158,2708376158
2025-06-18 22:25:18,REAL,2708376158,486,2708376644,2708376644
2025-06-18 22:25:20,REAL,2708376644,484,2708377128,2708377128
2025-06-18 22:25:22,REAL,2708377128,490,2708377618,2708377618
2025-06-18 22:25:24,REAL,2708377618,482,2708378100,2708378100
2025-06-18 22:25:26,REAL,2708378100,484,2708378584,2708378584
2025-06-18 22:25:28,REAL,2708378584,479,2708379063,2708379063
2025-06-18 22:25:30,REAL,2708379063,537,2708379600,2708379600
2025-06-18 22:25:32,REAL,2708379600,536,2708380136,2708380136
2025-06-18 22:25:34,REAL,2708380136,487,2708380623,2708380623
2025-06-18 22:25:36,REAL,2708380623,488,2708381111,2708381111
2025-06-18 22:25:38,REAL,2708381111,477,2708381588,2708381588
2025-06-18 22:25:40,REAL,2708381588,491,2708382079,2708382079
2025-06-18 22:25:42,REAL,2708382079,485,2708382564,2708382564
2025-06-18 22:25:44,REAL,2708382564,480,2708383044,2708383044
2025-06-18 22:25:46,REAL,2708383044,482,2708383526,2708383526
2025-06-18 22:25:48,REAL,2708383526,9601,2708393127,2708393127
2025-06-18 22:25:50,REAL,2708393127,10519,2708403646,2708403646
2025-06-18 22:25:52,REAL,2708403646,10255,2708413901,2708413901
2025-06-18 22:25:54,REAL,2708413901,10248,2708424149,2708424149
2025-06-18 22:25:56,REAL,2708424149,10249,2708434398,2708434398
2025-06-18 22:25:58,REAL,2708434398,10313,2708444711,2708444711
2025-06-18 22:26:00,REAL,2708444711,10252,2708454963,2708454963
2025-06-18 22:26:02,REAL,2708454963,7671,2708462634,2708462634
2025-06-18 22:26:04,REAL,2708462634,482,2708463116,2708463116
2025-06-18 22:26:06,REAL,2708463116,482,2708463598,2708463598
2025-06-18 22:26:08,REAL,2708463598,479,2708464077,2708464077
2025-06-18 22:26:10,REAL,2708464077,485,2708464562,2708464562
2025-06-18 22:26:12,REAL,2708464562,487,2708465049,2708465049
2025-06-18 22:26:14,REAL,2708465049,492,2708465541,2708465541
2025-06-18 22:26:16,REAL,2708465541,480,2708466021,2708466021
2025-06-18 22:26:18,REAL,2708466021,483,2708466504,2708466504
2025-06-18 22:26:20,REAL,2708466504,482,2708466986,2708466986
2025-06-18 22:26:22,REAL,2708466986,484,2708467470,2708467470
2025-06-18 22:26:24,REAL,2708467470,481,2708467951,2708467951
2025-06-18 22:26:26,REAL,2708467951,478,2708468429,2708468429
2025-06-18 22:26:28,REAL,2708468429,488,2708468917,2708468917
2025-06-18 22:26:30,REAL,2708468917,546,2708469463,2708469463
2025-06-18 22:26:32,REAL,2708469463,494,2708469957,2708469957
2025-06-18 22:26:34,REAL,2708469957,535,2708470492,2708470492
2025-06-18 22:26:36,REAL,2708470492,489,2708470981,2708470981
2025-06-18 22:26:38,REAL,2708470981,480,2708471461,2708471461
2025-06-18 22:26:40,REAL,2708471461,482,2708471943,2708471943
2025-06-18 22:26:42,REAL,2708471943,491,2708472434,2708472434
2025-06-18 22:26:44,REAL,2708472434,475,2708472909,2708472909
2025-06-18 22:26:46,REAL,2708472909,485,2708473394,2708473394
2025-06-18 22:26:48,REAL,2708473394,482,2708473876,2708473876
2025-06-18 22:26:50,REAL,2708473876,242,2708474118,2708474118
2025-06-18 22:26:52,REAL,2708474118,10920,2708485038,2708485038
2025-06-18 22:26:54,REAL,2708485038,10387,2708495425,2708495425
2025-06-18 22:26:56,REAL,2708495425,10250,2708505675,2708505675
2025-06-18 22:26:58,REAL,2708505675,10247,2708515922,2708515922
2025-06-18 22:27:00,REAL,2708515922,10310,2708526232,2708526232
2025-06-18 22:27:02,REAL,2708526232,10249,2708536481,2708536481
2025-06-18 22:27:04,REAL,2708536481,10378,2708546859,2708546859
2025-06-18 22:27:06,REAL,2708546859,6357,2708553216,2708553216
2025-06-18 22:27:08,REAL,2708553216,483,2708553699,2708553699
2025-06-18 22:27:10,REAL,2708553699,483,2708554182,2708554182
2025-06-18 22:27:12,REAL,2708554182,477,2708554659,2708554659
2025-06-18 22:27:14,REAL,2708554659,481,2708555140,2708555140
2025-06-18 22:27:16,REAL,2708555140,489,2708555629,2708555629
2025-06-18 22:27:18,REAL,2708555629,482,2708556111,2708556111
2025-06-18 22:27:20,REAL,2708556111,477,2708556588,2708556588
2025-06-18 22:27:22,REAL,2708556588,479,2708557067,2708557067
2025-06-18 22:27:24,REAL,2708557067,480,2708557547,2708557547
2025-06-18 22:27:26,REAL,2708557547,486,2708558033,2708558033
2025-06-18 22:27:28,REAL,2708558033,479,2708558512,2708558512
2025-06-18 22:27:30,REAL,2708558512,483,2708558995,2708558995
2025-06-18 22:27:32,REAL,2708558995,480,2708559475,2708559475
2025-06-18 22:27:34,REAL,2708559475,597,2708560072,2708560072
2025-06-18 22:27:36,REAL,2708560072,481,2708560553,2708560553
2025-06-18 22:27:38,REAL,2708560553,480,2708561033,2708561033
2025-06-18 22:27:40,REAL,2708561033,475,2708561508,2708561508
2025-06-18 22:27:42,REAL,2708561508,486,2708561994,2708561994
2025-06-18 22:27:44,REAL,2708561994,482,2708562476,2708562476
2025-06-18 22:27:46,REAL,2708562476,482,2708562958,2708562958
2025-06-18 22:27:48,REAL,2708562958,485,2708563443,2708563443
2025-06-18 22:27:50,REAL,2708563443,484,2708563927,2708563927
2025-06-18 22:27:52,REAL,2708563927,478,2708564405,2708564405
2025-06-18 22:27:54,REAL,2708564405,489,2708564894,2708564894
2025-06-18 22:27:56,REAL,2708564894,477,2708565371,2708565371
2025-06-18 22:27:58,REAL,2708565371,477,2708565848,2708565848
2025-06-18 22:28:00,REAL,2708565848,485,2708566333,2708566333
2025-06-18 22:28:02,REAL,2708566333,487,2708566820,2708566820
2025-06-18 22:28:04,REAL,2708566820,484,2708567304,2708567304
2025-06-18 22:28:06,REAL,2708567304,533,2708567837,2708567837
2025-06-18 22:28:08,REAL,2708567837,486,2708568323,2708568323
2025-06-18 22:28:10,REAL,2708568323,483,2708568806,2708568806
2025-06-18 22:28:12,REAL,2708568806,477,2708569283,2708569283
2025-06-18 22:28:14,REAL,2708569283,482,2708569765,2708569765
2025-06-18 22:28:16,REAL,2708569765,8406,2708578171,2708578171
2025-06-18 22:28:18,REAL,2708578171,12693,2708590864,2708590864
2025-06-18 22:28:20,REAL,2708590864,10323,2708601187,2708601187
2025-06-18 22:28:22,REAL,2708601187,10259,2708611446,2708611446
2025-06-18 22:28:24,REAL,2708611446,10311,2708621757,2708621757
2025-06-18 22:28:26,REAL,2708621757,10256,2708632013,2708632013
2025-06-18 22:28:28,REAL,2708632013,10315,2708642328,2708642328
2025-06-18 22:28:30,REAL,2708642328,9588,2708651916,2708651916
2025-06-18 22:28:32,REAL,2708651916,489,2708652405,2708652405
2025-06-18 22:28:34,REAL,2708652405,484,2708652889,2708652889
2025-06-18 22:28:36,REAL,2708652889,545,2708653434,2708653434
2025-06-18 22:28:38,REAL,2708653434,483,2708653917,2708653917
2025-06-18 22:28:40,REAL,2708653917,478,2708654395,2708654395
2025-06-18 22:28:42,REAL,2708654395,490,2708654885,2708654885
2025-06-18 22:28:44,REAL,2708654885,485,2708655370,2708655370
2025-06-18 22:28:46,REAL,2708655370,478,2708655848,2708655848
2025-06-18 22:28:48,REAL,2708655848,483,2708656331,2708656331
2025-06-18 22:28:50,REAL,2708656331,477,2708656808,2708656808
2025-06-18 22:28:52,REAL,2708656808,485,2708657293,2708657293
2025-06-18 22:28:54,REAL,2708657293,485,2708657778,2708657778
2025-06-18 22:28:56,REAL,2708657778,487,2708658265,2708658265
2025-06-18 22:28:58,REAL,2708658265,487,2708658752,2708658752
2025-06-18 22:29:00,REAL,2708658752,531,2708659283,2708659283
2025-06-18 22:29:02,REAL,2708659283,484,2708659767,2708659767
2025-06-18 22:29:04,REAL,2708659767,544,2708660311,2708660311
2025-06-18 22:29:06,REAL,2708660311,484,2708660795,2708660795
2025-06-18 22:29:08,REAL,2708660795,493,2708661288,2708661288
2025-06-18 22:29:10,REAL,2708661288,487,2708661775,2708661775
2025-06-18 22:29:12,REAL,2708661775,484,2708662259,2708662259
2025-06-18 22:29:14,REAL,2708662259,484,2708662743,2708662743
2025-06-18 22:29:16,REAL,2708662743,475,2708663218,2708663218
2025-06-18 22:29:18,REAL,2708663218,483,2708663701,2708663701
2025-06-18 22:29:20,REAL,2708663701,480,2708664181,2708664181
2025-06-18 22:29:22,REAL,2708664181,479,2708664660,2708664660
2025-06-18 22:29:24,REAL,2708664660,478,2708665138,2708665138
2025-06-18 22:29:26,REAL,2708665138,483,2708665621,2708665621
2025-06-18 22:29:28,REAL,2708665621,483,2708666104,2708666104
2025-06-18 22:29:30,REAL,2708666104,494,2708666598,2708666598
2025-06-18 22:29:32,REAL,2708666598,491,2708667089,2708667089
2025-06-18 22:29:34,REAL,2708667089,540,2708667629,2708667629
2025-06-18 22:29:36,REAL,2708667629,475,2708668104,2708668104
2025-06-18 22:29:38,REAL,2708668104,486,2708668590,2708668590
2025-06-18 22:29:40,REAL,2708668590,2926,2708671516,2708671516
2025-06-18 22:29:42,REAL,2708671516,11580,2708683096,2708683096
2025-06-18 22:29:44,REAL,2708683096,10318,2708693414,2708693414
2025-06-18 22:29:46,REAL,2708693414,10257,2708703671,2708703671
2025-06-18 22:29:48,REAL,2708703671,10255,2708713926,2708713926
2025-06-18 22:29:50,REAL,2708713926,10245,2708724171,2708724171
2025-06-18 22:29:52,REAL,2708724171,10323,2708734494,2708734494
2025-06-18 22:29:54,REAL,2708734494,10245,2708744739,2708744739
2025-06-18 22:29:56,REAL,2708744739,3190,2708747929,2708747929
2025-06-18 22:29:58,REAL,2708747929,490,2708748419,2708748419
2025-06-18 22:30:00,REAL,2708748419,483,2708748902,2708748902
2025-06-18 22:30:02,REAL,2708748902,546,2708749448,2708749448
2025-06-18 22:30:04,REAL,2708749448,481,2708749929,2708749929
2025-06-18 22:30:06,REAL,2708749929,481,2708750410,2708750410
2025-06-18 22:30:08,REAL,2708750410,483,2708750893,2708750893
2025-06-18 22:30:10,REAL,2708750893,485,2708751378,2708751378
2025-06-18 22:30:12,REAL,2708751378,479,2708751857,2708751857
2025-06-18 22:30:14,REAL,2708751857,480,2708752337,2708752337
2025-06-18 22:30:16,REAL,2708752337,484,2708752821,2708752821
2025-06-18 22:30:18,REAL,2708752821,486,2708753307,2708753307
2025-06-18 22:30:20,REAL,2708753307,487,2708753794,2708753794
2025-06-18 22:30:22,REAL,2708753794,485,2708754279,2708754279
2025-06-18 22:30:24,REAL,2708754279,538,2708754817,2708754817
2025-06-18 22:30:26,REAL,2708754817,488,2708755305,2708755305
2025-06-18 22:30:28,REAL,2708755305,480,2708755785,2708755785
2025-06-18 22:30:30,REAL,2708755785,539,2708756324,2708756324
2025-06-18 22:30:32,REAL,2708756324,488,2708756812,2708756812
2025-06-18 22:30:34,REAL,2708756812,486,2708757298,2708757298
2025-06-18 22:30:36,REAL,2708757298,492,2708757790,2708757790
2025-06-18 22:30:38,REAL,2708757790,482,2708758272,2708758272
2025-06-18 22:30:40,REAL,2708758272,488,2708758760,2708758760
2025-06-18 22:30:42,REAL,2708758760,483,2708759243,2708759243
2025-06-18 22:30:44,REAL,2708759243,477,2708759720,2708759720
2025-06-18 22:30:46,REAL,2708759720,481,2708760201,2708760201
2025-06-18 22:30:48,REAL,2708760201,485,2708760686,2708760686
2025-06-18 22:30:50,REAL,2708760686,487,2708761173,2708761173
2025-06-18 22:30:52,REAL,2708761173,492,2708761665,2708761665
2025-06-18 22:30:54,REAL,2708761665,477,2708762142,2708762142
2025-06-18 22:30:56,REAL,2708762142,484,2708762626,2708762626
2025-06-18 22:30:58,REAL,2708762626,536,2708763162,2708763162
2025-06-18 22:31:00,REAL,2708763162,477,2708763639,2708763639
2025-06-18 22:31:02,REAL,2708763639,488,2708764127,2708764127
2025-06-18 22:31:04,REAL,2708764127,488,2708764615,2708764615
2025-06-18 22:31:06,REAL,2708764615,540,2708765155,2708765155
2025-06-18 22:31:08,REAL,2708765155,484,2708765639,2708765639
2025-06-18 22:31:10,REAL,2708765639,485,2708766124,2708766124
2025-06-18 22:31:12,REAL,2708766124,483,2708766607,2708766607
2025-06-18 22:31:14,REAL,2708766607,475,2708767082,2708767082
2025-06-18 22:31:16,REAL,2708767082,5442,2708772524,2708772524
2025-06-18 22:31:18,REAL,2708772524,11371,2708783895,2708783895
2025-06-18 22:31:20,REAL,2708783895,10259,2708794154,2708794154
2025-06-18 22:31:22,REAL,2708794154,10247,2708804401,2708804401
2025-06-18 22:31:24,REAL,2708804401,10260,2708814661,2708814661
2025-06-18 22:31:26,REAL,2708814661,10310,2708824971,2708824971
2025-06-18 22:31:28,REAL,2708824971,10309,2708835280,2708835280
2025-06-18 22:31:30,REAL,2708835280,10247,2708845527,2708845527
2025-06-18 22:31:32,REAL,2708845527,1275,2708846802,2708846802
2025-06-18 22:31:34,REAL,2708846802,481,2708847283,2708847283
2025-06-18 22:31:36,REAL,2708847283,481,2708847764,2708847764
2025-06-18 22:31:38,REAL,2708847764,486,2708848250,2708848250
2025-06-18 22:31:40,REAL,2708848250,543,2708848793,2708848793
2025-06-18 22:31:42,REAL,2708848793,487,2708849280,2708849280
2025-06-18 22:31:44,REAL,2708849280,481,2708849761,2708849761
2025-06-18 22:31:46,REAL,2708849761,483,2708850244,2708850244
2025-06-18 22:31:48,REAL,2708850244,5905,2708856149,2708856149
2025-06-18 22:31:50,REAL,2708856149,11042,2708867191,2708867191
2025-06-18 22:31:52,REAL,2708867191,10242,2708877433,2708877433
2025-06-18 22:31:54,REAL,2708877433,10326,2708887759,2708887759
2025-06-18 22:31:56,REAL,2708887759,10307,2708898066,2708898066
2025-06-18 22:31:58,REAL,2708898066,10245,2708908311,2708908311
2025-06-18 22:32:00,REAL,2708908311,10321,2708918632,2708918632
2025-06-18 22:32:02,REAL,2708918632,10255,2708928887,2708928887
2025-06-18 22:32:04,REAL,2708928887,682,2708929569,2708929569
2025-06-18 22:32:06,REAL,2708929569,488,2708930057,2708930057
2025-06-18 22:32:08,REAL,2708930057,486,2708930543,2708930543
2025-06-18 22:32:10,REAL,2708930543,488,2708931031,2708931031
2025-06-18 22:32:12,REAL,2708931031,544,2708931575,2708931575
2025-06-18 22:32:14,REAL,2708931575,483,2708932058,2708932058
2025-06-18 22:32:16,REAL,2708932058,475,2708932533,2708932533
2025-06-18 22:32:18,REAL,2708932533,477,2708933010,2708933010
2025-06-18 22:32:20,REAL,2708933010,481,2708933491,2708933491
2025-06-18 22:32:22,REAL,2708933491,479,2708933970,2708933970
2025-06-18 22:32:24,REAL,2708933970,541,2708934511,2708934511
2025-06-18 22:32:26,REAL,2708934511,479,2708934990,2708934990
2025-06-18 22:32:28,REAL,2708934990,485,2708935475,2708935475
2025-06-18 22:32:30,REAL,2708935475,494,2708935969,2708935969
2025-06-18 22:32:32,REAL,2708935969,487,2708936456,2708936456
2025-06-18 22:32:34,REAL,2708936456,488,2708936944,2708936944
2025-06-18 22:32:36,REAL,2708936944,488,2708937432,2708937432
2025-06-18 22:32:38,REAL,2708937432,544,2708937976,2708937976
2025-06-18 22:32:40,REAL,2708937976,483,2708938459,2708938459
2025-06-18 22:32:42,REAL,2708938459,483,2708938942,2708938942
2025-06-18 22:32:44,REAL,2708938942,475,2708939417,2708939417
2025-06-18 22:32:46,REAL,2708939417,485,2708939902,2708939902
2025-06-18 22:32:48,REAL,2708939902,487,2708940389,2708940389
2025-06-18 22:32:50,REAL,2708940389,490,2708940879,2708940879
2025-06-18 22:32:52,REAL,2708940879,7552,2708948431,2708948431
2025-06-18 22:32:54,REAL,2708948431,10831,2708959262,2708959262
2025-06-18 22:32:56,REAL,2708959262,10259,2708969521,2708969521
2025-06-18 22:32:58,REAL,2708969521,10308,2708979829,2708979829
2025-06-18 22:33:00,REAL,2708979829,10249,2708990078,2708990078
2025-06-18 22:33:02,REAL,2708990078,10250,2709000328,2709000328
2025-06-18 22:33:04,REAL,2709000328,10319,2709010647,2709010647
2025-06-18 22:33:06,REAL,2709010647,9133,2709019780,2709019780
2025-06-18 22:33:08,REAL,2709019780,488,2709020268,2709020268
2025-06-18 22:33:10,REAL,2709020268,485,2709020753,2709020753
2025-06-18 22:33:12,REAL,2709020753,486,2709021239,2709021239
2025-06-18 22:33:14,REAL,2709021239,487,2709021726,2709021726
2025-06-18 22:33:16,REAL,2709021726,537,2709022263,2709022263
2025-06-18 22:33:18,REAL,2709022263,483,2709022746,2709022746
2025-06-18 22:33:20,REAL,2709022746,491,2709023237,2709023237
2025-06-18 22:33:22,REAL,2709023237,539,2709023776,2709023776
2025-06-18 22:33:24,REAL,2709023776,488,2709024264,2709024264
2025-06-18 22:33:26,REAL,2709024264,477,2709024741,2709024741
2025-06-18 22:33:28,REAL,2709024741,486,2709025227,2709025227
2025-06-18 22:33:30,REAL,2709025227,481,2709025708,2709025708
2025-06-18 22:33:32,REAL,2709025708,488,2709026196,2709026196
2025-06-18 22:33:34,REAL,2709026196,486,2709026682,2709026682
2025-06-18 22:33:36,REAL,2709026682,488,2709027170,2709027170
2025-06-18 22:33:38,REAL,2709027170,481,2709027651,2709027651
2025-06-18 22:33:40,REAL,2709027651,481,2709028132,2709028132
2025-06-18 22:33:42,REAL,2709028132,544,2709028676,2709028676
2025-06-18 22:33:44,REAL,2709028676,482,2709029158,2709029158
2025-06-18 22:33:46,REAL,2709029158,485,2709029643,2709029643
2025-06-18 22:33:48,REAL,2709029643,488,2709030131,2709030131
2025-06-18 22:33:50,REAL,2709030131,483,2709030614,2709030614
2025-06-18 22:33:52,REAL,2709030614,539,2709031153,2709031153
2025-06-18 22:33:54,REAL,2709031153,477,2709031630,2709031630
2025-06-18 22:33:56,REAL,2709031630,9073,2709040703,2709040703
2025-06-18 22:33:58,REAL,2709040703,10651,2709051354,2709051354
2025-06-18 22:34:00,REAL,2709051354,10253,2709061607,2709061607
2025-06-18 22:34:02,REAL,2709061607,10247,2709071854,2709071854
2025-06-18 22:34:04,REAL,2709071854,10320,2709082174,2709082174
2025-06-18 22:34:06,REAL,2709082174,10718,2709092892,2709092892
2025-06-18 22:34:08,REAL,2709092892,9855,2709102747,2709102747
2025-06-18 22:34:10,REAL,2709102747,7874,2709110621,2709110621
2025-06-18 22:34:12,REAL,2709110621,476,2709111097,2709111097
2025-06-18 22:34:14,REAL,2709111097,486,2709111583,2709111583
2025-06-18 22:34:16,REAL,2709111583,483,2709112066,2709112066
2025-06-18 22:34:18,REAL,2709112066,484,2709112550,2709112550
2025-06-18 22:34:20,REAL,2709112550,537,2709113087,2709113087
2025-06-18 22:34:22,REAL,2709113087,540,2709113627,2709113627
2025-06-18 22:34:24,REAL,2709113627,493,2709114120,2709114120
2025-06-18 22:34:26,REAL,2709114120,484,2709114604,2709114604
2025-06-18 22:34:28,REAL,2709114604,484,2709115088,2709115088
2025-06-18 22:34:30,REAL,2709115088,477,2709115565,2709115565
2025-06-18 22:34:32,REAL,2709115565,488,2709116053,2709116053
2025-06-18 22:34:34,REAL,2709116053,484,2709116537,2709116537
2025-06-18 22:34:36,REAL,2709116537,484,2709117021,2709117021
2025-06-18 22:34:38,REAL,2709117021,478,2709117499,2709117499
2025-06-18 22:34:40,REAL,2709117499,485,2709117984,2709117984
2025-06-18 22:34:42,REAL,2709117984,480,2709118464,2709118464
2025-06-18 22:34:44,REAL,2709118464,485,2709118949,2709118949
2025-06-18 22:34:46,REAL,2709118949,535,2709119484,2709119484
2025-06-18 22:34:48,REAL,2709119484,478,2709119962,2709119962
2025-06-18 22:34:50,REAL,2709119962,488,2709120450,2709120450
2025-06-18 22:34:52,REAL,2709120450,540,2709120990,2709120990
2025-06-18 22:34:54,REAL,2709120990,493,2709121483,2709121483
2025-06-18 22:34:56,REAL,2709121483,487,2709121970,2709121970
2025-06-18 22:34:58,REAL,2709121970,483,2709122453,2709122453
2025-06-18 22:35:00,REAL,2709122453,476,2709122929,2709122929
2025-06-18 22:35:02,REAL,2709122929,488,2709123417,2709123417
2025-06-18 22:35:04,REAL,2709123417,485,2709123902,2709123902
2025-06-18 22:35:06,REAL,2709123902,486,2709124388,2709124388
2025-06-18 22:35:08,REAL,2709124388,490,2709124878,2709124878
2025-06-18 22:35:10,REAL,2709124878,546,2709125424,2709125424
2025-06-18 22:35:12,REAL,2709125424,490,2709125914,2709125914
2025-06-18 22:35:14,REAL,2709125914,484,2709126398,2709126398
2025-06-18 22:35:16,REAL,2709126398,482,2709126880,2709126880
2025-06-18 22:35:18,REAL,2709126880,485,2709127365,2709127365
2025-06-18 22:35:20,REAL,2709127365,482,2709127847,2709127847
2025-06-18 22:35:22,REAL,2709127847,539,2709128386,2709128386
2025-06-18 22:35:24,REAL,2709128386,485,2709128871,2709128871
2025-06-18 22:35:26,REAL,2709128871,487,2709129358,2709129358
2025-06-18 22:35:28,REAL,2709129358,481,2709129839,2709129839
2025-06-18 22:35:30,REAL,2709129839,480,2709130319,2709130319
2025-06-18 22:35:32,REAL,2709130319,486,2709130805,2709130805
2025-06-18 22:35:34,REAL,2709130805,540,2709131345,2709131345
2025-06-18 22:35:36,REAL,2709131345,482,2709131827,2709131827
2025-06-18 22:35:38,REAL,2709131827,481,2709132308,2709132308
2025-06-18 22:35:40,REAL,2709132308,486,2709132794,2709132794
2025-06-18 22:35:42,REAL,2709132794,482,2709133276,2709133276
2025-06-18 22:35:44,REAL,2709133276,485,2709133761,2709133761
2025-06-18 22:35:46,REAL,2709133761,482,2709134243,2709134243
2025-06-18 22:35:48,REAL,2709134243,11049,2709145292,2709145292
2025-06-18 22:35:50,REAL,2709145292,10243,2709155535,2709155535
2025-06-18 22:35:52,REAL,2709155535,10245,2709165780,2709165780
2025-06-18 22:35:54,REAL,2709165780,10308,2709176088,2709176088
2025-06-18 22:35:56,REAL,2709176088,10245,2709186333,2709186333
2025-06-18 22:35:58,REAL,2709186333,10318,2709196651,2709196651
2025-06-18 22:36:00,REAL,2709196651,10256,2709206907,2709206907
2025-06-18 22:36:02,REAL,2709206907,5698,2709212605,2709212605
2025-06-18 22:36:04,REAL,2709212605,475,2709213080,2709213080
2025-06-18 22:36:06,REAL,2709213080,485,2709213565,2709213565
2025-06-18 22:36:08,REAL,2709213565,485,2709214050,2709214050
2025-06-18 22:36:10,REAL,2709214050,486,2709214536,2709214536
2025-06-18 22:36:12,REAL,2709214536,479,2709215015,2709215015
2025-06-18 22:36:14,REAL,2709215015,491,2709215506,2709215506
2025-06-18 22:36:16,REAL,2709215506,483,2709215989,2709215989
2025-06-18 22:36:18,REAL,2709215989,480,2709216469,2709216469
2025-06-18 22:36:20,REAL,2709216469,12372,2709228841,2709228841
2025-06-18 22:36:22,REAL,2709228841,10253,2709239094,2709239094
2025-06-18 22:36:24,REAL,2709239094,10374,2709249468,2709249468
2025-06-18 22:36:26,REAL,2709249468,10249,2709259717,2709259717
2025-06-18 22:36:28,REAL,2709259717,10260,2709269977,2709269977
2025-06-18 22:36:30,REAL,2709269977,10257,2709280234,2709280234
2025-06-18 22:36:32,REAL,2709280234,10317,2709290551,2709290551
2025-06-18 22:36:34,REAL,2709290551,5030,2709295581,2709295581
2025-06-18 22:36:36,REAL,2709295581,487,2709296068,2709296068
2025-06-18 22:36:38,REAL,2709296068,486,2709296554,2709296554
2025-06-18 22:36:40,REAL,2709296554,7030,2709303584,2709303584
2025-06-18 22:36:42,REAL,2709303584,10846,2709314430,2709314430
2025-06-18 22:36:44,REAL,2709314430,10252,2709324682,2709324682
2025-06-18 22:36:46,REAL,2709324682,10247,2709334929,2709334929
2025-06-18 22:36:48,REAL,2709334929,10246,2709345175,2709345175
2025-06-18 22:36:50,REAL,2709345175,10318,2709355493,2709355493
2025-06-18 22:36:52,REAL,2709355493,10254,2709365747,2709365747
2025-06-18 22:36:54,REAL,2709365747,9641,2709375388,2709375388
2025-06-18 22:36:56,REAL,2709375388,481,2709375869,2709375869
2025-06-18 22:36:58,REAL,2709375869,487,2709376356,2709376356
2025-06-18 22:37:00,REAL,2709376356,479,2709376835,2709376835
2025-06-18 22:37:02,REAL,2709376835,482,2709377317,2709377317
2025-06-18 22:37:04,REAL,2709377317,489,2709377806,2709377806
2025-06-18 22:37:06,REAL,2709377806,494,2709378300,2709378300
2025-06-18 22:37:08,REAL,2709378300,494,2709378794,2709378794
2025-06-18 22:37:10,REAL,2709378794,480,2709379274,2709379274
2025-06-18 22:37:12,REAL,2709379274,490,2709379764,2709379764
2025-06-18 22:37:14,REAL,2709379764,488,2709380252,2709380252
2025-06-18 22:37:16,REAL,2709380252,490,2709380742,2709380742
2025-06-18 22:37:18,REAL,2709380742,487,2709381229,2709381229
2025-06-18 22:37:20,REAL,2709381229,539,2709381768,2709381768
2025-06-18 22:37:22,REAL,2709381768,481,2709382249,2709382249
2025-06-18 22:37:24,REAL,2709382249,477,2709382726,2709382726
2025-06-18 22:37:26,REAL,2709382726,534,2709383260,2709383260
2025-06-18 22:37:28,REAL,2709383260,482,2709383742,2709383742
2025-06-18 22:37:30,REAL,2709383742,484,2709384226,2709384226
2025-06-18 22:37:32,REAL,2709384226,481,2709384707,2709384707
2025-06-18 22:37:34,REAL,2709384707,485,2709385192,2709385192
2025-06-18 22:37:36,REAL,2709385192,476,2709385668,2709385668
2025-06-18 22:37:38,REAL,2709385668,481,2709386149,2709386149
2025-06-18 22:37:40,REAL,2709386149,486,2709386635,2709386635
2025-06-18 22:37:42,REAL,2709386635,487,2709387122,2709387122
2025-06-18 22:37:44,REAL,2709387122,478,2709387600,2709387600
2025-06-18 22:37:46,REAL,2709387600,483,2709388083,2709388083
2025-06-18 22:37:48,REAL,2709388083,483,2709388566,2709388566
2025-06-18 22:37:50,REAL,2709388566,486,2709389052,2709389052
2025-06-18 22:37:52,REAL,2709389052,485,2709389537,2709389537
2025-06-18 22:37:54,REAL,2709389537,477,2709390014,2709390014
2025-06-18 22:37:56,REAL,2709390014,544,2709390558,2709390558
2025-06-18 22:37:58,REAL,2709390558,477,2709391035,2709391035
2025-06-18 22:38:00,REAL,2709391035,478,2709391513,2709391513
2025-06-18 22:38:02,REAL,2709391513,537,2709392050,2709392050
2025-06-18 22:38:04,REAL,2709392050,3070,2709395120,2709395120
2025-06-18 22:38:06,REAL,2709395120,11908,2709407028,2709407028
2025-06-18 22:38:08,REAL,2709407028,10259,2709417287,2709417287
2025-06-18 22:38:10,REAL,2709417287,10252,2709427539,2709427539
2025-06-18 22:38:12,REAL,2709427539,10253,2709437792,2709437792
2025-06-18 22:38:14,REAL,2709437792,10256,2709448048,2709448048
2025-06-18 22:38:16,REAL,2709448048,10254,2709458302,2709458302
2025-06-18 22:38:18,REAL,2709458302,10316,2709468618,2709468618
2025-06-18 22:38:20,REAL,2709468618,3116,2709471734,2709471734
2025-06-18 22:38:22,REAL,2709471734,490,2709472224,2709472224
2025-06-18 22:38:24,REAL,2709472224,493,2709472717,2709472717
2025-06-18 22:38:26,REAL,2709472717,481,2709473198,2709473198
2025-06-18 22:38:28,REAL,2709473198,532,2709473730,2709473730
2025-06-18 22:38:30,REAL,2709473730,486,2709474216,2709474216
2025-06-18 22:38:32,REAL,2709474216,487,2709474703,2709474703
2025-06-18 22:38:34,REAL,2709474703,493,2709475196,2709475196
2025-06-18 22:38:36,REAL,2709475196,492,2709475688,2709475688
2025-06-18 22:38:38,REAL,2709475688,483,2709476171,2709476171
2025-06-18 22:38:40,REAL,2709476171,481,2709476652,2709476652
2025-06-18 22:38:42,REAL,2709476652,479,2709477131,2709477131
2025-06-18 22:38:44,REAL,2709477131,546,2709477677,2709477677
2025-06-18 22:38:46,REAL,2709477677,492,2709478169,2709478169
2025-06-18 22:38:48,REAL,2709478169,490,2709478659,2709478659
2025-06-18 22:38:50,REAL,2709478659,490,2709479149,2709479149
2025-06-18 22:38:52,REAL,2709479149,492,2709479641,2709479641
2025-06-18 22:38:54,REAL,2709479641,488,2709480129,2709480129
2025-06-18 22:38:56,REAL,2709480129,483,2709480612,2709480612
2025-06-18 22:38:58,REAL,2709480612,479,2709481091,2709481091
2025-06-18 22:39:00,REAL,2709481091,484,2709481575,2709481575
2025-06-18 22:39:02,REAL,2709481575,482,2709482057,2709482057
2025-06-18 22:39:04,REAL,2709482057,487,2709482544,2709482544
2025-06-18 22:39:06,REAL,2709482544,483,2709483027,2709483027
2025-06-18 22:39:08,REAL,2709483027,488,2709483515,2709483515
2025-06-18 22:39:10,REAL,2709483515,540,2709484055,2709484055
2025-06-18 22:39:12,REAL,2709484055,488,2709484543,2709484543
2025-06-18 22:39:14,REAL,2709484543,481,2709485024,2709485024
2025-06-18 22:39:16,REAL,2709485024,481,2709485505,2709485505
2025-06-18 22:39:18,REAL,2709485505,488,2709485993,2709485993
2025-06-18 22:39:20,REAL,2709485993,479,2709486472,2709486472
2025-06-18 22:39:22,REAL,2709486472,490,2709486962,2709486962
2025-06-18 22:39:24,REAL,2709486962,4715,2709491677,2709491677
2025-06-18 22:39:26,REAL,2709491677,11511,2709503188,2709503188
2025-06-18 22:39:28,REAL,2709503188,10252,2709513440,2709513440
2025-06-18 22:39:30,REAL,2709513440,10259,2709523699,2709523699
2025-06-18 22:39:32,REAL,2709523699,10254,2709533953,2709533953
2025-06-18 22:39:34,REAL,2709533953,10255,2709544208,2709544208
2025-06-18 22:39:36,REAL,2709544208,10323,2709554531,2709554531
2025-06-18 22:39:38,REAL,2709554531,10259,2709564790,2709564790
2025-06-18 22:39:40,REAL,2709564790,1544,2709566334,2709566334
2025-06-18 22:39:42,REAL,2709566334,487,2709566821,2709566821
2025-06-18 22:39:44,REAL,2709566821,483,2709567304,2709567304
2025-06-18 22:39:46,REAL,2709567304,477,2709567781,2709567781
2025-06-18 22:39:48,REAL,2709567781,485,2709568266,2709568266
2025-06-18 22:39:50,REAL,2709568266,489,2709568755,2709568755
2025-06-18 22:39:52,REAL,2709568755,536,2709569291,2709569291
2025-06-18 22:39:54,REAL,2709569291,486,2709569777,2709569777
2025-06-18 22:39:56,REAL,2709569777,491,2709570268,2709570268
2025-06-18 22:39:58,REAL,2709570268,488,2709570756,2709570756
2025-06-18 22:40:00,REAL,2709570756,483,2709571239,2709571239
2025-06-18 22:40:02,REAL,2709571239,488,2709571727,2709571727
2025-06-18 22:40:04,REAL,2709571727,540,2709572267,2709572267
2025-06-18 22:40:06,REAL,2709572267,484,2709572751,2709572751
2025-06-18 22:40:08,REAL,2709572751,478,2709573229,2709573229
2025-06-18 22:40:10,REAL,2709573229,483,2709573712,2709573712
2025-06-18 22:40:12,REAL,2709573712,484,2709574196,2709574196
2025-06-18 22:40:14,REAL,2709574196,487,2709574683,2709574683
2025-06-18 22:40:16,REAL,2709574683,489,2709575172,2709575172
2025-06-18 22:40:18,REAL,2709575172,487,2709575659,2709575659
2025-06-18 22:40:20,REAL,2709575659,492,2709576151,2709576151
2025-06-18 22:40:22,REAL,2709576151,479,2709576630,2709576630
2025-06-18 22:40:24,REAL,2709576630,482,2709577112,2709577112
2025-06-18 22:40:26,REAL,2709577112,480,2709577592,2709577592
2025-06-18 22:40:28,REAL,2709577592,6372,2709583964,2709583964
2025-06-18 22:40:30,REAL,2709583964,10716,2709594680,2709594680
2025-06-18 22:40:32,REAL,2709594680,10323,2709605003,2709605003
2025-06-18 22:40:34,REAL,2709605003,10252,2709615255,2709615255
2025-06-18 22:40:36,REAL,2709615255,10307,2709625562,2709625562
2025-06-18 22:40:38,REAL,2709625562,10244,2709635806,2709635806
2025-06-18 22:40:40,REAL,2709635806,10249,2709646055,2709646055
2025-06-18 22:40:42,REAL,2709646055,10122,2709656177,2709656177
2025-06-18 22:40:44,REAL,2709656177,484,2709656661,2709656661
2025-06-18 22:40:46,REAL,2709656661,482,2709657143,2709657143
2025-06-18 22:40:48,REAL,2709657143,487,2709657630,2709657630
2025-06-18 22:40:50,REAL,2709657630,477,2709658107,2709658107
2025-06-18 22:40:52,REAL,2709658107,484,2709658591,2709658591
2025-06-18 22:40:54,REAL,2709658591,486,2709659077,2709659077
2025-06-18 22:40:56,REAL,2709659077,480,2709659557,2709659557
2025-06-18 22:40:58,REAL,2709659557,483,2709660040,2709660040
2025-06-18 22:41:00,REAL,2709660040,7289,2709667329,2709667329
2025-06-18 22:41:02,REAL,2709667329,10657,2709677986,2709677986
2025-06-18 22:41:04,REAL,2709677986,10246,2709688232,2709688232
2025-06-18 22:41:06,REAL,2709688232,10322,2709698554,2709698554
2025-06-18 22:41:08,REAL,2709698554,10255,2709708809,2709708809
2025-06-18 22:41:10,REAL,2709708809,10251,2709719060,2709719060
2025-06-18 22:41:12,REAL,2709719060,10319,2709729379,2709729379
2025-06-18 22:41:14,REAL,2709729379,9516,2709738895,2709738895
2025-06-18 22:41:16,REAL,2709738895,490,2709739385,2709739385
2025-06-18 22:41:18,REAL,2709739385,544,2709739929,2709739929
2025-06-18 22:41:20,REAL,2709739929,481,2709740410,2709740410
2025-06-18 22:41:22,REAL,2709740410,491,2709740901,2709740901
2025-06-18 22:41:24,REAL,2709740901,478,2709741379,2709741379
2025-06-18 22:41:26,REAL,2709741379,476,2709741855,2709741855
2025-06-18 22:41:28,REAL,2709741855,482,2709742337,2709742337
2025-06-18 22:41:30,REAL,2709742337,542,2709742879,2709742879
2025-06-18 22:41:32,REAL,2709742879,481,2709743360,2709743360
2025-06-18 22:41:34,REAL,2709743360,476,2709743836,2709743836
2025-06-18 22:41:36,REAL,2709743836,488,2709744324,2709744324
2025-06-18 22:41:38,REAL,2709744324,478,2709744802,2709744802
2025-06-18 22:41:40,REAL,2709744802,481,2709745283,2709745283
2025-06-18 22:41:42,REAL,2709745283,482,2709745765,2709745765
2025-06-18 22:41:44,REAL,2709745765,485,2709746250,2709746250
2025-06-18 22:41:46,REAL,2709746250,480,2709746730,2709746730
2025-06-18 22:41:48,REAL,2709746730,475,2709747205,2709747205
2025-06-18 22:41:50,REAL,2709747205,481,2709747686,2709747686
2025-06-18 22:41:52,REAL,2709747686,477,2709748163,2709748163
2025-06-18 22:41:54,REAL,2709748163,480,2709748643,2709748643
2025-06-18 22:41:56,REAL,2709748643,476,2709749119,2709749119
2025-06-18 22:41:58,REAL,2709749119,478,2709749597,2709749597
2025-06-18 22:42:00,REAL,2709749597,485,2709750082,2709750082
2025-06-18 22:42:02,REAL,2709750082,599,2709750681,2709750681
2025-06-18 22:42:04,REAL,2709750681,481,2709751162,2709751162
2025-06-18 22:42:06,REAL,2709751162,486,2709751648,2709751648
2025-06-18 22:42:08,REAL,2709751648,484,2709752132,2709752132
2025-06-18 22:42:10,REAL,2709752132,484,2709752616,2709752616
2025-06-18 22:42:12,REAL,2709752616,479,2709753095,2709753095
2025-06-18 22:42:14,REAL,2709753095,486,2709753581,2709753581
2025-06-18 22:42:16,REAL,2709753581,479,2709754060,2709754060
2025-06-18 22:42:18,REAL,2709754060,484,2709754544,2709754544
2025-06-18 22:42:20,REAL,2709754544,486,2709755030,2709755030
2025-06-18 22:42:22,REAL,2709755030,478,2709755508,2709755508
2025-06-18 22:42:24,REAL,2709755508,486,2709755994,2709755994
2025-06-18 22:42:26,REAL,2709755994,484,2709756478,2709756478
2025-06-18 22:42:28,REAL,2709756478,483,2709756961,2709756961
2025-06-18 22:42:30,REAL,2709756961,478,2709757439,2709757439
2025-06-18 22:42:32,REAL,2709757439,542,2709757981,2709757981
2025-06-18 22:42:34,REAL,2709757981,489,2709758470,2709758470
2025-06-18 22:42:36,REAL,2709758470,481,2709758951,2709758951
2025-06-18 22:42:38,REAL,2709758951,487,2709759438,2709759438
2025-06-18 22:42:40,REAL,2709759438,483,2709759921,2709759921
2025-06-18 22:42:42,REAL,2709759921,477,2709760398,2709760398
2025-06-18 22:42:44,REAL,2709760398,485,2709760883,2709760883
2025-06-18 22:42:46,REAL,2709760883,537,2709761420,2709761420
2025-06-18 22:42:48,REAL,2709761420,488,2709761908,2709761908
2025-06-18 22:42:50,REAL,2709761908,484,2709762392,2709762392
2025-06-18 22:42:52,REAL,2709762392,485,2709762877,2709762877
2025-06-18 22:42:54,REAL,2709762877,485,2709763362,2709763362
2025-06-18 22:42:56,REAL,2709763362,484,2709763846,2709763846
2025-06-18 22:42:58,REAL,2709763846,482,2709764328,2709764328
2025-06-18 22:43:00,REAL,2709764328,477,2709764805,2709764805
2025-06-18 22:43:02,REAL,2709764805,478,2709765283,2709765283
2025-06-18 22:43:04,REAL,2709765283,543,2709765826,2709765826
2025-06-18 22:43:06,REAL,2709765826,478,2709766304,2709766304
2025-06-18 22:43:08,REAL,2709766304,487,2709766791,2709766791
2025-06-18 22:43:10,REAL,2709766791,489,2709767280,2709767280
2025-06-18 22:43:12,REAL,2709767280,479,2709767759,2709767759
2025-06-18 22:43:14,REAL,2709767759,486,2709768245,2709768245
2025-06-18 22:43:16,REAL,2709768245,490,2709768735,2709768735
2025-06-18 22:43:18,REAL,2709768735,484,2709769219,2709769219
2025-06-18 22:43:20,REAL,2709769219,480,2709769699,2709769699
2025-06-18 22:43:22,REAL,2709769699,488,2709770187,2709770187
2025-06-18 22:43:24,REAL,2709770187,487,2709770674,2709770674
2025-06-18 22:43:26,REAL,2709770674,487,2709771161,2709771161
2025-06-18 22:43:28,REAL,2709771161,540,2709771701,2709771701
2025-06-18 22:43:30,REAL,2709771701,482,2709772183,2709772183
2025-06-18 22:43:32,REAL,2709772183,479,2709772662,2709772662
2025-06-18 22:43:34,REAL,2709772662,533,2709773195,2709773195
2025-06-18 22:43:36,REAL,2709773195,487,2709773682,2709773682
2025-06-18 22:43:38,REAL,2709773682,242,2709773924,2709773924
2025-06-18 22:43:40,REAL,2709773924,489,2709774413,2709774413
2025-06-18 22:43:42,REAL,2709774413,487,2709774900,2709774900
2025-06-18 22:43:44,REAL,2709774900,481,2709775381,2709775381
2025-06-18 22:43:46,REAL,2709775381,492,2709775873,2709775873
2025-06-18 22:43:48,REAL,2709775873,486,2709776359,2709776359
2025-06-18 22:43:50,REAL,2709776359,484,2709776843,2709776843
2025-06-18 22:43:52,REAL,2709776843,485,2709777328,2709777328
2025-06-18 22:43:54,REAL,2709777328,482,2709777810,2709777810
2025-06-18 22:43:56,REAL,2709777810,487,2709778297,2709778297
2025-06-18 22:43:58,REAL,2709778297,491,2709778788,2709778788
2025-06-18 22:44:00,REAL,2709778788,487,2709779275,2709779275
2025-06-18 22:44:02,REAL,2709779275,486,2709779761,2709779761
2025-06-18 22:44:04,REAL,2709779761,546,2709780307,2709780307
2025-06-18 22:44:06,REAL,2709780307,486,2709780793,2709780793
2025-06-18 22:44:08,REAL,2709780793,479,2709781272,2709781272
2025-06-18 22:44:10,REAL,2709781272,484,2709781756,2709781756
2025-06-18 22:44:12,REAL,2709781756,547,2709782303,2709782303
2025-06-18 22:44:14,REAL,2709782303,483,2709782786,2709782786
2025-06-18 22:44:16,REAL,2709782786,478,2709783264,2709783264
2025-06-18 22:44:18,REAL,2709783264,483,2709783747,2709783747
2025-06-18 22:44:20,REAL,2709783747,480,2709784227,2709784227
2025-06-18 22:44:22,REAL,2709784227,481,2709784708,2709784708
2025-06-18 22:44:24,REAL,2709784708,483,2709785191,2709785191
2025-06-18 22:44:26,REAL,2709785191,485,2709785676,2709785676
2025-06-18 22:44:28,REAL,2709785676,494,2709786170,2709786170
2025-06-18 22:44:30,REAL,2709786170,488,2709786658,2709786658
2025-06-18 22:44:32,REAL,2709786658,477,2709787135,2709787135
2025-06-18 22:44:34,REAL,2709787135,486,2709787621,2709787621
2025-06-18 22:44:36,REAL,2709787621,538,2709788159,2709788159
2025-06-18 22:44:38,REAL,2709788159,481,2709788640,2709788640
2025-06-18 22:44:40,REAL,2709788640,481,2709789121,2709789121
2025-06-18 22:44:42,REAL,2709789121,490,2709789611,2709789611
2025-06-18 22:44:44,REAL,2709789611,479,2709790090,2709790090
2025-06-18 22:44:46,REAL,2709790090,487,2709790577,2709790577
2025-06-18 22:44:48,REAL,2709790577,483,2709791060,2709791060
2025-06-18 22:44:50,REAL,2709791060,536,2709791596,2709791596
2025-06-18 22:44:52,REAL,2709791596,488,2709792084,2709792084
2025-06-18 22:44:54,REAL,2709792084,478,2709792562,2709792562
2025-06-18 22:44:56,REAL,2709792562,481,2709793043,2709793043
2025-06-18 22:44:58,REAL,2709793043,489,2709793532,2709793532
2025-06-18 22:45:00,REAL,2709793532,475,2709794007,2709794007
2025-06-18 22:45:02,REAL,2709794007,481,2709794488,2709794488
2025-06-18 22:45:04,REAL,2709794488,6896,2709801384,2709801384
2025-06-18 22:45:06,REAL,2709801384,10909,2709812293,2709812293
2025-06-18 22:45:08,REAL,2709812293,10242,2709822535,2709822535
2025-06-18 22:45:10,REAL,2709822535,10517,2709833052,2709833052
2025-06-18 22:45:12,REAL,2709833052,10058,2709843110,2709843110
2025-06-18 22:45:14,REAL,2709843110,10256,2709853366,2709853366
2025-06-18 22:45:16,REAL,2709853366,10257,2709863623,2709863623
2025-06-18 22:45:18,REAL,2709863623,9590,2709873213,2709873213
2025-06-18 22:45:20,REAL,2709873213,478,2709873691,2709873691
2025-06-18 22:45:22,REAL,2709873691,488,2709874179,2709874179
2025-06-18 22:45:24,REAL,2709874179,1343,2709875522,2709875522
2025-06-18 22:45:26,REAL,2709875522,14736,2709890258,2709890258
2025-06-18 22:45:28,REAL,2709890258,10243,2709900501,2709900501
2025-06-18 22:45:30,REAL,2709900501,10370,2709910871,2709910871
2025-06-18 22:45:32,REAL,2709910871,10251,2709921122,2709921122
2025-06-18 22:45:34,REAL,2709921122,10259,2709931381,2709931381
2025-06-18 22:45:36,REAL,2709931381,10246,2709941627,2709941627
2025-06-18 22:45:38,REAL,2709941627,10323,2709951950,2709951950
2025-06-18 22:45:40,REAL,2709951950,4310,2709956260,2709956260
2025-06-18 22:45:42,REAL,2709956260,478,2709956738,2709956738
2025-06-18 22:45:44,REAL,2709956738,489,2709957227,2709957227
2025-06-18 22:45:46,REAL,2709957227,491,2709957718,2709957718
2025-06-18 22:45:48,REAL,2709957718,479,2709958197,2709958197
2025-06-18 22:45:50,REAL,2709958197,482,2709958679,2709958679
2025-06-18 22:45:52,REAL,2709958679,477,2709959156,2709959156
2025-06-18 22:45:54,REAL,2709959156,485,2709959641,2709959641
2025-06-18 22:45:56,REAL,2709959641,549,2709960190,2709960190
2025-06-18 22:45:58,REAL,2709960190,487,2709960677,2709960677
2025-06-18 22:46:00,REAL,2709960677,482,2709961159,2709961159
2025-06-18 22:46:02,REAL,2709961159,489,2709961648,2709961648
2025-06-18 22:46:04,REAL,2709961648,479,2709962127,2709962127
2025-06-18 22:46:06,REAL,2709962127,490,2709962617,2709962617
2025-06-18 22:46:08,REAL,2709962617,537,2709963154,2709963154
2025-06-18 22:46:10,REAL,2709963154,486,2709963640,2709963640
2025-06-18 22:46:12,REAL,2709963640,483,2709964123,2709964123
2025-06-18 22:46:14,REAL,2709964123,492,2709964615,2709964615
2025-06-18 22:46:16,REAL,2709964615,486,2709965101,2709965101
2025-06-18 22:46:18,REAL,2709965101,487,2709965588,2709965588
2025-06-18 22:46:20,REAL,2709965588,481,2709966069,2709966069
2025-06-18 22:46:22,REAL,2709966069,536,2709966605,2709966605
2025-06-18 22:46:24,REAL,2709966605,490,2709967095,2709967095
2025-06-18 22:46:26,REAL,2709967095,481,2709967576,2709967576
2025-06-18 22:46:28,REAL,2709967576,482,2709968058,2709968058
2025-06-18 22:46:30,REAL,2709968058,486,2709968544,2709968544
2025-06-18 22:46:32,REAL,2709968544,488,2709969032,2709969032
2025-06-18 22:46:34,REAL,2709969032,483,2709969515,2709969515
2025-06-18 22:46:36,REAL,2709969515,474,2709969989,2709969989
2025-06-18 22:46:38,REAL,2709969989,480,2709970469,2709970469
2025-06-18 22:46:40,REAL,2709970469,491,2709970960,2709970960
2025-06-18 22:46:42,REAL,2709970960,483,2709971443,2709971443
2025-06-18 22:46:44,REAL,2709971443,483,2709971926,2709971926
2025-06-18 22:46:46,REAL,2709971926,479,2709972405,2709972405
2025-06-18 22:46:48,REAL,2709972405,595,2709973000,2709973000
2025-06-18 22:46:50,REAL,2709973000,489,2709973489,2709973489
2025-06-18 22:46:52,REAL,2709973489,489,2709973978,2709973978
2025-06-18 22:46:54,REAL,2709973978,484,2709974462,2709974462
2025-06-18 22:46:56,REAL,2709974462,494,2709974956,2709974956
2025-06-18 22:46:58,REAL,2709974956,485,2709975441,2709975441
2025-06-18 22:47:00,REAL,2709975441,484,2709975925,2709975925
2025-06-18 22:47:02,REAL,2709975925,488,2709976413,2709976413
2025-06-18 22:47:04,REAL,2709976413,490,2709976903,2709976903
2025-06-18 22:47:06,REAL,2709976903,488,2709977391,2709977391
2025-06-18 22:47:08,REAL,2709977391,481,2709977872,2709977872
2025-06-18 22:47:10,REAL,2709977872,488,2709978360,2709978360
2025-06-18 22:47:12,REAL,2709978360,492,2709978852,2709978852
2025-06-18 22:47:14,REAL,2709978852,484,2709979336,2709979336
2025-06-18 22:47:16,REAL,2709979336,550,2709979886,2709979886
2025-06-18 22:47:18,REAL,2709979886,483,2709980369,2709980369
2025-06-18 22:47:20,REAL,2709980369,485,2709980854,2709980854
2025-06-18 22:47:22,REAL,2709980854,491,2709981345,2709981345
2025-06-18 22:47:24,REAL,2709981345,484,2709981829,2709981829
2025-06-18 22:47:26,REAL,2709981829,535,2709982364,2709982364
2025-06-18 22:47:28,REAL,2709982364,490,2709982854,2709982854
2025-06-18 22:47:30,REAL,2709982854,479,2709983333,2709983333
2025-06-18 22:47:32,REAL,2709983333,488,2709983821,2709983821
2025-06-18 22:47:34,REAL,2709983821,484,2709984305,2709984305
2025-06-18 22:47:36,REAL,2709984305,488,2709984793,2709984793
2025-06-18 22:47:38,REAL,2709984793,484,2709985277,2709985277
2025-06-18 22:47:40,REAL,2709985277,485,2709985762,2709985762
2025-06-18 22:47:42,REAL,2709985762,540,2709986302,2709986302
2025-06-18 22:47:44,REAL,2709986302,484,2709986786,2709986786
2025-06-18 22:47:46,REAL,2709986786,490,2709987276,2709987276
2025-06-18 22:47:48,REAL,2709987276,494,2709987770,2709987770
2025-06-18 22:47:50,REAL,2709987770,493,2709988263,2709988263
2025-06-18 22:47:52,REAL,2709988263,483,2709988746,2709988746
2025-06-18 22:47:54,REAL,2709988746,490,2709989236,2709989236
2025-06-18 22:47:56,REAL,2709989236,488,2709989724,2709989724
2025-06-18 22:47:58,REAL,2709989724,481,2709990205,2709990205
2025-06-18 22:48:00,REAL,2709990205,482,2709990687,2709990687
2025-06-18 22:48:02,REAL,2709990687,489,2709991176,2709991176
2025-06-18 22:48:04,REAL,2709991176,4978,2709996154,2709996154
2025-06-18 22:48:06,REAL,2709996154,11102,2710007256,2710007256
2025-06-18 22:48:08,REAL,2710007256,10313,2710017569,2710017569
2025-06-18 22:48:10,REAL,2710017569,10257,2710027826,2710027826
2025-06-18 22:48:12,REAL,2710027826,10249,2710038075,2710038075
2025-06-18 22:48:14,REAL,2710038075,10247,2710048322,2710048322
2025-06-18 22:48:16,REAL,2710048322,10315,2710058637,2710058637
2025-06-18 22:48:18,REAL,2710058637,10260,2710068897,2710068897
2025-06-18 22:48:20,REAL,2710068897,1274,2710070171,2710070171
2025-06-18 22:48:22,REAL,2710070171,479,2710070650,2710070650
2025-06-18 22:48:24,REAL,2710070650,488,2710071138,2710071138
2025-06-18 22:48:26,REAL,2710071138,11257,2710082395,2710082395
2025-06-18 22:48:28,REAL,2710082395,10245,2710092640,2710092640
2025-06-18 22:48:30,REAL,2710092640,10320,2710102960,2710102960
2025-06-18 22:48:32,REAL,2710102960,10259,2710113219,2710113219
2025-06-18 22:48:34,REAL,2710113219,10256,2710123475,2710123475
2025-06-18 22:48:36,REAL,2710123475,10245,2710133720,2710133720
2025-06-18 22:48:38,REAL,2710133720,10315,2710144035,2710144035
2025-06-18 22:48:40,REAL,2710144035,5896,2710149931,2710149931
2025-06-18 22:48:42,REAL,2710149931,480,2710150411,2710150411
2025-06-18 22:48:44,REAL,2710150411,549,2710150960,2710150960
2025-06-18 22:48:46,REAL,2710150960,5977,2710156937,2710156937
2025-06-18 22:48:48,REAL,2710156937,11105,2710168042,2710168042
2025-06-18 22:48:50,REAL,2710168042,10249,2710178291,2710178291
2025-06-18 22:48:52,REAL,2710178291,10247,2710188538,2710188538
2025-06-18 22:48:54,REAL,2710188538,10253,2710198791,2710198791
2025-06-18 22:48:56,REAL,2710198791,10252,2710209043,2710209043
2025-06-18 22:48:58,REAL,2710209043,10255,2710219298,2710219298
2025-06-18 22:49:00,REAL,2710219298,10251,2710229549,2710229549
2025-06-18 22:49:02,REAL,2710229549,676,2710230225,2710230225
2025-06-18 22:49:04,REAL,2710230225,482,2710230707,2710230707
2025-06-18 22:49:06,REAL,2710230707,486,2710231193,2710231193
2025-06-18 22:49:08,REAL,2710231193,484,2710231677,2710231677
2025-06-18 22:49:10,REAL,2710231677,478,2710232155,2710232155
2025-06-18 22:49:12,REAL,2710232155,549,2710232704,2710232704
2025-06-18 22:49:14,REAL,2710232704,485,2710233189,2710233189
2025-06-18 22:49:16,REAL,2710233189,484,2710233673,2710233673
2025-06-18 22:49:18,REAL,2710233673,478,2710234151,2710234151
2025-06-18 22:49:20,REAL,2710234151,474,2710234625,2710234625
2025-06-18 22:49:22,REAL,2710234625,489,2710235114,2710235114
2025-06-18 22:49:24,REAL,2710235114,485,2710235599,2710235599
2025-06-18 22:49:26,REAL,2710235599,541,2710236140,2710236140
2025-06-18 22:49:28,REAL,2710236140,479,2710236619,2710236619
2025-06-18 22:49:30,REAL,2710236619,485,2710237104,2710237104
2025-06-18 22:49:32,REAL,2710237104,492,2710237596,2710237596
2025-06-18 22:49:34,REAL,2710237596,484,2710238080,2710238080
2025-06-18 22:49:36,REAL,2710238080,484,2710238564,2710238564
2025-06-18 22:49:38,REAL,2710238564,539,2710239103,2710239103
2025-06-18 22:49:40,REAL,2710239103,485,2710239588,2710239588
2025-06-18 22:49:42,REAL,2710239588,492,2710240080,2710240080
2025-06-18 22:49:44,REAL,2710240080,488,2710240568,2710240568
2025-06-18 22:49:46,REAL,2710240568,479,2710241047,2710241047
2025-06-18 22:49:48,REAL,2710241047,480,2710241527,2710241527
2025-06-18 22:49:50,REAL,2710241527,7224,2710248751,2710248751
2025-06-18 22:49:52,REAL,2710248751,11109,2710259860,2710259860
2025-06-18 22:49:54,REAL,2710259860,10255,2710270115,2710270115
2025-06-18 22:49:56,REAL,2710270115,10318,2710280433,2710280433
2025-06-18 22:49:58,REAL,2710280433,10258,2710290691,2710290691
2025-06-18 22:50:00,REAL,2710290691,10249,2710300940,2710300940
2025-06-18 22:50:02,REAL,2710300940,10251,2710311191,2710311191
2025-06-18 22:50:04,REAL,2710311191,9259,2710320450,2710320450
2025-06-18 22:50:06,REAL,2710320450,491,2710320941,2710320941
2025-06-18 22:50:08,REAL,2710320941,492,2710321433,2710321433
2025-06-18 22:50:10,REAL,2710321433,531,2710321964,2710321964
2025-06-18 22:50:12,REAL,2710321964,489,2710322453,2710322453
2025-06-18 22:50:14,REAL,2710322453,483,2710322936,2710322936
2025-06-18 22:50:16,REAL,2710322936,543,2710323479,2710323479
2025-06-18 22:50:18,REAL,2710323479,484,2710323963,2710323963
2025-06-18 22:50:20,REAL,2710323963,483,2710324446,2710324446
2025-06-18 22:50:22,REAL,2710324446,482,2710324928,2710324928
2025-06-18 22:50:24,REAL,2710324928,489,2710325417,2710325417
2025-06-18 22:50:26,REAL,2710325417,490,2710325907,2710325907
2025-06-18 22:50:28,REAL,2710325907,485,2710326392,2710326392
2025-06-18 22:50:30,REAL,2710326392,483,2710326875,2710326875
2025-06-18 22:50:32,REAL,2710326875,481,2710327356,2710327356
2025-06-18 22:50:34,REAL,2710327356,489,2710327845,2710327845
2025-06-18 22:50:36,REAL,2710327845,491,2710328336,2710328336
2025-06-18 22:50:38,REAL,2710328336,491,2710328827,2710328827
2025-06-18 22:50:40,REAL,2710328827,478,2710329305,2710329305
2025-06-18 22:50:42,REAL,2710329305,539,2710329844,2710329844
2025-06-18 22:50:44,REAL,2710329844,490,2710330334,2710330334
2025-06-18 22:50:46,REAL,2710330334,489,2710330823,2710330823
2025-06-18 22:50:48,REAL,2710330823,480,2710331303,2710331303
2025-06-18 22:50:50,REAL,2710331303,486,2710331789,2710331789
2025-06-18 22:50:52,REAL,2710331789,535,2710332324,2710332324
2025-06-18 22:50:54,REAL,2710332324,476,2710332800,2710332800
2025-06-18 22:50:56,REAL,2710332800,493,2710333293,2710333293
2025-06-18 22:50:58,REAL,2710333293,491,2710333784,2710333784
2025-06-18 22:51:00,REAL,2710333784,475,2710334259,2710334259
2025-06-18 22:51:02,REAL,2710334259,487,2710334746,2710334746
2025-06-18 22:51:04,REAL,2710334746,490,2710335236,2710335236
2025-06-18 22:51:06,REAL,2710335236,482,2710335718,2710335718
2025-06-18 22:51:08,REAL,2710335718,483,2710336201,2710336201
2025-06-18 22:51:10,REAL,2710336201,10127,2710346328,2710346328
2025-06-18 22:51:12,REAL,2710346328,10718,2710357046,2710357046
2025-06-18 22:51:14,REAL,2710357046,10318,2710367364,2710367364
2025-06-18 22:51:16,REAL,2710367364,10252,2710377616,2710377616
2025-06-18 22:51:18,REAL,2710377616,10257,2710387873,2710387873
2025-06-18 22:51:20,REAL,2710387873,10313,2710398186,2710398186
2025-06-18 22:51:22,REAL,2710398186,10259,2710408445,2710408445
2025-06-18 22:51:24,REAL,2710408445,7684,2710416129,2710416129
2025-06-18 22:51:26,REAL,2710416129,475,2710416604,2710416604
2025-06-18 22:51:28,REAL,2710416604,484,2710417088,2710417088
2025-06-18 22:51:30,REAL,2710417088,485,2710417573,2710417573
2025-06-18 22:51:32,REAL,2710417573,490,2710418063,2710418063
2025-06-18 22:51:34,REAL,2710418063,477,2710418540,2710418540
2025-06-18 22:51:36,REAL,2710418540,539,2710419079,2710419079
2025-06-18 22:51:38,REAL,2710419079,492,2710419571,2710419571
2025-06-18 22:51:40,REAL,2710419571,485,2710420056,2710420056
2025-06-18 22:51:42,REAL,2710420056,488,2710420544,2710420544
2025-06-18 22:51:44,REAL,2710420544,493,2710421037,2710421037
2025-06-18 22:51:46,REAL,2710421037,482,2710421519,2710421519
2025-06-18 22:51:48,REAL,2710421519,482,2710422001,2710422001
2025-06-18 22:51:50,REAL,2710422001,476,2710422477,2710422477
2025-06-18 22:51:52,REAL,2710422477,478,2710422955,2710422955
2025-06-18 22:51:54,REAL,2710422955,538,2710423493,2710423493
2025-06-18 22:51:56,REAL,2710423493,492,2710423985,2710423985
2025-06-18 22:51:58,REAL,2710423985,481,2710424466,2710424466
2025-06-18 22:52:00,REAL,2710424466,482,2710424948,2710424948
2025-06-18 22:52:02,REAL,2710424948,476,2710425424,2710425424
2025-06-18 22:52:04,REAL,2710425424,482,2710425906,2710425906
2025-06-18 22:52:06,REAL,2710425906,484,2710426390,2710426390
2025-06-18 22:52:08,REAL,2710426390,485,2710426875,2710426875
2025-06-18 22:52:10,REAL,2710426875,488,2710427363,2710427363
2025-06-18 22:52:12,REAL,2710427363,485,2710427848,2710427848
2025-06-18 22:52:14,REAL,2710427848,487,2710428335,2710428335
2025-06-18 22:52:16,REAL,2710428335,483,2710428818,2710428818
2025-06-18 22:52:18,REAL,2710428818,541,2710429359,2710429359
2025-06-18 22:52:20,REAL,2710429359,487,2710429846,2710429846
2025-06-18 22:52:22,REAL,2710429846,480,2710430326,2710430326
2025-06-18 22:52:24,REAL,2710430326,485,2710430811,2710430811
2025-06-18 22:52:26,REAL,2710430811,488,2710431299,2710431299
2025-06-18 22:52:28,REAL,2710431299,486,2710431785,2710431785
2025-06-18 22:52:30,REAL,2710431785,477,2710432262,2710432262
2025-06-18 22:52:32,REAL,2710432262,483,2710432745,2710432745
2025-06-18 22:52:34,REAL,2710432745,489,2710433234,2710433234
2025-06-18 22:52:36,REAL,2710433234,493,2710433727,2710433727
2025-06-18 22:52:38,REAL,2710433727,546,2710434273,2710434273
2025-06-18 22:52:40,REAL,2710434273,483,2710434756,2710434756
2025-06-18 22:52:42,REAL,2710434756,485,2710435241,2710435241
2025-06-18 22:52:44,REAL,2710435241,486,2710435727,2710435727
2025-06-18 22:52:46,REAL,2710435727,488,2710436215,2710436215
2025-06-18 22:52:48,REAL,2710436215,484,2710436699,2710436699
2025-06-18 22:52:50,REAL,2710436699,488,2710437187,2710437187
2025-06-18 22:52:52,REAL,2710437187,485,2710437672,2710437672
2025-06-18 22:52:54,REAL,2710437672,475,2710438147,2710438147
2025-06-18 22:52:56,REAL,2710438147,484,2710438631,2710438631
2025-06-18 22:52:58,REAL,2710438631,480,2710439111,2710439111
2025-06-18 22:53:00,REAL,2710439111,491,2710439602,2710439602
2025-06-18 22:53:02,REAL,2710439602,541,2710440143,2710440143
2025-06-18 22:53:04,REAL,2710440143,493,2710440636,2710440636
2025-06-18 22:53:06,REAL,2710440636,493,2710441129,2710441129
2025-06-18 22:53:08,REAL,2710441129,491,2710441620,2710441620
2025-06-18 22:53:10,REAL,2710441620,481,2710442101,2710442101
2025-06-18 22:53:12,REAL,2710442101,485,2710442586,2710442586
2025-06-18 22:53:14,REAL,2710442586,492,2710443078,2710443078
2025-06-18 22:53:16,REAL,2710443078,486,2710443564,2710443564
2025-06-18 22:53:18,REAL,2710443564,492,2710444056,2710444056
2025-06-18 22:53:20,REAL,2710444056,490,2710444546,2710444546
2025-06-18 22:53:22,REAL,2710444546,492,2710445038,2710445038
2025-06-18 22:53:24,REAL,2710445038,534,2710445572,2710445572
2025-06-18 22:53:26,REAL,2710445572,479,2710446051,2710446051
2025-06-18 22:53:28,REAL,2710446051,489,2710446540,2710446540
2025-06-18 22:53:30,REAL,2710446540,481,2710447021,2710447021
2025-06-18 22:53:32,REAL,2710447021,485,2710447506,2710447506
2025-06-18 22:53:34,REAL,2710447506,487,2710447993,2710447993
2025-06-18 22:53:36,REAL,2710447993,479,2710448472,2710448472
2025-06-18 22:53:38,REAL,2710448472,488,2710448960,2710448960
2025-06-18 22:53:40,REAL,2710448960,480,2710449440,2710449440
2025-06-18 22:53:42,REAL,2710449440,488,2710449928,2710449928
2025-06-18 22:53:44,REAL,2710449928,538,2710450466,2710450466
2025-06-18 22:53:46,REAL,2710450466,487,2710450953,2710450953
2025-06-18 22:53:48,REAL,2710450953,484,2710451437,2710451437
2025-06-18 22:53:50,REAL,2710451437,492,2710451929,2710451929
2025-06-18 22:53:52,REAL,2710451929,480,2710452409,2710452409
2025-06-18 22:53:54,REAL,2710452409,491,2710452900,2710452900
2025-06-18 22:53:56,REAL,2710452900,478,2710453378,2710453378
2025-06-18 22:53:58,REAL,2710453378,487,2710453865,2710453865
2025-06-18 22:54:00,REAL,2710453865,478,2710454343,2710454343
2025-06-18 22:54:02,REAL,2710454343,483,2710454826,2710454826
2025-06-18 22:54:04,REAL,2710454826,476,2710455302,2710455302
2025-06-18 22:54:06,REAL,2710455302,476,2710455778,2710455778
2025-06-18 22:54:08,REAL,2710455778,541,2710456319,2710456319
2025-06-18 22:54:10,REAL,2710456319,482,2710456801,2710456801
2025-06-18 22:54:12,REAL,2710456801,485,2710457286,2710457286
2025-06-18 22:54:14,REAL,2710457286,483,2710457769,2710457769
2025-06-18 22:54:16,REAL,2710457769,482,2710458251,2710458251
2025-06-18 22:54:18,REAL,2710458251,490,2710458741,2710458741
2025-06-18 22:54:20,REAL,2710458741,486,2710459227,2710459227
2025-06-18 22:54:22,REAL,2710459227,494,2710459721,2710459721
2025-06-18 22:54:24,REAL,2710459721,494,2710460215,2710460215
2025-06-18 22:54:26,REAL,2710460215,491,2710460706,2710460706
2025-06-18 22:54:28,REAL,2710460706,489,2710461195,2710461195
2025-06-18 22:54:30,REAL,2710461195,537,2710461732,2710461732
2025-06-18 22:54:32,REAL,2710461732,477,2710462209,2710462209
2025-06-18 22:54:34,REAL,2710462209,488,2710462697,2710462697
2025-06-18 22:54:36,REAL,2710462697,480,2710463177,2710463177
2025-06-18 22:54:38,REAL,2710463177,488,2710463665,2710463665
2025-06-18 22:54:40,REAL,2710463665,479,2710464144,2710464144
2025-06-18 22:54:42,REAL,2710464144,483,2710464627,2710464627
2025-06-18 22:54:44,REAL,2710464627,493,2710465120,2710465120
2025-06-18 22:54:46,REAL,2710465120,3129,2710468249,2710468249
2025-06-18 22:54:48,REAL,2710468249,12230,2710480479,2710480479
2025-06-18 22:54:50,REAL,2710480479,10253,2710490732,2710490732
2025-06-18 22:54:52,REAL,2710490732,10251,2710500983,2710500983
2025-06-18 22:54:54,REAL,2710500983,10257,2710511240,2710511240
2025-06-18 22:54:56,REAL,2710511240,10254,2710521494,2710521494
2025-06-18 22:54:58,REAL,2710521494,10259,2710531753,2710531753
2025-06-18 22:55:00,REAL,2710531753,10317,2710542070,2710542070
2025-06-18 22:55:02,REAL,2710542070,3518,2710545588,2710545588
2025-06-18 22:55:04,REAL,2710545588,486,2710546074,2710546074
2025-06-18 22:55:06,REAL,2710546074,490,2710546564,2710546564
2025-06-18 22:55:08,REAL,2710546564,475,2710547039,2710547039
2025-06-18 22:55:10,REAL,2710547039,485,2710547524,2710547524
2025-06-18 22:55:12,REAL,2710547524,480,2710548004,2710548004
2025-06-18 22:55:14,REAL,2710548004,535,2710548539,2710548539
2025-06-18 22:55:16,REAL,2710548539,479,2710549018,2710549018
2025-06-18 22:55:18,REAL,2710549018,485,2710549503,2710549503
2025-06-18 22:55:20,REAL,2710549503,487,2710549990,2710549990
2025-06-18 22:55:22,REAL,2710549990,478,2710550468,2710550468
2025-06-18 22:55:24,REAL,2710550468,474,2710550942,2710550942
2025-06-18 22:55:26,REAL,2710550942,492,2710551434,2710551434
2025-06-18 22:55:28,REAL,2710551434,483,2710551917,2710551917
2025-06-18 22:55:30,REAL,2710551917,545,2710552462,2710552462
2025-06-18 22:55:32,REAL,2710552462,488,2710552950,2710552950
2025-06-18 22:55:34,REAL,2710552950,490,2710553440,2710553440
2025-06-18 22:55:36,REAL,2710553440,483,2710553923,2710553923
2025-06-18 22:55:38,REAL,2710553923,479,2710554402,2710554402
2025-06-18 22:55:40,REAL,2710554402,483,2710554885,2710554885
2025-06-18 22:55:42,REAL,2710554885,488,2710555373,2710555373
2025-06-18 22:55:44,REAL,2710555373,484,2710555857,2710555857
2025-06-18 22:55:46,REAL,2710555857,482,2710556339,2710556339
2025-06-18 22:55:48,REAL,2710556339,485,2710556824,2710556824
2025-06-18 22:55:50,REAL,2710556824,487,2710557311,2710557311
2025-06-18 22:55:52,REAL,2710557311,492,2710557803,2710557803
2025-06-18 22:55:54,REAL,2710557803,479,2710558282,2710558282
2025-06-18 22:55:56,REAL,2710558282,488,2710558770,2710558770
2025-06-18 22:55:58,REAL,2710558770,486,2710559256,2710559256
2025-06-18 22:56:00,REAL,2710559256,538,2710559794,2710559794
2025-06-18 22:56:02,REAL,2710559794,490,2710560284,2710560284
2025-06-18 22:56:04,REAL,2710560284,483,2710560767,2710560767
2025-06-18 22:56:06,REAL,2710560767,484,2710561251,2710561251
2025-06-18 22:56:08,REAL,2710561251,488,2710561739,2710561739
2025-06-18 22:56:10,REAL,2710561739,482,2710562221,2710562221
2025-06-18 22:56:12,REAL,2710562221,484,2710562705,2710562705
2025-06-18 22:56:14,REAL,2710562705,479,2710563184,2710563184
2025-06-18 22:56:16,REAL,2710563184,548,2710563732,2710563732
2025-06-18 22:56:18,REAL,2710563732,476,2710564208,2710564208
2025-06-18 22:56:20,REAL,2710564208,479,2710564687,2710564687
2025-06-18 22:56:22,REAL,2710564687,478,2710565165,2710565165
2025-06-18 22:56:24,REAL,2710565165,483,2710565648,2710565648
2025-06-18 22:56:26,REAL,2710565648,488,2710566136,2710566136
2025-06-18 22:56:28,REAL,2710566136,491,2710566627,2710566627
2025-06-18 22:56:30,REAL,2710566627,494,2710567121,2710567121
2025-06-18 22:56:32,REAL,2710567121,481,2710567602,2710567602
2025-06-18 22:56:34,REAL,2710567602,483,2710568085,2710568085
2025-06-18 22:56:36,REAL,2710568085,480,2710568565,2710568565
2025-06-18 22:56:38,REAL,2710568565,486,2710569051,2710569051
2025-06-18 22:56:40,REAL,2710569051,487,2710569538,2710569538
2025-06-18 22:56:42,REAL,2710569538,486,2710570024,2710570024
2025-06-18 22:56:44,REAL,2710570024,602,2710570626,2710570626
2025-06-18 22:56:46,REAL,2710570626,480,2710571106,2710571106
2025-06-18 22:56:48,REAL,2710571106,486,2710571592,2710571592
2025-06-18 22:56:50,REAL,2710571592,490,2710572082,2710572082
2025-06-18 22:56:52,REAL,2710572082,479,2710572561,2710572561
2025-06-18 22:56:54,REAL,2710572561,5575,2710578136,2710578136
2025-06-18 22:56:56,REAL,2710578136,11241,2710589377,2710589377
2025-06-18 22:56:58,REAL,2710589377,10249,2710599626,2710599626
2025-06-18 22:57:00,REAL,2710599626,10258,2710609884,2710609884
2025-06-18 22:57:02,REAL,2710609884,10181,2710620065,2710620065
2025-06-18 22:57:04,REAL,2710620065,10251,2710630316,2710630316
2025-06-18 22:57:06,REAL,2710630316,10324,2710640640,2710640640
2025-06-18 22:57:08,REAL,2710640640,10257,2710650897,2710650897
2025-06-18 22:57:10,REAL,2710650897,1018,2710651915,2710651915
2025-06-18 22:57:12,REAL,2710651915,485,2710652400,2710652400
2025-06-18 22:57:14,REAL,2710652400,489,2710652889,2710652889
2025-06-18 22:57:16,REAL,2710652889,487,2710653376,2710653376
2025-06-18 22:57:18,REAL,2710653376,491,2710653867,2710653867
2025-06-18 22:57:20,REAL,2710653867,540,2710654407,2710654407
2025-06-18 22:57:22,REAL,2710654407,486,2710654893,2710654893
2025-06-18 22:57:24,REAL,2710654893,483,2710655376,2710655376
2025-06-18 22:57:26,REAL,2710655376,480,2710655856,2710655856
2025-06-18 22:57:28,REAL,2710655856,492,2710656348,2710656348
2025-06-18 22:57:30,REAL,2710656348,542,2710656890,2710656890
2025-06-18 22:57:32,REAL,2710656890,476,2710657366,2710657366
2025-06-18 22:57:34,REAL,2710657366,483,2710657849,2710657849
2025-06-18 22:57:36,REAL,2710657849,486,2710658335,2710658335
2025-06-18 22:57:38,REAL,2710658335,478,2710658813,2710658813
2025-06-18 22:57:40,REAL,2710658813,484,2710659297,2710659297
2025-06-18 22:57:42,REAL,2710659297,479,2710659776,2710659776
2025-06-18 22:57:44,REAL,2710659776,482,2710660258,2710660258
2025-06-18 22:57:46,REAL,2710660258,488,2710660746,2710660746
2025-06-18 22:57:48,REAL,2710660746,540,2710661286,2710661286
2025-06-18 22:57:50,REAL,2710661286,479,2710661765,2710661765
2025-06-18 22:57:52,REAL,2710661765,486,2710662251,2710662251
2025-06-18 22:57:54,REAL,2710662251,480,2710662731,2710662731
2025-06-18 22:57:56,REAL,2710662731,485,2710663216,2710663216
2025-06-18 22:57:58,REAL,2710663216,490,2710663706,2710663706
2025-06-18 22:58:00,REAL,2710663706,486,2710664192,2710664192
2025-06-18 22:58:02,REAL,2710664192,487,2710664679,2710664679
2025-06-18 22:58:04,REAL,2710664679,479,2710665158,2710665158
2025-06-18 22:58:06,REAL,2710665158,483,2710665641,2710665641
2025-06-18 22:58:08,REAL,2710665641,481,2710666122,2710666122
2025-06-18 22:58:10,REAL,2710666122,478,2710666600,2710666600
2025-06-18 22:58:12,REAL,2710666600,483,2710667083,2710667083
2025-06-18 22:58:14,REAL,2710667083,538,2710667621,2710667621
2025-06-18 22:58:16,REAL,2710667621,481,2710668102,2710668102
2025-06-18 22:58:18,REAL,2710668102,541,2710668643,2710668643
2025-06-18 22:58:20,REAL,2710668643,482,2710669125,2710669125
2025-06-18 22:58:22,REAL,2710669125,488,2710669613,2710669613
2025-06-18 22:58:24,REAL,2710669613,488,2710670101,2710670101
2025-06-18 22:58:26,REAL,2710670101,492,2710670593,2710670593
2025-06-18 22:58:28,REAL,2710670593,484,2710671077,2710671077
2025-06-18 22:58:30,REAL,2710671077,482,2710671559,2710671559
2025-06-18 22:58:32,REAL,2710671559,490,2710672049,2710672049
2025-06-18 22:58:34,REAL,2710672049,1873,2710673922,2710673922
2025-06-18 22:58:36,REAL,2710673922,11839,2710685761,2710685761
2025-06-18 22:58:38,REAL,2710685761,10258,2710696019,2710696019
2025-06-18 22:58:40,REAL,2710696019,10258,2710706277,2710706277
2025-06-18 22:58:42,REAL,2710706277,10242,2710716519,2710716519
2025-06-18 22:58:44,REAL,2710716519,10327,2710726846,2710726846
2025-06-18 22:58:46,REAL,2710726846,10317,2710737163,2710737163
2025-06-18 22:58:48,REAL,2710737163,10182,2710747345,2710747345
2025-06-18 22:58:50,REAL,2710747345,4051,2710751396,2710751396
2025-06-18 22:58:52,REAL,2710751396,490,2710751886,2710751886
2025-06-18 22:58:54,REAL,2710751886,483,2710752369,2710752369
2025-06-18 22:58:56,REAL,2710752369,480,2710752849,2710752849
2025-06-18 22:58:58,REAL,2710752849,481,2710753330,2710753330
2025-06-18 22:59:00,REAL,2710753330,546,2710753876,2710753876
2025-06-18 22:59:02,REAL,2710753876,542,2710754418,2710754418
2025-06-18 22:59:04,REAL,2710754418,479,2710754897,2710754897
2025-06-18 22:59:06,REAL,2710754897,2993,2710757890,2710757890
2025-06-18 22:59:08,REAL,2710757890,11632,2710769522,2710769522
2025-06-18 22:59:10,REAL,2710769522,10322,2710779844,2710779844
2025-06-18 22:59:12,REAL,2710779844,10255,2710790099,2710790099
2025-06-18 22:59:14,REAL,2710790099,10262,2710800361,2710800361
2025-06-18 22:59:16,REAL,2710800361,10250,2710810611,2710810611
2025-06-18 22:59:18,REAL,2710810611,10253,2710820864,2710820864
2025-06-18 22:59:20,REAL,2710820864,10246,2710831110,2710831110
2025-06-18 22:59:22,REAL,2710831110,3393,2710834503,2710834503
2025-06-18 22:59:24,REAL,2710834503,480,2710834983,2710834983
2025-06-18 22:59:26,REAL,2710834983,482,2710835465,2710835465
2025-06-18 22:59:28,REAL,2710835465,544,2710836009,2710836009
2025-06-18 22:59:30,REAL,2710836009,483,2710836492,2710836492
2025-06-18 22:59:32,REAL,2710836492,477,2710836969,2710836969
2025-06-18 22:59:34,REAL,2710836969,546,2710837515,2710837515
2025-06-18 22:59:36,REAL,2710837515,481,2710837996,2710837996
2025-06-18 22:59:38,REAL,2710837996,489,2710838485,2710838485
2025-06-18 22:59:40,REAL,2710838485,487,2710838972,2710838972
2025-06-18 22:59:42,REAL,2710838972,486,2710839458,2710839458
2025-06-18 22:59:44,REAL,2710839458,482,2710839940,2710839940
2025-06-18 22:59:46,REAL,2710839940,489,2710840429,2710840429
2025-06-18 22:59:48,REAL,2710840429,484,2710840913,2710840913
2025-06-18 22:59:50,REAL,2710840913,482,2710841395,2710841395
2025-06-18 22:59:52,REAL,2710841395,490,2710841885,2710841885
2025-06-18 22:59:54,REAL,2710841885,540,2710842425,2710842425
2025-06-18 22:59:56,REAL,2710842425,486,2710842911,2710842911
2025-06-18 22:59:58,REAL,2710842911,481,2710843392,2710843392
2025-06-18 23:00:00,REAL,2710843392,489,2710843881,2710843881
2025-06-18 23:00:02,REAL,2710843881,536,2710844417,2710844417
2025-06-18 23:00:04,REAL,2710844417,493,2710844910,2710844910
2025-06-18 23:00:06,REAL,2710844910,476,2710845386,2710845386
2025-06-18 23:00:08,REAL,2710845386,481,2710845867,2710845867
2025-06-18 23:00:10,REAL,2710845867,484,2710846351,2710846351
2025-06-18 23:00:12,REAL,2710846351,484,2710846835,2710846835
2025-06-18 23:00:14,REAL,2710846835,488,2710847323,2710847323
2025-06-18 23:00:16,REAL,2710847323,13037,2710860360,2710860360
2025-06-18 23:00:18,REAL,2710860360,9992,2710870352,2710870352
2025-06-18 23:00:20,REAL,2710870352,10302,2710880654,2710880654
2025-06-18 23:00:22,REAL,2710880654,10255,2710890909,2710890909
2025-06-18 23:00:24,REAL,2710890909,10254,2710901163,2710901163
2025-06-18 23:00:26,REAL,2710901163,10244,2710911407,2710911407
2025-06-18 23:00:28,REAL,2710911407,10318,2710921725,2710921725
2025-06-18 23:00:30,REAL,2710921725,6707,2710928432,2710928432
2025-06-18 23:00:32,REAL,2710928432,478,2710928910,2710928910
2025-06-18 23:00:34,REAL,2710928910,481,2710929391,2710929391
2025-06-18 23:00:36,REAL,2710929391,483,2710929874,2710929874
2025-06-18 23:00:38,REAL,2710929874,483,2710930357,2710930357
2025-06-18 23:00:40,REAL,2710930357,475,2710930832,2710930832
2025-06-18 23:00:42,REAL,2710930832,533,2710931365,2710931365
2025-06-18 23:00:44,REAL,2710931365,477,2710931842,2710931842
2025-06-18 23:00:46,REAL,2710931842,478,2710932320,2710932320
2025-06-18 23:00:48,REAL,2710932320,10843,2710943163,2710943163
2025-06-18 23:00:50,REAL,2710943163,10318,2710953481,2710953481
2025-06-18 23:00:52,REAL,2710953481,10313,2710963794,2710963794
2025-06-18 23:00:54,REAL,2710963794,10252,2710974046,2710974046
2025-06-18 23:00:56,REAL,2710974046,10248,2710984294,2710984294
2025-06-18 23:00:58,REAL,2710984294,10253,2710994547,2710994547
2025-06-18 23:01:00,REAL,2710994547,10252,2711004799,2711004799
2025-06-18 23:01:02,REAL,2711004799,6358,2711011157,2711011157
2025-06-18 23:01:04,REAL,2711011157,482,2711011639,2711011639
2025-06-18 23:01:06,REAL,2711011639,481,2711012120,2711012120
2025-06-18 23:01:08,REAL,2711012120,481,2711012601,2711012601
2025-06-18 23:01:10,REAL,2711012601,484,2711013085,2711013085
2025-06-18 23:01:12,REAL,2711013085,485,2711013570,2711013570
2025-06-18 23:01:14,REAL,2711013570,537,2711014107,2711014107
2025-06-18 23:01:16,REAL,2711014107,477,2711014584,2711014584
2025-06-18 23:01:18,REAL,2711014584,479,2711015063,2711015063
2025-06-18 23:01:20,REAL,2711015063,11777,2711026840,2711026840
2025-06-18 23:01:22,REAL,2711026840,10255,2711037095,2711037095
2025-06-18 23:01:24,REAL,2711037095,10246,2711047341,2711047341
2025-06-18 23:01:26,REAL,2711047341,10261,2711057602,2711057602
2025-06-18 23:01:28,REAL,2711057602,10255,2711067857,2711067857
2025-06-18 23:01:30,REAL,2711067857,10251,2711078108,2711078108
2025-06-18 23:01:32,REAL,2711078108,10247,2711088355,2711088355
2025-06-18 23:01:34,REAL,2711088355,5693,2711094048,2711094048
2025-06-18 23:01:36,REAL,2711094048,490,2711094538,2711094538
2025-06-18 23:01:38,REAL,2711094538,490,2711095028,2711095028
2025-06-18 23:01:40,REAL,2711095028,536,2711095564,2711095564
2025-06-18 23:01:42,REAL,2711095564,486,2711096050,2711096050
2025-06-18 23:01:44,REAL,2711096050,484,2711096534,2711096534
2025-06-18 23:01:46,REAL,2711096534,476,2711097010,2711097010
2025-06-18 23:01:48,REAL,2711097010,480,2711097490,2711097490
2025-06-18 23:01:50,REAL,2711097490,484,2711097974,2711097974
2025-06-18 23:01:52,REAL,2711097974,477,2711098451,2711098451
2025-06-18 23:01:54,REAL,2711098451,549,2711099000,2711099000
2025-06-18 23:01:56,REAL,2711099000,484,2711099484,2711099484
2025-06-18 23:01:58,REAL,2711099484,477,2711099961,2711099961
2025-06-18 23:02:00,REAL,2711099961,486,2711100447,2711100447
2025-06-18 23:02:02,REAL,2711100447,486,2711100933,2711100933
2025-06-18 23:02:04,REAL,2711100933,485,2711101418,2711101418
2025-06-18 23:02:06,REAL,2711101418,546,2711101964,2711101964
2025-06-18 23:02:08,REAL,2711101964,479,2711102443,2711102443
2025-06-18 23:02:10,REAL,2711102443,487,2711102930,2711102930
2025-06-18 23:02:12,REAL,2711102930,488,2711103418,2711103418
2025-06-18 23:02:14,REAL,2711103418,490,2711103908,2711103908
2025-06-18 23:02:16,REAL,2711103908,490,2711104398,2711104398
2025-06-18 23:02:18,REAL,2711104398,481,2711104879,2711104879
2025-06-18 23:02:20,REAL,2711104879,480,2711105359,2711105359
2025-06-18 23:02:22,REAL,2711105359,484,2711105843,2711105843
2025-06-18 23:02:24,REAL,2711105843,484,2711106327,2711106327
2025-06-18 23:02:26,REAL,2711106327,486,2711106813,2711106813
2025-06-18 23:02:28,REAL,2711106813,7102,2711113915,2711113915
2025-06-18 23:02:30,REAL,2711113915,10718,2711124633,2711124633
2025-06-18 23:02:32,REAL,2711124633,10253,2711134886,2711134886
2025-06-18 23:02:34,REAL,2711134886,10307,2711145193,2711145193
2025-06-18 23:02:36,REAL,2711145193,10256,2711155449,2711155449
2025-06-18 23:02:38,REAL,2711155449,10322,2711165771,2711165771
2025-06-18 23:02:40,REAL,2711165771,10252,2711176023,2711176023
2025-06-18 23:02:42,REAL,2711176023,9322,2711185345,2711185345
2025-06-18 23:02:44,REAL,2711185345,474,2711185819,2711185819
2025-06-18 23:02:46,REAL,2711185819,489,2711186308,2711186308
2025-06-18 23:02:48,REAL,2711186308,485,2711186793,2711186793
2025-06-18 23:02:50,REAL,2711186793,477,2711187270,2711187270
2025-06-18 23:02:52,REAL,2711187270,488,2711187758,2711187758
2025-06-18 23:02:54,REAL,2711187758,481,2711188239,2711188239
2025-06-18 23:02:56,REAL,2711188239,487,2711188726,2711188726
2025-06-18 23:02:58,REAL,2711188726,486,2711189212,2711189212
2025-06-18 23:03:00,REAL,2711189212,539,2711189751,2711189751
2025-06-18 23:03:02,REAL,2711189751,485,2711190236,2711190236
2025-06-18 23:03:04,REAL,2711190236,544,2711190780,2711190780
2025-06-18 23:03:06,REAL,2711190780,494,2711191274,2711191274
2025-06-18 23:03:08,REAL,2711191274,481,2711191755,2711191755
2025-06-18 23:03:10,REAL,2711191755,490,2711192245,2711192245
2025-06-18 23:03:12,REAL,2711192245,481,2711192726,2711192726
2025-06-18 23:03:14,REAL,2711192726,481,2711193207,2711193207
2025-06-18 23:03:16,REAL,2711193207,484,2711193691,2711193691
2025-06-18 23:03:18,REAL,2711193691,481,2711194172,2711194172
2025-06-18 23:03:20,REAL,2711194172,484,2711194656,2711194656
2025-06-18 23:03:22,REAL,2711194656,487,2711195143,2711195143
2025-06-18 23:03:24,REAL,2711195143,492,2711195635,2711195635
2025-06-18 23:03:26,REAL,2711195635,539,2711196174,2711196174
2025-06-18 23:03:28,REAL,2711196174,480,2711196654,2711196654
2025-06-18 23:03:30,REAL,2711196654,490,2711197144,2711197144
2025-06-18 23:03:32,REAL,2711197144,9067,2711206211,2711206211
2025-06-18 23:03:34,REAL,2711206211,10577,2711216788,2711216788
2025-06-18 23:03:36,REAL,2711216788,10318,2711227106,2711227106
2025-06-18 23:03:38,REAL,2711227106,10260,2711237366,2711237366
2025-06-18 23:03:40,REAL,2711237366,10249,2711247615,2711247615
2025-06-18 23:03:42,REAL,2711247615,10250,2711257865,2711257865
2025-06-18 23:03:44,REAL,2711257865,10319,2711268184,2711268184
2025-06-18 23:03:46,REAL,2711268184,8083,2711276267,2711276267
2025-06-18 23:03:48,REAL,2711276267,483,2711276750,2711276750
2025-06-18 23:03:50,REAL,2711276750,490,2711277240,2711277240
2025-06-18 23:03:52,REAL,2711277240,484,2711277724,2711277724
2025-06-18 23:03:54,REAL,2711277724,540,2711278264,2711278264
2025-06-18 23:03:56,REAL,2711278264,487,2711278751,2711278751
2025-06-18 23:03:58,REAL,2711278751,485,2711279236,2711279236
2025-06-18 23:04:00,REAL,2711279236,479,2711279715,2711279715
2025-06-18 23:04:02,REAL,2711279715,492,2711280207,2711280207
2025-06-18 23:04:04,REAL,2711280207,487,2711280694,2711280694
2025-06-18 23:04:06,REAL,2711280694,534,2711281228,2711281228
2025-06-18 23:04:08,REAL,2711281228,484,2711281712,2711281712
2025-06-18 23:04:10,REAL,2711281712,488,2711282200,2711282200
2025-06-18 23:04:12,REAL,2711282200,490,2711282690,2711282690
2025-06-18 23:04:14,REAL,2711282690,484,2711283174,2711283174
2025-06-18 23:04:16,REAL,2711283174,484,2711283658,2711283658
2025-06-18 23:04:18,REAL,2711283658,484,2711284142,2711284142
2025-06-18 23:04:20,REAL,2711284142,482,2711284624,2711284624
2025-06-18 23:04:22,REAL,2711284624,484,2711285108,2711285108
2025-06-18 23:04:24,REAL,2711285108,481,2711285589,2711285589
2025-06-18 23:04:26,REAL,2711285589,494,2711286083,2711286083
2025-06-18 23:04:28,REAL,2711286083,489,2711286572,2711286572
2025-06-18 23:04:30,REAL,2711286572,478,2711287050,2711287050
2025-06-18 23:04:32,REAL,2711287050,487,2711287537,2711287537
2025-06-18 23:04:34,REAL,2711287537,491,2711288028,2711288028
2025-06-18 23:04:36,REAL,2711288028,486,2711288514,2711288514
2025-06-18 23:04:38,REAL,2711288514,480,2711288994,2711288994
2025-06-18 23:04:40,REAL,2711288994,485,2711289479,2711289479
2025-06-18 23:04:42,REAL,2711289479,533,2711290012,2711290012
2025-06-18 23:04:44,REAL,2711290012,537,2711290549,2711290549
2025-06-18 23:04:46,REAL,2711290549,491,2711291040,2711291040
2025-06-18 23:04:48,REAL,2711291040,487,2711291527,2711291527
2025-06-18 23:04:50,REAL,2711291527,489,2711292016,2711292016
2025-06-18 23:04:52,REAL,2711292016,485,2711292501,2711292501
2025-06-18 23:04:54,REAL,2711292501,487,2711292988,2711292988
2025-06-18 23:04:56,REAL,2711292988,480,2711293468,2711293468
2025-06-18 23:04:58,REAL,2711293468,486,2711293954,2711293954
2025-06-18 23:05:00,REAL,2711293954,489,2711294443,2711294443
2025-06-18 23:05:02,REAL,2711294443,483,2711294926,2711294926
2025-06-18 23:05:04,REAL,2711294926,489,2711295415,2711295415
2025-06-18 23:05:06,REAL,2711295415,490,2711295905,2711295905
2025-06-18 23:05:08,REAL,2711295905,484,2711296389,2711296389
2025-06-18 23:05:10,REAL,2711296389,483,2711296872,2711296872
2025-06-18 23:05:12,REAL,2711296872,484,2711297356,2711297356
2025-06-18 23:05:14,REAL,2711297356,480,2711297836,2711297836
2025-06-18 23:05:16,REAL,2711297836,546,2711298382,2711298382
2025-06-18 23:05:18,REAL,2711298382,484,2711298866,2711298866
2025-06-18 23:05:20,REAL,2711298866,492,2711299358,2711299358
2025-06-18 23:05:22,REAL,2711299358,478,2711299836,2711299836
2025-06-18 23:05:24,REAL,2711299836,484,2711300320,2711300320
2025-06-18 23:05:26,REAL,2711300320,480,2711300800,2711300800
2025-06-18 23:05:28,REAL,2711300800,485,2711301285,2711301285
2025-06-18 23:05:30,REAL,2711301285,475,2711301760,2711301760
2025-06-18 23:05:32,REAL,2711301760,478,2711302238,2711302238
2025-06-18 23:05:34,REAL,2711302238,479,2711302717,2711302717
2025-06-18 23:05:36,REAL,2711302717,538,2711303255,2711303255
2025-06-18 23:05:38,REAL,2711303255,478,2711303733,2711303733
2025-06-18 23:05:40,REAL,2711303733,486,2711304219,2711304219
2025-06-18 23:05:42,REAL,2711304219,489,2711304708,2711304708
2025-06-18 23:05:44,REAL,2711304708,489,2711305197,2711305197
2025-06-18 23:05:46,REAL,2711305197,482,2711305679,2711305679
2025-06-18 23:05:48,REAL,2711305679,487,2711306166,2711306166
2025-06-18 23:05:50,REAL,2711306166,492,2711306658,2711306658
2025-06-18 23:05:52,REAL,2711306658,533,2711307191,2711307191
2025-06-18 23:05:54,REAL,2711307191,483,2711307674,2711307674
2025-06-18 23:05:56,REAL,2711307674,476,2711308150,2711308150
2025-06-18 23:05:58,REAL,2711308150,484,2711308634,2711308634
2025-06-18 23:06:00,REAL,2711308634,488,2711309122,2711309122
2025-06-18 23:06:02,REAL,2711309122,484,2711309606,2711309606
2025-06-18 23:06:04,REAL,2711309606,483,2711310089,2711310089
2025-06-18 23:06:06,REAL,2711310089,486,2711310575,2711310575
2025-06-18 23:06:08,REAL,2711310575,479,2711311054,2711311054
2025-06-18 23:06:10,REAL,2711311054,623,2711311677,2711311677
2025-06-18 23:06:12,REAL,2711311677,15790,2711327467,2711327467
2025-06-18 23:06:14,REAL,2711327467,10251,2711337718,2711337718
2025-06-18 23:06:16,REAL,2711337718,10327,2711348045,2711348045
2025-06-18 23:06:18,REAL,2711348045,10258,2711358303,2711358303
2025-06-18 23:06:20,REAL,2711358303,10315,2711368618,2711368618
2025-06-18 23:06:22,REAL,2711368618,10244,2711378862,2711378862
2025-06-18 23:06:24,REAL,2711378862,10252,2711389114,2711389114
2025-06-18 23:06:26,REAL,2711389114,5035,2711394149,2711394149
2025-06-18 23:06:28,REAL,2711394149,480,2711394629,2711394629
2025-06-18 23:06:30,REAL,2711394629,486,2711395115,2711395115
2025-06-18 23:06:32,REAL,2711395115,489,2711395604,2711395604
2025-06-18 23:06:34,REAL,2711395604,538,2711396142,2711396142
2025-06-18 23:06:36,REAL,2711396142,480,2711396622,2711396622
2025-06-18 23:06:38,REAL,2711396622,488,2711397110,2711397110
2025-06-18 23:06:40,REAL,2711397110,477,2711397587,2711397587
2025-06-18 23:06:42,REAL,2711397587,483,2711398070,2711398070
2025-06-18 23:06:44,REAL,2711398070,481,2711398551,2711398551
2025-06-18 23:06:46,REAL,2711398551,484,2711399035,2711399035
2025-06-18 23:06:48,REAL,2711399035,488,2711399523,2711399523
2025-06-18 23:06:50,REAL,2711399523,483,2711400006,2711400006
2025-06-18 23:06:52,REAL,2711400006,488,2711400494,2711400494
2025-06-18 23:06:54,REAL,2711400494,484,2711400978,2711400978
2025-06-18 23:06:56,REAL,2711400978,549,2711401527,2711401527
2025-06-18 23:06:58,REAL,2711401527,483,2711402010,2711402010
2025-06-18 23:07:00,REAL,2711402010,483,2711402493,2711402493
2025-06-18 23:07:02,REAL,2711402493,483,2711402976,2711402976
2025-06-18 23:07:04,REAL,2711402976,482,2711403458,2711403458
2025-06-18 23:07:06,REAL,2711403458,493,2711403951,2711403951
2025-06-18 23:07:08,REAL,2711403951,483,2711404434,2711404434
2025-06-18 23:07:10,REAL,2711404434,485,2711404919,2711404919
2025-06-18 23:07:12,REAL,2711404919,488,2711405407,2711405407
2025-06-18 23:07:14,REAL,2711405407,491,2711405898,2711405898
2025-06-18 23:07:16,REAL,2711405898,479,2711406377,2711406377
2025-06-18 23:07:18,REAL,2711406377,542,2711406919,2711406919
2025-06-18 23:07:20,REAL,2711406919,478,2711407397,2711407397
2025-06-18 23:07:22,REAL,2711407397,536,2711407933,2711407933
2025-06-18 23:07:24,REAL,2711407933,485,2711408418,2711408418
2025-06-18 23:07:26,REAL,2711408418,483,2711408901,2711408901
2025-06-18 23:07:28,REAL,2711408901,484,2711409385,2711409385
2025-06-18 23:07:30,REAL,2711409385,483,2711409868,2711409868
2025-06-18 23:07:32,REAL,2711409868,484,2711410352,2711410352
2025-06-18 23:07:34,REAL,2711410352,489,2711410841,2711410841
2025-06-18 23:07:36,REAL,2711410841,484,2711411325,2711411325
2025-06-18 23:07:38,REAL,2711411325,481,2711411806,2711411806
2025-06-18 23:07:40,REAL,2711411806,487,2711412293,2711412293
2025-06-18 23:07:42,REAL,2711412293,481,2711412774,2711412774
2025-06-18 23:07:44,REAL,2711412774,475,2711413249,2711413249
2025-06-18 23:07:46,REAL,2711413249,542,2711413791,2711413791
2025-06-18 23:07:48,REAL,2711413791,490,2711414281,2711414281
2025-06-18 23:07:50,REAL,2711414281,477,2711414758,2711414758
2025-06-18 23:07:52,REAL,2711414758,491,2711415249,2711415249
2025-06-18 23:07:54,REAL,2711415249,488,2711415737,2711415737
2025-06-18 23:07:56,REAL,2711415737,476,2711416213,2711416213
2025-06-18 23:07:58,REAL,2711416213,486,2711416699,2711416699
2025-06-18 23:08:00,REAL,2711416699,479,2711417178,2711417178
2025-06-18 23:08:02,REAL,2711417178,484,2711417662,2711417662
2025-06-18 23:08:04,REAL,2711417662,486,2711418148,2711418148
2025-06-18 23:08:06,REAL,2711418148,485,2711418633,2711418633
2025-06-18 23:08:08,REAL,2711418633,483,2711419116,2711419116
2025-06-18 23:08:10,REAL,2711419116,588,2711419704,2711419704
2025-06-18 23:08:12,REAL,2711419704,483,2711420187,2711420187
2025-06-18 23:08:14,REAL,2711420187,475,2711420662,2711420662
2025-06-18 23:08:16,REAL,2711420662,480,2711421142,2711421142
2025-06-18 23:08:18,REAL,2711421142,482,2711421624,2711421624
2025-06-18 23:08:20,REAL,2711421624,478,2711422102,2711422102
2025-06-18 23:08:22,REAL,2711422102,493,2711422595,2711422595
2025-06-18 23:08:24,REAL,2711422595,484,2711423079,2711423079
2025-06-18 23:08:26,REAL,2711423079,476,2711423555,2711423555
2025-06-18 23:08:28,REAL,2711423555,481,2711424036,2711424036
2025-06-18 23:08:30,REAL,2711424036,487,2711424523,2711424523
2025-06-18 23:08:32,REAL,2711424523,492,2711425015,2711425015
2025-06-18 23:08:34,REAL,2711425015,538,2711425553,2711425553
2025-06-18 23:08:36,REAL,2711425553,481,2711426034,2711426034
2025-06-18 23:08:38,REAL,2711426034,485,2711426519,2711426519
2025-06-18 23:08:40,REAL,2711426519,493,2711427012,2711427012
2025-06-18 23:08:42,REAL,2711427012,480,2711427492,2711427492
2025-06-18 23:08:44,REAL,2711427492,490,2711427982,2711427982
2025-06-18 23:08:46,REAL,2711427982,480,2711428462,2711428462
2025-06-18 23:08:48,REAL,2711428462,489,2711428951,2711428951
2025-06-18 23:08:50,REAL,2711428951,4659,2711433610,2711433610
2025-06-18 23:08:52,REAL,2711433610,11436,2711445046,2711445046
2025-06-18 23:08:54,REAL,2711445046,10257,2711455303,2711455303
2025-06-18 23:08:56,REAL,2711455303,10322,2711465625,2711465625
2025-06-18 23:08:58,REAL,2711465625,10247,2711475872,2711475872
2025-06-18 23:09:00,REAL,2711475872,10311,2711486183,2711486183
2025-06-18 23:09:02,REAL,2711486183,10314,2711496497,2711496497
2025-06-18 23:09:04,REAL,2711496497,10250,2711506747,2711506747
2025-06-18 23:09:06,REAL,2711506747,1807,2711508554,2711508554
2025-06-18 23:09:08,REAL,2711508554,480,2711509034,2711509034
2025-06-18 23:09:10,REAL,2711509034,487,2711509521,2711509521
2025-06-18 23:09:12,REAL,2711509521,481,2711510002,2711510002
2025-06-18 23:09:14,REAL,2711510002,546,2711510548,2711510548
2025-06-18 23:09:16,REAL,2711510548,488,2711511036,2711511036
2025-06-18 23:09:18,REAL,2711511036,485,2711511521,2711511521
2025-06-18 23:09:20,REAL,2711511521,488,2711512009,2711512009
2025-06-18 23:09:22,REAL,2711512009,486,2711512495,2711512495
2025-06-18 23:09:24,REAL,2711512495,488,2711512983,2711512983
2025-06-18 23:09:26,REAL,2711512983,490,2711513473,2711513473
2025-06-18 23:09:28,REAL,2711513473,479,2711513952,2711513952
2025-06-18 23:09:30,REAL,2711513952,484,2711514436,2711514436
2025-06-18 23:09:32,REAL,2711514436,481,2711514917,2711514917
2025-06-18 23:09:34,REAL,2711514917,482,2711515399,2711515399
2025-06-18 23:09:36,REAL,2711515399,494,2711515893,2711515893
2025-06-18 23:09:38,REAL,2711515893,542,2711516435,2711516435
2025-06-18 23:09:40,REAL,2711516435,488,2711516923,2711516923
2025-06-18 23:09:42,REAL,2711516923,482,2711517405,2711517405
2025-06-18 23:09:44,REAL,2711517405,542,2711517947,2711517947
2025-06-18 23:09:46,REAL,2711517947,486,2711518433,2711518433
2025-06-18 23:09:48,REAL,2711518433,477,2711518910,2711518910
2025-06-18 23:09:50,REAL,2711518910,489,2711519399,2711519399
2025-06-18 23:09:52,REAL,2711519399,492,2711519891,2711519891
2025-06-18 23:09:54,REAL,2711519891,488,2711520379,2711520379
2025-06-18 23:09:56,REAL,2711520379,490,2711520869,2711520869
2025-06-18 23:09:58,REAL,2711520869,484,2711521353,2711521353
2025-06-18 23:10:00,REAL,2711521353,488,2711521841,2711521841
2025-06-18 23:10:02,REAL,2711521841,534,2711522375,2711522375
2025-06-18 23:10:04,REAL,2711522375,484,2711522859,2711522859
2025-06-18 23:10:06,REAL,2711522859,491,2711523350,2711523350
2025-06-18 23:10:08,REAL,2711523350,483,2711523833,2711523833
2025-06-18 23:10:10,REAL,2711523833,483,2711524316,2711524316
2025-06-18 23:10:12,REAL,2711524316,480,2711524796,2711524796
2025-06-18 23:10:14,REAL,2711524796,479,2711525275,2711525275
2025-06-18 23:10:16,REAL,2711525275,491,2711525766,2711525766
2025-06-18 23:10:18,REAL,2711525766,487,2711526253,2711526253
2025-06-18 23:10:20,REAL,2711526253,487,2711526740,2711526740
2025-06-18 23:10:22,REAL,2711526740,490,2711527230,2711527230
2025-06-18 23:10:24,REAL,2711527230,482,2711527712,2711527712
2025-06-18 23:10:26,REAL,2711527712,537,2711528249,2711528249
2025-06-18 23:10:28,REAL,2711528249,546,2711528795,2711528795
2025-06-18 23:10:30,REAL,2711528795,485,2711529280,2711529280
2025-06-18 23:10:32,REAL,2711529280,483,2711529763,2711529763
2025-06-18 23:10:34,REAL,2711529763,491,2711530254,2711530254
2025-06-18 23:10:36,REAL,2711530254,486,2711530740,2711530740
2025-06-18 23:10:38,REAL,2711530740,480,2711531220,2711531220
2025-06-18 23:10:40,REAL,2711531220,482,2711531702,2711531702
2025-06-18 23:10:42,REAL,2711531702,489,2711532191,2711532191
2025-06-18 23:10:44,REAL,2711532191,491,2711532682,2711532682
2025-06-18 23:10:46,REAL,2711532682,488,2711533170,2711533170
2025-06-18 23:10:48,REAL,2711533170,481,2711533651,2711533651
2025-06-18 23:10:50,REAL,2711533651,483,2711534134,2711534134
2025-06-18 23:10:52,REAL,2711534134,544,2711534678,2711534678
2025-06-18 23:10:54,REAL,2711534678,490,2711535168,2711535168
2025-06-18 23:10:56,REAL,2711535168,484,2711535652,2711535652
2025-06-18 23:10:58,REAL,2711535652,475,2711536127,2711536127
2025-06-18 23:11:00,REAL,2711536127,489,2711536616,2711536616
2025-06-18 23:11:02,REAL,2711536616,486,2711537102,2711537102
2025-06-18 23:11:04,REAL,2711537102,481,2711537583,2711537583
2025-06-18 23:11:06,REAL,2711537583,487,2711538070,2711538070
2025-06-18 23:11:08,REAL,2711538070,484,2711538554,2711538554
2025-06-18 23:11:10,REAL,2711538554,540,2711539094,2711539094
2025-06-18 23:11:12,REAL,2711539094,481,2711539575,2711539575
2025-06-18 23:11:14,REAL,2711539575,547,2711540122,2711540122
2025-06-18 23:11:16,REAL,2711540122,480,2711540602,2711540602
2025-06-18 23:11:18,REAL,2711540602,487,2711541089,2711541089
2025-06-18 23:11:20,REAL,2711541089,489,2711541578,2711541578
2025-06-18 23:11:22,REAL,2711541578,487,2711542065,2711542065
2025-06-18 23:11:24,REAL,2711542065,485,2711542550,2711542550
2025-06-18 23:11:26,REAL,2711542550,485,2711543035,2711543035
2025-06-18 23:11:28,REAL,2711543035,485,2711543520,2711543520
2025-06-18 23:11:30,REAL,2711543520,481,2711544001,2711544001
2025-06-18 23:11:32,REAL,2711544001,488,2711544489,2711544489
2025-06-18 23:11:34,REAL,2711544489,484,2711544973,2711544973
2025-06-18 23:11:36,REAL,2711544973,474,2711545447,2711545447
2025-06-18 23:11:38,REAL,2711545447,483,2711545930,2711545930
2025-06-18 23:11:40,REAL,2711545930,481,2711546411,2711546411
2025-06-18 23:11:42,REAL,2711546411,476,2711546887,2711546887
2025-06-18 23:11:44,REAL,2711546887,490,2711547377,2711547377
2025-06-18 23:11:46,REAL,2711547377,484,2711547861,2711547861
2025-06-18 23:11:48,REAL,2711547861,546,2711548407,2711548407
2025-06-18 23:11:50,REAL,2711548407,487,2711548894,2711548894
2025-06-18 23:11:52,REAL,2711548894,542,2711549436,2711549436
2025-06-18 23:11:54,REAL,2711549436,477,2711549913,2711549913
2025-06-18 23:11:56,REAL,2711549913,483,2711550396,2711550396
2025-06-18 23:11:58,REAL,2711550396,486,2711550882,2711550882
2025-06-18 23:12:00,REAL,2711550882,485,2711551367,2711551367
2025-06-18 23:12:02,REAL,2711551367,484,2711551851,2711551851
2025-06-18 23:12:04,REAL,2711551851,476,2711552327,2711552327
2025-06-18 23:12:06,REAL,2711552327,3533,2711555860,2711555860
2025-06-18 23:12:08,REAL,2711555860,15000,2711570860,2711570860
2025-06-18 23:12:10,REAL,2711570860,10256,2711581116,2711581116
2025-06-18 23:12:12,REAL,2711581116,10256,2711591372,2711591372
2025-06-18 23:12:14,REAL,2711591372,10310,2711601682,2711601682
2025-06-18 23:12:16,REAL,2711601682,10254,2711611936,2711611936
2025-06-18 23:12:18,REAL,2711611936,10254,2711622190,2711622190
2025-06-18 23:12:20,REAL,2711622190,10253,2711632443,2711632443
2025-06-18 23:12:22,REAL,2711632443,2924,2711635367,2711635367
2025-06-18 23:12:24,REAL,2711635367,550,2711635917,2711635917
2025-06-18 23:12:26,REAL,2711635917,484,2711636401,2711636401
2025-06-18 23:12:28,REAL,2711636401,487,2711636888,2711636888
2025-06-18 23:12:30,REAL,2711636888,484,2711637372,2711637372
2025-06-18 23:12:32,REAL,2711637372,492,2711637864,2711637864
2025-06-18 23:12:34,REAL,2711637864,490,2711638354,2711638354
2025-06-18 23:12:36,REAL,2711638354,535,2711638889,2711638889
2025-06-18 23:12:38,REAL,2711638889,4062,2711642951,2711642951
2025-06-18 23:12:40,REAL,2711642951,14210,2711657161,2711657161
2025-06-18 23:12:42,REAL,2711657161,10250,2711667411,2711667411
2025-06-18 23:12:44,REAL,2711667411,10244,2711677655,2711677655
2025-06-18 23:12:46,REAL,2711677655,10317,2711687972,2711687972
2025-06-18 23:12:48,REAL,2711687972,10255,2711698227,2711698227
2025-06-18 23:12:50,REAL,2711698227,10257,2711708484,2711708484
2025-06-18 23:12:52,REAL,2711708484,10311,2711718795,2711718795
2025-06-18 23:12:54,REAL,2711718795,2264,2711721059,2711721059
2025-06-18 23:12:56,REAL,2711721059,479,2711721538,2711721538
2025-06-18 23:12:58,REAL,2711721538,489,2711722027,2711722027
2025-06-18 23:13:00,REAL,2711722027,489,2711722516,2711722516
2025-06-18 23:13:02,REAL,2711722516,487,2711723003,2711723003
2025-06-18 23:13:04,REAL,2711723003,483,2711723486,2711723486
2025-06-18 23:13:06,REAL,2711723486,478,2711723964,2711723964
2025-06-18 23:13:08,REAL,2711723964,486,2711724450,2711724450
2025-06-18 23:13:10,REAL,2711724450,4780,2711729230,2711729230
2025-06-18 23:13:12,REAL,2711729230,11240,2711740470,2711740470
2025-06-18 23:13:14,REAL,2711740470,10319,2711750789,2711750789
2025-06-18 23:13:16,REAL,2711750789,10250,2711761039,2711761039
2025-06-18 23:13:18,REAL,2711761039,10299,2711771338,2711771338
2025-06-18 23:13:20,REAL,2711771338,10257,2711781595,2711781595
2025-06-18 23:13:22,REAL,2711781595,10256,2711791851,2711791851
2025-06-18 23:13:24,REAL,2711791851,10254,2711802105,2711802105
2025-06-18 23:13:26,REAL,2711802105,1671,2711803776,2711803776
2025-06-18 23:13:28,REAL,2711803776,482,2711804258,2711804258
2025-06-18 23:13:30,REAL,2711804258,479,2711804737,2711804737
2025-06-18 23:13:32,REAL,2711804737,475,2711805212,2711805212
2025-06-18 23:13:34,REAL,2711805212,483,2711805695,2711805695
2025-06-18 23:13:36,REAL,2711805695,480,2711806175,2711806175
2025-06-18 23:13:38,REAL,2711806175,486,2711806661,2711806661
2025-06-18 23:13:40,REAL,2711806661,484,2711807145,2711807145
2025-06-18 23:13:42,REAL,2711807145,481,2711807626,2711807626
2025-06-18 23:13:44,REAL,2711807626,536,2711808162,2711808162
2025-06-18 23:13:46,REAL,2711808162,481,2711808643,2711808643
2025-06-18 23:13:48,REAL,2711808643,480,2711809123,2711809123
2025-06-18 23:13:50,REAL,2711809123,478,2711809601,2711809601
2025-06-18 23:13:52,REAL,2711809601,482,2711810083,2711810083
2025-06-18 23:13:54,REAL,2711810083,483,2711810566,2711810566
2025-06-18 23:13:56,REAL,2711810566,488,2711811054,2711811054
2025-06-18 23:13:58,REAL,2711811054,543,2711811597,2711811597
2025-06-18 23:14:00,REAL,2711811597,484,2711812081,2711812081
2025-06-18 23:14:02,REAL,2711812081,485,2711812566,2711812566
2025-06-18 23:14:04,REAL,2711812566,480,2711813046,2711813046
2025-06-18 23:14:06,REAL,2711813046,489,2711813535,2711813535
2025-06-18 23:14:08,REAL,2711813535,481,2711814016,2711814016
2025-06-18 23:14:10,REAL,2711814016,485,2711814501,2711814501
2025-06-18 23:14:12,REAL,2711814501,490,2711814991,2711814991
2025-06-18 23:14:14,REAL,2711814991,485,2711815476,2711815476
2025-06-18 23:14:16,REAL,2711815476,484,2711815960,2711815960
2025-06-18 23:14:18,REAL,2711815960,541,2711816501,2711816501
2025-06-18 23:14:20,REAL,2711816501,544,2711817045,2711817045
2025-06-18 23:14:22,REAL,2711817045,484,2711817529,2711817529
2025-06-18 23:14:24,REAL,2711817529,484,2711818013,2711818013
2025-06-18 23:14:26,REAL,2711818013,490,2711818503,2711818503
2025-06-18 23:14:28,REAL,2711818503,482,2711818985,2711818985
2025-06-18 23:14:30,REAL,2711818985,479,2711819464,2711819464
2025-06-18 23:14:32,REAL,2711819464,484,2711819948,2711819948
2025-06-18 23:14:34,REAL,2711819948,490,2711820438,2711820438
2025-06-18 23:14:36,REAL,2711820438,480,2711820918,2711820918
2025-06-18 23:14:38,REAL,2711820918,489,2711821407,2711821407
2025-06-18 23:14:40,REAL,2711821407,475,2711821882,2711821882
2025-06-18 23:14:42,REAL,2711821882,533,2711822415,2711822415
2025-06-18 23:14:44,REAL,2711822415,489,2711822904,2711822904
2025-06-18 23:14:46,REAL,2711822904,7031,2711829935,2711829935
2025-06-18 23:14:48,REAL,2711829935,10779,2711840714,2711840714
2025-06-18 23:14:50,REAL,2711840714,10260,2711850974,2711850974
2025-06-18 23:14:52,REAL,2711850974,10318,2711861292,2711861292
2025-06-18 23:14:54,REAL,2711861292,10189,2711871481,2711871481
2025-06-18 23:14:56,REAL,2711871481,10325,2711881806,2711881806
2025-06-18 23:14:58,REAL,2711881806,10180,2711891986,2711891986
2025-06-18 23:15:00,REAL,2711891986,9587,2711901573,2711901573
2025-06-18 23:15:02,REAL,2711901573,477,2711902050,2711902050
2025-06-18 23:15:04,REAL,2711902050,539,2711902589,2711902589
2025-06-18 23:15:06,REAL,2711902589,1614,2711904203,2711904203
2025-06-18 23:15:08,REAL,2711904203,11705,2711915908,2711915908
2025-06-18 23:15:10,REAL,2711915908,10247,2711926155,2711926155
2025-06-18 23:15:12,REAL,2711926155,10256,2711936411,2711936411
2025-06-18 23:15:14,REAL,2711936411,10250,2711946661,2711946661
2025-06-18 23:15:16,REAL,2711946661,10322,2711956983,2711956983
2025-06-18 23:15:18,REAL,2711956983,10246,2711967229,2711967229
2025-06-18 23:15:20,REAL,2711967229,10250,2711977479,2711977479
2025-06-18 23:15:22,REAL,2711977479,4381,2711981860,2711981860
2025-06-18 23:15:24,REAL,2711981860,486,2711982346,2711982346
2025-06-18 23:15:26,REAL,2711982346,479,2711982825,2711982825
2025-06-18 23:15:28,REAL,2711982825,543,2711983368,2711983368
2025-06-18 23:15:30,REAL,2711983368,476,2711983844,2711983844
2025-06-18 23:15:32,REAL,2711983844,489,2711984333,2711984333
2025-06-18 23:15:34,REAL,2711984333,485,2711984818,2711984818
2025-06-18 23:15:36,REAL,2711984818,493,2711985311,2711985311
2025-06-18 23:15:38,REAL,2711985311,488,2711985799,2711985799
2025-06-18 23:15:40,REAL,2711985799,541,2711986340,2711986340
2025-06-18 23:15:42,REAL,2711986340,478,2711986818,2711986818
2025-06-18 23:15:44,REAL,2711986818,485,2711987303,2711987303
2025-06-18 23:15:46,REAL,2711987303,479,2711987782,2711987782
2025-06-18 23:15:48,REAL,2711987782,478,2711988260,2711988260
2025-06-18 23:15:50,REAL,2711988260,536,2711988796,2711988796
2025-06-18 23:15:52,REAL,2711988796,485,2711989281,2711989281
2025-06-18 23:15:54,REAL,2711989281,490,2711989771,2711989771
2025-06-18 23:15:56,REAL,2711989771,492,2711990263,2711990263
2025-06-18 23:15:58,REAL,2711990263,488,2711990751,2711990751
2025-06-18 23:16:00,REAL,2711990751,474,2711991225,2711991225
2025-06-18 23:16:02,REAL,2711991225,489,2711991714,2711991714
2025-06-18 23:16:04,REAL,2711991714,484,2711992198,2711992198
2025-06-18 23:16:06,REAL,2711992198,482,2711992680,2711992680
2025-06-18 23:16:08,REAL,2711992680,493,2711993173,2711993173
2025-06-18 23:16:10,REAL,2711993173,484,2711993657,2711993657
2025-06-18 23:16:12,REAL,2711993657,536,2711994193,2711994193
2025-06-18 23:16:14,REAL,2711994193,546,2711994739,2711994739
2025-06-18 23:16:16,REAL,2711994739,481,2711995220,2711995220
2025-06-18 23:16:18,REAL,2711995220,479,2711995699,2711995699
2025-06-18 23:16:20,REAL,2711995699,487,2711996186,2711996186
2025-06-18 23:16:22,REAL,2711996186,483,2711996669,2711996669
2025-06-18 23:16:24,REAL,2711996669,487,2711997156,2711997156
2025-06-18 23:16:26,REAL,2711997156,485,2711997641,2711997641
2025-06-18 23:16:28,REAL,2711997641,488,2711998129,2711998129
2025-06-18 23:16:30,REAL,2711998129,475,2711998604,2711998604
2025-06-18 23:16:32,REAL,2711998604,490,2711999094,2711999094
2025-06-18 23:16:34,REAL,2711999094,539,2711999633,2711999633
2025-06-18 23:16:36,REAL,2711999633,487,2712000120,2712000120
2025-06-18 23:16:38,REAL,2712000120,492,2712000612,2712000612
2025-06-18 23:16:40,REAL,2712000612,481,2712001093,2712001093
2025-06-18 23:16:42,REAL,2712001093,485,2712001578,2712001578
2025-06-18 23:16:44,REAL,2712001578,480,2712002058,2712002058
2025-06-18 23:16:46,REAL,2712002058,478,2712002536,2712002536
2025-06-18 23:16:48,REAL,2712002536,487,2712003023,2712003023
2025-06-18 23:16:50,REAL,2712003023,483,2712003506,2712003506
2025-06-18 23:16:52,REAL,2712003506,484,2712003990,2712003990
2025-06-18 23:16:54,REAL,2712003990,534,2712004524,2712004524
2025-06-18 23:16:56,REAL,2712004524,540,2712005064,2712005064
2025-06-18 23:16:58,REAL,2712005064,475,2712005539,2712005539
2025-06-18 23:17:00,REAL,2712005539,481,2712006020,2712006020
2025-06-18 23:17:02,REAL,2712006020,487,2712006507,2712006507
2025-06-18 23:17:04,REAL,2712006507,484,2712006991,2712006991
2025-06-18 23:17:06,REAL,2712006991,484,2712007475,2712007475
2025-06-18 23:17:08,REAL,2712007475,487,2712007962,2712007962
2025-06-18 23:17:10,REAL,2712007962,486,2712008448,2712008448
2025-06-18 23:17:12,REAL,2712008448,490,2712008938,2712008938
2025-06-18 23:17:14,REAL,2712008938,490,2712009428,2712009428
2025-06-18 23:17:16,REAL,2712009428,477,2712009905,2712009905
2025-06-18 23:17:18,REAL,2712009905,543,2712010448,2712010448
2025-06-18 23:17:20,REAL,2712010448,480,2712010928,2712010928
2025-06-18 23:17:22,REAL,2712010928,242,2712011170,2712011170
2025-06-18 23:17:24,REAL,2712011170,478,2712011648,2712011648
2025-06-18 23:17:26,REAL,2712011648,489,2712012137,2712012137
2025-06-18 23:17:28,REAL,2712012137,477,2712012614,2712012614
2025-06-18 23:17:30,REAL,2712012614,486,2712013100,2712013100
2025-06-18 23:17:32,REAL,2712013100,480,2712013580,2712013580
2025-06-18 23:17:34,REAL,2712013580,481,2712014061,2712014061
2025-06-18 23:17:36,REAL,2712014061,478,2712014539,2712014539
2025-06-18 23:17:38,REAL,2712014539,540,2712015079,2712015079
2025-06-18 23:17:40,REAL,2712015079,535,2712015614,2712015614
2025-06-18 23:17:42,REAL,2712015614,481,2712016095,2712016095
2025-06-18 23:17:44,REAL,2712016095,487,2712016582,2712016582
2025-06-18 23:17:46,REAL,2712016582,493,2712017075,2712017075
2025-06-18 23:17:48,REAL,2712017075,476,2712017551,2712017551
2025-06-18 23:17:50,REAL,2712017551,488,2712018039,2712018039
2025-06-18 23:17:52,REAL,2712018039,488,2712018527,2712018527
2025-06-18 23:17:54,REAL,2712018527,480,2712019007,2712019007
2025-06-18 23:17:56,REAL,2712019007,480,2712019487,2712019487
2025-06-18 23:17:58,REAL,2712019487,485,2712019972,2712019972
2025-06-18 23:18:00,REAL,2712019972,480,2712020452,2712020452
2025-06-18 23:18:02,REAL,2712020452,540,2712020992,2712020992
2025-06-18 23:18:04,REAL,2712020992,478,2712021470,2712021470
2025-06-18 23:18:06,REAL,2712021470,483,2712021953,2712021953
2025-06-18 23:18:08,REAL,2712021953,482,2712022435,2712022435
2025-06-18 23:18:10,REAL,2712022435,478,2712022913,2712022913
2025-06-18 23:18:12,REAL,2712022913,480,2712023393,2712023393
2025-06-18 23:18:14,REAL,2712023393,483,2712023876,2712023876
2025-06-18 23:18:16,REAL,2712023876,480,2712024356,2712024356
2025-06-18 23:18:18,REAL,2712024356,478,2712024834,2712024834
2025-06-18 23:18:20,REAL,2712024834,480,2712025314,2712025314
2025-06-18 23:18:22,REAL,2712025314,542,2712025856,2712025856
2025-06-18 23:18:24,REAL,2712025856,547,2712026403,2712026403
2025-06-18 23:18:26,REAL,2712026403,486,2712026889,2712026889
2025-06-18 23:18:28,REAL,2712026889,475,2712027364,2712027364
2025-06-18 23:18:30,REAL,2712027364,478,2712027842,2712027842
2025-06-18 23:18:32,REAL,2712027842,486,2712028328,2712028328
2025-06-18 23:18:34,REAL,2712028328,7089,2712035417,2712035417
2025-06-18 23:18:36,REAL,2712035417,12962,2712048379,2712048379
2025-06-18 23:18:38,REAL,2712048379,10252,2712058631,2712058631
2025-06-18 23:18:40,REAL,2712058631,10248,2712068879,2712068879
2025-06-18 23:18:42,REAL,2712068879,10252,2712079131,2712079131
2025-06-18 23:18:44,REAL,2712079131,10260,2712089391,2712089391
2025-06-18 23:18:46,REAL,2712089391,10298,2712099689,2712099689
2025-06-18 23:18:48,REAL,2712099689,10062,2712109751,2712109751
2025-06-18 23:18:50,REAL,2712109751,487,2712110238,2712110238
2025-06-18 23:18:52,REAL,2712110238,483,2712110721,2712110721
2025-06-18 23:18:54,REAL,2712110721,485,2712111206,2712111206
2025-06-18 23:18:56,REAL,2712111206,486,2712111692,2712111692
2025-06-18 23:18:58,REAL,2712111692,478,2712112170,2712112170
2025-06-18 23:19:00,REAL,2712112170,481,2712112651,2712112651
2025-06-18 23:19:02,REAL,2712112651,482,2712113133,2712113133
2025-06-18 23:19:04,REAL,2712113133,482,2712113615,2712113615
2025-06-18 23:19:06,REAL,2712113615,479,2712114094,2712114094
2025-06-18 23:19:08,REAL,2712114094,485,2712114579,2712114579
2025-06-18 23:19:10,REAL,2712114579,476,2712115055,2712115055
2025-06-18 23:19:12,REAL,2712115055,484,2712115539,2712115539
2025-06-18 23:19:14,REAL,2712115539,487,2712116026,2712116026
2025-06-18 23:19:16,REAL,2712116026,535,2712116561,2712116561
2025-06-18 23:19:18,REAL,2712116561,483,2712117044,2712117044
2025-06-18 23:19:20,REAL,2712117044,482,2712117526,2712117526
2025-06-18 23:19:22,REAL,2712117526,480,2712118006,2712118006
2025-06-18 23:19:24,REAL,2712118006,483,2712118489,2712118489
2025-06-18 23:19:26,REAL,2712118489,488,2712118977,2712118977
2025-06-18 23:19:28,REAL,2712118977,492,2712119469,2712119469
2025-06-18 23:19:30,REAL,2712119469,480,2712119949,2712119949
2025-06-18 23:19:32,REAL,2712119949,489,2712120438,2712120438
2025-06-18 23:19:34,REAL,2712120438,543,2712120981,2712120981
2025-06-18 23:19:36,REAL,2712120981,484,2712121465,2712121465
2025-06-18 23:19:38,REAL,2712121465,491,2712121956,2712121956
2025-06-18 23:19:40,REAL,2712121956,479,2712122435,2712122435
2025-06-18 23:19:42,REAL,2712122435,485,2712122920,2712122920
2025-06-18 23:19:44,REAL,2712122920,484,2712123404,2712123404
2025-06-18 23:19:46,REAL,2712123404,486,2712123890,2712123890
2025-06-18 23:19:48,REAL,2712123890,486,2712124376,2712124376
2025-06-18 23:19:50,REAL,2712124376,487,2712124863,2712124863
2025-06-18 23:19:52,REAL,2712124863,478,2712125341,2712125341
2025-06-18 23:19:54,REAL,2712125341,488,2712125829,2712125829
2025-06-18 23:19:56,REAL,2712125829,481,2712126310,2712126310
2025-06-18 23:19:58,REAL,2712126310,539,2712126849,2712126849
2025-06-18 23:20:00,REAL,2712126849,478,2712127327,2712127327
2025-06-18 23:20:02,REAL,2712127327,483,2712127810,2712127810
2025-06-18 23:20:04,REAL,2712127810,477,2712128287,2712128287
2025-06-18 23:20:06,REAL,2712128287,487,2712128774,2712128774
2025-06-18 23:20:08,REAL,2712128774,480,2712129254,2712129254
2025-06-18 23:20:10,REAL,2712129254,489,2712129743,2712129743
2025-06-18 23:20:12,REAL,2712129743,482,2712130225,2712130225
2025-06-18 23:20:14,REAL,2712130225,477,2712130702,2712130702
2025-06-18 23:20:16,REAL,2712130702,488,2712131190,2712131190
2025-06-18 23:20:18,REAL,2712131190,475,2712131665,2712131665
2025-06-18 23:20:20,REAL,2712131665,478,2712132143,2712132143
2025-06-18 23:20:22,REAL,2712132143,546,2712132689,2712132689
2025-06-18 23:20:24,REAL,2712132689,483,2712133172,2712133172
2025-06-18 23:20:26,REAL,2712133172,479,2712133651,2712133651
2025-06-18 23:20:28,REAL,2712133651,482,2712134133,2712134133
2025-06-18 23:20:30,REAL,2712134133,481,2712134614,2712134614
2025-06-18 23:20:32,REAL,2712134614,486,2712135100,2712135100
2025-06-18 23:20:34,REAL,2712135100,491,2712135591,2712135591
2025-06-18 23:20:36,REAL,2712135591,489,2712136080,2712136080
2025-06-18 23:20:38,REAL,2712136080,480,2712136560,2712136560
2025-06-18 23:20:40,REAL,2712136560,537,2712137097,2712137097
2025-06-18 23:20:42,REAL,2712137097,11645,2712148742,2712148742
2025-06-18 23:20:44,REAL,2712148742,11300,2712160042,2712160042
2025-06-18 23:20:46,REAL,2712160042,10318,2712170360,2712170360
2025-06-18 23:20:48,REAL,2712170360,10256,2712180616,2712180616
2025-06-18 23:20:50,REAL,2712180616,10259,2712190875,2712190875
2025-06-18 23:20:52,REAL,2712190875,10261,2712201136,2712201136
2025-06-18 23:20:54,REAL,2712201136,10251,2712211387,2712211387
2025-06-18 23:20:56,REAL,2712211387,7544,2712218931,2712218931
2025-06-18 23:20:58,REAL,2712218931,485,2712219416,2712219416
2025-06-18 23:21:00,REAL,2712219416,491,2712219907,2712219907
2025-06-18 23:21:02,REAL,2712219907,477,2712220384,2712220384
2025-06-18 23:21:04,REAL,2712220384,480,2712220864,2712220864
2025-06-18 23:21:06,REAL,2712220864,482,2712221346,2712221346
2025-06-18 23:21:08,REAL,2712221346,485,2712221831,2712221831
2025-06-18 23:21:10,REAL,2712221831,482,2712222313,2712222313
2025-06-18 23:21:12,REAL,2712222313,542,2712222855,2712222855
2025-06-18 23:21:14,REAL,2712222855,484,2712223339,2712223339
2025-06-18 23:21:16,REAL,2712223339,488,2712223827,2712223827
2025-06-18 23:21:18,REAL,2712223827,480,2712224307,2712224307
2025-06-18 23:21:20,REAL,2712224307,486,2712224793,2712224793
2025-06-18 23:21:22,REAL,2712224793,484,2712225277,2712225277
2025-06-18 23:21:24,REAL,2712225277,542,2712225819,2712225819
2025-06-18 23:21:26,REAL,2712225819,489,2712226308,2712226308
2025-06-18 23:21:28,REAL,2712226308,481,2712226789,2712226789
2025-06-18 23:21:30,REAL,2712226789,486,2712227275,2712227275
2025-06-18 23:21:32,REAL,2712227275,493,2712227768,2712227768
2025-06-18 23:21:34,REAL,2712227768,486,2712228254,2712228254
2025-06-18 23:21:36,REAL,2712228254,482,2712228736,2712228736
2025-06-18 23:21:38,REAL,2712228736,491,2712229227,2712229227
2025-06-18 23:21:40,REAL,2712229227,484,2712229711,2712229711
2025-06-18 23:21:42,REAL,2712229711,492,2712230203,2712230203
2025-06-18 23:21:44,REAL,2712230203,477,2712230680,2712230680
2025-06-18 23:21:46,REAL,2712230680,482,2712231162,2712231162
2025-06-18 23:21:48,REAL,2712231162,490,2712231652,2712231652
2025-06-18 23:21:50,REAL,2712231652,484,2712232136,2712232136
2025-06-18 23:21:52,REAL,2712232136,484,2712232620,2712232620
2025-06-18 23:21:54,REAL,2712232620,481,2712233101,2712233101
2025-06-18 23:21:56,REAL,2712233101,483,2712233584,2712233584
2025-06-18 23:21:58,REAL,2712233584,475,2712234059,2712234059
2025-06-18 23:22:00,REAL,2712234059,538,2712234597,2712234597
2025-06-18 23:22:02,REAL,2712234597,11510,2712246107,2712246107
2025-06-18 23:22:04,REAL,2712246107,10254,2712256361,2712256361
2025-06-18 23:22:06,REAL,2712256361,10376,2712266737,2712266737
2025-06-18 23:22:08,REAL,2712266737,10252,2712276989,2712276989
2025-06-18 23:22:10,REAL,2712276989,10253,2712287242,2712287242
2025-06-18 23:22:12,REAL,2712287242,10245,2712297487,2712297487
2025-06-18 23:22:14,REAL,2712297487,10253,2712307740,2712307740
2025-06-18 23:22:16,REAL,2712307740,6024,2712313764,2712313764
2025-06-18 23:22:18,REAL,2712313764,488,2712314252,2712314252
2025-06-18 23:22:20,REAL,2712314252,479,2712314731,2712314731
2025-06-18 23:22:22,REAL,2712314731,488,2712315219,2712315219
2025-06-18 23:22:24,REAL,2712315219,475,2712315694,2712315694
2025-06-18 23:22:26,REAL,2712315694,485,2712316179,2712316179
2025-06-18 23:22:28,REAL,2712316179,486,2712316665,2712316665
2025-06-18 23:22:30,REAL,2712316665,479,2712317144,2712317144
2025-06-18 23:22:32,REAL,2712317144,487,2712317631,2712317631
2025-06-18 23:22:34,REAL,2712317631,484,2712318115,2712318115
2025-06-18 23:22:36,REAL,2712318115,488,2712318603,2712318603
2025-06-18 23:22:38,REAL,2712318603,483,2712319086,2712319086
2025-06-18 23:22:40,REAL,2712319086,479,2712319565,2712319565
2025-06-18 23:22:42,REAL,2712319565,482,2712320047,2712320047
2025-06-18 23:22:44,REAL,2712320047,491,2712320538,2712320538
2025-06-18 23:22:46,REAL,2712320538,478,2712321016,2712321016
2025-06-18 23:22:48,REAL,2712321016,543,2712321559,2712321559
2025-06-18 23:22:50,REAL,2712321559,542,2712322101,2712322101
2025-06-18 23:22:52,REAL,2712322101,481,2712322582,2712322582
2025-06-18 23:22:54,REAL,2712322582,485,2712323067,2712323067
2025-06-18 23:22:56,REAL,2712323067,486,2712323553,2712323553
2025-06-18 23:22:58,REAL,2712323553,482,2712324035,2712324035
2025-06-18 23:23:00,REAL,2712324035,485,2712324520,2712324520
2025-06-18 23:23:02,REAL,2712324520,487,2712325007,2712325007
2025-06-18 23:23:04,REAL,2712325007,478,2712325485,2712325485
2025-06-18 23:23:06,REAL,2712325485,485,2712325970,2712325970
2025-06-18 23:23:08,REAL,2712325970,484,2712326454,2712326454
2025-06-18 23:23:10,REAL,2712326454,488,2712326942,2712326942
2025-06-18 23:23:12,REAL,2712326942,483,2712327425,2712327425
2025-06-18 23:23:14,REAL,2712327425,491,2712327916,2712327916
2025-06-18 23:23:16,REAL,2712327916,485,2712328401,2712328401
2025-06-18 23:23:18,REAL,2712328401,493,2712328894,2712328894
2025-06-18 23:23:20,REAL,2712328894,477,2712329371,2712329371
2025-06-18 23:23:22,REAL,2712329371,483,2712329854,2712329854
2025-06-18 23:23:24,REAL,2712329854,488,2712330342,2712330342
2025-06-18 23:23:26,REAL,2712330342,7619,2712337961,2712337961
2025-06-18 23:23:28,REAL,2712337961,11049,2712349010,2712349010
2025-06-18 23:23:30,REAL,2712349010,10249,2712359259,2712359259
2025-06-18 23:23:32,REAL,2712359259,10249,2712369508,2712369508
2025-06-18 23:23:34,REAL,2712369508,10311,2712379819,2712379819
2025-06-18 23:23:36,REAL,2712379819,10250,2712390069,2712390069
2025-06-18 23:23:38,REAL,2712390069,10309,2712400378,2712400378
2025-06-18 23:23:40,REAL,2712400378,9266,2712409644,2712409644
2025-06-18 23:23:42,REAL,2712409644,487,2712410131,2712410131
2025-06-18 23:23:44,REAL,2712410131,486,2712410617,2712410617
2025-06-18 23:23:46,REAL,2712410617,489,2712411106,2712411106
2025-06-18 23:23:48,REAL,2712411106,489,2712411595,2712411595
2025-06-18 23:23:50,REAL,2712411595,483,2712412078,2712412078
2025-06-18 23:23:52,REAL,2712412078,485,2712412563,2712412563
2025-06-18 23:23:54,REAL,2712412563,485,2712413048,2712413048
2025-06-18 23:23:56,REAL,2712413048,487,2712413535,2712413535
2025-06-18 23:23:58,REAL,2712413535,493,2712414028,2712414028
2025-06-18 23:24:00,REAL,2712414028,479,2712414507,2712414507
2025-06-18 23:24:02,REAL,2712414507,487,2712414994,2712414994
2025-06-18 23:24:04,REAL,2712414994,483,2712415477,2712415477
2025-06-18 23:24:06,REAL,2712415477,536,2712416013,2712416013
2025-06-18 23:24:08,REAL,2712416013,489,2712416502,2712416502
2025-06-18 23:24:10,REAL,2712416502,488,2712416990,2712416990
2025-06-18 23:24:12,REAL,2712416990,486,2712417476,2712417476
2025-06-18 23:24:14,REAL,2712417476,490,2712417966,2712417966
2025-06-18 23:24:16,REAL,2712417966,475,2712418441,2712418441
2025-06-18 23:24:18,REAL,2712418441,475,2712418916,2712418916
2025-06-18 23:24:20,REAL,2712418916,484,2712419400,2712419400
2025-06-18 23:24:22,REAL,2712419400,484,2712419884,2712419884
2025-06-18 23:24:24,REAL,2712419884,484,2712420368,2712420368
2025-06-18 23:24:26,REAL,2712420368,486,2712420854,2712420854
2025-06-18 23:24:28,REAL,2712420854,543,2712421397,2712421397
2025-06-18 23:24:30,REAL,2712421397,487,2712421884,2712421884
2025-06-18 23:24:32,REAL,2712421884,485,2712422369,2712422369
2025-06-18 23:24:34,REAL,2712422369,481,2712422850,2712422850
2025-06-18 23:24:36,REAL,2712422850,478,2712423328,2712423328
2025-06-18 23:24:38,REAL,2712423328,484,2712423812,2712423812
2025-06-18 23:24:40,REAL,2712423812,481,2712424293,2712424293
2025-06-18 23:24:42,REAL,2712424293,484,2712424777,2712424777
2025-06-18 23:24:44,REAL,2712424777,487,2712425264,2712425264
2025-06-18 23:24:46,REAL,2712425264,479,2712425743,2712425743
2025-06-18 23:24:48,REAL,2712425743,539,2712426282,2712426282
2025-06-18 23:24:50,REAL,2712426282,491,2712426773,2712426773
2025-06-18 23:24:52,REAL,2712426773,482,2712427255,2712427255
2025-06-18 23:24:54,REAL,2712427255,479,2712427734,2712427734
2025-06-18 23:24:56,REAL,2712427734,534,2712428268,2712428268
2025-06-18 23:24:58,REAL,2712428268,482,2712428750,2712428750
2025-06-18 23:25:00,REAL,2712428750,475,2712429225,2712429225
2025-06-18 23:25:02,REAL,2712429225,9275,2712438500,2712438500
2025-06-18 23:25:04,REAL,2712438500,10452,2712448952,2712448952
2025-06-18 23:25:06,REAL,2712448952,10251,2712459203,2712459203
2025-06-18 23:25:08,REAL,2712459203,10248,2712469451,2712469451
2025-06-18 23:25:10,REAL,2712469451,10250,2712479701,2712479701
2025-06-18 23:25:12,REAL,2712479701,10315,2712490016,2712490016
2025-06-18 23:25:14,REAL,2712490016,10253,2712500269,2712500269
2025-06-18 23:25:16,REAL,2712500269,7424,2712507693,2712507693
2025-06-18 23:25:18,REAL,2712507693,490,2712508183,2712508183
2025-06-18 23:25:20,REAL,2712508183,480,2712508663,2712508663
2025-06-18 23:25:22,REAL,2712508663,488,2712509151,2712509151
2025-06-18 23:25:24,REAL,2712509151,476,2712509627,2712509627
2025-06-18 23:25:26,REAL,2712509627,533,2712510160,2712510160
2025-06-18 23:25:28,REAL,2712510160,488,2712510648,2712510648
2025-06-18 23:25:30,REAL,2712510648,475,2712511123,2712511123
2025-06-18 23:25:32,REAL,2712511123,482,2712511605,2712511605
2025-06-18 23:25:34,REAL,2712511605,10522,2712522127,2712522127
2025-06-18 23:25:36,REAL,2712522127,10383,2712532510,2712532510
2025-06-18 23:25:38,REAL,2712532510,10319,2712542829,2712542829
2025-06-18 23:25:40,REAL,2712542829,10242,2712553071,2712553071
2025-06-18 23:25:42,REAL,2712553071,10254,2712563325,2712563325
2025-06-18 23:25:44,REAL,2712563325,10260,2712573585,2712573585
2025-06-18 23:25:46,REAL,2712573585,10260,2712583845,2712583845
2025-06-18 23:25:48,REAL,2712583845,6752,2712590597,2712590597
2025-06-18 23:25:50,REAL,2712590597,480,2712591077,2712591077
2025-06-18 23:25:52,REAL,2712591077,486,2712591563,2712591563
2025-06-18 23:25:54,REAL,2712591563,541,2712592104,2712592104
2025-06-18 23:25:56,REAL,2712592104,480,2712592584,2712592584
2025-06-18 23:25:58,REAL,2712592584,483,2712593067,2712593067
2025-06-18 23:26:00,REAL,2712593067,482,2712593549,2712593549
2025-06-18 23:26:02,REAL,2712593549,481,2712594030,2712594030
2025-06-18 23:26:04,REAL,2712594030,486,2712594516,2712594516
2025-06-18 23:26:06,REAL,2712594516,13498,2712608014,2712608014
2025-06-18 23:26:08,REAL,2712608014,10320,2712618334,2712618334
2025-06-18 23:26:10,REAL,2712618334,10254,2712628588,2712628588
2025-06-18 23:26:12,REAL,2712628588,10251,2712638839,2712638839
2025-06-18 23:26:14,REAL,2712638839,10314,2712649153,2712649153
2025-06-18 23:26:16,REAL,2712649153,10186,2712659339,2712659339
2025-06-18 23:26:18,REAL,2712659339,10313,2712669652,2712669652
2025-06-18 23:26:20,REAL,2712669652,6086,2712675738,2712675738
2025-06-18 23:26:22,REAL,2712675738,545,2712676283,2712676283
2025-06-18 23:26:24,REAL,2712676283,486,2712676769,2712676769
2025-06-18 23:26:26,REAL,2712676769,477,2712677246,2712677246
2025-06-18 23:26:28,REAL,2712677246,483,2712677729,2712677729
2025-06-18 23:26:30,REAL,2712677729,483,2712678212,2712678212
2025-06-18 23:26:32,REAL,2712678212,490,2712678702,2712678702
2025-06-18 23:26:34,REAL,2712678702,488,2712679190,2712679190
2025-06-18 23:26:36,REAL,2712679190,489,2712679679,2712679679
2025-06-18 23:26:38,REAL,2712679679,14491,2712694170,2712694170
2025-06-18 23:26:40,REAL,2712694170,10327,2712704497,2712704497
2025-06-18 23:26:42,REAL,2712704497,10260,2712714757,2712714757
2025-06-18 23:26:44,REAL,2712714757,10322,2712725079,2712725079
2025-06-18 23:26:46,REAL,2712725079,10254,2712735333,2712735333
2025-06-18 23:26:48,REAL,2712735333,10257,2712745590,2712745590
2025-06-18 23:26:50,REAL,2712745590,10311,2712755901,2712755901
2025-06-18 23:26:52,REAL,2712755901,5555,2712761456,2712761456
2025-06-18 23:26:54,REAL,2712761456,486,2712761942,2712761942
2025-06-18 23:26:56,REAL,2712761942,474,2712762416,2712762416
2025-06-18 23:26:58,REAL,2712762416,6696,2712769112,2712769112
2025-06-18 23:27:00,REAL,2712769112,11177,2712780289,2712780289
2025-06-18 23:27:02,REAL,2712780289,10251,2712790540,2712790540
2025-06-18 23:27:04,REAL,2712790540,10327,2712800867,2712800867
2025-06-18 23:27:06,REAL,2712800867,10256,2712811123,2712811123
2025-06-18 23:27:08,REAL,2712811123,10251,2712821374,2712821374
2025-06-18 23:27:10,REAL,2712821374,10262,2712831636,2712831636
2025-06-18 23:27:12,REAL,2712831636,10052,2712841688,2712841688
2025-06-18 23:27:14,REAL,2712841688,487,2712842175,2712842175
2025-06-18 23:27:16,REAL,2712842175,486,2712842661,2712842661
2025-06-18 23:27:18,REAL,2712842661,483,2712843144,2712843144
2025-06-18 23:27:20,REAL,2712843144,542,2712843686,2712843686
2025-06-18 23:27:22,REAL,2712843686,482,2712844168,2712844168
2025-06-18 23:27:24,REAL,2712844168,484,2712844652,2712844652
2025-06-18 23:27:26,REAL,2712844652,479,2712845131,2712845131
2025-06-18 23:27:28,REAL,2712845131,486,2712845617,2712845617
2025-06-18 23:27:30,REAL,2712845617,487,2712846104,2712846104
2025-06-18 23:27:32,REAL,2712846104,481,2712846585,2712846585
2025-06-18 23:27:34,REAL,2712846585,477,2712847062,2712847062
2025-06-18 23:27:36,REAL,2712847062,540,2712847602,2712847602
2025-06-18 23:27:38,REAL,2712847602,481,2712848083,2712848083
2025-06-18 23:27:40,REAL,2712848083,482,2712848565,2712848565
2025-06-18 23:27:42,REAL,2712848565,483,2712849048,2712849048
2025-06-18 23:27:44,REAL,2712849048,484,2712849532,2712849532
2025-06-18 23:27:46,REAL,2712849532,493,2712850025,2712850025
2025-06-18 23:27:48,REAL,2712850025,532,2712850557,2712850557
2025-06-18 23:27:50,REAL,2712850557,478,2712851035,2712851035
2025-06-18 23:27:52,REAL,2712851035,474,2712851509,2712851509
2025-06-18 23:27:54,REAL,2712851509,488,2712851997,2712851997
2025-06-18 23:27:56,REAL,2712851997,478,2712852475,2712852475
2025-06-18 23:27:58,REAL,2712852475,484,2712852959,2712852959
2025-06-18 23:28:00,REAL,2712852959,486,2712853445,2712853445
2025-06-18 23:28:02,REAL,2712853445,475,2712853920,2712853920
2025-06-18 23:28:04,REAL,2712853920,483,2712854403,2712854403
2025-06-18 23:28:06,REAL,2712854403,476,2712854879,2712854879
2025-06-18 23:28:08,REAL,2712854879,478,2712855357,2712855357
2025-06-18 23:28:10,REAL,2712855357,489,2712855846,2712855846
2025-06-18 23:28:12,REAL,2712855846,539,2712856385,2712856385
2025-06-18 23:28:14,REAL,2712856385,483,2712856868,2712856868
2025-06-18 23:28:16,REAL,2712856868,488,2712857356,2712857356
2025-06-18 23:28:18,REAL,2712857356,544,2712857900,2712857900
2025-06-18 23:28:20,REAL,2712857900,479,2712858379,2712858379
2025-06-18 23:28:22,REAL,2712858379,488,2712858867,2712858867
2025-06-18 23:28:24,REAL,2712858867,484,2712859351,2712859351
2025-06-18 23:28:26,REAL,2712859351,482,2712859833,2712859833
2025-06-18 23:28:28,REAL,2712859833,479,2712860312,2712860312
2025-06-18 23:28:30,REAL,2712860312,486,2712860798,2712860798
2025-06-18 23:28:32,REAL,2712860798,481,2712861279,2712861279
2025-06-18 23:28:34,REAL,2712861279,492,2712861771,2712861771
2025-06-18 23:28:36,REAL,2712861771,482,2712862253,2712862253
2025-06-18 23:28:38,REAL,2712862253,481,2712862734,2712862734
2025-06-18 23:28:40,REAL,2712862734,487,2712863221,2712863221
2025-06-18 23:28:42,REAL,2712863221,492,2712863713,2712863713
2025-06-18 23:28:44,REAL,2712863713,483,2712864196,2712864196
2025-06-18 23:28:46,REAL,2712864196,541,2712864737,2712864737
2025-06-18 23:28:48,REAL,2712864737,481,2712865218,2712865218
2025-06-18 23:28:50,REAL,2712865218,8603,2712873821,2712873821
2025-06-18 23:28:52,REAL,2712873821,10382,2712884203,2712884203
2025-06-18 23:28:54,REAL,2712884203,10248,2712894451,2712894451
2025-06-18 23:28:56,REAL,2712894451,10242,2712904693,2712904693
2025-06-18 23:28:58,REAL,2712904693,10259,2712914952,2712914952
2025-06-18 23:29:00,REAL,2712914952,10322,2712925274,2712925274
2025-06-18 23:29:02,REAL,2712925274,10252,2712935526,2712935526
2025-06-18 23:29:04,REAL,2712935526,7881,2712943407,2712943407
2025-06-18 23:29:06,REAL,2712943407,477,2712943884,2712943884
2025-06-18 23:29:08,REAL,2712943884,489,2712944373,2712944373
2025-06-18 23:29:10,REAL,2712944373,483,2712944856,2712944856
2025-06-18 23:29:12,REAL,2712944856,489,2712945345,2712945345
2025-06-18 23:29:14,REAL,2712945345,479,2712945824,2712945824
2025-06-18 23:29:16,REAL,2712945824,481,2712946305,2712946305
2025-06-18 23:29:18,REAL,2712946305,492,2712946797,2712946797
2025-06-18 23:29:20,REAL,2712946797,484,2712947281,2712947281
2025-06-18 23:29:22,REAL,2712947281,9670,2712956951,2712956951
2025-06-18 23:29:24,REAL,2712956951,10317,2712967268,2712967268
2025-06-18 23:29:26,REAL,2712967268,10250,2712977518,2712977518
2025-06-18 23:29:28,REAL,2712977518,10246,2712987764,2712987764
2025-06-18 23:29:30,REAL,2712987764,10312,2712998076,2712998076
2025-06-18 23:29:32,REAL,2712998076,10254,2713008330,2713008330
2025-06-18 23:29:34,REAL,2713008330,10323,2713018653,2713018653
2025-06-18 23:29:36,REAL,2713018653,7154,2713025807,2713025807
2025-06-18 23:29:38,REAL,2713025807,480,2713026287,2713026287
2025-06-18 23:29:40,REAL,2713026287,484,2713026771,2713026771
2025-06-18 23:29:42,REAL,2713026771,481,2713027252,2713027252
2025-06-18 23:29:44,REAL,2713027252,494,2713027746,2713027746
2025-06-18 23:29:46,REAL,2713027746,484,2713028230,2713028230
2025-06-18 23:29:48,REAL,2713028230,482,2713028712,2713028712
2025-06-18 23:29:50,REAL,2713028712,486,2713029198,2713029198
2025-06-18 23:29:52,REAL,2713029198,485,2713029683,2713029683
2025-06-18 23:29:54,REAL,2713029683,10331,2713040014,2713040014
2025-06-18 23:29:56,REAL,2713040014,10383,2713050397,2713050397
2025-06-18 23:29:58,REAL,2713050397,10318,2713060715,2713060715
2025-06-18 23:30:00,REAL,2713060715,10250,2713070965,2713070965
2025-06-18 23:30:02,REAL,2713070965,10256,2713081221,2713081221
2025-06-18 23:30:04,REAL,2713081221,10254,2713091475,2713091475
2025-06-18 23:30:06,REAL,2713091475,10254,2713101729,2713101729
2025-06-18 23:30:08,REAL,2713101729,6619,2713108348,2713108348
2025-06-18 23:30:10,REAL,2713108348,484,2713108832,2713108832
2025-06-18 23:30:12,REAL,2713108832,487,2713109319,2713109319
2025-06-18 23:30:14,REAL,2713109319,5900,2713115219,2713115219
2025-06-18 23:30:16,REAL,2713115219,13614,2713128833,2713128833
2025-06-18 23:30:18,REAL,2713128833,10313,2713139146,2713139146
2025-06-18 23:30:20,REAL,2713139146,10250,2713149396,2713149396
2025-06-18 23:30:22,REAL,2713149396,10249,2713159645,2713159645
2025-06-18 23:30:24,REAL,2713159645,10318,2713169963,2713169963
2025-06-18 23:30:26,REAL,2713169963,10254,2713180217,2713180217
2025-06-18 23:30:28,REAL,2713180217,10320,2713190537,2713190537
2025-06-18 23:30:30,REAL,2713190537,1347,2713191884,2713191884
2025-06-18 23:30:32,REAL,2713191884,485,2713192369,2713192369
2025-06-18 23:30:34,REAL,2713192369,490,2713192859,2713192859
2025-06-18 23:30:36,REAL,2713192859,478,2713193337,2713193337
2025-06-18 23:30:38,REAL,2713193337,481,2713193818,2713193818
2025-06-18 23:30:40,REAL,2713193818,487,2713194305,2713194305
2025-06-18 23:30:42,REAL,2713194305,479,2713194784,2713194784
2025-06-18 23:30:44,REAL,2713194784,476,2713195260,2713195260
2025-06-18 23:30:46,REAL,2713195260,7290,2713202550,2713202550
2025-06-18 23:30:48,REAL,2713202550,11115,2713213665,2713213665
2025-06-18 23:30:50,REAL,2713213665,10252,2713223917,2713223917
2025-06-18 23:30:52,REAL,2713223917,10318,2713234235,2713234235
2025-06-18 23:30:54,REAL,2713234235,10250,2713244485,2713244485
2025-06-18 23:30:56,REAL,2713244485,10249,2713254734,2713254734
2025-06-18 23:30:58,REAL,2713254734,10315,2713265049,2713265049
2025-06-18 23:31:00,REAL,2713265049,10315,2713275364,2713275364
2025-06-18 23:31:02,REAL,2713275364,746,2713276110,2713276110
2025-06-18 23:31:04,REAL,2713276110,485,2713276595,2713276595
2025-06-18 23:31:06,REAL,2713276595,480,2713277075,2713277075
2025-06-18 23:31:08,REAL,2713277075,486,2713277561,2713277561
2025-06-18 23:31:10,REAL,2713277561,483,2713278044,2713278044
2025-06-18 23:31:12,REAL,2713278044,482,2713278526,2713278526
2025-06-18 23:31:14,REAL,2713278526,484,2713279010,2713279010
2025-06-18 23:31:16,REAL,2713279010,491,2713279501,2713279501
2025-06-18 23:31:18,REAL,2713279501,7412,2713286913,2713286913
2025-06-18 23:31:20,REAL,2713286913,12831,2713299744,2713299744
2025-06-18 23:31:22,REAL,2713299744,10250,2713309994,2713309994
2025-06-18 23:31:24,REAL,2713309994,10371,2713320365,2713320365
2025-06-18 23:31:26,REAL,2713320365,10255,2713330620,2713330620
2025-06-18 23:31:28,REAL,2713330620,10193,2713340813,2713340813
2025-06-18 23:31:30,REAL,2713340813,10313,2713351126,2713351126
2025-06-18 23:31:32,REAL,2713351126,9849,2713360975,2713360975
2025-06-18 23:31:34,REAL,2713360975,485,2713361460,2713361460
2025-06-18 23:31:36,REAL,2713361460,493,2713361953,2713361953
2025-06-18 23:31:38,REAL,2713361953,484,2713362437,2713362437
2025-06-18 23:31:40,REAL,2713362437,488,2713362925,2713362925
2025-06-18 23:31:42,REAL,2713362925,486,2713363411,2713363411
2025-06-18 23:31:44,REAL,2713363411,538,2713363949,2713363949
2025-06-18 23:31:46,REAL,2713363949,479,2713364428,2713364428
2025-06-18 23:31:48,REAL,2713364428,483,2713364911,2713364911
2025-06-18 23:31:50,REAL,2713364911,7229,2713372140,2713372140
2025-06-18 23:31:52,REAL,2713372140,11117,2713383257,2713383257
2025-06-18 23:31:54,REAL,2713383257,10254,2713393511,2713393511
2025-06-18 23:31:56,REAL,2713393511,10253,2713403764,2713403764
2025-06-18 23:31:58,REAL,2713403764,10320,2713414084,2713414084
2025-06-18 23:32:00,REAL,2713414084,10258,2713424342,2713424342
2025-06-18 23:32:02,REAL,2713424342,10259,2713434601,2713434601
2025-06-18 23:32:04,REAL,2713434601,9257,2713443858,2713443858
2025-06-18 23:32:06,REAL,2713443858,488,2713444346,2713444346
2025-06-18 23:32:08,REAL,2713444346,485,2713444831,2713444831
2025-06-18 23:32:10,REAL,2713444831,480,2713445311,2713445311
2025-06-18 23:32:12,REAL,2713445311,486,2713445797,2713445797
2025-06-18 23:32:14,REAL,2713445797,478,2713446275,2713446275
2025-06-18 23:32:16,REAL,2713446275,487,2713446762,2713446762
2025-06-18 23:32:18,REAL,2713446762,490,2713447252,2713447252
2025-06-18 23:32:20,REAL,2713447252,487,2713447739,2713447739
2025-06-18 23:32:22,REAL,2713447739,8414,2713456153,2713456153
2025-06-18 23:32:24,REAL,2713456153,10847,2713467000,2713467000
2025-06-18 23:32:26,REAL,2713467000,10253,2713477253,2713477253
2025-06-18 23:32:28,REAL,2713477253,10259,2713487512,2713487512
2025-06-18 23:32:30,REAL,2713487512,10306,2713497818,2713497818
2025-06-18 23:32:32,REAL,2713497818,10252,2713508070,2713508070
2025-06-18 23:32:34,REAL,2713508070,10320,2713518390,2713518390
2025-06-18 23:32:36,REAL,2713518390,8602,2713526992,2713526992
2025-06-18 23:32:38,REAL,2713526992,481,2713527473,2713527473
2025-06-18 23:32:40,REAL,2713527473,490,2713527963,2713527963
2025-06-18 23:32:42,REAL,2713527963,477,2713528440,2713528440
2025-06-18 23:32:44,REAL,2713528440,490,2713528930,2713528930
2025-06-18 23:32:46,REAL,2713528930,481,2713529411,2713529411
2025-06-18 23:32:48,REAL,2713529411,482,2713529893,2713529893
2025-06-18 23:32:50,REAL,2713529893,485,2713530378,2713530378
2025-06-18 23:32:52,REAL,2713530378,480,2713530858,2713530858
2025-06-18 23:32:54,REAL,2713530858,481,2713531339,2713531339
2025-06-18 23:32:56,REAL,2713531339,482,2713531821,2713531821
2025-06-18 23:32:58,REAL,2713531821,489,2713532310,2713532310
2025-06-18 23:33:00,REAL,2713532310,482,2713532792,2713532792
2025-06-18 23:33:02,REAL,2713532792,479,2713533271,2713533271
2025-06-18 23:33:04,REAL,2713533271,474,2713533745,2713533745
2025-06-18 23:33:06,REAL,2713533745,482,2713534227,2713534227
2025-06-18 23:33:08,REAL,2713534227,479,2713534706,2713534706
2025-06-18 23:33:10,REAL,2713534706,539,2713535245,2713535245
2025-06-18 23:33:12,REAL,2713535245,484,2713535729,2713535729
2025-06-18 23:33:14,REAL,2713535729,539,2713536268,2713536268
2025-06-18 23:33:16,REAL,2713536268,480,2713536748,2713536748
2025-06-18 23:33:18,REAL,2713536748,492,2713537240,2713537240
2025-06-18 23:33:20,REAL,2713537240,483,2713537723,2713537723
2025-06-18 23:33:22,REAL,2713537723,489,2713538212,2713538212
2025-06-18 23:33:24,REAL,2713538212,488,2713538700,2713538700
2025-06-18 23:33:26,REAL,2713538700,484,2713539184,2713539184
2025-06-18 23:33:28,REAL,2713539184,492,2713539676,2713539676
2025-06-18 23:33:30,REAL,2713539676,490,2713540166,2713540166
2025-06-18 23:33:32,REAL,2713540166,478,2713540644,2713540644
2025-06-18 23:33:34,REAL,2713540644,487,2713541131,2713541131
2025-06-18 23:33:36,REAL,2713541131,479,2713541610,2713541610
2025-06-18 23:33:38,REAL,2713541610,483,2713542093,2713542093
2025-06-18 23:33:40,REAL,2713542093,485,2713542578,2713542578
2025-06-18 23:33:42,REAL,2713542578,488,2713543066,2713543066
2025-06-18 23:33:44,REAL,2713543066,475,2713543541,2713543541
2025-06-18 23:33:46,REAL,2713543541,480,2713544021,2713544021
2025-06-18 23:33:48,REAL,2713544021,489,2713544510,2713544510
2025-06-18 23:33:50,REAL,2713544510,485,2713544995,2713544995
2025-06-18 23:33:52,REAL,2713544995,480,2713545475,2713545475
2025-06-18 23:33:54,REAL,2713545475,476,2713545951,2713545951
2025-06-18 23:33:56,REAL,2713545951,494,2713546445,2713546445
2025-06-18 23:33:58,REAL,2713546445,536,2713546981,2713546981
2025-06-18 23:34:00,REAL,2713546981,543,2713547524,2713547524
2025-06-18 23:34:02,REAL,2713547524,240,2713547764,2713547764
2025-06-18 23:34:04,REAL,2713547764,480,2713548244,2713548244
2025-06-18 23:34:06,REAL,2713548244,474,2713548718,2713548718
2025-06-18 23:34:08,REAL,2713548718,480,2713549198,2713549198
2025-06-18 23:34:10,REAL,2713549198,484,2713549682,2713549682
2025-06-18 23:34:12,REAL,2713549682,480,2713550162,2713550162
2025-06-18 23:34:14,REAL,2713550162,485,2713550647,2713550647
2025-06-18 23:34:16,REAL,2713550647,476,2713551123,2713551123
2025-06-18 23:34:18,REAL,2713551123,494,2713551617,2713551617
2025-06-18 23:34:20,REAL,2713551617,480,2713552097,2713552097
2025-06-18 23:34:22,REAL,2713552097,485,2713552582,2713552582
2025-06-18 23:34:24,REAL,2713552582,484,2713553066,2713553066
2025-06-18 23:34:26,REAL,2713553066,492,2713553558,2713553558
2025-06-18 23:34:28,REAL,2713553558,478,2713554036,2713554036
2025-06-18 23:34:30,REAL,2713554036,488,2713554524,2713554524
2025-06-18 23:34:32,REAL,2713554524,487,2713555011,2713555011
2025-06-18 23:34:34,REAL,2713555011,484,2713555495,2713555495
2025-06-18 23:34:36,REAL,2713555495,478,2713555973,2713555973
2025-06-18 23:34:38,REAL,2713555973,485,2713556458,2713556458
2025-06-18 23:34:40,REAL,2713556458,482,2713556940,2713556940
2025-06-18 23:34:42,REAL,2713556940,483,2713557423,2713557423
2025-06-18 23:34:44,REAL,2713557423,487,2713557910,2713557910
2025-06-18 23:34:46,REAL,2713557910,595,2713558505,2713558505
2025-06-18 23:34:48,REAL,2713558505,491,2713558996,2713558996
2025-06-18 23:34:50,REAL,2713558996,478,2713559474,2713559474
2025-06-18 23:34:52,REAL,2713559474,487,2713559961,2713559961
2025-06-18 23:34:54,REAL,2713559961,486,2713560447,2713560447
2025-06-18 23:34:56,REAL,2713560447,488,2713560935,2713560935
2025-06-18 23:34:58,REAL,2713560935,480,2713561415,2713561415
2025-06-18 23:35:00,REAL,2713561415,481,2713561896,2713561896
2025-06-18 23:35:02,REAL,2713561896,484,2713562380,2713562380
2025-06-18 23:35:04,REAL,2713562380,484,2713562864,2713562864
2025-06-18 23:35:06,REAL,2713562864,485,2713563349,2713563349
2025-06-18 23:35:08,REAL,2713563349,486,2713563835,2713563835
2025-06-18 23:35:10,REAL,2713563835,490,2713564325,2713564325
2025-06-18 23:35:12,REAL,2713564325,485,2713564810,2713564810
2025-06-18 23:35:14,REAL,2713564810,493,2713565303,2713565303
2025-06-18 23:35:16,REAL,2713565303,475,2713565778,2713565778
2025-06-18 23:35:18,REAL,2713565778,486,2713566264,2713566264
2025-06-18 23:35:20,REAL,2713566264,487,2713566751,2713566751
2025-06-18 23:35:22,REAL,2713566751,480,2713567231,2713567231
2025-06-18 23:35:24,REAL,2713567231,490,2713567721,2713567721
2025-06-18 23:35:26,REAL,2713567721,481,2713568202,2713568202
2025-06-18 23:35:28,REAL,2713568202,488,2713568690,2713568690
2025-06-18 23:35:30,REAL,2713568690,484,2713569174,2713569174
2025-06-18 23:35:32,REAL,2713569174,535,2713569709,2713569709
2025-06-18 23:35:34,REAL,2713569709,482,2713570191,2713570191
2025-06-18 23:35:36,REAL,2713570191,540,2713570731,2713570731
2025-06-18 23:35:38,REAL,2713570731,485,2713571216,2713571216
2025-06-18 23:35:40,REAL,2713571216,483,2713571699,2713571699
2025-06-18 23:35:42,REAL,2713571699,487,2713572186,2713572186
2025-06-18 23:35:44,REAL,2713572186,478,2713572664,2713572664
2025-06-18 23:35:46,REAL,2713572664,482,2713573146,2713573146
2025-06-18 23:35:48,REAL,2713573146,6956,2713580102,2713580102
2025-06-18 23:35:50,REAL,2713580102,10709,2713590811,2713590811
2025-06-18 23:35:52,REAL,2713590811,10243,2713601054,2713601054
2025-06-18 23:35:54,REAL,2713601054,10322,2713611376,2713611376
2025-06-18 23:35:56,REAL,2713611376,10248,2713621624,2713621624
2025-06-18 23:35:58,REAL,2713621624,10248,2713631872,2713631872
2025-06-18 23:36:00,REAL,2713631872,10320,2713642192,2713642192
2025-06-18 23:36:02,REAL,2713642192,9660,2713651852,2713651852
2025-06-18 23:36:04,REAL,2713651852,483,2713652335,2713652335
2025-06-18 23:36:06,REAL,2713652335,484,2713652819,2713652819
2025-06-18 23:36:08,REAL,2713652819,483,2713653302,2713653302
2025-06-18 23:36:10,REAL,2713653302,488,2713653790,2713653790
2025-06-18 23:36:12,REAL,2713653790,483,2713654273,2713654273
2025-06-18 23:36:14,REAL,2713654273,481,2713654754,2713654754
2025-06-18 23:36:16,REAL,2713654754,484,2713655238,2713655238
2025-06-18 23:36:18,REAL,2713655238,545,2713655783,2713655783
2025-06-18 23:36:20,REAL,2713655783,7630,2713663413,2713663413
2025-06-18 23:36:22,REAL,2713663413,10510,2713673923,2713673923
2025-06-18 23:36:24,REAL,2713673923,10250,2713684173,2713684173
2025-06-18 23:36:26,REAL,2713684173,10257,2713694430,2713694430
2025-06-18 23:36:28,REAL,2713694430,10250,2713704680,2713704680
2025-06-18 23:36:30,REAL,2713704680,10246,2713714926,2713714926
2025-06-18 23:36:32,REAL,2713714926,10327,2713725253,2713725253
2025-06-18 23:36:34,REAL,2713725253,9004,2713734257,2713734257
2025-06-18 23:36:36,REAL,2713734257,488,2713734745,2713734745
2025-06-18 23:36:38,REAL,2713734745,487,2713735232,2713735232
2025-06-18 23:36:40,REAL,2713735232,484,2713735716,2713735716
2025-06-18 23:36:42,REAL,2713735716,491,2713736207,2713736207
2025-06-18 23:36:44,REAL,2713736207,480,2713736687,2713736687
2025-06-18 23:36:46,REAL,2713736687,475,2713737162,2713737162
2025-06-18 23:36:48,REAL,2713737162,483,2713737645,2713737645
2025-06-18 23:36:50,REAL,2713737645,476,2713738121,2713738121
2025-06-18 23:36:52,REAL,2713738121,483,2713738604,2713738604
2025-06-18 23:36:54,REAL,2713738604,482,2713739086,2713739086
2025-06-18 23:36:56,REAL,2713739086,485,2713739571,2713739571
2025-06-18 23:36:58,REAL,2713739571,482,2713740053,2713740053
2025-06-18 23:37:00,REAL,2713740053,479,2713740532,2713740532
2025-06-18 23:37:02,REAL,2713740532,480,2713741012,2713741012
2025-06-18 23:37:04,REAL,2713741012,481,2713741493,2713741493
2025-06-18 23:37:06,REAL,2713741493,535,2713742028,2713742028
2025-06-18 23:37:08,REAL,2713742028,544,2713742572,2713742572
2025-06-18 23:37:10,REAL,2713742572,486,2713743058,2713743058
2025-06-18 23:37:12,REAL,2713743058,491,2713743549,2713743549
2025-06-18 23:37:14,REAL,2713743549,480,2713744029,2713744029
2025-06-18 23:37:16,REAL,2713744029,484,2713744513,2713744513
2025-06-18 23:37:18,REAL,2713744513,482,2713744995,2713744995
2025-06-18 23:37:20,REAL,2713744995,494,2713745489,2713745489
2025-06-18 23:37:22,REAL,2713745489,486,2713745975,2713745975
2025-06-18 23:37:24,REAL,2713745975,484,2713746459,2713746459
2025-06-18 23:37:26,REAL,2713746459,481,2713746940,2713746940
2025-06-18 23:37:28,REAL,2713746940,479,2713747419,2713747419
2025-06-18 23:37:30,REAL,2713747419,486,2713747905,2713747905
2025-06-18 23:37:32,REAL,2713747905,485,2713748390,2713748390
2025-06-18 23:37:34,REAL,2713748390,482,2713748872,2713748872
2025-06-18 23:37:36,REAL,2713748872,486,2713749358,2713749358
2025-06-18 23:37:38,REAL,2713749358,488,2713749846,2713749846
2025-06-18 23:37:40,REAL,2713749846,482,2713750328,2713750328
2025-06-18 23:37:42,REAL,2713750328,544,2713750872,2713750872
2025-06-18 23:37:44,REAL,2713750872,483,2713751355,2713751355
2025-06-18 23:37:46,REAL,2713751355,487,2713751842,2713751842
2025-06-18 23:37:48,REAL,2713751842,487,2713752329,2713752329
2025-06-18 23:37:50,REAL,2713752329,486,2713752815,2713752815
2025-06-18 23:37:52,REAL,2713752815,487,2713753302,2713753302
2025-06-18 23:37:54,REAL,2713753302,538,2713753840,2713753840
2025-06-18 23:37:56,REAL,2713753840,480,2713754320,2713754320
2025-06-18 23:37:58,REAL,2713754320,486,2713754806,2713754806
2025-06-18 23:38:00,REAL,2713754806,478,2713755284,2713755284
2025-06-18 23:38:02,REAL,2713755284,485,2713755769,2713755769
2025-06-18 23:38:04,REAL,2713755769,481,2713756250,2713756250
2025-06-18 23:38:06,REAL,2713756250,486,2713756736,2713756736
2025-06-18 23:38:08,REAL,2713756736,480,2713757216,2713757216
2025-06-18 23:38:10,REAL,2713757216,476,2713757692,2713757692
2025-06-18 23:38:12,REAL,2713757692,489,2713758181,2713758181
2025-06-18 23:38:14,REAL,2713758181,481,2713758662,2713758662
2025-06-18 23:38:16,REAL,2713758662,545,2713759207,2713759207
2025-06-18 23:38:18,REAL,2713759207,484,2713759691,2713759691
2025-06-18 23:38:20,REAL,2713759691,488,2713760179,2713760179
2025-06-18 23:38:22,REAL,2713760179,484,2713760663,2713760663
2025-06-18 23:38:24,REAL,2713760663,483,2713761146,2713761146
2025-06-18 23:38:26,REAL,2713761146,485,2713761631,2713761631
2025-06-18 23:38:28,REAL,2713761631,487,2713762118,2713762118
2025-06-18 23:38:30,REAL,2713762118,484,2713762602,2713762602
2025-06-18 23:38:32,REAL,2713762602,488,2713763090,2713763090
2025-06-18 23:38:34,REAL,2713763090,485,2713763575,2713763575
2025-06-18 23:38:36,REAL,2713763575,484,2713764059,2713764059
2025-06-18 23:38:38,REAL,2713764059,486,2713764545,2713764545
2025-06-18 23:38:40,REAL,2713764545,541,2713765086,2713765086
2025-06-18 23:38:42,REAL,2713765086,483,2713765569,2713765569
2025-06-18 23:38:44,REAL,2713765569,481,2713766050,2713766050
2025-06-18 23:38:46,REAL,2713766050,478,2713766528,2713766528
2025-06-18 23:38:48,REAL,2713766528,488,2713767016,2713767016
2025-06-18 23:38:50,REAL,2713767016,488,2713767504,2713767504
2025-06-18 23:38:52,REAL,2713767504,536,2713768040,2713768040
2025-06-18 23:38:54,REAL,2713768040,484,2713768524,2713768524
2025-06-18 23:38:56,REAL,2713768524,482,2713769006,2713769006
2025-06-18 23:38:58,REAL,2713769006,486,2713769492,2713769492
2025-06-18 23:39:00,REAL,2713769492,494,2713769986,2713769986
2025-06-18 23:39:02,REAL,2713769986,491,2713770477,2713770477
2025-06-18 23:39:04,REAL,2713770477,477,2713770954,2713770954
2025-06-18 23:39:06,REAL,2713770954,486,2713771440,2713771440
2025-06-18 23:39:08,REAL,2713771440,491,2713771931,2713771931
2025-06-18 23:39:10,REAL,2713771931,490,2713772421,2713772421
2025-06-18 23:39:12,REAL,2713772421,482,2713772903,2713772903
2025-06-18 23:39:14,REAL,2713772903,488,2713773391,2713773391
2025-06-18 23:39:16,REAL,2713773391,480,2713773871,2713773871
2025-06-18 23:39:18,REAL,2713773871,484,2713774355,2713774355
2025-06-18 23:39:20,REAL,2713774355,483,2713774838,2713774838
2025-06-18 23:39:22,REAL,2713774838,486,2713775324,2713775324
2025-06-18 23:39:24,REAL,2713775324,494,2713775818,2713775818
2025-06-18 23:39:26,REAL,2713775818,534,2713776352,2713776352
2025-06-18 23:39:28,REAL,2713776352,538,2713776890,2713776890
2025-06-18 23:39:30,REAL,2713776890,482,2713777372,2713777372
2025-06-18 23:39:32,REAL,2713777372,485,2713777857,2713777857
2025-06-18 23:39:34,REAL,2713777857,477,2713778334,2713778334
2025-06-18 23:39:36,REAL,2713778334,487,2713778821,2713778821
2025-06-18 23:39:38,REAL,2713778821,486,2713779307,2713779307
2025-06-18 23:39:40,REAL,2713779307,487,2713779794,2713779794
2025-06-18 23:39:42,REAL,2713779794,12102,2713791896,2713791896
2025-06-18 23:39:44,REAL,2713791896,10251,2713802147,2713802147
2025-06-18 23:39:46,REAL,2713802147,10256,2713812403,2713812403
2025-06-18 23:39:48,REAL,2713812403,10252,2713822655,2713822655
2025-06-18 23:39:50,REAL,2713822655,10252,2713832907,2713832907
2025-06-18 23:39:52,REAL,2713832907,10250,2713843157,2713843157
2025-06-18 23:39:54,REAL,2713843157,10250,2713853407,2713853407
2025-06-18 23:39:56,REAL,2713853407,5169,2713858576,2713858576
2025-06-18 23:39:58,REAL,2713858576,530,2713859106,2713859106
2025-06-18 23:40:00,REAL,2713859106,480,2713859586,2713859586
2025-06-18 23:40:02,REAL,2713859586,488,2713860074,2713860074
2025-06-18 23:40:04,REAL,2713860074,481,2713860555,2713860555
2025-06-18 23:40:06,REAL,2713860555,483,2713861038,2713861038
2025-06-18 23:40:08,REAL,2713861038,482,2713861520,2713861520
2025-06-18 23:40:10,REAL,2713861520,483,2713862003,2713862003
2025-06-18 23:40:12,REAL,2713862003,1220,2713863223,2713863223
2025-06-18 23:40:14,REAL,2713863223,11645,2713874868,2713874868
2025-06-18 23:40:16,REAL,2713874868,10252,2713885120,2713885120
2025-06-18 23:40:18,REAL,2713885120,10312,2713895432,2713895432
2025-06-18 23:40:20,REAL,2713895432,10257,2713905689,2713905689
2025-06-18 23:40:22,REAL,2713905689,10253,2713915942,2713915942
2025-06-18 23:40:24,REAL,2713915942,10246,2713926188,2713926188
2025-06-18 23:40:26,REAL,2713926188,10313,2713936501,2713936501
2025-06-18 23:40:28,REAL,2713936501,4575,2713941076,2713941076
2025-06-18 23:40:30,REAL,2713941076,475,2713941551,2713941551
2025-06-18 23:40:32,REAL,2713941551,488,2713942039,2713942039
2025-06-18 23:40:34,REAL,2713942039,476,2713942515,2713942515
2025-06-18 23:40:36,REAL,2713942515,485,2713943000,2713943000
2025-06-18 23:40:38,REAL,2713943000,482,2713943482,2713943482
2025-06-18 23:40:40,REAL,2713943482,477,2713943959,2713943959
2025-06-18 23:40:42,REAL,2713943959,479,2713944438,2713944438
2025-06-18 23:40:44,REAL,2713944438,2067,2713946505,2713946505
2025-06-18 23:40:46,REAL,2713946505,12027,2713958532,2713958532
2025-06-18 23:40:48,REAL,2713958532,10257,2713968789,2713968789
2025-06-18 23:40:50,REAL,2713968789,10257,2713979046,2713979046
2025-06-18 23:40:52,REAL,2713979046,10249,2713989295,2713989295
2025-06-18 23:40:54,REAL,2713989295,10249,2713999544,2713999544
2025-06-18 23:40:56,REAL,2713999544,10262,2714009806,2714009806
2025-06-18 23:40:58,REAL,2714009806,10372,2714020178,2714020178
2025-06-18 23:41:00,REAL,2714020178,3921,2714024099,2714024099
2025-06-18 23:41:02,REAL,2714024099,484,2714024583,2714024583
2025-06-18 23:41:04,REAL,2714024583,484,2714025067,2714025067
2025-06-18 23:41:06,REAL,2714025067,485,2714025552,2714025552
2025-06-18 23:41:08,REAL,2714025552,486,2714026038,2714026038
2025-06-18 23:41:10,REAL,2714026038,477,2714026515,2714026515
2025-06-18 23:41:12,REAL,2714026515,476,2714026991,2714026991
2025-06-18 23:41:14,REAL,2714026991,484,2714027475,2714027475
2025-06-18 23:41:16,REAL,2714027475,3128,2714030603,2714030603
2025-06-18 23:41:18,REAL,2714030603,12300,2714042903,2714042903
2025-06-18 23:41:20,REAL,2714042903,10253,2714053156,2714053156
2025-06-18 23:41:22,REAL,2714053156,10250,2714063406,2714063406
2025-06-18 23:41:24,REAL,2714063406,10321,2714073727,2714073727
2025-06-18 23:41:26,REAL,2714073727,10258,2714083985,2714083985
2025-06-18 23:41:28,REAL,2714083985,10309,2714094294,2714094294
2025-06-18 23:41:30,REAL,2714094294,10260,2714104554,2714104554
2025-06-18 23:41:32,REAL,2714104554,3321,2714107875,2714107875
2025-06-18 23:41:34,REAL,2714107875,486,2714108361,2714108361
2025-06-18 23:41:36,REAL,2714108361,481,2714108842,2714108842
2025-06-18 23:41:38,REAL,2714108842,481,2714109323,2714109323
2025-06-18 23:41:40,REAL,2714109323,488,2714109811,2714109811
2025-06-18 23:41:42,REAL,2714109811,485,2714110296,2714110296
2025-06-18 23:41:44,REAL,2714110296,488,2714110784,2714110784
2025-06-18 23:41:46,REAL,2714110784,481,2714111265,2714111265
2025-06-18 23:41:48,REAL,2714111265,485,2714111750,2714111750
2025-06-18 23:41:50,REAL,2714111750,489,2714112239,2714112239
2025-06-18 23:41:52,REAL,2714112239,483,2714112722,2714112722
2025-06-18 23:41:54,REAL,2714112722,482,2714113204,2714113204
2025-06-18 23:41:56,REAL,2714113204,602,2714113806,2714113806
2025-06-18 23:41:58,REAL,2714113806,482,2714114288,2714114288
2025-06-18 23:42:00,REAL,2714114288,491,2714114779,2714114779
2025-06-18 23:42:02,REAL,2714114779,478,2714115257,2714115257
2025-06-18 23:42:04,REAL,2714115257,485,2714115742,2714115742
2025-06-18 23:42:06,REAL,2714115742,485,2714116227,2714116227
2025-06-18 23:42:08,REAL,2714116227,481,2714116708,2714116708
2025-06-18 23:42:10,REAL,2714116708,477,2714117185,2714117185
2025-06-18 23:42:12,REAL,2714117185,487,2714117672,2714117672
2025-06-18 23:42:14,REAL,2714117672,479,2714118151,2714118151
2025-06-18 23:42:16,REAL,2714118151,489,2714118640,2714118640
2025-06-18 23:42:18,REAL,2714118640,478,2714119118,2714119118
2025-06-18 23:42:20,REAL,2714119118,485,2714119603,2714119603
2025-06-18 23:42:22,REAL,2714119603,487,2714120090,2714120090
2025-06-18 23:42:24,REAL,2714120090,488,2714120578,2714120578
2025-06-18 23:42:26,REAL,2714120578,482,2714121060,2714121060
2025-06-18 23:42:28,REAL,2714121060,534,2714121594,2714121594
2025-06-18 23:42:30,REAL,2714121594,482,2714122076,2714122076
2025-06-18 23:42:32,REAL,2714122076,484,2714122560,2714122560
2025-06-18 23:42:34,REAL,2714122560,485,2714123045,2714123045
2025-06-18 23:42:36,REAL,2714123045,543,2714123588,2714123588
2025-06-18 23:42:38,REAL,2714123588,485,2714124073,2714124073
2025-06-18 23:42:40,REAL,2714124073,478,2714124551,2714124551
2025-06-18 23:42:42,REAL,2714124551,481,2714125032,2714125032
2025-06-18 23:42:44,REAL,2714125032,486,2714125518,2714125518
2025-06-18 23:42:46,REAL,2714125518,484,2714126002,2714126002
2025-06-18 23:42:48,REAL,2714126002,489,2714126491,2714126491
2025-06-18 23:42:50,REAL,2714126491,492,2714126983,2714126983
2025-06-18 23:42:52,REAL,2714126983,5517,2714132500,2714132500
2025-06-18 23:42:54,REAL,2714132500,13420,2714145920,2714145920
2025-06-18 23:42:56,REAL,2714145920,10314,2714156234,2714156234
2025-06-18 23:42:58,REAL,2714156234,10313,2714166547,2714166547
2025-06-18 23:43:00,REAL,2714166547,10250,2714176797,2714176797
2025-06-18 23:43:02,REAL,2714176797,10320,2714187117,2714187117
2025-06-18 23:43:04,REAL,2714187117,10252,2714197369,2714197369
2025-06-18 23:43:06,REAL,2714197369,10250,2714207619,2714207619
2025-06-18 23:43:08,REAL,2714207619,1476,2714209095,2714209095
2025-06-18 23:43:10,REAL,2714209095,476,2714209571,2714209571
2025-06-18 23:43:12,REAL,2714209571,482,2714210053,2714210053
2025-06-18 23:43:14,REAL,2714210053,482,2714210535,2714210535
2025-06-18 23:43:16,REAL,2714210535,487,2714211022,2714211022
2025-06-18 23:43:18,REAL,2714211022,485,2714211507,2714211507
2025-06-18 23:43:20,REAL,2714211507,485,2714211992,2714211992
2025-06-18 23:43:22,REAL,2714211992,488,2714212480,2714212480
2025-06-18 23:43:24,REAL,2714212480,474,2714212954,2714212954
2025-06-18 23:43:26,REAL,2714212954,535,2714213489,2714213489
2025-06-18 23:43:28,REAL,2714213489,485,2714213974,2714213974
2025-06-18 23:43:30,REAL,2714213974,487,2714214461,2714214461
2025-06-18 23:43:32,REAL,2714214461,545,2714215006,2714215006
2025-06-18 23:43:34,REAL,2714215006,487,2714215493,2714215493
2025-06-18 23:43:36,REAL,2714215493,483,2714215976,2714215976
2025-06-18 23:43:38,REAL,2714215976,487,2714216463,2714216463
2025-06-18 23:43:40,REAL,2714216463,488,2714216951,2714216951
2025-06-18 23:43:42,REAL,2714216951,486,2714217437,2714217437
2025-06-18 23:43:44,REAL,2714217437,483,2714217920,2714217920
2025-06-18 23:43:46,REAL,2714217920,479,2714218399,2714218399
2025-06-18 23:43:48,REAL,2714218399,481,2714218880,2714218880
2025-06-18 23:43:50,REAL,2714218880,484,2714219364,2714219364
2025-06-18 23:43:52,REAL,2714219364,487,2714219851,2714219851
2025-06-18 23:43:54,REAL,2714219851,486,2714220337,2714220337
2025-06-18 23:43:56,REAL,2714220337,488,2714220825,2714220825
2025-06-18 23:43:58,REAL,2714220825,535,2714221360,2714221360
2025-06-18 23:44:00,REAL,2714221360,483,2714221843,2714221843
2025-06-18 23:44:02,REAL,2714221843,484,2714222327,2714222327
2025-06-18 23:44:04,REAL,2714222327,485,2714222812,2714222812
2025-06-18 23:44:06,REAL,2714222812,484,2714223296,2714223296
2025-06-18 23:44:08,REAL,2714223296,475,2714223771,2714223771
2025-06-18 23:44:10,REAL,2714223771,544,2714224315,2714224315
2025-06-18 23:44:12,REAL,2714224315,478,2714224793,2714224793
2025-06-18 23:44:14,REAL,2714224793,478,2714225271,2714225271
2025-06-18 23:44:16,REAL,2714225271,484,2714225755,2714225755
2025-06-18 23:44:18,REAL,2714225755,480,2714226235,2714226235
2025-06-18 23:44:20,REAL,2714226235,486,2714226721,2714226721
2025-06-18 23:44:22,REAL,2714226721,490,2714227211,2714227211
2025-06-18 23:44:24,REAL,2714227211,485,2714227696,2714227696
2025-06-18 23:44:26,REAL,2714227696,490,2714228186,2714228186
2025-06-18 23:44:28,REAL,2714228186,544,2714228730,2714228730
2025-06-18 23:44:30,REAL,2714228730,488,2714229218,2714229218
2025-06-18 23:44:32,REAL,2714229218,485,2714229703,2714229703
2025-06-18 23:44:34,REAL,2714229703,481,2714230184,2714230184
2025-06-18 23:44:36,REAL,2714230184,487,2714230671,2714230671
2025-06-18 23:44:38,REAL,2714230671,487,2714231158,2714231158
2025-06-18 23:44:40,REAL,2714231158,489,2714231647,2714231647
2025-06-18 23:44:42,REAL,2714231647,480,2714232127,2714232127
2025-06-18 23:44:44,REAL,2714232127,483,2714232610,2714232610
2025-06-18 23:44:46,REAL,2714232610,474,2714233084,2714233084
2025-06-18 23:44:48,REAL,2714233084,491,2714233575,2714233575
2025-06-18 23:44:50,REAL,2714233575,481,2714234056,2714234056
2025-06-18 23:44:52,REAL,2714234056,538,2714234594,2714234594
2025-06-18 23:44:54,REAL,2714234594,486,2714235080,2714235080
2025-06-18 23:44:56,REAL,2714235080,476,2714235556,2714235556
2025-06-18 23:44:58,REAL,2714235556,543,2714236099,2714236099
2025-06-18 23:45:00,REAL,2714236099,9728,2714245827,2714245827
2025-06-18 23:45:02,REAL,2714245827,12625,2714258452,2714258452
2025-06-18 23:45:04,REAL,2714258452,10255,2714268707,2714268707
2025-06-18 23:45:06,REAL,2714268707,10312,2714279019,2714279019
2025-06-18 23:45:08,REAL,2714279019,10246,2714289265,2714289265
2025-06-18 23:45:10,REAL,2714289265,10254,2714299519,2714299519
2025-06-18 23:45:12,REAL,2714299519,10244,2714309763,2714309763
2025-06-18 23:45:14,REAL,2714309763,8729,2714318492,2714318492
2025-06-18 23:45:16,REAL,2714318492,486,2714318978,2714318978
2025-06-18 23:45:18,REAL,2714318978,492,2714319470,2714319470
2025-06-18 23:45:20,REAL,2714319470,483,2714319953,2714319953
2025-06-18 23:45:22,REAL,2714319953,480,2714320433,2714320433
2025-06-18 23:45:24,REAL,2714320433,480,2714320913,2714320913
2025-06-18 23:45:26,REAL,2714320913,481,2714321394,2714321394
2025-06-18 23:45:28,REAL,2714321394,485,2714321879,2714321879
2025-06-18 23:45:30,REAL,2714321879,541,2714322420,2714322420
2025-06-18 23:45:32,REAL,2714322420,482,2714322902,2714322902
2025-06-18 23:45:34,REAL,2714322902,484,2714323386,2714323386
2025-06-18 23:45:36,REAL,2714323386,484,2714323870,2714323870
2025-06-18 23:45:38,REAL,2714323870,541,2714324411,2714324411
2025-06-18 23:45:40,REAL,2714324411,485,2714324896,2714324896
2025-06-18 23:45:42,REAL,2714324896,486,2714325382,2714325382
2025-06-18 23:45:44,REAL,2714325382,475,2714325857,2714325857
2025-06-18 23:45:46,REAL,2714325857,490,2714326347,2714326347
2025-06-18 23:45:48,REAL,2714326347,488,2714326835,2714326835
2025-06-18 23:45:50,REAL,2714326835,487,2714327322,2714327322
2025-06-18 23:45:52,REAL,2714327322,484,2714327806,2714327806
2025-06-18 23:45:54,REAL,2714327806,482,2714328288,2714328288
2025-06-18 23:45:56,REAL,2714328288,483,2714328771,2714328771
2025-06-18 23:45:58,REAL,2714328771,480,2714329251,2714329251
2025-06-18 23:46:00,REAL,2714329251,543,2714329794,2714329794
2025-06-18 23:46:02,REAL,2714329794,491,2714330285,2714330285
2025-06-18 23:46:04,REAL,2714330285,486,2714330771,2714330771
2025-06-18 23:46:06,REAL,2714330771,485,2714331256,2714331256
2025-06-18 23:46:08,REAL,2714331256,488,2714331744,2714331744
2025-06-18 23:46:10,REAL,2714331744,484,2714332228,2714332228
2025-06-18 23:46:12,REAL,2714332228,478,2714332706,2714332706
2025-06-18 23:46:14,REAL,2714332706,478,2714333184,2714333184
2025-06-18 23:46:16,REAL,2714333184,478,2714333662,2714333662
2025-06-18 23:46:18,REAL,2714333662,485,2714334147,2714334147
2025-06-18 23:46:20,REAL,2714334147,535,2714334682,2714334682
2025-06-18 23:46:22,REAL,2714334682,487,2714335169,2714335169
2025-06-18 23:46:24,REAL,2714335169,488,2714335657,2714335657
2025-06-18 23:46:26,REAL,2714335657,479,2714336136,2714336136
2025-06-18 23:46:28,REAL,2714336136,487,2714336623,2714336623
2025-06-18 23:46:30,REAL,2714336623,482,2714337105,2714337105
2025-06-18 23:46:32,REAL,2714337105,542,2714337647,2714337647
2025-06-18 23:46:34,REAL,2714337647,484,2714338131,2714338131
2025-06-18 23:46:36,REAL,2714338131,475,2714338606,2714338606
2025-06-18 23:46:38,REAL,2714338606,483,2714339089,2714339089
2025-06-18 23:46:40,REAL,2714339089,485,2714339574,2714339574
2025-06-18 23:46:42,REAL,2714339574,480,2714340054,2714340054
2025-06-18 23:46:44,REAL,2714340054,487,2714340541,2714340541
2025-06-18 23:46:46,REAL,2714340541,481,2714341022,2714341022
2025-06-18 23:46:48,REAL,2714341022,483,2714341505,2714341505
2025-06-18 23:46:50,REAL,2714341505,478,2714341983,2714341983
2025-06-18 23:46:52,REAL,2714341983,475,2714342458,2714342458
2025-06-18 23:46:54,REAL,2714342458,486,2714342944,2714342944
2025-06-18 23:46:56,REAL,2714342944,485,2714343429,2714343429
2025-06-18 23:46:58,REAL,2714343429,482,2714343911,2714343911
2025-06-18 23:47:00,REAL,2714343911,480,2714344391,2714344391
2025-06-18 23:47:02,REAL,2714344391,487,2714344878,2714344878
2025-06-18 23:47:04,REAL,2714344878,605,2714345483,2714345483
2025-06-18 23:47:06,REAL,2714345483,490,2714345973,2714345973
2025-06-18 23:47:08,REAL,2714345973,480,2714346453,2714346453
2025-06-18 23:47:10,REAL,2714346453,481,2714346934,2714346934
2025-06-18 23:47:12,REAL,2714346934,487,2714347421,2714347421
2025-06-18 23:47:14,REAL,2714347421,483,2714347904,2714347904
2025-06-18 23:47:16,REAL,2714347904,482,2714348386,2714348386
2025-06-18 23:47:18,REAL,2714348386,486,2714348872,2714348872
2025-06-18 23:47:20,REAL,2714348872,480,2714349352,2714349352
2025-06-18 23:47:22,REAL,2714349352,478,2714349830,2714349830
2025-06-18 23:47:24,REAL,2714349830,14151,2714363981,2714363981
2025-06-18 23:47:26,REAL,2714363981,10326,2714374307,2714374307
2025-06-18 23:47:28,REAL,2714374307,10254,2714384561,2714384561
2025-06-18 23:47:30,REAL,2714384561,10321,2714394882,2714394882
2025-06-18 23:47:32,REAL,2714394882,10248,2714405130,2714405130
2025-06-18 23:47:34,REAL,2714405130,10309,2714415439,2714415439
2025-06-18 23:47:36,REAL,2714415439,10312,2714425751,2714425751
2025-06-18 23:47:38,REAL,2714425751,5889,2714431640,2714431640
2025-06-18 23:47:40,REAL,2714431640,493,2714432133,2714432133
2025-06-18 23:47:42,REAL,2714432133,476,2714432609,2714432609
2025-06-18 23:47:44,REAL,2714432609,488,2714433097,2714433097
2025-06-18 23:47:46,REAL,2714433097,477,2714433574,2714433574
2025-06-18 23:47:48,REAL,2714433574,484,2714434058,2714434058
2025-06-18 23:47:50,REAL,2714434058,481,2714434539,2714434539
2025-06-18 23:47:52,REAL,2714434539,489,2714435028,2714435028
2025-06-18 23:47:54,REAL,2714435028,480,2714435508,2714435508
2025-06-18 23:47:56,REAL,2714435508,12165,2714447673,2714447673
2025-06-18 23:47:58,REAL,2714447673,10243,2714457916,2714457916
2025-06-18 23:48:00,REAL,2714457916,10257,2714468173,2714468173
2025-06-18 23:48:02,REAL,2714468173,10252,2714478425,2714478425
2025-06-18 23:48:04,REAL,2714478425,10326,2714488751,2714488751
2025-06-18 23:48:06,REAL,2714488751,10301,2714499052,2714499052
2025-06-18 23:48:08,REAL,2714499052,10312,2714509364,2714509364
2025-06-18 23:48:10,REAL,2714509364,5237,2714514601,2714514601
2025-06-18 23:48:12,REAL,2714514601,493,2714515094,2714515094
2025-06-18 23:48:14,REAL,2714515094,486,2714515580,2714515580
2025-06-18 23:48:16,REAL,2714515580,484,2714516064,2714516064
2025-06-18 23:48:18,REAL,2714516064,483,2714516547,2714516547
2025-06-18 23:48:20,REAL,2714516547,479,2714517026,2714517026
2025-06-18 23:48:22,REAL,2714517026,491,2714517517,2714517517
2025-06-18 23:48:24,REAL,2714517517,484,2714518001,2714518001
2025-06-18 23:48:26,REAL,2714518001,1024,2714519025,2714519025
2025-06-18 23:48:28,REAL,2714519025,12369,2714531394,2714531394
2025-06-18 23:48:30,REAL,2714531394,10253,2714541647,2714541647
2025-06-18 23:48:32,REAL,2714541647,10318,2714551965,2714551965
2025-06-18 23:48:34,REAL,2714551965,10242,2714562207,2714562207
2025-06-18 23:48:36,REAL,2714562207,10306,2714572513,2714572513
2025-06-18 23:48:38,REAL,2714572513,10249,2714582762,2714582762
2025-06-18 23:48:40,REAL,2714582762,10322,2714593084,2714593084
2025-06-18 23:48:42,REAL,2714593084,4573,2714597657,2714597657
2025-06-18 23:48:44,REAL,2714597657,481,2714598138,2714598138
2025-06-18 23:48:46,REAL,2714598138,487,2714598625,2714598625
2025-06-18 23:48:48,REAL,2714598625,479,2714599104,2714599104
2025-06-18 23:48:50,REAL,2714599104,484,2714599588,2714599588
2025-06-18 23:48:52,REAL,2714599588,479,2714600067,2714600067
2025-06-18 23:48:54,REAL,2714600067,486,2714600553,2714600553
2025-06-18 23:48:56,REAL,2714600553,482,2714601035,2714601035
2025-06-18 23:48:58,REAL,2714601035,487,2714601522,2714601522
2025-06-18 23:49:00,REAL,2714601522,490,2714602012,2714602012
2025-06-18 23:49:02,REAL,2714602012,485,2714602497,2714602497
2025-06-18 23:49:04,REAL,2714602497,483,2714602980,2714602980
2025-06-18 23:49:06,REAL,2714602980,484,2714603464,2714603464
2025-06-18 23:49:08,REAL,2714603464,543,2714604007,2714604007
2025-06-18 23:49:10,REAL,2714604007,477,2714604484,2714604484
2025-06-18 23:49:12,REAL,2714604484,550,2714605034,2714605034
2025-06-18 23:49:14,REAL,2714605034,478,2714605512,2714605512
2025-06-18 23:49:16,REAL,2714605512,480,2714605992,2714605992
2025-06-18 23:49:18,REAL,2714605992,484,2714606476,2714606476
2025-06-18 23:49:20,REAL,2714606476,476,2714606952,2714606952
2025-06-18 23:49:22,REAL,2714606952,481,2714607433,2714607433
2025-06-18 23:49:24,REAL,2714607433,485,2714607918,2714607918
2025-06-18 23:49:26,REAL,2714607918,484,2714608402,2714608402
2025-06-18 23:49:28,REAL,2714608402,479,2714608881,2714608881
2025-06-18 23:49:30,REAL,2714608881,484,2714609365,2714609365
2025-06-18 23:49:32,REAL,2714609365,478,2714609843,2714609843
2025-06-18 23:49:34,REAL,2714609843,479,2714610322,2714610322
2025-06-18 23:49:36,REAL,2714610322,483,2714610805,2714610805
2025-06-18 23:49:38,REAL,2714610805,484,2714611289,2714611289
2025-06-18 23:49:40,REAL,2714611289,482,2714611771,2714611771
2025-06-18 23:49:42,REAL,2714611771,489,2714612260,2714612260
2025-06-18 23:49:44,REAL,2714612260,487,2714612747,2714612747
2025-06-18 23:49:46,REAL,2714612747,477,2714613224,2714613224
2025-06-18 23:49:48,REAL,2714613224,533,2714613757,2714613757
2025-06-18 23:49:50,REAL,2714613757,484,2714614241,2714614241
2025-06-18 23:49:52,REAL,2714614241,486,2714614727,2714614727
2025-06-18 23:49:54,REAL,2714614727,485,2714615212,2714615212
2025-06-18 23:49:56,REAL,2714615212,482,2714615694,2714615694
2025-06-18 23:49:58,REAL,2714615694,543,2714616237,2714616237
2025-06-18 23:50:00,REAL,2714616237,494,2714616731,2714616731
2025-06-18 23:50:02,REAL,2714616731,477,2714617208,2714617208
2025-06-18 23:50:04,REAL,2714617208,487,2714617695,2714617695
2025-06-18 23:50:06,REAL,2714617695,486,2714618181,2714618181
2025-06-18 23:50:08,REAL,2714618181,481,2714618662,2714618662
2025-06-18 23:50:10,REAL,2714618662,484,2714619146,2714619146
2025-06-18 23:50:12,REAL,2714619146,492,2714619638,2714619638
2025-06-18 23:50:14,REAL,2714619638,484,2714620122,2714620122
2025-06-18 23:50:16,REAL,2714620122,489,2714620611,2714620611
2025-06-18 23:50:18,REAL,2714620611,491,2714621102,2714621102
2025-06-18 23:50:20,REAL,2714621102,484,2714621586,2714621586
2025-06-18 23:50:22,REAL,2714621586,489,2714622075,2714622075
2025-06-18 23:50:24,REAL,2714622075,484,2714622559,2714622559
2025-06-18 23:50:26,REAL,2714622559,490,2714623049,2714623049
2025-06-18 23:50:28,REAL,2714623049,482,2714623531,2714623531
2025-06-18 23:50:30,REAL,2714623531,493,2714624024,2714624024
2025-06-18 23:50:32,REAL,2714624024,540,2714624564,2714624564
2025-06-18 23:50:34,REAL,2714624564,480,2714625044,2714625044
2025-06-18 23:50:36,REAL,2714625044,486,2714625530,2714625530
2025-06-18 23:50:38,REAL,2714625530,483,2714626013,2714626013
2025-06-18 23:50:40,REAL,2714626013,484,2714626497,2714626497
2025-06-18 23:50:42,REAL,2714626497,549,2714627046,2714627046
2025-06-18 23:50:44,REAL,2714627046,481,2714627527,2714627527
2025-06-18 23:50:46,REAL,2714627527,493,2714628020,2714628020
2025-06-18 23:50:48,REAL,2714628020,240,2714628260,2714628260
2025-06-18 23:50:50,REAL,2714628260,488,2714628748,2714628748
2025-06-18 23:50:52,REAL,2714628748,474,2714629222,2714629222
2025-06-18 23:50:54,REAL,2714629222,484,2714629706,2714629706
2025-06-18 23:50:56,REAL,2714629706,9934,2714639640,2714639640
2025-06-18 23:50:58,REAL,2714639640,10318,2714649958,2714649958
2025-06-18 23:51:00,REAL,2714649958,10251,2714660209,2714660209
2025-06-18 23:51:02,REAL,2714660209,10252,2714670461,2714670461
2025-06-18 23:51:04,REAL,2714670461,10311,2714680772,2714680772
2025-06-18 23:51:06,REAL,2714680772,10258,2714691030,2714691030
2025-06-18 23:51:08,REAL,2714691030,10256,2714701286,2714701286
2025-06-18 23:51:10,REAL,2714701286,6754,2714708040,2714708040
2025-06-18 23:51:12,REAL,2714708040,481,2714708521,2714708521
2025-06-18 23:51:14,REAL,2714708521,541,2714709062,2714709062
2025-06-18 23:51:16,REAL,2714709062,480,2714709542,2714709542
2025-06-18 23:51:18,REAL,2714709542,482,2714710024,2714710024
2025-06-18 23:51:20,REAL,2714710024,477,2714710501,2714710501
2025-06-18 23:51:22,REAL,2714710501,478,2714710979,2714710979
2025-06-18 23:51:24,REAL,2714710979,483,2714711462,2714711462
2025-06-18 23:51:26,REAL,2714711462,480,2714711942,2714711942
2025-06-18 23:51:28,REAL,2714711942,11509,2714723451,2714723451
2025-06-18 23:51:30,REAL,2714723451,10258,2714733709,2714733709
2025-06-18 23:51:32,REAL,2714733709,10253,2714743962,2714743962
2025-06-18 23:51:34,REAL,2714743962,10255,2714754217,2714754217
2025-06-18 23:51:36,REAL,2714754217,10246,2714764463,2714764463
2025-06-18 23:51:38,REAL,2714764463,10258,2714774721,2714774721
2025-06-18 23:51:40,REAL,2714774721,10259,2714784980,2714784980
2025-06-18 23:51:42,REAL,2714784980,6034,2714791014,2714791014
2025-06-18 23:51:44,REAL,2714791014,482,2714791496,2714791496
2025-06-18 23:51:46,REAL,2714791496,477,2714791973,2714791973
2025-06-18 23:51:48,REAL,2714791973,486,2714792459,2714792459
2025-06-18 23:51:50,REAL,2714792459,476,2714792935,2714792935
2025-06-18 23:51:52,REAL,2714792935,478,2714793413,2714793413
2025-06-18 23:51:54,REAL,2714793413,478,2714793891,2714793891
2025-06-18 23:51:56,REAL,2714793891,487,2714794378,2714794378
2025-06-18 23:51:58,REAL,2714794378,547,2714794925,2714794925
2025-06-18 23:52:00,REAL,2714794925,15019,2714809944,2714809944
2025-06-18 23:52:02,REAL,2714809944,10253,2714820197,2714820197
2025-06-18 23:52:04,REAL,2714820197,10312,2714830509,2714830509
2025-06-18 23:52:06,REAL,2714830509,10258,2714840767,2714840767
2025-06-18 23:52:08,REAL,2714840767,10250,2714851017,2714851017
2025-06-18 23:52:10,REAL,2714851017,10247,2714861264,2714861264
2025-06-18 23:52:12,REAL,2714861264,10319,2714871583,2714871583
2025-06-18 23:52:14,REAL,2714871583,5429,2714877012,2714877012
2025-06-18 23:52:16,REAL,2714877012,489,2714877501,2714877501
2025-06-18 23:52:18,REAL,2714877501,484,2714877985,2714877985
2025-06-18 23:52:20,REAL,2714877985,479,2714878464,2714878464
2025-06-18 23:52:22,REAL,2714878464,480,2714878944,2714878944
2025-06-18 23:52:24,REAL,2714878944,480,2714879424,2714879424
2025-06-18 23:52:26,REAL,2714879424,493,2714879917,2714879917
2025-06-18 23:52:28,REAL,2714879917,486,2714880403,2714880403
2025-06-18 23:52:30,REAL,2714880403,487,2714880890,2714880890
2025-06-18 23:52:32,REAL,2714880890,483,2714881373,2714881373
2025-06-18 23:52:34,REAL,2714881373,541,2714881914,2714881914
2025-06-18 23:52:36,REAL,2714881914,485,2714882399,2714882399
2025-06-18 23:52:38,REAL,2714882399,484,2714882883,2714882883
2025-06-18 23:52:40,REAL,2714882883,533,2714883416,2714883416
2025-06-18 23:52:42,REAL,2714883416,479,2714883895,2714883895
2025-06-18 23:52:44,REAL,2714883895,484,2714884379,2714884379
2025-06-18 23:52:46,REAL,2714884379,482,2714884861,2714884861
2025-06-18 23:52:48,REAL,2714884861,484,2714885345,2714885345
2025-06-18 23:52:50,REAL,2714885345,477,2714885822,2714885822
2025-06-18 23:52:52,REAL,2714885822,479,2714886301,2714886301
2025-06-18 23:52:54,REAL,2714886301,484,2714886785,2714886785
2025-06-18 23:52:56,REAL,2714886785,486,2714887271,2714887271
2025-06-18 23:52:58,REAL,2714887271,488,2714887759,2714887759
2025-06-18 23:53:00,REAL,2714887759,486,2714888245,2714888245
2025-06-18 23:53:02,REAL,2714888245,475,2714888720,2714888720
2025-06-18 23:53:04,REAL,2714888720,490,2714889210,2714889210
2025-06-18 23:53:06,REAL,2714889210,483,2714889693,2714889693
2025-06-18 23:53:08,REAL,2714889693,533,2714890226,2714890226
2025-06-18 23:53:10,REAL,2714890226,484,2714890710,2714890710
2025-06-18 23:53:12,REAL,2714890710,486,2714891196,2714891196
2025-06-18 23:53:14,REAL,2714891196,484,2714891680,2714891680
2025-06-18 23:53:16,REAL,2714891680,486,2714892166,2714892166
2025-06-18 23:53:18,REAL,2714892166,483,2714892649,2714892649
2025-06-18 23:53:20,REAL,2714892649,534,2714893183,2714893183
2025-06-18 23:53:22,REAL,2714893183,482,2714893665,2714893665
2025-06-18 23:53:24,REAL,2714893665,481,2714894146,2714894146
2025-06-18 23:53:26,REAL,2714894146,493,2714894639,2714894639
2025-06-18 23:53:28,REAL,2714894639,480,2714895119,2714895119
2025-06-18 23:53:30,REAL,2714895119,492,2714895611,2714895611
2025-06-18 23:53:32,REAL,2714895611,489,2714896100,2714896100
2025-06-18 23:53:34,REAL,2714896100,476,2714896576,2714896576
2025-06-18 23:53:36,REAL,2714896576,484,2714897060,2714897060
2025-06-18 23:53:38,REAL,2714897060,492,2714897552,2714897552
2025-06-18 23:53:40,REAL,2714897552,486,2714898038,2714898038
2025-06-18 23:53:42,REAL,2714898038,530,2714898568,2714898568
2025-06-18 23:53:44,REAL,2714898568,490,2714899058,2714899058
2025-06-18 23:53:46,REAL,2714899058,487,2714899545,2714899545
2025-06-18 23:53:48,REAL,2714899545,480,2714900025,2714900025
2025-06-18 23:53:50,REAL,2714900025,484,2714900509,2714900509
2025-06-18 23:53:52,REAL,2714900509,479,2714900988,2714900988
2025-06-18 23:53:54,REAL,2714900988,489,2714901477,2714901477
2025-06-18 23:53:56,REAL,2714901477,481,2714901958,2714901958
2025-06-18 23:53:58,REAL,2714901958,487,2714902445,2714902445
2025-06-18 23:54:00,REAL,2714902445,480,2714902925,2714902925
2025-06-18 23:54:02,REAL,2714902925,535,2714903460,2714903460
2025-06-18 23:54:04,REAL,2714903460,489,2714903949,2714903949
2025-06-18 23:54:06,REAL,2714903949,480,2714904429,2714904429
2025-06-18 23:54:08,REAL,2714904429,490,2714904919,2714904919
2025-06-18 23:54:10,REAL,2714904919,487,2714905406,2714905406
2025-06-18 23:54:12,REAL,2714905406,483,2714905889,2714905889
2025-06-18 23:54:14,REAL,2714905889,484,2714906373,2714906373
2025-06-18 23:54:16,REAL,2714906373,482,2714906855,2714906855
2025-06-18 23:54:18,REAL,2714906855,541,2714907396,2714907396
2025-06-18 23:54:20,REAL,2714907396,481,2714907877,2714907877
2025-06-18 23:54:22,REAL,2714907877,482,2714908359,2714908359
2025-06-18 23:54:24,REAL,2714908359,476,2714908835,2714908835
2025-06-18 23:54:26,REAL,2714908835,487,2714909322,2714909322
2025-06-18 23:54:28,REAL,2714909322,483,2714909805,2714909805
2025-06-18 23:54:30,REAL,2714909805,478,2714910283,2714910283
2025-06-18 23:54:32,REAL,2714910283,482,2714910765,2714910765
2025-06-18 23:54:34,REAL,2714910765,481,2714911246,2714911246
2025-06-18 23:54:36,REAL,2714911246,482,2714911728,2714911728
2025-06-18 23:54:38,REAL,2714911728,4130,2714915858,2714915858
2025-06-18 23:54:40,REAL,2714915858,11317,2714927175,2714927175
2025-06-18 23:54:42,REAL,2714927175,10316,2714937491,2714937491
2025-06-18 23:54:44,REAL,2714937491,10248,2714947739,2714947739
2025-06-18 23:54:46,REAL,2714947739,10253,2714957992,2714957992
2025-06-18 23:54:48,REAL,2714957992,10322,2714968314,2714968314
2025-06-18 23:54:50,REAL,2714968314,10257,2714978571,2714978571
2025-06-18 23:54:52,REAL,2714978571,10317,2714988888,2714988888
2025-06-18 23:54:54,REAL,2714988888,2258,2714991146,2714991146
2025-06-18 23:54:56,REAL,2714991146,486,2714991632,2714991632
2025-06-18 23:54:58,REAL,2714991632,484,2714992116,2714992116
2025-06-18 23:55:00,REAL,2714992116,485,2714992601,2714992601
2025-06-18 23:55:02,REAL,2714992601,481,2714993082,2714993082
2025-06-18 23:55:04,REAL,2714993082,484,2714993566,2714993566
2025-06-18 23:55:06,REAL,2714993566,491,2714994057,2714994057
2025-06-18 23:55:08,REAL,2714994057,492,2714994549,2714994549
2025-06-18 23:55:10,REAL,2714994549,483,2714995032,2714995032
2025-06-18 23:55:12,REAL,2714995032,536,2714995568,2714995568
2025-06-18 23:55:14,REAL,2714995568,486,2714996054,2714996054
2025-06-18 23:55:16,REAL,2714996054,544,2714996598,2714996598
2025-06-18 23:55:18,REAL,2714996598,481,2714997079,2714997079
2025-06-18 23:55:20,REAL,2714997079,486,2714997565,2714997565
2025-06-18 23:55:22,REAL,2714997565,481,2714998046,2714998046
2025-06-18 23:55:24,REAL,2714998046,489,2714998535,2714998535
2025-06-18 23:55:26,REAL,2714998535,484,2714999019,2714999019
2025-06-18 23:55:28,REAL,2714999019,478,2714999497,2714999497
2025-06-18 23:55:30,REAL,2714999497,484,2714999981,2714999981
2025-06-18 23:55:32,REAL,2714999981,485,2715000466,2715000466
2025-06-18 23:55:34,REAL,2715000466,484,2715000950,2715000950
2025-06-18 23:55:36,REAL,2715000950,488,2715001438,2715001438
2025-06-18 23:55:38,REAL,2715001438,488,2715001926,2715001926
2025-06-18 23:55:40,REAL,2715001926,493,2715002419,2715002419
2025-06-18 23:55:42,REAL,2715002419,483,2715002902,2715002902
2025-06-18 23:55:44,REAL,2715002902,478,2715003380,2715003380
2025-06-18 23:55:46,REAL,2715003380,483,2715003863,2715003863
2025-06-18 23:55:48,REAL,2715003863,591,2715004454,2715004454
2025-06-18 23:55:50,REAL,2715004454,486,2715004940,2715004940
2025-06-18 23:55:52,REAL,2715004940,482,2715005422,2715005422
2025-06-18 23:55:54,REAL,2715005422,490,2715005912,2715005912
2025-06-18 23:55:56,REAL,2715005912,475,2715006387,2715006387
2025-06-18 23:55:58,REAL,2715006387,480,2715006867,2715006867
2025-06-18 23:56:00,REAL,2715006867,486,2715007353,2715007353
2025-06-18 23:56:02,REAL,2715007353,486,2715007839,2715007839
2025-06-18 23:56:04,REAL,2715007839,477,2715008316,2715008316
2025-06-18 23:56:06,REAL,2715008316,477,2715008793,2715008793
2025-06-18 23:56:08,REAL,2715008793,487,2715009280,2715009280
2025-06-18 23:56:10,REAL,2715009280,476,2715009756,2715009756
2025-06-18 23:56:12,REAL,2715009756,482,2715010238,2715010238
2025-06-18 23:56:14,REAL,2715010238,483,2715010721,2715010721
2025-06-18 23:56:16,REAL,2715010721,479,2715011200,2715011200
2025-06-18 23:56:18,REAL,2715011200,482,2715011682,2715011682
2025-06-18 23:56:20,REAL,2715011682,11775,2715023457,2715023457
2025-06-18 23:56:22,REAL,2715023457,10326,2715033783,2715033783
2025-06-18 23:56:24,REAL,2715033783,10245,2715044028,2715044028
2025-06-18 23:56:26,REAL,2715044028,10250,2715054278,2715054278
2025-06-18 23:56:28,REAL,2715054278,10260,2715064538,2715064538
2025-06-18 23:56:30,REAL,2715064538,10252,2715074790,2715074790
2025-06-18 23:56:32,REAL,2715074790,10258,2715085048,2715085048
2025-06-18 23:56:34,REAL,2715085048,5296,2715090344,2715090344
2025-06-18 23:56:36,REAL,2715090344,491,2715090835,2715090835
2025-06-18 23:56:38,REAL,2715090835,485,2715091320,2715091320
2025-06-18 23:56:40,REAL,2715091320,482,2715091802,2715091802
2025-06-18 23:56:42,REAL,2715091802,484,2715092286,2715092286
2025-06-18 23:56:44,REAL,2715092286,483,2715092769,2715092769
2025-06-18 23:56:46,REAL,2715092769,480,2715093249,2715093249
2025-06-18 23:56:48,REAL,2715093249,489,2715093738,2715093738
2025-06-18 23:56:50,REAL,2715093738,485,2715094223,2715094223
2025-06-18 23:56:52,REAL,2715094223,547,2715094770,2715094770
2025-06-18 23:56:54,REAL,2715094770,546,2715095316,2715095316
2025-06-18 23:56:56,REAL,2715095316,485,2715095801,2715095801
2025-06-18 23:56:58,REAL,2715095801,481,2715096282,2715096282
2025-06-18 23:57:00,REAL,2715096282,481,2715096763,2715096763
2025-06-18 23:57:02,REAL,2715096763,484,2715097247,2715097247
2025-06-18 23:57:04,REAL,2715097247,478,2715097725,2715097725
2025-06-18 23:57:06,REAL,2715097725,478,2715098203,2715098203
2025-06-18 23:57:08,REAL,2715098203,490,2715098693,2715098693
2025-06-18 23:57:10,REAL,2715098693,487,2715099180,2715099180
2025-06-18 23:57:12,REAL,2715099180,479,2715099659,2715099659
2025-06-18 23:57:14,REAL,2715099659,476,2715100135,2715100135
2025-06-18 23:57:16,REAL,2715100135,480,2715100615,2715100615
2025-06-18 23:57:18,REAL,2715100615,491,2715101106,2715101106
2025-06-18 23:57:20,REAL,2715101106,481,2715101587,2715101587
2025-06-18 23:57:22,REAL,2715101587,478,2715102065,2715102065
2025-06-18 23:57:24,REAL,2715102065,484,2715102549,2715102549
2025-06-18 23:57:26,REAL,2715102549,532,2715103081,2715103081
2025-06-18 23:57:28,REAL,2715103081,547,2715103628,2715103628
2025-06-18 23:57:30,REAL,2715103628,478,2715104106,2715104106
2025-06-18 23:57:32,REAL,2715104106,484,2715104590,2715104590
2025-06-18 23:57:34,REAL,2715104590,484,2715105074,2715105074
2025-06-18 23:57:36,REAL,2715105074,477,2715105551,2715105551
2025-06-18 23:57:38,REAL,2715105551,486,2715106037,2715106037
2025-06-18 23:57:40,REAL,2715106037,486,2715106523,2715106523
2025-06-18 23:57:42,REAL,2715106523,484,2715107007,2715107007
2025-06-18 23:57:44,REAL,2715107007,492,2715107499,2715107499
2025-06-18 23:57:46,REAL,2715107499,487,2715107986,2715107986
2025-06-18 23:57:48,REAL,2715107986,491,2715108477,2715108477
2025-06-18 23:57:50,REAL,2715108477,544,2715109021,2715109021
2025-06-18 23:57:52,REAL,2715109021,479,2715109500,2715109500
2025-06-18 23:57:54,REAL,2715109500,492,2715109992,2715109992
2025-06-18 23:57:56,REAL,2715109992,484,2715110476,2715110476
2025-06-18 23:57:58,REAL,2715110476,492,2715110968,2715110968
2025-06-18 23:58:00,REAL,2715110968,544,2715111512,2715111512
2025-06-18 23:58:02,REAL,2715111512,481,2715111993,2715111993
2025-06-18 23:58:04,REAL,2715111993,491,2715112484,2715112484
2025-06-18 23:58:06,REAL,2715112484,478,2715112962,2715112962
2025-06-18 23:58:08,REAL,2715112962,479,2715113441,2715113441
2025-06-18 23:58:10,REAL,2715113441,485,2715113926,2715113926
2025-06-18 23:58:12,REAL,2715113926,535,2715114461,2715114461
2025-06-18 23:58:14,REAL,2715114461,480,2715114941,2715114941
2025-06-18 23:58:16,REAL,2715114941,480,2715115421,2715115421
2025-06-18 23:58:18,REAL,2715115421,483,2715115904,2715115904
2025-06-18 23:58:20,REAL,2715115904,484,2715116388,2715116388
2025-06-18 23:58:22,REAL,2715116388,484,2715116872,2715116872
2025-06-18 23:58:24,REAL,2715116872,493,2715117365,2715117365
2025-06-18 23:58:26,REAL,2715117365,489,2715117854,2715117854
2025-06-18 23:58:28,REAL,2715117854,481,2715118335,2715118335
2025-06-18 23:58:30,REAL,2715118335,484,2715118819,2715118819
2025-06-18 23:58:32,REAL,2715118819,538,2715119357,2715119357
2025-06-18 23:58:34,REAL,2715119357,486,2715119843,2715119843
2025-06-18 23:58:36,REAL,2715119843,3318,2715123161,2715123161
2025-06-18 23:58:38,REAL,2715123161,12106,2715135267,2715135267
2025-06-18 23:58:40,REAL,2715135267,10252,2715145519,2715145519
2025-06-18 23:58:42,REAL,2715145519,10251,2715155770,2715155770
2025-06-18 23:58:44,REAL,2715155770,10253,2715166023,2715166023
2025-06-18 23:58:46,REAL,2715166023,10250,2715176273,2715176273
2025-06-18 23:58:48,REAL,2715176273,10261,2715186534,2715186534
2025-06-18 23:58:50,REAL,2715186534,10253,2715196787,2715196787
2025-06-18 23:58:52,REAL,2715196787,2669,2715199456,2715199456
2025-06-18 23:58:54,REAL,2715199456,483,2715199939,2715199939
2025-06-18 23:58:56,REAL,2715199939,491,2715200430,2715200430
2025-06-18 23:58:58,REAL,2715200430,539,2715200969,2715200969
2025-06-18 23:59:00,REAL,2715200969,484,2715201453,2715201453
2025-06-18 23:59:02,REAL,2715201453,478,2715201931,2715201931
2025-06-18 23:59:04,REAL,2715201931,542,2715202473,2715202473
2025-06-18 23:59:06,REAL,2715202473,485,2715202958,2715202958
2025-06-18 23:59:08,REAL,2715202958,484,2715203442,2715203442
2025-06-18 23:59:10,REAL,2715203442,475,2715203917,2715203917
2025-06-18 23:59:12,REAL,2715203917,481,2715204398,2715204398
2025-06-18 23:59:14,REAL,2715204398,485,2715204883,2715204883
2025-06-18 23:59:16,REAL,2715204883,483,2715205366,2715205366
2025-06-18 23:59:18,REAL,2715205366,487,2715205853,2715205853
2025-06-18 23:59:20,REAL,2715205853,485,2715206338,2715206338
2025-06-18 23:59:22,REAL,2715206338,544,2715206882,2715206882
2025-06-18 23:59:24,REAL,2715206882,489,2715207371,2715207371
2025-06-18 23:59:26,REAL,2715207371,487,2715207858,2715207858
2025-06-18 23:59:28,REAL,2715207858,486,2715208344,2715208344
2025-06-18 23:59:30,REAL,2715208344,492,2715208836,2715208836
2025-06-18 23:59:32,REAL,2715208836,492,2715209328,2715209328
2025-06-18 23:59:34,REAL,2715209328,481,2715209809,2715209809
2025-06-18 23:59:36,REAL,2715209809,485,2715210294,2715210294
2025-06-18 23:59:38,REAL,2715210294,485,2715210779,2715210779
2025-06-18 23:59:40,REAL,2715210779,487,2715211266,2715211266
2025-06-18 23:59:42,REAL,2715211266,483,2715211749,2715211749
2025-06-18 23:59:44,REAL,2715211749,536,2715212285,2715212285
2025-06-18 23:59:46,REAL,2715212285,13956,2715226241,2715226241
2025-06-18 23:59:48,REAL,2715226241,10247,2715236488,2715236488
2025-06-18 23:59:50,REAL,2715236488,10303,2715246791,2715246791
2025-06-18 23:59:52,REAL,2715246791,10253,2715257044,2715257044
2025-06-18 23:59:54,REAL,2715257044,10246,2715267290,2715267290
2025-06-18 23:59:56,REAL,2715267290,10320,2715277610,2715277610
2025-06-18 23:59:58,REAL,2715277610,10256,2715287866,2715287866
2025-06-19 00:00:00,REAL,2715287866,6301,2715294167,2715294167
2025-06-19 00:00:02,REAL,2715294167,484,2715294651,2715294651
2025-06-19 00:00:04,REAL,2715294651,477,2715295128,2715295128
2025-06-19 00:00:06,REAL,2715295128,493,2715295621,2715295621
2025-06-19 00:00:08,REAL,2715295621,544,2715296165,2715296165
2025-06-19 00:00:10,REAL,2715296165,480,2715296645,2715296645
2025-06-19 00:00:12,REAL,2715296645,487,2715297132,2715297132
2025-06-19 00:00:14,REAL,2715297132,489,2715297621,2715297621
2025-06-19 00:00:16,REAL,2715297621,486,2715298107,2715298107
2025-06-19 00:00:18,REAL,2715298107,483,2715298590,2715298590
2025-06-19 00:00:20,REAL,2715298590,491,2715299081,2715299081
2025-06-19 00:00:22,REAL,2715299081,5840,2715304921,2715304921
2025-06-19 00:00:24,REAL,2715304921,11044,2715315965,2715315965
2025-06-19 00:00:26,REAL,2715315965,10315,2715326280,2715326280
2025-06-19 00:00:28,REAL,2715326280,10248,2715336528,2715336528
2025-06-19 00:00:30,REAL,2715336528,10316,2715346844,2715346844
2025-06-19 00:00:32,REAL,2715346844,10315,2715357159,2715357159
2025-06-19 00:00:34,REAL,2715357159,10305,2715367464,2715367464
2025-06-19 00:00:36,REAL,2715367464,10312,2715377776,2715377776
2025-06-19 00:00:38,REAL,2715377776,751,2715378527,2715378527
2025-06-19 00:00:40,REAL,2715378527,482,2715379009,2715379009
2025-06-19 00:00:42,REAL,2715379009,478,2715379487,2715379487
2025-06-19 00:00:44,REAL,2715379487,539,2715380026,2715380026
2025-06-19 00:00:46,REAL,2715380026,490,2715380516,2715380516
2025-06-19 00:00:48,REAL,2715380516,485,2715381001,2715381001
2025-06-19 00:00:50,REAL,2715381001,483,2715381484,2715381484
2025-06-19 00:00:52,REAL,2715381484,489,2715381973,2715381973
2025-06-19 00:00:54,REAL,2715381973,492,2715382465,2715382465
2025-06-19 00:00:56,REAL,2715382465,478,2715382943,2715382943
2025-06-19 00:00:58,REAL,2715382943,484,2715383427,2715383427
2025-06-19 00:01:00,REAL,2715383427,481,2715383908,2715383908
2025-06-19 00:01:02,REAL,2715383908,480,2715384388,2715384388
2025-06-19 00:01:04,REAL,2715384388,481,2715384869,2715384869
2025-06-19 00:01:06,REAL,2715384869,540,2715385409,2715385409
2025-06-19 00:01:08,REAL,2715385409,489,2715385898,2715385898
2025-06-19 00:01:10,REAL,2715385898,486,2715386384,2715386384
2025-06-19 00:01:12,REAL,2715386384,489,2715386873,2715386873
2025-06-19 00:01:14,REAL,2715386873,487,2715387360,2715387360
2025-06-19 00:01:16,REAL,2715387360,478,2715387838,2715387838
2025-06-19 00:01:18,REAL,2715387838,484,2715388322,2715388322
2025-06-19 00:01:20,REAL,2715388322,539,2715388861,2715388861
2025-06-19 00:01:22,REAL,2715388861,483,2715389344,2715389344
2025-06-19 00:01:24,REAL,2715389344,493,2715389837,2715389837
2025-06-19 00:01:26,REAL,2715389837,8609,2715398446,2715398446
2025-06-19 00:01:28,REAL,2715398446,12370,2715410816,2715410816
2025-06-19 00:01:30,REAL,2715410816,10322,2715421138,2715421138
2025-06-19 00:01:32,REAL,2715421138,10253,2715431391,2715431391
2025-06-19 00:01:34,REAL,2715431391,10318,2715441709,2715441709
2025-06-19 00:01:36,REAL,2715441709,10321,2715452030,2715452030
2025-06-19 00:01:38,REAL,2715452030,10245,2715462275,2715462275
2025-06-19 00:01:40,REAL,2715462275,9257,2715471532,2715471532
2025-06-19 00:01:42,REAL,2715471532,490,2715472022,2715472022
2025-06-19 00:01:44,REAL,2715472022,488,2715472510,2715472510
2025-06-19 00:01:46,REAL,2715472510,490,2715473000,2715473000
2025-06-19 00:01:48,REAL,2715473000,541,2715473541,2715473541
2025-06-19 00:01:50,REAL,2715473541,494,2715474035,2715474035
2025-06-19 00:01:52,REAL,2715474035,480,2715474515,2715474515
2025-06-19 00:01:54,REAL,2715474515,480,2715474995,2715474995
2025-06-19 00:01:56,REAL,2715474995,488,2715475483,2715475483
2025-06-19 00:01:58,REAL,2715475483,8144,2715483627,2715483627
2025-06-19 00:02:00,REAL,2715483627,10653,2715494280,2715494280
2025-06-19 00:02:02,REAL,2715494280,10258,2715504538,2715504538
2025-06-19 00:02:04,REAL,2715504538,10308,2715514846,2715514846
2025-06-19 00:02:06,REAL,2715514846,10328,2715525174,2715525174
2025-06-19 00:02:08,REAL,2715525174,10249,2715535423,2715535423
2025-06-19 00:02:10,REAL,2715535423,10247,2715545670,2715545670
2025-06-19 00:02:12,REAL,2715545670,8601,2715554271,2715554271
2025-06-19 00:02:14,REAL,2715554271,481,2715554752,2715554752
2025-06-19 00:02:16,REAL,2715554752,486,2715555238,2715555238
2025-06-19 00:02:18,REAL,2715555238,480,2715555718,2715555718
2025-06-19 00:02:20,REAL,2715555718,481,2715556199,2715556199
2025-06-19 00:02:22,REAL,2715556199,494,2715556693,2715556693
2025-06-19 00:02:24,REAL,2715556693,490,2715557183,2715557183
2025-06-19 00:02:26,REAL,2715557183,490,2715557673,2715557673
2025-06-19 00:02:28,REAL,2715557673,484,2715558157,2715558157
2025-06-19 00:02:30,REAL,2715558157,490,2715558647,2715558647
2025-06-19 00:02:32,REAL,2715558647,481,2715559128,2715559128
2025-06-19 00:02:34,REAL,2715559128,481,2715559609,2715559609
2025-06-19 00:02:36,REAL,2715559609,485,2715560094,2715560094
2025-06-19 00:02:38,REAL,2715560094,491,2715560585,2715560585
2025-06-19 00:02:40,REAL,2715560585,537,2715561122,2715561122
2025-06-19 00:02:42,REAL,2715561122,482,2715561604,2715561604
2025-06-19 00:02:44,REAL,2715561604,485,2715562089,2715562089
2025-06-19 00:02:46,REAL,2715562089,484,2715562573,2715562573
2025-06-19 00:02:48,REAL,2715562573,488,2715563061,2715563061
2025-06-19 00:02:50,REAL,2715563061,544,2715563605,2715563605
2025-06-19 00:02:52,REAL,2715563605,478,2715564083,2715564083
2025-06-19 00:02:54,REAL,2715564083,482,2715564565,2715564565
2025-06-19 00:02:56,REAL,2715564565,485,2715565050,2715565050
2025-06-19 00:02:58,REAL,2715565050,489,2715565539,2715565539
2025-06-19 00:03:00,REAL,2715565539,484,2715566023,2715566023
2025-06-19 00:03:02,REAL,2715566023,476,2715566499,2715566499
2025-06-19 00:03:04,REAL,2715566499,482,2715566981,2715566981
2025-06-19 00:03:06,REAL,2715566981,488,2715567469,2715567469
2025-06-19 00:03:08,REAL,2715567469,478,2715567947,2715567947
2025-06-19 00:03:10,REAL,2715567947,483,2715568430,2715568430
2025-06-19 00:03:12,REAL,2715568430,490,2715568920,2715568920
2025-06-19 00:03:14,REAL,2715568920,484,2715569404,2715569404
2025-06-19 00:03:16,REAL,2715569404,493,2715569897,2715569897
2025-06-19 00:03:18,REAL,2715569897,12440,2715582337,2715582337
2025-06-19 00:03:20,REAL,2715582337,11118,2715593455,2715593455
2025-06-19 00:03:22,REAL,2715593455,10260,2715603715,2715603715
2025-06-19 00:03:24,REAL,2715603715,10252,2715613967,2715613967
2025-06-19 00:03:26,REAL,2715613967,10256,2715624223,2715624223
2025-06-19 00:03:28,REAL,2715624223,10249,2715634472,2715634472
2025-06-19 00:03:30,REAL,2715634472,10260,2715644732,2715644732
2025-06-19 00:03:32,REAL,2715644732,7081,2715651813,2715651813
2025-06-19 00:03:34,REAL,2715651813,539,2715652352,2715652352
2025-06-19 00:03:36,REAL,2715652352,493,2715652845,2715652845
2025-06-19 00:03:38,REAL,2715652845,486,2715653331,2715653331
2025-06-19 00:03:40,REAL,2715653331,489,2715653820,2715653820
2025-06-19 00:03:42,REAL,2715653820,488,2715654308,2715654308
2025-06-19 00:03:44,REAL,2715654308,479,2715654787,2715654787
2025-06-19 00:03:46,REAL,2715654787,486,2715655273,2715655273
2025-06-19 00:03:48,REAL,2715655273,487,2715655760,2715655760
2025-06-19 00:03:50,REAL,2715655760,480,2715656240,2715656240
2025-06-19 00:03:52,REAL,2715656240,486,2715656726,2715656726
2025-06-19 00:03:54,REAL,2715656726,487,2715657213,2715657213
2025-06-19 00:03:56,REAL,2715657213,481,2715657694,2715657694
2025-06-19 00:03:58,REAL,2715657694,493,2715658187,2715658187
2025-06-19 00:04:00,REAL,2715658187,540,2715658727,2715658727
2025-06-19 00:04:02,REAL,2715658727,483,2715659210,2715659210
2025-06-19 00:04:04,REAL,2715659210,480,2715659690,2715659690
2025-06-19 00:04:06,REAL,2715659690,492,2715660182,2715660182
2025-06-19 00:04:08,REAL,2715660182,487,2715660669,2715660669
2025-06-19 00:04:10,REAL,2715660669,480,2715661149,2715661149
2025-06-19 00:04:12,REAL,2715661149,481,2715661630,2715661630
2025-06-19 00:04:14,REAL,2715661630,492,2715662122,2715662122
2025-06-19 00:04:16,REAL,2715662122,486,2715662608,2715662608
2025-06-19 00:04:18,REAL,2715662608,485,2715663093,2715663093
2025-06-19 00:04:20,REAL,2715663093,539,2715663632,2715663632
2025-06-19 00:04:22,REAL,2715663632,477,2715664109,2715664109
2025-06-19 00:04:24,REAL,2715664109,484,2715664593,2715664593
2025-06-19 00:04:26,REAL,2715664593,487,2715665080,2715665080
2025-06-19 00:04:28,REAL,2715665080,482,2715665562,2715665562
2025-06-19 00:04:30,REAL,2715665562,485,2715666047,2715666047
2025-06-19 00:04:32,REAL,2715666047,482,2715666529,2715666529
2025-06-19 00:04:34,REAL,2715666529,491,2715667020,2715667020
2025-06-19 00:04:36,REAL,2715667020,493,2715667513,2715667513
2025-06-19 00:04:38,REAL,2715667513,482,2715667995,2715667995
2025-06-19 00:04:40,REAL,2715667995,484,2715668479,2715668479
2025-06-19 00:04:42,REAL,2715668479,485,2715668964,2715668964
2025-06-19 00:04:44,REAL,2715668964,534,2715669498,2715669498
2025-06-19 00:04:46,REAL,2715669498,486,2715669984,2715669984
2025-06-19 00:04:48,REAL,2715669984,483,2715670467,2715670467
2025-06-19 00:04:50,REAL,2715670467,482,2715670949,2715670949
2025-06-19 00:04:52,REAL,2715670949,486,2715671435,2715671435
2025-06-19 00:04:54,REAL,2715671435,482,2715671917,2715671917
2025-06-19 00:04:56,REAL,2715671917,480,2715672397,2715672397
2025-06-19 00:04:58,REAL,2715672397,490,2715672887,2715672887
2025-06-19 00:05:00,REAL,2715672887,487,2715673374,2715673374
2025-06-19 00:05:02,REAL,2715673374,483,2715673857,2715673857
2025-06-19 00:05:04,REAL,2715673857,536,2715674393,2715674393
2025-06-19 00:05:06,REAL,2715674393,477,2715674870,2715674870
2025-06-19 00:05:08,REAL,2715674870,695,2715675565,2715675565
2025-06-19 00:05:10,REAL,2715675565,14943,2715690508,2715690508
2025-06-19 00:05:12,REAL,2715690508,10319,2715700827,2715700827
2025-06-19 00:05:14,REAL,2715700827,10248,2715711075,2715711075
2025-06-19 00:05:16,REAL,2715711075,10245,2715721320,2715721320
2025-06-19 00:05:18,REAL,2715721320,10326,2715731646,2715731646
2025-06-19 00:05:20,REAL,2715731646,10255,2715741901,2715741901
2025-06-19 00:05:22,REAL,2715741901,10256,2715752157,2715752157
2025-06-19 00:05:24,REAL,2715752157,4896,2715757053,2715757053
2025-06-19 00:05:26,REAL,2715757053,478,2715757531,2715757531
2025-06-19 00:05:28,REAL,2715757531,490,2715758021,2715758021
2025-06-19 00:05:30,REAL,2715758021,484,2715758505,2715758505
2025-06-19 00:05:32,REAL,2715758505,491,2715758996,2715758996
2025-06-19 00:05:34,REAL,2715758996,486,2715759482,2715759482
2025-06-19 00:05:36,REAL,2715759482,487,2715759969,2715759969
2025-06-19 00:05:38,REAL,2715759969,480,2715760449,2715760449
2025-06-19 00:05:40,REAL,2715760449,488,2715760937,2715760937
2025-06-19 00:05:42,REAL,2715760937,489,2715761426,2715761426
2025-06-19 00:05:44,REAL,2715761426,531,2715761957,2715761957
2025-06-19 00:05:46,REAL,2715761957,482,2715762439,2715762439
2025-06-19 00:05:48,REAL,2715762439,494,2715762933,2715762933
2025-06-19 00:05:50,REAL,2715762933,488,2715763421,2715763421
2025-06-19 00:05:52,REAL,2715763421,546,2715763967,2715763967
2025-06-19 00:05:54,REAL,2715763967,483,2715764450,2715764450
2025-06-19 00:05:56,REAL,2715764450,479,2715764929,2715764929
2025-06-19 00:05:58,REAL,2715764929,487,2715765416,2715765416
2025-06-19 00:06:00,REAL,2715765416,487,2715765903,2715765903
2025-06-19 00:06:02,REAL,2715765903,487,2715766390,2715766390
2025-06-19 00:06:04,REAL,2715766390,491,2715766881,2715766881
2025-06-19 00:06:06,REAL,2715766881,485,2715767366,2715767366
2025-06-19 00:06:08,REAL,2715767366,482,2715767848,2715767848
2025-06-19 00:06:10,REAL,2715767848,480,2715768328,2715768328
2025-06-19 00:06:12,REAL,2715768328,486,2715768814,2715768814
2025-06-19 00:06:14,REAL,2715768814,486,2715769300,2715769300
2025-06-19 00:06:16,REAL,2715769300,490,2715769790,2715769790
2025-06-19 00:06:18,REAL,2715769790,487,2715770277,2715770277
2025-06-19 00:06:20,REAL,2715770277,486,2715770763,2715770763
2025-06-19 00:06:22,REAL,2715770763,483,2715771246,2715771246
2025-06-19 00:06:24,REAL,2715771246,538,2715771784,2715771784
2025-06-19 00:06:26,REAL,2715771784,477,2715772261,2715772261
2025-06-19 00:06:28,REAL,2715772261,482,2715772743,2715772743
2025-06-19 00:06:30,REAL,2715772743,476,2715773219,2715773219
2025-06-19 00:06:32,REAL,2715773219,482,2715773701,2715773701
2025-06-19 00:06:34,REAL,2715773701,484,2715774185,2715774185
2025-06-19 00:06:36,REAL,2715774185,488,2715774673,2715774673
2025-06-19 00:06:38,REAL,2715774673,540,2715775213,2715775213
2025-06-19 00:06:40,REAL,2715775213,490,2715775703,2715775703
2025-06-19 00:06:42,REAL,2715775703,489,2715776192,2715776192
2025-06-19 00:06:44,REAL,2715776192,483,2715776675,2715776675
2025-06-19 00:06:46,REAL,2715776675,492,2715777167,2715777167
2025-06-19 00:06:48,REAL,2715777167,485,2715777652,2715777652
2025-06-19 00:06:50,REAL,2715777652,482,2715778134,2715778134
2025-06-19 00:06:52,REAL,2715778134,489,2715778623,2715778623
2025-06-19 00:06:54,REAL,2715778623,484,2715779107,2715779107
2025-06-19 00:06:56,REAL,2715779107,475,2715779582,2715779582
2025-06-19 00:06:58,REAL,2715779582,484,2715780066,2715780066
2025-06-19 00:07:00,REAL,2715780066,493,2715780559,2715780559
2025-06-19 00:07:02,REAL,2715780559,533,2715781092,2715781092
2025-06-19 00:07:04,REAL,2715781092,475,2715781567,2715781567
2025-06-19 00:07:06,REAL,2715781567,477,2715782044,2715782044
2025-06-19 00:07:08,REAL,2715782044,482,2715782526,2715782526
2025-06-19 00:07:10,REAL,2715782526,482,2715783008,2715783008
2025-06-19 00:07:12,REAL,2715783008,479,2715783487,2715783487
2025-06-19 00:07:14,REAL,2715783487,488,2715783975,2715783975
2025-06-19 00:07:16,REAL,2715783975,475,2715784450,2715784450
2025-06-19 00:07:18,REAL,2715784450,479,2715784929,2715784929
2025-06-19 00:07:20,REAL,2715784929,488,2715785417,2715785417
2025-06-19 00:07:22,REAL,2715785417,546,2715785963,2715785963
2025-06-19 00:07:24,REAL,2715785963,487,2715786450,2715786450
2025-06-19 00:07:26,REAL,2715786450,484,2715786934,2715786934
2025-06-19 00:07:28,REAL,2715786934,486,2715787420,2715787420
2025-06-19 00:07:30,REAL,2715787420,488,2715787908,2715787908
2025-06-19 00:07:32,REAL,2715787908,488,2715788396,2715788396
2025-06-19 00:07:34,REAL,2715788396,478,2715788874,2715788874
2025-06-19 00:07:36,REAL,2715788874,485,2715789359,2715789359
2025-06-19 00:07:38,REAL,2715789359,13170,2715802529,2715802529
2025-06-19 00:07:40,REAL,2715802529,11039,2715813568,2715813568
2025-06-19 00:07:42,REAL,2715813568,10370,2715823938,2715823938
2025-06-19 00:07:44,REAL,2715823938,10255,2715834193,2715834193
2025-06-19 00:07:46,REAL,2715834193,10318,2715844511,2715844511
2025-06-19 00:07:48,REAL,2715844511,10252,2715854763,2715854763
2025-06-19 00:07:50,REAL,2715854763,10012,2715864775,2715864775
2025-06-19 00:07:52,REAL,2715864775,6944,2715871719,2715871719
2025-06-19 00:07:54,REAL,2715871719,490,2715872209,2715872209
2025-06-19 00:07:56,REAL,2715872209,487,2715872696,2715872696
2025-06-19 00:07:58,REAL,2715872696,478,2715873174,2715873174
2025-06-19 00:08:00,REAL,2715873174,482,2715873656,2715873656
2025-06-19 00:08:02,REAL,2715873656,482,2715874138,2715874138
2025-06-19 00:08:04,REAL,2715874138,483,2715874621,2715874621
2025-06-19 00:08:06,REAL,2715874621,485,2715875106,2715875106
2025-06-19 00:08:08,REAL,2715875106,486,2715875592,2715875592
2025-06-19 00:08:10,REAL,2715875592,538,2715876130,2715876130
2025-06-19 00:08:12,REAL,2715876130,481,2715876611,2715876611
2025-06-19 00:08:14,REAL,2715876611,490,2715877101,2715877101
2025-06-19 00:08:16,REAL,2715877101,482,2715877583,2715877583
2025-06-19 00:08:18,REAL,2715877583,492,2715878075,2715878075
2025-06-19 00:08:20,REAL,2715878075,542,2715878617,2715878617
2025-06-19 00:08:22,REAL,2715878617,489,2715879106,2715879106
2025-06-19 00:08:24,REAL,2715879106,482,2715879588,2715879588
2025-06-19 00:08:26,REAL,2715879588,478,2715880066,2715880066
2025-06-19 00:08:28,REAL,2715880066,484,2715880550,2715880550
2025-06-19 00:08:30,REAL,2715880550,489,2715881039,2715881039
2025-06-19 00:08:32,REAL,2715881039,478,2715881517,2715881517
2025-06-19 00:08:34,REAL,2715881517,478,2715881995,2715881995
2025-06-19 00:08:36,REAL,2715881995,493,2715882488,2715882488
2025-06-19 00:08:38,REAL,2715882488,488,2715882976,2715882976
2025-06-19 00:08:40,REAL,2715882976,486,2715883462,2715883462
2025-06-19 00:08:42,REAL,2715883462,489,2715883951,2715883951
2025-06-19 00:08:44,REAL,2715883951,539,2715884490,2715884490
2025-06-19 00:08:46,REAL,2715884490,491,2715884981,2715884981
2025-06-19 00:08:48,REAL,2715884981,481,2715885462,2715885462
2025-06-19 00:08:50,REAL,2715885462,477,2715885939,2715885939
2025-06-19 00:08:52,REAL,2715885939,482,2715886421,2715886421
2025-06-19 00:08:54,REAL,2715886421,476,2715886897,2715886897
2025-06-19 00:08:56,REAL,2715886897,487,2715887384,2715887384
2025-06-19 00:08:58,REAL,2715887384,538,2715887922,2715887922
2025-06-19 00:09:00,REAL,2715887922,481,2715888403,2715888403
2025-06-19 00:09:02,REAL,2715888403,491,2715888894,2715888894
2025-06-19 00:09:04,REAL,2715888894,485,2715889379,2715889379
2025-06-19 00:09:06,REAL,2715889379,481,2715889860,2715889860
2025-06-19 00:09:08,REAL,2715889860,484,2715890344,2715890344
2025-06-19 00:09:10,REAL,2715890344,479,2715890823,2715890823
2025-06-19 00:09:12,REAL,2715890823,483,2715891306,2715891306
2025-06-19 00:09:14,REAL,2715891306,477,2715891783,2715891783
2025-06-19 00:09:16,REAL,2715891783,532,2715892315,2715892315
2025-06-19 00:09:18,REAL,2715892315,482,2715892797,2715892797
2025-06-19 00:09:20,REAL,2715892797,482,2715893279,2715893279
2025-06-19 00:09:22,REAL,2715893279,485,2715893764,2715893764
2025-06-19 00:09:24,REAL,2715893764,482,2715894246,2715894246
2025-06-19 00:09:26,REAL,2715894246,479,2715894725,2715894725
2025-06-19 00:09:28,REAL,2715894725,477,2715895202,2715895202
2025-06-19 00:09:30,REAL,2715895202,476,2715895678,2715895678
2025-06-19 00:09:32,REAL,2715895678,486,2715896164,2715896164
2025-06-19 00:09:34,REAL,2715896164,485,2715896649,2715896649
2025-06-19 00:09:36,REAL,2715896649,541,2715897190,2715897190
2025-06-19 00:09:38,REAL,2715897190,489,2715897679,2715897679
2025-06-19 00:09:40,REAL,2715897679,487,2715898166,2715898166
2025-06-19 00:09:42,REAL,2715898166,485,2715898651,2715898651
2025-06-19 00:09:44,REAL,2715898651,484,2715899135,2715899135
2025-06-19 00:09:46,REAL,2715899135,490,2715899625,2715899625
2025-06-19 00:09:48,REAL,2715899625,487,2715900112,2715900112
2025-06-19 00:09:50,REAL,2715900112,533,2715900645,2715900645
2025-06-19 00:09:52,REAL,2715900645,489,2715901134,2715901134
2025-06-19 00:09:54,REAL,2715901134,485,2715901619,2715901619
2025-06-19 00:09:56,REAL,2715901619,491,2715902110,2715902110
2025-06-19 00:09:58,REAL,2715902110,476,2715902586,2715902586
2025-06-19 00:10:00,REAL,2715902586,480,2715903066,2715903066
2025-06-19 00:10:02,REAL,2715903066,481,2715903547,2715903547
2025-06-19 00:10:04,REAL,2715903547,490,2715904037,2715904037
2025-06-19 00:10:06,REAL,2715904037,483,2715904520,2715904520
2025-06-19 00:10:08,REAL,2715904520,542,2715905062,2715905062
2025-06-19 00:10:10,REAL,2715905062,485,2715905547,2715905547
2025-06-19 00:10:12,REAL,2715905547,484,2715906031,2715906031
2025-06-19 00:10:14,REAL,2715906031,492,2715906523,2715906523
2025-06-19 00:10:16,REAL,2715906523,2334,2715908857,2715908857
2025-06-19 00:10:18,REAL,2715908857,15201,2715924058,2715924058
2025-06-19 00:10:20,REAL,2715924058,10256,2715934314,2715934314
2025-06-19 00:10:22,REAL,2715934314,10312,2715944626,2715944626
2025-06-19 00:10:24,REAL,2715944626,10252,2715954878,2715954878
2025-06-19 00:10:26,REAL,2715954878,10318,2715965196,2715965196
2025-06-19 00:10:28,REAL,2715965196,10259,2715975455,2715975455
2025-06-19 00:10:30,REAL,2715975455,10262,2715985717,2715985717
2025-06-19 00:10:32,REAL,2715985717,3777,2715989494,2715989494
2025-06-19 00:10:34,REAL,2715989494,489,2715989983,2715989983
2025-06-19 00:10:36,REAL,2715989983,480,2715990463,2715990463
2025-06-19 00:10:38,REAL,2715990463,485,2715990948,2715990948
2025-06-19 00:10:40,REAL,2715990948,477,2715991425,2715991425
2025-06-19 00:10:42,REAL,2715991425,789,2715992214,2715992214
2025-06-19 00:10:44,REAL,2715992214,247,2715992461,2715992461
2025-06-19 00:10:46,REAL,2715992461,487,2715992948,2715992948
2025-06-19 00:10:48,REAL,2715992948,486,2715993434,2715993434
2025-06-19 00:10:50,REAL,2715993434,546,2715993980,2715993980
2025-06-19 00:10:52,REAL,2715993980,481,2715994461,2715994461
2025-06-19 00:10:54,REAL,2715994461,481,2715994942,2715994942
2025-06-19 00:10:56,REAL,2715994942,475,2715995417,2715995417
2025-06-19 00:10:58,REAL,2715995417,481,2715995898,2715995898
2025-06-19 00:11:00,REAL,2715995898,481,2715996379,2715996379
2025-06-19 00:11:02,REAL,2715996379,486,2715996865,2715996865
2025-06-19 00:11:04,REAL,2715996865,485,2715997350,2715997350
2025-06-19 00:11:06,REAL,2715997350,484,2715997834,2715997834
2025-06-19 00:11:08,REAL,2715997834,485,2715998319,2715998319
2025-06-19 00:11:10,REAL,2715998319,489,2715998808,2715998808
2025-06-19 00:11:12,REAL,2715998808,491,2715999299,2715999299
2025-06-19 00:11:14,REAL,2715999299,538,2715999837,2715999837
2025-06-19 00:11:16,REAL,2715999837,483,2716000320,2716000320
2025-06-19 00:11:18,REAL,2716000320,488,2716000808,2716000808
2025-06-19 00:11:20,REAL,2716000808,484,2716001292,2716001292
2025-06-19 00:11:22,REAL,2716001292,484,2716001776,2716001776
2025-06-19 00:11:24,REAL,2716001776,607,2716002383,2716002383
2025-06-19 00:11:26,REAL,2716002383,490,2716002873,2716002873
2025-06-19 00:11:28,REAL,2716002873,483,2716003356,2716003356
2025-06-19 00:11:30,REAL,2716003356,480,2716003836,2716003836
2025-06-19 00:11:32,REAL,2716003836,492,2716004328,2716004328
2025-06-19 00:11:34,REAL,2716004328,486,2716004814,2716004814
2025-06-19 00:11:36,REAL,2716004814,480,2716005294,2716005294
2025-06-19 00:11:38,REAL,2716005294,487,2716005781,2716005781
2025-06-19 00:11:40,REAL,2716005781,488,2716006269,2716006269
2025-06-19 00:11:42,REAL,2716006269,479,2716006748,2716006748
2025-06-19 00:11:44,REAL,2716006748,486,2716007234,2716007234
2025-06-19 00:11:46,REAL,2716007234,539,2716007773,2716007773
2025-06-19 00:11:48,REAL,2716007773,483,2716008256,2716008256
2025-06-19 00:11:50,REAL,2716008256,481,2716008737,2716008737
2025-06-19 00:11:52,REAL,2716008737,483,2716009220,2716009220
2025-06-19 00:11:54,REAL,2716009220,489,2716009709,2716009709
2025-06-19 00:11:56,REAL,2716009709,478,2716010187,2716010187
2025-06-19 00:11:58,REAL,2716010187,543,2716010730,2716010730
2025-06-19 00:12:00,REAL,2716010730,480,2716011210,2716011210
2025-06-19 00:12:02,REAL,2716011210,485,2716011695,2716011695
2025-06-19 00:12:04,REAL,2716011695,489,2716012184,2716012184
2025-06-19 00:12:06,REAL,2716012184,492,2716012676,2716012676
2025-06-19 00:12:08,REAL,2716012676,477,2716013153,2716013153
2025-06-19 00:12:10,REAL,2716013153,482,2716013635,2716013635
2025-06-19 00:12:12,REAL,2716013635,488,2716014123,2716014123
2025-06-19 00:12:14,REAL,2716014123,493,2716014616,2716014616
2025-06-19 00:12:16,REAL,2716014616,484,2716015100,2716015100
2025-06-19 00:12:18,REAL,2716015100,479,2716015579,2716015579
2025-06-19 00:12:20,REAL,2716015579,539,2716016118,2716016118
2025-06-19 00:12:22,REAL,2716016118,484,2716016602,2716016602
2025-06-19 00:12:24,REAL,2716016602,478,2716017080,2716017080
2025-06-19 00:12:26,REAL,2716017080,490,2716017570,2716017570
2025-06-19 00:12:28,REAL,2716017570,487,2716018057,2716018057
2025-06-19 00:12:30,REAL,2716018057,483,2716018540,2716018540
2025-06-19 00:12:32,REAL,2716018540,483,2716019023,2716019023
2025-06-19 00:12:34,REAL,2716019023,484,2716019507,2716019507
2025-06-19 00:12:36,REAL,2716019507,540,2716020047,2716020047
2025-06-19 00:12:38,REAL,2716020047,489,2716020536,2716020536
2025-06-19 00:12:40,REAL,2716020536,480,2716021016,2716021016
2025-06-19 00:12:42,REAL,2716021016,483,2716021499,2716021499
2025-06-19 00:12:44,REAL,2716021499,482,2716021981,2716021981
2025-06-19 00:12:46,REAL,2716021981,11707,2716033688,2716033688
2025-06-19 00:12:48,REAL,2716033688,10190,2716043878,2716043878
2025-06-19 00:12:50,REAL,2716043878,10324,2716054202,2716054202
2025-06-19 00:12:52,REAL,2716054202,10306,2716064508,2716064508
2025-06-19 00:12:54,REAL,2716064508,10254,2716074762,2716074762
2025-06-19 00:12:56,REAL,2716074762,10254,2716085016,2716085016
2025-06-19 00:12:58,REAL,2716085016,10256,2716095272,2716095272
2025-06-19 00:13:00,REAL,2716095272,5763,2716101035,2716101035
2025-06-19 00:13:02,REAL,2716101035,481,2716101516,2716101516
2025-06-19 00:13:04,REAL,2716101516,487,2716102003,2716102003
2025-06-19 00:13:06,REAL,2716102003,481,2716102484,2716102484
2025-06-19 00:13:08,REAL,2716102484,487,2716102971,2716102971
2025-06-19 00:13:10,REAL,2716102971,487,2716103458,2716103458
2025-06-19 00:13:12,REAL,2716103458,479,2716103937,2716103937
2025-06-19 00:13:14,REAL,2716103937,477,2716104414,2716104414
2025-06-19 00:13:16,REAL,2716104414,494,2716104908,2716104908
2025-06-19 00:13:18,REAL,2716104908,15803,2716120711,2716120711
2025-06-19 00:13:20,REAL,2716120711,10316,2716131027,2716131027
2025-06-19 00:13:22,REAL,2716131027,10367,2716141394,2716141394
2025-06-19 00:13:24,REAL,2716141394,10233,2716151627,2716151627
2025-06-19 00:13:26,REAL,2716151627,10248,2716161875,2716161875
2025-06-19 00:13:28,REAL,2716161875,10245,2716172120,2716172120
2025-06-19 00:13:30,REAL,2716172120,10255,2716182375,2716182375
2025-06-19 00:13:32,REAL,2716182375,5170,2716187545,2716187545
2025-06-19 00:13:34,REAL,2716187545,481,2716188026,2716188026
2025-06-19 00:13:36,REAL,2716188026,478,2716188504,2716188504
2025-06-19 00:13:38,REAL,2716188504,490,2716188994,2716188994
2025-06-19 00:13:40,REAL,2716188994,480,2716189474,2716189474
2025-06-19 00:13:42,REAL,2716189474,486,2716189960,2716189960
2025-06-19 00:13:44,REAL,2716189960,479,2716190439,2716190439
2025-06-19 00:13:46,REAL,2716190439,484,2716190923,2716190923
2025-06-19 00:13:48,REAL,2716190923,1285,2716192208,2716192208
2025-06-19 00:13:50,REAL,2716192208,11771,2716203979,2716203979
2025-06-19 00:13:52,REAL,2716203979,10257,2716214236,2716214236
2025-06-19 00:13:54,REAL,2716214236,10253,2716224489,2716224489
2025-06-19 00:13:56,REAL,2716224489,10249,2716234738,2716234738
2025-06-19 00:13:58,REAL,2716234738,10301,2716245039,2716245039
2025-06-19 00:14:00,REAL,2716245039,10256,2716255295,2716255295
2025-06-19 00:14:02,REAL,2716255295,10251,2716265546,2716265546
2025-06-19 00:14:04,REAL,2716265546,4574,2716270120,2716270120
2025-06-19 00:14:06,REAL,2716270120,477,2716270597,2716270597
2025-06-19 00:14:08,REAL,2716270597,481,2716271078,2716271078
2025-06-19 00:14:10,REAL,2716271078,483,2716271561,2716271561
2025-06-19 00:14:12,REAL,2716271561,480,2716272041,2716272041
2025-06-19 00:14:14,REAL,2716272041,484,2716272525,2716272525
2025-06-19 00:14:16,REAL,2716272525,484,2716273009,2716273009
2025-06-19 00:14:18,REAL,2716273009,486,2716273495,2716273495
2025-06-19 00:14:20,REAL,2716273495,2206,2716275701,2716275701
2025-06-19 00:14:22,REAL,2716275701,15065,2716290766,2716290766
2025-06-19 00:14:24,REAL,2716290766,10251,2716301017,2716301017
2025-06-19 00:14:26,REAL,2716301017,10317,2716311334,2716311334
2025-06-19 00:14:28,REAL,2716311334,10254,2716321588,2716321588
2025-06-19 00:14:30,REAL,2716321588,10305,2716331893,2716331893
2025-06-19 00:14:32,REAL,2716331893,10249,2716342142,2716342142
2025-06-19 00:14:34,REAL,2716342142,10245,2716352387,2716352387
2025-06-19 00:14:36,REAL,2716352387,3855,2716356242,2716356242
2025-06-19 00:14:38,REAL,2716356242,488,2716356730,2716356730
2025-06-19 00:14:40,REAL,2716356730,485,2716357215,2716357215
2025-06-19 00:14:42,REAL,2716357215,485,2716357700,2716357700
2025-06-19 00:14:44,REAL,2716357700,488,2716358188,2716358188
2025-06-19 00:14:46,REAL,2716358188,478,2716358666,2716358666
2025-06-19 00:14:48,REAL,2716358666,481,2716359147,2716359147
2025-06-19 00:14:50,REAL,2716359147,492,2716359639,2716359639
2025-06-19 00:14:52,REAL,2716359639,487,2716360126,2716360126
2025-06-19 00:14:54,REAL,2716360126,539,2716360665,2716360665
2025-06-19 00:14:56,REAL,2716360665,484,2716361149,2716361149
2025-06-19 00:14:58,REAL,2716361149,538,2716361687,2716361687
2025-06-19 00:15:00,REAL,2716361687,478,2716362165,2716362165
2025-06-19 00:15:02,REAL,2716362165,485,2716362650,2716362650
2025-06-19 00:15:04,REAL,2716362650,480,2716363130,2716363130
2025-06-19 00:15:06,REAL,2716363130,478,2716363608,2716363608
2025-06-19 00:15:08,REAL,2716363608,486,2716364094,2716364094
2025-06-19 00:15:10,REAL,2716364094,487,2716364581,2716364581
2025-06-19 00:15:12,REAL,2716364581,488,2716365069,2716365069
2025-06-19 00:15:14,REAL,2716365069,485,2716365554,2716365554
2025-06-19 00:15:16,REAL,2716365554,483,2716366037,2716366037
2025-06-19 00:15:18,REAL,2716366037,492,2716366529,2716366529
2025-06-19 00:15:20,REAL,2716366529,542,2716367071,2716367071
2025-06-19 00:15:22,REAL,2716367071,485,2716367556,2716367556
2025-06-19 00:15:24,REAL,2716367556,483,2716368039,2716368039
2025-06-19 00:15:26,REAL,2716368039,479,2716368518,2716368518
2025-06-19 00:15:28,REAL,2716368518,486,2716369004,2716369004
2025-06-19 00:15:30,REAL,2716369004,486,2716369490,2716369490
2025-06-19 00:15:32,REAL,2716369490,482,2716369972,2716369972
2025-06-19 00:15:34,REAL,2716369972,482,2716370454,2716370454
2025-06-19 00:15:36,REAL,2716370454,480,2716370934,2716370934
2025-06-19 00:15:38,REAL,2716370934,544,2716371478,2716371478
2025-06-19 00:15:40,REAL,2716371478,4120,2716375598,2716375598
2025-06-19 00:15:42,REAL,2716375598,11511,2716387109,2716387109
2025-06-19 00:15:44,REAL,2716387109,10310,2716397419,2716397419
2025-06-19 00:15:46,REAL,2716397419,10244,2716407663,2716407663
2025-06-19 00:15:48,REAL,2716407663,10253,2716417916,2716417916
2025-06-19 00:15:50,REAL,2716417916,10254,2716428170,2716428170
2025-06-19 00:15:52,REAL,2716428170,10314,2716438484,2716438484
2025-06-19 00:15:54,REAL,2716438484,10261,2716448745,2716448745
2025-06-19 00:15:56,REAL,2716448745,2331,2716451076,2716451076
2025-06-19 00:15:58,REAL,2716451076,481,2716451557,2716451557
2025-06-19 00:16:00,REAL,2716451557,480,2716452037,2716452037
2025-06-19 00:16:02,REAL,2716452037,488,2716452525,2716452525
2025-06-19 00:16:04,REAL,2716452525,492,2716453017,2716453017
2025-06-19 00:16:06,REAL,2716453017,483,2716453500,2716453500
2025-06-19 00:16:08,REAL,2716453500,492,2716453992,2716453992
2025-06-19 00:16:10,REAL,2716453992,546,2716454538,2716454538
2025-06-19 00:16:12,REAL,2716454538,493,2716455031,2716455031
2025-06-19 00:16:14,REAL,2716455031,484,2716455515,2716455515
2025-06-19 00:16:16,REAL,2716455515,493,2716456008,2716456008
2025-06-19 00:16:18,REAL,2716456008,542,2716456550,2716456550
2025-06-19 00:16:20,REAL,2716456550,477,2716457027,2716457027
2025-06-19 00:16:22,REAL,2716457027,493,2716457520,2716457520
2025-06-19 00:16:24,REAL,2716457520,488,2716458008,2716458008
2025-06-19 00:16:26,REAL,2716458008,492,2716458500,2716458500
2025-06-19 00:16:28,REAL,2716458500,485,2716458985,2716458985
2025-06-19 00:16:30,REAL,2716458985,485,2716459470,2716459470
2025-06-19 00:16:32,REAL,2716459470,479,2716459949,2716459949
2025-06-19 00:16:34,REAL,2716459949,479,2716460428,2716460428
2025-06-19 00:16:36,REAL,2716460428,536,2716460964,2716460964
2025-06-19 00:16:38,REAL,2716460964,477,2716461441,2716461441
2025-06-19 00:16:40,REAL,2716461441,486,2716461927,2716461927
2025-06-19 00:16:42,REAL,2716461927,490,2716462417,2716462417
2025-06-19 00:16:44,REAL,2716462417,489,2716462906,2716462906
2025-06-19 00:16:46,REAL,2716462906,481,2716463387,2716463387
2025-06-19 00:16:48,REAL,2716463387,493,2716463880,2716463880
2025-06-19 00:16:50,REAL,2716463880,485,2716464365,2716464365
2025-06-19 00:16:52,REAL,2716464365,479,2716464844,2716464844
2025-06-19 00:16:54,REAL,2716464844,486,2716465330,2716465330
2025-06-19 00:16:56,REAL,2716465330,539,2716465869,2716465869
2025-06-19 00:16:58,REAL,2716465869,487,2716466356,2716466356
2025-06-19 00:17:00,REAL,2716466356,545,2716466901,2716466901
2025-06-19 00:17:02,REAL,2716466901,478,2716467379,2716467379
2025-06-19 00:17:04,REAL,2716467379,484,2716467863,2716467863
2025-06-19 00:17:06,REAL,2716467863,483,2716468346,2716468346
2025-06-19 00:17:08,REAL,2716468346,477,2716468823,2716468823
2025-06-19 00:17:10,REAL,2716468823,492,2716469315,2716469315
2025-06-19 00:17:12,REAL,2716469315,483,2716469798,2716469798
2025-06-19 00:17:14,REAL,2716469798,486,2716470284,2716470284
2025-06-19 00:17:16,REAL,2716470284,490,2716470774,2716470774
2025-06-19 00:17:18,REAL,2716470774,487,2716471261,2716471261
2025-06-19 00:17:20,REAL,2716471261,486,2716471747,2716471747
2025-06-19 00:17:22,REAL,2716471747,476,2716472223,2716472223
2025-06-19 00:17:24,REAL,2716472223,547,2716472770,2716472770
2025-06-19 00:17:26,REAL,2716472770,483,2716473253,2716473253
2025-06-19 00:17:28,REAL,2716473253,488,2716473741,2716473741
2025-06-19 00:17:30,REAL,2716473741,484,2716474225,2716474225
2025-06-19 00:17:32,REAL,2716474225,477,2716474702,2716474702
2025-06-19 00:17:34,REAL,2716474702,487,2716475189,2716475189
2025-06-19 00:17:36,REAL,2716475189,490,2716475679,2716475679
2025-06-19 00:17:38,REAL,2716475679,488,2716476167,2716476167
2025-06-19 00:17:40,REAL,2716476167,484,2716476651,2716476651
2025-06-19 00:17:42,REAL,2716476651,488,2716477139,2716477139
2025-06-19 00:17:44,REAL,2716477139,474,2716477613,2716477613
2025-06-19 00:17:46,REAL,2716477613,534,2716478147,2716478147
2025-06-19 00:17:48,REAL,2716478147,537,2716478684,2716478684
2025-06-19 00:17:50,REAL,2716478684,484,2716479168,2716479168
2025-06-19 00:17:52,REAL,2716479168,479,2716479647,2716479647
2025-06-19 00:17:54,REAL,2716479647,484,2716480131,2716480131
2025-06-19 00:17:56,REAL,2716480131,489,2716480620,2716480620
2025-06-19 00:17:58,REAL,2716480620,491,2716481111,2716481111
2025-06-19 00:18:00,REAL,2716481111,481,2716481592,2716481592
2025-06-19 00:18:02,REAL,2716481592,486,2716482078,2716482078
2025-06-19 00:18:04,REAL,2716482078,480,2716482558,2716482558
2025-06-19 00:18:06,REAL,2716482558,478,2716483036,2716483036
2025-06-19 00:18:08,REAL,2716483036,488,2716483524,2716483524
2025-06-19 00:18:10,REAL,2716483524,485,2716484009,2716484009
2025-06-19 00:18:12,REAL,2716484009,490,2716484499,2716484499
2025-06-19 00:18:14,REAL,2716484499,534,2716485033,2716485033
2025-06-19 00:18:16,REAL,2716485033,481,2716485514,2716485514
2025-06-19 00:18:18,REAL,2716485514,490,2716486004,2716486004
2025-06-19 00:18:20,REAL,2716486004,487,2716486491,2716486491
2025-06-19 00:18:22,REAL,2716486491,474,2716486965,2716486965
2025-06-19 00:18:24,REAL,2716486965,487,2716487452,2716487452
2025-06-19 00:18:26,REAL,2716487452,492,2716487944,2716487944
2025-06-19 00:18:28,REAL,2716487944,478,2716488422,2716488422
2025-06-19 00:18:30,REAL,2716488422,491,2716488913,2716488913
2025-06-19 00:18:32,REAL,2716488913,490,2716489403,2716489403
2025-06-19 00:18:34,REAL,2716489403,482,2716489885,2716489885
2025-06-19 00:18:36,REAL,2716489885,488,2716490373,2716490373
2025-06-19 00:18:38,REAL,2716490373,588,2716490961,2716490961
2025-06-19 00:18:40,REAL,2716490961,485,2716491446,2716491446
2025-06-19 00:18:42,REAL,2716491446,483,2716491929,2716491929
2025-06-19 00:18:44,REAL,2716491929,477,2716492406,2716492406
2025-06-19 00:18:46,REAL,2716492406,474,2716492880,2716492880
2025-06-19 00:18:48,REAL,2716492880,484,2716493364,2716493364
2025-06-19 00:18:50,REAL,2716493364,479,2716493843,2716493843
2025-06-19 00:18:52,REAL,2716493843,487,2716494330,2716494330
2025-06-19 00:18:54,REAL,2716494330,486,2716494816,2716494816
2025-06-19 00:18:56,REAL,2716494816,483,2716495299,2716495299
2025-06-19 00:18:58,REAL,2716495299,490,2716495789,2716495789
2025-06-19 00:19:00,REAL,2716495789,483,2716496272,2716496272
2025-06-19 00:19:02,REAL,2716496272,546,2716496818,2716496818
2025-06-19 00:19:04,REAL,2716496818,484,2716497302,2716497302
2025-06-19 00:19:06,REAL,2716497302,489,2716497791,2716497791
2025-06-19 00:19:08,REAL,2716497791,483,2716498274,2716498274
2025-06-19 00:19:10,REAL,2716498274,489,2716498763,2716498763
2025-06-19 00:19:12,REAL,2716498763,489,2716499252,2716499252
2025-06-19 00:19:14,REAL,2716499252,484,2716499736,2716499736
2025-06-19 00:19:16,REAL,2716499736,486,2716500222,2716500222
2025-06-19 00:19:18,REAL,2716500222,483,2716500705,2716500705
2025-06-19 00:19:20,REAL,2716500705,488,2716501193,2716501193
2025-06-19 00:19:22,REAL,2716501193,484,2716501677,2716501677
2025-06-19 00:19:24,REAL,2716501677,487,2716502164,2716502164
2025-06-19 00:19:26,REAL,2716502164,486,2716502650,2716502650
2025-06-19 00:19:28,REAL,2716502650,590,2716503240,2716503240
2025-06-19 00:19:30,REAL,2716503240,493,2716503733,2716503733
2025-06-19 00:19:32,REAL,2716503733,488,2716504221,2716504221
2025-06-19 00:19:34,REAL,2716504221,485,2716504706,2716504706
2025-06-19 00:19:36,REAL,2716504706,481,2716505187,2716505187
2025-06-19 00:19:38,REAL,2716505187,484,2716505671,2716505671
2025-06-19 00:19:40,REAL,2716505671,491,2716506162,2716506162
2025-06-19 00:19:42,REAL,2716506162,479,2716506641,2716506641
2025-06-19 00:19:44,REAL,2716506641,482,2716507123,2716507123
2025-06-19 00:19:46,REAL,2716507123,489,2716507612,2716507612
2025-06-19 00:19:48,REAL,2716507612,494,2716508106,2716508106
2025-06-19 00:19:50,REAL,2716508106,482,2716508588,2716508588
2025-06-19 00:19:52,REAL,2716508588,477,2716509065,2716509065
2025-06-19 00:19:54,REAL,2716509065,537,2716509602,2716509602
2025-06-19 00:19:56,REAL,2716509602,490,2716510092,2716510092
2025-06-19 00:19:58,REAL,2716510092,483,2716510575,2716510575
2025-06-19 00:20:00,REAL,2716510575,490,2716511065,2716511065
2025-06-19 00:20:02,REAL,2716511065,487,2716511552,2716511552
2025-06-19 00:20:04,REAL,2716511552,488,2716512040,2716512040
2025-06-19 00:20:06,REAL,2716512040,484,2716512524,2716512524
2025-06-19 00:20:08,REAL,2716512524,483,2716513007,2716513007
2025-06-19 00:20:10,REAL,2716513007,484,2716513491,2716513491
2025-06-19 00:20:12,REAL,2716513491,488,2716513979,2716513979
2025-06-19 00:20:14,REAL,2716513979,493,2716514472,2716514472
2025-06-19 00:20:16,REAL,2716514472,493,2716514965,2716514965
2025-06-19 00:20:18,REAL,2716514965,532,2716515497,2716515497
2025-06-19 00:20:20,REAL,2716515497,549,2716516046,2716516046
2025-06-19 00:20:22,REAL,2716516046,10856,2716526902,2716526902
2025-06-19 00:20:24,REAL,2716526902,10387,2716537289,2716537289
2025-06-19 00:20:26,REAL,2716537289,10255,2716547544,2716547544
2025-06-19 00:20:28,REAL,2716547544,10253,2716557797,2716557797
2025-06-19 00:20:30,REAL,2716557797,10256,2716568053,2716568053
2025-06-19 00:20:32,REAL,2716568053,10261,2716578314,2716578314
2025-06-19 00:20:34,REAL,2716578314,10262,2716588576,2716588576
2025-06-19 00:20:36,REAL,2716588576,6887,2716595463,2716595463
2025-06-19 00:20:38,REAL,2716595463,483,2716595946,2716595946
2025-06-19 00:20:40,REAL,2716595946,480,2716596426,2716596426
2025-06-19 00:20:42,REAL,2716596426,548,2716596974,2716596974
2025-06-19 00:20:44,REAL,2716596974,489,2716597463,2716597463
2025-06-19 00:20:46,REAL,2716597463,483,2716597946,2716597946
2025-06-19 00:20:48,REAL,2716597946,484,2716598430,2716598430
2025-06-19 00:20:50,REAL,2716598430,486,2716598916,2716598916
2025-06-19 00:20:52,REAL,2716598916,484,2716599400,2716599400
2025-06-19 00:20:54,REAL,2716599400,488,2716599888,2716599888
2025-06-19 00:20:56,REAL,2716599888,485,2716600373,2716600373
2025-06-19 00:20:58,REAL,2716600373,478,2716600851,2716600851
2025-06-19 00:21:00,REAL,2716600851,488,2716601339,2716601339
2025-06-19 00:21:02,REAL,2716601339,484,2716601823,2716601823
2025-06-19 00:21:04,REAL,2716601823,484,2716602307,2716602307
2025-06-19 00:21:06,REAL,2716602307,475,2716602782,2716602782
2025-06-19 00:21:08,REAL,2716602782,546,2716603328,2716603328
2025-06-19 00:21:10,REAL,2716603328,546,2716603874,2716603874
2025-06-19 00:21:12,REAL,2716603874,485,2716604359,2716604359
2025-06-19 00:21:14,REAL,2716604359,478,2716604837,2716604837
2025-06-19 00:21:16,REAL,2716604837,484,2716605321,2716605321
2025-06-19 00:21:18,REAL,2716605321,491,2716605812,2716605812
2025-06-19 00:21:20,REAL,2716605812,492,2716606304,2716606304
2025-06-19 00:21:22,REAL,2716606304,488,2716606792,2716606792
2025-06-19 00:21:24,REAL,2716606792,480,2716607272,2716607272
2025-06-19 00:21:26,REAL,2716607272,481,2716607753,2716607753
2025-06-19 00:21:28,REAL,2716607753,485,2716608238,2716608238
2025-06-19 00:21:30,REAL,2716608238,483,2716608721,2716608721
2025-06-19 00:21:32,REAL,2716608721,537,2716609258,2716609258
2025-06-19 00:21:34,REAL,2716609258,485,2716609743,2716609743
2025-06-19 00:21:36,REAL,2716609743,486,2716610229,2716610229
2025-06-19 00:21:38,REAL,2716610229,490,2716610719,2716610719
2025-06-19 00:21:40,REAL,2716610719,484,2716611203,2716611203
2025-06-19 00:21:42,REAL,2716611203,490,2716611693,2716611693
2025-06-19 00:21:44,REAL,2716611693,494,2716612187,2716612187
2025-06-19 00:21:46,REAL,2716612187,485,2716612672,2716612672
2025-06-19 00:21:48,REAL,2716612672,482,2716613154,2716613154
2025-06-19 00:21:50,REAL,2716613154,488,2716613642,2716613642
2025-06-19 00:21:52,REAL,2716613642,486,2716614128,2716614128
2025-06-19 00:21:54,REAL,2716614128,481,2716614609,2716614609
2025-06-19 00:21:56,REAL,2716614609,615,2716615224,2716615224
2025-06-19 00:21:58,REAL,2716615224,12500,2716627724,2716627724
2025-06-19 00:22:00,REAL,2716627724,10250,2716637974,2716637974
2025-06-19 00:22:02,REAL,2716637974,10372,2716648346,2716648346
2025-06-19 00:22:04,REAL,2716648346,10252,2716658598,2716658598
2025-06-19 00:22:06,REAL,2716658598,10321,2716668919,2716668919
2025-06-19 00:22:08,REAL,2716668919,10256,2716679175,2716679175
2025-06-19 00:22:10,REAL,2716679175,10318,2716689493,2716689493
2025-06-19 00:22:12,REAL,2716689493,4963,2716694456,2716694456
2025-06-19 00:22:14,REAL,2716694456,480,2716694936,2716694936
2025-06-19 00:22:16,REAL,2716694936,479,2716695415,2716695415
2025-06-19 00:22:18,REAL,2716695415,486,2716695901,2716695901
2025-06-19 00:22:20,REAL,2716695901,540,2716696441,2716696441
2025-06-19 00:22:22,REAL,2716696441,487,2716696928,2716696928
2025-06-19 00:22:24,REAL,2716696928,488,2716697416,2716697416
2025-06-19 00:22:26,REAL,2716697416,485,2716697901,2716697901
2025-06-19 00:22:28,REAL,2716697901,487,2716698388,2716698388
2025-06-19 00:22:30,REAL,2716698388,488,2716698876,2716698876
2025-06-19 00:22:32,REAL,2716698876,479,2716699355,2716699355
2025-06-19 00:22:34,REAL,2716699355,491,2716699846,2716699846
2025-06-19 00:22:36,REAL,2716699846,481,2716700327,2716700327
2025-06-19 00:22:38,REAL,2716700327,479,2716700806,2716700806
2025-06-19 00:22:40,REAL,2716700806,484,2716701290,2716701290
2025-06-19 00:22:42,REAL,2716701290,483,2716701773,2716701773
2025-06-19 00:22:44,REAL,2716701773,480,2716702253,2716702253
2025-06-19 00:22:46,REAL,2716702253,537,2716702790,2716702790
2025-06-19 00:22:48,REAL,2716702790,478,2716703268,2716703268
2025-06-19 00:22:50,REAL,2716703268,485,2716703753,2716703753
2025-06-19 00:22:52,REAL,2716703753,536,2716704289,2716704289
2025-06-19 00:22:54,REAL,2716704289,483,2716704772,2716704772
2025-06-19 00:22:56,REAL,2716704772,490,2716705262,2716705262
2025-06-19 00:22:58,REAL,2716705262,477,2716705739,2716705739
2025-06-19 00:23:00,REAL,2716705739,489,2716706228,2716706228
2025-06-19 00:23:02,REAL,2716706228,479,2716706707,2716706707
2025-06-19 00:23:04,REAL,2716706707,481,2716707188,2716707188
2025-06-19 00:23:06,REAL,2716707188,491,2716707679,2716707679
2025-06-19 00:23:08,REAL,2716707679,486,2716708165,2716708165
2025-06-19 00:23:10,REAL,2716708165,485,2716708650,2716708650
2025-06-19 00:23:12,REAL,2716708650,538,2716709188,2716709188
2025-06-19 00:23:14,REAL,2716709188,483,2716709671,2716709671
2025-06-19 00:23:16,REAL,2716709671,2871,2716712542,2716712542
2025-06-19 00:23:18,REAL,2716712542,11443,2716723985,2716723985
2025-06-19 00:23:20,REAL,2716723985,10253,2716734238,2716734238
2025-06-19 00:23:22,REAL,2716734238,10253,2716744491,2716744491
2025-06-19 00:23:24,REAL,2716744491,10251,2716754742,2716754742
2025-06-19 00:23:26,REAL,2716754742,10250,2716764992,2716764992
2025-06-19 00:23:28,REAL,2716764992,10310,2716775302,2716775302
2025-06-19 00:23:30,REAL,2716775302,10253,2716785555,2716785555
2025-06-19 00:23:32,REAL,2716785555,3384,2716788939,2716788939
2025-06-19 00:23:34,REAL,2716788939,542,2716789481,2716789481
2025-06-19 00:23:36,REAL,2716789481,481,2716789962,2716789962
2025-06-19 00:23:38,REAL,2716789962,484,2716790446,2716790446
2025-06-19 00:23:40,REAL,2716790446,488,2716790934,2716790934
2025-06-19 00:23:42,REAL,2716790934,483,2716791417,2716791417
2025-06-19 00:23:44,REAL,2716791417,480,2716791897,2716791897
2025-06-19 00:23:46,REAL,2716791897,482,2716792379,2716792379
2025-06-19 00:23:48,REAL,2716792379,3860,2716796239,2716796239
2025-06-19 00:23:50,REAL,2716796239,11181,2716807420,2716807420
2025-06-19 00:23:52,REAL,2716807420,10318,2716817738,2716817738
2025-06-19 00:23:54,REAL,2716817738,10254,2716827992,2716827992
2025-06-19 00:23:56,REAL,2716827992,10253,2716838245,2716838245
2025-06-19 00:23:58,REAL,2716838245,10319,2716848564,2716848564
2025-06-19 00:24:00,REAL,2716848564,10306,2716858870,2716858870
2025-06-19 00:24:02,REAL,2716858870,10256,2716869126,2716869126
2025-06-19 00:24:04,REAL,2716869126,2787,2716871913,2716871913
2025-06-19 00:24:06,REAL,2716871913,492,2716872405,2716872405
2025-06-19 00:24:08,REAL,2716872405,482,2716872887,2716872887
2025-06-19 00:24:10,REAL,2716872887,476,2716873363,2716873363
2025-06-19 00:24:12,REAL,2716873363,478,2716873841,2716873841
2025-06-19 00:24:14,REAL,2716873841,481,2716874322,2716874322
2025-06-19 00:24:16,REAL,2716874322,479,2716874801,2716874801
2025-06-19 00:24:18,REAL,2716874801,484,2716875285,2716875285
2025-06-19 00:24:20,REAL,2716875285,490,2716875775,2716875775
2025-06-19 00:24:22,REAL,2716875775,481,2716876256,2716876256
2025-06-19 00:24:24,REAL,2716876256,544,2716876800,2716876800
2025-06-19 00:24:26,REAL,2716876800,480,2716877280,2716877280
2025-06-19 00:24:28,REAL,2716877280,489,2716877769,2716877769
2025-06-19 00:24:30,REAL,2716877769,493,2716878262,2716878262
2025-06-19 00:24:32,REAL,2716878262,483,2716878745,2716878745
2025-06-19 00:24:34,REAL,2716878745,494,2716879239,2716879239
2025-06-19 00:24:36,REAL,2716879239,543,2716879782,2716879782
2025-06-19 00:24:38,REAL,2716879782,486,2716880268,2716880268
2025-06-19 00:24:40,REAL,2716880268,483,2716880751,2716880751
2025-06-19 00:24:42,REAL,2716880751,9864,2716890615,2716890615
2025-06-19 00:24:44,REAL,2716890615,10453,2716901068,2716901068
2025-06-19 00:24:46,REAL,2716901068,10073,2716911141,2716911141
2025-06-19 00:24:48,REAL,2716911141,10253,2716921394,2716921394
2025-06-19 00:24:50,REAL,2716921394,10255,2716931649,2716931649
2025-06-19 00:24:52,REAL,2716931649,10255,2716941904,2716941904
2025-06-19 00:24:54,REAL,2716941904,10322,2716952226,2716952226
2025-06-19 00:24:56,REAL,2716952226,6876,2716959102,2716959102
2025-06-19 00:24:58,REAL,2716959102,490,2716959592,2716959592
2025-06-19 00:25:00,REAL,2716959592,480,2716960072,2716960072
2025-06-19 00:25:02,REAL,2716960072,478,2716960550,2716960550
2025-06-19 00:25:04,REAL,2716960550,483,2716961033,2716961033
2025-06-19 00:25:06,REAL,2716961033,479,2716961512,2716961512
2025-06-19 00:25:08,REAL,2716961512,480,2716961992,2716961992
2025-06-19 00:25:10,REAL,2716961992,485,2716962477,2716962477
2025-06-19 00:25:12,REAL,2716962477,481,2716962958,2716962958
2025-06-19 00:25:14,REAL,2716962958,11060,2716974018,2716974018
2025-06-19 00:25:16,REAL,2716974018,10386,2716984404,2716984404
2025-06-19 00:25:18,REAL,2716984404,10326,2716994730,2716994730
2025-06-19 00:25:20,REAL,2716994730,10258,2717004988,2717004988
2025-06-19 00:25:22,REAL,2717004988,10248,2717015236,2717015236
2025-06-19 00:25:24,REAL,2717015236,10259,2717025495,2717025495
2025-06-19 00:25:26,REAL,2717025495,10253,2717035748,2717035748
2025-06-19 00:25:28,REAL,2717035748,6292,2717042040,2717042040
2025-06-19 00:25:30,REAL,2717042040,482,2717042522,2717042522
2025-06-19 00:25:32,REAL,2717042522,484,2717043006,2717043006
2025-06-19 00:25:34,REAL,2717043006,486,2717043492,2717043492
2025-06-19 00:25:36,REAL,2717043492,481,2717043973,2717043973
2025-06-19 00:25:38,REAL,2717043973,491,2717044464,2717044464
2025-06-19 00:25:40,REAL,2717044464,482,2717044946,2717044946
2025-06-19 00:25:42,REAL,2717044946,486,2717045432,2717045432
2025-06-19 00:25:44,REAL,2717045432,483,2717045915,2717045915
2025-06-19 00:25:46,REAL,2717045915,477,2717046392,2717046392
2025-06-19 00:25:48,REAL,2717046392,488,2717046880,2717046880
2025-06-19 00:25:50,REAL,2717046880,481,2717047361,2717047361
2025-06-19 00:25:52,REAL,2717047361,482,2717047843,2717047843
2025-06-19 00:25:54,REAL,2717047843,487,2717048330,2717048330
2025-06-19 00:25:56,REAL,2717048330,482,2717048812,2717048812
2025-06-19 00:25:58,REAL,2717048812,478,2717049290,2717049290
2025-06-19 00:26:00,REAL,2717049290,596,2717049886,2717049886
2025-06-19 00:26:02,REAL,2717049886,476,2717050362,2717050362
2025-06-19 00:26:04,REAL,2717050362,478,2717050840,2717050840
2025-06-19 00:26:06,REAL,2717050840,491,2717051331,2717051331
2025-06-19 00:26:08,REAL,2717051331,488,2717051819,2717051819
2025-06-19 00:26:10,REAL,2717051819,485,2717052304,2717052304
2025-06-19 00:26:12,REAL,2717052304,476,2717052780,2717052780
2025-06-19 00:26:14,REAL,2717052780,482,2717053262,2717053262
2025-06-19 00:26:16,REAL,2717053262,554,2717053816,2717053816
2025-06-19 00:26:18,REAL,2717053816,15469,2717069285,2717069285
2025-06-19 00:26:20,REAL,2717069285,10323,2717079608,2717079608
2025-06-19 00:26:22,REAL,2717079608,10259,2717089867,2717089867
2025-06-19 00:26:24,REAL,2717089867,10321,2717100188,2717100188
2025-06-19 00:26:26,REAL,2717100188,10254,2717110442,2717110442
2025-06-19 00:26:28,REAL,2717110442,10251,2717120693,2717120693
2025-06-19 00:26:30,REAL,2717120693,10311,2717131004,2717131004
2025-06-19 00:26:32,REAL,2717131004,4971,2717135975,2717135975
2025-06-19 00:26:34,REAL,2717135975,544,2717136519,2717136519
2025-06-19 00:26:36,REAL,2717136519,479,2717136998,2717136998
2025-06-19 00:26:38,REAL,2717136998,483,2717137481,2717137481
2025-06-19 00:26:40,REAL,2717137481,488,2717137969,2717137969
2025-06-19 00:26:42,REAL,2717137969,480,2717138449,2717138449
2025-06-19 00:26:44,REAL,2717138449,481,2717138930,2717138930
2025-06-19 00:26:46,REAL,2717138930,492,2717139422,2717139422
2025-06-19 00:26:48,REAL,2717139422,1683,2717141105,2717141105
2025-06-19 00:26:50,REAL,2717141105,11975,2717153080,2717153080
2025-06-19 00:26:52,REAL,2717153080,10245,2717163325,2717163325
2025-06-19 00:26:54,REAL,2717163325,10248,2717173573,2717173573
2025-06-19 00:26:56,REAL,2717173573,10255,2717183828,2717183828
2025-06-19 00:26:58,REAL,2717183828,10316,2717194144,2717194144
2025-06-19 00:27:00,REAL,2717194144,10259,2717204403,2717204403
2025-06-19 00:27:02,REAL,2717204403,10252,2717214655,2717214655
2025-06-19 00:27:04,REAL,2717214655,4307,2717218962,2717218962
2025-06-19 00:27:06,REAL,2717218962,531,2717219493,2717219493
2025-06-19 00:27:08,REAL,2717219493,488,2717219981,2717219981
2025-06-19 00:27:10,REAL,2717219981,483,2717220464,2717220464
2025-06-19 00:27:12,REAL,2717220464,480,2717220944,2717220944
2025-06-19 00:27:14,REAL,2717220944,482,2717221426,2717221426
2025-06-19 00:27:16,REAL,2717221426,483,2717221909,2717221909
2025-06-19 00:27:18,REAL,2717221909,485,2717222394,2717222394
2025-06-19 00:27:20,REAL,2717222394,2401,2717224795,2717224795
2025-06-19 00:27:22,REAL,2717224795,15141,2717239936,2717239936
2025-06-19 00:27:24,REAL,2717239936,10249,2717250185,2717250185
2025-06-19 00:27:26,REAL,2717250185,10323,2717260508,2717260508
2025-06-19 00:27:28,REAL,2717260508,10247,2717270755,2717270755
2025-06-19 00:27:30,REAL,2717270755,10245,2717281000,2717281000
2025-06-19 00:27:32,REAL,2717281000,10256,2717291256,2717291256
2025-06-19 00:27:34,REAL,2717291256,10253,2717301509,2717301509
2025-06-19 00:27:36,REAL,2717301509,3784,2717305293,2717305293
2025-06-19 00:27:38,REAL,2717305293,494,2717305787,2717305787
2025-06-19 00:27:40,REAL,2717305787,536,2717306323,2717306323
2025-06-19 00:27:42,REAL,2717306323,476,2717306799,2717306799
2025-06-19 00:27:44,REAL,2717306799,488,2717307287,2717307287
2025-06-19 00:27:46,REAL,2717307287,487,2717307774,2717307774
2025-06-19 00:27:48,REAL,2717307774,492,2717308266,2717308266
2025-06-19 00:27:50,REAL,2717308266,487,2717308753,2717308753
2025-06-19 00:27:52,REAL,2717308753,492,2717309245,2717309245
2025-06-19 00:27:54,REAL,2717309245,485,2717309730,2717309730
2025-06-19 00:27:56,REAL,2717309730,478,2717310208,2717310208
2025-06-19 00:27:58,REAL,2717310208,480,2717310688,2717310688
2025-06-19 00:28:00,REAL,2717310688,482,2717311170,2717311170
2025-06-19 00:28:02,REAL,2717311170,492,2717311662,2717311662
2025-06-19 00:28:04,REAL,2717311662,490,2717312152,2717312152
2025-06-19 00:28:06,REAL,2717312152,482,2717312634,2717312634
2025-06-19 00:28:08,REAL,2717312634,534,2717313168,2717313168
2025-06-19 00:28:10,REAL,2717313168,482,2717313650,2717313650
2025-06-19 00:28:12,REAL,2717313650,540,2717314190,2717314190
2025-06-19 00:28:14,REAL,2717314190,491,2717314681,2717314681
2025-06-19 00:28:16,REAL,2717314681,484,2717315165,2717315165
2025-06-19 00:28:18,REAL,2717315165,482,2717315647,2717315647
2025-06-19 00:28:20,REAL,2717315647,489,2717316136,2717316136
2025-06-19 00:28:22,REAL,2717316136,478,2717316614,2717316614
2025-06-19 00:28:24,REAL,2717316614,493,2717317107,2717317107
2025-06-19 00:28:26,REAL,2717317107,481,2717317588,2717317588
2025-06-19 00:28:28,REAL,2717317588,482,2717318070,2717318070
2025-06-19 00:28:30,REAL,2717318070,491,2717318561,2717318561
2025-06-19 00:28:32,REAL,2717318561,482,2717319043,2717319043
2025-06-19 00:28:34,REAL,2717319043,477,2717319520,2717319520
2025-06-19 00:28:36,REAL,2717319520,483,2717320003,2717320003
2025-06-19 00:28:38,REAL,2717320003,474,2717320477,2717320477
2025-06-19 00:28:40,REAL,2717320477,483,2717320960,2717320960
2025-06-19 00:28:42,REAL,2717320960,482,2717321442,2717321442
2025-06-19 00:28:44,REAL,2717321442,543,2717321985,2717321985
2025-06-19 00:28:46,REAL,2717321985,484,2717322469,2717322469
2025-06-19 00:28:48,REAL,2717322469,478,2717322947,2717322947
2025-06-19 00:28:50,REAL,2717322947,481,2717323428,2717323428
2025-06-19 00:28:52,REAL,2717323428,481,2717323909,2717323909
2025-06-19 00:28:54,REAL,2717323909,543,2717324452,2717324452
2025-06-19 00:28:56,REAL,2717324452,481,2717324933,2717324933
2025-06-19 00:28:58,REAL,2717324933,483,2717325416,2717325416
2025-06-19 00:29:00,REAL,2717325416,485,2717325901,2717325901
2025-06-19 00:29:02,REAL,2717325901,10523,2717336424,2717336424
2025-06-19 00:29:04,REAL,2717336424,10385,2717346809,2717346809
2025-06-19 00:29:06,REAL,2717346809,10321,2717357130,2717357130
2025-06-19 00:29:08,REAL,2717357130,10246,2717367376,2717367376
2025-06-19 00:29:10,REAL,2717367376,10323,2717377699,2717377699
2025-06-19 00:29:12,REAL,2717377699,10253,2717387952,2717387952
2025-06-19 00:29:14,REAL,2717387952,10246,2717398198,2717398198
2025-06-19 00:29:16,REAL,2717398198,6687,2717404885,2717404885
2025-06-19 00:29:18,REAL,2717404885,536,2717405421,2717405421
2025-06-19 00:29:20,REAL,2717405421,489,2717405910,2717405910
2025-06-19 00:29:22,REAL,2717405910,485,2717406395,2717406395
2025-06-19 00:29:24,REAL,2717406395,486,2717406881,2717406881
2025-06-19 00:29:26,REAL,2717406881,485,2717407366,2717407366
2025-06-19 00:29:28,REAL,2717407366,481,2717407847,2717407847
2025-06-19 00:29:30,REAL,2717407847,484,2717408331,2717408331
2025-06-19 00:29:32,REAL,2717408331,484,2717408815,2717408815
2025-06-19 00:29:34,REAL,2717408815,490,2717409305,2717409305
2025-06-19 00:29:36,REAL,2717409305,479,2717409784,2717409784
2025-06-19 00:29:38,REAL,2717409784,486,2717410270,2717410270
2025-06-19 00:29:40,REAL,2717410270,484,2717410754,2717410754
2025-06-19 00:29:42,REAL,2717410754,489,2717411243,2717411243
2025-06-19 00:29:44,REAL,2717411243,491,2717411734,2717411734
2025-06-19 00:29:46,REAL,2717411734,532,2717412266,2717412266
2025-06-19 00:29:48,REAL,2717412266,485,2717412751,2717412751
2025-06-19 00:29:50,REAL,2717412751,483,2717413234,2717413234
2025-06-19 00:29:52,REAL,2717413234,482,2717413716,2717413716
2025-06-19 00:29:54,REAL,2717413716,487,2717414203,2717414203
2025-06-19 00:29:56,REAL,2717414203,544,2717414747,2717414747
2025-06-19 00:29:58,REAL,2717414747,492,2717415239,2717415239
2025-06-19 00:30:00,REAL,2717415239,480,2717415719,2717415719
2025-06-19 00:30:02,REAL,2717415719,484,2717416203,2717416203
2025-06-19 00:30:04,REAL,2717416203,484,2717416687,2717416687
2025-06-19 00:30:06,REAL,2717416687,483,2717417170,2717417170
2025-06-19 00:30:08,REAL,2717417170,478,2717417648,2717417648
2025-06-19 00:30:10,REAL,2717417648,6360,2717424008,2717424008
2025-06-19 00:30:12,REAL,2717424008,11375,2717435383,2717435383
2025-06-19 00:30:14,REAL,2717435383,10255,2717445638,2717445638
2025-06-19 00:30:16,REAL,2717445638,10258,2717455896,2717455896
2025-06-19 00:30:18,REAL,2717455896,10253,2717466149,2717466149
2025-06-19 00:30:20,REAL,2717466149,10258,2717476407,2717476407
2025-06-19 00:30:22,REAL,2717476407,10256,2717486663,2717486663
2025-06-19 00:30:24,REAL,2717486663,10324,2717496987,2717496987
2025-06-19 00:30:26,REAL,2717496987,480,2717497467,2717497467
2025-06-19 00:30:28,REAL,2717497467,485,2717497952,2717497952
2025-06-19 00:30:30,REAL,2717497952,490,2717498442,2717498442
2025-06-19 00:30:32,REAL,2717498442,477,2717498919,2717498919
2025-06-19 00:30:34,REAL,2717498919,481,2717499400,2717499400
2025-06-19 00:30:36,REAL,2717499400,487,2717499887,2717499887
2025-06-19 00:30:38,REAL,2717499887,543,2717500430,2717500430
2025-06-19 00:30:40,REAL,2717500430,484,2717500914,2717500914
2025-06-19 00:30:42,REAL,2717500914,8940,2717509854,2717509854
2025-06-19 00:30:44,REAL,2717509854,12035,2717521889,2717521889
2025-06-19 00:30:46,REAL,2717521889,10255,2717532144,2717532144
2025-06-19 00:30:48,REAL,2717532144,10308,2717542452,2717542452
2025-06-19 00:30:50,REAL,2717542452,10246,2717552698,2717552698
2025-06-19 00:30:52,REAL,2717552698,10245,2717562943,2717562943
2025-06-19 00:30:54,REAL,2717562943,10258,2717573201,2717573201
2025-06-19 00:30:56,REAL,2717573201,9652,2717582853,2717582853
2025-06-19 00:30:58,REAL,2717582853,480,2717583333,2717583333
2025-06-19 00:31:00,REAL,2717583333,485,2717583818,2717583818
2025-06-19 00:31:02,REAL,2717583818,484,2717584302,2717584302
2025-06-19 00:31:04,REAL,2717584302,488,2717584790,2717584790
2025-06-19 00:31:06,REAL,2717584790,485,2717585275,2717585275
2025-06-19 00:31:08,REAL,2717585275,481,2717585756,2717585756
2025-06-19 00:31:10,REAL,2717585756,489,2717586245,2717586245
2025-06-19 00:31:12,REAL,2717586245,491,2717586736,2717586736
2025-06-19 00:31:14,REAL,2717586736,484,2717587220,2717587220
2025-06-19 00:31:16,REAL,2717587220,482,2717587702,2717587702
2025-06-19 00:31:18,REAL,2717587702,537,2717588239,2717588239
2025-06-19 00:31:20,REAL,2717588239,479,2717588718,2717588718
2025-06-19 00:31:22,REAL,2717588718,486,2717589204,2717589204
2025-06-19 00:31:24,REAL,2717589204,481,2717589685,2717589685
2025-06-19 00:31:26,REAL,2717589685,485,2717590170,2717590170
2025-06-19 00:31:28,REAL,2717590170,540,2717590710,2717590710
2025-06-19 00:31:30,REAL,2717590710,478,2717591188,2717591188
2025-06-19 00:31:32,REAL,2717591188,488,2717591676,2717591676
2025-06-19 00:31:34,REAL,2717591676,487,2717592163,2717592163
2025-06-19 00:31:36,REAL,2717592163,489,2717592652,2717592652
2025-06-19 00:31:38,REAL,2717592652,486,2717593138,2717593138
2025-06-19 00:31:40,REAL,2717593138,484,2717593622,2717593622
2025-06-19 00:31:42,REAL,2717593622,483,2717594105,2717594105
2025-06-19 00:31:44,REAL,2717594105,491,2717594596,2717594596
2025-06-19 00:31:46,REAL,2717594596,486,2717595082,2717595082
2025-06-19 00:31:48,REAL,2717595082,486,2717595568,2717595568
2025-06-19 00:31:50,REAL,2717595568,483,2717596051,2717596051
2025-06-19 00:31:52,REAL,2717596051,491,2717596542,2717596542
2025-06-19 00:31:54,REAL,2717596542,480,2717597022,2717597022
2025-06-19 00:31:56,REAL,2717597022,479,2717597501,2717597501
2025-06-19 00:31:58,REAL,2717597501,541,2717598042,2717598042
2025-06-19 00:32:00,REAL,2717598042,478,2717598520,2717598520
2025-06-19 00:32:02,REAL,2717598520,494,2717599014,2717599014
2025-06-19 00:32:04,REAL,2717599014,484,2717599498,2717599498
2025-06-19 00:32:06,REAL,2717599498,491,2717599989,2717599989
2025-06-19 00:32:08,REAL,2717599989,485,2717600474,2717600474
2025-06-19 00:32:10,REAL,2717600474,485,2717600959,2717600959
2025-06-19 00:32:12,REAL,2717600959,485,2717601444,2717601444
2025-06-19 00:32:14,REAL,2717601444,539,2717601983,2717601983
2025-06-19 00:32:16,REAL,2717601983,478,2717602461,2717602461
2025-06-19 00:32:18,REAL,2717602461,482,2717602943,2717602943
2025-06-19 00:32:20,REAL,2717602943,493,2717603436,2717603436
2025-06-19 00:32:22,REAL,2717603436,492,2717603928,2717603928
2025-06-19 00:32:24,REAL,2717603928,482,2717604410,2717604410
2025-06-19 00:32:26,REAL,2717604410,490,2717604900,2717604900
2025-06-19 00:32:28,REAL,2717604900,481,2717605381,2717605381
2025-06-19 00:32:30,REAL,2717605381,482,2717605863,2717605863
2025-06-19 00:32:32,REAL,2717605863,482,2717606345,2717606345
2025-06-19 00:32:34,REAL,2717606345,9657,2717616002,2717616002
2025-06-19 00:32:36,REAL,2717616002,10580,2717626582,2717626582
2025-06-19 00:32:38,REAL,2717626582,10304,2717636886,2717636886
2025-06-19 00:32:40,REAL,2717636886,10252,2717647138,2717647138
2025-06-19 00:32:42,REAL,2717647138,10252,2717657390,2717657390
2025-06-19 00:32:44,REAL,2717657390,10256,2717667646,2717667646
2025-06-19 00:32:46,REAL,2717667646,10255,2717677901,2717677901
2025-06-19 00:32:48,REAL,2717677901,7483,2717685384,2717685384
2025-06-19 00:32:50,REAL,2717685384,484,2717685868,2717685868
2025-06-19 00:32:52,REAL,2717685868,480,2717686348,2717686348
2025-06-19 00:32:54,REAL,2717686348,488,2717686836,2717686836
2025-06-19 00:32:56,REAL,2717686836,480,2717687316,2717687316
2025-06-19 00:32:58,REAL,2717687316,488,2717687804,2717687804
2025-06-19 00:33:00,REAL,2717687804,486,2717688290,2717688290
2025-06-19 00:33:02,REAL,2717688290,489,2717688779,2717688779
2025-06-19 00:33:04,REAL,2717688779,485,2717689264,2717689264
2025-06-19 00:33:06,REAL,2717689264,486,2717689750,2717689750
2025-06-19 00:33:08,REAL,2717689750,487,2717690237,2717690237
2025-06-19 00:33:10,REAL,2717690237,487,2717690724,2717690724
2025-06-19 00:33:12,REAL,2717690724,479,2717691203,2717691203
2025-06-19 00:33:14,REAL,2717691203,541,2717691744,2717691744
2025-06-19 00:33:16,REAL,2717691744,540,2717692284,2717692284
2025-06-19 00:33:18,REAL,2717692284,482,2717692766,2717692766
2025-06-19 00:33:20,REAL,2717692766,486,2717693252,2717693252
2025-06-19 00:33:22,REAL,2717693252,494,2717693746,2717693746
2025-06-19 00:33:24,REAL,2717693746,485,2717694231,2717694231
2025-06-19 00:33:26,REAL,2717694231,484,2717694715,2717694715
2025-06-19 00:33:28,REAL,2717694715,486,2717695201,2717695201
2025-06-19 00:33:30,REAL,2717695201,484,2717695685,2717695685
2025-06-19 00:33:32,REAL,2717695685,486,2717696171,2717696171
2025-06-19 00:33:34,REAL,2717696171,475,2717696646,2717696646
2025-06-19 00:33:36,REAL,2717696646,481,2717697127,2717697127
2025-06-19 00:33:38,REAL,2717697127,14025,2717711152,2717711152
2025-06-19 00:33:40,REAL,2717711152,10316,2717721468,2717721468
2025-06-19 00:33:42,REAL,2717721468,10318,2717731786,2717731786
2025-06-19 00:33:44,REAL,2717731786,10186,2717741972,2717741972
2025-06-19 00:33:46,REAL,2717741972,10311,2717752283,2717752283
2025-06-19 00:33:48,REAL,2717752283,10250,2717762533,2717762533
2025-06-19 00:33:50,REAL,2717762533,10254,2717772787,2717772787
2025-06-19 00:33:52,REAL,2717772787,6224,2717779011,2717779011
2025-06-19 00:33:54,REAL,2717779011,475,2717779486,2717779486
2025-06-19 00:33:56,REAL,2717779486,545,2717780031,2717780031
2025-06-19 00:33:58,REAL,2717780031,493,2717780524,2717780524
2025-06-19 00:34:00,REAL,2717780524,486,2717781010,2717781010
2025-06-19 00:34:02,REAL,2717781010,487,2717781497,2717781497
2025-06-19 00:34:04,REAL,2717781497,486,2717781983,2717781983
2025-06-19 00:34:06,REAL,2717781983,482,2717782465,2717782465
2025-06-19 00:34:08,REAL,2717782465,481,2717782946,2717782946
2025-06-19 00:34:10,REAL,2717782946,481,2717783427,2717783427
2025-06-19 00:34:12,REAL,2717783427,485,2717783912,2717783912
2025-06-19 00:34:14,REAL,2717783912,490,2717784402,2717784402
2025-06-19 00:34:16,REAL,2717784402,483,2717784885,2717784885
2025-06-19 00:34:18,REAL,2717784885,483,2717785368,2717785368
2025-06-19 00:34:20,REAL,2717785368,536,2717785904,2717785904
2025-06-19 00:34:22,REAL,2717785904,488,2717786392,2717786392
2025-06-19 00:34:24,REAL,2717786392,483,2717786875,2717786875
2025-06-19 00:34:26,REAL,2717786875,477,2717787352,2717787352
2025-06-19 00:34:28,REAL,2717787352,493,2717787845,2717787845
2025-06-19 00:34:30,REAL,2717787845,488,2717788333,2717788333
2025-06-19 00:34:32,REAL,2717788333,480,2717788813,2717788813
2025-06-19 00:34:34,REAL,2717788813,487,2717789300,2717789300
2025-06-19 00:34:36,REAL,2717789300,545,2717789845,2717789845
2025-06-19 00:34:38,REAL,2717789845,485,2717790330,2717790330
2025-06-19 00:34:40,REAL,2717790330,484,2717790814,2717790814
2025-06-19 00:34:42,REAL,2717790814,482,2717791296,2717791296
2025-06-19 00:34:44,REAL,2717791296,482,2717791778,2717791778
2025-06-19 00:34:46,REAL,2717791778,490,2717792268,2717792268
2025-06-19 00:34:48,REAL,2717792268,484,2717792752,2717792752
2025-06-19 00:34:50,REAL,2717792752,483,2717793235,2717793235
2025-06-19 00:34:52,REAL,2717793235,493,2717793728,2717793728
2025-06-19 00:34:54,REAL,2717793728,481,2717794209,2717794209
2025-06-19 00:34:56,REAL,2717794209,477,2717794686,2717794686
2025-06-19 00:34:58,REAL,2717794686,484,2717795170,2717795170
2025-06-19 00:35:00,REAL,2717795170,539,2717795709,2717795709
2025-06-19 00:35:02,REAL,2717795709,475,2717796184,2717796184
2025-06-19 00:35:04,REAL,2717796184,477,2717796661,2717796661
2025-06-19 00:35:06,REAL,2717796661,485,2717797146,2717797146
2025-06-19 00:35:08,REAL,2717797146,488,2717797634,2717797634
2025-06-19 00:35:10,REAL,2717797634,488,2717798122,2717798122
2025-06-19 00:35:12,REAL,2717798122,489,2717798611,2717798611
2025-06-19 00:35:14,REAL,2717798611,477,2717799088,2717799088
2025-06-19 00:35:16,REAL,2717799088,484,2717799572,2717799572
2025-06-19 00:35:18,REAL,2717799572,532,2717800104,2717800104
2025-06-19 00:35:20,REAL,2717800104,481,2717800585,2717800585
2025-06-19 00:35:22,REAL,2717800585,480,2717801065,2717801065
2025-06-19 00:35:24,REAL,2717801065,484,2717801549,2717801549
2025-06-19 00:35:26,REAL,2717801549,489,2717802038,2717802038
2025-06-19 00:35:28,REAL,2717802038,2207,2717804245,2717804245
2025-06-19 00:35:30,REAL,2717804245,11703,2717815948,2717815948
2025-06-19 00:35:32,REAL,2717815948,10259,2717826207,2717826207
2025-06-19 00:35:34,REAL,2717826207,10317,2717836524,2717836524
2025-06-19 00:35:36,REAL,2717836524,10248,2717846772,2717846772
2025-06-19 00:35:38,REAL,2717846772,10315,2717857087,2717857087
2025-06-19 00:35:40,REAL,2717857087,10242,2717867329,2717867329
2025-06-19 00:35:42,REAL,2717867329,10251,2717877580,2717877580
2025-06-19 00:35:44,REAL,2717877580,4043,2717881623,2717881623
2025-06-19 00:35:46,REAL,2717881623,475,2717882098,2717882098
2025-06-19 00:35:48,REAL,2717882098,479,2717882577,2717882577
2025-06-19 00:35:50,REAL,2717882577,490,2717883067,2717883067
2025-06-19 00:35:52,REAL,2717883067,485,2717883552,2717883552
2025-06-19 00:35:54,REAL,2717883552,482,2717884034,2717884034
2025-06-19 00:35:56,REAL,2717884034,483,2717884517,2717884517
2025-06-19 00:35:58,REAL,2717884517,478,2717884995,2717884995
2025-06-19 00:36:00,REAL,2717884995,537,2717885532,2717885532
2025-06-19 00:36:02,REAL,2717885532,486,2717886018,2717886018
2025-06-19 00:36:04,REAL,2717886018,488,2717886506,2717886506
2025-06-19 00:36:06,REAL,2717886506,480,2717886986,2717886986
2025-06-19 00:36:08,REAL,2717886986,491,2717887477,2717887477
2025-06-19 00:36:10,REAL,2717887477,538,2717888015,2717888015
2025-06-19 00:36:12,REAL,2717888015,486,2717888501,2717888501
2025-06-19 00:36:14,REAL,2717888501,492,2717888993,2717888993
2025-06-19 00:36:16,REAL,2717888993,484,2717889477,2717889477
2025-06-19 00:36:18,REAL,2717889477,488,2717889965,2717889965
2025-06-19 00:36:20,REAL,2717889965,488,2717890453,2717890453
2025-06-19 00:36:22,REAL,2717890453,479,2717890932,2717890932
2025-06-19 00:36:24,REAL,2717890932,492,2717891424,2717891424
2025-06-19 00:36:26,REAL,2717891424,494,2717891918,2717891918
2025-06-19 00:36:28,REAL,2717891918,479,2717892397,2717892397
2025-06-19 00:36:30,REAL,2717892397,481,2717892878,2717892878
2025-06-19 00:36:32,REAL,2717892878,3659,2717896537,2717896537
2025-06-19 00:36:34,REAL,2717896537,11444,2717907981,2717907981
2025-06-19 00:36:36,REAL,2717907981,10249,2717918230,2717918230
2025-06-19 00:36:38,REAL,2717918230,10255,2717928485,2717928485
2025-06-19 00:36:40,REAL,2717928485,10256,2717938741,2717938741
2025-06-19 00:36:42,REAL,2717938741,10243,2717948984,2717948984
2025-06-19 00:36:44,REAL,2717948984,10312,2717959296,2717959296
2025-06-19 00:36:46,REAL,2717959296,10254,2717969550,2717969550
2025-06-19 00:36:48,REAL,2717969550,2791,2717972341,2717972341
2025-06-19 00:36:50,REAL,2717972341,485,2717972826,2717972826
2025-06-19 00:36:52,REAL,2717972826,480,2717973306,2717973306
2025-06-19 00:36:54,REAL,2717973306,485,2717973791,2717973791
2025-06-19 00:36:56,REAL,2717973791,481,2717974272,2717974272
2025-06-19 00:36:58,REAL,2717974272,483,2717974755,2717974755
2025-06-19 00:37:00,REAL,2717974755,487,2717975242,2717975242
2025-06-19 00:37:02,REAL,2717975242,485,2717975727,2717975727
2025-06-19 00:37:04,REAL,2717975727,5380,2717981107,2717981107
2025-06-19 00:37:06,REAL,2717981107,12369,2717993476,2717993476
2025-06-19 00:37:08,REAL,2717993476,10319,2718003795,2718003795
2025-06-19 00:37:10,REAL,2718003795,10259,2718014054,2718014054
2025-06-19 00:37:12,REAL,2718014054,10258,2718024312,2718024312
2025-06-19 00:37:14,REAL,2718024312,10320,2718034632,2718034632
2025-06-19 00:37:16,REAL,2718034632,10253,2718044885,2718044885
2025-06-19 00:37:18,REAL,2718044885,10321,2718055206,2718055206
2025-06-19 00:37:20,REAL,2718055206,2129,2718057335,2718057335
2025-06-19 00:37:22,REAL,2718057335,484,2718057819,2718057819
2025-06-19 00:37:24,REAL,2718057819,484,2718058303,2718058303
2025-06-19 00:37:26,REAL,2718058303,541,2718058844,2718058844
2025-06-19 00:37:28,REAL,2718058844,483,2718059327,2718059327
2025-06-19 00:37:30,REAL,2718059327,489,2718059816,2718059816
2025-06-19 00:37:32,REAL,2718059816,477,2718060293,2718060293
2025-06-19 00:37:34,REAL,2718060293,488,2718060781,2718060781
2025-06-19 00:37:36,REAL,2718060781,5242,2718066023,2718066023
2025-06-19 00:37:38,REAL,2718066023,14138,2718080161,2718080161
2025-06-19 00:37:40,REAL,2718080161,10246,2718090407,2718090407
2025-06-19 00:37:42,REAL,2718090407,10313,2718100720,2718100720
2025-06-19 00:37:44,REAL,2718100720,10244,2718110964,2718110964
2025-06-19 00:37:46,REAL,2718110964,10245,2718121209,2718121209
2025-06-19 00:37:48,REAL,2718121209,10250,2718131459,2718131459
2025-06-19 00:37:50,REAL,2718131459,10323,2718141782,2718141782
2025-06-19 00:37:52,REAL,2718141782,1472,2718143254,2718143254
2025-06-19 00:37:54,REAL,2718143254,488,2718143742,2718143742
2025-06-19 00:37:56,REAL,2718143742,476,2718144218,2718144218
2025-06-19 00:37:58,REAL,2718144218,481,2718144699,2718144699
2025-06-19 00:38:00,REAL,2718144699,486,2718145185,2718145185
2025-06-19 00:38:02,REAL,2718145185,487,2718145672,2718145672
2025-06-19 00:38:04,REAL,2718145672,488,2718146160,2718146160
2025-06-19 00:38:06,REAL,2718146160,481,2718146641,2718146641
2025-06-19 00:38:08,REAL,2718146641,542,2718147183,2718147183
2025-06-19 00:38:10,REAL,2718147183,541,2718147724,2718147724
2025-06-19 00:38:12,REAL,2718147724,494,2718148218,2718148218
2025-06-19 00:38:14,REAL,2718148218,486,2718148704,2718148704
2025-06-19 00:38:16,REAL,2718148704,488,2718149192,2718149192
2025-06-19 00:38:18,REAL,2718149192,488,2718149680,2718149680
2025-06-19 00:38:20,REAL,2718149680,482,2718150162,2718150162
2025-06-19 00:38:22,REAL,2718150162,490,2718150652,2718150652
2025-06-19 00:38:24,REAL,2718150652,484,2718151136,2718151136
2025-06-19 00:38:26,REAL,2718151136,484,2718151620,2718151620
2025-06-19 00:38:28,REAL,2718151620,480,2718152100,2718152100
2025-06-19 00:38:30,REAL,2718152100,486,2718152586,2718152586
2025-06-19 00:38:32,REAL,2718152586,487,2718153073,2718153073
2025-06-19 00:38:34,REAL,2718153073,485,2718153558,2718153558
2025-06-19 00:38:36,REAL,2718153558,478,2718154036,2718154036
2025-06-19 00:38:38,REAL,2718154036,483,2718154519,2718154519
2025-06-19 00:38:40,REAL,2718154519,6170,2718160689,2718160689
2025-06-19 00:38:42,REAL,2718160689,11046,2718171735,2718171735
2025-06-19 00:38:44,REAL,2718171735,10250,2718181985,2718181985
2025-06-19 00:38:46,REAL,2718181985,10314,2718192299,2718192299
2025-06-19 00:38:48,REAL,2718192299,10248,2718202547,2718202547
2025-06-19 00:38:50,REAL,2718202547,10255,2718212802,2718212802
2025-06-19 00:38:52,REAL,2718212802,10575,2718223377,2718223377
2025-06-19 00:38:54,REAL,2718223377,9795,2718233172,2718233172
2025-06-19 00:38:56,REAL,2718233172,477,2718233649,2718233649
2025-06-19 00:38:58,REAL,2718233649,491,2718234140,2718234140
2025-06-19 00:39:00,REAL,2718234140,623,2718234763,2718234763
2025-06-19 00:39:02,REAL,2718234763,12163,2718246926,2718246926
2025-06-19 00:39:04,REAL,2718246926,10322,2718257248,2718257248
2025-06-19 00:39:06,REAL,2718257248,10250,2718267498,2718267498
2025-06-19 00:39:08,REAL,2718267498,10323,2718277821,2718277821
2025-06-19 00:39:10,REAL,2718277821,10250,2718288071,2718288071
2025-06-19 00:39:12,REAL,2718288071,10250,2718298321,2718298321
2025-06-19 00:39:14,REAL,2718298321,10259,2718308580,2718308580
2025-06-19 00:39:16,REAL,2718308580,4976,2718313556,2718313556
2025-06-19 00:39:18,REAL,2718313556,482,2718314038,2718314038
2025-06-19 00:39:20,REAL,2718314038,489,2718314527,2718314527
2025-06-19 00:39:22,REAL,2718314527,492,2718315019,2718315019
2025-06-19 00:39:24,REAL,2718315019,478,2718315497,2718315497
2025-06-19 00:39:26,REAL,2718315497,486,2718315983,2718315983
2025-06-19 00:39:28,REAL,2718315983,484,2718316467,2718316467
2025-06-19 00:39:30,REAL,2718316467,481,2718316948,2718316948
2025-06-19 00:39:32,REAL,2718316948,538,2718317486,2718317486
2025-06-19 00:39:34,REAL,2718317486,484,2718317970,2718317970
2025-06-19 00:39:36,REAL,2718317970,536,2718318506,2718318506
2025-06-19 00:39:38,REAL,2718318506,485,2718318991,2718318991
2025-06-19 00:39:40,REAL,2718318991,482,2718319473,2718319473
2025-06-19 00:39:42,REAL,2718319473,490,2718319963,2718319963
2025-06-19 00:39:44,REAL,2718319963,477,2718320440,2718320440
2025-06-19 00:39:46,REAL,2718320440,480,2718320920,2718320920
2025-06-19 00:39:48,REAL,2718320920,485,2718321405,2718321405
2025-06-19 00:39:50,REAL,2718321405,481,2718321886,2718321886
2025-06-19 00:39:52,REAL,2718321886,483,2718322369,2718322369
2025-06-19 00:39:54,REAL,2718322369,488,2718322857,2718322857
2025-06-19 00:39:56,REAL,2718322857,484,2718323341,2718323341
2025-06-19 00:39:58,REAL,2718323341,489,2718323830,2718323830
2025-06-19 00:40:00,REAL,2718323830,480,2718324310,2718324310
2025-06-19 00:40:02,REAL,2718324310,487,2718324797,2718324797
2025-06-19 00:40:04,REAL,2718324797,2211,2718327008,2718327008
2025-06-19 00:40:06,REAL,2718327008,14022,2718341030,2718341030
2025-06-19 00:40:08,REAL,2718341030,10245,2718351275,2718351275
2025-06-19 00:40:10,REAL,2718351275,10254,2718361529,2718361529
2025-06-19 00:40:12,REAL,2718361529,10258,2718371787,2718371787
2025-06-19 00:40:14,REAL,2718371787,10257,2718382044,2718382044
2025-06-19 00:40:16,REAL,2718382044,10319,2718392363,2718392363
2025-06-19 00:40:18,REAL,2718392363,10313,2718402676,2718402676
2025-06-19 00:40:20,REAL,2718402676,3718,2718406394,2718406394
2025-06-19 00:40:22,REAL,2718406394,488,2718406882,2718406882
2025-06-19 00:40:24,REAL,2718406882,481,2718407363,2718407363
2025-06-19 00:40:26,REAL,2718407363,476,2718407839,2718407839
2025-06-19 00:40:28,REAL,2718407839,478,2718408317,2718408317
2025-06-19 00:40:30,REAL,2718408317,487,2718408804,2718408804
2025-06-19 00:40:32,REAL,2718408804,478,2718409282,2718409282
2025-06-19 00:40:34,REAL,2718409282,490,2718409772,2718409772
2025-06-19 00:40:36,REAL,2718409772,3252,2718413024,2718413024
2025-06-19 00:40:38,REAL,2718413024,11838,2718424862,2718424862
2025-06-19 00:40:40,REAL,2718424862,10255,2718435117,2718435117
2025-06-19 00:40:42,REAL,2718435117,10259,2718445376,2718445376
2025-06-19 00:40:44,REAL,2718445376,10249,2718455625,2718455625
2025-06-19 00:40:46,REAL,2718455625,10255,2718465880,2718465880
2025-06-19 00:40:48,REAL,2718465880,10316,2718476196,2718476196
2025-06-19 00:40:50,REAL,2718476196,10247,2718486443,2718486443
2025-06-19 00:40:52,REAL,2718486443,3122,2718489565,2718489565
2025-06-19 00:40:54,REAL,2718489565,486,2718490051,2718490051
2025-06-19 00:40:56,REAL,2718490051,541,2718490592,2718490592
2025-06-19 00:40:58,REAL,2718490592,483,2718491075,2718491075
2025-06-19 00:41:00,REAL,2718491075,477,2718491552,2718491552
2025-06-19 00:41:02,REAL,2718491552,481,2718492033,2718492033
2025-06-19 00:41:04,REAL,2718492033,483,2718492516,2718492516
2025-06-19 00:41:06,REAL,2718492516,483,2718492999,2718492999
2025-06-19 00:41:08,REAL,2718492999,3985,2718496984,2718496984
2025-06-19 00:41:10,REAL,2718496984,10913,2718507897,2718507897
2025-06-19 00:41:12,REAL,2718507897,10320,2718518217,2718518217
2025-06-19 00:41:14,REAL,2718518217,10252,2718528469,2718528469
2025-06-19 00:41:16,REAL,2718528469,10246,2718538715,2718538715
2025-06-19 00:41:18,REAL,2718538715,10255,2718548970,2718548970
2025-06-19 00:41:20,REAL,2718548970,10317,2718559287,2718559287
2025-06-19 00:41:22,REAL,2718559287,10252,2718569539,2718569539
2025-06-19 00:41:24,REAL,2718569539,2461,2718572000,2718572000
2025-06-19 00:41:26,REAL,2718572000,486,2718572486,2718572486
2025-06-19 00:41:28,REAL,2718572486,478,2718572964,2718572964
2025-06-19 00:41:30,REAL,2718572964,482,2718573446,2718573446
2025-06-19 00:41:32,REAL,2718573446,533,2718573979,2718573979
2025-06-19 00:41:34,REAL,2718573979,485,2718574464,2718574464
2025-06-19 00:41:36,REAL,2718574464,478,2718574942,2718574942
2025-06-19 00:41:38,REAL,2718574942,491,2718575433,2718575433
2025-06-19 00:41:40,REAL,2718575433,5269,2718580702,2718580702
2025-06-19 00:41:42,REAL,2718580702,12631,2718593333,2718593333
2025-06-19 00:41:44,REAL,2718593333,10249,2718603582,2718603582
2025-06-19 00:41:46,REAL,2718603582,10257,2718613839,2718613839
2025-06-19 00:41:48,REAL,2718613839,10319,2718624158,2718624158
2025-06-19 00:41:50,REAL,2718624158,10253,2718634411,2718634411
2025-06-19 00:41:52,REAL,2718634411,10251,2718644662,2718644662
2025-06-19 00:41:54,REAL,2718644662,10248,2718654910,2718654910
2025-06-19 00:41:56,REAL,2718654910,1804,2718656714,2718656714
2025-06-19 00:41:58,REAL,2718656714,492,2718657206,2718657206
2025-06-19 00:42:00,REAL,2718657206,487,2718657693,2718657693
2025-06-19 00:42:02,REAL,2718657693,484,2718658177,2718658177
2025-06-19 00:42:04,REAL,2718658177,478,2718658655,2718658655
2025-06-19 00:42:06,REAL,2718658655,485,2718659140,2718659140
2025-06-19 00:42:08,REAL,2718659140,487,2718659627,2718659627
2025-06-19 00:42:10,REAL,2718659627,531,2718660158,2718660158
2025-06-19 00:42:12,REAL,2718660158,535,2718660693,2718660693
2025-06-19 00:42:14,REAL,2718660693,487,2718661180,2718661180
2025-06-19 00:42:16,REAL,2718661180,490,2718661670,2718661670
2025-06-19 00:42:18,REAL,2718661670,491,2718662161,2718662161
2025-06-19 00:42:20,REAL,2718662161,482,2718662643,2718662643
2025-06-19 00:42:22,REAL,2718662643,488,2718663131,2718663131
2025-06-19 00:42:24,REAL,2718663131,479,2718663610,2718663610
2025-06-19 00:42:26,REAL,2718663610,494,2718664104,2718664104
2025-06-19 00:42:28,REAL,2718664104,486,2718664590,2718664590
2025-06-19 00:42:30,REAL,2718664590,484,2718665074,2718665074
2025-06-19 00:42:32,REAL,2718665074,489,2718665563,2718665563
2025-06-19 00:42:34,REAL,2718665563,478,2718666041,2718666041
2025-06-19 00:42:36,REAL,2718666041,481,2718666522,2718666522
2025-06-19 00:42:38,REAL,2718666522,477,2718666999,2718666999
2025-06-19 00:42:40,REAL,2718666999,484,2718667483,2718667483
2025-06-19 00:42:42,REAL,2718667483,486,2718667969,2718667969
2025-06-19 00:42:44,REAL,2718667969,477,2718668446,2718668446
2025-06-19 00:42:46,REAL,2718668446,589,2718669035,2718669035
2025-06-19 00:42:48,REAL,2718669035,476,2718669511,2718669511
2025-06-19 00:42:50,REAL,2718669511,487,2718669998,2718669998
2025-06-19 00:42:52,REAL,2718669998,483,2718670481,2718670481
2025-06-19 00:42:54,REAL,2718670481,487,2718670968,2718670968
2025-06-19 00:42:56,REAL,2718670968,484,2718671452,2718671452
2025-06-19 00:42:58,REAL,2718671452,487,2718671939,2718671939
2025-06-19 00:43:00,REAL,2718671939,482,2718672421,2718672421
2025-06-19 00:43:02,REAL,2718672421,481,2718672902,2718672902
2025-06-19 00:43:04,REAL,2718672902,487,2718673389,2718673389
2025-06-19 00:43:06,REAL,2718673389,480,2718673869,2718673869
2025-06-19 00:43:08,REAL,2718673869,477,2718674346,2718674346
2025-06-19 00:43:10,REAL,2718674346,485,2718674831,2718674831
2025-06-19 00:43:12,REAL,2718674831,488,2718675319,2718675319
2025-06-19 00:43:14,REAL,2718675319,484,2718675803,2718675803
2025-06-19 00:43:16,REAL,2718675803,485,2718676288,2718676288
2025-06-19 00:43:18,REAL,2718676288,491,2718676779,2718676779
2025-06-19 00:43:20,REAL,2718676779,486,2718677265,2718677265
2025-06-19 00:43:22,REAL,2718677265,476,2718677741,2718677741
2025-06-19 00:43:24,REAL,2718677741,545,2718678286,2718678286
2025-06-19 00:43:26,REAL,2718678286,486,2718678772,2718678772
2025-06-19 00:43:28,REAL,2718678772,474,2718679246,2718679246
2025-06-19 00:43:30,REAL,2718679246,481,2718679727,2718679727
2025-06-19 00:43:32,REAL,2718679727,542,2718680269,2718680269
2025-06-19 00:43:34,REAL,2718680269,480,2718680749,2718680749
2025-06-19 00:43:36,REAL,2718680749,479,2718681228,2718681228
2025-06-19 00:43:38,REAL,2718681228,477,2718681705,2718681705
2025-06-19 00:43:40,REAL,2718681705,484,2718682189,2718682189
2025-06-19 00:43:42,REAL,2718682189,486,2718682675,2718682675
2025-06-19 00:43:44,REAL,2718682675,487,2718683162,2718683162
2025-06-19 00:43:46,REAL,2718683162,482,2718683644,2718683644
2025-06-19 00:43:48,REAL,2718683644,481,2718684125,2718684125
2025-06-19 00:43:50,REAL,2718684125,481,2718684606,2718684606
2025-06-19 00:43:52,REAL,2718684606,492,2718685098,2718685098
2025-06-19 00:43:54,REAL,2718685098,487,2718685585,2718685585
2025-06-19 00:43:56,REAL,2718685585,479,2718686064,2718686064
2025-06-19 00:43:58,REAL,2718686064,483,2718686547,2718686547
2025-06-19 00:44:00,REAL,2718686547,534,2718687081,2718687081
2025-06-19 00:44:02,REAL,2718687081,481,2718687562,2718687562
2025-06-19 00:44:04,REAL,2718687562,488,2718688050,2718688050
2025-06-19 00:44:06,REAL,2718688050,480,2718688530,2718688530
2025-06-19 00:44:08,REAL,2718688530,481,2718689011,2718689011
2025-06-19 00:44:10,REAL,2718689011,485,2718689496,2718689496
2025-06-19 00:44:12,REAL,2718689496,491,2718689987,2718689987
2025-06-19 00:44:14,REAL,2718689987,481,2718690468,2718690468
2025-06-19 00:44:16,REAL,2718690468,483,2718690951,2718690951
2025-06-19 00:44:18,REAL,2718690951,488,2718691439,2718691439
2025-06-19 00:44:20,REAL,2718691439,538,2718691977,2718691977
2025-06-19 00:44:22,REAL,2718691977,482,2718692459,2718692459
2025-06-19 00:44:24,REAL,2718692459,483,2718692942,2718692942
2025-06-19 00:44:26,REAL,2718692942,487,2718693429,2718693429
2025-06-19 00:44:28,REAL,2718693429,488,2718693917,2718693917
2025-06-19 00:44:30,REAL,2718693917,489,2718694406,2718694406
2025-06-19 00:44:32,REAL,2718694406,488,2718694894,2718694894
2025-06-19 00:44:34,REAL,2718694894,486,2718695380,2718695380
2025-06-19 00:44:36,REAL,2718695380,533,2718695913,2718695913
2025-06-19 00:44:38,REAL,2718695913,474,2718696387,2718696387
2025-06-19 00:44:40,REAL,2718696387,481,2718696868,2718696868
2025-06-19 00:44:42,REAL,2718696868,486,2718697354,2718697354
2025-06-19 00:44:44,REAL,2718697354,487,2718697841,2718697841
2025-06-19 00:44:46,REAL,2718697841,486,2718698327,2718698327
2025-06-19 00:44:48,REAL,2718698327,486,2718698813,2718698813
2025-06-19 00:44:50,REAL,2718698813,487,2718699300,2718699300
2025-06-19 00:44:52,REAL,2718699300,487,2718699787,2718699787
2025-06-19 00:44:54,REAL,2718699787,489,2718700276,2718700276
2025-06-19 00:44:56,REAL,2718700276,478,2718700754,2718700754
2025-06-19 00:44:58,REAL,2718700754,491,2718701245,2718701245
2025-06-19 00:45:00,REAL,2718701245,482,2718701727,2718701727
2025-06-19 00:45:02,REAL,2718701727,487,2718702214,2718702214
2025-06-19 00:45:04,REAL,2718702214,477,2718702691,2718702691
2025-06-19 00:45:06,REAL,2718702691,537,2718703228,2718703228
2025-06-19 00:45:08,REAL,2718703228,491,2718703719,2718703719
2025-06-19 00:45:10,REAL,2718703719,492,2718704211,2718704211
2025-06-19 00:45:12,REAL,2718704211,484,2718704695,2718704695
2025-06-19 00:45:14,REAL,2718704695,540,2718705235,2718705235
2025-06-19 00:45:16,REAL,2718705235,485,2718705720,2718705720
2025-06-19 00:45:18,REAL,2718705720,480,2718706200,2718706200
2025-06-19 00:45:20,REAL,2718706200,480,2718706680,2718706680
2025-06-19 00:45:22,REAL,2718706680,487,2718707167,2718707167
2025-06-19 00:45:24,REAL,2718707167,491,2718707658,2718707658
2025-06-19 00:45:26,REAL,2718707658,476,2718708134,2718708134
2025-06-19 00:45:28,REAL,2718708134,491,2718708625,2718708625
2025-06-19 00:45:30,REAL,2718708625,483,2718709108,2718709108
2025-06-19 00:45:32,REAL,2718709108,488,2718709596,2718709596
2025-06-19 00:45:34,REAL,2718709596,12630,2718722226,2718722226
2025-06-19 00:45:36,REAL,2718722226,11111,2718733337,2718733337
2025-06-19 00:45:38,REAL,2718733337,10261,2718743598,2718743598
2025-06-19 00:45:40,REAL,2718743598,10324,2718753922,2718753922
2025-06-19 00:45:42,REAL,2718753922,10252,2718764174,2718764174
2025-06-19 00:45:44,REAL,2718764174,10262,2718774436,2718774436
2025-06-19 00:45:46,REAL,2718774436,10258,2718784694,2718784694
2025-06-19 00:45:48,REAL,2718784694,7153,2718791847,2718791847
2025-06-19 00:45:50,REAL,2718791847,483,2718792330,2718792330
2025-06-19 00:45:52,REAL,2718792330,487,2718792817,2718792817
2025-06-19 00:45:54,REAL,2718792817,479,2718793296,2718793296
2025-06-19 00:45:56,REAL,2718793296,537,2718793833,2718793833
2025-06-19 00:45:58,REAL,2718793833,490,2718794323,2718794323
2025-06-19 00:46:00,REAL,2718794323,489,2718794812,2718794812
2025-06-19 00:46:02,REAL,2718794812,483,2718795295,2718795295
2025-06-19 00:46:04,REAL,2718795295,478,2718795773,2718795773
2025-06-19 00:46:06,REAL,2718795773,488,2718796261,2718796261
2025-06-19 00:46:08,REAL,2718796261,484,2718796745,2718796745
2025-06-19 00:46:10,REAL,2718796745,488,2718797233,2718797233
2025-06-19 00:46:12,REAL,2718797233,489,2718797722,2718797722
2025-06-19 00:46:14,REAL,2718797722,488,2718798210,2718798210
2025-06-19 00:46:16,REAL,2718798210,541,2718798751,2718798751
2025-06-19 00:46:18,REAL,2718798751,480,2718799231,2718799231
2025-06-19 00:46:20,REAL,2718799231,484,2718799715,2718799715
2025-06-19 00:46:22,REAL,2718799715,538,2718800253,2718800253
2025-06-19 00:46:24,REAL,2718800253,482,2718800735,2718800735
2025-06-19 00:46:26,REAL,2718800735,482,2718801217,2718801217
2025-06-19 00:46:28,REAL,2718801217,483,2718801700,2718801700
2025-06-19 00:46:30,REAL,2718801700,486,2718802186,2718802186
2025-06-19 00:46:32,REAL,2718802186,483,2718802669,2718802669
2025-06-19 00:46:34,REAL,2718802669,483,2718803152,2718803152
2025-06-19 00:46:36,REAL,2718803152,487,2718803639,2718803639
2025-06-19 00:46:38,REAL,2718803639,542,2718804181,2718804181
2025-06-19 00:46:40,REAL,2718804181,484,2718804665,2718804665
2025-06-19 00:46:42,REAL,2718804665,485,2718805150,2718805150
2025-06-19 00:46:44,REAL,2718805150,476,2718805626,2718805626
2025-06-19 00:46:46,REAL,2718805626,491,2718806117,2718806117
2025-06-19 00:46:48,REAL,2718806117,481,2718806598,2718806598
2025-06-19 00:46:50,REAL,2718806598,494,2718807092,2718807092
2025-06-19 00:46:52,REAL,2718807092,484,2718807576,2718807576
2025-06-19 00:46:54,REAL,2718807576,485,2718808061,2718808061
2025-06-19 00:46:56,REAL,2718808061,486,2718808547,2718808547
2025-06-19 00:46:58,REAL,2718808547,534,2718809081,2718809081
2025-06-19 00:47:00,REAL,2718809081,485,2718809566,2718809566
2025-06-19 00:47:02,REAL,2718809566,484,2718810050,2718810050
2025-06-19 00:47:04,REAL,2718810050,491,2718810541,2718810541
2025-06-19 00:47:06,REAL,2718810541,479,2718811020,2718811020
2025-06-19 00:47:08,REAL,2718811020,484,2718811504,2718811504
2025-06-19 00:47:10,REAL,2718811504,482,2718811986,2718811986
2025-06-19 00:47:12,REAL,2718811986,549,2718812535,2718812535
2025-06-19 00:47:14,REAL,2718812535,5977,2718818512,2718818512
2025-06-19 00:47:16,REAL,2718818512,10848,2718829360,2718829360
2025-06-19 00:47:18,REAL,2718829360,10249,2718839609,2718839609
2025-06-19 00:47:20,REAL,2718839609,10311,2718849920,2718849920
2025-06-19 00:47:22,REAL,2718849920,10244,2718860164,2718860164
2025-06-19 00:47:24,REAL,2718860164,10243,2718870407,2718870407
2025-06-19 00:47:26,REAL,2718870407,10254,2718880661,2718880661
2025-06-19 00:47:28,REAL,2718880661,10126,2718890787,2718890787
2025-06-19 00:47:30,REAL,2718890787,481,2718891268,2718891268
2025-06-19 00:47:32,REAL,2718891268,488,2718891756,2718891756
2025-06-19 00:47:34,REAL,2718891756,480,2718892236,2718892236
2025-06-19 00:47:36,REAL,2718892236,478,2718892714,2718892714
2025-06-19 00:47:38,REAL,2718892714,484,2718893198,2718893198
2025-06-19 00:47:40,REAL,2718893198,537,2718893735,2718893735
2025-06-19 00:47:42,REAL,2718893735,492,2718894227,2718894227
2025-06-19 00:47:44,REAL,2718894227,485,2718894712,2718894712
2025-06-19 00:47:46,REAL,2718894712,484,2718895196,2718895196
2025-06-19 00:47:48,REAL,2718895196,485,2718895681,2718895681
2025-06-19 00:47:50,REAL,2718895681,483,2718896164,2718896164
2025-06-19 00:47:52,REAL,2718896164,478,2718896642,2718896642
2025-06-19 00:47:54,REAL,2718896642,490,2718897132,2718897132
2025-06-19 00:47:56,REAL,2718897132,482,2718897614,2718897614
2025-06-19 00:47:58,REAL,2718897614,484,2718898098,2718898098
2025-06-19 00:48:00,REAL,2718898098,481,2718898579,2718898579
2025-06-19 00:48:02,REAL,2718898579,535,2718899114,2718899114
2025-06-19 00:48:04,REAL,2718899114,544,2718899658,2718899658
2025-06-19 00:48:06,REAL,2718899658,479,2718900137,2718900137
2025-06-19 00:48:08,REAL,2718900137,487,2718900624,2718900624
2025-06-19 00:48:10,REAL,2718900624,490,2718901114,2718901114
2025-06-19 00:48:12,REAL,2718901114,481,2718901595,2718901595
2025-06-19 00:48:14,REAL,2718901595,484,2718902079,2718902079
2025-06-19 00:48:16,REAL,2718902079,493,2718902572,2718902572
2025-06-19 00:48:18,REAL,2718902572,477,2718903049,2718903049
2025-06-19 00:48:20,REAL,2718903049,475,2718903524,2718903524
2025-06-19 00:48:22,REAL,2718903524,536,2718904060,2718904060
2025-06-19 00:48:24,REAL,2718904060,476,2718904536,2718904536
2025-06-19 00:48:26,REAL,2718904536,481,2718905017,2718905017
2025-06-19 00:48:28,REAL,2718905017,485,2718905502,2718905502
2025-06-19 00:48:30,REAL,2718905502,492,2718905994,2718905994
2025-06-19 00:48:32,REAL,2718905994,484,2718906478,2718906478
2025-06-19 00:48:34,REAL,2718906478,479,2718906957,2718906957
2025-06-19 00:48:36,REAL,2718906957,485,2718907442,2718907442
2025-06-19 00:48:38,REAL,2718907442,484,2718907926,2718907926
2025-06-19 00:48:40,REAL,2718907926,480,2718908406,2718908406
2025-06-19 00:48:42,REAL,2718908406,489,2718908895,2718908895
2025-06-19 00:48:44,REAL,2718908895,537,2718909432,2718909432
2025-06-19 00:48:46,REAL,2718909432,491,2718909923,2718909923
2025-06-19 00:48:48,REAL,2718909923,484,2718910407,2718910407
2025-06-19 00:48:50,REAL,2718910407,485,2718910892,2718910892
2025-06-19 00:48:52,REAL,2718910892,486,2718911378,2718911378
2025-06-19 00:48:54,REAL,2718911378,482,2718911860,2718911860
2025-06-19 00:48:56,REAL,2718911860,543,2718912403,2718912403
2025-06-19 00:48:58,REAL,2718912403,494,2718912897,2718912897
2025-06-19 00:49:00,REAL,2718912897,486,2718913383,2718913383
2025-06-19 00:49:02,REAL,2718913383,480,2718913863,2718913863
2025-06-19 00:49:04,REAL,2718913863,541,2718914404,2718914404
2025-06-19 00:49:06,REAL,2718914404,10793,2718925197,2718925197
2025-06-19 00:49:08,REAL,2718925197,11509,2718936706,2718936706
2025-06-19 00:49:10,REAL,2718936706,10184,2718946890,2718946890
2025-06-19 00:49:12,REAL,2718946890,10318,2718957208,2718957208
2025-06-19 00:49:14,REAL,2718957208,10254,2718967462,2718967462
2025-06-19 00:49:16,REAL,2718967462,10256,2718977718,2718977718
2025-06-19 00:49:18,REAL,2718977718,10258,2718987976,2718987976
2025-06-19 00:49:20,REAL,2718987976,7943,2718995919,2718995919
2025-06-19 00:49:22,REAL,2718995919,484,2718996403,2718996403
2025-06-19 00:49:24,REAL,2718996403,486,2718996889,2718996889
2025-06-19 00:49:26,REAL,2718996889,548,2718997437,2718997437
2025-06-19 00:49:28,REAL,2718997437,493,2718997930,2718997930
2025-06-19 00:49:30,REAL,2718997930,491,2718998421,2718998421
2025-06-19 00:49:32,REAL,2718998421,482,2718998903,2718998903
2025-06-19 00:49:34,REAL,2718998903,486,2718999389,2718999389
2025-06-19 00:49:36,REAL,2718999389,489,2718999878,2718999878
2025-06-19 00:49:38,REAL,2718999878,9724,2719009602,2719009602
2025-06-19 00:49:40,REAL,2719009602,10318,2719019920,2719019920
2025-06-19 00:49:42,REAL,2719019920,10249,2719030169,2719030169
2025-06-19 00:49:44,REAL,2719030169,10319,2719040488,2719040488
2025-06-19 00:49:46,REAL,2719040488,10303,2719050791,2719050791
2025-06-19 00:49:48,REAL,2719050791,10259,2719061050,2719061050
2025-06-19 00:49:50,REAL,2719061050,10324,2719071374,2719071374
2025-06-19 00:49:52,REAL,2719071374,7290,2719078664,2719078664
2025-06-19 00:49:54,REAL,2719078664,476,2719079140,2719079140
2025-06-19 00:49:56,REAL,2719079140,478,2719079618,2719079618
2025-06-19 00:49:58,REAL,2719079618,484,2719080102,2719080102
2025-06-19 00:50:00,REAL,2719080102,482,2719080584,2719080584
2025-06-19 00:50:02,REAL,2719080584,492,2719081076,2719081076
2025-06-19 00:50:04,REAL,2719081076,487,2719081563,2719081563
2025-06-19 00:50:06,REAL,2719081563,493,2719082056,2719082056
2025-06-19 00:50:08,REAL,2719082056,489,2719082545,2719082545
2025-06-19 00:50:10,REAL,2719082545,484,2719083029,2719083029
2025-06-19 00:50:12,REAL,2719083029,485,2719083514,2719083514
2025-06-19 00:50:14,REAL,2719083514,493,2719084007,2719084007
2025-06-19 00:50:16,REAL,2719084007,474,2719084481,2719084481
2025-06-19 00:50:18,REAL,2719084481,484,2719084965,2719084965
2025-06-19 00:50:20,REAL,2719084965,484,2719085449,2719085449
2025-06-19 00:50:22,REAL,2719085449,544,2719085993,2719085993
2025-06-19 00:50:24,REAL,2719085993,482,2719086475,2719086475
2025-06-19 00:50:26,REAL,2719086475,488,2719086963,2719086963
2025-06-19 00:50:28,REAL,2719086963,540,2719087503,2719087503
2025-06-19 00:50:30,REAL,2719087503,479,2719087982,2719087982
2025-06-19 00:50:32,REAL,2719087982,477,2719088459,2719088459
2025-06-19 00:50:34,REAL,2719088459,483,2719088942,2719088942
2025-06-19 00:50:36,REAL,2719088942,13818,2719102760,2719102760
2025-06-19 00:50:38,REAL,2719102760,10383,2719113143,2719113143
2025-06-19 00:50:40,REAL,2719113143,10325,2719123468,2719123468
2025-06-19 00:50:42,REAL,2719123468,10254,2719133722,2719133722
2025-06-19 00:50:44,REAL,2719133722,10251,2719143973,2719143973
2025-06-19 00:50:46,REAL,2719143973,10311,2719154284,2719154284
2025-06-19 00:50:48,REAL,2719154284,10260,2719164544,2719164544
2025-06-19 00:50:50,REAL,2719164544,6490,2719171034,2719171034
2025-06-19 00:50:52,REAL,2719171034,482,2719171516,2719171516
2025-06-19 00:50:54,REAL,2719171516,491,2719172007,2719172007
2025-06-19 00:50:56,REAL,2719172007,477,2719172484,2719172484
2025-06-19 00:50:58,REAL,2719172484,487,2719172971,2719172971
2025-06-19 00:51:00,REAL,2719172971,533,2719173504,2719173504
2025-06-19 00:51:02,REAL,2719173504,483,2719173987,2719173987
2025-06-19 00:51:04,REAL,2719173987,486,2719174473,2719174473
2025-06-19 00:51:06,REAL,2719174473,483,2719174956,2719174956
2025-06-19 00:51:08,REAL,2719174956,483,2719175439,2719175439
2025-06-19 00:51:10,REAL,2719175439,477,2719175916,2719175916
2025-06-19 00:51:12,REAL,2719175916,493,2719176409,2719176409
2025-06-19 00:51:14,REAL,2719176409,483,2719176892,2719176892
2025-06-19 00:51:16,REAL,2719176892,480,2719177372,2719177372
2025-06-19 00:51:18,REAL,2719177372,488,2719177860,2719177860
2025-06-19 00:51:20,REAL,2719177860,479,2719178339,2719178339
2025-06-19 00:51:22,REAL,2719178339,480,2719178819,2719178819
2025-06-19 00:51:24,REAL,2719178819,490,2719179309,2719179309
2025-06-19 00:51:26,REAL,2719179309,536,2719179845,2719179845
2025-06-19 00:51:28,REAL,2719179845,488,2719180333,2719180333
2025-06-19 00:51:30,REAL,2719180333,491,2719180824,2719180824
2025-06-19 00:51:32,REAL,2719180824,488,2719181312,2719181312
2025-06-19 00:51:34,REAL,2719181312,484,2719181796,2719181796
2025-06-19 00:51:36,REAL,2719181796,542,2719182338,2719182338
2025-06-19 00:51:38,REAL,2719182338,489,2719182827,2719182827
2025-06-19 00:51:40,REAL,2719182827,493,2719183320,2719183320
2025-06-19 00:51:42,REAL,2719183320,480,2719183800,2719183800
2025-06-19 00:51:44,REAL,2719183800,483,2719184283,2719184283
2025-06-19 00:51:46,REAL,2719184283,486,2719184769,2719184769
2025-06-19 00:51:48,REAL,2719184769,480,2719185249,2719185249
2025-06-19 00:51:50,REAL,2719185249,489,2719185738,2719185738
2025-06-19 00:51:52,REAL,2719185738,485,2719186223,2719186223
2025-06-19 00:51:54,REAL,2719186223,487,2719186710,2719186710
2025-06-19 00:51:56,REAL,2719186710,478,2719187188,2719187188
2025-06-19 00:51:58,REAL,2719187188,479,2719187667,2719187667
2025-06-19 00:52:00,REAL,2719187667,480,2719188147,2719188147
2025-06-19 00:52:02,REAL,2719188147,491,2719188638,2719188638
2025-06-19 00:52:04,REAL,2719188638,489,2719189127,2719189127
2025-06-19 00:52:06,REAL,2719189127,483,2719189610,2719189610
2025-06-19 00:52:08,REAL,2719189610,493,2719190103,2719190103
2025-06-19 00:52:10,REAL,2719190103,477,2719190580,2719190580
2025-06-19 00:52:12,REAL,2719190580,488,2719191068,2719191068
2025-06-19 00:52:14,REAL,2719191068,541,2719191609,2719191609
2025-06-19 00:52:16,REAL,2719191609,535,2719192144,2719192144
2025-06-19 00:52:18,REAL,2719192144,490,2719192634,2719192634
2025-06-19 00:52:20,REAL,2719192634,483,2719193117,2719193117
2025-06-19 00:52:22,REAL,2719193117,484,2719193601,2719193601
2025-06-19 00:52:24,REAL,2719193601,484,2719194085,2719194085
2025-06-19 00:52:26,REAL,2719194085,483,2719194568,2719194568
2025-06-19 00:52:28,REAL,2719194568,481,2719195049,2719195049
2025-06-19 00:52:30,REAL,2719195049,487,2719195536,2719195536
2025-06-19 00:52:32,REAL,2719195536,487,2719196023,2719196023
2025-06-19 00:52:34,REAL,2719196023,483,2719196506,2719196506
2025-06-19 00:52:36,REAL,2719196506,487,2719196993,2719196993
2025-06-19 00:52:38,REAL,2719196993,485,2719197478,2719197478
2025-06-19 00:52:40,REAL,2719197478,488,2719197966,2719197966
2025-06-19 00:52:42,REAL,2719197966,484,2719198450,2719198450
2025-06-19 00:52:44,REAL,2719198450,481,2719198931,2719198931
2025-06-19 00:52:46,REAL,2719198931,485,2719199416,2719199416
2025-06-19 00:52:48,REAL,2719199416,9398,2719208814,2719208814
2025-06-19 00:52:50,REAL,2719208814,12484,2719221298,2719221298
2025-06-19 00:52:52,REAL,2719221298,10323,2719231621,2719231621
2025-06-19 00:52:54,REAL,2719231621,10248,2719241869,2719241869
2025-06-19 00:52:56,REAL,2719241869,10316,2719252185,2719252185
2025-06-19 00:52:58,REAL,2719252185,10249,2719262434,2719262434
2025-06-19 00:53:00,REAL,2719262434,10255,2719272689,2719272689
2025-06-19 00:53:02,REAL,2719272689,8926,2719281615,2719281615
2025-06-19 00:53:04,REAL,2719281615,480,2719282095,2719282095
2025-06-19 00:53:06,REAL,2719282095,478,2719282573,2719282573
2025-06-19 00:53:08,REAL,2719282573,2470,2719285043,2719285043
2025-06-19 00:53:10,REAL,2719285043,11705,2719296748,2719296748
2025-06-19 00:53:12,REAL,2719296748,10260,2719307008,2719307008
2025-06-19 00:53:14,REAL,2719307008,10245,2719317253,2719317253
2025-06-19 00:53:16,REAL,2719317253,10317,2719327570,2719327570
2025-06-19 00:53:18,REAL,2719327570,10247,2719337817,2719337817
2025-06-19 00:53:20,REAL,2719337817,10246,2719348063,2719348063
2025-06-19 00:53:22,REAL,2719348063,10320,2719358383,2719358383
2025-06-19 00:53:24,REAL,2719358383,3719,2719362102,2719362102
2025-06-19 00:53:26,REAL,2719362102,540,2719362642,2719362642
2025-06-19 00:53:28,REAL,2719362642,490,2719363132,2719363132
2025-06-19 00:53:30,REAL,2719363132,487,2719363619,2719363619
2025-06-19 00:53:32,REAL,2719363619,547,2719364166,2719364166
2025-06-19 00:53:34,REAL,2719364166,485,2719364651,2719364651
2025-06-19 00:53:36,REAL,2719364651,485,2719365136,2719365136
2025-06-19 00:53:38,REAL,2719365136,476,2719365612,2719365612
2025-06-19 00:53:40,REAL,2719365612,490,2719366102,2719366102
2025-06-19 00:53:42,REAL,2719366102,486,2719366588,2719366588
2025-06-19 00:53:44,REAL,2719366588,485,2719367073,2719367073
2025-06-19 00:53:46,REAL,2719367073,479,2719367552,2719367552
2025-06-19 00:53:48,REAL,2719367552,486,2719368038,2719368038
2025-06-19 00:53:50,REAL,2719368038,482,2719368520,2719368520
2025-06-19 00:53:52,REAL,2719368520,479,2719368999,2719368999
2025-06-19 00:53:54,REAL,2719368999,476,2719369475,2719369475
2025-06-19 00:53:56,REAL,2719369475,475,2719369950,2719369950
2025-06-19 00:53:58,REAL,2719369950,538,2719370488,2719370488
2025-06-19 00:54:00,REAL,2719370488,490,2719370978,2719370978
2025-06-19 00:54:02,REAL,2719370978,480,2719371458,2719371458
2025-06-19 00:54:04,REAL,2719371458,538,2719371996,2719371996
2025-06-19 00:54:06,REAL,2719371996,483,2719372479,2719372479
2025-06-19 00:54:08,REAL,2719372479,480,2719372959,2719372959
2025-06-19 00:54:10,REAL,2719372959,489,2719373448,2719373448
2025-06-19 00:54:12,REAL,2719373448,486,2719373934,2719373934
2025-06-19 00:54:14,REAL,2719373934,485,2719374419,2719374419
2025-06-19 00:54:16,REAL,2719374419,484,2719374903,2719374903
2025-06-19 00:54:18,REAL,2719374903,479,2719375382,2719375382
2025-06-19 00:54:20,REAL,2719375382,479,2719375861,2719375861
2025-06-19 00:54:22,REAL,2719375861,486,2719376347,2719376347
2025-06-19 00:54:24,REAL,2719376347,541,2719376888,2719376888
2025-06-19 00:54:26,REAL,2719376888,485,2719377373,2719377373
2025-06-19 00:54:28,REAL,2719377373,487,2719377860,2719377860
2025-06-19 00:54:30,REAL,2719377860,485,2719378345,2719378345
2025-06-19 00:54:32,REAL,2719378345,490,2719378835,2719378835
2025-06-19 00:54:34,REAL,2719378835,489,2719379324,2719379324
2025-06-19 00:54:36,REAL,2719379324,480,2719379804,2719379804
2025-06-19 00:54:38,REAL,2719379804,487,2719380291,2719380291
2025-06-19 00:54:40,REAL,2719380291,531,2719380822,2719380822
2025-06-19 00:54:42,REAL,2719380822,478,2719381300,2719381300
2025-06-19 00:54:44,REAL,2719381300,4445,2719385745,2719385745
2025-06-19 00:54:46,REAL,2719385745,11238,2719396983,2719396983
2025-06-19 00:54:48,REAL,2719396983,10250,2719407233,2719407233
2025-06-19 00:54:50,REAL,2719407233,10246,2719417479,2719417479
2025-06-19 00:54:52,REAL,2719417479,10254,2719427733,2719427733
2025-06-19 00:54:54,REAL,2719427733,10249,2719437982,2719437982
2025-06-19 00:54:56,REAL,2719437982,10319,2719448301,2719448301
2025-06-19 00:54:58,REAL,2719448301,10250,2719458551,2719458551
2025-06-19 00:55:00,REAL,2719458551,1801,2719460352,2719460352
2025-06-19 00:55:02,REAL,2719460352,486,2719460838,2719460838
2025-06-19 00:55:04,REAL,2719460838,485,2719461323,2719461323
2025-06-19 00:55:06,REAL,2719461323,484,2719461807,2719461807
2025-06-19 00:55:08,REAL,2719461807,540,2719462347,2719462347
2025-06-19 00:55:10,REAL,2719462347,485,2719462832,2719462832
2025-06-19 00:55:12,REAL,2719462832,489,2719463321,2719463321
2025-06-19 00:55:14,REAL,2719463321,480,2719463801,2719463801
2025-06-19 00:55:16,REAL,2719463801,479,2719464280,2719464280
2025-06-19 00:55:18,REAL,2719464280,541,2719464821,2719464821
2025-06-19 00:55:20,REAL,2719464821,482,2719465303,2719465303
2025-06-19 00:55:22,REAL,2719465303,493,2719465796,2719465796
2025-06-19 00:55:24,REAL,2719465796,484,2719466280,2719466280
2025-06-19 00:55:26,REAL,2719466280,488,2719466768,2719466768
2025-06-19 00:55:28,REAL,2719466768,482,2719467250,2719467250
2025-06-19 00:55:30,REAL,2719467250,481,2719467731,2719467731
2025-06-19 00:55:32,REAL,2719467731,544,2719468275,2719468275
2025-06-19 00:55:34,REAL,2719468275,483,2719468758,2719468758
2025-06-19 00:55:36,REAL,2719468758,482,2719469240,2719469240
2025-06-19 00:55:38,REAL,2719469240,490,2719469730,2719469730
2025-06-19 00:55:40,REAL,2719469730,476,2719470206,2719470206
2025-06-19 00:55:42,REAL,2719470206,489,2719470695,2719470695
2025-06-19 00:55:44,REAL,2719470695,482,2719471177,2719471177
2025-06-19 00:55:46,REAL,2719471177,481,2719471658,2719471658
2025-06-19 00:55:48,REAL,2719471658,478,2719472136,2719472136
2025-06-19 00:55:50,REAL,2719472136,479,2719472615,2719472615
2025-06-19 00:55:52,REAL,2719472615,538,2719473153,2719473153
2025-06-19 00:55:54,REAL,2719473153,477,2719473630,2719473630
2025-06-19 00:55:56,REAL,2719473630,487,2719474117,2719474117
2025-06-19 00:55:58,REAL,2719474117,542,2719474659,2719474659
2025-06-19 00:56:00,REAL,2719474659,490,2719475149,2719475149
2025-06-19 00:56:02,REAL,2719475149,482,2719475631,2719475631
2025-06-19 00:56:04,REAL,2719475631,493,2719476124,2719476124
2025-06-19 00:56:06,REAL,2719476124,482,2719476606,2719476606
2025-06-19 00:56:08,REAL,2719476606,480,2719477086,2719477086
2025-06-19 00:56:10,REAL,2719477086,492,2719477578,2719477578
2025-06-19 00:56:12,REAL,2719477578,487,2719478065,2719478065
2025-06-19 00:56:14,REAL,2719478065,484,2719478549,2719478549
2025-06-19 00:56:16,REAL,2719478549,483,2719479032,2719479032
2025-06-19 00:56:18,REAL,2719479032,486,2719479518,2719479518
2025-06-19 00:56:20,REAL,2719479518,7680,2719487198,2719487198
2025-06-19 00:56:22,REAL,2719487198,12627,2719499825,2719499825
2025-06-19 00:56:24,REAL,2719499825,10250,2719510075,2719510075
2025-06-19 00:56:26,REAL,2719510075,10373,2719520448,2719520448
2025-06-19 00:56:28,REAL,2719520448,10975,2719531423,2719531423
2025-06-19 00:56:30,REAL,2719531423,9527,2719540950,2719540950
2025-06-19 00:56:32,REAL,2719540950,10315,2719551265,2719551265
2025-06-19 00:56:34,REAL,2719551265,9721,2719560986,2719560986
2025-06-19 00:56:36,REAL,2719560986,483,2719561469,2719561469
2025-06-19 00:56:38,REAL,2719561469,483,2719561952,2719561952
2025-06-19 00:56:40,REAL,2719561952,483,2719562435,2719562435
2025-06-19 00:56:42,REAL,2719562435,483,2719562918,2719562918
2025-06-19 00:56:44,REAL,2719562918,538,2719563456,2719563456
2025-06-19 00:56:46,REAL,2719563456,474,2719563930,2719563930
2025-06-19 00:56:48,REAL,2719563930,482,2719564412,2719564412
2025-06-19 00:56:50,REAL,2719564412,490,2719564902,2719564902
2025-06-19 00:56:52,REAL,2719564902,482,2719565384,2719565384
2025-06-19 00:56:54,REAL,2719565384,485,2719565869,2719565869
2025-06-19 00:56:56,REAL,2719565869,490,2719566359,2719566359
2025-06-19 00:56:58,REAL,2719566359,476,2719566835,2719566835
2025-06-19 00:57:00,REAL,2719566835,540,2719567375,2719567375
2025-06-19 00:57:02,REAL,2719567375,478,2719567853,2719567853
2025-06-19 00:57:04,REAL,2719567853,485,2719568338,2719568338
2025-06-19 00:57:06,REAL,2719568338,476,2719568814,2719568814
2025-06-19 00:57:08,REAL,2719568814,489,2719569303,2719569303
2025-06-19 00:57:10,REAL,2719569303,548,2719569851,2719569851
2025-06-19 00:57:12,REAL,2719569851,478,2719570329,2719570329
2025-06-19 00:57:14,REAL,2719570329,487,2719570816,2719570816
2025-06-19 00:57:16,REAL,2719570816,488,2719571304,2719571304
2025-06-19 00:57:18,REAL,2719571304,478,2719571782,2719571782
2025-06-19 00:57:20,REAL,2719571782,489,2719572271,2719572271
2025-06-19 00:57:22,REAL,2719572271,482,2719572753,2719572753
2025-06-19 00:57:24,REAL,2719572753,491,2719573244,2719573244
2025-06-19 00:57:26,REAL,2719573244,482,2719573726,2719573726
2025-06-19 00:57:28,REAL,2719573726,480,2719574206,2719574206
2025-06-19 00:57:30,REAL,2719574206,482,2719574688,2719574688
2025-06-19 00:57:32,REAL,2719574688,537,2719575225,2719575225
2025-06-19 00:57:34,REAL,2719575225,487,2719575712,2719575712
2025-06-19 00:57:36,REAL,2719575712,535,2719576247,2719576247
2025-06-19 00:57:38,REAL,2719576247,487,2719576734,2719576734
2025-06-19 00:57:40,REAL,2719576734,485,2719577219,2719577219
2025-06-19 00:57:42,REAL,2719577219,488,2719577707,2719577707
2025-06-19 00:57:44,REAL,2719577707,474,2719578181,2719578181
2025-06-19 00:57:46,REAL,2719578181,475,2719578656,2719578656
2025-06-19 00:57:48,REAL,2719578656,483,2719579139,2719579139
2025-06-19 00:57:50,REAL,2719579139,477,2719579616,2719579616
2025-06-19 00:57:52,REAL,2719579616,485,2719580101,2719580101
2025-06-19 00:57:54,REAL,2719580101,488,2719580589,2719580589
2025-06-19 00:57:56,REAL,2719580589,480,2719581069,2719581069
2025-06-19 00:57:58,REAL,2719581069,484,2719581553,2719581553
2025-06-19 00:58:00,REAL,2719581553,484,2719582037,2719582037
2025-06-19 00:58:02,REAL,2719582037,540,2719582577,2719582577
2025-06-19 00:58:04,REAL,2719582577,486,2719583063,2719583063
2025-06-19 00:58:06,REAL,2719583063,546,2719583609,2719583609
2025-06-19 00:58:08,REAL,2719583609,485,2719584094,2719584094
2025-06-19 00:58:10,REAL,2719584094,479,2719584573,2719584573
2025-06-19 00:58:12,REAL,2719584573,481,2719585054,2719585054
2025-06-19 00:58:14,REAL,2719585054,481,2719585535,2719585535
2025-06-19 00:58:16,REAL,2719585535,3593,2719589128,2719589128
2025-06-19 00:58:18,REAL,2719589128,11375,2719600503,2719600503
2025-06-19 00:58:20,REAL,2719600503,10313,2719610816,2719610816
2025-06-19 00:58:22,REAL,2719610816,10249,2719621065,2719621065
2025-06-19 00:58:24,REAL,2719621065,10251,2719631316,2719631316
2025-06-19 00:58:26,REAL,2719631316,10077,2719641393,2719641393
2025-06-19 00:58:28,REAL,2719641393,10257,2719651650,2719651650
2025-06-19 00:58:30,REAL,2719651650,10258,2719661908,2719661908
2025-06-19 00:58:32,REAL,2719661908,2592,2719664500,2719664500
2025-06-19 00:58:34,REAL,2719664500,491,2719664991,2719664991
2025-06-19 00:58:36,REAL,2719664991,484,2719665475,2719665475
2025-06-19 00:58:38,REAL,2719665475,482,2719665957,2719665957
2025-06-19 00:58:40,REAL,2719665957,544,2719666501,2719666501
2025-06-19 00:58:42,REAL,2719666501,486,2719666987,2719666987
2025-06-19 00:58:44,REAL,2719666987,484,2719667471,2719667471
2025-06-19 00:58:46,REAL,2719667471,477,2719667948,2719667948
2025-06-19 00:58:48,REAL,2719667948,485,2719668433,2719668433
2025-06-19 00:58:50,REAL,2719668433,489,2719668922,2719668922
2025-06-19 00:58:52,REAL,2719668922,486,2719669408,2719669408
2025-06-19 00:58:54,REAL,2719669408,490,2719669898,2719669898
2025-06-19 00:58:56,REAL,2719669898,544,2719670442,2719670442
2025-06-19 00:58:58,REAL,2719670442,480,2719670922,2719670922
2025-06-19 00:59:00,REAL,2719670922,476,2719671398,2719671398
2025-06-19 00:59:02,REAL,2719671398,486,2719671884,2719671884
2025-06-19 00:59:04,REAL,2719671884,479,2719672363,2719672363
2025-06-19 00:59:06,REAL,2719672363,484,2719672847,2719672847
2025-06-19 00:59:08,REAL,2719672847,478,2719673325,2719673325
2025-06-19 00:59:10,REAL,2719673325,480,2719673805,2719673805
2025-06-19 00:59:12,REAL,2719673805,481,2719674286,2719674286
2025-06-19 00:59:14,REAL,2719674286,538,2719674824,2719674824
2025-06-19 00:59:16,REAL,2719674824,484,2719675308,2719675308
2025-06-19 00:59:18,REAL,2719675308,491,2719675799,2719675799
2025-06-19 00:59:20,REAL,2719675799,487,2719676286,2719676286
2025-06-19 00:59:22,REAL,2719676286,484,2719676770,2719676770
2025-06-19 00:59:24,REAL,2719676770,489,2719677259,2719677259
2025-06-19 00:59:26,REAL,2719677259,486,2719677745,2719677745
2025-06-19 00:59:28,REAL,2719677745,487,2719678232,2719678232
2025-06-19 00:59:30,REAL,2719678232,491,2719678723,2719678723
2025-06-19 00:59:32,REAL,2719678723,483,2719679206,2719679206
2025-06-19 00:59:34,REAL,2719679206,485,2719679691,2719679691
2025-06-19 00:59:36,REAL,2719679691,482,2719680173,2719680173
2025-06-19 00:59:38,REAL,2719680173,540,2719680713,2719680713
2025-06-19 00:59:40,REAL,2719680713,478,2719681191,2719681191
2025-06-19 00:59:42,REAL,2719681191,481,2719681672,2719681672
2025-06-19 00:59:44,REAL,2719681672,476,2719682148,2719682148
2025-06-19 00:59:46,REAL,2719682148,539,2719682687,2719682687
2025-06-19 00:59:48,REAL,2719682687,490,2719683177,2719683177
2025-06-19 00:59:50,REAL,2719683177,487,2719683664,2719683664
2025-06-19 00:59:52,REAL,2719683664,483,2719684147,2719684147
2025-06-19 00:59:54,REAL,2719684147,485,2719684632,2719684632
2025-06-19 00:59:56,REAL,2719684632,488,2719685120,2719685120
2025-06-19 00:59:58,REAL,2719685120,482,2719685602,2719685602
2025-06-19 01:00:00,REAL,2719685602,489,2719686091,2719686091
2025-06-19 01:00:02,REAL,2719686091,484,2719686575,2719686575
2025-06-19 01:00:04,REAL,2719686575,483,2719687058,2719687058
2025-06-19 01:00:06,REAL,2719687058,487,2719687545,2719687545
2025-06-19 01:00:08,REAL,2719687545,476,2719688021,2719688021
2025-06-19 01:00:10,REAL,2719688021,488,2719688509,2719688509
2025-06-19 01:00:12,REAL,2719688509,485,2719688994,2719688994
2025-06-19 01:00:14,REAL,2719688994,484,2719689478,2719689478
2025-06-19 01:00:16,REAL,2719689478,479,2719689957,2719689957
2025-06-19 01:00:18,REAL,2719689957,539,2719690496,2719690496
2025-06-19 01:00:20,REAL,2719690496,481,2719690977,2719690977
2025-06-19 01:00:22,REAL,2719690977,539,2719691516,2719691516
2025-06-19 01:00:24,REAL,2719691516,478,2719691994,2719691994
2025-06-19 01:00:26,REAL,2719691994,487,2719692481,2719692481
2025-06-19 01:00:28,REAL,2719692481,476,2719692957,2719692957
2025-06-19 01:00:30,REAL,2719692957,485,2719693442,2719693442
2025-06-19 01:00:32,REAL,2719693442,493,2719693935,2719693935
2025-06-19 01:00:34,REAL,2719693935,12234,2719706169,2719706169
2025-06-19 01:00:36,REAL,2719706169,10250,2719716419,2719716419
2025-06-19 01:00:38,REAL,2719716419,10251,2719726670,2719726670
2025-06-19 01:00:40,REAL,2719726670,10254,2719736924,2719736924
2025-06-19 01:00:42,REAL,2719736924,10258,2719747182,2719747182
2025-06-19 01:00:44,REAL,2719747182,10255,2719757437,2719757437
2025-06-19 01:00:46,REAL,2719757437,10251,2719767688,2719767688
2025-06-19 01:00:48,REAL,2719767688,5428,2719773116,2719773116
2025-06-19 01:00:50,REAL,2719773116,547,2719773663,2719773663
2025-06-19 01:00:52,REAL,2719773663,490,2719774153,2719774153
2025-06-19 01:00:54,REAL,2719774153,484,2719774637,2719774637
2025-06-19 01:00:56,REAL,2719774637,474,2719775111,2719775111
2025-06-19 01:00:58,REAL,2719775111,481,2719775592,2719775592
2025-06-19 01:01:00,REAL,2719775592,479,2719776071,2719776071
2025-06-19 01:01:02,REAL,2719776071,488,2719776559,2719776559
2025-06-19 01:01:04,REAL,2719776559,823,2719777382,2719777382
2025-06-19 01:01:06,REAL,2719777382,14874,2719792256,2719792256
2025-06-19 01:01:08,REAL,2719792256,10253,2719802509,2719802509
2025-06-19 01:01:10,REAL,2719802509,10317,2719812826,2719812826
2025-06-19 01:01:12,REAL,2719812826,10251,2719823077,2719823077
2025-06-19 01:01:14,REAL,2719823077,10245,2719833322,2719833322
2025-06-19 01:01:16,REAL,2719833322,10255,2719843577,2719843577
2025-06-19 01:01:18,REAL,2719843577,10375,2719853952,2719853952
2025-06-19 01:01:20,REAL,2719853952,4770,2719858722,2719858722
2025-06-19 01:01:22,REAL,2719858722,480,2719859202,2719859202
2025-06-19 01:01:24,REAL,2719859202,485,2719859687,2719859687
2025-06-19 01:01:26,REAL,2719859687,486,2719860173,2719860173
2025-06-19 01:01:28,REAL,2719860173,478,2719860651,2719860651
2025-06-19 01:01:30,REAL,2719860651,481,2719861132,2719861132
2025-06-19 01:01:32,REAL,2719861132,485,2719861617,2719861617
2025-06-19 01:01:34,REAL,2719861617,482,2719862099,2719862099
2025-06-19 01:01:36,REAL,2719862099,1881,2719863980,2719863980
2025-06-19 01:01:38,REAL,2719863980,11904,2719875884,2719875884
2025-06-19 01:01:40,REAL,2719875884,10314,2719886198,2719886198
2025-06-19 01:01:42,REAL,2719886198,10252,2719896450,2719896450
2025-06-19 01:01:44,REAL,2719896450,10249,2719906699,2719906699
2025-06-19 01:01:46,REAL,2719906699,10251,2719916950,2719916950
2025-06-19 01:01:48,REAL,2719916950,10307,2719927257,2719927257
2025-06-19 01:01:50,REAL,2719927257,10255,2719937512,2719937512
2025-06-19 01:01:52,REAL,2719937512,4177,2719941689,2719941689
2025-06-19 01:01:54,REAL,2719941689,481,2719942170,2719942170
2025-06-19 01:01:56,REAL,2719942170,485,2719942655,2719942655
2025-06-19 01:01:58,REAL,2719942655,481,2719943136,2719943136
2025-06-19 01:02:00,REAL,2719943136,483,2719943619,2719943619
2025-06-19 01:02:02,REAL,2719943619,480,2719944099,2719944099
2025-06-19 01:02:04,REAL,2719944099,482,2719944581,2719944581
2025-06-19 01:02:06,REAL,2719944581,482,2719945063,2719945063
2025-06-19 01:02:08,REAL,2719945063,2605,2719947668,2719947668
2025-06-19 01:02:10,REAL,2719947668,15069,2719962737,2719962737
2025-06-19 01:02:12,REAL,2719962737,10247,2719972984,2719972984
2025-06-19 01:02:14,REAL,2719972984,10323,2719983307,2719983307
2025-06-19 01:02:16,REAL,2719983307,10256,2719993563,2719993563
2025-06-19 01:02:18,REAL,2719993563,10310,2720003873,2720003873
2025-06-19 01:02:20,REAL,2720003873,10250,2720014123,2720014123
2025-06-19 01:02:22,REAL,2720014123,10314,2720024437,2720024437
2025-06-19 01:02:24,REAL,2720024437,3521,2720027958,2720027958
2025-06-19 01:02:26,REAL,2720027958,486,2720028444,2720028444
2025-06-19 01:02:28,REAL,2720028444,490,2720028934,2720028934
2025-06-19 01:02:30,REAL,2720028934,486,2720029420,2720029420
2025-06-19 01:02:32,REAL,2720029420,483,2720029903,2720029903
2025-06-19 01:02:34,REAL,2720029903,492,2720030395,2720030395
2025-06-19 01:02:36,REAL,2720030395,483,2720030878,2720030878
2025-06-19 01:02:38,REAL,2720030878,483,2720031361,2720031361
2025-06-19 01:02:40,REAL,2720031361,484,2720031845,2720031845
2025-06-19 01:02:42,REAL,2720031845,487,2720032332,2720032332
2025-06-19 01:02:44,REAL,2720032332,494,2720032826,2720032826
2025-06-19 01:02:46,REAL,2720032826,538,2720033364,2720033364
2025-06-19 01:02:48,REAL,2720033364,486,2720033850,2720033850
2025-06-19 01:02:50,REAL,2720033850,550,2720034400,2720034400
2025-06-19 01:02:52,REAL,2720034400,483,2720034883,2720034883
2025-06-19 01:02:54,REAL,2720034883,484,2720035367,2720035367
2025-06-19 01:02:56,REAL,2720035367,481,2720035848,2720035848
2025-06-19 01:02:58,REAL,2720035848,487,2720036335,2720036335
2025-06-19 01:03:00,REAL,2720036335,489,2720036824,2720036824
2025-06-19 01:03:02,REAL,2720036824,481,2720037305,2720037305
2025-06-19 01:03:04,REAL,2720037305,490,2720037795,2720037795
2025-06-19 01:03:06,REAL,2720037795,484,2720038279,2720038279
2025-06-19 01:03:08,REAL,2720038279,475,2720038754,2720038754
2025-06-19 01:03:10,REAL,2720038754,490,2720039244,2720039244
2025-06-19 01:03:12,REAL,2720039244,3996,2720043240,2720043240
2025-06-19 01:03:14,REAL,2720043240,11380,2720054620,2720054620
2025-06-19 01:03:16,REAL,2720054620,10313,2720064933,2720064933
2025-06-19 01:03:18,REAL,2720064933,10262,2720075195,2720075195
2025-06-19 01:03:20,REAL,2720075195,10315,2720085510,2720085510
2025-06-19 01:03:22,REAL,2720085510,10258,2720095768,2720095768
2025-06-19 01:03:24,REAL,2720095768,10255,2720106023,2720106023
2025-06-19 01:03:26,REAL,2720106023,10321,2720116344,2720116344
2025-06-19 01:03:28,REAL,2720116344,2269,2720118613,2720118613
2025-06-19 01:03:30,REAL,2720118613,477,2720119090,2720119090
2025-06-19 01:03:32,REAL,2720119090,483,2720119573,2720119573
2025-06-19 01:03:34,REAL,2720119573,479,2720120052,2720120052
2025-06-19 01:03:36,REAL,2720120052,488,2720120540,2720120540
2025-06-19 01:03:38,REAL,2720120540,486,2720121026,2720121026
2025-06-19 01:03:40,REAL,2720121026,484,2720121510,2720121510
2025-06-19 01:03:42,REAL,2720121510,486,2720121996,2720121996
2025-06-19 01:03:44,REAL,2720121996,4785,2720126781,2720126781
2025-06-19 01:03:46,REAL,2720126781,11356,2720138137,2720138137
2025-06-19 01:03:48,REAL,2720138137,10254,2720148391,2720148391
2025-06-19 01:03:50,REAL,2720148391,10254,2720158645,2720158645
2025-06-19 01:03:52,REAL,2720158645,10260,2720168905,2720168905
2025-06-19 01:03:54,REAL,2720168905,10254,2720179159,2720179159
2025-06-19 01:03:56,REAL,2720179159,10258,2720189417,2720189417
2025-06-19 01:03:58,REAL,2720189417,10249,2720199666,2720199666
2025-06-19 01:04:00,REAL,2720199666,1669,2720201335,2720201335
2025-06-19 01:04:02,REAL,2720201335,493,2720201828,2720201828
2025-06-19 01:04:04,REAL,2720201828,487,2720202315,2720202315
2025-06-19 01:04:06,REAL,2720202315,482,2720202797,2720202797
2025-06-19 01:04:08,REAL,2720202797,485,2720203282,2720203282
2025-06-19 01:04:10,REAL,2720203282,481,2720203763,2720203763
2025-06-19 01:04:12,REAL,2720203763,486,2720204249,2720204249
2025-06-19 01:04:14,REAL,2720204249,543,2720204792,2720204792
2025-06-19 01:04:16,REAL,2720204792,5699,2720210491,2720210491
2025-06-19 01:04:18,REAL,2720210491,11308,2720221799,2720221799
2025-06-19 01:04:20,REAL,2720221799,10318,2720232117,2720232117
2025-06-19 01:04:22,REAL,2720232117,10247,2720242364,2720242364
2025-06-19 01:04:24,REAL,2720242364,10249,2720252613,2720252613
2025-06-19 01:04:26,REAL,2720252613,10249,2720262862,2720262862
2025-06-19 01:04:28,REAL,2720262862,10319,2720273181,2720273181
2025-06-19 01:04:30,REAL,2720273181,10247,2720283428,2720283428
2025-06-19 01:04:32,REAL,2720283428,1006,2720284434,2720284434
2025-06-19 01:04:34,REAL,2720284434,489,2720284923,2720284923
2025-06-19 01:04:36,REAL,2720284923,483,2720285406,2720285406
2025-06-19 01:04:38,REAL,2720285406,489,2720285895,2720285895
2025-06-19 01:04:40,REAL,2720285895,480,2720286375,2720286375
2025-06-19 01:04:42,REAL,2720286375,489,2720286864,2720286864
2025-06-19 01:04:44,REAL,2720286864,537,2720287401,2720287401
2025-06-19 01:04:46,REAL,2720287401,485,2720287886,2720287886
2025-06-19 01:04:48,REAL,2720287886,480,2720288366,2720288366
2025-06-19 01:04:50,REAL,2720288366,489,2720288855,2720288855
2025-06-19 01:04:52,REAL,2720288855,485,2720289340,2720289340
2025-06-19 01:04:54,REAL,2720289340,12036,2720301376,2720301376
2025-06-19 01:04:56,REAL,2720301376,10255,2720311631,2720311631
2025-06-19 01:04:58,REAL,2720311631,10251,2720321882,2720321882
2025-06-19 01:05:00,REAL,2720321882,10246,2720332128,2720332128
2025-06-19 01:05:02,REAL,2720332128,10321,2720342449,2720342449
2025-06-19 01:05:04,REAL,2720342449,10255,2720352704,2720352704
2025-06-19 01:05:06,REAL,2720352704,10322,2720363026,2720363026
2025-06-19 01:05:08,REAL,2720363026,5236,2720368262,2720368262
2025-06-19 01:05:10,REAL,2720368262,486,2720368748,2720368748
2025-06-19 01:05:12,REAL,2720368748,477,2720369225,2720369225
2025-06-19 01:05:14,REAL,2720369225,486,2720369711,2720369711
2025-06-19 01:05:16,REAL,2720369711,485,2720370196,2720370196
2025-06-19 01:05:18,REAL,2720370196,536,2720370732,2720370732
2025-06-19 01:05:20,REAL,2720370732,486,2720371218,2720371218
2025-06-19 01:05:22,REAL,2720371218,489,2720371707,2720371707
2025-06-19 01:05:24,REAL,2720371707,490,2720372197,2720372197
2025-06-19 01:05:26,REAL,2720372197,483,2720372680,2720372680
2025-06-19 01:05:28,REAL,2720372680,487,2720373167,2720373167
2025-06-19 01:05:30,REAL,2720373167,477,2720373644,2720373644
2025-06-19 01:05:32,REAL,2720373644,489,2720374133,2720374133
2025-06-19 01:05:34,REAL,2720374133,483,2720374616,2720374616
2025-06-19 01:05:36,REAL,2720374616,482,2720375098,2720375098
2025-06-19 01:05:38,REAL,2720375098,486,2720375584,2720375584
2025-06-19 01:05:40,REAL,2720375584,534,2720376118,2720376118
2025-06-19 01:05:42,REAL,2720376118,480,2720376598,2720376598
2025-06-19 01:05:44,REAL,2720376598,488,2720377086,2720377086
2025-06-19 01:05:46,REAL,2720377086,486,2720377572,2720377572
2025-06-19 01:05:48,REAL,2720377572,486,2720378058,2720378058
2025-06-19 01:05:50,REAL,2720378058,493,2720378551,2720378551
2025-06-19 01:05:52,REAL,2720378551,479,2720379030,2720379030
2025-06-19 01:05:54,REAL,2720379030,542,2720379572,2720379572
2025-06-19 01:05:56,REAL,2720379572,484,2720380056,2720380056
2025-06-19 01:05:58,REAL,2720380056,491,2720380547,2720380547
2025-06-19 01:06:00,REAL,2720380547,484,2720381031,2720381031
2025-06-19 01:06:02,REAL,2720381031,492,2720381523,2720381523
2025-06-19 01:06:04,REAL,2720381523,491,2720382014,2720382014
2025-06-19 01:06:06,REAL,2720382014,481,2720382495,2720382495
2025-06-19 01:06:08,REAL,2720382495,484,2720382979,2720382979
2025-06-19 01:06:10,REAL,2720382979,488,2720383467,2720383467
2025-06-19 01:06:12,REAL,2720383467,486,2720383953,2720383953
2025-06-19 01:06:14,REAL,2720383953,477,2720384430,2720384430
2025-06-19 01:06:16,REAL,2720384430,488,2720384918,2720384918
2025-06-19 01:06:18,REAL,2720384918,484,2720385402,2720385402
2025-06-19 01:06:20,REAL,2720385402,475,2720385877,2720385877
2025-06-19 01:06:22,REAL,2720385877,490,2720386367,2720386367
2025-06-19 01:06:24,REAL,2720386367,478,2720386845,2720386845
2025-06-19 01:06:26,REAL,2720386845,541,2720387386,2720387386
2025-06-19 01:06:28,REAL,2720387386,490,2720387876,2720387876
2025-06-19 01:06:30,REAL,2720387876,540,2720388416,2720388416
2025-06-19 01:06:32,REAL,2720388416,481,2720388897,2720388897
2025-06-19 01:06:34,REAL,2720388897,488,2720389385,2720389385
2025-06-19 01:06:36,REAL,2720389385,476,2720389861,2720389861
2025-06-19 01:06:38,REAL,2720389861,490,2720390351,2720390351
2025-06-19 01:06:40,REAL,2720390351,483,2720390834,2720390834
2025-06-19 01:06:42,REAL,2720390834,484,2720391318,2720391318
2025-06-19 01:06:44,REAL,2720391318,480,2720391798,2720391798
2025-06-19 01:06:46,REAL,2720391798,482,2720392280,2720392280
2025-06-19 01:06:48,REAL,2720392280,481,2720392761,2720392761
2025-06-19 01:06:50,REAL,2720392761,490,2720393251,2720393251
2025-06-19 01:06:52,REAL,2720393251,484,2720393735,2720393735
2025-06-19 01:06:54,REAL,2720393735,479,2720394214,2720394214
2025-06-19 01:06:56,REAL,2720394214,487,2720394701,2720394701
2025-06-19 01:06:58,REAL,2720394701,481,2720395182,2720395182
2025-06-19 01:07:00,REAL,2720395182,488,2720395670,2720395670
2025-06-19 01:07:02,REAL,2720395670,476,2720396146,2720396146
2025-06-19 01:07:04,REAL,2720396146,480,2720396626,2720396626
2025-06-19 01:07:06,REAL,2720396626,540,2720397166,2720397166
2025-06-19 01:07:08,REAL,2720397166,481,2720397647,2720397647
2025-06-19 01:07:10,REAL,2720397647,489,2720398136,2720398136
2025-06-19 01:07:12,REAL,2720398136,489,2720398625,2720398625
2025-06-19 01:07:14,REAL,2720398625,542,2720399167,2720399167
2025-06-19 01:07:16,REAL,2720399167,475,2720399642,2720399642
2025-06-19 01:07:18,REAL,2720399642,484,2720400126,2720400126
2025-06-19 01:07:20,REAL,2720400126,481,2720400607,2720400607
2025-06-19 01:07:22,REAL,2720400607,487,2720401094,2720401094
2025-06-19 01:07:24,REAL,2720401094,491,2720401585,2720401585
2025-06-19 01:07:26,REAL,2720401585,487,2720402072,2720402072
2025-06-19 01:07:28,REAL,2720402072,480,2720402552,2720402552
2025-06-19 01:07:30,REAL,2720402552,474,2720403026,2720403026
2025-06-19 01:07:32,REAL,2720403026,4257,2720407283,2720407283
2025-06-19 01:07:34,REAL,2720407283,11703,2720418986,2720418986
2025-06-19 01:07:36,REAL,2720418986,10256,2720429242,2720429242
2025-06-19 01:07:38,REAL,2720429242,10318,2720439560,2720439560
2025-06-19 01:07:40,REAL,2720439560,10251,2720449811,2720449811
2025-06-19 01:07:42,REAL,2720449811,10262,2720460073,2720460073
2025-06-19 01:07:44,REAL,2720460073,10369,2720470442,2720470442
2025-06-19 01:07:46,REAL,2720470442,10252,2720480694,2720480694
2025-06-19 01:07:48,REAL,2720480694,2139,2720482833,2720482833
2025-06-19 01:07:50,REAL,2720482833,484,2720483317,2720483317
2025-06-19 01:07:52,REAL,2720483317,487,2720483804,2720483804
2025-06-19 01:07:54,REAL,2720483804,486,2720484290,2720484290
2025-06-19 01:07:56,REAL,2720484290,485,2720484775,2720484775
2025-06-19 01:07:58,REAL,2720484775,489,2720485264,2720485264
2025-06-19 01:08:00,REAL,2720485264,485,2720485749,2720485749
2025-06-19 01:08:02,REAL,2720485749,490,2720486239,2720486239
2025-06-19 01:08:04,REAL,2720486239,4916,2720491155,2720491155
2025-06-19 01:08:06,REAL,2720491155,11437,2720502592,2720502592
2025-06-19 01:08:08,REAL,2720502592,10251,2720512843,2720512843
2025-06-19 01:08:10,REAL,2720512843,10313,2720523156,2720523156
2025-06-19 01:08:12,REAL,2720523156,10321,2720533477,2720533477
2025-06-19 01:08:14,REAL,2720533477,10246,2720543723,2720543723
2025-06-19 01:08:16,REAL,2720543723,10255,2720553978,2720553978
2025-06-19 01:08:18,REAL,2720553978,10257,2720564235,2720564235
2025-06-19 01:08:20,REAL,2720564235,1598,2720565833,2720565833
2025-06-19 01:08:22,REAL,2720565833,485,2720566318,2720566318
2025-06-19 01:08:24,REAL,2720566318,490,2720566808,2720566808
2025-06-19 01:08:26,REAL,2720566808,490,2720567298,2720567298
2025-06-19 01:08:28,REAL,2720567298,478,2720567776,2720567776
2025-06-19 01:08:30,REAL,2720567776,486,2720568262,2720568262
2025-06-19 01:08:32,REAL,2720568262,538,2720568800,2720568800
2025-06-19 01:08:34,REAL,2720568800,485,2720569285,2720569285
2025-06-19 01:08:36,REAL,2720569285,483,2720569768,2720569768
2025-06-19 01:08:38,REAL,2720569768,481,2720570249,2720570249
2025-06-19 01:08:40,REAL,2720570249,490,2720570739,2720570739
2025-06-19 01:08:42,REAL,2720570739,475,2720571214,2720571214
2025-06-19 01:08:44,REAL,2720571214,483,2720571697,2720571697
2025-06-19 01:08:46,REAL,2720571697,483,2720572180,2720572180
2025-06-19 01:08:48,REAL,2720572180,484,2720572664,2720572664
2025-06-19 01:08:50,REAL,2720572664,477,2720573141,2720573141
2025-06-19 01:08:52,REAL,2720573141,482,2720573623,2720573623
2025-06-19 01:08:54,REAL,2720573623,541,2720574164,2720574164
2025-06-19 01:08:56,REAL,2720574164,484,2720574648,2720574648
2025-06-19 01:08:58,REAL,2720574648,477,2720575125,2720575125
2025-06-19 01:09:00,REAL,2720575125,484,2720575609,2720575609
2025-06-19 01:09:02,REAL,2720575609,544,2720576153,2720576153
2025-06-19 01:09:04,REAL,2720576153,487,2720576640,2720576640
2025-06-19 01:09:06,REAL,2720576640,484,2720577124,2720577124
2025-06-19 01:09:08,REAL,2720577124,491,2720577615,2720577615
2025-06-19 01:09:10,REAL,2720577615,478,2720578093,2720578093
2025-06-19 01:09:12,REAL,2720578093,487,2720578580,2720578580
2025-06-19 01:09:14,REAL,2720578580,485,2720579065,2720579065
2025-06-19 01:09:16,REAL,2720579065,481,2720579546,2720579546
2025-06-19 01:09:18,REAL,2720579546,487,2720580033,2720580033
2025-06-19 01:09:20,REAL,2720580033,487,2720580520,2720580520
2025-06-19 01:09:22,REAL,2720580520,484,2720581004,2720581004
2025-06-19 01:09:24,REAL,2720581004,494,2720581498,2720581498
2025-06-19 01:09:26,REAL,2720581498,488,2720581986,2720581986
2025-06-19 01:09:28,REAL,2720581986,486,2720582472,2720582472
2025-06-19 01:09:30,REAL,2720582472,538,2720583010,2720583010
2025-06-19 01:09:32,REAL,2720583010,535,2720583545,2720583545
2025-06-19 01:09:34,REAL,2720583545,486,2720584031,2720584031
2025-06-19 01:09:36,REAL,2720584031,486,2720584517,2720584517
2025-06-19 01:09:38,REAL,2720584517,490,2720585007,2720585007
2025-06-19 01:09:40,REAL,2720585007,485,2720585492,2720585492
2025-06-19 01:09:42,REAL,2720585492,482,2720585974,2720585974
2025-06-19 01:09:44,REAL,2720585974,481,2720586455,2720586455
2025-06-19 01:09:46,REAL,2720586455,482,2720586937,2720586937
2025-06-19 01:09:48,REAL,2720586937,481,2720587418,2720587418
2025-06-19 01:09:50,REAL,2720587418,488,2720587906,2720587906
2025-06-19 01:09:52,REAL,2720587906,483,2720588389,2720588389
2025-06-19 01:09:54,REAL,2720588389,483,2720588872,2720588872
2025-06-19 01:09:56,REAL,2720588872,479,2720589351,2720589351
2025-06-19 01:09:58,REAL,2720589351,486,2720589837,2720589837
2025-06-19 01:10:00,REAL,2720589837,488,2720590325,2720590325
2025-06-19 01:10:02,REAL,2720590325,547,2720590872,2720590872
2025-06-19 01:10:04,REAL,2720590872,477,2720591349,2720591349
2025-06-19 01:10:06,REAL,2720591349,536,2720591885,2720591885
2025-06-19 01:10:08,REAL,2720591885,488,2720592373,2720592373
2025-06-19 01:10:10,REAL,2720592373,474,2720592847,2720592847
2025-06-19 01:10:12,REAL,2720592847,484,2720593331,2720593331
2025-06-19 01:10:14,REAL,2720593331,487,2720593818,2720593818
2025-06-19 01:10:16,REAL,2720593818,488,2720594306,2720594306
2025-06-19 01:10:18,REAL,2720594306,483,2720594789,2720594789
2025-06-19 01:10:20,REAL,2720594789,477,2720595266,2720595266
2025-06-19 01:10:22,REAL,2720595266,487,2720595753,2720595753
2025-06-19 01:10:24,REAL,2720595753,484,2720596237,2720596237
2025-06-19 01:10:26,REAL,2720596237,485,2720596722,2720596722
2025-06-19 01:10:28,REAL,2720596722,483,2720597205,2720597205
2025-06-19 01:10:30,REAL,2720597205,534,2720597739,2720597739
2025-06-19 01:10:32,REAL,2720597739,483,2720598222,2720598222
2025-06-19 01:10:34,REAL,2720598222,485,2720598707,2720598707
2025-06-19 01:10:36,REAL,2720598707,484,2720599191,2720599191
2025-06-19 01:10:38,REAL,2720599191,478,2720599669,2720599669
2025-06-19 01:10:40,REAL,2720599669,484,2720600153,2720600153
2025-06-19 01:10:42,REAL,2720600153,487,2720600640,2720600640
2025-06-19 01:10:44,REAL,2720600640,483,2720601123,2720601123
2025-06-19 01:10:46,REAL,2720601123,482,2720601605,2720601605
2025-06-19 01:10:48,REAL,2720601605,489,2720602094,2720602094
2025-06-19 01:10:50,REAL,2720602094,538,2720602632,2720602632
2025-06-19 01:10:52,REAL,2720602632,489,2720603121,2720603121
2025-06-19 01:10:54,REAL,2720603121,480,2720603601,2720603601
2025-06-19 01:10:56,REAL,2720603601,476,2720604077,2720604077
2025-06-19 01:10:58,REAL,2720604077,484,2720604561,2720604561
2025-06-19 01:11:00,REAL,2720604561,546,2720605107,2720605107
2025-06-19 01:11:02,REAL,2720605107,476,2720605583,2720605583
2025-06-19 01:11:04,REAL,2720605583,487,2720606070,2720606070
2025-06-19 01:11:06,REAL,2720606070,489,2720606559,2720606559
2025-06-19 01:11:08,REAL,2720606559,483,2720607042,2720607042
2025-06-19 01:11:10,REAL,2720607042,484,2720607526,2720607526
2025-06-19 01:11:12,REAL,2720607526,484,2720608010,2720608010
2025-06-19 01:11:14,REAL,2720608010,490,2720608500,2720608500
2025-06-19 01:11:16,REAL,2720608500,481,2720608981,2720608981
2025-06-19 01:11:18,REAL,2720608981,489,2720609470,2720609470
2025-06-19 01:11:20,REAL,2720609470,475,2720609945,2720609945
2025-06-19 01:11:22,REAL,2720609945,483,2720610428,2720610428
2025-06-19 01:11:24,REAL,2720610428,480,2720610908,2720610908
2025-06-19 01:11:26,REAL,2720610908,478,2720611386,2720611386
2025-06-19 01:11:28,REAL,2720611386,486,2720611872,2720611872
2025-06-19 01:11:30,REAL,2720611872,3313,2720615185,2720615185
2025-06-19 01:11:32,REAL,2720615185,14862,2720630047,2720630047
2025-06-19 01:11:34,REAL,2720630047,10387,2720640434,2720640434
2025-06-19 01:11:36,REAL,2720640434,10186,2720650620,2720650620
2025-06-19 01:11:38,REAL,2720650620,10317,2720660937,2720660937
2025-06-19 01:11:40,REAL,2720660937,10323,2720671260,2720671260
2025-06-19 01:11:42,REAL,2720671260,10256,2720681516,2720681516
2025-06-19 01:11:44,REAL,2720681516,10320,2720691836,2720691836
2025-06-19 01:11:46,REAL,2720691836,2793,2720694629,2720694629
2025-06-19 01:11:48,REAL,2720694629,478,2720695107,2720695107
2025-06-19 01:11:50,REAL,2720695107,486,2720695593,2720695593
2025-06-19 01:11:52,REAL,2720695593,478,2720696071,2720696071
2025-06-19 01:11:54,REAL,2720696071,482,2720696553,2720696553
2025-06-19 01:11:56,REAL,2720696553,482,2720697035,2720697035
2025-06-19 01:11:58,REAL,2720697035,482,2720697517,2720697517
2025-06-19 01:12:00,REAL,2720697517,540,2720698057,2720698057
2025-06-19 01:12:02,REAL,2720698057,4258,2720702315,2720702315
2025-06-19 01:12:04,REAL,2720702315,11574,2720713889,2720713889
2025-06-19 01:12:06,REAL,2720713889,10242,2720724131,2720724131
2025-06-19 01:12:08,REAL,2720724131,10252,2720734383,2720734383
2025-06-19 01:12:10,REAL,2720734383,10246,2720744629,2720744629
2025-06-19 01:12:12,REAL,2720744629,10309,2720754938,2720754938
2025-06-19 01:12:14,REAL,2720754938,10186,2720765124,2720765124
2025-06-19 01:12:16,REAL,2720765124,10312,2720775436,2720775436
2025-06-19 01:12:18,REAL,2720775436,2191,2720777627,2720777627
2025-06-19 01:12:20,REAL,2720777627,485,2720778112,2720778112
2025-06-19 01:12:22,REAL,2720778112,487,2720778599,2720778599
2025-06-19 01:12:24,REAL,2720778599,486,2720779085,2720779085
2025-06-19 01:12:26,REAL,2720779085,487,2720779572,2720779572
2025-06-19 01:12:28,REAL,2720779572,480,2720780052,2720780052
2025-06-19 01:12:30,REAL,2720780052,485,2720780537,2720780537
2025-06-19 01:12:32,REAL,2720780537,538,2720781075,2720781075
2025-06-19 01:12:34,REAL,2720781075,4585,2720785660,2720785660
2025-06-19 01:12:36,REAL,2720785660,11174,2720796834,2720796834
2025-06-19 01:12:38,REAL,2720796834,10247,2720807081,2720807081
2025-06-19 01:12:40,REAL,2720807081,10315,2720817396,2720817396
2025-06-19 01:12:42,REAL,2720817396,10244,2720827640,2720827640
2025-06-19 01:12:44,REAL,2720827640,10244,2720837884,2720837884
2025-06-19 01:12:46,REAL,2720837884,10324,2720848208,2720848208
2025-06-19 01:12:48,REAL,2720848208,10250,2720858458,2720858458
2025-06-19 01:12:50,REAL,2720858458,1605,2720860063,2720860063
2025-06-19 01:12:52,REAL,2720860063,488,2720860551,2720860551
2025-06-19 01:12:54,REAL,2720860551,484,2720861035,2720861035
2025-06-19 01:12:56,REAL,2720861035,489,2720861524,2720861524
2025-06-19 01:12:58,REAL,2720861524,540,2720862064,2720862064
2025-06-19 01:13:00,REAL,2720862064,480,2720862544,2720862544
2025-06-19 01:13:02,REAL,2720862544,480,2720863024,2720863024
2025-06-19 01:13:04,REAL,2720863024,533,2720863557,2720863557
2025-06-19 01:13:06,REAL,2720863557,5711,2720869268,2720869268
2025-06-19 01:13:08,REAL,2720869268,10648,2720879916,2720879916
2025-06-19 01:13:10,REAL,2720879916,10253,2720890169,2720890169
2025-06-19 01:13:12,REAL,2720890169,10324,2720900493,2720900493
2025-06-19 01:13:14,REAL,2720900493,10242,2720910735,2720910735
2025-06-19 01:13:16,REAL,2720910735,10248,2720920983,2720920983
2025-06-19 01:13:18,REAL,2720920983,10254,2720931237,2720931237
2025-06-19 01:13:20,REAL,2720931237,10254,2720941491,2720941491
2025-06-19 01:13:22,REAL,2720941491,1009,2720942500,2720942500
2025-06-19 01:13:24,REAL,2720942500,485,2720942985,2720942985
2025-06-19 01:13:26,REAL,2720942985,477,2720943462,2720943462
2025-06-19 01:13:28,REAL,2720943462,487,2720943949,2720943949
2025-06-19 01:13:30,REAL,2720943949,484,2720944433,2720944433
2025-06-19 01:13:32,REAL,2720944433,483,2720944916,2720944916
2025-06-19 01:13:34,REAL,2720944916,489,2720945405,2720945405
2025-06-19 01:13:36,REAL,2720945405,483,2720945888,2720945888
2025-06-19 01:13:38,REAL,2720945888,6636,2720952524,2720952524
2025-06-19 01:13:40,REAL,2720952524,11167,2720963691,2720963691
2025-06-19 01:13:42,REAL,2720963691,10307,2720973998,2720973998
2025-06-19 01:13:44,REAL,2720973998,10315,2720984313,2720984313
2025-06-19 01:13:46,REAL,2720984313,10247,2720994560,2720994560
2025-06-19 01:13:48,REAL,2720994560,10258,2721004818,2721004818
2025-06-19 01:13:50,REAL,2721004818,10256,2721015074,2721015074
2025-06-19 01:13:52,REAL,2721015074,10121,2721025195,2721025195
2025-06-19 01:13:54,REAL,2721025195,485,2721025680,2721025680
2025-06-19 01:13:56,REAL,2721025680,482,2721026162,2721026162
2025-06-19 01:13:58,REAL,2721026162,490,2721026652,2721026652
2025-06-19 01:14:00,REAL,2721026652,485,2721027137,2721027137
2025-06-19 01:14:02,REAL,2721027137,482,2721027619,2721027619
2025-06-19 01:14:04,REAL,2721027619,478,2721028097,2721028097
2025-06-19 01:14:06,REAL,2721028097,492,2721028589,2721028589
2025-06-19 01:14:08,REAL,2721028589,480,2721029069,2721029069
2025-06-19 01:14:10,REAL,2721029069,8608,2721037677,2721037677
2025-06-19 01:14:12,REAL,2721037677,12291,2721049968,2721049968
2025-06-19 01:14:14,REAL,2721049968,10244,2721060212,2721060212
2025-06-19 01:14:16,REAL,2721060212,10259,2721070471,2721070471
2025-06-19 01:14:18,REAL,2721070471,10249,2721080720,2721080720
2025-06-19 01:14:20,REAL,2721080720,10251,2721090971,2721090971
2025-06-19 01:14:22,REAL,2721090971,10249,2721101220,2721101220
2025-06-19 01:14:24,REAL,2721101220,9525,2721110745,2721110745
2025-06-19 01:14:26,REAL,2721110745,537,2721111282,2721111282
2025-06-19 01:14:28,REAL,2721111282,487,2721111769,2721111769
2025-06-19 01:14:30,REAL,2721111769,491,2721112260,2721112260
2025-06-19 01:14:32,REAL,2721112260,487,2721112747,2721112747
2025-06-19 01:14:34,REAL,2721112747,494,2721113241,2721113241
2025-06-19 01:14:36,REAL,2721113241,483,2721113724,2721113724
2025-06-19 01:14:38,REAL,2721113724,485,2721114209,2721114209
2025-06-19 01:14:40,REAL,2721114209,479,2721114688,2721114688
2025-06-19 01:14:42,REAL,2721114688,9531,2721124219,2721124219
2025-06-19 01:14:44,REAL,2721124219,12495,2721136714,2721136714
2025-06-19 01:14:46,REAL,2721136714,10244,2721146958,2721146958
2025-06-19 01:14:48,REAL,2721146958,10254,2721157212,2721157212
2025-06-19 01:14:50,REAL,2721157212,10259,2721167471,2721167471
2025-06-19 01:14:52,REAL,2721167471,10252,2721177723,2721177723
2025-06-19 01:14:54,REAL,2721177723,10255,2721187978,2721187978
2025-06-19 01:14:56,REAL,2721187978,8862,2721196840,2721196840
2025-06-19 01:14:58,REAL,2721196840,491,2721197331,2721197331
2025-06-19 01:15:00,REAL,2721197331,480,2721197811,2721197811
2025-06-19 01:15:02,REAL,2721197811,479,2721198290,2721198290
2025-06-19 01:15:04,REAL,2721198290,483,2721198773,2721198773
2025-06-19 01:15:06,REAL,2721198773,483,2721199256,2721199256
2025-06-19 01:15:08,REAL,2721199256,545,2721199801,2721199801
2025-06-19 01:15:10,REAL,2721199801,486,2721200287,2721200287
2025-06-19 01:15:12,REAL,2721200287,485,2721200772,2721200772
2025-06-19 01:15:14,REAL,2721200772,8412,2721209184,2721209184
2025-06-19 01:15:16,REAL,2721209184,10518,2721219702,2721219702
2025-06-19 01:15:18,REAL,2721219702,10304,2721230006,2721230006
2025-06-19 01:15:20,REAL,2721230006,10255,2721240261,2721240261
2025-06-19 01:15:22,REAL,2721240261,10252,2721250513,2721250513
2025-06-19 01:15:24,REAL,2721250513,10252,2721260765,2721260765
2025-06-19 01:15:26,REAL,2721260765,10252,2721271017,2721271017
2025-06-19 01:15:28,REAL,2721271017,8279,2721279296,2721279296
2025-06-19 01:15:30,REAL,2721279296,482,2721279778,2721279778
2025-06-19 01:15:32,REAL,2721279778,245,2721280023,2721280023
2025-06-19 01:15:34,REAL,2721280023,477,2721280500,2721280500
2025-06-19 01:15:36,REAL,2721280500,482,2721280982,2721280982
2025-06-19 01:15:38,REAL,2721280982,486,2721281468,2721281468
2025-06-19 01:15:40,REAL,2721281468,476,2721281944,2721281944
2025-06-19 01:15:42,REAL,2721281944,482,2721282426,2721282426
2025-06-19 01:15:44,REAL,2721282426,489,2721282915,2721282915
2025-06-19 01:15:46,REAL,2721282915,9658,2721292573,2721292573
2025-06-19 01:15:48,REAL,2721292573,10589,2721303162,2721303162
2025-06-19 01:15:50,REAL,2721303162,10317,2721313479,2721313479
2025-06-19 01:15:52,REAL,2721313479,10253,2721323732,2721323732
2025-06-19 01:15:54,REAL,2721323732,10244,2721333976,2721333976
2025-06-19 01:15:56,REAL,2721333976,10323,2721344299,2721344299
2025-06-19 01:15:58,REAL,2721344299,10247,2721354546,2721354546
2025-06-19 01:16:00,REAL,2721354546,7604,2721362150,2721362150
2025-06-19 01:16:02,REAL,2721362150,486,2721362636,2721362636
2025-06-19 01:16:04,REAL,2721362636,493,2721363129,2721363129
2025-06-19 01:16:06,REAL,2721363129,478,2721363607,2721363607
2025-06-19 01:16:08,REAL,2721363607,479,2721364086,2721364086
2025-06-19 01:16:10,REAL,2721364086,480,2721364566,2721364566
2025-06-19 01:16:12,REAL,2721364566,480,2721365046,2721365046
2025-06-19 01:16:14,REAL,2721365046,484,2721365530,2721365530
2025-06-19 01:16:16,REAL,2721365530,487,2721366017,2721366017
2025-06-19 01:16:18,REAL,2721366017,474,2721366491,2721366491
2025-06-19 01:16:20,REAL,2721366491,483,2721366974,2721366974
2025-06-19 01:16:22,REAL,2721366974,490,2721367464,2721367464
2025-06-19 01:16:24,REAL,2721367464,595,2721368059,2721368059
2025-06-19 01:16:26,REAL,2721368059,484,2721368543,2721368543
2025-06-19 01:16:28,REAL,2721368543,486,2721369029,2721369029
2025-06-19 01:16:30,REAL,2721369029,484,2721369513,2721369513
2025-06-19 01:16:32,REAL,2721369513,493,2721370006,2721370006
2025-06-19 01:16:34,REAL,2721370006,488,2721370494,2721370494
2025-06-19 01:16:36,REAL,2721370494,475,2721370969,2721370969
2025-06-19 01:16:38,REAL,2721370969,488,2721371457,2721371457
2025-06-19 01:16:40,REAL,2721371457,485,2721371942,2721371942
2025-06-19 01:16:42,REAL,2721371942,484,2721372426,2721372426
2025-06-19 01:16:44,REAL,2721372426,475,2721372901,2721372901
2025-06-19 01:16:46,REAL,2721372901,481,2721373382,2721373382
2025-06-19 01:16:48,REAL,2721373382,488,2721373870,2721373870
2025-06-19 01:16:50,REAL,2721373870,487,2721374357,2721374357
2025-06-19 01:16:52,REAL,2721374357,484,2721374841,2721374841
2025-06-19 01:16:54,REAL,2721374841,484,2721375325,2721375325
2025-06-19 01:16:56,REAL,2721375325,486,2721375811,2721375811
2025-06-19 01:16:58,REAL,2721375811,486,2721376297,2721376297
2025-06-19 01:17:00,REAL,2721376297,602,2721376899,2721376899
2025-06-19 01:17:02,REAL,2721376899,477,2721377376,2721377376
2025-06-19 01:17:04,REAL,2721377376,487,2721377863,2721377863
2025-06-19 01:17:06,REAL,2721377863,11311,2721389174,2721389174
2025-06-19 01:17:08,REAL,2721389174,10256,2721399430,2721399430
2025-06-19 01:17:10,REAL,2721399430,10258,2721409688,2721409688
2025-06-19 01:17:12,REAL,2721409688,10249,2721419937,2721419937
2025-06-19 01:17:14,REAL,2721419937,10246,2721430183,2721430183
2025-06-19 01:17:16,REAL,2721430183,10259,2721440442,2721440442
2025-06-19 01:17:18,REAL,2721440442,10319,2721450761,2721450761
2025-06-19 01:17:20,REAL,2721450761,6023,2721456784,2721456784
2025-06-19 01:17:22,REAL,2721456784,487,2721457271,2721457271
2025-06-19 01:17:24,REAL,2721457271,492,2721457763,2721457763
2025-06-19 01:17:26,REAL,2721457763,477,2721458240,2721458240
2025-06-19 01:17:28,REAL,2721458240,491,2721458731,2721458731
2025-06-19 01:17:30,REAL,2721458731,479,2721459210,2721459210
2025-06-19 01:17:32,REAL,2721459210,492,2721459702,2721459702
2025-06-19 01:17:34,REAL,2721459702,484,2721460186,2721460186
2025-06-19 01:17:36,REAL,2721460186,487,2721460673,2721460673
2025-06-19 01:17:38,REAL,2721460673,11447,2721472120,2721472120
2025-06-19 01:17:40,REAL,2721472120,10312,2721482432,2721482432
2025-06-19 01:17:42,REAL,2721482432,10254,2721492686,2721492686
2025-06-19 01:17:44,REAL,2721492686,10256,2721502942,2721502942
2025-06-19 01:17:46,REAL,2721502942,10254,2721513196,2721513196
2025-06-19 01:17:48,REAL,2721513196,10313,2721523509,2721523509
2025-06-19 01:17:50,REAL,2721523509,10246,2721533755,2721533755
2025-06-19 01:17:52,REAL,2721533755,5437,2721539192,2721539192
2025-06-19 01:17:54,REAL,2721539192,486,2721539678,2721539678
2025-06-19 01:17:56,REAL,2721539678,488,2721540166,2721540166
2025-06-19 01:17:58,REAL,2721540166,488,2721540654,2721540654
2025-06-19 01:18:00,REAL,2721540654,486,2721541140,2721541140
2025-06-19 01:18:02,REAL,2721541140,477,2721541617,2721541617
2025-06-19 01:18:04,REAL,2721541617,474,2721542091,2721542091
2025-06-19 01:18:06,REAL,2721542091,486,2721542577,2721542577
2025-06-19 01:18:08,REAL,2721542577,823,2721543400,2721543400
2025-06-19 01:18:10,REAL,2721543400,14145,2721557545,2721557545
2025-06-19 01:18:12,REAL,2721557545,10320,2721567865,2721567865
2025-06-19 01:18:14,REAL,2721567865,10243,2721578108,2721578108
2025-06-19 01:18:16,REAL,2721578108,10248,2721588356,2721588356
2025-06-19 01:18:18,REAL,2721588356,10309,2721598665,2721598665
2025-06-19 01:18:20,REAL,2721598665,10251,2721608916,2721608916
2025-06-19 01:18:22,REAL,2721608916,10190,2721619106,2721619106
2025-06-19 01:18:24,REAL,2721619106,4839,2721623945,2721623945
2025-06-19 01:18:26,REAL,2721623945,485,2721624430,2721624430
2025-06-19 01:18:28,REAL,2721624430,489,2721624919,2721624919
2025-06-19 01:18:30,REAL,2721624919,7216,2721632135,2721632135
2025-06-19 01:18:32,REAL,2721632135,10842,2721642977,2721642977
2025-06-19 01:18:34,REAL,2721642977,10250,2721653227,2721653227
2025-06-19 01:18:36,REAL,2721653227,10318,2721663545,2721663545
2025-06-19 01:18:38,REAL,2721663545,10252,2721673797,2721673797
2025-06-19 01:18:40,REAL,2721673797,10244,2721684041,2721684041
2025-06-19 01:18:42,REAL,2721684041,10314,2721694355,2721694355
2025-06-19 01:18:44,REAL,2721694355,9327,2721703682,2721703682
2025-06-19 01:18:46,REAL,2721703682,488,2721704170,2721704170
2025-06-19 01:18:48,REAL,2721704170,483,2721704653,2721704653
2025-06-19 01:18:50,REAL,2721704653,482,2721705135,2721705135
2025-06-19 01:18:52,REAL,2721705135,489,2721705624,2721705624
2025-06-19 01:18:54,REAL,2721705624,483,2721706107,2721706107
2025-06-19 01:18:56,REAL,2721706107,485,2721706592,2721706592
2025-06-19 01:18:58,REAL,2721706592,541,2721707133,2721707133
2025-06-19 01:19:00,REAL,2721707133,493,2721707626,2721707626
2025-06-19 01:19:02,REAL,2721707626,482,2721708108,2721708108
2025-06-19 01:19:04,REAL,2721708108,538,2721708646,2721708646
2025-06-19 01:19:06,REAL,2721708646,478,2721709124,2721709124
2025-06-19 01:19:08,REAL,2721709124,484,2721709608,2721709608
2025-06-19 01:19:10,REAL,2721709608,487,2721710095,2721710095
2025-06-19 01:19:12,REAL,2721710095,480,2721710575,2721710575
2025-06-19 01:19:14,REAL,2721710575,479,2721711054,2721711054
2025-06-19 01:19:16,REAL,2721711054,486,2721711540,2721711540
2025-06-19 01:19:18,REAL,2721711540,490,2721712030,2721712030
2025-06-19 01:19:20,REAL,2721712030,475,2721712505,2721712505
2025-06-19 01:19:22,REAL,2721712505,485,2721712990,2721712990
2025-06-19 01:19:24,REAL,2721712990,484,2721713474,2721713474
2025-06-19 01:19:26,REAL,2721713474,486,2721713960,2721713960
2025-06-19 01:19:28,REAL,2721713960,492,2721714452,2721714452
2025-06-19 01:19:30,REAL,2721714452,487,2721714939,2721714939
2025-06-19 01:19:32,REAL,2721714939,484,2721715423,2721715423
2025-06-19 01:19:34,REAL,2721715423,8812,2721724235,2721724235
2025-06-19 01:19:36,REAL,2721724235,10770,2721735005,2721735005
2025-06-19 01:19:38,REAL,2721735005,10258,2721745263,2721745263
2025-06-19 01:19:40,REAL,2721745263,10254,2721755517,2721755517
2025-06-19 01:19:42,REAL,2721755517,10325,2721765842,2721765842
2025-06-19 01:19:44,REAL,2721765842,10250,2721776092,2721776092
2025-06-19 01:19:46,REAL,2721776092,10319,2721786411,2721786411
2025-06-19 01:19:48,REAL,2721786411,8078,2721794489,2721794489
2025-06-19 01:19:50,REAL,2721794489,484,2721794973,2721794973
2025-06-19 01:19:52,REAL,2721794973,481,2721795454,2721795454
2025-06-19 01:19:54,REAL,2721795454,484,2721795938,2721795938
2025-06-19 01:19:56,REAL,2721795938,477,2721796415,2721796415
2025-06-19 01:19:58,REAL,2721796415,486,2721796901,2721796901
2025-06-19 01:20:00,REAL,2721796901,486,2721797387,2721797387
2025-06-19 01:20:02,REAL,2721797387,484,2721797871,2721797871
2025-06-19 01:20:04,REAL,2721797871,480,2721798351,2721798351
2025-06-19 01:20:06,REAL,2721798351,486,2721798837,2721798837
2025-06-19 01:20:08,REAL,2721798837,532,2721799369,2721799369
2025-06-19 01:20:10,REAL,2721799369,476,2721799845,2721799845
2025-06-19 01:20:12,REAL,2721799845,490,2721800335,2721800335
2025-06-19 01:20:14,REAL,2721800335,540,2721800875,2721800875
2025-06-19 01:20:16,REAL,2721800875,487,2721801362,2721801362
2025-06-19 01:20:18,REAL,2721801362,488,2721801850,2721801850
2025-06-19 01:20:20,REAL,2721801850,486,2721802336,2721802336
2025-06-19 01:20:22,REAL,2721802336,491,2721802827,2721802827
2025-06-19 01:20:24,REAL,2721802827,483,2721803310,2721803310
2025-06-19 01:20:26,REAL,2721803310,3854,2721807164,2721807164
2025-06-19 01:20:28,REAL,2721807164,11440,2721818604,2721818604
2025-06-19 01:20:30,REAL,2721818604,10311,2721828915,2721828915
2025-06-19 01:20:32,REAL,2721828915,10252,2721839167,2721839167
2025-06-19 01:20:34,REAL,2721839167,10250,2721849417,2721849417
2025-06-19 01:20:36,REAL,2721849417,10245,2721859662,2721859662
2025-06-19 01:20:38,REAL,2721859662,10254,2721869916,2721869916
2025-06-19 01:20:40,REAL,2721869916,10315,2721880231,2721880231
2025-06-19 01:20:42,REAL,2721880231,2138,2721882369,2721882369
2025-06-19 01:20:44,REAL,2721882369,480,2721882849,2721882849
2025-06-19 01:20:46,REAL,2721882849,477,2721883326,2721883326
2025-06-19 01:20:48,REAL,2721883326,486,2721883812,2721883812
2025-06-19 01:20:50,REAL,2721883812,540,2721884352,2721884352
2025-06-19 01:20:52,REAL,2721884352,481,2721884833,2721884833
2025-06-19 01:20:54,REAL,2721884833,482,2721885315,2721885315
2025-06-19 01:20:56,REAL,2721885315,484,2721885799,2721885799
2025-06-19 01:20:58,REAL,2721885799,480,2721886279,2721886279
2025-06-19 01:21:00,REAL,2721886279,487,2721886766,2721886766
2025-06-19 01:21:02,REAL,2721886766,532,2721887298,2721887298
2025-06-19 01:21:04,REAL,2721887298,485,2721887783,2721887783
2025-06-19 01:21:06,REAL,2721887783,491,2721888274,2721888274
2025-06-19 01:21:08,REAL,2721888274,481,2721888755,2721888755
2025-06-19 01:21:10,REAL,2721888755,489,2721889244,2721889244
2025-06-19 01:21:12,REAL,2721889244,482,2721889726,2721889726
2025-06-19 01:21:14,REAL,2721889726,486,2721890212,2721890212
2025-06-19 01:21:16,REAL,2721890212,476,2721890688,2721890688
2025-06-19 01:21:18,REAL,2721890688,481,2721891169,2721891169
2025-06-19 01:21:20,REAL,2721891169,486,2721891655,2721891655
2025-06-19 01:21:22,REAL,2721891655,483,2721892138,2721892138
2025-06-19 01:21:24,REAL,2721892138,489,2721892627,2721892627
2025-06-19 01:21:26,REAL,2721892627,544,2721893171,2721893171
2025-06-19 01:21:28,REAL,2721893171,488,2721893659,2721893659
2025-06-19 01:21:30,REAL,2721893659,477,2721894136,2721894136
2025-06-19 01:21:32,REAL,2721894136,490,2721894626,2721894626
2025-06-19 01:21:34,REAL,2721894626,491,2721895117,2721895117
2025-06-19 01:21:36,REAL,2721895117,541,2721895658,2721895658
2025-06-19 01:21:38,REAL,2721895658,479,2721896137,2721896137
2025-06-19 01:21:40,REAL,2721896137,492,2721896629,2721896629
2025-06-19 01:21:42,REAL,2721896629,478,2721897107,2721897107
2025-06-19 01:21:44,REAL,2721897107,481,2721897588,2721897588
2025-06-19 01:21:46,REAL,2721897588,488,2721898076,2721898076
2025-06-19 01:21:48,REAL,2721898076,484,2721898560,2721898560
2025-06-19 01:21:50,REAL,2721898560,483,2721899043,2721899043
2025-06-19 01:21:52,REAL,2721899043,483,2721899526,2721899526
2025-06-19 01:21:54,REAL,2721899526,481,2721900007,2721900007
2025-06-19 01:21:56,REAL,2721900007,484,2721900491,2721900491
2025-06-19 01:21:58,REAL,2721900491,486,2721900977,2721900977
2025-06-19 01:22:00,REAL,2721900977,484,2721901461,2721901461
2025-06-19 01:22:02,REAL,2721901461,486,2721901947,2721901947
2025-06-19 01:22:04,REAL,2721901947,543,2721902490,2721902490
2025-06-19 01:22:06,REAL,2721902490,491,2721902981,2721902981
2025-06-19 01:22:08,REAL,2721902981,486,2721903467,2721903467
2025-06-19 01:22:10,REAL,2721903467,543,2721904010,2721904010
2025-06-19 01:22:12,REAL,2721904010,480,2721904490,2721904490
2025-06-19 01:22:14,REAL,2721904490,486,2721904976,2721904976
2025-06-19 01:22:16,REAL,2721904976,483,2721905459,2721905459
2025-06-19 01:22:18,REAL,2721905459,483,2721905942,2721905942
2025-06-19 01:22:20,REAL,2721905942,484,2721906426,2721906426
2025-06-19 01:22:22,REAL,2721906426,484,2721906910,2721906910
2025-06-19 01:22:24,REAL,2721906910,491,2721907401,2721907401
2025-06-19 01:22:26,REAL,2721907401,483,2721907884,2721907884
2025-06-19 01:22:28,REAL,2721907884,487,2721908371,2721908371
2025-06-19 01:22:30,REAL,2721908371,479,2721908850,2721908850
2025-06-19 01:22:32,REAL,2721908850,478,2721909328,2721909328
2025-06-19 01:22:34,REAL,2721909328,8280,2721917608,2721917608
2025-06-19 01:22:36,REAL,2721917608,12563,2721930171,2721930171
2025-06-19 01:22:38,REAL,2721930171,10258,2721940429,2721940429
2025-06-19 01:22:40,REAL,2721940429,10368,2721950797,2721950797
2025-06-19 01:22:42,REAL,2721950797,10250,2721961047,2721961047
2025-06-19 01:22:44,REAL,2721961047,10246,2721971293,2721971293
2025-06-19 01:22:46,REAL,2721971293,10247,2721981540,2721981540
2025-06-19 01:22:48,REAL,2721981540,9601,2721991141,2721991141
2025-06-19 01:22:50,REAL,2721991141,491,2721991632,2721991632
2025-06-19 01:22:52,REAL,2721991632,488,2721992120,2721992120
2025-06-19 01:22:54,REAL,2721992120,479,2721992599,2721992599
2025-06-19 01:22:56,REAL,2721992599,484,2721993083,2721993083
2025-06-19 01:22:58,REAL,2721993083,481,2721993564,2721993564
2025-06-19 01:23:00,REAL,2721993564,487,2721994051,2721994051
2025-06-19 01:23:02,REAL,2721994051,477,2721994528,2721994528
2025-06-19 01:23:04,REAL,2721994528,483,2721995011,2721995011
2025-06-19 01:23:06,REAL,2721995011,481,2721995492,2721995492
2025-06-19 01:23:08,REAL,2721995492,537,2721996029,2721996029
2025-06-19 01:23:10,REAL,2721996029,492,2721996521,2721996521
2025-06-19 01:23:12,REAL,2721996521,480,2721997001,2721997001
2025-06-19 01:23:14,REAL,2721997001,480,2721997481,2721997481
2025-06-19 01:23:16,REAL,2721997481,486,2721997967,2721997967
2025-06-19 01:23:18,REAL,2721997967,538,2721998505,2721998505
2025-06-19 01:23:20,REAL,2721998505,486,2721998991,2721998991
2025-06-19 01:23:22,REAL,2721998991,477,2721999468,2721999468
2025-06-19 01:23:24,REAL,2721999468,488,2721999956,2721999956
2025-06-19 01:23:26,REAL,2721999956,485,2722000441,2722000441
2025-06-19 01:23:28,REAL,2722000441,485,2722000926,2722000926
2025-06-19 01:23:30,REAL,2722000926,486,2722001412,2722001412
2025-06-19 01:23:32,REAL,2722001412,484,2722001896,2722001896
2025-06-19 01:23:34,REAL,2722001896,492,2722002388,2722002388
2025-06-19 01:23:36,REAL,2722002388,477,2722002865,2722002865
2025-06-19 01:23:38,REAL,2722002865,492,2722003357,2722003357
2025-06-19 01:23:40,REAL,2722003357,483,2722003840,2722003840
2025-06-19 01:23:42,REAL,2722003840,483,2722004323,2722004323
2025-06-19 01:23:44,REAL,2722004323,533,2722004856,2722004856
2025-06-19 01:23:46,REAL,2722004856,490,2722005346,2722005346
2025-06-19 01:23:48,REAL,2722005346,486,2722005832,2722005832
2025-06-19 01:23:50,REAL,2722005832,476,2722006308,2722006308
2025-06-19 01:23:52,REAL,2722006308,479,2722006787,2722006787
2025-06-19 01:23:54,REAL,2722006787,535,2722007322,2722007322
2025-06-19 01:23:56,REAL,2722007322,482,2722007804,2722007804
2025-06-19 01:23:58,REAL,2722007804,482,2722008286,2722008286
2025-06-19 01:24:00,REAL,2722008286,489,2722008775,2722008775
2025-06-19 01:24:02,REAL,2722008775,485,2722009260,2722009260
2025-06-19 01:24:04,REAL,2722009260,482,2722009742,2722009742
2025-06-19 01:24:06,REAL,2722009742,483,2722010225,2722010225
2025-06-19 01:24:08,REAL,2722010225,480,2722010705,2722010705
2025-06-19 01:24:10,REAL,2722010705,9664,2722020369,2722020369
2025-06-19 01:24:12,REAL,2722020369,10652,2722031021,2722031021
2025-06-19 01:24:14,REAL,2722031021,10260,2722041281,2722041281
2025-06-19 01:24:16,REAL,2722041281,10321,2722051602,2722051602
2025-06-19 01:24:18,REAL,2722051602,10251,2722061853,2722061853
2025-06-19 01:24:20,REAL,2722061853,10257,2722072110,2722072110
2025-06-19 01:24:22,REAL,2722072110,10319,2722082429,2722082429
2025-06-19 01:24:24,REAL,2722082429,7606,2722090035,2722090035
2025-06-19 01:24:26,REAL,2722090035,487,2722090522,2722090522
2025-06-19 01:24:28,REAL,2722090522,484,2722091006,2722091006
2025-06-19 01:24:30,REAL,2722091006,536,2722091542,2722091542
2025-06-19 01:24:32,REAL,2722091542,494,2722092036,2722092036
2025-06-19 01:24:34,REAL,2722092036,479,2722092515,2722092515
2025-06-19 01:24:36,REAL,2722092515,490,2722093005,2722093005
2025-06-19 01:24:38,REAL,2722093005,476,2722093481,2722093481
2025-06-19 01:24:40,REAL,2722093481,485,2722093966,2722093966
2025-06-19 01:24:42,REAL,2722093966,10320,2722104286,2722104286
2025-06-19 01:24:44,REAL,2722104286,10389,2722114675,2722114675
2025-06-19 01:24:46,REAL,2722114675,10315,2722124990,2722124990
2025-06-19 01:24:48,REAL,2722124990,10255,2722135245,2722135245
2025-06-19 01:24:50,REAL,2722135245,10254,2722145499,2722145499
2025-06-19 01:24:52,REAL,2722145499,10310,2722155809,2722155809
2025-06-19 01:24:54,REAL,2722155809,10308,2722166117,2722166117
2025-06-19 01:24:56,REAL,2722166117,7014,2722173131,2722173131
2025-06-19 01:24:58,REAL,2722173131,480,2722173611,2722173611
2025-06-19 01:25:00,REAL,2722173611,489,2722174100,2722174100
2025-06-19 01:25:02,REAL,2722174100,492,2722174592,2722174592
2025-06-19 01:25:04,REAL,2722174592,482,2722175074,2722175074
2025-06-19 01:25:06,REAL,2722175074,479,2722175553,2722175553
2025-06-19 01:25:08,REAL,2722175553,540,2722176093,2722176093
2025-06-19 01:25:10,REAL,2722176093,484,2722176577,2722176577
2025-06-19 01:25:12,REAL,2722176577,476,2722177053,2722177053
2025-06-19 01:25:14,REAL,2722177053,480,2722177533,2722177533
2025-06-19 01:25:16,REAL,2722177533,493,2722178026,2722178026
2025-06-19 01:25:18,REAL,2722178026,532,2722178558,2722178558
2025-06-19 01:25:20,REAL,2722178558,491,2722179049,2722179049
2025-06-19 01:25:22,REAL,2722179049,488,2722179537,2722179537
2025-06-19 01:25:24,REAL,2722179537,488,2722180025,2722180025
2025-06-19 01:25:26,REAL,2722180025,490,2722180515,2722180515
2025-06-19 01:25:28,REAL,2722180515,492,2722181007,2722181007
2025-06-19 01:25:30,REAL,2722181007,483,2722181490,2722181490
2025-06-19 01:25:32,REAL,2722181490,489,2722181979,2722181979
2025-06-19 01:25:34,REAL,2722181979,485,2722182464,2722182464
2025-06-19 01:25:36,REAL,2722182464,483,2722182947,2722182947
2025-06-19 01:25:38,REAL,2722182947,483,2722183430,2722183430
2025-06-19 01:25:40,REAL,2722183430,494,2722183924,2722183924
2025-06-19 01:25:42,REAL,2722183924,486,2722184410,2722184410
2025-06-19 01:25:44,REAL,2722184410,481,2722184891,2722184891
2025-06-19 01:25:46,REAL,2722184891,11580,2722196471,2722196471
2025-06-19 01:25:48,REAL,2722196471,10247,2722206718,2722206718
2025-06-19 01:25:50,REAL,2722206718,10254,2722216972,2722216972
2025-06-19 01:25:52,REAL,2722216972,10253,2722227225,2722227225
2025-06-19 01:25:54,REAL,2722227225,10316,2722237541,2722237541
2025-06-19 01:25:56,REAL,2722237541,10304,2722247845,2722247845
2025-06-19 01:25:58,REAL,2722247845,10260,2722258105,2722258105
2025-06-19 01:26:00,REAL,2722258105,5771,2722263876,2722263876
2025-06-19 01:26:02,REAL,2722263876,487,2722264363,2722264363
2025-06-19 01:26:04,REAL,2722264363,487,2722264850,2722264850
2025-06-19 01:26:06,REAL,2722264850,490,2722265340,2722265340
2025-06-19 01:26:08,REAL,2722265340,487,2722265827,2722265827
2025-06-19 01:26:10,REAL,2722265827,489,2722266316,2722266316
2025-06-19 01:26:12,REAL,2722266316,486,2722266802,2722266802
2025-06-19 01:26:14,REAL,2722266802,488,2722267290,2722267290
2025-06-19 01:26:16,REAL,2722267290,485,2722267775,2722267775
2025-06-19 01:26:18,REAL,2722267775,14749,2722282524,2722282524
2025-06-19 01:26:20,REAL,2722282524,10257,2722292781,2722292781
2025-06-19 01:26:22,REAL,2722292781,10324,2722303105,2722303105
2025-06-19 01:26:24,REAL,2722303105,10250,2722313355,2722313355
2025-06-19 01:26:26,REAL,2722313355,10246,2722323601,2722323601
2025-06-19 01:26:28,REAL,2722323601,10316,2722333917,2722333917
2025-06-19 01:26:30,REAL,2722333917,10248,2722344165,2722344165
2025-06-19 01:26:32,REAL,2722344165,5163,2722349328,2722349328
2025-06-19 01:26:34,REAL,2722349328,481,2722349809,2722349809
2025-06-19 01:26:36,REAL,2722349809,483,2722350292,2722350292
2025-06-19 01:26:38,REAL,2722350292,485,2722350777,2722350777
2025-06-19 01:26:40,REAL,2722350777,475,2722351252,2722351252
2025-06-19 01:26:42,REAL,2722351252,478,2722351730,2722351730
2025-06-19 01:26:44,REAL,2722351730,537,2722352267,2722352267
2025-06-19 01:26:46,REAL,2722352267,481,2722352748,2722352748
2025-06-19 01:26:48,REAL,2722352748,1284,2722354032,2722354032
2025-06-19 01:26:50,REAL,2722354032,15471,2722369503,2722369503
2025-06-19 01:26:52,REAL,2722369503,10245,2722379748,2722379748
2025-06-19 01:26:54,REAL,2722379748,10320,2722390068,2722390068
2025-06-19 01:26:56,REAL,2722390068,10247,2722400315,2722400315
2025-06-19 01:26:58,REAL,2722400315,10321,2722410636,2722410636
2025-06-19 01:27:00,REAL,2722410636,10250,2722420886,2722420886
2025-06-19 01:27:02,REAL,2722420886,10245,2722431131,2722431131
2025-06-19 01:27:04,REAL,2722431131,4566,2722435697,2722435697
2025-06-19 01:27:06,REAL,2722435697,493,2722436190,2722436190
2025-06-19 01:27:08,REAL,2722436190,481,2722436671,2722436671
2025-06-19 01:27:10,REAL,2722436671,480,2722437151,2722437151
2025-06-19 01:27:12,REAL,2722437151,487,2722437638,2722437638
2025-06-19 01:27:14,REAL,2722437638,482,2722438120,2722438120
2025-06-19 01:27:16,REAL,2722438120,487,2722438607,2722438607
2025-06-19 01:27:18,REAL,2722438607,484,2722439091,2722439091
2025-06-19 01:27:20,REAL,2722439091,483,2722439574,2722439574
2025-06-19 01:27:22,REAL,2722439574,484,2722440058,2722440058
2025-06-19 01:27:24,REAL,2722440058,539,2722440597,2722440597
2025-06-19 01:27:26,REAL,2722440597,491,2722441088,2722441088
2025-06-19 01:27:28,REAL,2722441088,478,2722441566,2722441566
2025-06-19 01:27:30,REAL,2722441566,484,2722442050,2722442050
2025-06-19 01:27:32,REAL,2722442050,545,2722442595,2722442595
2025-06-19 01:27:34,REAL,2722442595,479,2722443074,2722443074
2025-06-19 01:27:36,REAL,2722443074,478,2722443552,2722443552
2025-06-19 01:27:38,REAL,2722443552,483,2722444035,2722444035
2025-06-19 01:27:40,REAL,2722444035,490,2722444525,2722444525
2025-06-19 01:27:42,REAL,2722444525,487,2722445012,2722445012
2025-06-19 01:27:44,REAL,2722445012,486,2722445498,2722445498
2025-06-19 01:27:46,REAL,2722445498,478,2722445976,2722445976
2025-06-19 01:27:48,REAL,2722445976,481,2722446457,2722446457
2025-06-19 01:27:50,REAL,2722446457,486,2722446943,2722446943
2025-06-19 01:27:52,REAL,2722446943,483,2722447426,2722447426
2025-06-19 01:27:54,REAL,2722447426,486,2722447912,2722447912
2025-06-19 01:27:56,REAL,2722447912,483,2722448395,2722448395
2025-06-19 01:27:58,REAL,2722448395,547,2722448942,2722448942
2025-06-19 01:28:00,REAL,2722448942,488,2722449430,2722449430
2025-06-19 01:28:02,REAL,2722449430,487,2722449917,2722449917
2025-06-19 01:28:04,REAL,2722449917,478,2722450395,2722450395
2025-06-19 01:28:06,REAL,2722450395,483,2722450878,2722450878
2025-06-19 01:28:08,REAL,2722450878,3269,2722454147,2722454147
2025-06-19 01:28:10,REAL,2722454147,14941,2722469088,2722469088
2025-06-19 01:28:12,REAL,2722469088,10247,2722479335,2722479335
2025-06-19 01:28:14,REAL,2722479335,10249,2722489584,2722489584
2025-06-19 01:28:16,REAL,2722489584,10318,2722499902,2722499902
2025-06-19 01:28:18,REAL,2722499902,10250,2722510152,2722510152
2025-06-19 01:28:20,REAL,2722510152,10248,2722520400,2722520400
2025-06-19 01:28:22,REAL,2722520400,10305,2722530705,2722530705
2025-06-19 01:28:24,REAL,2722530705,2990,2722533695,2722533695
2025-06-19 01:28:26,REAL,2722533695,486,2722534181,2722534181
2025-06-19 01:28:28,REAL,2722534181,485,2722534666,2722534666
2025-06-19 01:28:30,REAL,2722534666,487,2722535153,2722535153
2025-06-19 01:28:32,REAL,2722535153,487,2722535640,2722535640
2025-06-19 01:28:34,REAL,2722535640,482,2722536122,2722536122
2025-06-19 01:28:36,REAL,2722536122,481,2722536603,2722536603
2025-06-19 01:28:38,REAL,2722536603,476,2722537079,2722537079
2025-06-19 01:28:40,REAL,2722537079,3986,2722541065,2722541065
2025-06-19 01:28:42,REAL,2722541065,12103,2722553168,2722553168
2025-06-19 01:28:44,REAL,2722553168,10250,2722563418,2722563418
2025-06-19 01:28:46,REAL,2722563418,10255,2722573673,2722573673
2025-06-19 01:28:48,REAL,2722573673,10256,2722583929,2722583929
2025-06-19 01:28:50,REAL,2722583929,10246,2722594175,2722594175
2025-06-19 01:28:52,REAL,2722594175,10244,2722604419,2722604419
2025-06-19 01:28:54,REAL,2722604419,10253,2722614672,2722614672
2025-06-19 01:28:56,REAL,2722614672,2401,2722617073,2722617073
2025-06-19 01:28:58,REAL,2722617073,482,2722617555,2722617555
2025-06-19 01:29:00,REAL,2722617555,487,2722618042,2722618042
2025-06-19 01:29:02,REAL,2722618042,489,2722618531,2722618531
2025-06-19 01:29:04,REAL,2722618531,484,2722619015,2722619015
2025-06-19 01:29:06,REAL,2722619015,485,2722619500,2722619500
2025-06-19 01:29:08,REAL,2722619500,476,2722619976,2722619976
2025-06-19 01:29:10,REAL,2722619976,490,2722620466,2722620466
2025-06-19 01:29:12,REAL,2722620466,4642,2722625108,2722625108
2025-06-19 01:29:14,REAL,2722625108,11248,2722636356,2722636356
2025-06-19 01:29:16,REAL,2722636356,10320,2722646676,2722646676
2025-06-19 01:29:18,REAL,2722646676,10252,2722656928,2722656928
2025-06-19 01:29:20,REAL,2722656928,10253,2722667181,2722667181
2025-06-19 01:29:22,REAL,2722667181,10312,2722677493,2722677493
2025-06-19 01:29:24,REAL,2722677493,10253,2722687746,2722687746
2025-06-19 01:29:26,REAL,2722687746,10258,2722698004,2722698004
2025-06-19 01:29:28,REAL,2722698004,1731,2722699735,2722699735
2025-06-19 01:29:30,REAL,2722699735,480,2722700215,2722700215
2025-06-19 01:29:32,REAL,2722700215,490,2722700705,2722700705
2025-06-19 01:29:34,REAL,2722700705,489,2722701194,2722701194
2025-06-19 01:29:36,REAL,2722701194,477,2722701671,2722701671
2025-06-19 01:29:38,REAL,2722701671,484,2722702155,2722702155
2025-06-19 01:29:40,REAL,2722702155,486,2722702641,2722702641
2025-06-19 01:29:42,REAL,2722702641,486,2722703127,2722703127
2025-06-19 01:29:44,REAL,2722703127,485,2722703612,2722703612
2025-06-19 01:29:46,REAL,2722703612,477,2722704089,2722704089
2025-06-19 01:29:48,REAL,2722704089,535,2722704624,2722704624
2025-06-19 01:29:50,REAL,2722704624,479,2722705103,2722705103
2025-06-19 01:29:52,REAL,2722705103,486,2722705589,2722705589
2025-06-19 01:29:54,REAL,2722705589,478,2722706067,2722706067
2025-06-19 01:29:56,REAL,2722706067,482,2722706549,2722706549
2025-06-19 01:29:58,REAL,2722706549,477,2722707026,2722707026
2025-06-19 01:30:00,REAL,2722707026,479,2722707505,2722707505
2025-06-19 01:30:02,REAL,2722707505,542,2722708047,2722708047
2025-06-19 01:30:04,REAL,2722708047,483,2722708530,2722708530
2025-06-19 01:30:06,REAL,2722708530,491,2722709021,2722709021
2025-06-19 01:30:08,REAL,2722709021,478,2722709499,2722709499
2025-06-19 01:30:10,REAL,2722709499,486,2722709985,2722709985
2025-06-19 01:30:12,REAL,2722709985,488,2722710473,2722710473
2025-06-19 01:30:14,REAL,2722710473,481,2722710954,2722710954
2025-06-19 01:30:16,REAL,2722710954,487,2722711441,2722711441
2025-06-19 01:30:18,REAL,2722711441,483,2722711924,2722711924
2025-06-19 01:30:20,REAL,2722711924,485,2722712409,2722712409
2025-06-19 01:30:22,REAL,2722712409,482,2722712891,2722712891
2025-06-19 01:30:24,REAL,2722712891,539,2722713430,2722713430
2025-06-19 01:30:26,REAL,2722713430,487,2722713917,2722713917
2025-06-19 01:30:28,REAL,2722713917,493,2722714410,2722714410
2025-06-19 01:30:30,REAL,2722714410,492,2722714902,2722714902
2025-06-19 01:30:32,REAL,2722714902,494,2722715396,2722715396
2025-06-19 01:30:34,REAL,2722715396,479,2722715875,2722715875
2025-06-19 01:30:36,REAL,2722715875,491,2722716366,2722716366
2025-06-19 01:30:38,REAL,2722716366,494,2722716860,2722716860
2025-06-19 01:30:40,REAL,2722716860,484,2722717344,2722717344
2025-06-19 01:30:42,REAL,2722717344,493,2722717837,2722717837
2025-06-19 01:30:44,REAL,2722717837,492,2722718329,2722718329
2025-06-19 01:30:46,REAL,2722718329,481,2722718810,2722718810
2025-06-19 01:30:48,REAL,2722718810,488,2722719298,2722719298
2025-06-19 01:30:50,REAL,2722719298,542,2722719840,2722719840
2025-06-19 01:30:52,REAL,2722719840,486,2722720326,2722720326
2025-06-19 01:30:54,REAL,2722720326,486,2722720812,2722720812
2025-06-19 01:30:56,REAL,2722720812,491,2722721303,2722721303
2025-06-19 01:30:58,REAL,2722721303,484,2722721787,2722721787
2025-06-19 01:31:00,REAL,2722721787,547,2722722334,2722722334
2025-06-19 01:31:02,REAL,2722722334,486,2722722820,2722722820
2025-06-19 01:31:04,REAL,2722722820,492,2722723312,2722723312
2025-06-19 01:31:06,REAL,2722723312,491,2722723803,2722723803
2025-06-19 01:31:08,REAL,2722723803,476,2722724279,2722724279
2025-06-19 01:31:10,REAL,2722724279,479,2722724758,2722724758
2025-06-19 01:31:12,REAL,2722724758,486,2722725244,2722725244
2025-06-19 01:31:14,REAL,2722725244,477,2722725721,2722725721
2025-06-19 01:31:16,REAL,2722725721,486,2722726207,2722726207
2025-06-19 01:31:18,REAL,2722726207,485,2722726692,2722726692
2025-06-19 01:31:20,REAL,2722726692,487,2722727179,2722727179
2025-06-19 01:31:22,REAL,2722727179,480,2722727659,2722727659
2025-06-19 01:31:24,REAL,2722727659,542,2722728201,2722728201
2025-06-19 01:31:26,REAL,2722728201,483,2722728684,2722728684
2025-06-19 01:31:28,REAL,2722728684,481,2722729165,2722729165
2025-06-19 01:31:30,REAL,2722729165,488,2722729653,2722729653
2025-06-19 01:31:32,REAL,2722729653,487,2722730140,2722730140
2025-06-19 01:31:34,REAL,2722730140,537,2722730677,2722730677
2025-06-19 01:31:36,REAL,2722730677,481,2722731158,2722731158
2025-06-19 01:31:38,REAL,2722731158,486,2722731644,2722731644
2025-06-19 01:31:40,REAL,2722731644,2464,2722734108,2722734108
2025-06-19 01:31:42,REAL,2722734108,11636,2722745744,2722745744
2025-06-19 01:31:44,REAL,2722745744,10251,2722755995,2722755995
2025-06-19 01:31:46,REAL,2722755995,10249,2722766244,2722766244
2025-06-19 01:31:48,REAL,2722766244,10260,2722776504,2722776504
2025-06-19 01:31:50,REAL,2722776504,10316,2722786820,2722786820
2025-06-19 01:31:52,REAL,2722786820,10249,2722797069,2722797069
2025-06-19 01:31:54,REAL,2722797069,10248,2722807317,2722807317
2025-06-19 01:31:56,REAL,2722807317,3726,2722811043,2722811043
2025-06-19 01:31:58,REAL,2722811043,548,2722811591,2722811591
2025-06-19 01:32:00,REAL,2722811591,476,2722812067,2722812067
2025-06-19 01:32:02,REAL,2722812067,478,2722812545,2722812545
2025-06-19 01:32:04,REAL,2722812545,481,2722813026,2722813026
2025-06-19 01:32:06,REAL,2722813026,488,2722813514,2722813514
2025-06-19 01:32:08,REAL,2722813514,484,2722813998,2722813998
2025-06-19 01:32:10,REAL,2722813998,486,2722814484,2722814484
2025-06-19 01:32:12,REAL,2722814484,3002,2722817486,2722817486
2025-06-19 01:32:14,REAL,2722817486,11926,2722829412,2722829412
2025-06-19 01:32:16,REAL,2722829412,10258,2722839670,2722839670
2025-06-19 01:32:18,REAL,2722839670,10254,2722849924,2722849924
2025-06-19 01:32:20,REAL,2722849924,10251,2722860175,2722860175
2025-06-19 01:32:22,REAL,2722860175,10318,2722870493,2722870493
2025-06-19 01:32:24,REAL,2722870493,10245,2722880738,2722880738
2025-06-19 01:32:26,REAL,2722880738,10246,2722890984,2722890984
2025-06-19 01:32:28,REAL,2722890984,3187,2722894171,2722894171
2025-06-19 01:32:30,REAL,2722894171,533,2722894704,2722894704
2025-06-19 01:32:32,REAL,2722894704,485,2722895189,2722895189
2025-06-19 01:32:34,REAL,2722895189,482,2722895671,2722895671
2025-06-19 01:32:36,REAL,2722895671,482,2722896153,2722896153
2025-06-19 01:32:38,REAL,2722896153,485,2722896638,2722896638
2025-06-19 01:32:40,REAL,2722896638,483,2722897121,2722897121
2025-06-19 01:32:42,REAL,2722897121,730,2722897851,2722897851
2025-06-19 01:32:44,REAL,2722897851,244,2722898095,2722898095
2025-06-19 01:32:46,REAL,2722898095,490,2722898585,2722898585
2025-06-19 01:32:48,REAL,2722898585,535,2722899120,2722899120
2025-06-19 01:32:50,REAL,2722899120,485,2722899605,2722899605
2025-06-19 01:32:52,REAL,2722899605,485,2722900090,2722900090
2025-06-19 01:32:54,REAL,2722900090,481,2722900571,2722900571
2025-06-19 01:32:56,REAL,2722900571,477,2722901048,2722901048
2025-06-19 01:32:58,REAL,2722901048,487,2722901535,2722901535
2025-06-19 01:33:00,REAL,2722901535,478,2722902013,2722902013
2025-06-19 01:33:02,REAL,2722902013,482,2722902495,2722902495
2025-06-19 01:33:04,REAL,2722902495,489,2722902984,2722902984
2025-06-19 01:33:06,REAL,2722902984,536,2722903520,2722903520
2025-06-19 01:33:08,REAL,2722903520,476,2722903996,2722903996
2025-06-19 01:33:10,REAL,2722903996,479,2722904475,2722904475
2025-06-19 01:33:12,REAL,2722904475,487,2722904962,2722904962
2025-06-19 01:33:14,REAL,2722904962,485,2722905447,2722905447
2025-06-19 01:33:16,REAL,2722905447,486,2722905933,2722905933
2025-06-19 01:33:18,REAL,2722905933,483,2722906416,2722906416
2025-06-19 01:33:20,REAL,2722906416,489,2722906905,2722906905
2025-06-19 01:33:22,REAL,2722906905,546,2722907451,2722907451
2025-06-19 01:33:24,REAL,2722907451,485,2722907936,2722907936
2025-06-19 01:33:26,REAL,2722907936,484,2722908420,2722908420
2025-06-19 01:33:28,REAL,2722908420,492,2722908912,2722908912
2025-06-19 01:33:30,REAL,2722908912,482,2722909394,2722909394
2025-06-19 01:33:32,REAL,2722909394,485,2722909879,2722909879
2025-06-19 01:33:34,REAL,2722909879,491,2722910370,2722910370
2025-06-19 01:33:36,REAL,2722910370,479,2722910849,2722910849
2025-06-19 01:33:38,REAL,2722910849,486,2722911335,2722911335
2025-06-19 01:33:40,REAL,2722911335,546,2722911881,2722911881
2025-06-19 01:33:42,REAL,2722911881,478,2722912359,2722912359
2025-06-19 01:33:44,REAL,2722912359,486,2722912845,2722912845
2025-06-19 01:33:46,REAL,2722912845,483,2722913328,2722913328
2025-06-19 01:33:48,REAL,2722913328,482,2722913810,2722913810
2025-06-19 01:33:50,REAL,2722913810,481,2722914291,2722914291
2025-06-19 01:33:52,REAL,2722914291,477,2722914768,2722914768
2025-06-19 01:33:54,REAL,2722914768,482,2722915250,2722915250
2025-06-19 01:33:56,REAL,2722915250,489,2722915739,2722915739
2025-06-19 01:33:58,REAL,2722915739,532,2722916271,2722916271
2025-06-19 01:34:00,REAL,2722916271,484,2722916755,2722916755
2025-06-19 01:34:02,REAL,2722916755,478,2722917233,2722917233
2025-06-19 01:34:04,REAL,2722917233,480,2722917713,2722917713
2025-06-19 01:34:06,REAL,2722917713,482,2722918195,2722918195
2025-06-19 01:34:08,REAL,2722918195,476,2722918671,2722918671
2025-06-19 01:34:10,REAL,2722918671,482,2722919153,2722919153
2025-06-19 01:34:12,REAL,2722919153,477,2722919630,2722919630
2025-06-19 01:34:14,REAL,2722919630,537,2722920167,2722920167
2025-06-19 01:34:16,REAL,2722920167,485,2722920652,2722920652
2025-06-19 01:34:18,REAL,2722920652,481,2722921133,2722921133
2025-06-19 01:34:20,REAL,2722921133,484,2722921617,2722921617
2025-06-19 01:34:22,REAL,2722921617,491,2722922108,2722922108
2025-06-19 01:34:24,REAL,2722922108,539,2722922647,2722922647
2025-06-19 01:34:26,REAL,2722922647,491,2722923138,2722923138
2025-06-19 01:34:28,REAL,2722923138,492,2722923630,2722923630
2025-06-19 01:34:30,REAL,2722923630,486,2722924116,2722924116
2025-06-19 01:34:32,REAL,2722924116,491,2722924607,2722924607
2025-06-19 01:34:34,REAL,2722924607,490,2722925097,2722925097
2025-06-19 01:34:36,REAL,2722925097,489,2722925586,2722925586
2025-06-19 01:34:38,REAL,2722925586,478,2722926064,2722926064
2025-06-19 01:34:40,REAL,2722926064,484,2722926548,2722926548
2025-06-19 01:34:42,REAL,2722926548,12440,2722938988,2722938988
2025-06-19 01:34:44,REAL,2722938988,10252,2722949240,2722949240
2025-06-19 01:34:46,REAL,2722949240,10252,2722959492,2722959492
2025-06-19 01:34:48,REAL,2722959492,10309,2722969801,2722969801
2025-06-19 01:34:50,REAL,2722969801,10261,2722980062,2722980062
2025-06-19 01:34:52,REAL,2722980062,10259,2722990321,2722990321
2025-06-19 01:34:54,REAL,2722990321,10314,2723000635,2723000635
2025-06-19 01:34:56,REAL,2723000635,5306,2723005941,2723005941
2025-06-19 01:34:58,REAL,2723005941,487,2723006428,2723006428
2025-06-19 01:35:00,REAL,2723006428,484,2723006912,2723006912
2025-06-19 01:35:02,REAL,2723006912,483,2723007395,2723007395
2025-06-19 01:35:04,REAL,2723007395,488,2723007883,2723007883
2025-06-19 01:35:06,REAL,2723007883,535,2723008418,2723008418
2025-06-19 01:35:08,REAL,2723008418,479,2723008897,2723008897
2025-06-19 01:35:10,REAL,2723008897,483,2723009380,2723009380
2025-06-19 01:35:12,REAL,2723009380,484,2723009864,2723009864
2025-06-19 01:35:14,REAL,2723009864,488,2723010352,2723010352
2025-06-19 01:35:16,REAL,2723010352,490,2723010842,2723010842
2025-06-19 01:35:18,REAL,2723010842,490,2723011332,2723011332
2025-06-19 01:35:20,REAL,2723011332,488,2723011820,2723011820
2025-06-19 01:35:22,REAL,2723011820,537,2723012357,2723012357
2025-06-19 01:35:24,REAL,2723012357,482,2723012839,2723012839
2025-06-19 01:35:26,REAL,2723012839,486,2723013325,2723013325
2025-06-19 01:35:28,REAL,2723013325,485,2723013810,2723013810
2025-06-19 01:35:30,REAL,2723013810,492,2723014302,2723014302
2025-06-19 01:35:32,REAL,2723014302,542,2723014844,2723014844
2025-06-19 01:35:34,REAL,2723014844,479,2723015323,2723015323
2025-06-19 01:35:36,REAL,2723015323,485,2723015808,2723015808
2025-06-19 01:35:38,REAL,2723015808,480,2723016288,2723016288
2025-06-19 01:35:40,REAL,2723016288,489,2723016777,2723016777
2025-06-19 01:35:42,REAL,2723016777,485,2723017262,2723017262
2025-06-19 01:35:44,REAL,2723017262,482,2723017744,2723017744
2025-06-19 01:35:46,REAL,2723017744,483,2723018227,2723018227
2025-06-19 01:35:48,REAL,2723018227,478,2723018705,2723018705
2025-06-19 01:35:50,REAL,2723018705,484,2723019189,2723019189
2025-06-19 01:35:52,REAL,2723019189,482,2723019671,2723019671
2025-06-19 01:35:54,REAL,2723019671,487,2723020158,2723020158
2025-06-19 01:35:56,REAL,2723020158,478,2723020636,2723020636
2025-06-19 01:35:58,REAL,2723020636,602,2723021238,2723021238
2025-06-19 01:36:00,REAL,2723021238,2473,2723023711,2723023711
2025-06-19 01:36:02,REAL,2723023711,11633,2723035344,2723035344
2025-06-19 01:36:04,REAL,2723035344,10256,2723045600,2723045600
2025-06-19 01:36:06,REAL,2723045600,10253,2723055853,2723055853
2025-06-19 01:36:08,REAL,2723055853,10253,2723066106,2723066106
2025-06-19 01:36:10,REAL,2723066106,10251,2723076357,2723076357
2025-06-19 01:36:12,REAL,2723076357,10251,2723086608,2723086608
2025-06-19 01:36:14,REAL,2723086608,10317,2723096925,2723096925
2025-06-19 01:36:16,REAL,2723096925,3720,2723100645,2723100645
2025-06-19 01:36:18,REAL,2723100645,484,2723101129,2723101129
2025-06-19 01:36:20,REAL,2723101129,488,2723101617,2723101617
2025-06-19 01:36:22,REAL,2723101617,481,2723102098,2723102098
2025-06-19 01:36:24,REAL,2723102098,489,2723102587,2723102587
2025-06-19 01:36:26,REAL,2723102587,541,2723103128,2723103128
2025-06-19 01:36:28,REAL,2723103128,478,2723103606,2723103606
2025-06-19 01:36:30,REAL,2723103606,476,2723104082,2723104082
2025-06-19 01:36:32,REAL,2723104082,532,2723104614,2723104614
2025-06-19 01:36:34,REAL,2723104614,484,2723105098,2723105098
2025-06-19 01:36:36,REAL,2723105098,481,2723105579,2723105579
2025-06-19 01:36:38,REAL,2723105579,493,2723106072,2723106072
2025-06-19 01:36:40,REAL,2723106072,491,2723106563,2723106563
2025-06-19 01:36:42,REAL,2723106563,483,2723107046,2723107046
2025-06-19 01:36:44,REAL,2723107046,493,2723107539,2723107539
2025-06-19 01:36:46,REAL,2723107539,488,2723108027,2723108027
2025-06-19 01:36:48,REAL,2723108027,480,2723108507,2723108507
2025-06-19 01:36:50,REAL,2723108507,479,2723108986,2723108986
2025-06-19 01:36:52,REAL,2723108986,543,2723109529,2723109529
2025-06-19 01:36:54,REAL,2723109529,9008,2723118537,2723118537
2025-06-19 01:36:56,REAL,2723118537,10584,2723129121,2723129121
2025-06-19 01:36:58,REAL,2723129121,10256,2723139377,2723139377
2025-06-19 01:37:00,REAL,2723139377,10260,2723149637,2723149637
2025-06-19 01:37:02,REAL,2723149637,10258,2723159895,2723159895
2025-06-19 01:37:04,REAL,2723159895,10251,2723170146,2723170146
2025-06-19 01:37:06,REAL,2723170146,10308,2723180454,2723180454
2025-06-19 01:37:08,REAL,2723180454,7680,2723188134,2723188134
2025-06-19 01:37:10,REAL,2723188134,482,2723188616,2723188616
2025-06-19 01:37:12,REAL,2723188616,481,2723189097,2723189097
2025-06-19 01:37:14,REAL,2723189097,489,2723189586,2723189586
2025-06-19 01:37:16,REAL,2723189586,477,2723190063,2723190063
2025-06-19 01:37:18,REAL,2723190063,534,2723190597,2723190597
2025-06-19 01:37:20,REAL,2723190597,481,2723191078,2723191078
2025-06-19 01:37:22,REAL,2723191078,480,2723191558,2723191558
2025-06-19 01:37:24,REAL,2723191558,489,2723192047,2723192047
2025-06-19 01:37:26,REAL,2723192047,485,2723192532,2723192532
2025-06-19 01:37:28,REAL,2723192532,485,2723193017,2723193017
2025-06-19 01:37:30,REAL,2723193017,482,2723193499,2723193499
2025-06-19 01:37:32,REAL,2723193499,482,2723193981,2723193981
2025-06-19 01:37:34,REAL,2723193981,487,2723194468,2723194468
2025-06-19 01:37:36,REAL,2723194468,485,2723194953,2723194953
2025-06-19 01:37:38,REAL,2723194953,488,2723195441,2723195441
2025-06-19 01:37:40,REAL,2723195441,490,2723195931,2723195931
2025-06-19 01:37:42,REAL,2723195931,539,2723196470,2723196470
2025-06-19 01:37:44,REAL,2723196470,538,2723197008,2723197008
2025-06-19 01:37:46,REAL,2723197008,475,2723197483,2723197483
2025-06-19 01:37:48,REAL,2723197483,481,2723197964,2723197964
2025-06-19 01:37:50,REAL,2723197964,487,2723198451,2723198451
2025-06-19 01:37:52,REAL,2723198451,488,2723198939,2723198939
2025-06-19 01:37:54,REAL,2723198939,484,2723199423,2723199423
2025-06-19 01:37:56,REAL,2723199423,485,2723199908,2723199908
2025-06-19 01:37:58,REAL,2723199908,480,2723200388,2723200388
2025-06-19 01:38:00,REAL,2723200388,487,2723200875,2723200875
2025-06-19 01:38:02,REAL,2723200875,485,2723201360,2723201360
2025-06-19 01:38:04,REAL,2723201360,485,2723201845,2723201845
2025-06-19 01:38:06,REAL,2723201845,476,2723202321,2723202321
2025-06-19 01:38:08,REAL,2723202321,486,2723202807,2723202807
2025-06-19 01:38:10,REAL,2723202807,481,2723203288,2723203288
2025-06-19 01:38:12,REAL,2723203288,539,2723203827,2723203827
2025-06-19 01:38:14,REAL,2723203827,486,2723204313,2723204313
2025-06-19 01:38:16,REAL,2723204313,541,2723204854,2723204854
2025-06-19 01:38:18,REAL,2723204854,491,2723205345,2723205345
2025-06-19 01:38:20,REAL,2723205345,488,2723205833,2723205833
2025-06-19 01:38:22,REAL,2723205833,492,2723206325,2723206325
2025-06-19 01:38:24,REAL,2723206325,487,2723206812,2723206812
2025-06-19 01:38:26,REAL,2723206812,488,2723207300,2723207300
2025-06-19 01:38:28,REAL,2723207300,491,2723207791,2723207791
2025-06-19 01:38:30,REAL,2723207791,488,2723208279,2723208279
2025-06-19 01:38:32,REAL,2723208279,474,2723208753,2723208753
2025-06-19 01:38:34,REAL,2723208753,480,2723209233,2723209233
2025-06-19 01:38:36,REAL,2723209233,481,2723209714,2723209714
2025-06-19 01:38:38,REAL,2723209714,533,2723210247,2723210247
2025-06-19 01:38:40,REAL,2723210247,482,2723210729,2723210729
2025-06-19 01:38:42,REAL,2723210729,481,2723211210,2723211210
2025-06-19 01:38:44,REAL,2723211210,489,2723211699,2723211699
2025-06-19 01:38:46,REAL,2723211699,484,2723212183,2723212183
2025-06-19 01:38:48,REAL,2723212183,479,2723212662,2723212662
2025-06-19 01:38:50,REAL,2723212662,6894,2723219556,2723219556
2025-06-19 01:38:52,REAL,2723219556,13151,2723232707,2723232707
2025-06-19 01:38:54,REAL,2723232707,10250,2723242957,2723242957
2025-06-19 01:38:56,REAL,2723242957,10245,2723253202,2723253202
2025-06-19 01:38:58,REAL,2723253202,10247,2723263449,2723263449
2025-06-19 01:39:00,REAL,2723263449,10314,2723273763,2723273763
2025-06-19 01:39:02,REAL,2723273763,10247,2723284010,2723284010
2025-06-19 01:39:04,REAL,2723284010,10256,2723294266,2723294266
2025-06-19 01:39:06,REAL,2723294266,557,2723294823,2723294823
2025-06-19 01:39:08,REAL,2723294823,478,2723295301,2723295301
2025-06-19 01:39:10,REAL,2723295301,487,2723295788,2723295788
2025-06-19 01:39:12,REAL,2723295788,480,2723296268,2723296268
2025-06-19 01:39:14,REAL,2723296268,481,2723296749,2723296749
2025-06-19 01:39:16,REAL,2723296749,488,2723297237,2723297237
2025-06-19 01:39:18,REAL,2723297237,493,2723297730,2723297730
2025-06-19 01:39:20,REAL,2723297730,488,2723298218,2723298218
2025-06-19 01:39:22,REAL,2723298218,480,2723298698,2723298698
2025-06-19 01:39:24,REAL,2723298698,482,2723299180,2723299180
2025-06-19 01:39:26,REAL,2723299180,542,2723299722,2723299722
2025-06-19 01:39:28,REAL,2723299722,480,2723300202,2723300202
2025-06-19 01:39:30,REAL,2723300202,493,2723300695,2723300695
2025-06-19 01:39:32,REAL,2723300695,490,2723301185,2723301185
2025-06-19 01:39:34,REAL,2723301185,530,2723301715,2723301715
2025-06-19 01:39:36,REAL,2723301715,477,2723302192,2723302192
2025-06-19 01:39:38,REAL,2723302192,480,2723302672,2723302672
2025-06-19 01:39:40,REAL,2723302672,483,2723303155,2723303155
2025-06-19 01:39:42,REAL,2723303155,486,2723303641,2723303641
2025-06-19 01:39:44,REAL,2723303641,484,2723304125,2723304125
2025-06-19 01:39:46,REAL,2723304125,492,2723304617,2723304617
2025-06-19 01:39:48,REAL,2723304617,483,2723305100,2723305100
2025-06-19 01:39:50,REAL,2723305100,483,2723305583,2723305583
2025-06-19 01:39:52,REAL,2723305583,485,2723306068,2723306068
2025-06-19 01:39:54,REAL,2723306068,7561,2723313629,2723313629
2025-06-19 01:39:56,REAL,2723313629,11112,2723324741,2723324741
2025-06-19 01:39:58,REAL,2723324741,10248,2723334989,2723334989
2025-06-19 01:40:00,REAL,2723334989,10310,2723345299,2723345299
2025-06-19 01:40:02,REAL,2723345299,10251,2723355550,2723355550
2025-06-19 01:40:04,REAL,2723355550,10190,2723365740,2723365740
2025-06-19 01:40:06,REAL,2723365740,10324,2723376064,2723376064
2025-06-19 01:40:08,REAL,2723376064,9064,2723385128,2723385128
2025-06-19 01:40:10,REAL,2723385128,494,2723385622,2723385622
2025-06-19 01:40:12,REAL,2723385622,481,2723386103,2723386103
2025-06-19 01:40:14,REAL,2723386103,484,2723386587,2723386587
2025-06-19 01:40:16,REAL,2723386587,490,2723387077,2723387077
2025-06-19 01:40:18,REAL,2723387077,483,2723387560,2723387560
2025-06-19 01:40:20,REAL,2723387560,491,2723388051,2723388051
2025-06-19 01:40:22,REAL,2723388051,486,2723388537,2723388537
2025-06-19 01:40:24,REAL,2723388537,488,2723389025,2723389025
2025-06-19 01:40:26,REAL,2723389025,481,2723389506,2723389506
2025-06-19 01:40:28,REAL,2723389506,490,2723389996,2723389996
2025-06-19 01:40:30,REAL,2723389996,479,2723390475,2723390475
2025-06-19 01:40:32,REAL,2723390475,477,2723390952,2723390952
2025-06-19 01:40:34,REAL,2723390952,484,2723391436,2723391436
2025-06-19 01:40:36,REAL,2723391436,591,2723392027,2723392027
2025-06-19 01:40:38,REAL,2723392027,482,2723392509,2723392509
2025-06-19 01:40:40,REAL,2723392509,477,2723392986,2723392986
2025-06-19 01:40:42,REAL,2723392986,481,2723393467,2723393467
2025-06-19 01:40:44,REAL,2723393467,484,2723393951,2723393951
2025-06-19 01:40:46,REAL,2723393951,485,2723394436,2723394436
2025-06-19 01:40:48,REAL,2723394436,481,2723394917,2723394917
2025-06-19 01:40:50,REAL,2723394917,483,2723395400,2723395400
2025-06-19 01:40:52,REAL,2723395400,483,2723395883,2723395883
2025-06-19 01:40:54,REAL,2723395883,478,2723396361,2723396361
2025-06-19 01:40:56,REAL,2723396361,484,2723396845,2723396845
2025-06-19 01:40:58,REAL,2723396845,486,2723397331,2723397331
2025-06-19 01:41:00,REAL,2723397331,480,2723397811,2723397811
2025-06-19 01:41:02,REAL,2723397811,491,2723398302,2723398302
2025-06-19 01:41:04,REAL,2723398302,477,2723398779,2723398779
2025-06-19 01:41:06,REAL,2723398779,538,2723399317,2723399317
2025-06-19 01:41:08,REAL,2723399317,488,2723399805,2723399805
2025-06-19 01:41:10,REAL,2723399805,489,2723400294,2723400294
2025-06-19 01:41:12,REAL,2723400294,476,2723400770,2723400770
2025-06-19 01:41:14,REAL,2723400770,483,2723401253,2723401253
2025-06-19 01:41:16,REAL,2723401253,486,2723401739,2723401739
2025-06-19 01:41:18,REAL,2723401739,485,2723402224,2723402224
2025-06-19 01:41:20,REAL,2723402224,544,2723402768,2723402768
2025-06-19 01:41:22,REAL,2723402768,478,2723403246,2723403246
2025-06-19 01:41:24,REAL,2723403246,478,2723403724,2723403724
2025-06-19 01:41:26,REAL,2723403724,484,2723404208,2723404208
2025-06-19 01:41:28,REAL,2723404208,484,2723404692,2723404692
2025-06-19 01:41:30,REAL,2723404692,474,2723405166,2723405166
2025-06-19 01:41:32,REAL,2723405166,492,2723405658,2723405658
2025-06-19 01:41:34,REAL,2723405658,3928,2723409586,2723409586
2025-06-19 01:41:36,REAL,2723409586,11640,2723421226,2723421226
2025-06-19 01:41:38,REAL,2723421226,10307,2723431533,2723431533
2025-06-19 01:41:40,REAL,2723431533,10256,2723441789,2723441789
2025-06-19 01:41:42,REAL,2723441789,10247,2723452036,2723452036
2025-06-19 01:41:44,REAL,2723452036,10253,2723462289,2723462289
2025-06-19 01:41:46,REAL,2723462289,10251,2723472540,2723472540
2025-06-19 01:41:48,REAL,2723472540,10251,2723482791,2723482791
2025-06-19 01:41:50,REAL,2723482791,2262,2723485053,2723485053
2025-06-19 01:41:52,REAL,2723485053,486,2723485539,2723485539
2025-06-19 01:41:54,REAL,2723485539,489,2723486028,2723486028
2025-06-19 01:41:56,REAL,2723486028,490,2723486518,2723486518
2025-06-19 01:41:58,REAL,2723486518,486,2723487004,2723487004
2025-06-19 01:42:00,REAL,2723487004,492,2723487496,2723487496
2025-06-19 01:42:02,REAL,2723487496,484,2723487980,2723487980
2025-06-19 01:42:04,REAL,2723487980,490,2723488470,2723488470
2025-06-19 01:42:06,REAL,2723488470,489,2723488959,2723488959
2025-06-19 01:42:08,REAL,2723488959,480,2723489439,2723489439
2025-06-19 01:42:10,REAL,2723489439,540,2723489979,2723489979
2025-06-19 01:42:12,REAL,2723489979,488,2723490467,2723490467
2025-06-19 01:42:14,REAL,2723490467,483,2723490950,2723490950
2025-06-19 01:42:16,REAL,2723490950,538,2723491488,2723491488
2025-06-19 01:42:18,REAL,2723491488,483,2723491971,2723491971
2025-06-19 01:42:20,REAL,2723491971,484,2723492455,2723492455
2025-06-19 01:42:22,REAL,2723492455,477,2723492932,2723492932
2025-06-19 01:42:24,REAL,2723492932,486,2723493418,2723493418
2025-06-19 01:42:26,REAL,2723493418,482,2723493900,2723493900
2025-06-19 01:42:28,REAL,2723493900,479,2723494379,2723494379
2025-06-19 01:42:30,REAL,2723494379,487,2723494866,2723494866
2025-06-19 01:42:32,REAL,2723494866,480,2723495346,2723495346
2025-06-19 01:42:34,REAL,2723495346,487,2723495833,2723495833
2025-06-19 01:42:36,REAL,2723495833,489,2723496322,2723496322
2025-06-19 01:42:38,REAL,2723496322,484,2723496806,2723496806
2025-06-19 01:42:40,REAL,2723496806,537,2723497343,2723497343
2025-06-19 01:42:42,REAL,2723497343,480,2723497823,2723497823
2025-06-19 01:42:44,REAL,2723497823,484,2723498307,2723498307
2025-06-19 01:42:46,REAL,2723498307,484,2723498791,2723498791
2025-06-19 01:42:48,REAL,2723498791,479,2723499270,2723499270
2025-06-19 01:42:50,REAL,2723499270,488,2723499758,2723499758
2025-06-19 01:42:52,REAL,2723499758,478,2723500236,2723500236
2025-06-19 01:42:54,REAL,2723500236,487,2723500723,2723500723
2025-06-19 01:42:56,REAL,2723500723,483,2723501206,2723501206
2025-06-19 01:42:58,REAL,2723501206,493,2723501699,2723501699
2025-06-19 01:43:00,REAL,2723501699,540,2723502239,2723502239
2025-06-19 01:43:02,REAL,2723502239,476,2723502715,2723502715
2025-06-19 01:43:04,REAL,2723502715,481,2723503196,2723503196
2025-06-19 01:43:06,REAL,2723503196,482,2723503678,2723503678
2025-06-19 01:43:08,REAL,2723503678,480,2723504158,2723504158
2025-06-19 01:43:10,REAL,2723504158,539,2723504697,2723504697
2025-06-19 01:43:12,REAL,2723504697,485,2723505182,2723505182
2025-06-19 01:43:14,REAL,2723505182,476,2723505658,2723505658
2025-06-19 01:43:16,REAL,2723505658,485,2723506143,2723506143
2025-06-19 01:43:18,REAL,2723506143,489,2723506632,2723506632
2025-06-19 01:43:20,REAL,2723506632,477,2723507109,2723507109
2025-06-19 01:43:22,REAL,2723507109,490,2723507599,2723507599
2025-06-19 01:43:24,REAL,2723507599,491,2723508090,2723508090
2025-06-19 01:43:26,REAL,2723508090,482,2723508572,2723508572
2025-06-19 01:43:28,REAL,2723508572,483,2723509055,2723509055
2025-06-19 01:43:30,REAL,2723509055,483,2723509538,2723509538
2025-06-19 01:43:32,REAL,2723509538,493,2723510031,2723510031
2025-06-19 01:43:34,REAL,2723510031,481,2723510512,2723510512
2025-06-19 01:43:36,REAL,2723510512,489,2723511001,2723511001
2025-06-19 01:43:38,REAL,2723511001,478,2723511479,2723511479
2025-06-19 01:43:40,REAL,2723511479,486,2723511965,2723511965
2025-06-19 01:43:42,REAL,2723511965,595,2723512560,2723512560
2025-06-19 01:43:44,REAL,2723512560,491,2723513051,2723513051
2025-06-19 01:43:46,REAL,2723513051,492,2723513543,2723513543
2025-06-19 01:43:48,REAL,2723513543,487,2723514030,2723514030
2025-06-19 01:43:50,REAL,2723514030,482,2723514512,2723514512
2025-06-19 01:43:52,REAL,2723514512,485,2723514997,2723514997
2025-06-19 01:43:54,REAL,2723514997,485,2723515482,2723515482
2025-06-19 01:43:56,REAL,2723515482,483,2723515965,2723515965
2025-06-19 01:43:58,REAL,2723515965,488,2723516453,2723516453
2025-06-19 01:44:00,REAL,2723516453,485,2723516938,2723516938
2025-06-19 01:44:02,REAL,2723516938,489,2723517427,2723517427
2025-06-19 01:44:04,REAL,2723517427,539,2723517966,2723517966
2025-06-19 01:44:06,REAL,2723517966,481,2723518447,2723518447
2025-06-19 01:44:08,REAL,2723518447,486,2723518933,2723518933
2025-06-19 01:44:10,REAL,2723518933,487,2723519420,2723519420
2025-06-19 01:44:12,REAL,2723519420,545,2723519965,2723519965
2025-06-19 01:44:14,REAL,2723519965,487,2723520452,2723520452
2025-06-19 01:44:16,REAL,2723520452,481,2723520933,2723520933
2025-06-19 01:44:18,REAL,2723520933,484,2723521417,2723521417
2025-06-19 01:44:20,REAL,2723521417,484,2723521901,2723521901
2025-06-19 01:44:22,REAL,2723521901,481,2723522382,2723522382
2025-06-19 01:44:24,REAL,2723522382,7555,2723529937,2723529937
2025-06-19 01:44:26,REAL,2723529937,10711,2723540648,2723540648
2025-06-19 01:44:28,REAL,2723540648,10322,2723550970,2723550970
2025-06-19 01:44:30,REAL,2723550970,10250,2723561220,2723561220
2025-06-19 01:44:32,REAL,2723561220,10314,2723571534,2723571534
2025-06-19 01:44:34,REAL,2723571534,10257,2723581791,2723581791
2025-06-19 01:44:36,REAL,2723581791,10251,2723592042,2723592042
2025-06-19 01:44:38,REAL,2723592042,8933,2723600975,2723600975
2025-06-19 01:44:40,REAL,2723600975,483,2723601458,2723601458
2025-06-19 01:44:42,REAL,2723601458,548,2723602006,2723602006
2025-06-19 01:44:44,REAL,2723602006,540,2723602546,2723602546
2025-06-19 01:44:46,REAL,2723602546,486,2723603032,2723603032
2025-06-19 01:44:48,REAL,2723603032,485,2723603517,2723603517
2025-06-19 01:44:50,REAL,2723603517,480,2723603997,2723603997
2025-06-19 01:44:52,REAL,2723603997,474,2723604471,2723604471
2025-06-19 01:44:54,REAL,2723604471,484,2723604955,2723604955
2025-06-19 01:44:56,REAL,2723604955,9999,2723614954,2723614954
2025-06-19 01:44:58,REAL,2723614954,12098,2723627052,2723627052
2025-06-19 01:45:00,REAL,2723627052,10250,2723637302,2723637302
2025-06-19 01:45:02,REAL,2723637302,10315,2723647617,2723647617
2025-06-19 01:45:04,REAL,2723647617,10252,2723657869,2723657869
2025-06-19 01:45:06,REAL,2723657869,10316,2723668185,2723668185
2025-06-19 01:45:08,REAL,2723668185,10325,2723678510,2723678510
2025-06-19 01:45:10,REAL,2723678510,8270,2723686780,2723686780
2025-06-19 01:45:12,REAL,2723686780,481,2723687261,2723687261
2025-06-19 01:45:14,REAL,2723687261,540,2723687801,2723687801
2025-06-19 01:45:16,REAL,2723687801,542,2723688343,2723688343
2025-06-19 01:45:18,REAL,2723688343,484,2723688827,2723688827
2025-06-19 01:45:20,REAL,2723688827,485,2723689312,2723689312
2025-06-19 01:45:22,REAL,2723689312,478,2723689790,2723689790
2025-06-19 01:45:24,REAL,2723689790,482,2723690272,2723690272
2025-06-19 01:45:26,REAL,2723690272,487,2723690759,2723690759
2025-06-19 01:45:28,REAL,2723690759,481,2723691240,2723691240
2025-06-19 01:45:30,REAL,2723691240,481,2723691721,2723691721
2025-06-19 01:45:32,REAL,2723691721,485,2723692206,2723692206
2025-06-19 01:45:34,REAL,2723692206,488,2723692694,2723692694
2025-06-19 01:45:36,REAL,2723692694,480,2723693174,2723693174
2025-06-19 01:45:38,REAL,2723693174,544,2723693718,2723693718
2025-06-19 01:45:40,REAL,2723693718,486,2723694204,2723694204
2025-06-19 01:45:42,REAL,2723694204,483,2723694687,2723694687
2025-06-19 01:45:44,REAL,2723694687,492,2723695179,2723695179
2025-06-19 01:45:46,REAL,2723695179,487,2723695666,2723695666
2025-06-19 01:45:48,REAL,2723695666,481,2723696147,2723696147
2025-06-19 01:45:50,REAL,2723696147,479,2723696626,2723696626
2025-06-19 01:45:52,REAL,2723696626,537,2723697163,2723697163
2025-06-19 01:45:54,REAL,2723697163,488,2723697651,2723697651
2025-06-19 01:45:56,REAL,2723697651,492,2723698143,2723698143
2025-06-19 01:45:58,REAL,2723698143,549,2723698692,2723698692
2025-06-19 01:46:00,REAL,2723698692,487,2723699179,2723699179
2025-06-19 01:46:02,REAL,2723699179,488,2723699667,2723699667
2025-06-19 01:46:04,REAL,2723699667,479,2723700146,2723700146
2025-06-19 01:46:06,REAL,2723700146,486,2723700632,2723700632
2025-06-19 01:46:08,REAL,2723700632,480,2723701112,2723701112
2025-06-19 01:46:10,REAL,2723701112,488,2723701600,2723701600
2025-06-19 01:46:12,REAL,2723701600,481,2723702081,2723702081
2025-06-19 01:46:14,REAL,2723702081,484,2723702565,2723702565
2025-06-19 01:46:16,REAL,2723702565,490,2723703055,2723703055
2025-06-19 01:46:18,REAL,2723703055,490,2723703545,2723703545
2025-06-19 01:46:20,REAL,2723703545,545,2723704090,2723704090
2025-06-19 01:46:22,REAL,2723704090,479,2723704569,2723704569
2025-06-19 01:46:24,REAL,2723704569,480,2723705049,2723705049
2025-06-19 01:46:26,REAL,2723705049,477,2723705526,2723705526
2025-06-19 01:46:28,REAL,2723705526,487,2723706013,2723706013
2025-06-19 01:46:30,REAL,2723706013,539,2723706552,2723706552
2025-06-19 01:46:32,REAL,2723706552,491,2723707043,2723707043
2025-06-19 01:46:34,REAL,2723707043,490,2723707533,2723707533
2025-06-19 01:46:36,REAL,2723707533,488,2723708021,2723708021
2025-06-19 01:46:38,REAL,2723708021,492,2723708513,2723708513
2025-06-19 01:46:40,REAL,2723708513,484,2723708997,2723708997
2025-06-19 01:46:42,REAL,2723708997,539,2723709536,2723709536
2025-06-19 01:46:44,REAL,2723709536,482,2723710018,2723710018
2025-06-19 01:46:46,REAL,2723710018,488,2723710506,2723710506
2025-06-19 01:46:48,REAL,2723710506,484,2723710990,2723710990
2025-06-19 01:46:50,REAL,2723710990,491,2723711481,2723711481
2025-06-19 01:46:52,REAL,2723711481,480,2723711961,2723711961
2025-06-19 01:46:54,REAL,2723711961,482,2723712443,2723712443
2025-06-19 01:46:56,REAL,2723712443,487,2723712930,2723712930
2025-06-19 01:46:58,REAL,2723712930,482,2723713412,2723713412
2025-06-19 01:47:00,REAL,2723713412,480,2723713892,2723713892
2025-06-19 01:47:02,REAL,2723713892,489,2723714381,2723714381
2025-06-19 01:47:04,REAL,2723714381,543,2723714924,2723714924
2025-06-19 01:47:06,REAL,2723714924,481,2723715405,2723715405
2025-06-19 01:47:08,REAL,2723715405,535,2723715940,2723715940
2025-06-19 01:47:10,REAL,2723715940,490,2723716430,2723716430
2025-06-19 01:47:12,REAL,2723716430,487,2723716917,2723716917
2025-06-19 01:47:14,REAL,2723716917,482,2723717399,2723717399
2025-06-19 01:47:16,REAL,2723717399,474,2723717873,2723717873
2025-06-19 01:47:18,REAL,2723717873,482,2723718355,2723718355
2025-06-19 01:47:20,REAL,2723718355,486,2723718841,2723718841
2025-06-19 01:47:22,REAL,2723718841,488,2723719329,2723719329
2025-06-19 01:47:24,REAL,2723719329,491,2723719820,2723719820
2025-06-19 01:47:26,REAL,2723719820,535,2723720355,2723720355
2025-06-19 01:47:28,REAL,2723720355,489,2723720844,2723720844
2025-06-19 01:47:30,REAL,2723720844,483,2723721327,2723721327
2025-06-19 01:47:32,REAL,2723721327,478,2723721805,2723721805
2025-06-19 01:47:34,REAL,2723721805,489,2723722294,2723722294
2025-06-19 01:47:36,REAL,2723722294,486,2723722780,2723722780
2025-06-19 01:47:38,REAL,2723722780,484,2723723264,2723723264
2025-06-19 01:47:40,REAL,2723723264,484,2723723748,2723723748
2025-06-19 01:47:42,REAL,2723723748,478,2723724226,2723724226
2025-06-19 01:47:44,REAL,2723724226,492,2723724718,2723724718
2025-06-19 01:47:46,REAL,2723724718,481,2723725199,2723725199
2025-06-19 01:47:48,REAL,2723725199,599,2723725798,2723725798
2025-06-19 01:47:50,REAL,2723725798,478,2723726276,2723726276
2025-06-19 01:47:52,REAL,2723726276,488,2723726764,2723726764
2025-06-19 01:47:54,REAL,2723726764,490,2723727254,2723727254
2025-06-19 01:47:56,REAL,2723727254,484,2723727738,2723727738
2025-06-19 01:47:58,REAL,2723727738,483,2723728221,2723728221
2025-06-19 01:48:00,REAL,2723728221,486,2723728707,2723728707
2025-06-19 01:48:02,REAL,2723728707,484,2723729191,2723729191
2025-06-19 01:48:04,REAL,2723729191,486,2723729677,2723729677
2025-06-19 01:48:06,REAL,2723729677,490,2723730167,2723730167
2025-06-19 01:48:08,REAL,2723730167,486,2723730653,2723730653
2025-06-19 01:48:10,REAL,2723730653,536,2723731189,2723731189
2025-06-19 01:48:12,REAL,2723731189,485,2723731674,2723731674
2025-06-19 01:48:14,REAL,2723731674,479,2723732153,2723732153
2025-06-19 01:48:16,REAL,2723732153,477,2723732630,2723732630
2025-06-19 01:48:18,REAL,2723732630,483,2723733113,2723733113
2025-06-19 01:48:20,REAL,2723733113,488,2723733601,2723733601
2025-06-19 01:48:22,REAL,2723733601,490,2723734091,2723734091
2025-06-19 01:48:24,REAL,2723734091,480,2723734571,2723734571
2025-06-19 01:48:26,REAL,2723734571,539,2723735110,2723735110
2025-06-19 01:48:28,REAL,2723735110,488,2723735598,2723735598
2025-06-19 01:48:30,REAL,2723735598,487,2723736085,2723736085
2025-06-19 01:48:32,REAL,2723736085,532,2723736617,2723736617
2025-06-19 01:48:34,REAL,2723736617,481,2723737098,2723737098
2025-06-19 01:48:36,REAL,2723737098,488,2723737586,2723737586
2025-06-19 01:48:38,REAL,2723737586,486,2723738072,2723738072
2025-06-19 01:48:40,REAL,2723738072,487,2723738559,2723738559
2025-06-19 01:48:42,REAL,2723738559,488,2723739047,2723739047
2025-06-19 01:48:44,REAL,2723739047,482,2723739529,2723739529
2025-06-19 01:48:46,REAL,2723739529,476,2723740005,2723740005
2025-06-19 01:48:48,REAL,2723740005,2276,2723742281,2723742281
2025-06-19 01:48:50,REAL,2723742281,14889,2723757170,2723757170
2025-06-19 01:48:52,REAL,2723757170,10558,2723767728,2723767728
2025-06-19 01:48:54,REAL,2723767728,10062,2723777790,2723777790
2025-06-19 01:48:56,REAL,2723777790,10322,2723788112,2723788112
2025-06-19 01:48:58,REAL,2723788112,10257,2723798369,2723798369
2025-06-19 01:49:00,REAL,2723798369,10254,2723808623,2723808623
2025-06-19 01:49:02,REAL,2723808623,10320,2723818943,2723818943
2025-06-19 01:49:04,REAL,2723818943,3778,2723822721,2723822721
2025-06-19 01:49:06,REAL,2723822721,534,2723823255,2723823255
2025-06-19 01:49:08,REAL,2723823255,491,2723823746,2723823746
2025-06-19 01:49:10,REAL,2723823746,477,2723824223,2723824223
2025-06-19 01:49:12,REAL,2723824223,478,2723824701,2723824701
2025-06-19 01:49:14,REAL,2723824701,482,2723825183,2723825183
2025-06-19 01:49:16,REAL,2723825183,487,2723825670,2723825670
2025-06-19 01:49:18,REAL,2723825670,479,2723826149,2723826149
2025-06-19 01:49:20,REAL,2723826149,481,2723826630,2723826630
2025-06-19 01:49:22,REAL,2723826630,492,2723827122,2723827122
2025-06-19 01:49:24,REAL,2723827122,486,2723827608,2723827608
2025-06-19 01:49:26,REAL,2723827608,484,2723828092,2723828092
2025-06-19 01:49:28,REAL,2723828092,480,2723828572,2723828572
2025-06-19 01:49:30,REAL,2723828572,488,2723829060,2723829060
2025-06-19 01:49:32,REAL,2723829060,543,2723829603,2723829603
2025-06-19 01:49:34,REAL,2723829603,484,2723830087,2723830087
2025-06-19 01:49:36,REAL,2723830087,478,2723830565,2723830565
2025-06-19 01:49:38,REAL,2723830565,477,2723831042,2723831042
2025-06-19 01:49:40,REAL,2723831042,482,2723831524,2723831524
2025-06-19 01:49:42,REAL,2723831524,481,2723832005,2723832005
2025-06-19 01:49:44,REAL,2723832005,547,2723832552,2723832552
2025-06-19 01:49:46,REAL,2723832552,482,2723833034,2723833034
2025-06-19 01:49:48,REAL,2723833034,483,2723833517,2723833517
2025-06-19 01:49:50,REAL,2723833517,477,2723833994,2723833994
2025-06-19 01:49:52,REAL,2723833994,479,2723834473,2723834473
2025-06-19 01:49:54,REAL,2723834473,480,2723834953,2723834953
2025-06-19 01:49:56,REAL,2723834953,480,2723835433,2723835433
2025-06-19 01:49:58,REAL,2723835433,481,2723835914,2723835914
2025-06-19 01:50:00,REAL,2723835914,475,2723836389,2723836389
2025-06-19 01:50:02,REAL,2723836389,484,2723836873,2723836873
2025-06-19 01:50:04,REAL,2723836873,484,2723837357,2723837357
2025-06-19 01:50:06,REAL,2723837357,485,2723837842,2723837842
2025-06-19 01:50:08,REAL,2723837842,539,2723838381,2723838381
2025-06-19 01:50:10,REAL,2723838381,486,2723838867,2723838867
2025-06-19 01:50:12,REAL,2723838867,485,2723839352,2723839352
2025-06-19 01:50:14,REAL,2723839352,483,2723839835,2723839835
2025-06-19 01:50:16,REAL,2723839835,486,2723840321,2723840321
2025-06-19 01:50:18,REAL,2723840321,483,2723840804,2723840804
2025-06-19 01:50:20,REAL,2723840804,485,2723841289,2723841289
2025-06-19 01:50:22,REAL,2723841289,493,2723841782,2723841782
2025-06-19 01:50:24,REAL,2723841782,538,2723842320,2723842320
2025-06-19 01:50:26,REAL,2723842320,484,2723842804,2723842804
2025-06-19 01:50:28,REAL,2723842804,484,2723843288,2723843288
2025-06-19 01:50:30,REAL,2723843288,484,2723843772,2723843772
2025-06-19 01:50:32,REAL,2723843772,483,2723844255,2723844255
2025-06-19 01:50:34,REAL,2723844255,481,2723844736,2723844736
2025-06-19 01:50:36,REAL,2723844736,486,2723845222,2723845222
2025-06-19 01:50:38,REAL,2723845222,476,2723845698,2723845698
2025-06-19 01:50:40,REAL,2723845698,479,2723846177,2723846177
2025-06-19 01:50:42,REAL,2723846177,477,2723846654,2723846654
2025-06-19 01:50:44,REAL,2723846654,483,2723847137,2723847137
2025-06-19 01:50:46,REAL,2723847137,550,2723847687,2723847687
2025-06-19 01:50:48,REAL,2723847687,483,2723848170,2723848170
2025-06-19 01:50:50,REAL,2723848170,482,2723848652,2723848652
2025-06-19 01:50:52,REAL,2723848652,485,2723849137,2723849137
2025-06-19 01:50:54,REAL,2723849137,486,2723849623,2723849623
2025-06-19 01:50:56,REAL,2723849623,484,2723850107,2723850107
2025-06-19 01:50:58,REAL,2723850107,485,2723850592,2723850592
2025-06-19 01:51:00,REAL,2723850592,487,2723851079,2723851079
2025-06-19 01:51:02,REAL,2723851079,544,2723851623,2723851623
2025-06-19 01:51:04,REAL,2723851623,486,2723852109,2723852109
2025-06-19 01:51:06,REAL,2723852109,486,2723852595,2723852595
2025-06-19 01:51:08,REAL,2723852595,489,2723853084,2723853084
2025-06-19 01:51:10,REAL,2723853084,475,2723853559,2723853559
2025-06-19 01:51:12,REAL,2723853559,482,2723854041,2723854041
2025-06-19 01:51:14,REAL,2723854041,481,2723854522,2723854522
2025-06-19 01:51:16,REAL,2723854522,492,2723855014,2723855014
2025-06-19 01:51:18,REAL,2723855014,11180,2723866194,2723866194
2025-06-19 01:51:20,REAL,2723866194,10252,2723876446,2723876446
2025-06-19 01:51:22,REAL,2723876446,10252,2723886698,2723886698
2025-06-19 01:51:24,REAL,2723886698,10323,2723897021,2723897021
2025-06-19 01:51:26,REAL,2723897021,10244,2723907265,2723907265
2025-06-19 01:51:28,REAL,2723907265,10247,2723917512,2723917512
2025-06-19 01:51:30,REAL,2723917512,10260,2723927772,2723927772
2025-06-19 01:51:32,REAL,2723927772,5959,2723933731,2723933731
2025-06-19 01:51:34,REAL,2723933731,541,2723934272,2723934272
2025-06-19 01:51:36,REAL,2723934272,481,2723934753,2723934753
2025-06-19 01:51:38,REAL,2723934753,486,2723935239,2723935239
2025-06-19 01:51:40,REAL,2723935239,481,2723935720,2723935720
2025-06-19 01:51:42,REAL,2723935720,488,2723936208,2723936208
2025-06-19 01:51:44,REAL,2723936208,480,2723936688,2723936688
2025-06-19 01:51:46,REAL,2723936688,480,2723937168,2723937168
2025-06-19 01:51:48,REAL,2723937168,485,2723937653,2723937653
2025-06-19 01:51:50,REAL,2723937653,11712,2723949365,2723949365
2025-06-19 01:51:52,REAL,2723949365,10245,2723959610,2723959610
2025-06-19 01:51:54,REAL,2723959610,10305,2723969915,2723969915
2025-06-19 01:51:56,REAL,2723969915,10253,2723980168,2723980168
2025-06-19 01:51:58,REAL,2723980168,10313,2723990481,2723990481
2025-06-19 01:52:00,REAL,2723990481,10248,2724000729,2724000729
2025-06-19 01:52:02,REAL,2724000729,10258,2724010987,2724010987
2025-06-19 01:52:04,REAL,2724010987,5422,2724016409,2724016409
2025-06-19 01:52:06,REAL,2724016409,484,2724016893,2724016893
2025-06-19 01:52:08,REAL,2724016893,484,2724017377,2724017377
2025-06-19 01:52:10,REAL,2724017377,482,2724017859,2724017859
2025-06-19 01:52:12,REAL,2724017859,483,2724018342,2724018342
2025-06-19 01:52:14,REAL,2724018342,486,2724018828,2724018828
2025-06-19 01:52:16,REAL,2724018828,485,2724019313,2724019313
2025-06-19 01:52:18,REAL,2724019313,486,2724019799,2724019799
2025-06-19 01:52:20,REAL,2724019799,2135,2724021934,2724021934
2025-06-19 01:52:22,REAL,2724021934,10843,2724032777,2724032777
2025-06-19 01:52:24,REAL,2724032777,10251,2724043028,2724043028
2025-06-19 01:52:26,REAL,2724043028,10246,2724053274,2724053274
2025-06-19 01:52:28,REAL,2724053274,10317,2724063591,2724063591
2025-06-19 01:52:30,REAL,2724063591,10256,2724073847,2724073847
2025-06-19 01:52:32,REAL,2724073847,10320,2724084167,2724084167
2025-06-19 01:52:34,REAL,2724084167,10312,2724094479,2724094479
2025-06-19 01:52:36,REAL,2724094479,4714,2724099193,2724099193
2025-06-19 01:52:38,REAL,2724099193,482,2724099675,2724099675
2025-06-19 01:52:40,REAL,2724099675,489,2724100164,2724100164
2025-06-19 01:52:42,REAL,2724100164,481,2724100645,2724100645
2025-06-19 01:52:44,REAL,2724100645,479,2724101124,2724101124
2025-06-19 01:52:46,REAL,2724101124,490,2724101614,2724101614
2025-06-19 01:52:48,REAL,2724101614,478,2724102092,2724102092
2025-06-19 01:52:50,REAL,2724102092,491,2724102583,2724102583
2025-06-19 01:52:52,REAL,2724102583,1750,2724104333,2724104333
2025-06-19 01:52:54,REAL,2724104333,12428,2724116761,2724116761
2025-06-19 01:52:56,REAL,2724116761,10246,2724127007,2724127007
2025-06-19 01:52:58,REAL,2724127007,10307,2724137314,2724137314
2025-06-19 01:53:00,REAL,2724137314,10249,2724147563,2724147563
2025-06-19 01:53:02,REAL,2724147563,10246,2724157809,2724157809
2025-06-19 01:53:04,REAL,2724157809,10251,2724168060,2724168060
2025-06-19 01:53:06,REAL,2724168060,10307,2724178367,2724178367
2025-06-19 01:53:08,REAL,2724178367,4119,2724182486,2724182486
2025-06-19 01:53:10,REAL,2724182486,494,2724182980,2724182980
2025-06-19 01:53:12,REAL,2724182980,479,2724183459,2724183459
2025-06-19 01:53:14,REAL,2724183459,482,2724183941,2724183941
2025-06-19 01:53:16,REAL,2724183941,481,2724184422,2724184422
2025-06-19 01:53:18,REAL,2724184422,482,2724184904,2724184904
2025-06-19 01:53:20,REAL,2724184904,488,2724185392,2724185392
2025-06-19 01:53:22,REAL,2724185392,487,2724185879,2724185879
2025-06-19 01:53:24,REAL,2724185879,485,2724186364,2724186364
2025-06-19 01:53:26,REAL,2724186364,481,2724186845,2724186845
2025-06-19 01:53:28,REAL,2724186845,488,2724187333,2724187333
2025-06-19 01:53:30,REAL,2724187333,10656,2724197989,2724197989
2025-06-19 01:53:32,REAL,2724197989,11239,2724209228,2724209228
2025-06-19 01:53:34,REAL,2724209228,10380,2724219608,2724219608
2025-06-19 01:53:36,REAL,2724219608,10299,2724229907,2724229907
2025-06-19 01:53:38,REAL,2724229907,10254,2724240161,2724240161
2025-06-19 01:53:40,REAL,2724240161,10252,2724250413,2724250413
2025-06-19 01:53:42,REAL,2724250413,10250,2724260663,2724260663
2025-06-19 01:53:44,REAL,2724260663,8541,2724269204,2724269204
2025-06-19 01:53:46,REAL,2724269204,476,2724269680,2724269680
2025-06-19 01:53:48,REAL,2724269680,492,2724270172,2724270172
2025-06-19 01:53:50,REAL,2724270172,485,2724270657,2724270657
2025-06-19 01:53:52,REAL,2724270657,490,2724271147,2724271147
2025-06-19 01:53:54,REAL,2724271147,492,2724271639,2724271639
2025-06-19 01:53:56,REAL,2724271639,481,2724272120,2724272120
2025-06-19 01:53:58,REAL,2724272120,487,2724272607,2724272607
2025-06-19 01:54:00,REAL,2724272607,479,2724273086,2724273086
2025-06-19 01:54:02,REAL,2724273086,486,2724273572,2724273572
2025-06-19 01:54:04,REAL,2724273572,482,2724274054,2724274054
2025-06-19 01:54:06,REAL,2724274054,538,2724274592,2724274592
2025-06-19 01:54:08,REAL,2724274592,485,2724275077,2724275077
2025-06-19 01:54:10,REAL,2724275077,479,2724275556,2724275556
2025-06-19 01:54:12,REAL,2724275556,535,2724276091,2724276091
2025-06-19 01:54:14,REAL,2724276091,486,2724276577,2724276577
2025-06-19 01:54:16,REAL,2724276577,476,2724277053,2724277053
2025-06-19 01:54:18,REAL,2724277053,489,2724277542,2724277542
2025-06-19 01:54:20,REAL,2724277542,487,2724278029,2724278029
2025-06-19 01:54:22,REAL,2724278029,480,2724278509,2724278509
2025-06-19 01:54:24,REAL,2724278509,484,2724278993,2724278993
2025-06-19 01:54:26,REAL,2724278993,485,2724279478,2724279478
2025-06-19 01:54:28,REAL,2724279478,494,2724279972,2724279972
2025-06-19 01:54:30,REAL,2724279972,485,2724280457,2724280457
2025-06-19 01:54:32,REAL,2724280457,488,2724280945,2724280945
2025-06-19 01:54:34,REAL,2724280945,488,2724281433,2724281433
2025-06-19 01:54:36,REAL,2724281433,545,2724281978,2724281978
2025-06-19 01:54:38,REAL,2724281978,541,2724282519,2724282519
2025-06-19 01:54:40,REAL,2724282519,487,2724283006,2724283006
2025-06-19 01:54:42,REAL,2724283006,482,2724283488,2724283488
2025-06-19 01:54:44,REAL,2724283488,490,2724283978,2724283978
2025-06-19 01:54:46,REAL,2724283978,483,2724284461,2724284461
2025-06-19 01:54:48,REAL,2724284461,482,2724284943,2724284943
2025-06-19 01:54:50,REAL,2724284943,487,2724285430,2724285430
2025-06-19 01:54:52,REAL,2724285430,485,2724285915,2724285915
2025-06-19 01:54:54,REAL,2724285915,486,2724286401,2724286401
2025-06-19 01:54:56,REAL,2724286401,481,2724286882,2724286882
2025-06-19 01:54:58,REAL,2724286882,492,2724287374,2724287374
2025-06-19 01:55:00,REAL,2724287374,480,2724287854,2724287854
2025-06-19 01:55:02,REAL,2724287854,482,2724288336,2724288336
2025-06-19 01:55:04,REAL,2724288336,534,2724288870,2724288870
2025-06-19 01:55:06,REAL,2724288870,476,2724289346,2724289346
2025-06-19 01:55:08,REAL,2724289346,541,2724289887,2724289887
2025-06-19 01:55:10,REAL,2724289887,484,2724290371,2724290371
2025-06-19 01:55:12,REAL,2724290371,492,2724290863,2724290863
2025-06-19 01:55:14,REAL,2724290863,487,2724291350,2724291350
2025-06-19 01:55:16,REAL,2724291350,482,2724291832,2724291832
2025-06-19 01:55:18,REAL,2724291832,487,2724292319,2724292319
2025-06-19 01:55:20,REAL,2724292319,483,2724292802,2724292802
2025-06-19 01:55:22,REAL,2724292802,490,2724293292,2724293292
2025-06-19 01:55:24,REAL,2724293292,490,2724293782,2724293782
2025-06-19 01:55:26,REAL,2724293782,486,2724294268,2724294268
2025-06-19 01:55:28,REAL,2724294268,492,2724294760,2724294760
2025-06-19 01:55:30,REAL,2724294760,545,2724295305,2724295305
2025-06-19 01:55:32,REAL,2724295305,484,2724295789,2724295789
2025-06-19 01:55:34,REAL,2724295789,486,2724296275,2724296275
2025-06-19 01:55:36,REAL,2724296275,492,2724296767,2724296767
2025-06-19 01:55:38,REAL,2724296767,544,2724297311,2724297311
2025-06-19 01:55:40,REAL,2724297311,488,2724297799,2724297799
2025-06-19 01:55:42,REAL,2724297799,482,2724298281,2724298281
2025-06-19 01:55:44,REAL,2724298281,483,2724298764,2724298764
2025-06-19 01:55:46,REAL,2724298764,482,2724299246,2724299246
2025-06-19 01:55:48,REAL,2724299246,486,2724299732,2724299732
2025-06-19 01:55:50,REAL,2724299732,483,2724300215,2724300215
2025-06-19 01:55:52,REAL,2724300215,487,2724300702,2724300702
2025-06-19 01:55:54,REAL,2724300702,544,2724301246,2724301246
2025-06-19 01:55:56,REAL,2724301246,483,2724301729,2724301729
2025-06-19 01:55:58,REAL,2724301729,486,2724302215,2724302215
2025-06-19 01:56:00,REAL,2724302215,478,2724302693,2724302693
2025-06-19 01:56:02,REAL,2724302693,476,2724303169,2724303169
2025-06-19 01:56:04,REAL,2724303169,488,2724303657,2724303657
2025-06-19 01:56:06,REAL,2724303657,539,2724304196,2724304196
2025-06-19 01:56:08,REAL,2724304196,486,2724304682,2724304682
2025-06-19 01:56:10,REAL,2724304682,484,2724305166,2724305166
2025-06-19 01:56:12,REAL,2724305166,492,2724305658,2724305658
2025-06-19 01:56:14,REAL,2724305658,7089,2724312747,2724312747
2025-06-19 01:56:16,REAL,2724312747,12888,2724325635,2724325635
2025-06-19 01:56:18,REAL,2724325635,10322,2724335957,2724335957
2025-06-19 01:56:20,REAL,2724335957,10257,2724346214,2724346214
2025-06-19 01:56:22,REAL,2724346214,10317,2724356531,2724356531
2025-06-19 01:56:24,REAL,2724356531,10252,2724366783,2724366783
2025-06-19 01:56:26,REAL,2724366783,10251,2724377034,2724377034
2025-06-19 01:56:28,REAL,2724377034,10262,2724387296,2724387296
2025-06-19 01:56:30,REAL,2724387296,488,2724387784,2724387784
2025-06-19 01:56:32,REAL,2724387784,489,2724388273,2724388273
2025-06-19 01:56:34,REAL,2724388273,536,2724388809,2724388809
2025-06-19 01:56:36,REAL,2724388809,488,2724389297,2724389297
2025-06-19 01:56:38,REAL,2724389297,484,2724389781,2724389781
2025-06-19 01:56:40,REAL,2724389781,539,2724390320,2724390320
2025-06-19 01:56:42,REAL,2724390320,487,2724390807,2724390807
2025-06-19 01:56:44,REAL,2724390807,487,2724391294,2724391294
2025-06-19 01:56:46,REAL,2724391294,491,2724391785,2724391785
2025-06-19 01:56:48,REAL,2724391785,486,2724392271,2724392271
2025-06-19 01:56:50,REAL,2724392271,485,2724392756,2724392756
2025-06-19 01:56:52,REAL,2724392756,481,2724393237,2724393237
2025-06-19 01:56:54,REAL,2724393237,490,2724393727,2724393727
2025-06-19 01:56:56,REAL,2724393727,483,2724394210,2724394210
2025-06-19 01:56:58,REAL,2724394210,478,2724394688,2724394688
2025-06-19 01:57:00,REAL,2724394688,543,2724395231,2724395231
2025-06-19 01:57:02,REAL,2724395231,481,2724395712,2724395712
2025-06-19 01:57:04,REAL,2724395712,486,2724396198,2724396198
2025-06-19 01:57:06,REAL,2724396198,549,2724396747,2724396747
2025-06-19 01:57:08,REAL,2724396747,481,2724397228,2724397228
2025-06-19 01:57:10,REAL,2724397228,485,2724397713,2724397713
2025-06-19 01:57:12,REAL,2724397713,487,2724398200,2724398200
2025-06-19 01:57:14,REAL,2724398200,478,2724398678,2724398678
2025-06-19 01:57:16,REAL,2724398678,486,2724399164,2724399164
2025-06-19 01:57:18,REAL,2724399164,487,2724399651,2724399651
2025-06-19 01:57:20,REAL,2724399651,482,2724400133,2724400133
2025-06-19 01:57:22,REAL,2724400133,485,2724400618,2724400618
2025-06-19 01:57:24,REAL,2724400618,483,2724401101,2724401101
2025-06-19 01:57:26,REAL,2724401101,490,2724401591,2724401591
2025-06-19 01:57:28,REAL,2724401591,541,2724402132,2724402132
2025-06-19 01:57:30,REAL,2724402132,535,2724402667,2724402667
2025-06-19 01:57:32,REAL,2724402667,481,2724403148,2724403148
2025-06-19 01:57:34,REAL,2724403148,477,2724403625,2724403625
2025-06-19 01:57:36,REAL,2724403625,485,2724404110,2724404110
2025-06-19 01:57:38,REAL,2724404110,488,2724404598,2724404598
2025-06-19 01:57:40,REAL,2724404598,475,2724405073,2724405073
2025-06-19 01:57:42,REAL,2724405073,484,2724405557,2724405557
2025-06-19 01:57:44,REAL,2724405557,476,2724406033,2724406033
2025-06-19 01:57:46,REAL,2724406033,479,2724406512,2724406512
2025-06-19 01:57:48,REAL,2724406512,482,2724406994,2724406994
2025-06-19 01:57:50,REAL,2724406994,486,2724407480,2724407480
2025-06-19 01:57:52,REAL,2724407480,482,2724407962,2724407962
2025-06-19 01:57:54,REAL,2724407962,489,2724408451,2724408451
2025-06-19 01:57:56,REAL,2724408451,538,2724408989,2724408989
2025-06-19 01:57:58,REAL,2724408989,539,2724409528,2724409528
2025-06-19 01:58:00,REAL,2724409528,484,2724410012,2724410012
2025-06-19 01:58:02,REAL,2724410012,482,2724410494,2724410494
2025-06-19 01:58:04,REAL,2724410494,489,2724410983,2724410983
2025-06-19 01:58:06,REAL,2724410983,484,2724411467,2724411467
2025-06-19 01:58:08,REAL,2724411467,487,2724411954,2724411954
2025-06-19 01:58:10,REAL,2724411954,489,2724412443,2724412443
2025-06-19 01:58:12,REAL,2724412443,485,2724412928,2724412928
2025-06-19 01:58:14,REAL,2724412928,482,2724413410,2724413410
2025-06-19 01:58:16,REAL,2724413410,479,2724413889,2724413889
2025-06-19 01:58:18,REAL,2724413889,487,2724414376,2724414376
2025-06-19 01:58:20,REAL,2724414376,491,2724414867,2724414867
2025-06-19 01:58:22,REAL,2724414867,534,2724415401,2724415401
2025-06-19 01:58:24,REAL,2724415401,540,2724415941,2724415941
2025-06-19 01:58:26,REAL,2724415941,487,2724416428,2724416428
2025-06-19 01:58:28,REAL,2724416428,476,2724416904,2724416904
2025-06-19 01:58:30,REAL,2724416904,493,2724417397,2724417397
2025-06-19 01:58:32,REAL,2724417397,483,2724417880,2724417880
2025-06-19 01:58:34,REAL,2724417880,486,2724418366,2724418366
2025-06-19 01:58:36,REAL,2724418366,482,2724418848,2724418848
2025-06-19 01:58:38,REAL,2724418848,484,2724419332,2724419332
2025-06-19 01:58:40,REAL,2724419332,484,2724419816,2724419816
2025-06-19 01:58:42,REAL,2724419816,481,2724420297,2724420297
2025-06-19 01:58:44,REAL,2724420297,490,2724420787,2724420787
2025-06-19 01:58:46,REAL,2724420787,484,2724421271,2724421271
2025-06-19 01:58:48,REAL,2724421271,483,2724421754,2724421754
2025-06-19 01:58:50,REAL,2724421754,604,2724422358,2724422358
2025-06-19 01:58:52,REAL,2724422358,486,2724422844,2724422844
2025-06-19 01:58:54,REAL,2724422844,484,2724423328,2724423328
2025-06-19 01:58:56,REAL,2724423328,490,2724423818,2724423818
2025-06-19 01:58:58,REAL,2724423818,480,2724424298,2724424298
2025-06-19 01:59:00,REAL,2724424298,482,2724424780,2724424780
2025-06-19 01:59:02,REAL,2724424780,474,2724425254,2724425254
2025-06-19 01:59:04,REAL,2724425254,478,2724425732,2724425732
2025-06-19 01:59:06,REAL,2724425732,489,2724426221,2724426221
2025-06-19 01:59:08,REAL,2724426221,491,2724426712,2724426712
2025-06-19 01:59:10,REAL,2724426712,475,2724427187,2724427187
2025-06-19 01:59:12,REAL,2724427187,488,2724427675,2724427675
2025-06-19 01:59:14,REAL,2724427675,481,2724428156,2724428156
2025-06-19 01:59:16,REAL,2724428156,539,2724428695,2724428695
2025-06-19 01:59:18,REAL,2724428695,541,2724429236,2724429236
2025-06-19 01:59:20,REAL,2724429236,480,2724429716,2724429716
2025-06-19 01:59:22,REAL,2724429716,480,2724430196,2724430196
2025-06-19 01:59:24,REAL,2724430196,487,2724430683,2724430683
2025-06-19 01:59:26,REAL,2724430683,487,2724431170,2724431170
2025-06-19 01:59:28,REAL,2724431170,483,2724431653,2724431653
2025-06-19 01:59:30,REAL,2724431653,474,2724432127,2724432127
2025-06-19 01:59:32,REAL,2724432127,489,2724432616,2724432616
2025-06-19 01:59:34,REAL,2724432616,488,2724433104,2724433104
2025-06-19 01:59:36,REAL,2724433104,484,2724433588,2724433588
2025-06-19 01:59:38,REAL,2724433588,477,2724434065,2724434065
2025-06-19 01:59:40,REAL,2724434065,480,2724434545,2724434545
2025-06-19 01:59:42,REAL,2724434545,483,2724435028,2724435028
2025-06-19 01:59:44,REAL,2724435028,595,2724435623,2724435623
2025-06-19 01:59:46,REAL,2724435623,486,2724436109,2724436109
2025-06-19 01:59:48,REAL,2724436109,489,2724436598,2724436598
2025-06-19 01:59:50,REAL,2724436598,485,2724437083,2724437083
2025-06-19 01:59:52,REAL,2724437083,480,2724437563,2724437563
2025-06-19 01:59:54,REAL,2724437563,482,2724438045,2724438045
2025-06-19 01:59:56,REAL,2724438045,482,2724438527,2724438527
2025-06-19 01:59:58,REAL,2724438527,490,2724439017,2724439017
2025-06-19 02:00:00,REAL,2724439017,485,2724439502,2724439502
2025-06-19 02:00:02,REAL,2724439502,5644,2724445146,2724445146
2025-06-19 02:00:04,REAL,2724445146,11442,2724456588,2724456588
2025-06-19 02:00:06,REAL,2724456588,10252,2724466840,2724466840
2025-06-19 02:00:08,REAL,2724466840,10256,2724477096,2724477096
2025-06-19 02:00:10,REAL,2724477096,10252,2724487348,2724487348
2025-06-19 02:00:12,REAL,2724487348,10304,2724497652,2724497652
2025-06-19 02:00:14,REAL,2724497652,10259,2724507911,2724507911
2025-06-19 02:00:16,REAL,2724507911,10255,2724518166,2724518166
2025-06-19 02:00:18,REAL,2724518166,951,2724519117,2724519117
2025-06-19 02:00:20,REAL,2724519117,480,2724519597,2724519597
2025-06-19 02:00:22,REAL,2724519597,482,2724520079,2724520079
2025-06-19 02:00:24,REAL,2724520079,491,2724520570,2724520570
2025-06-19 02:00:26,REAL,2724520570,480,2724521050,2724521050
2025-06-19 02:00:28,REAL,2724521050,542,2724521592,2724521592
2025-06-19 02:00:30,REAL,2724521592,478,2724522070,2724522070
2025-06-19 02:00:32,REAL,2724522070,488,2724522558,2724522558
2025-06-19 02:00:34,REAL,2724522558,7818,2724530376,2724530376
2025-06-19 02:00:36,REAL,2724530376,13147,2724543523,2724543523
2025-06-19 02:00:38,REAL,2724543523,10323,2724553846,2724553846
2025-06-19 02:00:40,REAL,2724553846,10254,2724564100,2724564100
2025-06-19 02:00:42,REAL,2724564100,10245,2724574345,2724574345
2025-06-19 02:00:44,REAL,2724574345,10245,2724584590,2724584590
2025-06-19 02:00:46,REAL,2724584590,10250,2724594840,2724594840
2025-06-19 02:00:48,REAL,2724594840,10062,2724604902,2724604902
2025-06-19 02:00:50,REAL,2724604902,486,2724605388,2724605388
2025-06-19 02:00:52,REAL,2724605388,485,2724605873,2724605873
2025-06-19 02:00:54,REAL,2724605873,628,2724606501,2724606501
2025-06-19 02:00:56,REAL,2724606501,12042,2724618543,2724618543
2025-06-19 02:00:58,REAL,2724618543,10254,2724628797,2724628797
2025-06-19 02:01:00,REAL,2724628797,10253,2724639050,2724639050
2025-06-19 02:01:02,REAL,2724639050,10249,2724649299,2724649299
2025-06-19 02:01:04,REAL,2724649299,10309,2724659608,2724659608
2025-06-19 02:01:06,REAL,2724659608,10250,2724669858,2724669858
2025-06-19 02:01:08,REAL,2724669858,10252,2724680110,2724680110
2025-06-19 02:01:10,REAL,2724680110,4972,2724685082,2724685082
2025-06-19 02:01:12,REAL,2724685082,487,2724685569,2724685569
2025-06-19 02:01:14,REAL,2724685569,478,2724686047,2724686047
2025-06-19 02:01:16,REAL,2724686047,487,2724686534,2724686534
2025-06-19 02:01:18,REAL,2724686534,484,2724687018,2724687018
2025-06-19 02:01:20,REAL,2724687018,534,2724687552,2724687552
2025-06-19 02:01:22,REAL,2724687552,492,2724688044,2724688044
2025-06-19 02:01:24,REAL,2724688044,475,2724688519,2724688519
2025-06-19 02:01:26,REAL,2724688519,483,2724689002,2724689002
2025-06-19 02:01:28,REAL,2724689002,480,2724689482,2724689482
2025-06-19 02:01:30,REAL,2724689482,487,2724689969,2724689969
2025-06-19 02:01:32,REAL,2724689969,481,2724690450,2724690450
2025-06-19 02:01:34,REAL,2724690450,490,2724690940,2724690940
2025-06-19 02:01:36,REAL,2724690940,486,2724691426,2724691426
2025-06-19 02:01:38,REAL,2724691426,479,2724691905,2724691905
2025-06-19 02:01:40,REAL,2724691905,478,2724692383,2724692383
2025-06-19 02:01:42,REAL,2724692383,485,2724692868,2724692868
2025-06-19 02:01:44,REAL,2724692868,479,2724693347,2724693347
2025-06-19 02:01:46,REAL,2724693347,539,2724693886,2724693886
2025-06-19 02:01:48,REAL,2724693886,482,2724694368,2724694368
2025-06-19 02:01:50,REAL,2724694368,492,2724694860,2724694860
2025-06-19 02:01:52,REAL,2724694860,476,2724695336,2724695336
2025-06-19 02:01:54,REAL,2724695336,483,2724695819,2724695819
2025-06-19 02:01:56,REAL,2724695819,540,2724696359,2724696359
2025-06-19 02:01:58,REAL,2724696359,482,2724696841,2724696841
2025-06-19 02:02:00,REAL,2724696841,482,2724697323,2724697323
2025-06-19 02:02:02,REAL,2724697323,481,2724697804,2724697804
2025-06-19 02:02:04,REAL,2724697804,483,2724698287,2724698287
2025-06-19 02:02:06,REAL,2724698287,486,2724698773,2724698773
2025-06-19 02:02:08,REAL,2724698773,479,2724699252,2724699252
2025-06-19 02:02:10,REAL,2724699252,474,2724699726,2724699726
2025-06-19 02:02:12,REAL,2724699726,544,2724700270,2724700270
2025-06-19 02:02:14,REAL,2724700270,481,2724700751,2724700751
2025-06-19 02:02:16,REAL,2724700751,484,2724701235,2724701235
2025-06-19 02:02:18,REAL,2724701235,483,2724701718,2724701718
2025-06-19 02:02:20,REAL,2724701718,479,2724702197,2724702197
2025-06-19 02:02:22,REAL,2724702197,482,2724702679,2724702679
2025-06-19 02:02:24,REAL,2724702679,487,2724703166,2724703166
2025-06-19 02:02:26,REAL,2724703166,482,2724703648,2724703648
2025-06-19 02:02:28,REAL,2724703648,482,2724704130,2724704130
2025-06-19 02:02:30,REAL,2724704130,480,2724704610,2724704610
2025-06-19 02:02:32,REAL,2724704610,482,2724705092,2724705092
2025-06-19 02:02:34,REAL,2724705092,481,2724705573,2724705573
2025-06-19 02:02:36,REAL,2724705573,482,2724706055,2724706055
2025-06-19 02:02:38,REAL,2724706055,475,2724706530,2724706530
2025-06-19 02:02:40,REAL,2724706530,537,2724707067,2724707067
2025-06-19 02:02:42,REAL,2724707067,484,2724707551,2724707551
2025-06-19 02:02:44,REAL,2724707551,481,2724708032,2724708032
2025-06-19 02:02:46,REAL,2724708032,537,2724708569,2724708569
2025-06-19 02:02:48,REAL,2724708569,488,2724709057,2724709057
2025-06-19 02:02:50,REAL,2724709057,484,2724709541,2724709541
2025-06-19 02:02:52,REAL,2724709541,486,2724710027,2724710027
2025-06-19 02:02:54,REAL,2724710027,485,2724710512,2724710512
2025-06-19 02:02:56,REAL,2724710512,3860,2724714372,2724714372
2025-06-19 02:02:58,REAL,2724714372,10976,2724725348,2724725348
2025-06-19 02:03:00,REAL,2724725348,10244,2724735592,2724735592
2025-06-19 02:03:02,REAL,2724735592,10257,2724745849,2724745849
2025-06-19 02:03:04,REAL,2724745849,10260,2724756109,2724756109
2025-06-19 02:03:06,REAL,2724756109,10312,2724766421,2724766421
2025-06-19 02:03:08,REAL,2724766421,10248,2724776669,2724776669
2025-06-19 02:03:10,REAL,2724776669,10319,2724786988,2724786988
2025-06-19 02:03:12,REAL,2724786988,2719,2724789707,2724789707
2025-06-19 02:03:14,REAL,2724789707,486,2724790193,2724790193
2025-06-19 02:03:16,REAL,2724790193,480,2724790673,2724790673
2025-06-19 02:03:18,REAL,2724790673,478,2724791151,2724791151
2025-06-19 02:03:20,REAL,2724791151,487,2724791638,2724791638
2025-06-19 02:03:22,REAL,2724791638,540,2724792178,2724792178
2025-06-19 02:03:24,REAL,2724792178,482,2724792660,2724792660
2025-06-19 02:03:26,REAL,2724792660,478,2724793138,2724793138
2025-06-19 02:03:28,REAL,2724793138,4322,2724797460,2724797460
2025-06-19 02:03:30,REAL,2724797460,11898,2724809358,2724809358
2025-06-19 02:03:32,REAL,2724809358,10247,2724819605,2724819605
2025-06-19 02:03:34,REAL,2724819605,10258,2724829863,2724829863
2025-06-19 02:03:36,REAL,2724829863,10317,2724840180,2724840180
2025-06-19 02:03:38,REAL,2724840180,10307,2724850487,2724850487
2025-06-19 02:03:40,REAL,2724850487,10256,2724860743,2724860743
2025-06-19 02:03:42,REAL,2724860743,10253,2724870996,2724870996
2025-06-19 02:03:44,REAL,2724870996,2062,2724873058,2724873058
2025-06-19 02:03:46,REAL,2724873058,480,2724873538,2724873538
2025-06-19 02:03:48,REAL,2724873538,488,2724874026,2724874026
2025-06-19 02:03:50,REAL,2724874026,480,2724874506,2724874506
2025-06-19 02:03:52,REAL,2724874506,487,2724874993,2724874993
2025-06-19 02:03:54,REAL,2724874993,540,2724875533,2724875533
2025-06-19 02:03:56,REAL,2724875533,490,2724876023,2724876023
2025-06-19 02:03:58,REAL,2724876023,475,2724876498,2724876498
2025-06-19 02:04:00,REAL,2724876498,481,2724876979,2724876979
2025-06-19 02:04:02,REAL,2724876979,484,2724877463,2724877463
2025-06-19 02:04:04,REAL,2724877463,482,2724877945,2724877945
2025-06-19 02:04:06,REAL,2724877945,480,2724878425,2724878425
2025-06-19 02:04:08,REAL,2724878425,486,2724878911,2724878911
2025-06-19 02:04:10,REAL,2724878911,481,2724879392,2724879392
2025-06-19 02:04:12,REAL,2724879392,482,2724879874,2724879874
2025-06-19 02:04:14,REAL,2724879874,479,2724880353,2724880353
2025-06-19 02:04:16,REAL,2724880353,484,2724880837,2724880837
2025-06-19 02:04:18,REAL,2724880837,485,2724881322,2724881322
2025-06-19 02:04:20,REAL,2724881322,485,2724881807,2724881807
2025-06-19 02:04:22,REAL,2724881807,480,2724882287,2724882287
2025-06-19 02:04:24,REAL,2724882287,485,2724882772,2724882772
2025-06-19 02:04:26,REAL,2724882772,485,2724883257,2724883257
2025-06-19 02:04:28,REAL,2724883257,483,2724883740,2724883740
2025-06-19 02:04:30,REAL,2724883740,540,2724884280,2724884280
2025-06-19 02:04:32,REAL,2724884280,5767,2724890047,2724890047
2025-06-19 02:04:34,REAL,2724890047,11115,2724901162,2724901162
2025-06-19 02:04:36,REAL,2724901162,10253,2724911415,2724911415
2025-06-19 02:04:38,REAL,2724911415,10252,2724921667,2724921667
2025-06-19 02:04:40,REAL,2724921667,10319,2724931986,2724931986
2025-06-19 02:04:42,REAL,2724931986,10179,2724942165,2724942165
2025-06-19 02:04:44,REAL,2724942165,10328,2724952493,2724952493
2025-06-19 02:04:46,REAL,2724952493,10249,2724962742,2724962742
2025-06-19 02:04:48,REAL,2724962742,815,2724963557,2724963557
2025-06-19 02:04:50,REAL,2724963557,489,2724964046,2724964046
2025-06-19 02:04:52,REAL,2724964046,478,2724964524,2724964524
2025-06-19 02:04:54,REAL,2724964524,479,2724965003,2724965003
2025-06-19 02:04:56,REAL,2724965003,482,2724965485,2724965485
2025-06-19 02:04:58,REAL,2724965485,479,2724965964,2724965964
2025-06-19 02:05:00,REAL,2724965964,486,2724966450,2724966450
2025-06-19 02:05:02,REAL,2724966450,474,2724966924,2724966924
2025-06-19 02:05:04,REAL,2724966924,475,2724967399,2724967399
2025-06-19 02:05:06,REAL,2724967399,483,2724967882,2724967882
2025-06-19 02:05:08,REAL,2724967882,478,2724968360,2724968360
2025-06-19 02:05:10,REAL,2724968360,485,2724968845,2724968845
2025-06-19 02:05:12,REAL,2724968845,480,2724969325,2724969325
2025-06-19 02:05:14,REAL,2724969325,485,2724969810,2724969810
2025-06-19 02:05:16,REAL,2724969810,487,2724970297,2724970297
2025-06-19 02:05:18,REAL,2724970297,481,2724970778,2724970778
2025-06-19 02:05:20,REAL,2724970778,535,2724971313,2724971313
2025-06-19 02:05:22,REAL,2724971313,485,2724971798,2724971798
2025-06-19 02:05:24,REAL,2724971798,542,2724972340,2724972340
2025-06-19 02:05:26,REAL,2724972340,476,2724972816,2724972816
2025-06-19 02:05:28,REAL,2724972816,242,2724973058,2724973058
2025-06-19 02:05:30,REAL,2724973058,485,2724973543,2724973543
2025-06-19 02:05:32,REAL,2724973543,492,2724974035,2724974035
2025-06-19 02:05:34,REAL,2724974035,485,2724974520,2724974520
2025-06-19 02:05:36,REAL,2724974520,484,2724975004,2724975004
2025-06-19 02:05:38,REAL,2724975004,482,2724975486,2724975486
2025-06-19 02:05:40,REAL,2724975486,480,2724975966,2724975966
2025-06-19 02:05:42,REAL,2724975966,477,2724976443,2724976443
2025-06-19 02:05:44,REAL,2724976443,486,2724976929,2724976929
2025-06-19 02:05:46,REAL,2724976929,482,2724977411,2724977411
2025-06-19 02:05:48,REAL,2724977411,476,2724977887,2724977887
2025-06-19 02:05:50,REAL,2724977887,480,2724978367,2724978367
2025-06-19 02:05:52,REAL,2724978367,7619,2724985986,2724985986
2025-06-19 02:05:54,REAL,2724985986,11112,2724997098,2724997098
2025-06-19 02:05:56,REAL,2724997098,10247,2725007345,2725007345
2025-06-19 02:05:58,REAL,2725007345,10247,2725017592,2725017592
2025-06-19 02:06:00,REAL,2725017592,10255,2725027847,2725027847
2025-06-19 02:06:02,REAL,2725027847,10246,2725038093,2725038093
2025-06-19 02:06:04,REAL,2725038093,10313,2725048406,2725048406
2025-06-19 02:06:06,REAL,2725048406,8999,2725057405,2725057405
2025-06-19 02:06:08,REAL,2725057405,477,2725057882,2725057882
2025-06-19 02:06:10,REAL,2725057882,488,2725058370,2725058370
2025-06-19 02:06:12,REAL,2725058370,548,2725058918,2725058918
2025-06-19 02:06:14,REAL,2725058918,489,2725059407,2725059407
2025-06-19 02:06:16,REAL,2725059407,484,2725059891,2725059891
2025-06-19 02:06:18,REAL,2725059891,485,2725060376,2725060376
2025-06-19 02:06:20,REAL,2725060376,489,2725060865,2725060865
2025-06-19 02:06:22,REAL,2725060865,489,2725061354,2725061354
2025-06-19 02:06:24,REAL,2725061354,489,2725061843,2725061843
2025-06-19 02:06:26,REAL,2725061843,489,2725062332,2725062332
2025-06-19 02:06:28,REAL,2725062332,482,2725062814,2725062814
2025-06-19 02:06:30,REAL,2725062814,485,2725063299,2725063299
2025-06-19 02:06:32,REAL,2725063299,491,2725063790,2725063790
2025-06-19 02:06:34,REAL,2725063790,478,2725064268,2725064268
2025-06-19 02:06:36,REAL,2725064268,483,2725064751,2725064751
2025-06-19 02:06:38,REAL,2725064751,483,2725065234,2725065234
2025-06-19 02:06:40,REAL,2725065234,486,2725065720,2725065720
2025-06-19 02:06:42,REAL,2725065720,484,2725066204,2725066204
2025-06-19 02:06:44,REAL,2725066204,544,2725066748,2725066748
2025-06-19 02:06:46,REAL,2725066748,539,2725067287,2725067287
2025-06-19 02:06:48,REAL,2725067287,483,2725067770,2725067770
2025-06-19 02:06:50,REAL,2725067770,486,2725068256,2725068256
2025-06-19 02:06:52,REAL,2725068256,491,2725068747,2725068747
2025-06-19 02:06:54,REAL,2725068747,480,2725069227,2725069227
2025-06-19 02:06:56,REAL,2725069227,478,2725069705,2725069705
2025-06-19 02:06:58,REAL,2725069705,485,2725070190,2725070190
2025-06-19 02:07:00,REAL,2725070190,485,2725070675,2725070675
2025-06-19 02:07:02,REAL,2725070675,479,2725071154,2725071154
2025-06-19 02:07:04,REAL,2725071154,482,2725071636,2725071636
2025-06-19 02:07:06,REAL,2725071636,485,2725072121,2725072121
2025-06-19 02:07:08,REAL,2725072121,487,2725072608,2725072608
2025-06-19 02:07:10,REAL,2725072608,474,2725073082,2725073082
2025-06-19 02:07:12,REAL,2725073082,481,2725073563,2725073563
2025-06-19 02:07:14,REAL,2725073563,486,2725074049,2725074049
2025-06-19 02:07:16,REAL,2725074049,483,2725074532,2725074532
2025-06-19 02:07:18,REAL,2725074532,486,2725075018,2725075018
2025-06-19 02:07:20,REAL,2725075018,486,2725075504,2725075504
2025-06-19 02:07:22,REAL,2725075504,539,2725076043,2725076043
2025-06-19 02:07:24,REAL,2725076043,481,2725076524,2725076524
2025-06-19 02:07:26,REAL,2725076524,477,2725077001,2725077001
2025-06-19 02:07:28,REAL,2725077001,482,2725077483,2725077483
2025-06-19 02:07:30,REAL,2725077483,488,2725077971,2725077971
2025-06-19 02:07:32,REAL,2725077971,475,2725078446,2725078446
2025-06-19 02:07:34,REAL,2725078446,541,2725078987,2725078987
2025-06-19 02:07:36,REAL,2725078987,482,2725079469,2725079469
2025-06-19 02:07:38,REAL,2725079469,487,2725079956,2725079956
2025-06-19 02:07:40,REAL,2725079956,488,2725080444,2725080444
2025-06-19 02:07:42,REAL,2725080444,481,2725080925,2725080925
2025-06-19 02:07:44,REAL,2725080925,480,2725081405,2725081405
2025-06-19 02:07:46,REAL,2725081405,484,2725081889,2725081889
2025-06-19 02:07:48,REAL,2725081889,491,2725082380,2725082380
2025-06-19 02:07:50,REAL,2725082380,486,2725082866,2725082866
2025-06-19 02:07:52,REAL,2725082866,487,2725083353,2725083353
2025-06-19 02:07:54,REAL,2725083353,480,2725083833,2725083833
2025-06-19 02:07:56,REAL,2725083833,532,2725084365,2725084365
2025-06-19 02:07:58,REAL,2725084365,486,2725084851,2725084851
2025-06-19 02:08:00,REAL,2725084851,488,2725085339,2725085339
2025-06-19 02:08:02,REAL,2725085339,483,2725085822,2725085822
2025-06-19 02:08:04,REAL,2725085822,481,2725086303,2725086303
2025-06-19 02:08:06,REAL,2725086303,487,2725086790,2725086790
2025-06-19 02:08:08,REAL,2725086790,483,2725087273,2725087273
2025-06-19 02:08:10,REAL,2725087273,485,2725087758,2725087758
2025-06-19 02:08:12,REAL,2725087758,487,2725088245,2725088245
2025-06-19 02:08:14,REAL,2725088245,486,2725088731,2725088731
2025-06-19 02:08:16,REAL,2725088731,491,2725089222,2725089222
2025-06-19 02:08:18,REAL,2725089222,487,2725089709,2725089709
2025-06-19 02:08:20,REAL,2725089709,484,2725090193,2725090193
2025-06-19 02:08:22,REAL,2725090193,479,2725090672,2725090672
2025-06-19 02:08:24,REAL,2725090672,488,2725091160,2725091160
2025-06-19 02:08:26,REAL,2725091160,541,2725091701,2725091701
2025-06-19 02:08:28,REAL,2725091701,480,2725092181,2725092181
2025-06-19 02:08:30,REAL,2725092181,486,2725092667,2725092667
2025-06-19 02:08:32,REAL,2725092667,11503,2725104170,2725104170
2025-06-19 02:08:34,REAL,2725104170,10247,2725114417,2725114417
2025-06-19 02:08:36,REAL,2725114417,10255,2725124672,2725124672
2025-06-19 02:08:38,REAL,2725124672,10311,2725134983,2725134983
2025-06-19 02:08:40,REAL,2725134983,10250,2725145233,2725145233
2025-06-19 02:08:42,REAL,2725145233,10248,2725155481,2725155481
2025-06-19 02:08:44,REAL,2725155481,10247,2725165728,2725165728
2025-06-19 02:08:46,REAL,2725165728,5962,2725171690,2725171690
2025-06-19 02:08:48,REAL,2725171690,491,2725172181,2725172181
2025-06-19 02:08:50,REAL,2725172181,488,2725172669,2725172669
2025-06-19 02:08:52,REAL,2725172669,492,2725173161,2725173161
2025-06-19 02:08:54,REAL,2725173161,479,2725173640,2725173640
2025-06-19 02:08:56,REAL,2725173640,491,2725174131,2725174131
2025-06-19 02:08:58,REAL,2725174131,487,2725174618,2725174618
2025-06-19 02:09:00,REAL,2725174618,479,2725175097,2725175097
2025-06-19 02:09:02,REAL,2725175097,484,2725175581,2725175581
2025-06-19 02:09:04,REAL,2725175581,491,2725176072,2725176072
2025-06-19 02:09:06,REAL,2725176072,488,2725176560,2725176560
2025-06-19 02:09:08,REAL,2725176560,535,2725177095,2725177095
2025-06-19 02:09:10,REAL,2725177095,485,2725177580,2725177580
2025-06-19 02:09:12,REAL,2725177580,482,2725178062,2725178062
2025-06-19 02:09:14,REAL,2725178062,481,2725178543,2725178543
2025-06-19 02:09:16,REAL,2725178543,482,2725179025,2725179025
2025-06-19 02:09:18,REAL,2725179025,548,2725179573,2725179573
2025-06-19 02:09:20,REAL,2725179573,484,2725180057,2725180057
2025-06-19 02:09:22,REAL,2725180057,483,2725180540,2725180540
2025-06-19 02:09:24,REAL,2725180540,479,2725181019,2725181019
2025-06-19 02:09:26,REAL,2725181019,481,2725181500,2725181500
2025-06-19 02:09:28,REAL,2725181500,486,2725181986,2725181986
2025-06-19 02:09:30,REAL,2725181986,484,2725182470,2725182470
2025-06-19 02:09:32,REAL,2725182470,482,2725182952,2725182952
2025-06-19 02:09:34,REAL,2725182952,480,2725183432,2725183432
2025-06-19 02:09:36,REAL,2725183432,484,2725183916,2725183916
2025-06-19 02:09:38,REAL,2725183916,481,2725184397,2725184397
2025-06-19 02:09:40,REAL,2725184397,489,2725184886,2725184886
2025-06-19 02:09:42,REAL,2725184886,530,2725185416,2725185416
2025-06-19 02:09:44,REAL,2725185416,481,2725185897,2725185897
2025-06-19 02:09:46,REAL,2725185897,486,2725186383,2725186383
2025-06-19 02:09:48,REAL,2725186383,484,2725186867,2725186867
2025-06-19 02:09:50,REAL,2725186867,485,2725187352,2725187352
2025-06-19 02:09:52,REAL,2725187352,479,2725187831,2725187831
2025-06-19 02:09:54,REAL,2725187831,482,2725188313,2725188313
2025-06-19 02:09:56,REAL,2725188313,533,2725188846,2725188846
2025-06-19 02:09:58,REAL,2725188846,485,2725189331,2725189331
2025-06-19 02:10:00,REAL,2725189331,475,2725189806,2725189806
2025-06-19 02:10:02,REAL,2725189806,482,2725190288,2725190288
2025-06-19 02:10:04,REAL,2725190288,477,2725190765,2725190765
2025-06-19 02:10:06,REAL,2725190765,481,2725191246,2725191246
2025-06-19 02:10:08,REAL,2725191246,480,2725191726,2725191726
2025-06-19 02:10:10,REAL,2725191726,481,2725192207,2725192207
2025-06-19 02:10:12,REAL,2725192207,480,2725192687,2725192687
2025-06-19 02:10:14,REAL,2725192687,487,2725193174,2725193174
2025-06-19 02:10:16,REAL,2725193174,484,2725193658,2725193658
2025-06-19 02:10:18,REAL,2725193658,541,2725194199,2725194199
2025-06-19 02:10:20,REAL,2725194199,490,2725194689,2725194689
2025-06-19 02:10:22,REAL,2725194689,486,2725195175,2725195175
2025-06-19 02:10:24,REAL,2725195175,482,2725195657,2725195657
2025-06-19 02:10:26,REAL,2725195657,487,2725196144,2725196144
2025-06-19 02:10:28,REAL,2725196144,491,2725196635,2725196635
2025-06-19 02:10:30,REAL,2725196635,477,2725197112,2725197112
2025-06-19 02:10:32,REAL,2725197112,480,2725197592,2725197592
2025-06-19 02:10:34,REAL,2725197592,488,2725198080,2725198080
2025-06-19 02:10:36,REAL,2725198080,537,2725198617,2725198617
2025-06-19 02:10:38,REAL,2725198617,487,2725199104,2725199104
2025-06-19 02:10:40,REAL,2725199104,482,2725199586,2725199586
2025-06-19 02:10:42,REAL,2725199586,489,2725200075,2725200075
2025-06-19 02:10:44,REAL,2725200075,493,2725200568,2725200568
2025-06-19 02:10:46,REAL,2725200568,478,2725201046,2725201046
2025-06-19 02:10:48,REAL,2725201046,487,2725201533,2725201533
2025-06-19 02:10:50,REAL,2725201533,489,2725202022,2725202022
2025-06-19 02:10:52,REAL,2725202022,479,2725202501,2725202501
2025-06-19 02:10:54,REAL,2725202501,486,2725202987,2725202987
2025-06-19 02:10:56,REAL,2725202987,484,2725203471,2725203471
2025-06-19 02:10:58,REAL,2725203471,483,2725203954,2725203954
2025-06-19 02:11:00,REAL,2725203954,486,2725204440,2725204440
2025-06-19 02:11:02,REAL,2725204440,487,2725204927,2725204927
2025-06-19 02:11:04,REAL,2725204927,545,2725205472,2725205472
2025-06-19 02:11:06,REAL,2725205472,487,2725205959,2725205959
2025-06-19 02:11:08,REAL,2725205959,477,2725206436,2725206436
2025-06-19 02:11:10,REAL,2725206436,488,2725206924,2725206924
2025-06-19 02:11:12,REAL,2725206924,486,2725207410,2725207410
2025-06-19 02:11:14,REAL,2725207410,545,2725207955,2725207955
2025-06-19 02:11:16,REAL,2725207955,484,2725208439,2725208439
2025-06-19 02:11:18,REAL,2725208439,484,2725208923,2725208923
2025-06-19 02:11:20,REAL,2725208923,487,2725209410,2725209410
2025-06-19 02:11:22,REAL,2725209410,481,2725209891,2725209891
2025-06-19 02:11:24,REAL,2725209891,490,2725210381,2725210381
2025-06-19 02:11:26,REAL,2725210381,488,2725210869,2725210869
2025-06-19 02:11:28,REAL,2725210869,478,2725211347,2725211347
2025-06-19 02:11:30,REAL,2725211347,490,2725211837,2725211837
2025-06-19 02:11:32,REAL,2725211837,485,2725212322,2725212322
2025-06-19 02:11:34,REAL,2725212322,488,2725212810,2725212810
2025-06-19 02:11:36,REAL,2725212810,486,2725213296,2725213296
2025-06-19 02:11:38,REAL,2725213296,484,2725213780,2725213780
2025-06-19 02:11:40,REAL,2725213780,479,2725214259,2725214259
2025-06-19 02:11:42,REAL,2725214259,484,2725214743,2725214743
2025-06-19 02:11:44,REAL,2725214743,483,2725215226,2725215226
2025-06-19 02:11:46,REAL,2725215226,479,2725215705,2725215705
2025-06-19 02:11:48,REAL,2725215705,490,2725216195,2725216195
2025-06-19 02:11:50,REAL,2725216195,540,2725216735,2725216735
2025-06-19 02:11:52,REAL,2725216735,540,2725217275,2725217275
2025-06-19 02:11:54,REAL,2725217275,476,2725217751,2725217751
2025-06-19 02:11:56,REAL,2725217751,489,2725218240,2725218240
2025-06-19 02:11:58,REAL,2725218240,475,2725218715,2725218715
2025-06-19 02:12:00,REAL,2725218715,475,2725219190,2725219190
2025-06-19 02:12:02,REAL,2725219190,485,2725219675,2725219675
2025-06-19 02:12:04,REAL,2725219675,481,2725220156,2725220156
2025-06-19 02:12:06,REAL,2725220156,478,2725220634,2725220634
2025-06-19 02:12:08,REAL,2725220634,482,2725221116,2725221116
2025-06-19 02:12:10,REAL,2725221116,488,2725221604,2725221604
2025-06-19 02:12:12,REAL,2725221604,484,2725222088,2725222088
2025-06-19 02:12:14,REAL,2725222088,485,2725222573,2725222573
2025-06-19 02:12:16,REAL,2725222573,485,2725223058,2725223058
2025-06-19 02:12:18,REAL,2725223058,487,2725223545,2725223545
2025-06-19 02:12:20,REAL,2725223545,483,2725224028,2725224028
2025-06-19 02:12:22,REAL,2725224028,488,2725224516,2725224516
2025-06-19 02:12:24,REAL,2725224516,488,2725225004,2725225004
2025-06-19 02:12:26,REAL,2725225004,478,2725225482,2725225482
2025-06-19 02:12:28,REAL,2725225482,492,2725225974,2725225974
2025-06-19 02:12:30,REAL,2725225974,485,2725226459,2725226459
2025-06-19 02:12:32,REAL,2725226459,540,2725226999,2725226999
2025-06-19 02:12:34,REAL,2725226999,485,2725227484,2725227484
2025-06-19 02:12:36,REAL,2725227484,538,2725228022,2725228022
2025-06-19 02:12:38,REAL,2725228022,491,2725228513,2725228513
2025-06-19 02:12:40,REAL,2725228513,483,2725228996,2725228996
2025-06-19 02:12:42,REAL,2725228996,486,2725229482,2725229482
2025-06-19 02:12:44,REAL,2725229482,493,2725229975,2725229975
2025-06-19 02:12:46,REAL,2725229975,493,2725230468,2725230468
2025-06-19 02:12:48,REAL,2725230468,489,2725230957,2725230957
2025-06-19 02:12:50,REAL,2725230957,479,2725231436,2725231436
2025-06-19 02:12:52,REAL,2725231436,480,2725231916,2725231916
2025-06-19 02:12:54,REAL,2725231916,479,2725232395,2725232395
2025-06-19 02:12:56,REAL,2725232395,485,2725232880,2725232880
2025-06-19 02:12:58,REAL,2725232880,487,2725233367,2725233367
2025-06-19 02:13:00,REAL,2725233367,485,2725233852,2725233852
2025-06-19 02:13:02,REAL,2725233852,483,2725234335,2725234335
2025-06-19 02:13:04,REAL,2725234335,480,2725234815,2725234815
2025-06-19 02:13:06,REAL,2725234815,482,2725235297,2725235297
2025-06-19 02:13:08,REAL,2725235297,483,2725235780,2725235780
2025-06-19 02:13:10,REAL,2725235780,531,2725236311,2725236311
2025-06-19 02:13:12,REAL,2725236311,489,2725236800,2725236800
2025-06-19 02:13:14,REAL,2725236800,490,2725237290,2725237290
2025-06-19 02:13:16,REAL,2725237290,483,2725237773,2725237773
2025-06-19 02:13:18,REAL,2725237773,492,2725238265,2725238265
2025-06-19 02:13:20,REAL,2725238265,482,2725238747,2725238747
2025-06-19 02:13:22,REAL,2725238747,483,2725239230,2725239230
2025-06-19 02:13:24,REAL,2725239230,535,2725239765,2725239765
2025-06-19 02:13:26,REAL,2725239765,483,2725240248,2725240248
2025-06-19 02:13:28,REAL,2725240248,490,2725240738,2725240738
2025-06-19 02:13:30,REAL,2725240738,489,2725241227,2725241227
2025-06-19 02:13:32,REAL,2725241227,475,2725241702,2725241702
2025-06-19 02:13:34,REAL,2725241702,479,2725242181,2725242181
2025-06-19 02:13:36,REAL,2725242181,480,2725242661,2725242661
2025-06-19 02:13:38,REAL,2725242661,481,2725243142,2725243142
2025-06-19 02:13:40,REAL,2725243142,481,2725243623,2725243623
2025-06-19 02:13:42,REAL,2725243623,479,2725244102,2725244102
2025-06-19 02:13:44,REAL,2725244102,11646,2725255748,2725255748
2025-06-19 02:13:46,REAL,2725255748,10253,2725266001,2725266001
2025-06-19 02:13:48,REAL,2725266001,10320,2725276321,2725276321
2025-06-19 02:13:50,REAL,2725276321,10246,2725286567,2725286567
2025-06-19 02:13:52,REAL,2725286567,10251,2725296818,2725296818
2025-06-19 02:13:54,REAL,2725296818,10254,2725307072,2725307072
2025-06-19 02:13:56,REAL,2725307072,10254,2725317326,2725317326
2025-06-19 02:13:58,REAL,2725317326,5494,2725322820,2725322820
2025-06-19 02:14:00,REAL,2725322820,487,2725323307,2725323307
2025-06-19 02:14:02,REAL,2725323307,485,2725323792,2725323792
2025-06-19 02:14:04,REAL,2725323792,486,2725324278,2725324278
2025-06-19 02:14:06,REAL,2725324278,486,2725324764,2725324764
2025-06-19 02:14:08,REAL,2725324764,482,2725325246,2725325246
2025-06-19 02:14:10,REAL,2725325246,540,2725325786,2725325786
2025-06-19 02:14:12,REAL,2725325786,480,2725326266,2725326266
2025-06-19 02:14:14,REAL,2725326266,482,2725326748,2725326748
2025-06-19 02:14:16,REAL,2725326748,492,2725327240,2725327240
2025-06-19 02:14:18,REAL,2725327240,489,2725327729,2725327729
2025-06-19 02:14:20,REAL,2725327729,480,2725328209,2725328209
2025-06-19 02:14:22,REAL,2725328209,475,2725328684,2725328684
2025-06-19 02:14:24,REAL,2725328684,548,2725329232,2725329232
2025-06-19 02:14:26,REAL,2725329232,494,2725329726,2725329726
2025-06-19 02:14:28,REAL,2725329726,483,2725330209,2725330209
2025-06-19 02:14:30,REAL,2725330209,482,2725330691,2725330691
2025-06-19 02:14:32,REAL,2725330691,487,2725331178,2725331178
2025-06-19 02:14:34,REAL,2725331178,478,2725331656,2725331656
2025-06-19 02:14:36,REAL,2725331656,487,2725332143,2725332143
2025-06-19 02:14:38,REAL,2725332143,489,2725332632,2725332632
2025-06-19 02:14:40,REAL,2725332632,483,2725333115,2725333115
2025-06-19 02:14:42,REAL,2725333115,485,2725333600,2725333600
2025-06-19 02:14:44,REAL,2725333600,493,2725334093,2725334093
2025-06-19 02:14:46,REAL,2725334093,480,2725334573,2725334573
2025-06-19 02:14:48,REAL,2725334573,485,2725335058,2725335058
2025-06-19 02:14:50,REAL,2725335058,483,2725335541,2725335541
2025-06-19 02:14:52,REAL,2725335541,486,2725336027,2725336027
2025-06-19 02:14:54,REAL,2725336027,486,2725336513,2725336513
2025-06-19 02:14:56,REAL,2725336513,480,2725336993,2725336993
2025-06-19 02:14:58,REAL,2725336993,540,2725337533,2725337533
2025-06-19 02:15:00,REAL,2725337533,485,2725338018,2725338018
2025-06-19 02:15:02,REAL,2725338018,481,2725338499,2725338499
2025-06-19 02:15:04,REAL,2725338499,491,2725338990,2725338990
2025-06-19 02:15:06,REAL,2725338990,482,2725339472,2725339472
2025-06-19 02:15:08,REAL,2725339472,535,2725340007,2725340007
2025-06-19 02:15:10,REAL,2725340007,492,2725340499,2725340499
2025-06-19 02:15:12,REAL,2725340499,486,2725340985,2725340985
2025-06-19 02:15:14,REAL,2725340985,480,2725341465,2725341465
2025-06-19 02:15:16,REAL,2725341465,490,2725341955,2725341955
2025-06-19 02:15:18,REAL,2725341955,474,2725342429,2725342429
2025-06-19 02:15:20,REAL,2725342429,483,2725342912,2725342912
2025-06-19 02:15:22,REAL,2725342912,492,2725343404,2725343404
2025-06-19 02:15:24,REAL,2725343404,484,2725343888,2725343888
2025-06-19 02:15:26,REAL,2725343888,478,2725344366,2725344366
2025-06-19 02:15:28,REAL,2725344366,488,2725344854,2725344854
2025-06-19 02:15:30,REAL,2725344854,481,2725345335,2725345335
2025-06-19 02:15:32,REAL,2725345335,482,2725345817,2725345817
2025-06-19 02:15:34,REAL,2725345817,482,2725346299,2725346299
2025-06-19 02:15:36,REAL,2725346299,486,2725346785,2725346785
2025-06-19 02:15:38,REAL,2725346785,486,2725347271,2725347271
2025-06-19 02:15:40,REAL,2725347271,482,2725347753,2725347753
2025-06-19 02:15:42,REAL,2725347753,477,2725348230,2725348230
2025-06-19 02:15:44,REAL,2725348230,547,2725348777,2725348777
2025-06-19 02:15:46,REAL,2725348777,489,2725349266,2725349266
2025-06-19 02:15:48,REAL,2725349266,482,2725349748,2725349748
2025-06-19 02:15:50,REAL,2725349748,544,2725350292,2725350292
2025-06-19 02:15:52,REAL,2725350292,482,2725350774,2725350774
2025-06-19 02:15:54,REAL,2725350774,492,2725351266,2725351266
2025-06-19 02:15:56,REAL,2725351266,481,2725351747,2725351747
2025-06-19 02:15:58,REAL,2725351747,487,2725352234,2725352234
2025-06-19 02:16:00,REAL,2725352234,3861,2725356095,2725356095
2025-06-19 02:16:02,REAL,2725356095,12760,2725368855,2725368855
2025-06-19 02:16:04,REAL,2725368855,10251,2725379106,2725379106
2025-06-19 02:16:06,REAL,2725379106,10255,2725389361,2725389361
2025-06-19 02:16:08,REAL,2725389361,10242,2725399603,2725399603
2025-06-19 02:16:10,REAL,2725399603,10256,2725409859,2725409859
2025-06-19 02:16:12,REAL,2725409859,10255,2725420114,2725420114
2025-06-19 02:16:14,REAL,2725420114,10307,2725430421,2725430421
2025-06-19 02:16:16,REAL,2725430421,2860,2725433281,2725433281
2025-06-19 02:16:18,REAL,2725433281,485,2725433766,2725433766
2025-06-19 02:16:20,REAL,2725433766,483,2725434249,2725434249
2025-06-19 02:16:22,REAL,2725434249,483,2725434732,2725434732
2025-06-19 02:16:24,REAL,2725434732,480,2725435212,2725435212
2025-06-19 02:16:26,REAL,2725435212,476,2725435688,2725435688
2025-06-19 02:16:28,REAL,2725435688,489,2725436177,2725436177
2025-06-19 02:16:30,REAL,2725436177,482,2725436659,2725436659
2025-06-19 02:16:32,REAL,2725436659,4188,2725440847,2725440847
2025-06-19 02:16:34,REAL,2725440847,14140,2725454987,2725454987
2025-06-19 02:16:36,REAL,2725454987,10251,2725465238,2725465238
2025-06-19 02:16:38,REAL,2725465238,10325,2725475563,2725475563
2025-06-19 02:16:40,REAL,2725475563,10259,2725485822,2725485822
2025-06-19 02:16:42,REAL,2725485822,10304,2725496126,2725496126
2025-06-19 02:16:44,REAL,2725496126,10256,2725506382,2725506382
2025-06-19 02:16:46,REAL,2725506382,10317,2725516699,2725516699
2025-06-19 02:16:48,REAL,2725516699,2206,2725518905,2725518905
2025-06-19 02:16:50,REAL,2725518905,481,2725519386,2725519386
2025-06-19 02:16:52,REAL,2725519386,492,2725519878,2725519878
2025-06-19 02:16:54,REAL,2725519878,483,2725520361,2725520361
2025-06-19 02:16:56,REAL,2725520361,482,2725520843,2725520843
2025-06-19 02:16:58,REAL,2725520843,492,2725521335,2725521335
2025-06-19 02:17:00,REAL,2725521335,481,2725521816,2725521816
2025-06-19 02:17:02,REAL,2725521816,490,2725522306,2725522306
2025-06-19 02:17:04,REAL,2725522306,6110,2725528416,2725528416
2025-06-19 02:17:06,REAL,2725528416,12563,2725540979,2725540979
2025-06-19 02:17:08,REAL,2725540979,10251,2725551230,2725551230
2025-06-19 02:17:10,REAL,2725551230,10311,2725561541,2725561541
2025-06-19 02:17:12,REAL,2725561541,10247,2725571788,2725571788
2025-06-19 02:17:14,REAL,2725571788,10251,2725582039,2725582039
2025-06-19 02:17:16,REAL,2725582039,10256,2725592295,2725592295
2025-06-19 02:17:18,REAL,2725592295,10254,2725602549,2725602549
2025-06-19 02:17:20,REAL,2725602549,1611,2725604160,2725604160
2025-06-19 02:17:22,REAL,2725604160,491,2725604651,2725604651
2025-06-19 02:17:24,REAL,2725604651,482,2725605133,2725605133
2025-06-19 02:17:26,REAL,2725605133,475,2725605608,2725605608
2025-06-19 02:17:28,REAL,2725605608,493,2725606101,2725606101
2025-06-19 02:17:30,REAL,2725606101,488,2725606589,2725606589
2025-06-19 02:17:32,REAL,2725606589,482,2725607071,2725607071
2025-06-19 02:17:34,REAL,2725607071,484,2725607555,2725607555
2025-06-19 02:17:36,REAL,2725607555,6496,2725614051,2725614051
2025-06-19 02:17:38,REAL,2725614051,11447,2725625498,2725625498
2025-06-19 02:17:40,REAL,2725625498,10370,2725635868,2725635868
2025-06-19 02:17:42,REAL,2725635868,10257,2725646125,2725646125
2025-06-19 02:17:44,REAL,2725646125,10253,2725656378,2725656378
2025-06-19 02:17:46,REAL,2725656378,10252,2725666630,2725666630
2025-06-19 02:17:48,REAL,2725666630,10314,2725676944,2725676944
2025-06-19 02:17:50,REAL,2725676944,10256,2725687200,2725687200
2025-06-19 02:17:52,REAL,2725687200,944,2725688144,2725688144
2025-06-19 02:17:54,REAL,2725688144,485,2725688629,2725688629
2025-06-19 02:17:56,REAL,2725688629,480,2725689109,2725689109
2025-06-19 02:17:58,REAL,2725689109,484,2725689593,2725689593
2025-06-19 02:18:00,REAL,2725689593,481,2725690074,2725690074
2025-06-19 02:18:02,REAL,2725690074,483,2725690557,2725690557
2025-06-19 02:18:04,REAL,2725690557,490,2725691047,2725691047
2025-06-19 02:18:06,REAL,2725691047,484,2725691531,2725691531
2025-06-19 02:18:08,REAL,2725691531,544,2725692075,2725692075
2025-06-19 02:18:10,REAL,2725692075,478,2725692553,2725692553
2025-06-19 02:18:12,REAL,2725692553,484,2725693037,2725693037
2025-06-19 02:18:14,REAL,2725693037,484,2725693521,2725693521
2025-06-19 02:18:16,REAL,2725693521,478,2725693999,2725693999
2025-06-19 02:18:18,REAL,2725693999,531,2725694530,2725694530
2025-06-19 02:18:20,REAL,2725694530,482,2725695012,2725695012
2025-06-19 02:18:22,REAL,2725695012,490,2725695502,2725695502
2025-06-19 02:18:24,REAL,2725695502,484,2725695986,2725695986
2025-06-19 02:18:26,REAL,2725695986,480,2725696466,2725696466
2025-06-19 02:18:28,REAL,2725696466,475,2725696941,2725696941
2025-06-19 02:18:30,REAL,2725696941,488,2725697429,2725697429
2025-06-19 02:18:32,REAL,2725697429,485,2725697914,2725697914
2025-06-19 02:18:34,REAL,2725697914,482,2725698396,2725698396
2025-06-19 02:18:36,REAL,2725698396,541,2725698937,2725698937
2025-06-19 02:18:38,REAL,2725698937,477,2725699414,2725699414
2025-06-19 02:18:40,REAL,2725699414,484,2725699898,2725699898
2025-06-19 02:18:42,REAL,2725699898,488,2725700386,2725700386
2025-06-19 02:18:44,REAL,2725700386,486,2725700872,2725700872
2025-06-19 02:18:46,REAL,2725700872,481,2725701353,2725701353
2025-06-19 02:18:48,REAL,2725701353,480,2725701833,2725701833
2025-06-19 02:18:50,REAL,2725701833,490,2725702323,2725702323
2025-06-19 02:18:52,REAL,2725702323,481,2725702804,2725702804
2025-06-19 02:18:54,REAL,2725702804,476,2725703280,2725703280
2025-06-19 02:18:56,REAL,2725703280,492,2725703772,2725703772
2025-06-19 02:18:58,REAL,2725703772,488,2725704260,2725704260
2025-06-19 02:19:00,REAL,2725704260,545,2725704805,2725704805
2025-06-19 02:19:02,REAL,2725704805,475,2725705280,2725705280
2025-06-19 02:19:04,REAL,2725705280,484,2725705764,2725705764
2025-06-19 02:19:06,REAL,2725705764,544,2725706308,2725706308
2025-06-19 02:19:08,REAL,2725706308,483,2725706791,2725706791
2025-06-19 02:19:10,REAL,2725706791,480,2725707271,2725707271
2025-06-19 02:19:12,REAL,2725707271,475,2725707746,2725707746
2025-06-19 02:19:14,REAL,2725707746,487,2725708233,2725708233
2025-06-19 02:19:16,REAL,2725708233,2011,2725710244,2725710244
2025-06-19 02:19:18,REAL,2725710244,15332,2725725576,2725725576
2025-06-19 02:19:20,REAL,2725725576,10320,2725735896,2725735896
2025-06-19 02:19:22,REAL,2725735896,10244,2725746140,2725746140
2025-06-19 02:19:24,REAL,2725746140,10254,2725756394,2725756394
2025-06-19 02:19:26,REAL,2725756394,10256,2725766650,2725766650
2025-06-19 02:19:28,REAL,2725766650,10247,2725776897,2725776897
2025-06-19 02:19:30,REAL,2725776897,10249,2725787146,2725787146
2025-06-19 02:19:32,REAL,2725787146,3985,2725791131,2725791131
2025-06-19 02:19:34,REAL,2725791131,536,2725791667,2725791667
2025-06-19 02:19:36,REAL,2725791667,485,2725792152,2725792152
2025-06-19 02:19:38,REAL,2725792152,486,2725792638,2725792638
2025-06-19 02:19:40,REAL,2725792638,483,2725793121,2725793121
2025-06-19 02:19:42,REAL,2725793121,480,2725793601,2725793601
2025-06-19 02:19:44,REAL,2725793601,480,2725794081,2725794081
2025-06-19 02:19:46,REAL,2725794081,477,2725794558,2725794558
2025-06-19 02:19:48,REAL,2725794558,540,2725795098,2725795098
2025-06-19 02:19:50,REAL,2725795098,487,2725795585,2725795585
2025-06-19 02:19:52,REAL,2725795585,477,2725796062,2725796062
2025-06-19 02:19:54,REAL,2725796062,486,2725796548,2725796548
2025-06-19 02:19:56,REAL,2725796548,492,2725797040,2725797040
2025-06-19 02:19:58,REAL,2725797040,486,2725797526,2725797526
2025-06-19 02:20:00,REAL,2725797526,485,2725798011,2725798011
2025-06-19 02:20:02,REAL,2725798011,485,2725798496,2725798496
2025-06-19 02:20:04,REAL,2725798496,540,2725799036,2725799036
2025-06-19 02:20:06,REAL,2725799036,482,2725799518,2725799518
2025-06-19 02:20:08,REAL,2725799518,483,2725800001,2725800001
2025-06-19 02:20:10,REAL,2725800001,483,2725800484,2725800484
2025-06-19 02:20:12,REAL,2725800484,481,2725800965,2725800965
2025-06-19 02:20:14,REAL,2725800965,3192,2725804157,2725804157
2025-06-19 02:20:16,REAL,2725804157,11840,2725815997,2725815997
2025-06-19 02:20:18,REAL,2725815997,10312,2725826309,2725826309
2025-06-19 02:20:20,REAL,2725826309,10248,2725836557,2725836557
2025-06-19 02:20:22,REAL,2725836557,10255,2725846812,2725846812
2025-06-19 02:20:24,REAL,2725846812,10251,2725857063,2725857063
2025-06-19 02:20:26,REAL,2725857063,10253,2725867316,2725867316
2025-06-19 02:20:28,REAL,2725867316,10313,2725877629,2725877629
2025-06-19 02:20:30,REAL,2725877629,3129,2725880758,2725880758
2025-06-19 02:20:32,REAL,2725880758,537,2725881295,2725881295
2025-06-19 02:20:34,REAL,2725881295,492,2725881787,2725881787
2025-06-19 02:20:36,REAL,2725881787,483,2725882270,2725882270
2025-06-19 02:20:38,REAL,2725882270,490,2725882760,2725882760
2025-06-19 02:20:40,REAL,2725882760,478,2725883238,2725883238
2025-06-19 02:20:42,REAL,2725883238,489,2725883727,2725883727
2025-06-19 02:20:44,REAL,2725883727,486,2725884213,2725884213
2025-06-19 02:20:46,REAL,2725884213,486,2725884699,2725884699
2025-06-19 02:20:48,REAL,2725884699,534,2725885233,2725885233
2025-06-19 02:20:50,REAL,2725885233,482,2725885715,2725885715
2025-06-19 02:20:52,REAL,2725885715,479,2725886194,2725886194
2025-06-19 02:20:54,REAL,2725886194,478,2725886672,2725886672
2025-06-19 02:20:56,REAL,2725886672,490,2725887162,2725887162
2025-06-19 02:20:58,REAL,2725887162,481,2725887643,2725887643
2025-06-19 02:21:00,REAL,2725887643,530,2725888173,2725888173
2025-06-19 02:21:02,REAL,2725888173,480,2725888653,2725888653
2025-06-19 02:21:04,REAL,2725888653,483,2725889136,2725889136
2025-06-19 02:21:06,REAL,2725889136,486,2725889622,2725889622
2025-06-19 02:21:08,REAL,2725889622,10129,2725899751,2725899751
2025-06-19 02:21:10,REAL,2725899751,10588,2725910339,2725910339
2025-06-19 02:21:12,REAL,2725910339,10242,2725920581,2725920581
2025-06-19 02:21:14,REAL,2725920581,10255,2725930836,2725930836
2025-06-19 02:21:16,REAL,2725930836,10256,2725941092,2725941092
2025-06-19 02:21:18,REAL,2725941092,10256,2725951348,2725951348
2025-06-19 02:21:20,REAL,2725951348,10256,2725961604,2725961604
2025-06-19 02:21:22,REAL,2725961604,7023,2725968627,2725968627
2025-06-19 02:21:24,REAL,2725968627,482,2725969109,2725969109
2025-06-19 02:21:26,REAL,2725969109,540,2725969649,2725969649
2025-06-19 02:21:28,REAL,2725969649,485,2725970134,2725970134
2025-06-19 02:21:30,REAL,2725970134,489,2725970623,2725970623
2025-06-19 02:21:32,REAL,2725970623,485,2725971108,2725971108
2025-06-19 02:21:34,REAL,2725971108,480,2725971588,2725971588
2025-06-19 02:21:36,REAL,2725971588,479,2725972067,2725972067
2025-06-19 02:21:38,REAL,2725972067,480,2725972547,2725972547
2025-06-19 02:21:40,REAL,2725972547,10786,2725983333,2725983333
2025-06-19 02:21:42,REAL,2725983333,10320,2725993653,2725993653
2025-06-19 02:21:44,REAL,2725993653,10261,2726003914,2726003914
2025-06-19 02:21:46,REAL,2726003914,10257,2726014171,2726014171
2025-06-19 02:21:48,REAL,2726014171,10326,2726024497,2726024497
2025-06-19 02:21:50,REAL,2726024497,10305,2726034802,2726034802
2025-06-19 02:21:52,REAL,2726034802,10260,2726045062,2726045062
2025-06-19 02:21:54,REAL,2726045062,6431,2726051493,2726051493
2025-06-19 02:21:56,REAL,2726051493,476,2726051969,2726051969
2025-06-19 02:21:58,REAL,2726051969,490,2726052459,2726052459
2025-06-19 02:22:00,REAL,2726052459,481,2726052940,2726052940
2025-06-19 02:22:02,REAL,2726052940,493,2726053433,2726053433
2025-06-19 02:22:04,REAL,2726053433,491,2726053924,2726053924
2025-06-19 02:22:06,REAL,2726053924,482,2726054406,2726054406
2025-06-19 02:22:08,REAL,2726054406,479,2726054885,2726054885
2025-06-19 02:22:10,REAL,2726054885,483,2726055368,2726055368
2025-06-19 02:22:12,REAL,2726055368,296,2726055664,2726055664
2025-06-19 02:22:14,REAL,2726055664,541,2726056205,2726056205
2025-06-19 02:22:16,REAL,2726056205,493,2726056698,2726056698
2025-06-19 02:22:18,REAL,2726056698,482,2726057180,2726057180
2025-06-19 02:22:20,REAL,2726057180,479,2726057659,2726057659
2025-06-19 02:22:22,REAL,2726057659,488,2726058147,2726058147
2025-06-19 02:22:24,REAL,2726058147,483,2726058630,2726058630
2025-06-19 02:22:26,REAL,2726058630,486,2726059116,2726059116
2025-06-19 02:22:28,REAL,2726059116,479,2726059595,2726059595
2025-06-19 02:22:30,REAL,2726059595,484,2726060079,2726060079
2025-06-19 02:22:32,REAL,2726060079,490,2726060569,2726060569
2025-06-19 02:22:34,REAL,2726060569,483,2726061052,2726061052
2025-06-19 02:22:36,REAL,2726061052,477,2726061529,2726061529
2025-06-19 02:22:38,REAL,2726061529,546,2726062075,2726062075
2025-06-19 02:22:40,REAL,2726062075,486,2726062561,2726062561
2025-06-19 02:22:42,REAL,2726062561,477,2726063038,2726063038
2025-06-19 02:22:44,REAL,2726063038,535,2726063573,2726063573
2025-06-19 02:22:46,REAL,2726063573,486,2726064059,2726064059
2025-06-19 02:22:48,REAL,2726064059,487,2726064546,2726064546
2025-06-19 02:22:50,REAL,2726064546,484,2726065030,2726065030
2025-06-19 02:22:52,REAL,2726065030,479,2726065509,2726065509
2025-06-19 02:22:54,REAL,2726065509,490,2726065999,2726065999
2025-06-19 02:22:56,REAL,2726065999,486,2726066485,2726066485
2025-06-19 02:22:58,REAL,2726066485,480,2726066965,2726066965
2025-06-19 02:23:00,REAL,2726066965,487,2726067452,2726067452
2025-06-19 02:23:02,REAL,2726067452,489,2726067941,2726067941
2025-06-19 02:23:04,REAL,2726067941,539,2726068480,2726068480
2025-06-19 02:23:06,REAL,2726068480,475,2726068955,2726068955
2025-06-19 02:23:08,REAL,2726068955,488,2726069443,2726069443
2025-06-19 02:23:10,REAL,2726069443,482,2726069925,2726069925
2025-06-19 02:23:12,REAL,2726069925,483,2726070408,2726070408
2025-06-19 02:23:14,REAL,2726070408,486,2726070894,2726070894
2025-06-19 02:23:16,REAL,2726070894,490,2726071384,2726071384
2025-06-19 02:23:18,REAL,2726071384,542,2726071926,2726071926
2025-06-19 02:23:20,REAL,2726071926,479,2726072405,2726072405
2025-06-19 02:23:22,REAL,2726072405,484,2726072889,2726072889
2025-06-19 02:23:24,REAL,2726072889,481,2726073370,2726073370
2025-06-19 02:23:26,REAL,2726073370,492,2726073862,2726073862
2025-06-19 02:23:28,REAL,2726073862,543,2726074405,2726074405
2025-06-19 02:23:30,REAL,2726074405,482,2726074887,2726074887
2025-06-19 02:23:32,REAL,2726074887,478,2726075365,2726075365
2025-06-19 02:23:34,REAL,2726075365,491,2726075856,2726075856
2025-06-19 02:23:36,REAL,2726075856,488,2726076344,2726076344
2025-06-19 02:23:38,REAL,2726076344,481,2726076825,2726076825
2025-06-19 02:23:40,REAL,2726076825,484,2726077309,2726077309
2025-06-19 02:23:42,REAL,2726077309,486,2726077795,2726077795
2025-06-19 02:23:44,REAL,2726077795,476,2726078271,2726078271
2025-06-19 02:23:46,REAL,2726078271,484,2726078755,2726078755
2025-06-19 02:23:48,REAL,2726078755,482,2726079237,2726079237
2025-06-19 02:23:50,REAL,2726079237,544,2726079781,2726079781
2025-06-19 02:23:52,REAL,2726079781,543,2726080324,2726080324
2025-06-19 02:23:54,REAL,2726080324,485,2726080809,2726080809
2025-06-19 02:23:56,REAL,2726080809,488,2726081297,2726081297
2025-06-19 02:23:58,REAL,2726081297,484,2726081781,2726081781
2025-06-19 02:24:00,REAL,2726081781,484,2726082265,2726082265
2025-06-19 02:24:02,REAL,2726082265,489,2726082754,2726082754
2025-06-19 02:24:04,REAL,2726082754,478,2726083232,2726083232
2025-06-19 02:24:06,REAL,2726083232,484,2726083716,2726083716
2025-06-19 02:24:08,REAL,2726083716,489,2726084205,2726084205
2025-06-19 02:24:10,REAL,2726084205,476,2726084681,2726084681
2025-06-19 02:24:12,REAL,2726084681,487,2726085168,2726085168
2025-06-19 02:24:14,REAL,2726085168,485,2726085653,2726085653
2025-06-19 02:24:16,REAL,2726085653,490,2726086143,2726086143
2025-06-19 02:24:18,REAL,2726086143,541,2726086684,2726086684
2025-06-19 02:24:20,REAL,2726086684,484,2726087168,2726087168
2025-06-19 02:24:22,REAL,2726087168,537,2726087705,2726087705
2025-06-19 02:24:24,REAL,2726087705,490,2726088195,2726088195
2025-06-19 02:24:26,REAL,2726088195,487,2726088682,2726088682
2025-06-19 02:24:28,REAL,2726088682,487,2726089169,2726089169
2025-06-19 02:24:30,REAL,2726089169,485,2726089654,2726089654
2025-06-19 02:24:32,REAL,2726089654,475,2726090129,2726090129
2025-06-19 02:24:34,REAL,2726090129,486,2726090615,2726090615
2025-06-19 02:24:36,REAL,2726090615,481,2726091096,2726091096
2025-06-19 02:24:38,REAL,2726091096,484,2726091580,2726091580
2025-06-19 02:24:40,REAL,2726091580,491,2726092071,2726092071
2025-06-19 02:24:42,REAL,2726092071,530,2726092601,2726092601
2025-06-19 02:24:44,REAL,2726092601,479,2726093080,2726093080
2025-06-19 02:24:46,REAL,2726093080,484,2726093564,2726093564
2025-06-19 02:24:48,REAL,2726093564,484,2726094048,2726094048
2025-06-19 02:24:50,REAL,2726094048,540,2726094588,2726094588
2025-06-19 02:24:52,REAL,2726094588,479,2726095067,2726095067
2025-06-19 02:24:54,REAL,2726095067,486,2726095553,2726095553
2025-06-19 02:24:56,REAL,2726095553,491,2726096044,2726096044
2025-06-19 02:24:58,REAL,2726096044,476,2726096520,2726096520
2025-06-19 02:25:00,REAL,2726096520,490,2726097010,2726097010
2025-06-19 02:25:02,REAL,2726097010,479,2726097489,2726097489
2025-06-19 02:25:04,REAL,2726097489,482,2726097971,2726097971
2025-06-19 02:25:06,REAL,2726097971,4105,2726102076,2726102076
2025-06-19 02:25:08,REAL,2726102076,14869,2726116945,2726116945
2025-06-19 02:25:10,REAL,2726116945,10252,2726127197,2726127197
2025-06-19 02:25:12,REAL,2726127197,10250,2726137447,2726137447
2025-06-19 02:25:14,REAL,2726137447,10259,2726147706,2726147706
2025-06-19 02:25:16,REAL,2726147706,10256,2726157962,2726157962
2025-06-19 02:25:18,REAL,2726157962,10255,2726168217,2726168217
2025-06-19 02:25:20,REAL,2726168217,10256,2726178473,2726178473
2025-06-19 02:25:22,REAL,2726178473,2334,2726180807,2726180807
2025-06-19 02:25:24,REAL,2726180807,484,2726181291,2726181291
2025-06-19 02:25:26,REAL,2726181291,481,2726181772,2726181772
2025-06-19 02:25:28,REAL,2726181772,483,2726182255,2726182255
2025-06-19 02:25:30,REAL,2726182255,543,2726182798,2726182798
2025-06-19 02:25:32,REAL,2726182798,487,2726183285,2726183285
2025-06-19 02:25:34,REAL,2726183285,541,2726183826,2726183826
2025-06-19 02:25:36,REAL,2726183826,481,2726184307,2726184307
2025-06-19 02:25:38,REAL,2726184307,483,2726184790,2726184790
2025-06-19 02:25:40,REAL,2726184790,486,2726185276,2726185276
2025-06-19 02:25:42,REAL,2726185276,491,2726185767,2726185767
2025-06-19 02:25:44,REAL,2726185767,487,2726186254,2726186254
2025-06-19 02:25:46,REAL,2726186254,486,2726186740,2726186740
2025-06-19 02:25:48,REAL,2726186740,483,2726187223,2726187223
2025-06-19 02:25:50,REAL,2726187223,483,2726187706,2726187706
2025-06-19 02:25:52,REAL,2726187706,492,2726188198,2726188198
2025-06-19 02:25:54,REAL,2726188198,482,2726188680,2726188680
2025-06-19 02:25:56,REAL,2726188680,481,2726189161,2726189161
2025-06-19 02:25:58,REAL,2726189161,493,2726189654,2726189654
2025-06-19 02:26:00,REAL,2726189654,537,2726190191,2726190191
2025-06-19 02:26:02,REAL,2726190191,485,2726190676,2726190676
2025-06-19 02:26:04,REAL,2726190676,481,2726191157,2726191157
2025-06-19 02:26:06,REAL,2726191157,490,2726191647,2726191647
2025-06-19 02:26:08,REAL,2726191647,488,2726192135,2726192135
2025-06-19 02:26:10,REAL,2726192135,539,2726192674,2726192674
2025-06-19 02:26:12,REAL,2726192674,482,2726193156,2726193156
2025-06-19 02:26:14,REAL,2726193156,482,2726193638,2726193638
2025-06-19 02:26:16,REAL,2726193638,488,2726194126,2726194126
2025-06-19 02:26:18,REAL,2726194126,484,2726194610,2726194610
2025-06-19 02:26:20,REAL,2726194610,490,2726195100,2726195100
2025-06-19 02:26:22,REAL,2726195100,487,2726195587,2726195587
2025-06-19 02:26:24,REAL,2726195587,484,2726196071,2726196071
2025-06-19 02:26:26,REAL,2726196071,486,2726196557,2726196557
2025-06-19 02:26:28,REAL,2726196557,532,2726197089,2726197089
2025-06-19 02:26:30,REAL,2726197089,485,2726197574,2726197574
2025-06-19 02:26:32,REAL,2726197574,478,2726198052,2726198052
2025-06-19 02:26:34,REAL,2726198052,480,2726198532,2726198532
2025-06-19 02:26:36,REAL,2726198532,483,2726199015,2726199015
2025-06-19 02:26:38,REAL,2726199015,482,2726199497,2726199497
2025-06-19 02:26:40,REAL,2726199497,487,2726199984,2726199984
2025-06-19 02:26:42,REAL,2726199984,487,2726200471,2726200471
2025-06-19 02:26:44,REAL,2726200471,489,2726200960,2726200960
2025-06-19 02:26:46,REAL,2726200960,489,2726201449,2726201449
2025-06-19 02:26:48,REAL,2726201449,544,2726201993,2726201993
2025-06-19 02:26:50,REAL,2726201993,479,2726202472,2726202472
2025-06-19 02:26:52,REAL,2726202472,491,2726202963,2726202963
2025-06-19 02:26:54,REAL,2726202963,539,2726203502,2726203502
2025-06-19 02:26:56,REAL,2726203502,487,2726203989,2726203989
2025-06-19 02:26:58,REAL,2726203989,480,2726204469,2726204469
2025-06-19 02:27:00,REAL,2726204469,483,2726204952,2726204952
2025-06-19 02:27:02,REAL,2726204952,478,2726205430,2726205430
2025-06-19 02:27:04,REAL,2726205430,486,2726205916,2726205916
2025-06-19 02:27:06,REAL,2726205916,484,2726206400,2726206400
2025-06-19 02:27:08,REAL,2726206400,482,2726206882,2726206882
2025-06-19 02:27:10,REAL,2726206882,483,2726207365,2726207365
2025-06-19 02:27:12,REAL,2726207365,488,2726207853,2726207853
2025-06-19 02:27:14,REAL,2726207853,486,2726208339,2726208339
2025-06-19 02:27:16,REAL,2726208339,483,2726208822,2726208822
2025-06-19 02:27:18,REAL,2726208822,485,2726209307,2726209307
2025-06-19 02:27:20,REAL,2726209307,542,2726209849,2726209849
2025-06-19 02:27:22,REAL,2726209849,485,2726210334,2726210334
2025-06-19 02:27:24,REAL,2726210334,486,2726210820,2726210820
2025-06-19 02:27:26,REAL,2726210820,489,2726211309,2726211309
2025-06-19 02:27:28,REAL,2726211309,534,2726211843,2726211843
2025-06-19 02:27:30,REAL,2726211843,474,2726212317,2726212317
2025-06-19 02:27:32,REAL,2726212317,486,2726212803,2726212803
2025-06-19 02:27:34,REAL,2726212803,1679,2726214482,2726214482
2025-06-19 02:27:36,REAL,2726214482,11769,2726226251,2726226251
2025-06-19 02:27:38,REAL,2726226251,10256,2726236507,2726236507
2025-06-19 02:27:40,REAL,2726236507,10248,2726246755,2726246755
2025-06-19 02:27:42,REAL,2726246755,10258,2726257013,2726257013
2025-06-19 02:27:44,REAL,2726257013,10315,2726267328,2726267328
2025-06-19 02:27:46,REAL,2726267328,10257,2726277585,2726277585
2025-06-19 02:27:48,REAL,2726277585,10245,2726287830,2726287830
2025-06-19 02:27:50,REAL,2726287830,4377,2726292207,2726292207
2025-06-19 02:27:52,REAL,2726292207,492,2726292699,2726292699
2025-06-19 02:27:54,REAL,2726292699,483,2726293182,2726293182
2025-06-19 02:27:56,REAL,2726293182,483,2726293665,2726293665
2025-06-19 02:27:58,REAL,2726293665,482,2726294147,2726294147
2025-06-19 02:28:00,REAL,2726294147,538,2726294685,2726294685
2025-06-19 02:28:02,REAL,2726294685,489,2726295174,2726295174
2025-06-19 02:28:04,REAL,2726295174,487,2726295661,2726295661
2025-06-19 02:28:06,REAL,2726295661,544,2726296205,2726296205
2025-06-19 02:28:08,REAL,2726296205,491,2726296696,2726296696
2025-06-19 02:28:10,REAL,2726296696,484,2726297180,2726297180
2025-06-19 02:28:12,REAL,2726297180,478,2726297658,2726297658
2025-06-19 02:28:14,REAL,2726297658,483,2726298141,2726298141
2025-06-19 02:28:16,REAL,2726298141,486,2726298627,2726298627
2025-06-19 02:28:18,REAL,2726298627,488,2726299115,2726299115
2025-06-19 02:28:20,REAL,2726299115,485,2726299600,2726299600
2025-06-19 02:28:22,REAL,2726299600,487,2726300087,2726300087
2025-06-19 02:28:24,REAL,2726300087,481,2726300568,2726300568
2025-06-19 02:28:26,REAL,2726300568,481,2726301049,2726301049
2025-06-19 02:28:28,REAL,2726301049,8550,2726309599,2726309599
2025-06-19 02:28:30,REAL,2726309599,10715,2726320314,2726320314
2025-06-19 02:28:32,REAL,2726320314,10327,2726330641,2726330641
2025-06-19 02:28:34,REAL,2726330641,10243,2726340884,2726340884
2025-06-19 02:28:36,REAL,2726340884,10254,2726351138,2726351138
2025-06-19 02:28:38,REAL,2726351138,10252,2726361390,2726361390
2025-06-19 02:28:40,REAL,2726361390,10320,2726371710,2726371710
2025-06-19 02:28:42,REAL,2726371710,8272,2726379982,2726379982
2025-06-19 02:28:44,REAL,2726379982,482,2726380464,2726380464
2025-06-19 02:28:46,REAL,2726380464,479,2726380943,2726380943
2025-06-19 02:28:48,REAL,2726380943,532,2726381475,2726381475
2025-06-19 02:28:50,REAL,2726381475,475,2726381950,2726381950
2025-06-19 02:28:52,REAL,2726381950,484,2726382434,2726382434
2025-06-19 02:28:54,REAL,2726382434,548,2726382982,2726382982
2025-06-19 02:28:56,REAL,2726382982,485,2726383467,2726383467
2025-06-19 02:28:58,REAL,2726383467,477,2726383944,2726383944
2025-06-19 02:29:00,REAL,2726383944,484,2726384428,2726384428
2025-06-19 02:29:02,REAL,2726384428,492,2726384920,2726384920
2025-06-19 02:29:04,REAL,2726384920,484,2726385404,2726385404
2025-06-19 02:29:06,REAL,2726385404,490,2726385894,2726385894
2025-06-19 02:29:08,REAL,2726385894,482,2726386376,2726386376
2025-06-19 02:29:10,REAL,2726386376,476,2726386852,2726386852
2025-06-19 02:29:12,REAL,2726386852,485,2726387337,2726387337
2025-06-19 02:29:14,REAL,2726387337,479,2726387816,2726387816
2025-06-19 02:29:16,REAL,2726387816,485,2726388301,2726388301
2025-06-19 02:29:18,REAL,2726388301,481,2726388782,2726388782
2025-06-19 02:29:20,REAL,2726388782,486,2726389268,2726389268
2025-06-19 02:29:22,REAL,2726389268,536,2726389804,2726389804
2025-06-19 02:29:24,REAL,2726389804,490,2726390294,2726390294
2025-06-19 02:29:26,REAL,2726390294,484,2726390778,2726390778
2025-06-19 02:29:28,REAL,2726390778,537,2726391315,2726391315
2025-06-19 02:29:30,REAL,2726391315,479,2726391794,2726391794
2025-06-19 02:29:32,REAL,2726391794,484,2726392278,2726392278
2025-06-19 02:29:34,REAL,2726392278,485,2726392763,2726392763
2025-06-19 02:29:36,REAL,2726392763,482,2726393245,2726393245
2025-06-19 02:29:38,REAL,2726393245,485,2726393730,2726393730
2025-06-19 02:29:40,REAL,2726393730,483,2726394213,2726394213
2025-06-19 02:29:42,REAL,2726394213,475,2726394688,2726394688
2025-06-19 02:29:44,REAL,2726394688,476,2726395164,2726395164
2025-06-19 02:29:46,REAL,2726395164,486,2726395650,2726395650
2025-06-19 02:29:48,REAL,2726395650,481,2726396131,2726396131
2025-06-19 02:29:50,REAL,2726396131,480,2726396611,2726396611
2025-06-19 02:29:52,REAL,2726396611,486,2726397097,2726397097
2025-06-19 02:29:54,REAL,2726397097,535,2726397632,2726397632
2025-06-19 02:29:56,REAL,2726397632,488,2726398120,2726398120
2025-06-19 02:29:58,REAL,2726398120,481,2726398601,2726398601
2025-06-19 02:30:00,REAL,2726398601,482,2726399083,2726399083
2025-06-19 02:30:02,REAL,2726399083,492,2726399575,2726399575
2025-06-19 02:30:04,REAL,2726399575,483,2726400058,2726400058
2025-06-19 02:30:06,REAL,2726400058,480,2726400538,2726400538
2025-06-19 02:30:08,REAL,2726400538,492,2726401030,2726401030
2025-06-19 02:30:10,REAL,2726401030,534,2726401564,2726401564
2025-06-19 02:30:12,REAL,2726401564,479,2726402043,2726402043
2025-06-19 02:30:14,REAL,2726402043,478,2726402521,2726402521
2025-06-19 02:30:16,REAL,2726402521,488,2726403009,2726403009
2025-06-19 02:30:18,REAL,2726403009,5836,2726408845,2726408845
2025-06-19 02:30:20,REAL,2726408845,14277,2726423122,2726423122
2025-06-19 02:30:22,REAL,2726423122,10252,2726433374,2726433374
2025-06-19 02:30:24,REAL,2726433374,10257,2726443631,2726443631
2025-06-19 02:30:26,REAL,2726443631,10252,2726453883,2726453883
2025-06-19 02:30:28,REAL,2726453883,10251,2726464134,2726464134
2025-06-19 02:30:30,REAL,2726464134,10247,2726474381,2726474381
2025-06-19 02:30:32,REAL,2726474381,10250,2726484631,2726484631
2025-06-19 02:30:34,REAL,2726484631,1548,2726486179,2726486179
2025-06-19 02:30:36,REAL,2726486179,487,2726486666,2726486666
2025-06-19 02:30:38,REAL,2726486666,489,2726487155,2726487155
2025-06-19 02:30:40,REAL,2726487155,476,2726487631,2726487631
2025-06-19 02:30:42,REAL,2726487631,487,2726488118,2726488118
2025-06-19 02:30:44,REAL,2726488118,483,2726488601,2726488601
2025-06-19 02:30:46,REAL,2726488601,487,2726489088,2726489088
2025-06-19 02:30:48,REAL,2726489088,485,2726489573,2726489573
2025-06-19 02:30:50,REAL,2726489573,537,2726490110,2726490110
2025-06-19 02:30:52,REAL,2726490110,537,2726490647,2726490647
2025-06-19 02:30:54,REAL,2726490647,491,2726491138,2726491138
2025-06-19 02:30:56,REAL,2726491138,483,2726491621,2726491621
2025-06-19 02:30:58,REAL,2726491621,494,2726492115,2726492115
2025-06-19 02:31:00,REAL,2726492115,489,2726492604,2726492604
2025-06-19 02:31:02,REAL,2726492604,484,2726493088,2726493088
2025-06-19 02:31:04,REAL,2726493088,486,2726493574,2726493574
2025-06-19 02:31:06,REAL,2726493574,486,2726494060,2726494060
2025-06-19 02:31:08,REAL,2726494060,486,2726494546,2726494546
2025-06-19 02:31:10,REAL,2726494546,487,2726495033,2726495033
2025-06-19 02:31:12,REAL,2726495033,477,2726495510,2726495510
2025-06-19 02:31:14,REAL,2726495510,484,2726495994,2726495994
2025-06-19 02:31:16,REAL,2726495994,492,2726496486,2726496486
2025-06-19 02:31:18,REAL,2726496486,481,2726496967,2726496967
2025-06-19 02:31:20,REAL,2726496967,484,2726497451,2726497451
2025-06-19 02:31:22,REAL,2726497451,486,2726497937,2726497937
2025-06-19 02:31:24,REAL,2726497937,546,2726498483,2726498483
2025-06-19 02:31:26,REAL,2726498483,487,2726498970,2726498970
2025-06-19 02:31:28,REAL,2726498970,476,2726499446,2726499446
2025-06-19 02:31:30,REAL,2726499446,489,2726499935,2726499935
2025-06-19 02:31:32,REAL,2726499935,477,2726500412,2726500412
2025-06-19 02:31:34,REAL,2726500412,493,2726500905,2726500905
2025-06-19 02:31:36,REAL,2726500905,485,2726501390,2726501390
2025-06-19 02:31:38,REAL,2726501390,478,2726501868,2726501868
2025-06-19 02:31:40,REAL,2726501868,534,2726502402,2726502402
2025-06-19 02:31:42,REAL,2726502402,494,2726502896,2726502896
2025-06-19 02:31:44,REAL,2726502896,476,2726503372,2726503372
2025-06-19 02:31:46,REAL,2726503372,485,2726503857,2726503857
2025-06-19 02:31:48,REAL,2726503857,478,2726504335,2726504335
2025-06-19 02:31:50,REAL,2726504335,486,2726504821,2726504821
2025-06-19 02:31:52,REAL,2726504821,489,2726505310,2726505310
2025-06-19 02:31:54,REAL,2726505310,481,2726505791,2726505791
2025-06-19 02:31:56,REAL,2726505791,541,2726506332,2726506332
2025-06-19 02:31:58,REAL,2726506332,490,2726506822,2726506822
2025-06-19 02:32:00,REAL,2726506822,487,2726507309,2726507309
2025-06-19 02:32:02,REAL,2726507309,485,2726507794,2726507794
2025-06-19 02:32:04,REAL,2726507794,486,2726508280,2726508280
2025-06-19 02:32:06,REAL,2726508280,482,2726508762,2726508762
2025-06-19 02:32:08,REAL,2726508762,484,2726509246,2726509246
2025-06-19 02:32:10,REAL,2726509246,487,2726509733,2726509733
2025-06-19 02:32:12,REAL,2726509733,480,2726510213,2726510213
2025-06-19 02:32:14,REAL,2726510213,482,2726510695,2726510695
2025-06-19 02:32:16,REAL,2726510695,476,2726511171,2726511171
2025-06-19 02:32:18,REAL,2726511171,482,2726511653,2726511653
2025-06-19 02:32:20,REAL,2726511653,494,2726512147,2726512147
2025-06-19 02:32:22,REAL,2726512147,493,2726512640,2726512640
2025-06-19 02:32:24,REAL,2726512640,481,2726513121,2726513121
2025-06-19 02:32:26,REAL,2726513121,488,2726513609,2726513609
2025-06-19 02:32:28,REAL,2726513609,545,2726514154,2726514154
2025-06-19 02:32:30,REAL,2726514154,542,2726514696,2726514696
2025-06-19 02:32:32,REAL,2726514696,483,2726515179,2726515179
2025-06-19 02:32:34,REAL,2726515179,480,2726515659,2726515659
2025-06-19 02:32:36,REAL,2726515659,485,2726516144,2726516144
2025-06-19 02:32:38,REAL,2726516144,484,2726516628,2726516628
2025-06-19 02:32:40,REAL,2726516628,482,2726517110,2726517110
2025-06-19 02:32:42,REAL,2726517110,487,2726517597,2726517597
2025-06-19 02:32:44,REAL,2726517597,482,2726518079,2726518079
2025-06-19 02:32:46,REAL,2726518079,489,2726518568,2726518568
2025-06-19 02:32:48,REAL,2726518568,489,2726519057,2726519057
2025-06-19 02:32:50,REAL,2726519057,483,2726519540,2726519540
2025-06-19 02:32:52,REAL,2726519540,481,2726520021,2726520021
2025-06-19 02:32:54,REAL,2726520021,486,2726520507,2726520507
2025-06-19 02:32:56,REAL,2726520507,483,2726520990,2726520990
2025-06-19 02:32:58,REAL,2726520990,480,2726521470,2726521470
2025-06-19 02:33:00,REAL,2726521470,483,2726521953,2726521953
2025-06-19 02:33:02,REAL,2726521953,532,2726522485,2726522485
2025-06-19 02:33:04,REAL,2726522485,481,2726522966,2726522966
2025-06-19 02:33:06,REAL,2726522966,483,2726523449,2726523449
2025-06-19 02:33:08,REAL,2726523449,488,2726523937,2726523937
2025-06-19 02:33:10,REAL,2726523937,483,2726524420,2726524420
2025-06-19 02:33:12,REAL,2726524420,485,2726524905,2726524905
2025-06-19 02:33:14,REAL,2726524905,486,2726525391,2726525391
2025-06-19 02:33:16,REAL,2726525391,483,2726525874,2726525874
2025-06-19 02:33:18,REAL,2726525874,539,2726526413,2726526413
2025-06-19 02:33:20,REAL,2726526413,481,2726526894,2726526894
2025-06-19 02:33:22,REAL,2726526894,491,2726527385,2726527385
2025-06-19 02:33:24,REAL,2726527385,480,2726527865,2726527865
2025-06-19 02:33:26,REAL,2726527865,484,2726528349,2726528349
2025-06-19 02:33:28,REAL,2726528349,488,2726528837,2726528837
2025-06-19 02:33:30,REAL,2726528837,486,2726529323,2726529323
2025-06-19 02:33:32,REAL,2726529323,490,2726529813,2726529813
2025-06-19 02:33:34,REAL,2726529813,542,2726530355,2726530355
2025-06-19 02:33:36,REAL,2726530355,494,2726530849,2726530849
2025-06-19 02:33:38,REAL,2726530849,485,2726531334,2726531334
2025-06-19 02:33:40,REAL,2726531334,484,2726531818,2726531818
2025-06-19 02:33:42,REAL,2726531818,490,2726532308,2726532308
2025-06-19 02:33:44,REAL,2726532308,489,2726532797,2726532797
2025-06-19 02:33:46,REAL,2726532797,479,2726533276,2726533276
2025-06-19 02:33:48,REAL,2726533276,481,2726533757,2726533757
2025-06-19 02:33:50,REAL,2726533757,494,2726534251,2726534251
2025-06-19 02:33:52,REAL,2726534251,487,2726534738,2726534738
2025-06-19 02:33:54,REAL,2726534738,480,2726535218,2726535218
2025-06-19 02:33:56,REAL,2726535218,486,2726535704,2726535704
2025-06-19 02:33:58,REAL,2726535704,490,2726536194,2726536194
2025-06-19 02:34:00,REAL,2726536194,484,2726536678,2726536678
2025-06-19 02:34:02,REAL,2726536678,482,2726537160,2726537160
2025-06-19 02:34:04,REAL,2726537160,486,2726537646,2726537646
2025-06-19 02:34:06,REAL,2726537646,541,2726538187,2726538187
2025-06-19 02:34:08,REAL,2726538187,539,2726538726,2726538726
2025-06-19 02:34:10,REAL,2726538726,485,2726539211,2726539211
2025-06-19 02:34:12,REAL,2726539211,479,2726539690,2726539690
2025-06-19 02:34:14,REAL,2726539690,491,2726540181,2726540181
2025-06-19 02:34:16,REAL,2726540181,485,2726540666,2726540666
2025-06-19 02:34:18,REAL,2726540666,493,2726541159,2726541159
2025-06-19 02:34:20,REAL,2726541159,484,2726541643,2726541643
2025-06-19 02:34:22,REAL,2726541643,491,2726542134,2726542134
2025-06-19 02:34:24,REAL,2726542134,475,2726542609,2726542609
2025-06-19 02:34:26,REAL,2726542609,487,2726543096,2726543096
2025-06-19 02:34:28,REAL,2726543096,11178,2726554274,2726554274
2025-06-19 02:34:30,REAL,2726554274,10507,2726564781,2726564781
2025-06-19 02:34:32,REAL,2726564781,10320,2726575101,2726575101
2025-06-19 02:34:34,REAL,2726575101,10248,2726585349,2726585349
2025-06-19 02:34:36,REAL,2726585349,10257,2726595606,2726595606
2025-06-19 02:34:38,REAL,2726595606,10242,2726605848,2726605848
2025-06-19 02:34:40,REAL,2726605848,10245,2726616093,2726616093
2025-06-19 02:34:42,REAL,2726616093,6683,2726622776,2726622776
2025-06-19 02:34:44,REAL,2726622776,493,2726623269,2726623269
2025-06-19 02:34:46,REAL,2726623269,488,2726623757,2726623757
2025-06-19 02:34:48,REAL,2726623757,486,2726624243,2726624243
2025-06-19 02:34:50,REAL,2726624243,481,2726624724,2726624724
2025-06-19 02:34:52,REAL,2726624724,489,2726625213,2726625213
2025-06-19 02:34:54,REAL,2726625213,485,2726625698,2726625698
2025-06-19 02:34:56,REAL,2726625698,532,2726626230,2726626230
2025-06-19 02:34:58,REAL,2726626230,488,2726626718,2726626718
2025-06-19 02:35:00,REAL,2726626718,11325,2726638043,2726638043
2025-06-19 02:35:02,REAL,2726638043,10313,2726648356,2726648356
2025-06-19 02:35:04,REAL,2726648356,10253,2726658609,2726658609
2025-06-19 02:35:06,REAL,2726658609,10324,2726668933,2726668933
2025-06-19 02:35:08,REAL,2726668933,10251,2726679184,2726679184
2025-06-19 02:35:10,REAL,2726679184,10245,2726689429,2726689429
2025-06-19 02:35:12,REAL,2726689429,10257,2726699686,2726699686
2025-06-19 02:35:14,REAL,2726699686,6026,2726705712,2726705712
2025-06-19 02:35:16,REAL,2726705712,485,2726706197,2726706197
2025-06-19 02:35:18,REAL,2726706197,487,2726706684,2726706684
2025-06-19 02:35:20,REAL,2726706684,487,2726707171,2726707171
2025-06-19 02:35:22,REAL,2726707171,483,2726707654,2726707654
2025-06-19 02:35:24,REAL,2726707654,481,2726708135,2726708135
2025-06-19 02:35:26,REAL,2726708135,484,2726708619,2726708619
2025-06-19 02:35:28,REAL,2726708619,481,2726709100,2726709100
2025-06-19 02:35:30,REAL,2726709100,494,2726709594,2726709594
2025-06-19 02:35:32,REAL,2726709594,11647,2726721241,2726721241
2025-06-19 02:35:34,REAL,2726721241,10312,2726731553,2726731553
2025-06-19 02:35:36,REAL,2726731553,10247,2726741800,2726741800
2025-06-19 02:35:38,REAL,2726741800,10257,2726752057,2726752057
2025-06-19 02:35:40,REAL,2726752057,10249,2726762306,2726762306
2025-06-19 02:35:42,REAL,2726762306,10311,2726772617,2726772617
2025-06-19 02:35:44,REAL,2726772617,10307,2726782924,2726782924
2025-06-19 02:35:46,REAL,2726782924,5371,2726788295,2726788295
2025-06-19 02:35:48,REAL,2726788295,484,2726788779,2726788779
2025-06-19 02:35:50,REAL,2726788779,481,2726789260,2726789260
2025-06-19 02:35:52,REAL,2726789260,6557,2726795817,2726795817
2025-06-19 02:35:54,REAL,2726795817,11179,2726806996,2726806996
2025-06-19 02:35:56,REAL,2726806996,10256,2726817252,2726817252
2025-06-19 02:35:58,REAL,2726817252,10250,2726827502,2726827502
2025-06-19 02:36:00,REAL,2726827502,10259,2726837761,2726837761
2025-06-19 02:36:02,REAL,2726837761,10247,2726848008,2726848008
2025-06-19 02:36:04,REAL,2726848008,10253,2726858261,2726858261
2025-06-19 02:36:06,REAL,2726858261,9993,2726868254,2726868254
2025-06-19 02:36:08,REAL,2726868254,489,2726868743,2726868743
2025-06-19 02:36:10,REAL,2726868743,476,2726869219,2726869219
2025-06-19 02:36:12,REAL,2726869219,481,2726869700,2726869700
2025-06-19 02:36:14,REAL,2726869700,485,2726870185,2726870185
2025-06-19 02:36:16,REAL,2726870185,493,2726870678,2726870678
2025-06-19 02:36:18,REAL,2726870678,488,2726871166,2726871166
2025-06-19 02:36:20,REAL,2726871166,480,2726871646,2726871646
2025-06-19 02:36:22,REAL,2726871646,487,2726872133,2726872133
2025-06-19 02:36:24,REAL,2726872133,7228,2726879361,2726879361
2025-06-19 02:36:26,REAL,2726879361,10649,2726890010,2726890010
2025-06-19 02:36:28,REAL,2726890010,10251,2726900261,2726900261
2025-06-19 02:36:30,REAL,2726900261,10315,2726910576,2726910576
2025-06-19 02:36:32,REAL,2726910576,10252,2726920828,2726920828
2025-06-19 02:36:34,REAL,2726920828,10307,2726931135,2726931135
2025-06-19 02:36:36,REAL,2726931135,10317,2726941452,2726941452
2025-06-19 02:36:38,REAL,2726941452,9325,2726950777,2726950777
2025-06-19 02:36:40,REAL,2726950777,482,2726951259,2726951259
2025-06-19 02:36:42,REAL,2726951259,486,2726951745,2726951745
2025-06-19 02:36:44,REAL,2726951745,482,2726952227,2726952227
2025-06-19 02:36:46,REAL,2726952227,488,2726952715,2726952715
2025-06-19 02:36:48,REAL,2726952715,487,2726953202,2726953202
2025-06-19 02:36:50,REAL,2726953202,478,2726953680,2726953680
2025-06-19 02:36:52,REAL,2726953680,480,2726954160,2726954160
2025-06-19 02:36:54,REAL,2726954160,483,2726954643,2726954643
2025-06-19 02:36:56,REAL,2726954643,483,2726955126,2726955126
2025-06-19 02:36:58,REAL,2726955126,491,2726955617,2726955617
2025-06-19 02:37:00,REAL,2726955617,484,2726956101,2726956101
2025-06-19 02:37:02,REAL,2726956101,479,2726956580,2726956580
2025-06-19 02:37:04,REAL,2726956580,491,2726957071,2726957071
2025-06-19 02:37:06,REAL,2726957071,536,2726957607,2726957607
2025-06-19 02:37:08,REAL,2726957607,487,2726958094,2726958094
2025-06-19 02:37:10,REAL,2726958094,493,2726958587,2726958587
2025-06-19 02:37:12,REAL,2726958587,490,2726959077,2726959077
2025-06-19 02:37:14,REAL,2726959077,540,2726959617,2726959617
2025-06-19 02:37:16,REAL,2726959617,484,2726960101,2726960101
2025-06-19 02:37:18,REAL,2726960101,484,2726960585,2726960585
2025-06-19 02:37:20,REAL,2726960585,476,2726961061,2726961061
2025-06-19 02:37:22,REAL,2726961061,477,2726961538,2726961538
2025-06-19 02:37:24,REAL,2726961538,479,2726962017,2726962017
2025-06-19 02:37:26,REAL,2726962017,478,2726962495,2726962495
2025-06-19 02:37:28,REAL,2726962495,484,2726962979,2726962979
2025-06-19 02:37:30,REAL,2726962979,477,2726963456,2726963456
2025-06-19 02:37:32,REAL,2726963456,482,2726963938,2726963938
2025-06-19 02:37:34,REAL,2726963938,482,2726964420,2726964420
2025-06-19 02:37:36,REAL,2726964420,483,2726964903,2726964903
2025-06-19 02:37:38,REAL,2726964903,483,2726965386,2726965386
2025-06-19 02:37:40,REAL,2726965386,479,2726965865,2726965865
2025-06-19 02:37:42,REAL,2726965865,486,2726966351,2726966351
2025-06-19 02:37:44,REAL,2726966351,486,2726966837,2726966837
2025-06-19 02:37:46,REAL,2726966837,479,2726967316,2726967316
2025-06-19 02:37:48,REAL,2726967316,545,2726967861,2726967861
2025-06-19 02:37:50,REAL,2726967861,480,2726968341,2726968341
2025-06-19 02:37:52,REAL,2726968341,479,2726968820,2726968820
2025-06-19 02:37:54,REAL,2726968820,484,2726969304,2726969304
2025-06-19 02:37:56,REAL,2726969304,545,2726969849,2726969849
2025-06-19 02:37:58,REAL,2726969849,493,2726970342,2726970342
2025-06-19 02:38:00,REAL,2726970342,487,2726970829,2726970829
2025-06-19 02:38:02,REAL,2726970829,476,2726971305,2726971305
2025-06-19 02:38:04,REAL,2726971305,479,2726971784,2726971784
2025-06-19 02:38:06,REAL,2726971784,480,2726972264,2726972264
2025-06-19 02:38:08,REAL,2726972264,478,2726972742,2726972742
2025-06-19 02:38:10,REAL,2726972742,484,2726973226,2726973226
2025-06-19 02:38:12,REAL,2726973226,484,2726973710,2726973710
2025-06-19 02:38:14,REAL,2726973710,486,2726974196,2726974196
2025-06-19 02:38:16,REAL,2726974196,486,2726974682,2726974682
2025-06-19 02:38:18,REAL,2726974682,488,2726975170,2726975170
2025-06-19 02:38:20,REAL,2726975170,486,2726975656,2726975656
2025-06-19 02:38:22,REAL,2726975656,484,2726976140,2726976140
2025-06-19 02:38:24,REAL,2726976140,489,2726976629,2726976629
2025-06-19 02:38:26,REAL,2726976629,482,2726977111,2726977111
2025-06-19 02:38:28,REAL,2726977111,489,2726977600,2726977600
2025-06-19 02:38:30,REAL,2726977600,482,2726978082,2726978082
2025-06-19 02:38:32,REAL,2726978082,541,2726978623,2726978623
2025-06-19 02:38:34,REAL,2726978623,481,2726979104,2726979104
2025-06-19 02:38:36,REAL,2726979104,488,2726979592,2726979592
2025-06-19 02:38:38,REAL,2726979592,535,2726980127,2726980127
2025-06-19 02:38:40,REAL,2726980127,477,2726980604,2726980604
2025-06-19 02:38:42,REAL,2726980604,488,2726981092,2726981092
2025-06-19 02:38:44,REAL,2726981092,475,2726981567,2726981567
2025-06-19 02:38:46,REAL,2726981567,477,2726982044,2726982044
2025-06-19 02:38:48,REAL,2726982044,486,2726982530,2726982530
2025-06-19 02:38:50,REAL,2726982530,481,2726983011,2726983011
2025-06-19 02:38:52,REAL,2726983011,485,2726983496,2726983496
2025-06-19 02:38:54,REAL,2726983496,489,2726983985,2726983985
2025-06-19 02:38:56,REAL,2726983985,475,2726984460,2726984460
2025-06-19 02:38:58,REAL,2726984460,240,2726984700,2726984700
2025-06-19 02:39:00,REAL,2726984700,483,2726985183,2726985183
2025-06-19 02:39:02,REAL,2726985183,483,2726985666,2726985666
2025-06-19 02:39:04,REAL,2726985666,482,2726986148,2726986148
2025-06-19 02:39:06,REAL,2726986148,485,2726986633,2726986633
2025-06-19 02:39:08,REAL,2726986633,485,2726987118,2726987118
2025-06-19 02:39:10,REAL,2726987118,488,2726987606,2726987606
2025-06-19 02:39:12,REAL,2726987606,485,2726988091,2726988091
2025-06-19 02:39:14,REAL,2726988091,487,2726988578,2726988578
2025-06-19 02:39:16,REAL,2726988578,532,2726989110,2726989110
2025-06-19 02:39:18,REAL,2726989110,544,2726989654,2726989654
2025-06-19 02:39:20,REAL,2726989654,484,2726990138,2726990138
2025-06-19 02:39:22,REAL,2726990138,485,2726990623,2726990623
2025-06-19 02:39:24,REAL,2726990623,477,2726991100,2726991100
2025-06-19 02:39:26,REAL,2726991100,491,2726991591,2726991591
2025-06-19 02:39:28,REAL,2726991591,485,2726992076,2726992076
2025-06-19 02:39:30,REAL,2726992076,489,2726992565,2726992565
2025-06-19 02:39:32,REAL,2726992565,484,2726993049,2726993049
2025-06-19 02:39:34,REAL,2726993049,480,2726993529,2726993529
2025-06-19 02:39:36,REAL,2726993529,485,2726994014,2726994014
2025-06-19 02:39:38,REAL,2726994014,720,2726994734,2726994734
2025-06-19 02:39:40,REAL,2726994734,247,2726994981,2726994981
2025-06-19 02:39:42,REAL,2726994981,479,2726995460,2726995460
2025-06-19 02:39:44,REAL,2726995460,482,2726995942,2726995942
2025-06-19 02:39:46,REAL,2726995942,482,2726996424,2726996424
2025-06-19 02:39:48,REAL,2726996424,482,2726996906,2726996906
2025-06-19 02:39:50,REAL,2726996906,486,2726997392,2726997392
2025-06-19 02:39:52,REAL,2726997392,482,2726997874,2726997874
2025-06-19 02:39:54,REAL,2726997874,485,2726998359,2726998359
2025-06-19 02:39:56,REAL,2726998359,484,2726998843,2726998843
2025-06-19 02:39:58,REAL,2726998843,488,2726999331,2726999331
2025-06-19 02:40:00,REAL,2726999331,541,2726999872,2726999872
2025-06-19 02:40:02,REAL,2726999872,547,2727000419,2727000419
2025-06-19 02:40:04,REAL,2727000419,492,2727000911,2727000911
2025-06-19 02:40:06,REAL,2727000911,478,2727001389,2727001389
2025-06-19 02:40:08,REAL,2727001389,477,2727001866,2727001866
2025-06-19 02:40:10,REAL,2727001866,488,2727002354,2727002354
2025-06-19 02:40:12,REAL,2727002354,483,2727002837,2727002837
2025-06-19 02:40:14,REAL,2727002837,486,2727003323,2727003323
2025-06-19 02:40:16,REAL,2727003323,491,2727003814,2727003814
2025-06-19 02:40:18,REAL,2727003814,484,2727004298,2727004298
2025-06-19 02:40:20,REAL,2727004298,490,2727004788,2727004788
2025-06-19 02:40:22,REAL,2727004788,480,2727005268,2727005268
2025-06-19 02:40:24,REAL,2727005268,481,2727005749,2727005749
2025-06-19 02:40:26,REAL,2727005749,481,2727006230,2727006230
2025-06-19 02:40:28,REAL,2727006230,492,2727006722,2727006722
2025-06-19 02:40:30,REAL,2727006722,489,2727007211,2727007211
2025-06-19 02:40:32,REAL,2727007211,489,2727007700,2727007700
2025-06-19 02:40:34,REAL,2727007700,480,2727008180,2727008180
2025-06-19 02:40:36,REAL,2727008180,486,2727008666,2727008666
2025-06-19 02:40:38,REAL,2727008666,484,2727009150,2727009150
2025-06-19 02:40:40,REAL,2727009150,486,2727009636,2727009636
2025-06-19 02:40:42,REAL,2727009636,537,2727010173,2727010173
2025-06-19 02:40:44,REAL,2727010173,483,2727010656,2727010656
2025-06-19 02:40:46,REAL,2727010656,478,2727011134,2727011134
2025-06-19 02:40:48,REAL,2727011134,486,2727011620,2727011620
2025-06-19 02:40:50,REAL,2727011620,535,2727012155,2727012155
2025-06-19 02:40:52,REAL,2727012155,486,2727012641,2727012641
2025-06-19 02:40:54,REAL,2727012641,482,2727013123,2727013123
2025-06-19 02:40:56,REAL,2727013123,476,2727013599,2727013599
2025-06-19 02:40:58,REAL,2727013599,485,2727014084,2727014084
2025-06-19 02:41:00,REAL,2727014084,479,2727014563,2727014563
2025-06-19 02:41:02,REAL,2727014563,485,2727015048,2727015048
2025-06-19 02:41:04,REAL,2727015048,9339,2727024387,2727024387
2025-06-19 02:41:06,REAL,2727024387,11173,2727035560,2727035560
2025-06-19 02:41:08,REAL,2727035560,10251,2727045811,2727045811
2025-06-19 02:41:10,REAL,2727045811,10318,2727056129,2727056129
2025-06-19 02:41:12,REAL,2727056129,10260,2727066389,2727066389
2025-06-19 02:41:14,REAL,2727066389,10248,2727076637,2727076637
2025-06-19 02:41:16,REAL,2727076637,10320,2727086957,2727086957
2025-06-19 02:41:18,REAL,2727086957,9201,2727096158,2727096158
2025-06-19 02:41:20,REAL,2727096158,483,2727096641,2727096641
2025-06-19 02:41:22,REAL,2727096641,478,2727097119,2727097119
2025-06-19 02:41:24,REAL,2727097119,486,2727097605,2727097605
2025-06-19 02:41:26,REAL,2727097605,545,2727098150,2727098150
2025-06-19 02:41:28,REAL,2727098150,476,2727098626,2727098626
2025-06-19 02:41:30,REAL,2727098626,488,2727099114,2727099114
2025-06-19 02:41:32,REAL,2727099114,482,2727099596,2727099596
2025-06-19 02:41:34,REAL,2727099596,479,2727100075,2727100075
2025-06-19 02:41:36,REAL,2727100075,9861,2727109936,2727109936
2025-06-19 02:41:38,REAL,2727109936,12030,2727121966,2727121966
2025-06-19 02:41:40,REAL,2727121966,10315,2727132281,2727132281
2025-06-19 02:41:42,REAL,2727132281,10251,2727142532,2727142532
2025-06-19 02:41:44,REAL,2727142532,10253,2727152785,2727152785
2025-06-19 02:41:46,REAL,2727152785,10309,2727163094,2727163094
2025-06-19 02:41:48,REAL,2727163094,10245,2727173339,2727173339
2025-06-19 02:41:50,REAL,2727173339,8602,2727181941,2727181941
2025-06-19 02:41:52,REAL,2727181941,483,2727182424,2727182424
2025-06-19 02:41:54,REAL,2727182424,485,2727182909,2727182909
2025-06-19 02:41:56,REAL,2727182909,492,2727183401,2727183401
2025-06-19 02:41:58,REAL,2727183401,483,2727183884,2727183884
2025-06-19 02:42:00,REAL,2727183884,476,2727184360,2727184360
2025-06-19 02:42:02,REAL,2727184360,480,2727184840,2727184840
2025-06-19 02:42:04,REAL,2727184840,474,2727185314,2727185314
2025-06-19 02:42:06,REAL,2727185314,480,2727185794,2727185794
2025-06-19 02:42:08,REAL,2727185794,534,2727186328,2727186328
2025-06-19 02:42:10,REAL,2727186328,487,2727186815,2727186815
2025-06-19 02:42:12,REAL,2727186815,478,2727187293,2727187293
2025-06-19 02:42:14,REAL,2727187293,484,2727187777,2727187777
2025-06-19 02:42:16,REAL,2727187777,484,2727188261,2727188261
2025-06-19 02:42:18,REAL,2727188261,484,2727188745,2727188745
2025-06-19 02:42:20,REAL,2727188745,478,2727189223,2727189223
2025-06-19 02:42:22,REAL,2727189223,488,2727189711,2727189711
2025-06-19 02:42:24,REAL,2727189711,537,2727190248,2727190248
2025-06-19 02:42:26,REAL,2727190248,475,2727190723,2727190723
2025-06-19 02:42:28,REAL,2727190723,541,2727191264,2727191264
2025-06-19 02:42:30,REAL,2727191264,484,2727191748,2727191748
2025-06-19 02:42:32,REAL,2727191748,484,2727192232,2727192232
2025-06-19 02:42:34,REAL,2727192232,488,2727192720,2727192720
2025-06-19 02:42:36,REAL,2727192720,481,2727193201,2727193201
2025-06-19 02:42:38,REAL,2727193201,486,2727193687,2727193687
2025-06-19 02:42:40,REAL,2727193687,488,2727194175,2727194175
2025-06-19 02:42:42,REAL,2727194175,475,2727194650,2727194650
2025-06-19 02:42:44,REAL,2727194650,484,2727195134,2727195134
2025-06-19 02:42:46,REAL,2727195134,484,2727195618,2727195618
2025-06-19 02:42:48,REAL,2727195618,487,2727196105,2727196105
2025-06-19 02:42:50,REAL,2727196105,541,2727196646,2727196646
2025-06-19 02:42:52,REAL,2727196646,490,2727197136,2727197136
2025-06-19 02:42:54,REAL,2727197136,481,2727197617,2727197617
2025-06-19 02:42:56,REAL,2727197617,486,2727198103,2727198103
2025-06-19 02:42:58,REAL,2727198103,487,2727198590,2727198590
2025-06-19 02:43:00,REAL,2727198590,490,2727199080,2727199080
2025-06-19 02:43:02,REAL,2727199080,482,2727199562,2727199562
2025-06-19 02:43:04,REAL,2727199562,482,2727200044,2727200044
2025-06-19 02:43:06,REAL,2727200044,484,2727200528,2727200528
2025-06-19 02:43:08,REAL,2727200528,484,2727201012,2727201012
2025-06-19 02:43:10,REAL,2727201012,598,2727201610,2727201610
2025-06-19 02:43:12,REAL,2727201610,482,2727202092,2727202092
2025-06-19 02:43:14,REAL,2727202092,479,2727202571,2727202571
2025-06-19 02:43:16,REAL,2727202571,479,2727203050,2727203050
2025-06-19 02:43:18,REAL,2727203050,483,2727203533,2727203533
2025-06-19 02:43:20,REAL,2727203533,485,2727204018,2727204018
2025-06-19 02:43:22,REAL,2727204018,488,2727204506,2727204506
2025-06-19 02:43:24,REAL,2727204506,486,2727204992,2727204992
2025-06-19 02:43:26,REAL,2727204992,484,2727205476,2727205476
2025-06-19 02:43:28,REAL,2727205476,482,2727205958,2727205958
2025-06-19 02:43:30,REAL,2727205958,482,2727206440,2727206440
2025-06-19 02:43:32,REAL,2727206440,543,2727206983,2727206983
2025-06-19 02:43:34,REAL,2727206983,476,2727207459,2727207459
2025-06-19 02:43:36,REAL,2727207459,486,2727207945,2727207945
2025-06-19 02:43:38,REAL,2727207945,10990,2727218935,2727218935
2025-06-19 02:43:40,REAL,2727218935,10320,2727229255,2727229255
2025-06-19 02:43:42,REAL,2727229255,10251,2727239506,2727239506
2025-06-19 02:43:44,REAL,2727239506,10259,2727249765,2727249765
2025-06-19 02:43:46,REAL,2727249765,10261,2727260026,2727260026
2025-06-19 02:43:48,REAL,2727260026,10252,2727270278,2727270278
2025-06-19 02:43:50,REAL,2727270278,10247,2727280525,2727280525
2025-06-19 02:43:52,REAL,2727280525,6482,2727287007,2727287007
2025-06-19 02:43:54,REAL,2727287007,486,2727287493,2727287493
2025-06-19 02:43:56,REAL,2727287493,479,2727287972,2727287972
2025-06-19 02:43:58,REAL,2727287972,481,2727288453,2727288453
2025-06-19 02:44:00,REAL,2727288453,483,2727288936,2727288936
2025-06-19 02:44:02,REAL,2727288936,482,2727289418,2727289418
2025-06-19 02:44:04,REAL,2727289418,489,2727289907,2727289907
2025-06-19 02:44:06,REAL,2727289907,493,2727290400,2727290400
2025-06-19 02:44:08,REAL,2727290400,485,2727290885,2727290885
2025-06-19 02:44:10,REAL,2727290885,484,2727291369,2727291369
2025-06-19 02:44:12,REAL,2727291369,486,2727291855,2727291855
2025-06-19 02:44:14,REAL,2727291855,538,2727292393,2727292393
2025-06-19 02:44:16,REAL,2727292393,486,2727292879,2727292879
2025-06-19 02:44:18,REAL,2727292879,481,2727293360,2727293360
2025-06-19 02:44:20,REAL,2727293360,485,2727293845,2727293845
2025-06-19 02:44:22,REAL,2727293845,478,2727294323,2727294323
2025-06-19 02:44:24,REAL,2727294323,541,2727294864,2727294864
2025-06-19 02:44:26,REAL,2727294864,480,2727295344,2727295344
2025-06-19 02:44:28,REAL,2727295344,491,2727295835,2727295835
2025-06-19 02:44:30,REAL,2727295835,6631,2727302466,2727302466
2025-06-19 02:44:32,REAL,2727302466,12433,2727314899,2727314899
2025-06-19 02:44:34,REAL,2727314899,10367,2727325266,2727325266
2025-06-19 02:44:36,REAL,2727325266,10251,2727335517,2727335517
2025-06-19 02:44:38,REAL,2727335517,10244,2727345761,2727345761
2025-06-19 02:44:40,REAL,2727345761,10319,2727356080,2727356080
2025-06-19 02:44:42,REAL,2727356080,10249,2727366329,2727366329
2025-06-19 02:44:44,REAL,2727366329,10248,2727376577,2727376577
2025-06-19 02:44:46,REAL,2727376577,612,2727377189,2727377189
2025-06-19 02:44:48,REAL,2727377189,486,2727377675,2727377675
2025-06-19 02:44:50,REAL,2727377675,481,2727378156,2727378156
2025-06-19 02:44:52,REAL,2727378156,477,2727378633,2727378633
2025-06-19 02:44:54,REAL,2727378633,478,2727379111,2727379111
2025-06-19 02:44:56,REAL,2727379111,532,2727379643,2727379643
2025-06-19 02:44:58,REAL,2727379643,483,2727380126,2727380126
2025-06-19 02:45:00,REAL,2727380126,481,2727380607,2727380607
2025-06-19 02:45:02,REAL,2727380607,6634,2727387241,2727387241
2025-06-19 02:45:04,REAL,2727387241,11104,2727398345,2727398345
2025-06-19 02:45:06,REAL,2727398345,10251,2727408596,2727408596
2025-06-19 02:45:08,REAL,2727408596,10253,2727418849,2727418849
2025-06-19 02:45:10,REAL,2727418849,10778,2727429627,2727429627
2025-06-19 02:45:12,REAL,2727429627,9727,2727439354,2727439354
2025-06-19 02:45:14,REAL,2727439354,10249,2727449603,2727449603
2025-06-19 02:45:16,REAL,2727449603,9776,2727459379,2727459379
2025-06-19 02:45:18,REAL,2727459379,488,2727459867,2727459867
2025-06-19 02:45:20,REAL,2727459867,486,2727460353,2727460353
2025-06-19 02:45:22,REAL,2727460353,486,2727460839,2727460839
2025-06-19 02:45:24,REAL,2727460839,480,2727461319,2727461319
2025-06-19 02:45:26,REAL,2727461319,491,2727461810,2727461810
2025-06-19 02:45:28,REAL,2727461810,488,2727462298,2727462298
2025-06-19 02:45:30,REAL,2727462298,488,2727462786,2727462786
2025-06-19 02:45:32,REAL,2727462786,482,2727463268,2727463268
2025-06-19 02:45:34,REAL,2727463268,541,2727463809,2727463809
2025-06-19 02:45:36,REAL,2727463809,477,2727464286,2727464286
2025-06-19 02:45:38,REAL,2727464286,546,2727464832,2727464832
2025-06-19 02:45:40,REAL,2727464832,482,2727465314,2727465314
2025-06-19 02:45:42,REAL,2727465314,488,2727465802,2727465802
2025-06-19 02:45:44,REAL,2727465802,486,2727466288,2727466288
2025-06-19 02:45:46,REAL,2727466288,488,2727466776,2727466776
2025-06-19 02:45:48,REAL,2727466776,478,2727467254,2727467254
2025-06-19 02:45:50,REAL,2727467254,484,2727467738,2727467738
2025-06-19 02:45:52,REAL,2727467738,483,2727468221,2727468221
2025-06-19 02:45:54,REAL,2727468221,488,2727468709,2727468709
2025-06-19 02:45:56,REAL,2727468709,481,2727469190,2727469190
2025-06-19 02:45:58,REAL,2727469190,537,2727469727,2727469727
2025-06-19 02:46:00,REAL,2727469727,478,2727470205,2727470205
2025-06-19 02:46:02,REAL,2727470205,477,2727470682,2727470682
2025-06-19 02:46:04,REAL,2727470682,491,2727471173,2727471173
2025-06-19 02:46:06,REAL,2727471173,540,2727471713,2727471713
2025-06-19 02:46:08,REAL,2727471713,487,2727472200,2727472200
2025-06-19 02:46:10,REAL,2727472200,486,2727472686,2727472686
2025-06-19 02:46:12,REAL,2727472686,488,2727473174,2727473174
2025-06-19 02:46:14,REAL,2727473174,487,2727473661,2727473661
2025-06-19 02:46:16,REAL,2727473661,488,2727474149,2727474149
2025-06-19 02:46:18,REAL,2727474149,490,2727474639,2727474639
2025-06-19 02:46:20,REAL,2727474639,484,2727475123,2727475123
2025-06-19 02:46:22,REAL,2727475123,482,2727475605,2727475605
2025-06-19 02:46:24,REAL,2727475605,486,2727476091,2727476091
2025-06-19 02:46:26,REAL,2727476091,477,2727476568,2727476568
2025-06-19 02:46:28,REAL,2727476568,483,2727477051,2727477051
2025-06-19 02:46:30,REAL,2727477051,493,2727477544,2727477544
2025-06-19 02:46:32,REAL,2727477544,483,2727478027,2727478027
2025-06-19 02:46:34,REAL,2727478027,485,2727478512,2727478512
2025-06-19 02:46:36,REAL,2727478512,543,2727479055,2727479055
2025-06-19 02:46:38,REAL,2727479055,482,2727479537,2727479537
2025-06-19 02:46:40,REAL,2727479537,542,2727480079,2727480079
2025-06-19 02:46:42,REAL,2727480079,478,2727480557,2727480557
2025-06-19 02:46:44,REAL,2727480557,494,2727481051,2727481051
2025-06-19 02:46:46,REAL,2727481051,478,2727481529,2727481529
2025-06-19 02:46:48,REAL,2727481529,481,2727482010,2727482010
2025-06-19 02:46:50,REAL,2727482010,489,2727482499,2727482499
2025-06-19 02:46:52,REAL,2727482499,486,2727482985,2727482985
2025-06-19 02:46:54,REAL,2727482985,485,2727483470,2727483470
2025-06-19 02:46:56,REAL,2727483470,486,2727483956,2727483956
2025-06-19 02:46:58,REAL,2727483956,485,2727484441,2727484441
2025-06-19 02:47:00,REAL,2727484441,487,2727484928,2727484928
2025-06-19 02:47:02,REAL,2727484928,482,2727485410,2727485410
2025-06-19 02:47:04,REAL,2727485410,486,2727485896,2727485896
2025-06-19 02:47:06,REAL,2727485896,486,2727486382,2727486382
2025-06-19 02:47:08,REAL,2727486382,476,2727486858,2727486858
2025-06-19 02:47:10,REAL,2727486858,486,2727487344,2727487344
2025-06-19 02:47:12,REAL,2727487344,543,2727487887,2727487887
2025-06-19 02:47:14,REAL,2727487887,539,2727488426,2727488426
2025-06-19 02:47:16,REAL,2727488426,482,2727488908,2727488908
2025-06-19 02:47:18,REAL,2727488908,478,2727489386,2727489386
2025-06-19 02:47:20,REAL,2727489386,485,2727489871,2727489871
2025-06-19 02:47:22,REAL,2727489871,482,2727490353,2727490353
2025-06-19 02:47:24,REAL,2727490353,483,2727490836,2727490836
2025-06-19 02:47:26,REAL,2727490836,485,2727491321,2727491321
2025-06-19 02:47:28,REAL,2727491321,487,2727491808,2727491808
2025-06-19 02:47:30,REAL,2727491808,483,2727492291,2727492291
2025-06-19 02:47:32,REAL,2727492291,487,2727492778,2727492778
2025-06-19 02:47:34,REAL,2727492778,488,2727493266,2727493266
2025-06-19 02:47:36,REAL,2727493266,482,2727493748,2727493748
2025-06-19 02:47:38,REAL,2727493748,484,2727494232,2727494232
2025-06-19 02:47:40,REAL,2727494232,489,2727494721,2727494721
2025-06-19 02:47:42,REAL,2727494721,480,2727495201,2727495201
2025-06-19 02:47:44,REAL,2727495201,480,2727495681,2727495681
2025-06-19 02:47:46,REAL,2727495681,535,2727496216,2727496216
2025-06-19 02:47:48,REAL,2727496216,482,2727496698,2727496698
2025-06-19 02:47:50,REAL,2727496698,535,2727497233,2727497233
2025-06-19 02:47:52,REAL,2727497233,10524,2727507757,2727507757
2025-06-19 02:47:54,REAL,2727507757,10313,2727518070,2727518070
2025-06-19 02:47:56,REAL,2727518070,10251,2727528321,2727528321
2025-06-19 02:47:58,REAL,2727528321,10319,2727538640,2727538640
2025-06-19 02:48:00,REAL,2727538640,10254,2727548894,2727548894
2025-06-19 02:48:02,REAL,2727548894,10257,2727559151,2727559151
2025-06-19 02:48:04,REAL,2727559151,10316,2727569467,2727569467
2025-06-19 02:48:06,REAL,2727569467,6490,2727575957,2727575957
2025-06-19 02:48:08,REAL,2727575957,484,2727576441,2727576441
2025-06-19 02:48:10,REAL,2727576441,488,2727576929,2727576929
2025-06-19 02:48:12,REAL,2727576929,486,2727577415,2727577415
2025-06-19 02:48:14,REAL,2727577415,489,2727577904,2727577904
2025-06-19 02:48:16,REAL,2727577904,485,2727578389,2727578389
2025-06-19 02:48:18,REAL,2727578389,480,2727578869,2727578869
2025-06-19 02:48:20,REAL,2727578869,487,2727579356,2727579356
2025-06-19 02:48:22,REAL,2727579356,540,2727579896,2727579896
2025-06-19 02:48:24,REAL,2727579896,476,2727580372,2727580372
2025-06-19 02:48:26,REAL,2727580372,545,2727580917,2727580917
2025-06-19 02:48:28,REAL,2727580917,486,2727581403,2727581403
2025-06-19 02:48:30,REAL,2727581403,490,2727581893,2727581893
2025-06-19 02:48:32,REAL,2727581893,484,2727582377,2727582377
2025-06-19 02:48:34,REAL,2727582377,482,2727582859,2727582859
2025-06-19 02:48:36,REAL,2727582859,487,2727583346,2727583346
2025-06-19 02:48:38,REAL,2727583346,478,2727583824,2727583824
2025-06-19 02:48:40,REAL,2727583824,482,2727584306,2727584306
2025-06-19 02:48:42,REAL,2727584306,492,2727584798,2727584798
2025-06-19 02:48:44,REAL,2727584798,489,2727585287,2727585287
2025-06-19 02:48:46,REAL,2727585287,482,2727585769,2727585769
2025-06-19 02:48:48,REAL,2727585769,484,2727586253,2727586253
2025-06-19 02:48:50,REAL,2727586253,479,2727586732,2727586732
2025-06-19 02:48:52,REAL,2727586732,477,2727587209,2727587209
2025-06-19 02:48:54,REAL,2727587209,535,2727587744,2727587744
2025-06-19 02:48:56,REAL,2727587744,487,2727588231,2727588231
2025-06-19 02:48:58,REAL,2727588231,488,2727588719,2727588719
2025-06-19 02:49:00,REAL,2727588719,492,2727589211,2727589211
2025-06-19 02:49:02,REAL,2727589211,482,2727589693,2727589693
2025-06-19 02:49:04,REAL,2727589693,545,2727590238,2727590238
2025-06-19 02:49:06,REAL,2727590238,478,2727590716,2727590716
2025-06-19 02:49:08,REAL,2727590716,492,2727591208,2727591208
2025-06-19 02:49:10,REAL,2727591208,479,2727591687,2727591687
2025-06-19 02:49:12,REAL,2727591687,485,2727592172,2727592172
2025-06-19 02:49:14,REAL,2727592172,484,2727592656,2727592656
2025-06-19 02:49:16,REAL,2727592656,492,2727593148,2727593148
2025-06-19 02:49:18,REAL,2727593148,482,2727593630,2727593630
2025-06-19 02:49:20,REAL,2727593630,480,2727594110,2727594110
2025-06-19 02:49:22,REAL,2727594110,487,2727594597,2727594597
2025-06-19 02:49:24,REAL,2727594597,477,2727595074,2727595074
2025-06-19 02:49:26,REAL,2727595074,485,2727595559,2727595559
2025-06-19 02:49:28,REAL,2727595559,539,2727596098,2727596098
2025-06-19 02:49:30,REAL,2727596098,483,2727596581,2727596581
2025-06-19 02:49:32,REAL,2727596581,485,2727597066,2727597066
2025-06-19 02:49:34,REAL,2727597066,480,2727597546,2727597546
2025-06-19 02:49:36,REAL,2727597546,487,2727598033,2727598033
2025-06-19 02:49:38,REAL,2727598033,482,2727598515,2727598515
2025-06-19 02:49:40,REAL,2727598515,536,2727599051,2727599051
2025-06-19 02:49:42,REAL,2727599051,482,2727599533,2727599533
2025-06-19 02:49:44,REAL,2727599533,478,2727600011,2727600011
2025-06-19 02:49:46,REAL,2727600011,483,2727600494,2727600494
2025-06-19 02:49:48,REAL,2727600494,481,2727600975,2727600975
2025-06-19 02:49:50,REAL,2727600975,478,2727601453,2727601453
2025-06-19 02:49:52,REAL,2727601453,478,2727601931,2727601931
2025-06-19 02:49:54,REAL,2727601931,487,2727602418,2727602418
2025-06-19 02:49:56,REAL,2727602418,492,2727602910,2727602910
2025-06-19 02:49:58,REAL,2727602910,486,2727603396,2727603396
2025-06-19 02:50:00,REAL,2727603396,482,2727603878,2727603878
2025-06-19 02:50:02,REAL,2727603878,479,2727604357,2727604357
2025-06-19 02:50:04,REAL,2727604357,485,2727604842,2727604842
2025-06-19 02:50:06,REAL,2727604842,492,2727605334,2727605334
2025-06-19 02:50:08,REAL,2727605334,490,2727605824,2727605824
2025-06-19 02:50:10,REAL,2727605824,492,2727606316,2727606316
2025-06-19 02:50:12,REAL,2727606316,483,2727606799,2727606799
2025-06-19 02:50:14,REAL,2727606799,476,2727607275,2727607275
2025-06-19 02:50:16,REAL,2727607275,539,2727607814,2727607814
2025-06-19 02:50:18,REAL,2727607814,536,2727608350,2727608350
2025-06-19 02:50:20,REAL,2727608350,491,2727608841,2727608841
2025-06-19 02:50:22,REAL,2727608841,485,2727609326,2727609326
2025-06-19 02:50:24,REAL,2727609326,480,2727609806,2727609806
2025-06-19 02:50:26,REAL,2727609806,485,2727610291,2727610291
2025-06-19 02:50:28,REAL,2727610291,488,2727610779,2727610779
2025-06-19 02:50:30,REAL,2727610779,484,2727611263,2727611263
2025-06-19 02:50:32,REAL,2727611263,481,2727611744,2727611744
2025-06-19 02:50:34,REAL,2727611744,479,2727612223,2727612223
2025-06-19 02:50:36,REAL,2727612223,474,2727612697,2727612697
2025-06-19 02:50:38,REAL,2727612697,483,2727613180,2727613180
2025-06-19 02:50:40,REAL,2727613180,477,2727613657,2727613657
2025-06-19 02:50:42,REAL,2727613657,481,2727614138,2727614138
2025-06-19 02:50:44,REAL,2727614138,485,2727614623,2727614623
2025-06-19 02:50:46,REAL,2727614623,3061,2727617684,2727617684
2025-06-19 02:50:48,REAL,2727617684,11702,2727629386,2727629386
2025-06-19 02:50:50,REAL,2727629386,10250,2727639636,2727639636
2025-06-19 02:50:52,REAL,2727639636,10252,2727649888,2727649888
2025-06-19 02:50:54,REAL,2727649888,10307,2727660195,2727660195
2025-06-19 02:50:56,REAL,2727660195,10251,2727670446,2727670446
2025-06-19 02:50:58,REAL,2727670446,10253,2727680699,2727680699
2025-06-19 02:51:00,REAL,2727680699,10255,2727690954,2727690954
2025-06-19 02:51:02,REAL,2727690954,2999,2727693953,2727693953
2025-06-19 02:51:04,REAL,2727693953,483,2727694436,2727694436
2025-06-19 02:51:06,REAL,2727694436,475,2727694911,2727694911
2025-06-19 02:51:08,REAL,2727694911,484,2727695395,2727695395
2025-06-19 02:51:10,REAL,2727695395,489,2727695884,2727695884
2025-06-19 02:51:12,REAL,2727695884,485,2727696369,2727696369
2025-06-19 02:51:14,REAL,2727696369,484,2727696853,2727696853
2025-06-19 02:51:16,REAL,2727696853,486,2727697339,2727697339
2025-06-19 02:51:18,REAL,2727697339,476,2727697815,2727697815
2025-06-19 02:51:20,REAL,2727697815,489,2727698304,2727698304
2025-06-19 02:51:22,REAL,2727698304,481,2727698785,2727698785
2025-06-19 02:51:24,REAL,2727698785,477,2727699262,2727699262
2025-06-19 02:51:26,REAL,2727699262,482,2727699744,2727699744
2025-06-19 02:51:28,REAL,2727699744,481,2727700225,2727700225
2025-06-19 02:51:30,REAL,2727700225,476,2727700701,2727700701
2025-06-19 02:51:32,REAL,2727700701,482,2727701183,2727701183
2025-06-19 02:51:34,REAL,2727701183,591,2727701774,2727701774
2025-06-19 02:51:36,REAL,2727701774,485,2727702259,2727702259
2025-06-19 02:51:38,REAL,2727702259,474,2727702733,2727702733
2025-06-19 02:51:40,REAL,2727702733,489,2727703222,2727703222
2025-06-19 02:51:42,REAL,2727703222,480,2727703702,2727703702
2025-06-19 02:51:44,REAL,2727703702,491,2727704193,2727704193
2025-06-19 02:51:46,REAL,2727704193,488,2727704681,2727704681
2025-06-19 02:51:48,REAL,2727704681,484,2727705165,2727705165
2025-06-19 02:51:50,REAL,2727705165,489,2727705654,2727705654
2025-06-19 02:51:52,REAL,2727705654,489,2727706143,2727706143
2025-06-19 02:51:54,REAL,2727706143,490,2727706633,2727706633
2025-06-19 02:51:56,REAL,2727706633,487,2727707120,2727707120
2025-06-19 02:51:58,REAL,2727707120,489,2727707609,2727707609
2025-06-19 02:52:00,REAL,2727707609,483,2727708092,2727708092
2025-06-19 02:52:02,REAL,2727708092,491,2727708583,2727708583
2025-06-19 02:52:04,REAL,2727708583,482,2727709065,2727709065
2025-06-19 02:52:06,REAL,2727709065,476,2727709541,2727709541
2025-06-19 02:52:08,REAL,2727709541,481,2727710022,2727710022
2025-06-19 02:52:10,REAL,2727710022,486,2727710508,2727710508
2025-06-19 02:52:12,REAL,2727710508,483,2727710991,2727710991
2025-06-19 02:52:14,REAL,2727710991,488,2727711479,2727711479
2025-06-19 02:52:16,REAL,2727711479,548,2727712027,2727712027
2025-06-19 02:52:18,REAL,2727712027,479,2727712506,2727712506
2025-06-19 02:52:20,REAL,2727712506,487,2727712993,2727712993
2025-06-19 02:52:22,REAL,2727712993,5703,2727718696,2727718696
2025-06-19 02:52:24,REAL,2727718696,11249,2727729945,2727729945
2025-06-19 02:52:26,REAL,2727729945,10252,2727740197,2727740197
2025-06-19 02:52:28,REAL,2727740197,10320,2727750517,2727750517
2025-06-19 02:52:30,REAL,2727750517,10250,2727760767,2727760767
2025-06-19 02:52:32,REAL,2727760767,10243,2727771010,2727771010
2025-06-19 02:52:34,REAL,2727771010,10312,2727781322,2727781322
2025-06-19 02:52:36,REAL,2727781322,10255,2727791577,2727791577
2025-06-19 02:52:38,REAL,2727791577,1206,2727792783,2727792783
2025-06-19 02:52:40,REAL,2727792783,486,2727793269,2727793269
2025-06-19 02:52:42,REAL,2727793269,481,2727793750,2727793750
2025-06-19 02:52:44,REAL,2727793750,484,2727794234,2727794234
2025-06-19 02:52:46,REAL,2727794234,480,2727794714,2727794714
2025-06-19 02:52:48,REAL,2727794714,481,2727795195,2727795195
2025-06-19 02:52:50,REAL,2727795195,481,2727795676,2727795676
2025-06-19 02:52:52,REAL,2727795676,481,2727796157,2727796157
2025-06-19 02:52:54,REAL,2727796157,5964,2727802121,2727802121
2025-06-19 02:52:56,REAL,2727802121,11176,2727813297,2727813297
2025-06-19 02:52:58,REAL,2727813297,10304,2727823601,2727823601
2025-06-19 02:53:00,REAL,2727823601,10319,2727833920,2727833920
2025-06-19 02:53:02,REAL,2727833920,10262,2727844182,2727844182
2025-06-19 02:53:04,REAL,2727844182,10252,2727854434,2727854434
2025-06-19 02:53:06,REAL,2727854434,10312,2727864746,2727864746
2025-06-19 02:53:08,REAL,2727864746,10261,2727875007,2727875007
2025-06-19 02:53:10,REAL,2727875007,551,2727875558,2727875558
2025-06-19 02:53:12,REAL,2727875558,484,2727876042,2727876042
2025-06-19 02:53:14,REAL,2727876042,484,2727876526,2727876526
2025-06-19 02:53:16,REAL,2727876526,491,2727877017,2727877017
2025-06-19 02:53:18,REAL,2727877017,480,2727877497,2727877497
2025-06-19 02:53:20,REAL,2727877497,480,2727877977,2727877977
2025-06-19 02:53:22,REAL,2727877977,491,2727878468,2727878468
2025-06-19 02:53:24,REAL,2727878468,482,2727878950,2727878950
2025-06-19 02:53:26,REAL,2727878950,6891,2727885841,2727885841
2025-06-19 02:53:28,REAL,2727885841,10720,2727896561,2727896561
2025-06-19 02:53:30,REAL,2727896561,10317,2727906878,2727906878
2025-06-19 02:53:32,REAL,2727906878,10252,2727917130,2727917130
2025-06-19 02:53:34,REAL,2727917130,10248,2727927378,2727927378
2025-06-19 02:53:36,REAL,2727927378,10248,2727937626,2727937626
2025-06-19 02:53:38,REAL,2727937626,10305,2727947931,2727947931
2025-06-19 02:53:40,REAL,2727947931,9727,2727957658,2727957658
2025-06-19 02:53:42,REAL,2727957658,483,2727958141,2727958141
2025-06-19 02:53:44,REAL,2727958141,489,2727958630,2727958630
2025-06-19 02:53:46,REAL,2727958630,486,2727959116,2727959116
2025-06-19 02:53:48,REAL,2727959116,483,2727959599,2727959599
2025-06-19 02:53:50,REAL,2727959599,476,2727960075,2727960075
2025-06-19 02:53:52,REAL,2727960075,488,2727960563,2727960563
2025-06-19 02:53:54,REAL,2727960563,485,2727961048,2727961048
2025-06-19 02:53:56,REAL,2727961048,489,2727961537,2727961537
2025-06-19 02:53:58,REAL,2727961537,486,2727962023,2727962023
2025-06-19 02:54:00,REAL,2727962023,490,2727962513,2727962513
2025-06-19 02:54:02,REAL,2727962513,481,2727962994,2727962994
2025-06-19 02:54:04,REAL,2727962994,480,2727963474,2727963474
2025-06-19 02:54:06,REAL,2727963474,484,2727963958,2727963958
2025-06-19 02:54:08,REAL,2727963958,485,2727964443,2727964443
2025-06-19 02:54:10,REAL,2727964443,484,2727964927,2727964927
2025-06-19 02:54:12,REAL,2727964927,490,2727965417,2727965417
2025-06-19 02:54:14,REAL,2727965417,533,2727965950,2727965950
2025-06-19 02:54:16,REAL,2727965950,480,2727966430,2727966430
2025-06-19 02:54:18,REAL,2727966430,541,2727966971,2727966971
2025-06-19 02:54:20,REAL,2727966971,477,2727967448,2727967448
2025-06-19 02:54:22,REAL,2727967448,486,2727967934,2727967934
2025-06-19 02:54:24,REAL,2727967934,480,2727968414,2727968414
2025-06-19 02:54:26,REAL,2727968414,483,2727968897,2727968897
2025-06-19 02:54:28,REAL,2727968897,482,2727969379,2727969379
2025-06-19 02:54:30,REAL,2727969379,484,2727969863,2727969863
2025-06-19 02:54:32,REAL,2727969863,482,2727970345,2727970345
2025-06-19 02:54:34,REAL,2727970345,477,2727970822,2727970822
2025-06-19 02:54:36,REAL,2727970822,486,2727971308,2727971308
2025-06-19 02:54:38,REAL,2727971308,492,2727971800,2727971800
2025-06-19 02:54:40,REAL,2727971800,485,2727972285,2727972285
2025-06-19 02:54:42,REAL,2727972285,489,2727972774,2727972774
2025-06-19 02:54:44,REAL,2727972774,477,2727973251,2727973251
2025-06-19 02:54:46,REAL,2727973251,492,2727973743,2727973743
2025-06-19 02:54:48,REAL,2727973743,486,2727974229,2727974229
2025-06-19 02:54:50,REAL,2727974229,492,2727974721,2727974721
2025-06-19 02:54:52,REAL,2727974721,485,2727975206,2727975206
2025-06-19 02:54:54,REAL,2727975206,484,2727975690,2727975690
2025-06-19 02:54:56,REAL,2727975690,486,2727976176,2727976176
2025-06-19 02:54:58,REAL,2727976176,479,2727976655,2727976655
2025-06-19 02:55:00,REAL,2727976655,546,2727977201,2727977201
2025-06-19 02:55:02,REAL,2727977201,541,2727977742,2727977742
2025-06-19 02:55:04,REAL,2727977742,480,2727978222,2727978222
2025-06-19 02:55:06,REAL,2727978222,492,2727978714,2727978714
2025-06-19 02:55:08,REAL,2727978714,489,2727979203,2727979203
2025-06-19 02:55:10,REAL,2727979203,484,2727979687,2727979687
2025-06-19 02:55:12,REAL,2727979687,494,2727980181,2727980181
2025-06-19 02:55:14,REAL,2727980181,487,2727980668,2727980668
2025-06-19 02:55:16,REAL,2727980668,474,2727981142,2727981142
2025-06-19 02:55:18,REAL,2727981142,481,2727981623,2727981623
2025-06-19 02:55:20,REAL,2727981623,484,2727982107,2727982107
2025-06-19 02:55:22,REAL,2727982107,484,2727982591,2727982591
2025-06-19 02:55:24,REAL,2727982591,492,2727983083,2727983083
2025-06-19 02:55:26,REAL,2727983083,486,2727983569,2727983569
2025-06-19 02:55:28,REAL,2727983569,477,2727984046,2727984046
2025-06-19 02:55:30,REAL,2727984046,482,2727984528,2727984528
2025-06-19 02:55:32,REAL,2727984528,485,2727985013,2727985013
2025-06-19 02:55:34,REAL,2727985013,483,2727985496,2727985496
2025-06-19 02:55:36,REAL,2727985496,481,2727985977,2727985977
2025-06-19 02:55:38,REAL,2727985977,238,2727986215,2727986215
2025-06-19 02:55:40,REAL,2727986215,482,2727986697,2727986697
2025-06-19 02:55:42,REAL,2727986697,534,2727987231,2727987231
2025-06-19 02:55:44,REAL,2727987231,485,2727987716,2727987716
2025-06-19 02:55:46,REAL,2727987716,492,2727988208,2727988208
2025-06-19 02:55:48,REAL,2727988208,483,2727988691,2727988691
2025-06-19 02:55:50,REAL,2727988691,543,2727989234,2727989234
2025-06-19 02:55:52,REAL,2727989234,486,2727989720,2727989720
2025-06-19 02:55:54,REAL,2727989720,488,2727990208,2727990208
2025-06-19 02:55:56,REAL,2727990208,475,2727990683,2727990683
2025-06-19 02:55:58,REAL,2727990683,483,2727991166,2727991166
2025-06-19 02:56:00,REAL,2727991166,485,2727991651,2727991651
2025-06-19 02:56:02,REAL,2727991651,494,2727992145,2727992145
2025-06-19 02:56:04,REAL,2727992145,478,2727992623,2727992623
2025-06-19 02:56:06,REAL,2727992623,486,2727993109,2727993109
2025-06-19 02:56:08,REAL,2727993109,491,2727993600,2727993600
2025-06-19 02:56:10,REAL,2727993600,482,2727994082,2727994082
2025-06-19 02:56:12,REAL,2727994082,485,2727994567,2727994567
2025-06-19 02:56:14,REAL,2727994567,488,2727995055,2727995055
2025-06-19 02:56:16,REAL,2727995055,491,2727995546,2727995546
2025-06-19 02:56:18,REAL,2727995546,487,2727996033,2727996033
2025-06-19 02:56:20,REAL,2727996033,484,2727996517,2727996517
2025-06-19 02:56:22,REAL,2727996517,550,2727997067,2727997067
2025-06-19 02:56:24,REAL,2727997067,482,2727997549,2727997549
2025-06-19 02:56:26,REAL,2727997549,487,2727998036,2727998036
2025-06-19 02:56:28,REAL,2727998036,481,2727998517,2727998517
2025-06-19 02:56:30,REAL,2727998517,476,2727998993,2727998993
2025-06-19 02:56:32,REAL,2727998993,11050,2728010043,2728010043
2025-06-19 02:56:34,REAL,2728010043,10250,2728020293,2728020293
2025-06-19 02:56:36,REAL,2728020293,10310,2728030603,2728030603
2025-06-19 02:56:38,REAL,2728030603,10246,2728040849,2728040849
2025-06-19 02:56:40,REAL,2728040849,10247,2728051096,2728051096
2025-06-19 02:56:42,REAL,2728051096,10259,2728061355,2728061355
2025-06-19 02:56:44,REAL,2728061355,10313,2728071668,2728071668
2025-06-19 02:56:46,REAL,2728071668,6296,2728077964,2728077964
2025-06-19 02:56:48,REAL,2728077964,490,2728078454,2728078454
2025-06-19 02:56:50,REAL,2728078454,491,2728078945,2728078945
2025-06-19 02:56:52,REAL,2728078945,490,2728079435,2728079435
2025-06-19 02:56:54,REAL,2728079435,484,2728079919,2728079919
2025-06-19 02:56:56,REAL,2728079919,477,2728080396,2728080396
2025-06-19 02:56:58,REAL,2728080396,480,2728080876,2728080876
2025-06-19 02:57:00,REAL,2728080876,484,2728081360,2728081360
2025-06-19 02:57:02,REAL,2728081360,542,2728081902,2728081902
2025-06-19 02:57:04,REAL,2728081902,485,2728082387,2728082387
2025-06-19 02:57:06,REAL,2728082387,485,2728082872,2728082872
2025-06-19 02:57:08,REAL,2728082872,480,2728083352,2728083352
2025-06-19 02:57:10,REAL,2728083352,484,2728083836,2728083836
2025-06-19 02:57:12,REAL,2728083836,485,2728084321,2728084321
2025-06-19 02:57:14,REAL,2728084321,484,2728084805,2728084805
2025-06-19 02:57:16,REAL,2728084805,486,2728085291,2728085291
2025-06-19 02:57:18,REAL,2728085291,539,2728085830,2728085830
2025-06-19 02:57:20,REAL,2728085830,484,2728086314,2728086314
2025-06-19 02:57:22,REAL,2728086314,491,2728086805,2728086805
2025-06-19 02:57:24,REAL,2728086805,478,2728087283,2728087283
2025-06-19 02:57:26,REAL,2728087283,482,2728087765,2728087765
2025-06-19 02:57:28,REAL,2728087765,488,2728088253,2728088253
2025-06-19 02:57:30,REAL,2728088253,485,2728088738,2728088738
2025-06-19 02:57:32,REAL,2728088738,487,2728089225,2728089225
2025-06-19 02:57:34,REAL,2728089225,484,2728089709,2728089709
2025-06-19 02:57:36,REAL,2728089709,486,2728090195,2728090195
2025-06-19 02:57:38,REAL,2728090195,483,2728090678,2728090678
2025-06-19 02:57:40,REAL,2728090678,540,2728091218,2728091218
2025-06-19 02:57:42,REAL,2728091218,479,2728091697,2728091697
2025-06-19 02:57:44,REAL,2728091697,491,2728092188,2728092188
2025-06-19 02:57:46,REAL,2728092188,484,2728092672,2728092672
2025-06-19 02:57:48,REAL,2728092672,487,2728093159,2728093159
2025-06-19 02:57:50,REAL,2728093159,479,2728093638,2728093638
2025-06-19 02:57:52,REAL,2728093638,480,2728094118,2728094118
2025-06-19 02:57:54,REAL,2728094118,485,2728094603,2728094603
2025-06-19 02:57:56,REAL,2728094603,479,2728095082,2728095082
2025-06-19 02:57:58,REAL,2728095082,484,2728095566,2728095566
2025-06-19 02:58:00,REAL,2728095566,1024,2728096590,2728096590
2025-06-19 02:58:02,REAL,2728096590,13952,2728110542,2728110542
2025-06-19 02:58:04,REAL,2728110542,10244,2728120786,2728120786
2025-06-19 02:58:06,REAL,2728120786,10316,2728131102,2728131102
2025-06-19 02:58:08,REAL,2728131102,10259,2728141361,2728141361
2025-06-19 02:58:10,REAL,2728141361,10259,2728151620,2728151620
2025-06-19 02:58:12,REAL,2728151620,10319,2728161939,2728161939
2025-06-19 02:58:14,REAL,2728161939,10253,2728172192,2728172192
2025-06-19 02:58:16,REAL,2728172192,4709,2728176901,2728176901
2025-06-19 02:58:18,REAL,2728176901,484,2728177385,2728177385
2025-06-19 02:58:20,REAL,2728177385,549,2728177934,2728177934
2025-06-19 02:58:22,REAL,2728177934,478,2728178412,2728178412
2025-06-19 02:58:24,REAL,2728178412,480,2728178892,2728178892
2025-06-19 02:58:26,REAL,2728178892,488,2728179380,2728179380
2025-06-19 02:58:28,REAL,2728179380,484,2728179864,2728179864
2025-06-19 02:58:30,REAL,2728179864,481,2728180345,2728180345
2025-06-19 02:58:32,REAL,2728180345,489,2728180834,2728180834
2025-06-19 02:58:34,REAL,2728180834,478,2728181312,2728181312
2025-06-19 02:58:36,REAL,2728181312,488,2728181800,2728181800
2025-06-19 02:58:38,REAL,2728181800,478,2728182278,2728182278
2025-06-19 02:58:40,REAL,2728182278,484,2728182762,2728182762
2025-06-19 02:58:42,REAL,2728182762,484,2728183246,2728183246
2025-06-19 02:58:44,REAL,2728183246,487,2728183733,2728183733
2025-06-19 02:58:46,REAL,2728183733,483,2728184216,2728184216
2025-06-19 02:58:48,REAL,2728184216,538,2728184754,2728184754
2025-06-19 02:58:50,REAL,2728184754,488,2728185242,2728185242
2025-06-19 02:58:52,REAL,2728185242,481,2728185723,2728185723
2025-06-19 02:58:54,REAL,2728185723,485,2728186208,2728186208
2025-06-19 02:58:56,REAL,2728186208,484,2728186692,2728186692
2025-06-19 02:58:58,REAL,2728186692,543,2728187235,2728187235
2025-06-19 02:59:00,REAL,2728187235,477,2728187712,2728187712
2025-06-19 02:59:02,REAL,2728187712,478,2728188190,2728188190
2025-06-19 02:59:04,REAL,2728188190,482,2728188672,2728188672
2025-06-19 02:59:06,REAL,2728188672,482,2728189154,2728189154
2025-06-19 02:59:08,REAL,2728189154,488,2728189642,2728189642
2025-06-19 02:59:10,REAL,2728189642,8026,2728197668,2728197668
2025-06-19 02:59:12,REAL,2728197668,10584,2728208252,2728208252
2025-06-19 02:59:14,REAL,2728208252,10246,2728218498,2728218498
2025-06-19 02:59:16,REAL,2728218498,10253,2728228751,2728228751
2025-06-19 02:59:18,REAL,2728228751,10248,2728238999,2728238999
2025-06-19 02:59:20,REAL,2728238999,10251,2728249250,2728249250
2025-06-19 02:59:22,REAL,2728249250,10252,2728259502,2728259502
2025-06-19 02:59:24,REAL,2728259502,8266,2728267768,2728267768
2025-06-19 02:59:26,REAL,2728267768,479,2728268247,2728268247
2025-06-19 02:59:28,REAL,2728268247,484,2728268731,2728268731
2025-06-19 02:59:30,REAL,2728268731,484,2728269215,2728269215
2025-06-19 02:59:32,REAL,2728269215,477,2728269692,2728269692
2025-06-19 02:59:34,REAL,2728269692,477,2728270169,2728270169
2025-06-19 02:59:36,REAL,2728270169,540,2728270709,2728270709
2025-06-19 02:59:38,REAL,2728270709,483,2728271192,2728271192
2025-06-19 02:59:40,REAL,2728271192,486,2728271678,2728271678
2025-06-19 02:59:42,REAL,2728271678,474,2728272152,2728272152
2025-06-19 02:59:44,REAL,2728272152,478,2728272630,2728272630
2025-06-19 02:59:46,REAL,2728272630,481,2728273111,2728273111
2025-06-19 02:59:48,REAL,2728273111,480,2728273591,2728273591
2025-06-19 02:59:50,REAL,2728273591,476,2728274067,2728274067
2025-06-19 02:59:52,REAL,2728274067,479,2728274546,2728274546
2025-06-19 02:59:54,REAL,2728274546,476,2728275022,2728275022
2025-06-19 02:59:56,REAL,2728275022,481,2728275503,2728275503
2025-06-19 02:59:58,REAL,2728275503,547,2728276050,2728276050
2025-06-19 03:00:00,REAL,2728276050,485,2728276535,2728276535
2025-06-19 03:00:02,REAL,2728276535,487,2728277022,2728277022
2025-06-19 03:00:04,REAL,2728277022,493,2728277515,2728277515
2025-06-19 03:00:06,REAL,2728277515,476,2728277991,2728277991
2025-06-19 03:00:08,REAL,2728277991,485,2728278476,2728278476
2025-06-19 03:00:10,REAL,2728278476,480,2728278956,2728278956
2025-06-19 03:00:12,REAL,2728278956,491,2728279447,2728279447
2025-06-19 03:00:14,REAL,2728279447,484,2728279931,2728279931
2025-06-19 03:00:16,REAL,2728279931,546,2728280477,2728280477
2025-06-19 03:00:18,REAL,2728280477,481,2728280958,2728280958
2025-06-19 03:00:20,REAL,2728280958,481,2728281439,2728281439
2025-06-19 03:00:22,REAL,2728281439,475,2728281914,2728281914
2025-06-19 03:00:24,REAL,2728281914,476,2728282390,2728282390
2025-06-19 03:00:26,REAL,2728282390,481,2728282871,2728282871
2025-06-19 03:00:28,REAL,2728282871,487,2728283358,2728283358
2025-06-19 03:00:30,REAL,2728283358,478,2728283836,2728283836
2025-06-19 03:00:32,REAL,2728283836,477,2728284313,2728284313
2025-06-19 03:00:34,REAL,2728284313,483,2728284796,2728284796
2025-06-19 03:00:36,REAL,2728284796,479,2728285275,2728285275
2025-06-19 03:00:38,REAL,2728285275,480,2728285755,2728285755
2025-06-19 03:00:40,REAL,2728285755,480,2728286235,2728286235
2025-06-19 03:00:42,REAL,2728286235,477,2728286712,2728286712
2025-06-19 03:00:44,REAL,2728286712,487,2728287199,2728287199
2025-06-19 03:00:46,REAL,2728287199,487,2728287686,2728287686
2025-06-19 03:00:48,REAL,2728287686,534,2728288220,2728288220
2025-06-19 03:00:50,REAL,2728288220,490,2728288710,2728288710
2025-06-19 03:00:52,REAL,2728288710,486,2728289196,2728289196
2025-06-19 03:00:54,REAL,2728289196,535,2728289731,2728289731
2025-06-19 03:00:56,REAL,2728289731,485,2728290216,2728290216
2025-06-19 03:00:58,REAL,2728290216,487,2728290703,2728290703
2025-06-19 03:01:00,REAL,2728290703,4777,2728295480,2728295480
2025-06-19 03:01:02,REAL,2728295480,10973,2728306453,2728306453
2025-06-19 03:01:04,REAL,2728306453,10252,2728316705,2728316705
2025-06-19 03:01:06,REAL,2728316705,10251,2728326956,2728326956
2025-06-19 03:01:08,REAL,2728326956,10249,2728337205,2728337205
2025-06-19 03:01:10,REAL,2728337205,10256,2728347461,2728347461
2025-06-19 03:01:12,REAL,2728347461,10252,2728357713,2728357713
2025-06-19 03:01:14,REAL,2728357713,10318,2728368031,2728368031
2025-06-19 03:01:16,REAL,2728368031,1743,2728369774,2728369774
2025-06-19 03:01:18,REAL,2728369774,486,2728370260,2728370260
2025-06-19 03:01:20,REAL,2728370260,486,2728370746,2728370746
2025-06-19 03:01:22,REAL,2728370746,486,2728371232,2728371232
2025-06-19 03:01:24,REAL,2728371232,478,2728371710,2728371710
2025-06-19 03:01:26,REAL,2728371710,483,2728372193,2728372193
2025-06-19 03:01:28,REAL,2728372193,480,2728372673,2728372673
2025-06-19 03:01:30,REAL,2728372673,486,2728373159,2728373159
2025-06-19 03:01:32,REAL,2728373159,5569,2728378728,2728378728
2025-06-19 03:01:34,REAL,2728378728,11365,2728390093,2728390093
2025-06-19 03:01:36,REAL,2728390093,10251,2728400344,2728400344
2025-06-19 03:01:38,REAL,2728400344,10246,2728410590,2728410590
2025-06-19 03:01:40,REAL,2728410590,10322,2728420912,2728420912
2025-06-19 03:01:42,REAL,2728420912,10250,2728431162,2728431162
2025-06-19 03:01:44,REAL,2728431162,10256,2728441418,2728441418
2025-06-19 03:01:46,REAL,2728441418,10253,2728451671,2728451671
2025-06-19 03:01:48,REAL,2728451671,1144,2728452815,2728452815
2025-06-19 03:01:50,REAL,2728452815,477,2728453292,2728453292
2025-06-19 03:01:52,REAL,2728453292,489,2728453781,2728453781
2025-06-19 03:01:54,REAL,2728453781,485,2728454266,2728454266
2025-06-19 03:01:56,REAL,2728454266,485,2728454751,2728454751
2025-06-19 03:01:58,REAL,2728454751,488,2728455239,2728455239
2025-06-19 03:02:00,REAL,2728455239,480,2728455719,2728455719
2025-06-19 03:02:02,REAL,2728455719,479,2728456198,2728456198
2025-06-19 03:02:04,REAL,2728456198,7098,2728463296,2728463296
2025-06-19 03:02:06,REAL,2728463296,12883,2728476179,2728476179
2025-06-19 03:02:08,REAL,2728476179,10386,2728486565,2728486565
2025-06-19 03:02:10,REAL,2728486565,10187,2728496752,2728496752
2025-06-19 03:02:12,REAL,2728496752,10251,2728507003,2728507003
2025-06-19 03:02:14,REAL,2728507003,10248,2728517251,2728517251
2025-06-19 03:02:16,REAL,2728517251,10250,2728527501,2728527501
2025-06-19 03:02:18,REAL,2728527501,10245,2728537746,2728537746
2025-06-19 03:02:20,REAL,2728537746,479,2728538225,2728538225
2025-06-19 03:02:22,REAL,2728538225,486,2728538711,2728538711
2025-06-19 03:02:24,REAL,2728538711,479,2728539190,2728539190
2025-06-19 03:02:26,REAL,2728539190,489,2728539679,2728539679
2025-06-19 03:02:28,REAL,2728539679,493,2728540172,2728540172
2025-06-19 03:02:30,REAL,2728540172,492,2728540664,2728540664
2025-06-19 03:02:32,REAL,2728540664,481,2728541145,2728541145
2025-06-19 03:02:34,REAL,2728541145,479,2728541624,2728541624
2025-06-19 03:02:36,REAL,2728541624,8011,2728549635,2728549635
2025-06-19 03:02:38,REAL,2728549635,10836,2728560471,2728560471
2025-06-19 03:02:40,REAL,2728560471,10248,2728570719,2728570719
2025-06-19 03:02:42,REAL,2728570719,10261,2728580980,2728580980
2025-06-19 03:02:44,REAL,2728580980,10257,2728591237,2728591237
2025-06-19 03:02:46,REAL,2728591237,10317,2728601554,2728601554
2025-06-19 03:02:48,REAL,2728601554,10258,2728611812,2728611812
2025-06-19 03:02:50,REAL,2728611812,9663,2728621475,2728621475
2025-06-19 03:02:52,REAL,2728621475,484,2728621959,2728621959
2025-06-19 03:02:54,REAL,2728621959,482,2728622441,2728622441
2025-06-19 03:02:56,REAL,2728622441,485,2728622926,2728622926
2025-06-19 03:02:58,REAL,2728622926,492,2728623418,2728623418
2025-06-19 03:03:00,REAL,2728623418,480,2728623898,2728623898
2025-06-19 03:03:02,REAL,2728623898,484,2728624382,2728624382
2025-06-19 03:03:04,REAL,2728624382,488,2728624870,2728624870
2025-06-19 03:03:06,REAL,2728624870,482,2728625352,2728625352
2025-06-19 03:03:08,REAL,2728625352,9198,2728634550,2728634550
2025-06-19 03:03:10,REAL,2728634550,12235,2728646785,2728646785
2025-06-19 03:03:12,REAL,2728646785,10298,2728657083,2728657083
2025-06-19 03:03:14,REAL,2728657083,10252,2728667335,2728667335
2025-06-19 03:03:16,REAL,2728667335,10255,2728677590,2728677590
2025-06-19 03:03:18,REAL,2728677590,10248,2728687838,2728687838
2025-06-19 03:03:20,REAL,2728687838,10254,2728698092,2728698092
2025-06-19 03:03:22,REAL,2728698092,8992,2728707084,2728707084
2025-06-19 03:03:24,REAL,2728707084,484,2728707568,2728707568
2025-06-19 03:03:26,REAL,2728707568,493,2728708061,2728708061
2025-06-19 03:03:28,REAL,2728708061,2278,2728710339,2728710339
2025-06-19 03:03:30,REAL,2728710339,11511,2728721850,2728721850
2025-06-19 03:03:32,REAL,2728721850,10251,2728732101,2728732101
2025-06-19 03:03:34,REAL,2728732101,10323,2728742424,2728742424
2025-06-19 03:03:36,REAL,2728742424,10248,2728752672,2728752672
2025-06-19 03:03:38,REAL,2728752672,10256,2728762928,2728762928
2025-06-19 03:03:40,REAL,2728762928,10253,2728773181,2728773181
2025-06-19 03:03:42,REAL,2728773181,10382,2728783563,2728783563
2025-06-19 03:03:44,REAL,2728783563,3715,2728787278,2728787278
2025-06-19 03:03:46,REAL,2728787278,484,2728787762,2728787762
2025-06-19 03:03:48,REAL,2728787762,475,2728788237,2728788237
2025-06-19 03:03:50,REAL,2728788237,482,2728788719,2728788719
2025-06-19 03:03:52,REAL,2728788719,483,2728789202,2728789202
2025-06-19 03:03:54,REAL,2728789202,485,2728789687,2728789687
2025-06-19 03:03:56,REAL,2728789687,478,2728790165,2728790165
2025-06-19 03:03:58,REAL,2728790165,480,2728790645,2728790645
2025-06-19 03:04:00,REAL,2728790645,483,2728791128,2728791128
2025-06-19 03:04:02,REAL,2728791128,489,2728791617,2728791617
2025-06-19 03:04:04,REAL,2728791617,485,2728792102,2728792102
2025-06-19 03:04:06,REAL,2728792102,485,2728792587,2728792587
2025-06-19 03:04:08,REAL,2728792587,483,2728793070,2728793070
2025-06-19 03:04:10,REAL,2728793070,485,2728793555,2728793555
2025-06-19 03:04:12,REAL,2728793555,486,2728794041,2728794041
2025-06-19 03:04:14,REAL,2728794041,475,2728794516,2728794516
2025-06-19 03:04:16,REAL,2728794516,546,2728795062,2728795062
2025-06-19 03:04:18,REAL,2728795062,535,2728795597,2728795597
2025-06-19 03:04:20,REAL,2728795597,481,2728796078,2728796078
2025-06-19 03:04:22,REAL,2728796078,480,2728796558,2728796558
2025-06-19 03:04:24,REAL,2728796558,488,2728797046,2728797046
2025-06-19 03:04:26,REAL,2728797046,487,2728797533,2728797533
2025-06-19 03:04:28,REAL,2728797533,488,2728798021,2728798021
2025-06-19 03:04:30,REAL,2728798021,482,2728798503,2728798503
2025-06-19 03:04:32,REAL,2728798503,490,2728798993,2728798993
2025-06-19 03:04:34,REAL,2728798993,483,2728799476,2728799476
2025-06-19 03:04:36,REAL,2728799476,484,2728799960,2728799960
2025-06-19 03:04:38,REAL,2728799960,482,2728800442,2728800442
2025-06-19 03:04:40,REAL,2728800442,480,2728800922,2728800922
2025-06-19 03:04:42,REAL,2728800922,486,2728801408,2728801408
2025-06-19 03:04:44,REAL,2728801408,482,2728801890,2728801890
2025-06-19 03:04:46,REAL,2728801890,483,2728802373,2728802373
2025-06-19 03:04:48,REAL,2728802373,5112,2728807485,2728807485
2025-06-19 03:04:50,REAL,2728807485,12811,2728820296,2728820296
2025-06-19 03:04:52,REAL,2728820296,10310,2728830606,2728830606
2025-06-19 03:04:54,REAL,2728830606,10254,2728840860,2728840860
2025-06-19 03:04:56,REAL,2728840860,10258,2728851118,2728851118
2025-06-19 03:04:58,REAL,2728851118,10252,2728861370,2728861370
2025-06-19 03:05:00,REAL,2728861370,10242,2728871612,2728871612
2025-06-19 03:05:02,REAL,2728871612,10314,2728881926,2728881926
2025-06-19 03:05:04,REAL,2728881926,2206,2728884132,2728884132
2025-06-19 03:05:06,REAL,2728884132,478,2728884610,2728884610
2025-06-19 03:05:08,REAL,2728884610,482,2728885092,2728885092
2025-06-19 03:05:10,REAL,2728885092,482,2728885574,2728885574
2025-06-19 03:05:12,REAL,2728885574,482,2728886056,2728886056
2025-06-19 03:05:14,REAL,2728886056,485,2728886541,2728886541
2025-06-19 03:05:16,REAL,2728886541,545,2728887086,2728887086
2025-06-19 03:05:18,REAL,2728887086,488,2728887574,2728887574
2025-06-19 03:05:20,REAL,2728887574,5180,2728892754,2728892754
2025-06-19 03:05:22,REAL,2728892754,11439,2728904193,2728904193
2025-06-19 03:05:24,REAL,2728904193,10262,2728914455,2728914455
2025-06-19 03:05:26,REAL,2728914455,10258,2728924713,2728924713
2025-06-19 03:05:28,REAL,2728924713,10253,2728934966,2728934966
2025-06-19 03:05:30,REAL,2728934966,10317,2728945283,2728945283
2025-06-19 03:05:32,REAL,2728945283,10252,2728955535,2728955535
2025-06-19 03:05:34,REAL,2728955535,10259,2728965794,2728965794
2025-06-19 03:05:36,REAL,2728965794,1613,2728967407,2728967407
2025-06-19 03:05:38,REAL,2728967407,482,2728967889,2728967889
2025-06-19 03:05:40,REAL,2728967889,484,2728968373,2728968373
2025-06-19 03:05:42,REAL,2728968373,489,2728968862,2728968862
2025-06-19 03:05:44,REAL,2728968862,485,2728969347,2728969347
2025-06-19 03:05:46,REAL,2728969347,488,2728969835,2728969835
2025-06-19 03:05:48,REAL,2728969835,531,2728970366,2728970366
2025-06-19 03:05:50,REAL,2728970366,489,2728970855,2728970855
2025-06-19 03:05:52,REAL,2728970855,490,2728971345,2728971345
2025-06-19 03:05:54,REAL,2728971345,482,2728971827,2728971827
2025-06-19 03:05:56,REAL,2728971827,534,2728972361,2728972361
2025-06-19 03:05:58,REAL,2728972361,484,2728972845,2728972845
2025-06-19 03:06:00,REAL,2728972845,481,2728973326,2728973326
2025-06-19 03:06:02,REAL,2728973326,484,2728973810,2728973810
2025-06-19 03:06:04,REAL,2728973810,482,2728974292,2728974292
2025-06-19 03:06:06,REAL,2728974292,475,2728974767,2728974767
2025-06-19 03:06:08,REAL,2728974767,477,2728975244,2728975244
2025-06-19 03:06:10,REAL,2728975244,478,2728975722,2728975722
2025-06-19 03:06:12,REAL,2728975722,483,2728976205,2728976205
2025-06-19 03:06:14,REAL,2728976205,540,2728976745,2728976745
2025-06-19 03:06:16,REAL,2728976745,474,2728977219,2728977219
2025-06-19 03:06:18,REAL,2728977219,475,2728977694,2728977694
2025-06-19 03:06:20,REAL,2728977694,487,2728978181,2728978181
2025-06-19 03:06:22,REAL,2728978181,485,2728978666,2728978666
2025-06-19 03:06:24,REAL,2728978666,483,2728979149,2728979149
2025-06-19 03:06:26,REAL,2728979149,480,2728979629,2728979629
2025-06-19 03:06:28,REAL,2728979629,486,2728980115,2728980115
2025-06-19 03:06:30,REAL,2728980115,486,2728980601,2728980601
2025-06-19 03:06:32,REAL,2728980601,493,2728981094,2728981094
2025-06-19 03:06:34,REAL,2728981094,486,2728981580,2728981580
2025-06-19 03:06:36,REAL,2728981580,481,2728982061,2728982061
2025-06-19 03:06:38,REAL,2728982061,540,2728982601,2728982601
2025-06-19 03:06:40,REAL,2728982601,485,2728983086,2728983086
2025-06-19 03:06:42,REAL,2728983086,534,2728983620,2728983620
2025-06-19 03:06:44,REAL,2728983620,485,2728984105,2728984105
2025-06-19 03:06:46,REAL,2728984105,490,2728984595,2728984595
2025-06-19 03:06:48,REAL,2728984595,486,2728985081,2728985081
2025-06-19 03:06:50,REAL,2728985081,487,2728985568,2728985568
2025-06-19 03:06:52,REAL,2728985568,478,2728986046,2728986046
2025-06-19 03:06:54,REAL,2728986046,484,2728986530,2728986530
2025-06-19 03:06:56,REAL,2728986530,482,2728987012,2728987012
2025-06-19 03:06:58,REAL,2728987012,482,2728987494,2728987494
2025-06-19 03:07:00,REAL,2728987494,484,2728987978,2728987978
2025-06-19 03:07:02,REAL,2728987978,475,2728988453,2728988453
2025-06-19 03:07:04,REAL,2728988453,482,2728988935,2728988935
2025-06-19 03:07:06,REAL,2728988935,481,2728989416,2728989416
2025-06-19 03:07:08,REAL,2728989416,488,2728989904,2728989904
2025-06-19 03:07:10,REAL,2728989904,534,2728990438,2728990438
2025-06-19 03:07:12,REAL,2728990438,476,2728990914,2728990914
2025-06-19 03:07:14,REAL,2728990914,482,2728991396,2728991396
2025-06-19 03:07:16,REAL,2728991396,489,2728991885,2728991885
2025-06-19 03:07:18,REAL,2728991885,478,2728992363,2728992363
2025-06-19 03:07:20,REAL,2728992363,482,2728992845,2728992845
2025-06-19 03:07:22,REAL,2728992845,545,2728993390,2728993390
2025-06-19 03:07:24,REAL,2728993390,481,2728993871,2728993871
2025-06-19 03:07:26,REAL,2728993871,486,2728994357,2728994357
2025-06-19 03:07:28,REAL,2728994357,487,2728994844,2728994844
2025-06-19 03:07:30,REAL,2728994844,488,2728995332,2728995332
2025-06-19 03:07:32,REAL,2728995332,475,2728995807,2728995807
2025-06-19 03:07:34,REAL,2728995807,485,2728996292,2728996292
2025-06-19 03:07:36,REAL,2728996292,483,2728996775,2728996775
2025-06-19 03:07:38,REAL,2728996775,538,2728997313,2728997313
2025-06-19 03:07:40,REAL,2728997313,481,2728997794,2728997794
2025-06-19 03:07:42,REAL,2728997794,489,2728998283,2728998283
2025-06-19 03:07:44,REAL,2728998283,480,2728998763,2728998763
2025-06-19 03:07:46,REAL,2728998763,493,2728999256,2728999256
2025-06-19 03:07:48,REAL,2728999256,481,2728999737,2728999737
2025-06-19 03:07:50,REAL,2728999737,480,2729000217,2729000217
2025-06-19 03:07:52,REAL,2729000217,480,2729000697,2729000697
2025-06-19 03:07:54,REAL,2729000697,485,2729001182,2729001182
2025-06-19 03:07:56,REAL,2729001182,475,2729001657,2729001657
2025-06-19 03:07:58,REAL,2729001657,492,2729002149,2729002149
2025-06-19 03:08:00,REAL,2729002149,482,2729002631,2729002631
2025-06-19 03:08:02,REAL,2729002631,489,2729003120,2729003120
2025-06-19 03:08:04,REAL,2729003120,535,2729003655,2729003655
2025-06-19 03:08:06,REAL,2729003655,482,2729004137,2729004137
2025-06-19 03:08:08,REAL,2729004137,545,2729004682,2729004682
2025-06-19 03:08:10,REAL,2729004682,478,2729005160,2729005160
2025-06-19 03:08:12,REAL,2729005160,482,2729005642,2729005642
2025-06-19 03:08:14,REAL,2729005642,2669,2729008311,2729008311
2025-06-19 03:08:16,REAL,2729008311,14609,2729022920,2729022920
2025-06-19 03:08:18,REAL,2729022920,10311,2729033231,2729033231
2025-06-19 03:08:20,REAL,2729033231,10257,2729043488,2729043488
2025-06-19 03:08:22,REAL,2729043488,10259,2729053747,2729053747
2025-06-19 03:08:24,REAL,2729053747,10246,2729063993,2729063993
2025-06-19 03:08:26,REAL,2729063993,10319,2729074312,2729074312
2025-06-19 03:08:28,REAL,2729074312,10248,2729084560,2729084560
2025-06-19 03:08:30,REAL,2729084560,3516,2729088076,2729088076
2025-06-19 03:08:32,REAL,2729088076,483,2729088559,2729088559
2025-06-19 03:08:34,REAL,2729088559,477,2729089036,2729089036
2025-06-19 03:08:36,REAL,2729089036,9066,2729098102,2729098102
2025-06-19 03:08:38,REAL,2729098102,10645,2729108747,2729108747
2025-06-19 03:08:40,REAL,2729108747,10256,2729119003,2729119003
2025-06-19 03:08:42,REAL,2729119003,10245,2729129248,2729129248
2025-06-19 03:08:44,REAL,2729129248,10262,2729139510,2729139510
2025-06-19 03:08:46,REAL,2729139510,10322,2729149832,2729149832
2025-06-19 03:08:48,REAL,2729149832,10304,2729160136,2729160136
2025-06-19 03:08:50,REAL,2729160136,8072,2729168208,2729168208
2025-06-19 03:08:52,REAL,2729168208,483,2729168691,2729168691
2025-06-19 03:08:54,REAL,2729168691,487,2729169178,2729169178
2025-06-19 03:08:56,REAL,2729169178,489,2729169667,2729169667
2025-06-19 03:08:58,REAL,2729169667,479,2729170146,2729170146
2025-06-19 03:09:00,REAL,2729170146,490,2729170636,2729170636
2025-06-19 03:09:02,REAL,2729170636,543,2729171179,2729171179
2025-06-19 03:09:04,REAL,2729171179,474,2729171653,2729171653
2025-06-19 03:09:06,REAL,2729171653,483,2729172136,2729172136
2025-06-19 03:09:08,REAL,2729172136,484,2729172620,2729172620
2025-06-19 03:09:10,REAL,2729172620,487,2729173107,2729173107
2025-06-19 03:09:12,REAL,2729173107,489,2729173596,2729173596
2025-06-19 03:09:14,REAL,2729173596,488,2729174084,2729174084
2025-06-19 03:09:16,REAL,2729174084,488,2729174572,2729174572
2025-06-19 03:09:18,REAL,2729174572,484,2729175056,2729175056
2025-06-19 03:09:20,REAL,2729175056,482,2729175538,2729175538
2025-06-19 03:09:22,REAL,2729175538,491,2729176029,2729176029
2025-06-19 03:09:24,REAL,2729176029,483,2729176512,2729176512
2025-06-19 03:09:26,REAL,2729176512,481,2729176993,2729176993
2025-06-19 03:09:28,REAL,2729176993,483,2729177476,2729177476
2025-06-19 03:09:30,REAL,2729177476,486,2729177962,2729177962
2025-06-19 03:09:32,REAL,2729177962,596,2729178558,2729178558
2025-06-19 03:09:34,REAL,2729178558,480,2729179038,2729179038
2025-06-19 03:09:36,REAL,2729179038,483,2729179521,2729179521
2025-06-19 03:09:38,REAL,2729179521,484,2729180005,2729180005
2025-06-19 03:09:40,REAL,2729180005,490,2729180495,2729180495
2025-06-19 03:09:42,REAL,2729180495,484,2729180979,2729180979
2025-06-19 03:09:44,REAL,2729180979,478,2729181457,2729181457
2025-06-19 03:09:46,REAL,2729181457,480,2729181937,2729181937
2025-06-19 03:09:48,REAL,2729181937,480,2729182417,2729182417
2025-06-19 03:09:50,REAL,2729182417,492,2729182909,2729182909
2025-06-19 03:09:52,REAL,2729182909,485,2729183394,2729183394
2025-06-19 03:09:54,REAL,2729183394,482,2729183876,2729183876
2025-06-19 03:09:56,REAL,2729183876,485,2729184361,2729184361
2025-06-19 03:09:58,REAL,2729184361,488,2729184849,2729184849
2025-06-19 03:10:00,REAL,2729184849,488,2729185337,2729185337
2025-06-19 03:10:02,REAL,2729185337,542,2729185879,2729185879
2025-06-19 03:10:04,REAL,2729185879,482,2729186361,2729186361
2025-06-19 03:10:06,REAL,2729186361,483,2729186844,2729186844
2025-06-19 03:10:08,REAL,2729186844,493,2729187337,2729187337
2025-06-19 03:10:10,REAL,2729187337,489,2729187826,2729187826
2025-06-19 03:10:12,REAL,2729187826,479,2729188305,2729188305
2025-06-19 03:10:14,REAL,2729188305,541,2729188846,2729188846
2025-06-19 03:10:16,REAL,2729188846,5574,2729194420,2729194420
2025-06-19 03:10:18,REAL,2729194420,11053,2729205473,2729205473
2025-06-19 03:10:20,REAL,2729205473,10251,2729215724,2729215724
2025-06-19 03:10:22,REAL,2729215724,10250,2729225974,2729225974
2025-06-19 03:10:24,REAL,2729225974,10253,2729236227,2729236227
2025-06-19 03:10:26,REAL,2729236227,10256,2729246483,2729246483
2025-06-19 03:10:28,REAL,2729246483,10317,2729256800,2729256800
2025-06-19 03:10:30,REAL,2729256800,10249,2729267049,2729267049
2025-06-19 03:10:32,REAL,2729267049,1216,2729268265,2729268265
2025-06-19 03:10:34,REAL,2729268265,491,2729268756,2729268756
2025-06-19 03:10:36,REAL,2729268756,494,2729269250,2729269250
2025-06-19 03:10:38,REAL,2729269250,11708,2729280958,2729280958
2025-06-19 03:10:40,REAL,2729280958,10246,2729291204,2729291204
2025-06-19 03:10:42,REAL,2729291204,10247,2729301451,2729301451
2025-06-19 03:10:44,REAL,2729301451,10251,2729311702,2729311702
2025-06-19 03:10:46,REAL,2729311702,10318,2729322020,2729322020
2025-06-19 03:10:48,REAL,2729322020,10255,2729332275,2729332275
2025-06-19 03:10:50,REAL,2729332275,10259,2729342534,2729342534
2025-06-19 03:10:52,REAL,2729342534,5840,2729348374,2729348374
2025-06-19 03:10:54,REAL,2729348374,480,2729348854,2729348854
2025-06-19 03:10:56,REAL,2729348854,485,2729349339,2729349339
2025-06-19 03:10:58,REAL,2729349339,540,2729349879,2729349879
2025-06-19 03:11:00,REAL,2729349879,487,2729350366,2729350366
2025-06-19 03:11:02,REAL,2729350366,483,2729350849,2729350849
2025-06-19 03:11:04,REAL,2729350849,493,2729351342,2729351342
2025-06-19 03:11:06,REAL,2729351342,475,2729351817,2729351817
2025-06-19 03:11:08,REAL,2729351817,489,2729352306,2729352306
2025-06-19 03:11:10,REAL,2729352306,15738,2729368044,2729368044
2025-06-19 03:11:12,REAL,2729368044,10251,2729378295,2729378295
2025-06-19 03:11:14,REAL,2729378295,10249,2729388544,2729388544
2025-06-19 03:11:16,REAL,2729388544,10260,2729398804,2729398804
2025-06-19 03:11:18,REAL,2729398804,10251,2729409055,2729409055
2025-06-19 03:11:20,REAL,2729409055,10321,2729419376,2729419376
2025-06-19 03:11:22,REAL,2729419376,10251,2729429627,2729429627
2025-06-19 03:11:24,REAL,2729429627,5101,2729434728,2729434728
2025-06-19 03:11:26,REAL,2729434728,485,2729435213,2729435213
2025-06-19 03:11:28,REAL,2729435213,481,2729435694,2729435694
2025-06-19 03:11:30,REAL,2729435694,492,2729436186,2729436186
2025-06-19 03:11:32,REAL,2729436186,482,2729436668,2729436668
2025-06-19 03:11:34,REAL,2729436668,476,2729437144,2729437144
2025-06-19 03:11:36,REAL,2729437144,485,2729437629,2729437629
2025-06-19 03:11:38,REAL,2729437629,482,2729438111,2729438111
2025-06-19 03:11:40,REAL,2729438111,1464,2729439575,2729439575
2025-06-19 03:11:42,REAL,2729439575,11900,2729451475,2729451475
2025-06-19 03:11:44,REAL,2729451475,10253,2729461728,2729461728
2025-06-19 03:11:46,REAL,2729461728,10255,2729471983,2729471983
2025-06-19 03:11:48,REAL,2729471983,10318,2729482301,2729482301
2025-06-19 03:11:50,REAL,2729482301,10246,2729492547,2729492547
2025-06-19 03:11:52,REAL,2729492547,10318,2729502865,2729502865
2025-06-19 03:11:54,REAL,2729502865,10242,2729513107,2729513107
2025-06-19 03:11:56,REAL,2729513107,4515,2729517622,2729517622
2025-06-19 03:11:58,REAL,2729517622,475,2729518097,2729518097
2025-06-19 03:12:00,REAL,2729518097,487,2729518584,2729518584
2025-06-19 03:12:02,REAL,2729518584,488,2729519072,2729519072
2025-06-19 03:12:04,REAL,2729519072,483,2729519555,2729519555
2025-06-19 03:12:06,REAL,2729519555,482,2729520037,2729520037
2025-06-19 03:12:08,REAL,2729520037,491,2729520528,2729520528
2025-06-19 03:12:10,REAL,2729520528,476,2729521004,2729521004
2025-06-19 03:12:12,REAL,2729521004,2208,2729523212,2729523212
2025-06-19 03:12:14,REAL,2729523212,14675,2729537887,2729537887
2025-06-19 03:12:16,REAL,2729537887,10317,2729548204,2729548204
2025-06-19 03:12:18,REAL,2729548204,10245,2729558449,2729558449
2025-06-19 03:12:20,REAL,2729558449,10306,2729568755,2729568755
2025-06-19 03:12:22,REAL,2729568755,10258,2729579013,2729579013
2025-06-19 03:12:24,REAL,2729579013,10254,2729589267,2729589267
2025-06-19 03:12:26,REAL,2729589267,10259,2729599526,2729599526
2025-06-19 03:12:28,REAL,2729599526,3910,2729603436,2729603436
2025-06-19 03:12:30,REAL,2729603436,489,2729603925,2729603925
2025-06-19 03:12:32,REAL,2729603925,485,2729604410,2729604410
2025-06-19 03:12:34,REAL,2729604410,488,2729604898,2729604898
2025-06-19 03:12:36,REAL,2729604898,489,2729605387,2729605387
2025-06-19 03:12:38,REAL,2729605387,243,2729605630,2729605630
2025-06-19 03:12:40,REAL,2729605630,485,2729606115,2729606115
2025-06-19 03:12:42,REAL,2729606115,485,2729606600,2729606600
2025-06-19 03:12:44,REAL,2729606600,488,2729607088,2729607088
2025-06-19 03:12:46,REAL,2729607088,488,2729607576,2729607576
2025-06-19 03:12:48,REAL,2729607576,536,2729608112,2729608112
2025-06-19 03:12:50,REAL,2729608112,478,2729608590,2729608590
2025-06-19 03:12:52,REAL,2729608590,479,2729609069,2729609069
2025-06-19 03:12:54,REAL,2729609069,482,2729609551,2729609551
2025-06-19 03:12:56,REAL,2729609551,481,2729610032,2729610032
2025-06-19 03:12:58,REAL,2729610032,480,2729610512,2729610512
2025-06-19 03:13:00,REAL,2729610512,482,2729610994,2729610994
2025-06-19 03:13:02,REAL,2729610994,538,2729611532,2729611532
2025-06-19 03:13:04,REAL,2729611532,483,2729612015,2729612015
2025-06-19 03:13:06,REAL,2729612015,485,2729612500,2729612500
2025-06-19 03:13:08,REAL,2729612500,493,2729612993,2729612993
2025-06-19 03:13:10,REAL,2729612993,485,2729613478,2729613478
2025-06-19 03:13:12,REAL,2729613478,476,2729613954,2729613954
2025-06-19 03:13:14,REAL,2729613954,492,2729614446,2729614446
2025-06-19 03:13:16,REAL,2729614446,483,2729614929,2729614929
2025-06-19 03:13:18,REAL,2729614929,485,2729615414,2729615414
2025-06-19 03:13:20,REAL,2729615414,483,2729615897,2729615897
2025-06-19 03:13:22,REAL,2729615897,484,2729616381,2729616381
2025-06-19 03:13:24,REAL,2729616381,535,2729616916,2729616916
2025-06-19 03:13:26,REAL,2729616916,488,2729617404,2729617404
2025-06-19 03:13:28,REAL,2729617404,482,2729617886,2729617886
2025-06-19 03:13:30,REAL,2729617886,484,2729618370,2729618370
2025-06-19 03:13:32,REAL,2729618370,492,2729618862,2729618862
2025-06-19 03:13:34,REAL,2729618862,480,2729619342,2729619342
2025-06-19 03:13:36,REAL,2729619342,485,2729619827,2729619827
2025-06-19 03:13:38,REAL,2729619827,487,2729620314,2729620314
2025-06-19 03:13:40,REAL,2729620314,484,2729620798,2729620798
2025-06-19 03:13:42,REAL,2729620798,542,2729621340,2729621340
2025-06-19 03:13:44,REAL,2729621340,487,2729621827,2729621827
2025-06-19 03:13:46,REAL,2729621827,475,2729622302,2729622302
2025-06-19 03:13:48,REAL,2729622302,480,2729622782,2729622782
2025-06-19 03:13:50,REAL,2729622782,480,2729623262,2729623262
2025-06-19 03:13:52,REAL,2729623262,483,2729623745,2729623745
2025-06-19 03:13:54,REAL,2729623745,492,2729624237,2729624237
2025-06-19 03:13:56,REAL,2729624237,478,2729624715,2729624715
2025-06-19 03:13:58,REAL,2729624715,540,2729625255,2729625255
2025-06-19 03:14:00,REAL,2729625255,488,2729625743,2729625743
2025-06-19 03:14:02,REAL,2729625743,483,2729626226,2729626226
2025-06-19 03:14:04,REAL,2729626226,488,2729626714,2729626714
2025-06-19 03:14:06,REAL,2729626714,491,2729627205,2729627205
2025-06-19 03:14:08,REAL,2729627205,485,2729627690,2729627690
2025-06-19 03:14:10,REAL,2729627690,483,2729628173,2729628173
2025-06-19 03:14:12,REAL,2729628173,490,2729628663,2729628663
2025-06-19 03:14:14,REAL,2729628663,488,2729629151,2729629151
2025-06-19 03:14:16,REAL,2729629151,486,2729629637,2729629637
2025-06-19 03:14:18,REAL,2729629637,483,2729630120,2729630120
2025-06-19 03:14:20,REAL,2729630120,481,2729630601,2729630601
2025-06-19 03:14:22,REAL,2729630601,485,2729631086,2729631086
2025-06-19 03:14:24,REAL,2729631086,538,2729631624,2729631624
2025-06-19 03:14:26,REAL,2729631624,483,2729632107,2729632107
2025-06-19 03:14:28,REAL,2729632107,492,2729632599,2729632599
2025-06-19 03:14:30,REAL,2729632599,483,2729633082,2729633082
2025-06-19 03:14:32,REAL,2729633082,476,2729633558,2729633558
2025-06-19 03:14:34,REAL,2729633558,544,2729634102,2729634102
2025-06-19 03:14:36,REAL,2729634102,5115,2729639217,2729639217
2025-06-19 03:14:38,REAL,2729639217,10773,2729649990,2729649990
2025-06-19 03:14:40,REAL,2729649990,10245,2729660235,2729660235
2025-06-19 03:14:42,REAL,2729660235,10325,2729670560,2729670560
2025-06-19 03:14:44,REAL,2729670560,10250,2729680810,2729680810
2025-06-19 03:14:46,REAL,2729680810,10316,2729691126,2729691126
2025-06-19 03:14:48,REAL,2729691126,10251,2729701377,2729701377
2025-06-19 03:14:50,REAL,2729701377,10246,2729711623,2729711623
2025-06-19 03:14:52,REAL,2729711623,1075,2729712698,2729712698
2025-06-19 03:14:54,REAL,2729712698,486,2729713184,2729713184
2025-06-19 03:14:56,REAL,2729713184,477,2729713661,2729713661
2025-06-19 03:14:58,REAL,2729713661,484,2729714145,2729714145
2025-06-19 03:15:00,REAL,2729714145,475,2729714620,2729714620
2025-06-19 03:15:02,REAL,2729714620,491,2729715111,2729715111
2025-06-19 03:15:04,REAL,2729715111,533,2729715644,2729715644
2025-06-19 03:15:06,REAL,2729715644,484,2729716128,2729716128
2025-06-19 03:15:08,REAL,2729716128,7028,2729723156,2729723156
2025-06-19 03:15:10,REAL,2729723156,13553,2729736709,2729736709
2025-06-19 03:15:12,REAL,2729736709,10315,2729747024,2729747024
2025-06-19 03:15:14,REAL,2729747024,10255,2729757279,2729757279
2025-06-19 03:15:16,REAL,2729757279,10254,2729767533,2729767533
2025-06-19 03:15:18,REAL,2729767533,10313,2729777846,2729777846
2025-06-19 03:15:20,REAL,2729777846,10253,2729788099,2729788099
2025-06-19 03:15:22,REAL,2729788099,10254,2729798353,2729798353
2025-06-19 03:15:24,REAL,2729798353,481,2729798834,2729798834
2025-06-19 03:15:26,REAL,2729798834,481,2729799315,2729799315
2025-06-19 03:15:28,REAL,2729799315,483,2729799798,2729799798
2025-06-19 03:15:30,REAL,2729799798,484,2729800282,2729800282
2025-06-19 03:15:32,REAL,2729800282,483,2729800765,2729800765
2025-06-19 03:15:34,REAL,2729800765,489,2729801254,2729801254
2025-06-19 03:15:36,REAL,2729801254,491,2729801745,2729801745
2025-06-19 03:15:38,REAL,2729801745,489,2729802234,2729802234
2025-06-19 03:15:40,REAL,2729802234,486,2729802720,2729802720
2025-06-19 03:15:42,REAL,2729802720,490,2729803210,2729803210
2025-06-19 03:15:44,REAL,2729803210,490,2729803700,2729803700
2025-06-19 03:15:46,REAL,2729803700,490,2729804190,2729804190
2025-06-19 03:15:48,REAL,2729804190,544,2729804734,2729804734
2025-06-19 03:15:50,REAL,2729804734,540,2729805274,2729805274
2025-06-19 03:15:52,REAL,2729805274,478,2729805752,2729805752
2025-06-19 03:15:54,REAL,2729805752,489,2729806241,2729806241
2025-06-19 03:15:56,REAL,2729806241,492,2729806733,2729806733
2025-06-19 03:15:58,REAL,2729806733,481,2729807214,2729807214
2025-06-19 03:16:00,REAL,2729807214,483,2729807697,2729807697
2025-06-19 03:16:02,REAL,2729807697,484,2729808181,2729808181
2025-06-19 03:16:04,REAL,2729808181,479,2729808660,2729808660
2025-06-19 03:16:06,REAL,2729808660,479,2729809139,2729809139
2025-06-19 03:16:08,REAL,2729809139,488,2729809627,2729809627
2025-06-19 03:16:10,REAL,2729809627,482,2729810109,2729810109
2025-06-19 03:16:12,REAL,2729810109,475,2729810584,2729810584
2025-06-19 03:16:14,REAL,2729810584,487,2729811071,2729811071
2025-06-19 03:16:16,REAL,2729811071,486,2729811557,2729811557
2025-06-19 03:16:18,REAL,2729811557,491,2729812048,2729812048
2025-06-19 03:16:20,REAL,2729812048,491,2729812539,2729812539
2025-06-19 03:16:22,REAL,2729812539,484,2729813023,2729813023
2025-06-19 03:16:24,REAL,2729813023,479,2729813502,2729813502
2025-06-19 03:16:26,REAL,2729813502,489,2729813991,2729813991
2025-06-19 03:16:28,REAL,2729813991,483,2729814474,2729814474
2025-06-19 03:16:30,REAL,2729814474,548,2729815022,2729815022
2025-06-19 03:16:32,REAL,2729815022,488,2729815510,2729815510
2025-06-19 03:16:34,REAL,2729815510,541,2729816051,2729816051
2025-06-19 03:16:36,REAL,2729816051,492,2729816543,2729816543
2025-06-19 03:16:38,REAL,2729816543,478,2729817021,2729817021
2025-06-19 03:16:40,REAL,2729817021,480,2729817501,2729817501
2025-06-19 03:16:42,REAL,2729817501,477,2729817978,2729817978
2025-06-19 03:16:44,REAL,2729817978,481,2729818459,2729818459
2025-06-19 03:16:46,REAL,2729818459,480,2729818939,2729818939
2025-06-19 03:16:48,REAL,2729818939,485,2729819424,2729819424
2025-06-19 03:16:50,REAL,2729819424,487,2729819911,2729819911
2025-06-19 03:16:52,REAL,2729819911,482,2729820393,2729820393
2025-06-19 03:16:54,REAL,2729820393,482,2729820875,2729820875
2025-06-19 03:16:56,REAL,2729820875,485,2729821360,2729821360
2025-06-19 03:16:58,REAL,2729821360,480,2729821840,2729821840
2025-06-19 03:17:00,REAL,2729821840,484,2729822324,2729822324
2025-06-19 03:17:02,REAL,2729822324,477,2729822801,2729822801
2025-06-19 03:17:04,REAL,2729822801,489,2729823290,2729823290
2025-06-19 03:17:06,REAL,2729823290,539,2729823829,2729823829
2025-06-19 03:17:08,REAL,2729823829,487,2729824316,2729824316
2025-06-19 03:17:10,REAL,2729824316,476,2729824792,2729824792
2025-06-19 03:17:12,REAL,2729824792,481,2729825273,2729825273
2025-06-19 03:17:14,REAL,2729825273,485,2729825758,2729825758
2025-06-19 03:17:16,REAL,2729825758,540,2729826298,2729826298
2025-06-19 03:17:18,REAL,2729826298,483,2729826781,2729826781
2025-06-19 03:17:20,REAL,2729826781,490,2729827271,2729827271
2025-06-19 03:17:22,REAL,2729827271,482,2729827753,2729827753
2025-06-19 03:17:24,REAL,2729827753,486,2729828239,2729828239
2025-06-19 03:17:26,REAL,2729828239,9601,2729837840,2729837840
2025-06-19 03:17:28,REAL,2729837840,10323,2729848163,2729848163
2025-06-19 03:17:30,REAL,2729848163,10257,2729858420,2729858420
2025-06-19 03:17:32,REAL,2729858420,10323,2729868743,2729868743
2025-06-19 03:17:34,REAL,2729868743,10254,2729878997,2729878997
2025-06-19 03:17:36,REAL,2729878997,10251,2729889248,2729889248
2025-06-19 03:17:38,REAL,2729889248,10256,2729899504,2729899504
2025-06-19 03:17:40,REAL,2729899504,7727,2729907231,2729907231
2025-06-19 03:17:42,REAL,2729907231,484,2729907715,2729907715
2025-06-19 03:17:44,REAL,2729907715,484,2729908199,2729908199
2025-06-19 03:17:46,REAL,2729908199,489,2729908688,2729908688
2025-06-19 03:17:48,REAL,2729908688,479,2729909167,2729909167
2025-06-19 03:17:50,REAL,2729909167,481,2729909648,2729909648
2025-06-19 03:17:52,REAL,2729909648,477,2729910125,2729910125
2025-06-19 03:17:54,REAL,2729910125,486,2729910611,2729910611
2025-06-19 03:17:56,REAL,2729910611,484,2729911095,2729911095
2025-06-19 03:17:58,REAL,2729911095,489,2729911584,2729911584
2025-06-19 03:18:00,REAL,2729911584,483,2729912067,2729912067
2025-06-19 03:18:02,REAL,2729912067,482,2729912549,2729912549
2025-06-19 03:18:04,REAL,2729912549,482,2729913031,2729913031
2025-06-19 03:18:06,REAL,2729913031,487,2729913518,2729913518
2025-06-19 03:18:08,REAL,2729913518,546,2729914064,2729914064
2025-06-19 03:18:10,REAL,2729914064,489,2729914553,2729914553
2025-06-19 03:18:12,REAL,2729914553,485,2729915038,2729915038
2025-06-19 03:18:14,REAL,2729915038,542,2729915580,2729915580
2025-06-19 03:18:16,REAL,2729915580,483,2729916063,2729916063
2025-06-19 03:18:18,REAL,2729916063,482,2729916545,2729916545
2025-06-19 03:18:20,REAL,2729916545,483,2729917028,2729917028
2025-06-19 03:18:22,REAL,2729917028,485,2729917513,2729917513
2025-06-19 03:18:24,REAL,2729917513,481,2729917994,2729917994
2025-06-19 03:18:26,REAL,2729917994,481,2729918475,2729918475
2025-06-19 03:18:28,REAL,2729918475,474,2729918949,2729918949
2025-06-19 03:18:30,REAL,2729918949,488,2729919437,2729919437
2025-06-19 03:18:32,REAL,2729919437,485,2729919922,2729919922
2025-06-19 03:18:34,REAL,2729919922,484,2729920406,2729920406
2025-06-19 03:18:36,REAL,2729920406,484,2729920890,2729920890
2025-06-19 03:18:38,REAL,2729920890,489,2729921379,2729921379
2025-06-19 03:18:40,REAL,2729921379,483,2729921862,2729921862
2025-06-19 03:18:42,REAL,2729921862,481,2729922343,2729922343
2025-06-19 03:18:44,REAL,2729922343,480,2729922823,2729922823
2025-06-19 03:18:46,REAL,2729922823,491,2729923314,2729923314
2025-06-19 03:18:48,REAL,2729923314,479,2729923793,2729923793
2025-06-19 03:18:50,REAL,2729923793,593,2729924386,2729924386
2025-06-19 03:18:52,REAL,2729924386,475,2729924861,2729924861
2025-06-19 03:18:54,REAL,2729924861,487,2729925348,2729925348
2025-06-19 03:18:56,REAL,2729925348,479,2729925827,2729925827
2025-06-19 03:18:58,REAL,2729925827,483,2729926310,2729926310
2025-06-19 03:19:00,REAL,2729926310,481,2729926791,2729926791
2025-06-19 03:19:02,REAL,2729926791,15341,2729942132,2729942132
2025-06-19 03:19:04,REAL,2729942132,10248,2729952380,2729952380
2025-06-19 03:19:06,REAL,2729952380,10324,2729962704,2729962704
2025-06-19 03:19:08,REAL,2729962704,10254,2729972958,2729972958
2025-06-19 03:19:10,REAL,2729972958,10249,2729983207,2729983207
2025-06-19 03:19:12,REAL,2729983207,10258,2729993465,2729993465
2025-06-19 03:19:14,REAL,2729993465,10247,2730003712,2730003712
2025-06-19 03:19:16,REAL,2730003712,5836,2730009548,2730009548
2025-06-19 03:19:18,REAL,2730009548,491,2730010039,2730010039
2025-06-19 03:19:20,REAL,2730010039,489,2730010528,2730010528
2025-06-19 03:19:22,REAL,2730010528,483,2730011011,2730011011
2025-06-19 03:19:24,REAL,2730011011,540,2730011551,2730011551
2025-06-19 03:19:26,REAL,2730011551,480,2730012031,2730012031
2025-06-19 03:19:28,REAL,2730012031,487,2730012518,2730012518
2025-06-19 03:19:30,REAL,2730012518,491,2730013009,2730013009
2025-06-19 03:19:32,REAL,2730013009,492,2730013501,2730013501
2025-06-19 03:19:34,REAL,2730013501,489,2730013990,2730013990
2025-06-19 03:19:36,REAL,2730013990,488,2730014478,2730014478
2025-06-19 03:19:38,REAL,2730014478,487,2730014965,2730014965
2025-06-19 03:19:40,REAL,2730014965,481,2730015446,2730015446
2025-06-19 03:19:42,REAL,2730015446,486,2730015932,2730015932
2025-06-19 03:19:44,REAL,2730015932,542,2730016474,2730016474
2025-06-19 03:19:46,REAL,2730016474,484,2730016958,2730016958
2025-06-19 03:19:48,REAL,2730016958,480,2730017438,2730017438
2025-06-19 03:19:50,REAL,2730017438,482,2730017920,2730017920
2025-06-19 03:19:52,REAL,2730017920,483,2730018403,2730018403
2025-06-19 03:19:54,REAL,2730018403,481,2730018884,2730018884
2025-06-19 03:19:56,REAL,2730018884,487,2730019371,2730019371
2025-06-19 03:19:58,REAL,2730019371,476,2730019847,2730019847
2025-06-19 03:20:00,REAL,2730019847,540,2730020387,2730020387
2025-06-19 03:20:02,REAL,2730020387,486,2730020873,2730020873
2025-06-19 03:20:04,REAL,2730020873,491,2730021364,2730021364
2025-06-19 03:20:06,REAL,2730021364,489,2730021853,2730021853
2025-06-19 03:20:08,REAL,2730021853,486,2730022339,2730022339
2025-06-19 03:20:10,REAL,2730022339,479,2730022818,2730022818
2025-06-19 03:20:12,REAL,2730022818,484,2730023302,2730023302
2025-06-19 03:20:14,REAL,2730023302,487,2730023789,2730023789
2025-06-19 03:20:16,REAL,2730023789,486,2730024275,2730024275
2025-06-19 03:20:18,REAL,2730024275,476,2730024751,2730024751
2025-06-19 03:20:20,REAL,2730024751,478,2730025229,2730025229
2025-06-19 03:20:22,REAL,2730025229,486,2730025715,2730025715
2025-06-19 03:20:24,REAL,2730025715,486,2730026201,2730026201
2025-06-19 03:20:26,REAL,2730026201,476,2730026677,2730026677
2025-06-19 03:20:28,REAL,2730026677,536,2730027213,2730027213
2025-06-19 03:20:30,REAL,2730027213,484,2730027697,2730027697
2025-06-19 03:20:32,REAL,2730027697,488,2730028185,2730028185
2025-06-19 03:20:34,REAL,2730028185,534,2730028719,2730028719
2025-06-19 03:20:36,REAL,2730028719,481,2730029200,2730029200
2025-06-19 03:20:38,REAL,2730029200,482,2730029682,2730029682
2025-06-19 03:20:40,REAL,2730029682,480,2730030162,2730030162
2025-06-19 03:20:42,REAL,2730030162,10724,2730040886,2730040886
2025-06-19 03:20:44,REAL,2730040886,12360,2730053246,2730053246
2025-06-19 03:20:46,REAL,2730053246,10315,2730063561,2730063561
2025-06-19 03:20:48,REAL,2730063561,10247,2730073808,2730073808
2025-06-19 03:20:50,REAL,2730073808,10321,2730084129,2730084129
2025-06-19 03:20:52,REAL,2730084129,10254,2730094383,2730094383
2025-06-19 03:20:54,REAL,2730094383,10250,2730104633,2730104633
2025-06-19 03:20:56,REAL,2730104633,8796,2730113429,2730113429
2025-06-19 03:20:58,REAL,2730113429,481,2730113910,2730113910
2025-06-19 03:21:00,REAL,2730113910,484,2730114394,2730114394
2025-06-19 03:21:02,REAL,2730114394,485,2730114879,2730114879
2025-06-19 03:21:04,REAL,2730114879,482,2730115361,2730115361
2025-06-19 03:21:06,REAL,2730115361,483,2730115844,2730115844
2025-06-19 03:21:08,REAL,2730115844,540,2730116384,2730116384
2025-06-19 03:21:10,REAL,2730116384,543,2730116927,2730116927
2025-06-19 03:21:12,REAL,2730116927,492,2730117419,2730117419
2025-06-19 03:21:14,REAL,2730117419,491,2730117910,2730117910
2025-06-19 03:21:16,REAL,2730117910,484,2730118394,2730118394
2025-06-19 03:21:18,REAL,2730118394,479,2730118873,2730118873
2025-06-19 03:21:20,REAL,2730118873,491,2730119364,2730119364
2025-06-19 03:21:22,REAL,2730119364,485,2730119849,2730119849
2025-06-19 03:21:24,REAL,2730119849,491,2730120340,2730120340
2025-06-19 03:21:26,REAL,2730120340,481,2730120821,2730120821
2025-06-19 03:21:28,REAL,2730120821,482,2730121303,2730121303
2025-06-19 03:21:30,REAL,2730121303,491,2730121794,2730121794
2025-06-19 03:21:32,REAL,2730121794,483,2730122277,2730122277
2025-06-19 03:21:34,REAL,2730122277,482,2730122759,2730122759
2025-06-19 03:21:36,REAL,2730122759,484,2730123243,2730123243
2025-06-19 03:21:38,REAL,2730123243,536,2730123779,2730123779
2025-06-19 03:21:40,REAL,2730123779,484,2730124263,2730124263
2025-06-19 03:21:42,REAL,2730124263,481,2730124744,2730124744
2025-06-19 03:21:44,REAL,2730124744,540,2730125284,2730125284
2025-06-19 03:21:46,REAL,2730125284,11451,2730136735,2730136735
2025-06-19 03:21:48,REAL,2730136735,11239,2730147974,2730147974
2025-06-19 03:21:50,REAL,2730147974,10321,2730158295,2730158295
2025-06-19 03:21:52,REAL,2730158295,10252,2730168547,2730168547
2025-06-19 03:21:54,REAL,2730168547,10256,2730178803,2730178803
2025-06-19 03:21:56,REAL,2730178803,10255,2730189058,2730189058
2025-06-19 03:21:58,REAL,2730189058,10317,2730199375,2730199375
2025-06-19 03:22:00,REAL,2730199375,7470,2730206845,2730206845
2025-06-19 03:22:02,REAL,2730206845,488,2730207333,2730207333
2025-06-19 03:22:04,REAL,2730207333,483,2730207816,2730207816
2025-06-19 03:22:06,REAL,2730207816,482,2730208298,2730208298
2025-06-19 03:22:08,REAL,2730208298,487,2730208785,2730208785
2025-06-19 03:22:10,REAL,2730208785,479,2730209264,2730209264
2025-06-19 03:22:12,REAL,2730209264,487,2730209751,2730209751
2025-06-19 03:22:14,REAL,2730209751,539,2730210290,2730210290
2025-06-19 03:22:16,REAL,2730210290,540,2730210830,2730210830
2025-06-19 03:22:18,REAL,2730210830,483,2730211313,2730211313
2025-06-19 03:22:20,REAL,2730211313,493,2730211806,2730211806
2025-06-19 03:22:22,REAL,2730211806,485,2730212291,2730212291
2025-06-19 03:22:24,REAL,2730212291,480,2730212771,2730212771
2025-06-19 03:22:26,REAL,2730212771,482,2730213253,2730213253
2025-06-19 03:22:28,REAL,2730213253,486,2730213739,2730213739
2025-06-19 03:22:30,REAL,2730213739,488,2730214227,2730214227
2025-06-19 03:22:32,REAL,2730214227,477,2730214704,2730214704
2025-06-19 03:22:34,REAL,2730214704,474,2730215178,2730215178
2025-06-19 03:22:36,REAL,2730215178,483,2730215661,2730215661
2025-06-19 03:22:38,REAL,2730215661,485,2730216146,2730216146
2025-06-19 03:22:40,REAL,2730216146,479,2730216625,2730216625
2025-06-19 03:22:42,REAL,2730216625,543,2730217168,2730217168
2025-06-19 03:22:44,REAL,2730217168,485,2730217653,2730217653
2025-06-19 03:22:46,REAL,2730217653,481,2730218134,2730218134
2025-06-19 03:22:48,REAL,2730218134,480,2730218614,2730218614
2025-06-19 03:22:50,REAL,2730218614,487,2730219101,2730219101
2025-06-19 03:22:52,REAL,2730219101,537,2730219638,2730219638
2025-06-19 03:22:54,REAL,2730219638,486,2730220124,2730220124
2025-06-19 03:22:56,REAL,2730220124,476,2730220600,2730220600
2025-06-19 03:22:58,REAL,2730220600,481,2730221081,2730221081
2025-06-19 03:23:00,REAL,2730221081,485,2730221566,2730221566
2025-06-19 03:23:02,REAL,2730221566,488,2730222054,2730222054
2025-06-19 03:23:04,REAL,2730222054,479,2730222533,2730222533
2025-06-19 03:23:06,REAL,2730222533,479,2730223012,2730223012
2025-06-19 03:23:08,REAL,2730223012,486,2730223498,2730223498
2025-06-19 03:23:10,REAL,2730223498,534,2730224032,2730224032
2025-06-19 03:23:12,REAL,2730224032,481,2730224513,2730224513
2025-06-19 03:23:14,REAL,2730224513,483,2730224996,2730224996
2025-06-19 03:23:16,REAL,2730224996,488,2730225484,2730225484
2025-06-19 03:23:18,REAL,2730225484,489,2730225973,2730225973
2025-06-19 03:23:20,REAL,2730225973,475,2730226448,2730226448
2025-06-19 03:23:22,REAL,2730226448,483,2730226931,2730226931
2025-06-19 03:23:24,REAL,2730226931,480,2730227411,2730227411
2025-06-19 03:23:26,REAL,2730227411,537,2730227948,2730227948
2025-06-19 03:23:28,REAL,2730227948,481,2730228429,2730228429
2025-06-19 03:23:30,REAL,2730228429,483,2730228912,2730228912
2025-06-19 03:23:32,REAL,2730228912,485,2730229397,2730229397
2025-06-19 03:23:34,REAL,2730229397,485,2730229882,2730229882
2025-06-19 03:23:36,REAL,2730229882,477,2730230359,2730230359
2025-06-19 03:23:38,REAL,2730230359,478,2730230837,2730230837
2025-06-19 03:23:40,REAL,2730230837,545,2730231382,2730231382
2025-06-19 03:23:42,REAL,2730231382,6176,2730237558,2730237558
2025-06-19 03:23:44,REAL,2730237558,11251,2730248809,2730248809
2025-06-19 03:23:46,REAL,2730248809,10176,2730258985,2730258985
2025-06-19 03:23:48,REAL,2730258985,10318,2730269303,2730269303
2025-06-19 03:23:50,REAL,2730269303,10245,2730279548,2730279548
2025-06-19 03:23:52,REAL,2730279548,10246,2730289794,2730289794
2025-06-19 03:23:54,REAL,2730289794,10317,2730300111,2730300111
2025-06-19 03:23:56,REAL,2730300111,10315,2730310426,2730310426
2025-06-19 03:23:58,REAL,2730310426,544,2730310970,2730310970
2025-06-19 03:24:00,REAL,2730310970,482,2730311452,2730311452
2025-06-19 03:24:02,REAL,2730311452,481,2730311933,2730311933
2025-06-19 03:24:04,REAL,2730311933,476,2730312409,2730312409
2025-06-19 03:24:06,REAL,2730312409,479,2730312888,2730312888
2025-06-19 03:24:08,REAL,2730312888,483,2730313371,2730313371
2025-06-19 03:24:10,REAL,2730313371,540,2730313911,2730313911
2025-06-19 03:24:12,REAL,2730313911,490,2730314401,2730314401
2025-06-19 03:24:14,REAL,2730314401,487,2730314888,2730314888
2025-06-19 03:24:16,REAL,2730314888,484,2730315372,2730315372
2025-06-19 03:24:18,REAL,2730315372,484,2730315856,2730315856
2025-06-19 03:24:20,REAL,2730315856,480,2730316336,2730316336
2025-06-19 03:24:22,REAL,2730316336,486,2730316822,2730316822
2025-06-19 03:24:24,REAL,2730316822,488,2730317310,2730317310
2025-06-19 03:24:26,REAL,2730317310,479,2730317789,2730317789
2025-06-19 03:24:28,REAL,2730317789,481,2730318270,2730318270
2025-06-19 03:24:30,REAL,2730318270,490,2730318760,2730318760
2025-06-19 03:24:32,REAL,2730318760,539,2730319299,2730319299
2025-06-19 03:24:34,REAL,2730319299,485,2730319784,2730319784
2025-06-19 03:24:36,REAL,2730319784,481,2730320265,2730320265
2025-06-19 03:24:38,REAL,2730320265,541,2730320806,2730320806
2025-06-19 03:24:40,REAL,2730320806,488,2730321294,2730321294
2025-06-19 03:24:42,REAL,2730321294,476,2730321770,2730321770
2025-06-19 03:24:44,REAL,2730321770,481,2730322251,2730322251
2025-06-19 03:24:46,REAL,2730322251,482,2730322733,2730322733
2025-06-19 03:24:48,REAL,2730322733,485,2730323218,2730323218
2025-06-19 03:24:50,REAL,2730323218,476,2730323694,2730323694
2025-06-19 03:24:52,REAL,2730323694,493,2730324187,2730324187
2025-06-19 03:24:54,REAL,2730324187,488,2730324675,2730324675
2025-06-19 03:24:56,REAL,2730324675,489,2730325164,2730325164
2025-06-19 03:24:58,REAL,2730325164,478,2730325642,2730325642
2025-06-19 03:25:00,REAL,2730325642,489,2730326131,2730326131
2025-06-19 03:25:02,REAL,2730326131,484,2730326615,2730326615
2025-06-19 03:25:04,REAL,2730326615,487,2730327102,2730327102
2025-06-19 03:25:06,REAL,2730327102,2270,2730329372,2730329372
2025-06-19 03:25:08,REAL,2730329372,11235,2730340607,2730340607
2025-06-19 03:25:10,REAL,2730340607,10313,2730350920,2730350920
2025-06-19 03:25:12,REAL,2730350920,10252,2730361172,2730361172
2025-06-19 03:25:14,REAL,2730361172,10254,2730371426,2730371426
2025-06-19 03:25:16,REAL,2730371426,10310,2730381736,2730381736
2025-06-19 03:25:18,REAL,2730381736,10253,2730391989,2730391989
2025-06-19 03:25:20,REAL,2730391989,10253,2730402242,2730402242
2025-06-19 03:25:22,REAL,2730402242,3849,2730406091,2730406091
2025-06-19 03:25:24,REAL,2730406091,491,2730406582,2730406582
2025-06-19 03:25:26,REAL,2730406582,488,2730407070,2730407070
2025-06-19 03:25:28,REAL,2730407070,482,2730407552,2730407552
2025-06-19 03:25:30,REAL,2730407552,488,2730408040,2730408040
2025-06-19 03:25:32,REAL,2730408040,490,2730408530,2730408530
2025-06-19 03:25:34,REAL,2730408530,485,2730409015,2730409015
2025-06-19 03:25:36,REAL,2730409015,541,2730409556,2730409556
2025-06-19 03:25:38,REAL,2730409556,477,2730410033,2730410033
2025-06-19 03:25:40,REAL,2730410033,533,2730410566,2730410566
2025-06-19 03:25:42,REAL,2730410566,476,2730411042,2730411042
2025-06-19 03:25:44,REAL,2730411042,484,2730411526,2730411526
2025-06-19 03:25:46,REAL,2730411526,482,2730412008,2730412008
2025-06-19 03:25:48,REAL,2730412008,489,2730412497,2730412497
2025-06-19 03:25:50,REAL,2730412497,482,2730412979,2730412979
2025-06-19 03:25:52,REAL,2730412979,493,2730413472,2730413472
2025-06-19 03:25:54,REAL,2730413472,477,2730413949,2730413949
2025-06-19 03:25:56,REAL,2730413949,484,2730414433,2730414433
2025-06-19 03:25:58,REAL,2730414433,481,2730414914,2730414914
2025-06-19 03:26:00,REAL,2730414914,486,2730415400,2730415400
2025-06-19 03:26:02,REAL,2730415400,484,2730415884,2730415884
2025-06-19 03:26:04,REAL,2730415884,532,2730416416,2730416416
2025-06-19 03:26:06,REAL,2730416416,491,2730416907,2730416907
2025-06-19 03:26:08,REAL,2730416907,484,2730417391,2730417391
2025-06-19 03:26:10,REAL,2730417391,486,2730417877,2730417877
2025-06-19 03:26:12,REAL,2730417877,487,2730418364,2730418364
2025-06-19 03:26:14,REAL,2730418364,544,2730418908,2730418908
2025-06-19 03:26:16,REAL,2730418908,482,2730419390,2730419390
2025-06-19 03:26:18,REAL,2730419390,481,2730419871,2730419871
2025-06-19 03:26:20,REAL,2730419871,481,2730420352,2730420352
2025-06-19 03:26:22,REAL,2730420352,477,2730420829,2730420829
2025-06-19 03:26:24,REAL,2730420829,478,2730421307,2730421307
2025-06-19 03:26:26,REAL,2730421307,484,2730421791,2730421791
2025-06-19 03:26:28,REAL,2730421791,484,2730422275,2730422275
2025-06-19 03:26:30,REAL,2730422275,487,2730422762,2730422762
2025-06-19 03:26:32,REAL,2730422762,542,2730423304,2730423304
2025-06-19 03:26:34,REAL,2730423304,480,2730423784,2730423784
2025-06-19 03:26:36,REAL,2730423784,490,2730424274,2730424274
2025-06-19 03:26:38,REAL,2730424274,476,2730424750,2730424750
2025-06-19 03:26:40,REAL,2730424750,478,2730425228,2730425228
2025-06-19 03:26:42,REAL,2730425228,488,2730425716,2730425716
2025-06-19 03:26:44,REAL,2730425716,486,2730426202,2730426202
2025-06-19 03:26:46,REAL,2730426202,476,2730426678,2730426678
2025-06-19 03:26:48,REAL,2730426678,10249,2730436927,2730436927
2025-06-19 03:26:50,REAL,2730436927,10521,2730447448,2730447448
2025-06-19 03:26:52,REAL,2730447448,10250,2730457698,2730457698
2025-06-19 03:26:54,REAL,2730457698,10257,2730467955,2730467955
2025-06-19 03:26:56,REAL,2730467955,10251,2730478206,2730478206
2025-06-19 03:26:58,REAL,2730478206,10319,2730488525,2730488525
2025-06-19 03:27:00,REAL,2730488525,10251,2730498776,2730498776
2025-06-19 03:27:02,REAL,2730498776,6820,2730505596,2730505596
2025-06-19 03:27:04,REAL,2730505596,480,2730506076,2730506076
2025-06-19 03:27:06,REAL,2730506076,483,2730506559,2730506559
2025-06-19 03:27:08,REAL,2730506559,478,2730507037,2730507037
2025-06-19 03:27:10,REAL,2730507037,486,2730507523,2730507523
2025-06-19 03:27:12,REAL,2730507523,541,2730508064,2730508064
2025-06-19 03:27:14,REAL,2730508064,546,2730508610,2730508610
2025-06-19 03:27:16,REAL,2730508610,480,2730509090,2730509090
2025-06-19 03:27:18,REAL,2730509090,479,2730509569,2730509569
2025-06-19 03:27:20,REAL,2730509569,10844,2730520413,2730520413
2025-06-19 03:27:22,REAL,2730520413,10327,2730530740,2730530740
2025-06-19 03:27:24,REAL,2730530740,10255,2730540995,2730540995
2025-06-19 03:27:26,REAL,2730540995,10323,2730551318,2730551318
2025-06-19 03:27:28,REAL,2730551318,10253,2730561571,2730561571
2025-06-19 03:27:30,REAL,2730561571,10249,2730571820,2730571820
2025-06-19 03:27:32,REAL,2730571820,10254,2730582074,2730582074
2025-06-19 03:27:34,REAL,2730582074,6160,2730588234,2730588234
2025-06-19 03:27:36,REAL,2730588234,478,2730588712,2730588712
2025-06-19 03:27:38,REAL,2730588712,483,2730589195,2730589195
2025-06-19 03:27:40,REAL,2730589195,542,2730589737,2730589737
2025-06-19 03:27:42,REAL,2730589737,482,2730590219,2730590219
2025-06-19 03:27:44,REAL,2730590219,484,2730590703,2730590703
2025-06-19 03:27:46,REAL,2730590703,531,2730591234,2730591234
2025-06-19 03:27:48,REAL,2730591234,489,2730591723,2730591723
2025-06-19 03:27:50,REAL,2730591723,483,2730592206,2730592206
2025-06-19 03:27:52,REAL,2730592206,479,2730592685,2730592685
2025-06-19 03:27:54,REAL,2730592685,475,2730593160,2730593160
2025-06-19 03:27:56,REAL,2730593160,479,2730593639,2730593639
2025-06-19 03:27:58,REAL,2730593639,488,2730594127,2730594127
2025-06-19 03:28:00,REAL,2730594127,485,2730594612,2730594612
2025-06-19 03:28:02,REAL,2730594612,479,2730595091,2730595091
2025-06-19 03:28:04,REAL,2730595091,493,2730595584,2730595584
2025-06-19 03:28:06,REAL,2730595584,542,2730596126,2730596126
2025-06-19 03:28:08,REAL,2730596126,480,2730596606,2730596606
2025-06-19 03:28:10,REAL,2730596606,482,2730597088,2730597088
2025-06-19 03:28:12,REAL,2730597088,490,2730597578,2730597578
2025-06-19 03:28:14,REAL,2730597578,541,2730598119,2730598119
2025-06-19 03:28:16,REAL,2730598119,480,2730598599,2730598599
2025-06-19 03:28:18,REAL,2730598599,484,2730599083,2730599083
2025-06-19 03:28:20,REAL,2730599083,491,2730599574,2730599574
2025-06-19 03:28:22,REAL,2730599574,485,2730600059,2730600059
2025-06-19 03:28:24,REAL,2730600059,484,2730600543,2730600543
2025-06-19 03:28:26,REAL,2730600543,479,2730601022,2730601022
2025-06-19 03:28:28,REAL,2730601022,494,2730601516,2730601516
2025-06-19 03:28:30,REAL,2730601516,491,2730602007,2730602007
2025-06-19 03:28:32,REAL,2730602007,486,2730602493,2730602493
2025-06-19 03:28:34,REAL,2730602493,548,2730603041,2730603041
2025-06-19 03:28:36,REAL,2730603041,491,2730603532,2730603532
2025-06-19 03:28:38,REAL,2730603532,494,2730604026,2730604026
2025-06-19 03:28:40,REAL,2730604026,485,2730604511,2730604511
2025-06-19 03:28:42,REAL,2730604511,486,2730604997,2730604997
2025-06-19 03:28:44,REAL,2730604997,533,2730605530,2730605530
2025-06-19 03:28:46,REAL,2730605530,481,2730606011,2730606011
2025-06-19 03:28:48,REAL,2730606011,486,2730606497,2730606497
2025-06-19 03:28:50,REAL,2730606497,486,2730606983,2730606983
2025-06-19 03:28:52,REAL,2730606983,484,2730607467,2730607467
2025-06-19 03:28:54,REAL,2730607467,485,2730607952,2730607952
2025-06-19 03:28:56,REAL,2730607952,482,2730608434,2730608434
2025-06-19 03:28:58,REAL,2730608434,485,2730608919,2730608919
2025-06-19 03:29:00,REAL,2730608919,538,2730609457,2730609457
2025-06-19 03:29:02,REAL,2730609457,478,2730609935,2730609935
2025-06-19 03:29:04,REAL,2730609935,482,2730610417,2730610417
2025-06-19 03:29:06,REAL,2730610417,483,2730610900,2730610900
2025-06-19 03:29:08,REAL,2730610900,479,2730611379,2730611379
2025-06-19 03:29:10,REAL,2730611379,487,2730611866,2730611866
2025-06-19 03:29:12,REAL,2730611866,540,2730612406,2730612406
2025-06-19 03:29:14,REAL,2730612406,493,2730612899,2730612899
2025-06-19 03:29:16,REAL,2730612899,481,2730613380,2730613380
2025-06-19 03:29:18,REAL,2730613380,486,2730613866,2730613866
2025-06-19 03:29:20,REAL,2730613866,483,2730614349,2730614349
2025-06-19 03:29:22,REAL,2730614349,490,2730614839,2730614839
2025-06-19 03:29:24,REAL,2730614839,480,2730615319,2730615319
2025-06-19 03:29:26,REAL,2730615319,544,2730615863,2730615863
2025-06-19 03:29:28,REAL,2730615863,483,2730616346,2730616346
2025-06-19 03:29:30,REAL,2730616346,485,2730616831,2730616831
2025-06-19 03:29:32,REAL,2730616831,480,2730617311,2730617311
2025-06-19 03:29:34,REAL,2730617311,245,2730617556,2730617556
2025-06-19 03:29:36,REAL,2730617556,482,2730618038,2730618038
2025-06-19 03:29:38,REAL,2730618038,540,2730618578,2730618578
2025-06-19 03:29:40,REAL,2730618578,476,2730619054,2730619054
2025-06-19 03:29:42,REAL,2730619054,485,2730619539,2730619539
2025-06-19 03:29:44,REAL,2730619539,482,2730620021,2730620021
2025-06-19 03:29:46,REAL,2730620021,480,2730620501,2730620501
2025-06-19 03:29:48,REAL,2730620501,480,2730620981,2730620981
2025-06-19 03:29:50,REAL,2730620981,480,2730621461,2730621461
2025-06-19 03:29:52,REAL,2730621461,493,2730621954,2730621954
2025-06-19 03:29:54,REAL,2730621954,540,2730622494,2730622494
2025-06-19 03:29:56,REAL,2730622494,481,2730622975,2730622975
2025-06-19 03:29:58,REAL,2730622975,485,2730623460,2730623460
2025-06-19 03:30:00,REAL,2730623460,478,2730623938,2730623938
2025-06-19 03:30:02,REAL,2730623938,480,2730624418,2730624418
2025-06-19 03:30:04,REAL,2730624418,478,2730624896,2730624896
2025-06-19 03:30:06,REAL,2730624896,478,2730625374,2730625374
2025-06-19 03:30:08,REAL,2730625374,547,2730625921,2730625921
2025-06-19 03:30:10,REAL,2730625921,483,2730626404,2730626404
2025-06-19 03:30:12,REAL,2730626404,480,2730626884,2730626884
2025-06-19 03:30:14,REAL,2730626884,488,2730627372,2730627372
2025-06-19 03:30:16,REAL,2730627372,480,2730627852,2730627852
2025-06-19 03:30:18,REAL,2730627852,482,2730628334,2730628334
2025-06-19 03:30:20,REAL,2730628334,543,2730628877,2730628877
2025-06-19 03:30:22,REAL,2730628877,483,2730629360,2730629360
2025-06-19 03:30:24,REAL,2730629360,480,2730629840,2730629840
2025-06-19 03:30:26,REAL,2730629840,480,2730630320,2730630320
2025-06-19 03:30:28,REAL,2730630320,487,2730630807,2730630807
2025-06-19 03:30:30,REAL,2730630807,483,2730631290,2730631290
2025-06-19 03:30:32,REAL,2730631290,479,2730631769,2730631769
2025-06-19 03:30:34,REAL,2730631769,480,2730632249,2730632249
2025-06-19 03:30:36,REAL,2730632249,9602,2730641851,2730641851
2025-06-19 03:30:38,REAL,2730641851,10447,2730652298,2730652298
2025-06-19 03:30:40,REAL,2730652298,10315,2730662613,2730662613
2025-06-19 03:30:42,REAL,2730662613,10252,2730672865,2730672865
2025-06-19 03:30:44,REAL,2730672865,10252,2730683117,2730683117
2025-06-19 03:30:46,REAL,2730683117,10307,2730693424,2730693424
2025-06-19 03:30:48,REAL,2730693424,10322,2730703746,2730703746
2025-06-19 03:30:50,REAL,2730703746,7212,2730710958,2730710958
2025-06-19 03:30:52,REAL,2730710958,476,2730711434,2730711434
2025-06-19 03:30:54,REAL,2730711434,490,2730711924,2730711924
2025-06-19 03:30:56,REAL,2730711924,484,2730712408,2730712408
2025-06-19 03:30:58,REAL,2730712408,486,2730712894,2730712894
2025-06-19 03:31:00,REAL,2730712894,485,2730713379,2730713379
2025-06-19 03:31:02,REAL,2730713379,476,2730713855,2730713855
2025-06-19 03:31:04,REAL,2730713855,477,2730714332,2730714332
2025-06-19 03:31:06,REAL,2730714332,490,2730714822,2730714822
2025-06-19 03:31:08,REAL,2730714822,13165,2730727987,2730727987
2025-06-19 03:31:10,REAL,2730727987,10444,2730738431,2730738431
2025-06-19 03:31:12,REAL,2730738431,10245,2730748676,2730748676
2025-06-19 03:31:14,REAL,2730748676,10309,2730758985,2730758985
2025-06-19 03:31:16,REAL,2730758985,10251,2730769236,2730769236
2025-06-19 03:31:18,REAL,2730769236,10247,2730779483,2730779483
2025-06-19 03:31:20,REAL,2730779483,10246,2730789729,2730789729
2025-06-19 03:31:22,REAL,2730789729,6692,2730796421,2730796421
2025-06-19 03:31:24,REAL,2730796421,486,2730796907,2730796907
2025-06-19 03:31:26,REAL,2730796907,487,2730797394,2730797394
2025-06-19 03:31:28,REAL,2730797394,480,2730797874,2730797874
2025-06-19 03:31:30,REAL,2730797874,488,2730798362,2730798362
2025-06-19 03:31:32,REAL,2730798362,483,2730798845,2730798845
2025-06-19 03:31:34,REAL,2730798845,483,2730799328,2730799328
2025-06-19 03:31:36,REAL,2730799328,489,2730799817,2730799817
2025-06-19 03:31:38,REAL,2730799817,489,2730800306,2730800306
2025-06-19 03:31:40,REAL,2730800306,537,2730800843,2730800843
2025-06-19 03:31:42,REAL,2730800843,531,2730801374,2730801374
2025-06-19 03:31:44,REAL,2730801374,485,2730801859,2730801859
2025-06-19 03:31:46,REAL,2730801859,488,2730802347,2730802347
2025-06-19 03:31:48,REAL,2730802347,480,2730802827,2730802827
2025-06-19 03:31:50,REAL,2730802827,487,2730803314,2730803314
2025-06-19 03:31:52,REAL,2730803314,486,2730803800,2730803800
2025-06-19 03:31:54,REAL,2730803800,482,2730804282,2730804282
2025-06-19 03:31:56,REAL,2730804282,486,2730804768,2730804768
2025-06-19 03:31:58,REAL,2730804768,483,2730805251,2730805251
2025-06-19 03:32:00,REAL,2730805251,481,2730805732,2730805732
2025-06-19 03:32:02,REAL,2730805732,485,2730806217,2730806217
2025-06-19 03:32:04,REAL,2730806217,486,2730806703,2730806703
2025-06-19 03:32:06,REAL,2730806703,488,2730807191,2730807191
2025-06-19 03:32:08,REAL,2730807191,490,2730807681,2730807681
2025-06-19 03:32:10,REAL,2730807681,544,2730808225,2730808225
2025-06-19 03:32:12,REAL,2730808225,538,2730808763,2730808763
2025-06-19 03:32:14,REAL,2730808763,484,2730809247,2730809247
2025-06-19 03:32:16,REAL,2730809247,483,2730809730,2730809730
2025-06-19 03:32:18,REAL,2730809730,479,2730810209,2730810209
2025-06-19 03:32:20,REAL,2730810209,481,2730810690,2730810690
2025-06-19 03:32:22,REAL,2730810690,480,2730811170,2730811170
2025-06-19 03:32:24,REAL,2730811170,484,2730811654,2730811654
2025-06-19 03:32:26,REAL,2730811654,491,2730812145,2730812145
2025-06-19 03:32:28,REAL,2730812145,483,2730812628,2730812628
2025-06-19 03:32:30,REAL,2730812628,482,2730813110,2730813110
2025-06-19 03:32:32,REAL,2730813110,483,2730813593,2730813593
2025-06-19 03:32:34,REAL,2730813593,483,2730814076,2730814076
2025-06-19 03:32:36,REAL,2730814076,483,2730814559,2730814559
2025-06-19 03:32:38,REAL,2730814559,481,2730815040,2730815040
2025-06-19 03:32:40,REAL,2730815040,531,2730815571,2730815571
2025-06-19 03:32:42,REAL,2730815571,897,2730816468,2730816468
2025-06-19 03:32:44,REAL,2730816468,12434,2730828902,2730828902
2025-06-19 03:32:46,REAL,2730828902,10260,2730839162,2730839162
2025-06-19 03:32:48,REAL,2730839162,10258,2730849420,2730849420
2025-06-19 03:32:50,REAL,2730849420,10252,2730859672,2730859672
2025-06-19 03:32:52,REAL,2730859672,10314,2730869986,2730869986
2025-06-19 03:32:54,REAL,2730869986,10261,2730880247,2730880247
2025-06-19 03:32:56,REAL,2730880247,10251,2730890498,2730890498
2025-06-19 03:32:58,REAL,2730890498,4843,2730895341,2730895341
2025-06-19 03:33:00,REAL,2730895341,492,2730895833,2730895833
2025-06-19 03:33:02,REAL,2730895833,485,2730896318,2730896318
2025-06-19 03:33:04,REAL,2730896318,486,2730896804,2730896804
2025-06-19 03:33:06,REAL,2730896804,483,2730897287,2730897287
2025-06-19 03:33:08,REAL,2730897287,537,2730897824,2730897824
2025-06-19 03:33:10,REAL,2730897824,486,2730898310,2730898310
2025-06-19 03:33:12,REAL,2730898310,479,2730898789,2730898789
2025-06-19 03:33:14,REAL,2730898789,486,2730899275,2730899275
2025-06-19 03:33:16,REAL,2730899275,540,2730899815,2730899815
2025-06-19 03:33:18,REAL,2730899815,487,2730900302,2730900302
2025-06-19 03:33:20,REAL,2730900302,483,2730900785,2730900785
2025-06-19 03:33:22,REAL,2730900785,475,2730901260,2730901260
2025-06-19 03:33:24,REAL,2730901260,482,2730901742,2730901742
2025-06-19 03:33:26,REAL,2730901742,487,2730902229,2730902229
2025-06-19 03:33:28,REAL,2730902229,480,2730902709,2730902709
2025-06-19 03:33:30,REAL,2730902709,484,2730903193,2730903193
2025-06-19 03:33:32,REAL,2730903193,494,2730903687,2730903687
2025-06-19 03:33:34,REAL,2730903687,485,2730904172,2730904172
2025-06-19 03:33:36,REAL,2730904172,543,2730904715,2730904715
2025-06-19 03:33:38,REAL,2730904715,481,2730905196,2730905196
2025-06-19 03:33:40,REAL,2730905196,479,2730905675,2730905675
2025-06-19 03:33:42,REAL,2730905675,486,2730906161,2730906161
2025-06-19 03:33:44,REAL,2730906161,477,2730906638,2730906638
2025-06-19 03:33:46,REAL,2730906638,485,2730907123,2730907123
2025-06-19 03:33:48,REAL,2730907123,532,2730907655,2730907655
2025-06-19 03:33:50,REAL,2730907655,484,2730908139,2730908139
2025-06-19 03:33:52,REAL,2730908139,493,2730908632,2730908632
2025-06-19 03:33:54,REAL,2730908632,480,2730909112,2730909112
2025-06-19 03:33:56,REAL,2730909112,486,2730909598,2730909598
2025-06-19 03:33:58,REAL,2730909598,476,2730910074,2730910074
2025-06-19 03:34:00,REAL,2730910074,478,2730910552,2730910552
2025-06-19 03:34:02,REAL,2730910552,483,2730911035,2730911035
2025-06-19 03:34:04,REAL,2730911035,481,2730911516,2730911516
2025-06-19 03:34:06,REAL,2730911516,542,2730912058,2730912058
2025-06-19 03:34:08,REAL,2730912058,486,2730912544,2730912544
2025-06-19 03:34:10,REAL,2730912544,478,2730913022,2730913022
2025-06-19 03:34:12,REAL,2730913022,487,2730913509,2730913509
2025-06-19 03:34:14,REAL,2730913509,482,2730913991,2730913991
2025-06-19 03:34:16,REAL,2730913991,478,2730914469,2730914469
2025-06-19 03:34:18,REAL,2730914469,485,2730914954,2730914954
2025-06-19 03:34:20,REAL,2730914954,535,2730915489,2730915489
2025-06-19 03:34:22,REAL,2730915489,485,2730915974,2730915974
2025-06-19 03:34:24,REAL,2730915974,485,2730916459,2730916459
2025-06-19 03:34:26,REAL,2730916459,487,2730916946,2730916946
2025-06-19 03:34:28,REAL,2730916946,487,2730917433,2730917433
2025-06-19 03:34:30,REAL,2730917433,481,2730917914,2730917914
2025-06-19 03:34:32,REAL,2730917914,484,2730918398,2730918398
2025-06-19 03:34:34,REAL,2730918398,539,2730918937,2730918937
2025-06-19 03:34:36,REAL,2730918937,480,2730919417,2730919417
2025-06-19 03:34:38,REAL,2730919417,489,2730919906,2730919906
2025-06-19 03:34:40,REAL,2730919906,487,2730920393,2730920393
2025-06-19 03:34:42,REAL,2730920393,485,2730920878,2730920878
2025-06-19 03:34:44,REAL,2730920878,481,2730921359,2730921359
2025-06-19 03:34:46,REAL,2730921359,3726,2730925085,2730925085
2025-06-19 03:34:48,REAL,2730925085,11180,2730936265,2730936265
2025-06-19 03:34:50,REAL,2730936265,10259,2730946524,2730946524
2025-06-19 03:34:52,REAL,2730946524,10321,2730956845,2730956845
2025-06-19 03:34:54,REAL,2730956845,10247,2730967092,2730967092
2025-06-19 03:34:56,REAL,2730967092,10245,2730977337,2730977337
2025-06-19 03:34:58,REAL,2730977337,10254,2730987591,2730987591
2025-06-19 03:35:00,REAL,2730987591,10319,2730997910,2730997910
2025-06-19 03:35:02,REAL,2730997910,2786,2731000696,2731000696
2025-06-19 03:35:04,REAL,2731000696,484,2731001180,2731001180
2025-06-19 03:35:06,REAL,2731001180,489,2731001669,2731001669
2025-06-19 03:35:08,REAL,2731001669,485,2731002154,2731002154
2025-06-19 03:35:10,REAL,2731002154,480,2731002634,2731002634
2025-06-19 03:35:12,REAL,2731002634,475,2731003109,2731003109
2025-06-19 03:35:14,REAL,2731003109,480,2731003589,2731003589
2025-06-19 03:35:16,REAL,2731003589,485,2731004074,2731004074
2025-06-19 03:35:18,REAL,2731004074,4195,2731008269,2731008269
2025-06-19 03:35:20,REAL,2731008269,14616,2731022885,2731022885
2025-06-19 03:35:22,REAL,2731022885,10250,2731033135,2731033135
2025-06-19 03:35:24,REAL,2731033135,10318,2731043453,2731043453
2025-06-19 03:35:26,REAL,2731043453,10251,2731053704,2731053704
2025-06-19 03:35:28,REAL,2731053704,10253,2731063957,2731063957
2025-06-19 03:35:30,REAL,2731063957,10316,2731074273,2731074273
2025-06-19 03:35:32,REAL,2731074273,10310,2731084583,2731084583
2025-06-19 03:35:34,REAL,2731084583,2135,2731086718,2731086718
2025-06-19 03:35:36,REAL,2731086718,487,2731087205,2731087205
2025-06-19 03:35:38,REAL,2731087205,492,2731087697,2731087697
2025-06-19 03:35:40,REAL,2731087697,491,2731088188,2731088188
2025-06-19 03:35:42,REAL,2731088188,486,2731088674,2731088674
2025-06-19 03:35:44,REAL,2731088674,489,2731089163,2731089163
2025-06-19 03:35:46,REAL,2731089163,484,2731089647,2731089647
2025-06-19 03:35:48,REAL,2731089647,482,2731090129,2731090129
2025-06-19 03:35:50,REAL,2731090129,537,2731090666,2731090666
2025-06-19 03:35:52,REAL,2731090666,491,2731091157,2731091157
2025-06-19 03:35:54,REAL,2731091157,484,2731091641,2731091641
2025-06-19 03:35:56,REAL,2731091641,484,2731092125,2731092125
2025-06-19 03:35:58,REAL,2731092125,481,2731092606,2731092606
2025-06-19 03:36:00,REAL,2731092606,539,2731093145,2731093145
2025-06-19 03:36:02,REAL,2731093145,484,2731093629,2731093629
2025-06-19 03:36:04,REAL,2731093629,479,2731094108,2731094108
2025-06-19 03:36:06,REAL,2731094108,493,2731094601,2731094601
2025-06-19 03:36:08,REAL,2731094601,476,2731095077,2731095077
2025-06-19 03:36:10,REAL,2731095077,490,2731095567,2731095567
2025-06-19 03:36:12,REAL,2731095567,489,2731096056,2731096056
2025-06-19 03:36:14,REAL,2731096056,534,2731096590,2731096590
2025-06-19 03:36:16,REAL,2731096590,487,2731097077,2731097077
2025-06-19 03:36:18,REAL,2731097077,477,2731097554,2731097554
2025-06-19 03:36:20,REAL,2731097554,485,2731098039,2731098039
2025-06-19 03:36:22,REAL,2731098039,6103,2731104142,2731104142
2025-06-19 03:36:24,REAL,2731104142,11106,2731115248,2731115248
2025-06-19 03:36:26,REAL,2731115248,10313,2731125561,2731125561
2025-06-19 03:36:28,REAL,2731125561,10315,2731135876,2731135876
2025-06-19 03:36:30,REAL,2731135876,10317,2731146193,2731146193
2025-06-19 03:36:32,REAL,2731146193,10255,2731156448,2731156448
2025-06-19 03:36:34,REAL,2731156448,10262,2731166710,2731166710
2025-06-19 03:36:36,REAL,2731166710,10256,2731176966,2731176966
2025-06-19 03:36:38,REAL,2731176966,878,2731177844,2731177844
2025-06-19 03:36:40,REAL,2731177844,484,2731178328,2731178328
2025-06-19 03:36:42,REAL,2731178328,488,2731178816,2731178816
2025-06-19 03:36:44,REAL,2731178816,543,2731179359,2731179359
2025-06-19 03:36:46,REAL,2731179359,487,2731179846,2731179846
2025-06-19 03:36:48,REAL,2731179846,488,2731180334,2731180334
2025-06-19 03:36:50,REAL,2731180334,478,2731180812,2731180812
2025-06-19 03:36:52,REAL,2731180812,492,2731181304,2731181304
2025-06-19 03:36:54,REAL,2731181304,6569,2731187873,2731187873
2025-06-19 03:36:56,REAL,2731187873,11117,2731198990,2731198990
2025-06-19 03:36:58,REAL,2731198990,10247,2731209237,2731209237
2025-06-19 03:37:00,REAL,2731209237,10320,2731219557,2731219557
2025-06-19 03:37:02,REAL,2731219557,10244,2731229801,2731229801
2025-06-19 03:37:04,REAL,2731229801,10260,2731240061,2731240061
2025-06-19 03:37:06,REAL,2731240061,10260,2731250321,2731250321
2025-06-19 03:37:08,REAL,2731250321,10056,2731260377,2731260377
2025-06-19 03:37:10,REAL,2731260377,482,2731260859,2731260859
2025-06-19 03:37:12,REAL,2731260859,480,2731261339,2731261339
2025-06-19 03:37:14,REAL,2731261339,486,2731261825,2731261825
2025-06-19 03:37:16,REAL,2731261825,601,2731262426,2731262426
2025-06-19 03:37:18,REAL,2731262426,486,2731262912,2731262912
2025-06-19 03:37:20,REAL,2731262912,490,2731263402,2731263402
2025-06-19 03:37:22,REAL,2731263402,486,2731263888,2731263888
2025-06-19 03:37:24,REAL,2731263888,485,2731264373,2731264373
2025-06-19 03:37:26,REAL,2731264373,480,2731264853,2731264853
2025-06-19 03:37:28,REAL,2731264853,482,2731265335,2731265335
2025-06-19 03:37:30,REAL,2731265335,488,2731265823,2731265823
2025-06-19 03:37:32,REAL,2731265823,480,2731266303,2731266303
2025-06-19 03:37:34,REAL,2731266303,476,2731266779,2731266779
2025-06-19 03:37:36,REAL,2731266779,490,2731267269,2731267269
2025-06-19 03:37:38,REAL,2731267269,478,2731267747,2731267747
2025-06-19 03:37:40,REAL,2731267747,546,2731268293,2731268293
2025-06-19 03:37:42,REAL,2731268293,483,2731268776,2731268776
2025-06-19 03:37:44,REAL,2731268776,480,2731269256,2731269256
2025-06-19 03:37:46,REAL,2731269256,1944,2731271200,2731271200
2025-06-19 03:37:48,REAL,2731271200,12040,2731283240,2731283240
2025-06-19 03:37:50,REAL,2731283240,10254,2731293494,2731293494
2025-06-19 03:37:52,REAL,2731293494,10250,2731303744,2731303744
2025-06-19 03:37:54,REAL,2731303744,10256,2731314000,2731314000
2025-06-19 03:37:56,REAL,2731314000,10310,2731324310,2731324310
2025-06-19 03:37:58,REAL,2731324310,10257,2731334567,2731334567
2025-06-19 03:38:00,REAL,2731334567,10255,2731344822,2731344822
2025-06-19 03:38:02,REAL,2731344822,4241,2731349063,2731349063
2025-06-19 03:38:04,REAL,2731349063,478,2731349541,2731349541
2025-06-19 03:38:06,REAL,2731349541,481,2731350022,2731350022
2025-06-19 03:38:08,REAL,2731350022,479,2731350501,2731350501
2025-06-19 03:38:10,REAL,2731350501,532,2731351033,2731351033
2025-06-19 03:38:12,REAL,2731351033,492,2731351525,2731351525
2025-06-19 03:38:14,REAL,2731351525,479,2731352004,2731352004
2025-06-19 03:38:16,REAL,2731352004,492,2731352496,2731352496
2025-06-19 03:38:18,REAL,2731352496,2669,2731355165,2731355165
2025-06-19 03:38:20,REAL,2731355165,11433,2731366598,2731366598
2025-06-19 03:38:22,REAL,2731366598,10255,2731376853,2731376853
2025-06-19 03:38:24,REAL,2731376853,10319,2731387172,2731387172
2025-06-19 03:38:26,REAL,2731387172,10247,2731397419,2731397419
2025-06-19 03:38:28,REAL,2731397419,10249,2731407668,2731407668
2025-06-19 03:38:30,REAL,2731407668,10321,2731417989,2731417989
2025-06-19 03:38:32,REAL,2731417989,10255,2731428244,2731428244
2025-06-19 03:38:34,REAL,2731428244,3516,2731431760,2731431760
2025-06-19 03:38:36,REAL,2731431760,484,2731432244,2731432244
2025-06-19 03:38:38,REAL,2731432244,477,2731432721,2731432721
2025-06-19 03:38:40,REAL,2731432721,482,2731433203,2731433203
2025-06-19 03:38:42,REAL,2731433203,548,2731433751,2731433751
2025-06-19 03:38:44,REAL,2731433751,482,2731434233,2731434233
2025-06-19 03:38:46,REAL,2731434233,477,2731434710,2731434710
2025-06-19 03:38:48,REAL,2731434710,478,2731435188,2731435188
2025-06-19 03:38:50,REAL,2731435188,3388,2731438576,2731438576
2025-06-19 03:38:52,REAL,2731438576,11247,2731449823,2731449823
2025-06-19 03:38:54,REAL,2731449823,10254,2731460077,2731460077
2025-06-19 03:38:56,REAL,2731460077,10314,2731470391,2731470391
2025-06-19 03:38:58,REAL,2731470391,10244,2731480635,2731480635
2025-06-19 03:39:00,REAL,2731480635,10251,2731490886,2731490886
2025-06-19 03:39:02,REAL,2731490886,10391,2731501277,2731501277
2025-06-19 03:39:04,REAL,2731501277,10118,2731511395,2731511395
2025-06-19 03:39:06,REAL,2731511395,2923,2731514318,2731514318
2025-06-19 03:39:08,REAL,2731514318,482,2731514800,2731514800
2025-06-19 03:39:10,REAL,2731514800,485,2731515285,2731515285
2025-06-19 03:39:12,REAL,2731515285,545,2731515830,2731515830
2025-06-19 03:39:14,REAL,2731515830,485,2731516315,2731516315
2025-06-19 03:39:16,REAL,2731516315,475,2731516790,2731516790
2025-06-19 03:39:18,REAL,2731516790,484,2731517274,2731517274
2025-06-19 03:39:20,REAL,2731517274,479,2731517753,2731517753
2025-06-19 03:39:22,REAL,2731517753,3723,2731521476,2731521476
2025-06-19 03:39:24,REAL,2731521476,14072,2731535548,2731535548
2025-06-19 03:39:26,REAL,2731535548,10250,2731545798,2731545798
2025-06-19 03:39:28,REAL,2731545798,10322,2731556120,2731556120
2025-06-19 03:39:30,REAL,2731556120,10251,2731566371,2731566371
2025-06-19 03:39:32,REAL,2731566371,10260,2731576631,2731576631
2025-06-19 03:39:34,REAL,2731576631,10258,2731586889,2731586889
2025-06-19 03:39:36,REAL,2731586889,10310,2731597199,2731597199
2025-06-19 03:39:38,REAL,2731597199,2268,2731599467,2731599467
2025-06-19 03:39:40,REAL,2731599467,481,2731599948,2731599948
2025-06-19 03:39:42,REAL,2731599948,485,2731600433,2731600433
2025-06-19 03:39:44,REAL,2731600433,541,2731600974,2731600974
2025-06-19 03:39:46,REAL,2731600974,481,2731601455,2731601455
2025-06-19 03:39:48,REAL,2731601455,484,2731601939,2731601939
2025-06-19 03:39:50,REAL,2731601939,487,2731602426,2731602426
2025-06-19 03:39:52,REAL,2731602426,481,2731602907,2731602907
2025-06-19 03:39:54,REAL,2731602907,4842,2731607749,2731607749
2025-06-19 03:39:56,REAL,2731607749,10917,2731618666,2731618666
2025-06-19 03:39:58,REAL,2731618666,10257,2731628923,2731628923
2025-06-19 03:40:00,REAL,2731628923,10252,2731639175,2731639175
2025-06-19 03:40:02,REAL,2731639175,10253,2731649428,2731649428
2025-06-19 03:40:04,REAL,2731649428,10323,2731659751,2731659751
2025-06-19 03:40:06,REAL,2731659751,10243,2731669994,2731669994
2025-06-19 03:40:08,REAL,2731669994,10251,2731680245,2731680245
2025-06-19 03:40:10,REAL,2731680245,1734,2731681979,2731681979
2025-06-19 03:40:12,REAL,2731681979,477,2731682456,2731682456
2025-06-19 03:40:14,REAL,2731682456,483,2731682939,2731682939
2025-06-19 03:40:16,REAL,2731682939,547,2731683486,2731683486
2025-06-19 03:40:18,REAL,2731683486,488,2731683974,2731683974
2025-06-19 03:40:20,REAL,2731683974,482,2731684456,2731684456
2025-06-19 03:40:22,REAL,2731684456,536,2731684992,2731684992
2025-06-19 03:40:24,REAL,2731684992,491,2731685483,2731685483
2025-06-19 03:40:26,REAL,2731685483,476,2731685959,2731685959
2025-06-19 03:40:28,REAL,2731685959,479,2731686438,2731686438
2025-06-19 03:40:30,REAL,2731686438,486,2731686924,2731686924
2025-06-19 03:40:32,REAL,2731686924,490,2731687414,2731687414
2025-06-19 03:40:34,REAL,2731687414,491,2731687905,2731687905
2025-06-19 03:40:36,REAL,2731687905,484,2731688389,2731688389
2025-06-19 03:40:38,REAL,2731688389,480,2731688869,2731688869
2025-06-19 03:40:40,REAL,2731688869,537,2731689406,2731689406
2025-06-19 03:40:42,REAL,2731689406,481,2731689887,2731689887
2025-06-19 03:40:44,REAL,2731689887,486,2731690373,2731690373
2025-06-19 03:40:46,REAL,2731690373,484,2731690857,2731690857
2025-06-19 03:40:48,REAL,2731690857,480,2731691337,2731691337
2025-06-19 03:40:50,REAL,2731691337,490,2731691827,2731691827
2025-06-19 03:40:52,REAL,2731691827,5640,2731697467,2731697467
2025-06-19 03:40:54,REAL,2731697467,11181,2731708648,2731708648
2025-06-19 03:40:56,REAL,2731708648,10320,2731718968,2731718968
2025-06-19 03:40:58,REAL,2731718968,10255,2731729223,2731729223
2025-06-19 03:41:00,REAL,2731729223,10251,2731739474,2731739474
2025-06-19 03:41:02,REAL,2731739474,10249,2731749723,2731749723
2025-06-19 03:41:04,REAL,2731749723,10258,2731759981,2731759981
2025-06-19 03:41:06,REAL,2731759981,10306,2731770287,2731770287
2025-06-19 03:41:08,REAL,2731770287,814,2731771101,2731771101
2025-06-19 03:41:10,REAL,2731771101,487,2731771588,2731771588
2025-06-19 03:41:12,REAL,2731771588,483,2731772071,2731772071
2025-06-19 03:41:14,REAL,2731772071,479,2731772550,2731772550
2025-06-19 03:41:16,REAL,2731772550,483,2731773033,2731773033
2025-06-19 03:41:18,REAL,2731773033,492,2731773525,2731773525
2025-06-19 03:41:20,REAL,2731773525,484,2731774009,2731774009
2025-06-19 03:41:22,REAL,2731774009,481,2731774490,2731774490
2025-06-19 03:41:24,REAL,2731774490,491,2731774981,2731774981
2025-06-19 03:41:26,REAL,2731774981,483,2731775464,2731775464
2025-06-19 03:41:28,REAL,2731775464,492,2731775956,2731775956
2025-06-19 03:41:30,REAL,2731775956,480,2731776436,2731776436
2025-06-19 03:41:32,REAL,2731776436,487,2731776923,2731776923
2025-06-19 03:41:34,REAL,2731776923,534,2731777457,2731777457
2025-06-19 03:41:36,REAL,2731777457,490,2731777947,2731777947
2025-06-19 03:41:38,REAL,2731777947,488,2731778435,2731778435
2025-06-19 03:41:40,REAL,2731778435,489,2731778924,2731778924
2025-06-19 03:41:42,REAL,2731778924,478,2731779402,2731779402
2025-06-19 03:41:44,REAL,2731779402,490,2731779892,2731779892
2025-06-19 03:41:46,REAL,2731779892,477,2731780369,2731780369
2025-06-19 03:41:48,REAL,2731780369,485,2731780854,2731780854
2025-06-19 03:41:50,REAL,2731780854,491,2731781345,2731781345
2025-06-19 03:41:52,REAL,2731781345,538,2731781883,2731781883
2025-06-19 03:41:54,REAL,2731781883,490,2731782373,2731782373
2025-06-19 03:41:56,REAL,2731782373,8749,2731791122,2731791122
2025-06-19 03:41:58,REAL,2731791122,12825,2731803947,2731803947
2025-06-19 03:42:00,REAL,2731803947,10318,2731814265,2731814265
2025-06-19 03:42:02,REAL,2731814265,10259,2731824524,2731824524
2025-06-19 03:42:04,REAL,2731824524,10252,2731834776,2731834776
2025-06-19 03:42:06,REAL,2731834776,10323,2731845099,2731845099
2025-06-19 03:42:08,REAL,2731845099,10254,2731855353,2731855353
2025-06-19 03:42:10,REAL,2731855353,9334,2731864687,2731864687
2025-06-19 03:42:12,REAL,2731864687,477,2731865164,2731865164
2025-06-19 03:42:14,REAL,2731865164,482,2731865646,2731865646
2025-06-19 03:42:16,REAL,2731865646,482,2731866128,2731866128
2025-06-19 03:42:18,REAL,2731866128,493,2731866621,2731866621
2025-06-19 03:42:20,REAL,2731866621,544,2731867165,2731867165
2025-06-19 03:42:22,REAL,2731867165,483,2731867648,2731867648
2025-06-19 03:42:24,REAL,2731867648,484,2731868132,2731868132
2025-06-19 03:42:26,REAL,2731868132,483,2731868615,2731868615
2025-06-19 03:42:28,REAL,2731868615,479,2731869094,2731869094
2025-06-19 03:42:30,REAL,2731869094,480,2731869574,2731869574
2025-06-19 03:42:32,REAL,2731869574,479,2731870053,2731870053
2025-06-19 03:42:34,REAL,2731870053,479,2731870532,2731870532
2025-06-19 03:42:36,REAL,2731870532,480,2731871012,2731871012
2025-06-19 03:42:38,REAL,2731871012,538,2731871550,2731871550
2025-06-19 03:42:40,REAL,2731871550,479,2731872029,2731872029
2025-06-19 03:42:42,REAL,2731872029,484,2731872513,2731872513
2025-06-19 03:42:44,REAL,2731872513,486,2731872999,2731872999
2025-06-19 03:42:46,REAL,2731872999,484,2731873483,2731873483
2025-06-19 03:42:48,REAL,2731873483,543,2731874026,2731874026
2025-06-19 03:42:50,REAL,2731874026,484,2731874510,2731874510
2025-06-19 03:42:52,REAL,2731874510,479,2731874989,2731874989
2025-06-19 03:42:54,REAL,2731874989,484,2731875473,2731875473
2025-06-19 03:42:56,REAL,2731875473,488,2731875961,2731875961
2025-06-19 03:42:58,REAL,2731875961,477,2731876438,2731876438
2025-06-19 03:43:00,REAL,2731876438,491,2731876929,2731876929
2025-06-19 03:43:02,REAL,2731876929,482,2731877411,2731877411
2025-06-19 03:43:04,REAL,2731877411,492,2731877903,2731877903
2025-06-19 03:43:06,REAL,2731877903,480,2731878383,2731878383
2025-06-19 03:43:08,REAL,2731878383,485,2731878868,2731878868
2025-06-19 03:43:10,REAL,2731878868,478,2731879346,2731879346
2025-06-19 03:43:12,REAL,2731879346,483,2731879829,2731879829
2025-06-19 03:43:14,REAL,2731879829,486,2731880315,2731880315
2025-06-19 03:43:16,REAL,2731880315,486,2731880801,2731880801
2025-06-19 03:43:18,REAL,2731880801,537,2731881338,2731881338
2025-06-19 03:43:20,REAL,2731881338,536,2731881874,2731881874
2025-06-19 03:43:22,REAL,2731881874,484,2731882358,2731882358
2025-06-19 03:43:24,REAL,2731882358,476,2731882834,2731882834
2025-06-19 03:43:26,REAL,2731882834,480,2731883314,2731883314
2025-06-19 03:43:28,REAL,2731883314,486,2731883800,2731883800
2025-06-19 03:43:30,REAL,2731883800,484,2731884284,2731884284
2025-06-19 03:43:32,REAL,2731884284,477,2731884761,2731884761
2025-06-19 03:43:34,REAL,2731884761,485,2731885246,2731885246
2025-06-19 03:43:36,REAL,2731885246,8813,2731894059,2731894059
2025-06-19 03:43:38,REAL,2731894059,10580,2731904639,2731904639
2025-06-19 03:43:40,REAL,2731904639,10318,2731914957,2731914957
2025-06-19 03:43:42,REAL,2731914957,10251,2731925208,2731925208
2025-06-19 03:43:44,REAL,2731925208,10245,2731935453,2731935453
2025-06-19 03:43:46,REAL,2731935453,10312,2731945765,2731945765
2025-06-19 03:43:48,REAL,2731945765,10252,2731956017,2731956017
2025-06-19 03:43:50,REAL,2731956017,7742,2731963759,2731963759
2025-06-19 03:43:52,REAL,2731963759,486,2731964245,2731964245
2025-06-19 03:43:54,REAL,2731964245,478,2731964723,2731964723
2025-06-19 03:43:56,REAL,2731964723,478,2731965201,2731965201
2025-06-19 03:43:58,REAL,2731965201,492,2731965693,2731965693
2025-06-19 03:44:00,REAL,2731965693,477,2731966170,2731966170
2025-06-19 03:44:02,REAL,2731966170,486,2731966656,2731966656
2025-06-19 03:44:04,REAL,2731966656,492,2731967148,2731967148
2025-06-19 03:44:06,REAL,2731967148,486,2731967634,2731967634
2025-06-19 03:44:08,REAL,2731967634,486,2731968120,2731968120
2025-06-19 03:44:10,REAL,2731968120,486,2731968606,2731968606
2025-06-19 03:44:12,REAL,2731968606,484,2731969090,2731969090
2025-06-19 03:44:14,REAL,2731969090,531,2731969621,2731969621
2025-06-19 03:44:16,REAL,2731969621,546,2731970167,2731970167
2025-06-19 03:44:18,REAL,2731970167,487,2731970654,2731970654
2025-06-19 03:44:20,REAL,2731970654,484,2731971138,2731971138
2025-06-19 03:44:22,REAL,2731971138,487,2731971625,2731971625
2025-06-19 03:44:24,REAL,2731971625,486,2731972111,2731972111
2025-06-19 03:44:26,REAL,2731972111,488,2731972599,2731972599
2025-06-19 03:44:28,REAL,2731972599,482,2731973081,2731973081
2025-06-19 03:44:30,REAL,2731973081,491,2731973572,2731973572
2025-06-19 03:44:32,REAL,2731973572,490,2731974062,2731974062
2025-06-19 03:44:34,REAL,2731974062,487,2731974549,2731974549
2025-06-19 03:44:36,REAL,2731974549,486,2731975035,2731975035
2025-06-19 03:44:38,REAL,2731975035,482,2731975517,2731975517
2025-06-19 03:44:40,REAL,2731975517,490,2731976007,2731976007
2025-06-19 03:44:42,REAL,2731976007,477,2731976484,2731976484
2025-06-19 03:44:44,REAL,2731976484,542,2731977026,2731977026
2025-06-19 03:44:46,REAL,2731977026,477,2731977503,2731977503
2025-06-19 03:44:48,REAL,2731977503,483,2731977986,2731977986
2025-06-19 03:44:50,REAL,2731977986,486,2731978472,2731978472
2025-06-19 03:44:52,REAL,2731978472,484,2731978956,2731978956
2025-06-19 03:44:54,REAL,2731978956,482,2731979438,2731979438
2025-06-19 03:44:56,REAL,2731979438,481,2731979919,2731979919
2025-06-19 03:44:58,REAL,2731979919,484,2731980403,2731980403
2025-06-19 03:45:00,REAL,2731980403,539,2731980942,2731980942
2025-06-19 03:45:02,REAL,2731980942,477,2731981419,2731981419
2025-06-19 03:45:04,REAL,2731981419,479,2731981898,2731981898
2025-06-19 03:45:06,REAL,2731981898,490,2731982388,2731982388
2025-06-19 03:45:08,REAL,2731982388,481,2731982869,2731982869
2025-06-19 03:45:10,REAL,2731982869,488,2731983357,2731983357
2025-06-19 03:45:12,REAL,2731983357,485,2731983842,2731983842
2025-06-19 03:45:14,REAL,2731983842,542,2731984384,2731984384
2025-06-19 03:45:16,REAL,2731984384,480,2731984864,2731984864
2025-06-19 03:45:18,REAL,2731984864,479,2731985343,2731985343
2025-06-19 03:45:20,REAL,2731985343,478,2731985821,2731985821
2025-06-19 03:45:22,REAL,2731985821,486,2731986307,2731986307
2025-06-19 03:45:24,REAL,2731986307,483,2731986790,2731986790
2025-06-19 03:45:26,REAL,2731986790,480,2731987270,2731987270
2025-06-19 03:45:28,REAL,2731987270,488,2731987758,2731987758
2025-06-19 03:45:30,REAL,2731987758,482,2731988240,2731988240
2025-06-19 03:45:32,REAL,2731988240,483,2731988723,2731988723
2025-06-19 03:45:34,REAL,2731988723,486,2731989209,2731989209
2025-06-19 03:45:36,REAL,2731989209,481,2731989690,2731989690
2025-06-19 03:45:38,REAL,2731989690,476,2731990166,2731990166
2025-06-19 03:45:40,REAL,2731990166,489,2731990655,2731990655
2025-06-19 03:45:42,REAL,2731990655,598,2731991253,2731991253
2025-06-19 03:45:44,REAL,2731991253,484,2731991737,2731991737
2025-06-19 03:45:46,REAL,2731991737,475,2731992212,2731992212
2025-06-19 03:45:48,REAL,2731992212,488,2731992700,2731992700
2025-06-19 03:45:50,REAL,2731992700,492,2731993192,2731993192
2025-06-19 03:45:52,REAL,2731993192,484,2731993676,2731993676
2025-06-19 03:45:54,REAL,2731993676,493,2731994169,2731994169
2025-06-19 03:45:56,REAL,2731994169,474,2731994643,2731994643
2025-06-19 03:45:58,REAL,2731994643,484,2731995127,2731995127
2025-06-19 03:46:00,REAL,2731995127,487,2731995614,2731995614
2025-06-19 03:46:02,REAL,2731995614,485,2731996099,2731996099
2025-06-19 03:46:04,REAL,2731996099,477,2731996576,2731996576
2025-06-19 03:46:06,REAL,2731996576,477,2731997053,2731997053
2025-06-19 03:46:08,REAL,2731997053,482,2731997535,2731997535
2025-06-19 03:46:10,REAL,2731997535,544,2731998079,2731998079
2025-06-19 03:46:12,REAL,2731998079,477,2731998556,2731998556
2025-06-19 03:46:14,REAL,2731998556,482,2731999038,2731999038
2025-06-19 03:46:16,REAL,2731999038,489,2731999527,2731999527
2025-06-19 03:46:18,REAL,2731999527,489,2732000016,2732000016
2025-06-19 03:46:20,REAL,2732000016,238,2732000254,2732000254
2025-06-19 03:46:22,REAL,2732000254,489,2732000743,2732000743
2025-06-19 03:46:24,REAL,2732000743,490,2732001233,2732001233
2025-06-19 03:46:26,REAL,2732001233,537,2732001770,2732001770
2025-06-19 03:46:28,REAL,2732001770,490,2732002260,2732002260
2025-06-19 03:46:30,REAL,2732002260,485,2732002745,2732002745
2025-06-19 03:46:32,REAL,2732002745,491,2732003236,2732003236
2025-06-19 03:46:34,REAL,2732003236,7946,2732011182,2732011182
2025-06-19 03:46:36,REAL,2732011182,13095,2732024277,2732024277
2025-06-19 03:46:38,REAL,2732024277,10321,2732034598,2732034598
2025-06-19 03:46:40,REAL,2732034598,10255,2732044853,2732044853
2025-06-19 03:46:42,REAL,2732044853,10259,2732055112,2732055112
2025-06-19 03:46:44,REAL,2732055112,10311,2732065423,2732065423
2025-06-19 03:46:46,REAL,2732065423,10258,2732075681,2732075681
2025-06-19 03:46:48,REAL,2732075681,9857,2732085538,2732085538
2025-06-19 03:46:50,REAL,2732085538,480,2732086018,2732086018
2025-06-19 03:46:52,REAL,2732086018,483,2732086501,2732086501
2025-06-19 03:46:54,REAL,2732086501,485,2732086986,2732086986
2025-06-19 03:46:56,REAL,2732086986,480,2732087466,2732087466
2025-06-19 03:46:58,REAL,2732087466,479,2732087945,2732087945
2025-06-19 03:47:00,REAL,2732087945,479,2732088424,2732088424
2025-06-19 03:47:02,REAL,2732088424,540,2732088964,2732088964
2025-06-19 03:47:04,REAL,2732088964,481,2732089445,2732089445
2025-06-19 03:47:06,REAL,2732089445,478,2732089923,2732089923
2025-06-19 03:47:08,REAL,2732089923,490,2732090413,2732090413
2025-06-19 03:47:10,REAL,2732090413,487,2732090900,2732090900
2025-06-19 03:47:12,REAL,2732090900,491,2732091391,2732091391
2025-06-19 03:47:14,REAL,2732091391,544,2732091935,2732091935
2025-06-19 03:47:16,REAL,2732091935,483,2732092418,2732092418
2025-06-19 03:47:18,REAL,2732092418,483,2732092901,2732092901
2025-06-19 03:47:20,REAL,2732092901,490,2732093391,2732093391
2025-06-19 03:47:22,REAL,2732093391,479,2732093870,2732093870
2025-06-19 03:47:24,REAL,2732093870,487,2732094357,2732094357
2025-06-19 03:47:26,REAL,2732094357,2011,2732096368,2732096368
2025-06-19 03:47:28,REAL,2732096368,14541,2732110909,2732110909
2025-06-19 03:47:30,REAL,2732110909,10249,2732121158,2732121158
2025-06-19 03:47:32,REAL,2732121158,10252,2732131410,2732131410
2025-06-19 03:47:34,REAL,2732131410,10315,2732141725,2732141725
2025-06-19 03:47:36,REAL,2732141725,10249,2732151974,2732151974
2025-06-19 03:47:38,REAL,2732151974,10251,2732162225,2732162225
2025-06-19 03:47:40,REAL,2732162225,10256,2732172481,2732172481
2025-06-19 03:47:42,REAL,2732172481,4048,2732176529,2732176529
2025-06-19 03:47:44,REAL,2732176529,491,2732177020,2732177020
2025-06-19 03:47:46,REAL,2732177020,481,2732177501,2732177501
2025-06-19 03:47:48,REAL,2732177501,478,2732177979,2732177979
2025-06-19 03:47:50,REAL,2732177979,481,2732178460,2732178460
2025-06-19 03:47:52,REAL,2732178460,539,2732178999,2732178999
2025-06-19 03:47:54,REAL,2732178999,487,2732179486,2732179486
2025-06-19 03:47:56,REAL,2732179486,488,2732179974,2732179974
2025-06-19 03:47:58,REAL,2732179974,2733,2732182707,2732182707
2025-06-19 03:48:00,REAL,2732182707,14347,2732197054,2732197054
2025-06-19 03:48:02,REAL,2732197054,10316,2732207370,2732207370
2025-06-19 03:48:04,REAL,2732207370,10249,2732217619,2732217619
2025-06-19 03:48:06,REAL,2732217619,10648,2732228267,2732228267
2025-06-19 03:48:08,REAL,2732228267,9859,2732238126,2732238126
2025-06-19 03:48:10,REAL,2732238126,10314,2732248440,2732248440
2025-06-19 03:48:12,REAL,2732248440,10253,2732258693,2732258693
2025-06-19 03:48:14,REAL,2732258693,3389,2732262082,2732262082
2025-06-19 03:48:16,REAL,2732262082,482,2732262564,2732262564
2025-06-19 03:48:18,REAL,2732262564,490,2732263054,2732263054
2025-06-19 03:48:20,REAL,2732263054,487,2732263541,2732263541
2025-06-19 03:48:22,REAL,2732263541,479,2732264020,2732264020
2025-06-19 03:48:24,REAL,2732264020,490,2732264510,2732264510
2025-06-19 03:48:26,REAL,2732264510,486,2732264996,2732264996
2025-06-19 03:48:28,REAL,2732264996,487,2732265483,2732265483
2025-06-19 03:48:30,REAL,2732265483,3594,2732269077,2732269077
2025-06-19 03:48:32,REAL,2732269077,11104,2732280181,2732280181
2025-06-19 03:48:34,REAL,2732280181,10318,2732290499,2732290499
2025-06-19 03:48:36,REAL,2732290499,10256,2732300755,2732300755
2025-06-19 03:48:38,REAL,2732300755,10258,2732311013,2732311013
2025-06-19 03:48:40,REAL,2732311013,10244,2732321257,2732321257
2025-06-19 03:48:42,REAL,2732321257,10254,2732331511,2732331511
2025-06-19 03:48:44,REAL,2732331511,10313,2732341824,2732341824
2025-06-19 03:48:46,REAL,2732341824,2793,2732344617,2732344617
2025-06-19 03:48:48,REAL,2732344617,481,2732345098,2732345098
2025-06-19 03:48:50,REAL,2732345098,484,2732345582,2732345582
2025-06-19 03:48:52,REAL,2732345582,488,2732346070,2732346070
2025-06-19 03:48:54,REAL,2732346070,493,2732346563,2732346563
2025-06-19 03:48:56,REAL,2732346563,489,2732347052,2732347052
2025-06-19 03:48:58,REAL,2732347052,481,2732347533,2732347533
2025-06-19 03:49:00,REAL,2732347533,485,2732348018,2732348018
2025-06-19 03:49:02,REAL,2732348018,478,2732348496,2732348496
2025-06-19 03:49:04,REAL,2732348496,477,2732348973,2732348973
2025-06-19 03:49:06,REAL,2732348973,489,2732349462,2732349462
2025-06-19 03:49:08,REAL,2732349462,487,2732349949,2732349949
2025-06-19 03:49:10,REAL,2732349949,486,2732350435,2732350435
2025-06-19 03:49:12,REAL,2732350435,534,2732350969,2732350969
2025-06-19 03:49:14,REAL,2732350969,483,2732351452,2732351452
2025-06-19 03:49:16,REAL,2732351452,486,2732351938,2732351938
2025-06-19 03:49:18,REAL,2732351938,483,2732352421,2732352421
2025-06-19 03:49:20,REAL,2732352421,476,2732352897,2732352897
2025-06-19 03:49:22,REAL,2732352897,487,2732353384,2732353384
2025-06-19 03:49:24,REAL,2732353384,487,2732353871,2732353871
2025-06-19 03:49:26,REAL,2732353871,482,2732354353,2732354353
2025-06-19 03:49:28,REAL,2732354353,492,2732354845,2732354845
2025-06-19 03:49:30,REAL,2732354845,477,2732355322,2732355322
2025-06-19 03:49:32,REAL,2732355322,480,2732355802,2732355802
2025-06-19 03:49:34,REAL,2732355802,489,2732356291,2732356291
2025-06-19 03:49:36,REAL,2732356291,542,2732356833,2732356833
2025-06-19 03:49:38,REAL,2732356833,486,2732357319,2732357319
2025-06-19 03:49:40,REAL,2732357319,479,2732357798,2732357798
2025-06-19 03:49:42,REAL,2732357798,490,2732358288,2732358288
2025-06-19 03:49:44,REAL,2732358288,493,2732358781,2732358781
2025-06-19 03:49:46,REAL,2732358781,478,2732359259,2732359259
2025-06-19 03:49:48,REAL,2732359259,484,2732359743,2732359743
2025-06-19 03:49:50,REAL,2732359743,486,2732360229,2732360229
2025-06-19 03:49:52,REAL,2732360229,542,2732360771,2732360771
2025-06-19 03:49:54,REAL,2732360771,481,2732361252,2732361252
2025-06-19 03:49:56,REAL,2732361252,10980,2732372232,2732372232
2025-06-19 03:49:58,REAL,2732372232,10251,2732382483,2732382483
2025-06-19 03:50:00,REAL,2732382483,10254,2732392737,2732392737
2025-06-19 03:50:02,REAL,2732392737,10244,2732402981,2732402981
2025-06-19 03:50:04,REAL,2732402981,10243,2732413224,2732413224
2025-06-19 03:50:06,REAL,2732413224,10327,2732423551,2732423551
2025-06-19 03:50:08,REAL,2732423551,10249,2732433800,2732433800
2025-06-19 03:50:10,REAL,2732433800,6022,2732439822,2732439822
2025-06-19 03:50:12,REAL,2732439822,485,2732440307,2732440307
2025-06-19 03:50:14,REAL,2732440307,487,2732440794,2732440794
2025-06-19 03:50:16,REAL,2732440794,491,2732441285,2732441285
2025-06-19 03:50:18,REAL,2732441285,489,2732441774,2732441774
2025-06-19 03:50:20,REAL,2732441774,487,2732442261,2732442261
2025-06-19 03:50:22,REAL,2732442261,484,2732442745,2732442745
2025-06-19 03:50:24,REAL,2732442745,481,2732443226,2732443226
2025-06-19 03:50:26,REAL,2732443226,535,2732443761,2732443761
2025-06-19 03:50:28,REAL,2732443761,486,2732444247,2732444247
2025-06-19 03:50:30,REAL,2732444247,483,2732444730,2732444730
2025-06-19 03:50:32,REAL,2732444730,476,2732445206,2732445206
2025-06-19 03:50:34,REAL,2732445206,487,2732445693,2732445693
2025-06-19 03:50:36,REAL,2732445693,541,2732446234,2732446234
2025-06-19 03:50:38,REAL,2732446234,475,2732446709,2732446709
2025-06-19 03:50:40,REAL,2732446709,484,2732447193,2732447193
2025-06-19 03:50:42,REAL,2732447193,484,2732447677,2732447677
2025-06-19 03:50:44,REAL,2732447677,481,2732448158,2732448158
2025-06-19 03:50:46,REAL,2732448158,485,2732448643,2732448643
2025-06-19 03:50:48,REAL,2732448643,491,2732449134,2732449134
2025-06-19 03:50:50,REAL,2732449134,487,2732449621,2732449621
2025-06-19 03:50:52,REAL,2732449621,487,2732450108,2732450108
2025-06-19 03:50:54,REAL,2732450108,476,2732450584,2732450584
2025-06-19 03:50:56,REAL,2732450584,492,2732451076,2732451076
2025-06-19 03:50:58,REAL,2732451076,488,2732451564,2732451564
2025-06-19 03:51:00,REAL,2732451564,487,2732452051,2732452051
2025-06-19 03:51:02,REAL,2732452051,476,2732452527,2732452527
2025-06-19 03:51:04,REAL,2732452527,474,2732453001,2732453001
2025-06-19 03:51:06,REAL,2732453001,484,2732453485,2732453485
2025-06-19 03:51:08,REAL,2732453485,1146,2732454631,2732454631
2025-06-19 03:51:10,REAL,2732454631,11641,2732466272,2732466272
2025-06-19 03:51:12,REAL,2732466272,10313,2732476585,2732476585
2025-06-19 03:51:14,REAL,2732476585,10244,2732486829,2732486829
2025-06-19 03:51:16,REAL,2732486829,10314,2732497143,2732497143
2025-06-19 03:51:18,REAL,2732497143,10306,2732507449,2732507449
2025-06-19 03:51:20,REAL,2732507449,10322,2732517771,2732517771
2025-06-19 03:51:22,REAL,2732517771,10253,2732528024,2732528024
2025-06-19 03:51:24,REAL,2732528024,4709,2732532733,2732532733
2025-06-19 03:51:26,REAL,2732532733,480,2732533213,2732533213
2025-06-19 03:51:28,REAL,2732533213,484,2732533697,2732533697
2025-06-19 03:51:30,REAL,2732533697,488,2732534185,2732534185
2025-06-19 03:51:32,REAL,2732534185,484,2732534669,2732534669
2025-06-19 03:51:34,REAL,2732534669,487,2732535156,2732535156
2025-06-19 03:51:36,REAL,2732535156,481,2732535637,2732535637
2025-06-19 03:51:38,REAL,2732535637,542,2732536179,2732536179
2025-06-19 03:51:40,REAL,2732536179,1874,2732538053,2732538053
2025-06-19 03:51:42,REAL,2732538053,12037,2732550090,2732550090
2025-06-19 03:51:44,REAL,2732550090,10245,2732560335,2732560335
2025-06-19 03:51:46,REAL,2732560335,10246,2732570581,2732570581
2025-06-19 03:51:48,REAL,2732570581,10311,2732580892,2732580892
2025-06-19 03:51:50,REAL,2732580892,10251,2732591143,2732591143
2025-06-19 03:51:52,REAL,2732591143,10250,2732601393,2732601393
2025-06-19 03:51:54,REAL,2732601393,10316,2732611709,2732611709
2025-06-19 03:51:56,REAL,2732611709,4048,2732615757,2732615757
2025-06-19 03:51:58,REAL,2732615757,489,2732616246,2732616246
2025-06-19 03:52:00,REAL,2732616246,482,2732616728,2732616728
2025-06-19 03:52:02,REAL,2732616728,489,2732617217,2732617217
2025-06-19 03:52:04,REAL,2732617217,491,2732617708,2732617708
2025-06-19 03:52:06,REAL,2732617708,478,2732618186,2732618186
2025-06-19 03:52:08,REAL,2732618186,591,2732618777,2732618777
2025-06-19 03:52:10,REAL,2732618777,488,2732619265,2732619265
2025-06-19 03:52:12,REAL,2732619265,485,2732619750,2732619750
2025-06-19 03:52:14,REAL,2732619750,484,2732620234,2732620234
2025-06-19 03:52:16,REAL,2732620234,489,2732620723,2732620723
2025-06-19 03:52:18,REAL,2732620723,484,2732621207,2732621207
2025-06-19 03:52:20,REAL,2732621207,483,2732621690,2732621690
2025-06-19 03:52:22,REAL,2732621690,476,2732622166,2732622166
2025-06-19 03:52:24,REAL,2732622166,477,2732622643,2732622643
2025-06-19 03:52:26,REAL,2732622643,485,2732623128,2732623128
2025-06-19 03:52:28,REAL,2732623128,488,2732623616,2732623616
2025-06-19 03:52:30,REAL,2732623616,481,2732624097,2732624097
2025-06-19 03:52:32,REAL,2732624097,490,2732624587,2732624587
2025-06-19 03:52:34,REAL,2732624587,479,2732625066,2732625066
2025-06-19 03:52:36,REAL,2732625066,538,2732625604,2732625604
2025-06-19 03:52:38,REAL,2732625604,536,2732626140,2732626140
2025-06-19 03:52:40,REAL,2732626140,486,2732626626,2732626626
2025-06-19 03:52:42,REAL,2732626626,478,2732627104,2732627104
2025-06-19 03:52:44,REAL,2732627104,493,2732627597,2732627597
2025-06-19 03:52:46,REAL,2732627597,476,2732628073,2732628073
2025-06-19 03:52:48,REAL,2732628073,489,2732628562,2732628562
2025-06-19 03:52:50,REAL,2732628562,484,2732629046,2732629046
2025-06-19 03:52:52,REAL,2732629046,479,2732629525,2732629525
2025-06-19 03:52:54,REAL,2732629525,487,2732630012,2732630012
2025-06-19 03:52:56,REAL,2732630012,479,2732630491,2732630491
2025-06-19 03:52:58,REAL,2732630491,489,2732630980,2732630980
2025-06-19 03:53:00,REAL,2732630980,3924,2732634904,2732634904
2025-06-19 03:53:02,REAL,2732634904,11110,2732646014,2732646014
2025-06-19 03:53:04,REAL,2732646014,10247,2732656261,2732656261
2025-06-19 03:53:06,REAL,2732656261,10425,2732666686,2732666686
2025-06-19 03:53:08,REAL,2732666686,10519,2732677205,2732677205
2025-06-19 03:53:10,REAL,2732677205,9995,2732687200,2732687200
2025-06-19 03:53:12,REAL,2732687200,10245,2732697445,2732697445
2025-06-19 03:53:14,REAL,2732697445,10319,2732707764,2732707764
2025-06-19 03:53:16,REAL,2732707764,2457,2732710221,2732710221
2025-06-19 03:53:18,REAL,2732710221,485,2732710706,2732710706
2025-06-19 03:53:20,REAL,2732710706,493,2732711199,2732711199
2025-06-19 03:53:22,REAL,2732711199,484,2732711683,2732711683
2025-06-19 03:53:24,REAL,2732711683,485,2732712168,2732712168
2025-06-19 03:53:26,REAL,2732712168,490,2732712658,2732712658
2025-06-19 03:53:28,REAL,2732712658,492,2732713150,2732713150
2025-06-19 03:53:30,REAL,2732713150,488,2732713638,2732713638
2025-06-19 03:53:32,REAL,2732713638,4589,2732718227,2732718227
2025-06-19 03:53:34,REAL,2732718227,14923,2732733150,2732733150
2025-06-19 03:53:36,REAL,2732733150,10321,2732743471,2732743471
2025-06-19 03:53:38,REAL,2732743471,10319,2732753790,2732753790
2025-06-19 03:53:40,REAL,2732753790,10246,2732764036,2732764036
2025-06-19 03:53:42,REAL,2732764036,10315,2732774351,2732774351
2025-06-19 03:53:44,REAL,2732774351,10253,2732784604,2732784604
2025-06-19 03:53:46,REAL,2732784604,10315,2732794919,2732794919
2025-06-19 03:53:48,REAL,2732794919,1873,2732796792,2732796792
2025-06-19 03:53:50,REAL,2732796792,481,2732797273,2732797273
2025-06-19 03:53:52,REAL,2732797273,485,2732797758,2732797758
2025-06-19 03:53:54,REAL,2732797758,10396,2732808154,2732808154
2025-06-19 03:53:56,REAL,2732808154,10383,2732818537,2732818537
2025-06-19 03:53:58,REAL,2732818537,10252,2732828789,2732828789
2025-06-19 03:54:00,REAL,2732828789,10326,2732839115,2732839115
2025-06-19 03:54:02,REAL,2732839115,10247,2732849362,2732849362
2025-06-19 03:54:04,REAL,2732849362,10313,2732859675,2732859675
2025-06-19 03:54:06,REAL,2732859675,10252,2732869927,2732869927
2025-06-19 03:54:08,REAL,2732869927,6483,2732876410,2732876410
2025-06-19 03:54:10,REAL,2732876410,487,2732876897,2732876897
2025-06-19 03:54:12,REAL,2732876897,485,2732877382,2732877382
2025-06-19 03:54:14,REAL,2732877382,480,2732877862,2732877862
2025-06-19 03:54:16,REAL,2732877862,489,2732878351,2732878351
2025-06-19 03:54:18,REAL,2732878351,483,2732878834,2732878834
2025-06-19 03:54:20,REAL,2732878834,543,2732879377,2732879377
2025-06-19 03:54:22,REAL,2732879377,484,2732879861,2732879861
2025-06-19 03:54:24,REAL,2732879861,490,2732880351,2732880351
2025-06-19 03:54:26,REAL,2732880351,484,2732880835,2732880835
2025-06-19 03:54:28,REAL,2732880835,486,2732881321,2732881321
2025-06-19 03:54:30,REAL,2732881321,485,2732881806,2732881806
2025-06-19 03:54:32,REAL,2732881806,489,2732882295,2732882295
2025-06-19 03:54:34,REAL,2732882295,541,2732882836,2732882836
2025-06-19 03:54:36,REAL,2732882836,486,2732883322,2732883322
2025-06-19 03:54:38,REAL,2732883322,491,2732883813,2732883813
2025-06-19 03:54:40,REAL,2732883813,486,2732884299,2732884299
2025-06-19 03:54:42,REAL,2732884299,480,2732884779,2732884779
2025-06-19 03:54:44,REAL,2732884779,481,2732885260,2732885260
2025-06-19 03:54:46,REAL,2732885260,490,2732885750,2732885750
2025-06-19 03:54:48,REAL,2732885750,479,2732886229,2732886229
2025-06-19 03:54:50,REAL,2732886229,533,2732886762,2732886762
2025-06-19 03:54:52,REAL,2732886762,480,2732887242,2732887242
2025-06-19 03:54:54,REAL,2732887242,487,2732887729,2732887729
2025-06-19 03:54:56,REAL,2732887729,486,2732888215,2732888215
2025-06-19 03:54:58,REAL,2732888215,487,2732888702,2732888702
2025-06-19 03:55:00,REAL,2732888702,477,2732889179,2732889179
2025-06-19 03:55:02,REAL,2732889179,539,2732889718,2732889718
2025-06-19 03:55:04,REAL,2732889718,477,2732890195,2732890195
2025-06-19 03:55:06,REAL,2732890195,482,2732890677,2732890677
2025-06-19 03:55:08,REAL,2732890677,478,2732891155,2732891155
2025-06-19 03:55:10,REAL,2732891155,483,2732891638,2732891638
2025-06-19 03:55:12,REAL,2732891638,816,2732892454,2732892454
2025-06-19 03:55:14,REAL,2732892454,12232,2732904686,2732904686
2025-06-19 03:55:16,REAL,2732904686,10309,2732914995,2732914995
2025-06-19 03:55:18,REAL,2732914995,10309,2732925304,2732925304
2025-06-19 03:55:20,REAL,2732925304,10260,2732935564,2732935564
2025-06-19 03:55:22,REAL,2732935564,10254,2732945818,2732945818
2025-06-19 03:55:24,REAL,2732945818,10320,2732956138,2732956138
2025-06-19 03:55:26,REAL,2732956138,10258,2732966396,2732966396
2025-06-19 03:55:28,REAL,2732966396,4837,2732971233,2732971233
2025-06-19 03:55:30,REAL,2732971233,482,2732971715,2732971715
2025-06-19 03:55:32,REAL,2732971715,536,2732972251,2732972251
2025-06-19 03:55:34,REAL,2732972251,483,2732972734,2732972734
2025-06-19 03:55:36,REAL,2732972734,490,2732973224,2732973224
2025-06-19 03:55:38,REAL,2732973224,488,2732973712,2732973712
2025-06-19 03:55:40,REAL,2732973712,491,2732974203,2732974203
2025-06-19 03:55:42,REAL,2732974203,483,2732974686,2732974686
2025-06-19 03:55:44,REAL,2732974686,479,2732975165,2732975165
2025-06-19 03:55:46,REAL,2732975165,544,2732975709,2732975709
2025-06-19 03:55:48,REAL,2732975709,486,2732976195,2732976195
2025-06-19 03:55:50,REAL,2732976195,484,2732976679,2732976679
2025-06-19 03:55:52,REAL,2732976679,483,2732977162,2732977162
2025-06-19 03:55:54,REAL,2732977162,487,2732977649,2732977649
2025-06-19 03:55:56,REAL,2732977649,491,2732978140,2732978140
2025-06-19 03:55:58,REAL,2732978140,486,2732978626,2732978626
2025-06-19 03:56:00,REAL,2732978626,479,2732979105,2732979105
2025-06-19 03:56:02,REAL,2732979105,538,2732979643,2732979643
2025-06-19 03:56:04,REAL,2732979643,487,2732980130,2732980130
2025-06-19 03:56:06,REAL,2732980130,489,2732980619,2732980619
2025-06-19 03:56:08,REAL,2732980619,485,2732981104,2732981104
2025-06-19 03:56:10,REAL,2732981104,484,2732981588,2732981588
2025-06-19 03:56:12,REAL,2732981588,488,2732982076,2732982076
2025-06-19 03:56:14,REAL,2732982076,482,2732982558,2732982558
2025-06-19 03:56:16,REAL,2732982558,543,2732983101,2732983101
2025-06-19 03:56:18,REAL,2732983101,491,2732983592,2732983592
2025-06-19 03:56:20,REAL,2732983592,485,2732984077,2732984077
2025-06-19 03:56:22,REAL,2732984077,484,2732984561,2732984561
2025-06-19 03:56:24,REAL,2732984561,488,2732985049,2732985049
2025-06-19 03:56:26,REAL,2732985049,487,2732985536,2732985536
2025-06-19 03:56:28,REAL,2732985536,484,2732986020,2732986020
2025-06-19 03:56:30,REAL,2732986020,530,2732986550,2732986550
2025-06-19 03:56:32,REAL,2732986550,479,2732987029,2732987029
2025-06-19 03:56:34,REAL,2732987029,486,2732987515,2732987515
2025-06-19 03:56:36,REAL,2732987515,488,2732988003,2732988003
2025-06-19 03:56:38,REAL,2732988003,483,2732988486,2732988486
2025-06-19 03:56:40,REAL,2732988486,546,2732989032,2732989032
2025-06-19 03:56:42,REAL,2732989032,493,2732989525,2732989525
2025-06-19 03:56:44,REAL,2732989525,482,2732990007,2732990007
2025-06-19 03:56:46,REAL,2732990007,477,2732990484,2732990484
2025-06-19 03:56:48,REAL,2732990484,486,2732990970,2732990970
2025-06-19 03:56:50,REAL,2732990970,480,2732991450,2732991450
2025-06-19 03:56:52,REAL,2732991450,488,2732991938,2732991938
2025-06-19 03:56:54,REAL,2732991938,476,2732992414,2732992414
2025-06-19 03:56:56,REAL,2732992414,485,2732992899,2732992899
2025-06-19 03:56:58,REAL,2732992899,482,2732993381,2732993381
2025-06-19 03:57:00,REAL,2732993381,492,2732993873,2732993873
2025-06-19 03:57:02,REAL,2732993873,482,2732994355,2732994355
2025-06-19 03:57:04,REAL,2732994355,539,2732994894,2732994894
2025-06-19 03:57:06,REAL,2732994894,489,2732995383,2732995383
2025-06-19 03:57:08,REAL,2732995383,481,2732995864,2732995864
2025-06-19 03:57:10,REAL,2732995864,483,2732996347,2732996347
2025-06-19 03:57:12,REAL,2732996347,476,2732996823,2732996823
2025-06-19 03:57:14,REAL,2732996823,483,2732997306,2732997306
2025-06-19 03:57:16,REAL,2732997306,488,2732997794,2732997794
2025-06-19 03:57:18,REAL,2732997794,481,2732998275,2732998275
2025-06-19 03:57:20,REAL,2732998275,538,2732998813,2732998813
2025-06-19 03:57:22,REAL,2732998813,485,2732999298,2732999298
2025-06-19 03:57:24,REAL,2732999298,483,2732999781,2732999781
2025-06-19 03:57:26,REAL,2732999781,489,2733000270,2733000270
2025-06-19 03:57:28,REAL,2733000270,539,2733000809,2733000809
2025-06-19 03:57:30,REAL,2733000809,485,2733001294,2733001294
2025-06-19 03:57:32,REAL,2733001294,486,2733001780,2733001780
2025-06-19 03:57:34,REAL,2733001780,492,2733002272,2733002272
2025-06-19 03:57:36,REAL,2733002272,488,2733002760,2733002760
2025-06-19 03:57:38,REAL,2733002760,481,2733003241,2733003241
2025-06-19 03:57:40,REAL,2733003241,489,2733003730,2733003730
2025-06-19 03:57:42,REAL,2733003730,484,2733004214,2733004214
2025-06-19 03:57:44,REAL,2733004214,478,2733004692,2733004692
2025-06-19 03:57:46,REAL,2733004692,484,2733005176,2733005176
2025-06-19 03:57:48,REAL,2733005176,485,2733005661,2733005661
2025-06-19 03:57:50,REAL,2733005661,485,2733006146,2733006146
2025-06-19 03:57:52,REAL,2733006146,481,2733006627,2733006627
2025-06-19 03:57:54,REAL,2733006627,542,2733007169,2733007169
2025-06-19 03:57:56,REAL,2733007169,485,2733007654,2733007654
2025-06-19 03:57:58,REAL,2733007654,490,2733008144,2733008144
2025-06-19 03:58:00,REAL,2733008144,476,2733008620,2733008620
2025-06-19 03:58:02,REAL,2733008620,476,2733009096,2733009096
2025-06-19 03:58:04,REAL,2733009096,490,2733009586,2733009586
2025-06-19 03:58:06,REAL,2733009586,494,2733010080,2733010080
2025-06-19 03:58:08,REAL,2733010080,544,2733010624,2733010624
2025-06-19 03:58:10,REAL,2733010624,485,2733011109,2733011109
2025-06-19 03:58:12,REAL,2733011109,480,2733011589,2733011589
2025-06-19 03:58:14,REAL,2733011589,494,2733012083,2733012083
2025-06-19 03:58:16,REAL,2733012083,486,2733012569,2733012569
2025-06-19 03:58:18,REAL,2733012569,534,2733013103,2733013103
2025-06-19 03:58:20,REAL,2733013103,482,2733013585,2733013585
2025-06-19 03:58:22,REAL,2733013585,486,2733014071,2733014071
2025-06-19 03:58:24,REAL,2733014071,487,2733014558,2733014558
2025-06-19 03:58:26,REAL,2733014558,480,2733015038,2733015038
2025-06-19 03:58:28,REAL,2733015038,482,2733015520,2733015520
2025-06-19 03:58:30,REAL,2733015520,488,2733016008,2733016008
2025-06-19 03:58:32,REAL,2733016008,484,2733016492,2733016492
2025-06-19 03:58:34,REAL,2733016492,475,2733016967,2733016967
2025-06-19 03:58:36,REAL,2733016967,487,2733017454,2733017454
2025-06-19 03:58:38,REAL,2733017454,488,2733017942,2733017942
2025-06-19 03:58:40,REAL,2733017942,494,2733018436,2733018436
2025-06-19 03:58:42,REAL,2733018436,494,2733018930,2733018930
2025-06-19 03:58:44,REAL,2733018930,537,2733019467,2733019467
2025-06-19 03:58:46,REAL,2733019467,485,2733019952,2733019952
2025-06-19 03:58:48,REAL,2733019952,483,2733020435,2733020435
2025-06-19 03:58:50,REAL,2733020435,6229,2733026664,2733026664
2025-06-19 03:58:52,REAL,2733026664,11449,2733038113,2733038113
2025-06-19 03:58:54,REAL,2733038113,10257,2733048370,2733048370
2025-06-19 03:58:56,REAL,2733048370,10319,2733058689,2733058689
2025-06-19 03:58:58,REAL,2733058689,10307,2733068996,2733068996
2025-06-19 03:59:00,REAL,2733068996,10251,2733079247,2733079247
2025-06-19 03:59:02,REAL,2733079247,10248,2733089495,2733089495
2025-06-19 03:59:04,REAL,2733089495,10258,2733099753,2733099753
2025-06-19 03:59:06,REAL,2733099753,683,2733100436,2733100436
2025-06-19 03:59:08,REAL,2733100436,485,2733100921,2733100921
2025-06-19 03:59:10,REAL,2733100921,493,2733101414,2733101414
2025-06-19 03:59:12,REAL,2733101414,491,2733101905,2733101905
2025-06-19 03:59:14,REAL,2733101905,484,2733102389,2733102389
2025-06-19 03:59:16,REAL,2733102389,541,2733102930,2733102930
2025-06-19 03:59:18,REAL,2733102930,480,2733103410,2733103410
2025-06-19 03:59:20,REAL,2733103410,482,2733103892,2733103892
2025-06-19 03:59:22,REAL,2733103892,487,2733104379,2733104379
2025-06-19 03:59:24,REAL,2733104379,485,2733104864,2733104864
2025-06-19 03:59:26,REAL,2733104864,484,2733105348,2733105348
2025-06-19 03:59:28,REAL,2733105348,485,2733105833,2733105833
2025-06-19 03:59:30,REAL,2733105833,482,2733106315,2733106315
2025-06-19 03:59:32,REAL,2733106315,481,2733106796,2733106796
2025-06-19 03:59:34,REAL,2733106796,480,2733107276,2733107276
2025-06-19 03:59:36,REAL,2733107276,488,2733107764,2733107764
2025-06-19 03:59:38,REAL,2733107764,491,2733108255,2733108255
2025-06-19 03:59:40,REAL,2733108255,538,2733108793,2733108793
2025-06-19 03:59:42,REAL,2733108793,480,2733109273,2733109273
2025-06-19 03:59:44,REAL,2733109273,487,2733109760,2733109760
2025-06-19 03:59:46,REAL,2733109760,484,2733110244,2733110244
2025-06-19 03:59:48,REAL,2733110244,543,2733110787,2733110787
2025-06-19 03:59:50,REAL,2733110787,488,2733111275,2733111275
2025-06-19 03:59:52,REAL,2733111275,487,2733111762,2733111762
2025-06-19 03:59:54,REAL,2733111762,486,2733112248,2733112248
2025-06-19 03:59:56,REAL,2733112248,478,2733112726,2733112726
2025-06-19 03:59:58,REAL,2733112726,479,2733113205,2733113205
2025-06-19 04:00:00,REAL,2733113205,482,2733113687,2733113687
2025-06-19 04:00:02,REAL,2733113687,485,2733114172,2733114172
2025-06-19 04:00:04,REAL,2733114172,545,2733114717,2733114717
2025-06-19 04:00:06,REAL,2733114717,482,2733115199,2733115199
2025-06-19 04:00:08,REAL,2733115199,479,2733115678,2733115678
2025-06-19 04:00:10,REAL,2733115678,7351,2733123029,2733123029
2025-06-19 04:00:12,REAL,2733123029,10913,2733133942,2733133942
2025-06-19 04:00:14,REAL,2733133942,10253,2733144195,2733144195
2025-06-19 04:00:16,REAL,2733144195,10247,2733154442,2733154442
2025-06-19 04:00:18,REAL,2733154442,10245,2733164687,2733164687
2025-06-19 04:00:20,REAL,2733164687,10309,2733174996,2733174996
2025-06-19 04:00:22,REAL,2733174996,10247,2733185243,2733185243
2025-06-19 04:00:24,REAL,2733185243,8865,2733194108,2733194108
2025-06-19 04:00:26,REAL,2733194108,481,2733194589,2733194589
2025-06-19 04:00:28,REAL,2733194589,479,2733195068,2733195068
2025-06-19 04:00:30,REAL,2733195068,480,2733195548,2733195548
2025-06-19 04:00:32,REAL,2733195548,483,2733196031,2733196031
2025-06-19 04:00:34,REAL,2733196031,543,2733196574,2733196574
2025-06-19 04:00:36,REAL,2733196574,539,2733197113,2733197113
2025-06-19 04:00:38,REAL,2733197113,485,2733197598,2733197598
2025-06-19 04:00:40,REAL,2733197598,481,2733198079,2733198079
2025-06-19 04:00:42,REAL,2733198079,8945,2733207024,2733207024
2025-06-19 04:00:44,REAL,2733207024,10853,2733217877,2733217877
2025-06-19 04:00:46,REAL,2733217877,10248,2733228125,2733228125
2025-06-19 04:00:48,REAL,2733228125,10242,2733238367,2733238367
2025-06-19 04:00:50,REAL,2733238367,10317,2733248684,2733248684
2025-06-19 04:00:52,REAL,2733248684,10256,2733258940,2733258940
2025-06-19 04:00:54,REAL,2733258940,10248,2733269188,2733269188
2025-06-19 04:00:56,REAL,2733269188,8270,2733277458,2733277458
2025-06-19 04:00:58,REAL,2733277458,492,2733277950,2733277950
2025-06-19 04:01:00,REAL,2733277950,486,2733278436,2733278436
2025-06-19 04:01:02,REAL,2733278436,2871,2733281307,2733281307
2025-06-19 04:01:04,REAL,2733281307,11444,2733292751,2733292751
2025-06-19 04:01:06,REAL,2733292751,10251,2733303002,2733303002
2025-06-19 04:01:08,REAL,2733303002,10249,2733313251,2733313251
2025-06-19 04:01:10,REAL,2733313251,10187,2733323438,2733323438
2025-06-19 04:01:12,REAL,2733323438,10256,2733333694,2733333694
2025-06-19 04:01:14,REAL,2733333694,10242,2733343936,2733343936
2025-06-19 04:01:16,REAL,2733343936,10323,2733354259,2733354259
2025-06-19 04:01:18,REAL,2733354259,2999,2733357258,2733357258
2025-06-19 04:01:20,REAL,2733357258,480,2733357738,2733357738
2025-06-19 04:01:22,REAL,2733357738,477,2733358215,2733358215
2025-06-19 04:01:24,REAL,2733358215,492,2733358707,2733358707
2025-06-19 04:01:26,REAL,2733358707,530,2733359237,2733359237
2025-06-19 04:01:28,REAL,2733359237,488,2733359725,2733359725
2025-06-19 04:01:30,REAL,2733359725,483,2733360208,2733360208
2025-06-19 04:01:32,REAL,2733360208,489,2733360697,2733360697
2025-06-19 04:01:34,REAL,2733360697,3985,2733364682,2733364682
2025-06-19 04:01:36,REAL,2733364682,11170,2733375852,2733375852
2025-06-19 04:01:38,REAL,2733375852,10311,2733386163,2733386163
2025-06-19 04:01:40,REAL,2733386163,10255,2733396418,2733396418
2025-06-19 04:01:42,REAL,2733396418,10253,2733406671,2733406671
2025-06-19 04:01:44,REAL,2733406671,10255,2733416926,2733416926
2025-06-19 04:01:46,REAL,2733416926,10250,2733427176,2733427176
2025-06-19 04:01:48,REAL,2733427176,10311,2733437487,2733437487
2025-06-19 04:01:50,REAL,2733437487,2404,2733439891,2733439891
2025-06-19 04:01:52,REAL,2733439891,486,2733440377,2733440377
2025-06-19 04:01:54,REAL,2733440377,480,2733440857,2733440857
2025-06-19 04:01:56,REAL,2733440857,474,2733441331,2733441331
2025-06-19 04:01:58,REAL,2733441331,476,2733441807,2733441807
2025-06-19 04:02:00,REAL,2733441807,484,2733442291,2733442291
2025-06-19 04:02:02,REAL,2733442291,485,2733442776,2733442776
2025-06-19 04:02:04,REAL,2733442776,487,2733443263,2733443263
2025-06-19 04:02:06,REAL,2733443263,4918,2733448181,2733448181
2025-06-19 04:02:08,REAL,2733448181,11312,2733459493,2733459493
2025-06-19 04:02:10,REAL,2733459493,10315,2733469808,2733469808
2025-06-19 04:02:12,REAL,2733469808,10252,2733480060,2733480060
2025-06-19 04:02:14,REAL,2733480060,10313,2733490373,2733490373
2025-06-19 04:02:16,REAL,2733490373,10324,2733500697,2733500697
2025-06-19 04:02:18,REAL,2733500697,10251,2733510948,2733510948
2025-06-19 04:02:20,REAL,2733510948,10322,2733521270,2733521270
2025-06-19 04:02:22,REAL,2733521270,1800,2733523070,2733523070
2025-06-19 04:02:24,REAL,2733523070,484,2733523554,2733523554
2025-06-19 04:02:26,REAL,2733523554,486,2733524040,2733524040
2025-06-19 04:02:28,REAL,2733524040,479,2733524519,2733524519
2025-06-19 04:02:30,REAL,2733524519,489,2733525008,2733525008
2025-06-19 04:02:32,REAL,2733525008,484,2733525492,2733525492
2025-06-19 04:02:34,REAL,2733525492,487,2733525979,2733525979
2025-06-19 04:02:36,REAL,2733525979,485,2733526464,2733526464
2025-06-19 04:02:38,REAL,2733526464,479,2733526943,2733526943
2025-06-19 04:02:40,REAL,2733526943,479,2733527422,2733527422
2025-06-19 04:02:42,REAL,2733527422,480,2733527902,2733527902
2025-06-19 04:02:44,REAL,2733527902,485,2733528387,2733528387
2025-06-19 04:02:46,REAL,2733528387,541,2733528928,2733528928
2025-06-19 04:02:48,REAL,2733528928,480,2733529408,2733529408
2025-06-19 04:02:50,REAL,2733529408,483,2733529891,2733529891
2025-06-19 04:02:52,REAL,2733529891,477,2733530368,2733530368
2025-06-19 04:02:54,REAL,2733530368,483,2733530851,2733530851
2025-06-19 04:02:56,REAL,2733530851,541,2733531392,2733531392
2025-06-19 04:02:58,REAL,2733531392,481,2733531873,2733531873
2025-06-19 04:03:00,REAL,2733531873,487,2733532360,2733532360
2025-06-19 04:03:02,REAL,2733532360,483,2733532843,2733532843
2025-06-19 04:03:04,REAL,2733532843,487,2733533330,2733533330
2025-06-19 04:03:06,REAL,2733533330,242,2733533572,2733533572
2025-06-19 04:03:08,REAL,2733533572,484,2733534056,2733534056
2025-06-19 04:03:10,REAL,2733534056,484,2733534540,2733534540
2025-06-19 04:03:12,REAL,2733534540,732,2733535272,2733535272
2025-06-19 04:03:14,REAL,2733535272,245,2733535517,2733535517
2025-06-19 04:03:16,REAL,2733535517,538,2733536055,2733536055
2025-06-19 04:03:18,REAL,2733536055,476,2733536531,2733536531
2025-06-19 04:03:20,REAL,2733536531,486,2733537017,2733537017
2025-06-19 04:03:22,REAL,2733537017,474,2733537491,2733537491
2025-06-19 04:03:24,REAL,2733537491,479,2733537970,2733537970
2025-06-19 04:03:26,REAL,2733537970,478,2733538448,2733538448
2025-06-19 04:03:28,REAL,2733538448,486,2733538934,2733538934
2025-06-19 04:03:30,REAL,2733538934,479,2733539413,2733539413
2025-06-19 04:03:32,REAL,2733539413,482,2733539895,2733539895
2025-06-19 04:03:34,REAL,2733539895,488,2733540383,2733540383
2025-06-19 04:03:36,REAL,2733540383,477,2733540860,2733540860
2025-06-19 04:03:38,REAL,2733540860,489,2733541349,2733541349
2025-06-19 04:03:40,REAL,2733541349,483,2733541832,2733541832
2025-06-19 04:03:42,REAL,2733541832,480,2733542312,2733542312
2025-06-19 04:03:44,REAL,2733542312,534,2733542846,2733542846
2025-06-19 04:03:46,REAL,2733542846,820,2733543666,2733543666
2025-06-19 04:03:48,REAL,2733543666,14987,2733558653,2733558653
2025-06-19 04:03:50,REAL,2733558653,10251,2733568904,2733568904
2025-06-19 04:03:52,REAL,2733568904,10321,2733579225,2733579225
2025-06-19 04:03:54,REAL,2733579225,10253,2733589478,2733589478
2025-06-19 04:03:56,REAL,2733589478,10189,2733599667,2733599667
2025-06-19 04:03:58,REAL,2733599667,10251,2733609918,2733609918
2025-06-19 04:04:00,REAL,2733609918,10252,2733620170,2733620170
2025-06-19 04:04:02,REAL,2733620170,4846,2733625016,2733625016
2025-06-19 04:04:04,REAL,2733625016,486,2733625502,2733625502
2025-06-19 04:04:06,REAL,2733625502,487,2733625989,2733625989
2025-06-19 04:04:08,REAL,2733625989,481,2733626470,2733626470
2025-06-19 04:04:10,REAL,2733626470,480,2733626950,2733626950
2025-06-19 04:04:12,REAL,2733626950,493,2733627443,2733627443
2025-06-19 04:04:14,REAL,2733627443,486,2733627929,2733627929
2025-06-19 04:04:16,REAL,2733627929,480,2733628409,2733628409
2025-06-19 04:04:18,REAL,2733628409,538,2733628947,2733628947
2025-06-19 04:04:20,REAL,2733628947,476,2733629423,2733629423
2025-06-19 04:04:22,REAL,2733629423,483,2733629906,2733629906
2025-06-19 04:04:24,REAL,2733629906,489,2733630395,2733630395
2025-06-19 04:04:26,REAL,2733630395,478,2733630873,2733630873
2025-06-19 04:04:28,REAL,2733630873,485,2733631358,2733631358
2025-06-19 04:04:30,REAL,2733631358,479,2733631837,2733631837
2025-06-19 04:04:32,REAL,2733631837,486,2733632323,2733632323
2025-06-19 04:04:34,REAL,2733632323,541,2733632864,2733632864
2025-06-19 04:04:36,REAL,2733632864,491,2733633355,2733633355
2025-06-19 04:04:38,REAL,2733633355,475,2733633830,2733633830
2025-06-19 04:04:40,REAL,2733633830,482,2733634312,2733634312
2025-06-19 04:04:42,REAL,2733634312,489,2733634801,2733634801
2025-06-19 04:04:44,REAL,2733634801,485,2733635286,2733635286
2025-06-19 04:04:46,REAL,2733635286,479,2733635765,2733635765
2025-06-19 04:04:48,REAL,2733635765,547,2733636312,2733636312
2025-06-19 04:04:50,REAL,2733636312,2202,2733638514,2733638514
2025-06-19 04:04:52,REAL,2733638514,11703,2733650217,2733650217
2025-06-19 04:04:54,REAL,2733650217,10246,2733660463,2733660463
2025-06-19 04:04:56,REAL,2733660463,10249,2733670712,2733670712
2025-06-19 04:04:58,REAL,2733670712,10253,2733680965,2733680965
2025-06-19 04:05:00,REAL,2733680965,10250,2733691215,2733691215
2025-06-19 04:05:02,REAL,2733691215,10248,2733701463,2733701463
2025-06-19 04:05:04,REAL,2733701463,10317,2733711780,2733711780
2025-06-19 04:05:06,REAL,2733711780,3526,2733715306,2733715306
2025-06-19 04:05:08,REAL,2733715306,485,2733715791,2733715791
2025-06-19 04:05:10,REAL,2733715791,486,2733716277,2733716277
2025-06-19 04:05:12,REAL,2733716277,483,2733716760,2733716760
2025-06-19 04:05:14,REAL,2733716760,481,2733717241,2733717241
2025-06-19 04:05:16,REAL,2733717241,481,2733717722,2733717722
2025-06-19 04:05:18,REAL,2733717722,490,2733718212,2733718212
2025-06-19 04:05:20,REAL,2733718212,537,2733718749,2733718749
2025-06-19 04:05:22,REAL,2733718749,482,2733719231,2733719231
2025-06-19 04:05:24,REAL,2733719231,489,2733719720,2733719720
2025-06-19 04:05:26,REAL,2733719720,488,2733720208,2733720208
2025-06-19 04:05:28,REAL,2733720208,479,2733720687,2733720687
2025-06-19 04:05:30,REAL,2733720687,481,2733721168,2733721168
2025-06-19 04:05:32,REAL,2733721168,482,2733721650,2733721650
2025-06-19 04:05:34,REAL,2733721650,489,2733722139,2733722139
2025-06-19 04:05:36,REAL,2733722139,485,2733722624,2733722624
2025-06-19 04:05:38,REAL,2733722624,545,2733723169,2733723169
2025-06-19 04:05:40,REAL,2733723169,490,2733723659,2733723659
2025-06-19 04:05:42,REAL,2733723659,489,2733724148,2733724148
2025-06-19 04:05:44,REAL,2733724148,490,2733724638,2733724638
2025-06-19 04:05:46,REAL,2733724638,489,2733725127,2733725127
2025-06-19 04:05:48,REAL,2733725127,488,2733725615,2733725615
2025-06-19 04:05:50,REAL,2733725615,536,2733726151,2733726151
2025-06-19 04:05:52,REAL,2733726151,479,2733726630,2733726630
2025-06-19 04:05:54,REAL,2733726630,4190,2733730820,2733730820
2025-06-19 04:05:56,REAL,2733730820,11442,2733742262,2733742262
2025-06-19 04:05:58,REAL,2733742262,10247,2733752509,2733752509
2025-06-19 04:06:00,REAL,2733752509,10319,2733762828,2733762828
2025-06-19 04:06:02,REAL,2733762828,10250,2733773078,2733773078
2025-06-19 04:06:04,REAL,2733773078,10258,2733783336,2733783336
2025-06-19 04:06:06,REAL,2733783336,10318,2733793654,2733793654
2025-06-19 04:06:08,REAL,2733793654,10252,2733803906,2733803906
2025-06-19 04:06:10,REAL,2733803906,2260,2733806166,2733806166
2025-06-19 04:06:12,REAL,2733806166,491,2733806657,2733806657
2025-06-19 04:06:14,REAL,2733806657,481,2733807138,2733807138
2025-06-19 04:06:16,REAL,2733807138,478,2733807616,2733807616
2025-06-19 04:06:18,REAL,2733807616,485,2733808101,2733808101
2025-06-19 04:06:20,REAL,2733808101,541,2733808642,2733808642
2025-06-19 04:06:22,REAL,2733808642,487,2733809129,2733809129
2025-06-19 04:06:24,REAL,2733809129,490,2733809619,2733809619
2025-06-19 04:06:26,REAL,2733809619,483,2733810102,2733810102
2025-06-19 04:06:28,REAL,2733810102,487,2733810589,2733810589
2025-06-19 04:06:30,REAL,2733810589,486,2733811075,2733811075
2025-06-19 04:06:32,REAL,2733811075,11248,2733822323,2733822323
2025-06-19 04:06:34,REAL,2733822323,10319,2733832642,2733832642
2025-06-19 04:06:36,REAL,2733832642,10257,2733842899,2733842899
2025-06-19 04:06:38,REAL,2733842899,10316,2733853215,2733853215
2025-06-19 04:06:40,REAL,2733853215,10253,2733863468,2733863468
2025-06-19 04:06:42,REAL,2733863468,10261,2733873729,2733873729
2025-06-19 04:06:44,REAL,2733873729,10320,2733884049,2733884049
2025-06-19 04:06:46,REAL,2733884049,6490,2733890539,2733890539
2025-06-19 04:06:48,REAL,2733890539,488,2733891027,2733891027
2025-06-19 04:06:50,REAL,2733891027,484,2733891511,2733891511
2025-06-19 04:06:52,REAL,2733891511,477,2733891988,2733891988
2025-06-19 04:06:54,REAL,2733891988,482,2733892470,2733892470
2025-06-19 04:06:56,REAL,2733892470,482,2733892952,2733892952
2025-06-19 04:06:58,REAL,2733892952,488,2733893440,2733893440
2025-06-19 04:07:00,REAL,2733893440,490,2733893930,2733893930
2025-06-19 04:07:02,REAL,2733893930,542,2733894472,2733894472
2025-06-19 04:07:04,REAL,2733894472,479,2733894951,2733894951
2025-06-19 04:07:06,REAL,2733894951,484,2733895435,2733895435
2025-06-19 04:07:08,REAL,2733895435,486,2733895921,2733895921
2025-06-19 04:07:10,REAL,2733895921,486,2733896407,2733896407
2025-06-19 04:07:12,REAL,2733896407,484,2733896891,2733896891
2025-06-19 04:07:14,REAL,2733896891,490,2733897381,2733897381
2025-06-19 04:07:16,REAL,2733897381,479,2733897860,2733897860
2025-06-19 04:07:18,REAL,2733897860,488,2733898348,2733898348
2025-06-19 04:07:20,REAL,2733898348,486,2733898834,2733898834
2025-06-19 04:07:22,REAL,2733898834,478,2733899312,2733899312
2025-06-19 04:07:24,REAL,2733899312,543,2733899855,2733899855
2025-06-19 04:07:26,REAL,2733899855,487,2733900342,2733900342
2025-06-19 04:07:28,REAL,2733900342,489,2733900831,2733900831
2025-06-19 04:07:30,REAL,2733900831,486,2733901317,2733901317
2025-06-19 04:07:32,REAL,2733901317,483,2733901800,2733901800
2025-06-19 04:07:34,REAL,2733901800,479,2733902279,2733902279
2025-06-19 04:07:36,REAL,2733902279,488,2733902767,2733902767
2025-06-19 04:07:38,REAL,2733902767,478,2733903245,2733903245
2025-06-19 04:07:40,REAL,2733903245,485,2733903730,2733903730
2025-06-19 04:07:42,REAL,2733903730,487,2733904217,2733904217
2025-06-19 04:07:44,REAL,2733904217,549,2733904766,2733904766
2025-06-19 04:07:46,REAL,2733904766,480,2733905246,2733905246
2025-06-19 04:07:48,REAL,2733905246,482,2733905728,2733905728
2025-06-19 04:07:50,REAL,2733905728,487,2733906215,2733906215
2025-06-19 04:07:52,REAL,2733906215,476,2733906691,2733906691
2025-06-19 04:07:54,REAL,2733906691,484,2733907175,2733907175
2025-06-19 04:07:56,REAL,2733907175,476,2733907651,2733907651
2025-06-19 04:07:58,REAL,2733907651,489,2733908140,2733908140
2025-06-19 04:08:00,REAL,2733908140,485,2733908625,2733908625
2025-06-19 04:08:02,REAL,2733908625,484,2733909109,2733909109
2025-06-19 04:08:04,REAL,2733909109,482,2733909591,2733909591
2025-06-19 04:08:06,REAL,2733909591,491,2733910082,2733910082
2025-06-19 04:08:08,REAL,2733910082,480,2733910562,2733910562
2025-06-19 04:08:10,REAL,2733910562,486,2733911048,2733911048
2025-06-19 04:08:12,REAL,2733911048,483,2733911531,2733911531
2025-06-19 04:08:14,REAL,2733911531,547,2733912078,2733912078
2025-06-19 04:08:16,REAL,2733912078,480,2733912558,2733912558
2025-06-19 04:08:18,REAL,2733912558,482,2733913040,2733913040
2025-06-19 04:08:20,REAL,2733913040,484,2733913524,2733913524
2025-06-19 04:08:22,REAL,2733913524,484,2733914008,2733914008
2025-06-19 04:08:24,REAL,2733914008,494,2733914502,2733914502
2025-06-19 04:08:26,REAL,2733914502,484,2733914986,2733914986
2025-06-19 04:08:28,REAL,2733914986,540,2733915526,2733915526
2025-06-19 04:08:30,REAL,2733915526,493,2733916019,2733916019
2025-06-19 04:08:32,REAL,2733916019,481,2733916500,2733916500
2025-06-19 04:08:34,REAL,2733916500,492,2733916992,2733916992
2025-06-19 04:08:36,REAL,2733916992,485,2733917477,2733917477
2025-06-19 04:08:38,REAL,2733917477,485,2733917962,2733917962
2025-06-19 04:08:40,REAL,2733917962,485,2733918447,2733918447
2025-06-19 04:08:42,REAL,2733918447,487,2733918934,2733918934
2025-06-19 04:08:44,REAL,2733918934,487,2733919421,2733919421
2025-06-19 04:08:46,REAL,2733919421,483,2733919904,2733919904
2025-06-19 04:08:48,REAL,2733919904,485,2733920389,2733920389
2025-06-19 04:08:50,REAL,2733920389,493,2733920882,2733920882
2025-06-19 04:08:52,REAL,2733920882,485,2733921367,2733921367
2025-06-19 04:08:54,REAL,2733921367,487,2733921854,2733921854
2025-06-19 04:08:56,REAL,2733921854,485,2733922339,2733922339
2025-06-19 04:08:58,REAL,2733922339,478,2733922817,2733922817
2025-06-19 04:09:00,REAL,2733922817,486,2733923303,2733923303
2025-06-19 04:09:02,REAL,2733923303,480,2733923783,2733923783
2025-06-19 04:09:04,REAL,2733923783,483,2733924266,2733924266
2025-06-19 04:09:06,REAL,2733924266,533,2733924799,2733924799
2025-06-19 04:09:08,REAL,2733924799,485,2733925284,2733925284
2025-06-19 04:09:10,REAL,2733925284,544,2733925828,2733925828
2025-06-19 04:09:12,REAL,2733925828,488,2733926316,2733926316
2025-06-19 04:09:14,REAL,2733926316,482,2733926798,2733926798
2025-06-19 04:09:16,REAL,2733926798,486,2733927284,2733927284
2025-06-19 04:09:18,REAL,2733927284,484,2733927768,2733927768
2025-06-19 04:09:20,REAL,2733927768,482,2733928250,2733928250
2025-06-19 04:09:22,REAL,2733928250,490,2733928740,2733928740
2025-06-19 04:09:24,REAL,2733928740,491,2733929231,2733929231
2025-06-19 04:09:26,REAL,2733929231,484,2733929715,2733929715
2025-06-19 04:09:28,REAL,2733929715,492,2733930207,2733930207
2025-06-19 04:09:30,REAL,2733930207,474,2733930681,2733930681
2025-06-19 04:09:32,REAL,2733930681,474,2733931155,2733931155
2025-06-19 04:09:34,REAL,2733931155,484,2733931639,2733931639
2025-06-19 04:09:36,REAL,2733931639,482,2733932121,2733932121
2025-06-19 04:09:38,REAL,2733932121,482,2733932603,2733932603
2025-06-19 04:09:40,REAL,2733932603,483,2733933086,2733933086
2025-06-19 04:09:42,REAL,2733933086,490,2733933576,2733933576
2025-06-19 04:09:44,REAL,2733933576,486,2733934062,2733934062
2025-06-19 04:09:46,REAL,2733934062,490,2733934552,2733934552
2025-06-19 04:09:48,REAL,2733934552,483,2733935035,2733935035
2025-06-19 04:09:50,REAL,2733935035,485,2733935520,2733935520
2025-06-19 04:09:52,REAL,2733935520,486,2733936006,2733936006
2025-06-19 04:09:54,REAL,2733936006,535,2733936541,2733936541
2025-06-19 04:09:56,REAL,2733936541,537,2733937078,2733937078
2025-06-19 04:09:58,REAL,2733937078,491,2733937569,2733937569
2025-06-19 04:10:00,REAL,2733937569,492,2733938061,2733938061
2025-06-19 04:10:02,REAL,2733938061,478,2733938539,2733938539
2025-06-19 04:10:04,REAL,2733938539,479,2733939018,2733939018
2025-06-19 04:10:06,REAL,2733939018,484,2733939502,2733939502
2025-06-19 04:10:08,REAL,2733939502,480,2733939982,2733939982
2025-06-19 04:10:10,REAL,2733939982,486,2733940468,2733940468
2025-06-19 04:10:12,REAL,2733940468,476,2733940944,2733940944
2025-06-19 04:10:14,REAL,2733940944,485,2733941429,2733941429
2025-06-19 04:10:16,REAL,2733941429,479,2733941908,2733941908
2025-06-19 04:10:18,REAL,2733941908,479,2733942387,2733942387
2025-06-19 04:10:20,REAL,2733942387,477,2733942864,2733942864
2025-06-19 04:10:22,REAL,2733942864,480,2733943344,2733943344
2025-06-19 04:10:24,REAL,2733943344,490,2733943834,2733943834
2025-06-19 04:10:26,REAL,2733943834,484,2733944318,2733944318
2025-06-19 04:10:28,REAL,2733944318,490,2733944808,2733944808
2025-06-19 04:10:30,REAL,2733944808,481,2733945289,2733945289
2025-06-19 04:10:32,REAL,2733945289,482,2733945771,2733945771
2025-06-19 04:10:34,REAL,2733945771,474,2733946245,2733946245
2025-06-19 04:10:36,REAL,2733946245,534,2733946779,2733946779
2025-06-19 04:10:38,REAL,2733946779,483,2733947262,2733947262
2025-06-19 04:10:40,REAL,2733947262,481,2733947743,2733947743
2025-06-19 04:10:42,REAL,2733947743,480,2733948223,2733948223
2025-06-19 04:10:44,REAL,2733948223,488,2733948711,2733948711
2025-06-19 04:10:46,REAL,2733948711,5179,2733953890,2733953890
2025-06-19 04:10:48,REAL,2733953890,11042,2733964932,2733964932
2025-06-19 04:10:50,REAL,2733964932,10312,2733975244,2733975244
2025-06-19 04:10:52,REAL,2733975244,10250,2733985494,2733985494
2025-06-19 04:10:54,REAL,2733985494,10260,2733995754,2733995754
2025-06-19 04:10:56,REAL,2733995754,10247,2734006001,2734006001
2025-06-19 04:10:58,REAL,2734006001,10249,2734016250,2734016250
2025-06-19 04:11:00,REAL,2734016250,10318,2734026568,2734026568
2025-06-19 04:11:02,REAL,2734026568,1478,2734028046,2734028046
2025-06-19 04:11:04,REAL,2734028046,482,2734028528,2734028528
2025-06-19 04:11:06,REAL,2734028528,481,2734029009,2734029009
2025-06-19 04:11:08,REAL,2734029009,485,2734029494,2734029494
2025-06-19 04:11:10,REAL,2734029494,483,2734029977,2734029977
2025-06-19 04:11:12,REAL,2734029977,493,2734030470,2734030470
2025-06-19 04:11:14,REAL,2734030470,491,2734030961,2734030961
2025-06-19 04:11:16,REAL,2734030961,491,2734031452,2734031452
2025-06-19 04:11:18,REAL,2734031452,478,2734031930,2734031930
2025-06-19 04:11:20,REAL,2734031930,543,2734032473,2734032473
2025-06-19 04:11:22,REAL,2734032473,485,2734032958,2734032958
2025-06-19 04:11:24,REAL,2734032958,492,2734033450,2734033450
2025-06-19 04:11:26,REAL,2734033450,485,2734033935,2734033935
2025-06-19 04:11:28,REAL,2734033935,485,2734034420,2734034420
2025-06-19 04:11:30,REAL,2734034420,485,2734034905,2734034905
2025-06-19 04:11:32,REAL,2734034905,488,2734035393,2734035393
2025-06-19 04:11:34,REAL,2734035393,487,2734035880,2734035880
2025-06-19 04:11:36,REAL,2734035880,480,2734036360,2734036360
2025-06-19 04:11:38,REAL,2734036360,538,2734036898,2734036898
2025-06-19 04:11:40,REAL,2734036898,478,2734037376,2734037376
2025-06-19 04:11:42,REAL,2734037376,490,2734037866,2734037866
2025-06-19 04:11:44,REAL,2734037866,486,2734038352,2734038352
2025-06-19 04:11:46,REAL,2734038352,486,2734038838,2734038838
2025-06-19 04:11:48,REAL,2734038838,479,2734039317,2734039317
2025-06-19 04:11:50,REAL,2734039317,475,2734039792,2734039792
2025-06-19 04:11:52,REAL,2734039792,475,2734040267,2734040267
2025-06-19 04:11:54,REAL,2734040267,483,2734040750,2734040750
2025-06-19 04:11:56,REAL,2734040750,488,2734041238,2734041238
2025-06-19 04:11:58,REAL,2734041238,492,2734041730,2734041730
2025-06-19 04:12:00,REAL,2734041730,488,2734042218,2734042218
2025-06-19 04:12:02,REAL,2734042218,543,2734042761,2734042761
2025-06-19 04:12:04,REAL,2734042761,482,2734043243,2734043243
2025-06-19 04:12:06,REAL,2734043243,484,2734043727,2734043727
2025-06-19 04:12:08,REAL,2734043727,492,2734044219,2734044219
2025-06-19 04:12:10,REAL,2734044219,487,2734044706,2734044706
2025-06-19 04:12:12,REAL,2734044706,483,2734045189,2734045189
2025-06-19 04:12:14,REAL,2734045189,484,2734045673,2734045673
2025-06-19 04:12:16,REAL,2734045673,536,2734046209,2734046209
2025-06-19 04:12:18,REAL,2734046209,485,2734046694,2734046694
2025-06-19 04:12:20,REAL,2734046694,486,2734047180,2734047180
2025-06-19 04:12:22,REAL,2734047180,490,2734047670,2734047670
2025-06-19 04:12:24,REAL,2734047670,475,2734048145,2734048145
2025-06-19 04:12:26,REAL,2734048145,482,2734048627,2734048627
2025-06-19 04:12:28,REAL,2734048627,486,2734049113,2734049113
2025-06-19 04:12:30,REAL,2734049113,488,2734049601,2734049601
2025-06-19 04:12:32,REAL,2734049601,489,2734050090,2734050090
2025-06-19 04:12:34,REAL,2734050090,479,2734050569,2734050569
2025-06-19 04:12:36,REAL,2734050569,493,2734051062,2734051062
2025-06-19 04:12:38,REAL,2734051062,488,2734051550,2734051550
2025-06-19 04:12:40,REAL,2734051550,545,2734052095,2734052095
2025-06-19 04:12:42,REAL,2734052095,493,2734052588,2734052588
2025-06-19 04:12:44,REAL,2734052588,489,2734053077,2734053077
2025-06-19 04:12:46,REAL,2734053077,481,2734053558,2734053558
2025-06-19 04:12:48,REAL,2734053558,479,2734054037,2734054037
2025-06-19 04:12:50,REAL,2734054037,492,2734054529,2734054529
2025-06-19 04:12:52,REAL,2734054529,539,2734055068,2734055068
2025-06-19 04:12:54,REAL,2734055068,479,2734055547,2734055547
2025-06-19 04:12:56,REAL,2734055547,482,2734056029,2734056029
2025-06-19 04:12:58,REAL,2734056029,483,2734056512,2734056512
2025-06-19 04:13:00,REAL,2734056512,484,2734056996,2734056996
2025-06-19 04:13:02,REAL,2734056996,489,2734057485,2734057485
2025-06-19 04:13:04,REAL,2734057485,484,2734057969,2734057969
2025-06-19 04:13:06,REAL,2734057969,479,2734058448,2734058448
2025-06-19 04:13:08,REAL,2734058448,483,2734058931,2734058931
2025-06-19 04:13:10,REAL,2734058931,479,2734059410,2734059410
2025-06-19 04:13:12,REAL,2734059410,490,2734059900,2734059900
2025-06-19 04:13:14,REAL,2734059900,2669,2734062569,2734062569
2025-06-19 04:13:16,REAL,2734062569,12614,2734075183,2734075183
2025-06-19 04:13:18,REAL,2734075183,9527,2734084710,2734084710
2025-06-19 04:13:20,REAL,2734084710,10315,2734095025,2734095025
2025-06-19 04:13:22,REAL,2734095025,10256,2734105281,2734105281
2025-06-19 04:13:24,REAL,2734105281,10323,2734115604,2734115604
2025-06-19 04:13:26,REAL,2734115604,10249,2734125853,2734125853
2025-06-19 04:13:28,REAL,2734125853,10247,2734136100,2734136100
2025-06-19 04:13:30,REAL,2734136100,3520,2734139620,2734139620
2025-06-19 04:13:32,REAL,2734139620,488,2734140108,2734140108
2025-06-19 04:13:34,REAL,2734140108,493,2734140601,2734140601
2025-06-19 04:13:36,REAL,2734140601,494,2734141095,2734141095
2025-06-19 04:13:38,REAL,2734141095,479,2734141574,2734141574
2025-06-19 04:13:40,REAL,2734141574,479,2734142053,2734142053
2025-06-19 04:13:42,REAL,2734142053,481,2734142534,2734142534
2025-06-19 04:13:44,REAL,2734142534,479,2734143013,2734143013
2025-06-19 04:13:46,REAL,2734143013,3589,2734146602,2734146602
2025-06-19 04:13:48,REAL,2734146602,11177,2734157779,2734157779
2025-06-19 04:13:50,REAL,2734157779,10251,2734168030,2734168030
2025-06-19 04:13:52,REAL,2734168030,10377,2734178407,2734178407
2025-06-19 04:13:54,REAL,2734178407,10245,2734188652,2734188652
2025-06-19 04:13:56,REAL,2734188652,10252,2734198904,2734198904
2025-06-19 04:13:58,REAL,2734198904,10253,2734209157,2734209157
2025-06-19 04:14:00,REAL,2734209157,10260,2734219417,2734219417
2025-06-19 04:14:02,REAL,2734219417,2922,2734222339,2734222339
2025-06-19 04:14:04,REAL,2734222339,478,2734222817,2734222817
2025-06-19 04:14:06,REAL,2734222817,481,2734223298,2734223298
2025-06-19 04:14:08,REAL,2734223298,482,2734223780,2734223780
2025-06-19 04:14:10,REAL,2734223780,484,2734224264,2734224264
2025-06-19 04:14:12,REAL,2734224264,493,2734224757,2734224757
2025-06-19 04:14:14,REAL,2734224757,481,2734225238,2734225238
2025-06-19 04:14:16,REAL,2734225238,480,2734225718,2734225718
2025-06-19 04:14:18,REAL,2734225718,3988,2734229706,2734229706
2025-06-19 04:14:20,REAL,2734229706,11712,2734241418,2734241418
2025-06-19 04:14:22,REAL,2734241418,10255,2734251673,2734251673
2025-06-19 04:14:24,REAL,2734251673,10247,2734261920,2734261920
2025-06-19 04:14:26,REAL,2734261920,10253,2734272173,2734272173
2025-06-19 04:14:28,REAL,2734272173,10251,2734282424,2734282424
2025-06-19 04:14:30,REAL,2734282424,10366,2734292790,2734292790
2025-06-19 04:14:32,REAL,2734292790,10250,2734303040,2734303040
2025-06-19 04:14:34,REAL,2734303040,2263,2734305303,2734305303
2025-06-19 04:14:36,REAL,2734305303,482,2734305785,2734305785
2025-06-19 04:14:38,REAL,2734305785,485,2734306270,2734306270
2025-06-19 04:14:40,REAL,2734306270,488,2734306758,2734306758
2025-06-19 04:14:42,REAL,2734306758,480,2734307238,2734307238
2025-06-19 04:14:44,REAL,2734307238,481,2734307719,2734307719
2025-06-19 04:14:46,REAL,2734307719,487,2734308206,2734308206
2025-06-19 04:14:48,REAL,2734308206,483,2734308689,2734308689
2025-06-19 04:14:50,REAL,2734308689,489,2734309178,2734309178
2025-06-19 04:14:52,REAL,2734309178,491,2734309669,2734309669
2025-06-19 04:14:54,REAL,2734309669,485,2734310154,2734310154
2025-06-19 04:14:56,REAL,2734310154,539,2734310693,2734310693
2025-06-19 04:14:58,REAL,2734310693,481,2734311174,2734311174
2025-06-19 04:15:00,REAL,2734311174,480,2734311654,2734311654
2025-06-19 04:15:02,REAL,2734311654,485,2734312139,2734312139
2025-06-19 04:15:04,REAL,2734312139,480,2734312619,2734312619
2025-06-19 04:15:06,REAL,2734312619,548,2734313167,2734313167
2025-06-19 04:15:08,REAL,2734313167,491,2734313658,2734313658
2025-06-19 04:15:10,REAL,2734313658,481,2734314139,2734314139
2025-06-19 04:15:12,REAL,2734314139,484,2734314623,2734314623
2025-06-19 04:15:14,REAL,2734314623,483,2734315106,2734315106
2025-06-19 04:15:16,REAL,2734315106,479,2734315585,2734315585
2025-06-19 04:15:18,REAL,2734315585,480,2734316065,2734316065
2025-06-19 04:15:20,REAL,2734316065,492,2734316557,2734316557
2025-06-19 04:15:22,REAL,2734316557,485,2734317042,2734317042
2025-06-19 04:15:24,REAL,2734317042,479,2734317521,2734317521
2025-06-19 04:15:26,REAL,2734317521,481,2734318002,2734318002
2025-06-19 04:15:28,REAL,2734318002,481,2734318483,2734318483
2025-06-19 04:15:30,REAL,2734318483,489,2734318972,2734318972
2025-06-19 04:15:32,REAL,2734318972,491,2734319463,2734319463
2025-06-19 04:15:34,REAL,2734319463,548,2734320011,2734320011
2025-06-19 04:15:36,REAL,2734320011,481,2734320492,2734320492
2025-06-19 04:15:38,REAL,2734320492,479,2734320971,2734320971
2025-06-19 04:15:40,REAL,2734320971,479,2734321450,2734321450
2025-06-19 04:15:42,REAL,2734321450,486,2734321936,2734321936
2025-06-19 04:15:44,REAL,2734321936,543,2734322479,2734322479
2025-06-19 04:15:46,REAL,2734322479,480,2734322959,2734322959
2025-06-19 04:15:48,REAL,2734322959,485,2734323444,2734323444
2025-06-19 04:15:50,REAL,2734323444,486,2734323930,2734323930
2025-06-19 04:15:52,REAL,2734323930,479,2734324409,2734324409
2025-06-19 04:15:54,REAL,2734324409,486,2734324895,2734324895
2025-06-19 04:15:56,REAL,2734324895,483,2734325378,2734325378
2025-06-19 04:15:58,REAL,2734325378,481,2734325859,2734325859
2025-06-19 04:16:00,REAL,2734325859,481,2734326340,2734326340
2025-06-19 04:16:02,REAL,2734326340,484,2734326824,2734326824
2025-06-19 04:16:04,REAL,2734326824,552,2734327376,2734327376
2025-06-19 04:16:06,REAL,2734327376,480,2734327856,2734327856
2025-06-19 04:16:08,REAL,2734327856,487,2734328343,2734328343
2025-06-19 04:16:10,REAL,2734328343,485,2734328828,2734328828
2025-06-19 04:16:12,REAL,2734328828,488,2734329316,2734329316
2025-06-19 04:16:14,REAL,2734329316,540,2734329856,2734329856
2025-06-19 04:16:16,REAL,2734329856,481,2734330337,2734330337
2025-06-19 04:16:18,REAL,2734330337,487,2734330824,2734330824
2025-06-19 04:16:20,REAL,2734330824,489,2734331313,2734331313
2025-06-19 04:16:22,REAL,2734331313,543,2734331856,2734331856
2025-06-19 04:16:24,REAL,2734331856,481,2734332337,2734332337
2025-06-19 04:16:26,REAL,2734332337,484,2734332821,2734332821
2025-06-19 04:16:28,REAL,2734332821,484,2734333305,2734333305
2025-06-19 04:16:30,REAL,2734333305,484,2734333789,2734333789
2025-06-19 04:16:32,REAL,2734333789,483,2734334272,2734334272
2025-06-19 04:16:34,REAL,2734334272,485,2734334757,2734334757
2025-06-19 04:16:36,REAL,2734334757,483,2734335240,2734335240
2025-06-19 04:16:38,REAL,2734335240,493,2734335733,2734335733
2025-06-19 04:16:40,REAL,2734335733,480,2734336213,2734336213
2025-06-19 04:16:42,REAL,2734336213,484,2734336697,2734336697
2025-06-19 04:16:44,REAL,2734336697,479,2734337176,2734337176
2025-06-19 04:16:46,REAL,2734337176,477,2734337653,2734337653
2025-06-19 04:16:48,REAL,2734337653,484,2734338137,2734338137
2025-06-19 04:16:50,REAL,2734338137,481,2734338618,2734338618
2025-06-19 04:16:52,REAL,2734338618,7951,2734346569,2734346569
2025-06-19 04:16:54,REAL,2734346569,10917,2734357486,2734357486
2025-06-19 04:16:56,REAL,2734357486,10303,2734367789,2734367789
2025-06-19 04:16:58,REAL,2734367789,10253,2734378042,2734378042
2025-06-19 04:17:00,REAL,2734378042,10244,2734388286,2734388286
2025-06-19 04:17:02,REAL,2734388286,10251,2734398537,2734398537
2025-06-19 04:17:04,REAL,2734398537,10252,2734408789,2734408789
2025-06-19 04:17:06,REAL,2734408789,9127,2734417916,2734417916
2025-06-19 04:17:08,REAL,2734417916,480,2734418396,2734418396
2025-06-19 04:17:10,REAL,2734418396,489,2734418885,2734418885
2025-06-19 04:17:12,REAL,2734418885,481,2734419366,2734419366
2025-06-19 04:17:14,REAL,2734419366,487,2734419853,2734419853
2025-06-19 04:17:16,REAL,2734419853,484,2734420337,2734420337
2025-06-19 04:17:18,REAL,2734420337,538,2734420875,2734420875
2025-06-19 04:17:20,REAL,2734420875,479,2734421354,2734421354
2025-06-19 04:17:22,REAL,2734421354,485,2734421839,2734421839
2025-06-19 04:17:24,REAL,2734421839,481,2734422320,2734422320
2025-06-19 04:17:26,REAL,2734422320,488,2734422808,2734422808
2025-06-19 04:17:28,REAL,2734422808,482,2734423290,2734423290
2025-06-19 04:17:30,REAL,2734423290,487,2734423777,2734423777
2025-06-19 04:17:32,REAL,2734423777,484,2734424261,2734424261
2025-06-19 04:17:34,REAL,2734424261,482,2734424743,2734424743
2025-06-19 04:17:36,REAL,2734424743,481,2734425224,2734425224
2025-06-19 04:17:38,REAL,2734425224,484,2734425708,2734425708
2025-06-19 04:17:40,REAL,2734425708,540,2734426248,2734426248
2025-06-19 04:17:42,REAL,2734426248,541,2734426789,2734426789
2025-06-19 04:17:44,REAL,2734426789,478,2734427267,2734427267
2025-06-19 04:17:46,REAL,2734427267,486,2734427753,2734427753
2025-06-19 04:17:48,REAL,2734427753,486,2734428239,2734428239
2025-06-19 04:17:50,REAL,2734428239,480,2734428719,2734428719
2025-06-19 04:17:52,REAL,2734428719,481,2734429200,2734429200
2025-06-19 04:17:54,REAL,2734429200,479,2734429679,2734429679
2025-06-19 04:17:56,REAL,2734429679,479,2734430158,2734430158
2025-06-19 04:17:58,REAL,2734430158,483,2734430641,2734430641
2025-06-19 04:18:00,REAL,2734430641,3267,2734433908,2734433908
2025-06-19 04:18:02,REAL,2734433908,11566,2734445474,2734445474
2025-06-19 04:18:04,REAL,2734445474,10250,2734455724,2734455724
2025-06-19 04:18:06,REAL,2734455724,10328,2734466052,2734466052
2025-06-19 04:18:08,REAL,2734466052,10250,2734476302,2734476302
2025-06-19 04:18:10,REAL,2734476302,10245,2734486547,2734486547
2025-06-19 04:18:12,REAL,2734486547,10245,2734496792,2734496792
2025-06-19 04:18:14,REAL,2734496792,10258,2734507050,2734507050
2025-06-19 04:18:16,REAL,2734507050,2986,2734510036,2734510036
2025-06-19 04:18:18,REAL,2734510036,487,2734510523,2734510523
2025-06-19 04:18:20,REAL,2734510523,479,2734511002,2734511002
2025-06-19 04:18:22,REAL,2734511002,481,2734511483,2734511483
2025-06-19 04:18:24,REAL,2734511483,533,2734512016,2734512016
2025-06-19 04:18:26,REAL,2734512016,484,2734512500,2734512500
2025-06-19 04:18:28,REAL,2734512500,487,2734512987,2734512987
2025-06-19 04:18:30,REAL,2734512987,479,2734513466,2734513466
2025-06-19 04:18:32,REAL,2734513466,476,2734513942,2734513942
2025-06-19 04:18:34,REAL,2734513942,477,2734514419,2734514419
2025-06-19 04:18:36,REAL,2734514419,483,2734514902,2734514902
2025-06-19 04:18:38,REAL,2734514902,488,2734515390,2734515390
2025-06-19 04:18:40,REAL,2734515390,480,2734515870,2734515870
2025-06-19 04:18:42,REAL,2734515870,480,2734516350,2734516350
2025-06-19 04:18:44,REAL,2734516350,494,2734516844,2734516844
2025-06-19 04:18:46,REAL,2734516844,541,2734517385,2734517385
2025-06-19 04:18:48,REAL,2734517385,478,2734517863,2734517863
2025-06-19 04:18:50,REAL,2734517863,483,2734518346,2734518346
2025-06-19 04:18:52,REAL,2734518346,546,2734518892,2734518892
2025-06-19 04:18:54,REAL,2734518892,479,2734519371,2734519371
2025-06-19 04:18:56,REAL,2734519371,487,2734519858,2734519858
2025-06-19 04:18:58,REAL,2734519858,480,2734520338,2734520338
2025-06-19 04:19:00,REAL,2734520338,484,2734520822,2734520822
2025-06-19 04:19:02,REAL,2734520822,489,2734521311,2734521311
2025-06-19 04:19:04,REAL,2734521311,481,2734521792,2734521792
2025-06-19 04:19:06,REAL,2734521792,490,2734522282,2734522282
2025-06-19 04:19:08,REAL,2734522282,541,2734522823,2734522823
2025-06-19 04:19:10,REAL,2734522823,484,2734523307,2734523307
2025-06-19 04:19:12,REAL,2734523307,484,2734523791,2734523791
2025-06-19 04:19:14,REAL,2734523791,485,2734524276,2734524276
2025-06-19 04:19:16,REAL,2734524276,485,2734524761,2734524761
2025-06-19 04:19:18,REAL,2734524761,487,2734525248,2734525248
2025-06-19 04:19:20,REAL,2734525248,488,2734525736,2734525736
2025-06-19 04:19:22,REAL,2734525736,478,2734526214,2734526214
2025-06-19 04:19:24,REAL,2734526214,485,2734526699,2734526699
2025-06-19 04:19:26,REAL,2734526699,484,2734527183,2734527183
2025-06-19 04:19:28,REAL,2734527183,482,2734527665,2734527665
2025-06-19 04:19:30,REAL,2734527665,543,2734528208,2734528208
2025-06-19 04:19:32,REAL,2734528208,482,2734528690,2734528690
2025-06-19 04:19:34,REAL,2734528690,487,2734529177,2734529177
2025-06-19 04:19:36,REAL,2734529177,5513,2734534690,2734534690
2025-06-19 04:19:38,REAL,2734534690,11171,2734545861,2734545861
2025-06-19 04:19:40,REAL,2734545861,10255,2734556116,2734556116
2025-06-19 04:19:42,REAL,2734556116,10319,2734566435,2734566435
2025-06-19 04:19:44,REAL,2734566435,10256,2734576691,2734576691
2025-06-19 04:19:46,REAL,2734576691,10012,2734586703,2734586703
2025-06-19 04:19:48,REAL,2734586703,10250,2734596953,2734596953
2025-06-19 04:19:50,REAL,2734596953,10311,2734607264,2734607264
2025-06-19 04:19:52,REAL,2734607264,1197,2734608461,2734608461
2025-06-19 04:19:54,REAL,2734608461,477,2734608938,2734608938
2025-06-19 04:19:56,REAL,2734608938,488,2734609426,2734609426
2025-06-19 04:19:58,REAL,2734609426,11781,2734621207,2734621207
2025-06-19 04:20:00,REAL,2734621207,10244,2734631451,2734631451
2025-06-19 04:20:02,REAL,2734631451,10245,2734641696,2734641696
2025-06-19 04:20:04,REAL,2734641696,10323,2734652019,2734652019
2025-06-19 04:20:06,REAL,2734652019,10248,2734662267,2734662267
2025-06-19 04:20:08,REAL,2734662267,10255,2734672522,2734672522
2025-06-19 04:20:10,REAL,2734672522,10260,2734682782,2734682782
2025-06-19 04:20:12,REAL,2734682782,5832,2734688614,2734688614
2025-06-19 04:20:14,REAL,2734688614,540,2734689154,2734689154
2025-06-19 04:20:16,REAL,2734689154,487,2734689641,2734689641
2025-06-19 04:20:18,REAL,2734689641,482,2734690123,2734690123
2025-06-19 04:20:20,REAL,2734690123,487,2734690610,2734690610
2025-06-19 04:20:22,REAL,2734690610,475,2734691085,2734691085
2025-06-19 04:20:24,REAL,2734691085,478,2734691563,2734691563
2025-06-19 04:20:26,REAL,2734691563,483,2734692046,2734692046
2025-06-19 04:20:28,REAL,2734692046,485,2734692531,2734692531
2025-06-19 04:20:30,REAL,2734692531,484,2734693015,2734693015
2025-06-19 04:20:32,REAL,2734693015,491,2734693506,2734693506
2025-06-19 04:20:34,REAL,2734693506,484,2734693990,2734693990
2025-06-19 04:20:36,REAL,2734693990,540,2734694530,2734694530
2025-06-19 04:20:38,REAL,2734694530,479,2734695009,2734695009
2025-06-19 04:20:40,REAL,2734695009,481,2734695490,2734695490
2025-06-19 04:20:42,REAL,2734695490,489,2734695979,2734695979
2025-06-19 04:20:44,REAL,2734695979,476,2734696455,2734696455
2025-06-19 04:20:46,REAL,2734696455,486,2734696941,2734696941
2025-06-19 04:20:48,REAL,2734696941,531,2734697472,2734697472
2025-06-19 04:20:50,REAL,2734697472,487,2734697959,2734697959
2025-06-19 04:20:52,REAL,2734697959,487,2734698446,2734698446
2025-06-19 04:20:54,REAL,2734698446,483,2734698929,2734698929
2025-06-19 04:20:56,REAL,2734698929,488,2734699417,2734699417
2025-06-19 04:20:58,REAL,2734699417,537,2734699954,2734699954
2025-06-19 04:21:00,REAL,2734699954,482,2734700436,2734700436
2025-06-19 04:21:02,REAL,2734700436,486,2734700922,2734700922
2025-06-19 04:21:04,REAL,2734700922,487,2734701409,2734701409
2025-06-19 04:21:06,REAL,2734701409,483,2734701892,2734701892
2025-06-19 04:21:08,REAL,2734701892,481,2734702373,2734702373
2025-06-19 04:21:10,REAL,2734702373,485,2734702858,2734702858
2025-06-19 04:21:12,REAL,2734702858,486,2734703344,2734703344
2025-06-19 04:21:14,REAL,2734703344,486,2734703830,2734703830
2025-06-19 04:21:16,REAL,2734703830,484,2734704314,2734704314
2025-06-19 04:21:18,REAL,2734704314,481,2734704795,2734704795
2025-06-19 04:21:20,REAL,2734704795,540,2734705335,2734705335
2025-06-19 04:21:22,REAL,2734705335,484,2734705819,2734705819
2025-06-19 04:21:24,REAL,2734705819,480,2734706299,2734706299
2025-06-19 04:21:26,REAL,2734706299,484,2734706783,2734706783
2025-06-19 04:21:28,REAL,2734706783,485,2734707268,2734707268
2025-06-19 04:21:30,REAL,2734707268,483,2734707751,2734707751
2025-06-19 04:21:32,REAL,2734707751,488,2734708239,2734708239
2025-06-19 04:21:34,REAL,2734708239,481,2734708720,2734708720
2025-06-19 04:21:36,REAL,2734708720,488,2734709208,2734709208
2025-06-19 04:21:38,REAL,2734709208,486,2734709694,2734709694
2025-06-19 04:21:40,REAL,2734709694,536,2734710230,2734710230
2025-06-19 04:21:42,REAL,2734710230,537,2734710767,2734710767
2025-06-19 04:21:44,REAL,2734710767,476,2734711243,2734711243
2025-06-19 04:21:46,REAL,2734711243,483,2734711726,2734711726
2025-06-19 04:21:48,REAL,2734711726,2472,2734714198,2734714198
2025-06-19 04:21:50,REAL,2734714198,15664,2734729862,2734729862
2025-06-19 04:21:52,REAL,2734729862,10325,2734740187,2734740187
2025-06-19 04:21:54,REAL,2734740187,10257,2734750444,2734750444
2025-06-19 04:21:56,REAL,2734750444,10251,2734760695,2734760695
2025-06-19 04:21:58,REAL,2734760695,10245,2734770940,2734770940
2025-06-19 04:22:00,REAL,2734770940,10316,2734781256,2734781256
2025-06-19 04:22:02,REAL,2734781256,10248,2734791504,2734791504
2025-06-19 04:22:04,REAL,2734791504,3645,2734795149,2734795149
2025-06-19 04:22:06,REAL,2734795149,487,2734795636,2734795636
2025-06-19 04:22:08,REAL,2734795636,487,2734796123,2734796123
2025-06-19 04:22:10,REAL,2734796123,479,2734796602,2734796602
2025-06-19 04:22:12,REAL,2734796602,489,2734797091,2734797091
2025-06-19 04:22:14,REAL,2734797091,490,2734797581,2734797581
2025-06-19 04:22:16,REAL,2734797581,490,2734798071,2734798071
2025-06-19 04:22:18,REAL,2734798071,485,2734798556,2734798556
2025-06-19 04:22:20,REAL,2734798556,490,2734799046,2734799046
2025-06-19 04:22:22,REAL,2734799046,481,2734799527,2734799527
2025-06-19 04:22:24,REAL,2734799527,474,2734800001,2734800001
2025-06-19 04:22:26,REAL,2734800001,483,2734800484,2734800484
2025-06-19 04:22:28,REAL,2734800484,484,2734800968,2734800968
2025-06-19 04:22:30,REAL,2734800968,599,2734801567,2734801567
2025-06-19 04:22:32,REAL,2734801567,486,2734802053,2734802053
2025-06-19 04:22:34,REAL,2734802053,483,2734802536,2734802536
2025-06-19 04:22:36,REAL,2734802536,483,2734803019,2734803019
2025-06-19 04:22:38,REAL,2734803019,481,2734803500,2734803500
2025-06-19 04:22:40,REAL,2734803500,480,2734803980,2734803980
2025-06-19 04:22:42,REAL,2734803980,478,2734804458,2734804458
2025-06-19 04:22:44,REAL,2734804458,482,2734804940,2734804940
2025-06-19 04:22:46,REAL,2734804940,488,2734805428,2734805428
2025-06-19 04:22:48,REAL,2734805428,488,2734805916,2734805916
2025-06-19 04:22:50,REAL,2734805916,476,2734806392,2734806392
2025-06-19 04:22:52,REAL,2734806392,482,2734806874,2734806874
2025-06-19 04:22:54,REAL,2734806874,484,2734807358,2734807358
2025-06-19 04:22:56,REAL,2734807358,476,2734807834,2734807834
2025-06-19 04:22:58,REAL,2734807834,486,2734808320,2734808320
2025-06-19 04:23:00,REAL,2734808320,485,2734808805,2734808805
2025-06-19 04:23:02,REAL,2734808805,486,2734809291,2734809291
2025-06-19 04:23:04,REAL,2734809291,485,2734809776,2734809776
2025-06-19 04:23:06,REAL,2734809776,487,2734810263,2734810263
2025-06-19 04:23:08,REAL,2734810263,477,2734810740,2734810740
2025-06-19 04:23:10,REAL,2734810740,481,2734811221,2734811221
2025-06-19 04:23:12,REAL,2734811221,532,2734811753,2734811753
2025-06-19 04:23:14,REAL,2734811753,483,2734812236,2734812236
2025-06-19 04:23:16,REAL,2734812236,481,2734812717,2734812717
2025-06-19 04:23:18,REAL,2734812717,540,2734813257,2734813257
2025-06-19 04:23:20,REAL,2734813257,486,2734813743,2734813743
2025-06-19 04:23:22,REAL,2734813743,488,2734814231,2734814231
2025-06-19 04:23:24,REAL,2734814231,477,2734814708,2734814708
2025-06-19 04:23:26,REAL,2734814708,486,2734815194,2734815194
2025-06-19 04:23:28,REAL,2734815194,491,2734815685,2734815685
2025-06-19 04:23:30,REAL,2734815685,479,2734816164,2734816164
2025-06-19 04:23:32,REAL,2734816164,488,2734816652,2734816652
2025-06-19 04:23:34,REAL,2734816652,485,2734817137,2734817137
2025-06-19 04:23:36,REAL,2734817137,488,2734817625,2734817625
2025-06-19 04:23:38,REAL,2734817625,476,2734818101,2734818101
2025-06-19 04:23:40,REAL,2734818101,5178,2734823279,2734823279
2025-06-19 04:23:42,REAL,2734823279,11237,2734834516,2734834516
2025-06-19 04:23:44,REAL,2734834516,10251,2734844767,2734844767
2025-06-19 04:23:46,REAL,2734844767,10250,2734855017,2734855017
2025-06-19 04:23:48,REAL,2734855017,10324,2734865341,2734865341
2025-06-19 04:23:50,REAL,2734865341,10253,2734875594,2734875594
2025-06-19 04:23:52,REAL,2734875594,10250,2734885844,2734885844
2025-06-19 04:23:54,REAL,2734885844,10246,2734896090,2734896090
2025-06-19 04:23:56,REAL,2734896090,1484,2734897574,2734897574
2025-06-19 04:23:58,REAL,2734897574,491,2734898065,2734898065
2025-06-19 04:24:00,REAL,2734898065,483,2734898548,2734898548
2025-06-19 04:24:02,REAL,2734898548,488,2734899036,2734899036
2025-06-19 04:24:04,REAL,2734899036,486,2734899522,2734899522
2025-06-19 04:24:06,REAL,2734899522,536,2734900058,2734900058
2025-06-19 04:24:08,REAL,2734900058,490,2734900548,2734900548
2025-06-19 04:24:10,REAL,2734900548,486,2734901034,2734901034
2025-06-19 04:24:12,REAL,2734901034,7422,2734908456,2734908456
2025-06-19 04:24:14,REAL,2734908456,11179,2734919635,2734919635
2025-06-19 04:24:16,REAL,2734919635,10326,2734929961,2734929961
2025-06-19 04:24:18,REAL,2734929961,10253,2734940214,2734940214
2025-06-19 04:24:20,REAL,2734940214,10254,2734950468,2734950468
2025-06-19 04:24:22,REAL,2734950468,10320,2734960788,2734960788
2025-06-19 04:24:24,REAL,2734960788,10255,2734971043,2734971043
2025-06-19 04:24:26,REAL,2734971043,10255,2734981298,2734981298
2025-06-19 04:24:28,REAL,2734981298,877,2734982175,2734982175
2025-06-19 04:24:30,REAL,2734982175,479,2734982654,2734982654
2025-06-19 04:24:32,REAL,2734982654,481,2734983135,2734983135
2025-06-19 04:24:34,REAL,2734983135,478,2734983613,2734983613
2025-06-19 04:24:36,REAL,2734983613,487,2734984100,2734984100
2025-06-19 04:24:38,REAL,2734984100,481,2734984581,2734984581
2025-06-19 04:24:40,REAL,2734984581,480,2734985061,2734985061
2025-06-19 04:24:42,REAL,2734985061,481,2734985542,2734985542
2025-06-19 04:24:44,REAL,2734985542,6556,2734992098,2734992098
2025-06-19 04:24:46,REAL,2734992098,11042,2735003140,2735003140
2025-06-19 04:24:48,REAL,2735003140,10248,2735013388,2735013388
2025-06-19 04:24:50,REAL,2735013388,10245,2735023633,2735023633
2025-06-19 04:24:52,REAL,2735023633,10312,2735033945,2735033945
2025-06-19 04:24:54,REAL,2735033945,10250,2735044195,2735044195
2025-06-19 04:24:56,REAL,2735044195,10250,2735054445,2735054445
2025-06-19 04:24:58,REAL,2735054445,9990,2735064435,2735064435
2025-06-19 04:25:00,REAL,2735064435,488,2735064923,2735064923
2025-06-19 04:25:02,REAL,2735064923,481,2735065404,2735065404
2025-06-19 04:25:04,REAL,2735065404,487,2735065891,2735065891
2025-06-19 04:25:06,REAL,2735065891,476,2735066367,2735066367
2025-06-19 04:25:08,REAL,2735066367,487,2735066854,2735066854
2025-06-19 04:25:10,REAL,2735066854,477,2735067331,2735067331
2025-06-19 04:25:12,REAL,2735067331,475,2735067806,2735067806
2025-06-19 04:25:14,REAL,2735067806,486,2735068292,2735068292
2025-06-19 04:25:16,REAL,2735068292,7429,2735075721,2735075721
2025-06-19 04:25:18,REAL,2735075721,10720,2735086441,2735086441
2025-06-19 04:25:20,REAL,2735086441,10317,2735096758,2735096758
2025-06-19 04:25:22,REAL,2735096758,10257,2735107015,2735107015
2025-06-19 04:25:24,REAL,2735107015,10252,2735117267,2735117267
2025-06-19 04:25:26,REAL,2735117267,10314,2735127581,2735127581
2025-06-19 04:25:28,REAL,2735127581,10254,2735137835,2735137835
2025-06-19 04:25:30,REAL,2735137835,9319,2735147154,2735147154
2025-06-19 04:25:32,REAL,2735147154,484,2735147638,2735147638
2025-06-19 04:25:34,REAL,2735147638,476,2735148114,2735148114
2025-06-19 04:25:36,REAL,2735148114,482,2735148596,2735148596
2025-06-19 04:25:38,REAL,2735148596,477,2735149073,2735149073
2025-06-19 04:25:40,REAL,2735149073,532,2735149605,2735149605
2025-06-19 04:25:42,REAL,2735149605,481,2735150086,2735150086
2025-06-19 04:25:44,REAL,2735150086,487,2735150573,2735150573
2025-06-19 04:25:46,REAL,2735150573,481,2735151054,2735151054
2025-06-19 04:25:48,REAL,2735151054,479,2735151533,2735151533
2025-06-19 04:25:50,REAL,2735151533,477,2735152010,2735152010
2025-06-19 04:25:52,REAL,2735152010,483,2735152493,2735152493
2025-06-19 04:25:54,REAL,2735152493,487,2735152980,2735152980
2025-06-19 04:25:56,REAL,2735152980,485,2735153465,2735153465
2025-06-19 04:25:58,REAL,2735153465,537,2735154002,2735154002
2025-06-19 04:26:00,REAL,2735154002,486,2735154488,2735154488
2025-06-19 04:26:02,REAL,2735154488,484,2735154972,2735154972
2025-06-19 04:26:04,REAL,2735154972,491,2735155463,2735155463
2025-06-19 04:26:06,REAL,2735155463,483,2735155946,2735155946
2025-06-19 04:26:08,REAL,2735155946,483,2735156429,2735156429
2025-06-19 04:26:10,REAL,2735156429,480,2735156909,2735156909
2025-06-19 04:26:12,REAL,2735156909,490,2735157399,2735157399
2025-06-19 04:26:14,REAL,2735157399,484,2735157883,2735157883
2025-06-19 04:26:16,REAL,2735157883,492,2735158375,2735158375
2025-06-19 04:26:18,REAL,2735158375,483,2735158858,2735158858
2025-06-19 04:26:20,REAL,2735158858,488,2735159346,2735159346
2025-06-19 04:26:22,REAL,2735159346,479,2735159825,2735159825
2025-06-19 04:26:24,REAL,2735159825,2932,2735162757,2735162757
2025-06-19 04:26:26,REAL,2735162757,11694,2735174451,2735174451
2025-06-19 04:26:28,REAL,2735174451,10250,2735184701,2735184701
2025-06-19 04:26:30,REAL,2735184701,10253,2735194954,2735194954
2025-06-19 04:26:32,REAL,2735194954,10249,2735205203,2735205203
2025-06-19 04:26:34,REAL,2735205203,10315,2735215518,2735215518
2025-06-19 04:26:36,REAL,2735215518,10250,2735225768,2735225768
2025-06-19 04:26:38,REAL,2735225768,10250,2735236018,2735236018
2025-06-19 04:26:40,REAL,2735236018,3115,2735239133,2735239133
2025-06-19 04:26:42,REAL,2735239133,479,2735239612,2735239612
2025-06-19 04:26:44,REAL,2735239612,483,2735240095,2735240095
2025-06-19 04:26:46,REAL,2735240095,480,2735240575,2735240575
2025-06-19 04:26:48,REAL,2735240575,492,2735241067,2735241067
2025-06-19 04:26:50,REAL,2735241067,488,2735241555,2735241555
2025-06-19 04:26:52,REAL,2735241555,487,2735242042,2735242042
2025-06-19 04:26:54,REAL,2735242042,487,2735242529,2735242529
2025-06-19 04:26:56,REAL,2735242529,489,2735243018,2735243018
2025-06-19 04:26:58,REAL,2735243018,543,2735243561,2735243561
2025-06-19 04:27:00,REAL,2735243561,481,2735244042,2735244042
2025-06-19 04:27:02,REAL,2735244042,489,2735244531,2735244531
2025-06-19 04:27:04,REAL,2735244531,492,2735245023,2735245023
2025-06-19 04:27:06,REAL,2735245023,485,2735245508,2735245508
2025-06-19 04:27:08,REAL,2735245508,488,2735245996,2735245996
2025-06-19 04:27:10,REAL,2735245996,485,2735246481,2735246481
2025-06-19 04:27:12,REAL,2735246481,475,2735246956,2735246956
2025-06-19 04:27:14,REAL,2735246956,537,2735247493,2735247493
2025-06-19 04:27:16,REAL,2735247493,480,2735247973,2735247973
2025-06-19 04:27:18,REAL,2735247973,484,2735248457,2735248457
2025-06-19 04:27:20,REAL,2735248457,487,2735248944,2735248944
2025-06-19 04:27:22,REAL,2735248944,488,2735249432,2735249432
2025-06-19 04:27:24,REAL,2735249432,482,2735249914,2735249914
2025-06-19 04:27:26,REAL,2735249914,481,2735250395,2735250395
2025-06-19 04:27:28,REAL,2735250395,481,2735250876,2735250876
2025-06-19 04:27:30,REAL,2735250876,491,2735251367,2735251367
2025-06-19 04:27:32,REAL,2735251367,485,2735251852,2735251852
2025-06-19 04:27:34,REAL,2735251852,540,2735252392,2735252392
2025-06-19 04:27:36,REAL,2735252392,489,2735252881,2735252881
2025-06-19 04:27:38,REAL,2735252881,482,2735253363,2735253363
2025-06-19 04:27:40,REAL,2735253363,489,2735253852,2735253852
2025-06-19 04:27:42,REAL,2735253852,482,2735254334,2735254334
2025-06-19 04:27:44,REAL,2735254334,479,2735254813,2735254813
2025-06-19 04:27:46,REAL,2735254813,481,2735255294,2735255294
2025-06-19 04:27:48,REAL,2735255294,482,2735255776,2735255776
2025-06-19 04:27:50,REAL,2735255776,489,2735256265,2735256265
2025-06-19 04:27:52,REAL,2735256265,479,2735256744,2735256744
2025-06-19 04:27:54,REAL,2735256744,487,2735257231,2735257231
2025-06-19 04:27:56,REAL,2735257231,488,2735257719,2735257719
2025-06-19 04:27:58,REAL,2735257719,492,2735258211,2735258211
2025-06-19 04:28:00,REAL,2735258211,530,2735258741,2735258741
2025-06-19 04:28:02,REAL,2735258741,490,2735259231,2735259231
2025-06-19 04:28:04,REAL,2735259231,485,2735259716,2735259716
2025-06-19 04:28:06,REAL,2735259716,481,2735260197,2735260197
2025-06-19 04:28:08,REAL,2735260197,540,2735260737,2735260737
2025-06-19 04:28:10,REAL,2735260737,483,2735261220,2735261220
2025-06-19 04:28:12,REAL,2735261220,482,2735261702,2735261702
2025-06-19 04:28:14,REAL,2735261702,483,2735262185,2735262185
2025-06-19 04:28:16,REAL,2735262185,479,2735262664,2735262664
2025-06-19 04:28:18,REAL,2735262664,490,2735263154,2735263154
2025-06-19 04:28:20,REAL,2735263154,491,2735263645,2735263645
2025-06-19 04:28:22,REAL,2735263645,484,2735264129,2735264129
2025-06-19 04:28:24,REAL,2735264129,494,2735264623,2735264623
2025-06-19 04:28:26,REAL,2735264623,478,2735265101,2735265101
2025-06-19 04:28:28,REAL,2735265101,489,2735265590,2735265590
2025-06-19 04:28:30,REAL,2735265590,481,2735266071,2735266071
2025-06-19 04:28:32,REAL,2735266071,483,2735266554,2735266554
2025-06-19 04:28:34,REAL,2735266554,480,2735267034,2735267034
2025-06-19 04:28:36,REAL,2735267034,480,2735267514,2735267514
2025-06-19 04:28:38,REAL,2735267514,11778,2735279292,2735279292
2025-06-19 04:28:40,REAL,2735279292,10321,2735289613,2735289613
2025-06-19 04:28:42,REAL,2735289613,10258,2735299871,2735299871
2025-06-19 04:28:44,REAL,2735299871,10249,2735310120,2735310120
2025-06-19 04:28:46,REAL,2735310120,10319,2735320439,2735320439
2025-06-19 04:28:48,REAL,2735320439,10306,2735330745,2735330745
2025-06-19 04:28:50,REAL,2735330745,10245,2735340990,2735340990
2025-06-19 04:28:52,REAL,2735340990,5506,2735346496,2735346496
2025-06-19 04:28:54,REAL,2735346496,487,2735346983,2735346983
2025-06-19 04:28:56,REAL,2735346983,476,2735347459,2735347459
2025-06-19 04:28:58,REAL,2735347459,483,2735347942,2735347942
2025-06-19 04:29:00,REAL,2735347942,489,2735348431,2735348431
2025-06-19 04:29:02,REAL,2735348431,492,2735348923,2735348923
2025-06-19 04:29:04,REAL,2735348923,482,2735349405,2735349405
2025-06-19 04:29:06,REAL,2735349405,485,2735349890,2735349890
2025-06-19 04:29:08,REAL,2735349890,483,2735350373,2735350373
2025-06-19 04:29:10,REAL,2735350373,488,2735350861,2735350861
2025-06-19 04:29:12,REAL,2735350861,545,2735351406,2735351406
2025-06-19 04:29:14,REAL,2735351406,482,2735351888,2735351888
2025-06-19 04:29:16,REAL,2735351888,476,2735352364,2735352364
2025-06-19 04:29:18,REAL,2735352364,488,2735352852,2735352852
2025-06-19 04:29:20,REAL,2735352852,484,2735353336,2735353336
2025-06-19 04:29:22,REAL,2735353336,488,2735353824,2735353824
2025-06-19 04:29:24,REAL,2735353824,485,2735354309,2735354309
2025-06-19 04:29:26,REAL,2735354309,482,2735354791,2735354791
2025-06-19 04:29:28,REAL,2735354791,482,2735355273,2735355273
2025-06-19 04:29:30,REAL,2735355273,486,2735355759,2735355759
2025-06-19 04:29:32,REAL,2735355759,478,2735356237,2735356237
2025-06-19 04:29:34,REAL,2735356237,539,2735356776,2735356776
2025-06-19 04:29:36,REAL,2735356776,488,2735357264,2735357264
2025-06-19 04:29:38,REAL,2735357264,488,2735357752,2735357752
2025-06-19 04:29:40,REAL,2735357752,484,2735358236,2735358236
2025-06-19 04:29:42,REAL,2735358236,480,2735358716,2735358716
2025-06-19 04:29:44,REAL,2735358716,483,2735359199,2735359199
2025-06-19 04:29:46,REAL,2735359199,548,2735359747,2735359747
2025-06-19 04:29:48,REAL,2735359747,486,2735360233,2735360233
2025-06-19 04:29:50,REAL,2735360233,481,2735360714,2735360714
2025-06-19 04:29:52,REAL,2735360714,480,2735361194,2735361194
2025-06-19 04:29:54,REAL,2735361194,486,2735361680,2735361680
2025-06-19 04:29:56,REAL,2735361680,492,2735362172,2735362172
2025-06-19 04:29:58,REAL,2735362172,482,2735362654,2735362654
2025-06-19 04:30:00,REAL,2735362654,480,2735363134,2735363134
2025-06-19 04:30:02,REAL,2735363134,484,2735363618,2735363618
2025-06-19 04:30:04,REAL,2735363618,477,2735364095,2735364095
2025-06-19 04:30:06,REAL,2735364095,490,2735364585,2735364585
2025-06-19 04:30:08,REAL,2735364585,480,2735365065,2735365065
2025-06-19 04:30:10,REAL,2735365065,487,2735365552,2735365552
2025-06-19 04:30:12,REAL,2735365552,2474,2735368026,2735368026
2025-06-19 04:30:14,REAL,2735368026,11109,2735379135,2735379135
2025-06-19 04:30:16,REAL,2735379135,10247,2735389382,2735389382
2025-06-19 04:30:18,REAL,2735389382,10327,2735399709,2735399709
2025-06-19 04:30:20,REAL,2735399709,10251,2735409960,2735409960
2025-06-19 04:30:22,REAL,2735409960,10369,2735420329,2735420329
2025-06-19 04:30:24,REAL,2735420329,10254,2735430583,2735430583
2025-06-19 04:30:26,REAL,2735430583,10248,2735440831,2735440831
2025-06-19 04:30:28,REAL,2735440831,3649,2735444480,2735444480
2025-06-19 04:30:30,REAL,2735444480,482,2735444962,2735444962
2025-06-19 04:30:32,REAL,2735444962,481,2735445443,2735445443
2025-06-19 04:30:34,REAL,2735445443,490,2735445933,2735445933
2025-06-19 04:30:36,REAL,2735445933,478,2735446411,2735446411
2025-06-19 04:30:38,REAL,2735446411,476,2735446887,2735446887
2025-06-19 04:30:40,REAL,2735446887,487,2735447374,2735447374
2025-06-19 04:30:42,REAL,2735447374,490,2735447864,2735447864
2025-06-19 04:30:44,REAL,2735447864,482,2735448346,2735448346
2025-06-19 04:30:46,REAL,2735448346,476,2735448822,2735448822
2025-06-19 04:30:48,REAL,2735448822,531,2735449353,2735449353
2025-06-19 04:30:50,REAL,2735449353,486,2735449839,2735449839
2025-06-19 04:30:52,REAL,2735449839,485,2735450324,2735450324
2025-06-19 04:30:54,REAL,2735450324,492,2735450816,2735450816
2025-06-19 04:30:56,REAL,2735450816,481,2735451297,2735451297
2025-06-19 04:30:58,REAL,2735451297,479,2735451776,2735451776
2025-06-19 04:31:00,REAL,2735451776,478,2735452254,2735452254
2025-06-19 04:31:02,REAL,2735452254,484,2735452738,2735452738
2025-06-19 04:31:04,REAL,2735452738,482,2735453220,2735453220
2025-06-19 04:31:06,REAL,2735453220,483,2735453703,2735453703
2025-06-19 04:31:08,REAL,2735453703,480,2735454183,2735454183
2025-06-19 04:31:10,REAL,2735454183,538,2735454721,2735454721
2025-06-19 04:31:12,REAL,2735454721,480,2735455201,2735455201
2025-06-19 04:31:14,REAL,2735455201,487,2735455688,2735455688
2025-06-19 04:31:16,REAL,2735455688,483,2735456171,2735456171
2025-06-19 04:31:18,REAL,2735456171,487,2735456658,2735456658
2025-06-19 04:31:20,REAL,2735456658,486,2735457144,2735457144
2025-06-19 04:31:22,REAL,2735457144,546,2735457690,2735457690
2025-06-19 04:31:24,REAL,2735457690,489,2735458179,2735458179
2025-06-19 04:31:26,REAL,2735458179,487,2735458666,2735458666
2025-06-19 04:31:28,REAL,2735458666,485,2735459151,2735459151
2025-06-19 04:31:30,REAL,2735459151,488,2735459639,2735459639
2025-06-19 04:31:32,REAL,2735459639,482,2735460121,2735460121
2025-06-19 04:31:34,REAL,2735460121,482,2735460603,2735460603
2025-06-19 04:31:36,REAL,2735460603,486,2735461089,2735461089
2025-06-19 04:31:38,REAL,2735461089,490,2735461579,2735461579
2025-06-19 04:31:40,REAL,2735461579,490,2735462069,2735462069
2025-06-19 04:31:42,REAL,2735462069,485,2735462554,2735462554
2025-06-19 04:31:44,REAL,2735462554,479,2735463033,2735463033
2025-06-19 04:31:46,REAL,2735463033,485,2735463518,2735463518
2025-06-19 04:31:48,REAL,2735463518,475,2735463993,2735463993
2025-06-19 04:31:50,REAL,2735463993,490,2735464483,2735464483
2025-06-19 04:31:52,REAL,2735464483,484,2735464967,2735464967
2025-06-19 04:31:54,REAL,2735464967,482,2735465449,2735465449
2025-06-19 04:31:56,REAL,2735465449,545,2735465994,2735465994
2025-06-19 04:31:58,REAL,2735465994,532,2735466526,2735466526
2025-06-19 04:32:00,REAL,2735466526,483,2735467009,2735467009
2025-06-19 04:32:02,REAL,2735467009,485,2735467494,2735467494
2025-06-19 04:32:04,REAL,2735467494,487,2735467981,2735467981
2025-06-19 04:32:06,REAL,2735467981,481,2735468462,2735468462
2025-06-19 04:32:08,REAL,2735468462,483,2735468945,2735468945
2025-06-19 04:32:10,REAL,2735468945,492,2735469437,2735469437
2025-06-19 04:32:12,REAL,2735469437,491,2735469928,2735469928
2025-06-19 04:32:14,REAL,2735469928,482,2735470410,2735470410
2025-06-19 04:32:16,REAL,2735470410,479,2735470889,2735470889
2025-06-19 04:32:18,REAL,2735470889,489,2735471378,2735471378
2025-06-19 04:32:20,REAL,2735471378,484,2735471862,2735471862
2025-06-19 04:32:22,REAL,2735471862,480,2735472342,2735472342
2025-06-19 04:32:24,REAL,2735472342,493,2735472835,2735472835
2025-06-19 04:32:26,REAL,2735472835,597,2735473432,2735473432
2025-06-19 04:32:28,REAL,2735473432,489,2735473921,2735473921
2025-06-19 04:32:30,REAL,2735473921,483,2735474404,2735474404
2025-06-19 04:32:32,REAL,2735474404,487,2735474891,2735474891
2025-06-19 04:32:34,REAL,2735474891,486,2735475377,2735475377
2025-06-19 04:32:36,REAL,2735475377,481,2735475858,2735475858
2025-06-19 04:32:38,REAL,2735475858,485,2735476343,2735476343
2025-06-19 04:32:40,REAL,2735476343,490,2735476833,2735476833
2025-06-19 04:32:42,REAL,2735476833,480,2735477313,2735477313
2025-06-19 04:32:44,REAL,2735477313,482,2735477795,2735477795
2025-06-19 04:32:46,REAL,2735477795,482,2735478277,2735478277
2025-06-19 04:32:48,REAL,2735478277,483,2735478760,2735478760
2025-06-19 04:32:50,REAL,2735478760,479,2735479239,2735479239
2025-06-19 04:32:52,REAL,2735479239,485,2735479724,2735479724
2025-06-19 04:32:54,REAL,2735479724,488,2735480212,2735480212
2025-06-19 04:32:56,REAL,2735480212,540,2735480752,2735480752
2025-06-19 04:32:58,REAL,2735480752,543,2735481295,2735481295
2025-06-19 04:33:00,REAL,2735481295,477,2735481772,2735481772
2025-06-19 04:33:02,REAL,2735481772,484,2735482256,2735482256
2025-06-19 04:33:04,REAL,2735482256,483,2735482739,2735482739
2025-06-19 04:33:06,REAL,2735482739,477,2735483216,2735483216
2025-06-19 04:33:08,REAL,2735483216,12372,2735495588,2735495588
2025-06-19 04:33:10,REAL,2735495588,10253,2735505841,2735505841
2025-06-19 04:33:12,REAL,2735505841,10256,2735516097,2735516097
2025-06-19 04:33:14,REAL,2735516097,10259,2735526356,2735526356
2025-06-19 04:33:16,REAL,2735526356,10248,2735536604,2735536604
2025-06-19 04:33:18,REAL,2735536604,10318,2735546922,2735546922
2025-06-19 04:33:20,REAL,2735546922,10254,2735557176,2735557176
2025-06-19 04:33:22,REAL,2735557176,5428,2735562604,2735562604
2025-06-19 04:33:24,REAL,2735562604,483,2735563087,2735563087
2025-06-19 04:33:26,REAL,2735563087,485,2735563572,2735563572
2025-06-19 04:33:28,REAL,2735563572,544,2735564116,2735564116
2025-06-19 04:33:30,REAL,2735564116,487,2735564603,2735564603
2025-06-19 04:33:32,REAL,2735564603,486,2735565089,2735565089
2025-06-19 04:33:34,REAL,2735565089,481,2735565570,2735565570
2025-06-19 04:33:36,REAL,2735565570,540,2735566110,2735566110
2025-06-19 04:33:38,REAL,2735566110,491,2735566601,2735566601
2025-06-19 04:33:40,REAL,2735566601,482,2735567083,2735567083
2025-06-19 04:33:42,REAL,2735567083,489,2735567572,2735567572
2025-06-19 04:33:44,REAL,2735567572,479,2735568051,2735568051
2025-06-19 04:33:46,REAL,2735568051,487,2735568538,2735568538
2025-06-19 04:33:48,REAL,2735568538,484,2735569022,2735569022
2025-06-19 04:33:50,REAL,2735569022,478,2735569500,2735569500
2025-06-19 04:33:52,REAL,2735569500,486,2735569986,2735569986
2025-06-19 04:33:54,REAL,2735569986,485,2735570471,2735570471
2025-06-19 04:33:56,REAL,2735570471,487,2735570958,2735570958
2025-06-19 04:33:58,REAL,2735570958,491,2735571449,2735571449
2025-06-19 04:34:00,REAL,2735571449,541,2735571990,2735571990
2025-06-19 04:34:02,REAL,2735571990,488,2735572478,2735572478
2025-06-19 04:34:04,REAL,2735572478,543,2735573021,2735573021
2025-06-19 04:34:06,REAL,2735573021,479,2735573500,2735573500
2025-06-19 04:34:08,REAL,2735573500,489,2735573989,2735573989
2025-06-19 04:34:10,REAL,2735573989,490,2735574479,2735574479
2025-06-19 04:34:12,REAL,2735574479,479,2735574958,2735574958
2025-06-19 04:34:14,REAL,2735574958,487,2735575445,2735575445
2025-06-19 04:34:16,REAL,2735575445,484,2735575929,2735575929
2025-06-19 04:34:18,REAL,2735575929,483,2735576412,2735576412
2025-06-19 04:34:20,REAL,2735576412,487,2735576899,2735576899
2025-06-19 04:34:22,REAL,2735576899,486,2735577385,2735577385
2025-06-19 04:34:24,REAL,2735577385,480,2735577865,2735577865
2025-06-19 04:34:26,REAL,2735577865,488,2735578353,2735578353
2025-06-19 04:34:28,REAL,2735578353,486,2735578839,2735578839
2025-06-19 04:34:30,REAL,2735578839,1861,2735580700,2735580700
2025-06-19 04:34:32,REAL,2735580700,11975,2735592675,2735592675
2025-06-19 04:34:34,REAL,2735592675,10252,2735602927,2735602927
2025-06-19 04:34:36,REAL,2735602927,10315,2735613242,2735613242
2025-06-19 04:34:38,REAL,2735613242,10260,2735623502,2735623502
2025-06-19 04:34:40,REAL,2735623502,10250,2735633752,2735633752
2025-06-19 04:34:42,REAL,2735633752,10311,2735644063,2735644063
2025-06-19 04:34:44,REAL,2735644063,10249,2735654312,2735654312
2025-06-19 04:34:46,REAL,2735654312,4181,2735658493,2735658493
2025-06-19 04:34:48,REAL,2735658493,486,2735658979,2735658979
2025-06-19 04:34:50,REAL,2735658979,487,2735659466,2735659466
2025-06-19 04:34:52,REAL,2735659466,487,2735659953,2735659953
2025-06-19 04:34:54,REAL,2735659953,486,2735660439,2735660439
2025-06-19 04:34:56,REAL,2735660439,486,2735660925,2735660925
2025-06-19 04:34:58,REAL,2735660925,483,2735661408,2735661408
2025-06-19 04:35:00,REAL,2735661408,541,2735661949,2735661949
2025-06-19 04:35:02,REAL,2735661949,543,2735662492,2735662492
2025-06-19 04:35:04,REAL,2735662492,484,2735662976,2735662976
2025-06-19 04:35:06,REAL,2735662976,493,2735663469,2735663469
2025-06-19 04:35:08,REAL,2735663469,486,2735663955,2735663955
2025-06-19 04:35:10,REAL,2735663955,483,2735664438,2735664438
2025-06-19 04:35:12,REAL,2735664438,477,2735664915,2735664915
2025-06-19 04:35:14,REAL,2735664915,487,2735665402,2735665402
2025-06-19 04:35:16,REAL,2735665402,484,2735665886,2735665886
2025-06-19 04:35:18,REAL,2735665886,489,2735666375,2735666375
2025-06-19 04:35:20,REAL,2735666375,478,2735666853,2735666853
2025-06-19 04:35:22,REAL,2735666853,487,2735667340,2735667340
2025-06-19 04:35:24,REAL,2735667340,10521,2735677861,2735677861
2025-06-19 04:35:26,REAL,2735677861,11770,2735689631,2735689631
2025-06-19 04:35:28,REAL,2735689631,10376,2735700007,2735700007
2025-06-19 04:35:30,REAL,2735700007,10307,2735710314,2735710314
2025-06-19 04:35:32,REAL,2735710314,10255,2735720569,2735720569
2025-06-19 04:35:34,REAL,2735720569,10250,2735730819,2735730819
2025-06-19 04:35:36,REAL,2735730819,10253,2735741072,2735741072
2025-06-19 04:35:38,REAL,2735741072,8080,2735749152,2735749152
2025-06-19 04:35:40,REAL,2735749152,484,2735749636,2735749636
2025-06-19 04:35:42,REAL,2735749636,487,2735750123,2735750123
2025-06-19 04:35:44,REAL,2735750123,483,2735750606,2735750606
2025-06-19 04:35:46,REAL,2735750606,489,2735751095,2735751095
2025-06-19 04:35:48,REAL,2735751095,484,2735751579,2735751579
2025-06-19 04:35:50,REAL,2735751579,493,2735752072,2735752072
2025-06-19 04:35:52,REAL,2735752072,484,2735752556,2735752556
2025-06-19 04:35:54,REAL,2735752556,485,2735753041,2735753041
2025-06-19 04:35:56,REAL,2735753041,480,2735753521,2735753521
2025-06-19 04:35:58,REAL,2735753521,537,2735754058,2735754058
2025-06-19 04:36:00,REAL,2735754058,534,2735754592,2735754592
2025-06-19 04:36:02,REAL,2735754592,479,2735755071,2735755071
2025-06-19 04:36:04,REAL,2735755071,482,2735755553,2735755553
2025-06-19 04:36:06,REAL,2735755553,484,2735756037,2735756037
2025-06-19 04:36:08,REAL,2735756037,484,2735756521,2735756521
2025-06-19 04:36:10,REAL,2735756521,484,2735757005,2735757005
2025-06-19 04:36:12,REAL,2735757005,483,2735757488,2735757488
2025-06-19 04:36:14,REAL,2735757488,492,2735757980,2735757980
2025-06-19 04:36:16,REAL,2735757980,484,2735758464,2735758464
2025-06-19 04:36:18,REAL,2735758464,487,2735758951,2735758951
2025-06-19 04:36:20,REAL,2735758951,491,2735759442,2735759442
2025-06-19 04:36:22,REAL,2735759442,482,2735759924,2735759924
2025-06-19 04:36:24,REAL,2735759924,483,2735760407,2735760407
2025-06-19 04:36:26,REAL,2735760407,535,2735760942,2735760942
2025-06-19 04:36:28,REAL,2735760942,478,2735761420,2735761420
2025-06-19 04:36:30,REAL,2735761420,479,2735761899,2735761899
2025-06-19 04:36:32,REAL,2735761899,538,2735762437,2735762437
2025-06-19 04:36:34,REAL,2735762437,238,2735762675,2735762675
2025-06-19 04:36:36,REAL,2735762675,481,2735763156,2735763156
2025-06-19 04:36:38,REAL,2735763156,486,2735763642,2735763642
2025-06-19 04:36:40,REAL,2735763642,487,2735764129,2735764129
2025-06-19 04:36:42,REAL,2735764129,480,2735764609,2735764609
2025-06-19 04:36:44,REAL,2735764609,483,2735765092,2735765092
2025-06-19 04:36:46,REAL,2735765092,491,2735765583,2735765583
2025-06-19 04:36:48,REAL,2735765583,487,2735766070,2735766070
2025-06-19 04:36:50,REAL,2735766070,488,2735766558,2735766558
2025-06-19 04:36:52,REAL,2735766558,489,2735767047,2735767047
2025-06-19 04:36:54,REAL,2735767047,483,2735767530,2735767530
2025-06-19 04:36:56,REAL,2735767530,481,2735768011,2735768011
2025-06-19 04:36:58,REAL,2735768011,487,2735768498,2735768498
2025-06-19 04:37:00,REAL,2735768498,545,2735769043,2735769043
2025-06-19 04:37:02,REAL,2735769043,544,2735769587,2735769587
2025-06-19 04:37:04,REAL,2735769587,486,2735770073,2735770073
2025-06-19 04:37:06,REAL,2735770073,482,2735770555,2735770555
2025-06-19 04:37:08,REAL,2735770555,481,2735771036,2735771036
2025-06-19 04:37:10,REAL,2735771036,486,2735771522,2735771522
2025-06-19 04:37:12,REAL,2735771522,484,2735772006,2735772006
2025-06-19 04:37:14,REAL,2735772006,479,2735772485,2735772485
2025-06-19 04:37:16,REAL,2735772485,483,2735772968,2735772968
2025-06-19 04:37:18,REAL,2735772968,482,2735773450,2735773450
2025-06-19 04:37:20,REAL,2735773450,475,2735773925,2735773925
2025-06-19 04:37:22,REAL,2735773925,488,2735774413,2735774413
2025-06-19 04:37:24,REAL,2735774413,485,2735774898,2735774898
2025-06-19 04:37:26,REAL,2735774898,735,2735775633,2735775633
2025-06-19 04:37:28,REAL,2735775633,240,2735775873,2735775873
2025-06-19 04:37:30,REAL,2735775873,489,2735776362,2735776362
2025-06-19 04:37:32,REAL,2735776362,479,2735776841,2735776841
2025-06-19 04:37:34,REAL,2735776841,534,2735777375,2735777375
2025-06-19 04:37:36,REAL,2735777375,5833,2735783208,2735783208
2025-06-19 04:37:38,REAL,2735783208,11303,2735794511,2735794511
2025-06-19 04:37:40,REAL,2735794511,10314,2735804825,2735804825
2025-06-19 04:37:42,REAL,2735804825,10255,2735815080,2735815080
2025-06-19 04:37:44,REAL,2735815080,10253,2735825333,2735825333
2025-06-19 04:37:46,REAL,2735825333,10251,2735835584,2735835584
2025-06-19 04:37:48,REAL,2735835584,10257,2735845841,2735845841
2025-06-19 04:37:50,REAL,2735845841,10246,2735856087,2735856087
2025-06-19 04:37:52,REAL,2735856087,680,2735856767,2735856767
2025-06-19 04:37:54,REAL,2735856767,482,2735857249,2735857249
2025-06-19 04:37:56,REAL,2735857249,486,2735857735,2735857735
2025-06-19 04:37:58,REAL,2735857735,486,2735858221,2735858221
2025-06-19 04:38:00,REAL,2735858221,479,2735858700,2735858700
2025-06-19 04:38:02,REAL,2735858700,491,2735859191,2735859191
2025-06-19 04:38:04,REAL,2735859191,488,2735859679,2735859679
2025-06-19 04:38:06,REAL,2735859679,485,2735860164,2735860164
2025-06-19 04:38:08,REAL,2735860164,548,2735860712,2735860712
2025-06-19 04:38:10,REAL,2735860712,543,2735861255,2735861255
2025-06-19 04:38:12,REAL,2735861255,486,2735861741,2735861741
2025-06-19 04:38:14,REAL,2735861741,484,2735862225,2735862225
2025-06-19 04:38:16,REAL,2735862225,476,2735862701,2735862701
2025-06-19 04:38:18,REAL,2735862701,484,2735863185,2735863185
2025-06-19 04:38:20,REAL,2735863185,479,2735863664,2735863664
2025-06-19 04:38:22,REAL,2735863664,474,2735864138,2735864138
2025-06-19 04:38:24,REAL,2735864138,485,2735864623,2735864623
2025-06-19 04:38:26,REAL,2735864623,484,2735865107,2735865107
2025-06-19 04:38:28,REAL,2735865107,484,2735865591,2735865591
2025-06-19 04:38:30,REAL,2735865591,488,2735866079,2735866079
2025-06-19 04:38:32,REAL,2735866079,476,2735866555,2735866555
2025-06-19 04:38:34,REAL,2735866555,482,2735867037,2735867037
2025-06-19 04:38:36,REAL,2735867037,486,2735867523,2735867523
2025-06-19 04:38:38,REAL,2735867523,488,2735868011,2735868011
2025-06-19 04:38:40,REAL,2735868011,539,2735868550,2735868550
2025-06-19 04:38:42,REAL,2735868550,488,2735869038,2735869038
2025-06-19 04:38:44,REAL,2735869038,484,2735869522,2735869522
2025-06-19 04:38:46,REAL,2735869522,541,2735870063,2735870063
2025-06-19 04:38:48,REAL,2735870063,486,2735870549,2735870549
2025-06-19 04:38:50,REAL,2735870549,487,2735871036,2735871036
2025-06-19 04:38:52,REAL,2735871036,476,2735871512,2735871512
2025-06-19 04:38:54,REAL,2735871512,484,2735871996,2735871996
2025-06-19 04:38:56,REAL,2735871996,480,2735872476,2735872476
2025-06-19 04:38:58,REAL,2735872476,488,2735872964,2735872964
2025-06-19 04:39:00,REAL,2735872964,2202,2735875166,2735875166
2025-06-19 04:39:02,REAL,2735875166,11775,2735886941,2735886941
2025-06-19 04:39:04,REAL,2735886941,10255,2735897196,2735897196
2025-06-19 04:39:06,REAL,2735897196,10254,2735907450,2735907450
2025-06-19 04:39:08,REAL,2735907450,10258,2735917708,2735917708
2025-06-19 04:39:10,REAL,2735917708,10318,2735928026,2735928026
2025-06-19 04:39:12,REAL,2735928026,10303,2735938329,2735938329
2025-06-19 04:39:14,REAL,2735938329,10248,2735948577,2735948577
2025-06-19 04:39:16,REAL,2735948577,3922,2735952499,2735952499
2025-06-19 04:39:18,REAL,2735952499,480,2735952979,2735952979
2025-06-19 04:39:20,REAL,2735952979,485,2735953464,2735953464
2025-06-19 04:39:22,REAL,2735953464,492,2735953956,2735953956
2025-06-19 04:39:24,REAL,2735953956,491,2735954447,2735954447
2025-06-19 04:39:26,REAL,2735954447,493,2735954940,2735954940
2025-06-19 04:39:28,REAL,2735954940,482,2735955422,2735955422
2025-06-19 04:39:30,REAL,2735955422,484,2735955906,2735955906
2025-06-19 04:39:32,REAL,2735955906,3069,2735958975,2735958975
2025-06-19 04:39:34,REAL,2735958975,12101,2735971076,2735971076
2025-06-19 04:39:36,REAL,2735971076,10254,2735981330,2735981330
2025-06-19 04:39:38,REAL,2735981330,10257,2735991587,2735991587
2025-06-19 04:39:40,REAL,2735991587,10261,2736001848,2736001848
2025-06-19 04:39:42,REAL,2736001848,10322,2736012170,2736012170
2025-06-19 04:39:44,REAL,2736012170,10255,2736022425,2736022425
2025-06-19 04:39:46,REAL,2736022425,10307,2736032732,2736032732
2025-06-19 04:39:48,REAL,2736032732,3321,2736036053,2736036053
2025-06-19 04:39:50,REAL,2736036053,486,2736036539,2736036539
2025-06-19 04:39:52,REAL,2736036539,482,2736037021,2736037021
2025-06-19 04:39:54,REAL,2736037021,481,2736037502,2736037502
2025-06-19 04:39:56,REAL,2736037502,487,2736037989,2736037989
2025-06-19 04:39:58,REAL,2736037989,483,2736038472,2736038472
2025-06-19 04:40:00,REAL,2736038472,488,2736038960,2736038960
2025-06-19 04:40:02,REAL,2736038960,494,2736039454,2736039454
2025-06-19 04:40:04,REAL,2736039454,3464,2736042918,2736042918
2025-06-19 04:40:06,REAL,2736042918,14739,2736057657,2736057657
2025-06-19 04:40:08,REAL,2736057657,10253,2736067910,2736067910
2025-06-19 04:40:10,REAL,2736067910,10255,2736078165,2736078165
2025-06-19 04:40:12,REAL,2736078165,10317,2736088482,2736088482
2025-06-19 04:40:14,REAL,2736088482,10258,2736098740,2736098740
2025-06-19 04:40:16,REAL,2736098740,10247,2736108987,2736108987
2025-06-19 04:40:18,REAL,2736108987,10307,2736119294,2736119294
2025-06-19 04:40:20,REAL,2736119294,2720,2736122014,2736122014
2025-06-19 04:40:22,REAL,2736122014,482,2736122496,2736122496
2025-06-19 04:40:24,REAL,2736122496,492,2736122988,2736122988
2025-06-19 04:40:26,REAL,2736122988,9666,2736132654,2736132654
2025-06-19 04:40:28,REAL,2736132654,10507,2736143161,2736143161
2025-06-19 04:40:30,REAL,2736143161,10324,2736153485,2736153485
2025-06-19 04:40:32,REAL,2736153485,10249,2736163734,2736163734
2025-06-19 04:40:34,REAL,2736163734,10250,2736173984,2736173984
2025-06-19 04:40:36,REAL,2736173984,10321,2736184305,2736184305
2025-06-19 04:40:38,REAL,2736184305,10254,2736194559,2736194559
2025-06-19 04:40:40,REAL,2736194559,7216,2736201775,2736201775
2025-06-19 04:40:42,REAL,2736201775,476,2736202251,2736202251
2025-06-19 04:40:44,REAL,2736202251,486,2736202737,2736202737
2025-06-19 04:40:46,REAL,2736202737,478,2736203215,2736203215
2025-06-19 04:40:48,REAL,2736203215,490,2736203705,2736203705
2025-06-19 04:40:50,REAL,2736203705,489,2736204194,2736204194
2025-06-19 04:40:52,REAL,2736204194,542,2736204736,2736204736
2025-06-19 04:40:54,REAL,2736204736,493,2736205229,2736205229
2025-06-19 04:40:56,REAL,2736205229,479,2736205708,2736205708
2025-06-19 04:40:58,REAL,2736205708,489,2736206197,2736206197
2025-06-19 04:41:00,REAL,2736206197,542,2736206739,2736206739
2025-06-19 04:41:02,REAL,2736206739,485,2736207224,2736207224
2025-06-19 04:41:04,REAL,2736207224,485,2736207709,2736207709
2025-06-19 04:41:06,REAL,2736207709,480,2736208189,2736208189
2025-06-19 04:41:08,REAL,2736208189,480,2736208669,2736208669
2025-06-19 04:41:10,REAL,2736208669,482,2736209151,2736209151
2025-06-19 04:41:12,REAL,2736209151,487,2736209638,2736209638
2025-06-19 04:41:14,REAL,2736209638,485,2736210123,2736210123
2025-06-19 04:41:16,REAL,2736210123,484,2736210607,2736210607
2025-06-19 04:41:18,REAL,2736210607,6028,2736216635,2736216635
2025-06-19 04:41:20,REAL,2736216635,11111,2736227746,2736227746
2025-06-19 04:41:22,REAL,2736227746,10249,2736237995,2736237995
2025-06-19 04:41:24,REAL,2736237995,10304,2736248299,2736248299
2025-06-19 04:41:26,REAL,2736248299,10251,2736258550,2736258550
2025-06-19 04:41:28,REAL,2736258550,10257,2736268807,2736268807
2025-06-19 04:41:30,REAL,2736268807,10261,2736279068,2736279068
2025-06-19 04:41:32,REAL,2736279068,10245,2736289313,2736289313
2025-06-19 04:41:34,REAL,2736289313,1345,2736290658,2736290658
2025-06-19 04:41:36,REAL,2736290658,492,2736291150,2736291150
2025-06-19 04:41:38,REAL,2736291150,475,2736291625,2736291625
2025-06-19 04:41:40,REAL,2736291625,487,2736292112,2736292112
2025-06-19 04:41:42,REAL,2736292112,475,2736292587,2736292587
2025-06-19 04:41:44,REAL,2736292587,480,2736293067,2736293067
2025-06-19 04:41:46,REAL,2736293067,492,2736293559,2736293559
2025-06-19 04:41:48,REAL,2736293559,476,2736294035,2736294035
2025-06-19 04:41:50,REAL,2736294035,485,2736294520,2736294520
2025-06-19 04:41:52,REAL,2736294520,478,2736294998,2736294998
2025-06-19 04:41:54,REAL,2736294998,532,2736295530,2736295530
2025-06-19 04:41:56,REAL,2736295530,543,2736296073,2736296073
2025-06-19 04:41:58,REAL,2736296073,480,2736296553,2736296553
2025-06-19 04:42:00,REAL,2736296553,486,2736297039,2736297039
2025-06-19 04:42:02,REAL,2736297039,480,2736297519,2736297519
2025-06-19 04:42:04,REAL,2736297519,490,2736298009,2736298009
2025-06-19 04:42:06,REAL,2736298009,476,2736298485,2736298485
2025-06-19 04:42:08,REAL,2736298485,484,2736298969,2736298969
2025-06-19 04:42:10,REAL,2736298969,481,2736299450,2736299450
2025-06-19 04:42:12,REAL,2736299450,487,2736299937,2736299937
2025-06-19 04:42:14,REAL,2736299937,481,2736300418,2736300418
2025-06-19 04:42:16,REAL,2736300418,477,2736300895,2736300895
2025-06-19 04:42:18,REAL,2736300895,485,2736301380,2736301380
2025-06-19 04:42:20,REAL,2736301380,484,2736301864,2736301864
2025-06-19 04:42:22,REAL,2736301864,493,2736302357,2736302357
2025-06-19 04:42:24,REAL,2736302357,481,2736302838,2736302838
2025-06-19 04:42:26,REAL,2736302838,488,2736303326,2736303326
2025-06-19 04:42:28,REAL,2736303326,490,2736303816,2736303816
2025-06-19 04:42:30,REAL,2736303816,539,2736304355,2736304355
2025-06-19 04:42:32,REAL,2736304355,491,2736304846,2736304846
2025-06-19 04:42:34,REAL,2736304846,491,2736305337,2736305337
2025-06-19 04:42:36,REAL,2736305337,542,2736305879,2736305879
2025-06-19 04:42:38,REAL,2736305879,481,2736306360,2736306360
2025-06-19 04:42:40,REAL,2736306360,476,2736306836,2736306836
2025-06-19 04:42:42,REAL,2736306836,484,2736307320,2736307320
2025-06-19 04:42:44,REAL,2736307320,478,2736307798,2736307798
2025-06-19 04:42:46,REAL,2736307798,487,2736308285,2736308285
2025-06-19 04:42:48,REAL,2736308285,490,2736308775,2736308775
2025-06-19 04:42:50,REAL,2736308775,487,2736309262,2736309262
2025-06-19 04:42:52,REAL,2736309262,480,2736309742,2736309742
2025-06-19 04:42:54,REAL,2736309742,483,2736310225,2736310225
2025-06-19 04:42:56,REAL,2736310225,482,2736310707,2736310707
2025-06-19 04:42:58,REAL,2736310707,483,2736311190,2736311190
2025-06-19 04:43:00,REAL,2736311190,480,2736311670,2736311670
2025-06-19 04:43:02,REAL,2736311670,479,2736312149,2736312149
2025-06-19 04:43:04,REAL,2736312149,485,2736312634,2736312634
2025-06-19 04:43:06,REAL,2736312634,481,2736313115,2736313115
2025-06-19 04:43:08,REAL,2736313115,545,2736313660,2736313660
2025-06-19 04:43:10,REAL,2736313660,483,2736314143,2736314143
2025-06-19 04:43:12,REAL,2736314143,480,2736314623,2736314623
2025-06-19 04:43:14,REAL,2736314623,481,2736315104,2736315104
2025-06-19 04:43:16,REAL,2736315104,543,2736315647,2736315647
2025-06-19 04:43:18,REAL,2736315647,483,2736316130,2736316130
2025-06-19 04:43:20,REAL,2736316130,484,2736316614,2736316614
2025-06-19 04:43:22,REAL,2736316614,484,2736317098,2736317098
2025-06-19 04:43:24,REAL,2736317098,483,2736317581,2736317581
2025-06-19 04:43:26,REAL,2736317581,491,2736318072,2736318072
2025-06-19 04:43:28,REAL,2736318072,482,2736318554,2736318554
2025-06-19 04:43:30,REAL,2736318554,481,2736319035,2736319035
2025-06-19 04:43:32,REAL,2736319035,486,2736319521,2736319521
2025-06-19 04:43:34,REAL,2736319521,479,2736320000,2736320000
2025-06-19 04:43:36,REAL,2736320000,481,2736320481,2736320481
2025-06-19 04:43:38,REAL,2736320481,483,2736320964,2736320964
2025-06-19 04:43:40,REAL,2736320964,476,2736321440,2736321440
2025-06-19 04:43:42,REAL,2736321440,485,2736321925,2736321925
2025-06-19 04:43:44,REAL,2736321925,541,2736322466,2736322466
2025-06-19 04:43:46,REAL,2736322466,485,2736322951,2736322951
2025-06-19 04:43:48,REAL,2736322951,490,2736323441,2736323441
2025-06-19 04:43:50,REAL,2736323441,485,2736323926,2736323926
2025-06-19 04:43:52,REAL,2736323926,477,2736324403,2736324403
2025-06-19 04:43:54,REAL,2736324403,492,2736324895,2736324895
2025-06-19 04:43:56,REAL,2736324895,481,2736325376,2736325376
2025-06-19 04:43:58,REAL,2736325376,540,2736325916,2736325916
2025-06-19 04:44:00,REAL,2736325916,489,2736326405,2736326405
2025-06-19 04:44:02,REAL,2736326405,492,2736326897,2736326897
2025-06-19 04:44:04,REAL,2736326897,483,2736327380,2736327380
2025-06-19 04:44:06,REAL,2736327380,484,2736327864,2736327864
2025-06-19 04:44:08,REAL,2736327864,486,2736328350,2736328350
2025-06-19 04:44:10,REAL,2736328350,486,2736328836,2736328836
2025-06-19 04:44:12,REAL,2736328836,486,2736329322,2736329322
2025-06-19 04:44:14,REAL,2736329322,486,2736329808,2736329808
2025-06-19 04:44:16,REAL,2736329808,485,2736330293,2736330293
2025-06-19 04:44:18,REAL,2736330293,484,2736330777,2736330777
2025-06-19 04:44:20,REAL,2736330777,493,2736331270,2736331270
2025-06-19 04:44:22,REAL,2736331270,539,2736331809,2736331809
2025-06-19 04:44:24,REAL,2736331809,479,2736332288,2736332288
2025-06-19 04:44:26,REAL,2736332288,484,2736332772,2736332772
2025-06-19 04:44:28,REAL,2736332772,480,2736333252,2736333252
2025-06-19 04:44:30,REAL,2736333252,492,2736333744,2736333744
2025-06-19 04:44:32,REAL,2736333744,483,2736334227,2736334227
2025-06-19 04:44:34,REAL,2736334227,479,2736334706,2736334706
2025-06-19 04:44:36,REAL,2736334706,481,2736335187,2736335187
2025-06-19 04:44:38,REAL,2736335187,3380,2736338567,2736338567
2025-06-19 04:44:40,REAL,2736338567,11440,2736350007,2736350007
2025-06-19 04:44:42,REAL,2736350007,10255,2736360262,2736360262
2025-06-19 04:44:44,REAL,2736360262,10242,2736370504,2736370504
2025-06-19 04:44:46,REAL,2736370504,10260,2736380764,2736380764
2025-06-19 04:44:48,REAL,2736380764,10315,2736391079,2736391079
2025-06-19 04:44:50,REAL,2736391079,10258,2736401337,2736401337
2025-06-19 04:44:52,REAL,2736401337,10244,2736411581,2736411581
2025-06-19 04:44:54,REAL,2736411581,2793,2736414374,2736414374
2025-06-19 04:44:56,REAL,2736414374,480,2736414854,2736414854
2025-06-19 04:44:58,REAL,2736414854,479,2736415333,2736415333
2025-06-19 04:45:00,REAL,2736415333,488,2736415821,2736415821
2025-06-19 04:45:02,REAL,2736415821,486,2736416307,2736416307
2025-06-19 04:45:04,REAL,2736416307,476,2736416783,2736416783
2025-06-19 04:45:06,REAL,2736416783,487,2736417270,2736417270
2025-06-19 04:45:08,REAL,2736417270,487,2736417757,2736417757
2025-06-19 04:45:10,REAL,2736417757,484,2736418241,2736418241
2025-06-19 04:45:12,REAL,2736418241,474,2736418715,2736418715
2025-06-19 04:45:14,REAL,2736418715,546,2736419261,2736419261
2025-06-19 04:45:16,REAL,2736419261,478,2736419739,2736419739
2025-06-19 04:45:18,REAL,2736419739,485,2736420224,2736420224
2025-06-19 04:45:20,REAL,2736420224,535,2736420759,2736420759
2025-06-19 04:45:22,REAL,2736420759,488,2736421247,2736421247
2025-06-19 04:45:24,REAL,2736421247,482,2736421729,2736421729
2025-06-19 04:45:26,REAL,2736421729,478,2736422207,2736422207
2025-06-19 04:45:28,REAL,2736422207,478,2736422685,2736422685
2025-06-19 04:45:30,REAL,2736422685,492,2736423177,2736423177
2025-06-19 04:45:32,REAL,2736423177,484,2736423661,2736423661
2025-06-19 04:45:34,REAL,2736423661,478,2736424139,2736424139
2025-06-19 04:45:36,REAL,2736424139,482,2736424621,2736424621
2025-06-19 04:45:38,REAL,2736424621,481,2736425102,2736425102
2025-06-19 04:45:40,REAL,2736425102,486,2736425588,2736425588
2025-06-19 04:45:42,REAL,2736425588,492,2736426080,2736426080
2025-06-19 04:45:44,REAL,2736426080,487,2736426567,2736426567
2025-06-19 04:45:46,REAL,2736426567,483,2736427050,2736427050
2025-06-19 04:45:48,REAL,2736427050,482,2736427532,2736427532
2025-06-19 04:45:50,REAL,2736427532,547,2736428079,2736428079
2025-06-19 04:45:52,REAL,2736428079,478,2736428557,2736428557
2025-06-19 04:45:54,REAL,2736428557,481,2736429038,2736429038
2025-06-19 04:45:56,REAL,2736429038,492,2736429530,2736429530
2025-06-19 04:45:58,REAL,2736429530,491,2736430021,2736430021
2025-06-19 04:46:00,REAL,2736430021,534,2736430555,2736430555
2025-06-19 04:46:02,REAL,2736430555,478,2736431033,2736431033
2025-06-19 04:46:04,REAL,2736431033,491,2736431524,2736431524
2025-06-19 04:46:06,REAL,2736431524,486,2736432010,2736432010
2025-06-19 04:46:08,REAL,2736432010,485,2736432495,2736432495
2025-06-19 04:46:10,REAL,2736432495,490,2736432985,2736432985
2025-06-19 04:46:12,REAL,2736432985,485,2736433470,2736433470
2025-06-19 04:46:14,REAL,2736433470,486,2736433956,2736433956
2025-06-19 04:46:16,REAL,2736433956,479,2736434435,2736434435
2025-06-19 04:46:18,REAL,2736434435,476,2736434911,2736434911
2025-06-19 04:46:20,REAL,2736434911,477,2736435388,2736435388
2025-06-19 04:46:22,REAL,2736435388,487,2736435875,2736435875
2025-06-19 04:46:24,REAL,2736435875,486,2736436361,2736436361
2025-06-19 04:46:26,REAL,2736436361,539,2736436900,2736436900
2025-06-19 04:46:28,REAL,2736436900,478,2736437378,2736437378
2025-06-19 04:46:30,REAL,2736437378,486,2736437864,2736437864
2025-06-19 04:46:32,REAL,2736437864,484,2736438348,2736438348
2025-06-19 04:46:34,REAL,2736438348,480,2736438828,2736438828
2025-06-19 04:46:36,REAL,2736438828,490,2736439318,2736439318
2025-06-19 04:46:38,REAL,2736439318,483,2736439801,2736439801
2025-06-19 04:46:40,REAL,2736439801,538,2736440339,2736440339
2025-06-19 04:46:42,REAL,2736440339,490,2736440829,2736440829
2025-06-19 04:46:44,REAL,2736440829,482,2736441311,2736441311
2025-06-19 04:46:46,REAL,2736441311,484,2736441795,2736441795
2025-06-19 04:46:48,REAL,2736441795,481,2736442276,2736442276
2025-06-19 04:46:50,REAL,2736442276,486,2736442762,2736442762
2025-06-19 04:46:52,REAL,2736442762,481,2736443243,2736443243
2025-06-19 04:46:54,REAL,2736443243,487,2736443730,2736443730
2025-06-19 04:46:56,REAL,2736443730,487,2736444217,2736444217
2025-06-19 04:46:58,REAL,2736444217,481,2736444698,2736444698
2025-06-19 04:47:00,REAL,2736444698,538,2736445236,2736445236
2025-06-19 04:47:02,REAL,2736445236,483,2736445719,2736445719
2025-06-19 04:47:04,REAL,2736445719,489,2736446208,2736446208
2025-06-19 04:47:06,REAL,2736446208,487,2736446695,2736446695
2025-06-19 04:47:08,REAL,2736446695,485,2736447180,2736447180
2025-06-19 04:47:10,REAL,2736447180,480,2736447660,2736447660
2025-06-19 04:47:12,REAL,2736447660,486,2736448146,2736448146
2025-06-19 04:47:14,REAL,2736448146,489,2736448635,2736448635
2025-06-19 04:47:16,REAL,2736448635,492,2736449127,2736449127
2025-06-19 04:47:18,REAL,2736449127,490,2736449617,2736449617
2025-06-19 04:47:20,REAL,2736449617,475,2736450092,2736450092
2025-06-19 04:47:22,REAL,2736450092,482,2736450574,2736450574
2025-06-19 04:47:24,REAL,2736450574,547,2736451121,2736451121
2025-06-19 04:47:26,REAL,2736451121,477,2736451598,2736451598
2025-06-19 04:47:28,REAL,2736451598,476,2736452074,2736452074
2025-06-19 04:47:30,REAL,2736452074,493,2736452567,2736452567
2025-06-19 04:47:32,REAL,2736452567,536,2736453103,2736453103
2025-06-19 04:47:34,REAL,2736453103,484,2736453587,2736453587
2025-06-19 04:47:36,REAL,2736453587,476,2736454063,2736454063
2025-06-19 04:47:38,REAL,2736454063,485,2736454548,2736454548
2025-06-19 04:47:40,REAL,2736454548,480,2736455028,2736455028
2025-06-19 04:47:42,REAL,2736455028,484,2736455512,2736455512
2025-06-19 04:47:44,REAL,2736455512,481,2736455993,2736455993
2025-06-19 04:47:46,REAL,2736455993,482,2736456475,2736456475
2025-06-19 04:47:48,REAL,2736456475,485,2736456960,2736456960
2025-06-19 04:47:50,REAL,2736456960,8470,2736465430,2736465430
2025-06-19 04:47:52,REAL,2736465430,12627,2736478057,2736478057
2025-06-19 04:47:54,REAL,2736478057,10319,2736488376,2736488376
2025-06-19 04:47:56,REAL,2736488376,10248,2736498624,2736498624
2025-06-19 04:47:58,REAL,2736498624,10254,2736508878,2736508878
2025-06-19 04:48:00,REAL,2736508878,10317,2736519195,2736519195
2025-06-19 04:48:02,REAL,2736519195,10255,2736529450,2736529450
2025-06-19 04:48:04,REAL,2736529450,9265,2736538715,2736538715
2025-06-19 04:48:06,REAL,2736538715,539,2736539254,2736539254
2025-06-19 04:48:08,REAL,2736539254,482,2736539736,2736539736
2025-06-19 04:48:10,REAL,2736539736,478,2736540214,2736540214
2025-06-19 04:48:12,REAL,2736540214,482,2736540696,2736540696
2025-06-19 04:48:14,REAL,2736540696,486,2736541182,2736541182
2025-06-19 04:48:16,REAL,2736541182,480,2736541662,2736541662
2025-06-19 04:48:18,REAL,2736541662,488,2736542150,2736542150
2025-06-19 04:48:20,REAL,2736542150,539,2736542689,2736542689
2025-06-19 04:48:22,REAL,2736542689,492,2736543181,2736543181
2025-06-19 04:48:24,REAL,2736543181,488,2736543669,2736543669
2025-06-19 04:48:26,REAL,2736543669,490,2736544159,2736544159
2025-06-19 04:48:28,REAL,2736544159,485,2736544644,2736544644
2025-06-19 04:48:30,REAL,2736544644,481,2736545125,2736545125
2025-06-19 04:48:32,REAL,2736545125,476,2736545601,2736545601
2025-06-19 04:48:34,REAL,2736545601,478,2736546079,2736546079
2025-06-19 04:48:36,REAL,2736546079,482,2736546561,2736546561
2025-06-19 04:48:38,REAL,2736546561,486,2736547047,2736547047
2025-06-19 04:48:40,REAL,2736547047,478,2736547525,2736547525
2025-06-19 04:48:42,REAL,2736547525,484,2736548009,2736548009
2025-06-19 04:48:44,REAL,2736548009,484,2736548493,2736548493
2025-06-19 04:48:46,REAL,2736548493,482,2736548975,2736548975
2025-06-19 04:48:48,REAL,2736548975,476,2736549451,2736549451
2025-06-19 04:48:50,REAL,2736549451,7941,2736557392,2736557392
2025-06-19 04:48:52,REAL,2736557392,10718,2736568110,2736568110
2025-06-19 04:48:54,REAL,2736568110,10310,2736578420,2736578420
2025-06-19 04:48:56,REAL,2736578420,10259,2736588679,2736588679
2025-06-19 04:48:58,REAL,2736588679,10249,2736598928,2736598928
2025-06-19 04:49:00,REAL,2736598928,10254,2736609182,2736609182
2025-06-19 04:49:02,REAL,2736609182,10317,2736619499,2736619499
2025-06-19 04:49:04,REAL,2736619499,8477,2736627976,2736627976
2025-06-19 04:49:06,REAL,2736627976,483,2736628459,2736628459
2025-06-19 04:49:08,REAL,2736628459,484,2736628943,2736628943
2025-06-19 04:49:10,REAL,2736628943,483,2736629426,2736629426
2025-06-19 04:49:12,REAL,2736629426,483,2736629909,2736629909
2025-06-19 04:49:14,REAL,2736629909,486,2736630395,2736630395
2025-06-19 04:49:16,REAL,2736630395,483,2736630878,2736630878
2025-06-19 04:49:18,REAL,2736630878,482,2736631360,2736631360
2025-06-19 04:49:20,REAL,2736631360,488,2736631848,2736631848
2025-06-19 04:49:22,REAL,2736631848,547,2736632395,2736632395
2025-06-19 04:49:24,REAL,2736632395,483,2736632878,2736632878
2025-06-19 04:49:26,REAL,2736632878,485,2736633363,2736633363
2025-06-19 04:49:28,REAL,2736633363,484,2736633847,2736633847
2025-06-19 04:49:30,REAL,2736633847,481,2736634328,2736634328
2025-06-19 04:49:32,REAL,2736634328,546,2736634874,2736634874
2025-06-19 04:49:34,REAL,2736634874,478,2736635352,2736635352
2025-06-19 04:49:36,REAL,2736635352,490,2736635842,2736635842
2025-06-19 04:49:38,REAL,2736635842,484,2736636326,2736636326
2025-06-19 04:49:40,REAL,2736636326,486,2736636812,2736636812
2025-06-19 04:49:42,REAL,2736636812,483,2736637295,2736637295
2025-06-19 04:49:44,REAL,2736637295,484,2736637779,2736637779
2025-06-19 04:49:46,REAL,2736637779,482,2736638261,2736638261
2025-06-19 04:49:48,REAL,2736638261,485,2736638746,2736638746
2025-06-19 04:49:50,REAL,2736638746,481,2736639227,2736639227
2025-06-19 04:49:52,REAL,2736639227,545,2736639772,2736639772
2025-06-19 04:49:54,REAL,2736639772,488,2736640260,2736640260
2025-06-19 04:49:56,REAL,2736640260,482,2736640742,2736640742
2025-06-19 04:49:58,REAL,2736640742,482,2736641224,2736641224
2025-06-19 04:50:00,REAL,2736641224,486,2736641710,2736641710
2025-06-19 04:50:02,REAL,2736641710,489,2736642199,2736642199
2025-06-19 04:50:04,REAL,2736642199,483,2736642682,2736642682
2025-06-19 04:50:06,REAL,2736642682,483,2736643165,2736643165
2025-06-19 04:50:08,REAL,2736643165,487,2736643652,2736643652
2025-06-19 04:50:10,REAL,2736643652,12102,2736655754,2736655754
2025-06-19 04:50:12,REAL,2736655754,10983,2736666737,2736666737
2025-06-19 04:50:14,REAL,2736666737,10252,2736676989,2736676989
2025-06-19 04:50:16,REAL,2736676989,10306,2736687295,2736687295
2025-06-19 04:50:18,REAL,2736687295,10318,2736697613,2736697613
2025-06-19 04:50:20,REAL,2736697613,10246,2736707859,2736707859
2025-06-19 04:50:22,REAL,2736707859,10323,2736718182,2736718182
2025-06-19 04:50:24,REAL,2736718182,6886,2736725068,2736725068
2025-06-19 04:50:26,REAL,2736725068,486,2736725554,2736725554
2025-06-19 04:50:28,REAL,2736725554,489,2736726043,2736726043
2025-06-19 04:50:30,REAL,2736726043,486,2736726529,2736726529
2025-06-19 04:50:32,REAL,2736726529,487,2736727016,2736727016
2025-06-19 04:50:34,REAL,2736727016,482,2736727498,2736727498
2025-06-19 04:50:36,REAL,2736727498,483,2736727981,2736727981
2025-06-19 04:50:38,REAL,2736727981,485,2736728466,2736728466
2025-06-19 04:50:40,REAL,2736728466,545,2736729011,2736729011
2025-06-19 04:50:42,REAL,2736729011,490,2736729501,2736729501
2025-06-19 04:50:44,REAL,2736729501,488,2736729989,2736729989
2025-06-19 04:50:46,REAL,2736729989,474,2736730463,2736730463
2025-06-19 04:50:48,REAL,2736730463,486,2736730949,2736730949
2025-06-19 04:50:50,REAL,2736730949,491,2736731440,2736731440
2025-06-19 04:50:52,REAL,2736731440,483,2736731923,2736731923
2025-06-19 04:50:54,REAL,2736731923,481,2736732404,2736732404
2025-06-19 04:50:56,REAL,2736732404,482,2736732886,2736732886
2025-06-19 04:50:58,REAL,2736732886,547,2736733433,2736733433
2025-06-19 04:51:00,REAL,2736733433,482,2736733915,2736733915
2025-06-19 04:51:02,REAL,2736733915,476,2736734391,2736734391
2025-06-19 04:51:04,REAL,2736734391,489,2736734880,2736734880
2025-06-19 04:51:06,REAL,2736734880,484,2736735364,2736735364
2025-06-19 04:51:08,REAL,2736735364,477,2736735841,2736735841
2025-06-19 04:51:10,REAL,2736735841,487,2736736328,2736736328
2025-06-19 04:51:12,REAL,2736736328,489,2736736817,2736736817
2025-06-19 04:51:14,REAL,2736736817,542,2736737359,2736737359
2025-06-19 04:51:16,REAL,2736737359,486,2736737845,2736737845
2025-06-19 04:51:18,REAL,2736737845,481,2736738326,2736738326
2025-06-19 04:51:20,REAL,2736738326,482,2736738808,2736738808
2025-06-19 04:51:22,REAL,2736738808,481,2736739289,2736739289
2025-06-19 04:51:24,REAL,2736739289,489,2736739778,2736739778
2025-06-19 04:51:26,REAL,2736739778,477,2736740255,2736740255
2025-06-19 04:51:28,REAL,2736740255,487,2736740742,2736740742
2025-06-19 04:51:30,REAL,2736740742,15603,2736756345,2736756345
2025-06-19 04:51:32,REAL,2736756345,10250,2736766595,2736766595
2025-06-19 04:51:34,REAL,2736766595,10251,2736776846,2736776846
2025-06-19 04:51:36,REAL,2736776846,10257,2736787103,2736787103
2025-06-19 04:51:38,REAL,2736787103,10254,2736797357,2736797357
2025-06-19 04:51:40,REAL,2736797357,10251,2736807608,2736807608
2025-06-19 04:51:42,REAL,2736807608,10312,2736817920,2736817920
2025-06-19 04:51:44,REAL,2736817920,5369,2736823289,2736823289
2025-06-19 04:51:46,REAL,2736823289,483,2736823772,2736823772
2025-06-19 04:51:48,REAL,2736823772,489,2736824261,2736824261
2025-06-19 04:51:50,REAL,2736824261,482,2736824743,2736824743
2025-06-19 04:51:52,REAL,2736824743,484,2736825227,2736825227
2025-06-19 04:51:54,REAL,2736825227,479,2736825706,2736825706
2025-06-19 04:51:56,REAL,2736825706,481,2736826187,2736826187
2025-06-19 04:51:58,REAL,2736826187,487,2736826674,2736826674
2025-06-19 04:52:00,REAL,2736826674,544,2736827218,2736827218
2025-06-19 04:52:02,REAL,2736827218,487,2736827705,2736827705
2025-06-19 04:52:04,REAL,2736827705,486,2736828191,2736828191
2025-06-19 04:52:06,REAL,2736828191,485,2736828676,2736828676
2025-06-19 04:52:08,REAL,2736828676,482,2736829158,2736829158
2025-06-19 04:52:10,REAL,2736829158,492,2736829650,2736829650
2025-06-19 04:52:12,REAL,2736829650,487,2736830137,2736830137
2025-06-19 04:52:14,REAL,2736830137,485,2736830622,2736830622
2025-06-19 04:52:16,REAL,2736830622,493,2736831115,2736831115
2025-06-19 04:52:18,REAL,2736831115,486,2736831601,2736831601
2025-06-19 04:52:20,REAL,2736831601,493,2736832094,2736832094
2025-06-19 04:52:22,REAL,2736832094,486,2736832580,2736832580
2025-06-19 04:52:24,REAL,2736832580,597,2736833177,2736833177
2025-06-19 04:52:26,REAL,2736833177,487,2736833664,2736833664
2025-06-19 04:52:28,REAL,2736833664,485,2736834149,2736834149
2025-06-19 04:52:30,REAL,2736834149,484,2736834633,2736834633
2025-06-19 04:52:32,REAL,2736834633,485,2736835118,2736835118
2025-06-19 04:52:34,REAL,2736835118,481,2736835599,2736835599
2025-06-19 04:52:36,REAL,2736835599,485,2736836084,2736836084
2025-06-19 04:52:38,REAL,2736836084,485,2736836569,2736836569
2025-06-19 04:52:40,REAL,2736836569,481,2736837050,2736837050
2025-06-19 04:52:42,REAL,2736837050,481,2736837531,2736837531
2025-06-19 04:52:44,REAL,2736837531,490,2736838021,2736838021
2025-06-19 04:52:46,REAL,2736838021,486,2736838507,2736838507
2025-06-19 04:52:48,REAL,2736838507,485,2736838992,2736838992
2025-06-19 04:52:50,REAL,2736838992,538,2736839530,2736839530
2025-06-19 04:52:52,REAL,2736839530,479,2736840009,2736840009
2025-06-19 04:52:54,REAL,2736840009,485,2736840494,2736840494
2025-06-19 04:52:56,REAL,2736840494,478,2736840972,2736840972
2025-06-19 04:52:58,REAL,2736840972,484,2736841456,2736841456
2025-06-19 04:53:00,REAL,2736841456,541,2736841997,2736841997
2025-06-19 04:53:02,REAL,2736841997,489,2736842486,2736842486
2025-06-19 04:53:04,REAL,2736842486,483,2736842969,2736842969
2025-06-19 04:53:06,REAL,2736842969,476,2736843445,2736843445
2025-06-19 04:53:08,REAL,2736843445,484,2736843929,2736843929
2025-06-19 04:53:10,REAL,2736843929,485,2736844414,2736844414
2025-06-19 04:53:12,REAL,2736844414,480,2736844894,2736844894
2025-06-19 04:53:14,REAL,2736844894,547,2736845441,2736845441
2025-06-19 04:53:16,REAL,2736845441,489,2736845930,2736845930
2025-06-19 04:53:18,REAL,2736845930,237,2736846167,2736846167
2025-06-19 04:53:20,REAL,2736846167,487,2736846654,2736846654
2025-06-19 04:53:22,REAL,2736846654,481,2736847135,2736847135
2025-06-19 04:53:24,REAL,2736847135,483,2736847618,2736847618
2025-06-19 04:53:26,REAL,2736847618,486,2736848104,2736848104
2025-06-19 04:53:28,REAL,2736848104,479,2736848583,2736848583
2025-06-19 04:53:30,REAL,2736848583,492,2736849075,2736849075
2025-06-19 04:53:32,REAL,2736849075,481,2736849556,2736849556
2025-06-19 04:53:34,REAL,2736849556,482,2736850038,2736850038
2025-06-19 04:53:36,REAL,2736850038,10252,2736860290,2736860290
2025-06-19 04:53:38,REAL,2736860290,11709,2736871999,2736871999
2025-06-19 04:53:40,REAL,2736871999,10319,2736882318,2736882318
2025-06-19 04:53:42,REAL,2736882318,10255,2736892573,2736892573
2025-06-19 04:53:44,REAL,2736892573,10258,2736902831,2736902831
2025-06-19 04:53:46,REAL,2736902831,10314,2736913145,2736913145
2025-06-19 04:53:48,REAL,2736913145,10251,2736923396,2736923396
2025-06-19 04:53:50,REAL,2736923396,8074,2736931470,2736931470
2025-06-19 04:53:52,REAL,2736931470,487,2736931957,2736931957
2025-06-19 04:53:54,REAL,2736931957,481,2736932438,2736932438
2025-06-19 04:53:56,REAL,2736932438,481,2736932919,2736932919
2025-06-19 04:53:58,REAL,2736932919,482,2736933401,2736933401
2025-06-19 04:54:00,REAL,2736933401,547,2736933948,2736933948
2025-06-19 04:54:02,REAL,2736933948,481,2736934429,2736934429
2025-06-19 04:54:04,REAL,2736934429,484,2736934913,2736934913
2025-06-19 04:54:06,REAL,2736934913,484,2736935397,2736935397
2025-06-19 04:54:08,REAL,2736935397,486,2736935883,2736935883
2025-06-19 04:54:10,REAL,2736935883,537,2736936420,2736936420
2025-06-19 04:54:12,REAL,2736936420,490,2736936910,2736936910
2025-06-19 04:54:14,REAL,2736936910,490,2736937400,2736937400
2025-06-19 04:54:16,REAL,2736937400,479,2736937879,2736937879
2025-06-19 04:54:18,REAL,2736937879,480,2736938359,2736938359
2025-06-19 04:54:20,REAL,2736938359,482,2736938841,2736938841
2025-06-19 04:54:22,REAL,2736938841,479,2736939320,2736939320
2025-06-19 04:54:24,REAL,2736939320,481,2736939801,2736939801
2025-06-19 04:54:26,REAL,2736939801,536,2736940337,2736940337
2025-06-19 04:54:28,REAL,2736940337,493,2736940830,2736940830
2025-06-19 04:54:30,REAL,2736940830,485,2736941315,2736941315
2025-06-19 04:54:32,REAL,2736941315,476,2736941791,2736941791
2025-06-19 04:54:34,REAL,2736941791,491,2736942282,2736942282
2025-06-19 04:54:36,REAL,2736942282,483,2736942765,2736942765
2025-06-19 04:54:38,REAL,2736942765,481,2736943246,2736943246
2025-06-19 04:54:40,REAL,2736943246,481,2736943727,2736943727
2025-06-19 04:54:42,REAL,2736943727,479,2736944206,2736944206
2025-06-19 04:54:44,REAL,2736944206,543,2736944749,2736944749
2025-06-19 04:54:46,REAL,2736944749,484,2736945233,2736945233
2025-06-19 04:54:48,REAL,2736945233,479,2736945712,2736945712
2025-06-19 04:54:50,REAL,2736945712,539,2736946251,2736946251
2025-06-19 04:54:52,REAL,2736946251,487,2736946738,2736946738
2025-06-19 04:54:54,REAL,2736946738,476,2736947214,2736947214
2025-06-19 04:54:56,REAL,2736947214,480,2736947694,2736947694
2025-06-19 04:54:58,REAL,2736947694,486,2736948180,2736948180
2025-06-19 04:55:00,REAL,2736948180,477,2736948657,2736948657
2025-06-19 04:55:02,REAL,2736948657,489,2736949146,2736949146
2025-06-19 04:55:04,REAL,2736949146,484,2736949630,2736949630
2025-06-19 04:55:06,REAL,2736949630,486,2736950116,2736950116
2025-06-19 04:55:08,REAL,2736950116,488,2736950604,2736950604
2025-06-19 04:55:10,REAL,2736950604,484,2736951088,2736951088
2025-06-19 04:55:12,REAL,2736951088,479,2736951567,2736951567
2025-06-19 04:55:14,REAL,2736951567,488,2736952055,2736952055
2025-06-19 04:55:16,REAL,2736952055,544,2736952599,2736952599
2025-06-19 04:55:18,REAL,2736952599,488,2736953087,2736953087
2025-06-19 04:55:20,REAL,2736953087,541,2736953628,2736953628
2025-06-19 04:55:22,REAL,2736953628,484,2736954112,2736954112
2025-06-19 04:55:24,REAL,2736954112,485,2736954597,2736954597
2025-06-19 04:55:26,REAL,2736954597,474,2736955071,2736955071
2025-06-19 04:55:28,REAL,2736955071,482,2736955553,2736955553
2025-06-19 04:55:30,REAL,2736955553,480,2736956033,2736956033
2025-06-19 04:55:32,REAL,2736956033,487,2736956520,2736956520
2025-06-19 04:55:34,REAL,2736956520,486,2736957006,2736957006
2025-06-19 04:55:36,REAL,2736957006,481,2736957487,2736957487
2025-06-19 04:55:38,REAL,2736957487,486,2736957973,2736957973
2025-06-19 04:55:40,REAL,2736957973,475,2736958448,2736958448
2025-06-19 04:55:42,REAL,2736958448,539,2736958987,2736958987
2025-06-19 04:55:44,REAL,2736958987,481,2736959468,2736959468
2025-06-19 04:55:46,REAL,2736959468,483,2736959951,2736959951
2025-06-19 04:55:48,REAL,2736959951,489,2736960440,2736960440
2025-06-19 04:55:50,REAL,2736960440,487,2736960927,2736960927
2025-06-19 04:55:52,REAL,2736960927,484,2736961411,2736961411
2025-06-19 04:55:54,REAL,2736961411,536,2736961947,2736961947
2025-06-19 04:55:56,REAL,2736961947,489,2736962436,2736962436
2025-06-19 04:55:58,REAL,2736962436,480,2736962916,2736962916
2025-06-19 04:56:00,REAL,2736962916,484,2736963400,2736963400
2025-06-19 04:56:02,REAL,2736963400,488,2736963888,2736963888
2025-06-19 04:56:04,REAL,2736963888,480,2736964368,2736964368
2025-06-19 04:56:06,REAL,2736964368,478,2736964846,2736964846
2025-06-19 04:56:08,REAL,2736964846,536,2736965382,2736965382
2025-06-19 04:56:10,REAL,2736965382,15073,2736980455,2736980455
2025-06-19 04:56:12,REAL,2736980455,10323,2736990778,2736990778
2025-06-19 04:56:14,REAL,2736990778,10257,2737001035,2737001035
2025-06-19 04:56:16,REAL,2737001035,10255,2737011290,2737011290
2025-06-19 04:56:18,REAL,2737011290,10321,2737021611,2737021611
2025-06-19 04:56:20,REAL,2737021611,10254,2737031865,2737031865
2025-06-19 04:56:22,REAL,2737031865,10251,2737042116,2737042116
2025-06-19 04:56:24,REAL,2737042116,5103,2737047219,2737047219
2025-06-19 04:56:26,REAL,2737047219,490,2737047709,2737047709
2025-06-19 04:56:28,REAL,2737047709,484,2737048193,2737048193
2025-06-19 04:56:30,REAL,2737048193,537,2737048730,2737048730
2025-06-19 04:56:32,REAL,2737048730,487,2737049217,2737049217
2025-06-19 04:56:34,REAL,2737049217,549,2737049766,2737049766
2025-06-19 04:56:36,REAL,2737049766,487,2737050253,2737050253
2025-06-19 04:56:38,REAL,2737050253,483,2737050736,2737050736
2025-06-19 04:56:40,REAL,2737050736,1284,2737052020,2737052020
2025-06-19 04:56:42,REAL,2737052020,12031,2737064051,2737064051
2025-06-19 04:56:44,REAL,2737064051,10318,2737074369,2737074369
2025-06-19 04:56:46,REAL,2737074369,10251,2737084620,2737084620
2025-06-19 04:56:48,REAL,2737084620,10256,2737094876,2737094876
2025-06-19 04:56:50,REAL,2737094876,10257,2737105133,2737105133
2025-06-19 04:56:52,REAL,2737105133,10255,2737115388,2737115388
2025-06-19 04:56:54,REAL,2737115388,10244,2737125632,2737125632
2025-06-19 04:56:56,REAL,2737125632,4572,2737130204,2737130204
2025-06-19 04:56:58,REAL,2737130204,480,2737130684,2737130684
2025-06-19 04:57:00,REAL,2737130684,481,2737131165,2737131165
2025-06-19 04:57:02,REAL,2737131165,485,2737131650,2737131650
2025-06-19 04:57:04,REAL,2737131650,543,2737132193,2737132193
2025-06-19 04:57:06,REAL,2737132193,540,2737132733,2737132733
2025-06-19 04:57:08,REAL,2737132733,482,2737133215,2737133215
2025-06-19 04:57:10,REAL,2737133215,482,2737133697,2737133697
2025-06-19 04:57:12,REAL,2737133697,492,2737134189,2737134189
2025-06-19 04:57:14,REAL,2737134189,477,2737134666,2737134666
2025-06-19 04:57:16,REAL,2737134666,479,2737135145,2737135145
2025-06-19 04:57:18,REAL,2737135145,7818,2737142963,2737142963
2025-06-19 04:57:20,REAL,2737142963,10780,2737153743,2737153743
2025-06-19 04:57:22,REAL,2737153743,10251,2737163994,2737163994
2025-06-19 04:57:24,REAL,2737163994,10315,2737174309,2737174309
2025-06-19 04:57:26,REAL,2737174309,10251,2737184560,2737184560
2025-06-19 04:57:28,REAL,2737184560,10247,2737194807,2737194807
2025-06-19 04:57:30,REAL,2737194807,10316,2737205123,2737205123
2025-06-19 04:57:32,REAL,2737205123,8729,2737213852,2737213852
2025-06-19 04:57:34,REAL,2737213852,487,2737214339,2737214339
2025-06-19 04:57:36,REAL,2737214339,486,2737214825,2737214825
2025-06-19 04:57:38,REAL,2737214825,488,2737215313,2737215313
2025-06-19 04:57:40,REAL,2737215313,481,2737215794,2737215794
2025-06-19 04:57:42,REAL,2737215794,485,2737216279,2737216279
2025-06-19 04:57:44,REAL,2737216279,483,2737216762,2737216762
2025-06-19 04:57:46,REAL,2737216762,540,2737217302,2737217302
2025-06-19 04:57:48,REAL,2737217302,482,2737217784,2737217784
2025-06-19 04:57:50,REAL,2737217784,484,2737218268,2737218268
2025-06-19 04:57:52,REAL,2737218268,475,2737218743,2737218743
2025-06-19 04:57:54,REAL,2737218743,485,2737219228,2737219228
2025-06-19 04:57:56,REAL,2737219228,541,2737219769,2737219769
2025-06-19 04:57:58,REAL,2737219769,486,2737220255,2737220255
2025-06-19 04:58:00,REAL,2737220255,488,2737220743,2737220743
2025-06-19 04:58:02,REAL,2737220743,483,2737221226,2737221226
2025-06-19 04:58:04,REAL,2737221226,481,2737221707,2737221707
2025-06-19 04:58:06,REAL,2737221707,475,2737222182,2737222182
2025-06-19 04:58:08,REAL,2737222182,486,2737222668,2737222668
2025-06-19 04:58:10,REAL,2737222668,485,2737223153,2737223153
2025-06-19 04:58:12,REAL,2737223153,483,2737223636,2737223636
2025-06-19 04:58:14,REAL,2737223636,493,2737224129,2737224129
2025-06-19 04:58:16,REAL,2737224129,478,2737224607,2737224607
2025-06-19 04:58:18,REAL,2737224607,486,2737225093,2737225093
2025-06-19 04:58:20,REAL,2737225093,493,2737225586,2737225586
2025-06-19 04:58:22,REAL,2737225586,478,2737226064,2737226064
2025-06-19 04:58:24,REAL,2737226064,482,2737226546,2737226546
2025-06-19 04:58:26,REAL,2737226546,490,2737227036,2737227036
2025-06-19 04:58:28,REAL,2737227036,482,2737227518,2737227518
2025-06-19 04:58:30,REAL,2737227518,540,2737228058,2737228058
2025-06-19 04:58:32,REAL,2737228058,474,2737228532,2737228532
2025-06-19 04:58:34,REAL,2737228532,544,2737229076,2737229076
2025-06-19 04:58:36,REAL,2737229076,489,2737229565,2737229565
2025-06-19 04:58:38,REAL,2737229565,483,2737230048,2737230048
2025-06-19 04:58:40,REAL,2737230048,479,2737230527,2737230527
2025-06-19 04:58:42,REAL,2737230527,4047,2737234574,2737234574
2025-06-19 04:58:44,REAL,2737234574,11444,2737246018,2737246018
2025-06-19 04:58:46,REAL,2737246018,10255,2737256273,2737256273
2025-06-19 04:58:48,REAL,2737256273,10324,2737266597,2737266597
2025-06-19 04:58:50,REAL,2737266597,10250,2737276847,2737276847
2025-06-19 04:58:52,REAL,2737276847,10259,2737287106,2737287106
2025-06-19 04:58:54,REAL,2737287106,10325,2737297431,2737297431
2025-06-19 04:58:56,REAL,2737297431,10253,2737307684,2737307684
2025-06-19 04:58:58,REAL,2737307684,2338,2737310022,2737310022
2025-06-19 04:59:00,REAL,2737310022,486,2737310508,2737310508
2025-06-19 04:59:02,REAL,2737310508,493,2737311001,2737311001
2025-06-19 04:59:04,REAL,2737311001,486,2737311487,2737311487
2025-06-19 04:59:06,REAL,2737311487,478,2737311965,2737311965
2025-06-19 04:59:08,REAL,2737311965,486,2737312451,2737312451
2025-06-19 04:59:10,REAL,2737312451,484,2737312935,2737312935
2025-06-19 04:59:12,REAL,2737312935,484,2737313419,2737313419
2025-06-19 04:59:14,REAL,2737313419,548,2737313967,2737313967
2025-06-19 04:59:16,REAL,2737313967,485,2737314452,2737314452
2025-06-19 04:59:18,REAL,2737314452,480,2737314932,2737314932
2025-06-19 04:59:20,REAL,2737314932,546,2737315478,2737315478
2025-06-19 04:59:22,REAL,2737315478,483,2737315961,2737315961
2025-06-19 04:59:24,REAL,2737315961,477,2737316438,2737316438
2025-06-19 04:59:26,REAL,2737316438,479,2737316917,2737316917
2025-06-19 04:59:28,REAL,2737316917,480,2737317397,2737317397
2025-06-19 04:59:30,REAL,2737317397,486,2737317883,2737317883
2025-06-19 04:59:32,REAL,2737317883,488,2737318371,2737318371
2025-06-19 04:59:34,REAL,2737318371,484,2737318855,2737318855
2025-06-19 04:59:36,REAL,2737318855,481,2737319336,2737319336
2025-06-19 04:59:38,REAL,2737319336,481,2737319817,2737319817
2025-06-19 04:59:40,REAL,2737319817,476,2737320293,2737320293
2025-06-19 04:59:42,REAL,2737320293,484,2737320777,2737320777
2025-06-19 04:59:44,REAL,2737320777,485,2737321262,2737321262
2025-06-19 04:59:46,REAL,2737321262,478,2737321740,2737321740
2025-06-19 04:59:48,REAL,2737321740,489,2737322229,2737322229
2025-06-19 04:59:50,REAL,2737322229,479,2737322708,2737322708
2025-06-19 04:59:52,REAL,2737322708,486,2737323194,2737323194
2025-06-19 04:59:54,REAL,2737323194,477,2737323671,2737323671
2025-06-19 04:59:56,REAL,2737323671,482,2737324153,2737324153
2025-06-19 04:59:58,REAL,2737324153,484,2737324637,2737324637
2025-06-19 05:00:00,REAL,2737324637,595,2737325232,2737325232
2025-06-19 05:00:02,REAL,2737325232,491,2737325723,2737325723
2025-06-19 05:00:04,REAL,2737325723,486,2737326209,2737326209
2025-06-19 05:00:06,REAL,2737326209,488,2737326697,2737326697
2025-06-19 05:00:08,REAL,2737326697,489,2737327186,2737327186
2025-06-19 05:00:10,REAL,2737327186,485,2737327671,2737327671
2025-06-19 05:00:12,REAL,2737327671,493,2737328164,2737328164
2025-06-19 05:00:14,REAL,2737328164,479,2737328643,2737328643
2025-06-19 05:00:16,REAL,2737328643,490,2737329133,2737329133
2025-06-19 05:00:18,REAL,2737329133,485,2737329618,2737329618
2025-06-19 05:00:20,REAL,2737329618,481,2737330099,2737330099
2025-06-19 05:00:22,REAL,2737330099,491,2737330590,2737330590
2025-06-19 05:00:24,REAL,2737330590,484,2737331074,2737331074
2025-06-19 05:00:26,REAL,2737331074,476,2737331550,2737331550
2025-06-19 05:00:28,REAL,2737331550,6293,2737337843,2737337843
2025-06-19 05:00:30,REAL,2737337843,11245,2737349088,2737349088
2025-06-19 05:00:32,REAL,2737349088,10251,2737359339,2737359339
2025-06-19 05:00:34,REAL,2737359339,10312,2737369651,2737369651
2025-06-19 05:00:36,REAL,2737369651,10257,2737379908,2737379908
2025-06-19 05:00:38,REAL,2737379908,10317,2737390225,2737390225
2025-06-19 05:00:40,REAL,2737390225,10249,2737400474,2737400474
2025-06-19 05:00:42,REAL,2737400474,10169,2737410643,2737410643
2025-06-19 05:00:44,REAL,2737410643,489,2737411132,2737411132
2025-06-19 05:00:46,REAL,2737411132,486,2737411618,2737411618
2025-06-19 05:00:48,REAL,2737411618,492,2737412110,2737412110
2025-06-19 05:00:50,REAL,2737412110,490,2737412600,2737412600
2025-06-19 05:00:52,REAL,2737412600,491,2737413091,2737413091
2025-06-19 05:00:54,REAL,2737413091,484,2737413575,2737413575
2025-06-19 05:00:56,REAL,2737413575,488,2737414063,2737414063
2025-06-19 05:00:58,REAL,2737414063,485,2737414548,2737414548
2025-06-19 05:01:00,REAL,2737414548,7163,2737421711,2737421711
2025-06-19 05:01:02,REAL,2737421711,10583,2737432294,2737432294
2025-06-19 05:01:04,REAL,2737432294,10259,2737442553,2737442553
2025-06-19 05:01:06,REAL,2737442553,10322,2737452875,2737452875
2025-06-19 05:01:08,REAL,2737452875,10252,2737463127,2737463127
2025-06-19 05:01:10,REAL,2737463127,10246,2737473373,2737473373
2025-06-19 05:01:12,REAL,2737473373,10252,2737483625,2737483625
2025-06-19 05:01:14,REAL,2737483625,9532,2737493157,2737493157
2025-06-19 05:01:16,REAL,2737493157,491,2737493648,2737493648
2025-06-19 05:01:18,REAL,2737493648,493,2737494141,2737494141
2025-06-19 05:01:20,REAL,2737494141,480,2737494621,2737494621
2025-06-19 05:01:22,REAL,2737494621,488,2737495109,2737495109
2025-06-19 05:01:24,REAL,2737495109,480,2737495589,2737495589
2025-06-19 05:01:26,REAL,2737495589,488,2737496077,2737496077
2025-06-19 05:01:28,REAL,2737496077,541,2737496618,2737496618
2025-06-19 05:01:30,REAL,2737496618,489,2737497107,2737497107
2025-06-19 05:01:32,REAL,2737497107,484,2737497591,2737497591
2025-06-19 05:01:34,REAL,2737497591,483,2737498074,2737498074
2025-06-19 05:01:36,REAL,2737498074,487,2737498561,2737498561
2025-06-19 05:01:38,REAL,2737498561,536,2737499097,2737499097
2025-06-19 05:01:40,REAL,2737499097,485,2737499582,2737499582
2025-06-19 05:01:42,REAL,2737499582,483,2737500065,2737500065
2025-06-19 05:01:44,REAL,2737500065,478,2737500543,2737500543
2025-06-19 05:01:46,REAL,2737500543,489,2737501032,2737501032
2025-06-19 05:01:48,REAL,2737501032,486,2737501518,2737501518
2025-06-19 05:01:50,REAL,2737501518,485,2737502003,2737502003
2025-06-19 05:01:52,REAL,2737502003,482,2737502485,2737502485
2025-06-19 05:01:54,REAL,2737502485,481,2737502966,2737502966
2025-06-19 05:01:56,REAL,2737502966,481,2737503447,2737503447
2025-06-19 05:01:58,REAL,2737503447,482,2737503929,2737503929
2025-06-19 05:02:00,REAL,2737503929,479,2737504408,2737504408
2025-06-19 05:02:02,REAL,2737504408,482,2737504890,2737504890
2025-06-19 05:02:04,REAL,2737504890,478,2737505368,2737505368
2025-06-19 05:02:06,REAL,2737505368,484,2737505852,2737505852
2025-06-19 05:02:08,REAL,2737505852,479,2737506331,2737506331
2025-06-19 05:02:10,REAL,2737506331,478,2737506809,2737506809
2025-06-19 05:02:12,REAL,2737506809,545,2737507354,2737507354
2025-06-19 05:02:14,REAL,2737507354,11190,2737518544,2737518544
2025-06-19 05:02:16,REAL,2737518544,11830,2737530374,2737530374
2025-06-19 05:02:18,REAL,2737530374,10317,2737540691,2737540691
2025-06-19 05:02:20,REAL,2737540691,10256,2737550947,2737550947
2025-06-19 05:02:22,REAL,2737550947,10249,2737561196,2737561196
2025-06-19 05:02:24,REAL,2737561196,10248,2737571444,2737571444
2025-06-19 05:02:26,REAL,2737571444,10316,2737581760,2737581760
2025-06-19 05:02:28,REAL,2737581760,8266,2737590026,2737590026
2025-06-19 05:02:30,REAL,2737590026,475,2737590501,2737590501
2025-06-19 05:02:32,REAL,2737590501,485,2737590986,2737590986
2025-06-19 05:02:34,REAL,2737590986,2930,2737593916,2737593916
2025-06-19 05:02:36,REAL,2737593916,11104,2737605020,2737605020
2025-06-19 05:02:38,REAL,2737605020,10316,2737615336,2737615336
2025-06-19 05:02:40,REAL,2737615336,10246,2737625582,2737625582
2025-06-19 05:02:42,REAL,2737625582,10249,2737635831,2737635831
2025-06-19 05:02:44,REAL,2737635831,10321,2737646152,2737646152
2025-06-19 05:02:46,REAL,2737646152,10258,2737656410,2737656410
2025-06-19 05:02:48,REAL,2737656410,10256,2737666666,2737666666
2025-06-19 05:02:50,REAL,2737666666,3057,2737669723,2737669723
2025-06-19 05:02:52,REAL,2737669723,486,2737670209,2737670209
2025-06-19 05:02:54,REAL,2737670209,483,2737670692,2737670692
2025-06-19 05:02:56,REAL,2737670692,494,2737671186,2737671186
2025-06-19 05:02:58,REAL,2737671186,482,2737671668,2737671668
2025-06-19 05:03:00,REAL,2737671668,493,2737672161,2737672161
2025-06-19 05:03:02,REAL,2737672161,488,2737672649,2737672649
2025-06-19 05:03:04,REAL,2737672649,545,2737673194,2737673194
2025-06-19 05:03:06,REAL,2737673194,489,2737673683,2737673683
2025-06-19 05:03:08,REAL,2737673683,482,2737674165,2737674165
2025-06-19 05:03:10,REAL,2737674165,487,2737674652,2737674652
2025-06-19 05:03:12,REAL,2737674652,481,2737675133,2737675133
2025-06-19 05:03:14,REAL,2737675133,480,2737675613,2737675613
2025-06-19 05:03:16,REAL,2737675613,493,2737676106,2737676106
2025-06-19 05:03:18,REAL,2737676106,486,2737676592,2737676592
2025-06-19 05:03:20,REAL,2737676592,480,2737677072,2737677072
2025-06-19 05:03:22,REAL,2737677072,481,2737677553,2737677553
2025-06-19 05:03:24,REAL,2737677553,477,2737678030,2737678030
2025-06-19 05:03:26,REAL,2737678030,536,2737678566,2737678566
2025-06-19 05:03:28,REAL,2737678566,488,2737679054,2737679054
2025-06-19 05:03:30,REAL,2737679054,485,2737679539,2737679539
2025-06-19 05:03:32,REAL,2737679539,481,2737680020,2737680020
2025-06-19 05:03:34,REAL,2737680020,483,2737680503,2737680503
2025-06-19 05:03:36,REAL,2737680503,489,2737680992,2737680992
2025-06-19 05:03:38,REAL,2737680992,481,2737681473,2737681473
2025-06-19 05:03:40,REAL,2737681473,486,2737681959,2737681959
2025-06-19 05:03:42,REAL,2737681959,479,2737682438,2737682438
2025-06-19 05:03:44,REAL,2737682438,484,2737682922,2737682922
2025-06-19 05:03:46,REAL,2737682922,485,2737683407,2737683407
2025-06-19 05:03:48,REAL,2737683407,478,2737683885,2737683885
2025-06-19 05:03:50,REAL,2737683885,484,2737684369,2737684369
2025-06-19 05:03:52,REAL,2737684369,476,2737684845,2737684845
2025-06-19 05:03:54,REAL,2737684845,484,2737685329,2737685329
2025-06-19 05:03:56,REAL,2737685329,535,2737685864,2737685864
2025-06-19 05:03:58,REAL,2737685864,478,2737686342,2737686342
2025-06-19 05:04:00,REAL,2737686342,488,2737686830,2737686830
2025-06-19 05:04:02,REAL,2737686830,487,2737687317,2737687317
2025-06-19 05:04:04,REAL,2737687317,478,2737687795,2737687795
2025-06-19 05:04:06,REAL,2737687795,485,2737688280,2737688280
2025-06-19 05:04:08,REAL,2737688280,474,2737688754,2737688754
2025-06-19 05:04:10,REAL,2737688754,485,2737689239,2737689239
2025-06-19 05:04:12,REAL,2737689239,482,2737689721,2737689721
2025-06-19 05:04:14,REAL,2737689721,485,2737690206,2737690206
2025-06-19 05:04:16,REAL,2737690206,545,2737690751,2737690751
2025-06-19 05:04:18,REAL,2737690751,485,2737691236,2737691236
2025-06-19 05:04:20,REAL,2737691236,483,2737691719,2737691719
2025-06-19 05:04:22,REAL,2737691719,493,2737692212,2737692212
2025-06-19 05:04:24,REAL,2737692212,478,2737692690,2737692690
2025-06-19 05:04:26,REAL,2737692690,494,2737693184,2737693184
2025-06-19 05:04:28,REAL,2737693184,489,2737693673,2737693673
2025-06-19 05:04:30,REAL,2737693673,487,2737694160,2737694160
2025-06-19 05:04:32,REAL,2737694160,482,2737694642,2737694642
2025-06-19 05:04:34,REAL,2737694642,482,2737695124,2737695124
2025-06-19 05:04:36,REAL,2737695124,490,2737695614,2737695614
2025-06-19 05:04:38,REAL,2737695614,487,2737696101,2737696101
2025-06-19 05:04:40,REAL,2737696101,482,2737696583,2737696583
2025-06-19 05:04:42,REAL,2737696583,482,2737697065,2737697065
2025-06-19 05:04:44,REAL,2737697065,484,2737697549,2737697549
2025-06-19 05:04:46,REAL,2737697549,538,2737698087,2737698087
2025-06-19 05:04:48,REAL,2737698087,483,2737698570,2737698570
2025-06-19 05:04:50,REAL,2737698570,487,2737699057,2737699057
2025-06-19 05:04:52,REAL,2737699057,486,2737699543,2737699543
2025-06-19 05:04:54,REAL,2737699543,482,2737700025,2737700025
2025-06-19 05:04:56,REAL,2737700025,483,2737700508,2737700508
2025-06-19 05:04:58,REAL,2737700508,487,2737700995,2737700995
2025-06-19 05:05:00,REAL,2737700995,489,2737701484,2737701484
2025-06-19 05:05:02,REAL,2737701484,489,2737701973,2737701973
2025-06-19 05:05:04,REAL,2737701973,489,2737702462,2737702462
2025-06-19 05:05:06,REAL,2737702462,488,2737702950,2737702950
2025-06-19 05:05:08,REAL,2737702950,541,2737703491,2737703491
2025-06-19 05:05:10,REAL,2737703491,484,2737703975,2737703975
2025-06-19 05:05:12,REAL,2737703975,474,2737704449,2737704449
2025-06-19 05:05:14,REAL,2737704449,493,2737704942,2737704942
2025-06-19 05:05:16,REAL,2737704942,492,2737705434,2737705434
2025-06-19 05:05:18,REAL,2737705434,490,2737705924,2737705924
2025-06-19 05:05:20,REAL,2737705924,484,2737706408,2737706408
2025-06-19 05:05:22,REAL,2737706408,487,2737706895,2737706895
2025-06-19 05:05:24,REAL,2737706895,482,2737707377,2737707377
2025-06-19 05:05:26,REAL,2737707377,482,2737707859,2737707859
2025-06-19 05:05:28,REAL,2737707859,479,2737708338,2737708338
2025-06-19 05:05:30,REAL,2737708338,7488,2737715826,2737715826
2025-06-19 05:05:32,REAL,2737715826,10779,2737726605,2737726605
2025-06-19 05:05:34,REAL,2737726605,10323,2737736928,2737736928
2025-06-19 05:05:36,REAL,2737736928,10253,2737747181,2737747181
2025-06-19 05:05:38,REAL,2737747181,10305,2737757486,2737757486
2025-06-19 05:05:40,REAL,2737757486,10320,2737767806,2737767806
2025-06-19 05:05:42,REAL,2737767806,10253,2737778059,2737778059
2025-06-19 05:05:44,REAL,2737778059,9464,2737787523,2737787523
2025-06-19 05:05:46,REAL,2737787523,487,2737788010,2737788010
2025-06-19 05:05:48,REAL,2737788010,483,2737788493,2737788493
2025-06-19 05:05:50,REAL,2737788493,485,2737788978,2737788978
2025-06-19 05:05:52,REAL,2737788978,485,2737789463,2737789463
2025-06-19 05:05:54,REAL,2737789463,480,2737789943,2737789943
2025-06-19 05:05:56,REAL,2737789943,491,2737790434,2737790434
2025-06-19 05:05:58,REAL,2737790434,486,2737790920,2737790920
2025-06-19 05:06:00,REAL,2737790920,488,2737791408,2737791408
2025-06-19 05:06:02,REAL,2737791408,485,2737791893,2737791893
2025-06-19 05:06:04,REAL,2737791893,480,2737792373,2737792373
2025-06-19 05:06:06,REAL,2737792373,474,2737792847,2737792847
2025-06-19 05:06:08,REAL,2737792847,484,2737793331,2737793331
2025-06-19 05:06:10,REAL,2737793331,480,2737793811,2737793811
2025-06-19 05:06:12,REAL,2737793811,483,2737794294,2737794294
2025-06-19 05:06:14,REAL,2737794294,484,2737794778,2737794778
2025-06-19 05:06:16,REAL,2737794778,482,2737795260,2737795260
2025-06-19 05:06:18,REAL,2737795260,489,2737795749,2737795749
2025-06-19 05:06:20,REAL,2737795749,493,2737796242,2737796242
2025-06-19 05:06:22,REAL,2737796242,536,2737796778,2737796778
2025-06-19 05:06:24,REAL,2737796778,484,2737797262,2737797262
2025-06-19 05:06:26,REAL,2737797262,482,2737797744,2737797744
2025-06-19 05:06:28,REAL,2737797744,486,2737798230,2737798230
2025-06-19 05:06:30,REAL,2737798230,538,2737798768,2737798768
2025-06-19 05:06:32,REAL,2737798768,492,2737799260,2737799260
2025-06-19 05:06:34,REAL,2737799260,483,2737799743,2737799743
2025-06-19 05:06:36,REAL,2737799743,485,2737800228,2737800228
2025-06-19 05:06:38,REAL,2737800228,485,2737800713,2737800713
2025-06-19 05:06:40,REAL,2737800713,490,2737801203,2737801203
2025-06-19 05:06:42,REAL,2737801203,479,2737801682,2737801682
2025-06-19 05:06:44,REAL,2737801682,475,2737802157,2737802157
2025-06-19 05:06:46,REAL,2737802157,480,2737802637,2737802637
2025-06-19 05:06:48,REAL,2737802637,488,2737803125,2737803125
2025-06-19 05:06:50,REAL,2737803125,485,2737803610,2737803610
2025-06-19 05:06:52,REAL,2737803610,488,2737804098,2737804098
2025-06-19 05:06:54,REAL,2737804098,479,2737804577,2737804577
2025-06-19 05:06:56,REAL,2737804577,491,2737805068,2737805068
2025-06-19 05:06:58,REAL,2737805068,487,2737805555,2737805555
2025-06-19 05:07:00,REAL,2737805555,480,2737806035,2737806035
2025-06-19 05:07:02,REAL,2737806035,481,2737806516,2737806516
2025-06-19 05:07:04,REAL,2737806516,482,2737806998,2737806998
2025-06-19 05:07:06,REAL,2737806998,485,2737807483,2737807483
2025-06-19 05:07:08,REAL,2737807483,484,2737807967,2737807967
2025-06-19 05:07:10,REAL,2737807967,488,2737808455,2737808455
2025-06-19 05:07:12,REAL,2737808455,538,2737808993,2737808993
2025-06-19 05:07:14,REAL,2737808993,485,2737809478,2737809478
2025-06-19 05:07:16,REAL,2737809478,491,2737809969,2737809969
2025-06-19 05:07:18,REAL,2737809969,489,2737810458,2737810458
2025-06-19 05:07:20,REAL,2737810458,544,2737811002,2737811002
2025-06-19 05:07:22,REAL,2737811002,479,2737811481,2737811481
2025-06-19 05:07:24,REAL,2737811481,485,2737811966,2737811966
2025-06-19 05:07:26,REAL,2737811966,486,2737812452,2737812452
2025-06-19 05:07:28,REAL,2737812452,480,2737812932,2737812932
2025-06-19 05:07:30,REAL,2737812932,482,2737813414,2737813414
2025-06-19 05:07:32,REAL,2737813414,489,2737813903,2737813903
2025-06-19 05:07:34,REAL,2737813903,481,2737814384,2737814384
2025-06-19 05:07:36,REAL,2737814384,486,2737814870,2737814870
2025-06-19 05:07:38,REAL,2737814870,483,2737815353,2737815353
2025-06-19 05:07:40,REAL,2737815353,533,2737815886,2737815886
2025-06-19 05:07:42,REAL,2737815886,4975,2737820861,2737820861
2025-06-19 05:07:44,REAL,2737820861,11374,2737832235,2737832235
2025-06-19 05:07:46,REAL,2737832235,10250,2737842485,2737842485
2025-06-19 05:07:48,REAL,2737842485,10321,2737852806,2737852806
2025-06-19 05:07:50,REAL,2737852806,10254,2737863060,2737863060
2025-06-19 05:07:52,REAL,2737863060,10254,2737873314,2737873314
2025-06-19 05:07:54,REAL,2737873314,10320,2737883634,2737883634
2025-06-19 05:07:56,REAL,2737883634,10302,2737893936,2737893936
2025-06-19 05:07:58,REAL,2737893936,1929,2737895865,2737895865
2025-06-19 05:08:00,REAL,2737895865,489,2737896354,2737896354
2025-06-19 05:08:02,REAL,2737896354,483,2737896837,2737896837
2025-06-19 05:08:04,REAL,2737896837,484,2737897321,2737897321
2025-06-19 05:08:06,REAL,2737897321,478,2737897799,2737897799
2025-06-19 05:08:08,REAL,2737897799,543,2737898342,2737898342
2025-06-19 05:08:10,REAL,2737898342,480,2737898822,2737898822
2025-06-19 05:08:12,REAL,2737898822,489,2737899311,2737899311
2025-06-19 05:08:14,REAL,2737899311,477,2737899788,2737899788
2025-06-19 05:08:16,REAL,2737899788,481,2737900269,2737900269
2025-06-19 05:08:18,REAL,2737900269,490,2737900759,2737900759
2025-06-19 05:08:20,REAL,2737900759,486,2737901245,2737901245
2025-06-19 05:08:22,REAL,2737901245,493,2737901738,2737901738
2025-06-19 05:08:24,REAL,2737901738,483,2737902221,2737902221
2025-06-19 05:08:26,REAL,2737902221,480,2737902701,2737902701
2025-06-19 05:08:28,REAL,2737902701,483,2737903184,2737903184
2025-06-19 05:08:30,REAL,2737903184,480,2737903664,2737903664
2025-06-19 05:08:32,REAL,2737903664,546,2737904210,2737904210
2025-06-19 05:08:34,REAL,2737904210,489,2737904699,2737904699
2025-06-19 05:08:36,REAL,2737904699,545,2737905244,2737905244
2025-06-19 05:08:38,REAL,2737905244,485,2737905729,2737905729
2025-06-19 05:08:40,REAL,2737905729,482,2737906211,2737906211
2025-06-19 05:08:42,REAL,2737906211,484,2737906695,2737906695
2025-06-19 05:08:44,REAL,2737906695,486,2737907181,2737907181
2025-06-19 05:08:46,REAL,2737907181,6293,2737913474,2737913474
2025-06-19 05:08:48,REAL,2737913474,13748,2737927222,2737927222
2025-06-19 05:08:50,REAL,2737927222,10325,2737937547,2737937547
2025-06-19 05:08:52,REAL,2737937547,10253,2737947800,2737947800
2025-06-19 05:08:54,REAL,2737947800,10250,2737958050,2737958050
2025-06-19 05:08:56,REAL,2737958050,10254,2737968304,2737968304
2025-06-19 05:08:58,REAL,2737968304,10248,2737978552,2737978552
2025-06-19 05:09:00,REAL,2737978552,10251,2737988803,2737988803
2025-06-19 05:09:02,REAL,2737988803,750,2737989553,2737989553
2025-06-19 05:09:04,REAL,2737989553,484,2737990037,2737990037
2025-06-19 05:09:06,REAL,2737990037,485,2737990522,2737990522
2025-06-19 05:09:08,REAL,2737990522,485,2737991007,2737991007
2025-06-19 05:09:10,REAL,2737991007,542,2737991549,2737991549
2025-06-19 05:09:12,REAL,2737991549,538,2737992087,2737992087
2025-06-19 05:09:14,REAL,2737992087,483,2737992570,2737992570
2025-06-19 05:09:16,REAL,2737992570,490,2737993060,2737993060
2025-06-19 05:09:18,REAL,2737993060,484,2737993544,2737993544
2025-06-19 05:09:20,REAL,2737993544,488,2737994032,2737994032
2025-06-19 05:09:22,REAL,2737994032,491,2737994523,2737994523
2025-06-19 05:09:24,REAL,2737994523,479,2737995002,2737995002
2025-06-19 05:09:26,REAL,2737995002,490,2737995492,2737995492
2025-06-19 05:09:28,REAL,2737995492,481,2737995973,2737995973
2025-06-19 05:09:30,REAL,2737995973,480,2737996453,2737996453
2025-06-19 05:09:32,REAL,2737996453,487,2737996940,2737996940
2025-06-19 05:09:34,REAL,2737996940,487,2737997427,2737997427
2025-06-19 05:09:36,REAL,2737997427,481,2737997908,2737997908
2025-06-19 05:09:38,REAL,2737997908,476,2737998384,2737998384
2025-06-19 05:09:40,REAL,2737998384,539,2737998923,2737998923
2025-06-19 05:09:42,REAL,2737998923,478,2737999401,2737999401
2025-06-19 05:09:44,REAL,2737999401,483,2737999884,2737999884
2025-06-19 05:09:46,REAL,2737999884,539,2738000423,2738000423
2025-06-19 05:09:48,REAL,2738000423,486,2738000909,2738000909
2025-06-19 05:09:50,REAL,2738000909,484,2738001393,2738001393
2025-06-19 05:09:52,REAL,2738001393,487,2738001880,2738001880
2025-06-19 05:09:54,REAL,2738001880,488,2738002368,2738002368
2025-06-19 05:09:56,REAL,2738002368,483,2738002851,2738002851
2025-06-19 05:09:58,REAL,2738002851,478,2738003329,2738003329
2025-06-19 05:10:00,REAL,2738003329,482,2738003811,2738003811
2025-06-19 05:10:02,REAL,2738003811,483,2738004294,2738004294
2025-06-19 05:10:04,REAL,2738004294,240,2738004534,2738004534
2025-06-19 05:10:06,REAL,2738004534,548,2738005082,2738005082
2025-06-19 05:10:08,REAL,2738005082,481,2738005563,2738005563
2025-06-19 05:10:10,REAL,2738005563,493,2738006056,2738006056
2025-06-19 05:10:12,REAL,2738006056,486,2738006542,2738006542
2025-06-19 05:10:14,REAL,2738006542,485,2738007027,2738007027
2025-06-19 05:10:16,REAL,2738007027,487,2738007514,2738007514
2025-06-19 05:10:18,REAL,2738007514,478,2738007992,2738007992
2025-06-19 05:10:20,REAL,2738007992,480,2738008472,2738008472
2025-06-19 05:10:22,REAL,2738008472,543,2738009015,2738009015
2025-06-19 05:10:24,REAL,2738009015,476,2738009491,2738009491
2025-06-19 05:10:26,REAL,2738009491,2664,2738012155,2738012155
2025-06-19 05:10:28,REAL,2738012155,11568,2738023723,2738023723
2025-06-19 05:10:30,REAL,2738023723,10258,2738033981,2738033981
2025-06-19 05:10:32,REAL,2738033981,10308,2738044289,2738044289
2025-06-19 05:10:34,REAL,2738044289,10254,2738054543,2738054543
2025-06-19 05:10:36,REAL,2738054543,10246,2738064789,2738064789
2025-06-19 05:10:38,REAL,2738064789,10244,2738075033,2738075033
2025-06-19 05:10:40,REAL,2738075033,10250,2738085283,2738085283
2025-06-19 05:10:42,REAL,2738085283,3723,2738089006,2738089006
2025-06-19 05:10:44,REAL,2738089006,483,2738089489,2738089489
2025-06-19 05:10:46,REAL,2738089489,483,2738089972,2738089972
2025-06-19 05:10:48,REAL,2738089972,478,2738090450,2738090450
2025-06-19 05:10:50,REAL,2738090450,479,2738090929,2738090929
2025-06-19 05:10:52,REAL,2738090929,492,2738091421,2738091421
2025-06-19 05:10:54,REAL,2738091421,489,2738091910,2738091910
2025-06-19 05:10:56,REAL,2738091910,476,2738092386,2738092386
2025-06-19 05:10:58,REAL,2738092386,596,2738092982,2738092982
2025-06-19 05:11:00,REAL,2738092982,484,2738093466,2738093466
2025-06-19 05:11:02,REAL,2738093466,477,2738093943,2738093943
2025-06-19 05:11:04,REAL,2738093943,487,2738094430,2738094430
2025-06-19 05:11:06,REAL,2738094430,485,2738094915,2738094915
2025-06-19 05:11:08,REAL,2738094915,484,2738095399,2738095399
2025-06-19 05:11:10,REAL,2738095399,481,2738095880,2738095880
2025-06-19 05:11:12,REAL,2738095880,490,2738096370,2738096370
2025-06-19 05:11:14,REAL,2738096370,483,2738096853,2738096853
2025-06-19 05:11:16,REAL,2738096853,485,2738097338,2738097338
2025-06-19 05:11:18,REAL,2738097338,490,2738097828,2738097828
2025-06-19 05:11:20,REAL,2738097828,480,2738098308,2738098308
2025-06-19 05:11:22,REAL,2738098308,476,2738098784,2738098784
2025-06-19 05:11:24,REAL,2738098784,482,2738099266,2738099266
2025-06-19 05:11:26,REAL,2738099266,537,2738099803,2738099803
2025-06-19 05:11:28,REAL,2738099803,487,2738100290,2738100290
2025-06-19 05:11:30,REAL,2738100290,488,2738100778,2738100778
2025-06-19 05:11:32,REAL,2738100778,540,2738101318,2738101318
2025-06-19 05:11:34,REAL,2738101318,492,2738101810,2738101810
2025-06-19 05:11:36,REAL,2738101810,481,2738102291,2738102291
2025-06-19 05:11:38,REAL,2738102291,489,2738102780,2738102780
2025-06-19 05:11:40,REAL,2738102780,490,2738103270,2738103270
2025-06-19 05:11:42,REAL,2738103270,485,2738103755,2738103755
2025-06-19 05:11:44,REAL,2738103755,491,2738104246,2738104246
2025-06-19 05:11:46,REAL,2738104246,490,2738104736,2738104736
2025-06-19 05:11:48,REAL,2738104736,480,2738105216,2738105216
2025-06-19 05:11:50,REAL,2738105216,491,2738105707,2738105707
2025-06-19 05:11:52,REAL,2738105707,545,2738106252,2738106252
2025-06-19 05:11:54,REAL,2738106252,486,2738106738,2738106738
2025-06-19 05:11:56,REAL,2738106738,486,2738107224,2738107224
2025-06-19 05:11:58,REAL,2738107224,479,2738107703,2738107703
2025-06-19 05:12:00,REAL,2738107703,490,2738108193,2738108193
2025-06-19 05:12:02,REAL,2738108193,478,2738108671,2738108671
2025-06-19 05:12:04,REAL,2738108671,480,2738109151,2738109151
2025-06-19 05:12:06,REAL,2738109151,493,2738109644,2738109644
2025-06-19 05:12:08,REAL,2738109644,10529,2738120173,2738120173
2025-06-19 05:12:10,REAL,2738120173,11029,2738131202,2738131202
2025-06-19 05:12:12,REAL,2738131202,9717,2738140919,2738140919
2025-06-19 05:12:14,REAL,2738140919,10259,2738151178,2738151178
2025-06-19 05:12:16,REAL,2738151178,10247,2738161425,2738161425
2025-06-19 05:12:18,REAL,2738161425,10249,2738171674,2738171674
2025-06-19 05:12:20,REAL,2738171674,10249,2738181923,2738181923
2025-06-19 05:12:22,REAL,2738181923,6682,2738188605,2738188605
2025-06-19 05:12:24,REAL,2738188605,488,2738189093,2738189093
2025-06-19 05:12:26,REAL,2738189093,478,2738189571,2738189571
2025-06-19 05:12:28,REAL,2738189571,475,2738190046,2738190046
2025-06-19 05:12:30,REAL,2738190046,483,2738190529,2738190529
2025-06-19 05:12:32,REAL,2738190529,487,2738191016,2738191016
2025-06-19 05:12:34,REAL,2738191016,488,2738191504,2738191504
2025-06-19 05:12:36,REAL,2738191504,478,2738191982,2738191982
2025-06-19 05:12:38,REAL,2738191982,549,2738192531,2738192531
2025-06-19 05:12:40,REAL,2738192531,14281,2738206812,2738206812
2025-06-19 05:12:42,REAL,2738206812,10247,2738217059,2738217059
2025-06-19 05:12:44,REAL,2738217059,10326,2738227385,2738227385
2025-06-19 05:12:46,REAL,2738227385,10253,2738237638,2738237638
2025-06-19 05:12:48,REAL,2738237638,10251,2738247889,2738247889
2025-06-19 05:12:50,REAL,2738247889,10251,2738258140,2738258140
2025-06-19 05:12:52,REAL,2738258140,10247,2738268387,2738268387
2025-06-19 05:12:54,REAL,2738268387,6084,2738274471,2738274471
2025-06-19 05:12:56,REAL,2738274471,490,2738274961,2738274961
2025-06-19 05:12:58,REAL,2738274961,480,2738275441,2738275441
2025-06-19 05:13:00,REAL,2738275441,5843,2738281284,2738281284
2025-06-19 05:13:02,REAL,2738281284,13027,2738294311,2738294311
2025-06-19 05:13:04,REAL,2738294311,10256,2738304567,2738304567
2025-06-19 05:13:06,REAL,2738304567,10313,2738314880,2738314880
2025-06-19 05:13:08,REAL,2738314880,10256,2738325136,2738325136
2025-06-19 05:13:10,REAL,2738325136,10252,2738335388,2738335388
2025-06-19 05:13:12,REAL,2738335388,10322,2738345710,2738345710
2025-06-19 05:13:14,REAL,2738345710,10251,2738355961,2738355961
2025-06-19 05:13:16,REAL,2738355961,747,2738356708,2738356708
2025-06-19 05:13:18,REAL,2738356708,488,2738357196,2738357196
2025-06-19 05:13:20,REAL,2738357196,491,2738357687,2738357687
2025-06-19 05:13:22,REAL,2738357687,482,2738358169,2738358169
2025-06-19 05:13:24,REAL,2738358169,485,2738358654,2738358654
2025-06-19 05:13:26,REAL,2738358654,491,2738359145,2738359145
2025-06-19 05:13:28,REAL,2738359145,489,2738359634,2738359634
2025-06-19 05:13:30,REAL,2738359634,486,2738360120,2738360120
2025-06-19 05:13:32,REAL,2738360120,6633,2738366753,2738366753
2025-06-19 05:13:34,REAL,2738366753,10715,2738377468,2738377468
2025-06-19 05:13:36,REAL,2738377468,10251,2738387719,2738387719
2025-06-19 05:13:38,REAL,2738387719,10253,2738397972,2738397972
2025-06-19 05:13:40,REAL,2738397972,10261,2738408233,2738408233
2025-06-19 05:13:42,REAL,2738408233,10309,2738418542,2738418542
2025-06-19 05:13:44,REAL,2738418542,10251,2738428793,2738428793
2025-06-19 05:13:46,REAL,2738428793,9918,2738438711,2738438711
2025-06-19 05:13:48,REAL,2738438711,479,2738439190,2738439190
2025-06-19 05:13:50,REAL,2738439190,489,2738439679,2738439679
2025-06-19 05:13:52,REAL,2738439679,1023,2738440702,2738440702
2025-06-19 05:13:54,REAL,2738440702,12303,2738453005,2738453005
2025-06-19 05:13:56,REAL,2738453005,10255,2738463260,2738463260
2025-06-19 05:13:58,REAL,2738463260,10251,2738473511,2738473511
2025-06-19 05:14:00,REAL,2738473511,10256,2738483767,2738483767
2025-06-19 05:14:02,REAL,2738483767,10319,2738494086,2738494086
2025-06-19 05:14:04,REAL,2738494086,10260,2738504346,2738504346
2025-06-19 05:14:06,REAL,2738504346,10252,2738514598,2738514598
2025-06-19 05:14:08,REAL,2738514598,4712,2738519310,2738519310
2025-06-19 05:14:10,REAL,2738519310,484,2738519794,2738519794
2025-06-19 05:14:12,REAL,2738519794,486,2738520280,2738520280
2025-06-19 05:14:14,REAL,2738520280,487,2738520767,2738520767
2025-06-19 05:14:16,REAL,2738520767,482,2738521249,2738521249
2025-06-19 05:14:18,REAL,2738521249,486,2738521735,2738521735
2025-06-19 05:14:20,REAL,2738521735,487,2738522222,2738522222
2025-06-19 05:14:22,REAL,2738522222,486,2738522708,2738522708
2025-06-19 05:14:24,REAL,2738522708,1953,2738524661,2738524661
2025-06-19 05:14:26,REAL,2738524661,11571,2738536232,2738536232
2025-06-19 05:14:28,REAL,2738536232,10310,2738546542,2738546542
2025-06-19 05:14:30,REAL,2738546542,10248,2738556790,2738556790
2025-06-19 05:14:32,REAL,2738556790,10246,2738567036,2738567036
2025-06-19 05:14:34,REAL,2738567036,10321,2738577357,2738577357
2025-06-19 05:14:36,REAL,2738577357,10255,2738587612,2738587612
2025-06-19 05:14:38,REAL,2738587612,10245,2738597857,2738597857
2025-06-19 05:14:40,REAL,2738597857,4051,2738601908,2738601908
2025-06-19 05:14:42,REAL,2738601908,485,2738602393,2738602393
2025-06-19 05:14:44,REAL,2738602393,478,2738602871,2738602871
2025-06-19 05:14:46,REAL,2738602871,484,2738603355,2738603355
2025-06-19 05:14:48,REAL,2738603355,475,2738603830,2738603830
2025-06-19 05:14:50,REAL,2738603830,490,2738604320,2738604320
2025-06-19 05:14:52,REAL,2738604320,484,2738604804,2738604804
2025-06-19 05:14:54,REAL,2738604804,481,2738605285,2738605285
2025-06-19 05:14:56,REAL,2738605285,544,2738605829,2738605829
2025-06-19 05:14:58,REAL,2738605829,489,2738606318,2738606318
2025-06-19 05:15:00,REAL,2738606318,483,2738606801,2738606801
2025-06-19 05:15:02,REAL,2738606801,486,2738607287,2738607287
2025-06-19 05:15:04,REAL,2738607287,491,2738607778,2738607778
2025-06-19 05:15:06,REAL,2738607778,478,2738608256,2738608256
2025-06-19 05:15:08,REAL,2738608256,480,2738608736,2738608736
2025-06-19 05:15:10,REAL,2738608736,482,2738609218,2738609218
2025-06-19 05:15:12,REAL,2738609218,488,2738609706,2738609706
2025-06-19 05:15:14,REAL,2738609706,489,2738610195,2738610195
2025-06-19 05:15:16,REAL,2738610195,545,2738610740,2738610740
2025-06-19 05:15:18,REAL,2738610740,477,2738611217,2738611217
2025-06-19 05:15:20,REAL,2738611217,486,2738611703,2738611703
2025-06-19 05:15:22,REAL,2738611703,2997,2738614700,2738614700
2025-06-19 05:15:24,REAL,2738614700,11834,2738626534,2738626534
2025-06-19 05:15:26,REAL,2738626534,10316,2738636850,2738636850
2025-06-19 05:15:28,REAL,2738636850,10246,2738647096,2738647096
2025-06-19 05:15:30,REAL,2738647096,10253,2738657349,2738657349
2025-06-19 05:15:32,REAL,2738657349,10257,2738667606,2738667606
2025-06-19 05:15:34,REAL,2738667606,10257,2738677863,2738677863
2025-06-19 05:15:36,REAL,2738677863,10251,2738688114,2738688114
2025-06-19 05:15:38,REAL,2738688114,3255,2738691369,2738691369
2025-06-19 05:15:40,REAL,2738691369,484,2738691853,2738691853
2025-06-19 05:15:42,REAL,2738691853,491,2738692344,2738692344
2025-06-19 05:15:44,REAL,2738692344,477,2738692821,2738692821
2025-06-19 05:15:46,REAL,2738692821,484,2738693305,2738693305
2025-06-19 05:15:48,REAL,2738693305,476,2738693781,2738693781
2025-06-19 05:15:50,REAL,2738693781,477,2738694258,2738694258
2025-06-19 05:15:52,REAL,2738694258,484,2738694742,2738694742
2025-06-19 05:15:54,REAL,2738694742,4650,2738699392,2738699392
2025-06-19 05:15:56,REAL,2738699392,12494,2738711886,2738711886
2025-06-19 05:15:58,REAL,2738711886,10244,2738722130,2738722130
2025-06-19 05:16:00,REAL,2738722130,10255,2738732385,2738732385
2025-06-19 05:16:02,REAL,2738732385,10311,2738742696,2738742696
2025-06-19 05:16:04,REAL,2738742696,10324,2738753020,2738753020
2025-06-19 05:16:06,REAL,2738753020,10257,2738763277,2738763277
2025-06-19 05:16:08,REAL,2738763277,10253,2738773530,2738773530
2025-06-19 05:16:10,REAL,2738773530,2593,2738776123,2738776123
2025-06-19 05:16:12,REAL,2738776123,485,2738776608,2738776608
2025-06-19 05:16:14,REAL,2738776608,487,2738777095,2738777095
2025-06-19 05:16:16,REAL,2738777095,481,2738777576,2738777576
2025-06-19 05:16:18,REAL,2738777576,493,2738778069,2738778069
2025-06-19 05:16:20,REAL,2738778069,482,2738778551,2738778551
2025-06-19 05:16:22,REAL,2738778551,482,2738779033,2738779033
2025-06-19 05:16:24,REAL,2738779033,476,2738779509,2738779509
2025-06-19 05:16:26,REAL,2738779509,532,2738780041,2738780041
2025-06-19 05:16:28,REAL,2738780041,478,2738780519,2738780519
2025-06-19 05:16:30,REAL,2738780519,481,2738781000,2738781000
2025-06-19 05:16:32,REAL,2738781000,485,2738781485,2738781485
2025-06-19 05:16:34,REAL,2738781485,488,2738781973,2738781973
2025-06-19 05:16:36,REAL,2738781973,482,2738782455,2738782455
2025-06-19 05:16:38,REAL,2738782455,480,2738782935,2738782935
2025-06-19 05:16:40,REAL,2738782935,487,2738783422,2738783422
2025-06-19 05:16:42,REAL,2738783422,485,2738783907,2738783907
2025-06-19 05:16:44,REAL,2738783907,483,2738784390,2738784390
2025-06-19 05:16:46,REAL,2738784390,489,2738784879,2738784879
2025-06-19 05:16:48,REAL,2738784879,480,2738785359,2738785359
2025-06-19 05:16:50,REAL,2738785359,548,2738785907,2738785907
2025-06-19 05:16:52,REAL,2738785907,479,2738786386,2738786386
2025-06-19 05:16:54,REAL,2738786386,485,2738786871,2738786871
2025-06-19 05:16:56,REAL,2738786871,480,2738787351,2738787351
2025-06-19 05:16:58,REAL,2738787351,484,2738787835,2738787835
2025-06-19 05:17:00,REAL,2738787835,540,2738788375,2738788375
2025-06-19 05:17:02,REAL,2738788375,488,2738788863,2738788863
2025-06-19 05:17:04,REAL,2738788863,481,2738789344,2738789344
2025-06-19 05:17:06,REAL,2738789344,485,2738789829,2738789829
2025-06-19 05:17:08,REAL,2738789829,483,2738790312,2738790312
2025-06-19 05:17:10,REAL,2738790312,483,2738790795,2738790795
2025-06-19 05:17:12,REAL,2738790795,488,2738791283,2738791283
2025-06-19 05:17:14,REAL,2738791283,552,2738791835,2738791835
2025-06-19 05:17:16,REAL,2738791835,486,2738792321,2738792321
2025-06-19 05:17:18,REAL,2738792321,486,2738792807,2738792807
2025-06-19 05:17:20,REAL,2738792807,485,2738793292,2738793292
2025-06-19 05:17:22,REAL,2738793292,477,2738793769,2738793769
2025-06-19 05:17:24,REAL,2738793769,482,2738794251,2738794251
2025-06-19 05:17:26,REAL,2738794251,478,2738794729,2738794729
2025-06-19 05:17:28,REAL,2738794729,493,2738795222,2738795222
2025-06-19 05:17:30,REAL,2738795222,487,2738795709,2738795709
2025-06-19 05:17:32,REAL,2738795709,483,2738796192,2738796192
2025-06-19 05:17:34,REAL,2738796192,486,2738796678,2738796678
2025-06-19 05:17:36,REAL,2738796678,538,2738797216,2738797216
2025-06-19 05:17:38,REAL,2738797216,543,2738797759,2738797759
2025-06-19 05:17:40,REAL,2738797759,6498,2738804257,2738804257
2025-06-19 05:17:42,REAL,2738804257,13100,2738817357,2738817357
2025-06-19 05:17:44,REAL,2738817357,10255,2738827612,2738827612
2025-06-19 05:17:46,REAL,2738827612,10326,2738837938,2738837938
2025-06-19 05:17:48,REAL,2738837938,10253,2738848191,2738848191
2025-06-19 05:17:50,REAL,2738848191,10250,2738858441,2738858441
2025-06-19 05:17:52,REAL,2738858441,10318,2738868759,2738868759
2025-06-19 05:17:54,REAL,2738868759,10254,2738879013,2738879013
2025-06-19 05:17:56,REAL,2738879013,808,2738879821,2738879821
2025-06-19 05:17:58,REAL,2738879821,487,2738880308,2738880308
2025-06-19 05:18:00,REAL,2738880308,485,2738880793,2738880793
2025-06-19 05:18:02,REAL,2738880793,485,2738881278,2738881278
2025-06-19 05:18:04,REAL,2738881278,542,2738881820,2738881820
2025-06-19 05:18:06,REAL,2738881820,482,2738882302,2738882302
2025-06-19 05:18:08,REAL,2738882302,480,2738882782,2738882782
2025-06-19 05:18:10,REAL,2738882782,484,2738883266,2738883266
2025-06-19 05:18:12,REAL,2738883266,6431,2738889697,2738889697
2025-06-19 05:18:14,REAL,2738889697,11052,2738900749,2738900749
2025-06-19 05:18:16,REAL,2738900749,10315,2738911064,2738911064
2025-06-19 05:18:18,REAL,2738911064,10245,2738921309,2738921309
2025-06-19 05:18:20,REAL,2738921309,10249,2738931558,2738931558
2025-06-19 05:18:22,REAL,2738931558,10256,2738941814,2738941814
2025-06-19 05:18:24,REAL,2738941814,10258,2738952072,2738952072
2025-06-19 05:18:26,REAL,2738952072,9920,2738961992,2738961992
2025-06-19 05:18:28,REAL,2738961992,484,2738962476,2738962476
2025-06-19 05:18:30,REAL,2738962476,537,2738963013,2738963013
2025-06-19 05:18:32,REAL,2738963013,486,2738963499,2738963499
2025-06-19 05:18:34,REAL,2738963499,489,2738963988,2738963988
2025-06-19 05:18:36,REAL,2738963988,475,2738964463,2738964463
2025-06-19 05:18:38,REAL,2738964463,476,2738964939,2738964939
2025-06-19 05:18:40,REAL,2738964939,482,2738965421,2738965421
2025-06-19 05:18:42,REAL,2738965421,484,2738965905,2738965905
2025-06-19 05:18:44,REAL,2738965905,7222,2738973127,2738973127
2025-06-19 05:18:46,REAL,2738973127,10839,2738983966,2738983966
2025-06-19 05:18:48,REAL,2738983966,10318,2738994284,2738994284
2025-06-19 05:18:50,REAL,2738994284,10251,2739004535,2739004535
2025-06-19 05:18:52,REAL,2739004535,10319,2739014854,2739014854
2025-06-19 05:18:54,REAL,2739014854,10255,2739025109,2739025109
2025-06-19 05:18:56,REAL,2739025109,10311,2739035420,2739035420
2025-06-19 05:18:58,REAL,2739035420,9263,2739044683,2739044683
2025-06-19 05:19:00,REAL,2739044683,484,2739045167,2739045167
2025-06-19 05:19:02,REAL,2739045167,481,2739045648,2739045648
2025-06-19 05:19:04,REAL,2739045648,478,2739046126,2739046126
2025-06-19 05:19:06,REAL,2739046126,482,2739046608,2739046608
2025-06-19 05:19:08,REAL,2739046608,489,2739047097,2739047097
2025-06-19 05:19:10,REAL,2739047097,484,2739047581,2739047581
2025-06-19 05:19:12,REAL,2739047581,482,2739048063,2739048063
2025-06-19 05:19:14,REAL,2739048063,485,2739048548,2739048548
2025-06-19 05:19:16,REAL,2739048548,488,2739049036,2739049036
2025-06-19 05:19:18,REAL,2739049036,480,2739049516,2739049516
2025-06-19 05:19:20,REAL,2739049516,478,2739049994,2739049994
2025-06-19 05:19:22,REAL,2739049994,539,2739050533,2739050533
2025-06-19 05:19:24,REAL,2739050533,535,2739051068,2739051068
2025-06-19 05:19:26,REAL,2739051068,483,2739051551,2739051551
2025-06-19 05:19:28,REAL,2739051551,486,2739052037,2739052037
2025-06-19 05:19:30,REAL,2739052037,484,2739052521,2739052521
2025-06-19 05:19:32,REAL,2739052521,488,2739053009,2739053009
2025-06-19 05:19:34,REAL,2739053009,483,2739053492,2739053492
2025-06-19 05:19:36,REAL,2739053492,483,2739053975,2739053975
2025-06-19 05:19:38,REAL,2739053975,492,2739054467,2739054467
2025-06-19 05:19:40,REAL,2739054467,486,2739054953,2739054953
2025-06-19 05:19:42,REAL,2739054953,481,2739055434,2739055434
2025-06-19 05:19:44,REAL,2739055434,477,2739055911,2739055911
2025-06-19 05:19:46,REAL,2739055911,490,2739056401,2739056401
2025-06-19 05:19:48,REAL,2739056401,492,2739056893,2739056893
2025-06-19 05:19:50,REAL,2739056893,535,2739057428,2739057428
2025-06-19 05:19:52,REAL,2739057428,480,2739057908,2739057908
2025-06-19 05:19:54,REAL,2739057908,488,2739058396,2739058396
2025-06-19 05:19:56,REAL,2739058396,486,2739058882,2739058882
2025-06-19 05:19:58,REAL,2739058882,478,2739059360,2739059360
2025-06-19 05:20:00,REAL,2739059360,476,2739059836,2739059836
2025-06-19 05:20:02,REAL,2739059836,483,2739060319,2739060319
2025-06-19 05:20:04,REAL,2739060319,483,2739060802,2739060802
2025-06-19 05:20:06,REAL,2739060802,536,2739061338,2739061338
2025-06-19 05:20:08,REAL,2739061338,480,2739061818,2739061818
2025-06-19 05:20:10,REAL,2739061818,485,2739062303,2739062303
2025-06-19 05:20:12,REAL,2739062303,481,2739062784,2739062784
2025-06-19 05:20:14,REAL,2739062784,481,2739063265,2739063265
2025-06-19 05:20:16,REAL,2739063265,539,2739063804,2739063804
2025-06-19 05:20:18,REAL,2739063804,482,2739064286,2739064286
2025-06-19 05:20:20,REAL,2739064286,479,2739064765,2739064765
2025-06-19 05:20:22,REAL,2739064765,487,2739065252,2739065252
2025-06-19 05:20:24,REAL,2739065252,490,2739065742,2739065742
2025-06-19 05:20:26,REAL,2739065742,485,2739066227,2739066227
2025-06-19 05:20:28,REAL,2739066227,484,2739066711,2739066711
2025-06-19 05:20:30,REAL,2739066711,486,2739067197,2739067197
2025-06-19 05:20:32,REAL,2739067197,490,2739067687,2739067687
2025-06-19 05:20:34,REAL,2739067687,477,2739068164,2739068164
2025-06-19 05:20:36,REAL,2739068164,487,2739068651,2739068651
2025-06-19 05:20:38,REAL,2739068651,484,2739069135,2739069135
2025-06-19 05:20:40,REAL,2739069135,488,2739069623,2739069623
2025-06-19 05:20:42,REAL,2739069623,543,2739070166,2739070166
2025-06-19 05:20:44,REAL,2739070166,476,2739070642,2739070642
2025-06-19 05:20:46,REAL,2739070642,536,2739071178,2739071178
2025-06-19 05:20:48,REAL,2739071178,477,2739071655,2739071655
2025-06-19 05:20:50,REAL,2739071655,481,2739072136,2739072136
2025-06-19 05:20:52,REAL,2739072136,484,2739072620,2739072620
2025-06-19 05:20:54,REAL,2739072620,485,2739073105,2739073105
2025-06-19 05:20:56,REAL,2739073105,480,2739073585,2739073585
2025-06-19 05:20:58,REAL,2739073585,487,2739074072,2739074072
2025-06-19 05:21:00,REAL,2739074072,478,2739074550,2739074550
2025-06-19 05:21:02,REAL,2739074550,484,2739075034,2739075034
2025-06-19 05:21:04,REAL,2739075034,483,2739075517,2739075517
2025-06-19 05:21:06,REAL,2739075517,485,2739076002,2739076002
2025-06-19 05:21:08,REAL,2739076002,487,2739076489,2739076489
2025-06-19 05:21:10,REAL,2739076489,541,2739077030,2739077030
2025-06-19 05:21:12,REAL,2739077030,483,2739077513,2739077513
2025-06-19 05:21:14,REAL,2739077513,478,2739077991,2739077991
2025-06-19 05:21:16,REAL,2739077991,483,2739078474,2739078474
2025-06-19 05:21:18,REAL,2739078474,482,2739078956,2739078956
2025-06-19 05:21:20,REAL,2739078956,485,2739079441,2739079441
2025-06-19 05:21:22,REAL,2739079441,483,2739079924,2739079924
2025-06-19 05:21:24,REAL,2739079924,485,2739080409,2739080409
2025-06-19 05:21:26,REAL,2739080409,480,2739080889,2739080889
2025-06-19 05:21:28,REAL,2739080889,539,2739081428,2739081428
2025-06-19 05:21:30,REAL,2739081428,489,2739081917,2739081917
2025-06-19 05:21:32,REAL,2739081917,477,2739082394,2739082394
2025-06-19 05:21:34,REAL,2739082394,490,2739082884,2739082884
2025-06-19 05:21:36,REAL,2739082884,542,2739083426,2739083426
2025-06-19 05:21:38,REAL,2739083426,481,2739083907,2739083907
2025-06-19 05:21:40,REAL,2739083907,492,2739084399,2739084399
2025-06-19 05:21:42,REAL,2739084399,486,2739084885,2739084885
2025-06-19 05:21:44,REAL,2739084885,488,2739085373,2739085373
2025-06-19 05:21:46,REAL,2739085373,486,2739085859,2739085859
2025-06-19 05:21:48,REAL,2739085859,487,2739086346,2739086346
2025-06-19 05:21:50,REAL,2739086346,476,2739086822,2739086822
2025-06-19 05:21:52,REAL,2739086822,479,2739087301,2739087301
2025-06-19 05:21:54,REAL,2739087301,487,2739087788,2739087788
2025-06-19 05:21:56,REAL,2739087788,477,2739088265,2739088265
2025-06-19 05:21:58,REAL,2739088265,484,2739088749,2739088749
2025-06-19 05:22:00,REAL,2739088749,486,2739089235,2739089235
2025-06-19 05:22:02,REAL,2739089235,541,2739089776,2739089776
2025-06-19 05:22:04,REAL,2739089776,480,2739090256,2739090256
2025-06-19 05:22:06,REAL,2739090256,481,2739090737,2739090737
2025-06-19 05:22:08,REAL,2739090737,532,2739091269,2739091269
2025-06-19 05:22:10,REAL,2739091269,485,2739091754,2739091754
2025-06-19 05:22:12,REAL,2739091754,490,2739092244,2739092244
2025-06-19 05:22:14,REAL,2739092244,490,2739092734,2739092734
2025-06-19 05:22:16,REAL,2739092734,489,2739093223,2739093223
2025-06-19 05:22:18,REAL,2739093223,478,2739093701,2739093701
2025-06-19 05:22:20,REAL,2739093701,486,2739094187,2739094187
2025-06-19 05:22:22,REAL,2739094187,486,2739094673,2739094673
2025-06-19 05:22:24,REAL,2739094673,489,2739095162,2739095162
2025-06-19 05:22:26,REAL,2739095162,478,2739095640,2739095640
2025-06-19 05:22:28,REAL,2739095640,483,2739096123,2739096123
2025-06-19 05:22:30,REAL,2739096123,538,2739096661,2739096661
2025-06-19 05:22:32,REAL,2739096661,479,2739097140,2739097140
2025-06-19 05:22:34,REAL,2739097140,487,2739097627,2739097627
2025-06-19 05:22:36,REAL,2739097627,485,2739098112,2739098112
2025-06-19 05:22:38,REAL,2739098112,477,2739098589,2739098589
2025-06-19 05:22:40,REAL,2739098589,478,2739099067,2739099067
2025-06-19 05:22:42,REAL,2739099067,491,2739099558,2739099558
2025-06-19 05:22:44,REAL,2739099558,484,2739100042,2739100042
2025-06-19 05:22:46,REAL,2739100042,541,2739100583,2739100583
2025-06-19 05:22:48,REAL,2739100583,478,2739101061,2739101061
2025-06-19 05:22:50,REAL,2739101061,481,2739101542,2739101542
2025-06-19 05:22:52,REAL,2739101542,486,2739102028,2739102028
2025-06-19 05:22:54,REAL,2739102028,486,2739102514,2739102514
2025-06-19 05:22:56,REAL,2739102514,481,2739102995,2739102995
2025-06-19 05:22:58,REAL,2739102995,479,2739103474,2739103474
2025-06-19 05:23:00,REAL,2739103474,538,2739104012,2739104012
2025-06-19 05:23:02,REAL,2739104012,477,2739104489,2739104489
2025-06-19 05:23:04,REAL,2739104489,483,2739104972,2739104972
2025-06-19 05:23:06,REAL,2739104972,492,2739105464,2739105464
2025-06-19 05:23:08,REAL,2739105464,545,2739106009,2739106009
2025-06-19 05:23:10,REAL,2739106009,480,2739106489,2739106489
2025-06-19 05:23:12,REAL,2739106489,478,2739106967,2739106967
2025-06-19 05:23:14,REAL,2739106967,487,2739107454,2739107454
2025-06-19 05:23:16,REAL,2739107454,480,2739107934,2739107934
2025-06-19 05:23:18,REAL,2739107934,487,2739108421,2739108421
2025-06-19 05:23:20,REAL,2739108421,477,2739108898,2739108898
2025-06-19 05:23:22,REAL,2739108898,479,2739109377,2739109377
2025-06-19 05:23:24,REAL,2739109377,7554,2739116931,2739116931
2025-06-19 05:23:26,REAL,2739116931,10780,2739127711,2739127711
2025-06-19 05:23:28,REAL,2739127711,10308,2739138019,2739138019
2025-06-19 05:23:30,REAL,2739138019,10303,2739148322,2739148322
2025-06-19 05:23:32,REAL,2739148322,10316,2739158638,2739158638
2025-06-19 05:23:34,REAL,2739158638,10185,2739168823,2739168823
2025-06-19 05:23:36,REAL,2739168823,10320,2739179143,2739179143
2025-06-19 05:23:38,REAL,2739179143,9329,2739188472,2739188472
2025-06-19 05:23:40,REAL,2739188472,483,2739188955,2739188955
2025-06-19 05:23:42,REAL,2739188955,480,2739189435,2739189435
2025-06-19 05:23:44,REAL,2739189435,1817,2739191252,2739191252
2025-06-19 05:23:46,REAL,2739191252,14540,2739205792,2739205792
2025-06-19 05:23:48,REAL,2739205792,10308,2739216100,2739216100
2025-06-19 05:23:50,REAL,2739216100,10304,2739226404,2739226404
2025-06-19 05:23:52,REAL,2739226404,10251,2739236655,2739236655
2025-06-19 05:23:54,REAL,2739236655,10256,2739246911,2739246911
2025-06-19 05:23:56,REAL,2739246911,10320,2739257231,2739257231
2025-06-19 05:23:58,REAL,2739257231,10248,2739267479,2739267479
2025-06-19 05:24:00,REAL,2739267479,4238,2739271717,2739271717
2025-06-19 05:24:02,REAL,2739271717,537,2739272254,2739272254
2025-06-19 05:24:04,REAL,2739272254,483,2739272737,2739272737
2025-06-19 05:24:06,REAL,2739272737,483,2739273220,2739273220
2025-06-19 05:24:08,REAL,2739273220,486,2739273706,2739273706
2025-06-19 05:24:10,REAL,2739273706,545,2739274251,2739274251
2025-06-19 05:24:12,REAL,2739274251,478,2739274729,2739274729
2025-06-19 05:24:14,REAL,2739274729,484,2739275213,2739275213
2025-06-19 05:24:16,REAL,2739275213,2868,2739278081,2739278081
2025-06-19 05:24:18,REAL,2739278081,11705,2739289786,2739289786
2025-06-19 05:24:20,REAL,2739289786,10261,2739300047,2739300047
2025-06-19 05:24:22,REAL,2739300047,10246,2739310293,2739310293
2025-06-19 05:24:24,REAL,2739310293,10250,2739320543,2739320543
2025-06-19 05:24:26,REAL,2739320543,10248,2739330791,2739330791
2025-06-19 05:24:28,REAL,2739330791,10318,2739341109,2739341109
2025-06-19 05:24:30,REAL,2739341109,10257,2739351366,2739351366
2025-06-19 05:24:32,REAL,2739351366,3648,2739355014,2739355014
2025-06-19 05:24:34,REAL,2739355014,479,2739355493,2739355493
2025-06-19 05:24:36,REAL,2739355493,477,2739355970,2739355970
2025-06-19 05:24:38,REAL,2739355970,536,2739356506,2739356506
2025-06-19 05:24:40,REAL,2739356506,477,2739356983,2739356983
2025-06-19 05:24:42,REAL,2739356983,491,2739357474,2739357474
2025-06-19 05:24:44,REAL,2739357474,488,2739357962,2739357962
2025-06-19 05:24:46,REAL,2739357962,485,2739358447,2739358447
2025-06-19 05:24:48,REAL,2739358447,490,2739358937,2739358937
2025-06-19 05:24:50,REAL,2739358937,488,2739359425,2739359425
2025-06-19 05:24:52,REAL,2739359425,474,2739359899,2739359899
2025-06-19 05:24:54,REAL,2739359899,484,2739360383,2739360383
2025-06-19 05:24:56,REAL,2739360383,493,2739360876,2739360876
2025-06-19 05:24:58,REAL,2739360876,478,2739361354,2739361354
2025-06-19 05:25:00,REAL,2739361354,543,2739361897,2739361897
2025-06-19 05:25:02,REAL,2739361897,478,2739362375,2739362375
2025-06-19 05:25:04,REAL,2739362375,543,2739362918,2739362918
2025-06-19 05:25:06,REAL,2739362918,491,2739363409,2739363409
2025-06-19 05:25:08,REAL,2739363409,485,2739363894,2739363894
2025-06-19 05:25:10,REAL,2739363894,487,2739364381,2739364381
2025-06-19 05:25:12,REAL,2739364381,479,2739364860,2739364860
2025-06-19 05:25:14,REAL,2739364860,485,2739365345,2739365345
2025-06-19 05:25:16,REAL,2739365345,487,2739365832,2739365832
2025-06-19 05:25:18,REAL,2739365832,475,2739366307,2739366307
2025-06-19 05:25:20,REAL,2739366307,540,2739366847,2739366847
2025-06-19 05:25:22,REAL,2739366847,483,2739367330,2739367330
2025-06-19 05:25:24,REAL,2739367330,484,2739367814,2739367814
2025-06-19 05:25:26,REAL,2739367814,486,2739368300,2739368300
2025-06-19 05:25:28,REAL,2739368300,485,2739368785,2739368785
2025-06-19 05:25:30,REAL,2739368785,477,2739369262,2739369262
2025-06-19 05:25:32,REAL,2739369262,487,2739369749,2739369749
2025-06-19 05:25:34,REAL,2739369749,542,2739370291,2739370291
2025-06-19 05:25:36,REAL,2739370291,481,2739370772,2739370772
2025-06-19 05:25:38,REAL,2739370772,485,2739371257,2739371257
2025-06-19 05:25:40,REAL,2739371257,479,2739371736,2739371736
2025-06-19 05:25:42,REAL,2739371736,548,2739372284,2739372284
2025-06-19 05:25:44,REAL,2739372284,484,2739372768,2739372768
2025-06-19 05:25:46,REAL,2739372768,479,2739373247,2739373247
2025-06-19 05:25:48,REAL,2739373247,481,2739373728,2739373728
2025-06-19 05:25:50,REAL,2739373728,485,2739374213,2739374213
2025-06-19 05:25:52,REAL,2739374213,4849,2739379062,2739379062
2025-06-19 05:25:54,REAL,2739379062,11367,2739390429,2739390429
2025-06-19 05:25:56,REAL,2739390429,10325,2739400754,2739400754
2025-06-19 05:25:58,REAL,2739400754,10259,2739411013,2739411013
2025-06-19 05:26:00,REAL,2739411013,10322,2739421335,2739421335
2025-06-19 05:26:02,REAL,2739421335,10256,2739431591,2739431591
2025-06-19 05:26:04,REAL,2739431591,10312,2739441903,2739441903
2025-06-19 05:26:06,REAL,2739441903,10253,2739452156,2739452156
2025-06-19 05:26:08,REAL,2739452156,1798,2739453954,2739453954
2025-06-19 05:26:10,REAL,2739453954,479,2739454433,2739454433
2025-06-19 05:26:12,REAL,2739454433,484,2739454917,2739454917
2025-06-19 05:26:14,REAL,2739454917,536,2739455453,2739455453
2025-06-19 05:26:16,REAL,2739455453,485,2739455938,2739455938
2025-06-19 05:26:18,REAL,2739455938,488,2739456426,2739456426
2025-06-19 05:26:20,REAL,2739456426,492,2739456918,2739456918
2025-06-19 05:26:22,REAL,2739456918,486,2739457404,2739457404
2025-06-19 05:26:24,REAL,2739457404,482,2739457886,2739457886
2025-06-19 05:26:26,REAL,2739457886,478,2739458364,2739458364
2025-06-19 05:26:28,REAL,2739458364,490,2739458854,2739458854
2025-06-19 05:26:30,REAL,2739458854,486,2739459340,2739459340
2025-06-19 05:26:32,REAL,2739459340,482,2739459822,2739459822
2025-06-19 05:26:34,REAL,2739459822,546,2739460368,2739460368
2025-06-19 05:26:36,REAL,2739460368,535,2739460903,2739460903
2025-06-19 05:26:38,REAL,2739460903,477,2739461380,2739461380
2025-06-19 05:26:40,REAL,2739461380,487,2739461867,2739461867
2025-06-19 05:26:42,REAL,2739461867,488,2739462355,2739462355
2025-06-19 05:26:44,REAL,2739462355,245,2739462600,2739462600
2025-06-19 05:26:46,REAL,2739462600,486,2739463086,2739463086
2025-06-19 05:26:48,REAL,2739463086,485,2739463571,2739463571
2025-06-19 05:26:50,REAL,2739463571,476,2739464047,2739464047
2025-06-19 05:26:52,REAL,2739464047,486,2739464533,2739464533
2025-06-19 05:26:54,REAL,2739464533,477,2739465010,2739465010
2025-06-19 05:26:56,REAL,2739465010,535,2739465545,2739465545
2025-06-19 05:26:58,REAL,2739465545,476,2739466021,2739466021
2025-06-19 05:27:00,REAL,2739466021,477,2739466498,2739466498
2025-06-19 05:27:02,REAL,2739466498,493,2739466991,2739466991
2025-06-19 05:27:04,REAL,2739466991,484,2739467475,2739467475
2025-06-19 05:27:06,REAL,2739467475,540,2739468015,2739468015
2025-06-19 05:27:08,REAL,2739468015,486,2739468501,2739468501
2025-06-19 05:27:10,REAL,2739468501,487,2739468988,2739468988
2025-06-19 05:27:12,REAL,2739468988,476,2739469464,2739469464
2025-06-19 05:27:14,REAL,2739469464,488,2739469952,2739469952
2025-06-19 05:27:16,REAL,2739469952,540,2739470492,2739470492
2025-06-19 05:27:18,REAL,2739470492,485,2739470977,2739470977
2025-06-19 05:27:20,REAL,2739470977,489,2739471466,2739471466
2025-06-19 05:27:22,REAL,2739471466,476,2739471942,2739471942
2025-06-19 05:27:24,REAL,2739471942,491,2739472433,2739472433
2025-06-19 05:27:26,REAL,2739472433,481,2739472914,2739472914
2025-06-19 05:27:28,REAL,2739472914,484,2739473398,2739473398
2025-06-19 05:27:30,REAL,2739473398,486,2739473884,2739473884
2025-06-19 05:27:32,REAL,2739473884,483,2739474367,2739474367
2025-06-19 05:27:34,REAL,2739474367,492,2739474859,2739474859
2025-06-19 05:27:36,REAL,2739474859,484,2739475343,2739475343
2025-06-19 05:27:38,REAL,2739475343,593,2739475936,2739475936
2025-06-19 05:27:40,REAL,2739475936,479,2739476415,2739476415
2025-06-19 05:27:42,REAL,2739476415,484,2739476899,2739476899
2025-06-19 05:27:44,REAL,2739476899,482,2739477381,2739477381
2025-06-19 05:27:46,REAL,2739477381,493,2739477874,2739477874
2025-06-19 05:27:48,REAL,2739477874,481,2739478355,2739478355
2025-06-19 05:27:50,REAL,2739478355,484,2739478839,2739478839
2025-06-19 05:27:52,REAL,2739478839,482,2739479321,2739479321
2025-06-19 05:27:54,REAL,2739479321,482,2739479803,2739479803
2025-06-19 05:27:56,REAL,2739479803,487,2739480290,2739480290
2025-06-19 05:27:58,REAL,2739480290,489,2739480779,2739480779
2025-06-19 05:28:00,REAL,2739480779,478,2739481257,2739481257
2025-06-19 05:28:02,REAL,2739481257,481,2739481738,2739481738
2025-06-19 05:28:04,REAL,2739481738,2012,2739483750,2739483750
2025-06-19 05:28:06,REAL,2739483750,12233,2739495983,2739495983
2025-06-19 05:28:08,REAL,2739495983,10252,2739506235,2739506235
2025-06-19 05:28:10,REAL,2739506235,10306,2739516541,2739516541
2025-06-19 05:28:12,REAL,2739516541,10313,2739526854,2739526854
2025-06-19 05:28:14,REAL,2739526854,10252,2739537106,2739537106
2025-06-19 05:28:16,REAL,2739537106,10251,2739547357,2739547357
2025-06-19 05:28:18,REAL,2739547357,10258,2739557615,2739557615
2025-06-19 05:28:20,REAL,2739557615,4246,2739561861,2739561861
2025-06-19 05:28:22,REAL,2739561861,481,2739562342,2739562342
2025-06-19 05:28:24,REAL,2739562342,487,2739562829,2739562829
2025-06-19 05:28:26,REAL,2739562829,482,2739563311,2739563311
2025-06-19 05:28:28,REAL,2739563311,481,2739563792,2739563792
2025-06-19 05:28:30,REAL,2739563792,478,2739564270,2739564270
2025-06-19 05:28:32,REAL,2739564270,477,2739564747,2739564747
2025-06-19 05:28:34,REAL,2739564747,480,2739565227,2739565227
2025-06-19 05:28:36,REAL,2739565227,480,2739565707,2739565707
2025-06-19 05:28:38,REAL,2739565707,485,2739566192,2739566192
2025-06-19 05:28:40,REAL,2739566192,482,2739566674,2739566674
2025-06-19 05:28:42,REAL,2739566674,548,2739567222,2739567222
2025-06-19 05:28:44,REAL,2739567222,491,2739567713,2739567713
2025-06-19 05:28:46,REAL,2739567713,484,2739568197,2739568197
2025-06-19 05:28:48,REAL,2739568197,487,2739568684,2739568684
2025-06-19 05:28:50,REAL,2739568684,534,2739569218,2739569218
2025-06-19 05:28:52,REAL,2739569218,486,2739569704,2739569704
2025-06-19 05:28:54,REAL,2739569704,483,2739570187,2739570187
2025-06-19 05:28:56,REAL,2739570187,477,2739570664,2739570664
2025-06-19 05:28:58,REAL,2739570664,9793,2739580457,2739580457
2025-06-19 05:29:00,REAL,2739580457,11441,2739591898,2739591898
2025-06-19 05:29:02,REAL,2739591898,10313,2739602211,2739602211
2025-06-19 05:29:04,REAL,2739602211,10242,2739612453,2739612453
2025-06-19 05:29:06,REAL,2739612453,10254,2739622707,2739622707
2025-06-19 05:29:08,REAL,2739622707,10320,2739633027,2739633027
2025-06-19 05:29:10,REAL,2739633027,10261,2739643288,2739643288
2025-06-19 05:29:12,REAL,2739643288,8278,2739651566,2739651566
2025-06-19 05:29:14,REAL,2739651566,484,2739652050,2739652050
2025-06-19 05:29:16,REAL,2739652050,538,2739652588,2739652588
2025-06-19 05:29:18,REAL,2739652588,492,2739653080,2739653080
2025-06-19 05:29:20,REAL,2739653080,488,2739653568,2739653568
2025-06-19 05:29:22,REAL,2739653568,486,2739654054,2739654054
2025-06-19 05:29:24,REAL,2739654054,492,2739654546,2739654546
2025-06-19 05:29:26,REAL,2739654546,481,2739655027,2739655027
2025-06-19 05:29:28,REAL,2739655027,491,2739655518,2739655518
2025-06-19 05:29:30,REAL,2739655518,9469,2739664987,2739664987
2025-06-19 05:29:32,REAL,2739664987,10574,2739675561,2739675561
2025-06-19 05:29:34,REAL,2739675561,10318,2739685879,2739685879
2025-06-19 05:29:36,REAL,2739685879,10253,2739696132,2739696132
2025-06-19 05:29:38,REAL,2739696132,10316,2739706448,2739706448
2025-06-19 05:29:40,REAL,2739706448,10254,2739716702,2739716702
2025-06-19 05:29:42,REAL,2739716702,10327,2739727029,2739727029
2025-06-19 05:29:44,REAL,2739727029,7676,2739734705,2739734705
2025-06-19 05:29:46,REAL,2739734705,477,2739735182,2739735182
2025-06-19 05:29:48,REAL,2739735182,544,2739735726,2739735726
2025-06-19 05:29:50,REAL,2739735726,484,2739736210,2739736210
2025-06-19 05:29:52,REAL,2739736210,476,2739736686,2739736686
2025-06-19 05:29:54,REAL,2739736686,485,2739737171,2739737171
2025-06-19 05:29:56,REAL,2739737171,487,2739737658,2739737658
2025-06-19 05:29:58,REAL,2739737658,481,2739738139,2739738139
2025-06-19 05:30:00,REAL,2739738139,489,2739738628,2739738628
2025-06-19 05:30:02,REAL,2739738628,486,2739739114,2739739114
2025-06-19 05:30:04,REAL,2739739114,487,2739739601,2739739601
2025-06-19 05:30:06,REAL,2739739601,481,2739740082,2739740082
2025-06-19 05:30:08,REAL,2739740082,480,2739740562,2739740562
2025-06-19 05:30:10,REAL,2739740562,489,2739741051,2739741051
2025-06-19 05:30:12,REAL,2739741051,487,2739741538,2739741538
2025-06-19 05:30:14,REAL,2739741538,489,2739742027,2739742027
2025-06-19 05:30:16,REAL,2739742027,537,2739742564,2739742564
2025-06-19 05:30:18,REAL,2739742564,488,2739743052,2739743052
2025-06-19 05:30:20,REAL,2739743052,541,2739743593,2739743593
2025-06-19 05:30:22,REAL,2739743593,477,2739744070,2739744070
2025-06-19 05:30:24,REAL,2739744070,482,2739744552,2739744552
2025-06-19 05:30:26,REAL,2739744552,483,2739745035,2739745035
2025-06-19 05:30:28,REAL,2739745035,488,2739745523,2739745523
2025-06-19 05:30:30,REAL,2739745523,487,2739746010,2739746010
2025-06-19 05:30:32,REAL,2739746010,485,2739746495,2739746495
2025-06-19 05:30:34,REAL,2739746495,484,2739746979,2739746979
2025-06-19 05:30:36,REAL,2739746979,477,2739747456,2739747456
2025-06-19 05:30:38,REAL,2739747456,485,2739747941,2739747941
2025-06-19 05:30:40,REAL,2739747941,484,2739748425,2739748425
2025-06-19 05:30:42,REAL,2739748425,487,2739748912,2739748912
2025-06-19 05:30:44,REAL,2739748912,483,2739749395,2739749395
2025-06-19 05:30:46,REAL,2739749395,485,2739749880,2739749880
2025-06-19 05:30:48,REAL,2739749880,479,2739750359,2739750359
2025-06-19 05:30:50,REAL,2739750359,484,2739750843,2739750843
2025-06-19 05:30:52,REAL,2739750843,481,2739751324,2739751324
2025-06-19 05:30:54,REAL,2739751324,537,2739751861,2739751861
2025-06-19 05:30:56,REAL,2739751861,481,2739752342,2739752342
2025-06-19 05:30:58,REAL,2739752342,483,2739752825,2739752825
2025-06-19 05:31:00,REAL,2739752825,539,2739753364,2739753364
2025-06-19 05:31:02,REAL,2739753364,494,2739753858,2739753858
2025-06-19 05:31:04,REAL,2739753858,477,2739754335,2739754335
2025-06-19 05:31:06,REAL,2739754335,482,2739754817,2739754817
2025-06-19 05:31:08,REAL,2739754817,484,2739755301,2739755301
2025-06-19 05:31:10,REAL,2739755301,488,2739755789,2739755789
2025-06-19 05:31:12,REAL,2739755789,480,2739756269,2739756269
2025-06-19 05:31:14,REAL,2739756269,477,2739756746,2739756746
2025-06-19 05:31:16,REAL,2739756746,493,2739757239,2739757239
2025-06-19 05:31:18,REAL,2739757239,483,2739757722,2739757722
2025-06-19 05:31:20,REAL,2739757722,482,2739758204,2739758204
2025-06-19 05:31:22,REAL,2739758204,480,2739758684,2739758684
2025-06-19 05:31:24,REAL,2739758684,475,2739759159,2739759159
2025-06-19 05:31:26,REAL,2739759159,546,2739759705,2739759705
2025-06-19 05:31:28,REAL,2739759705,476,2739760181,2739760181
2025-06-19 05:31:30,REAL,2739760181,490,2739760671,2739760671
2025-06-19 05:31:32,REAL,2739760671,486,2739761157,2739761157
2025-06-19 05:31:34,REAL,2739761157,481,2739761638,2739761638
2025-06-19 05:31:36,REAL,2739761638,485,2739762123,2739762123
2025-06-19 05:31:38,REAL,2739762123,482,2739762605,2739762605
2025-06-19 05:31:40,REAL,2739762605,489,2739763094,2739763094
2025-06-19 05:31:42,REAL,2739763094,5903,2739768997,2739768997
2025-06-19 05:31:44,REAL,2739768997,11106,2739780103,2739780103
2025-06-19 05:31:46,REAL,2739780103,10249,2739790352,2739790352
2025-06-19 05:31:48,REAL,2739790352,10259,2739800611,2739800611
2025-06-19 05:31:50,REAL,2739800611,10251,2739810862,2739810862
2025-06-19 05:31:52,REAL,2739810862,10251,2739821113,2739821113
2025-06-19 05:31:54,REAL,2739821113,10255,2739831368,2739831368
2025-06-19 05:31:56,REAL,2739831368,9995,2739841363,2739841363
2025-06-19 05:31:58,REAL,2739841363,534,2739841897,2739841897
2025-06-19 05:32:00,REAL,2739841897,492,2739842389,2739842389
2025-06-19 05:32:02,REAL,2739842389,488,2739842877,2739842877
2025-06-19 05:32:04,REAL,2739842877,482,2739843359,2739843359
2025-06-19 05:32:06,REAL,2739843359,475,2739843834,2739843834
2025-06-19 05:32:08,REAL,2739843834,490,2739844324,2739844324
2025-06-19 05:32:10,REAL,2739844324,479,2739844803,2739844803
2025-06-19 05:32:12,REAL,2739844803,478,2739845281,2739845281
2025-06-19 05:32:14,REAL,2739845281,482,2739845763,2739845763
2025-06-19 05:32:16,REAL,2739845763,485,2739846248,2739846248
2025-06-19 05:32:18,REAL,2739846248,490,2739846738,2739846738
2025-06-19 05:32:20,REAL,2739846738,488,2739847226,2739847226
2025-06-19 05:32:22,REAL,2739847226,484,2739847710,2739847710
2025-06-19 05:32:24,REAL,2739847710,475,2739848185,2739848185
2025-06-19 05:32:26,REAL,2739848185,475,2739848660,2739848660
2025-06-19 05:32:28,REAL,2739848660,541,2739849201,2739849201
2025-06-19 05:32:30,REAL,2739849201,538,2739849739,2739849739
2025-06-19 05:32:32,REAL,2739849739,481,2739850220,2739850220
2025-06-19 05:32:34,REAL,2739850220,488,2739850708,2739850708
2025-06-19 05:32:36,REAL,2739850708,492,2739851200,2739851200
2025-06-19 05:32:38,REAL,2739851200,480,2739851680,2739851680
2025-06-19 05:32:40,REAL,2739851680,485,2739852165,2739852165
2025-06-19 05:32:42,REAL,2739852165,476,2739852641,2739852641
2025-06-19 05:32:44,REAL,2739852641,485,2739853126,2739853126
2025-06-19 05:32:46,REAL,2739853126,483,2739853609,2739853609
2025-06-19 05:32:48,REAL,2739853609,490,2739854099,2739854099
2025-06-19 05:32:50,REAL,2739854099,483,2739854582,2739854582
2025-06-19 05:32:52,REAL,2739854582,483,2739855065,2739855065
2025-06-19 05:32:54,REAL,2739855065,494,2739855559,2739855559
2025-06-19 05:32:56,REAL,2739855559,487,2739856046,2739856046
2025-06-19 05:32:58,REAL,2739856046,482,2739856528,2739856528
2025-06-19 05:33:00,REAL,2739856528,484,2739857012,2739857012
2025-06-19 05:33:02,REAL,2739857012,486,2739857498,2739857498
2025-06-19 05:33:04,REAL,2739857498,483,2739857981,2739857981
2025-06-19 05:33:06,REAL,2739857981,485,2739858466,2739858466
2025-06-19 05:33:08,REAL,2739858466,488,2739858954,2739858954
2025-06-19 05:33:10,REAL,2739858954,488,2739859442,2739859442
2025-06-19 05:33:12,REAL,2739859442,483,2739859925,2739859925
2025-06-19 05:33:14,REAL,2739859925,542,2739860467,2739860467
2025-06-19 05:33:16,REAL,2739860467,539,2739861006,2739861006
2025-06-19 05:33:18,REAL,2739861006,484,2739861490,2739861490
2025-06-19 05:33:20,REAL,2739861490,485,2739861975,2739861975
2025-06-19 05:33:22,REAL,2739861975,488,2739862463,2739862463
2025-06-19 05:33:24,REAL,2739862463,484,2739862947,2739862947
2025-06-19 05:33:26,REAL,2739862947,482,2739863429,2739863429
2025-06-19 05:33:28,REAL,2739863429,479,2739863908,2739863908
2025-06-19 05:33:30,REAL,2739863908,485,2739864393,2739864393
2025-06-19 05:33:32,REAL,2739864393,488,2739864881,2739864881
2025-06-19 05:33:34,REAL,2739864881,483,2739865364,2739865364
2025-06-19 05:33:36,REAL,2739865364,484,2739865848,2739865848
2025-06-19 05:33:38,REAL,2739865848,489,2739866337,2739866337
2025-06-19 05:33:40,REAL,2739866337,489,2739866826,2739866826
2025-06-19 05:33:42,REAL,2739866826,481,2739867307,2739867307
2025-06-19 05:33:44,REAL,2739867307,481,2739867788,2739867788
2025-06-19 05:33:46,REAL,2739867788,485,2739868273,2739868273
2025-06-19 05:33:48,REAL,2739868273,482,2739868755,2739868755
2025-06-19 05:33:50,REAL,2739868755,484,2739869239,2739869239
2025-06-19 05:33:52,REAL,2739869239,478,2739869717,2739869717
2025-06-19 05:33:54,REAL,2739869717,492,2739870209,2739870209
2025-06-19 05:33:56,REAL,2739870209,538,2739870747,2739870747
2025-06-19 05:33:58,REAL,2739870747,480,2739871227,2739871227
2025-06-19 05:34:00,REAL,2739871227,486,2739871713,2739871713
2025-06-19 05:34:02,REAL,2739871713,487,2739872200,2739872200
2025-06-19 05:34:04,REAL,2739872200,540,2739872740,2739872740
2025-06-19 05:34:06,REAL,2739872740,482,2739873222,2739873222
2025-06-19 05:34:08,REAL,2739873222,488,2739873710,2739873710
2025-06-19 05:34:10,REAL,2739873710,3717,2739877427,2739877427
2025-06-19 05:34:12,REAL,2739877427,11252,2739888679,2739888679
2025-06-19 05:34:14,REAL,2739888679,10251,2739898930,2739898930
2025-06-19 05:34:16,REAL,2739898930,10249,2739909179,2739909179
2025-06-19 05:34:18,REAL,2739909179,10321,2739919500,2739919500
2025-06-19 05:34:20,REAL,2739919500,10260,2739929760,2739929760
2025-06-19 05:34:22,REAL,2739929760,10316,2739940076,2739940076
2025-06-19 05:34:24,REAL,2739940076,10247,2739950323,2739950323
2025-06-19 05:34:26,REAL,2739950323,2462,2739952785,2739952785
2025-06-19 05:34:28,REAL,2739952785,487,2739953272,2739953272
2025-06-19 05:34:30,REAL,2739953272,487,2739953759,2739953759
2025-06-19 05:34:32,REAL,2739953759,477,2739954236,2739954236
2025-06-19 05:34:34,REAL,2739954236,489,2739954725,2739954725
2025-06-19 05:34:36,REAL,2739954725,487,2739955212,2739955212
2025-06-19 05:34:38,REAL,2739955212,490,2739955702,2739955702
2025-06-19 05:34:40,REAL,2739955702,488,2739956190,2739956190
2025-06-19 05:34:42,REAL,2739956190,476,2739956666,2739956666
2025-06-19 05:34:44,REAL,2739956666,479,2739957145,2739957145
2025-06-19 05:34:46,REAL,2739957145,489,2739957634,2739957634
2025-06-19 05:34:48,REAL,2739957634,481,2739958115,2739958115
2025-06-19 05:34:50,REAL,2739958115,547,2739958662,2739958662
2025-06-19 05:34:52,REAL,2739958662,481,2739959143,2739959143
2025-06-19 05:34:54,REAL,2739959143,545,2739959688,2739959688
2025-06-19 05:34:56,REAL,2739959688,488,2739960176,2739960176
2025-06-19 05:34:58,REAL,2739960176,479,2739960655,2739960655
2025-06-19 05:35:00,REAL,2739960655,476,2739961131,2739961131
2025-06-19 05:35:02,REAL,2739961131,490,2739961621,2739961621
2025-06-19 05:35:04,REAL,2739961621,484,2739962105,2739962105
2025-06-19 05:35:06,REAL,2739962105,479,2739962584,2739962584
2025-06-19 05:35:08,REAL,2739962584,489,2739963073,2739963073
2025-06-19 05:35:10,REAL,2739963073,486,2739963559,2739963559
2025-06-19 05:35:12,REAL,2739963559,481,2739964040,2739964040
2025-06-19 05:35:14,REAL,2739964040,484,2739964524,2739964524
2025-06-19 05:35:16,REAL,2739964524,484,2739965008,2739965008
2025-06-19 05:35:18,REAL,2739965008,485,2739965493,2739965493
2025-06-19 05:35:20,REAL,2739965493,13297,2739978790,2739978790
2025-06-19 05:35:22,REAL,2739978790,10243,2739989033,2739989033
2025-06-19 05:35:24,REAL,2739989033,10311,2739999344,2739999344
2025-06-19 05:35:26,REAL,2739999344,10249,2740009593,2740009593
2025-06-19 05:35:28,REAL,2740009593,10253,2740019846,2740019846
2025-06-19 05:35:30,REAL,2740019846,10316,2740030162,2740030162
2025-06-19 05:35:32,REAL,2740030162,10254,2740040416,2740040416
2025-06-19 05:35:34,REAL,2740040416,6031,2740046447,2740046447
2025-06-19 05:35:36,REAL,2740046447,490,2740046937,2740046937
2025-06-19 05:35:38,REAL,2740046937,544,2740047481,2740047481
2025-06-19 05:35:40,REAL,2740047481,486,2740047967,2740047967
2025-06-19 05:35:42,REAL,2740047967,481,2740048448,2740048448
2025-06-19 05:35:44,REAL,2740048448,486,2740048934,2740048934
2025-06-19 05:35:46,REAL,2740048934,482,2740049416,2740049416
2025-06-19 05:35:48,REAL,2740049416,481,2740049897,2740049897
2025-06-19 05:35:50,REAL,2740049897,488,2740050385,2740050385
2025-06-19 05:35:52,REAL,2740050385,488,2740050873,2740050873
2025-06-19 05:35:54,REAL,2740050873,490,2740051363,2740051363
2025-06-19 05:35:56,REAL,2740051363,488,2740051851,2740051851
2025-06-19 05:35:58,REAL,2740051851,482,2740052333,2740052333
2025-06-19 05:36:00,REAL,2740052333,481,2740052814,2740052814
2025-06-19 05:36:02,REAL,2740052814,491,2740053305,2740053305
2025-06-19 05:36:04,REAL,2740053305,540,2740053845,2740053845
2025-06-19 05:36:06,REAL,2740053845,492,2740054337,2740054337
2025-06-19 05:36:08,REAL,2740054337,477,2740054814,2740054814
2025-06-19 05:36:10,REAL,2740054814,486,2740055300,2740055300
2025-06-19 05:36:12,REAL,2740055300,481,2740055781,2740055781
2025-06-19 05:36:14,REAL,2740055781,487,2740056268,2740056268
2025-06-19 05:36:16,REAL,2740056268,476,2740056744,2740056744
2025-06-19 05:36:18,REAL,2740056744,481,2740057225,2740057225
2025-06-19 05:36:20,REAL,2740057225,484,2740057709,2740057709
2025-06-19 05:36:22,REAL,2740057709,489,2740058198,2740058198
2025-06-19 05:36:24,REAL,2740058198,543,2740058741,2740058741
2025-06-19 05:36:26,REAL,2740058741,483,2740059224,2740059224
2025-06-19 05:36:28,REAL,2740059224,488,2740059712,2740059712
2025-06-19 05:36:30,REAL,2740059712,488,2740060200,2740060200
2025-06-19 05:36:32,REAL,2740060200,477,2740060677,2740060677
2025-06-19 05:36:34,REAL,2740060677,486,2740061163,2740061163
2025-06-19 05:36:36,REAL,2740061163,489,2740061652,2740061652
2025-06-19 05:36:38,REAL,2740061652,482,2740062134,2740062134
2025-06-19 05:36:40,REAL,2740062134,485,2740062619,2740062619
2025-06-19 05:36:42,REAL,2740062619,486,2740063105,2740063105
2025-06-19 05:36:44,REAL,2740063105,481,2740063586,2740063586
2025-06-19 05:36:46,REAL,2740063586,548,2740064134,2740064134
2025-06-19 05:36:48,REAL,2740064134,481,2740064615,2740064615
2025-06-19 05:36:50,REAL,2740064615,480,2740065095,2740065095
2025-06-19 05:36:52,REAL,2740065095,483,2740065578,2740065578
2025-06-19 05:36:54,REAL,2740065578,486,2740066064,2740066064
2025-06-19 05:36:56,REAL,2740066064,476,2740066540,2740066540
2025-06-19 05:36:58,REAL,2740066540,481,2740067021,2740067021
2025-06-19 05:37:00,REAL,2740067021,481,2740067502,2740067502
2025-06-19 05:37:02,REAL,2740067502,482,2740067984,2740067984
2025-06-19 05:37:04,REAL,2740067984,479,2740068463,2740068463
2025-06-19 05:37:06,REAL,2740068463,487,2740068950,2740068950
2025-06-19 05:37:08,REAL,2740068950,483,2740069433,2740069433
2025-06-19 05:37:10,REAL,2740069433,486,2740069919,2740069919
2025-06-19 05:37:12,REAL,2740069919,545,2740070464,2740070464
2025-06-19 05:37:14,REAL,2740070464,490,2740070954,2740070954
2025-06-19 05:37:16,REAL,2740070954,482,2740071436,2740071436
2025-06-19 05:37:18,REAL,2740071436,486,2740071922,2740071922
2025-06-19 05:37:20,REAL,2740071922,480,2740072402,2740072402
2025-06-19 05:37:22,REAL,2740072402,486,2740072888,2740072888
2025-06-19 05:37:24,REAL,2740072888,484,2740073372,2740073372
2025-06-19 05:37:26,REAL,2740073372,481,2740073853,2740073853
2025-06-19 05:37:28,REAL,2740073853,481,2740074334,2740074334
2025-06-19 05:37:30,REAL,2740074334,541,2740074875,2740074875
2025-06-19 05:37:32,REAL,2740074875,493,2740075368,2740075368
2025-06-19 05:37:34,REAL,2740075368,483,2740075851,2740075851
2025-06-19 05:37:36,REAL,2740075851,491,2740076342,2740076342
2025-06-19 05:37:38,REAL,2740076342,485,2740076827,2740076827
2025-06-19 05:37:40,REAL,2740076827,479,2740077306,2740077306
2025-06-19 05:37:42,REAL,2740077306,488,2740077794,2740077794
2025-06-19 05:37:44,REAL,2740077794,483,2740078277,2740078277
2025-06-19 05:37:46,REAL,2740078277,479,2740078756,2740078756
2025-06-19 05:37:48,REAL,2740078756,486,2740079242,2740079242
2025-06-19 05:37:50,REAL,2740079242,490,2740079732,2740079732
2025-06-19 05:37:52,REAL,2740079732,481,2740080213,2740080213
2025-06-19 05:37:54,REAL,2740080213,489,2740080702,2740080702
2025-06-19 05:37:56,REAL,2740080702,475,2740081177,2740081177
2025-06-19 05:37:58,REAL,2740081177,478,2740081655,2740081655
2025-06-19 05:38:00,REAL,2740081655,536,2740082191,2740082191
2025-06-19 05:38:02,REAL,2740082191,487,2740082678,2740082678
2025-06-19 05:38:04,REAL,2740082678,484,2740083162,2740083162
2025-06-19 05:38:06,REAL,2740083162,485,2740083647,2740083647
2025-06-19 05:38:08,REAL,2740083647,483,2740084130,2740084130
2025-06-19 05:38:10,REAL,2740084130,477,2740084607,2740084607
2025-06-19 05:38:12,REAL,2740084607,542,2740085149,2740085149
2025-06-19 05:38:14,REAL,2740085149,476,2740085625,2740085625
2025-06-19 05:38:16,REAL,2740085625,493,2740086118,2740086118
2025-06-19 05:38:18,REAL,2740086118,484,2740086602,2740086602
2025-06-19 05:38:20,REAL,2740086602,482,2740087084,2740087084
2025-06-19 05:38:22,REAL,2740087084,483,2740087567,2740087567
2025-06-19 05:38:24,REAL,2740087567,485,2740088052,2740088052
2025-06-19 05:38:26,REAL,2740088052,483,2740088535,2740088535
2025-06-19 05:38:28,REAL,2740088535,482,2740089017,2740089017
2025-06-19 05:38:30,REAL,2740089017,482,2740089499,2740089499
2025-06-19 05:38:32,REAL,2740089499,490,2740089989,2740089989
2025-06-19 05:38:34,REAL,2740089989,477,2740090466,2740090466
2025-06-19 05:38:36,REAL,2740090466,479,2740090945,2740090945
2025-06-19 05:38:38,REAL,2740090945,494,2740091439,2740091439
2025-06-19 05:38:40,REAL,2740091439,476,2740091915,2740091915
2025-06-19 05:38:42,REAL,2740091915,488,2740092403,2740092403
2025-06-19 05:38:44,REAL,2740092403,539,2740092942,2740092942
2025-06-19 05:38:46,REAL,2740092942,482,2740093424,2740093424
2025-06-19 05:38:48,REAL,2740093424,488,2740093912,2740093912
2025-06-19 05:38:50,REAL,2740093912,487,2740094399,2740094399
2025-06-19 05:38:52,REAL,2740094399,479,2740094878,2740094878
2025-06-19 05:38:54,REAL,2740094878,489,2740095367,2740095367
2025-06-19 05:38:56,REAL,2740095367,483,2740095850,2740095850
2025-06-19 05:38:58,REAL,2740095850,541,2740096391,2740096391
2025-06-19 05:39:00,REAL,2740096391,481,2740096872,2740096872
2025-06-19 05:39:02,REAL,2740096872,481,2740097353,2740097353
2025-06-19 05:39:04,REAL,2740097353,480,2740097833,2740097833
2025-06-19 05:39:06,REAL,2740097833,492,2740098325,2740098325
2025-06-19 05:39:08,REAL,2740098325,491,2740098816,2740098816
2025-06-19 05:39:10,REAL,2740098816,489,2740099305,2740099305
2025-06-19 05:39:12,REAL,2740099305,487,2740099792,2740099792
2025-06-19 05:39:14,REAL,2740099792,477,2740100269,2740100269
2025-06-19 05:39:16,REAL,2740100269,483,2740100752,2740100752
2025-06-19 05:39:18,REAL,2740100752,490,2740101242,2740101242
2025-06-19 05:39:20,REAL,2740101242,482,2740101724,2740101724
2025-06-19 05:39:22,REAL,2740101724,480,2740102204,2740102204
2025-06-19 05:39:24,REAL,2740102204,482,2740102686,2740102686
2025-06-19 05:39:26,REAL,2740102686,484,2740103170,2740103170
2025-06-19 05:39:28,REAL,2740103170,481,2740103651,2740103651
2025-06-19 05:39:30,REAL,2740103651,537,2740104188,2740104188
2025-06-19 05:39:32,REAL,2740104188,493,2740104681,2740104681
2025-06-19 05:39:34,REAL,2740104681,475,2740105156,2740105156
2025-06-19 05:39:36,REAL,2740105156,489,2740105645,2740105645
2025-06-19 05:39:38,REAL,2740105645,485,2740106130,2740106130
2025-06-19 05:39:40,REAL,2740106130,484,2740106614,2740106614
2025-06-19 05:39:42,REAL,2740106614,535,2740107149,2740107149
2025-06-19 05:39:44,REAL,2740107149,491,2740107640,2740107640
2025-06-19 05:39:46,REAL,2740107640,481,2740108121,2740108121
2025-06-19 05:39:48,REAL,2740108121,477,2740108598,2740108598
2025-06-19 05:39:50,REAL,2740108598,11251,2740119849,2740119849
2025-06-19 05:39:52,REAL,2740119849,10255,2740130104,2740130104
2025-06-19 05:39:54,REAL,2740130104,10245,2740140349,2740140349
2025-06-19 05:39:56,REAL,2740140349,10246,2740150595,2740150595
2025-06-19 05:39:58,REAL,2740150595,10257,2740160852,2740160852
2025-06-19 05:40:00,REAL,2740160852,10310,2740171162,2740171162
2025-06-19 05:40:02,REAL,2740171162,10252,2740181414,2740181414
2025-06-19 05:40:04,REAL,2740181414,5962,2740187376,2740187376
2025-06-19 05:40:06,REAL,2740187376,482,2740187858,2740187858
2025-06-19 05:40:08,REAL,2740187858,482,2740188340,2740188340
2025-06-19 05:40:10,REAL,2740188340,483,2740188823,2740188823
2025-06-19 05:40:12,REAL,2740188823,487,2740189310,2740189310
2025-06-19 05:40:14,REAL,2740189310,486,2740189796,2740189796
2025-06-19 05:40:16,REAL,2740189796,540,2740190336,2740190336
2025-06-19 05:40:18,REAL,2740190336,486,2740190822,2740190822
2025-06-19 05:40:20,REAL,2740190822,477,2740191299,2740191299
2025-06-19 05:40:22,REAL,2740191299,486,2740191785,2740191785
2025-06-19 05:40:24,REAL,2740191785,482,2740192267,2740192267
2025-06-19 05:40:26,REAL,2740192267,483,2740192750,2740192750
2025-06-19 05:40:28,REAL,2740192750,481,2740193231,2740193231
2025-06-19 05:40:30,REAL,2740193231,475,2740193706,2740193706
2025-06-19 05:40:32,REAL,2740193706,536,2740194242,2740194242
2025-06-19 05:40:34,REAL,2740194242,482,2740194724,2740194724
2025-06-19 05:40:36,REAL,2740194724,486,2740195210,2740195210
2025-06-19 05:40:38,REAL,2740195210,484,2740195694,2740195694
2025-06-19 05:40:40,REAL,2740195694,479,2740196173,2740196173
2025-06-19 05:40:42,REAL,2740196173,6630,2740202803,2740202803
2025-06-19 05:40:44,REAL,2740202803,11041,2740213844,2740213844
2025-06-19 05:40:46,REAL,2740213844,10244,2740224088,2740224088
2025-06-19 05:40:48,REAL,2740224088,10247,2740234335,2740234335
2025-06-19 05:40:50,REAL,2740234335,10261,2740244596,2740244596
2025-06-19 05:40:52,REAL,2740244596,10449,2740255045,2740255045
2025-06-19 05:40:54,REAL,2740255045,10123,2740265168,2740265168
2025-06-19 05:40:56,REAL,2740265168,9863,2740275031,2740275031
2025-06-19 05:40:58,REAL,2740275031,483,2740275514,2740275514
2025-06-19 05:41:00,REAL,2740275514,543,2740276057,2740276057
2025-06-19 05:41:02,REAL,2740276057,486,2740276543,2740276543
2025-06-19 05:41:04,REAL,2740276543,491,2740277034,2740277034
2025-06-19 05:41:06,REAL,2740277034,476,2740277510,2740277510
2025-06-19 05:41:08,REAL,2740277510,487,2740277997,2740277997
2025-06-19 05:41:10,REAL,2740277997,489,2740278486,2740278486
2025-06-19 05:41:12,REAL,2740278486,483,2740278969,2740278969
2025-06-19 05:41:14,REAL,2740278969,480,2740279449,2740279449
2025-06-19 05:41:16,REAL,2740279449,480,2740279929,2740279929
2025-06-19 05:41:18,REAL,2740279929,488,2740280417,2740280417
2025-06-19 05:41:20,REAL,2740280417,483,2740280900,2740280900
2025-06-19 05:41:22,REAL,2740280900,486,2740281386,2740281386
2025-06-19 05:41:24,REAL,2740281386,542,2740281928,2740281928
2025-06-19 05:41:26,REAL,2740281928,494,2740282422,2740282422
2025-06-19 05:41:28,REAL,2740282422,485,2740282907,2740282907
2025-06-19 05:41:30,REAL,2740282907,478,2740283385,2740283385
2025-06-19 05:41:32,REAL,2740283385,490,2740283875,2740283875
2025-06-19 05:41:34,REAL,2740283875,483,2740284358,2740284358
2025-06-19 05:41:36,REAL,2740284358,484,2740284842,2740284842
2025-06-19 05:41:38,REAL,2740284842,483,2740285325,2740285325
2025-06-19 05:41:40,REAL,2740285325,483,2740285808,2740285808
2025-06-19 05:41:42,REAL,2740285808,484,2740286292,2740286292
2025-06-19 05:41:44,REAL,2740286292,481,2740286773,2740286773
2025-06-19 05:41:46,REAL,2740286773,540,2740287313,2740287313
2025-06-19 05:41:48,REAL,2740287313,485,2740287798,2740287798
2025-06-19 05:41:50,REAL,2740287798,480,2740288278,2740288278
2025-06-19 05:41:52,REAL,2740288278,483,2740288761,2740288761
2025-06-19 05:41:54,REAL,2740288761,486,2740289247,2740289247
2025-06-19 05:41:56,REAL,2740289247,490,2740289737,2740289737
2025-06-19 05:41:58,REAL,2740289737,475,2740290212,2740290212
2025-06-19 05:42:00,REAL,2740290212,487,2740290699,2740290699
2025-06-19 05:42:02,REAL,2740290699,491,2740291190,2740291190
2025-06-19 05:42:04,REAL,2740291190,485,2740291675,2740291675
2025-06-19 05:42:06,REAL,2740291675,480,2740292155,2740292155
2025-06-19 05:42:08,REAL,2740292155,540,2740292695,2740292695
2025-06-19 05:42:10,REAL,2740292695,480,2740293175,2740293175
2025-06-19 05:42:12,REAL,2740293175,485,2740293660,2740293660
2025-06-19 05:42:14,REAL,2740293660,474,2740294134,2740294134
2025-06-19 05:42:16,REAL,2740294134,491,2740294625,2740294625
2025-06-19 05:42:18,REAL,2740294625,484,2740295109,2740295109
2025-06-19 05:42:20,REAL,2740295109,484,2740295593,2740295593
2025-06-19 05:42:22,REAL,2740295593,491,2740296084,2740296084
2025-06-19 05:42:24,REAL,2740296084,484,2740296568,2740296568
2025-06-19 05:42:26,REAL,2740296568,487,2740297055,2740297055
2025-06-19 05:42:28,REAL,2740297055,481,2740297536,2740297536
2025-06-19 05:42:30,REAL,2740297536,535,2740298071,2740298071
2025-06-19 05:42:32,REAL,2740298071,483,2740298554,2740298554
2025-06-19 05:42:34,REAL,2740298554,486,2740299040,2740299040
2025-06-19 05:42:36,REAL,2740299040,475,2740299515,2740299515
2025-06-19 05:42:38,REAL,2740299515,480,2740299995,2740299995
2025-06-19 05:42:40,REAL,2740299995,479,2740300474,2740300474
2025-06-19 05:42:42,REAL,2740300474,477,2740300951,2740300951
2025-06-19 05:42:44,REAL,2740300951,483,2740301434,2740301434
2025-06-19 05:42:46,REAL,2740301434,480,2740301914,2740301914
2025-06-19 05:42:48,REAL,2740301914,484,2740302398,2740302398
2025-06-19 05:42:50,REAL,2740302398,477,2740302875,2740302875
2025-06-19 05:42:52,REAL,2740302875,547,2740303422,2740303422
2025-06-19 05:42:54,REAL,2740303422,487,2740303909,2740303909
2025-06-19 05:42:56,REAL,2740303909,481,2740304390,2740304390
2025-06-19 05:42:58,REAL,2740304390,490,2740304880,2740304880
2025-06-19 05:43:00,REAL,2740304880,478,2740305358,2740305358
2025-06-19 05:43:02,REAL,2740305358,490,2740305848,2740305848
2025-06-19 05:43:04,REAL,2740305848,477,2740306325,2740306325
2025-06-19 05:43:06,REAL,2740306325,491,2740306816,2740306816
2025-06-19 05:43:08,REAL,2740306816,486,2740307302,2740307302
2025-06-19 05:43:10,REAL,2740307302,487,2740307789,2740307789
2025-06-19 05:43:12,REAL,2740307789,484,2740308273,2740308273
2025-06-19 05:43:14,REAL,2740308273,478,2740308751,2740308751
2025-06-19 05:43:16,REAL,2740308751,544,2740309295,2740309295
2025-06-19 05:43:18,REAL,2740309295,487,2740309782,2740309782
2025-06-19 05:43:20,REAL,2740309782,477,2740310259,2740310259
2025-06-19 05:43:22,REAL,2740310259,483,2740310742,2740310742
2025-06-19 05:43:24,REAL,2740310742,486,2740311228,2740311228
2025-06-19 05:43:26,REAL,2740311228,482,2740311710,2740311710
2025-06-19 05:43:28,REAL,2740311710,242,2740311952,2740311952
2025-06-19 05:43:30,REAL,2740311952,491,2740312443,2740312443
2025-06-19 05:43:32,REAL,2740312443,487,2740312930,2740312930
2025-06-19 05:43:34,REAL,2740312930,487,2740313417,2740313417
2025-06-19 05:43:36,REAL,2740313417,478,2740313895,2740313895
2025-06-19 05:43:38,REAL,2740313895,487,2740314382,2740314382
2025-06-19 05:43:40,REAL,2740314382,488,2740314870,2740314870
2025-06-19 05:43:42,REAL,2740314870,480,2740315350,2740315350
2025-06-19 05:43:44,REAL,2740315350,535,2740315885,2740315885
2025-06-19 05:43:46,REAL,2740315885,480,2740316365,2740316365
2025-06-19 05:43:48,REAL,2740316365,480,2740316845,2740316845
2025-06-19 05:43:50,REAL,2740316845,545,2740317390,2740317390
2025-06-19 05:43:52,REAL,2740317390,491,2740317881,2740317881
2025-06-19 05:43:54,REAL,2740317881,490,2740318371,2740318371
2025-06-19 05:43:56,REAL,2740318371,486,2740318857,2740318857
2025-06-19 05:43:58,REAL,2740318857,476,2740319333,2740319333
2025-06-19 05:44:00,REAL,2740319333,482,2740319815,2740319815
2025-06-19 05:44:02,REAL,2740319815,488,2740320303,2740320303
2025-06-19 05:44:04,REAL,2740320303,477,2740320780,2740320780
2025-06-19 05:44:06,REAL,2740320780,484,2740321264,2740321264
2025-06-19 05:44:08,REAL,2740321264,483,2740321747,2740321747
2025-06-19 05:44:10,REAL,2740321747,483,2740322230,2740322230
2025-06-19 05:44:12,REAL,2740322230,482,2740322712,2740322712
2025-06-19 05:44:14,REAL,2740322712,5704,2740328416,2740328416
2025-06-19 05:44:16,REAL,2740328416,11232,2740339648,2740339648
2025-06-19 05:44:18,REAL,2740339648,10317,2740349965,2740349965
2025-06-19 05:44:20,REAL,2740349965,10248,2740360213,2740360213
2025-06-19 05:44:22,REAL,2740360213,10314,2740370527,2740370527
2025-06-19 05:44:24,REAL,2740370527,10308,2740380835,2740380835
2025-06-19 05:44:26,REAL,2740380835,10243,2740391078,2740391078
2025-06-19 05:44:28,REAL,2740391078,10254,2740401332,2740401332
2025-06-19 05:44:30,REAL,2740401332,888,2740402220,2740402220
2025-06-19 05:44:32,REAL,2740402220,481,2740402701,2740402701
2025-06-19 05:44:34,REAL,2740402701,490,2740403191,2740403191
2025-06-19 05:44:36,REAL,2740403191,477,2740403668,2740403668
2025-06-19 05:44:38,REAL,2740403668,485,2740404153,2740404153
2025-06-19 05:44:40,REAL,2740404153,476,2740404629,2740404629
2025-06-19 05:44:42,REAL,2740404629,481,2740405110,2740405110
2025-06-19 05:44:44,REAL,2740405110,484,2740405594,2740405594
2025-06-19 05:44:46,REAL,2740405594,486,2740406080,2740406080
2025-06-19 05:44:48,REAL,2740406080,480,2740406560,2740406560
2025-06-19 05:44:50,REAL,2740406560,483,2740407043,2740407043
2025-06-19 05:44:52,REAL,2740407043,488,2740407531,2740407531
2025-06-19 05:44:54,REAL,2740407531,483,2740408014,2740408014
2025-06-19 05:44:56,REAL,2740408014,482,2740408496,2740408496
2025-06-19 05:44:58,REAL,2740408496,479,2740408975,2740408975
2025-06-19 05:45:00,REAL,2740408975,543,2740409518,2740409518
2025-06-19 05:45:02,REAL,2740409518,486,2740410004,2740410004
2025-06-19 05:45:04,REAL,2740410004,533,2740410537,2740410537
2025-06-19 05:45:06,REAL,2740410537,491,2740411028,2740411028
2025-06-19 05:45:08,REAL,2740411028,483,2740411511,2740411511
2025-06-19 05:45:10,REAL,2740411511,492,2740412003,2740412003
2025-06-19 05:45:12,REAL,2740412003,484,2740412487,2740412487
2025-06-19 05:45:14,REAL,2740412487,493,2740412980,2740412980
2025-06-19 05:45:16,REAL,2740412980,492,2740413472,2740413472
2025-06-19 05:45:18,REAL,2740413472,481,2740413953,2740413953
2025-06-19 05:45:20,REAL,2740413953,484,2740414437,2740414437
2025-06-19 05:45:22,REAL,2740414437,486,2740414923,2740414923
2025-06-19 05:45:24,REAL,2740414923,492,2740415415,2740415415
2025-06-19 05:45:26,REAL,2740415415,492,2740415907,2740415907
2025-06-19 05:45:28,REAL,2740415907,482,2740416389,2740416389
2025-06-19 05:45:30,REAL,2740416389,488,2740416877,2740416877
2025-06-19 05:45:32,REAL,2740416877,483,2740417360,2740417360
2025-06-19 05:45:34,REAL,2740417360,542,2740417902,2740417902
2025-06-19 05:45:36,REAL,2740417902,487,2740418389,2740418389
2025-06-19 05:45:38,REAL,2740418389,484,2740418873,2740418873
2025-06-19 05:45:40,REAL,2740418873,479,2740419352,2740419352
2025-06-19 05:45:42,REAL,2740419352,489,2740419841,2740419841
2025-06-19 05:45:44,REAL,2740419841,490,2740420331,2740420331
2025-06-19 05:45:46,REAL,2740420331,485,2740420816,2740420816
2025-06-19 05:45:48,REAL,2740420816,484,2740421300,2740421300
2025-06-19 05:45:50,REAL,2740421300,479,2740421779,2740421779
2025-06-19 05:45:52,REAL,2740421779,482,2740422261,2740422261
2025-06-19 05:45:54,REAL,2740422261,485,2740422746,2740422746
2025-06-19 05:45:56,REAL,2740422746,549,2740423295,2740423295
2025-06-19 05:45:58,REAL,2740423295,477,2740423772,2740423772
2025-06-19 05:46:00,REAL,2740423772,485,2740424257,2740424257
2025-06-19 05:46:02,REAL,2740424257,489,2740424746,2740424746
2025-06-19 05:46:04,REAL,2740424746,488,2740425234,2740425234
2025-06-19 05:46:06,REAL,2740425234,491,2740425725,2740425725
2025-06-19 05:46:08,REAL,2740425725,484,2740426209,2740426209
2025-06-19 05:46:10,REAL,2740426209,539,2740426748,2740426748
2025-06-19 05:46:12,REAL,2740426748,488,2740427236,2740427236
2025-06-19 05:46:14,REAL,2740427236,493,2740427729,2740427729
2025-06-19 05:46:16,REAL,2740427729,482,2740428211,2740428211
2025-06-19 05:46:18,REAL,2740428211,489,2740428700,2740428700
2025-06-19 05:46:20,REAL,2740428700,479,2740429179,2740429179
2025-06-19 05:46:22,REAL,2740429179,482,2740429661,2740429661
2025-06-19 05:46:24,REAL,2740429661,723,2740430384,2740430384
2025-06-19 05:46:26,REAL,2740430384,238,2740430622,2740430622
2025-06-19 05:46:28,REAL,2740430622,489,2740431111,2740431111
2025-06-19 05:46:30,REAL,2740431111,478,2740431589,2740431589
2025-06-19 05:46:32,REAL,2740431589,477,2740432066,2740432066
2025-06-19 05:46:34,REAL,2740432066,491,2740432557,2740432557
2025-06-19 05:46:36,REAL,2740432557,483,2740433040,2740433040
2025-06-19 05:46:38,REAL,2740433040,482,2740433522,2740433522
2025-06-19 05:46:40,REAL,2740433522,484,2740434006,2740434006
2025-06-19 05:46:42,REAL,2740434006,478,2740434484,2740434484
2025-06-19 05:46:44,REAL,2740434484,550,2740435034,2740435034
2025-06-19 05:46:46,REAL,2740435034,483,2740435517,2740435517
2025-06-19 05:46:48,REAL,2740435517,540,2740436057,2740436057
2025-06-19 05:46:50,REAL,2740436057,483,2740436540,2740436540
2025-06-19 05:46:52,REAL,2740436540,483,2740437023,2740437023
2025-06-19 05:46:54,REAL,2740437023,491,2740437514,2740437514
2025-06-19 05:46:56,REAL,2740437514,488,2740438002,2740438002
2025-06-19 05:46:58,REAL,2740438002,476,2740438478,2740438478
2025-06-19 05:47:00,REAL,2740438478,483,2740438961,2740438961
2025-06-19 05:47:02,REAL,2740438961,483,2740439444,2740439444
2025-06-19 05:47:04,REAL,2740439444,491,2740439935,2740439935
2025-06-19 05:47:06,REAL,2740439935,482,2740440417,2740440417
2025-06-19 05:47:08,REAL,2740440417,486,2740440903,2740440903
2025-06-19 05:47:10,REAL,2740440903,489,2740441392,2740441392
2025-06-19 05:47:12,REAL,2740441392,482,2740441874,2740441874
2025-06-19 05:47:14,REAL,2740441874,484,2740442358,2740442358
2025-06-19 05:47:16,REAL,2740442358,485,2740442843,2740442843
2025-06-19 05:47:18,REAL,2740442843,542,2740443385,2740443385
2025-06-19 05:47:20,REAL,2740443385,485,2740443870,2740443870
2025-06-19 05:47:22,REAL,2740443870,494,2740444364,2740444364
2025-06-19 05:47:24,REAL,2740444364,474,2740444838,2740444838
2025-06-19 05:47:26,REAL,2740444838,482,2740445320,2740445320
2025-06-19 05:47:28,REAL,2740445320,485,2740445805,2740445805
2025-06-19 05:47:30,REAL,2740445805,4250,2740450055,2740450055
2025-06-19 05:47:32,REAL,2740450055,11696,2740461751,2740461751
2025-06-19 05:47:34,REAL,2740461751,10255,2740472006,2740472006
2025-06-19 05:47:36,REAL,2740472006,10250,2740482256,2740482256
2025-06-19 05:47:38,REAL,2740482256,10327,2740492583,2740492583
2025-06-19 05:47:40,REAL,2740492583,10250,2740502833,2740502833
2025-06-19 05:47:42,REAL,2740502833,10251,2740513084,2740513084
2025-06-19 05:47:44,REAL,2740513084,10246,2740523330,2740523330
2025-06-19 05:47:46,REAL,2740523330,2128,2740525458,2740525458
2025-06-19 05:47:48,REAL,2740525458,481,2740525939,2740525939
2025-06-19 05:47:50,REAL,2740525939,486,2740526425,2740526425
2025-06-19 05:47:52,REAL,2740526425,488,2740526913,2740526913
2025-06-19 05:47:54,REAL,2740526913,539,2740527452,2740527452
2025-06-19 05:47:56,REAL,2740527452,482,2740527934,2740527934
2025-06-19 05:47:58,REAL,2740527934,485,2740528419,2740528419
2025-06-19 05:48:00,REAL,2740528419,479,2740528898,2740528898
2025-06-19 05:48:02,REAL,2740528898,490,2740529388,2740529388
2025-06-19 05:48:04,REAL,2740529388,492,2740529880,2740529880
2025-06-19 05:48:06,REAL,2740529880,487,2740530367,2740530367
2025-06-19 05:48:08,REAL,2740530367,477,2740530844,2740530844
2025-06-19 05:48:10,REAL,2740530844,483,2740531327,2740531327
2025-06-19 05:48:12,REAL,2740531327,487,2740531814,2740531814
2025-06-19 05:48:14,REAL,2740531814,476,2740532290,2740532290
2025-06-19 05:48:16,REAL,2740532290,486,2740532776,2740532776
2025-06-19 05:48:18,REAL,2740532776,481,2740533257,2740533257
2025-06-19 05:48:20,REAL,2740533257,490,2740533747,2740533747
2025-06-19 05:48:22,REAL,2740533747,542,2740534289,2740534289
2025-06-19 05:48:24,REAL,2740534289,485,2740534774,2740534774
2025-06-19 05:48:26,REAL,2740534774,491,2740535265,2740535265
2025-06-19 05:48:28,REAL,2740535265,536,2740535801,2740535801
2025-06-19 05:48:30,REAL,2740535801,484,2740536285,2740536285
2025-06-19 05:48:32,REAL,2740536285,485,2740536770,2740536770
2025-06-19 05:48:34,REAL,2740536770,481,2740537251,2740537251
2025-06-19 05:48:36,REAL,2740537251,482,2740537733,2740537733
2025-06-19 05:48:38,REAL,2740537733,485,2740538218,2740538218
2025-06-19 05:48:40,REAL,2740538218,476,2740538694,2740538694
2025-06-19 05:48:42,REAL,2740538694,484,2740539178,2740539178
2025-06-19 05:48:44,REAL,2740539178,487,2740539665,2740539665
2025-06-19 05:48:46,REAL,2740539665,487,2740540152,2740540152
2025-06-19 05:48:48,REAL,2740540152,487,2740540639,2740540639
2025-06-19 05:48:50,REAL,2740540639,478,2740541117,2740541117
2025-06-19 05:48:52,REAL,2740541117,545,2740541662,2740541662
2025-06-19 05:48:54,REAL,2740541662,483,2740542145,2740542145
2025-06-19 05:48:56,REAL,2740542145,491,2740542636,2740542636
2025-06-19 05:48:58,REAL,2740542636,476,2740543112,2740543112
2025-06-19 05:49:00,REAL,2740543112,486,2740543598,2740543598
2025-06-19 05:49:02,REAL,2740543598,542,2740544140,2740544140
2025-06-19 05:49:04,REAL,2740544140,487,2740544627,2740544627
2025-06-19 05:49:06,REAL,2740544627,484,2740545111,2740545111
2025-06-19 05:49:08,REAL,2740545111,476,2740545587,2740545587
2025-06-19 05:49:10,REAL,2740545587,486,2740546073,2740546073
2025-06-19 05:49:12,REAL,2740546073,12372,2740558445,2740558445
2025-06-19 05:49:14,REAL,2740558445,10251,2740568696,2740568696
2025-06-19 05:49:16,REAL,2740568696,10253,2740578949,2740578949
2025-06-19 05:49:18,REAL,2740578949,10320,2740589269,2740589269
2025-06-19 05:49:20,REAL,2740589269,10255,2740599524,2740599524
2025-06-19 05:49:22,REAL,2740599524,10253,2740609777,2740609777
2025-06-19 05:49:24,REAL,2740609777,10251,2740620028,2740620028
2025-06-19 05:49:26,REAL,2740620028,5106,2740625134,2740625134
2025-06-19 05:49:28,REAL,2740625134,486,2740625620,2740625620
2025-06-19 05:49:30,REAL,2740625620,483,2740626103,2740626103
2025-06-19 05:49:32,REAL,2740626103,483,2740626586,2740626586
2025-06-19 05:49:34,REAL,2740626586,477,2740627063,2740627063
2025-06-19 05:49:36,REAL,2740627063,493,2740627556,2740627556
2025-06-19 05:49:38,REAL,2740627556,544,2740628100,2740628100
2025-06-19 05:49:40,REAL,2740628100,479,2740628579,2740628579
2025-06-19 05:49:42,REAL,2740628579,542,2740629121,2740629121
2025-06-19 05:49:44,REAL,2740629121,481,2740629602,2740629602
2025-06-19 05:49:46,REAL,2740629602,486,2740630088,2740630088
2025-06-19 05:49:48,REAL,2740630088,490,2740630578,2740630578
2025-06-19 05:49:50,REAL,2740630578,481,2740631059,2740631059
2025-06-19 05:49:52,REAL,2740631059,482,2740631541,2740631541
2025-06-19 05:49:54,REAL,2740631541,487,2740632028,2740632028
2025-06-19 05:49:56,REAL,2740632028,481,2740632509,2740632509
2025-06-19 05:49:58,REAL,2740632509,481,2740632990,2740632990
2025-06-19 05:50:00,REAL,2740632990,484,2740633474,2740633474
2025-06-19 05:50:02,REAL,2740633474,487,2740633961,2740633961
2025-06-19 05:50:04,REAL,2740633961,481,2740634442,2740634442
2025-06-19 05:50:06,REAL,2740634442,486,2740634928,2740634928
2025-06-19 05:50:08,REAL,2740634928,481,2740635409,2740635409
2025-06-19 05:50:10,REAL,2740635409,485,2740635894,2740635894
2025-06-19 05:50:12,REAL,2740635894,596,2740636490,2740636490
2025-06-19 05:50:14,REAL,2740636490,485,2740636975,2740636975
2025-06-19 05:50:16,REAL,2740636975,483,2740637458,2740637458
2025-06-19 05:50:18,REAL,2740637458,492,2740637950,2740637950
2025-06-19 05:50:20,REAL,2740637950,486,2740638436,2740638436
2025-06-19 05:50:22,REAL,2740638436,491,2740638927,2740638927
2025-06-19 05:50:24,REAL,2740638927,475,2740639402,2740639402
2025-06-19 05:50:26,REAL,2740639402,483,2740639885,2740639885
2025-06-19 05:50:28,REAL,2740639885,484,2740640369,2740640369
2025-06-19 05:50:30,REAL,2740640369,2548,2740642917,2740642917
2025-06-19 05:50:32,REAL,2740642917,15526,2740658443,2740658443
2025-06-19 05:50:34,REAL,2740658443,10322,2740668765,2740668765
2025-06-19 05:50:36,REAL,2740668765,10258,2740679023,2740679023
2025-06-19 05:50:38,REAL,2740679023,10316,2740689339,2740689339
2025-06-19 05:50:40,REAL,2740689339,10254,2740699593,2740699593
2025-06-19 05:50:42,REAL,2740699593,10254,2740709847,2740709847
2025-06-19 05:50:44,REAL,2740709847,10245,2740720092,2740720092
2025-06-19 05:50:46,REAL,2740720092,3585,2740723677,2740723677
2025-06-19 05:50:48,REAL,2740723677,548,2740724225,2740724225
2025-06-19 05:50:50,REAL,2740724225,493,2740724718,2740724718
2025-06-19 05:50:52,REAL,2740724718,483,2740725201,2740725201
2025-06-19 05:50:54,REAL,2740725201,479,2740725680,2740725680
2025-06-19 05:50:56,REAL,2740725680,482,2740726162,2740726162
2025-06-19 05:50:58,REAL,2740726162,481,2740726643,2740726643
2025-06-19 05:51:00,REAL,2740726643,539,2740727182,2740727182
2025-06-19 05:51:02,REAL,2740727182,488,2740727670,2740727670
2025-06-19 05:51:04,REAL,2740727670,480,2740728150,2740728150
2025-06-19 05:51:06,REAL,2740728150,486,2740728636,2740728636
2025-06-19 05:51:08,REAL,2740728636,9204,2740737840,2740737840
2025-06-19 05:51:10,REAL,2740737840,10709,2740748549,2740748549
2025-06-19 05:51:12,REAL,2740748549,10251,2740758800,2740758800
2025-06-19 05:51:14,REAL,2740758800,10251,2740769051,2740769051
2025-06-19 05:51:16,REAL,2740769051,10308,2740779359,2740779359
2025-06-19 05:51:18,REAL,2740779359,10249,2740789608,2740789608
2025-06-19 05:51:20,REAL,2740789608,10255,2740799863,2740799863
2025-06-19 05:51:22,REAL,2740799863,7806,2740807669,2740807669
2025-06-19 05:51:24,REAL,2740807669,483,2740808152,2740808152
2025-06-19 05:51:26,REAL,2740808152,479,2740808631,2740808631
2025-06-19 05:51:28,REAL,2740808631,487,2740809118,2740809118
2025-06-19 05:51:30,REAL,2740809118,484,2740809602,2740809602
2025-06-19 05:51:32,REAL,2740809602,485,2740810087,2740810087
2025-06-19 05:51:34,REAL,2740810087,493,2740810580,2740810580
2025-06-19 05:51:36,REAL,2740810580,476,2740811056,2740811056
2025-06-19 05:51:38,REAL,2740811056,541,2740811597,2740811597
2025-06-19 05:51:40,REAL,2740811597,13353,2740824950,2740824950
2025-06-19 05:51:42,REAL,2740824950,11046,2740835996,2740835996
2025-06-19 05:51:44,REAL,2740835996,10250,2740846246,2740846246
2025-06-19 05:51:46,REAL,2740846246,10251,2740856497,2740856497
2025-06-19 05:51:48,REAL,2740856497,10324,2740866821,2740866821
2025-06-19 05:51:50,REAL,2740866821,10257,2740877078,2740877078
2025-06-19 05:51:52,REAL,2740877078,10255,2740887333,2740887333
2025-06-19 05:51:54,REAL,2740887333,7145,2740894478,2740894478
2025-06-19 05:51:56,REAL,2740894478,486,2740894964,2740894964
2025-06-19 05:51:58,REAL,2740894964,546,2740895510,2740895510
2025-06-19 05:52:00,REAL,2740895510,482,2740895992,2740895992
2025-06-19 05:52:02,REAL,2740895992,483,2740896475,2740896475
2025-06-19 05:52:04,REAL,2740896475,481,2740896956,2740896956
2025-06-19 05:52:06,REAL,2740896956,475,2740897431,2740897431
2025-06-19 05:52:08,REAL,2740897431,479,2740897910,2740897910
2025-06-19 05:52:10,REAL,2740897910,538,2740898448,2740898448
2025-06-19 05:52:12,REAL,2740898448,10525,2740908973,2740908973
2025-06-19 05:52:14,REAL,2740908973,10517,2740919490,2740919490
2025-06-19 05:52:16,REAL,2740919490,10319,2740929809,2740929809
2025-06-19 05:52:18,REAL,2740929809,10258,2740940067,2740940067
2025-06-19 05:52:20,REAL,2740940067,10313,2740950380,2740950380
2025-06-19 05:52:22,REAL,2740950380,10253,2740960633,2740960633
2025-06-19 05:52:24,REAL,2740960633,10255,2740970888,2740970888
2025-06-19 05:52:26,REAL,2740970888,6556,2740977444,2740977444
2025-06-19 05:52:28,REAL,2740977444,481,2740977925,2740977925
2025-06-19 05:52:30,REAL,2740977925,483,2740978408,2740978408
2025-06-19 05:52:32,REAL,2740978408,5710,2740984118,2740984118
2025-06-19 05:52:34,REAL,2740984118,13812,2740997930,2740997930
2025-06-19 05:52:36,REAL,2740997930,10320,2741008250,2741008250
2025-06-19 05:52:38,REAL,2741008250,10248,2741018498,2741018498
2025-06-19 05:52:40,REAL,2741018498,10245,2741028743,2741028743
2025-06-19 05:52:42,REAL,2741028743,10249,2741038992,2741038992
2025-06-19 05:52:44,REAL,2741038992,10319,2741049311,2741049311
2025-06-19 05:52:46,REAL,2741049311,10251,2741059562,2741059562
2025-06-19 05:52:48,REAL,2741059562,1277,2741060839,2741060839
2025-06-19 05:52:50,REAL,2741060839,484,2741061323,2741061323
2025-06-19 05:52:52,REAL,2741061323,486,2741061809,2741061809
2025-06-19 05:52:54,REAL,2741061809,482,2741062291,2741062291
2025-06-19 05:52:56,REAL,2741062291,482,2741062773,2741062773
2025-06-19 05:52:58,REAL,2741062773,485,2741063258,2741063258
2025-06-19 05:53:00,REAL,2741063258,487,2741063745,2741063745
2025-06-19 05:53:02,REAL,2741063745,489,2741064234,2741064234
2025-06-19 05:53:04,REAL,2741064234,544,2741064778,2741064778
2025-06-19 05:53:06,REAL,2741064778,487,2741065265,2741065265
2025-06-19 05:53:08,REAL,2741065265,490,2741065755,2741065755
2025-06-19 05:53:10,REAL,2741065755,544,2741066299,2741066299
2025-06-19 05:53:12,REAL,2741066299,493,2741066792,2741066792
2025-06-19 05:53:14,REAL,2741066792,477,2741067269,2741067269
2025-06-19 05:53:16,REAL,2741067269,490,2741067759,2741067759
2025-06-19 05:53:18,REAL,2741067759,488,2741068247,2741068247
2025-06-19 05:53:20,REAL,2741068247,484,2741068731,2741068731
2025-06-19 05:53:22,REAL,2741068731,476,2741069207,2741069207
2025-06-19 05:53:24,REAL,2741069207,483,2741069690,2741069690
2025-06-19 05:53:26,REAL,2741069690,15406,2741085096,2741085096
2025-06-19 05:53:28,REAL,2741085096,10316,2741095412,2741095412
2025-06-19 05:53:30,REAL,2741095412,10252,2741105664,2741105664
2025-06-19 05:53:32,REAL,2741105664,10262,2741115926,2741115926
2025-06-19 05:53:34,REAL,2741115926,10244,2741126170,2741126170
2025-06-19 05:53:36,REAL,2741126170,10261,2741136431,2741136431
2025-06-19 05:53:38,REAL,2741136431,10323,2741146754,2741146754
2025-06-19 05:53:40,REAL,2741146754,5166,2741151920,2741151920
2025-06-19 05:53:42,REAL,2741151920,477,2741152397,2741152397
2025-06-19 05:53:44,REAL,2741152397,494,2741152891,2741152891
2025-06-19 05:53:46,REAL,2741152891,482,2741153373,2741153373
2025-06-19 05:53:48,REAL,2741153373,544,2741153917,2741153917
2025-06-19 05:53:50,REAL,2741153917,487,2741154404,2741154404
2025-06-19 05:53:52,REAL,2741154404,490,2741154894,2741154894
2025-06-19 05:53:54,REAL,2741154894,494,2741155388,2741155388
2025-06-19 05:53:56,REAL,2741155388,487,2741155875,2741155875
2025-06-19 05:53:58,REAL,2741155875,478,2741156353,2741156353
2025-06-19 05:54:00,REAL,2741156353,476,2741156829,2741156829
2025-06-19 05:54:02,REAL,2741156829,486,2741157315,2741157315
2025-06-19 05:54:04,REAL,2741157315,478,2741157793,2741157793
2025-06-19 05:54:06,REAL,2741157793,487,2741158280,2741158280
2025-06-19 05:54:08,REAL,2741158280,487,2741158767,2741158767
2025-06-19 05:54:10,REAL,2741158767,493,2741159260,2741159260
2025-06-19 05:54:12,REAL,2741159260,487,2741159747,2741159747
2025-06-19 05:54:14,REAL,2741159747,540,2741160287,2741160287
2025-06-19 05:54:16,REAL,2741160287,483,2741160770,2741160770
2025-06-19 05:54:18,REAL,2741160770,487,2741161257,2741161257
2025-06-19 05:54:20,REAL,2741161257,484,2741161741,2741161741
2025-06-19 05:54:22,REAL,2741161741,485,2741162226,2741162226
2025-06-19 05:54:24,REAL,2741162226,534,2741162760,2741162760
2025-06-19 05:54:26,REAL,2741162760,483,2741163243,2741163243
2025-06-19 05:54:28,REAL,2741163243,491,2741163734,2741163734
2025-06-19 05:54:30,REAL,2741163734,488,2741164222,2741164222
2025-06-19 05:54:32,REAL,2741164222,488,2741164710,2741164710
2025-06-19 05:54:34,REAL,2741164710,478,2741165188,2741165188
2025-06-19 05:54:36,REAL,2741165188,482,2741165670,2741165670
2025-06-19 05:54:38,REAL,2741165670,482,2741166152,2741166152
2025-06-19 05:54:40,REAL,2741166152,488,2741166640,2741166640
2025-06-19 05:54:42,REAL,2741166640,480,2741167120,2741167120
2025-06-19 05:54:44,REAL,2741167120,485,2741167605,2741167605
2025-06-19 05:54:46,REAL,2741167605,490,2741168095,2741168095
2025-06-19 05:54:48,REAL,2741168095,485,2741168580,2741168580
2025-06-19 05:54:50,REAL,2741168580,486,2741169066,2741169066
2025-06-19 05:54:52,REAL,2741169066,487,2741169553,2741169553
2025-06-19 05:54:54,REAL,2741169553,481,2741170034,2741170034
2025-06-19 05:54:56,REAL,2741170034,477,2741170511,2741170511
2025-06-19 05:54:58,REAL,2741170511,480,2741170991,2741170991
2025-06-19 05:55:00,REAL,2741170991,536,2741171527,2741171527
2025-06-19 05:55:02,REAL,2741171527,540,2741172067,2741172067
2025-06-19 05:55:04,REAL,2741172067,490,2741172557,2741172557
2025-06-19 05:55:06,REAL,2741172557,483,2741173040,2741173040
2025-06-19 05:55:08,REAL,2741173040,474,2741173514,2741173514
2025-06-19 05:55:10,REAL,2741173514,482,2741173996,2741173996
2025-06-19 05:55:12,REAL,2741173996,485,2741174481,2741174481
2025-06-19 05:55:14,REAL,2741174481,490,2741174971,2741174971
2025-06-19 05:55:16,REAL,2741174971,475,2741175446,2741175446
2025-06-19 05:55:18,REAL,2741175446,487,2741175933,2741175933
2025-06-19 05:55:20,REAL,2741175933,481,2741176414,2741176414
2025-06-19 05:55:22,REAL,2741176414,480,2741176894,2741176894
2025-06-19 05:55:24,REAL,2741176894,488,2741177382,2741177382
2025-06-19 05:55:26,REAL,2741177382,488,2741177870,2741177870
2025-06-19 05:55:28,REAL,2741177870,486,2741178356,2741178356
2025-06-19 05:55:30,REAL,2741178356,488,2741178844,2741178844
2025-06-19 05:55:32,REAL,2741178844,478,2741179322,2741179322
2025-06-19 05:55:34,REAL,2741179322,487,2741179809,2741179809
2025-06-19 05:55:36,REAL,2741179809,489,2741180298,2741180298
2025-06-19 05:55:38,REAL,2741180298,542,2741180840,2741180840
2025-06-19 05:55:40,REAL,2741180840,486,2741181326,2741181326
2025-06-19 05:55:42,REAL,2741181326,486,2741181812,2741181812
2025-06-19 05:55:44,REAL,2741181812,482,2741182294,2741182294
2025-06-19 05:55:46,REAL,2741182294,489,2741182783,2741182783
2025-06-19 05:55:48,REAL,2741182783,484,2741183267,2741183267
2025-06-19 05:55:50,REAL,2741183267,483,2741183750,2741183750
2025-06-19 05:55:52,REAL,2741183750,538,2741184288,2741184288
2025-06-19 05:55:54,REAL,2741184288,484,2741184772,2741184772
2025-06-19 05:55:56,REAL,2741184772,489,2741185261,2741185261
2025-06-19 05:55:58,REAL,2741185261,484,2741185745,2741185745
2025-06-19 05:56:00,REAL,2741185745,493,2741186238,2741186238
2025-06-19 05:56:02,REAL,2741186238,479,2741186717,2741186717
2025-06-19 05:56:04,REAL,2741186717,486,2741187203,2741187203
2025-06-19 05:56:06,REAL,2741187203,480,2741187683,2741187683
2025-06-19 05:56:08,REAL,2741187683,477,2741188160,2741188160
2025-06-19 05:56:10,REAL,2741188160,481,2741188641,2741188641
2025-06-19 05:56:12,REAL,2741188641,481,2741189122,2741189122
2025-06-19 05:56:14,REAL,2741189122,543,2741189665,2741189665
2025-06-19 05:56:16,REAL,2741189665,483,2741190148,2741190148
2025-06-19 05:56:18,REAL,2741190148,491,2741190639,2741190639
2025-06-19 05:56:20,REAL,2741190639,476,2741191115,2741191115
2025-06-19 05:56:22,REAL,2741191115,479,2741191594,2741191594
2025-06-19 05:56:24,REAL,2741191594,481,2741192075,2741192075
2025-06-19 05:56:26,REAL,2741192075,476,2741192551,2741192551
2025-06-19 05:56:28,REAL,2741192551,490,2741193041,2741193041
2025-06-19 05:56:30,REAL,2741193041,487,2741193528,2741193528
2025-06-19 05:56:32,REAL,2741193528,486,2741194014,2741194014
2025-06-19 05:56:34,REAL,2741194014,484,2741194498,2741194498
2025-06-19 05:56:36,REAL,2741194498,488,2741194986,2741194986
2025-06-19 05:56:38,REAL,2741194986,490,2741195476,2741195476
2025-06-19 05:56:40,REAL,2741195476,537,2741196013,2741196013
2025-06-19 05:56:42,REAL,2741196013,488,2741196501,2741196501
2025-06-19 05:56:44,REAL,2741196501,488,2741196989,2741196989
2025-06-19 05:56:46,REAL,2741196989,492,2741197481,2741197481
2025-06-19 05:56:48,REAL,2741197481,486,2741197967,2741197967
2025-06-19 05:56:50,REAL,2741197967,478,2741198445,2741198445
2025-06-19 05:56:52,REAL,2741198445,540,2741198985,2741198985
2025-06-19 05:56:54,REAL,2741198985,478,2741199463,2741199463
2025-06-19 05:56:56,REAL,2741199463,479,2741199942,2741199942
2025-06-19 05:56:58,REAL,2741199942,481,2741200423,2741200423
2025-06-19 05:57:00,REAL,2741200423,484,2741200907,2741200907
2025-06-19 05:57:02,REAL,2741200907,487,2741201394,2741201394
2025-06-19 05:57:04,REAL,2741201394,491,2741201885,2741201885
2025-06-19 05:57:06,REAL,2741201885,491,2741202376,2741202376
2025-06-19 05:57:08,REAL,2741202376,483,2741202859,2741202859
2025-06-19 05:57:10,REAL,2741202859,488,2741203347,2741203347
2025-06-19 05:57:12,REAL,2741203347,482,2741203829,2741203829
2025-06-19 05:57:14,REAL,2741203829,476,2741204305,2741204305
2025-06-19 05:57:16,REAL,2741204305,492,2741204797,2741204797
2025-06-19 05:57:18,REAL,2741204797,7219,2741212016,2741212016
2025-06-19 05:57:20,REAL,2741212016,13222,2741225238,2741225238
2025-06-19 05:57:22,REAL,2741225238,10252,2741235490,2741235490
2025-06-19 05:57:24,REAL,2741235490,10325,2741245815,2741245815
2025-06-19 05:57:26,REAL,2741245815,10250,2741256065,2741256065
2025-06-19 05:57:28,REAL,2741256065,10323,2741266388,2741266388
2025-06-19 05:57:30,REAL,2741266388,10306,2741276694,2741276694
2025-06-19 05:57:32,REAL,2741276694,10245,2741286939,2741286939
2025-06-19 05:57:34,REAL,2741286939,750,2741287689,2741287689
2025-06-19 05:57:36,REAL,2741287689,484,2741288173,2741288173
2025-06-19 05:57:38,REAL,2741288173,481,2741288654,2741288654
2025-06-19 05:57:40,REAL,2741288654,485,2741289139,2741289139
2025-06-19 05:57:42,REAL,2741289139,479,2741289618,2741289618
2025-06-19 05:57:44,REAL,2741289618,476,2741290094,2741290094
2025-06-19 05:57:46,REAL,2741290094,482,2741290576,2741290576
2025-06-19 05:57:48,REAL,2741290576,488,2741291064,2741291064
2025-06-19 05:57:50,REAL,2741291064,480,2741291544,2741291544
2025-06-19 05:57:52,REAL,2741291544,478,2741292022,2741292022
2025-06-19 05:57:54,REAL,2741292022,477,2741292499,2741292499
2025-06-19 05:57:56,REAL,2741292499,485,2741292984,2741292984
2025-06-19 05:57:58,REAL,2741292984,482,2741293466,2741293466
2025-06-19 05:58:00,REAL,2741293466,477,2741293943,2741293943
2025-06-19 05:58:02,REAL,2741293943,483,2741294426,2741294426
2025-06-19 05:58:04,REAL,2741294426,485,2741294911,2741294911
2025-06-19 05:58:06,REAL,2741294911,594,2741295505,2741295505
2025-06-19 05:58:08,REAL,2741295505,486,2741295991,2741295991
2025-06-19 05:58:10,REAL,2741295991,491,2741296482,2741296482
2025-06-19 05:58:12,REAL,2741296482,488,2741296970,2741296970
2025-06-19 05:58:14,REAL,2741296970,479,2741297449,2741297449
2025-06-19 05:58:16,REAL,2741297449,489,2741297938,2741297938
2025-06-19 05:58:18,REAL,2741297938,486,2741298424,2741298424
2025-06-19 05:58:20,REAL,2741298424,488,2741298912,2741298912
2025-06-19 05:58:22,REAL,2741298912,486,2741299398,2741299398
2025-06-19 05:58:24,REAL,2741299398,485,2741299883,2741299883
2025-06-19 05:58:26,REAL,2741299883,480,2741300363,2741300363
2025-06-19 05:58:28,REAL,2741300363,538,2741300901,2741300901
2025-06-19 05:58:30,REAL,2741300901,482,2741301383,2741301383
2025-06-19 05:58:32,REAL,2741301383,491,2741301874,2741301874
2025-06-19 05:58:34,REAL,2741301874,482,2741302356,2741302356
2025-06-19 05:58:36,REAL,2741302356,492,2741302848,2741302848
2025-06-19 05:58:38,REAL,2741302848,492,2741303340,2741303340
2025-06-19 05:58:40,REAL,2741303340,534,2741303874,2741303874
2025-06-19 05:58:42,REAL,2741303874,482,2741304356,2741304356
2025-06-19 05:58:44,REAL,2741304356,482,2741304838,2741304838
2025-06-19 05:58:46,REAL,2741304838,481,2741305319,2741305319
2025-06-19 05:58:48,REAL,2741305319,491,2741305810,2741305810
2025-06-19 05:58:50,REAL,2741305810,544,2741306354,2741306354
2025-06-19 05:58:52,REAL,2741306354,479,2741306833,2741306833
2025-06-19 05:58:54,REAL,2741306833,479,2741307312,2741307312
2025-06-19 05:58:56,REAL,2741307312,486,2741307798,2741307798
2025-06-19 05:58:58,REAL,2741307798,480,2741308278,2741308278
2025-06-19 05:59:00,REAL,2741308278,483,2741308761,2741308761
2025-06-19 05:59:02,REAL,2741308761,490,2741309251,2741309251
2025-06-19 05:59:04,REAL,2741309251,489,2741309740,2741309740
2025-06-19 05:59:06,REAL,2741309740,479,2741310219,2741310219
2025-06-19 05:59:08,REAL,2741310219,477,2741310696,2741310696
2025-06-19 05:59:10,REAL,2741310696,488,2741311184,2741311184
2025-06-19 05:59:12,REAL,2741311184,598,2741311782,2741311782
2025-06-19 05:59:14,REAL,2741311782,483,2741312265,2741312265
2025-06-19 05:59:16,REAL,2741312265,490,2741312755,2741312755
2025-06-19 05:59:18,REAL,2741312755,486,2741313241,2741313241
2025-06-19 05:59:20,REAL,2741313241,493,2741313734,2741313734
2025-06-19 05:59:22,REAL,2741313734,492,2741314226,2741314226
2025-06-19 05:59:24,REAL,2741314226,479,2741314705,2741314705
2025-06-19 05:59:26,REAL,2741314705,485,2741315190,2741315190
2025-06-19 05:59:28,REAL,2741315190,474,2741315664,2741315664
2025-06-19 05:59:30,REAL,2741315664,474,2741316138,2741316138
2025-06-19 05:59:32,REAL,2741316138,488,2741316626,2741316626
2025-06-19 05:59:34,REAL,2741316626,539,2741317165,2741317165
2025-06-19 05:59:36,REAL,2741317165,483,2741317648,2741317648
2025-06-19 05:59:38,REAL,2741317648,486,2741318134,2741318134
2025-06-19 05:59:40,REAL,2741318134,486,2741318620,2741318620
2025-06-19 05:59:42,REAL,2741318620,485,2741319105,2741319105
2025-06-19 05:59:44,REAL,2741319105,484,2741319589,2741319589
2025-06-19 05:59:46,REAL,2741319589,541,2741320130,2741320130
2025-06-19 05:59:48,REAL,2741320130,477,2741320607,2741320607
2025-06-19 05:59:50,REAL,2741320607,483,2741321090,2741321090
2025-06-19 05:59:52,REAL,2741321090,484,2741321574,2741321574
2025-06-19 05:59:54,REAL,2741321574,487,2741322061,2741322061
2025-06-19 05:59:56,REAL,2741322061,538,2741322599,2741322599
2025-06-19 05:59:58,REAL,2741322599,485,2741323084,2741323084
2025-06-19 06:00:00,REAL,2741323084,480,2741323564,2741323564
2025-06-19 06:00:02,REAL,2741323564,491,2741324055,2741324055
2025-06-19 06:00:04,REAL,2741324055,482,2741324537,2741324537
2025-06-19 06:00:06,REAL,2741324537,483,2741325020,2741325020
2025-06-19 06:00:08,REAL,2741325020,488,2741325508,2741325508
2025-06-19 06:00:10,REAL,2741325508,483,2741325991,2741325991
2025-06-19 06:00:12,REAL,2741325991,486,2741326477,2741326477
2025-06-19 06:00:14,REAL,2741326477,484,2741326961,2741326961
2025-06-19 06:00:16,REAL,2741326961,475,2741327436,2741327436
2025-06-19 06:00:18,REAL,2741327436,9549,2741336985,2741336985
2025-06-19 06:00:20,REAL,2741336985,10720,2741347705,2741347705
2025-06-19 06:00:22,REAL,2741347705,10260,2741357965,2741357965
2025-06-19 06:00:24,REAL,2741357965,10313,2741368278,2741368278
2025-06-19 06:00:26,REAL,2741368278,10254,2741378532,2741378532
2025-06-19 06:00:28,REAL,2741378532,10259,2741388791,2741388791
2025-06-19 06:00:30,REAL,2741388791,10246,2741399037,2741399037
2025-06-19 06:00:32,REAL,2741399037,7474,2741406511,2741406511
2025-06-19 06:00:34,REAL,2741406511,480,2741406991,2741406991
2025-06-19 06:00:36,REAL,2741406991,488,2741407479,2741407479
2025-06-19 06:00:38,REAL,2741407479,482,2741407961,2741407961
2025-06-19 06:00:40,REAL,2741407961,540,2741408501,2741408501
2025-06-19 06:00:42,REAL,2741408501,482,2741408983,2741408983
2025-06-19 06:00:44,REAL,2741408983,483,2741409466,2741409466
2025-06-19 06:00:46,REAL,2741409466,488,2741409954,2741409954
2025-06-19 06:00:48,REAL,2741409954,484,2741410438,2741410438
2025-06-19 06:00:50,REAL,2741410438,483,2741410921,2741410921
2025-06-19 06:00:52,REAL,2741410921,788,2741411709,2741411709
2025-06-19 06:00:54,REAL,2741411709,242,2741411951,2741411951
2025-06-19 06:00:56,REAL,2741411951,485,2741412436,2741412436
2025-06-19 06:00:58,REAL,2741412436,481,2741412917,2741412917
2025-06-19 06:01:00,REAL,2741412917,491,2741413408,2741413408
2025-06-19 06:01:02,REAL,2741413408,540,2741413948,2741413948
2025-06-19 06:01:04,REAL,2741413948,482,2741414430,2741414430
2025-06-19 06:01:06,REAL,2741414430,481,2741414911,2741414911
2025-06-19 06:01:08,REAL,2741414911,488,2741415399,2741415399
2025-06-19 06:01:10,REAL,2741415399,486,2741415885,2741415885
2025-06-19 06:01:12,REAL,2741415885,484,2741416369,2741416369
2025-06-19 06:01:14,REAL,2741416369,482,2741416851,2741416851
2025-06-19 06:01:16,REAL,2741416851,488,2741417339,2741417339
2025-06-19 06:01:18,REAL,2741417339,484,2741417823,2741417823
2025-06-19 06:01:20,REAL,2741417823,482,2741418305,2741418305
2025-06-19 06:01:22,REAL,2741418305,482,2741418787,2741418787
2025-06-19 06:01:24,REAL,2741418787,593,2741419380,2741419380
2025-06-19 06:01:26,REAL,2741419380,483,2741419863,2741419863
2025-06-19 06:01:28,REAL,2741419863,480,2741420343,2741420343
2025-06-19 06:01:30,REAL,2741420343,478,2741420821,2741420821
2025-06-19 06:01:32,REAL,2741420821,483,2741421304,2741421304
2025-06-19 06:01:34,REAL,2741421304,479,2741421783,2741421783
2025-06-19 06:01:36,REAL,2741421783,487,2741422270,2741422270
2025-06-19 06:01:38,REAL,2741422270,10992,2741433262,2741433262
2025-06-19 06:01:40,REAL,2741433262,10317,2741443579,2741443579
2025-06-19 06:01:42,REAL,2741443579,10253,2741453832,2741453832
2025-06-19 06:01:44,REAL,2741453832,10251,2741464083,2741464083
2025-06-19 06:01:46,REAL,2741464083,10301,2741474384,2741474384
2025-06-19 06:01:48,REAL,2741474384,10260,2741484644,2741484644
2025-06-19 06:01:50,REAL,2741484644,10320,2741494964,2741494964
2025-06-19 06:01:52,REAL,2741494964,5901,2741500865,2741500865
2025-06-19 06:01:54,REAL,2741500865,480,2741501345,2741501345
2025-06-19 06:01:56,REAL,2741501345,480,2741501825,2741501825
2025-06-19 06:01:58,REAL,2741501825,484,2741502309,2741502309
2025-06-19 06:02:00,REAL,2741502309,489,2741502798,2741502798
2025-06-19 06:02:02,REAL,2741502798,482,2741503280,2741503280
2025-06-19 06:02:04,REAL,2741503280,483,2741503763,2741503763
2025-06-19 06:02:06,REAL,2741503763,481,2741504244,2741504244
2025-06-19 06:02:08,REAL,2741504244,548,2741504792,2741504792
2025-06-19 06:02:10,REAL,2741504792,532,2741505324,2741505324
2025-06-19 06:02:12,REAL,2741505324,476,2741505800,2741505800
2025-06-19 06:02:14,REAL,2741505800,484,2741506284,2741506284
2025-06-19 06:02:16,REAL,2741506284,479,2741506763,2741506763
2025-06-19 06:02:18,REAL,2741506763,486,2741507249,2741507249
2025-06-19 06:02:20,REAL,2741507249,484,2741507733,2741507733
2025-06-19 06:02:22,REAL,2741507733,489,2741508222,2741508222
2025-06-19 06:02:24,REAL,2741508222,478,2741508700,2741508700
2025-06-19 06:02:26,REAL,2741508700,487,2741509187,2741509187
2025-06-19 06:02:28,REAL,2741509187,481,2741509668,2741509668
2025-06-19 06:02:30,REAL,2741509668,8474,2741518142,2741518142
2025-06-19 06:02:32,REAL,2741518142,12827,2741530969,2741530969
2025-06-19 06:02:34,REAL,2741530969,10310,2741541279,2741541279
2025-06-19 06:02:36,REAL,2741541279,10256,2741551535,2741551535
2025-06-19 06:02:38,REAL,2741551535,10322,2741561857,2741561857
2025-06-19 06:02:40,REAL,2741561857,10257,2741572114,2741572114
2025-06-19 06:02:42,REAL,2741572114,10255,2741582369,2741582369
2025-06-19 06:02:44,REAL,2741582369,9856,2741592225,2741592225
2025-06-19 06:02:46,REAL,2741592225,492,2741592717,2741592717
2025-06-19 06:02:48,REAL,2741592717,485,2741593202,2741593202
2025-06-19 06:02:50,REAL,2741593202,487,2741593689,2741593689
2025-06-19 06:02:52,REAL,2741593689,534,2741594223,2741594223
2025-06-19 06:02:54,REAL,2741594223,481,2741594704,2741594704
2025-06-19 06:02:56,REAL,2741594704,482,2741595186,2741595186
2025-06-19 06:02:58,REAL,2741595186,484,2741595670,2741595670
2025-06-19 06:03:00,REAL,2741595670,491,2741596161,2741596161
2025-06-19 06:03:02,REAL,2741596161,7291,2741603452,2741603452
2025-06-19 06:03:04,REAL,2741603452,10646,2741614098,2741614098
2025-06-19 06:03:06,REAL,2741614098,10253,2741624351,2741624351
2025-06-19 06:03:08,REAL,2741624351,10253,2741634604,2741634604
2025-06-19 06:03:10,REAL,2741634604,10246,2741644850,2741644850
2025-06-19 06:03:12,REAL,2741644850,10322,2741655172,2741655172
2025-06-19 06:03:14,REAL,2741655172,10249,2741665421,2741665421
2025-06-19 06:03:16,REAL,2741665421,9194,2741674615,2741674615
2025-06-19 06:03:18,REAL,2741674615,484,2741675099,2741675099
2025-06-19 06:03:20,REAL,2741675099,484,2741675583,2741675583
2025-06-19 06:03:22,REAL,2741675583,489,2741676072,2741676072
2025-06-19 06:03:24,REAL,2741676072,478,2741676550,2741676550
2025-06-19 06:03:26,REAL,2741676550,488,2741677038,2741677038
2025-06-19 06:03:28,REAL,2741677038,481,2741677519,2741677519
2025-06-19 06:03:30,REAL,2741677519,483,2741678002,2741678002
2025-06-19 06:03:32,REAL,2741678002,487,2741678489,2741678489
2025-06-19 06:03:34,REAL,2741678489,8088,2741686577,2741686577
2025-06-19 06:03:36,REAL,2741686577,10650,2741697227,2741697227
2025-06-19 06:03:38,REAL,2741697227,10255,2741707482,2741707482
2025-06-19 06:03:40,REAL,2741707482,10246,2741717728,2741717728
2025-06-19 06:03:42,REAL,2741717728,10304,2741728032,2741728032
2025-06-19 06:03:44,REAL,2741728032,10248,2741738280,2741738280
2025-06-19 06:03:46,REAL,2741738280,10257,2741748537,2741748537
2025-06-19 06:03:48,REAL,2741748537,8603,2741757140,2741757140
2025-06-19 06:03:50,REAL,2741757140,487,2741757627,2741757627
2025-06-19 06:03:52,REAL,2741757627,481,2741758108,2741758108
2025-06-19 06:03:54,REAL,2741758108,479,2741758587,2741758587
2025-06-19 06:03:56,REAL,2741758587,476,2741759063,2741759063
2025-06-19 06:03:58,REAL,2741759063,488,2741759551,2741759551
2025-06-19 06:04:00,REAL,2741759551,484,2741760035,2741760035
2025-06-19 06:04:02,REAL,2741760035,541,2741760576,2741760576
2025-06-19 06:04:04,REAL,2741760576,480,2741761056,2741761056
2025-06-19 06:04:06,REAL,2741761056,483,2741761539,2741761539
2025-06-19 06:04:08,REAL,2741761539,480,2741762019,2741762019
2025-06-19 06:04:10,REAL,2741762019,479,2741762498,2741762498
2025-06-19 06:04:12,REAL,2741762498,485,2741762983,2741762983
2025-06-19 06:04:14,REAL,2741762983,486,2741763469,2741763469
2025-06-19 06:04:16,REAL,2741763469,484,2741763953,2741763953
2025-06-19 06:04:18,REAL,2741763953,480,2741764433,2741764433
2025-06-19 06:04:20,REAL,2741764433,486,2741764919,2741764919
2025-06-19 06:04:22,REAL,2741764919,490,2741765409,2741765409
2025-06-19 06:04:24,REAL,2741765409,476,2741765885,2741765885
2025-06-19 06:04:26,REAL,2741765885,491,2741766376,2741766376
2025-06-19 06:04:28,REAL,2741766376,546,2741766922,2741766922
2025-06-19 06:04:30,REAL,2741766922,488,2741767410,2741767410
2025-06-19 06:04:32,REAL,2741767410,546,2741767956,2741767956
2025-06-19 06:04:34,REAL,2741767956,484,2741768440,2741768440
2025-06-19 06:04:36,REAL,2741768440,481,2741768921,2741768921
2025-06-19 06:04:38,REAL,2741768921,479,2741769400,2741769400
2025-06-19 06:04:40,REAL,2741769400,491,2741769891,2741769891
2025-06-19 06:04:42,REAL,2741769891,3590,2741773481,2741773481
2025-06-19 06:04:44,REAL,2741773481,11637,2741785118,2741785118
2025-06-19 06:04:46,REAL,2741785118,10327,2741795445,2741795445
2025-06-19 06:04:48,REAL,2741795445,10244,2741805689,2741805689
2025-06-19 06:04:50,REAL,2741805689,10256,2741815945,2741815945
2025-06-19 06:04:52,REAL,2741815945,10258,2741826203,2741826203
2025-06-19 06:04:54,REAL,2741826203,10245,2741836448,2741836448
2025-06-19 06:04:56,REAL,2741836448,10246,2741846694,2741846694
2025-06-19 06:04:58,REAL,2741846694,2589,2741849283,2741849283
2025-06-19 06:05:00,REAL,2741849283,493,2741849776,2741849776
2025-06-19 06:05:02,REAL,2741849776,485,2741850261,2741850261
2025-06-19 06:05:04,REAL,2741850261,476,2741850737,2741850737
2025-06-19 06:05:06,REAL,2741850737,479,2741851216,2741851216
2025-06-19 06:05:08,REAL,2741851216,542,2741851758,2741851758
2025-06-19 06:05:10,REAL,2741851758,483,2741852241,2741852241
2025-06-19 06:05:12,REAL,2741852241,482,2741852723,2741852723
2025-06-19 06:05:14,REAL,2741852723,483,2741853206,2741853206
2025-06-19 06:05:16,REAL,2741853206,480,2741853686,2741853686
2025-06-19 06:05:18,REAL,2741853686,489,2741854175,2741854175
2025-06-19 06:05:20,REAL,2741854175,485,2741854660,2741854660
2025-06-19 06:05:22,REAL,2741854660,483,2741855143,2741855143
2025-06-19 06:05:24,REAL,2741855143,539,2741855682,2741855682
2025-06-19 06:05:26,REAL,2741855682,483,2741856165,2741856165
2025-06-19 06:05:28,REAL,2741856165,480,2741856645,2741856645
2025-06-19 06:05:30,REAL,2741856645,480,2741857125,2741857125
2025-06-19 06:05:32,REAL,2741857125,484,2741857609,2741857609
2025-06-19 06:05:34,REAL,2741857609,487,2741858096,2741858096
2025-06-19 06:05:36,REAL,2741858096,550,2741858646,2741858646
2025-06-19 06:05:38,REAL,2741858646,488,2741859134,2741859134
2025-06-19 06:05:40,REAL,2741859134,484,2741859618,2741859618
2025-06-19 06:05:42,REAL,2741859618,482,2741860100,2741860100
2025-06-19 06:05:44,REAL,2741860100,475,2741860575,2741860575
2025-06-19 06:05:46,REAL,2741860575,490,2741861065,2741861065
2025-06-19 06:05:48,REAL,2741861065,489,2741861554,2741861554
2025-06-19 06:05:50,REAL,2741861554,479,2741862033,2741862033
2025-06-19 06:05:52,REAL,2741862033,485,2741862518,2741862518
2025-06-19 06:05:54,REAL,2741862518,486,2741863004,2741863004
2025-06-19 06:05:56,REAL,2741863004,490,2741863494,2741863494
2025-06-19 06:05:58,REAL,2741863494,483,2741863977,2741863977
2025-06-19 06:06:00,REAL,2741863977,476,2741864453,2741864453
2025-06-19 06:06:02,REAL,2741864453,5244,2741869697,2741869697
2025-06-19 06:06:04,REAL,2741869697,11317,2741881014,2741881014
2025-06-19 06:06:06,REAL,2741881014,10253,2741891267,2741891267
2025-06-19 06:06:08,REAL,2741891267,10251,2741901518,2741901518
2025-06-19 06:06:10,REAL,2741901518,10323,2741911841,2741911841
2025-06-19 06:06:12,REAL,2741911841,10258,2741922099,2741922099
2025-06-19 06:06:14,REAL,2741922099,10303,2741932402,2741932402
2025-06-19 06:06:16,REAL,2741932402,10246,2741942648,2741942648
2025-06-19 06:06:18,REAL,2741942648,1012,2741943660,2741943660
2025-06-19 06:06:20,REAL,2741943660,474,2741944134,2741944134
2025-06-19 06:06:22,REAL,2741944134,476,2741944610,2741944610
2025-06-19 06:06:24,REAL,2741944610,481,2741945091,2741945091
2025-06-19 06:06:26,REAL,2741945091,494,2741945585,2741945585
2025-06-19 06:06:28,REAL,2741945585,539,2741946124,2741946124
2025-06-19 06:06:30,REAL,2741946124,486,2741946610,2741946610
2025-06-19 06:06:32,REAL,2741946610,479,2741947089,2741947089
2025-06-19 06:06:34,REAL,2741947089,485,2741947574,2741947574
2025-06-19 06:06:36,REAL,2741947574,480,2741948054,2741948054
2025-06-19 06:06:38,REAL,2741948054,484,2741948538,2741948538
2025-06-19 06:06:40,REAL,2741948538,492,2741949030,2741949030
2025-06-19 06:06:42,REAL,2741949030,492,2741949522,2741949522
2025-06-19 06:06:44,REAL,2741949522,484,2741950006,2741950006
2025-06-19 06:06:46,REAL,2741950006,493,2741950499,2741950499
2025-06-19 06:06:48,REAL,2741950499,485,2741950984,2741950984
2025-06-19 06:06:50,REAL,2741950984,477,2741951461,2741951461
2025-06-19 06:06:52,REAL,2741951461,483,2741951944,2741951944
2025-06-19 06:06:54,REAL,2741951944,486,2741952430,2741952430
2025-06-19 06:06:56,REAL,2741952430,547,2741952977,2741952977
2025-06-19 06:06:58,REAL,2741952977,487,2741953464,2741953464
2025-06-19 06:07:00,REAL,2741953464,477,2741953941,2741953941
2025-06-19 06:07:02,REAL,2741953941,487,2741954428,2741954428
2025-06-19 06:07:04,REAL,2741954428,538,2741954966,2741954966
2025-06-19 06:07:06,REAL,2741954966,477,2741955443,2741955443
2025-06-19 06:07:08,REAL,2741955443,482,2741955925,2741955925
2025-06-19 06:07:10,REAL,2741955925,489,2741956414,2741956414
2025-06-19 06:07:12,REAL,2741956414,487,2741956901,2741956901
2025-06-19 06:07:14,REAL,2741956901,475,2741957376,2741957376
2025-06-19 06:07:16,REAL,2741957376,486,2741957862,2741957862
2025-06-19 06:07:18,REAL,2741957862,489,2741958351,2741958351
2025-06-19 06:07:20,REAL,2741958351,483,2741958834,2741958834
2025-06-19 06:07:22,REAL,2741958834,538,2741959372,2741959372
2025-06-19 06:07:24,REAL,2741959372,488,2741959860,2741959860
2025-06-19 06:07:26,REAL,2741959860,491,2741960351,2741960351
2025-06-19 06:07:28,REAL,2741960351,487,2741960838,2741960838
2025-06-19 06:07:30,REAL,2741960838,489,2741961327,2741961327
2025-06-19 06:07:32,REAL,2741961327,481,2741961808,2741961808
2025-06-19 06:07:34,REAL,2741961808,494,2741962302,2741962302
2025-06-19 06:07:36,REAL,2741962302,484,2741962786,2741962786
2025-06-19 06:07:38,REAL,2741962786,489,2741963275,2741963275
2025-06-19 06:07:40,REAL,2741963275,489,2741963764,2741963764
2025-06-19 06:07:42,REAL,2741963764,479,2741964243,2741964243
2025-06-19 06:07:44,REAL,2741964243,480,2741964723,2741964723
2025-06-19 06:07:46,REAL,2741964723,492,2741965215,2741965215
2025-06-19 06:07:48,REAL,2741965215,541,2741965756,2741965756
2025-06-19 06:07:50,REAL,2741965756,480,2741966236,2741966236
2025-06-19 06:07:52,REAL,2741966236,485,2741966721,2741966721
2025-06-19 06:07:54,REAL,2741966721,480,2741967201,2741967201
2025-06-19 06:07:56,REAL,2741967201,546,2741967747,2741967747
2025-06-19 06:07:58,REAL,2741967747,489,2741968236,2741968236
2025-06-19 06:08:00,REAL,2741968236,476,2741968712,2741968712
2025-06-19 06:08:02,REAL,2741968712,480,2741969192,2741969192
2025-06-19 06:08:04,REAL,2741969192,486,2741969678,2741969678
2025-06-19 06:08:06,REAL,2741969678,487,2741970165,2741970165
2025-06-19 06:08:08,REAL,2741970165,479,2741970644,2741970644
2025-06-19 06:08:10,REAL,2741970644,490,2741971134,2741971134
2025-06-19 06:08:12,REAL,2741971134,493,2741971627,2741971627
2025-06-19 06:08:14,REAL,2741971627,494,2741972121,2741972121
2025-06-19 06:08:16,REAL,2741972121,530,2741972651,2741972651
2025-06-19 06:08:18,REAL,2741972651,492,2741973143,2741973143
2025-06-19 06:08:20,REAL,2741973143,487,2741973630,2741973630
2025-06-19 06:08:22,REAL,2741973630,483,2741974113,2741974113
2025-06-19 06:08:24,REAL,2741974113,494,2741974607,2741974607
2025-06-19 06:08:26,REAL,2741974607,492,2741975099,2741975099
2025-06-19 06:08:28,REAL,2741975099,483,2741975582,2741975582
2025-06-19 06:08:30,REAL,2741975582,481,2741976063,2741976063
2025-06-19 06:08:32,REAL,2741976063,485,2741976548,2741976548
2025-06-19 06:08:34,REAL,2741976548,483,2741977031,2741977031
2025-06-19 06:08:36,REAL,2741977031,477,2741977508,2741977508
2025-06-19 06:08:38,REAL,2741977508,488,2741977996,2741977996
2025-06-19 06:08:40,REAL,2741977996,488,2741978484,2741978484
2025-06-19 06:08:42,REAL,2741978484,480,2741978964,2741978964
2025-06-19 06:08:44,REAL,2741978964,488,2741979452,2741979452
2025-06-19 06:08:46,REAL,2741979452,541,2741979993,2741979993
2025-06-19 06:08:48,REAL,2741979993,488,2741980481,2741980481
2025-06-19 06:08:50,REAL,2741980481,537,2741981018,2741981018
2025-06-19 06:08:52,REAL,2741981018,476,2741981494,2741981494
2025-06-19 06:08:54,REAL,2741981494,486,2741981980,2741981980
2025-06-19 06:08:56,REAL,2741981980,3395,2741985375,2741985375
2025-06-19 06:08:58,REAL,2741985375,14020,2741999395,2741999395
2025-06-19 06:09:00,REAL,2741999395,10314,2742009709,2742009709
2025-06-19 06:09:02,REAL,2742009709,10251,2742019960,2742019960
2025-06-19 06:09:04,REAL,2742019960,10246,2742030206,2742030206
2025-06-19 06:09:06,REAL,2742030206,10257,2742040463,2742040463
2025-06-19 06:09:08,REAL,2742040463,10390,2742050853,2742050853
2025-06-19 06:09:10,REAL,2742050853,10186,2742061039,2742061039
2025-06-19 06:09:12,REAL,2742061039,2925,2742063964,2742063964
2025-06-19 06:09:14,REAL,2742063964,485,2742064449,2742064449
2025-06-19 06:09:16,REAL,2742064449,483,2742064932,2742064932
2025-06-19 06:09:18,REAL,2742064932,486,2742065418,2742065418
2025-06-19 06:09:20,REAL,2742065418,481,2742065899,2742065899
2025-06-19 06:09:22,REAL,2742065899,485,2742066384,2742066384
2025-06-19 06:09:24,REAL,2742066384,490,2742066874,2742066874
2025-06-19 06:09:26,REAL,2742066874,482,2742067356,2742067356
2025-06-19 06:09:28,REAL,2742067356,483,2742067839,2742067839
2025-06-19 06:09:30,REAL,2742067839,480,2742068319,2742068319
2025-06-19 06:09:32,REAL,2742068319,531,2742068850,2742068850
2025-06-19 06:09:34,REAL,2742068850,482,2742069332,2742069332
2025-06-19 06:09:36,REAL,2742069332,485,2742069817,2742069817
2025-06-19 06:09:38,REAL,2742069817,544,2742070361,2742070361
2025-06-19 06:09:40,REAL,2742070361,484,2742070845,2742070845
2025-06-19 06:09:42,REAL,2742070845,476,2742071321,2742071321
2025-06-19 06:09:44,REAL,2742071321,488,2742071809,2742071809
2025-06-19 06:09:46,REAL,2742071809,484,2742072293,2742072293
2025-06-19 06:09:48,REAL,2742072293,479,2742072772,2742072772
2025-06-19 06:09:50,REAL,2742072772,484,2742073256,2742073256
2025-06-19 06:09:52,REAL,2742073256,481,2742073737,2742073737
2025-06-19 06:09:54,REAL,2742073737,482,2742074219,2742074219
2025-06-19 06:09:56,REAL,2742074219,488,2742074707,2742074707
2025-06-19 06:09:58,REAL,2742074707,482,2742075189,2742075189
2025-06-19 06:10:00,REAL,2742075189,489,2742075678,2742075678
2025-06-19 06:10:02,REAL,2742075678,478,2742076156,2742076156
2025-06-19 06:10:04,REAL,2742076156,484,2742076640,2742076640
2025-06-19 06:10:06,REAL,2742076640,483,2742077123,2742077123
2025-06-19 06:10:08,REAL,2742077123,531,2742077654,2742077654
2025-06-19 06:10:10,REAL,2742077654,481,2742078135,2742078135
2025-06-19 06:10:12,REAL,2742078135,480,2742078615,2742078615
2025-06-19 06:10:14,REAL,2742078615,488,2742079103,2742079103
2025-06-19 06:10:16,REAL,2742079103,5641,2742084744,2742084744
2025-06-19 06:10:18,REAL,2742084744,14479,2742099223,2742099223
2025-06-19 06:10:20,REAL,2742099223,10321,2742109544,2742109544
2025-06-19 06:10:22,REAL,2742109544,10248,2742119792,2742119792
2025-06-19 06:10:24,REAL,2742119792,10260,2742130052,2742130052
2025-06-19 06:10:26,REAL,2742130052,10247,2742140299,2742140299
2025-06-19 06:10:28,REAL,2742140299,10369,2742150668,2742150668
2025-06-19 06:10:30,REAL,2742150668,10247,2742160915,2742160915
2025-06-19 06:10:32,REAL,2742160915,1408,2742162323,2742162323
2025-06-19 06:10:34,REAL,2742162323,485,2742162808,2742162808
2025-06-19 06:10:36,REAL,2742162808,490,2742163298,2742163298
2025-06-19 06:10:38,REAL,2742163298,489,2742163787,2742163787
2025-06-19 06:10:40,REAL,2742163787,484,2742164271,2742164271
2025-06-19 06:10:42,REAL,2742164271,492,2742164763,2742164763
2025-06-19 06:10:44,REAL,2742164763,483,2742165246,2742165246
2025-06-19 06:10:46,REAL,2742165246,486,2742165732,2742165732
2025-06-19 06:10:48,REAL,2742165732,481,2742166213,2742166213
2025-06-19 06:10:50,REAL,2742166213,488,2742166701,2742166701
2025-06-19 06:10:52,REAL,2742166701,537,2742167238,2742167238
2025-06-19 06:10:54,REAL,2742167238,487,2742167725,2742167725
2025-06-19 06:10:56,REAL,2742167725,491,2742168216,2742168216
2025-06-19 06:10:58,REAL,2742168216,488,2742168704,2742168704
2025-06-19 06:11:00,REAL,2742168704,481,2742169185,2742169185
2025-06-19 06:11:02,REAL,2742169185,479,2742169664,2742169664
2025-06-19 06:11:04,REAL,2742169664,476,2742170140,2742170140
2025-06-19 06:11:06,REAL,2742170140,489,2742170629,2742170629
2025-06-19 06:11:08,REAL,2742170629,479,2742171108,2742171108
2025-06-19 06:11:10,REAL,2742171108,484,2742171592,2742171592
2025-06-19 06:11:12,REAL,2742171592,475,2742172067,2742172067
2025-06-19 06:11:14,REAL,2742172067,491,2742172558,2742172558
2025-06-19 06:11:16,REAL,2742172558,490,2742173048,2742173048
2025-06-19 06:11:18,REAL,2742173048,476,2742173524,2742173524
2025-06-19 06:11:20,REAL,2742173524,546,2742174070,2742174070
2025-06-19 06:11:22,REAL,2742174070,491,2742174561,2742174561
2025-06-19 06:11:24,REAL,2742174561,483,2742175044,2742175044
2025-06-19 06:11:26,REAL,2742175044,484,2742175528,2742175528
2025-06-19 06:11:28,REAL,2742175528,537,2742176065,2742176065
2025-06-19 06:11:30,REAL,2742176065,6489,2742182554,2742182554
2025-06-19 06:11:32,REAL,2742182554,10771,2742193325,2742193325
2025-06-19 06:11:34,REAL,2742193325,10251,2742203576,2742203576
2025-06-19 06:11:36,REAL,2742203576,10315,2742213891,2742213891
2025-06-19 06:11:38,REAL,2742213891,10252,2742224143,2742224143
2025-06-19 06:11:40,REAL,2742224143,10253,2742234396,2742234396
2025-06-19 06:11:42,REAL,2742234396,10322,2742244718,2742244718
2025-06-19 06:11:44,REAL,2742244718,9990,2742254708,2742254708
2025-06-19 06:11:46,REAL,2742254708,488,2742255196,2742255196
2025-06-19 06:11:48,REAL,2742255196,477,2742255673,2742255673
2025-06-19 06:11:50,REAL,2742255673,485,2742256158,2742256158
2025-06-19 06:11:52,REAL,2742256158,484,2742256642,2742256642
2025-06-19 06:11:54,REAL,2742256642,486,2742257128,2742257128
2025-06-19 06:11:56,REAL,2742257128,491,2742257619,2742257619
2025-06-19 06:11:58,REAL,2742257619,475,2742258094,2742258094
2025-06-19 06:12:00,REAL,2742258094,490,2742258584,2742258584
2025-06-19 06:12:02,REAL,2742258584,477,2742259061,2742259061
2025-06-19 06:12:04,REAL,2742259061,541,2742259602,2742259602
2025-06-19 06:12:06,REAL,2742259602,478,2742260080,2742260080
2025-06-19 06:12:08,REAL,2742260080,484,2742260564,2742260564
2025-06-19 06:12:10,REAL,2742260564,489,2742261053,2742261053
2025-06-19 06:12:12,REAL,2742261053,531,2742261584,2742261584
2025-06-19 06:12:14,REAL,2742261584,482,2742262066,2742262066
2025-06-19 06:12:16,REAL,2742262066,488,2742262554,2742262554
2025-06-19 06:12:18,REAL,2742262554,491,2742263045,2742263045
2025-06-19 06:12:20,REAL,2742263045,475,2742263520,2742263520
2025-06-19 06:12:22,REAL,2742263520,487,2742264007,2742264007
2025-06-19 06:12:24,REAL,2742264007,479,2742264486,2742264486
2025-06-19 06:12:26,REAL,2742264486,482,2742264968,2742264968
2025-06-19 06:12:28,REAL,2742264968,481,2742265449,2742265449
2025-06-19 06:12:30,REAL,2742265449,490,2742265939,2742265939
2025-06-19 06:12:32,REAL,2742265939,485,2742266424,2742266424
2025-06-19 06:12:34,REAL,2742266424,482,2742266906,2742266906
2025-06-19 06:12:36,REAL,2742266906,481,2742267387,2742267387
2025-06-19 06:12:38,REAL,2742267387,2139,2742269526,2742269526
2025-06-19 06:12:40,REAL,2742269526,11902,2742281428,2742281428
2025-06-19 06:12:42,REAL,2742281428,10324,2742291752,2742291752
2025-06-19 06:12:44,REAL,2742291752,10253,2742302005,2742302005
2025-06-19 06:12:46,REAL,2742302005,10246,2742312251,2742312251
2025-06-19 06:12:48,REAL,2742312251,10256,2742322507,2742322507
2025-06-19 06:12:50,REAL,2742322507,10255,2742332762,2742332762
2025-06-19 06:12:52,REAL,2742332762,10251,2742343013,2742343013
2025-06-19 06:12:54,REAL,2742343013,3853,2742346866,2742346866
2025-06-19 06:12:56,REAL,2742346866,485,2742347351,2742347351
2025-06-19 06:12:58,REAL,2742347351,482,2742347833,2742347833
2025-06-19 06:13:00,REAL,2742347833,482,2742348315,2742348315
2025-06-19 06:13:02,REAL,2742348315,536,2742348851,2742348851
2025-06-19 06:13:04,REAL,2742348851,479,2742349330,2742349330
2025-06-19 06:13:06,REAL,2742349330,478,2742349808,2742349808
2025-06-19 06:13:08,REAL,2742349808,484,2742350292,2742350292
2025-06-19 06:13:10,REAL,2742350292,2736,2742353028,2742353028
2025-06-19 06:13:12,REAL,2742353028,15071,2742368099,2742368099
2025-06-19 06:13:14,REAL,2742368099,10258,2742378357,2742378357
2025-06-19 06:13:16,REAL,2742378357,10320,2742388677,2742388677
2025-06-19 06:13:18,REAL,2742388677,10257,2742398934,2742398934
2025-06-19 06:13:20,REAL,2742398934,10256,2742409190,2742409190
2025-06-19 06:13:22,REAL,2742409190,10252,2742419442,2742419442
2025-06-19 06:13:24,REAL,2742419442,10246,2742429688,2742429688
2025-06-19 06:13:26,REAL,2742429688,3241,2742432929,2742432929
2025-06-19 06:13:28,REAL,2742432929,486,2742433415,2742433415
2025-06-19 06:13:30,REAL,2742433415,488,2742433903,2742433903
2025-06-19 06:13:32,REAL,2742433903,477,2742434380,2742434380
2025-06-19 06:13:34,REAL,2742434380,479,2742434859,2742434859
2025-06-19 06:13:36,REAL,2742434859,489,2742435348,2742435348
2025-06-19 06:13:38,REAL,2742435348,485,2742435833,2742435833
2025-06-19 06:13:40,REAL,2742435833,488,2742436321,2742436321
2025-06-19 06:13:42,REAL,2742436321,3664,2742439985,2742439985
2025-06-19 06:13:44,REAL,2742439985,14337,2742454322,2742454322
2025-06-19 06:13:46,REAL,2742454322,10320,2742464642,2742464642
2025-06-19 06:13:48,REAL,2742464642,10249,2742474891,2742474891
2025-06-19 06:13:50,REAL,2742474891,10253,2742485144,2742485144
2025-06-19 06:13:52,REAL,2742485144,10371,2742495515,2742495515
2025-06-19 06:13:54,REAL,2742495515,10247,2742505762,2742505762
2025-06-19 06:13:56,REAL,2742505762,10257,2742516019,2742516019
2025-06-19 06:13:58,REAL,2742516019,2597,2742518616,2742518616
2025-06-19 06:14:00,REAL,2742518616,487,2742519103,2742519103
2025-06-19 06:14:02,REAL,2742519103,484,2742519587,2742519587
2025-06-19 06:14:04,REAL,2742519587,475,2742520062,2742520062
2025-06-19 06:14:06,REAL,2742520062,482,2742520544,2742520544
2025-06-19 06:14:08,REAL,2742520544,493,2742521037,2742521037
2025-06-19 06:14:10,REAL,2742521037,480,2742521517,2742521517
2025-06-19 06:14:12,REAL,2742521517,480,2742521997,2742521997
2025-06-19 06:14:14,REAL,2742521997,494,2742522491,2742522491
2025-06-19 06:14:16,REAL,2742522491,540,2742523031,2742523031
2025-06-19 06:14:18,REAL,2742523031,483,2742523514,2742523514
2025-06-19 06:14:20,REAL,2742523514,479,2742523993,2742523993
2025-06-19 06:14:22,REAL,2742523993,478,2742524471,2742524471
2025-06-19 06:14:24,REAL,2742524471,483,2742524954,2742524954
2025-06-19 06:14:26,REAL,2742524954,482,2742525436,2742525436
2025-06-19 06:14:28,REAL,2742525436,484,2742525920,2742525920
2025-06-19 06:14:30,REAL,2742525920,539,2742526459,2742526459
2025-06-19 06:14:32,REAL,2742526459,481,2742526940,2742526940
2025-06-19 06:14:34,REAL,2742526940,487,2742527427,2742527427
2025-06-19 06:14:36,REAL,2742527427,480,2742527907,2742527907
2025-06-19 06:14:38,REAL,2742527907,485,2742528392,2742528392
2025-06-19 06:14:40,REAL,2742528392,541,2742528933,2742528933
2025-06-19 06:14:42,REAL,2742528933,489,2742529422,2742529422
2025-06-19 06:14:44,REAL,2742529422,481,2742529903,2742529903
2025-06-19 06:14:46,REAL,2742529903,486,2742530389,2742530389
2025-06-19 06:14:48,REAL,2742530389,494,2742530883,2742530883
2025-06-19 06:14:50,REAL,2742530883,480,2742531363,2742531363
2025-06-19 06:14:52,REAL,2742531363,479,2742531842,2742531842
2025-06-19 06:14:54,REAL,2742531842,481,2742532323,2742532323
2025-06-19 06:14:56,REAL,2742532323,487,2742532810,2742532810
2025-06-19 06:14:58,REAL,2742532810,483,2742533293,2742533293
2025-06-19 06:15:00,REAL,2742533293,491,2742533784,2742533784
2025-06-19 06:15:02,REAL,2742533784,485,2742534269,2742534269
2025-06-19 06:15:04,REAL,2742534269,477,2742534746,2742534746
2025-06-19 06:15:06,REAL,2742534746,540,2742535286,2742535286
2025-06-19 06:15:08,REAL,2742535286,489,2742535775,2742535775
2025-06-19 06:15:10,REAL,2742535775,485,2742536260,2742536260
2025-06-19 06:15:12,REAL,2742536260,487,2742536747,2742536747
2025-06-19 06:15:14,REAL,2742536747,491,2742537238,2742537238
2025-06-19 06:15:16,REAL,2742537238,485,2742537723,2742537723
2025-06-19 06:15:18,REAL,2742537723,540,2742538263,2742538263
2025-06-19 06:15:20,REAL,2742538263,490,2742538753,2742538753
2025-06-19 06:15:22,REAL,2742538753,489,2742539242,2742539242
2025-06-19 06:15:24,REAL,2742539242,480,2742539722,2742539722
2025-06-19 06:15:26,REAL,2742539722,489,2742540211,2742540211
2025-06-19 06:15:28,REAL,2742540211,480,2742540691,2742540691
2025-06-19 06:15:30,REAL,2742540691,546,2742541237,2742541237
2025-06-19 06:15:32,REAL,2742541237,484,2742541721,2742541721
2025-06-19 06:15:34,REAL,2742541721,483,2742542204,2742542204
2025-06-19 06:15:36,REAL,2742542204,482,2742542686,2742542686
2025-06-19 06:15:38,REAL,2742542686,478,2742543164,2742543164
2025-06-19 06:15:40,REAL,2742543164,483,2742543647,2742543647
2025-06-19 06:15:42,REAL,2742543647,491,2742544138,2742544138
2025-06-19 06:15:44,REAL,2742544138,488,2742544626,2742544626
2025-06-19 06:15:46,REAL,2742544626,477,2742545103,2742545103
2025-06-19 06:15:48,REAL,2742545103,479,2742545582,2742545582
2025-06-19 06:15:50,REAL,2742545582,478,2742546060,2742546060
2025-06-19 06:15:52,REAL,2742546060,489,2742546549,2742546549
2025-06-19 06:15:54,REAL,2742546549,480,2742547029,2742547029
2025-06-19 06:15:56,REAL,2742547029,539,2742547568,2742547568
2025-06-19 06:15:58,REAL,2742547568,486,2742548054,2742548054
2025-06-19 06:16:00,REAL,2742548054,484,2742548538,2742548538
2025-06-19 06:16:02,REAL,2742548538,491,2742549029,2742549029
2025-06-19 06:16:04,REAL,2742549029,542,2742549571,2742549571
2025-06-19 06:16:06,REAL,2742549571,478,2742550049,2742550049
2025-06-19 06:16:08,REAL,2742550049,480,2742550529,2742550529
2025-06-19 06:16:10,REAL,2742550529,6896,2742557425,2742557425
2025-06-19 06:16:12,REAL,2742557425,11042,2742568467,2742568467
2025-06-19 06:16:14,REAL,2742568467,10246,2742578713,2742578713
2025-06-19 06:16:16,REAL,2742578713,10257,2742588970,2742588970
2025-06-19 06:16:18,REAL,2742588970,10319,2742599289,2742599289
2025-06-19 06:16:20,REAL,2742599289,10306,2742609595,2742609595
2025-06-19 06:16:22,REAL,2742609595,10255,2742619850,2742619850
2025-06-19 06:16:24,REAL,2742619850,9861,2742629711,2742629711
2025-06-19 06:16:26,REAL,2742629711,494,2742630205,2742630205
2025-06-19 06:16:28,REAL,2742630205,476,2742630681,2742630681
2025-06-19 06:16:30,REAL,2742630681,484,2742631165,2742631165
2025-06-19 06:16:32,REAL,2742631165,486,2742631651,2742631651
2025-06-19 06:16:34,REAL,2742631651,483,2742632134,2742632134
2025-06-19 06:16:36,REAL,2742632134,483,2742632617,2742632617
2025-06-19 06:16:38,REAL,2742632617,492,2742633109,2742633109
2025-06-19 06:16:40,REAL,2742633109,481,2742633590,2742633590
2025-06-19 06:16:42,REAL,2742633590,483,2742634073,2742634073
2025-06-19 06:16:44,REAL,2742634073,546,2742634619,2742634619
2025-06-19 06:16:46,REAL,2742634619,490,2742635109,2742635109
2025-06-19 06:16:48,REAL,2742635109,480,2742635589,2742635589
2025-06-19 06:16:50,REAL,2742635589,489,2742636078,2742636078
2025-06-19 06:16:52,REAL,2742636078,481,2742636559,2742636559
2025-06-19 06:16:54,REAL,2742636559,478,2742637037,2742637037
2025-06-19 06:16:56,REAL,2742637037,547,2742637584,2742637584
2025-06-19 06:16:58,REAL,2742637584,482,2742638066,2742638066
2025-06-19 06:17:00,REAL,2742638066,486,2742638552,2742638552
2025-06-19 06:17:02,REAL,2742638552,481,2742639033,2742639033
2025-06-19 06:17:04,REAL,2742639033,493,2742639526,2742639526
2025-06-19 06:17:06,REAL,2742639526,484,2742640010,2742640010
2025-06-19 06:17:08,REAL,2742640010,531,2742640541,2742640541
2025-06-19 06:17:10,REAL,2742640541,488,2742641029,2742641029
2025-06-19 06:17:12,REAL,2742641029,247,2742641276,2742641276
2025-06-19 06:17:14,REAL,2742641276,479,2742641755,2742641755
2025-06-19 06:17:16,REAL,2742641755,489,2742642244,2742642244
2025-06-19 06:17:18,REAL,2742642244,480,2742642724,2742642724
2025-06-19 06:17:20,REAL,2742642724,484,2742643208,2742643208
2025-06-19 06:17:22,REAL,2742643208,489,2742643697,2742643697
2025-06-19 06:17:24,REAL,2742643697,483,2742644180,2742644180
2025-06-19 06:17:26,REAL,2742644180,482,2742644662,2742644662
2025-06-19 06:17:28,REAL,2742644662,476,2742645138,2742645138
2025-06-19 06:17:30,REAL,2742645138,8351,2742653489,2742653489
2025-06-19 06:17:32,REAL,2742653489,10513,2742664002,2742664002
2025-06-19 06:17:34,REAL,2742664002,10312,2742674314,2742674314
2025-06-19 06:17:36,REAL,2742674314,10252,2742684566,2742684566
2025-06-19 06:17:38,REAL,2742684566,10319,2742694885,2742694885
2025-06-19 06:17:40,REAL,2742694885,10250,2742705135,2742705135
2025-06-19 06:17:42,REAL,2742705135,10256,2742715391,2742715391
2025-06-19 06:17:44,REAL,2742715391,8335,2742723726,2742723726
2025-06-19 06:17:46,REAL,2742723726,488,2742724214,2742724214
2025-06-19 06:17:48,REAL,2742724214,485,2742724699,2742724699
2025-06-19 06:17:50,REAL,2742724699,486,2742725185,2742725185
2025-06-19 06:17:52,REAL,2742725185,486,2742725671,2742725671
2025-06-19 06:17:54,REAL,2742725671,484,2742726155,2742726155
2025-06-19 06:17:56,REAL,2742726155,489,2742726644,2742726644
2025-06-19 06:17:58,REAL,2742726644,539,2742727183,2742727183
2025-06-19 06:18:00,REAL,2742727183,475,2742727658,2742727658
2025-06-19 06:18:02,REAL,2742727658,489,2742728147,2742728147
2025-06-19 06:18:04,REAL,2742728147,486,2742728633,2742728633
2025-06-19 06:18:06,REAL,2742728633,482,2742729115,2742729115
2025-06-19 06:18:08,REAL,2742729115,486,2742729601,2742729601
2025-06-19 06:18:10,REAL,2742729601,480,2742730081,2742730081
2025-06-19 06:18:12,REAL,2742730081,485,2742730566,2742730566
2025-06-19 06:18:14,REAL,2742730566,486,2742731052,2742731052
2025-06-19 06:18:16,REAL,2742731052,480,2742731532,2742731532
2025-06-19 06:18:18,REAL,2742731532,538,2742732070,2742732070
2025-06-19 06:18:20,REAL,2742732070,481,2742732551,2742732551
2025-06-19 06:18:22,REAL,2742732551,544,2742733095,2742733095
2025-06-19 06:18:24,REAL,2742733095,484,2742733579,2742733579
2025-06-19 06:18:26,REAL,2742733579,482,2742734061,2742734061
2025-06-19 06:18:28,REAL,2742734061,483,2742734544,2742734544
2025-06-19 06:18:30,REAL,2742734544,475,2742735019,2742735019
2025-06-19 06:18:32,REAL,2742735019,483,2742735502,2742735502
2025-06-19 06:18:34,REAL,2742735502,9663,2742745165,2742745165
2025-06-19 06:18:36,REAL,2742745165,10314,2742755479,2742755479
2025-06-19 06:18:38,REAL,2742755479,11027,2742766506,2742766506
2025-06-19 06:18:40,REAL,2742766506,9545,2742776051,2742776051
2025-06-19 06:18:42,REAL,2742776051,10255,2742786306,2742786306
2025-06-19 06:18:44,REAL,2742786306,10252,2742796558,2742796558
2025-06-19 06:18:46,REAL,2742796558,10308,2742806866,2742806866
2025-06-19 06:18:48,REAL,2742806866,7084,2742813950,2742813950
2025-06-19 06:18:50,REAL,2742813950,484,2742814434,2742814434
2025-06-19 06:18:52,REAL,2742814434,482,2742814916,2742814916
2025-06-19 06:18:54,REAL,2742814916,489,2742815405,2742815405
2025-06-19 06:18:56,REAL,2742815405,481,2742815886,2742815886
2025-06-19 06:18:58,REAL,2742815886,482,2742816368,2742816368
2025-06-19 06:19:00,REAL,2742816368,478,2742816846,2742816846
2025-06-19 06:19:02,REAL,2742816846,479,2742817325,2742817325
2025-06-19 06:19:04,REAL,2742817325,542,2742817867,2742817867
2025-06-19 06:19:06,REAL,2742817867,10527,2742828394,2742828394
2025-06-19 06:19:08,REAL,2742828394,10389,2742838783,2742838783
2025-06-19 06:19:10,REAL,2742838783,10258,2742849041,2742849041
2025-06-19 06:19:12,REAL,2742849041,10310,2742859351,2742859351
2025-06-19 06:19:14,REAL,2742859351,10311,2742869662,2742869662
2025-06-19 06:19:16,REAL,2742869662,10244,2742879906,2742879906
2025-06-19 06:19:18,REAL,2742879906,10252,2742890158,2742890158
2025-06-19 06:19:20,REAL,2742890158,6426,2742896584,2742896584
2025-06-19 06:19:22,REAL,2742896584,481,2742897065,2742897065
2025-06-19 06:19:24,REAL,2742897065,483,2742897548,2742897548
2025-06-19 06:19:26,REAL,2742897548,476,2742898024,2742898024
2025-06-19 06:19:28,REAL,2742898024,534,2742898558,2742898558
2025-06-19 06:19:30,REAL,2742898558,480,2742899038,2742899038
2025-06-19 06:19:32,REAL,2742899038,485,2742899523,2742899523
2025-06-19 06:19:34,REAL,2742899523,485,2742900008,2742900008
2025-06-19 06:19:36,REAL,2742900008,540,2742900548,2742900548
2025-06-19 06:19:38,REAL,2742900548,11443,2742911991,2742911991
2025-06-19 06:19:40,REAL,2742911991,10250,2742922241,2742922241
2025-06-19 06:19:42,REAL,2742922241,10253,2742932494,2742932494
2025-06-19 06:19:44,REAL,2742932494,10313,2742942807,2742942807
2025-06-19 06:19:46,REAL,2742942807,10256,2742953063,2742953063
2025-06-19 06:19:48,REAL,2742953063,10252,2742963315,2742963315
2025-06-19 06:19:50,REAL,2742963315,10250,2742973565,2742973565
2025-06-19 06:19:52,REAL,2742973565,5831,2742979396,2742979396
2025-06-19 06:19:54,REAL,2742979396,479,2742979875,2742979875
2025-06-19 06:19:56,REAL,2742979875,483,2742980358,2742980358
2025-06-19 06:19:58,REAL,2742980358,484,2742980842,2742980842
2025-06-19 06:20:00,REAL,2742980842,538,2742981380,2742981380
2025-06-19 06:20:02,REAL,2742981380,544,2742981924,2742981924
2025-06-19 06:20:04,REAL,2742981924,482,2742982406,2742982406
2025-06-19 06:20:06,REAL,2742982406,491,2742982897,2742982897
2025-06-19 06:20:08,REAL,2742982897,478,2742983375,2742983375
2025-06-19 06:20:10,REAL,2742983375,484,2742983859,2742983859
2025-06-19 06:20:12,REAL,2742983859,483,2742984342,2742984342
2025-06-19 06:20:14,REAL,2742984342,480,2742984822,2742984822
2025-06-19 06:20:16,REAL,2742984822,485,2742985307,2742985307
2025-06-19 06:20:18,REAL,2742985307,478,2742985785,2742985785
2025-06-19 06:20:20,REAL,2742985785,482,2742986267,2742986267
2025-06-19 06:20:22,REAL,2742986267,540,2742986807,2742986807
2025-06-19 06:20:24,REAL,2742986807,483,2742987290,2742987290
2025-06-19 06:20:26,REAL,2742987290,488,2742987778,2742987778
2025-06-19 06:20:28,REAL,2742987778,538,2742988316,2742988316
2025-06-19 06:20:30,REAL,2742988316,493,2742988809,2742988809
2025-06-19 06:20:32,REAL,2742988809,485,2742989294,2742989294
2025-06-19 06:20:34,REAL,2742989294,485,2742989779,2742989779
2025-06-19 06:20:36,REAL,2742989779,482,2742990261,2742990261
2025-06-19 06:20:38,REAL,2742990261,478,2742990739,2742990739
2025-06-19 06:20:40,REAL,2742990739,491,2742991230,2742991230
2025-06-19 06:20:42,REAL,2742991230,489,2742991719,2742991719
2025-06-19 06:20:44,REAL,2742991719,549,2742992268,2742992268
2025-06-19 06:20:46,REAL,2742992268,480,2742992748,2742992748
2025-06-19 06:20:48,REAL,2742992748,481,2742993229,2742993229
2025-06-19 06:20:50,REAL,2742993229,1214,2742994443,2742994443
2025-06-19 06:20:52,REAL,2742994443,11963,2743006406,2743006406
2025-06-19 06:20:54,REAL,2743006406,10318,2743016724,2743016724
2025-06-19 06:20:56,REAL,2743016724,10252,2743026976,2743026976
2025-06-19 06:20:58,REAL,2743026976,10255,2743037231,2743037231
2025-06-19 06:21:00,REAL,2743037231,10250,2743047481,2743047481
2025-06-19 06:21:02,REAL,2743047481,10324,2743057805,2743057805
2025-06-19 06:21:04,REAL,2743057805,10252,2743068057,2743068057
2025-06-19 06:21:06,REAL,2743068057,4570,2743072627,2743072627
2025-06-19 06:21:08,REAL,2743072627,489,2743073116,2743073116
2025-06-19 06:21:10,REAL,2743073116,491,2743073607,2743073607
2025-06-19 06:21:12,REAL,2743073607,486,2743074093,2743074093
2025-06-19 06:21:14,REAL,2743074093,541,2743074634,2743074634
2025-06-19 06:21:16,REAL,2743074634,538,2743075172,2743075172
2025-06-19 06:21:18,REAL,2743075172,481,2743075653,2743075653
2025-06-19 06:21:20,REAL,2743075653,486,2743076139,2743076139
2025-06-19 06:21:22,REAL,2743076139,2076,2743078215,2743078215
2025-06-19 06:21:24,REAL,2743078215,15068,2743093283,2743093283
2025-06-19 06:21:26,REAL,2743093283,10314,2743103597,2743103597
2025-06-19 06:21:28,REAL,2743103597,10244,2743113841,2743113841
2025-06-19 06:21:30,REAL,2743113841,10255,2743124096,2743124096
2025-06-19 06:21:32,REAL,2743124096,10252,2743134348,2743134348
2025-06-19 06:21:34,REAL,2743134348,10247,2743144595,2743144595
2025-06-19 06:21:36,REAL,2743144595,10252,2743154847,2743154847
2025-06-19 06:21:38,REAL,2743154847,3977,2743158824,2743158824
2025-06-19 06:21:40,REAL,2743158824,548,2743159372,2743159372
2025-06-19 06:21:42,REAL,2743159372,485,2743159857,2743159857
2025-06-19 06:21:44,REAL,2743159857,549,2743160406,2743160406
2025-06-19 06:21:46,REAL,2743160406,486,2743160892,2743160892
2025-06-19 06:21:48,REAL,2743160892,483,2743161375,2743161375
2025-06-19 06:21:50,REAL,2743161375,492,2743161867,2743161867
2025-06-19 06:21:52,REAL,2743161867,481,2743162348,2743162348
2025-06-19 06:21:54,REAL,2743162348,2407,2743164755,2743164755
2025-06-19 06:21:56,REAL,2743164755,14805,2743179560,2743179560
2025-06-19 06:21:58,REAL,2743179560,10248,2743189808,2743189808
2025-06-19 06:22:00,REAL,2743189808,10323,2743200131,2743200131
2025-06-19 06:22:02,REAL,2743200131,10242,2743210373,2743210373
2025-06-19 06:22:04,REAL,2743210373,10256,2743220629,2743220629
2025-06-19 06:22:06,REAL,2743220629,10379,2743231008,2743231008
2025-06-19 06:22:08,REAL,2743231008,10247,2743241255,2743241255
2025-06-19 06:22:10,REAL,2743241255,3321,2743244576,2743244576
2025-06-19 06:22:12,REAL,2743244576,486,2743245062,2743245062
2025-06-19 06:22:14,REAL,2743245062,488,2743245550,2743245550
2025-06-19 06:22:16,REAL,2743245550,536,2743246086,2743246086
2025-06-19 06:22:18,REAL,2743246086,481,2743246567,2743246567
2025-06-19 06:22:20,REAL,2743246567,486,2743247053,2743247053
2025-06-19 06:22:22,REAL,2743247053,478,2743247531,2743247531
2025-06-19 06:22:24,REAL,2743247531,480,2743248011,2743248011
2025-06-19 06:22:26,REAL,2743248011,479,2743248490,2743248490
2025-06-19 06:22:28,REAL,2743248490,485,2743248975,2743248975
2025-06-19 06:22:30,REAL,2743248975,535,2743249510,2743249510
2025-06-19 06:22:32,REAL,2743249510,481,2743249991,2743249991
2025-06-19 06:22:34,REAL,2743249991,493,2743250484,2743250484
2025-06-19 06:22:36,REAL,2743250484,490,2743250974,2743250974
2025-06-19 06:22:38,REAL,2743250974,543,2743251517,2743251517
2025-06-19 06:22:40,REAL,2743251517,481,2743251998,2743251998
2025-06-19 06:22:42,REAL,2743251998,484,2743252482,2743252482
2025-06-19 06:22:44,REAL,2743252482,481,2743252963,2743252963
2025-06-19 06:22:46,REAL,2743252963,552,2743253515,2743253515
2025-06-19 06:22:48,REAL,2743253515,485,2743254000,2743254000
2025-06-19 06:22:50,REAL,2743254000,490,2743254490,2743254490
2025-06-19 06:22:52,REAL,2743254490,474,2743254964,2743254964
2025-06-19 06:22:54,REAL,2743254964,536,2743255500,2743255500
2025-06-19 06:22:56,REAL,2743255500,475,2743255975,2743255975
2025-06-19 06:22:58,REAL,2743255975,480,2743256455,2743256455
2025-06-19 06:23:00,REAL,2743256455,544,2743256999,2743256999
2025-06-19 06:23:02,REAL,2743256999,484,2743257483,2743257483
2025-06-19 06:23:04,REAL,2743257483,489,2743257972,2743257972
2025-06-19 06:23:06,REAL,2743257972,475,2743258447,2743258447
2025-06-19 06:23:08,REAL,2743258447,481,2743258928,2743258928
2025-06-19 06:23:10,REAL,2743258928,493,2743259421,2743259421
2025-06-19 06:23:12,REAL,2743259421,488,2743259909,2743259909
2025-06-19 06:23:14,REAL,2743259909,479,2743260388,2743260388
2025-06-19 06:23:16,REAL,2743260388,482,2743260870,2743260870
2025-06-19 06:23:18,REAL,2743260870,476,2743261346,2743261346
2025-06-19 06:23:20,REAL,2743261346,10391,2743271737,2743271737
2025-06-19 06:23:22,REAL,2743271737,10386,2743282123,2743282123
2025-06-19 06:23:24,REAL,2743282123,10249,2743292372,2743292372
2025-06-19 06:23:26,REAL,2743292372,10250,2743302622,2743302622
2025-06-19 06:23:28,REAL,2743302622,10252,2743312874,2743312874
2025-06-19 06:23:30,REAL,2743312874,10259,2743323133,2743323133
2025-06-19 06:23:32,REAL,2743323133,10258,2743333391,2743333391
2025-06-19 06:23:34,REAL,2743333391,6689,2743340080,2743340080
2025-06-19 06:23:36,REAL,2743340080,485,2743340565,2743340565
2025-06-19 06:23:38,REAL,2743340565,474,2743341039,2743341039
2025-06-19 06:23:40,REAL,2743341039,484,2743341523,2743341523
2025-06-19 06:23:42,REAL,2743341523,544,2743342067,2743342067
2025-06-19 06:23:44,REAL,2743342067,484,2743342551,2743342551
2025-06-19 06:23:46,REAL,2743342551,485,2743343036,2743343036
2025-06-19 06:23:48,REAL,2743343036,483,2743343519,2743343519
2025-06-19 06:23:50,REAL,2743343519,482,2743344001,2743344001
2025-06-19 06:23:52,REAL,2743344001,476,2743344477,2743344477
2025-06-19 06:23:54,REAL,2743344477,482,2743344959,2743344959
2025-06-19 06:23:56,REAL,2743344959,5570,2743350529,2743350529
2025-06-19 06:23:58,REAL,2743350529,11244,2743361773,2743361773
2025-06-19 06:24:00,REAL,2743361773,10242,2743372015,2743372015
2025-06-19 06:24:02,REAL,2743372015,10372,2743382387,2743382387
2025-06-19 06:24:04,REAL,2743382387,10250,2743392637,2743392637
2025-06-19 06:24:06,REAL,2743392637,10253,2743402890,2743402890
2025-06-19 06:24:08,REAL,2743402890,10319,2743413209,2743413209
2025-06-19 06:24:10,REAL,2743413209,10252,2743423461,2743423461
2025-06-19 06:24:12,REAL,2743423461,1081,2743424542,2743424542
2025-06-19 06:24:14,REAL,2743424542,486,2743425028,2743425028
2025-06-19 06:24:16,REAL,2743425028,491,2743425519,2743425519
2025-06-19 06:24:18,REAL,2743425519,11838,2743437357,2743437357
2025-06-19 06:24:20,REAL,2743437357,10253,2743447610,2743447610
2025-06-19 06:24:22,REAL,2743447610,10315,2743457925,2743457925
2025-06-19 06:24:24,REAL,2743457925,10250,2743468175,2743468175
2025-06-19 06:24:26,REAL,2743468175,10248,2743478423,2743478423
2025-06-19 06:24:28,REAL,2743478423,10312,2743488735,2743488735
2025-06-19 06:24:30,REAL,2743488735,10319,2743499054,2743499054
2025-06-19 06:24:32,REAL,2743499054,5641,2743504695,2743504695
2025-06-19 06:24:34,REAL,2743504695,489,2743505184,2743505184
2025-06-19 06:24:36,REAL,2743505184,479,2743505663,2743505663
2025-06-19 06:24:38,REAL,2743505663,479,2743506142,2743506142
2025-06-19 06:24:40,REAL,2743506142,486,2743506628,2743506628
2025-06-19 06:24:42,REAL,2743506628,490,2743507118,2743507118
2025-06-19 06:24:44,REAL,2743507118,485,2743507603,2743507603
2025-06-19 06:24:46,REAL,2743507603,484,2743508087,2743508087
2025-06-19 06:24:48,REAL,2743508087,559,2743508646,2743508646
2025-06-19 06:24:50,REAL,2743508646,12098,2743520744,2743520744
2025-06-19 06:24:52,REAL,2743520744,10316,2743531060,2743531060
2025-06-19 06:24:54,REAL,2743531060,10250,2743541310,2743541310
2025-06-19 06:24:56,REAL,2743541310,10247,2743551557,2743551557
2025-06-19 06:24:58,REAL,2743551557,10257,2743561814,2743561814
2025-06-19 06:25:00,REAL,2743561814,10314,2743572128,2743572128
2025-06-19 06:25:02,REAL,2743572128,10245,2743582373,2743582373
2025-06-19 06:25:04,REAL,2743582373,4973,2743587346,2743587346
2025-06-19 06:25:06,REAL,2743587346,484,2743587830,2743587830
2025-06-19 06:25:08,REAL,2743587830,480,2743588310,2743588310
2025-06-19 06:25:10,REAL,2743588310,490,2743588800,2743588800
2025-06-19 06:25:12,REAL,2743588800,487,2743589287,2743589287
2025-06-19 06:25:14,REAL,2743589287,478,2743589765,2743589765
2025-06-19 06:25:16,REAL,2743589765,543,2743590308,2743590308
2025-06-19 06:25:18,REAL,2743590308,479,2743590787,2743590787
2025-06-19 06:25:20,REAL,2743590787,482,2743591269,2743591269
2025-06-19 06:25:22,REAL,2743591269,479,2743591748,2743591748
2025-06-19 06:25:24,REAL,2743591748,482,2743592230,2743592230
2025-06-19 06:25:26,REAL,2743592230,486,2743592716,2743592716
2025-06-19 06:25:28,REAL,2743592716,481,2743593197,2743593197
2025-06-19 06:25:30,REAL,2743593197,494,2743593691,2743593691
2025-06-19 06:25:32,REAL,2743593691,540,2743594231,2743594231
2025-06-19 06:25:34,REAL,2743594231,482,2743594713,2743594713
2025-06-19 06:25:36,REAL,2743594713,487,2743595200,2743595200
2025-06-19 06:25:38,REAL,2743595200,486,2743595686,2743595686
2025-06-19 06:25:40,REAL,2743595686,490,2743596176,2743596176
2025-06-19 06:25:42,REAL,2743596176,7887,2743604063,2743604063
2025-06-19 06:25:44,REAL,2743604063,10910,2743614973,2743614973
2025-06-19 06:25:46,REAL,2743614973,10248,2743625221,2743625221
2025-06-19 06:25:48,REAL,2743625221,10253,2743635474,2743635474
2025-06-19 06:25:50,REAL,2743635474,10316,2743645790,2743645790
2025-06-19 06:25:52,REAL,2743645790,10252,2743656042,2743656042
2025-06-19 06:25:54,REAL,2743656042,10255,2743666297,2743666297
2025-06-19 06:25:56,REAL,2743666297,8933,2743675230,2743675230
2025-06-19 06:25:58,REAL,2743675230,484,2743675714,2743675714
2025-06-19 06:26:00,REAL,2743675714,484,2743676198,2743676198
2025-06-19 06:26:02,REAL,2743676198,533,2743676731,2743676731
2025-06-19 06:26:04,REAL,2743676731,488,2743677219,2743677219
2025-06-19 06:26:06,REAL,2743677219,491,2743677710,2743677710
2025-06-19 06:26:08,REAL,2743677710,481,2743678191,2743678191
2025-06-19 06:26:10,REAL,2743678191,490,2743678681,2743678681
2025-06-19 06:26:12,REAL,2743678681,481,2743679162,2743679162
2025-06-19 06:26:14,REAL,2743679162,8673,2743687835,2743687835
2025-06-19 06:26:16,REAL,2743687835,10842,2743698677,2743698677
2025-06-19 06:26:18,REAL,2743698677,10196,2743708873,2743708873
2025-06-19 06:26:20,REAL,2743708873,10326,2743719199,2743719199
2025-06-19 06:26:22,REAL,2743719199,10257,2743729456,2743729456
2025-06-19 06:26:24,REAL,2743729456,10249,2743739705,2743739705
2025-06-19 06:26:26,REAL,2743739705,10258,2743749963,2743749963
2025-06-19 06:26:28,REAL,2743749963,8338,2743758301,2743758301
2025-06-19 06:26:30,REAL,2743758301,483,2743758784,2743758784
2025-06-19 06:26:32,REAL,2743758784,489,2743759273,2743759273
2025-06-19 06:26:34,REAL,2743759273,490,2743759763,2743759763
2025-06-19 06:26:36,REAL,2743759763,485,2743760248,2743760248
2025-06-19 06:26:38,REAL,2743760248,485,2743760733,2743760733
2025-06-19 06:26:40,REAL,2743760733,477,2743761210,2743761210
2025-06-19 06:26:42,REAL,2743761210,484,2743761694,2743761694
2025-06-19 06:26:44,REAL,2743761694,478,2743762172,2743762172
2025-06-19 06:26:46,REAL,2743762172,9339,2743771511,2743771511
2025-06-19 06:26:48,REAL,2743771511,10381,2743781892,2743781892
2025-06-19 06:26:50,REAL,2743781892,10309,2743792201,2743792201
2025-06-19 06:26:52,REAL,2743792201,10252,2743802453,2743802453
2025-06-19 06:26:54,REAL,2743802453,10313,2743812766,2743812766
2025-06-19 06:26:56,REAL,2743812766,10258,2743823024,2743823024
2025-06-19 06:26:58,REAL,2743823024,10254,2743833278,2743833278
2025-06-19 06:27:00,REAL,2743833278,7678,2743840956,2743840956
2025-06-19 06:27:02,REAL,2743840956,481,2743841437,2743841437
2025-06-19 06:27:04,REAL,2743841437,486,2743841923,2743841923
2025-06-19 06:27:06,REAL,2743841923,479,2743842402,2743842402
2025-06-19 06:27:08,REAL,2743842402,481,2743842883,2743842883
2025-06-19 06:27:10,REAL,2743842883,491,2743843374,2743843374
2025-06-19 06:27:12,REAL,2743843374,486,2743843860,2743843860
2025-06-19 06:27:14,REAL,2743843860,491,2743844351,2743844351
2025-06-19 06:27:16,REAL,2743844351,485,2743844836,2743844836
2025-06-19 06:27:18,REAL,2743844836,481,2743845317,2743845317
2025-06-19 06:27:20,REAL,2743845317,482,2743845799,2743845799
2025-06-19 06:27:22,REAL,2743845799,479,2743846278,2743846278
2025-06-19 06:27:24,REAL,2743846278,492,2743846770,2743846770
2025-06-19 06:27:26,REAL,2743846770,479,2743847249,2743847249
2025-06-19 06:27:28,REAL,2743847249,537,2743847786,2743847786
2025-06-19 06:27:30,REAL,2743847786,476,2743848262,2743848262
2025-06-19 06:27:32,REAL,2743848262,481,2743848743,2743848743
2025-06-19 06:27:34,REAL,2743848743,487,2743849230,2743849230
2025-06-19 06:27:36,REAL,2743849230,534,2743849764,2743849764
2025-06-19 06:27:38,REAL,2743849764,483,2743850247,2743850247
2025-06-19 06:27:40,REAL,2743850247,487,2743850734,2743850734
2025-06-19 06:27:42,REAL,2743850734,479,2743851213,2743851213
2025-06-19 06:27:44,REAL,2743851213,479,2743851692,2743851692
2025-06-19 06:27:46,REAL,2743851692,483,2743852175,2743852175
2025-06-19 06:27:48,REAL,2743852175,483,2743852658,2743852658
2025-06-19 06:27:50,REAL,2743852658,478,2743853136,2743853136
2025-06-19 06:27:52,REAL,2743853136,482,2743853618,2743853618
2025-06-19 06:27:54,REAL,2743853618,487,2743854105,2743854105
2025-06-19 06:27:56,REAL,2743854105,476,2743854581,2743854581
2025-06-19 06:27:58,REAL,2743854581,480,2743855061,2743855061
2025-06-19 06:28:00,REAL,2743855061,490,2743855551,2743855551
2025-06-19 06:28:02,REAL,2743855551,491,2743856042,2743856042
2025-06-19 06:28:04,REAL,2743856042,484,2743856526,2743856526
2025-06-19 06:28:06,REAL,2743856526,484,2743857010,2743857010
2025-06-19 06:28:08,REAL,2743857010,547,2743857557,2743857557
2025-06-19 06:28:10,REAL,2743857557,5037,2743862594,2743862594
2025-06-19 06:28:12,REAL,2743862594,11970,2743874564,2743874564
2025-06-19 06:28:14,REAL,2743874564,9594,2743884158,2743884158
2025-06-19 06:28:16,REAL,2743884158,10254,2743894412,2743894412
2025-06-19 06:28:18,REAL,2743894412,10317,2743904729,2743904729
2025-06-19 06:28:20,REAL,2743904729,10252,2743914981,2743914981
2025-06-19 06:28:22,REAL,2743914981,10245,2743925226,2743925226
2025-06-19 06:28:24,REAL,2743925226,10310,2743935536,2743935536
2025-06-19 06:28:26,REAL,2743935536,1345,2743936881,2743936881
2025-06-19 06:28:28,REAL,2743936881,487,2743937368,2743937368
2025-06-19 06:28:30,REAL,2743937368,493,2743937861,2743937861
2025-06-19 06:28:32,REAL,2743937861,484,2743938345,2743938345
2025-06-19 06:28:34,REAL,2743938345,481,2743938826,2743938826
2025-06-19 06:28:36,REAL,2743938826,493,2743939319,2743939319
2025-06-19 06:28:38,REAL,2743939319,488,2743939807,2743939807
2025-06-19 06:28:40,REAL,2743939807,478,2743940285,2743940285
2025-06-19 06:28:42,REAL,2743940285,7228,2743947513,2743947513
2025-06-19 06:28:44,REAL,2743947513,13414,2743960927,2743960927
2025-06-19 06:28:46,REAL,2743960927,10253,2743971180,2743971180
2025-06-19 06:28:48,REAL,2743971180,10250,2743981430,2743981430
2025-06-19 06:28:50,REAL,2743981430,10316,2743991746,2743991746
2025-06-19 06:28:52,REAL,2743991746,10252,2744001998,2744001998
2025-06-19 06:28:54,REAL,2744001998,10300,2744012298,2744012298
2025-06-19 06:28:56,REAL,2744012298,10321,2744022619,2744022619
2025-06-19 06:28:58,REAL,2744022619,688,2744023307,2744023307
2025-06-19 06:29:00,REAL,2744023307,488,2744023795,2744023795
2025-06-19 06:29:02,REAL,2744023795,489,2744024284,2744024284
2025-06-19 06:29:04,REAL,2744024284,488,2744024772,2744024772
2025-06-19 06:29:06,REAL,2744024772,481,2744025253,2744025253
2025-06-19 06:29:08,REAL,2744025253,474,2744025727,2744025727
2025-06-19 06:29:10,REAL,2744025727,479,2744026206,2744026206
2025-06-19 06:29:12,REAL,2744026206,479,2744026685,2744026685
2025-06-19 06:29:14,REAL,2744026685,6756,2744033441,2744033441
2025-06-19 06:29:16,REAL,2744033441,10853,2744044294,2744044294
2025-06-19 06:29:18,REAL,2744044294,10255,2744054549,2744054549
2025-06-19 06:29:20,REAL,2744054549,10252,2744064801,2744064801
2025-06-19 06:29:22,REAL,2744064801,10314,2744075115,2744075115
2025-06-19 06:29:24,REAL,2744075115,10251,2744085366,2744085366
2025-06-19 06:29:26,REAL,2744085366,10257,2744095623,2744095623
2025-06-19 06:29:28,REAL,2744095623,9909,2744105532,2744105532
2025-06-19 06:29:30,REAL,2744105532,487,2744106019,2744106019
2025-06-19 06:29:32,REAL,2744106019,478,2744106497,2744106497
2025-06-19 06:29:34,REAL,2744106497,481,2744106978,2744106978
2025-06-19 06:29:36,REAL,2744106978,483,2744107461,2744107461
2025-06-19 06:29:38,REAL,2744107461,490,2744107951,2744107951
2025-06-19 06:29:40,REAL,2744107951,475,2744108426,2744108426
2025-06-19 06:29:42,REAL,2744108426,479,2744108905,2744108905
2025-06-19 06:29:44,REAL,2744108905,481,2744109386,2744109386
2025-06-19 06:29:46,REAL,2744109386,486,2744109872,2744109872
2025-06-19 06:29:48,REAL,2744109872,487,2744110359,2744110359
2025-06-19 06:29:50,REAL,2744110359,483,2744110842,2744110842
2025-06-19 06:29:52,REAL,2744110842,489,2744111331,2744111331
2025-06-19 06:29:54,REAL,2744111331,477,2744111808,2744111808
2025-06-19 06:29:56,REAL,2744111808,478,2744112286,2744112286
2025-06-19 06:29:58,REAL,2744112286,477,2744112763,2744112763
2025-06-19 06:30:00,REAL,2744112763,476,2744113239,2744113239
2025-06-19 06:30:02,REAL,2744113239,535,2744113774,2744113774
2025-06-19 06:30:04,REAL,2744113774,485,2744114259,2744114259
2025-06-19 06:30:06,REAL,2744114259,546,2744114805,2744114805
2025-06-19 06:30:08,REAL,2744114805,482,2744115287,2744115287
2025-06-19 06:30:10,REAL,2744115287,479,2744115766,2744115766
2025-06-19 06:30:12,REAL,2744115766,478,2744116244,2744116244
2025-06-19 06:30:14,REAL,2744116244,477,2744116721,2744116721
2025-06-19 06:30:16,REAL,2744116721,488,2744117209,2744117209
2025-06-19 06:30:18,REAL,2744117209,483,2744117692,2744117692
2025-06-19 06:30:20,REAL,2744117692,485,2744118177,2744118177
2025-06-19 06:30:22,REAL,2744118177,486,2744118663,2744118663
2025-06-19 06:30:24,REAL,2744118663,491,2744119154,2744119154
2025-06-19 06:30:26,REAL,2744119154,487,2744119641,2744119641
2025-06-19 06:30:28,REAL,2744119641,485,2744120126,2744120126
2025-06-19 06:30:30,REAL,2744120126,491,2744120617,2744120617
2025-06-19 06:30:32,REAL,2744120617,488,2744121105,2744121105
2025-06-19 06:30:34,REAL,2744121105,538,2744121643,2744121643
2025-06-19 06:30:36,REAL,2744121643,484,2744122127,2744122127
2025-06-19 06:30:38,REAL,2744122127,484,2744122611,2744122611
2025-06-19 06:30:40,REAL,2744122611,490,2744123101,2744123101
2025-06-19 06:30:42,REAL,2744123101,479,2744123580,2744123580
2025-06-19 06:30:44,REAL,2744123580,491,2744124071,2744124071
2025-06-19 06:30:46,REAL,2744124071,490,2744124561,2744124561
2025-06-19 06:30:48,REAL,2744124561,486,2744125047,2744125047
2025-06-19 06:30:50,REAL,2744125047,484,2744125531,2744125531
2025-06-19 06:30:52,REAL,2744125531,483,2744126014,2744126014
2025-06-19 06:30:54,REAL,2744126014,490,2744126504,2744126504
2025-06-19 06:30:56,REAL,2744126504,535,2744127039,2744127039
2025-06-19 06:30:58,REAL,2744127039,485,2744127524,2744127524
2025-06-19 06:31:00,REAL,2744127524,477,2744128001,2744128001
2025-06-19 06:31:02,REAL,2744128001,486,2744128487,2744128487
2025-06-19 06:31:04,REAL,2744128487,482,2744128969,2744128969
2025-06-19 06:31:06,REAL,2744128969,534,2744129503,2744129503
2025-06-19 06:31:08,REAL,2744129503,489,2744129992,2744129992
2025-06-19 06:31:10,REAL,2744129992,484,2744130476,2744130476
2025-06-19 06:31:12,REAL,2744130476,475,2744130951,2744130951
2025-06-19 06:31:14,REAL,2744130951,485,2744131436,2744131436
2025-06-19 06:31:16,REAL,2744131436,486,2744131922,2744131922
2025-06-19 06:31:18,REAL,2744131922,485,2744132407,2744132407
2025-06-19 06:31:20,REAL,2744132407,479,2744132886,2744132886
2025-06-19 06:31:22,REAL,2744132886,487,2744133373,2744133373
2025-06-19 06:31:24,REAL,2744133373,492,2744133865,2744133865
2025-06-19 06:31:26,REAL,2744133865,490,2744134355,2744134355
2025-06-19 06:31:28,REAL,2744134355,483,2744134838,2744134838
2025-06-19 06:31:30,REAL,2744134838,488,2744135326,2744135326
2025-06-19 06:31:32,REAL,2744135326,484,2744135810,2744135810
2025-06-19 06:31:34,REAL,2744135810,490,2744136300,2744136300
2025-06-19 06:31:36,REAL,2744136300,8741,2744145041,2744145041
2025-06-19 06:31:38,REAL,2744145041,10512,2744155553,2744155553
2025-06-19 06:31:40,REAL,2744155553,10308,2744165861,2744165861
2025-06-19 06:31:42,REAL,2744165861,10315,2744176176,2744176176
2025-06-19 06:31:44,REAL,2744176176,10248,2744186424,2744186424
2025-06-19 06:31:46,REAL,2744186424,10250,2744196674,2744196674
2025-06-19 06:31:48,REAL,2744196674,10248,2744206922,2744206922
2025-06-19 06:31:50,REAL,2744206922,7749,2744214671,2744214671
2025-06-19 06:31:52,REAL,2744214671,479,2744215150,2744215150
2025-06-19 06:31:54,REAL,2744215150,486,2744215636,2744215636
2025-06-19 06:31:56,REAL,2744215636,478,2744216114,2744216114
2025-06-19 06:31:58,REAL,2744216114,482,2744216596,2744216596
2025-06-19 06:32:00,REAL,2744216596,488,2744217084,2744217084
2025-06-19 06:32:02,REAL,2744217084,488,2744217572,2744217572
2025-06-19 06:32:04,REAL,2744217572,484,2744218056,2744218056
2025-06-19 06:32:06,REAL,2744218056,482,2744218538,2744218538
2025-06-19 06:32:08,REAL,2744218538,9728,2744228266,2744228266
2025-06-19 06:32:10,REAL,2744228266,10715,2744238981,2744238981
2025-06-19 06:32:12,REAL,2744238981,10251,2744249232,2744249232
2025-06-19 06:32:14,REAL,2744249232,10317,2744259549,2744259549
2025-06-19 06:32:16,REAL,2744259549,10250,2744269799,2744269799
2025-06-19 06:32:18,REAL,2744269799,10257,2744280056,2744280056
2025-06-19 06:32:20,REAL,2744280056,10259,2744290315,2744290315
2025-06-19 06:32:22,REAL,2744290315,7150,2744297465,2744297465
2025-06-19 06:32:24,REAL,2744297465,488,2744297953,2744297953
2025-06-19 06:32:26,REAL,2744297953,478,2744298431,2744298431
2025-06-19 06:32:28,REAL,2744298431,487,2744298918,2744298918
2025-06-19 06:32:30,REAL,2744298918,484,2744299402,2744299402
2025-06-19 06:32:32,REAL,2744299402,482,2744299884,2744299884
2025-06-19 06:32:34,REAL,2744299884,488,2744300372,2744300372
2025-06-19 06:32:36,REAL,2744300372,484,2744300856,2744300856
2025-06-19 06:32:38,REAL,2744300856,486,2744301342,2744301342
2025-06-19 06:32:40,REAL,2744301342,10393,2744311735,2744311735
2025-06-19 06:32:42,REAL,2744311735,10382,2744322117,2744322117
2025-06-19 06:32:44,REAL,2744322117,10310,2744332427,2744332427
2025-06-19 06:32:46,REAL,2744332427,10255,2744342682,2744342682
2025-06-19 06:32:48,REAL,2744342682,10320,2744353002,2744353002
2025-06-19 06:32:50,REAL,2744353002,10249,2744363251,2744363251
2025-06-19 06:32:52,REAL,2744363251,10250,2744373501,2744373501
2025-06-19 06:32:54,REAL,2744373501,6492,2744379993,2744379993
2025-06-19 06:32:56,REAL,2744379993,488,2744380481,2744380481
2025-06-19 06:32:58,REAL,2744380481,477,2744380958,2744380958
2025-06-19 06:33:00,REAL,2744380958,481,2744381439,2744381439
2025-06-19 06:33:02,REAL,2744381439,490,2744381929,2744381929
2025-06-19 06:33:04,REAL,2744381929,483,2744382412,2744382412
2025-06-19 06:33:06,REAL,2744382412,492,2744382904,2744382904
2025-06-19 06:33:08,REAL,2744382904,476,2744383380,2744383380
2025-06-19 06:33:10,REAL,2744383380,485,2744383865,2744383865
2025-06-19 06:33:12,REAL,2744383865,11842,2744395707,2744395707
2025-06-19 06:33:14,REAL,2744395707,10846,2744406553,2744406553
2025-06-19 06:33:16,REAL,2744406553,9656,2744416209,2744416209
2025-06-19 06:33:18,REAL,2744416209,10376,2744426585,2744426585
2025-06-19 06:33:20,REAL,2744426585,10252,2744436837,2744436837
2025-06-19 06:33:22,REAL,2744436837,10256,2744447093,2744447093
2025-06-19 06:33:24,REAL,2744447093,10249,2744457342,2744457342
2025-06-19 06:33:26,REAL,2744457342,5895,2744463237,2744463237
2025-06-19 06:33:28,REAL,2744463237,478,2744463715,2744463715
2025-06-19 06:33:30,REAL,2744463715,491,2744464206,2744464206
2025-06-19 06:33:32,REAL,2744464206,488,2744464694,2744464694
2025-06-19 06:33:34,REAL,2744464694,474,2744465168,2744465168
2025-06-19 06:33:36,REAL,2744465168,485,2744465653,2744465653
2025-06-19 06:33:38,REAL,2744465653,484,2744466137,2744466137
2025-06-19 06:33:40,REAL,2744466137,482,2744466619,2744466619
2025-06-19 06:33:42,REAL,2744466619,484,2744467103,2744467103
2025-06-19 06:33:44,REAL,2744467103,12562,2744479665,2744479665
2025-06-19 06:33:46,REAL,2744479665,10308,2744489973,2744489973
2025-06-19 06:33:48,REAL,2744489973,10008,2744499981,2744499981
2025-06-19 06:33:50,REAL,2744499981,10259,2744510240,2744510240
2025-06-19 06:33:52,REAL,2744510240,10256,2744520496,2744520496
2025-06-19 06:33:54,REAL,2744520496,10254,2744530750,2744530750
2025-06-19 06:33:56,REAL,2744530750,10252,2744541002,2744541002
2025-06-19 06:33:58,REAL,2744541002,5241,2744546243,2744546243
2025-06-19 06:34:00,REAL,2744546243,482,2744546725,2744546725
2025-06-19 06:34:02,REAL,2744546725,482,2744547207,2744547207
2025-06-19 06:34:04,REAL,2744547207,482,2744547689,2744547689
2025-06-19 06:34:06,REAL,2744547689,491,2744548180,2744548180
2025-06-19 06:34:08,REAL,2744548180,494,2744548674,2744548674
2025-06-19 06:34:10,REAL,2744548674,492,2744549166,2744549166
2025-06-19 06:34:12,REAL,2744549166,487,2744549653,2744549653
2025-06-19 06:34:14,REAL,2744549653,539,2744550192,2744550192
2025-06-19 06:34:16,REAL,2744550192,478,2744550670,2744550670
2025-06-19 06:34:18,REAL,2744550670,535,2744551205,2744551205
2025-06-19 06:34:20,REAL,2744551205,488,2744551693,2744551693
2025-06-19 06:34:22,REAL,2744551693,487,2744552180,2744552180
2025-06-19 06:34:24,REAL,2744552180,488,2744552668,2744552668
2025-06-19 06:34:26,REAL,2744552668,475,2744553143,2744553143
2025-06-19 06:34:28,REAL,2744553143,484,2744553627,2744553627
2025-06-19 06:34:30,REAL,2744553627,478,2744554105,2744554105
2025-06-19 06:34:32,REAL,2744554105,484,2744554589,2744554589
2025-06-19 06:34:34,REAL,2744554589,480,2744555069,2744555069
2025-06-19 06:34:36,REAL,2744555069,482,2744555551,2744555551
2025-06-19 06:34:38,REAL,2744555551,486,2744556037,2744556037
2025-06-19 06:34:40,REAL,2744556037,479,2744556516,2744556516
2025-06-19 06:34:42,REAL,2744556516,549,2744557065,2744557065
2025-06-19 06:34:44,REAL,2744557065,481,2744557546,2744557546
2025-06-19 06:34:46,REAL,2744557546,493,2744558039,2744558039
2025-06-19 06:34:48,REAL,2744558039,484,2744558523,2744558523
2025-06-19 06:34:50,REAL,2744558523,493,2744559016,2744559016
2025-06-19 06:34:52,REAL,2744559016,548,2744559564,2744559564
2025-06-19 06:34:54,REAL,2744559564,490,2744560054,2744560054
2025-06-19 06:34:56,REAL,2744560054,487,2744560541,2744560541
2025-06-19 06:34:58,REAL,2744560541,481,2744561022,2744561022
2025-06-19 06:35:00,REAL,2744561022,483,2744561505,2744561505
2025-06-19 06:35:02,REAL,2744561505,475,2744561980,2744561980
2025-06-19 06:35:04,REAL,2744561980,480,2744562460,2744562460
2025-06-19 06:35:06,REAL,2744562460,487,2744562947,2744562947
2025-06-19 06:35:08,REAL,2744562947,491,2744563438,2744563438
2025-06-19 06:35:10,REAL,2744563438,538,2744563976,2744563976
2025-06-19 06:35:12,REAL,2744563976,486,2744564462,2744564462
2025-06-19 06:35:14,REAL,2744564462,487,2744564949,2744564949
2025-06-19 06:35:16,REAL,2744564949,489,2744565438,2744565438
2025-06-19 06:35:18,REAL,2744565438,488,2744565926,2744565926
2025-06-19 06:35:20,REAL,2744565926,481,2744566407,2744566407
2025-06-19 06:35:22,REAL,2744566407,484,2744566891,2744566891
2025-06-19 06:35:24,REAL,2744566891,480,2744567371,2744567371
2025-06-19 06:35:26,REAL,2744567371,480,2744567851,2744567851
2025-06-19 06:35:28,REAL,2744567851,542,2744568393,2744568393
2025-06-19 06:35:30,REAL,2744568393,475,2744568868,2744568868
2025-06-19 06:35:32,REAL,2744568868,477,2744569345,2744569345
2025-06-19 06:35:34,REAL,2744569345,475,2744569820,2744569820
2025-06-19 06:35:36,REAL,2744569820,477,2744570297,2744570297
2025-06-19 06:35:38,REAL,2744570297,541,2744570838,2744570838
2025-06-19 06:35:40,REAL,2744570838,484,2744571322,2744571322
2025-06-19 06:35:42,REAL,2744571322,485,2744571807,2744571807
2025-06-19 06:35:44,REAL,2744571807,486,2744572293,2744572293
2025-06-19 06:35:46,REAL,2744572293,485,2744572778,2744572778
2025-06-19 06:35:48,REAL,2744572778,476,2744573254,2744573254
2025-06-19 06:35:50,REAL,2744573254,490,2744573744,2744573744
2025-06-19 06:35:52,REAL,2744573744,480,2744574224,2744574224
2025-06-19 06:35:54,REAL,2744574224,490,2744574714,2744574714
2025-06-19 06:35:56,REAL,2744574714,478,2744575192,2744575192
2025-06-19 06:35:58,REAL,2744575192,481,2744575673,2744575673
2025-06-19 06:36:00,REAL,2744575673,480,2744576153,2744576153
2025-06-19 06:36:02,REAL,2744576153,545,2744576698,2744576698
2025-06-19 06:36:04,REAL,2744576698,486,2744577184,2744577184
2025-06-19 06:36:06,REAL,2744577184,547,2744577731,2744577731
2025-06-19 06:36:08,REAL,2744577731,493,2744578224,2744578224
2025-06-19 06:36:10,REAL,2744578224,485,2744578709,2744578709
2025-06-19 06:36:12,REAL,2744578709,476,2744579185,2744579185
2025-06-19 06:36:14,REAL,2744579185,483,2744579668,2744579668
2025-06-19 06:36:16,REAL,2744579668,480,2744580148,2744580148
2025-06-19 06:36:18,REAL,2744580148,483,2744580631,2744580631
2025-06-19 06:36:20,REAL,2744580631,484,2744581115,2744581115
2025-06-19 06:36:22,REAL,2744581115,482,2744581597,2744581597
2025-06-19 06:36:24,REAL,2744581597,490,2744582087,2744582087
2025-06-19 06:36:26,REAL,2744582087,476,2744582563,2744582563
2025-06-19 06:36:28,REAL,2744582563,480,2744583043,2744583043
2025-06-19 06:36:30,REAL,2744583043,487,2744583530,2744583530
2025-06-19 06:36:32,REAL,2744583530,489,2744584019,2744584019
2025-06-19 06:36:34,REAL,2744584019,533,2744584552,2744584552
2025-06-19 06:36:36,REAL,2744584552,490,2744585042,2744585042
2025-06-19 06:36:38,REAL,2744585042,546,2744585588,2744585588
2025-06-19 06:36:40,REAL,2744585588,487,2744586075,2744586075
2025-06-19 06:36:42,REAL,2744586075,485,2744586560,2744586560
2025-06-19 06:36:44,REAL,2744586560,477,2744587037,2744587037
2025-06-19 06:36:46,REAL,2744587037,482,2744587519,2744587519
2025-06-19 06:36:48,REAL,2744587519,4779,2744592298,2744592298
2025-06-19 06:36:50,REAL,2744592298,11705,2744604003,2744604003
2025-06-19 06:36:52,REAL,2744604003,10255,2744614258,2744614258
2025-06-19 06:36:54,REAL,2744614258,10254,2744624512,2744624512
2025-06-19 06:36:56,REAL,2744624512,10318,2744634830,2744634830
2025-06-19 06:36:58,REAL,2744634830,10256,2744645086,2744645086
2025-06-19 06:37:00,REAL,2744645086,10316,2744655402,2744655402
2025-06-19 06:37:02,REAL,2744655402,10318,2744665720,2744665720
2025-06-19 06:37:04,REAL,2744665720,1737,2744667457,2744667457
2025-06-19 06:37:06,REAL,2744667457,478,2744667935,2744667935
2025-06-19 06:37:08,REAL,2744667935,481,2744668416,2744668416
2025-06-19 06:37:10,REAL,2744668416,492,2744668908,2744668908
2025-06-19 06:37:12,REAL,2744668908,493,2744669401,2744669401
2025-06-19 06:37:14,REAL,2744669401,480,2744669881,2744669881
2025-06-19 06:37:16,REAL,2744669881,481,2744670362,2744670362
2025-06-19 06:37:18,REAL,2744670362,481,2744670843,2744670843
2025-06-19 06:37:20,REAL,2744670843,5961,2744676804,2744676804
2025-06-19 06:37:22,REAL,2744676804,13816,2744690620,2744690620
2025-06-19 06:37:24,REAL,2744690620,10254,2744700874,2744700874
2025-06-19 06:37:26,REAL,2744700874,10257,2744711131,2744711131
2025-06-19 06:37:28,REAL,2744711131,10254,2744721385,2744721385
2025-06-19 06:37:30,REAL,2744721385,10303,2744731688,2744731688
2025-06-19 06:37:32,REAL,2744731688,10314,2744742002,2744742002
2025-06-19 06:37:34,REAL,2744742002,10248,2744752250,2744752250
2025-06-19 06:37:36,REAL,2744752250,1074,2744753324,2744753324
2025-06-19 06:37:38,REAL,2744753324,484,2744753808,2744753808
2025-06-19 06:37:40,REAL,2744753808,486,2744754294,2744754294
2025-06-19 06:37:42,REAL,2744754294,490,2744754784,2744754784
2025-06-19 06:37:44,REAL,2744754784,486,2744755270,2744755270
2025-06-19 06:37:46,REAL,2744755270,479,2744755749,2744755749
2025-06-19 06:37:48,REAL,2744755749,481,2744756230,2744756230
2025-06-19 06:37:50,REAL,2744756230,485,2744756715,2744756715
2025-06-19 06:37:52,REAL,2744756715,6103,2744762818,2744762818
2025-06-19 06:37:54,REAL,2744762818,11047,2744773865,2744773865
2025-06-19 06:37:56,REAL,2744773865,10259,2744784124,2744784124
2025-06-19 06:37:58,REAL,2744784124,10306,2744794430,2744794430
2025-06-19 06:38:00,REAL,2744794430,10315,2744804745,2744804745
2025-06-19 06:38:02,REAL,2744804745,10250,2744814995,2744814995
2025-06-19 06:38:04,REAL,2744814995,10250,2744825245,2744825245
2025-06-19 06:38:06,REAL,2744825245,10253,2744835498,2744835498
2025-06-19 06:38:08,REAL,2744835498,483,2744835981,2744835981
2025-06-19 06:38:10,REAL,2744835981,491,2744836472,2744836472
2025-06-19 06:38:12,REAL,2744836472,480,2744836952,2744836952
2025-06-19 06:38:14,REAL,2744836952,481,2744837433,2744837433
2025-06-19 06:38:16,REAL,2744837433,482,2744837915,2744837915
2025-06-19 06:38:18,REAL,2744837915,484,2744838399,2744838399
2025-06-19 06:38:20,REAL,2744838399,483,2744838882,2744838882
2025-06-19 06:38:22,REAL,2744838882,488,2744839370,2744839370
2025-06-19 06:38:24,REAL,2744839370,7022,2744846392,2744846392
2025-06-19 06:38:26,REAL,2744846392,11173,2744857565,2744857565
2025-06-19 06:38:28,REAL,2744857565,10252,2744867817,2744867817
2025-06-19 06:38:30,REAL,2744867817,10251,2744878068,2744878068
2025-06-19 06:38:32,REAL,2744878068,10303,2744888371,2744888371
2025-06-19 06:38:34,REAL,2744888371,10254,2744898625,2744898625
2025-06-19 06:38:36,REAL,2744898625,10260,2744908885,2744908885
2025-06-19 06:38:38,REAL,2744908885,9653,2744918538,2744918538
2025-06-19 06:38:40,REAL,2744918538,480,2744919018,2744919018
2025-06-19 06:38:42,REAL,2744919018,490,2744919508,2744919508
2025-06-19 06:38:44,REAL,2744919508,482,2744919990,2744919990
2025-06-19 06:38:46,REAL,2744919990,483,2744920473,2744920473
2025-06-19 06:38:48,REAL,2744920473,481,2744920954,2744920954
2025-06-19 06:38:50,REAL,2744920954,491,2744921445,2744921445
2025-06-19 06:38:52,REAL,2744921445,483,2744921928,2744921928
2025-06-19 06:38:54,REAL,2744921928,481,2744922409,2744922409
2025-06-19 06:38:56,REAL,2744922409,7354,2744929763,2744929763
2025-06-19 06:38:58,REAL,2744929763,10916,2744940679,2744940679
2025-06-19 06:39:00,REAL,2744940679,10256,2744950935,2744950935
2025-06-19 06:39:02,REAL,2744950935,10254,2744961189,2744961189
2025-06-19 06:39:04,REAL,2744961189,10248,2744971437,2744971437
2025-06-19 06:39:06,REAL,2744971437,10369,2744981806,2744981806
2025-06-19 06:39:08,REAL,2744981806,10250,2744992056,2744992056
2025-06-19 06:39:10,REAL,2744992056,8998,2745001054,2745001054
2025-06-19 06:39:12,REAL,2745001054,486,2745001540,2745001540
2025-06-19 06:39:14,REAL,2745001540,484,2745002024,2745002024
2025-06-19 06:39:16,REAL,2745002024,489,2745002513,2745002513
2025-06-19 06:39:18,REAL,2745002513,484,2745002997,2745002997
2025-06-19 06:39:20,REAL,2745002997,489,2745003486,2745003486
2025-06-19 06:39:22,REAL,2745003486,481,2745003967,2745003967
2025-06-19 06:39:24,REAL,2745003967,480,2745004447,2745004447
2025-06-19 06:39:26,REAL,2745004447,484,2745004931,2745004931
2025-06-19 06:39:28,REAL,2745004931,478,2745005409,2745005409
2025-06-19 06:39:30,REAL,2745005409,487,2745005896,2745005896
2025-06-19 06:39:32,REAL,2745005896,534,2745006430,2745006430
2025-06-19 06:39:34,REAL,2745006430,483,2745006913,2745006913
2025-06-19 06:39:36,REAL,2745006913,485,2745007398,2745007398
2025-06-19 06:39:38,REAL,2745007398,493,2745007891,2745007891
2025-06-19 06:39:40,REAL,2745007891,540,2745008431,2745008431
2025-06-19 06:39:42,REAL,2745008431,480,2745008911,2745008911
2025-06-19 06:39:44,REAL,2745008911,484,2745009395,2745009395
2025-06-19 06:39:46,REAL,2745009395,483,2745009878,2745009878
2025-06-19 06:39:48,REAL,2745009878,486,2745010364,2745010364
2025-06-19 06:39:50,REAL,2745010364,486,2745010850,2745010850
2025-06-19 06:39:52,REAL,2745010850,486,2745011336,2745011336
2025-06-19 06:39:54,REAL,2745011336,482,2745011818,2745011818
2025-06-19 06:39:56,REAL,2745011818,493,2745012311,2745012311
2025-06-19 06:39:58,REAL,2745012311,478,2745012789,2745012789
2025-06-19 06:40:00,REAL,2745012789,483,2745013272,2745013272
2025-06-19 06:40:02,REAL,2745013272,481,2745013753,2745013753
2025-06-19 06:40:04,REAL,2745013753,491,2745014244,2745014244
2025-06-19 06:40:06,REAL,2745014244,540,2745014784,2745014784
2025-06-19 06:40:08,REAL,2745014784,487,2745015271,2745015271
2025-06-19 06:40:10,REAL,2745015271,482,2745015753,2745015753
2025-06-19 06:40:12,REAL,2745015753,479,2745016232,2745016232
2025-06-19 06:40:14,REAL,2745016232,545,2745016777,2745016777
2025-06-19 06:40:16,REAL,2745016777,486,2745017263,2745017263
2025-06-19 06:40:18,REAL,2745017263,476,2745017739,2745017739
2025-06-19 06:40:20,REAL,2745017739,489,2745018228,2745018228
2025-06-19 06:40:22,REAL,2745018228,484,2745018712,2745018712
2025-06-19 06:40:24,REAL,2745018712,482,2745019194,2745019194
2025-06-19 06:40:26,REAL,2745019194,490,2745019684,2745019684
2025-06-19 06:40:28,REAL,2745019684,485,2745020169,2745020169
2025-06-19 06:40:30,REAL,2745020169,485,2745020654,2745020654
2025-06-19 06:40:32,REAL,2745020654,493,2745021147,2745021147
2025-06-19 06:40:34,REAL,2745021147,486,2745021633,2745021633
2025-06-19 06:40:36,REAL,2745021633,489,2745022122,2745022122
2025-06-19 06:40:38,REAL,2745022122,490,2745022612,2745022612
2025-06-19 06:40:40,REAL,2745022612,540,2745023152,2745023152
2025-06-19 06:40:42,REAL,2745023152,482,2745023634,2745023634
2025-06-19 06:40:44,REAL,2745023634,489,2745024123,2745024123
2025-06-19 06:40:46,REAL,2745024123,489,2745024612,2745024612
2025-06-19 06:40:48,REAL,2745024612,485,2745025097,2745025097
2025-06-19 06:40:50,REAL,2745025097,544,2745025641,2745025641
2025-06-19 06:40:52,REAL,2745025641,490,2745026131,2745026131
2025-06-19 06:40:54,REAL,2745026131,481,2745026612,2745026612
2025-06-19 06:40:56,REAL,2745026612,485,2745027097,2745027097
2025-06-19 06:40:58,REAL,2745027097,487,2745027584,2745027584
2025-06-19 06:41:00,REAL,2745027584,487,2745028071,2745028071
2025-06-19 06:41:02,REAL,2745028071,488,2745028559,2745028559
2025-06-19 06:41:04,REAL,2745028559,485,2745029044,2745029044
2025-06-19 06:41:06,REAL,2745029044,484,2745029528,2745029528
2025-06-19 06:41:08,REAL,2745029528,486,2745030014,2745030014
2025-06-19 06:41:10,REAL,2745030014,480,2745030494,2745030494
2025-06-19 06:41:12,REAL,2745030494,484,2745030978,2745030978
2025-06-19 06:41:14,REAL,2745030978,488,2745031466,2745031466
2025-06-19 06:41:16,REAL,2745031466,540,2745032006,2745032006
2025-06-19 06:41:18,REAL,2745032006,481,2745032487,2745032487
2025-06-19 06:41:20,REAL,2745032487,479,2745032966,2745032966
2025-06-19 06:41:22,REAL,2745032966,486,2745033452,2745033452
2025-06-19 06:41:24,REAL,2745033452,4836,2745038288,2745038288
2025-06-19 06:41:26,REAL,2745038288,11176,2745049464,2745049464
2025-06-19 06:41:28,REAL,2745049464,10316,2745059780,2745059780
2025-06-19 06:41:30,REAL,2745059780,10249,2745070029,2745070029
2025-06-19 06:41:32,REAL,2745070029,10325,2745080354,2745080354
2025-06-19 06:41:34,REAL,2745080354,10255,2745090609,2745090609
2025-06-19 06:41:36,REAL,2745090609,10248,2745100857,2745100857
2025-06-19 06:41:38,REAL,2745100857,10317,2745111174,2745111174
2025-06-19 06:41:40,REAL,2745111174,1212,2745112386,2745112386
2025-06-19 06:41:42,REAL,2745112386,486,2745112872,2745112872
2025-06-19 06:41:44,REAL,2745112872,483,2745113355,2745113355
2025-06-19 06:41:46,REAL,2745113355,488,2745113843,2745113843
2025-06-19 06:41:48,REAL,2745113843,491,2745114334,2745114334
2025-06-19 06:41:50,REAL,2745114334,487,2745114821,2745114821
2025-06-19 06:41:52,REAL,2745114821,481,2745115302,2745115302
2025-06-19 06:41:54,REAL,2745115302,481,2745115783,2745115783
2025-06-19 06:41:56,REAL,2745115783,485,2745116268,2745116268
2025-06-19 06:41:58,REAL,2745116268,532,2745116800,2745116800
2025-06-19 06:42:00,REAL,2745116800,539,2745117339,2745117339
2025-06-19 06:42:02,REAL,2745117339,480,2745117819,2745117819
2025-06-19 06:42:04,REAL,2745117819,487,2745118306,2745118306
2025-06-19 06:42:06,REAL,2745118306,490,2745118796,2745118796
2025-06-19 06:42:08,REAL,2745118796,488,2745119284,2745119284
2025-06-19 06:42:10,REAL,2745119284,486,2745119770,2745119770
2025-06-19 06:42:12,REAL,2745119770,479,2745120249,2745120249
2025-06-19 06:42:14,REAL,2745120249,487,2745120736,2745120736
2025-06-19 06:42:16,REAL,2745120736,478,2745121214,2745121214
2025-06-19 06:42:18,REAL,2745121214,479,2745121693,2745121693
2025-06-19 06:42:20,REAL,2745121693,477,2745122170,2745122170
2025-06-19 06:42:22,REAL,2745122170,491,2745122661,2745122661
2025-06-19 06:42:24,REAL,2745122661,478,2745123139,2745123139
2025-06-19 06:42:26,REAL,2745123139,487,2745123626,2745123626
2025-06-19 06:42:28,REAL,2745123626,477,2745124103,2745124103
2025-06-19 06:42:30,REAL,2745124103,486,2745124589,2745124589
2025-06-19 06:42:32,REAL,2745124589,484,2745125073,2745125073
2025-06-19 06:42:34,REAL,2745125073,590,2745125663,2745125663
2025-06-19 06:42:36,REAL,2745125663,482,2745126145,2745126145
2025-06-19 06:42:38,REAL,2745126145,480,2745126625,2745126625
2025-06-19 06:42:40,REAL,2745126625,481,2745127106,2745127106
2025-06-19 06:42:42,REAL,2745127106,482,2745127588,2745127588
2025-06-19 06:42:44,REAL,2745127588,7950,2745135538,2745135538
2025-06-19 06:42:46,REAL,2745135538,12373,2745147911,2745147911
2025-06-19 06:42:48,REAL,2745147911,10574,2745158485,2745158485
2025-06-19 06:42:50,REAL,2745158485,9988,2745168473,2745168473
2025-06-19 06:42:52,REAL,2745168473,10318,2745178791,2745178791
2025-06-19 06:42:54,REAL,2745178791,10252,2745189043,2745189043
2025-06-19 06:42:56,REAL,2745189043,10323,2745199366,2745199366
2025-06-19 06:42:58,REAL,2745199366,9463,2745208829,2745208829
2025-06-19 06:43:00,REAL,2745208829,484,2745209313,2745209313
2025-06-19 06:43:02,REAL,2745209313,480,2745209793,2745209793
2025-06-19 06:43:04,REAL,2745209793,479,2745210272,2745210272
2025-06-19 06:43:06,REAL,2745210272,483,2745210755,2745210755
2025-06-19 06:43:08,REAL,2745210755,541,2745211296,2745211296
2025-06-19 06:43:10,REAL,2745211296,486,2745211782,2745211782
2025-06-19 06:43:12,REAL,2745211782,476,2745212258,2745212258
2025-06-19 06:43:14,REAL,2745212258,482,2745212740,2745212740
2025-06-19 06:43:16,REAL,2745212740,8024,2745220764,2745220764
2025-06-19 06:43:18,REAL,2745220764,10907,2745231671,2745231671
2025-06-19 06:43:20,REAL,2745231671,10313,2745241984,2745241984
2025-06-19 06:43:22,REAL,2745241984,10247,2745252231,2745252231
2025-06-19 06:43:24,REAL,2745252231,10309,2745262540,2745262540
2025-06-19 06:43:26,REAL,2745262540,10258,2745272798,2745272798
2025-06-19 06:43:28,REAL,2745272798,10255,2745283053,2745283053
2025-06-19 06:43:30,REAL,2745283053,8859,2745291912,2745291912
2025-06-19 06:43:32,REAL,2745291912,485,2745292397,2745292397
2025-06-19 06:43:34,REAL,2745292397,488,2745292885,2745292885
2025-06-19 06:43:36,REAL,2745292885,491,2745293376,2745293376
2025-06-19 06:43:38,REAL,2745293376,488,2745293864,2745293864
2025-06-19 06:43:40,REAL,2745293864,485,2745294349,2745294349
2025-06-19 06:43:42,REAL,2745294349,487,2745294836,2745294836
2025-06-19 06:43:44,REAL,2745294836,544,2745295380,2745295380
2025-06-19 06:43:46,REAL,2745295380,487,2745295867,2745295867
2025-06-19 06:43:48,REAL,2745295867,485,2745296352,2745296352
2025-06-19 06:43:50,REAL,2745296352,531,2745296883,2745296883
2025-06-19 06:43:52,REAL,2745296883,491,2745297374,2745297374
2025-06-19 06:43:54,REAL,2745297374,479,2745297853,2745297853
2025-06-19 06:43:56,REAL,2745297853,485,2745298338,2745298338
2025-06-19 06:43:58,REAL,2745298338,10457,2745308795,2745308795
2025-06-19 06:44:00,REAL,2745308795,11970,2745320765,2745320765
2025-06-19 06:44:02,REAL,2745320765,10253,2745331018,2745331018
2025-06-19 06:44:04,REAL,2745331018,10313,2745341331,2745341331
2025-06-19 06:44:06,REAL,2745341331,10248,2745351579,2745351579
2025-06-19 06:44:08,REAL,2745351579,10251,2745361830,2745361830
2025-06-19 06:44:10,REAL,2745361830,10258,2745372088,2745372088
2025-06-19 06:44:12,REAL,2745372088,8393,2745380481,2745380481
2025-06-19 06:44:14,REAL,2745380481,486,2745380967,2745380967
2025-06-19 06:44:16,REAL,2745380967,490,2745381457,2745381457
2025-06-19 06:44:18,REAL,2745381457,486,2745381943,2745381943
2025-06-19 06:44:20,REAL,2745381943,483,2745382426,2745382426
2025-06-19 06:44:22,REAL,2745382426,493,2745382919,2745382919
2025-06-19 06:44:24,REAL,2745382919,480,2745383399,2745383399
2025-06-19 06:44:26,REAL,2745383399,484,2745383883,2745383883
2025-06-19 06:44:28,REAL,2745383883,485,2745384368,2745384368
2025-06-19 06:44:30,REAL,2745384368,9270,2745393638,2745393638
2025-06-19 06:44:32,REAL,2745393638,10391,2745404029,2745404029
2025-06-19 06:44:34,REAL,2745404029,10316,2745414345,2745414345
2025-06-19 06:44:36,REAL,2745414345,10251,2745424596,2745424596
2025-06-19 06:44:38,REAL,2745424596,10256,2745434852,2745434852
2025-06-19 06:44:40,REAL,2745434852,10256,2745445108,2745445108
2025-06-19 06:44:42,REAL,2745445108,10376,2745455484,2745455484
2025-06-19 06:44:44,REAL,2745455484,7686,2745463170,2745463170
2025-06-19 06:44:46,REAL,2745463170,488,2745463658,2745463658
2025-06-19 06:44:48,REAL,2745463658,491,2745464149,2745464149
2025-06-19 06:44:50,REAL,2745464149,481,2745464630,2745464630
2025-06-19 06:44:52,REAL,2745464630,479,2745465109,2745465109
2025-06-19 06:44:54,REAL,2745465109,483,2745465592,2745465592
2025-06-19 06:44:56,REAL,2745465592,490,2745466082,2745466082
2025-06-19 06:44:58,REAL,2745466082,484,2745466566,2745466566
2025-06-19 06:45:00,REAL,2745466566,490,2745467056,2745467056
2025-06-19 06:45:02,REAL,2745467056,486,2745467542,2745467542
2025-06-19 06:45:04,REAL,2745467542,484,2745468026,2745468026
2025-06-19 06:45:06,REAL,2745468026,531,2745468557,2745468557
2025-06-19 06:45:08,REAL,2745468557,480,2745469037,2745469037
2025-06-19 06:45:10,REAL,2745469037,483,2745469520,2745469520
2025-06-19 06:45:12,REAL,2745469520,9986,2745479506,2745479506
2025-06-19 06:45:14,REAL,2745479506,10518,2745490024,2745490024
2025-06-19 06:45:16,REAL,2745490024,10255,2745500279,2745500279
2025-06-19 06:45:18,REAL,2745500279,10248,2745510527,2745510527
2025-06-19 06:45:20,REAL,2745510527,10308,2745520835,2745520835
2025-06-19 06:45:22,REAL,2745520835,10243,2745531078,2745531078
2025-06-19 06:45:24,REAL,2745531078,10247,2745541325,2745541325
2025-06-19 06:45:26,REAL,2745541325,7155,2745548480,2745548480
2025-06-19 06:45:28,REAL,2745548480,484,2745548964,2745548964
2025-06-19 06:45:30,REAL,2745548964,482,2745549446,2745549446
2025-06-19 06:45:32,REAL,2745549446,481,2745549927,2745549927
2025-06-19 06:45:34,REAL,2745549927,482,2745550409,2745550409
2025-06-19 06:45:36,REAL,2745550409,487,2745550896,2745550896
2025-06-19 06:45:38,REAL,2745550896,481,2745551377,2745551377
2025-06-19 06:45:40,REAL,2745551377,547,2745551924,2745551924
2025-06-19 06:45:42,REAL,2745551924,477,2745552401,2745552401
2025-06-19 06:45:44,REAL,2745552401,10528,2745562929,2745562929
2025-06-19 06:45:46,REAL,2745562929,10313,2745573242,2745573242
2025-06-19 06:45:48,REAL,2745573242,10251,2745583493,2745583493
2025-06-19 06:45:50,REAL,2745583493,10310,2745593803,2745593803
2025-06-19 06:45:52,REAL,2745593803,10251,2745604054,2745604054
2025-06-19 06:45:54,REAL,2745604054,10258,2745614312,2745614312
2025-06-19 06:45:56,REAL,2745614312,10254,2745624566,2745624566
2025-06-19 06:45:58,REAL,2745624566,6489,2745631055,2745631055
2025-06-19 06:46:00,REAL,2745631055,481,2745631536,2745631536
2025-06-19 06:46:02,REAL,2745631536,487,2745632023,2745632023
2025-06-19 06:46:04,REAL,2745632023,491,2745632514,2745632514
2025-06-19 06:46:06,REAL,2745632514,484,2745632998,2745632998
2025-06-19 06:46:08,REAL,2745632998,477,2745633475,2745633475
2025-06-19 06:46:10,REAL,2745633475,534,2745634009,2745634009
2025-06-19 06:46:12,REAL,2745634009,477,2745634486,2745634486
2025-06-19 06:46:14,REAL,2745634486,486,2745634972,2745634972
2025-06-19 06:46:16,REAL,2745634972,11455,2745646427,2745646427
2025-06-19 06:46:18,REAL,2745646427,10250,2745656677,2745656677
2025-06-19 06:46:20,REAL,2745656677,10373,2745667050,2745667050
2025-06-19 06:46:22,REAL,2745667050,10246,2745677296,2745677296
2025-06-19 06:46:24,REAL,2745677296,10254,2745687550,2745687550
2025-06-19 06:46:26,REAL,2745687550,10318,2745697868,2745697868
2025-06-19 06:46:28,REAL,2745697868,10257,2745708125,2745708125
2025-06-19 06:46:30,REAL,2745708125,5894,2745714019,2745714019
2025-06-19 06:46:32,REAL,2745714019,484,2745714503,2745714503
2025-06-19 06:46:34,REAL,2745714503,489,2745714992,2745714992
2025-06-19 06:46:36,REAL,2745714992,480,2745715472,2745715472
2025-06-19 06:46:38,REAL,2745715472,488,2745715960,2745715960
2025-06-19 06:46:40,REAL,2745715960,535,2745716495,2745716495
2025-06-19 06:46:42,REAL,2745716495,488,2745716983,2745716983
2025-06-19 06:46:44,REAL,2745716983,488,2745717471,2745717471
2025-06-19 06:46:46,REAL,2745717471,482,2745717953,2745717953
2025-06-19 06:46:48,REAL,2745717953,488,2745718441,2745718441
2025-06-19 06:46:50,REAL,2745718441,486,2745718927,2745718927
2025-06-19 06:46:52,REAL,2745718927,482,2745719409,2745719409
2025-06-19 06:46:54,REAL,2745719409,480,2745719889,2745719889
2025-06-19 06:46:56,REAL,2745719889,478,2745720367,2745720367
2025-06-19 06:46:58,REAL,2745720367,475,2745720842,2745720842
2025-06-19 06:47:00,REAL,2745720842,548,2745721390,2745721390
2025-06-19 06:47:02,REAL,2745721390,483,2745721873,2745721873
2025-06-19 06:47:04,REAL,2745721873,485,2745722358,2745722358
2025-06-19 06:47:06,REAL,2745722358,492,2745722850,2745722850
2025-06-19 06:47:08,REAL,2745722850,541,2745723391,2745723391
2025-06-19 06:47:10,REAL,2745723391,486,2745723877,2745723877
2025-06-19 06:47:12,REAL,2745723877,485,2745724362,2745724362
2025-06-19 06:47:14,REAL,2745724362,482,2745724844,2745724844
2025-06-19 06:47:16,REAL,2745724844,485,2745725329,2745725329
2025-06-19 06:47:18,REAL,2745725329,482,2745725811,2745725811
2025-06-19 06:47:20,REAL,2745725811,493,2745726304,2745726304
2025-06-19 06:47:22,REAL,2745726304,489,2745726793,2745726793
2025-06-19 06:47:24,REAL,2745726793,487,2745727280,2745727280
2025-06-19 06:47:26,REAL,2745727280,492,2745727772,2745727772
2025-06-19 06:47:28,REAL,2745727772,480,2745728252,2745728252
2025-06-19 06:47:30,REAL,2745728252,487,2745728739,2745728739
2025-06-19 06:47:32,REAL,2745728739,482,2745729221,2745729221
2025-06-19 06:47:34,REAL,2745729221,484,2745729705,2745729705
2025-06-19 06:47:36,REAL,2745729705,480,2745730185,2745730185
2025-06-19 06:47:38,REAL,2745730185,483,2745730668,2745730668
2025-06-19 06:47:40,REAL,2745730668,603,2745731271,2745731271
2025-06-19 06:47:42,REAL,2745731271,483,2745731754,2745731754
2025-06-19 06:47:44,REAL,2745731754,486,2745732240,2745732240
2025-06-19 06:47:46,REAL,2745732240,485,2745732725,2745732725
2025-06-19 06:47:48,REAL,2745732725,478,2745733203,2745733203
2025-06-19 06:47:50,REAL,2745733203,474,2745733677,2745733677
2025-06-19 06:47:52,REAL,2745733677,475,2745734152,2745734152
2025-06-19 06:47:54,REAL,2745734152,484,2745734636,2745734636
2025-06-19 06:47:56,REAL,2745734636,479,2745735115,2745735115
2025-06-19 06:47:58,REAL,2745735115,489,2745735604,2745735604
2025-06-19 06:48:00,REAL,2745735604,481,2745736085,2745736085
2025-06-19 06:48:02,REAL,2745736085,484,2745736569,2745736569
2025-06-19 06:48:04,REAL,2745736569,484,2745737053,2745737053
2025-06-19 06:48:06,REAL,2745737053,481,2745737534,2745737534
2025-06-19 06:48:08,REAL,2745737534,546,2745738080,2745738080
2025-06-19 06:48:10,REAL,2745738080,492,2745738572,2745738572
2025-06-19 06:48:12,REAL,2745738572,481,2745739053,2745739053
2025-06-19 06:48:14,REAL,2745739053,488,2745739541,2745739541
2025-06-19 06:48:16,REAL,2745739541,2338,2745741879,2745741879
2025-06-19 06:48:18,REAL,2745741879,12169,2745754048,2745754048
2025-06-19 06:48:20,REAL,2745754048,10308,2745764356,2745764356
2025-06-19 06:48:22,REAL,2745764356,10252,2745774608,2745774608
2025-06-19 06:48:24,REAL,2745774608,10252,2745784860,2745784860
2025-06-19 06:48:26,REAL,2745784860,10256,2745795116,2745795116
2025-06-19 06:48:28,REAL,2745795116,10251,2745805367,2745805367
2025-06-19 06:48:30,REAL,2745805367,10324,2745815691,2745815691
2025-06-19 06:48:32,REAL,2745815691,3714,2745819405,2745819405
2025-06-19 06:48:34,REAL,2745819405,475,2745819880,2745819880
2025-06-19 06:48:36,REAL,2745819880,483,2745820363,2745820363
2025-06-19 06:48:38,REAL,2745820363,482,2745820845,2745820845
2025-06-19 06:48:40,REAL,2745820845,491,2745821336,2745821336
2025-06-19 06:48:42,REAL,2745821336,476,2745821812,2745821812
2025-06-19 06:48:44,REAL,2745821812,486,2745822298,2745822298
2025-06-19 06:48:46,REAL,2745822298,492,2745822790,2745822790
2025-06-19 06:48:48,REAL,2745822790,2934,2745825724,2745825724
2025-06-19 06:48:50,REAL,2745825724,11768,2745837492,2745837492
2025-06-19 06:48:52,REAL,2745837492,10248,2745847740,2745847740
2025-06-19 06:48:54,REAL,2745847740,10257,2745857997,2745857997
2025-06-19 06:48:56,REAL,2745857997,10305,2745868302,2745868302
2025-06-19 06:48:58,REAL,2745868302,10243,2745878545,2745878545
2025-06-19 06:49:00,REAL,2745878545,10249,2745888794,2745888794
2025-06-19 06:49:02,REAL,2745888794,10258,2745899052,2745899052
2025-06-19 06:49:04,REAL,2745899052,3116,2745902168,2745902168
2025-06-19 06:49:06,REAL,2745902168,476,2745902644,2745902644
2025-06-19 06:49:08,REAL,2745902644,484,2745903128,2745903128
2025-06-19 06:49:10,REAL,2745903128,491,2745903619,2745903619
2025-06-19 06:49:12,REAL,2745903619,492,2745904111,2745904111
2025-06-19 06:49:14,REAL,2745904111,476,2745904587,2745904587
2025-06-19 06:49:16,REAL,2745904587,482,2745905069,2745905069
2025-06-19 06:49:18,REAL,2745905069,478,2745905547,2745905547
2025-06-19 06:49:20,REAL,2745905547,487,2745906034,2745906034
2025-06-19 06:49:22,REAL,2745906034,481,2745906515,2745906515
2025-06-19 06:49:24,REAL,2745906515,490,2745907005,2745907005
2025-06-19 06:49:26,REAL,2745907005,478,2745907483,2745907483
2025-06-19 06:49:28,REAL,2745907483,547,2745908030,2745908030
2025-06-19 06:49:30,REAL,2745908030,490,2745908520,2745908520
2025-06-19 06:49:32,REAL,2745908520,491,2745909011,2745909011
2025-06-19 06:49:34,REAL,2745909011,485,2745909496,2745909496
2025-06-19 06:49:36,REAL,2745909496,485,2745909981,2745909981
2025-06-19 06:49:38,REAL,2745909981,476,2745910457,2745910457
2025-06-19 06:49:40,REAL,2745910457,491,2745910948,2745910948
2025-06-19 06:49:42,REAL,2745910948,542,2745911490,2745911490
2025-06-19 06:49:44,REAL,2745911490,483,2745911973,2745911973
2025-06-19 06:49:46,REAL,2745911973,479,2745912452,2745912452
2025-06-19 06:49:48,REAL,2745912452,482,2745912934,2745912934
2025-06-19 06:49:50,REAL,2745912934,485,2745913419,2745913419
2025-06-19 06:49:52,REAL,2745913419,535,2745913954,2745913954
2025-06-19 06:49:54,REAL,2745913954,484,2745914438,2745914438
2025-06-19 06:49:56,REAL,2745914438,478,2745914916,2745914916
2025-06-19 06:49:58,REAL,2745914916,10519,2745925435,2745925435
2025-06-19 06:50:00,REAL,2745925435,10386,2745935821,2745935821
2025-06-19 06:50:02,REAL,2745935821,10254,2745946075,2745946075
2025-06-19 06:50:04,REAL,2745946075,10320,2745956395,2745956395
2025-06-19 06:50:06,REAL,2745956395,10256,2745966651,2745966651
2025-06-19 06:50:08,REAL,2745966651,10254,2745976905,2745976905
2025-06-19 06:50:10,REAL,2745976905,10259,2745987164,2745987164
2025-06-19 06:50:12,REAL,2745987164,6763,2745993927,2745993927
2025-06-19 06:50:14,REAL,2745993927,481,2745994408,2745994408
2025-06-19 06:50:16,REAL,2745994408,479,2745994887,2745994887
2025-06-19 06:50:18,REAL,2745994887,478,2745995365,2745995365
2025-06-19 06:50:20,REAL,2745995365,482,2745995847,2745995847
2025-06-19 06:50:22,REAL,2745995847,542,2745996389,2745996389
2025-06-19 06:50:24,REAL,2745996389,489,2745996878,2745996878
2025-06-19 06:50:26,REAL,2745996878,484,2745997362,2745997362
2025-06-19 06:50:28,REAL,2745997362,487,2745997849,2745997849
2025-06-19 06:50:30,REAL,2745997849,11763,2746009612,2746009612
2025-06-19 06:50:32,REAL,2746009612,10322,2746019934,2746019934
2025-06-19 06:50:34,REAL,2746019934,10254,2746030188,2746030188
2025-06-19 06:50:36,REAL,2746030188,10014,2746040202,2746040202
2025-06-19 06:50:38,REAL,2746040202,10248,2746050450,2746050450
2025-06-19 06:50:40,REAL,2746050450,10260,2746060710,2746060710
2025-06-19 06:50:42,REAL,2746060710,10256,2746070966,2746070966
2025-06-19 06:50:44,REAL,2746070966,6159,2746077125,2746077125
2025-06-19 06:50:46,REAL,2746077125,491,2746077616,2746077616
2025-06-19 06:50:48,REAL,2746077616,477,2746078093,2746078093
2025-06-19 06:50:50,REAL,2746078093,490,2746078583,2746078583
2025-06-19 06:50:52,REAL,2746078583,483,2746079066,2746079066
2025-06-19 06:50:54,REAL,2746079066,538,2746079604,2746079604
2025-06-19 06:50:56,REAL,2746079604,492,2746080096,2746080096
2025-06-19 06:50:58,REAL,2746080096,485,2746080581,2746080581
2025-06-19 06:51:00,REAL,2746080581,486,2746081067,2746081067
2025-06-19 06:51:02,REAL,2746081067,477,2746081544,2746081544
2025-06-19 06:51:04,REAL,2746081544,485,2746082029,2746082029
2025-06-19 06:51:06,REAL,2746082029,486,2746082515,2746082515
2025-06-19 06:51:08,REAL,2746082515,479,2746082994,2746082994
2025-06-19 06:51:10,REAL,2746082994,478,2746083472,2746083472
2025-06-19 06:51:12,REAL,2746083472,476,2746083948,2746083948
2025-06-19 06:51:14,REAL,2746083948,475,2746084423,2746084423
2025-06-19 06:51:16,REAL,2746084423,530,2746084953,2746084953
2025-06-19 06:51:18,REAL,2746084953,486,2746085439,2746085439
2025-06-19 06:51:20,REAL,2746085439,540,2746085979,2746085979
2025-06-19 06:51:22,REAL,2746085979,487,2746086466,2746086466
2025-06-19 06:51:24,REAL,2746086466,484,2746086950,2746086950
2025-06-19 06:51:26,REAL,2746086950,489,2746087439,2746087439
2025-06-19 06:51:28,REAL,2746087439,482,2746087921,2746087921
2025-06-19 06:51:30,REAL,2746087921,480,2746088401,2746088401
2025-06-19 06:51:32,REAL,2746088401,480,2746088881,2746088881
2025-06-19 06:51:34,REAL,2746088881,485,2746089366,2746089366
2025-06-19 06:51:36,REAL,2746089366,489,2746089855,2746089855
2025-06-19 06:51:38,REAL,2746089855,478,2746090333,2746090333
2025-06-19 06:51:40,REAL,2746090333,482,2746090815,2746090815
2025-06-19 06:51:42,REAL,2746090815,485,2746091300,2746091300
2025-06-19 06:51:44,REAL,2746091300,485,2746091785,2746091785
2025-06-19 06:51:46,REAL,2746091785,544,2746092329,2746092329
2025-06-19 06:51:48,REAL,2746092329,487,2746092816,2746092816
2025-06-19 06:51:50,REAL,2746092816,487,2746093303,2746093303
2025-06-19 06:51:52,REAL,2746093303,484,2746093787,2746093787
2025-06-19 06:51:54,REAL,2746093787,490,2746094277,2746094277
2025-06-19 06:51:56,REAL,2746094277,486,2746094763,2746094763
2025-06-19 06:51:58,REAL,2746094763,482,2746095245,2746095245
2025-06-19 06:52:00,REAL,2746095245,481,2746095726,2746095726
2025-06-19 06:52:02,REAL,2746095726,487,2746096213,2746096213
2025-06-19 06:52:04,REAL,2746096213,544,2746096757,2746096757
2025-06-19 06:52:06,REAL,2746096757,486,2746097243,2746097243
2025-06-19 06:52:08,REAL,2746097243,491,2746097734,2746097734
2025-06-19 06:52:10,REAL,2746097734,488,2746098222,2746098222
2025-06-19 06:52:12,REAL,2746098222,548,2746098770,2746098770
2025-06-19 06:52:14,REAL,2746098770,482,2746099252,2746099252
2025-06-19 06:52:16,REAL,2746099252,490,2746099742,2746099742
2025-06-19 06:52:18,REAL,2746099742,483,2746100225,2746100225
2025-06-19 06:52:20,REAL,2746100225,483,2746100708,2746100708
2025-06-19 06:52:22,REAL,2746100708,481,2746101189,2746101189
2025-06-19 06:52:24,REAL,2746101189,486,2746101675,2746101675
2025-06-19 06:52:26,REAL,2746101675,492,2746102167,2746102167
2025-06-19 06:52:28,REAL,2746102167,490,2746102657,2746102657
2025-06-19 06:52:30,REAL,2746102657,476,2746103133,2746103133
2025-06-19 06:52:32,REAL,2746103133,483,2746103616,2746103616
2025-06-19 06:52:34,REAL,2746103616,478,2746104094,2746104094
2025-06-19 06:52:36,REAL,2746104094,484,2746104578,2746104578
2025-06-19 06:52:38,REAL,2746104578,549,2746105127,2746105127
2025-06-19 06:52:40,REAL,2746105127,486,2746105613,2746105613
2025-06-19 06:52:42,REAL,2746105613,485,2746106098,2746106098
2025-06-19 06:52:44,REAL,2746106098,488,2746106586,2746106586
2025-06-19 06:52:46,REAL,2746106586,484,2746107070,2746107070
2025-06-19 06:52:48,REAL,2746107070,491,2746107561,2746107561
2025-06-19 06:52:50,REAL,2746107561,539,2746108100,2746108100
2025-06-19 06:52:52,REAL,2746108100,729,2746108829,2746108829
2025-06-19 06:52:54,REAL,2746108829,239,2746109068,2746109068
2025-06-19 06:52:56,REAL,2746109068,479,2746109547,2746109547
2025-06-19 06:52:58,REAL,2746109547,481,2746110028,2746110028
2025-06-19 06:53:00,REAL,2746110028,481,2746110509,2746110509
2025-06-19 06:53:02,REAL,2746110509,542,2746111051,2746111051
2025-06-19 06:53:04,REAL,2746111051,489,2746111540,2746111540
2025-06-19 06:53:06,REAL,2746111540,480,2746112020,2746112020
2025-06-19 06:53:08,REAL,2746112020,474,2746112494,2746112494
2025-06-19 06:53:10,REAL,2746112494,476,2746112970,2746112970
2025-06-19 06:53:12,REAL,2746112970,481,2746113451,2746113451
2025-06-19 06:53:14,REAL,2746113451,479,2746113930,2746113930
2025-06-19 06:53:16,REAL,2746113930,485,2746114415,2746114415
2025-06-19 06:53:18,REAL,2746114415,474,2746114889,2746114889
2025-06-19 06:53:20,REAL,2746114889,485,2746115374,2746115374
2025-06-19 06:53:22,REAL,2746115374,484,2746115858,2746115858
2025-06-19 06:53:24,REAL,2746115858,486,2746116344,2746116344
2025-06-19 06:53:26,REAL,2746116344,480,2746116824,2746116824
2025-06-19 06:53:28,REAL,2746116824,531,2746117355,2746117355
2025-06-19 06:53:30,REAL,2746117355,491,2746117846,2746117846
2025-06-19 06:53:32,REAL,2746117846,491,2746118337,2746118337
2025-06-19 06:53:34,REAL,2746118337,481,2746118818,2746118818
2025-06-19 06:53:36,REAL,2746118818,488,2746119306,2746119306
2025-06-19 06:53:38,REAL,2746119306,546,2746119852,2746119852
2025-06-19 06:53:40,REAL,2746119852,480,2746120332,2746120332
2025-06-19 06:53:42,REAL,2746120332,493,2746120825,2746120825
2025-06-19 06:53:44,REAL,2746120825,490,2746121315,2746121315
2025-06-19 06:53:46,REAL,2746121315,476,2746121791,2746121791
2025-06-19 06:53:48,REAL,2746121791,483,2746122274,2746122274
2025-06-19 06:53:50,REAL,2746122274,493,2746122767,2746122767
2025-06-19 06:53:52,REAL,2746122767,487,2746123254,2746123254
2025-06-19 06:53:54,REAL,2746123254,531,2746123785,2746123785
2025-06-19 06:53:56,REAL,2746123785,489,2746124274,2746124274
2025-06-19 06:53:58,REAL,2746124274,481,2746124755,2746124755
2025-06-19 06:54:00,REAL,2746124755,477,2746125232,2746125232
2025-06-19 06:54:02,REAL,2746125232,475,2746125707,2746125707
2025-06-19 06:54:04,REAL,2746125707,490,2746126197,2746126197
2025-06-19 06:54:06,REAL,2746126197,478,2746126675,2746126675
2025-06-19 06:54:08,REAL,2746126675,489,2746127164,2746127164
2025-06-19 06:54:10,REAL,2746127164,482,2746127646,2746127646
2025-06-19 06:54:12,REAL,2746127646,489,2746128135,2746128135
2025-06-19 06:54:14,REAL,2746128135,483,2746128618,2746128618
2025-06-19 06:54:16,REAL,2746128618,545,2746129163,2746129163
2025-06-19 06:54:18,REAL,2746129163,480,2746129643,2746129643
2025-06-19 06:54:20,REAL,2746129643,482,2746130125,2746130125
2025-06-19 06:54:22,REAL,2746130125,477,2746130602,2746130602
2025-06-19 06:54:24,REAL,2746130602,493,2746131095,2746131095
2025-06-19 06:54:26,REAL,2746131095,486,2746131581,2746131581
2025-06-19 06:54:28,REAL,2746131581,491,2746132072,2746132072
2025-06-19 06:54:30,REAL,2746132072,480,2746132552,2746132552
2025-06-19 06:54:32,REAL,2746132552,487,2746133039,2746133039
2025-06-19 06:54:34,REAL,2746133039,485,2746133524,2746133524
2025-06-19 06:54:36,REAL,2746133524,484,2746134008,2746134008
2025-06-19 06:54:38,REAL,2746134008,484,2746134492,2746134492
2025-06-19 06:54:40,REAL,2746134492,547,2746135039,2746135039
2025-06-19 06:54:42,REAL,2746135039,477,2746135516,2746135516
2025-06-19 06:54:44,REAL,2746135516,489,2746136005,2746136005
2025-06-19 06:54:46,REAL,2746136005,483,2746136488,2746136488
2025-06-19 06:54:48,REAL,2746136488,479,2746136967,2746136967
2025-06-19 06:54:50,REAL,2746136967,489,2746137456,2746137456
2025-06-19 06:54:52,REAL,2746137456,483,2746137939,2746137939
2025-06-19 06:54:54,REAL,2746137939,486,2746138425,2746138425
2025-06-19 06:54:56,REAL,2746138425,538,2746138963,2746138963
2025-06-19 06:54:58,REAL,2746138963,475,2746139438,2746139438
2025-06-19 06:55:00,REAL,2746139438,480,2746139918,2746139918
2025-06-19 06:55:02,REAL,2746139918,487,2746140405,2746140405
2025-06-19 06:55:04,REAL,2746140405,482,2746140887,2746140887
2025-06-19 06:55:06,REAL,2746140887,487,2746141374,2746141374
2025-06-19 06:55:08,REAL,2746141374,484,2746141858,2746141858
2025-06-19 06:55:10,REAL,2746141858,479,2746142337,2746142337
2025-06-19 06:55:12,REAL,2746142337,488,2746142825,2746142825
2025-06-19 06:55:14,REAL,2746142825,487,2746143312,2746143312
2025-06-19 06:55:16,REAL,2746143312,480,2746143792,2746143792
2025-06-19 06:55:18,REAL,2746143792,485,2746144277,2746144277
2025-06-19 06:55:20,REAL,2746144277,481,2746144758,2746144758
2025-06-19 06:55:22,REAL,2746144758,485,2746145243,2746145243
2025-06-19 06:55:24,REAL,2746145243,488,2746145731,2746145731
2025-06-19 06:55:26,REAL,2746145731,488,2746146219,2746146219
2025-06-19 06:55:28,REAL,2746146219,539,2746146758,2746146758
2025-06-19 06:55:30,REAL,2746146758,484,2746147242,2746147242
2025-06-19 06:55:32,REAL,2746147242,478,2746147720,2746147720
2025-06-19 06:55:34,REAL,2746147720,542,2746148262,2746148262
2025-06-19 06:55:36,REAL,2746148262,486,2746148748,2746148748
2025-06-19 06:55:38,REAL,2746148748,489,2746149237,2746149237
2025-06-19 06:55:40,REAL,2746149237,491,2746149728,2746149728
2025-06-19 06:55:42,REAL,2746149728,488,2746150216,2746150216
2025-06-19 06:55:44,REAL,2746150216,474,2746150690,2746150690
2025-06-19 06:55:46,REAL,2746150690,490,2746151180,2746151180
2025-06-19 06:55:48,REAL,2746151180,482,2746151662,2746151662
2025-06-19 06:55:50,REAL,2746151662,488,2746152150,2746152150
2025-06-19 06:55:52,REAL,2746152150,489,2746152639,2746152639
2025-06-19 06:55:54,REAL,2746152639,480,2746153119,2746153119
2025-06-19 06:55:56,REAL,2746153119,483,2746153602,2746153602
2025-06-19 06:55:58,REAL,2746153602,488,2746154090,2746154090
2025-06-19 06:56:00,REAL,2746154090,482,2746154572,2746154572
2025-06-19 06:56:02,REAL,2746154572,481,2746155053,2746155053
2025-06-19 06:56:04,REAL,2746155053,483,2746155536,2746155536
2025-06-19 06:56:06,REAL,2746155536,482,2746156018,2746156018
2025-06-19 06:56:08,REAL,2746156018,490,2746156508,2746156508
2025-06-19 06:56:10,REAL,2746156508,492,2746157000,2746157000
2025-06-19 06:56:12,REAL,2746157000,539,2746157539,2746157539
2025-06-19 06:56:14,REAL,2746157539,541,2746158080,2746158080
2025-06-19 06:56:16,REAL,2746158080,483,2746158563,2746158563
2025-06-19 06:56:18,REAL,2746158563,490,2746159053,2746159053
2025-06-19 06:56:20,REAL,2746159053,480,2746159533,2746159533
2025-06-19 06:56:22,REAL,2746159533,479,2746160012,2746160012
2025-06-19 06:56:24,REAL,2746160012,486,2746160498,2746160498
2025-06-19 06:56:26,REAL,2746160498,475,2746160973,2746160973
2025-06-19 06:56:28,REAL,2746160973,486,2746161459,2746161459
2025-06-19 06:56:30,REAL,2746161459,486,2746161945,2746161945
2025-06-19 06:56:32,REAL,2746161945,487,2746162432,2746162432
2025-06-19 06:56:34,REAL,2746162432,484,2746162916,2746162916
2025-06-19 06:56:36,REAL,2746162916,483,2746163399,2746163399
2025-06-19 06:56:38,REAL,2746163399,483,2746163882,2746163882
2025-06-19 06:56:40,REAL,2746163882,479,2746164361,2746164361
2025-06-19 06:56:42,REAL,2746164361,477,2746164838,2746164838
2025-06-19 06:56:44,REAL,2746164838,480,2746165318,2746165318
2025-06-19 06:56:46,REAL,2746165318,475,2746165793,2746165793
2025-06-19 06:56:48,REAL,2746165793,487,2746166280,2746166280
2025-06-19 06:56:50,REAL,2746166280,482,2746166762,2746166762
2025-06-19 06:56:52,REAL,2746166762,532,2746167294,2746167294
2025-06-19 06:56:54,REAL,2746167294,492,2746167786,2746167786
2025-06-19 06:56:56,REAL,2746167786,484,2746168270,2746168270
2025-06-19 06:56:58,REAL,2746168270,538,2746168808,2746168808
2025-06-19 06:57:00,REAL,2746168808,490,2746169298,2746169298
2025-06-19 06:57:02,REAL,2746169298,476,2746169774,2746169774
2025-06-19 06:57:04,REAL,2746169774,483,2746170257,2746170257
2025-06-19 06:57:06,REAL,2746170257,9933,2746180190,2746180190
2025-06-19 06:57:08,REAL,2746180190,10717,2746190907,2746190907
2025-06-19 06:57:10,REAL,2746190907,10243,2746201150,2746201150
2025-06-19 06:57:12,REAL,2746201150,10257,2746211407,2746211407
2025-06-19 06:57:14,REAL,2746211407,10309,2746221716,2746221716
2025-06-19 06:57:16,REAL,2746221716,10254,2746231970,2746231970
2025-06-19 06:57:18,REAL,2746231970,10245,2746242215,2746242215
2025-06-19 06:57:20,REAL,2746242215,8940,2746251155,2746251155
2025-06-19 06:57:22,REAL,2746251155,488,2746251643,2746251643
2025-06-19 06:57:24,REAL,2746251643,488,2746252131,2746252131
2025-06-19 06:57:26,REAL,2746252131,486,2746252617,2746252617
2025-06-19 06:57:28,REAL,2746252617,487,2746253104,2746253104
2025-06-19 06:57:30,REAL,2746253104,485,2746253589,2746253589
2025-06-19 06:57:32,REAL,2746253589,542,2746254131,2746254131
2025-06-19 06:57:34,REAL,2746254131,484,2746254615,2746254615
2025-06-19 06:57:36,REAL,2746254615,484,2746255099,2746255099
2025-06-19 06:57:38,REAL,2746255099,485,2746255584,2746255584
2025-06-19 06:57:40,REAL,2746255584,487,2746256071,2746256071
2025-06-19 06:57:42,REAL,2746256071,479,2746256550,2746256550
2025-06-19 06:57:44,REAL,2746256550,480,2746257030,2746257030
2025-06-19 06:57:46,REAL,2746257030,493,2746257523,2746257523
2025-06-19 06:57:48,REAL,2746257523,491,2746258014,2746258014
2025-06-19 06:57:50,REAL,2746258014,544,2746258558,2746258558
2025-06-19 06:57:52,REAL,2746258558,478,2746259036,2746259036
2025-06-19 06:57:54,REAL,2746259036,493,2746259529,2746259529
2025-06-19 06:57:56,REAL,2746259529,481,2746260010,2746260010
2025-06-19 06:57:58,REAL,2746260010,488,2746260498,2746260498
2025-06-19 06:58:00,REAL,2746260498,488,2746260986,2746260986
2025-06-19 06:58:02,REAL,2746260986,486,2746261472,2746261472
2025-06-19 06:58:04,REAL,2746261472,480,2746261952,2746261952
2025-06-19 06:58:06,REAL,2746261952,488,2746262440,2746262440
2025-06-19 06:58:08,REAL,2746262440,485,2746262925,2746262925
2025-06-19 06:58:10,REAL,2746262925,541,2746263466,2746263466
2025-06-19 06:58:12,REAL,2746263466,484,2746263950,2746263950
2025-06-19 06:58:14,REAL,2746263950,476,2746264426,2746264426
2025-06-19 06:58:16,REAL,2746264426,486,2746264912,2746264912
2025-06-19 06:58:18,REAL,2746264912,487,2746265399,2746265399
2025-06-19 06:58:20,REAL,2746265399,492,2746265891,2746265891
2025-06-19 06:58:22,REAL,2746265891,483,2746266374,2746266374
2025-06-19 06:58:24,REAL,2746266374,485,2746266859,2746266859
2025-06-19 06:58:26,REAL,2746266859,483,2746267342,2746267342
2025-06-19 06:58:28,REAL,2746267342,489,2746267831,2746267831
2025-06-19 06:58:30,REAL,2746267831,3862,2746271693,2746271693
2025-06-19 06:58:32,REAL,2746271693,11050,2746282743,2746282743
2025-06-19 06:58:34,REAL,2746282743,10319,2746293062,2746293062
2025-06-19 06:58:36,REAL,2746293062,10317,2746303379,2746303379
2025-06-19 06:58:38,REAL,2746303379,10322,2746313701,2746313701
2025-06-19 06:58:40,REAL,2746313701,10320,2746324021,2746324021
2025-06-19 06:58:42,REAL,2746324021,10321,2746334342,2746334342
2025-06-19 06:58:44,REAL,2746334342,10249,2746344591,2746344591
2025-06-19 06:58:46,REAL,2746344591,2468,2746347059,2746347059
2025-06-19 06:58:48,REAL,2746347059,480,2746347539,2746347539
2025-06-19 06:58:50,REAL,2746347539,486,2746348025,2746348025
2025-06-19 06:58:52,REAL,2746348025,9861,2746357886,2746357886
2025-06-19 06:58:54,REAL,2746357886,10254,2746368140,2746368140
2025-06-19 06:58:56,REAL,2746368140,10305,2746378445,2746378445
2025-06-19 06:58:58,REAL,2746378445,10246,2746388691,2746388691
2025-06-19 06:59:00,REAL,2746388691,10313,2746399004,2746399004
2025-06-19 06:59:02,REAL,2746399004,10250,2746409254,2746409254
2025-06-19 06:59:04,REAL,2746409254,10252,2746419506,2746419506
2025-06-19 06:59:06,REAL,2746419506,6957,2746426463,2746426463
2025-06-19 06:59:08,REAL,2746426463,478,2746426941,2746426941
2025-06-19 06:59:10,REAL,2746426941,479,2746427420,2746427420
2025-06-19 06:59:12,REAL,2746427420,479,2746427899,2746427899
2025-06-19 06:59:14,REAL,2746427899,483,2746428382,2746428382
2025-06-19 06:59:16,REAL,2746428382,484,2746428866,2746428866
2025-06-19 06:59:18,REAL,2746428866,490,2746429356,2746429356
2025-06-19 06:59:20,REAL,2746429356,479,2746429835,2746429835
2025-06-19 06:59:22,REAL,2746429835,480,2746430315,2746430315
2025-06-19 06:59:24,REAL,2746430315,11243,2746441558,2746441558
2025-06-19 06:59:26,REAL,2746441558,10326,2746451884,2746451884
2025-06-19 06:59:28,REAL,2746451884,10251,2746462135,2746462135
2025-06-19 06:59:30,REAL,2746462135,10259,2746472394,2746472394
2025-06-19 06:59:32,REAL,2746472394,10254,2746482648,2746482648
2025-06-19 06:59:34,REAL,2746482648,10251,2746492899,2746492899
2025-06-19 06:59:36,REAL,2746492899,10315,2746503214,2746503214
2025-06-19 06:59:38,REAL,2746503214,6292,2746509506,2746509506
2025-06-19 06:59:40,REAL,2746509506,476,2746509982,2746509982
2025-06-19 06:59:42,REAL,2746509982,535,2746510517,2746510517
2025-06-19 06:59:44,REAL,2746510517,478,2746510995,2746510995
2025-06-19 06:59:46,REAL,2746510995,481,2746511476,2746511476
2025-06-19 06:59:48,REAL,2746511476,483,2746511959,2746511959
2025-06-19 06:59:50,REAL,2746511959,479,2746512438,2746512438
2025-06-19 06:59:52,REAL,2746512438,490,2746512928,2746512928
2025-06-19 06:59:54,REAL,2746512928,490,2746513418,2746513418
2025-06-19 06:59:56,REAL,2746513418,11454,2746524872,2746524872
2025-06-19 06:59:58,REAL,2746524872,10257,2746535129,2746535129
2025-06-19 07:00:00,REAL,2746535129,10250,2746545379,2746545379
2025-06-19 07:00:02,REAL,2746545379,10255,2746555634,2746555634
2025-06-19 07:00:04,REAL,2746555634,10244,2746565878,2746565878
2025-06-19 07:00:06,REAL,2746565878,10255,2746576133,2746576133
2025-06-19 07:00:08,REAL,2746576133,10324,2746586457,2746586457
2025-06-19 07:00:10,REAL,2746586457,5700,2746592157,2746592157
2025-06-19 07:00:12,REAL,2746592157,477,2746592634,2746592634
2025-06-19 07:00:14,REAL,2746592634,487,2746593121,2746593121
2025-06-19 07:00:16,REAL,2746593121,6363,2746599484,2746599484
2025-06-19 07:00:18,REAL,2746599484,11176,2746610660,2746610660
2025-06-19 07:00:20,REAL,2746610660,10253,2746620913,2746620913
2025-06-19 07:00:22,REAL,2746620913,10254,2746631167,2746631167
2025-06-19 07:00:24,REAL,2746631167,10325,2746641492,2746641492
2025-06-19 07:00:26,REAL,2746641492,10254,2746651746,2746651746
2025-06-19 07:00:28,REAL,2746651746,10253,2746661999,2746661999
2025-06-19 07:00:30,REAL,2746661999,10375,2746672374,2746672374
2025-06-19 07:00:32,REAL,2746672374,490,2746672864,2746672864
2025-06-19 07:00:34,REAL,2746672864,484,2746673348,2746673348
2025-06-19 07:00:36,REAL,2746673348,482,2746673830,2746673830
2025-06-19 07:00:38,REAL,2746673830,484,2746674314,2746674314
2025-06-19 07:00:40,REAL,2746674314,481,2746674795,2746674795
2025-06-19 07:00:42,REAL,2746674795,487,2746675282,2746675282
2025-06-19 07:00:44,REAL,2746675282,480,2746675762,2746675762
2025-06-19 07:00:46,REAL,2746675762,484,2746676246,2746676246
2025-06-19 07:00:48,REAL,2746676246,7891,2746684137,2746684137
2025-06-19 07:00:50,REAL,2746684137,13223,2746697360,2746697360
2025-06-19 07:00:52,REAL,2746697360,10249,2746707609,2746707609
2025-06-19 07:00:54,REAL,2746707609,10258,2746717867,2746717867
2025-06-19 07:00:56,REAL,2746717867,10251,2746728118,2746728118
2025-06-19 07:00:58,REAL,2746728118,10250,2746738368,2746738368
2025-06-19 07:01:00,REAL,2746738368,10250,2746748618,2746748618
2025-06-19 07:01:02,REAL,2746748618,9658,2746758276,2746758276
2025-06-19 07:01:04,REAL,2746758276,492,2746758768,2746758768
2025-06-19 07:01:06,REAL,2746758768,486,2746759254,2746759254
2025-06-19 07:01:08,REAL,2746759254,476,2746759730,2746759730
2025-06-19 07:01:10,REAL,2746759730,485,2746760215,2746760215
2025-06-19 07:01:12,REAL,2746760215,481,2746760696,2746760696
2025-06-19 07:01:14,REAL,2746760696,483,2746761179,2746761179
2025-06-19 07:01:16,REAL,2746761179,537,2746761716,2746761716
2025-06-19 07:01:18,REAL,2746761716,481,2746762197,2746762197
2025-06-19 07:01:20,REAL,2746762197,480,2746762677,2746762677
2025-06-19 07:01:22,REAL,2746762677,486,2746763163,2746763163
2025-06-19 07:01:24,REAL,2746763163,477,2746763640,2746763640
2025-06-19 07:01:26,REAL,2746763640,486,2746764126,2746764126
2025-06-19 07:01:28,REAL,2746764126,494,2746764620,2746764620
2025-06-19 07:01:30,REAL,2746764620,537,2746765157,2746765157
2025-06-19 07:01:32,REAL,2746765157,481,2746765638,2746765638
2025-06-19 07:01:34,REAL,2746765638,483,2746766121,2746766121
2025-06-19 07:01:36,REAL,2746766121,490,2746766611,2746766611
2025-06-19 07:01:38,REAL,2746766611,484,2746767095,2746767095
2025-06-19 07:01:40,REAL,2746767095,488,2746767583,2746767583
2025-06-19 07:01:42,REAL,2746767583,483,2746768066,2746768066
2025-06-19 07:01:44,REAL,2746768066,484,2746768550,2746768550
2025-06-19 07:01:46,REAL,2746768550,484,2746769034,2746769034
2025-06-19 07:01:48,REAL,2746769034,479,2746769513,2746769513
2025-06-19 07:01:50,REAL,2746769513,483,2746769996,2746769996
2025-06-19 07:01:52,REAL,2746769996,475,2746770471,2746770471
2025-06-19 07:01:54,REAL,2746770471,485,2746770956,2746770956
2025-06-19 07:01:56,REAL,2746770956,480,2746771436,2746771436
2025-06-19 07:01:58,REAL,2746771436,492,2746771928,2746771928
2025-06-19 07:02:00,REAL,2746771928,485,2746772413,2746772413
2025-06-19 07:02:02,REAL,2746772413,491,2746772904,2746772904
2025-06-19 07:02:04,REAL,2746772904,543,2746773447,2746773447
2025-06-19 07:02:06,REAL,2746773447,479,2746773926,2746773926
2025-06-19 07:02:08,REAL,2746773926,482,2746774408,2746774408
2025-06-19 07:02:10,REAL,2746774408,549,2746774957,2746774957
2025-06-19 07:02:12,REAL,2746774957,482,2746775439,2746775439
2025-06-19 07:02:14,REAL,2746775439,480,2746775919,2746775919
2025-06-19 07:02:16,REAL,2746775919,483,2746776402,2746776402
2025-06-19 07:02:18,REAL,2746776402,485,2746776887,2746776887
2025-06-19 07:02:20,REAL,2746776887,492,2746777379,2746777379
2025-06-19 07:02:22,REAL,2746777379,490,2746777869,2746777869
2025-06-19 07:02:24,REAL,2746777869,475,2746778344,2746778344
2025-06-19 07:02:26,REAL,2746778344,476,2746778820,2746778820
2025-06-19 07:02:28,REAL,2746778820,490,2746779310,2746779310
2025-06-19 07:02:30,REAL,2746779310,482,2746779792,2746779792
2025-06-19 07:02:32,REAL,2746779792,489,2746780281,2746780281
2025-06-19 07:02:34,REAL,2746780281,491,2746780772,2746780772
2025-06-19 07:02:36,REAL,2746780772,482,2746781254,2746781254
2025-06-19 07:02:38,REAL,2746781254,489,2746781743,2746781743
2025-06-19 07:02:40,REAL,2746781743,481,2746782224,2746782224
2025-06-19 07:02:42,REAL,2746782224,490,2746782714,2746782714
2025-06-19 07:02:44,REAL,2746782714,489,2746783203,2746783203
2025-06-19 07:02:46,REAL,2746783203,488,2746783691,2746783691
2025-06-19 07:02:48,REAL,2746783691,489,2746784180,2746784180
2025-06-19 07:02:50,REAL,2746784180,542,2746784722,2746784722
2025-06-19 07:02:52,REAL,2746784722,541,2746785263,2746785263
2025-06-19 07:02:54,REAL,2746785263,486,2746785749,2746785749
2025-06-19 07:02:56,REAL,2746785749,488,2746786237,2746786237
2025-06-19 07:02:58,REAL,2746786237,481,2746786718,2746786718
2025-06-19 07:03:00,REAL,2746786718,482,2746787200,2746787200
2025-06-19 07:03:02,REAL,2746787200,477,2746787677,2746787677
2025-06-19 07:03:04,REAL,2746787677,492,2746788169,2746788169
2025-06-19 07:03:06,REAL,2746788169,477,2746788646,2746788646
2025-06-19 07:03:08,REAL,2746788646,486,2746789132,2746789132
2025-06-19 07:03:10,REAL,2746789132,489,2746789621,2746789621
2025-06-19 07:03:12,REAL,2746789621,486,2746790107,2746790107
2025-06-19 07:03:14,REAL,2746790107,486,2746790593,2746790593
2025-06-19 07:03:16,REAL,2746790593,487,2746791080,2746791080
2025-06-19 07:03:18,REAL,2746791080,488,2746791568,2746791568
2025-06-19 07:03:20,REAL,2746791568,479,2746792047,2746792047
2025-06-19 07:03:22,REAL,2746792047,485,2746792532,2746792532
2025-06-19 07:03:24,REAL,2746792532,488,2746793020,2746793020
2025-06-19 07:03:26,REAL,2746793020,478,2746793498,2746793498
2025-06-19 07:03:28,REAL,2746793498,480,2746793978,2746793978
2025-06-19 07:03:30,REAL,2746793978,479,2746794457,2746794457
2025-06-19 07:03:32,REAL,2746794457,548,2746795005,2746795005
2025-06-19 07:03:34,REAL,2746795005,483,2746795488,2746795488
2025-06-19 07:03:36,REAL,2746795488,477,2746795965,2746795965
2025-06-19 07:03:38,REAL,2746795965,535,2746796500,2746796500
2025-06-19 07:03:40,REAL,2746796500,481,2746796981,2746796981
2025-06-19 07:03:42,REAL,2746796981,480,2746797461,2746797461
2025-06-19 07:03:44,REAL,2746797461,486,2746797947,2746797947
2025-06-19 07:03:46,REAL,2746797947,483,2746798430,2746798430
2025-06-19 07:03:48,REAL,2746798430,490,2746798920,2746798920
2025-06-19 07:03:50,REAL,2746798920,489,2746799409,2746799409
2025-06-19 07:03:52,REAL,2746799409,487,2746799896,2746799896
2025-06-19 07:03:54,REAL,2746799896,481,2746800377,2746800377
2025-06-19 07:03:56,REAL,2746800377,483,2746800860,2746800860
2025-06-19 07:03:58,REAL,2746800860,488,2746801348,2746801348
2025-06-19 07:04:00,REAL,2746801348,483,2746801831,2746801831
2025-06-19 07:04:02,REAL,2746801831,486,2746802317,2746802317
2025-06-19 07:04:04,REAL,2746802317,493,2746802810,2746802810
2025-06-19 07:04:06,REAL,2746802810,480,2746803290,2746803290
2025-06-19 07:04:08,REAL,2746803290,488,2746803778,2746803778
2025-06-19 07:04:10,REAL,2746803778,478,2746804256,2746804256
2025-06-19 07:04:12,REAL,2746804256,485,2746804741,2746804741
2025-06-19 07:04:14,REAL,2746804741,5761,2746810502,2746810502
2025-06-19 07:04:16,REAL,2746810502,11301,2746821803,2746821803
2025-06-19 07:04:18,REAL,2746821803,10259,2746832062,2746832062
2025-06-19 07:04:20,REAL,2746832062,10254,2746842316,2746842316
2025-06-19 07:04:22,REAL,2746842316,10315,2746852631,2746852631
2025-06-19 07:04:24,REAL,2746852631,10254,2746862885,2746862885
2025-06-19 07:04:26,REAL,2746862885,10243,2746873128,2746873128
2025-06-19 07:04:28,REAL,2746873128,10249,2746883377,2746883377
2025-06-19 07:04:30,REAL,2746883377,1005,2746884382,2746884382
2025-06-19 07:04:32,REAL,2746884382,486,2746884868,2746884868
2025-06-19 07:04:34,REAL,2746884868,488,2746885356,2746885356
2025-06-19 07:04:36,REAL,2746885356,493,2746885849,2746885849
2025-06-19 07:04:38,REAL,2746885849,484,2746886333,2746886333
2025-06-19 07:04:40,REAL,2746886333,484,2746886817,2746886817
2025-06-19 07:04:42,REAL,2746886817,484,2746887301,2746887301
2025-06-19 07:04:44,REAL,2746887301,535,2746887836,2746887836
2025-06-19 07:04:46,REAL,2746887836,481,2746888317,2746888317
2025-06-19 07:04:48,REAL,2746888317,478,2746888795,2746888795
2025-06-19 07:04:50,REAL,2746888795,488,2746889283,2746889283
2025-06-19 07:04:52,REAL,2746889283,485,2746889768,2746889768
2025-06-19 07:04:54,REAL,2746889768,475,2746890243,2746890243
2025-06-19 07:04:56,REAL,2746890243,481,2746890724,2746890724
2025-06-19 07:04:58,REAL,2746890724,483,2746891207,2746891207
2025-06-19 07:05:00,REAL,2746891207,490,2746891697,2746891697
2025-06-19 07:05:02,REAL,2746891697,488,2746892185,2746892185
2025-06-19 07:05:04,REAL,2746892185,546,2746892731,2746892731
2025-06-19 07:05:06,REAL,2746892731,484,2746893215,2746893215
2025-06-19 07:05:08,REAL,2746893215,482,2746893697,2746893697
2025-06-19 07:05:10,REAL,2746893697,547,2746894244,2746894244
2025-06-19 07:05:12,REAL,2746894244,490,2746894734,2746894734
2025-06-19 07:05:14,REAL,2746894734,489,2746895223,2746895223
2025-06-19 07:05:16,REAL,2746895223,486,2746895709,2746895709
2025-06-19 07:05:18,REAL,2746895709,484,2746896193,2746896193
2025-06-19 07:05:20,REAL,2746896193,482,2746896675,2746896675
2025-06-19 07:05:22,REAL,2746896675,474,2746897149,2746897149
2025-06-19 07:05:24,REAL,2746897149,490,2746897639,2746897639
2025-06-19 07:05:26,REAL,2746897639,479,2746898118,2746898118
2025-06-19 07:05:28,REAL,2746898118,484,2746898602,2746898602
2025-06-19 07:05:30,REAL,2746898602,483,2746899085,2746899085
2025-06-19 07:05:32,REAL,2746899085,477,2746899562,2746899562
2025-06-19 07:05:34,REAL,2746899562,479,2746900041,2746900041
2025-06-19 07:05:36,REAL,2746900041,483,2746900524,2746900524
2025-06-19 07:05:38,REAL,2746900524,488,2746901012,2746901012
2025-06-19 07:05:40,REAL,2746901012,539,2746901551,2746901551
2025-06-19 07:05:42,REAL,2746901551,487,2746902038,2746902038
2025-06-19 07:05:44,REAL,2746902038,481,2746902519,2746902519
2025-06-19 07:05:46,REAL,2746902519,484,2746903003,2746903003
2025-06-19 07:05:48,REAL,2746903003,538,2746903541,2746903541
2025-06-19 07:05:50,REAL,2746903541,486,2746904027,2746904027
2025-06-19 07:05:52,REAL,2746904027,486,2746904513,2746904513
2025-06-19 07:05:54,REAL,2746904513,488,2746905001,2746905001
2025-06-19 07:05:56,REAL,2746905001,488,2746905489,2746905489
2025-06-19 07:05:58,REAL,2746905489,481,2746905970,2746905970
2025-06-19 07:06:00,REAL,2746905970,484,2746906454,2746906454
2025-06-19 07:06:02,REAL,2746906454,484,2746906938,2746906938
2025-06-19 07:06:04,REAL,2746906938,482,2746907420,2746907420
2025-06-19 07:06:06,REAL,2746907420,492,2746907912,2746907912
2025-06-19 07:06:08,REAL,2746907912,487,2746908399,2746908399
2025-06-19 07:06:10,REAL,2746908399,546,2746908945,2746908945
2025-06-19 07:06:12,REAL,2746908945,485,2746909430,2746909430
2025-06-19 07:06:14,REAL,2746909430,493,2746909923,2746909923
2025-06-19 07:06:16,REAL,2746909923,489,2746910412,2746910412
2025-06-19 07:06:18,REAL,2746910412,492,2746910904,2746910904
2025-06-19 07:06:20,REAL,2746910904,481,2746911385,2746911385
2025-06-19 07:06:22,REAL,2746911385,487,2746911872,2746911872
2025-06-19 07:06:24,REAL,2746911872,484,2746912356,2746912356
2025-06-19 07:06:26,REAL,2746912356,476,2746912832,2746912832
2025-06-19 07:06:28,REAL,2746912832,484,2746913316,2746913316
2025-06-19 07:06:30,REAL,2746913316,539,2746913855,2746913855
2025-06-19 07:06:32,REAL,2746913855,475,2746914330,2746914330
2025-06-19 07:06:34,REAL,2746914330,480,2746914810,2746914810
2025-06-19 07:06:36,REAL,2746914810,544,2746915354,2746915354
2025-06-19 07:06:38,REAL,2746915354,485,2746915839,2746915839
2025-06-19 07:06:40,REAL,2746915839,487,2746916326,2746916326
2025-06-19 07:06:42,REAL,2746916326,3391,2746919717,2746919717
2025-06-19 07:06:44,REAL,2746919717,11439,2746931156,2746931156
2025-06-19 07:06:46,REAL,2746931156,10245,2746941401,2746941401
2025-06-19 07:06:48,REAL,2746941401,10248,2746951649,2746951649
2025-06-19 07:06:50,REAL,2746951649,10250,2746961899,2746961899
2025-06-19 07:06:52,REAL,2746961899,10251,2746972150,2746972150
2025-06-19 07:06:54,REAL,2746972150,10244,2746982394,2746982394
2025-06-19 07:06:56,REAL,2746982394,10245,2746992639,2746992639
2025-06-19 07:06:58,REAL,2746992639,3049,2746995688,2746995688
2025-06-19 07:07:00,REAL,2746995688,493,2746996181,2746996181
2025-06-19 07:07:02,REAL,2746996181,479,2746996660,2746996660
2025-06-19 07:07:04,REAL,2746996660,492,2746997152,2746997152
2025-06-19 07:07:06,REAL,2746997152,485,2746997637,2746997637
2025-06-19 07:07:08,REAL,2746997637,485,2746998122,2746998122
2025-06-19 07:07:10,REAL,2746998122,536,2746998658,2746998658
2025-06-19 07:07:12,REAL,2746998658,478,2746999136,2746999136
2025-06-19 07:07:14,REAL,2746999136,542,2746999678,2746999678
2025-06-19 07:07:16,REAL,2746999678,485,2747000163,2747000163
2025-06-19 07:07:18,REAL,2747000163,240,2747000403,2747000403
2025-06-19 07:07:20,REAL,2747000403,482,2747000885,2747000885
2025-06-19 07:07:22,REAL,2747000885,489,2747001374,2747001374
2025-06-19 07:07:24,REAL,2747001374,490,2747001864,2747001864
2025-06-19 07:07:26,REAL,2747001864,486,2747002350,2747002350
2025-06-19 07:07:28,REAL,2747002350,479,2747002829,2747002829
2025-06-19 07:07:30,REAL,2747002829,494,2747003323,2747003323
2025-06-19 07:07:32,REAL,2747003323,487,2747003810,2747003810
2025-06-19 07:07:34,REAL,2747003810,491,2747004301,2747004301
2025-06-19 07:07:36,REAL,2747004301,485,2747004786,2747004786
2025-06-19 07:07:38,REAL,2747004786,476,2747005262,2747005262
2025-06-19 07:07:40,REAL,2747005262,540,2747005802,2747005802
2025-06-19 07:07:42,REAL,2747005802,482,2747006284,2747006284
2025-06-19 07:07:44,REAL,2747006284,480,2747006764,2747006764
2025-06-19 07:07:46,REAL,2747006764,479,2747007243,2747007243
2025-06-19 07:07:48,REAL,2747007243,485,2747007728,2747007728
2025-06-19 07:07:50,REAL,2747007728,478,2747008206,2747008206
2025-06-19 07:07:52,REAL,2747008206,10649,2747018855,2747018855
2025-06-19 07:07:54,REAL,2747018855,10321,2747029176,2747029176
2025-06-19 07:07:56,REAL,2747029176,10312,2747039488,2747039488
2025-06-19 07:07:58,REAL,2747039488,10251,2747049739,2747049739
2025-06-19 07:08:00,REAL,2747049739,10245,2747059984,2747059984
2025-06-19 07:08:02,REAL,2747059984,10319,2747070303,2747070303
2025-06-19 07:08:04,REAL,2747070303,10251,2747080554,2747080554
2025-06-19 07:08:06,REAL,2747080554,6621,2747087175,2747087175
2025-06-19 07:08:08,REAL,2747087175,481,2747087656,2747087656
2025-06-19 07:08:10,REAL,2747087656,488,2747088144,2747088144
2025-06-19 07:08:12,REAL,2747088144,480,2747088624,2747088624
2025-06-19 07:08:14,REAL,2747088624,482,2747089106,2747089106
2025-06-19 07:08:16,REAL,2747089106,476,2747089582,2747089582
2025-06-19 07:08:18,REAL,2747089582,478,2747090060,2747090060
2025-06-19 07:08:20,REAL,2747090060,545,2747090605,2747090605
2025-06-19 07:08:22,REAL,2747090605,483,2747091088,2747091088
2025-06-19 07:08:24,REAL,2747091088,488,2747091576,2747091576
2025-06-19 07:08:26,REAL,2747091576,488,2747092064,2747092064
2025-06-19 07:08:28,REAL,2747092064,484,2747092548,2747092548
2025-06-19 07:08:30,REAL,2747092548,488,2747093036,2747093036
2025-06-19 07:08:32,REAL,2747093036,482,2747093518,2747093518
2025-06-19 07:08:34,REAL,2747093518,486,2747094004,2747094004
2025-06-19 07:08:36,REAL,2747094004,479,2747094483,2747094483
2025-06-19 07:08:38,REAL,2747094483,480,2747094963,2747094963
2025-06-19 07:08:40,REAL,2747094963,545,2747095508,2747095508
2025-06-19 07:08:42,REAL,2747095508,484,2747095992,2747095992
2025-06-19 07:08:44,REAL,2747095992,482,2747096474,2747096474
2025-06-19 07:08:46,REAL,2747096474,486,2747096960,2747096960
2025-06-19 07:08:48,REAL,2747096960,547,2747097507,2747097507
2025-06-19 07:08:50,REAL,2747097507,482,2747097989,2747097989
2025-06-19 07:08:52,REAL,2747097989,490,2747098479,2747098479
2025-06-19 07:08:54,REAL,2747098479,486,2747098965,2747098965
2025-06-19 07:08:56,REAL,2747098965,487,2747099452,2747099452
2025-06-19 07:08:58,REAL,2747099452,480,2747099932,2747099932
2025-06-19 07:09:00,REAL,2747099932,490,2747100422,2747100422
2025-06-19 07:09:02,REAL,2747100422,489,2747100911,2747100911
2025-06-19 07:09:04,REAL,2747100911,488,2747101399,2747101399
2025-06-19 07:09:06,REAL,2747101399,486,2747101885,2747101885
2025-06-19 07:09:08,REAL,2747101885,484,2747102369,2747102369
2025-06-19 07:09:10,REAL,2747102369,486,2747102855,2747102855
2025-06-19 07:09:12,REAL,2747102855,485,2747103340,2747103340
2025-06-19 07:09:14,REAL,2747103340,538,2747103878,2747103878
2025-06-19 07:09:16,REAL,2747103878,482,2747104360,2747104360
2025-06-19 07:09:18,REAL,2747104360,537,2747104897,2747104897
2025-06-19 07:09:20,REAL,2747104897,490,2747105387,2747105387
2025-06-19 07:09:22,REAL,2747105387,482,2747105869,2747105869
2025-06-19 07:09:24,REAL,2747105869,482,2747106351,2747106351
2025-06-19 07:09:26,REAL,2747106351,482,2747106833,2747106833
2025-06-19 07:09:28,REAL,2747106833,485,2747107318,2747107318
2025-06-19 07:09:30,REAL,2747107318,486,2747107804,2747107804
2025-06-19 07:09:32,REAL,2747107804,476,2747108280,2747108280
2025-06-19 07:09:34,REAL,2747108280,482,2747108762,2747108762
2025-06-19 07:09:36,REAL,2747108762,482,2747109244,2747109244
2025-06-19 07:09:38,REAL,2747109244,485,2747109729,2747109729
2025-06-19 07:09:40,REAL,2747109729,489,2747110218,2747110218
2025-06-19 07:09:42,REAL,2747110218,481,2747110699,2747110699
2025-06-19 07:09:44,REAL,2747110699,493,2747111192,2747111192
2025-06-19 07:09:46,REAL,2747111192,486,2747111678,2747111678
2025-06-19 07:09:48,REAL,2747111678,540,2747112218,2747112218
2025-06-19 07:09:50,REAL,2747112218,485,2747112703,2747112703
2025-06-19 07:09:52,REAL,2747112703,490,2747113193,2747113193
2025-06-19 07:09:54,REAL,2747113193,484,2747113677,2747113677
2025-06-19 07:09:56,REAL,2747113677,487,2747114164,2747114164
2025-06-19 07:09:58,REAL,2747114164,491,2747114655,2747114655
2025-06-19 07:10:00,REAL,2747114655,482,2747115137,2747115137
2025-06-19 07:10:02,REAL,2747115137,540,2747115677,2747115677
2025-06-19 07:10:04,REAL,2747115677,479,2747116156,2747116156
2025-06-19 07:10:06,REAL,2747116156,481,2747116637,2747116637
2025-06-19 07:10:08,REAL,2747116637,488,2747117125,2747117125
2025-06-19 07:10:10,REAL,2747117125,479,2747117604,2747117604
2025-06-19 07:10:12,REAL,2747117604,484,2747118088,2747118088
2025-06-19 07:10:14,REAL,2747118088,481,2747118569,2747118569
2025-06-19 07:10:16,REAL,2747118569,480,2747119049,2747119049
2025-06-19 07:10:18,REAL,2747119049,483,2747119532,2747119532
2025-06-19 07:10:20,REAL,2747119532,488,2747120020,2747120020
2025-06-19 07:10:22,REAL,2747120020,492,2747120512,2747120512
2025-06-19 07:10:24,REAL,2747120512,541,2747121053,2747121053
2025-06-19 07:10:26,REAL,2747121053,490,2747121543,2747121543
2025-06-19 07:10:28,REAL,2747121543,481,2747122024,2747122024
2025-06-19 07:10:30,REAL,2747122024,482,2747122506,2747122506
2025-06-19 07:10:32,REAL,2747122506,479,2747122985,2747122985
2025-06-19 07:10:34,REAL,2747122985,489,2747123474,2747123474
2025-06-19 07:10:36,REAL,2747123474,489,2747123963,2747123963
2025-06-19 07:10:38,REAL,2747123963,485,2747124448,2747124448
2025-06-19 07:10:40,REAL,2747124448,482,2747124930,2747124930
2025-06-19 07:10:42,REAL,2747124930,485,2747125415,2747125415
2025-06-19 07:10:44,REAL,2747125415,482,2747125897,2747125897
2025-06-19 07:10:46,REAL,2747125897,480,2747126377,2747126377
2025-06-19 07:10:48,REAL,2747126377,538,2747126915,2747126915
2025-06-19 07:10:50,REAL,2747126915,477,2747127392,2747127392
2025-06-19 07:10:52,REAL,2747127392,483,2747127875,2747127875
2025-06-19 07:10:54,REAL,2747127875,492,2747128367,2747128367
2025-06-19 07:10:56,REAL,2747128367,476,2747128843,2747128843
2025-06-19 07:10:58,REAL,2747128843,539,2747129382,2747129382
2025-06-19 07:11:00,REAL,2747129382,481,2747129863,2747129863
2025-06-19 07:11:02,REAL,2747129863,482,2747130345,2747130345
2025-06-19 07:11:04,REAL,2747130345,488,2747130833,2747130833
2025-06-19 07:11:06,REAL,2747130833,488,2747131321,2747131321
2025-06-19 07:11:08,REAL,2747131321,482,2747131803,2747131803
2025-06-19 07:11:10,REAL,2747131803,486,2747132289,2747132289
2025-06-19 07:11:12,REAL,2747132289,9264,2747141553,2747141553
2025-06-19 07:11:14,REAL,2747141553,10844,2747152397,2747152397
2025-06-19 07:11:16,REAL,2747152397,10253,2747162650,2747162650
2025-06-19 07:11:18,REAL,2747162650,10315,2747172965,2747172965
2025-06-19 07:11:20,REAL,2747172965,10251,2747183216,2747183216
2025-06-19 07:11:22,REAL,2747183216,10253,2747193469,2747193469
2025-06-19 07:11:24,REAL,2747193469,10252,2747203721,2747203721
2025-06-19 07:11:26,REAL,2747203721,8081,2747211802,2747211802
2025-06-19 07:11:28,REAL,2747211802,474,2747212276,2747212276
2025-06-19 07:11:30,REAL,2747212276,481,2747212757,2747212757
2025-06-19 07:11:32,REAL,2747212757,492,2747213249,2747213249
2025-06-19 07:11:34,REAL,2747213249,533,2747213782,2747213782
2025-06-19 07:11:36,REAL,2747213782,481,2747214263,2747214263
2025-06-19 07:11:38,REAL,2747214263,482,2747214745,2747214745
2025-06-19 07:11:40,REAL,2747214745,483,2747215228,2747215228
2025-06-19 07:11:42,REAL,2747215228,485,2747215713,2747215713
2025-06-19 07:11:44,REAL,2747215713,487,2747216200,2747216200
2025-06-19 07:11:46,REAL,2747216200,482,2747216682,2747216682
2025-06-19 07:11:48,REAL,2747216682,479,2747217161,2747217161
2025-06-19 07:11:50,REAL,2747217161,479,2747217640,2747217640
2025-06-19 07:11:52,REAL,2747217640,479,2747218119,2747218119
2025-06-19 07:11:54,REAL,2747218119,489,2747218608,2747218608
2025-06-19 07:11:56,REAL,2747218608,535,2747219143,2747219143
2025-06-19 07:11:58,REAL,2747219143,484,2747219627,2747219627
2025-06-19 07:12:00,REAL,2747219627,490,2747220117,2747220117
2025-06-19 07:12:02,REAL,2747220117,484,2747220601,2747220601
2025-06-19 07:12:04,REAL,2747220601,482,2747221083,2747221083
2025-06-19 07:12:06,REAL,2747221083,489,2747221572,2747221572
2025-06-19 07:12:08,REAL,2747221572,545,2747222117,2747222117
2025-06-19 07:12:10,REAL,2747222117,483,2747222600,2747222600
2025-06-19 07:12:12,REAL,2747222600,486,2747223086,2747223086
2025-06-19 07:12:14,REAL,2747223086,481,2747223567,2747223567
2025-06-19 07:12:16,REAL,2747223567,481,2747224048,2747224048
2025-06-19 07:12:18,REAL,2747224048,477,2747224525,2747224525
2025-06-19 07:12:20,REAL,2747224525,487,2747225012,2747225012
2025-06-19 07:12:22,REAL,2747225012,480,2747225492,2747225492
2025-06-19 07:12:24,REAL,2747225492,486,2747225978,2747225978
2025-06-19 07:12:26,REAL,2747225978,485,2747226463,2747226463
2025-06-19 07:12:28,REAL,2747226463,485,2747226948,2747226948
2025-06-19 07:12:30,REAL,2747226948,488,2747227436,2747227436
2025-06-19 07:12:32,REAL,2747227436,491,2747227927,2747227927
2025-06-19 07:12:34,REAL,2747227927,491,2747228418,2747228418
2025-06-19 07:12:36,REAL,2747228418,484,2747228902,2747228902
2025-06-19 07:12:38,REAL,2747228902,484,2747229386,2747229386
2025-06-19 07:12:40,REAL,2747229386,548,2747229934,2747229934
2025-06-19 07:12:42,REAL,2747229934,540,2747230474,2747230474
2025-06-19 07:12:44,REAL,2747230474,488,2747230962,2747230962
2025-06-19 07:12:46,REAL,2747230962,486,2747231448,2747231448
2025-06-19 07:12:48,REAL,2747231448,483,2747231931,2747231931
2025-06-19 07:12:50,REAL,2747231931,481,2747232412,2747232412
2025-06-19 07:12:52,REAL,2747232412,485,2747232897,2747232897
2025-06-19 07:12:54,REAL,2747232897,486,2747233383,2747233383
2025-06-19 07:12:56,REAL,2747233383,484,2747233867,2747233867
2025-06-19 07:12:58,REAL,2747233867,489,2747234356,2747234356
2025-06-19 07:13:00,REAL,2747234356,487,2747234843,2747234843
2025-06-19 07:13:02,REAL,2747234843,487,2747235330,2747235330
2025-06-19 07:13:04,REAL,2747235330,483,2747235813,2747235813
2025-06-19 07:13:06,REAL,2747235813,477,2747236290,2747236290
2025-06-19 07:13:08,REAL,2747236290,6163,2747242453,2747242453
2025-06-19 07:13:10,REAL,2747242453,13880,2747256333,2747256333
2025-06-19 07:13:12,REAL,2747256333,10312,2747266645,2747266645
2025-06-19 07:13:14,REAL,2747266645,10312,2747276957,2747276957
2025-06-19 07:13:16,REAL,2747276957,10250,2747287207,2747287207
2025-06-19 07:13:18,REAL,2747287207,10310,2747297517,2747297517
2025-06-19 07:13:20,REAL,2747297517,10315,2747307832,2747307832
2025-06-19 07:13:22,REAL,2747307832,10328,2747318160,2747318160
2025-06-19 07:13:24,REAL,2747318160,877,2747319037,2747319037
2025-06-19 07:13:26,REAL,2747319037,475,2747319512,2747319512
2025-06-19 07:13:28,REAL,2747319512,479,2747319991,2747319991
2025-06-19 07:13:30,REAL,2747319991,483,2747320474,2747320474
2025-06-19 07:13:32,REAL,2747320474,492,2747320966,2747320966
2025-06-19 07:13:34,REAL,2747320966,485,2747321451,2747321451
2025-06-19 07:13:36,REAL,2747321451,489,2747321940,2747321940
2025-06-19 07:13:38,REAL,2747321940,484,2747322424,2747322424
2025-06-19 07:13:40,REAL,2747322424,6307,2747328731,2747328731
2025-06-19 07:13:42,REAL,2747328731,11035,2747339766,2747339766
2025-06-19 07:13:44,REAL,2747339766,10250,2747350016,2747350016
2025-06-19 07:13:46,REAL,2747350016,10318,2747360334,2747360334
2025-06-19 07:13:48,REAL,2747360334,10252,2747370586,2747370586
2025-06-19 07:13:50,REAL,2747370586,10248,2747380834,2747380834
2025-06-19 07:13:52,REAL,2747380834,10374,2747391208,2747391208
2025-06-19 07:13:54,REAL,2747391208,10114,2747401322,2747401322
2025-06-19 07:13:56,REAL,2747401322,493,2747401815,2747401815
2025-06-19 07:13:58,REAL,2747401815,477,2747402292,2747402292
2025-06-19 07:14:00,REAL,2747402292,481,2747402773,2747402773
2025-06-19 07:14:02,REAL,2747402773,486,2747403259,2747403259
2025-06-19 07:14:04,REAL,2747403259,475,2747403734,2747403734
2025-06-19 07:14:06,REAL,2747403734,478,2747404212,2747404212
2025-06-19 07:14:08,REAL,2747404212,477,2747404689,2747404689
2025-06-19 07:14:10,REAL,2747404689,482,2747405171,2747405171
2025-06-19 07:14:12,REAL,2747405171,7215,2747412386,2747412386
2025-06-19 07:14:14,REAL,2747412386,11051,2747423437,2747423437
2025-06-19 07:14:16,REAL,2747423437,10313,2747433750,2747433750
2025-06-19 07:14:18,REAL,2747433750,10246,2747443996,2747443996
2025-06-19 07:14:20,REAL,2747443996,10258,2747454254,2747454254
2025-06-19 07:14:22,REAL,2747454254,10254,2747464508,2747464508
2025-06-19 07:14:24,REAL,2747464508,10250,2747474758,2747474758
2025-06-19 07:14:26,REAL,2747474758,9522,2747484280,2747484280
2025-06-19 07:14:28,REAL,2747484280,481,2747484761,2747484761
2025-06-19 07:14:30,REAL,2747484761,479,2747485240,2747485240
2025-06-19 07:14:32,REAL,2747485240,491,2747485731,2747485731
2025-06-19 07:14:34,REAL,2747485731,484,2747486215,2747486215
2025-06-19 07:14:36,REAL,2747486215,488,2747486703,2747486703
2025-06-19 07:14:38,REAL,2747486703,481,2747487184,2747487184
2025-06-19 07:14:40,REAL,2747487184,549,2747487733,2747487733
2025-06-19 07:14:42,REAL,2747487733,486,2747488219,2747488219
2025-06-19 07:14:44,REAL,2747488219,478,2747488697,2747488697
2025-06-19 07:14:46,REAL,2747488697,482,2747489179,2747489179
2025-06-19 07:14:48,REAL,2747489179,477,2747489656,2747489656
2025-06-19 07:14:50,REAL,2747489656,484,2747490140,2747490140
2025-06-19 07:14:52,REAL,2747490140,477,2747490617,2747490617
2025-06-19 07:14:54,REAL,2747490617,482,2747491099,2747491099
2025-06-19 07:14:56,REAL,2747491099,543,2747491642,2747491642
2025-06-19 07:14:58,REAL,2747491642,484,2747492126,2747492126
2025-06-19 07:15:00,REAL,2747492126,486,2747492612,2747492612
2025-06-19 07:15:02,REAL,2747492612,481,2747493093,2747493093
2025-06-19 07:15:04,REAL,2747493093,541,2747493634,2747493634
2025-06-19 07:15:06,REAL,2747493634,482,2747494116,2747494116
2025-06-19 07:15:08,REAL,2747494116,491,2747494607,2747494607
2025-06-19 07:15:10,REAL,2747494607,489,2747495096,2747495096
2025-06-19 07:15:12,REAL,2747495096,485,2747495581,2747495581
2025-06-19 07:15:14,REAL,2747495581,488,2747496069,2747496069
2025-06-19 07:15:16,REAL,2747496069,486,2747496555,2747496555
2025-06-19 07:15:18,REAL,2747496555,487,2747497042,2747497042
2025-06-19 07:15:20,REAL,2747497042,476,2747497518,2747497518
2025-06-19 07:15:22,REAL,2747497518,484,2747498002,2747498002
2025-06-19 07:15:24,REAL,2747498002,490,2747498492,2747498492
2025-06-19 07:15:26,REAL,2747498492,547,2747499039,2747499039
2025-06-19 07:15:28,REAL,2747499039,477,2747499516,2747499516
2025-06-19 07:15:30,REAL,2747499516,490,2747500006,2747500006
2025-06-19 07:15:32,REAL,2747500006,484,2747500490,2747500490
2025-06-19 07:15:34,REAL,2747500490,484,2747500974,2747500974
2025-06-19 07:15:36,REAL,2747500974,480,2747501454,2747501454
2025-06-19 07:15:38,REAL,2747501454,488,2747501942,2747501942
2025-06-19 07:15:40,REAL,2747501942,488,2747502430,2747502430
2025-06-19 07:15:42,REAL,2747502430,536,2747502966,2747502966
2025-06-19 07:15:44,REAL,2747502966,486,2747503452,2747503452
2025-06-19 07:15:46,REAL,2747503452,489,2747503941,2747503941
2025-06-19 07:15:48,REAL,2747503941,487,2747504428,2747504428
2025-06-19 07:15:50,REAL,2747504428,532,2747504960,2747504960
2025-06-19 07:15:52,REAL,2747504960,478,2747505438,2747505438
2025-06-19 07:15:54,REAL,2747505438,481,2747505919,2747505919
2025-06-19 07:15:56,REAL,2747505919,485,2747506404,2747506404
2025-06-19 07:15:58,REAL,2747506404,491,2747506895,2747506895
2025-06-19 07:16:00,REAL,2747506895,486,2747507381,2747507381
2025-06-19 07:16:02,REAL,2747507381,482,2747507863,2747507863
2025-06-19 07:16:04,REAL,2747507863,486,2747508349,2747508349
2025-06-19 07:16:06,REAL,2747508349,486,2747508835,2747508835
2025-06-19 07:16:08,REAL,2747508835,482,2747509317,2747509317
2025-06-19 07:16:10,REAL,2747509317,485,2747509802,2747509802
2025-06-19 07:16:12,REAL,2747509802,474,2747510276,2747510276
2025-06-19 07:16:14,REAL,2747510276,535,2747510811,2747510811
2025-06-19 07:16:16,REAL,2747510811,489,2747511300,2747511300
2025-06-19 07:16:18,REAL,2747511300,485,2747511785,2747511785
2025-06-19 07:16:20,REAL,2747511785,485,2747512270,2747512270
2025-06-19 07:16:22,REAL,2747512270,476,2747512746,2747512746
2025-06-19 07:16:24,REAL,2747512746,488,2747513234,2747513234
2025-06-19 07:16:26,REAL,2747513234,539,2747513773,2747513773
2025-06-19 07:16:28,REAL,2747513773,486,2747514259,2747514259
2025-06-19 07:16:30,REAL,2747514259,486,2747514745,2747514745
2025-06-19 07:16:32,REAL,2747514745,481,2747515226,2747515226
2025-06-19 07:16:34,REAL,2747515226,484,2747515710,2747515710
2025-06-19 07:16:36,REAL,2747515710,486,2747516196,2747516196
2025-06-19 07:16:38,REAL,2747516196,536,2747516732,2747516732
2025-06-19 07:16:40,REAL,2747516732,485,2747517217,2747517217
2025-06-19 07:16:42,REAL,2747517217,489,2747517706,2747517706
2025-06-19 07:16:44,REAL,2747517706,488,2747518194,2747518194
2025-06-19 07:16:46,REAL,2747518194,488,2747518682,2747518682
2025-06-19 07:16:48,REAL,2747518682,479,2747519161,2747519161
2025-06-19 07:16:50,REAL,2747519161,490,2747519651,2747519651
2025-06-19 07:16:52,REAL,2747519651,491,2747520142,2747520142
2025-06-19 07:16:54,REAL,2747520142,482,2747520624,2747520624
2025-06-19 07:16:56,REAL,2747520624,477,2747521101,2747521101
2025-06-19 07:16:58,REAL,2747521101,492,2747521593,2747521593
2025-06-19 07:17:00,REAL,2747521593,546,2747522139,2747522139
2025-06-19 07:17:02,REAL,2747522139,489,2747522628,2747522628
2025-06-19 07:17:04,REAL,2747522628,481,2747523109,2747523109
2025-06-19 07:17:06,REAL,2747523109,482,2747523591,2747523591
2025-06-19 07:17:08,REAL,2747523591,480,2747524071,2747524071
2025-06-19 07:17:10,REAL,2747524071,483,2747524554,2747524554
2025-06-19 07:17:12,REAL,2747524554,536,2747525090,2747525090
2025-06-19 07:17:14,REAL,2747525090,487,2747525577,2747525577
2025-06-19 07:17:16,REAL,2747525577,483,2747526060,2747526060
2025-06-19 07:17:18,REAL,2747526060,493,2747526553,2747526553
2025-06-19 07:17:20,REAL,2747526553,477,2747527030,2747527030
2025-06-19 07:17:22,REAL,2747527030,485,2747527515,2747527515
2025-06-19 07:17:24,REAL,2747527515,537,2747528052,2747528052
2025-06-19 07:17:26,REAL,2747528052,485,2747528537,2747528537
2025-06-19 07:17:28,REAL,2747528537,482,2747529019,2747529019
2025-06-19 07:17:30,REAL,2747529019,477,2747529496,2747529496
2025-06-19 07:17:32,REAL,2747529496,483,2747529979,2747529979
2025-06-19 07:17:34,REAL,2747529979,478,2747530457,2747530457
2025-06-19 07:17:36,REAL,2747530457,485,2747530942,2747530942
2025-06-19 07:17:38,REAL,2747530942,485,2747531427,2747531427
2025-06-19 07:17:40,REAL,2747531427,489,2747531916,2747531916
2025-06-19 07:17:42,REAL,2747531916,482,2747532398,2747532398
2025-06-19 07:17:44,REAL,2747532398,480,2747532878,2747532878
2025-06-19 07:17:46,REAL,2747532878,477,2747533355,2747533355
2025-06-19 07:17:48,REAL,2747533355,539,2747533894,2747533894
2025-06-19 07:17:50,REAL,2747533894,489,2747534383,2747534383
2025-06-19 07:17:52,REAL,2747534383,478,2747534861,2747534861
2025-06-19 07:17:54,REAL,2747534861,485,2747535346,2747535346
2025-06-19 07:17:56,REAL,2747535346,538,2747535884,2747535884
2025-06-19 07:17:58,REAL,2747535884,478,2747536362,2747536362
2025-06-19 07:18:00,REAL,2747536362,481,2747536843,2747536843
2025-06-19 07:18:02,REAL,2747536843,478,2747537321,2747537321
2025-06-19 07:18:04,REAL,2747537321,485,2747537806,2747537806
2025-06-19 07:18:06,REAL,2747537806,483,2747538289,2747538289
2025-06-19 07:18:08,REAL,2747538289,481,2747538770,2747538770
2025-06-19 07:18:10,REAL,2747538770,483,2747539253,2747539253
2025-06-19 07:18:12,REAL,2747539253,539,2747539792,2747539792
2025-06-19 07:18:14,REAL,2747539792,479,2747540271,2747540271
2025-06-19 07:18:16,REAL,2747540271,486,2747540757,2747540757
2025-06-19 07:18:18,REAL,2747540757,485,2747541242,2747541242
2025-06-19 07:18:20,REAL,2747541242,493,2747541735,2747541735
2025-06-19 07:18:22,REAL,2747541735,489,2747542224,2747542224
2025-06-19 07:18:24,REAL,2747542224,475,2747542699,2747542699
2025-06-19 07:18:26,REAL,2747542699,487,2747543186,2747543186
2025-06-19 07:18:28,REAL,2747543186,490,2747543676,2747543676
2025-06-19 07:18:30,REAL,2747543676,489,2747544165,2747544165
2025-06-19 07:18:32,REAL,2747544165,491,2747544656,2747544656
2025-06-19 07:18:34,REAL,2747544656,538,2747545194,2747545194
2025-06-19 07:18:36,REAL,2747545194,488,2747545682,2747545682
2025-06-19 07:18:38,REAL,2747545682,478,2747546160,2747546160
2025-06-19 07:18:40,REAL,2747546160,480,2747546640,2747546640
2025-06-19 07:18:42,REAL,2747546640,539,2747547179,2747547179
2025-06-19 07:18:44,REAL,2747547179,481,2747547660,2747547660
2025-06-19 07:18:46,REAL,2747547660,480,2747548140,2747548140
2025-06-19 07:18:48,REAL,2747548140,479,2747548619,2747548619
2025-06-19 07:18:50,REAL,2747548619,484,2747549103,2747549103
2025-06-19 07:18:52,REAL,2747549103,7689,2747556792,2747556792
2025-06-19 07:18:54,REAL,2747556792,12695,2747569487,2747569487
2025-06-19 07:18:56,REAL,2747569487,10250,2747579737,2747579737
2025-06-19 07:18:58,REAL,2747579737,10248,2747589985,2747589985
2025-06-19 07:19:00,REAL,2747589985,10251,2747600236,2747600236
2025-06-19 07:19:02,REAL,2747600236,10261,2747610497,2747610497
2025-06-19 07:19:04,REAL,2747610497,10253,2747620750,2747620750
2025-06-19 07:19:06,REAL,2747620750,9457,2747630207,2747630207
2025-06-19 07:19:08,REAL,2747630207,492,2747630699,2747630699
2025-06-19 07:19:10,REAL,2747630699,535,2747631234,2747631234
2025-06-19 07:19:12,REAL,2747631234,486,2747631720,2747631720
2025-06-19 07:19:14,REAL,2747631720,479,2747632199,2747632199
2025-06-19 07:19:16,REAL,2747632199,486,2747632685,2747632685
2025-06-19 07:19:18,REAL,2747632685,486,2747633171,2747633171
2025-06-19 07:19:20,REAL,2747633171,479,2747633650,2747633650
2025-06-19 07:19:22,REAL,2747633650,478,2747634128,2747634128
2025-06-19 07:19:24,REAL,2747634128,7678,2747641806,2747641806
2025-06-19 07:19:26,REAL,2747641806,10714,2747652520,2747652520
2025-06-19 07:19:28,REAL,2747652520,10260,2747662780,2747662780
2025-06-19 07:19:30,REAL,2747662780,10325,2747673105,2747673105
2025-06-19 07:19:32,REAL,2747673105,10247,2747683352,2747683352
2025-06-19 07:19:34,REAL,2747683352,10315,2747693667,2747693667
2025-06-19 07:19:36,REAL,2747693667,10249,2747703916,2747703916
2025-06-19 07:19:38,REAL,2747703916,8864,2747712780,2747712780
2025-06-19 07:19:40,REAL,2747712780,487,2747713267,2747713267
2025-06-19 07:19:42,REAL,2747713267,487,2747713754,2747713754
2025-06-19 07:19:44,REAL,2747713754,482,2747714236,2747714236
2025-06-19 07:19:46,REAL,2747714236,485,2747714721,2747714721
2025-06-19 07:19:48,REAL,2747714721,541,2747715262,2747715262
2025-06-19 07:19:50,REAL,2747715262,481,2747715743,2747715743
2025-06-19 07:19:52,REAL,2747715743,484,2747716227,2747716227
2025-06-19 07:19:54,REAL,2747716227,490,2747716717,2747716717
2025-06-19 07:19:56,REAL,2747716717,490,2747717207,2747717207
2025-06-19 07:19:58,REAL,2747717207,491,2747717698,2747717698
2025-06-19 07:20:00,REAL,2747717698,479,2747718177,2747718177
2025-06-19 07:20:02,REAL,2747718177,482,2747718659,2747718659
2025-06-19 07:20:04,REAL,2747718659,486,2747719145,2747719145
2025-06-19 07:20:06,REAL,2747719145,479,2747719624,2747719624
2025-06-19 07:20:08,REAL,2747719624,478,2747720102,2747720102
2025-06-19 07:20:10,REAL,2747720102,493,2747720595,2747720595
2025-06-19 07:20:12,REAL,2747720595,540,2747721135,2747721135
2025-06-19 07:20:14,REAL,2747721135,486,2747721621,2747721621
2025-06-19 07:20:16,REAL,2747721621,489,2747722110,2747722110
2025-06-19 07:20:18,REAL,2747722110,484,2747722594,2747722594
2025-06-19 07:20:20,REAL,2747722594,482,2747723076,2747723076
2025-06-19 07:20:22,REAL,2747723076,479,2747723555,2747723555
2025-06-19 07:20:24,REAL,2747723555,542,2747724097,2747724097
2025-06-19 07:20:26,REAL,2747724097,490,2747724587,2747724587
2025-06-19 07:20:28,REAL,2747724587,481,2747725068,2747725068
2025-06-19 07:20:30,REAL,2747725068,484,2747725552,2747725552
2025-06-19 07:20:32,REAL,2747725552,481,2747726033,2747726033
2025-06-19 07:20:34,REAL,2747726033,488,2747726521,2747726521
2025-06-19 07:20:36,REAL,2747726521,480,2747727001,2747727001
2025-06-19 07:20:38,REAL,2747727001,483,2747727484,2747727484
2025-06-19 07:20:40,REAL,2747727484,484,2747727968,2747727968
2025-06-19 07:20:42,REAL,2747727968,485,2747728453,2747728453
2025-06-19 07:20:44,REAL,2747728453,494,2747728947,2747728947
2025-06-19 07:20:46,REAL,2747728947,483,2747729430,2747729430
2025-06-19 07:20:48,REAL,2747729430,481,2747729911,2747729911
2025-06-19 07:20:50,REAL,2747729911,483,2747730394,2747730394
2025-06-19 07:20:52,REAL,2747730394,492,2747730886,2747730886
2025-06-19 07:20:54,REAL,2747730886,480,2747731366,2747731366
2025-06-19 07:20:56,REAL,2747731366,490,2747731856,2747731856
2025-06-19 07:20:58,REAL,2747731856,475,2747732331,2747732331
2025-06-19 07:21:00,REAL,2747732331,549,2747732880,2747732880
2025-06-19 07:21:02,REAL,2747732880,542,2747733422,2747733422
2025-06-19 07:21:04,REAL,2747733422,482,2747733904,2747733904
2025-06-19 07:21:06,REAL,2747733904,491,2747734395,2747734395
2025-06-19 07:21:08,REAL,2747734395,479,2747734874,2747734874
2025-06-19 07:21:10,REAL,2747734874,491,2747735365,2747735365
2025-06-19 07:21:12,REAL,2747735365,487,2747735852,2747735852
2025-06-19 07:21:14,REAL,2747735852,480,2747736332,2747736332
2025-06-19 07:21:16,REAL,2747736332,482,2747736814,2747736814
2025-06-19 07:21:18,REAL,2747736814,486,2747737300,2747737300
2025-06-19 07:21:20,REAL,2747737300,484,2747737784,2747737784
2025-06-19 07:21:22,REAL,2747737784,481,2747738265,2747738265
2025-06-19 07:21:24,REAL,2747738265,475,2747738740,2747738740
2025-06-19 07:21:26,REAL,2747738740,10389,2747749129,2747749129
2025-06-19 07:21:28,REAL,2747749129,10444,2747759573,2747759573
2025-06-19 07:21:30,REAL,2747759573,10249,2747769822,2747769822
2025-06-19 07:21:32,REAL,2747769822,10256,2747780078,2747780078
2025-06-19 07:21:34,REAL,2747780078,10313,2747790391,2747790391
2025-06-19 07:21:36,REAL,2747790391,10254,2747800645,2747800645
2025-06-19 07:21:38,REAL,2747800645,10249,2747810894,2747810894
2025-06-19 07:21:40,REAL,2747810894,6867,2747817761,2747817761
2025-06-19 07:21:42,REAL,2747817761,487,2747818248,2747818248
2025-06-19 07:21:44,REAL,2747818248,479,2747818727,2747818727
2025-06-19 07:21:46,REAL,2747818727,480,2747819207,2747819207
2025-06-19 07:21:48,REAL,2747819207,485,2747819692,2747819692
2025-06-19 07:21:50,REAL,2747819692,487,2747820179,2747820179
2025-06-19 07:21:52,REAL,2747820179,477,2747820656,2747820656
2025-06-19 07:21:54,REAL,2747820656,488,2747821144,2747821144
2025-06-19 07:21:56,REAL,2747821144,476,2747821620,2747821620
2025-06-19 07:21:58,REAL,2747821620,479,2747822099,2747822099
2025-06-19 07:22:00,REAL,2747822099,477,2747822576,2747822576
2025-06-19 07:22:02,REAL,2747822576,480,2747823056,2747823056
2025-06-19 07:22:04,REAL,2747823056,479,2747823535,2747823535
2025-06-19 07:22:06,REAL,2747823535,488,2747824023,2747824023
2025-06-19 07:22:08,REAL,2747824023,481,2747824504,2747824504
2025-06-19 07:22:10,REAL,2747824504,484,2747824988,2747824988
2025-06-19 07:22:12,REAL,2747824988,536,2747825524,2747825524
2025-06-19 07:22:14,REAL,2747825524,484,2747826008,2747826008
2025-06-19 07:22:16,REAL,2747826008,539,2747826547,2747826547
2025-06-19 07:22:18,REAL,2747826547,486,2747827033,2747827033
2025-06-19 07:22:20,REAL,2747827033,482,2747827515,2747827515
2025-06-19 07:22:22,REAL,2747827515,480,2747827995,2747827995
2025-06-19 07:22:24,REAL,2747827995,479,2747828474,2747828474
2025-06-19 07:22:26,REAL,2747828474,477,2747828951,2747828951
2025-06-19 07:22:28,REAL,2747828951,483,2747829434,2747829434
2025-06-19 07:22:30,REAL,2747829434,486,2747829920,2747829920
2025-06-19 07:22:32,REAL,2747829920,481,2747830401,2747830401
2025-06-19 07:22:34,REAL,2747830401,489,2747830890,2747830890
2025-06-19 07:22:36,REAL,2747830890,482,2747831372,2747831372
2025-06-19 07:22:38,REAL,2747831372,486,2747831858,2747831858
2025-06-19 07:22:40,REAL,2747831858,485,2747832343,2747832343
2025-06-19 07:22:42,REAL,2747832343,484,2747832827,2747832827
2025-06-19 07:22:44,REAL,2747832827,479,2747833306,2747833306
2025-06-19 07:22:46,REAL,2747833306,479,2747833785,2747833785
2025-06-19 07:22:48,REAL,2747833785,488,2747834273,2747834273
2025-06-19 07:22:50,REAL,2747834273,486,2747834759,2747834759
2025-06-19 07:22:52,REAL,2747834759,482,2747835241,2747835241
2025-06-19 07:22:54,REAL,2747835241,535,2747835776,2747835776
2025-06-19 07:22:56,REAL,2747835776,491,2747836267,2747836267
2025-06-19 07:22:58,REAL,2747836267,488,2747836755,2747836755
2025-06-19 07:23:00,REAL,2747836755,540,2747837295,2747837295
2025-06-19 07:23:02,REAL,2747837295,484,2747837779,2747837779
2025-06-19 07:23:04,REAL,2747837779,482,2747838261,2747838261
2025-06-19 07:23:06,REAL,2747838261,489,2747838750,2747838750
2025-06-19 07:23:08,REAL,2747838750,489,2747839239,2747839239
2025-06-19 07:23:10,REAL,2747839239,484,2747839723,2747839723
2025-06-19 07:23:12,REAL,2747839723,481,2747840204,2747840204
2025-06-19 07:23:14,REAL,2747840204,483,2747840687,2747840687
2025-06-19 07:23:16,REAL,2747840687,6626,2747847313,2747847313
2025-06-19 07:23:18,REAL,2747847313,10654,2747857967,2747857967
2025-06-19 07:23:20,REAL,2747857967,10244,2747868211,2747868211
2025-06-19 07:23:22,REAL,2747868211,10254,2747878465,2747878465
2025-06-19 07:23:24,REAL,2747878465,10245,2747888710,2747888710
2025-06-19 07:23:26,REAL,2747888710,10317,2747899027,2747899027
2025-06-19 07:23:28,REAL,2747899027,10251,2747909278,2747909278
2025-06-19 07:23:30,REAL,2747909278,9843,2747919121,2747919121
2025-06-19 07:23:32,REAL,2747919121,484,2747919605,2747919605
2025-06-19 07:23:34,REAL,2747919605,489,2747920094,2747920094
2025-06-19 07:23:36,REAL,2747920094,490,2747920584,2747920584
2025-06-19 07:23:38,REAL,2747920584,476,2747921060,2747921060
2025-06-19 07:23:40,REAL,2747921060,481,2747921541,2747921541
2025-06-19 07:23:42,REAL,2747921541,484,2747922025,2747922025
2025-06-19 07:23:44,REAL,2747922025,485,2747922510,2747922510
2025-06-19 07:23:46,REAL,2747922510,486,2747922996,2747922996
2025-06-19 07:23:48,REAL,2747922996,481,2747923477,2747923477
2025-06-19 07:23:50,REAL,2747923477,483,2747923960,2747923960
2025-06-19 07:23:52,REAL,2747923960,1745,2747925705,2747925705
2025-06-19 07:23:54,REAL,2747925705,14473,2747940178,2747940178
2025-06-19 07:23:56,REAL,2747940178,10254,2747950432,2747950432
2025-06-19 07:23:58,REAL,2747950432,10078,2747960510,2747960510
2025-06-19 07:24:00,REAL,2747960510,10250,2747970760,2747970760
2025-06-19 07:24:02,REAL,2747970760,10258,2747981018,2747981018
2025-06-19 07:24:04,REAL,2747981018,10251,2747991269,2747991269
2025-06-19 07:24:06,REAL,2747991269,10311,2748001580,2748001580
2025-06-19 07:24:08,REAL,2748001580,4246,2748005826,2748005826
2025-06-19 07:24:10,REAL,2748005826,486,2748006312,2748006312
2025-06-19 07:24:12,REAL,2748006312,488,2748006800,2748006800
2025-06-19 07:24:14,REAL,2748006800,478,2748007278,2748007278
2025-06-19 07:24:16,REAL,2748007278,490,2748007768,2748007768
2025-06-19 07:24:18,REAL,2748007768,482,2748008250,2748008250
2025-06-19 07:24:20,REAL,2748008250,483,2748008733,2748008733
2025-06-19 07:24:22,REAL,2748008733,485,2748009218,2748009218
2025-06-19 07:24:24,REAL,2748009218,483,2748009701,2748009701
2025-06-19 07:24:26,REAL,2748009701,478,2748010179,2748010179
2025-06-19 07:24:28,REAL,2748010179,486,2748010665,2748010665
2025-06-19 07:24:30,REAL,2748010665,493,2748011158,2748011158
2025-06-19 07:24:32,REAL,2748011158,482,2748011640,2748011640
2025-06-19 07:24:34,REAL,2748011640,475,2748012115,2748012115
2025-06-19 07:24:36,REAL,2748012115,481,2748012596,2748012596
2025-06-19 07:24:38,REAL,2748012596,487,2748013083,2748013083
2025-06-19 07:24:40,REAL,2748013083,535,2748013618,2748013618
2025-06-19 07:24:42,REAL,2748013618,487,2748014105,2748014105
2025-06-19 07:24:44,REAL,2748014105,539,2748014644,2748014644
2025-06-19 07:24:46,REAL,2748014644,474,2748015118,2748015118
2025-06-19 07:24:48,REAL,2748015118,482,2748015600,2748015600
2025-06-19 07:24:50,REAL,2748015600,2602,2748018202,2748018202
2025-06-19 07:24:52,REAL,2748018202,13616,2748031818,2748031818
2025-06-19 07:24:54,REAL,2748031818,10255,2748042073,2748042073
2025-06-19 07:24:56,REAL,2748042073,10314,2748052387,2748052387
2025-06-19 07:24:58,REAL,2748052387,10257,2748062644,2748062644
2025-06-19 07:25:00,REAL,2748062644,10253,2748072897,2748072897
2025-06-19 07:25:02,REAL,2748072897,10246,2748083143,2748083143
2025-06-19 07:25:04,REAL,2748083143,10244,2748093387,2748093387
2025-06-19 07:25:06,REAL,2748093387,3386,2748096773,2748096773
2025-06-19 07:25:08,REAL,2748096773,480,2748097253,2748097253
2025-06-19 07:25:10,REAL,2748097253,491,2748097744,2748097744
2025-06-19 07:25:12,REAL,2748097744,485,2748098229,2748098229
2025-06-19 07:25:14,REAL,2748098229,489,2748098718,2748098718
2025-06-19 07:25:16,REAL,2748098718,487,2748099205,2748099205
2025-06-19 07:25:18,REAL,2748099205,478,2748099683,2748099683
2025-06-19 07:25:20,REAL,2748099683,539,2748100222,2748100222
2025-06-19 07:25:22,REAL,2748100222,488,2748100710,2748100710
2025-06-19 07:25:24,REAL,2748100710,481,2748101191,2748101191
2025-06-19 07:25:26,REAL,2748101191,536,2748101727,2748101727
2025-06-19 07:25:28,REAL,2748101727,483,2748102210,2748102210
2025-06-19 07:25:30,REAL,2748102210,484,2748102694,2748102694
2025-06-19 07:25:32,REAL,2748102694,474,2748103168,2748103168
2025-06-19 07:25:34,REAL,2748103168,493,2748103661,2748103661
2025-06-19 07:25:36,REAL,2748103661,732,2748104393,2748104393
2025-06-19 07:25:38,REAL,2748104393,247,2748104640,2748104640
2025-06-19 07:25:40,REAL,2748104640,481,2748105121,2748105121
2025-06-19 07:25:42,REAL,2748105121,481,2748105602,2748105602
2025-06-19 07:25:44,REAL,2748105602,482,2748106084,2748106084
2025-06-19 07:25:46,REAL,2748106084,482,2748106566,2748106566
2025-06-19 07:25:48,REAL,2748106566,490,2748107056,2748107056
2025-06-19 07:25:50,REAL,2748107056,481,2748107537,2748107537
2025-06-19 07:25:52,REAL,2748107537,478,2748108015,2748108015
2025-06-19 07:25:54,REAL,2748108015,490,2748108505,2748108505
2025-06-19 07:25:56,REAL,2748108505,491,2748108996,2748108996
2025-06-19 07:25:58,REAL,2748108996,542,2748109538,2748109538
2025-06-19 07:26:00,REAL,2748109538,481,2748110019,2748110019
2025-06-19 07:26:02,REAL,2748110019,550,2748110569,2748110569
2025-06-19 07:26:04,REAL,2748110569,481,2748111050,2748111050
2025-06-19 07:26:06,REAL,2748111050,484,2748111534,2748111534
2025-06-19 07:26:08,REAL,2748111534,487,2748112021,2748112021
2025-06-19 07:26:10,REAL,2748112021,486,2748112507,2748112507
2025-06-19 07:26:12,REAL,2748112507,481,2748112988,2748112988
2025-06-19 07:26:14,REAL,2748112988,477,2748113465,2748113465
2025-06-19 07:26:16,REAL,2748113465,477,2748113942,2748113942
2025-06-19 07:26:18,REAL,2748113942,483,2748114425,2748114425
2025-06-19 07:26:20,REAL,2748114425,490,2748114915,2748114915
2025-06-19 07:26:22,REAL,2748114915,485,2748115400,2748115400
2025-06-19 07:26:24,REAL,2748115400,490,2748115890,2748115890
2025-06-19 07:26:26,REAL,2748115890,484,2748116374,2748116374
2025-06-19 07:26:28,REAL,2748116374,482,2748116856,2748116856
2025-06-19 07:26:30,REAL,2748116856,480,2748117336,2748117336
2025-06-19 07:26:32,REAL,2748117336,478,2748117814,2748117814
2025-06-19 07:26:34,REAL,2748117814,542,2748118356,2748118356
2025-06-19 07:26:36,REAL,2748118356,491,2748118847,2748118847
2025-06-19 07:26:38,REAL,2748118847,483,2748119330,2748119330
2025-06-19 07:26:40,REAL,2748119330,544,2748119874,2748119874
2025-06-19 07:26:42,REAL,2748119874,478,2748120352,2748120352
2025-06-19 07:26:44,REAL,2748120352,489,2748120841,2748120841
2025-06-19 07:26:46,REAL,2748120841,481,2748121322,2748121322
2025-06-19 07:26:48,REAL,2748121322,482,2748121804,2748121804
2025-06-19 07:26:50,REAL,2748121804,483,2748122287,2748122287
2025-06-19 07:26:52,REAL,2748122287,480,2748122767,2748122767
2025-06-19 07:26:54,REAL,2748122767,477,2748123244,2748123244
2025-06-19 07:26:56,REAL,2748123244,479,2748123723,2748123723
2025-06-19 07:26:58,REAL,2748123723,489,2748124212,2748124212
2025-06-19 07:27:00,REAL,2748124212,486,2748124698,2748124698
2025-06-19 07:27:02,REAL,2748124698,493,2748125191,2748125191
2025-06-19 07:27:04,REAL,2748125191,489,2748125680,2748125680
2025-06-19 07:27:06,REAL,2748125680,480,2748126160,2748126160
2025-06-19 07:27:08,REAL,2748126160,485,2748126645,2748126645
2025-06-19 07:27:10,REAL,2748126645,489,2748127134,2748127134
2025-06-19 07:27:12,REAL,2748127134,532,2748127666,2748127666
2025-06-19 07:27:14,REAL,2748127666,484,2748128150,2748128150
2025-06-19 07:27:16,REAL,2748128150,544,2748128694,2748128694
2025-06-19 07:27:18,REAL,2748128694,481,2748129175,2748129175
2025-06-19 07:27:20,REAL,2748129175,484,2748129659,2748129659
2025-06-19 07:27:22,REAL,2748129659,488,2748130147,2748130147
2025-06-19 07:27:24,REAL,2748130147,487,2748130634,2748130634
2025-06-19 07:27:26,REAL,2748130634,478,2748131112,2748131112
2025-06-19 07:27:28,REAL,2748131112,480,2748131592,2748131592
2025-06-19 07:27:30,REAL,2748131592,483,2748132075,2748132075
2025-06-19 07:27:32,REAL,2748132075,485,2748132560,2748132560
2025-06-19 07:27:34,REAL,2748132560,486,2748133046,2748133046
2025-06-19 07:27:36,REAL,2748133046,481,2748133527,2748133527
2025-06-19 07:27:38,REAL,2748133527,483,2748134010,2748134010
2025-06-19 07:27:40,REAL,2748134010,485,2748134495,2748134495
2025-06-19 07:27:42,REAL,2748134495,487,2748134982,2748134982
2025-06-19 07:27:44,REAL,2748134982,483,2748135465,2748135465
2025-06-19 07:27:46,REAL,2748135465,482,2748135947,2748135947
2025-06-19 07:27:48,REAL,2748135947,535,2748136482,2748136482
2025-06-19 07:27:50,REAL,2748136482,485,2748136967,2748136967
2025-06-19 07:27:52,REAL,2748136967,492,2748137459,2748137459
2025-06-19 07:27:54,REAL,2748137459,538,2748137997,2748137997
2025-06-19 07:27:56,REAL,2748137997,477,2748138474,2748138474
2025-06-19 07:27:58,REAL,2748138474,482,2748138956,2748138956
2025-06-19 07:28:00,REAL,2748138956,482,2748139438,2748139438
2025-06-19 07:28:02,REAL,2748139438,478,2748139916,2748139916
2025-06-19 07:28:04,REAL,2748139916,487,2748140403,2748140403
2025-06-19 07:28:06,REAL,2748140403,485,2748140888,2748140888
2025-06-19 07:28:08,REAL,2748140888,479,2748141367,2748141367
2025-06-19 07:28:10,REAL,2748141367,488,2748141855,2748141855
2025-06-19 07:28:12,REAL,2748141855,487,2748142342,2748142342
2025-06-19 07:28:14,REAL,2748142342,477,2748142819,2748142819
2025-06-19 07:28:16,REAL,2748142819,483,2748143302,2748143302
2025-06-19 07:28:18,REAL,2748143302,552,2748143854,2748143854
2025-06-19 07:28:20,REAL,2748143854,480,2748144334,2748144334
2025-06-19 07:28:22,REAL,2748144334,483,2748144817,2748144817
2025-06-19 07:28:24,REAL,2748144817,536,2748145353,2748145353
2025-06-19 07:28:26,REAL,2748145353,479,2748145832,2748145832
2025-06-19 07:28:28,REAL,2748145832,483,2748146315,2748146315
2025-06-19 07:28:30,REAL,2748146315,543,2748146858,2748146858
2025-06-19 07:28:32,REAL,2748146858,476,2748147334,2748147334
2025-06-19 07:28:34,REAL,2748147334,482,2748147816,2748147816
2025-06-19 07:28:36,REAL,2748147816,484,2748148300,2748148300
2025-06-19 07:28:38,REAL,2748148300,484,2748148784,2748148784
2025-06-19 07:28:40,REAL,2748148784,474,2748149258,2748149258
2025-06-19 07:28:42,REAL,2748149258,476,2748149734,2748149734
2025-06-19 07:28:44,REAL,2748149734,485,2748150219,2748150219
2025-06-19 07:28:46,REAL,2748150219,476,2748150695,2748150695
2025-06-19 07:28:48,REAL,2748150695,487,2748151182,2748151182
2025-06-19 07:28:50,REAL,2748151182,481,2748151663,2748151663
2025-06-19 07:28:52,REAL,2748151663,481,2748152144,2748152144
2025-06-19 07:28:54,REAL,2748152144,492,2748152636,2748152636
2025-06-19 07:28:56,REAL,2748152636,485,2748153121,2748153121
2025-06-19 07:28:58,REAL,2748153121,480,2748153601,2748153601
2025-06-19 07:29:00,REAL,2748153601,487,2748154088,2748154088
2025-06-19 07:29:02,REAL,2748154088,482,2748154570,2748154570
2025-06-19 07:29:04,REAL,2748154570,486,2748155056,2748155056
2025-06-19 07:29:06,REAL,2748155056,543,2748155599,2748155599
2025-06-19 07:29:08,REAL,2748155599,487,2748156086,2748156086
2025-06-19 07:29:10,REAL,2748156086,477,2748156563,2748156563
2025-06-19 07:29:12,REAL,2748156563,482,2748157045,2748157045
2025-06-19 07:29:14,REAL,2748157045,542,2748157587,2748157587
2025-06-19 07:29:16,REAL,2748157587,491,2748158078,2748158078
2025-06-19 07:29:18,REAL,2748158078,486,2748158564,2748158564
2025-06-19 07:29:20,REAL,2748158564,480,2748159044,2748159044
2025-06-19 07:29:22,REAL,2748159044,480,2748159524,2748159524
2025-06-19 07:29:24,REAL,2748159524,479,2748160003,2748160003
2025-06-19 07:29:26,REAL,2748160003,488,2748160491,2748160491
2025-06-19 07:29:28,REAL,2748160491,483,2748160974,2748160974
2025-06-19 07:29:30,REAL,2748160974,481,2748161455,2748161455
2025-06-19 07:29:32,REAL,2748161455,484,2748161939,2748161939
2025-06-19 07:29:34,REAL,2748161939,486,2748162425,2748162425
2025-06-19 07:29:36,REAL,2748162425,8747,2748171172,2748171172
2025-06-19 07:29:38,REAL,2748171172,10706,2748181878,2748181878
2025-06-19 07:29:40,REAL,2748181878,10180,2748192058,2748192058
2025-06-19 07:29:42,REAL,2748192058,10245,2748202303,2748202303
2025-06-19 07:29:44,REAL,2748202303,10314,2748212617,2748212617
2025-06-19 07:29:46,REAL,2748212617,10251,2748222868,2748222868
2025-06-19 07:29:48,REAL,2748222868,10248,2748233116,2748233116
2025-06-19 07:29:50,REAL,2748233116,8267,2748241383,2748241383
2025-06-19 07:29:52,REAL,2748241383,477,2748241860,2748241860
2025-06-19 07:29:54,REAL,2748241860,493,2748242353,2748242353
2025-06-19 07:29:56,REAL,2748242353,483,2748242836,2748242836
2025-06-19 07:29:58,REAL,2748242836,491,2748243327,2748243327
2025-06-19 07:30:00,REAL,2748243327,476,2748243803,2748243803
2025-06-19 07:30:02,REAL,2748243803,541,2748244344,2748244344
2025-06-19 07:30:04,REAL,2748244344,483,2748244827,2748244827
2025-06-19 07:30:06,REAL,2748244827,485,2748245312,2748245312
2025-06-19 07:30:08,REAL,2748245312,483,2748245795,2748245795
2025-06-19 07:30:10,REAL,2748245795,482,2748246277,2748246277
2025-06-19 07:30:12,REAL,2748246277,543,2748246820,2748246820
2025-06-19 07:30:14,REAL,2748246820,493,2748247313,2748247313
2025-06-19 07:30:16,REAL,2748247313,490,2748247803,2748247803
2025-06-19 07:30:18,REAL,2748247803,483,2748248286,2748248286
2025-06-19 07:30:20,REAL,2748248286,486,2748248772,2748248772
2025-06-19 07:30:22,REAL,2748248772,482,2748249254,2748249254
2025-06-19 07:30:24,REAL,2748249254,482,2748249736,2748249736
2025-06-19 07:30:26,REAL,2748249736,490,2748250226,2748250226
2025-06-19 07:30:28,REAL,2748250226,478,2748250704,2748250704
2025-06-19 07:30:30,REAL,2748250704,484,2748251188,2748251188
2025-06-19 07:30:32,REAL,2748251188,482,2748251670,2748251670
2025-06-19 07:30:34,REAL,2748251670,481,2748252151,2748252151
2025-06-19 07:30:36,REAL,2748252151,483,2748252634,2748252634
2025-06-19 07:30:38,REAL,2748252634,485,2748253119,2748253119
2025-06-19 07:30:40,REAL,2748253119,540,2748253659,2748253659
2025-06-19 07:30:42,REAL,2748253659,480,2748254139,2748254139
2025-06-19 07:30:44,REAL,2748254139,481,2748254620,2748254620
2025-06-19 07:30:46,REAL,2748254620,487,2748255107,2748255107
2025-06-19 07:30:48,REAL,2748255107,486,2748255593,2748255593
2025-06-19 07:30:50,REAL,2748255593,483,2748256076,2748256076
2025-06-19 07:30:52,REAL,2748256076,544,2748256620,2748256620
2025-06-19 07:30:54,REAL,2748256620,487,2748257107,2748257107
2025-06-19 07:30:56,REAL,2748257107,492,2748257599,2748257599
2025-06-19 07:30:58,REAL,2748257599,482,2748258081,2748258081
2025-06-19 07:31:00,REAL,2748258081,477,2748258558,2748258558
2025-06-19 07:31:02,REAL,2748258558,481,2748259039,2748259039
2025-06-19 07:31:04,REAL,2748259039,484,2748259523,2748259523
2025-06-19 07:31:06,REAL,2748259523,540,2748260063,2748260063
2025-06-19 07:31:08,REAL,2748260063,474,2748260537,2748260537
2025-06-19 07:31:10,REAL,2748260537,493,2748261030,2748261030
2025-06-19 07:31:12,REAL,2748261030,484,2748261514,2748261514
2025-06-19 07:31:14,REAL,2748261514,488,2748262002,2748262002
2025-06-19 07:31:16,REAL,2748262002,493,2748262495,2748262495
2025-06-19 07:31:18,REAL,2748262495,481,2748262976,2748262976
2025-06-19 07:31:20,REAL,2748262976,493,2748263469,2748263469
2025-06-19 07:31:22,REAL,2748263469,481,2748263950,2748263950
2025-06-19 07:31:24,REAL,2748263950,490,2748264440,2748264440
2025-06-19 07:31:26,REAL,2748264440,5582,2748270022,2748270022
2025-06-19 07:31:28,REAL,2748270022,10846,2748280868,2748280868
2025-06-19 07:31:30,REAL,2748280868,10247,2748291115,2748291115
2025-06-19 07:31:32,REAL,2748291115,10249,2748301364,2748301364
2025-06-19 07:31:34,REAL,2748301364,10325,2748311689,2748311689
2025-06-19 07:31:36,REAL,2748311689,10252,2748321941,2748321941
2025-06-19 07:31:38,REAL,2748321941,10254,2748332195,2748332195
2025-06-19 07:31:40,REAL,2748332195,10253,2748342448,2748342448
2025-06-19 07:31:42,REAL,2748342448,1416,2748343864,2748343864
2025-06-19 07:31:44,REAL,2748343864,540,2748344404,2748344404
2025-06-19 07:31:46,REAL,2748344404,478,2748344882,2748344882
2025-06-19 07:31:48,REAL,2748344882,480,2748345362,2748345362
2025-06-19 07:31:50,REAL,2748345362,489,2748345851,2748345851
2025-06-19 07:31:52,REAL,2748345851,539,2748346390,2748346390
2025-06-19 07:31:54,REAL,2748346390,486,2748346876,2748346876
2025-06-19 07:31:56,REAL,2748346876,490,2748347366,2748347366
2025-06-19 07:31:58,REAL,2748347366,493,2748347859,2748347859
2025-06-19 07:32:00,REAL,2748347859,484,2748348343,2748348343
2025-06-19 07:32:02,REAL,2748348343,488,2748348831,2748348831
2025-06-19 07:32:04,REAL,2748348831,487,2748349318,2748349318
2025-06-19 07:32:06,REAL,2748349318,479,2748349797,2748349797
2025-06-19 07:32:08,REAL,2748349797,487,2748350284,2748350284
2025-06-19 07:32:10,REAL,2748350284,480,2748350764,2748350764
2025-06-19 07:32:12,REAL,2748350764,487,2748351251,2748351251
2025-06-19 07:32:14,REAL,2748351251,492,2748351743,2748351743
2025-06-19 07:32:16,REAL,2748351743,483,2748352226,2748352226
2025-06-19 07:32:18,REAL,2748352226,491,2748352717,2748352717
2025-06-19 07:32:20,REAL,2748352717,545,2748353262,2748353262
2025-06-19 07:32:22,REAL,2748353262,482,2748353744,2748353744
2025-06-19 07:32:24,REAL,2748353744,485,2748354229,2748354229
2025-06-19 07:32:26,REAL,2748354229,486,2748354715,2748354715
2025-06-19 07:32:28,REAL,2748354715,482,2748355197,2748355197
2025-06-19 07:32:30,REAL,2748355197,479,2748355676,2748355676
2025-06-19 07:32:32,REAL,2748355676,536,2748356212,2748356212
2025-06-19 07:32:34,REAL,2748356212,480,2748356692,2748356692
2025-06-19 07:32:36,REAL,2748356692,485,2748357177,2748357177
2025-06-19 07:32:38,REAL,2748357177,479,2748357656,2748357656
2025-06-19 07:32:40,REAL,2748357656,485,2748358141,2748358141
2025-06-19 07:32:42,REAL,2748358141,484,2748358625,2748358625
2025-06-19 07:32:44,REAL,2748358625,489,2748359114,2748359114
2025-06-19 07:32:46,REAL,2748359114,539,2748359653,2748359653
2025-06-19 07:32:48,REAL,2748359653,493,2748360146,2748360146
2025-06-19 07:32:50,REAL,2748360146,479,2748360625,2748360625
2025-06-19 07:32:52,REAL,2748360625,483,2748361108,2748361108
2025-06-19 07:32:54,REAL,2748361108,486,2748361594,2748361594
2025-06-19 07:32:56,REAL,2748361594,482,2748362076,2748362076
2025-06-19 07:32:58,REAL,2748362076,480,2748362556,2748362556
2025-06-19 07:33:00,REAL,2748362556,485,2748363041,2748363041
2025-06-19 07:33:02,REAL,2748363041,478,2748363519,2748363519
2025-06-19 07:33:04,REAL,2748363519,475,2748363994,2748363994
2025-06-19 07:33:06,REAL,2748363994,479,2748364473,2748364473
2025-06-19 07:33:08,REAL,2748364473,485,2748364958,2748364958
2025-06-19 07:33:10,REAL,2748364958,484,2748365442,2748365442
2025-06-19 07:33:12,REAL,2748365442,544,2748365986,2748365986
2025-06-19 07:33:14,REAL,2748365986,481,2748366467,2748366467
2025-06-19 07:33:16,REAL,2748366467,492,2748366959,2748366959
2025-06-19 07:33:18,REAL,2748366959,479,2748367438,2748367438
2025-06-19 07:33:20,REAL,2748367438,488,2748367926,2748367926
2025-06-19 07:33:22,REAL,2748367926,543,2748368469,2748368469
2025-06-19 07:33:24,REAL,2748368469,490,2748368959,2748368959
2025-06-19 07:33:26,REAL,2748368959,481,2748369440,2748369440
2025-06-19 07:33:28,REAL,2748369440,485,2748369925,2748369925
2025-06-19 07:33:30,REAL,2748369925,485,2748370410,2748370410
2025-06-19 07:33:32,REAL,2748370410,480,2748370890,2748370890
2025-06-19 07:33:34,REAL,2748370890,478,2748371368,2748371368
2025-06-19 07:33:36,REAL,2748371368,488,2748371856,2748371856
2025-06-19 07:33:38,REAL,2748371856,491,2748372347,2748372347
2025-06-19 07:33:40,REAL,2748372347,538,2748372885,2748372885
2025-06-19 07:33:42,REAL,2748372885,481,2748373366,2748373366
2025-06-19 07:33:44,REAL,2748373366,484,2748373850,2748373850
2025-06-19 07:33:46,REAL,2748373850,485,2748374335,2748374335
2025-06-19 07:33:48,REAL,2748374335,493,2748374828,2748374828
2025-06-19 07:33:50,REAL,2748374828,487,2748375315,2748375315
2025-06-19 07:33:52,REAL,2748375315,483,2748375798,2748375798
2025-06-19 07:33:54,REAL,2748375798,487,2748376285,2748376285
2025-06-19 07:33:56,REAL,2748376285,479,2748376764,2748376764
2025-06-19 07:33:58,REAL,2748376764,487,2748377251,2748377251
2025-06-19 07:34:00,REAL,2748377251,492,2748377743,2748377743
2025-06-19 07:34:02,REAL,2748377743,482,2748378225,2748378225
2025-06-19 07:34:04,REAL,2748378225,488,2748378713,2748378713
2025-06-19 07:34:06,REAL,2748378713,538,2748379251,2748379251
2025-06-19 07:34:08,REAL,2748379251,490,2748379741,2748379741
2025-06-19 07:34:10,REAL,2748379741,535,2748380276,2748380276
2025-06-19 07:34:12,REAL,2748380276,490,2748380766,2748380766
2025-06-19 07:34:14,REAL,2748380766,492,2748381258,2748381258
2025-06-19 07:34:16,REAL,2748381258,480,2748381738,2748381738
2025-06-19 07:34:18,REAL,2748381738,477,2748382215,2748382215
2025-06-19 07:34:20,REAL,2748382215,485,2748382700,2748382700
2025-06-19 07:34:22,REAL,2748382700,476,2748383176,2748383176
2025-06-19 07:34:24,REAL,2748383176,484,2748383660,2748383660
2025-06-19 07:34:26,REAL,2748383660,490,2748384150,2748384150
2025-06-19 07:34:28,REAL,2748384150,492,2748384642,2748384642
2025-06-19 07:34:30,REAL,2748384642,483,2748385125,2748385125
2025-06-19 07:34:32,REAL,2748385125,540,2748385665,2748385665
2025-06-19 07:34:34,REAL,2748385665,487,2748386152,2748386152
2025-06-19 07:34:36,REAL,2748386152,491,2748386643,2748386643
2025-06-19 07:34:38,REAL,2748386643,482,2748387125,2748387125
2025-06-19 07:34:40,REAL,2748387125,489,2748387614,2748387614
2025-06-19 07:34:42,REAL,2748387614,478,2748388092,2748388092
2025-06-19 07:34:44,REAL,2748388092,476,2748388568,2748388568
2025-06-19 07:34:46,REAL,2748388568,541,2748389109,2748389109
2025-06-19 07:34:48,REAL,2748389109,482,2748389591,2748389591
2025-06-19 07:34:50,REAL,2748389591,482,2748390073,2748390073
2025-06-19 07:34:52,REAL,2748390073,492,2748390565,2748390565
2025-06-19 07:34:54,REAL,2748390565,483,2748391048,2748391048
2025-06-19 07:34:56,REAL,2748391048,486,2748391534,2748391534
2025-06-19 07:34:58,REAL,2748391534,484,2748392018,2748392018
2025-06-19 07:35:00,REAL,2748392018,492,2748392510,2748392510
2025-06-19 07:35:02,REAL,2748392510,493,2748393003,2748393003
2025-06-19 07:35:04,REAL,2748393003,538,2748393541,2748393541
2025-06-19 07:35:06,REAL,2748393541,485,2748394026,2748394026
2025-06-19 07:35:08,REAL,2748394026,492,2748394518,2748394518
2025-06-19 07:35:10,REAL,2748394518,482,2748395000,2748395000
2025-06-19 07:35:12,REAL,2748395000,490,2748395490,2748395490
2025-06-19 07:35:14,REAL,2748395490,481,2748395971,2748395971
2025-06-19 07:35:16,REAL,2748395971,484,2748396455,2748396455
2025-06-19 07:35:18,REAL,2748396455,488,2748396943,2748396943
2025-06-19 07:35:20,REAL,2748396943,531,2748397474,2748397474
2025-06-19 07:35:22,REAL,2748397474,481,2748397955,2748397955
2025-06-19 07:35:24,REAL,2748397955,481,2748398436,2748398436
2025-06-19 07:35:26,REAL,2748398436,480,2748398916,2748398916
2025-06-19 07:35:28,REAL,2748398916,490,2748399406,2748399406
2025-06-19 07:35:30,REAL,2748399406,474,2748399880,2748399880
2025-06-19 07:35:32,REAL,2748399880,485,2748400365,2748400365
2025-06-19 07:35:34,REAL,2748400365,490,2748400855,2748400855
2025-06-19 07:35:36,REAL,2748400855,491,2748401346,2748401346
2025-06-19 07:35:38,REAL,2748401346,543,2748401889,2748401889
2025-06-19 07:35:40,REAL,2748401889,482,2748402371,2748402371
2025-06-19 07:35:42,REAL,2748402371,482,2748402853,2748402853
2025-06-19 07:35:44,REAL,2748402853,484,2748403337,2748403337
2025-06-19 07:35:46,REAL,2748403337,489,2748403826,2748403826
2025-06-19 07:35:48,REAL,2748403826,484,2748404310,2748404310
2025-06-19 07:35:50,REAL,2748404310,479,2748404789,2748404789
2025-06-19 07:35:52,REAL,2748404789,491,2748405280,2748405280
2025-06-19 07:35:54,REAL,2748405280,479,2748405759,2748405759
2025-06-19 07:35:56,REAL,2748405759,536,2748406295,2748406295
2025-06-19 07:35:58,REAL,2748406295,486,2748406781,2748406781
2025-06-19 07:36:00,REAL,2748406781,481,2748407262,2748407262
2025-06-19 07:36:02,REAL,2748407262,484,2748407746,2748407746
2025-06-19 07:36:04,REAL,2748407746,483,2748408229,2748408229
2025-06-19 07:36:06,REAL,2748408229,481,2748408710,2748408710
2025-06-19 07:36:08,REAL,2748408710,483,2748409193,2748409193
2025-06-19 07:36:10,REAL,2748409193,541,2748409734,2748409734
2025-06-19 07:36:12,REAL,2748409734,483,2748410217,2748410217
2025-06-19 07:36:14,REAL,2748410217,484,2748410701,2748410701
2025-06-19 07:36:16,REAL,2748410701,486,2748411187,2748411187
2025-06-19 07:36:18,REAL,2748411187,484,2748411671,2748411671
2025-06-19 07:36:20,REAL,2748411671,486,2748412157,2748412157
2025-06-19 07:36:22,REAL,2748412157,478,2748412635,2748412635
2025-06-19 07:36:24,REAL,2748412635,477,2748413112,2748413112
2025-06-19 07:36:26,REAL,2748413112,485,2748413597,2748413597
2025-06-19 07:36:28,REAL,2748413597,487,2748414084,2748414084
2025-06-19 07:36:30,REAL,2748414084,483,2748414567,2748414567
2025-06-19 07:36:32,REAL,2748414567,538,2748415105,2748415105
2025-06-19 07:36:34,REAL,2748415105,492,2748415597,2748415597
2025-06-19 07:36:36,REAL,2748415597,493,2748416090,2748416090
2025-06-19 07:36:38,REAL,2748416090,486,2748416576,2748416576
2025-06-19 07:36:40,REAL,2748416576,492,2748417068,2748417068
2025-06-19 07:36:42,REAL,2748417068,485,2748417553,2748417553
2025-06-19 07:36:44,REAL,2748417553,543,2748418096,2748418096
2025-06-19 07:36:46,REAL,2748418096,489,2748418585,2748418585
2025-06-19 07:36:48,REAL,2748418585,478,2748419063,2748419063
2025-06-19 07:36:50,REAL,2748419063,484,2748419547,2748419547
2025-06-19 07:36:52,REAL,2748419547,491,2748420038,2748420038
2025-06-19 07:36:54,REAL,2748420038,487,2748420525,2748420525
2025-06-19 07:36:56,REAL,2748420525,478,2748421003,2748421003
2025-06-19 07:36:58,REAL,2748421003,480,2748421483,2748421483
2025-06-19 07:37:00,REAL,2748421483,475,2748421958,2748421958
2025-06-19 07:37:02,REAL,2748421958,484,2748422442,2748422442
2025-06-19 07:37:04,REAL,2748422442,476,2748422918,2748422918
2025-06-19 07:37:06,REAL,2748422918,540,2748423458,2748423458
2025-06-19 07:37:08,REAL,2748423458,486,2748423944,2748423944
2025-06-19 07:37:10,REAL,2748423944,479,2748424423,2748424423
2025-06-19 07:37:12,REAL,2748424423,485,2748424908,2748424908
2025-06-19 07:37:14,REAL,2748424908,486,2748425394,2748425394
2025-06-19 07:37:16,REAL,2748425394,541,2748425935,2748425935
2025-06-19 07:37:18,REAL,2748425935,482,2748426417,2748426417
2025-06-19 07:37:20,REAL,2748426417,482,2748426899,2748426899
2025-06-19 07:37:22,REAL,2748426899,485,2748427384,2748427384
2025-06-19 07:37:24,REAL,2748427384,491,2748427875,2748427875
2025-06-19 07:37:26,REAL,2748427875,486,2748428361,2748428361
2025-06-19 07:37:28,REAL,2748428361,486,2748428847,2748428847
2025-06-19 07:37:30,REAL,2748428847,482,2748429329,2748429329
2025-06-19 07:37:32,REAL,2748429329,485,2748429814,2748429814
2025-06-19 07:37:34,REAL,2748429814,485,2748430299,2748430299
2025-06-19 07:37:36,REAL,2748430299,485,2748430784,2748430784
2025-06-19 07:37:38,REAL,2748430784,480,2748431264,2748431264
2025-06-19 07:37:40,REAL,2748431264,475,2748431739,2748431739
2025-06-19 07:37:42,REAL,2748431739,536,2748432275,2748432275
2025-06-19 07:37:44,REAL,2748432275,482,2748432757,2748432757
2025-06-19 07:37:46,REAL,2748432757,479,2748433236,2748433236
2025-06-19 07:37:48,REAL,2748433236,545,2748433781,2748433781
2025-06-19 07:37:50,REAL,2748433781,482,2748434263,2748434263
2025-06-19 07:37:52,REAL,2748434263,483,2748434746,2748434746
2025-06-19 07:37:54,REAL,2748434746,486,2748435232,2748435232
2025-06-19 07:37:56,REAL,2748435232,481,2748435713,2748435713
2025-06-19 07:37:58,REAL,2748435713,481,2748436194,2748436194
2025-06-19 07:38:00,REAL,2748436194,1088,2748437282,2748437282
2025-06-19 07:38:02,REAL,2748437282,15271,2748452553,2748452553
2025-06-19 07:38:04,REAL,2748452553,10257,2748462810,2748462810
2025-06-19 07:38:06,REAL,2748462810,10245,2748473055,2748473055
2025-06-19 07:38:08,REAL,2748473055,10326,2748483381,2748483381
2025-06-19 07:38:10,REAL,2748483381,10255,2748493636,2748493636
2025-06-19 07:38:12,REAL,2748493636,10318,2748503954,2748503954
2025-06-19 07:38:14,REAL,2748503954,10248,2748514202,2748514202
2025-06-19 07:38:16,REAL,2748514202,4764,2748518966,2748518966
2025-06-19 07:38:18,REAL,2748518966,485,2748519451,2748519451
2025-06-19 07:38:20,REAL,2748519451,481,2748519932,2748519932
2025-06-19 07:38:22,REAL,2748519932,489,2748520421,2748520421
2025-06-19 07:38:24,REAL,2748520421,484,2748520905,2748520905
2025-06-19 07:38:26,REAL,2748520905,488,2748521393,2748521393
2025-06-19 07:38:28,REAL,2748521393,479,2748521872,2748521872
2025-06-19 07:38:30,REAL,2748521872,483,2748522355,2748522355
2025-06-19 07:38:32,REAL,2748522355,540,2748522895,2748522895
2025-06-19 07:38:34,REAL,2748522895,485,2748523380,2748523380
2025-06-19 07:38:36,REAL,2748523380,485,2748523865,2748523865
2025-06-19 07:38:38,REAL,2748523865,481,2748524346,2748524346
2025-06-19 07:38:40,REAL,2748524346,487,2748524833,2748524833
2025-06-19 07:38:42,REAL,2748524833,479,2748525312,2748525312
2025-06-19 07:38:44,REAL,2748525312,482,2748525794,2748525794
2025-06-19 07:38:46,REAL,2748525794,489,2748526283,2748526283
2025-06-19 07:38:48,REAL,2748526283,491,2748526774,2748526774
2025-06-19 07:38:50,REAL,2748526774,482,2748527256,2748527256
2025-06-19 07:38:52,REAL,2748527256,547,2748527803,2748527803
2025-06-19 07:38:54,REAL,2748527803,8475,2748536278,2748536278
2025-06-19 07:38:56,REAL,2748536278,10911,2748547189,2748547189
2025-06-19 07:38:58,REAL,2748547189,10244,2748557433,2748557433
2025-06-19 07:39:00,REAL,2748557433,10316,2748567749,2748567749
2025-06-19 07:39:02,REAL,2748567749,10251,2748578000,2748578000
2025-06-19 07:39:04,REAL,2748578000,10310,2748588310,2748588310
2025-06-19 07:39:06,REAL,2748588310,10248,2748598558,2748598558
2025-06-19 07:39:08,REAL,2748598558,8607,2748607165,2748607165
2025-06-19 07:39:10,REAL,2748607165,493,2748607658,2748607658
2025-06-19 07:39:12,REAL,2748607658,488,2748608146,2748608146
2025-06-19 07:39:14,REAL,2748608146,483,2748608629,2748608629
2025-06-19 07:39:16,REAL,2748608629,488,2748609117,2748609117
2025-06-19 07:39:18,REAL,2748609117,485,2748609602,2748609602
2025-06-19 07:39:20,REAL,2748609602,485,2748610087,2748610087
2025-06-19 07:39:22,REAL,2748610087,485,2748610572,2748610572
2025-06-19 07:39:24,REAL,2748610572,480,2748611052,2748611052
2025-06-19 07:39:26,REAL,2748611052,8415,2748619467,2748619467
2025-06-19 07:39:28,REAL,2748619467,10775,2748630242,2748630242
2025-06-19 07:39:30,REAL,2748630242,10254,2748640496,2748640496
2025-06-19 07:39:32,REAL,2748640496,10246,2748650742,2748650742
2025-06-19 07:39:34,REAL,2748650742,10371,2748661113,2748661113
2025-06-19 07:39:36,REAL,2748661113,10242,2748671355,2748671355
2025-06-19 07:39:38,REAL,2748671355,10322,2748681677,2748681677
2025-06-19 07:39:40,REAL,2748681677,7940,2748689617,2748689617
2025-06-19 07:39:42,REAL,2748689617,486,2748690103,2748690103
2025-06-19 07:39:44,REAL,2748690103,486,2748690589,2748690589
2025-06-19 07:39:46,REAL,2748690589,3523,2748694112,2748694112
2025-06-19 07:39:48,REAL,2748694112,11377,2748705489,2748705489
2025-06-19 07:39:50,REAL,2748705489,10250,2748715739,2748715739
2025-06-19 07:39:52,REAL,2748715739,10320,2748726059,2748726059
2025-06-19 07:39:54,REAL,2748726059,10246,2748736305,2748736305
2025-06-19 07:39:56,REAL,2748736305,10322,2748746627,2748746627
2025-06-19 07:39:58,REAL,2748746627,10251,2748756878,2748756878
2025-06-19 07:40:00,REAL,2748756878,10260,2748767138,2748767138
2025-06-19 07:40:02,REAL,2748767138,2800,2748769938,2748769938
2025-06-19 07:40:04,REAL,2748769938,491,2748770429,2748770429
2025-06-19 07:40:06,REAL,2748770429,478,2748770907,2748770907
2025-06-19 07:40:08,REAL,2748770907,488,2748771395,2748771395
2025-06-19 07:40:10,REAL,2748771395,485,2748771880,2748771880
2025-06-19 07:40:12,REAL,2748771880,484,2748772364,2748772364
2025-06-19 07:40:14,REAL,2748772364,488,2748772852,2748772852
2025-06-19 07:40:16,REAL,2748772852,486,2748773338,2748773338
2025-06-19 07:40:18,REAL,2748773338,550,2748773888,2748773888
2025-06-19 07:40:20,REAL,2748773888,483,2748774371,2748774371
2025-06-19 07:40:22,REAL,2748774371,479,2748774850,2748774850
2025-06-19 07:40:24,REAL,2748774850,479,2748775329,2748775329
2025-06-19 07:40:26,REAL,2748775329,482,2748775811,2748775811
2025-06-19 07:40:28,REAL,2748775811,488,2748776299,2748776299
2025-06-19 07:40:30,REAL,2748776299,484,2748776783,2748776783
2025-06-19 07:40:32,REAL,2748776783,481,2748777264,2748777264
2025-06-19 07:40:34,REAL,2748777264,538,2748777802,2748777802
2025-06-19 07:40:36,REAL,2748777802,481,2748778283,2748778283
2025-06-19 07:40:38,REAL,2748778283,484,2748778767,2748778767
2025-06-19 07:40:40,REAL,2748778767,477,2748779244,2748779244
2025-06-19 07:40:42,REAL,2748779244,246,2748779490,2748779490
2025-06-19 07:40:44,REAL,2748779490,481,2748779971,2748779971
2025-06-19 07:40:46,REAL,2748779971,476,2748780447,2748780447
2025-06-19 07:40:48,REAL,2748780447,491,2748780938,2748780938
2025-06-19 07:40:50,REAL,2748780938,479,2748781417,2748781417
2025-06-19 07:40:52,REAL,2748781417,476,2748781893,2748781893
2025-06-19 07:40:54,REAL,2748781893,490,2748782383,2748782383
2025-06-19 07:40:56,REAL,2748782383,481,2748782864,2748782864
2025-06-19 07:40:58,REAL,2748782864,483,2748783347,2748783347
2025-06-19 07:41:00,REAL,2748783347,535,2748783882,2748783882
2025-06-19 07:41:02,REAL,2748783882,487,2748784369,2748784369
2025-06-19 07:41:04,REAL,2748784369,483,2748784852,2748784852
2025-06-19 07:41:06,REAL,2748784852,480,2748785332,2748785332
2025-06-19 07:41:08,REAL,2748785332,474,2748785806,2748785806
2025-06-19 07:41:10,REAL,2748785806,476,2748786282,2748786282
2025-06-19 07:41:12,REAL,2748786282,476,2748786758,2748786758
2025-06-19 07:41:14,REAL,2748786758,482,2748787240,2748787240
2025-06-19 07:41:16,REAL,2748787240,485,2748787725,2748787725
2025-06-19 07:41:18,REAL,2748787725,489,2748788214,2748788214
2025-06-19 07:41:20,REAL,2748788214,547,2748788761,2748788761
2025-06-19 07:41:22,REAL,2748788761,491,2748789252,2748789252
2025-06-19 07:41:24,REAL,2748789252,490,2748789742,2748789742
2025-06-19 07:41:26,REAL,2748789742,488,2748790230,2748790230
2025-06-19 07:41:28,REAL,2748790230,482,2748790712,2748790712
2025-06-19 07:41:30,REAL,2748790712,482,2748791194,2748791194
2025-06-19 07:41:32,REAL,2748791194,480,2748791674,2748791674
2025-06-19 07:41:34,REAL,2748791674,484,2748792158,2748792158
2025-06-19 07:41:36,REAL,2748792158,480,2748792638,2748792638
2025-06-19 07:41:38,REAL,2748792638,474,2748793112,2748793112
2025-06-19 07:41:40,REAL,2748793112,484,2748793596,2748793596
2025-06-19 07:41:42,REAL,2748793596,481,2748794077,2748794077
2025-06-19 07:41:44,REAL,2748794077,540,2748794617,2748794617
2025-06-19 07:41:46,REAL,2748794617,482,2748795099,2748795099
2025-06-19 07:41:48,REAL,2748795099,484,2748795583,2748795583
2025-06-19 07:41:50,REAL,2748795583,486,2748796069,2748796069
2025-06-19 07:41:52,REAL,2748796069,487,2748796556,2748796556
2025-06-19 07:41:54,REAL,2748796556,493,2748797049,2748797049
2025-06-19 07:41:56,REAL,2748797049,491,2748797540,2748797540
2025-06-19 07:41:58,REAL,2748797540,486,2748798026,2748798026
2025-06-19 07:42:00,REAL,2748798026,488,2748798514,2748798514
2025-06-19 07:42:02,REAL,2748798514,484,2748798998,2748798998
2025-06-19 07:42:04,REAL,2748798998,486,2748799484,2748799484
2025-06-19 07:42:06,REAL,2748799484,484,2748799968,2748799968
2025-06-19 07:42:08,REAL,2748799968,540,2748800508,2748800508
2025-06-19 07:42:10,REAL,2748800508,485,2748800993,2748800993
2025-06-19 07:42:12,REAL,2748800993,480,2748801473,2748801473
2025-06-19 07:42:14,REAL,2748801473,475,2748801948,2748801948
2025-06-19 07:42:16,REAL,2748801948,484,2748802432,2748802432
2025-06-19 07:42:18,REAL,2748802432,479,2748802911,2748802911
2025-06-19 07:42:20,REAL,2748802911,480,2748803391,2748803391
2025-06-19 07:42:22,REAL,2748803391,490,2748803881,2748803881
2025-06-19 07:42:24,REAL,2748803881,486,2748804367,2748804367
2025-06-19 07:42:26,REAL,2748804367,534,2748804901,2748804901
2025-06-19 07:42:28,REAL,2748804901,480,2748805381,2748805381
2025-06-19 07:42:30,REAL,2748805381,482,2748805863,2748805863
2025-06-19 07:42:32,REAL,2748805863,483,2748806346,2748806346
2025-06-19 07:42:34,REAL,2748806346,479,2748806825,2748806825
2025-06-19 07:42:36,REAL,2748806825,494,2748807319,2748807319
2025-06-19 07:42:38,REAL,2748807319,490,2748807809,2748807809
2025-06-19 07:42:40,REAL,2748807809,484,2748808293,2748808293
2025-06-19 07:42:42,REAL,2748808293,489,2748808782,2748808782
2025-06-19 07:42:44,REAL,2748808782,493,2748809275,2748809275
2025-06-19 07:42:46,REAL,2748809275,475,2748809750,2748809750
2025-06-19 07:42:48,REAL,2748809750,476,2748810226,2748810226
2025-06-19 07:42:50,REAL,2748810226,488,2748810714,2748810714
2025-06-19 07:42:52,REAL,2748810714,480,2748811194,2748811194
2025-06-19 07:42:54,REAL,2748811194,546,2748811740,2748811740
2025-06-19 07:42:56,REAL,2748811740,485,2748812225,2748812225
2025-06-19 07:42:58,REAL,2748812225,475,2748812700,2748812700
2025-06-19 07:43:00,REAL,2748812700,485,2748813185,2748813185
2025-06-19 07:43:02,REAL,2748813185,484,2748813669,2748813669
2025-06-19 07:43:04,REAL,2748813669,490,2748814159,2748814159
2025-06-19 07:43:06,REAL,2748814159,481,2748814640,2748814640
2025-06-19 07:43:08,REAL,2748814640,484,2748815124,2748815124
2025-06-19 07:43:10,REAL,2748815124,547,2748815671,2748815671
2025-06-19 07:43:12,REAL,2748815671,486,2748816157,2748816157
2025-06-19 07:43:14,REAL,2748816157,483,2748816640,2748816640
2025-06-19 07:43:16,REAL,2748816640,479,2748817119,2748817119
2025-06-19 07:43:18,REAL,2748817119,487,2748817606,2748817606
2025-06-19 07:43:20,REAL,2748817606,487,2748818093,2748818093
2025-06-19 07:43:22,REAL,2748818093,475,2748818568,2748818568
2025-06-19 07:43:24,REAL,2748818568,484,2748819052,2748819052
2025-06-19 07:43:26,REAL,2748819052,483,2748819535,2748819535
2025-06-19 07:43:28,REAL,2748819535,491,2748820026,2748820026
2025-06-19 07:43:30,REAL,2748820026,483,2748820509,2748820509
2025-06-19 07:43:32,REAL,2748820509,486,2748820995,2748820995
2025-06-19 07:43:34,REAL,2748820995,488,2748821483,2748821483
2025-06-19 07:43:36,REAL,2748821483,483,2748821966,2748821966
2025-06-19 07:43:38,REAL,2748821966,482,2748822448,2748822448
2025-06-19 07:43:40,REAL,2748822448,482,2748822930,2748822930
2025-06-19 07:43:42,REAL,2748822930,549,2748823479,2748823479
2025-06-19 07:43:44,REAL,2748823479,489,2748823968,2748823968
2025-06-19 07:43:46,REAL,2748823968,477,2748824445,2748824445
2025-06-19 07:43:48,REAL,2748824445,490,2748824935,2748824935
2025-06-19 07:43:50,REAL,2748824935,479,2748825414,2748825414
2025-06-19 07:43:52,REAL,2748825414,544,2748825958,2748825958
2025-06-19 07:43:54,REAL,2748825958,492,2748826450,2748826450
2025-06-19 07:43:56,REAL,2748826450,479,2748826929,2748826929
2025-06-19 07:43:58,REAL,2748826929,489,2748827418,2748827418
2025-06-19 07:44:00,REAL,2748827418,483,2748827901,2748827901
2025-06-19 07:44:02,REAL,2748827901,489,2748828390,2748828390
2025-06-19 07:44:04,REAL,2748828390,489,2748828879,2748828879
2025-06-19 07:44:06,REAL,2748828879,484,2748829363,2748829363
2025-06-19 07:44:08,REAL,2748829363,486,2748829849,2748829849
2025-06-19 07:44:10,REAL,2748829849,481,2748830330,2748830330
2025-06-19 07:44:12,REAL,2748830330,483,2748830813,2748830813
2025-06-19 07:44:14,REAL,2748830813,480,2748831293,2748831293
2025-06-19 07:44:16,REAL,2748831293,490,2748831783,2748831783
2025-06-19 07:44:18,REAL,2748831783,483,2748832266,2748832266
2025-06-19 07:44:20,REAL,2748832266,490,2748832756,2748832756
2025-06-19 07:44:22,REAL,2748832756,486,2748833242,2748833242
2025-06-19 07:44:24,REAL,2748833242,485,2748833727,2748833727
2025-06-19 07:44:26,REAL,2748833727,486,2748834213,2748834213
2025-06-19 07:44:28,REAL,2748834213,600,2748834813,2748834813
2025-06-19 07:44:30,REAL,2748834813,476,2748835289,2748835289
2025-06-19 07:44:32,REAL,2748835289,483,2748835772,2748835772
2025-06-19 07:44:34,REAL,2748835772,484,2748836256,2748836256
2025-06-19 07:44:36,REAL,2748836256,485,2748836741,2748836741
2025-06-19 07:44:38,REAL,2748836741,479,2748837220,2748837220
2025-06-19 07:44:40,REAL,2748837220,490,2748837710,2748837710
2025-06-19 07:44:42,REAL,2748837710,479,2748838189,2748838189
2025-06-19 07:44:44,REAL,2748838189,490,2748838679,2748838679
2025-06-19 07:44:46,REAL,2748838679,488,2748839167,2748839167
2025-06-19 07:44:48,REAL,2748839167,480,2748839647,2748839647
2025-06-19 07:44:50,REAL,2748839647,485,2748840132,2748840132
2025-06-19 07:44:52,REAL,2748840132,476,2748840608,2748840608
2025-06-19 07:44:54,REAL,2748840608,485,2748841093,2748841093
2025-06-19 07:44:56,REAL,2748841093,487,2748841580,2748841580
2025-06-19 07:44:58,REAL,2748841580,483,2748842063,2748842063
2025-06-19 07:45:00,REAL,2748842063,478,2748842541,2748842541
2025-06-19 07:45:02,REAL,2748842541,530,2748843071,2748843071
2025-06-19 07:45:04,REAL,2748843071,475,2748843546,2748843546
2025-06-19 07:45:06,REAL,2748843546,483,2748844029,2748844029
2025-06-19 07:45:08,REAL,2748844029,9605,2748853634,2748853634
2025-06-19 07:45:10,REAL,2748853634,10512,2748864146,2748864146
2025-06-19 07:45:12,REAL,2748864146,10258,2748874404,2748874404
2025-06-19 07:45:14,REAL,2748874404,10317,2748884721,2748884721
2025-06-19 07:45:16,REAL,2748884721,10257,2748894978,2748894978
2025-06-19 07:45:18,REAL,2748894978,10324,2748905302,2748905302
2025-06-19 07:45:20,REAL,2748905302,10255,2748915557,2748915557
2025-06-19 07:45:22,REAL,2748915557,7285,2748922842,2748922842
2025-06-19 07:45:24,REAL,2748922842,486,2748923328,2748923328
2025-06-19 07:45:26,REAL,2748923328,481,2748923809,2748923809
2025-06-19 07:45:28,REAL,2748923809,485,2748924294,2748924294
2025-06-19 07:45:30,REAL,2748924294,480,2748924774,2748924774
2025-06-19 07:45:32,REAL,2748924774,476,2748925250,2748925250
2025-06-19 07:45:34,REAL,2748925250,536,2748925786,2748925786
2025-06-19 07:45:36,REAL,2748925786,539,2748926325,2748926325
2025-06-19 07:45:38,REAL,2748926325,482,2748926807,2748926807
2025-06-19 07:45:40,REAL,2748926807,485,2748927292,2748927292
2025-06-19 07:45:42,REAL,2748927292,485,2748927777,2748927777
2025-06-19 07:45:44,REAL,2748927777,4781,2748932558,2748932558
2025-06-19 07:45:46,REAL,2748932558,11309,2748943867,2748943867
2025-06-19 07:45:48,REAL,2748943867,10311,2748954178,2748954178
2025-06-19 07:45:50,REAL,2748954178,10247,2748964425,2748964425
2025-06-19 07:45:52,REAL,2748964425,10246,2748974671,2748974671
2025-06-19 07:45:54,REAL,2748974671,10326,2748984997,2748984997
2025-06-19 07:45:56,REAL,2748984997,10250,2748995247,2748995247
2025-06-19 07:45:58,REAL,2748995247,10254,2749005501,2749005501
2025-06-19 07:46:00,REAL,2749005501,1742,2749007243,2749007243
2025-06-19 07:46:02,REAL,2749007243,483,2749007726,2749007726
2025-06-19 07:46:04,REAL,2749007726,484,2749008210,2749008210
2025-06-19 07:46:06,REAL,2749008210,486,2749008696,2749008696
2025-06-19 07:46:08,REAL,2749008696,480,2749009176,2749009176
2025-06-19 07:46:10,REAL,2749009176,597,2749009773,2749009773
2025-06-19 07:46:12,REAL,2749009773,479,2749010252,2749010252
2025-06-19 07:46:14,REAL,2749010252,484,2749010736,2749010736
2025-06-19 07:46:16,REAL,2749010736,486,2749011222,2749011222
2025-06-19 07:46:18,REAL,2749011222,483,2749011705,2749011705
2025-06-19 07:46:20,REAL,2749011705,490,2749012195,2749012195
2025-06-19 07:46:22,REAL,2749012195,485,2749012680,2749012680
2025-06-19 07:46:24,REAL,2749012680,482,2749013162,2749013162
2025-06-19 07:46:26,REAL,2749013162,479,2749013641,2749013641
2025-06-19 07:46:28,REAL,2749013641,484,2749014125,2749014125
2025-06-19 07:46:30,REAL,2749014125,483,2749014608,2749014608
2025-06-19 07:46:32,REAL,2749014608,483,2749015091,2749015091
2025-06-19 07:46:34,REAL,2749015091,480,2749015571,2749015571
2025-06-19 07:46:36,REAL,2749015571,547,2749016118,2749016118
2025-06-19 07:46:38,REAL,2749016118,14013,2749030131,2749030131
2025-06-19 07:46:40,REAL,2749030131,10316,2749040447,2749040447
2025-06-19 07:46:42,REAL,2749040447,10316,2749050763,2749050763
2025-06-19 07:46:44,REAL,2749050763,10244,2749061007,2749061007
2025-06-19 07:46:46,REAL,2749061007,10327,2749071334,2749071334
2025-06-19 07:46:48,REAL,2749071334,10246,2749081580,2749081580
2025-06-19 07:46:50,REAL,2749081580,10248,2749091828,2749091828
2025-06-19 07:46:52,REAL,2749091828,5828,2749097656,2749097656
2025-06-19 07:46:54,REAL,2749097656,482,2749098138,2749098138
2025-06-19 07:46:56,REAL,2749098138,483,2749098621,2749098621
2025-06-19 07:46:58,REAL,2749098621,482,2749099103,2749099103
2025-06-19 07:47:00,REAL,2749099103,482,2749099585,2749099585
2025-06-19 07:47:02,REAL,2749099585,531,2749100116,2749100116
2025-06-19 07:47:04,REAL,2749100116,483,2749100599,2749100599
2025-06-19 07:47:06,REAL,2749100599,488,2749101087,2749101087
2025-06-19 07:47:08,REAL,2749101087,490,2749101577,2749101577
2025-06-19 07:47:10,REAL,2749101577,488,2749102065,2749102065
2025-06-19 07:47:12,REAL,2749102065,484,2749102549,2749102549
2025-06-19 07:47:14,REAL,2749102549,481,2749103030,2749103030
2025-06-19 07:47:16,REAL,2749103030,481,2749103511,2749103511
2025-06-19 07:47:18,REAL,2749103511,488,2749103999,2749103999
2025-06-19 07:47:20,REAL,2749103999,537,2749104536,2749104536
2025-06-19 07:47:22,REAL,2749104536,478,2749105014,2749105014
2025-06-19 07:47:24,REAL,2749105014,482,2749105496,2749105496
2025-06-19 07:47:26,REAL,2749105496,486,2749105982,2749105982
2025-06-19 07:47:28,REAL,2749105982,541,2749106523,2749106523
2025-06-19 07:47:30,REAL,2749106523,482,2749107005,2749107005
2025-06-19 07:47:32,REAL,2749107005,485,2749107490,2749107490
2025-06-19 07:47:34,REAL,2749107490,483,2749107973,2749107973
2025-06-19 07:47:36,REAL,2749107973,487,2749108460,2749108460
2025-06-19 07:47:38,REAL,2749108460,482,2749108942,2749108942
2025-06-19 07:47:40,REAL,2749108942,480,2749109422,2749109422
2025-06-19 07:47:42,REAL,2749109422,485,2749109907,2749109907
2025-06-19 07:47:44,REAL,2749109907,492,2749110399,2749110399
2025-06-19 07:47:46,REAL,2749110399,485,2749110884,2749110884
2025-06-19 07:47:48,REAL,2749110884,482,2749111366,2749111366
2025-06-19 07:47:50,REAL,2749111366,484,2749111850,2749111850
2025-06-19 07:47:52,REAL,2749111850,483,2749112333,2749112333
2025-06-19 07:47:54,REAL,2749112333,543,2749112876,2749112876
2025-06-19 07:47:56,REAL,2749112876,1733,2749114609,2749114609
2025-06-19 07:47:58,REAL,2749114609,14409,2749129018,2749129018
2025-06-19 07:48:00,REAL,2749129018,10321,2749139339,2749139339
2025-06-19 07:48:02,REAL,2749139339,10251,2749149590,2749149590
2025-06-19 07:48:04,REAL,2749149590,10260,2749159850,2749159850
2025-06-19 07:48:06,REAL,2749159850,10260,2749170110,2749170110
2025-06-19 07:48:08,REAL,2749170110,10316,2749180426,2749180426
2025-06-19 07:48:10,REAL,2749180426,10251,2749190677,2749190677
2025-06-19 07:48:12,REAL,2749190677,4182,2749194859,2749194859
2025-06-19 07:48:14,REAL,2749194859,482,2749195341,2749195341
2025-06-19 07:48:16,REAL,2749195341,487,2749195828,2749195828
2025-06-19 07:48:18,REAL,2749195828,483,2749196311,2749196311
2025-06-19 07:48:20,REAL,2749196311,476,2749196787,2749196787
2025-06-19 07:48:22,REAL,2749196787,545,2749197332,2749197332
2025-06-19 07:48:24,REAL,2749197332,484,2749197816,2749197816
2025-06-19 07:48:26,REAL,2749197816,536,2749198352,2749198352
2025-06-19 07:48:28,REAL,2749198352,484,2749198836,2749198836
2025-06-19 07:48:30,REAL,2749198836,485,2749199321,2749199321
2025-06-19 07:48:32,REAL,2749199321,490,2749199811,2749199811
2025-06-19 07:48:34,REAL,2749199811,493,2749200304,2749200304
2025-06-19 07:48:36,REAL,2749200304,491,2749200795,2749200795
2025-06-19 07:48:38,REAL,2749200795,489,2749201284,2749201284
2025-06-19 07:48:40,REAL,2749201284,492,2749201776,2749201776
2025-06-19 07:48:42,REAL,2749201776,484,2749202260,2749202260
2025-06-19 07:48:44,REAL,2749202260,480,2749202740,2749202740
2025-06-19 07:48:46,REAL,2749202740,484,2749203224,2749203224
2025-06-19 07:48:48,REAL,2749203224,546,2749203770,2749203770
2025-06-19 07:48:50,REAL,2749203770,489,2749204259,2749204259
2025-06-19 07:48:52,REAL,2749204259,485,2749204744,2749204744
2025-06-19 07:48:54,REAL,2749204744,479,2749205223,2749205223
2025-06-19 07:48:56,REAL,2749205223,486,2749205709,2749205709
2025-06-19 07:48:58,REAL,2749205709,480,2749206189,2749206189
2025-06-19 07:49:00,REAL,2749206189,489,2749206678,2749206678
2025-06-19 07:49:02,REAL,2749206678,536,2749207214,2749207214
2025-06-19 07:49:04,REAL,2749207214,479,2749207693,2749207693
2025-06-19 07:49:06,REAL,2749207693,485,2749208178,2749208178
2025-06-19 07:49:08,REAL,2749208178,482,2749208660,2749208660
2025-06-19 07:49:10,REAL,2749208660,482,2749209142,2749209142
2025-06-19 07:49:12,REAL,2749209142,486,2749209628,2749209628
2025-06-19 07:49:14,REAL,2749209628,485,2749210113,2749210113
2025-06-19 07:49:16,REAL,2749210113,545,2749210658,2749210658
2025-06-19 07:49:18,REAL,2749210658,488,2749211146,2749211146
2025-06-19 07:49:20,REAL,2749211146,484,2749211630,2749211630
2025-06-19 07:49:22,REAL,2749211630,485,2749212115,2749212115
2025-06-19 07:49:24,REAL,2749212115,481,2749212596,2749212596
2025-06-19 07:49:26,REAL,2749212596,480,2749213076,2749213076
2025-06-19 07:49:28,REAL,2749213076,544,2749213620,2749213620
2025-06-19 07:49:30,REAL,2749213620,481,2749214101,2749214101
2025-06-19 07:49:32,REAL,2749214101,481,2749214582,2749214582
2025-06-19 07:49:34,REAL,2749214582,488,2749215070,2749215070
2025-06-19 07:49:36,REAL,2749215070,482,2749215552,2749215552
2025-06-19 07:49:38,REAL,2749215552,480,2749216032,2749216032
2025-06-19 07:49:40,REAL,2749216032,485,2749216517,2749216517
2025-06-19 07:49:42,REAL,2749216517,536,2749217053,2749217053
2025-06-19 07:49:44,REAL,2749217053,481,2749217534,2749217534
2025-06-19 07:49:46,REAL,2749217534,477,2749218011,2749218011
2025-06-19 07:49:48,REAL,2749218011,485,2749218496,2749218496
2025-06-19 07:49:50,REAL,2749218496,475,2749218971,2749218971
2025-06-19 07:49:52,REAL,2749218971,491,2749219462,2749219462
2025-06-19 07:49:54,REAL,2749219462,541,2749220003,2749220003
2025-06-19 07:49:56,REAL,2749220003,486,2749220489,2749220489
2025-06-19 07:49:58,REAL,2749220489,483,2749220972,2749220972
2025-06-19 07:50:00,REAL,2749220972,481,2749221453,2749221453
2025-06-19 07:50:02,REAL,2749221453,486,2749221939,2749221939
2025-06-19 07:50:04,REAL,2749221939,490,2749222429,2749222429
2025-06-19 07:50:06,REAL,2749222429,480,2749222909,2749222909
2025-06-19 07:50:08,REAL,2749222909,535,2749223444,2749223444
2025-06-19 07:50:10,REAL,2749223444,480,2749223924,2749223924
2025-06-19 07:50:12,REAL,2749223924,487,2749224411,2749224411
2025-06-19 07:50:14,REAL,2749224411,484,2749224895,2749224895
2025-06-19 07:50:16,REAL,2749224895,478,2749225373,2749225373
2025-06-19 07:50:18,REAL,2749225373,477,2749225850,2749225850
2025-06-19 07:50:20,REAL,2749225850,533,2749226383,2749226383
2025-06-19 07:50:22,REAL,2749226383,481,2749226864,2749226864
2025-06-19 07:50:24,REAL,2749226864,490,2749227354,2749227354
2025-06-19 07:50:26,REAL,2749227354,480,2749227834,2749227834
2025-06-19 07:50:28,REAL,2749227834,483,2749228317,2749228317
2025-06-19 07:50:30,REAL,2749228317,480,2749228797,2749228797
2025-06-19 07:50:32,REAL,2749228797,534,2749229331,2749229331
2025-06-19 07:50:34,REAL,2749229331,488,2749229819,2749229819
2025-06-19 07:50:36,REAL,2749229819,491,2749230310,2749230310
2025-06-19 07:50:38,REAL,2749230310,489,2749230799,2749230799
2025-06-19 07:50:40,REAL,2749230799,480,2749231279,2749231279
2025-06-19 07:50:42,REAL,2749231279,492,2749231771,2749231771
2025-06-19 07:50:44,REAL,2749231771,491,2749232262,2749232262
2025-06-19 07:50:46,REAL,2749232262,540,2749232802,2749232802
2025-06-19 07:50:48,REAL,2749232802,479,2749233281,2749233281
2025-06-19 07:50:50,REAL,2749233281,486,2749233767,2749233767
2025-06-19 07:50:52,REAL,2749233767,485,2749234252,2749234252
2025-06-19 07:50:54,REAL,2749234252,478,2749234730,2749234730
2025-06-19 07:50:56,REAL,2749234730,543,2749235273,2749235273
2025-06-19 07:50:58,REAL,2749235273,482,2749235755,2749235755
2025-06-19 07:51:00,REAL,2749235755,478,2749236233,2749236233
2025-06-19 07:51:02,REAL,2749236233,478,2749236711,2749236711
2025-06-19 07:51:04,REAL,2749236711,475,2749237186,2749237186
2025-06-19 07:51:06,REAL,2749237186,490,2749237676,2749237676
2025-06-19 07:51:08,REAL,2749237676,482,2749238158,2749238158
2025-06-19 07:51:10,REAL,2749238158,539,2749238697,2749238697
2025-06-19 07:51:12,REAL,2749238697,482,2749239179,2749239179
2025-06-19 07:51:14,REAL,2749239179,490,2749239669,2749239669
2025-06-19 07:51:16,REAL,2749239669,482,2749240151,2749240151
2025-06-19 07:51:18,REAL,2749240151,493,2749240644,2749240644
2025-06-19 07:51:20,REAL,2749240644,542,2749241186,2749241186
2025-06-19 07:51:22,REAL,2749241186,483,2749241669,2749241669
2025-06-19 07:51:24,REAL,2749241669,484,2749242153,2749242153
2025-06-19 07:51:26,REAL,2749242153,494,2749242647,2749242647
2025-06-19 07:51:28,REAL,2749242647,482,2749243129,2749243129
2025-06-19 07:51:30,REAL,2749243129,481,2749243610,2749243610
2025-06-19 07:51:32,REAL,2749243610,492,2749244102,2749244102
2025-06-19 07:51:34,REAL,2749244102,488,2749244590,2749244590
2025-06-19 07:51:36,REAL,2749244590,540,2749245130,2749245130
2025-06-19 07:51:38,REAL,2749245130,491,2749245621,2749245621
2025-06-19 07:51:40,REAL,2749245621,483,2749246104,2749246104
2025-06-19 07:51:42,REAL,2749246104,545,2749246649,2749246649
2025-06-19 07:51:44,REAL,2749246649,493,2749247142,2749247142
2025-06-19 07:51:46,REAL,2749247142,482,2749247624,2749247624
2025-06-19 07:51:48,REAL,2749247624,489,2749248113,2749248113
2025-06-19 07:51:50,REAL,2749248113,477,2749248590,2749248590
2025-06-19 07:51:52,REAL,2749248590,489,2749249079,2749249079
2025-06-19 07:51:54,REAL,2749249079,487,2749249566,2749249566
2025-06-19 07:51:56,REAL,2749249566,483,2749250049,2749250049
2025-06-19 07:51:58,REAL,2749250049,493,2749250542,2749250542
2025-06-19 07:52:00,REAL,2749250542,493,2749251035,2749251035
2025-06-19 07:52:02,REAL,2749251035,540,2749251575,2749251575
2025-06-19 07:52:04,REAL,2749251575,487,2749252062,2749252062
2025-06-19 07:52:06,REAL,2749252062,544,2749252606,2749252606
2025-06-19 07:52:08,REAL,2749252606,477,2749253083,2749253083
2025-06-19 07:52:10,REAL,2749253083,481,2749253564,2749253564
2025-06-19 07:52:12,REAL,2749253564,477,2749254041,2749254041
2025-06-19 07:52:14,REAL,2749254041,484,2749254525,2749254525
2025-06-19 07:52:16,REAL,2749254525,484,2749255009,2749255009
2025-06-19 07:52:18,REAL,2749255009,486,2749255495,2749255495
2025-06-19 07:52:20,REAL,2749255495,475,2749255970,2749255970
2025-06-19 07:52:22,REAL,2749255970,479,2749256449,2749256449
2025-06-19 07:52:24,REAL,2749256449,492,2749256941,2749256941
2025-06-19 07:52:26,REAL,2749256941,491,2749257432,2749257432
2025-06-19 07:52:28,REAL,2749257432,543,2749257975,2749257975
2025-06-19 07:52:30,REAL,2749257975,537,2749258512,2749258512
2025-06-19 07:52:32,REAL,2749258512,488,2749259000,2749259000
2025-06-19 07:52:34,REAL,2749259000,481,2749259481,2749259481
2025-06-19 07:52:36,REAL,2749259481,481,2749259962,2749259962
2025-06-19 07:52:38,REAL,2749259962,486,2749260448,2749260448
2025-06-19 07:52:40,REAL,2749260448,480,2749260928,2749260928
2025-06-19 07:52:42,REAL,2749260928,485,2749261413,2749261413
2025-06-19 07:52:44,REAL,2749261413,486,2749261899,2749261899
2025-06-19 07:52:46,REAL,2749261899,485,2749262384,2749262384
2025-06-19 07:52:48,REAL,2749262384,485,2749262869,2749262869
2025-06-19 07:52:50,REAL,2749262869,486,2749263355,2749263355
2025-06-19 07:52:52,REAL,2749263355,531,2749263886,2749263886
2025-06-19 07:52:54,REAL,2749263886,535,2749264421,2749264421
2025-06-19 07:52:56,REAL,2749264421,475,2749264896,2749264896
2025-06-19 07:52:58,REAL,2749264896,480,2749265376,2749265376
2025-06-19 07:53:00,REAL,2749265376,488,2749265864,2749265864
2025-06-19 07:53:02,REAL,2749265864,487,2749266351,2749266351
2025-06-19 07:53:04,REAL,2749266351,488,2749266839,2749266839
2025-06-19 07:53:06,REAL,2749266839,484,2749267323,2749267323
2025-06-19 07:53:08,REAL,2749267323,492,2749267815,2749267815
2025-06-19 07:53:10,REAL,2749267815,479,2749268294,2749268294
2025-06-19 07:53:12,REAL,2749268294,488,2749268782,2749268782
2025-06-19 07:53:14,REAL,2749268782,542,2749269324,2749269324
2025-06-19 07:53:16,REAL,2749269324,486,2749269810,2749269810
2025-06-19 07:53:18,REAL,2749269810,481,2749270291,2749270291
2025-06-19 07:53:20,REAL,2749270291,542,2749270833,2749270833
2025-06-19 07:53:22,REAL,2749270833,477,2749271310,2749271310
2025-06-19 07:53:24,REAL,2749271310,480,2749271790,2749271790
2025-06-19 07:53:26,REAL,2749271790,488,2749272278,2749272278
2025-06-19 07:53:28,REAL,2749272278,487,2749272765,2749272765
2025-06-19 07:53:30,REAL,2749272765,484,2749273249,2749273249
2025-06-19 07:53:32,REAL,2749273249,480,2749273729,2749273729
2025-06-19 07:53:34,REAL,2749273729,481,2749274210,2749274210
2025-06-19 07:53:36,REAL,2749274210,538,2749274748,2749274748
2025-06-19 07:53:38,REAL,2749274748,492,2749275240,2749275240
2025-06-19 07:53:40,REAL,2749275240,483,2749275723,2749275723
2025-06-19 07:53:42,REAL,2749275723,492,2749276215,2749276215
2025-06-19 07:53:44,REAL,2749276215,484,2749276699,2749276699
2025-06-19 07:53:46,REAL,2749276699,535,2749277234,2749277234
2025-06-19 07:53:48,REAL,2749277234,490,2749277724,2749277724
2025-06-19 07:53:50,REAL,2749277724,482,2749278206,2749278206
2025-06-19 07:53:52,REAL,2749278206,477,2749278683,2749278683
2025-06-19 07:53:54,REAL,2749278683,481,2749279164,2749279164
2025-06-19 07:53:56,REAL,2749279164,485,2749279649,2749279649
2025-06-19 07:53:58,REAL,2749279649,480,2749280129,2749280129
2025-06-19 07:54:00,REAL,2749280129,540,2749280669,2749280669
2025-06-19 07:54:02,REAL,2749280669,480,2749281149,2749281149
2025-06-19 07:54:04,REAL,2749281149,484,2749281633,2749281633
2025-06-19 07:54:06,REAL,2749281633,487,2749282120,2749282120
2025-06-19 07:54:08,REAL,2749282120,493,2749282613,2749282613
2025-06-19 07:54:10,REAL,2749282613,545,2749283158,2749283158
2025-06-19 07:54:12,REAL,2749283158,477,2749283635,2749283635
2025-06-19 07:54:14,REAL,2749283635,485,2749284120,2749284120
2025-06-19 07:54:16,REAL,2749284120,478,2749284598,2749284598
2025-06-19 07:54:18,REAL,2749284598,482,2749285080,2749285080
2025-06-19 07:54:20,REAL,2749285080,486,2749285566,2749285566
2025-06-19 07:54:22,REAL,2749285566,546,2749286112,2749286112
2025-06-19 07:54:24,REAL,2749286112,490,2749286602,2749286602
2025-06-19 07:54:26,REAL,2749286602,494,2749287096,2749287096
2025-06-19 07:54:28,REAL,2749287096,484,2749287580,2749287580
2025-06-19 07:54:30,REAL,2749287580,484,2749288064,2749288064
2025-06-19 07:54:32,REAL,2749288064,482,2749288546,2749288546
2025-06-19 07:54:34,REAL,2749288546,538,2749289084,2749289084
2025-06-19 07:54:36,REAL,2749289084,482,2749289566,2749289566
2025-06-19 07:54:38,REAL,2749289566,482,2749290048,2749290048
2025-06-19 07:54:40,REAL,2749290048,477,2749290525,2749290525
2025-06-19 07:54:42,REAL,2749290525,488,2749291013,2749291013
2025-06-19 07:54:44,REAL,2749291013,537,2749291550,2749291550
2025-06-19 07:54:46,REAL,2749291550,478,2749292028,2749292028
2025-06-19 07:54:48,REAL,2749292028,481,2749292509,2749292509
2025-06-19 07:54:50,REAL,2749292509,492,2749293001,2749293001
2025-06-19 07:54:52,REAL,2749293001,484,2749293485,2749293485
2025-06-19 07:54:54,REAL,2749293485,484,2749293969,2749293969
2025-06-19 07:54:56,REAL,2749293969,485,2749294454,2749294454
2025-06-19 07:54:58,REAL,2749294454,487,2749294941,2749294941
2025-06-19 07:55:00,REAL,2749294941,544,2749295485,2749295485
2025-06-19 07:55:02,REAL,2749295485,491,2749295976,2749295976
2025-06-19 07:55:04,REAL,2749295976,486,2749296462,2749296462
2025-06-19 07:55:06,REAL,2749296462,539,2749297001,2749297001
2025-06-19 07:55:08,REAL,2749297001,488,2749297489,2749297489
2025-06-19 07:55:10,REAL,2749297489,485,2749297974,2749297974
2025-06-19 07:55:12,REAL,2749297974,481,2749298455,2749298455
2025-06-19 07:55:14,REAL,2749298455,485,2749298940,2749298940
2025-06-19 07:55:16,REAL,2749298940,479,2749299419,2749299419
2025-06-19 07:55:18,REAL,2749299419,484,2749299903,2749299903
2025-06-19 07:55:20,REAL,2749299903,489,2749300392,2749300392
2025-06-19 07:55:22,REAL,2749300392,479,2749300871,2749300871
2025-06-19 07:55:24,REAL,2749300871,484,2749301355,2749301355
2025-06-19 07:55:26,REAL,2749301355,537,2749301892,2749301892
2025-06-19 07:55:28,REAL,2749301892,484,2749302376,2749302376
2025-06-19 07:55:30,REAL,2749302376,484,2749302860,2749302860
2025-06-19 07:55:32,REAL,2749302860,487,2749303347,2749303347
2025-06-19 07:55:34,REAL,2749303347,485,2749303832,2749303832
2025-06-19 07:55:36,REAL,2749303832,489,2749304321,2749304321
2025-06-19 07:55:38,REAL,2749304321,480,2749304801,2749304801
2025-06-19 07:55:40,REAL,2749304801,478,2749305279,2749305279
2025-06-19 07:55:42,REAL,2749305279,490,2749305769,2749305769
2025-06-19 07:55:44,REAL,2749305769,542,2749306311,2749306311
2025-06-19 07:55:46,REAL,2749306311,489,2749306800,2749306800
2025-06-19 07:55:48,REAL,2749306800,486,2749307286,2749307286
2025-06-19 07:55:50,REAL,2749307286,538,2749307824,2749307824
2025-06-19 07:55:52,REAL,2749307824,488,2749308312,2749308312
2025-06-19 07:55:54,REAL,2749308312,482,2749308794,2749308794
2025-06-19 07:55:56,REAL,2749308794,485,2749309279,2749309279
2025-06-19 07:55:58,REAL,2749309279,483,2749309762,2749309762
2025-06-19 07:56:00,REAL,2749309762,479,2749310241,2749310241
2025-06-19 07:56:02,REAL,2749310241,482,2749310723,2749310723
2025-06-19 07:56:04,REAL,2749310723,487,2749311210,2749311210
2025-06-19 07:56:06,REAL,2749311210,481,2749311691,2749311691
2025-06-19 07:56:08,REAL,2749311691,493,2749312184,2749312184
2025-06-19 07:56:10,REAL,2749312184,488,2749312672,2749312672
2025-06-19 07:56:12,REAL,2749312672,483,2749313155,2749313155
2025-06-19 07:56:14,REAL,2749313155,545,2749313700,2749313700
2025-06-19 07:56:16,REAL,2749313700,476,2749314176,2749314176
2025-06-19 07:56:18,REAL,2749314176,483,2749314659,2749314659
2025-06-19 07:56:20,REAL,2749314659,541,2749315200,2749315200
2025-06-19 07:56:22,REAL,2749315200,483,2749315683,2749315683
2025-06-19 07:56:24,REAL,2749315683,484,2749316167,2749316167
2025-06-19 07:56:26,REAL,2749316167,485,2749316652,2749316652
2025-06-19 07:56:28,REAL,2749316652,480,2749317132,2749317132
2025-06-19 07:56:30,REAL,2749317132,482,2749317614,2749317614
2025-06-19 07:56:32,REAL,2749317614,485,2749318099,2749318099
2025-06-19 07:56:34,REAL,2749318099,477,2749318576,2749318576
2025-06-19 07:56:36,REAL,2749318576,478,2749319054,2749319054
2025-06-19 07:56:38,REAL,2749319054,548,2749319602,2749319602
2025-06-19 07:56:40,REAL,2749319602,482,2749320084,2749320084
2025-06-19 07:56:42,REAL,2749320084,484,2749320568,2749320568
2025-06-19 07:56:44,REAL,2749320568,488,2749321056,2749321056
2025-06-19 07:56:46,REAL,2749321056,486,2749321542,2749321542
2025-06-19 07:56:48,REAL,2749321542,474,2749322016,2749322016
2025-06-19 07:56:50,REAL,2749322016,483,2749322499,2749322499
2025-06-19 07:56:52,REAL,2749322499,492,2749322991,2749322991
2025-06-19 07:56:54,REAL,2749322991,481,2749323472,2749323472
2025-06-19 07:56:56,REAL,2749323472,478,2749323950,2749323950
2025-06-19 07:56:58,REAL,2749323950,536,2749324486,2749324486
2025-06-19 07:57:00,REAL,2749324486,486,2749324972,2749324972
2025-06-19 07:57:02,REAL,2749324972,475,2749325447,2749325447
2025-06-19 07:57:04,REAL,2749325447,542,2749325989,2749325989
2025-06-19 07:57:06,REAL,2749325989,485,2749326474,2749326474
2025-06-19 07:57:08,REAL,2749326474,475,2749326949,2749326949
2025-06-19 07:57:10,REAL,2749326949,493,2749327442,2749327442
2025-06-19 07:57:12,REAL,2749327442,485,2749327927,2749327927
2025-06-19 07:57:14,REAL,2749327927,489,2749328416,2749328416
2025-06-19 07:57:16,REAL,2749328416,480,2749328896,2749328896
2025-06-19 07:57:18,REAL,2749328896,486,2749329382,2749329382
2025-06-19 07:57:20,REAL,2749329382,242,2749329624,2749329624
2025-06-19 07:57:22,REAL,2749329624,486,2749330110,2749330110
2025-06-19 07:57:24,REAL,2749330110,489,2749330599,2749330599
2025-06-19 07:57:26,REAL,2749330599,480,2749331079,2749331079
2025-06-19 07:57:28,REAL,2749331079,540,2749331619,2749331619
2025-06-19 07:57:30,REAL,2749331619,483,2749332102,2749332102
2025-06-19 07:57:32,REAL,2749332102,486,2749332588,2749332588
2025-06-19 07:57:34,REAL,2749332588,494,2749333082,2749333082
2025-06-19 07:57:36,REAL,2749333082,541,2749333623,2749333623
2025-06-19 07:57:38,REAL,2749333623,481,2749334104,2749334104
2025-06-19 07:57:40,REAL,2749334104,489,2749334593,2749334593
2025-06-19 07:57:42,REAL,2749334593,483,2749335076,2749335076
2025-06-19 07:57:44,REAL,2749335076,484,2749335560,2749335560
2025-06-19 07:57:46,REAL,2749335560,476,2749336036,2749336036
2025-06-19 07:57:48,REAL,2749336036,486,2749336522,2749336522
2025-06-19 07:57:50,REAL,2749336522,485,2749337007,2749337007
2025-06-19 07:57:52,REAL,2749337007,543,2749337550,2749337550
2025-06-19 07:57:54,REAL,2749337550,485,2749338035,2749338035
2025-06-19 07:57:56,REAL,2749338035,490,2749338525,2749338525
2025-06-19 07:57:58,REAL,2749338525,480,2749339005,2749339005
2025-06-19 07:58:00,REAL,2749339005,479,2749339484,2749339484
2025-06-19 07:58:02,REAL,2749339484,492,2749339976,2749339976
2025-06-19 07:58:04,REAL,2749339976,489,2749340465,2749340465
2025-06-19 07:58:06,REAL,2749340465,483,2749340948,2749340948
2025-06-19 07:58:08,REAL,2749340948,492,2749341440,2749341440
2025-06-19 07:58:10,REAL,2749341440,485,2749341925,2749341925
2025-06-19 07:58:12,REAL,2749341925,475,2749342400,2749342400
2025-06-19 07:58:14,REAL,2749342400,540,2749342940,2749342940
2025-06-19 07:58:16,REAL,2749342940,543,2749343483,2749343483
2025-06-19 07:58:18,REAL,2749343483,485,2749343968,2749343968
2025-06-19 07:58:20,REAL,2749343968,484,2749344452,2749344452
2025-06-19 07:58:22,REAL,2749344452,478,2749344930,2749344930
2025-06-19 07:58:24,REAL,2749344930,481,2749345411,2749345411
2025-06-19 07:58:26,REAL,2749345411,486,2749345897,2749345897
2025-06-19 07:58:28,REAL,2749345897,490,2749346387,2749346387
2025-06-19 07:58:30,REAL,2749346387,483,2749346870,2749346870
2025-06-19 07:58:32,REAL,2749346870,491,2749347361,2749347361
2025-06-19 07:58:34,REAL,2749347361,485,2749347846,2749347846
2025-06-19 07:58:36,REAL,2749347846,476,2749348322,2749348322
2025-06-19 07:58:38,REAL,2749348322,486,2749348808,2749348808
2025-06-19 07:58:40,REAL,2749348808,483,2749349291,2749349291
2025-06-19 07:58:42,REAL,2749349291,549,2749349840,2749349840
2025-06-19 07:58:44,REAL,2749349840,494,2749350334,2749350334
2025-06-19 07:58:46,REAL,2749350334,484,2749350818,2749350818
2025-06-19 07:58:48,REAL,2749350818,484,2749351302,2749351302
2025-06-19 07:58:50,REAL,2749351302,485,2749351787,2749351787
2025-06-19 07:58:52,REAL,2749351787,483,2749352270,2749352270
2025-06-19 07:58:54,REAL,2749352270,539,2749352809,2749352809
2025-06-19 07:58:56,REAL,2749352809,2934,2749355743,2749355743
2025-06-19 07:58:58,REAL,2749355743,11826,2749367569,2749367569
2025-06-19 07:59:00,REAL,2749367569,10242,2749377811,2749377811
2025-06-19 07:59:02,REAL,2749377811,10255,2749388066,2749388066
2025-06-19 07:59:04,REAL,2749388066,10243,2749398309,2749398309
2025-06-19 07:59:06,REAL,2749398309,10307,2749408616,2749408616
2025-06-19 07:59:08,REAL,2749408616,10313,2749418929,2749418929
2025-06-19 07:59:10,REAL,2749418929,10251,2749429180,2749429180
2025-06-19 07:59:12,REAL,2749429180,3454,2749432634,2749432634
2025-06-19 07:59:14,REAL,2749432634,478,2749433112,2749433112
2025-06-19 07:59:16,REAL,2749433112,486,2749433598,2749433598
2025-06-19 07:59:18,REAL,2749433598,8732,2749442330,2749442330
2025-06-19 07:59:20,REAL,2749442330,10517,2749452847,2749452847
2025-06-19 07:59:22,REAL,2749452847,10246,2749463093,2749463093
2025-06-19 07:59:24,REAL,2749463093,10321,2749473414,2749473414
2025-06-19 07:59:26,REAL,2749473414,10257,2749483671,2749483671
2025-06-19 07:59:28,REAL,2749483671,10309,2749493980,2749493980
2025-06-19 07:59:30,REAL,2749493980,10314,2749504294,2749504294
2025-06-19 07:59:32,REAL,2749504294,8007,2749512301,2749512301
2025-06-19 07:59:34,REAL,2749512301,486,2749512787,2749512787
2025-06-19 07:59:36,REAL,2749512787,486,2749513273,2749513273
2025-06-19 07:59:38,REAL,2749513273,490,2749513763,2749513763
2025-06-19 07:59:40,REAL,2749513763,483,2749514246,2749514246
2025-06-19 07:59:42,REAL,2749514246,486,2749514732,2749514732
2025-06-19 07:59:44,REAL,2749514732,483,2749515215,2749515215
2025-06-19 07:59:46,REAL,2749515215,482,2749515697,2749515697
2025-06-19 07:59:48,REAL,2749515697,483,2749516180,2749516180
2025-06-19 07:59:50,REAL,2749516180,539,2749516719,2749516719
2025-06-19 07:59:52,REAL,2749516719,483,2749517202,2749517202
2025-06-19 07:59:54,REAL,2749517202,483,2749517685,2749517685
2025-06-19 07:59:56,REAL,2749517685,540,2749518225,2749518225
2025-06-19 07:59:58,REAL,2749518225,491,2749518716,2749518716
2025-06-19 08:00:00,REAL,2749518716,487,2749519203,2749519203
2025-06-19 08:00:02,REAL,2749519203,479,2749519682,2749519682
2025-06-19 08:00:04,REAL,2749519682,483,2749520165,2749520165
2025-06-19 08:00:06,REAL,2749520165,481,2749520646,2749520646
2025-06-19 08:00:08,REAL,2749520646,475,2749521121,2749521121
2025-06-19 08:00:10,REAL,2749521121,480,2749521601,2749521601
2025-06-19 08:00:12,REAL,2749521601,538,2749522139,2749522139
2025-06-19 08:00:14,REAL,2749522139,487,2749522626,2749522626
2025-06-19 08:00:16,REAL,2749522626,493,2749523119,2749523119
2025-06-19 08:00:18,REAL,2749523119,480,2749523599,2749523599
2025-06-19 08:00:20,REAL,2749523599,484,2749524083,2749524083
2025-06-19 08:00:22,REAL,2749524083,479,2749524562,2749524562
2025-06-19 08:00:24,REAL,2749524562,483,2749525045,2749525045
2025-06-19 08:00:26,REAL,2749525045,483,2749525528,2749525528
2025-06-19 08:00:28,REAL,2749525528,484,2749526012,2749526012
2025-06-19 08:00:30,REAL,2749526012,483,2749526495,2749526495
2025-06-19 08:00:32,REAL,2749526495,481,2749526976,2749526976
2025-06-19 08:00:34,REAL,2749526976,590,2749527566,2749527566
2025-06-19 08:00:36,REAL,2749527566,484,2749528050,2749528050
2025-06-19 08:00:38,REAL,2749528050,485,2749528535,2749528535
2025-06-19 08:00:40,REAL,2749528535,477,2749529012,2749529012
2025-06-19 08:00:42,REAL,2749529012,482,2749529494,2749529494
2025-06-19 08:00:44,REAL,2749529494,480,2749529974,2749529974
2025-06-19 08:00:46,REAL,2749529974,488,2749530462,2749530462
2025-06-19 08:00:48,REAL,2749530462,10725,2749541187,2749541187
2025-06-19 08:00:50,REAL,2749541187,10249,2749551436,2749551436
2025-06-19 08:00:52,REAL,2749551436,10255,2749561691,2749561691
2025-06-19 08:00:54,REAL,2749561691,10313,2749572004,2749572004
2025-06-19 08:00:56,REAL,2749572004,10307,2749582311,2749582311
2025-06-19 08:00:58,REAL,2749582311,10319,2749592630,2749592630
2025-06-19 08:01:00,REAL,2749592630,10249,2749602879,2749602879
2025-06-19 08:01:02,REAL,2749602879,6558,2749609437,2749609437
2025-06-19 08:01:04,REAL,2749609437,480,2749609917,2749609917
2025-06-19 08:01:06,REAL,2749609917,485,2749610402,2749610402
2025-06-19 08:01:08,REAL,2749610402,5050,2749615452,2749615452
2025-06-19 08:01:10,REAL,2749615452,11245,2749626697,2749626697
2025-06-19 08:01:12,REAL,2749626697,10246,2749636943,2749636943
2025-06-19 08:01:14,REAL,2749636943,10244,2749647187,2749647187
2025-06-19 08:01:16,REAL,2749647187,10321,2749657508,2749657508
2025-06-19 08:01:18,REAL,2749657508,10308,2749667816,2749667816
2025-06-19 08:01:20,REAL,2749667816,10244,2749678060,2749678060
2025-06-19 08:01:22,REAL,2749678060,10312,2749688372,2749688372
2025-06-19 08:01:24,REAL,2749688372,1411,2749689783,2749689783
2025-06-19 08:01:26,REAL,2749689783,486,2749690269,2749690269
2025-06-19 08:01:28,REAL,2749690269,490,2749690759,2749690759
2025-06-19 08:01:30,REAL,2749690759,484,2749691243,2749691243
2025-06-19 08:01:32,REAL,2749691243,480,2749691723,2749691723
2025-06-19 08:01:34,REAL,2749691723,477,2749692200,2749692200
2025-06-19 08:01:36,REAL,2749692200,485,2749692685,2749692685
2025-06-19 08:01:38,REAL,2749692685,485,2749693170,2749693170
2025-06-19 08:01:40,REAL,2749693170,536,2749693706,2749693706
2025-06-19 08:01:42,REAL,2749693706,488,2749694194,2749694194
2025-06-19 08:01:44,REAL,2749694194,482,2749694676,2749694676
2025-06-19 08:01:46,REAL,2749694676,481,2749695157,2749695157
2025-06-19 08:01:48,REAL,2749695157,490,2749695647,2749695647
2025-06-19 08:01:50,REAL,2749695647,485,2749696132,2749696132
2025-06-19 08:01:52,REAL,2749696132,482,2749696614,2749696614
2025-06-19 08:01:54,REAL,2749696614,486,2749697100,2749697100
2025-06-19 08:01:56,REAL,2749697100,535,2749697635,2749697635
2025-06-19 08:01:58,REAL,2749697635,488,2749698123,2749698123
2025-06-19 08:02:00,REAL,2749698123,485,2749698608,2749698608
2025-06-19 08:02:02,REAL,2749698608,541,2749699149,2749699149
2025-06-19 08:02:04,REAL,2749699149,479,2749699628,2749699628
2025-06-19 08:02:06,REAL,2749699628,481,2749700109,2749700109
2025-06-19 08:02:08,REAL,2749700109,478,2749700587,2749700587
2025-06-19 08:02:10,REAL,2749700587,478,2749701065,2749701065
2025-06-19 08:02:12,REAL,2749701065,7421,2749708486,2749708486
2025-06-19 08:02:14,REAL,2749708486,13025,2749721511,2749721511
2025-06-19 08:02:16,REAL,2749721511,10316,2749731827,2749731827
2025-06-19 08:02:18,REAL,2749731827,10251,2749742078,2749742078
2025-06-19 08:02:20,REAL,2749742078,10252,2749752330,2749752330
2025-06-19 08:02:22,REAL,2749752330,10256,2749762586,2749762586
2025-06-19 08:02:24,REAL,2749762586,10304,2749772890,2749772890
2025-06-19 08:02:26,REAL,2749772890,9923,2749782813,2749782813
2025-06-19 08:02:28,REAL,2749782813,482,2749783295,2749783295
2025-06-19 08:02:30,REAL,2749783295,488,2749783783,2749783783
2025-06-19 08:02:32,REAL,2749783783,484,2749784267,2749784267
2025-06-19 08:02:34,REAL,2749784267,491,2749784758,2749784758
2025-06-19 08:02:36,REAL,2749784758,493,2749785251,2749785251
2025-06-19 08:02:38,REAL,2749785251,480,2749785731,2749785731
2025-06-19 08:02:40,REAL,2749785731,491,2749786222,2749786222
2025-06-19 08:02:42,REAL,2749786222,478,2749786700,2749786700
2025-06-19 08:02:44,REAL,2749786700,8680,2749795380,2749795380
2025-06-19 08:02:46,REAL,2749795380,12412,2749807792,2749807792
2025-06-19 08:02:48,REAL,2749807792,10256,2749818048,2749818048
2025-06-19 08:02:50,REAL,2749818048,10257,2749828305,2749828305
2025-06-19 08:02:52,REAL,2749828305,10252,2749838557,2749838557
2025-06-19 08:02:54,REAL,2749838557,10325,2749848882,2749848882
2025-06-19 08:02:56,REAL,2749848882,10248,2749859130,2749859130
2025-06-19 08:02:58,REAL,2749859130,9324,2749868454,2749868454
2025-06-19 08:03:00,REAL,2749868454,489,2749868943,2749868943
2025-06-19 08:03:02,REAL,2749868943,489,2749869432,2749869432
2025-06-19 08:03:04,REAL,2749869432,484,2749869916,2749869916
2025-06-19 08:03:06,REAL,2749869916,475,2749870391,2749870391
2025-06-19 08:03:08,REAL,2749870391,538,2749870929,2749870929
2025-06-19 08:03:10,REAL,2749870929,484,2749871413,2749871413
2025-06-19 08:03:12,REAL,2749871413,476,2749871889,2749871889
2025-06-19 08:03:14,REAL,2749871889,477,2749872366,2749872366
2025-06-19 08:03:16,REAL,2749872366,8344,2749880710,2749880710
2025-06-19 08:03:18,REAL,2749880710,10714,2749891424,2749891424
2025-06-19 08:03:20,REAL,2749891424,10319,2749901743,2749901743
2025-06-19 08:03:22,REAL,2749901743,10246,2749911989,2749911989
2025-06-19 08:03:24,REAL,2749911989,10261,2749922250,2749922250
2025-06-19 08:03:26,REAL,2749922250,10255,2749932505,2749932505
2025-06-19 08:03:28,REAL,2749932505,10326,2749942831,2749942831
2025-06-19 08:03:30,REAL,2749942831,8722,2749951553,2749951553
2025-06-19 08:03:32,REAL,2749951553,486,2749952039,2749952039
2025-06-19 08:03:34,REAL,2749952039,485,2749952524,2749952524
2025-06-19 08:03:36,REAL,2749952524,485,2749953009,2749953009
2025-06-19 08:03:38,REAL,2749953009,483,2749953492,2749953492
2025-06-19 08:03:40,REAL,2749953492,478,2749953970,2749953970
2025-06-19 08:03:42,REAL,2749953970,483,2749954453,2749954453
2025-06-19 08:03:44,REAL,2749954453,478,2749954931,2749954931
2025-06-19 08:03:46,REAL,2749954931,480,2749955411,2749955411
2025-06-19 08:03:48,REAL,2749955411,490,2749955901,2749955901
2025-06-19 08:03:50,REAL,2749955901,483,2749956384,2749956384
2025-06-19 08:03:52,REAL,2749956384,539,2749956923,2749956923
2025-06-19 08:03:54,REAL,2749956923,480,2749957403,2749957403
2025-06-19 08:03:56,REAL,2749957403,492,2749957895,2749957895
2025-06-19 08:03:58,REAL,2749957895,479,2749958374,2749958374
2025-06-19 08:04:00,REAL,2749958374,489,2749958863,2749958863
2025-06-19 08:04:02,REAL,2749958863,548,2749959411,2749959411
2025-06-19 08:04:04,REAL,2749959411,487,2749959898,2749959898
2025-06-19 08:04:06,REAL,2749959898,488,2749960386,2749960386
2025-06-19 08:04:08,REAL,2749960386,3468,2749963854,2749963854
2025-06-19 08:04:10,REAL,2749963854,11373,2749975227,2749975227
2025-06-19 08:04:12,REAL,2749975227,10249,2749985476,2749985476
2025-06-19 08:04:14,REAL,2749985476,10251,2749995727,2749995727
2025-06-19 08:04:16,REAL,2749995727,10250,2750005977,2750005977
2025-06-19 08:04:18,REAL,2750005977,10317,2750016294,2750016294
2025-06-19 08:04:20,REAL,2750016294,10259,2750026553,2750026553
2025-06-19 08:04:22,REAL,2750026553,10251,2750036804,2750036804
2025-06-19 08:04:24,REAL,2750036804,2864,2750039668,2750039668
2025-06-19 08:04:26,REAL,2750039668,543,2750040211,2750040211
2025-06-19 08:04:28,REAL,2750040211,488,2750040699,2750040699
2025-06-19 08:04:30,REAL,2750040699,488,2750041187,2750041187
2025-06-19 08:04:32,REAL,2750041187,478,2750041665,2750041665
2025-06-19 08:04:34,REAL,2750041665,485,2750042150,2750042150
2025-06-19 08:04:36,REAL,2750042150,484,2750042634,2750042634
2025-06-19 08:04:38,REAL,2750042634,480,2750043114,2750043114
2025-06-19 08:04:40,REAL,2750043114,485,2750043599,2750043599
2025-06-19 08:04:42,REAL,2750043599,476,2750044075,2750044075
2025-06-19 08:04:44,REAL,2750044075,485,2750044560,2750044560
2025-06-19 08:04:46,REAL,2750044560,488,2750045048,2750045048
2025-06-19 08:04:48,REAL,2750045048,490,2750045538,2750045538
2025-06-19 08:04:50,REAL,2750045538,486,2750046024,2750046024
2025-06-19 08:04:52,REAL,2750046024,482,2750046506,2750046506
2025-06-19 08:04:54,REAL,2750046506,535,2750047041,2750047041
2025-06-19 08:04:56,REAL,2750047041,480,2750047521,2750047521
2025-06-19 08:04:58,REAL,2750047521,483,2750048004,2750048004
2025-06-19 08:05:00,REAL,2750048004,490,2750048494,2750048494
2025-06-19 08:05:02,REAL,2750048494,535,2750049029,2750049029
2025-06-19 08:05:04,REAL,2750049029,492,2750049521,2750049521
2025-06-19 08:05:06,REAL,2750049521,485,2750050006,2750050006
2025-06-19 08:05:08,REAL,2750050006,476,2750050482,2750050482
2025-06-19 08:05:10,REAL,2750050482,490,2750050972,2750050972
2025-06-19 08:05:12,REAL,2750050972,479,2750051451,2750051451
2025-06-19 08:05:14,REAL,2750051451,479,2750051930,2750051930
2025-06-19 08:05:16,REAL,2750051930,490,2750052420,2750052420
2025-06-19 08:05:18,REAL,2750052420,489,2750052909,2750052909
2025-06-19 08:05:20,REAL,2750052909,484,2750053393,2750053393
2025-06-19 08:05:22,REAL,2750053393,483,2750053876,2750053876
2025-06-19 08:05:24,REAL,2750053876,488,2750054364,2750054364
2025-06-19 08:05:26,REAL,2750054364,490,2750054854,2750054854
2025-06-19 08:05:28,REAL,2750054854,492,2750055346,2750055346
2025-06-19 08:05:30,REAL,2750055346,484,2750055830,2750055830
2025-06-19 08:05:32,REAL,2750055830,480,2750056310,2750056310
2025-06-19 08:05:34,REAL,2750056310,490,2750056800,2750056800
2025-06-19 08:05:36,REAL,2750056800,544,2750057344,2750057344
2025-06-19 08:05:38,REAL,2750057344,490,2750057834,2750057834
2025-06-19 08:05:40,REAL,2750057834,481,2750058315,2750058315
2025-06-19 08:05:42,REAL,2750058315,539,2750058854,2750058854
2025-06-19 08:05:44,REAL,2750058854,485,2750059339,2750059339
2025-06-19 08:05:46,REAL,2750059339,487,2750059826,2750059826
2025-06-19 08:05:48,REAL,2750059826,481,2750060307,2750060307
2025-06-19 08:05:50,REAL,2750060307,484,2750060791,2750060791
2025-06-19 08:05:52,REAL,2750060791,478,2750061269,2750061269
2025-06-19 08:05:54,REAL,2750061269,480,2750061749,2750061749
2025-06-19 08:05:56,REAL,2750061749,485,2750062234,2750062234
2025-06-19 08:05:58,REAL,2750062234,486,2750062720,2750062720
2025-06-19 08:06:00,REAL,2750062720,481,2750063201,2750063201
2025-06-19 08:06:02,REAL,2750063201,476,2750063677,2750063677
2025-06-19 08:06:04,REAL,2750063677,540,2750064217,2750064217
2025-06-19 08:06:06,REAL,2750064217,491,2750064708,2750064708
2025-06-19 08:06:08,REAL,2750064708,483,2750065191,2750065191
2025-06-19 08:06:10,REAL,2750065191,484,2750065675,2750065675
2025-06-19 08:06:12,REAL,2750065675,548,2750066223,2750066223
2025-06-19 08:06:14,REAL,2750066223,487,2750066710,2750066710
2025-06-19 08:06:16,REAL,2750066710,477,2750067187,2750067187
2025-06-19 08:06:18,REAL,2750067187,484,2750067671,2750067671
2025-06-19 08:06:20,REAL,2750067671,485,2750068156,2750068156
2025-06-19 08:06:22,REAL,2750068156,489,2750068645,2750068645
2025-06-19 08:06:24,REAL,2750068645,486,2750069131,2750069131
2025-06-19 08:06:26,REAL,2750069131,475,2750069606,2750069606
2025-06-19 08:06:28,REAL,2750069606,534,2750070140,2750070140
2025-06-19 08:06:30,REAL,2750070140,492,2750070632,2750070632
2025-06-19 08:06:32,REAL,2750070632,481,2750071113,2750071113
2025-06-19 08:06:34,REAL,2750071113,477,2750071590,2750071590
2025-06-19 08:06:36,REAL,2750071590,487,2750072077,2750072077
2025-06-19 08:06:38,REAL,2750072077,488,2750072565,2750072565
2025-06-19 08:06:40,REAL,2750072565,483,2750073048,2750073048
2025-06-19 08:06:42,REAL,2750073048,494,2750073542,2750073542
2025-06-19 08:06:44,REAL,2750073542,484,2750074026,2750074026
2025-06-19 08:06:46,REAL,2750074026,547,2750074573,2750074573
2025-06-19 08:06:48,REAL,2750074573,481,2750075054,2750075054
2025-06-19 08:06:50,REAL,2750075054,541,2750075595,2750075595
2025-06-19 08:06:52,REAL,2750075595,488,2750076083,2750076083
2025-06-19 08:06:54,REAL,2750076083,476,2750076559,2750076559
2025-06-19 08:06:56,REAL,2750076559,488,2750077047,2750077047
2025-06-19 08:06:58,REAL,2750077047,492,2750077539,2750077539
2025-06-19 08:07:00,REAL,2750077539,486,2750078025,2750078025
2025-06-19 08:07:02,REAL,2750078025,481,2750078506,2750078506
2025-06-19 08:07:04,REAL,2750078506,486,2750078992,2750078992
2025-06-19 08:07:06,REAL,2750078992,487,2750079479,2750079479
2025-06-19 08:07:08,REAL,2750079479,487,2750079966,2750079966
2025-06-19 08:07:10,REAL,2750079966,484,2750080450,2750080450
2025-06-19 08:07:12,REAL,2750080450,548,2750080998,2750080998
2025-06-19 08:07:14,REAL,2750080998,478,2750081476,2750081476
2025-06-19 08:07:16,REAL,2750081476,490,2750081966,2750081966
2025-06-19 08:07:18,REAL,2750081966,487,2750082453,2750082453
2025-06-19 08:07:20,REAL,2750082453,478,2750082931,2750082931
2025-06-19 08:07:22,REAL,2750082931,544,2750083475,2750083475
2025-06-19 08:07:24,REAL,2750083475,7298,2750090773,2750090773
2025-06-19 08:07:26,REAL,2750090773,11047,2750101820,2750101820
2025-06-19 08:07:28,REAL,2750101820,10245,2750112065,2750112065
2025-06-19 08:07:30,REAL,2750112065,10261,2750122326,2750122326
2025-06-19 08:07:32,REAL,2750122326,10321,2750132647,2750132647
2025-06-19 08:07:34,REAL,2750132647,10252,2750142899,2750142899
2025-06-19 08:07:36,REAL,2750142899,10257,2750153156,2750153156
2025-06-19 08:07:38,REAL,2750153156,9195,2750162351,2750162351
2025-06-19 08:07:40,REAL,2750162351,480,2750162831,2750162831
2025-06-19 08:07:42,REAL,2750162831,477,2750163308,2750163308
2025-06-19 08:07:44,REAL,2750163308,480,2750163788,2750163788
2025-06-19 08:07:46,REAL,2750163788,542,2750164330,2750164330
2025-06-19 08:07:48,REAL,2750164330,491,2750164821,2750164821
2025-06-19 08:07:50,REAL,2750164821,485,2750165306,2750165306
2025-06-19 08:07:52,REAL,2750165306,493,2750165799,2750165799
2025-06-19 08:07:54,REAL,2750165799,482,2750166281,2750166281
2025-06-19 08:07:56,REAL,2750166281,10249,2750176530,2750176530
2025-06-19 08:07:58,REAL,2750176530,12038,2750188568,2750188568
2025-06-19 08:08:00,REAL,2750188568,10314,2750198882,2750198882
2025-06-19 08:08:02,REAL,2750198882,10253,2750209135,2750209135
2025-06-19 08:08:04,REAL,2750209135,10251,2750219386,2750219386
2025-06-19 08:08:06,REAL,2750219386,10255,2750229641,2750229641
2025-06-19 08:08:08,REAL,2750229641,10317,2750239958,2750239958
2025-06-19 08:08:10,REAL,2750239958,8533,2750248491,2750248491
2025-06-19 08:08:12,REAL,2750248491,479,2750248970,2750248970
2025-06-19 08:08:14,REAL,2750248970,484,2750249454,2750249454
2025-06-19 08:08:16,REAL,2750249454,482,2750249936,2750249936
2025-06-19 08:08:18,REAL,2750249936,541,2750250477,2750250477
2025-06-19 08:08:20,REAL,2750250477,484,2750250961,2750250961
2025-06-19 08:08:22,REAL,2750250961,484,2750251445,2750251445
2025-06-19 08:08:24,REAL,2750251445,485,2750251930,2750251930
2025-06-19 08:08:26,REAL,2750251930,490,2750252420,2750252420
2025-06-19 08:08:28,REAL,2750252420,9202,2750261622,2750261622
2025-06-19 08:08:30,REAL,2750261622,10638,2750272260,2750272260
2025-06-19 08:08:32,REAL,2750272260,10261,2750282521,2750282521
2025-06-19 08:08:34,REAL,2750282521,10311,2750292832,2750292832
2025-06-19 08:08:36,REAL,2750292832,10261,2750303093,2750303093
2025-06-19 08:08:38,REAL,2750303093,10248,2750313341,2750313341
2025-06-19 08:08:40,REAL,2750313341,10249,2750323590,2750323590
2025-06-19 08:08:42,REAL,2750323590,7941,2750331531,2750331531
2025-06-19 08:08:44,REAL,2750331531,488,2750332019,2750332019
2025-06-19 08:08:46,REAL,2750332019,482,2750332501,2750332501
2025-06-19 08:08:48,REAL,2750332501,3061,2750335562,2750335562
2025-06-19 08:08:50,REAL,2750335562,12036,2750347598,2750347598
2025-06-19 08:08:52,REAL,2750347598,10251,2750357849,2750357849
2025-06-19 08:08:54,REAL,2750357849,10249,2750368098,2750368098
2025-06-19 08:08:56,REAL,2750368098,10242,2750378340,2750378340
2025-06-19 08:08:58,REAL,2750378340,10320,2750388660,2750388660
2025-06-19 08:09:00,REAL,2750388660,10249,2750398909,2750398909
2025-06-19 08:09:02,REAL,2750398909,10327,2750409236,2750409236
2025-06-19 08:09:04,REAL,2750409236,2797,2750412033,2750412033
2025-06-19 08:09:06,REAL,2750412033,539,2750412572,2750412572
2025-06-19 08:09:08,REAL,2750412572,490,2750413062,2750413062
2025-06-19 08:09:10,REAL,2750413062,536,2750413598,2750413598
2025-06-19 08:09:12,REAL,2750413598,482,2750414080,2750414080
2025-06-19 08:09:14,REAL,2750414080,478,2750414558,2750414558
2025-06-19 08:09:16,REAL,2750414558,489,2750415047,2750415047
2025-06-19 08:09:18,REAL,2750415047,483,2750415530,2750415530
2025-06-19 08:09:20,REAL,2750415530,4454,2750419984,2750419984
2025-06-19 08:09:22,REAL,2750419984,11042,2750431026,2750431026
2025-06-19 08:09:24,REAL,2750431026,10244,2750441270,2750441270
2025-06-19 08:09:26,REAL,2750441270,10581,2750451851,2750451851
2025-06-19 08:09:28,REAL,2750451851,10054,2750461905,2750461905
2025-06-19 08:09:30,REAL,2750461905,10310,2750472215,2750472215
2025-06-19 08:09:32,REAL,2750472215,10253,2750482468,2750482468
2025-06-19 08:09:34,REAL,2750482468,10322,2750492790,2750492790
2025-06-19 08:09:36,REAL,2750492790,2135,2750494925,2750494925
2025-06-19 08:09:38,REAL,2750494925,489,2750495414,2750495414
2025-06-19 08:09:40,REAL,2750495414,480,2750495894,2750495894
2025-06-19 08:09:42,REAL,2750495894,540,2750496434,2750496434
2025-06-19 08:09:44,REAL,2750496434,485,2750496919,2750496919
2025-06-19 08:09:46,REAL,2750496919,480,2750497399,2750497399
2025-06-19 08:09:48,REAL,2750497399,489,2750497888,2750497888
2025-06-19 08:09:50,REAL,2750497888,483,2750498371,2750498371
2025-06-19 08:09:52,REAL,2750498371,491,2750498862,2750498862
2025-06-19 08:09:54,REAL,2750498862,545,2750499407,2750499407
2025-06-19 08:09:56,REAL,2750499407,479,2750499886,2750499886
2025-06-19 08:09:58,REAL,2750499886,485,2750500371,2750500371
2025-06-19 08:10:00,REAL,2750500371,491,2750500862,2750500862
2025-06-19 08:10:02,REAL,2750500862,481,2750501343,2750501343
2025-06-19 08:10:04,REAL,2750501343,487,2750501830,2750501830
2025-06-19 08:10:06,REAL,2750501830,544,2750502374,2750502374
2025-06-19 08:10:08,REAL,2750502374,484,2750502858,2750502858
2025-06-19 08:10:10,REAL,2750502858,485,2750503343,2750503343
2025-06-19 08:10:12,REAL,2750503343,479,2750503822,2750503822
2025-06-19 08:10:14,REAL,2750503822,485,2750504307,2750504307
2025-06-19 08:10:16,REAL,2750504307,484,2750504791,2750504791
2025-06-19 08:10:18,REAL,2750504791,482,2750505273,2750505273
2025-06-19 08:10:20,REAL,2750505273,548,2750505821,2750505821
2025-06-19 08:10:22,REAL,2750505821,487,2750506308,2750506308
2025-06-19 08:10:24,REAL,2750506308,14017,2750520325,2750520325
2025-06-19 08:10:26,REAL,2750520325,10511,2750530836,2750530836
2025-06-19 08:10:28,REAL,2750530836,10318,2750541154,2750541154
2025-06-19 08:10:30,REAL,2750541154,10255,2750551409,2750551409
2025-06-19 08:10:32,REAL,2750551409,10325,2750561734,2750561734
2025-06-19 08:10:34,REAL,2750561734,10248,2750571982,2750571982
2025-06-19 08:10:36,REAL,2750571982,10245,2750582227,2750582227
2025-06-19 08:10:38,REAL,2750582227,6156,2750588383,2750588383
2025-06-19 08:10:40,REAL,2750588383,487,2750588870,2750588870
2025-06-19 08:10:42,REAL,2750588870,484,2750589354,2750589354
2025-06-19 08:10:44,REAL,2750589354,592,2750589946,2750589946
2025-06-19 08:10:46,REAL,2750589946,482,2750590428,2750590428
2025-06-19 08:10:48,REAL,2750590428,481,2750590909,2750590909
2025-06-19 08:10:50,REAL,2750590909,487,2750591396,2750591396
2025-06-19 08:10:52,REAL,2750591396,487,2750591883,2750591883
2025-06-19 08:10:54,REAL,2750591883,488,2750592371,2750592371
2025-06-19 08:10:56,REAL,2750592371,490,2750592861,2750592861
2025-06-19 08:10:58,REAL,2750592861,483,2750593344,2750593344
2025-06-19 08:11:00,REAL,2750593344,482,2750593826,2750593826
2025-06-19 08:11:02,REAL,2750593826,485,2750594311,2750594311
2025-06-19 08:11:04,REAL,2750594311,485,2750594796,2750594796
2025-06-19 08:11:06,REAL,2750594796,489,2750595285,2750595285
2025-06-19 08:11:08,REAL,2750595285,544,2750595829,2750595829
2025-06-19 08:11:10,REAL,2750595829,479,2750596308,2750596308
2025-06-19 08:11:12,REAL,2750596308,480,2750596788,2750596788
2025-06-19 08:11:14,REAL,2750596788,534,2750597322,2750597322
2025-06-19 08:11:16,REAL,2750597322,491,2750597813,2750597813
2025-06-19 08:11:18,REAL,2750597813,484,2750598297,2750598297
2025-06-19 08:11:20,REAL,2750598297,482,2750598779,2750598779
2025-06-19 08:11:22,REAL,2750598779,492,2750599271,2750599271
2025-06-19 08:11:24,REAL,2750599271,478,2750599749,2750599749
2025-06-19 08:11:26,REAL,2750599749,488,2750600237,2750600237
2025-06-19 08:11:28,REAL,2750600237,483,2750600720,2750600720
2025-06-19 08:11:30,REAL,2750600720,491,2750601211,2750601211
2025-06-19 08:11:32,REAL,2750601211,8277,2750609488,2750609488
2025-06-19 08:11:34,REAL,2750609488,13466,2750622954,2750622954
2025-06-19 08:11:36,REAL,2750622954,10252,2750633206,2750633206
2025-06-19 08:11:38,REAL,2750633206,10328,2750643534,2750643534
2025-06-19 08:11:40,REAL,2750643534,10251,2750653785,2750653785
2025-06-19 08:11:42,REAL,2750653785,10250,2750664035,2750664035
2025-06-19 08:11:44,REAL,2750664035,10256,2750674291,2750674291
2025-06-19 08:11:46,REAL,2750674291,9796,2750684087,2750684087
2025-06-19 08:11:48,REAL,2750684087,481,2750684568,2750684568
2025-06-19 08:11:50,REAL,2750684568,484,2750685052,2750685052
2025-06-19 08:11:52,REAL,2750685052,491,2750685543,2750685543
2025-06-19 08:11:54,REAL,2750685543,481,2750686024,2750686024
2025-06-19 08:11:56,REAL,2750686024,487,2750686511,2750686511
2025-06-19 08:11:58,REAL,2750686511,541,2750687052,2750687052
2025-06-19 08:12:00,REAL,2750687052,537,2750687589,2750687589
2025-06-19 08:12:02,REAL,2750687589,489,2750688078,2750688078
2025-06-19 08:12:04,REAL,2750688078,486,2750688564,2750688564
2025-06-19 08:12:06,REAL,2750688564,487,2750689051,2750689051
2025-06-19 08:12:08,REAL,2750689051,486,2750689537,2750689537
2025-06-19 08:12:10,REAL,2750689537,482,2750690019,2750690019
2025-06-19 08:12:12,REAL,2750690019,490,2750690509,2750690509
2025-06-19 08:12:14,REAL,2750690509,480,2750690989,2750690989
2025-06-19 08:12:16,REAL,2750690989,494,2750691483,2750691483
2025-06-19 08:12:18,REAL,2750691483,484,2750691967,2750691967
2025-06-19 08:12:20,REAL,2750691967,481,2750692448,2750692448
2025-06-19 08:12:22,REAL,2750692448,547,2750692995,2750692995
2025-06-19 08:12:24,REAL,2750692995,488,2750693483,2750693483
2025-06-19 08:12:26,REAL,2750693483,483,2750693966,2750693966
2025-06-19 08:12:28,REAL,2750693966,487,2750694453,2750694453
2025-06-19 08:12:30,REAL,2750694453,543,2750694996,2750694996
2025-06-19 08:12:32,REAL,2750694996,479,2750695475,2750695475
2025-06-19 08:12:34,REAL,2750695475,482,2750695957,2750695957
2025-06-19 08:12:36,REAL,2750695957,484,2750696441,2750696441
2025-06-19 08:12:38,REAL,2750696441,488,2750696929,2750696929
2025-06-19 08:12:40,REAL,2750696929,486,2750697415,2750697415
2025-06-19 08:12:42,REAL,2750697415,476,2750697891,2750697891
2025-06-19 08:12:44,REAL,2750697891,549,2750698440,2750698440
2025-06-19 08:12:46,REAL,2750698440,479,2750698919,2750698919
2025-06-19 08:12:48,REAL,2750698919,491,2750699410,2750699410
2025-06-19 08:12:50,REAL,2750699410,488,2750699898,2750699898
2025-06-19 08:12:52,REAL,2750699898,483,2750700381,2750700381
2025-06-19 08:12:54,REAL,2750700381,483,2750700864,2750700864
2025-06-19 08:12:56,REAL,2750700864,493,2750701357,2750701357
2025-06-19 08:12:58,REAL,2750701357,490,2750701847,2750701847
2025-06-19 08:13:00,REAL,2750701847,481,2750702328,2750702328
2025-06-19 08:13:02,REAL,2750702328,538,2750702866,2750702866
2025-06-19 08:13:04,REAL,2750702866,488,2750703354,2750703354
2025-06-19 08:13:06,REAL,2750703354,481,2750703835,2750703835
2025-06-19 08:13:08,REAL,2750703835,479,2750704314,2750704314
2025-06-19 08:13:10,REAL,2750704314,539,2750704853,2750704853
2025-06-19 08:13:12,REAL,2750704853,485,2750705338,2750705338
2025-06-19 08:13:14,REAL,2750705338,486,2750705824,2750705824
2025-06-19 08:13:16,REAL,2750705824,493,2750706317,2750706317
2025-06-19 08:13:18,REAL,2750706317,483,2750706800,2750706800
2025-06-19 08:13:20,REAL,2750706800,484,2750707284,2750707284
2025-06-19 08:13:22,REAL,2750707284,483,2750707767,2750707767
2025-06-19 08:13:24,REAL,2750707767,482,2750708249,2750708249
2025-06-19 08:13:26,REAL,2750708249,474,2750708723,2750708723
2025-06-19 08:13:28,REAL,2750708723,486,2750709209,2750709209
2025-06-19 08:13:30,REAL,2750709209,482,2750709691,2750709691
2025-06-19 08:13:32,REAL,2750709691,594,2750710285,2750710285
2025-06-19 08:13:34,REAL,2750710285,491,2750710776,2750710776
2025-06-19 08:13:36,REAL,2750710776,488,2750711264,2750711264
2025-06-19 08:13:38,REAL,2750711264,489,2750711753,2750711753
2025-06-19 08:13:40,REAL,2750711753,487,2750712240,2750712240
2025-06-19 08:13:42,REAL,2750712240,486,2750712726,2750712726
2025-06-19 08:13:44,REAL,2750712726,483,2750713209,2750713209
2025-06-19 08:13:46,REAL,2750713209,480,2750713689,2750713689
2025-06-19 08:13:48,REAL,2750713689,484,2750714173,2750714173
2025-06-19 08:13:50,REAL,2750714173,485,2750714658,2750714658
2025-06-19 08:13:52,REAL,2750714658,477,2750715135,2750715135
2025-06-19 08:13:54,REAL,2750715135,490,2750715625,2750715625
2025-06-19 08:13:56,REAL,2750715625,477,2750716102,2750716102
2025-06-19 08:13:58,REAL,2750716102,538,2750716640,2750716640
2025-06-19 08:14:00,REAL,2750716640,537,2750717177,2750717177
2025-06-19 08:14:02,REAL,2750717177,488,2750717665,2750717665
2025-06-19 08:14:04,REAL,2750717665,478,2750718143,2750718143
2025-06-19 08:14:06,REAL,2750718143,485,2750718628,2750718628
2025-06-19 08:14:08,REAL,2750718628,244,2750718872,2750718872
2025-06-19 08:14:10,REAL,2750718872,487,2750719359,2750719359
2025-06-19 08:14:12,REAL,2750719359,484,2750719843,2750719843
2025-06-19 08:14:14,REAL,2750719843,483,2750720326,2750720326
2025-06-19 08:14:16,REAL,2750720326,482,2750720808,2750720808
2025-06-19 08:14:18,REAL,2750720808,481,2750721289,2750721289
2025-06-19 08:14:20,REAL,2750721289,480,2750721769,2750721769
2025-06-19 08:14:22,REAL,2750721769,491,2750722260,2750722260
2025-06-19 08:14:24,REAL,2750722260,482,2750722742,2750722742
2025-06-19 08:14:26,REAL,2750722742,534,2750723276,2750723276
2025-06-19 08:14:28,REAL,2750723276,489,2750723765,2750723765
2025-06-19 08:14:30,REAL,2750723765,483,2750724248,2750724248
2025-06-19 08:14:32,REAL,2750724248,543,2750724791,2750724791
2025-06-19 08:14:34,REAL,2750724791,479,2750725270,2750725270
2025-06-19 08:14:36,REAL,2750725270,479,2750725749,2750725749
2025-06-19 08:14:38,REAL,2750725749,481,2750726230,2750726230
2025-06-19 08:14:40,REAL,2750726230,488,2750726718,2750726718
2025-06-19 08:14:42,REAL,2750726718,483,2750727201,2750727201
2025-06-19 08:14:44,REAL,2750727201,483,2750727684,2750727684
2025-06-19 08:14:46,REAL,2750727684,485,2750728169,2750728169
2025-06-19 08:14:48,REAL,2750728169,480,2750728649,2750728649
2025-06-19 08:14:50,REAL,2750728649,484,2750729133,2750729133
2025-06-19 08:14:52,REAL,2750729133,482,2750729615,2750729615
2025-06-19 08:14:54,REAL,2750729615,541,2750730156,2750730156
2025-06-19 08:14:56,REAL,2750730156,479,2750730635,2750730635
2025-06-19 08:14:58,REAL,2750730635,491,2750731126,2750731126
2025-06-19 08:15:00,REAL,2750731126,488,2750731614,2750731614
2025-06-19 08:15:02,REAL,2750731614,532,2750732146,2750732146
2025-06-19 08:15:04,REAL,2750732146,482,2750732628,2750732628
2025-06-19 08:15:06,REAL,2750732628,490,2750733118,2750733118
2025-06-19 08:15:08,REAL,2750733118,485,2750733603,2750733603
2025-06-19 08:15:10,REAL,2750733603,485,2750734088,2750734088
2025-06-19 08:15:12,REAL,2750734088,485,2750734573,2750734573
2025-06-19 08:15:14,REAL,2750734573,489,2750735062,2750735062
2025-06-19 08:15:16,REAL,2750735062,483,2750735545,2750735545
2025-06-19 08:15:18,REAL,2750735545,487,2750736032,2750736032
2025-06-19 08:15:20,REAL,2750736032,485,2750736517,2750736517
2025-06-19 08:15:22,REAL,2750736517,542,2750737059,2750737059
2025-06-19 08:15:24,REAL,2750737059,480,2750737539,2750737539
2025-06-19 08:15:26,REAL,2750737539,486,2750738025,2750738025
2025-06-19 08:15:28,REAL,2750738025,481,2750738506,2750738506
2025-06-19 08:15:30,REAL,2750738506,540,2750739046,2750739046
2025-06-19 08:15:32,REAL,2750739046,491,2750739537,2750739537
2025-06-19 08:15:34,REAL,2750739537,481,2750740018,2750740018
2025-06-19 08:15:36,REAL,2750740018,492,2750740510,2750740510
2025-06-19 08:15:38,REAL,2750740510,482,2750740992,2750740992
2025-06-19 08:15:40,REAL,2750740992,489,2750741481,2750741481
2025-06-19 08:15:42,REAL,2750741481,477,2750741958,2750741958
2025-06-19 08:15:44,REAL,2750741958,482,2750742440,2750742440
2025-06-19 08:15:46,REAL,2750742440,488,2750742928,2750742928
2025-06-19 08:15:48,REAL,2750742928,492,2750743420,2750743420
2025-06-19 08:15:50,REAL,2750743420,488,2750743908,2750743908
2025-06-19 08:15:52,REAL,2750743908,541,2750744449,2750744449
2025-06-19 08:15:54,REAL,2750744449,483,2750744932,2750744932
2025-06-19 08:15:56,REAL,2750744932,484,2750745416,2750745416
2025-06-19 08:15:58,REAL,2750745416,484,2750745900,2750745900
2025-06-19 08:16:00,REAL,2750745900,483,2750746383,2750746383
2025-06-19 08:16:02,REAL,2750746383,483,2750746866,2750746866
2025-06-19 08:16:04,REAL,2750746866,486,2750747352,2750747352
2025-06-19 08:16:06,REAL,2750747352,484,2750747836,2750747836
2025-06-19 08:16:08,REAL,2750747836,541,2750748377,2750748377
2025-06-19 08:16:10,REAL,2750748377,491,2750748868,2750748868
2025-06-19 08:16:12,REAL,2750748868,481,2750749349,2750749349
2025-06-19 08:16:14,REAL,2750749349,480,2750749829,2750749829
2025-06-19 08:16:16,REAL,2750749829,489,2750750318,2750750318
2025-06-19 08:16:18,REAL,2750750318,485,2750750803,2750750803
2025-06-19 08:16:20,REAL,2750750803,538,2750751341,2750751341
2025-06-19 08:16:22,REAL,2750751341,484,2750751825,2750751825
2025-06-19 08:16:24,REAL,2750751825,478,2750752303,2750752303
2025-06-19 08:16:26,REAL,2750752303,488,2750752791,2750752791
2025-06-19 08:16:28,REAL,2750752791,484,2750753275,2750753275
2025-06-19 08:16:30,REAL,2750753275,487,2750753762,2750753762
2025-06-19 08:16:32,REAL,2750753762,479,2750754241,2750754241
2025-06-19 08:16:34,REAL,2750754241,482,2750754723,2750754723
2025-06-19 08:16:36,REAL,2750754723,489,2750755212,2750755212
2025-06-19 08:16:38,REAL,2750755212,7094,2750762306,2750762306
2025-06-19 08:16:40,REAL,2750762306,10976,2750773282,2750773282
2025-06-19 08:16:42,REAL,2750773282,10252,2750783534,2750783534
2025-06-19 08:16:44,REAL,2750783534,10255,2750793789,2750793789
2025-06-19 08:16:46,REAL,2750793789,10259,2750804048,2750804048
2025-06-19 08:16:48,REAL,2750804048,10372,2750814420,2750814420
2025-06-19 08:16:50,REAL,2750814420,10314,2750824734,2750824734
2025-06-19 08:16:52,REAL,2750824734,9329,2750834063,2750834063
2025-06-19 08:16:54,REAL,2750834063,489,2750834552,2750834552
2025-06-19 08:16:56,REAL,2750834552,481,2750835033,2750835033
2025-06-19 08:16:58,REAL,2750835033,482,2750835515,2750835515
2025-06-19 08:17:00,REAL,2750835515,481,2750835996,2750835996
2025-06-19 08:17:02,REAL,2750835996,476,2750836472,2750836472
2025-06-19 08:17:04,REAL,2750836472,481,2750836953,2750836953
2025-06-19 08:17:06,REAL,2750836953,485,2750837438,2750837438
2025-06-19 08:17:08,REAL,2750837438,486,2750837924,2750837924
2025-06-19 08:17:10,REAL,2750837924,482,2750838406,2750838406
2025-06-19 08:17:12,REAL,2750838406,480,2750838886,2750838886
2025-06-19 08:17:14,REAL,2750838886,490,2750839376,2750839376
2025-06-19 08:17:16,REAL,2750839376,542,2750839918,2750839918
2025-06-19 08:17:18,REAL,2750839918,531,2750840449,2750840449
2025-06-19 08:17:20,REAL,2750840449,485,2750840934,2750840934
2025-06-19 08:17:22,REAL,2750840934,478,2750841412,2750841412
2025-06-19 08:17:24,REAL,2750841412,487,2750841899,2750841899
2025-06-19 08:17:26,REAL,2750841899,488,2750842387,2750842387
2025-06-19 08:17:28,REAL,2750842387,477,2750842864,2750842864
2025-06-19 08:17:30,REAL,2750842864,480,2750843344,2750843344
2025-06-19 08:17:32,REAL,2750843344,484,2750843828,2750843828
2025-06-19 08:17:34,REAL,2750843828,487,2750844315,2750844315
2025-06-19 08:17:36,REAL,2750844315,485,2750844800,2750844800
2025-06-19 08:17:38,REAL,2750844800,485,2750845285,2750845285
2025-06-19 08:17:40,REAL,2750845285,482,2750845767,2750845767
2025-06-19 08:17:42,REAL,2750845767,491,2750846258,2750846258
2025-06-19 08:17:44,REAL,2750846258,487,2750846745,2750846745
2025-06-19 08:17:46,REAL,2750846745,540,2750847285,2750847285
2025-06-19 08:17:48,REAL,2750847285,484,2750847769,2750847769
2025-06-19 08:17:50,REAL,2750847769,481,2750848250,2750848250
2025-06-19 08:17:52,REAL,2750848250,477,2750848727,2750848727
2025-06-19 08:17:54,REAL,2750848727,483,2750849210,2750849210
2025-06-19 08:17:56,REAL,2750849210,542,2750849752,2750849752
2025-06-19 08:17:58,REAL,2750849752,488,2750850240,2750850240
2025-06-19 08:18:00,REAL,2750850240,487,2750850727,2750850727
2025-06-19 08:18:02,REAL,2750850727,481,2750851208,2750851208
2025-06-19 08:18:04,REAL,2750851208,481,2750851689,2750851689
2025-06-19 08:18:06,REAL,2750851689,476,2750852165,2750852165
2025-06-19 08:18:08,REAL,2750852165,9995,2750862160,2750862160
2025-06-19 08:18:10,REAL,2750862160,10713,2750872873,2750872873
2025-06-19 08:18:12,REAL,2750872873,10251,2750883124,2750883124
2025-06-19 08:18:14,REAL,2750883124,10306,2750893430,2750893430
2025-06-19 08:18:16,REAL,2750893430,10255,2750903685,2750903685
2025-06-19 08:18:18,REAL,2750903685,10319,2750914004,2750914004
2025-06-19 08:18:20,REAL,2750914004,10253,2750924257,2750924257
2025-06-19 08:18:22,REAL,2750924257,7873,2750932130,2750932130
2025-06-19 08:18:24,REAL,2750932130,492,2750932622,2750932622
2025-06-19 08:18:26,REAL,2750932622,486,2750933108,2750933108
2025-06-19 08:18:28,REAL,2750933108,478,2750933586,2750933586
2025-06-19 08:18:30,REAL,2750933586,489,2750934075,2750934075
2025-06-19 08:18:32,REAL,2750934075,486,2750934561,2750934561
2025-06-19 08:18:34,REAL,2750934561,482,2750935043,2750935043
2025-06-19 08:18:36,REAL,2750935043,485,2750935528,2750935528
2025-06-19 08:18:38,REAL,2750935528,485,2750936013,2750936013
2025-06-19 08:18:40,REAL,2750936013,489,2750936502,2750936502
2025-06-19 08:18:42,REAL,2750936502,486,2750936988,2750936988
2025-06-19 08:18:44,REAL,2750936988,537,2750937525,2750937525
2025-06-19 08:18:46,REAL,2750937525,542,2750938067,2750938067
2025-06-19 08:18:48,REAL,2750938067,489,2750938556,2750938556
2025-06-19 08:18:50,REAL,2750938556,481,2750939037,2750939037
2025-06-19 08:18:52,REAL,2750939037,486,2750939523,2750939523
2025-06-19 08:18:54,REAL,2750939523,479,2750940002,2750940002
2025-06-19 08:18:56,REAL,2750940002,492,2750940494,2750940494
2025-06-19 08:18:58,REAL,2750940494,483,2750940977,2750940977
2025-06-19 08:19:00,REAL,2750940977,492,2750941469,2750941469
2025-06-19 08:19:02,REAL,2750941469,482,2750941951,2750941951
2025-06-19 08:19:04,REAL,2750941951,485,2750942436,2750942436
2025-06-19 08:19:06,REAL,2750942436,482,2750942918,2750942918
2025-06-19 08:19:08,REAL,2750942918,484,2750943402,2750943402
2025-06-19 08:19:10,REAL,2750943402,483,2750943885,2750943885
2025-06-19 08:19:12,REAL,2750943885,538,2750944423,2750944423
2025-06-19 08:19:14,REAL,2750944423,488,2750944911,2750944911
2025-06-19 08:19:16,REAL,2750944911,4985,2750949896,2750949896
2025-06-19 08:19:18,REAL,2750949896,10908,2750960804,2750960804
2025-06-19 08:19:20,REAL,2750960804,10323,2750971127,2750971127
2025-06-19 08:19:22,REAL,2750971127,10254,2750981381,2750981381
2025-06-19 08:19:24,REAL,2750981381,10247,2750991628,2750991628
2025-06-19 08:19:26,REAL,2750991628,10252,2751001880,2751001880
2025-06-19 08:19:28,REAL,2751001880,10310,2751012190,2751012190
2025-06-19 08:19:30,REAL,2751012190,10255,2751022445,2751022445
2025-06-19 08:19:32,REAL,2751022445,1733,2751024178,2751024178
2025-06-19 08:19:34,REAL,2751024178,493,2751024671,2751024671
2025-06-19 08:19:36,REAL,2751024671,476,2751025147,2751025147
2025-06-19 08:19:38,REAL,2751025147,479,2751025626,2751025626
2025-06-19 08:19:40,REAL,2751025626,484,2751026110,2751026110
2025-06-19 08:19:42,REAL,2751026110,477,2751026587,2751026587
2025-06-19 08:19:44,REAL,2751026587,478,2751027065,2751027065
2025-06-19 08:19:46,REAL,2751027065,541,2751027606,2751027606
2025-06-19 08:19:48,REAL,2751027606,6898,2751034504,2751034504
2025-06-19 08:19:50,REAL,2751034504,13410,2751047914,2751047914
2025-06-19 08:19:52,REAL,2751047914,10247,2751058161,2751058161
2025-06-19 08:19:54,REAL,2751058161,10247,2751068408,2751068408
2025-06-19 08:19:56,REAL,2751068408,10315,2751078723,2751078723
2025-06-19 08:19:58,REAL,2751078723,10257,2751088980,2751088980
2025-06-19 08:20:00,REAL,2751088980,10312,2751099292,2751099292
2025-06-19 08:20:02,REAL,2751099292,10247,2751109539,2751109539
2025-06-19 08:20:04,REAL,2751109539,1146,2751110685,2751110685
2025-06-19 08:20:06,REAL,2751110685,480,2751111165,2751111165
2025-06-19 08:20:08,REAL,2751111165,485,2751111650,2751111650
2025-06-19 08:20:10,REAL,2751111650,485,2751112135,2751112135
2025-06-19 08:20:12,REAL,2751112135,481,2751112616,2751112616
2025-06-19 08:20:14,REAL,2751112616,478,2751113094,2751113094
2025-06-19 08:20:16,REAL,2751113094,485,2751113579,2751113579
2025-06-19 08:20:18,REAL,2751113579,482,2751114061,2751114061
2025-06-19 08:20:20,REAL,2751114061,538,2751114599,2751114599
2025-06-19 08:20:22,REAL,2751114599,489,2751115088,2751115088
2025-06-19 08:20:24,REAL,2751115088,481,2751115569,2751115569
2025-06-19 08:20:26,REAL,2751115569,481,2751116050,2751116050
2025-06-19 08:20:28,REAL,2751116050,537,2751116587,2751116587
2025-06-19 08:20:30,REAL,2751116587,481,2751117068,2751117068
2025-06-19 08:20:32,REAL,2751117068,491,2751117559,2751117559
2025-06-19 08:20:34,REAL,2751117559,483,2751118042,2751118042
2025-06-19 08:20:36,REAL,2751118042,488,2751118530,2751118530
2025-06-19 08:20:38,REAL,2751118530,488,2751119018,2751119018
2025-06-19 08:20:40,REAL,2751119018,492,2751119510,2751119510
2025-06-19 08:20:42,REAL,2751119510,488,2751119998,2751119998
2025-06-19 08:20:44,REAL,2751119998,488,2751120486,2751120486
2025-06-19 08:20:46,REAL,2751120486,486,2751120972,2751120972
2025-06-19 08:20:48,REAL,2751120972,492,2751121464,2751121464
2025-06-19 08:20:50,REAL,2751121464,476,2751121940,2751121940
2025-06-19 08:20:52,REAL,2751121940,484,2751122424,2751122424
2025-06-19 08:20:54,REAL,2751122424,546,2751122970,2751122970
2025-06-19 08:20:56,REAL,2751122970,487,2751123457,2751123457
2025-06-19 08:20:58,REAL,2751123457,489,2751123946,2751123946
2025-06-19 08:21:00,REAL,2751123946,493,2751124439,2751124439
2025-06-19 08:21:02,REAL,2751124439,489,2751124928,2751124928
2025-06-19 08:21:04,REAL,2751124928,485,2751125413,2751125413
2025-06-19 08:21:06,REAL,2751125413,538,2751125951,2751125951
2025-06-19 08:21:08,REAL,2751125951,483,2751126434,2751126434
2025-06-19 08:21:10,REAL,2751126434,479,2751126913,2751126913
2025-06-19 08:21:12,REAL,2751126913,491,2751127404,2751127404
2025-06-19 08:21:14,REAL,2751127404,481,2751127885,2751127885
2025-06-19 08:21:16,REAL,2751127885,488,2751128373,2751128373
2025-06-19 08:21:18,REAL,2751128373,479,2751128852,2751128852
2025-06-19 08:21:20,REAL,2751128852,477,2751129329,2751129329
2025-06-19 08:21:22,REAL,2751129329,476,2751129805,2751129805
2025-06-19 08:21:24,REAL,2751129805,487,2751130292,2751130292
2025-06-19 08:21:26,REAL,2751130292,491,2751130783,2751130783
2025-06-19 08:21:28,REAL,2751130783,478,2751131261,2751131261
2025-06-19 08:21:30,REAL,2751131261,541,2751131802,2751131802
2025-06-19 08:21:32,REAL,2751131802,489,2751132291,2751132291
2025-06-19 08:21:34,REAL,2751132291,486,2751132777,2751132777
2025-06-19 08:21:36,REAL,2751132777,476,2751133253,2751133253
2025-06-19 08:21:38,REAL,2751133253,488,2751133741,2751133741
2025-06-19 08:21:40,REAL,2751133741,489,2751134230,2751134230
2025-06-19 08:21:42,REAL,2751134230,483,2751134713,2751134713
2025-06-19 08:21:44,REAL,2751134713,535,2751135248,2751135248
2025-06-19 08:21:46,REAL,2751135248,481,2751135729,2751135729
2025-06-19 08:21:48,REAL,2751135729,485,2751136214,2751136214
2025-06-19 08:21:50,REAL,2751136214,484,2751136698,2751136698
2025-06-19 08:21:52,REAL,2751136698,482,2751137180,2751137180
2025-06-19 08:21:54,REAL,2751137180,491,2751137671,2751137671
2025-06-19 08:21:56,REAL,2751137671,477,2751138148,2751138148
2025-06-19 08:21:58,REAL,2751138148,484,2751138632,2751138632
2025-06-19 08:22:00,REAL,2751138632,490,2751139122,2751139122
2025-06-19 08:22:02,REAL,2751139122,487,2751139609,2751139609
2025-06-19 08:22:04,REAL,2751139609,549,2751140158,2751140158
2025-06-19 08:22:06,REAL,2751140158,489,2751140647,2751140647
2025-06-19 08:22:08,REAL,2751140647,488,2751141135,2751141135
2025-06-19 08:22:10,REAL,2751141135,475,2751141610,2751141610
2025-06-19 08:22:12,REAL,2751141610,478,2751142088,2751142088
2025-06-19 08:22:14,REAL,2751142088,483,2751142571,2751142571
2025-06-19 08:22:16,REAL,2751142571,480,2751143051,2751143051
2025-06-19 08:22:18,REAL,2751143051,482,2751143533,2751143533
2025-06-19 08:22:20,REAL,2751143533,490,2751144023,2751144023
2025-06-19 08:22:22,REAL,2751144023,483,2751144506,2751144506
2025-06-19 08:22:24,REAL,2751144506,542,2751145048,2751145048
2025-06-19 08:22:26,REAL,2751145048,484,2751145532,2751145532
2025-06-19 08:22:28,REAL,2751145532,485,2751146017,2751146017
2025-06-19 08:22:30,REAL,2751146017,479,2751146496,2751146496
2025-06-19 08:22:32,REAL,2751146496,485,2751146981,2751146981
2025-06-19 08:22:34,REAL,2751146981,484,2751147465,2751147465
2025-06-19 08:22:36,REAL,2751147465,533,2751147998,2751147998
2025-06-19 08:22:38,REAL,2751147998,481,2751148479,2751148479
2025-06-19 08:22:40,REAL,2751148479,483,2751148962,2751148962
2025-06-19 08:22:42,REAL,2751148962,489,2751149451,2751149451
2025-06-19 08:22:44,REAL,2751149451,487,2751149938,2751149938
2025-06-19 08:22:46,REAL,2751149938,483,2751150421,2751150421
2025-06-19 08:22:48,REAL,2751150421,483,2751150904,2751150904
2025-06-19 08:22:50,REAL,2751150904,479,2751151383,2751151383
2025-06-19 08:22:52,REAL,2751151383,484,2751151867,2751151867
2025-06-19 08:22:54,REAL,2751151867,481,2751152348,2751152348
2025-06-19 08:22:56,REAL,2751152348,480,2751152828,2751152828
2025-06-19 08:22:58,REAL,2751152828,3991,2751156819,2751156819
2025-06-19 08:23:00,REAL,2751156819,11637,2751168456,2751168456
2025-06-19 08:23:02,REAL,2751168456,10254,2751178710,2751178710
2025-06-19 08:23:04,REAL,2751178710,10258,2751188968,2751188968
2025-06-19 08:23:06,REAL,2751188968,10309,2751199277,2751199277
2025-06-19 08:23:08,REAL,2751199277,10253,2751209530,2751209530
2025-06-19 08:23:10,REAL,2751209530,10257,2751219787,2751219787
2025-06-19 08:23:12,REAL,2751219787,10375,2751230162,2751230162
2025-06-19 08:23:14,REAL,2751230162,2393,2751232555,2751232555
2025-06-19 08:23:16,REAL,2751232555,486,2751233041,2751233041
2025-06-19 08:23:18,REAL,2751233041,491,2751233532,2751233532
2025-06-19 08:23:20,REAL,2751233532,489,2751234021,2751234021
2025-06-19 08:23:22,REAL,2751234021,486,2751234507,2751234507
2025-06-19 08:23:24,REAL,2751234507,475,2751234982,2751234982
2025-06-19 08:23:26,REAL,2751234982,480,2751235462,2751235462
2025-06-19 08:23:28,REAL,2751235462,483,2751235945,2751235945
2025-06-19 08:23:30,REAL,2751235945,489,2751236434,2751236434
2025-06-19 08:23:32,REAL,2751236434,480,2751236914,2751236914
2025-06-19 08:23:34,REAL,2751236914,482,2751237396,2751237396
2025-06-19 08:23:36,REAL,2751237396,480,2751237876,2751237876
2025-06-19 08:23:38,REAL,2751237876,542,2751238418,2751238418
2025-06-19 08:23:40,REAL,2751238418,488,2751238906,2751238906
2025-06-19 08:23:42,REAL,2751238906,481,2751239387,2751239387
2025-06-19 08:23:44,REAL,2751239387,491,2751239878,2751239878
2025-06-19 08:23:46,REAL,2751239878,543,2751240421,2751240421
2025-06-19 08:23:48,REAL,2751240421,490,2751240911,2751240911
2025-06-19 08:23:50,REAL,2751240911,486,2751241397,2751241397
2025-06-19 08:23:52,REAL,2751241397,483,2751241880,2751241880
2025-06-19 08:23:54,REAL,2751241880,482,2751242362,2751242362
2025-06-19 08:23:56,REAL,2751242362,486,2751242848,2751242848
2025-06-19 08:23:58,REAL,2751242848,482,2751243330,2751243330
2025-06-19 08:24:00,REAL,2751243330,484,2751243814,2751243814
2025-06-19 08:24:02,REAL,2751243814,5570,2751249384,2751249384
2025-06-19 08:24:04,REAL,2751249384,14077,2751263461,2751263461
2025-06-19 08:24:06,REAL,2751263461,10251,2751273712,2751273712
2025-06-19 08:24:08,REAL,2751273712,10247,2751283959,2751283959
2025-06-19 08:24:10,REAL,2751283959,10318,2751294277,2751294277
2025-06-19 08:24:12,REAL,2751294277,10246,2751304523,2751304523
2025-06-19 08:24:14,REAL,2751304523,10260,2751314783,2751314783
2025-06-19 08:24:16,REAL,2751314783,10252,2751325035,2751325035
2025-06-19 08:24:18,REAL,2751325035,1211,2751326246,2751326246
2025-06-19 08:24:20,REAL,2751326246,475,2751326721,2751326721
2025-06-19 08:24:22,REAL,2751326721,480,2751327201,2751327201
2025-06-19 08:24:24,REAL,2751327201,483,2751327684,2751327684
2025-06-19 08:24:26,REAL,2751327684,480,2751328164,2751328164
2025-06-19 08:24:28,REAL,2751328164,483,2751328647,2751328647
2025-06-19 08:24:30,REAL,2751328647,481,2751329128,2751329128
2025-06-19 08:24:32,REAL,2751329128,488,2751329616,2751329616
2025-06-19 08:24:34,REAL,2751329616,481,2751330097,2751330097
2025-06-19 08:24:36,REAL,2751330097,541,2751330638,2751330638
2025-06-19 08:24:38,REAL,2751330638,478,2751331116,2751331116
2025-06-19 08:24:40,REAL,2751331116,538,2751331654,2751331654
2025-06-19 08:24:42,REAL,2751331654,485,2751332139,2751332139
2025-06-19 08:24:44,REAL,2751332139,483,2751332622,2751332622
2025-06-19 08:24:46,REAL,2751332622,490,2751333112,2751333112
2025-06-19 08:24:48,REAL,2751333112,482,2751333594,2751333594
2025-06-19 08:24:50,REAL,2751333594,490,2751334084,2751334084
2025-06-19 08:24:52,REAL,2751334084,491,2751334575,2751334575
2025-06-19 08:24:54,REAL,2751334575,486,2751335061,2751335061
2025-06-19 08:24:56,REAL,2751335061,12439,2751347500,2751347500
2025-06-19 08:24:58,REAL,2751347500,10245,2751357745,2751357745
2025-06-19 08:25:00,REAL,2751357745,10317,2751368062,2751368062
2025-06-19 08:25:02,REAL,2751368062,10252,2751378314,2751378314
2025-06-19 08:25:04,REAL,2751378314,10258,2751388572,2751388572
2025-06-19 08:25:06,REAL,2751388572,10249,2751398821,2751398821
2025-06-19 08:25:08,REAL,2751398821,10318,2751409139,2751409139
2025-06-19 08:25:10,REAL,2751409139,5032,2751414171,2751414171
2025-06-19 08:25:12,REAL,2751414171,487,2751414658,2751414658
2025-06-19 08:25:14,REAL,2751414658,488,2751415146,2751415146
2025-06-19 08:25:16,REAL,2751415146,488,2751415634,2751415634
2025-06-19 08:25:18,REAL,2751415634,487,2751416121,2751416121
2025-06-19 08:25:20,REAL,2751416121,490,2751416611,2751416611
2025-06-19 08:25:22,REAL,2751416611,484,2751417095,2751417095
2025-06-19 08:25:24,REAL,2751417095,476,2751417571,2751417571
2025-06-19 08:25:26,REAL,2751417571,535,2751418106,2751418106
2025-06-19 08:25:28,REAL,2751418106,489,2751418595,2751418595
2025-06-19 08:25:30,REAL,2751418595,485,2751419080,2751419080
2025-06-19 08:25:32,REAL,2751419080,545,2751419625,2751419625
2025-06-19 08:25:34,REAL,2751419625,491,2751420116,2751420116
2025-06-19 08:25:36,REAL,2751420116,483,2751420599,2751420599
2025-06-19 08:25:38,REAL,2751420599,489,2751421088,2751421088
2025-06-19 08:25:40,REAL,2751421088,482,2751421570,2751421570
2025-06-19 08:25:42,REAL,2751421570,484,2751422054,2751422054
2025-06-19 08:25:44,REAL,2751422054,488,2751422542,2751422542
2025-06-19 08:25:46,REAL,2751422542,486,2751423028,2751423028
2025-06-19 08:25:48,REAL,2751423028,7885,2751430913,2751430913
2025-06-19 08:25:50,REAL,2751430913,10715,2751441628,2751441628
2025-06-19 08:25:52,REAL,2751441628,10252,2751451880,2751451880
2025-06-19 08:25:54,REAL,2751451880,10317,2751462197,2751462197
2025-06-19 08:25:56,REAL,2751462197,10258,2751472455,2751472455
2025-06-19 08:25:58,REAL,2751472455,10255,2751482710,2751482710
2025-06-19 08:26:00,REAL,2751482710,10256,2751492966,2751492966
2025-06-19 08:26:02,REAL,2751492966,9057,2751502023,2751502023
2025-06-19 08:26:04,REAL,2751502023,487,2751502510,2751502510
2025-06-19 08:26:06,REAL,2751502510,492,2751503002,2751503002
2025-06-19 08:26:08,REAL,2751503002,491,2751503493,2751503493
2025-06-19 08:26:10,REAL,2751503493,492,2751503985,2751503985
2025-06-19 08:26:12,REAL,2751503985,486,2751504471,2751504471
2025-06-19 08:26:14,REAL,2751504471,485,2751504956,2751504956
2025-06-19 08:26:16,REAL,2751504956,486,2751505442,2751505442
2025-06-19 08:26:18,REAL,2751505442,539,2751505981,2751505981
2025-06-19 08:26:20,REAL,2751505981,480,2751506461,2751506461
2025-06-19 08:26:22,REAL,2751506461,543,2751507004,2751507004
2025-06-19 08:26:24,REAL,2751507004,478,2751507482,2751507482
2025-06-19 08:26:26,REAL,2751507482,478,2751507960,2751507960
2025-06-19 08:26:28,REAL,2751507960,2081,2751510041,2751510041
2025-06-19 08:26:30,REAL,2751510041,11434,2751521475,2751521475
2025-06-19 08:26:32,REAL,2751521475,10249,2751531724,2751531724
2025-06-19 08:26:34,REAL,2751531724,10246,2751541970,2751541970
2025-06-19 08:26:36,REAL,2751541970,10253,2751552223,2751552223
2025-06-19 08:26:38,REAL,2751552223,10325,2751562548,2751562548
2025-06-19 08:26:40,REAL,2751562548,10252,2751572800,2751572800
2025-06-19 08:26:42,REAL,2751572800,10251,2751583051,2751583051
2025-06-19 08:26:44,REAL,2751583051,3919,2751586970,2751586970
2025-06-19 08:26:46,REAL,2751586970,482,2751587452,2751587452
2025-06-19 08:26:48,REAL,2751587452,489,2751587941,2751587941
2025-06-19 08:26:50,REAL,2751587941,482,2751588423,2751588423
2025-06-19 08:26:52,REAL,2751588423,479,2751588902,2751588902
2025-06-19 08:26:54,REAL,2751588902,489,2751589391,2751589391
2025-06-19 08:26:56,REAL,2751589391,493,2751589884,2751589884
2025-06-19 08:26:58,REAL,2751589884,481,2751590365,2751590365
2025-06-19 08:27:00,REAL,2751590365,3003,2751593368,2751593368
2025-06-19 08:27:02,REAL,2751593368,11704,2751605072,2751605072
2025-06-19 08:27:04,REAL,2751605072,10319,2751615391,2751615391
2025-06-19 08:27:06,REAL,2751615391,10253,2751625644,2751625644
2025-06-19 08:27:08,REAL,2751625644,10300,2751635944,2751635944
2025-06-19 08:27:10,REAL,2751635944,10316,2751646260,2751646260
2025-06-19 08:27:12,REAL,2751646260,10247,2751656507,2751656507
2025-06-19 08:27:14,REAL,2751656507,10249,2751666756,2751666756
2025-06-19 08:27:16,REAL,2751666756,3321,2751670077,2751670077
2025-06-19 08:27:18,REAL,2751670077,480,2751670557,2751670557
2025-06-19 08:27:20,REAL,2751670557,487,2751671044,2751671044
2025-06-19 08:27:22,REAL,2751671044,488,2751671532,2751671532
2025-06-19 08:27:24,REAL,2751671532,490,2751672022,2751672022
2025-06-19 08:27:26,REAL,2751672022,485,2751672507,2751672507
2025-06-19 08:27:28,REAL,2751672507,482,2751672989,2751672989
2025-06-19 08:27:30,REAL,2751672989,475,2751673464,2751673464
2025-06-19 08:27:32,REAL,2751673464,481,2751673945,2751673945
2025-06-19 08:27:34,REAL,2751673945,484,2751674429,2751674429
2025-06-19 08:27:36,REAL,2751674429,539,2751674968,2751674968
2025-06-19 08:27:38,REAL,2751674968,484,2751675452,2751675452
2025-06-19 08:27:40,REAL,2751675452,480,2751675932,2751675932
2025-06-19 08:27:42,REAL,2751675932,480,2751676412,2751676412
2025-06-19 08:27:44,REAL,2751676412,487,2751676899,2751676899
2025-06-19 08:27:46,REAL,2751676899,485,2751677384,2751677384
2025-06-19 08:27:48,REAL,2751677384,483,2751677867,2751677867
2025-06-19 08:27:50,REAL,2751677867,488,2751678355,2751678355
2025-06-19 08:27:52,REAL,2751678355,486,2751678841,2751678841
2025-06-19 08:27:54,REAL,2751678841,484,2751679325,2751679325
2025-06-19 08:27:56,REAL,2751679325,485,2751679810,2751679810
2025-06-19 08:27:58,REAL,2751679810,484,2751680294,2751680294
2025-06-19 08:28:00,REAL,2751680294,543,2751680837,2751680837
2025-06-19 08:28:02,REAL,2751680837,481,2751681318,2751681318
2025-06-19 08:28:04,REAL,2751681318,486,2751681804,2751681804
2025-06-19 08:28:06,REAL,2751681804,477,2751682281,2751682281
2025-06-19 08:28:08,REAL,2751682281,482,2751682763,2751682763
2025-06-19 08:28:10,REAL,2751682763,478,2751683241,2751683241
2025-06-19 08:28:12,REAL,2751683241,535,2751683776,2751683776
2025-06-19 08:28:14,REAL,2751683776,492,2751684268,2751684268
2025-06-19 08:28:16,REAL,2751684268,477,2751684745,2751684745
2025-06-19 08:28:18,REAL,2751684745,489,2751685234,2751685234
2025-06-19 08:28:20,REAL,2751685234,485,2751685719,2751685719
2025-06-19 08:28:22,REAL,2751685719,481,2751686200,2751686200
2025-06-19 08:28:24,REAL,2751686200,486,2751686686,2751686686
2025-06-19 08:28:26,REAL,2751686686,480,2751687166,2751687166
2025-06-19 08:28:28,REAL,2751687166,478,2751687644,2751687644
2025-06-19 08:28:30,REAL,2751687644,488,2751688132,2751688132
2025-06-19 08:28:32,REAL,2751688132,478,2751688610,2751688610
2025-06-19 08:28:34,REAL,2751688610,482,2751689092,2751689092
2025-06-19 08:28:36,REAL,2751689092,483,2751689575,2751689575
2025-06-19 08:28:38,REAL,2751689575,483,2751690058,2751690058
2025-06-19 08:28:40,REAL,2751690058,486,2751690544,2751690544
2025-06-19 08:28:42,REAL,2751690544,477,2751691021,2751691021
2025-06-19 08:28:44,REAL,2751691021,484,2751691505,2751691505
2025-06-19 08:28:46,REAL,2751691505,5054,2751696559,2751696559
2025-06-19 08:28:48,REAL,2751696559,11243,2751707802,2751707802
2025-06-19 08:28:50,REAL,2751707802,10245,2751718047,2751718047
2025-06-19 08:28:52,REAL,2751718047,10377,2751728424,2751728424
2025-06-19 08:28:54,REAL,2751728424,10260,2751738684,2751738684
2025-06-19 08:28:56,REAL,2751738684,10254,2751748938,2751748938
2025-06-19 08:28:58,REAL,2751748938,10249,2751759187,2751759187
2025-06-19 08:29:00,REAL,2751759187,10252,2751769439,2751769439
2025-06-19 08:29:02,REAL,2751769439,1342,2751770781,2751770781
2025-06-19 08:29:04,REAL,2751770781,488,2751771269,2751771269
2025-06-19 08:29:06,REAL,2751771269,478,2751771747,2751771747
2025-06-19 08:29:08,REAL,2751771747,475,2751772222,2751772222
2025-06-19 08:29:10,REAL,2751772222,481,2751772703,2751772703
2025-06-19 08:29:12,REAL,2751772703,479,2751773182,2751773182
2025-06-19 08:29:14,REAL,2751773182,482,2751773664,2751773664
2025-06-19 08:29:16,REAL,2751773664,482,2751774146,2751774146
2025-06-19 08:29:18,REAL,2751774146,489,2751774635,2751774635
2025-06-19 08:29:20,REAL,2751774635,480,2751775115,2751775115
2025-06-19 08:29:22,REAL,2751775115,538,2751775653,2751775653
2025-06-19 08:29:24,REAL,2751775653,488,2751776141,2751776141
2025-06-19 08:29:26,REAL,2751776141,486,2751776627,2751776627
2025-06-19 08:29:28,REAL,2751776627,550,2751777177,2751777177
2025-06-19 08:29:30,REAL,2751777177,484,2751777661,2751777661
2025-06-19 08:29:32,REAL,2751777661,488,2751778149,2751778149
2025-06-19 08:29:34,REAL,2751778149,488,2751778637,2751778637
2025-06-19 08:29:36,REAL,2751778637,481,2751779118,2751779118
2025-06-19 08:29:38,REAL,2751779118,489,2751779607,2751779607
2025-06-19 08:29:40,REAL,2751779607,484,2751780091,2751780091
2025-06-19 08:29:42,REAL,2751780091,481,2751780572,2751780572
2025-06-19 08:29:44,REAL,2751780572,534,2751781106,2751781106
2025-06-19 08:29:46,REAL,2751781106,484,2751781590,2751781590
2025-06-19 08:29:48,REAL,2751781590,481,2751782071,2751782071
2025-06-19 08:29:50,REAL,2751782071,492,2751782563,2751782563
2025-06-19 08:29:52,REAL,2751782563,482,2751783045,2751783045
2025-06-19 08:29:54,REAL,2751783045,491,2751783536,2751783536
2025-06-19 08:29:56,REAL,2751783536,478,2751784014,2751784014
2025-06-19 08:29:58,REAL,2751784014,535,2751784549,2751784549
2025-06-19 08:30:00,REAL,2751784549,484,2751785033,2751785033
2025-06-19 08:30:02,REAL,2751785033,476,2751785509,2751785509
2025-06-19 08:30:04,REAL,2751785509,488,2751785997,2751785997
2025-06-19 08:30:06,REAL,2751785997,491,2751786488,2751786488
2025-06-19 08:30:08,REAL,2751786488,546,2751787034,2751787034
2025-06-19 08:30:10,REAL,2751787034,489,2751787523,2751787523
2025-06-19 08:30:12,REAL,2751787523,492,2751788015,2751788015
2025-06-19 08:30:14,REAL,2751788015,480,2751788495,2751788495
2025-06-19 08:30:16,REAL,2751788495,479,2751788974,2751788974
2025-06-19 08:30:18,REAL,2751788974,492,2751789466,2751789466
2025-06-19 08:30:20,REAL,2751789466,483,2751789949,2751789949
2025-06-19 08:30:22,REAL,2751789949,485,2751790434,2751790434
2025-06-19 08:30:24,REAL,2751790434,486,2751790920,2751790920
2025-06-19 08:30:26,REAL,2751790920,486,2751791406,2751791406
2025-06-19 08:30:28,REAL,2751791406,483,2751791889,2751791889
2025-06-19 08:30:30,REAL,2751791889,479,2751792368,2751792368
2025-06-19 08:30:32,REAL,2751792368,542,2751792910,2751792910
2025-06-19 08:30:34,REAL,2751792910,542,2751793452,2751793452
2025-06-19 08:30:36,REAL,2751793452,483,2751793935,2751793935
2025-06-19 08:30:38,REAL,2751793935,483,2751794418,2751794418
2025-06-19 08:30:40,REAL,2751794418,477,2751794895,2751794895
2025-06-19 08:30:42,REAL,2751794895,476,2751795371,2751795371
2025-06-19 08:30:44,REAL,2751795371,475,2751795846,2751795846
2025-06-19 08:30:46,REAL,2751795846,491,2751796337,2751796337
2025-06-19 08:30:48,REAL,2751796337,490,2751796827,2751796827
2025-06-19 08:30:50,REAL,2751796827,481,2751797308,2751797308
2025-06-19 08:30:52,REAL,2751797308,487,2751797795,2751797795
2025-06-19 08:30:54,REAL,2751797795,492,2751798287,2751798287
2025-06-19 08:30:56,REAL,2751798287,542,2751798829,2751798829
2025-06-19 08:30:58,REAL,2751798829,486,2751799315,2751799315
2025-06-19 08:31:00,REAL,2751799315,490,2751799805,2751799805
2025-06-19 08:31:02,REAL,2751799805,244,2751800049,2751800049
2025-06-19 08:31:04,REAL,2751800049,483,2751800532,2751800532
2025-06-19 08:31:06,REAL,2751800532,720,2751801252,2751801252
2025-06-19 08:31:08,REAL,2751801252,297,2751801549,2751801549
2025-06-19 08:31:10,REAL,2751801549,486,2751802035,2751802035
2025-06-19 08:31:12,REAL,2751802035,487,2751802522,2751802522
2025-06-19 08:31:14,REAL,2751802522,478,2751803000,2751803000
2025-06-19 08:31:16,REAL,2751803000,482,2751803482,2751803482
2025-06-19 08:31:18,REAL,2751803482,493,2751803975,2751803975
2025-06-19 08:31:20,REAL,2751803975,484,2751804459,2751804459
2025-06-19 08:31:22,REAL,2751804459,550,2751805009,2751805009
2025-06-19 08:31:24,REAL,2751805009,492,2751805501,2751805501
2025-06-19 08:31:26,REAL,2751805501,485,2751805986,2751805986
2025-06-19 08:31:28,REAL,2751805986,488,2751806474,2751806474
2025-06-19 08:31:30,REAL,2751806474,475,2751806949,2751806949
2025-06-19 08:31:32,REAL,2751806949,490,2751807439,2751807439
2025-06-19 08:31:34,REAL,2751807439,483,2751807922,2751807922
2025-06-19 08:31:36,REAL,2751807922,493,2751808415,2751808415
2025-06-19 08:31:38,REAL,2751808415,482,2751808897,2751808897
2025-06-19 08:31:40,REAL,2751808897,484,2751809381,2751809381
2025-06-19 08:31:42,REAL,2751809381,487,2751809868,2751809868
2025-06-19 08:31:44,REAL,2751809868,537,2751810405,2751810405
2025-06-19 08:31:46,REAL,2751810405,540,2751810945,2751810945
2025-06-19 08:31:48,REAL,2751810945,481,2751811426,2751811426
2025-06-19 08:31:50,REAL,2751811426,490,2751811916,2751811916
2025-06-19 08:31:52,REAL,2751811916,486,2751812402,2751812402
2025-06-19 08:31:54,REAL,2751812402,479,2751812881,2751812881
2025-06-19 08:31:56,REAL,2751812881,489,2751813370,2751813370
2025-06-19 08:31:58,REAL,2751813370,483,2751813853,2751813853
2025-06-19 08:32:00,REAL,2751813853,486,2751814339,2751814339
2025-06-19 08:32:02,REAL,2751814339,483,2751814822,2751814822
2025-06-19 08:32:04,REAL,2751814822,491,2751815313,2751815313
2025-06-19 08:32:06,REAL,2751815313,481,2751815794,2751815794
2025-06-19 08:32:08,REAL,2751815794,493,2751816287,2751816287
2025-06-19 08:32:10,REAL,2751816287,539,2751816826,2751816826
2025-06-19 08:32:12,REAL,2751816826,490,2751817316,2751817316
2025-06-19 08:32:14,REAL,2751817316,542,2751817858,2751817858
2025-06-19 08:32:16,REAL,2751817858,479,2751818337,2751818337
2025-06-19 08:32:18,REAL,2751818337,483,2751818820,2751818820
2025-06-19 08:32:20,REAL,2751818820,483,2751819303,2751819303
2025-06-19 08:32:22,REAL,2751819303,479,2751819782,2751819782
2025-06-19 08:32:24,REAL,2751819782,479,2751820261,2751820261
2025-06-19 08:32:26,REAL,2751820261,489,2751820750,2751820750
2025-06-19 08:32:28,REAL,2751820750,486,2751821236,2751821236
2025-06-19 08:32:30,REAL,2751821236,488,2751821724,2751821724
2025-06-19 08:32:32,REAL,2751821724,486,2751822210,2751822210
2025-06-19 08:32:34,REAL,2751822210,487,2751822697,2751822697
2025-06-19 08:32:36,REAL,2751822697,541,2751823238,2751823238
2025-06-19 08:32:38,REAL,2751823238,479,2751823717,2751823717
2025-06-19 08:32:40,REAL,2751823717,10186,2751833903,2751833903
2025-06-19 08:32:42,REAL,2751833903,10520,2751844423,2751844423
2025-06-19 08:32:44,REAL,2751844423,10259,2751854682,2751854682
2025-06-19 08:32:46,REAL,2751854682,10326,2751865008,2751865008
2025-06-19 08:32:48,REAL,2751865008,10255,2751875263,2751875263
2025-06-19 08:32:50,REAL,2751875263,10324,2751885587,2751885587
2025-06-19 08:32:52,REAL,2751885587,10322,2751895909,2751895909
2025-06-19 08:32:54,REAL,2751895909,6688,2751902597,2751902597
2025-06-19 08:32:56,REAL,2751902597,485,2751903082,2751903082
2025-06-19 08:32:58,REAL,2751903082,478,2751903560,2751903560
2025-06-19 08:33:00,REAL,2751903560,544,2751904104,2751904104
2025-06-19 08:33:02,REAL,2751904104,478,2751904582,2751904582
2025-06-19 08:33:04,REAL,2751904582,485,2751905067,2751905067
2025-06-19 08:33:06,REAL,2751905067,478,2751905545,2751905545
2025-06-19 08:33:08,REAL,2751905545,482,2751906027,2751906027
2025-06-19 08:33:10,REAL,2751906027,546,2751906573,2751906573
2025-06-19 08:33:12,REAL,2751906573,490,2751907063,2751907063
2025-06-19 08:33:14,REAL,2751907063,490,2751907553,2751907553
2025-06-19 08:33:16,REAL,2751907553,478,2751908031,2751908031
2025-06-19 08:33:18,REAL,2751908031,489,2751908520,2751908520
2025-06-19 08:33:20,REAL,2751908520,486,2751909006,2751909006
2025-06-19 08:33:22,REAL,2751909006,483,2751909489,2751909489
2025-06-19 08:33:24,REAL,2751909489,543,2751910032,2751910032
2025-06-19 08:33:26,REAL,2751910032,494,2751910526,2751910526
2025-06-19 08:33:28,REAL,2751910526,487,2751911013,2751911013
2025-06-19 08:33:30,REAL,2751911013,485,2751911498,2751911498
2025-06-19 08:33:32,REAL,2751911498,488,2751911986,2751911986
2025-06-19 08:33:34,REAL,2751911986,485,2751912471,2751912471
2025-06-19 08:33:36,REAL,2751912471,488,2751912959,2751912959
2025-06-19 08:33:38,REAL,2751912959,485,2751913444,2751913444
2025-06-19 08:33:40,REAL,2751913444,544,2751913988,2751913988
2025-06-19 08:33:42,REAL,2751913988,492,2751914480,2751914480
2025-06-19 08:33:44,REAL,2751914480,478,2751914958,2751914958
2025-06-19 08:33:46,REAL,2751914958,482,2751915440,2751915440
2025-06-19 08:33:48,REAL,2751915440,543,2751915983,2751915983
2025-06-19 08:33:50,REAL,2751915983,484,2751916467,2751916467
2025-06-19 08:33:52,REAL,2751916467,486,2751916953,2751916953
2025-06-19 08:33:54,REAL,2751916953,476,2751917429,2751917429
2025-06-19 08:33:56,REAL,2751917429,493,2751917922,2751917922
2025-06-19 08:33:58,REAL,2751917922,490,2751918412,2751918412
2025-06-19 08:34:00,REAL,2751918412,485,2751918897,2751918897
2025-06-19 08:34:02,REAL,2751918897,485,2751919382,2751919382
2025-06-19 08:34:04,REAL,2751919382,484,2751919866,2751919866
2025-06-19 08:34:06,REAL,2751919866,490,2751920356,2751920356
2025-06-19 08:34:08,REAL,2751920356,533,2751920889,2751920889
2025-06-19 08:34:10,REAL,2751920889,490,2751921379,2751921379
2025-06-19 08:34:12,REAL,2751921379,492,2751921871,2751921871
2025-06-19 08:34:14,REAL,2751921871,536,2751922407,2751922407
2025-06-19 08:34:16,REAL,2751922407,486,2751922893,2751922893
2025-06-19 08:34:18,REAL,2751922893,484,2751923377,2751923377
2025-06-19 08:34:20,REAL,2751923377,475,2751923852,2751923852
2025-06-19 08:34:22,REAL,2751923852,491,2751924343,2751924343
2025-06-19 08:34:24,REAL,2751924343,484,2751924827,2751924827
2025-06-19 08:34:26,REAL,2751924827,487,2751925314,2751925314
2025-06-19 08:34:28,REAL,2751925314,489,2751925803,2751925803
2025-06-19 08:34:30,REAL,2751925803,491,2751926294,2751926294
2025-06-19 08:34:32,REAL,2751926294,483,2751926777,2751926777
2025-06-19 08:34:34,REAL,2751926777,489,2751927266,2751927266
2025-06-19 08:34:36,REAL,2751927266,489,2751927755,2751927755
2025-06-19 08:34:38,REAL,2751927755,601,2751928356,2751928356
2025-06-19 08:34:40,REAL,2751928356,488,2751928844,2751928844
2025-06-19 08:34:42,REAL,2751928844,492,2751929336,2751929336
2025-06-19 08:34:44,REAL,2751929336,479,2751929815,2751929815
2025-06-19 08:34:46,REAL,2751929815,487,2751930302,2751930302
2025-06-19 08:34:48,REAL,2751930302,486,2751930788,2751930788
2025-06-19 08:34:50,REAL,2751930788,484,2751931272,2751931272
2025-06-19 08:34:52,REAL,2751931272,484,2751931756,2751931756
2025-06-19 08:34:54,REAL,2751931756,477,2751932233,2751932233
2025-06-19 08:34:56,REAL,2751932233,493,2751932726,2751932726
2025-06-19 08:34:58,REAL,2751932726,479,2751933205,2751933205
2025-06-19 08:35:00,REAL,2751933205,488,2751933693,2751933693
2025-06-19 08:35:02,REAL,2751933693,2344,2751936037,2751936037
2025-06-19 08:35:04,REAL,2751936037,11883,2751947920,2751947920
2025-06-19 08:35:06,REAL,2751947920,10250,2751958170,2751958170
2025-06-19 08:35:08,REAL,2751958170,10907,2751969077,2751969077
2025-06-19 08:35:10,REAL,2751969077,9655,2751978732,2751978732
2025-06-19 08:35:12,REAL,2751978732,10251,2751988983,2751988983
2025-06-19 08:35:14,REAL,2751988983,10254,2751999237,2751999237
2025-06-19 08:35:16,REAL,2751999237,10247,2752009484,2752009484
2025-06-19 08:35:18,REAL,2752009484,3918,2752013402,2752013402
2025-06-19 08:35:20,REAL,2752013402,479,2752013881,2752013881
2025-06-19 08:35:22,REAL,2752013881,485,2752014366,2752014366
2025-06-19 08:35:24,REAL,2752014366,484,2752014850,2752014850
2025-06-19 08:35:26,REAL,2752014850,476,2752015326,2752015326
2025-06-19 08:35:28,REAL,2752015326,486,2752015812,2752015812
2025-06-19 08:35:30,REAL,2752015812,477,2752016289,2752016289
2025-06-19 08:35:32,REAL,2752016289,597,2752016886,2752016886
2025-06-19 08:35:34,REAL,2752016886,483,2752017369,2752017369
2025-06-19 08:35:36,REAL,2752017369,489,2752017858,2752017858
2025-06-19 08:35:38,REAL,2752017858,482,2752018340,2752018340
2025-06-19 08:35:40,REAL,2752018340,481,2752018821,2752018821
2025-06-19 08:35:42,REAL,2752018821,484,2752019305,2752019305
2025-06-19 08:35:44,REAL,2752019305,478,2752019783,2752019783
2025-06-19 08:35:46,REAL,2752019783,474,2752020257,2752020257
2025-06-19 08:35:48,REAL,2752020257,483,2752020740,2752020740
2025-06-19 08:35:50,REAL,2752020740,475,2752021215,2752021215
2025-06-19 08:35:52,REAL,2752021215,483,2752021698,2752021698
2025-06-19 08:35:54,REAL,2752021698,488,2752022186,2752022186
2025-06-19 08:35:56,REAL,2752022186,476,2752022662,2752022662
2025-06-19 08:35:58,REAL,2752022662,531,2752023193,2752023193
2025-06-19 08:36:00,REAL,2752023193,485,2752023678,2752023678
2025-06-19 08:36:02,REAL,2752023678,546,2752024224,2752024224
2025-06-19 08:36:04,REAL,2752024224,488,2752024712,2752024712
2025-06-19 08:36:06,REAL,2752024712,492,2752025204,2752025204
2025-06-19 08:36:08,REAL,2752025204,492,2752025696,2752025696
2025-06-19 08:36:10,REAL,2752025696,489,2752026185,2752026185
2025-06-19 08:36:12,REAL,2752026185,480,2752026665,2752026665
2025-06-19 08:36:14,REAL,2752026665,491,2752027156,2752027156
2025-06-19 08:36:16,REAL,2752027156,486,2752027642,2752027642
2025-06-19 08:36:18,REAL,2752027642,487,2752028129,2752028129
2025-06-19 08:36:20,REAL,2752028129,489,2752028618,2752028618
2025-06-19 08:36:22,REAL,2752028618,543,2752029161,2752029161
2025-06-19 08:36:24,REAL,2752029161,489,2752029650,2752029650
2025-06-19 08:36:26,REAL,2752029650,486,2752030136,2752030136
2025-06-19 08:36:28,REAL,2752030136,482,2752030618,2752030618
2025-06-19 08:36:30,REAL,2752030618,486,2752031104,2752031104
2025-06-19 08:36:32,REAL,2752031104,490,2752031594,2752031594
2025-06-19 08:36:34,REAL,2752031594,491,2752032085,2752032085
2025-06-19 08:36:36,REAL,2752032085,491,2752032576,2752032576
2025-06-19 08:36:38,REAL,2752032576,487,2752033063,2752033063
2025-06-19 08:36:40,REAL,2752033063,476,2752033539,2752033539
2025-06-19 08:36:42,REAL,2752033539,480,2752034019,2752034019
2025-06-19 08:36:44,REAL,2752034019,10858,2752044877,2752044877
2025-06-19 08:36:46,REAL,2752044877,10321,2752055198,2752055198
2025-06-19 08:36:48,REAL,2752055198,10308,2752065506,2752065506
2025-06-19 08:36:50,REAL,2752065506,10254,2752075760,2752075760
2025-06-19 08:36:52,REAL,2752075760,10249,2752086009,2752086009
2025-06-19 08:36:54,REAL,2752086009,10244,2752096253,2752096253
2025-06-19 08:36:56,REAL,2752096253,10321,2752106574,2752106574
2025-06-19 08:36:58,REAL,2752106574,6820,2752113394,2752113394
2025-06-19 08:37:00,REAL,2752113394,483,2752113877,2752113877
2025-06-19 08:37:02,REAL,2752113877,480,2752114357,2752114357
2025-06-19 08:37:04,REAL,2752114357,483,2752114840,2752114840
2025-06-19 08:37:06,REAL,2752114840,484,2752115324,2752115324
2025-06-19 08:37:08,REAL,2752115324,480,2752115804,2752115804
2025-06-19 08:37:10,REAL,2752115804,485,2752116289,2752116289
2025-06-19 08:37:12,REAL,2752116289,481,2752116770,2752116770
2025-06-19 08:37:14,REAL,2752116770,5369,2752122139,2752122139
2025-06-19 08:37:16,REAL,2752122139,13745,2752135884,2752135884
2025-06-19 08:37:18,REAL,2752135884,10316,2752146200,2752146200
2025-06-19 08:37:20,REAL,2752146200,10252,2752156452,2752156452
2025-06-19 08:37:22,REAL,2752156452,10317,2752166769,2752166769
2025-06-19 08:37:24,REAL,2752166769,10261,2752177030,2752177030
2025-06-19 08:37:26,REAL,2752177030,10257,2752187287,2752187287
2025-06-19 08:37:28,REAL,2752187287,10313,2752197600,2752197600
2025-06-19 08:37:30,REAL,2752197600,1602,2752199202,2752199202
2025-06-19 08:37:32,REAL,2752199202,484,2752199686,2752199686
2025-06-19 08:37:34,REAL,2752199686,486,2752200172,2752200172
2025-06-19 08:37:36,REAL,2752200172,484,2752200656,2752200656
2025-06-19 08:37:38,REAL,2752200656,490,2752201146,2752201146
2025-06-19 08:37:40,REAL,2752201146,542,2752201688,2752201688
2025-06-19 08:37:42,REAL,2752201688,487,2752202175,2752202175
2025-06-19 08:37:44,REAL,2752202175,491,2752202666,2752202666
2025-06-19 08:37:46,REAL,2752202666,485,2752203151,2752203151
2025-06-19 08:37:48,REAL,2752203151,486,2752203637,2752203637
2025-06-19 08:37:50,REAL,2752203637,485,2752204122,2752204122
2025-06-19 08:37:52,REAL,2752204122,491,2752204613,2752204613
2025-06-19 08:37:54,REAL,2752204613,484,2752205097,2752205097
2025-06-19 08:37:56,REAL,2752205097,488,2752205585,2752205585
2025-06-19 08:37:58,REAL,2752205585,481,2752206066,2752206066
2025-06-19 08:38:00,REAL,2752206066,538,2752206604,2752206604
2025-06-19 08:38:02,REAL,2752206604,485,2752207089,2752207089
2025-06-19 08:38:04,REAL,2752207089,537,2752207626,2752207626
2025-06-19 08:38:06,REAL,2752207626,483,2752208109,2752208109
2025-06-19 08:38:08,REAL,2752208109,490,2752208599,2752208599
2025-06-19 08:38:10,REAL,2752208599,482,2752209081,2752209081
2025-06-19 08:38:12,REAL,2752209081,479,2752209560,2752209560
2025-06-19 08:38:14,REAL,2752209560,490,2752210050,2752210050
2025-06-19 08:38:16,REAL,2752210050,484,2752210534,2752210534
2025-06-19 08:38:18,REAL,2752210534,485,2752211019,2752211019
2025-06-19 08:38:20,REAL,2752211019,486,2752211505,2752211505
2025-06-19 08:38:22,REAL,2752211505,488,2752211993,2752211993
2025-06-19 08:38:24,REAL,2752211993,486,2752212479,2752212479
2025-06-19 08:38:26,REAL,2752212479,485,2752212964,2752212964
2025-06-19 08:38:28,REAL,2752212964,479,2752213443,2752213443
2025-06-19 08:38:30,REAL,2752213443,490,2752213933,2752213933
2025-06-19 08:38:32,REAL,2752213933,539,2752214472,2752214472
2025-06-19 08:38:34,REAL,2752214472,489,2752214961,2752214961
2025-06-19 08:38:36,REAL,2752214961,481,2752215442,2752215442
2025-06-19 08:38:38,REAL,2752215442,481,2752215923,2752215923
2025-06-19 08:38:40,REAL,2752215923,485,2752216408,2752216408
2025-06-19 08:38:42,REAL,2752216408,483,2752216891,2752216891
2025-06-19 08:38:44,REAL,2752216891,549,2752217440,2752217440
2025-06-19 08:38:46,REAL,2752217440,480,2752217920,2752217920
2025-06-19 08:38:48,REAL,2752217920,486,2752218406,2752218406
2025-06-19 08:38:50,REAL,2752218406,484,2752218890,2752218890
2025-06-19 08:38:52,REAL,2752218890,494,2752219384,2752219384
2025-06-19 08:38:54,REAL,2752219384,487,2752219871,2752219871
2025-06-19 08:38:56,REAL,2752219871,485,2752220356,2752220356
2025-06-19 08:38:58,REAL,2752220356,539,2752220895,2752220895
2025-06-19 08:39:00,REAL,2752220895,483,2752221378,2752221378
2025-06-19 08:39:02,REAL,2752221378,484,2752221862,2752221862
2025-06-19 08:39:04,REAL,2752221862,478,2752222340,2752222340
2025-06-19 08:39:06,REAL,2752222340,487,2752222827,2752222827
2025-06-19 08:39:08,REAL,2752222827,479,2752223306,2752223306
2025-06-19 08:39:10,REAL,2752223306,485,2752223791,2752223791
2025-06-19 08:39:12,REAL,2752223791,485,2752224276,2752224276
2025-06-19 08:39:14,REAL,2752224276,483,2752224759,2752224759
2025-06-19 08:39:16,REAL,2752224759,483,2752225242,2752225242
2025-06-19 08:39:18,REAL,2752225242,484,2752225726,2752225726
2025-06-19 08:39:20,REAL,2752225726,490,2752226216,2752226216
2025-06-19 08:39:22,REAL,2752226216,539,2752226755,2752226755
2025-06-19 08:39:24,REAL,2752226755,480,2752227235,2752227235
2025-06-19 08:39:26,REAL,2752227235,485,2752227720,2752227720
2025-06-19 08:39:28,REAL,2752227720,480,2752228200,2752228200
2025-06-19 08:39:30,REAL,2752228200,531,2752228731,2752228731
2025-06-19 08:39:32,REAL,2752228731,488,2752229219,2752229219
2025-06-19 08:39:34,REAL,2752229219,475,2752229694,2752229694
2025-06-19 08:39:36,REAL,2752229694,487,2752230181,2752230181
2025-06-19 08:39:38,REAL,2752230181,484,2752230665,2752230665
2025-06-19 08:39:40,REAL,2752230665,492,2752231157,2752231157
2025-06-19 08:39:42,REAL,2752231157,484,2752231641,2752231641
2025-06-19 08:39:44,REAL,2752231641,476,2752232117,2752232117
2025-06-19 08:39:46,REAL,2752232117,487,2752232604,2752232604
2025-06-19 08:39:48,REAL,2752232604,486,2752233090,2752233090
2025-06-19 08:39:50,REAL,2752233090,478,2752233568,2752233568
2025-06-19 08:39:52,REAL,2752233568,482,2752234050,2752234050
2025-06-19 08:39:54,REAL,2752234050,492,2752234542,2752234542
2025-06-19 08:39:56,REAL,2752234542,546,2752235088,2752235088
2025-06-19 08:39:58,REAL,2752235088,481,2752235569,2752235569
2025-06-19 08:40:00,REAL,2752235569,485,2752236054,2752236054
2025-06-19 08:40:02,REAL,2752236054,482,2752236536,2752236536
2025-06-19 08:40:04,REAL,2752236536,488,2752237024,2752237024
2025-06-19 08:40:06,REAL,2752237024,490,2752237514,2752237514
2025-06-19 08:40:08,REAL,2752237514,477,2752237991,2752237991
2025-06-19 08:40:10,REAL,2752237991,482,2752238473,2752238473
2025-06-19 08:40:12,REAL,2752238473,489,2752238962,2752238962
2025-06-19 08:40:14,REAL,2752238962,548,2752239510,2752239510
2025-06-19 08:40:16,REAL,2752239510,485,2752239995,2752239995
2025-06-19 08:40:18,REAL,2752239995,484,2752240479,2752240479
2025-06-19 08:40:20,REAL,2752240479,477,2752240956,2752240956
2025-06-19 08:40:22,REAL,2752240956,477,2752241433,2752241433
2025-06-19 08:40:24,REAL,2752241433,490,2752241923,2752241923
2025-06-19 08:40:26,REAL,2752241923,489,2752242412,2752242412
2025-06-19 08:40:28,REAL,2752242412,544,2752242956,2752242956
2025-06-19 08:40:30,REAL,2752242956,479,2752243435,2752243435
2025-06-19 08:40:32,REAL,2752243435,479,2752243914,2752243914
2025-06-19 08:40:34,REAL,2752243914,484,2752244398,2752244398
2025-06-19 08:40:36,REAL,2752244398,485,2752244883,2752244883
2025-06-19 08:40:38,REAL,2752244883,483,2752245366,2752245366
2025-06-19 08:40:40,REAL,2752245366,487,2752245853,2752245853
2025-06-19 08:40:42,REAL,2752245853,487,2752246340,2752246340
2025-06-19 08:40:44,REAL,2752246340,485,2752246825,2752246825
2025-06-19 08:40:46,REAL,2752246825,481,2752247306,2752247306
2025-06-19 08:40:48,REAL,2752247306,488,2752247794,2752247794
2025-06-19 08:40:50,REAL,2752247794,481,2752248275,2752248275
2025-06-19 08:40:52,REAL,2752248275,481,2752248756,2752248756
2025-06-19 08:40:54,REAL,2752248756,481,2752249237,2752249237
2025-06-19 08:40:56,REAL,2752249237,486,2752249723,2752249723
2025-06-19 08:40:58,REAL,2752249723,544,2752250267,2752250267
2025-06-19 08:41:00,REAL,2752250267,547,2752250814,2752250814
2025-06-19 08:41:02,REAL,2752250814,480,2752251294,2752251294
2025-06-19 08:41:04,REAL,2752251294,476,2752251770,2752251770
2025-06-19 08:41:06,REAL,2752251770,487,2752252257,2752252257
2025-06-19 08:41:08,REAL,2752252257,486,2752252743,2752252743
2025-06-19 08:41:10,REAL,2752252743,483,2752253226,2752253226
2025-06-19 08:41:12,REAL,2752253226,477,2752253703,2752253703
2025-06-19 08:41:14,REAL,2752253703,481,2752254184,2752254184
2025-06-19 08:41:16,REAL,2752254184,474,2752254658,2752254658
2025-06-19 08:41:18,REAL,2752254658,484,2752255142,2752255142
2025-06-19 08:41:20,REAL,2752255142,490,2752255632,2752255632
2025-06-19 08:41:22,REAL,2752255632,488,2752256120,2752256120
2025-06-19 08:41:24,REAL,2752256120,479,2752256599,2752256599
2025-06-19 08:41:26,REAL,2752256599,482,2752257081,2752257081
2025-06-19 08:41:28,REAL,2752257081,484,2752257565,2752257565
2025-06-19 08:41:30,REAL,2752257565,543,2752258108,2752258108
2025-06-19 08:41:32,REAL,2752258108,481,2752258589,2752258589
2025-06-19 08:41:34,REAL,2752258589,479,2752259068,2752259068
2025-06-19 08:41:36,REAL,2752259068,485,2752259553,2752259553
2025-06-19 08:41:38,REAL,2752259553,481,2752260034,2752260034
2025-06-19 08:41:40,REAL,2752260034,489,2752260523,2752260523
2025-06-19 08:41:42,REAL,2752260523,481,2752261004,2752261004
2025-06-19 08:41:44,REAL,2752261004,542,2752261546,2752261546
2025-06-19 08:41:46,REAL,2752261546,490,2752262036,2752262036
2025-06-19 08:41:48,REAL,2752262036,480,2752262516,2752262516
2025-06-19 08:41:50,REAL,2752262516,493,2752263009,2752263009
2025-06-19 08:41:52,REAL,2752263009,478,2752263487,2752263487
2025-06-19 08:41:54,REAL,2752263487,490,2752263977,2752263977
2025-06-19 08:41:56,REAL,2752263977,484,2752264461,2752264461
2025-06-19 08:41:58,REAL,2752264461,483,2752264944,2752264944
2025-06-19 08:42:00,REAL,2752264944,479,2752265423,2752265423
2025-06-19 08:42:02,REAL,2752265423,545,2752265968,2752265968
2025-06-19 08:42:04,REAL,2752265968,491,2752266459,2752266459
2025-06-19 08:42:06,REAL,2752266459,485,2752266944,2752266944
2025-06-19 08:42:08,REAL,2752266944,486,2752267430,2752267430
2025-06-19 08:42:10,REAL,2752267430,535,2752267965,2752267965
2025-06-19 08:42:12,REAL,2752267965,492,2752268457,2752268457
2025-06-19 08:42:14,REAL,2752268457,484,2752268941,2752268941
2025-06-19 08:42:16,REAL,2752268941,484,2752269425,2752269425
2025-06-19 08:42:18,REAL,2752269425,484,2752269909,2752269909
2025-06-19 08:42:20,REAL,2752269909,487,2752270396,2752270396
2025-06-19 08:42:22,REAL,2752270396,482,2752270878,2752270878
2025-06-19 08:42:24,REAL,2752270878,487,2752271365,2752271365
2025-06-19 08:42:26,REAL,2752271365,478,2752271843,2752271843
2025-06-19 08:42:28,REAL,2752271843,487,2752272330,2752272330
2025-06-19 08:42:30,REAL,2752272330,478,2752272808,2752272808
2025-06-19 08:42:32,REAL,2752272808,541,2752273349,2752273349
2025-06-19 08:42:34,REAL,2752273349,532,2752273881,2752273881
2025-06-19 08:42:36,REAL,2752273881,487,2752274368,2752274368
2025-06-19 08:42:38,REAL,2752274368,476,2752274844,2752274844
2025-06-19 08:42:40,REAL,2752274844,485,2752275329,2752275329
2025-06-19 08:42:42,REAL,2752275329,485,2752275814,2752275814
2025-06-19 08:42:44,REAL,2752275814,489,2752276303,2752276303
2025-06-19 08:42:46,REAL,2752276303,484,2752276787,2752276787
2025-06-19 08:42:48,REAL,2752276787,482,2752277269,2752277269
2025-06-19 08:42:50,REAL,2752277269,488,2752277757,2752277757
2025-06-19 08:42:52,REAL,2752277757,11703,2752289460,2752289460
2025-06-19 08:42:54,REAL,2752289460,10320,2752299780,2752299780
2025-06-19 08:42:56,REAL,2752299780,10245,2752310025,2752310025
2025-06-19 08:42:58,REAL,2752310025,10256,2752320281,2752320281
2025-06-19 08:43:00,REAL,2752320281,10316,2752330597,2752330597
2025-06-19 08:43:02,REAL,2752330597,10248,2752340845,2752340845
2025-06-19 08:43:04,REAL,2752340845,10308,2752351153,2752351153
2025-06-19 08:43:06,REAL,2752351153,5889,2752357042,2752357042
2025-06-19 08:43:08,REAL,2752357042,488,2752357530,2752357530
2025-06-19 08:43:10,REAL,2752357530,483,2752358013,2752358013
2025-06-19 08:43:12,REAL,2752358013,490,2752358503,2752358503
2025-06-19 08:43:14,REAL,2752358503,542,2752359045,2752359045
2025-06-19 08:43:16,REAL,2752359045,486,2752359531,2752359531
2025-06-19 08:43:18,REAL,2752359531,483,2752360014,2752360014
2025-06-19 08:43:20,REAL,2752360014,486,2752360500,2752360500
2025-06-19 08:43:22,REAL,2752360500,487,2752360987,2752360987
2025-06-19 08:43:24,REAL,2752360987,12570,2752373557,2752373557
2025-06-19 08:43:26,REAL,2752373557,10256,2752383813,2752383813
2025-06-19 08:43:28,REAL,2752383813,10258,2752394071,2752394071
2025-06-19 08:43:30,REAL,2752394071,10245,2752404316,2752404316
2025-06-19 08:43:32,REAL,2752404316,10246,2752414562,2752414562
2025-06-19 08:43:34,REAL,2752414562,10325,2752424887,2752424887
2025-06-19 08:43:36,REAL,2752424887,10244,2752435131,2752435131
2025-06-19 08:43:38,REAL,2752435131,5306,2752440437,2752440437
2025-06-19 08:43:40,REAL,2752440437,488,2752440925,2752440925
2025-06-19 08:43:42,REAL,2752440925,484,2752441409,2752441409
2025-06-19 08:43:44,REAL,2752441409,486,2752441895,2752441895
2025-06-19 08:43:46,REAL,2752441895,535,2752442430,2752442430
2025-06-19 08:43:48,REAL,2752442430,485,2752442915,2752442915
2025-06-19 08:43:50,REAL,2752442915,479,2752443394,2752443394
2025-06-19 08:43:52,REAL,2752443394,483,2752443877,2752443877
2025-06-19 08:43:54,REAL,2752443877,1155,2752445032,2752445032
2025-06-19 08:43:56,REAL,2752445032,14020,2752459052,2752459052
2025-06-19 08:43:58,REAL,2752459052,10323,2752469375,2752469375
2025-06-19 08:44:00,REAL,2752469375,10250,2752479625,2752479625
2025-06-19 08:44:02,REAL,2752479625,10255,2752489880,2752489880
2025-06-19 08:44:04,REAL,2752489880,10320,2752500200,2752500200
2025-06-19 08:44:06,REAL,2752500200,10307,2752510507,2752510507
2025-06-19 08:44:08,REAL,2752510507,10314,2752520821,2752520821
2025-06-19 08:44:10,REAL,2752520821,4574,2752525395,2752525395
2025-06-19 08:44:12,REAL,2752525395,478,2752525873,2752525873
2025-06-19 08:44:14,REAL,2752525873,485,2752526358,2752526358
2025-06-19 08:44:16,REAL,2752526358,481,2752526839,2752526839
2025-06-19 08:44:18,REAL,2752526839,549,2752527388,2752527388
2025-06-19 08:44:20,REAL,2752527388,484,2752527872,2752527872
2025-06-19 08:44:22,REAL,2752527872,479,2752528351,2752528351
2025-06-19 08:44:24,REAL,2752528351,483,2752528834,2752528834
2025-06-19 08:44:26,REAL,2752528834,1819,2752530653,2752530653
2025-06-19 08:44:28,REAL,2752530653,11572,2752542225,2752542225
2025-06-19 08:44:30,REAL,2752542225,10251,2752552476,2752552476
2025-06-19 08:44:32,REAL,2752552476,10253,2752562729,2752562729
2025-06-19 08:44:34,REAL,2752562729,10259,2752572988,2752572988
2025-06-19 08:44:36,REAL,2752572988,10252,2752583240,2752583240
2025-06-19 08:44:38,REAL,2752583240,10382,2752593622,2752593622
2025-06-19 08:44:40,REAL,2752593622,10259,2752603881,2752603881
2025-06-19 08:44:42,REAL,2752603881,3981,2752607862,2752607862
2025-06-19 08:44:44,REAL,2752607862,478,2752608340,2752608340
2025-06-19 08:44:46,REAL,2752608340,484,2752608824,2752608824
2025-06-19 08:44:48,REAL,2752608824,481,2752609305,2752609305
2025-06-19 08:44:50,REAL,2752609305,540,2752609845,2752609845
2025-06-19 08:44:52,REAL,2752609845,486,2752610331,2752610331
2025-06-19 08:44:54,REAL,2752610331,483,2752610814,2752610814
2025-06-19 08:44:56,REAL,2752610814,487,2752611301,2752611301
2025-06-19 08:44:58,REAL,2752611301,2675,2752613976,2752613976
2025-06-19 08:45:00,REAL,2752613976,11826,2752625802,2752625802
2025-06-19 08:45:02,REAL,2752625802,10314,2752636116,2752636116
2025-06-19 08:45:04,REAL,2752636116,10255,2752646371,2752646371
2025-06-19 08:45:06,REAL,2752646371,10257,2752656628,2752656628
2025-06-19 08:45:08,REAL,2752656628,10246,2752666874,2752666874
2025-06-19 08:45:10,REAL,2752666874,10312,2752677186,2752677186
2025-06-19 08:45:12,REAL,2752677186,10252,2752687438,2752687438
2025-06-19 08:45:14,REAL,2752687438,3387,2752690825,2752690825
2025-06-19 08:45:16,REAL,2752690825,491,2752691316,2752691316
2025-06-19 08:45:18,REAL,2752691316,486,2752691802,2752691802
2025-06-19 08:45:20,REAL,2752691802,490,2752692292,2752692292
2025-06-19 08:45:22,REAL,2752692292,544,2752692836,2752692836
2025-06-19 08:45:24,REAL,2752692836,543,2752693379,2752693379
2025-06-19 08:45:26,REAL,2752693379,484,2752693863,2752693863
2025-06-19 08:45:28,REAL,2752693863,483,2752694346,2752694346
2025-06-19 08:45:30,REAL,2752694346,3274,2752697620,2752697620
2025-06-19 08:45:32,REAL,2752697620,11834,2752709454,2752709454
2025-06-19 08:45:34,REAL,2752709454,10252,2752719706,2752719706
2025-06-19 08:45:36,REAL,2752719706,10319,2752730025,2752730025
2025-06-19 08:45:38,REAL,2752730025,10260,2752740285,2752740285
2025-06-19 08:45:40,REAL,2752740285,10328,2752750613,2752750613
2025-06-19 08:45:42,REAL,2752750613,10256,2752760869,2752760869
2025-06-19 08:45:44,REAL,2752760869,10323,2752771192,2752771192
2025-06-19 08:45:46,REAL,2752771192,2788,2752773980,2752773980
2025-06-19 08:45:48,REAL,2752773980,475,2752774455,2752774455
2025-06-19 08:45:50,REAL,2752774455,487,2752774942,2752774942
2025-06-19 08:45:52,REAL,2752774942,485,2752775427,2752775427
2025-06-19 08:45:54,REAL,2752775427,540,2752775967,2752775967
2025-06-19 08:45:56,REAL,2752775967,482,2752776449,2752776449
2025-06-19 08:45:58,REAL,2752776449,493,2752776942,2752776942
2025-06-19 08:46:00,REAL,2752776942,480,2752777422,2752777422
2025-06-19 08:46:02,REAL,2752777422,4386,2752781808,2752781808
2025-06-19 08:46:04,REAL,2752781808,14938,2752796746,2752796746
2025-06-19 08:46:06,REAL,2752796746,10251,2752806997,2752806997
2025-06-19 08:46:08,REAL,2752806997,10306,2752817303,2752817303
2025-06-19 08:46:10,REAL,2752817303,10315,2752827618,2752827618
2025-06-19 08:46:12,REAL,2752827618,10253,2752837871,2752837871
2025-06-19 08:46:14,REAL,2752837871,10256,2752848127,2752848127
2025-06-19 08:46:16,REAL,2752848127,10321,2752858448,2752858448
2025-06-19 08:46:18,REAL,2752858448,2139,2752860587,2752860587
2025-06-19 08:46:20,REAL,2752860587,487,2752861074,2752861074
2025-06-19 08:46:22,REAL,2752861074,481,2752861555,2752861555
2025-06-19 08:46:24,REAL,2752861555,485,2752862040,2752862040
2025-06-19 08:46:26,REAL,2752862040,538,2752862578,2752862578
2025-06-19 08:46:28,REAL,2752862578,491,2752863069,2752863069
2025-06-19 08:46:30,REAL,2752863069,538,2752863607,2752863607
2025-06-19 08:46:32,REAL,2752863607,478,2752864085,2752864085
2025-06-19 08:46:34,REAL,2752864085,4984,2752869069,2752869069
2025-06-19 08:46:36,REAL,2752869069,11370,2752880439,2752880439
2025-06-19 08:46:38,REAL,2752880439,10252,2752890691,2752890691
2025-06-19 08:46:40,REAL,2752890691,10250,2752900941,2752900941
2025-06-19 08:46:42,REAL,2752900941,10258,2752911199,2752911199
2025-06-19 08:46:44,REAL,2752911199,10309,2752921508,2752921508
2025-06-19 08:46:46,REAL,2752921508,10248,2752931756,2752931756
2025-06-19 08:46:48,REAL,2752931756,10258,2752942014,2752942014
2025-06-19 08:46:50,REAL,2752942014,1483,2752943497,2752943497
2025-06-19 08:46:52,REAL,2752943497,538,2752944035,2752944035
2025-06-19 08:46:54,REAL,2752944035,487,2752944522,2752944522
2025-06-19 08:46:56,REAL,2752944522,489,2752945011,2752945011
2025-06-19 08:46:58,REAL,2752945011,477,2752945488,2752945488
2025-06-19 08:47:00,REAL,2752945488,544,2752946032,2752946032
2025-06-19 08:47:02,REAL,2752946032,481,2752946513,2752946513
2025-06-19 08:47:04,REAL,2752946513,479,2752946992,2752946992
2025-06-19 08:47:06,REAL,2752946992,481,2752947473,2752947473
2025-06-19 08:47:08,REAL,2752947473,484,2752947957,2752947957
2025-06-19 08:47:10,REAL,2752947957,489,2752948446,2752948446
2025-06-19 08:47:12,REAL,2752948446,486,2752948932,2752948932
2025-06-19 08:47:14,REAL,2752948932,484,2752949416,2752949416
2025-06-19 08:47:16,REAL,2752949416,542,2752949958,2752949958
2025-06-19 08:47:18,REAL,2752949958,489,2752950447,2752950447
2025-06-19 08:47:20,REAL,2752950447,482,2752950929,2752950929
2025-06-19 08:47:22,REAL,2752950929,482,2752951411,2752951411
2025-06-19 08:47:24,REAL,2752951411,545,2752951956,2752951956
2025-06-19 08:47:26,REAL,2752951956,493,2752952449,2752952449
2025-06-19 08:47:28,REAL,2752952449,479,2752952928,2752952928
2025-06-19 08:47:30,REAL,2752952928,489,2752953417,2752953417
2025-06-19 08:47:32,REAL,2752953417,484,2752953901,2752953901
2025-06-19 08:47:34,REAL,2752953901,484,2752954385,2752954385
2025-06-19 08:47:36,REAL,2752954385,490,2752954875,2752954875
2025-06-19 08:47:38,REAL,2752954875,543,2752955418,2752955418
2025-06-19 08:47:40,REAL,2752955418,488,2752955906,2752955906
2025-06-19 08:47:42,REAL,2752955906,483,2752956389,2752956389
2025-06-19 08:47:44,REAL,2752956389,483,2752956872,2752956872
2025-06-19 08:47:46,REAL,2752956872,241,2752957113,2752957113
2025-06-19 08:47:48,REAL,2752957113,486,2752957599,2752957599
2025-06-19 08:47:50,REAL,2752957599,490,2752958089,2752958089
2025-06-19 08:47:52,REAL,2752958089,542,2752958631,2752958631
2025-06-19 08:47:54,REAL,2752958631,477,2752959108,2752959108
2025-06-19 08:47:56,REAL,2752959108,481,2752959589,2752959589
2025-06-19 08:47:58,REAL,2752959589,487,2752960076,2752960076
2025-06-19 08:48:00,REAL,2752960076,538,2752960614,2752960614
2025-06-19 08:48:02,REAL,2752960614,486,2752961100,2752961100
2025-06-19 08:48:04,REAL,2752961100,482,2752961582,2752961582
2025-06-19 08:48:06,REAL,2752961582,493,2752962075,2752962075
2025-06-19 08:48:08,REAL,2752962075,478,2752962553,2752962553
2025-06-19 08:48:10,REAL,2752962553,485,2752963038,2752963038
2025-06-19 08:48:12,REAL,2752963038,481,2752963519,2752963519
2025-06-19 08:48:14,REAL,2752963519,483,2752964002,2752964002
2025-06-19 08:48:16,REAL,2752964002,482,2752964484,2752964484
2025-06-19 08:48:18,REAL,2752964484,549,2752965033,2752965033
2025-06-19 08:48:20,REAL,2752965033,478,2752965511,2752965511
2025-06-19 08:48:22,REAL,2752965511,485,2752965996,2752965996
2025-06-19 08:48:24,REAL,2752965996,535,2752966531,2752966531
2025-06-19 08:48:26,REAL,2752966531,477,2752967008,2752967008
2025-06-19 08:48:28,REAL,2752967008,478,2752967486,2752967486
2025-06-19 08:48:30,REAL,2752967486,486,2752967972,2752967972
2025-06-19 08:48:32,REAL,2752967972,488,2752968460,2752968460
2025-06-19 08:48:34,REAL,2752968460,484,2752968944,2752968944
2025-06-19 08:48:36,REAL,2752968944,489,2752969433,2752969433
2025-06-19 08:48:38,REAL,2752969433,483,2752969916,2752969916
2025-06-19 08:48:40,REAL,2752969916,489,2752970405,2752970405
2025-06-19 08:48:42,REAL,2752970405,480,2752970885,2752970885
2025-06-19 08:48:44,REAL,2752970885,487,2752971372,2752971372
2025-06-19 08:48:46,REAL,2752971372,598,2752971970,2752971970
2025-06-19 08:48:48,REAL,2752971970,485,2752972455,2752972455
2025-06-19 08:48:50,REAL,2752972455,483,2752972938,2752972938
2025-06-19 08:48:52,REAL,2752972938,479,2752973417,2752973417
2025-06-19 08:48:54,REAL,2752973417,482,2752973899,2752973899
2025-06-19 08:48:56,REAL,2752973899,478,2752974377,2752974377
2025-06-19 08:48:58,REAL,2752974377,482,2752974859,2752974859
2025-06-19 08:49:00,REAL,2752974859,485,2752975344,2752975344
2025-06-19 08:49:02,REAL,2752975344,482,2752975826,2752975826
2025-06-19 08:49:04,REAL,2752975826,485,2752976311,2752976311
2025-06-19 08:49:06,REAL,2752976311,476,2752976787,2752976787
2025-06-19 08:49:08,REAL,2752976787,533,2752977320,2752977320
2025-06-19 08:49:10,REAL,2752977320,490,2752977810,2752977810
2025-06-19 08:49:12,REAL,2752977810,540,2752978350,2752978350
2025-06-19 08:49:14,REAL,2752978350,490,2752978840,2752978840
2025-06-19 08:49:16,REAL,2752978840,486,2752979326,2752979326
2025-06-19 08:49:18,REAL,2752979326,488,2752979814,2752979814
2025-06-19 08:49:20,REAL,2752979814,485,2752980299,2752980299
2025-06-19 08:49:22,REAL,2752980299,480,2752980779,2752980779
2025-06-19 08:49:24,REAL,2752980779,481,2752981260,2752981260
2025-06-19 08:49:26,REAL,2752981260,484,2752981744,2752981744
2025-06-19 08:49:28,REAL,2752981744,484,2752982228,2752982228
2025-06-19 08:49:30,REAL,2752982228,548,2752982776,2752982776
2025-06-19 08:49:32,REAL,2752982776,484,2752983260,2752983260
2025-06-19 08:49:34,REAL,2752983260,481,2752983741,2752983741
2025-06-19 08:49:36,REAL,2752983741,488,2752984229,2752984229
2025-06-19 08:49:38,REAL,2752984229,547,2752984776,2752984776
2025-06-19 08:49:40,REAL,2752984776,490,2752985266,2752985266
2025-06-19 08:49:42,REAL,2752985266,493,2752985759,2752985759
2025-06-19 08:49:44,REAL,2752985759,484,2752986243,2752986243
2025-06-19 08:49:46,REAL,2752986243,480,2752986723,2752986723
2025-06-19 08:49:48,REAL,2752986723,480,2752987203,2752987203
2025-06-19 08:49:50,REAL,2752987203,474,2752987677,2752987677
2025-06-19 08:49:52,REAL,2752987677,479,2752988156,2752988156
2025-06-19 08:49:54,REAL,2752988156,480,2752988636,2752988636
2025-06-19 08:49:56,REAL,2752988636,480,2752989116,2752989116
2025-06-19 08:49:58,REAL,2752989116,483,2752989599,2752989599
2025-06-19 08:50:00,REAL,2752989599,486,2752990085,2752990085
2025-06-19 08:50:02,REAL,2752990085,485,2752990570,2752990570
2025-06-19 08:50:04,REAL,2752990570,540,2752991110,2752991110
2025-06-19 08:50:06,REAL,2752991110,481,2752991591,2752991591
2025-06-19 08:50:08,REAL,2752991591,486,2752992077,2752992077
2025-06-19 08:50:10,REAL,2752992077,480,2752992557,2752992557
2025-06-19 08:50:12,REAL,2752992557,541,2752993098,2752993098
2025-06-19 08:50:14,REAL,2752993098,478,2752993576,2752993576
2025-06-19 08:50:16,REAL,2752993576,489,2752994065,2752994065
2025-06-19 08:50:18,REAL,2752994065,477,2752994542,2752994542
2025-06-19 08:50:20,REAL,2752994542,482,2752995024,2752995024
2025-06-19 08:50:22,REAL,2752995024,489,2752995513,2752995513
2025-06-19 08:50:24,REAL,2752995513,484,2752995997,2752995997
2025-06-19 08:50:26,REAL,2752995997,485,2752996482,2752996482
2025-06-19 08:50:28,REAL,2752996482,487,2752996969,2752996969
2025-06-19 08:50:30,REAL,2752996969,491,2752997460,2752997460
2025-06-19 08:50:32,REAL,2752997460,539,2752997999,2752997999
2025-06-19 08:50:34,REAL,2752997999,492,2752998491,2752998491
2025-06-19 08:50:36,REAL,2752998491,487,2752998978,2752998978
2025-06-19 08:50:38,REAL,2752998978,483,2752999461,2752999461
2025-06-19 08:50:40,REAL,2752999461,482,2752999943,2752999943
2025-06-19 08:50:42,REAL,2752999943,478,2753000421,2753000421
2025-06-19 08:50:44,REAL,2753000421,485,2753000906,2753000906
2025-06-19 08:50:46,REAL,2753000906,479,2753001385,2753001385
2025-06-19 08:50:48,REAL,2753001385,493,2753001878,2753001878
2025-06-19 08:50:50,REAL,2753001878,485,2753002363,2753002363
2025-06-19 08:50:52,REAL,2753002363,545,2753002908,2753002908
2025-06-19 08:50:54,REAL,2753002908,5697,2753008605,2753008605
2025-06-19 08:50:56,REAL,2753008605,13751,2753022356,2753022356
2025-06-19 08:50:58,REAL,2753022356,10252,2753032608,2753032608
2025-06-19 08:51:00,REAL,2753032608,10252,2753042860,2753042860
2025-06-19 08:51:02,REAL,2753042860,10316,2753053176,2753053176
2025-06-19 08:51:04,REAL,2753053176,10262,2753063438,2753063438
2025-06-19 08:51:06,REAL,2753063438,10248,2753073686,2753073686
2025-06-19 08:51:08,REAL,2753073686,10254,2753083940,2753083940
2025-06-19 08:51:10,REAL,2753083940,1404,2753085344,2753085344
2025-06-19 08:51:12,REAL,2753085344,480,2753085824,2753085824
2025-06-19 08:51:14,REAL,2753085824,489,2753086313,2753086313
2025-06-19 08:51:16,REAL,2753086313,491,2753086804,2753086804
2025-06-19 08:51:18,REAL,2753086804,491,2753087295,2753087295
2025-06-19 08:51:20,REAL,2753087295,543,2753087838,2753087838
2025-06-19 08:51:22,REAL,2753087838,479,2753088317,2753088317
2025-06-19 08:51:24,REAL,2753088317,483,2753088800,2753088800
2025-06-19 08:51:26,REAL,2753088800,485,2753089285,2753089285
2025-06-19 08:51:28,REAL,2753089285,486,2753089771,2753089771
2025-06-19 08:51:30,REAL,2753089771,483,2753090254,2753090254
2025-06-19 08:51:32,REAL,2753090254,482,2753090736,2753090736
2025-06-19 08:51:34,REAL,2753090736,541,2753091277,2753091277
2025-06-19 08:51:36,REAL,2753091277,492,2753091769,2753091769
2025-06-19 08:51:38,REAL,2753091769,489,2753092258,2753092258
2025-06-19 08:51:40,REAL,2753092258,481,2753092739,2753092739
2025-06-19 08:51:42,REAL,2753092739,485,2753093224,2753093224
2025-06-19 08:51:44,REAL,2753093224,479,2753093703,2753093703
2025-06-19 08:51:46,REAL,2753093703,481,2753094184,2753094184
2025-06-19 08:51:48,REAL,2753094184,476,2753094660,2753094660
2025-06-19 08:51:50,REAL,2753094660,484,2753095144,2753095144
2025-06-19 08:51:52,REAL,2753095144,482,2753095626,2753095626
2025-06-19 08:51:54,REAL,2753095626,480,2753096106,2753096106
2025-06-19 08:51:56,REAL,2753096106,492,2753096598,2753096598
2025-06-19 08:51:58,REAL,2753096598,488,2753097086,2753097086
2025-06-19 08:52:00,REAL,2753097086,485,2753097571,2753097571
2025-06-19 08:52:02,REAL,2753097571,487,2753098058,2753098058
2025-06-19 08:52:04,REAL,2753098058,477,2753098535,2753098535
2025-06-19 08:52:06,REAL,2753098535,476,2753099011,2753099011
2025-06-19 08:52:08,REAL,2753099011,491,2753099502,2753099502
2025-06-19 08:52:10,REAL,2753099502,542,2753100044,2753100044
2025-06-19 08:52:12,REAL,2753100044,486,2753100530,2753100530
2025-06-19 08:52:14,REAL,2753100530,541,2753101071,2753101071
2025-06-19 08:52:16,REAL,2753101071,489,2753101560,2753101560
2025-06-19 08:52:18,REAL,2753101560,483,2753102043,2753102043
2025-06-19 08:52:20,REAL,2753102043,486,2753102529,2753102529
2025-06-19 08:52:22,REAL,2753102529,484,2753103013,2753103013
2025-06-19 08:52:24,REAL,2753103013,493,2753103506,2753103506
2025-06-19 08:52:26,REAL,2753103506,486,2753103992,2753103992
2025-06-19 08:52:28,REAL,2753103992,482,2753104474,2753104474
2025-06-19 08:52:30,REAL,2753104474,484,2753104958,2753104958
2025-06-19 08:52:32,REAL,2753104958,482,2753105440,2753105440
2025-06-19 08:52:34,REAL,2753105440,493,2753105933,2753105933
2025-06-19 08:52:36,REAL,2753105933,476,2753106409,2753106409
2025-06-19 08:52:38,REAL,2753106409,490,2753106899,2753106899
2025-06-19 08:52:40,REAL,2753106899,479,2753107378,2753107378
2025-06-19 08:52:42,REAL,2753107378,488,2753107866,2753107866
2025-06-19 08:52:44,REAL,2753107866,484,2753108350,2753108350
2025-06-19 08:52:46,REAL,2753108350,489,2753108839,2753108839
2025-06-19 08:52:48,REAL,2753108839,487,2753109326,2753109326
2025-06-19 08:52:50,REAL,2753109326,487,2753109813,2753109813
2025-06-19 08:52:52,REAL,2753109813,485,2753110298,2753110298
2025-06-19 08:52:54,REAL,2753110298,487,2753110785,2753110785
2025-06-19 08:52:56,REAL,2753110785,485,2753111270,2753111270
2025-06-19 08:52:58,REAL,2753111270,548,2753111818,2753111818
2025-06-19 08:53:00,REAL,2753111818,548,2753112366,2753112366
2025-06-19 08:53:02,REAL,2753112366,481,2753112847,2753112847
2025-06-19 08:53:04,REAL,2753112847,477,2753113324,2753113324
2025-06-19 08:53:06,REAL,2753113324,482,2753113806,2753113806
2025-06-19 08:53:08,REAL,2753113806,492,2753114298,2753114298
2025-06-19 08:53:10,REAL,2753114298,480,2753114778,2753114778
2025-06-19 08:53:12,REAL,2753114778,488,2753115266,2753115266
2025-06-19 08:53:14,REAL,2753115266,481,2753115747,2753115747
2025-06-19 08:53:16,REAL,2753115747,491,2753116238,2753116238
2025-06-19 08:53:18,REAL,2753116238,487,2753116725,2753116725
2025-06-19 08:53:20,REAL,2753116725,485,2753117210,2753117210
2025-06-19 08:53:22,REAL,2753117210,482,2753117692,2753117692
2025-06-19 08:53:24,REAL,2753117692,481,2753118173,2753118173
2025-06-19 08:53:26,REAL,2753118173,492,2753118665,2753118665
2025-06-19 08:53:28,REAL,2753118665,489,2753119154,2753119154
2025-06-19 08:53:30,REAL,2753119154,489,2753119643,2753119643
2025-06-19 08:53:32,REAL,2753119643,484,2753120127,2753120127
2025-06-19 08:53:34,REAL,2753120127,484,2753120611,2753120611
2025-06-19 08:53:36,REAL,2753120611,481,2753121092,2753121092
2025-06-19 08:53:38,REAL,2753121092,480,2753121572,2753121572
2025-06-19 08:53:40,REAL,2753121572,543,2753122115,2753122115
2025-06-19 08:53:42,REAL,2753122115,487,2753122602,2753122602
2025-06-19 08:53:44,REAL,2753122602,489,2753123091,2753123091
2025-06-19 08:53:46,REAL,2753123091,486,2753123577,2753123577
2025-06-19 08:53:48,REAL,2753123577,480,2753124057,2753124057
2025-06-19 08:53:50,REAL,2753124057,481,2753124538,2753124538
2025-06-19 08:53:52,REAL,2753124538,542,2753125080,2753125080
2025-06-19 08:53:54,REAL,2753125080,488,2753125568,2753125568
2025-06-19 08:53:56,REAL,2753125568,485,2753126053,2753126053
2025-06-19 08:53:58,REAL,2753126053,487,2753126540,2753126540
2025-06-19 08:54:00,REAL,2753126540,487,2753127027,2753127027
2025-06-19 08:54:02,REAL,2753127027,482,2753127509,2753127509
2025-06-19 08:54:04,REAL,2753127509,479,2753127988,2753127988
2025-06-19 08:54:06,REAL,2753127988,484,2753128472,2753128472
2025-06-19 08:54:08,REAL,2753128472,483,2753128955,2753128955
2025-06-19 08:54:10,REAL,2753128955,483,2753129438,2753129438
2025-06-19 08:54:12,REAL,2753129438,486,2753129924,2753129924
2025-06-19 08:54:14,REAL,2753129924,491,2753130415,2753130415
2025-06-19 08:54:16,REAL,2753130415,491,2753130906,2753130906
2025-06-19 08:54:18,REAL,2753130906,484,2753131390,2753131390
2025-06-19 08:54:20,REAL,2753131390,487,2753131877,2753131877
2025-06-19 08:54:22,REAL,2753131877,476,2753132353,2753132353
2025-06-19 08:54:24,REAL,2753132353,545,2753132898,2753132898
2025-06-19 08:54:26,REAL,2753132898,482,2753133380,2753133380
2025-06-19 08:54:28,REAL,2753133380,480,2753133860,2753133860
2025-06-19 08:54:30,REAL,2753133860,479,2753134339,2753134339
2025-06-19 08:54:32,REAL,2753134339,485,2753134824,2753134824
2025-06-19 08:54:34,REAL,2753134824,479,2753135303,2753135303
2025-06-19 08:54:36,REAL,2753135303,489,2753135792,2753135792
2025-06-19 08:54:38,REAL,2753135792,490,2753136282,2753136282
2025-06-19 08:54:40,REAL,2753136282,480,2753136762,2753136762
2025-06-19 08:54:42,REAL,2753136762,480,2753137242,2753137242
2025-06-19 08:54:44,REAL,2753137242,549,2753137791,2753137791
2025-06-19 08:54:46,REAL,2753137791,487,2753138278,2753138278
2025-06-19 08:54:48,REAL,2753138278,478,2753138756,2753138756
2025-06-19 08:54:50,REAL,2753138756,478,2753139234,2753139234
2025-06-19 08:54:52,REAL,2753139234,488,2753139722,2753139722
2025-06-19 08:54:54,REAL,2753139722,493,2753140215,2753140215
2025-06-19 08:54:56,REAL,2753140215,483,2753140698,2753140698
2025-06-19 08:54:58,REAL,2753140698,486,2753141184,2753141184
2025-06-19 08:55:00,REAL,2753141184,492,2753141676,2753141676
2025-06-19 08:55:02,REAL,2753141676,483,2753142159,2753142159
2025-06-19 08:55:04,REAL,2753142159,480,2753142639,2753142639
2025-06-19 08:55:06,REAL,2753142639,541,2753143180,2753143180
2025-06-19 08:55:08,REAL,2753143180,491,2753143671,2753143671
2025-06-19 08:55:10,REAL,2753143671,483,2753144154,2753144154
2025-06-19 08:55:12,REAL,2753144154,481,2753144635,2753144635
2025-06-19 08:55:14,REAL,2753144635,482,2753145117,2753145117
2025-06-19 08:55:16,REAL,2753145117,489,2753145606,2753145606
2025-06-19 08:55:18,REAL,2753145606,485,2753146091,2753146091
2025-06-19 08:55:20,REAL,2753146091,489,2753146580,2753146580
2025-06-19 08:55:22,REAL,2753146580,483,2753147063,2753147063
2025-06-19 08:55:24,REAL,2753147063,486,2753147549,2753147549
2025-06-19 08:55:26,REAL,2753147549,487,2753148036,2753148036
2025-06-19 08:55:28,REAL,2753148036,484,2753148520,2753148520
2025-06-19 08:55:30,REAL,2753148520,477,2753148997,2753148997
2025-06-19 08:55:32,REAL,2753148997,485,2753149482,2753149482
2025-06-19 08:55:34,REAL,2753149482,5382,2753154864,2753154864
2025-06-19 08:55:36,REAL,2753154864,11242,2753166106,2753166106
2025-06-19 08:55:38,REAL,2753166106,10255,2753176361,2753176361
2025-06-19 08:55:40,REAL,2753176361,10250,2753186611,2753186611
2025-06-19 08:55:42,REAL,2753186611,10312,2753196923,2753196923
2025-06-19 08:55:44,REAL,2753196923,10304,2753207227,2753207227
2025-06-19 08:55:46,REAL,2753207227,10253,2753217480,2753217480
2025-06-19 08:55:48,REAL,2753217480,10258,2753227738,2753227738
2025-06-19 08:55:50,REAL,2753227738,1408,2753229146,2753229146
2025-06-19 08:55:52,REAL,2753229146,479,2753229625,2753229625
2025-06-19 08:55:54,REAL,2753229625,483,2753230108,2753230108
2025-06-19 08:55:56,REAL,2753230108,484,2753230592,2753230592
2025-06-19 08:55:58,REAL,2753230592,485,2753231077,2753231077
2025-06-19 08:56:00,REAL,2753231077,481,2753231558,2753231558
2025-06-19 08:56:02,REAL,2753231558,487,2753232045,2753232045
2025-06-19 08:56:04,REAL,2753232045,485,2753232530,2753232530
2025-06-19 08:56:06,REAL,2753232530,490,2753233020,2753233020
2025-06-19 08:56:08,REAL,2753233020,488,2753233508,2753233508
2025-06-19 08:56:10,REAL,2753233508,486,2753233994,2753233994
2025-06-19 08:56:12,REAL,2753233994,483,2753234477,2753234477
2025-06-19 08:56:14,REAL,2753234477,484,2753234961,2753234961
2025-06-19 08:56:16,REAL,2753234961,486,2753235447,2753235447
2025-06-19 08:56:18,REAL,2753235447,481,2753235928,2753235928
2025-06-19 08:56:20,REAL,2753235928,539,2753236467,2753236467
2025-06-19 08:56:22,REAL,2753236467,476,2753236943,2753236943
2025-06-19 08:56:24,REAL,2753236943,476,2753237419,2753237419
2025-06-19 08:56:26,REAL,2753237419,538,2753237957,2753237957
2025-06-19 08:56:28,REAL,2753237957,487,2753238444,2753238444
2025-06-19 08:56:30,REAL,2753238444,482,2753238926,2753238926
2025-06-19 08:56:32,REAL,2753238926,482,2753239408,2753239408
2025-06-19 08:56:34,REAL,2753239408,482,2753239890,2753239890
2025-06-19 08:56:36,REAL,2753239890,487,2753240377,2753240377
2025-06-19 08:56:38,REAL,2753240377,477,2753240854,2753240854
2025-06-19 08:56:40,REAL,2753240854,475,2753241329,2753241329
2025-06-19 08:56:42,REAL,2753241329,618,2753241947,2753241947
2025-06-19 08:56:44,REAL,2753241947,11893,2753253840,2753253840
2025-06-19 08:56:46,REAL,2753253840,10318,2753264158,2753264158
2025-06-19 08:56:48,REAL,2753264158,10257,2753274415,2753274415
2025-06-19 08:56:50,REAL,2753274415,10318,2753284733,2753284733
2025-06-19 08:56:52,REAL,2753284733,10250,2753294983,2753294983
2025-06-19 08:56:54,REAL,2753294983,10314,2753305297,2753305297
2025-06-19 08:56:56,REAL,2753305297,10313,2753315610,2753315610
2025-06-19 08:56:58,REAL,2753315610,4976,2753320586,2753320586
2025-06-19 08:57:00,REAL,2753320586,477,2753321063,2753321063
2025-06-19 08:57:02,REAL,2753321063,484,2753321547,2753321547
2025-06-19 08:57:04,REAL,2753321547,487,2753322034,2753322034
2025-06-19 08:57:06,REAL,2753322034,488,2753322522,2753322522
2025-06-19 08:57:08,REAL,2753322522,483,2753323005,2753323005
2025-06-19 08:57:10,REAL,2753323005,488,2753323493,2753323493
2025-06-19 08:57:12,REAL,2753323493,483,2753323976,2753323976
2025-06-19 08:57:14,REAL,2753323976,479,2753324455,2753324455
2025-06-19 08:57:16,REAL,2753324455,486,2753324941,2753324941
2025-06-19 08:57:18,REAL,2753324941,482,2753325423,2753325423
2025-06-19 08:57:20,REAL,2753325423,480,2753325903,2753325903
2025-06-19 08:57:22,REAL,2753325903,531,2753326434,2753326434
2025-06-19 08:57:24,REAL,2753326434,478,2753326912,2753326912
2025-06-19 08:57:26,REAL,2753326912,483,2753327395,2753327395
2025-06-19 08:57:28,REAL,2753327395,481,2753327876,2753327876
2025-06-19 08:57:30,REAL,2753327876,490,2753328366,2753328366
2025-06-19 08:57:32,REAL,2753328366,487,2753328853,2753328853
2025-06-19 08:57:34,REAL,2753328853,548,2753329401,2753329401
2025-06-19 08:57:36,REAL,2753329401,486,2753329887,2753329887
2025-06-19 08:57:38,REAL,2753329887,485,2753330372,2753330372
2025-06-19 08:57:40,REAL,2753330372,481,2753330853,2753330853
2025-06-19 08:57:42,REAL,2753330853,493,2753331346,2753331346
2025-06-19 08:57:44,REAL,2753331346,486,2753331832,2753331832
2025-06-19 08:57:46,REAL,2753331832,475,2753332307,2753332307
2025-06-19 08:57:48,REAL,2753332307,475,2753332782,2753332782
2025-06-19 08:57:50,REAL,2753332782,482,2753333264,2753333264
2025-06-19 08:57:52,REAL,2753333264,486,2753333750,2753333750
2025-06-19 08:57:54,REAL,2753333750,490,2753334240,2753334240
2025-06-19 08:57:56,REAL,2753334240,491,2753334731,2753334731
2025-06-19 08:57:58,REAL,2753334731,480,2753335211,2753335211
2025-06-19 08:58:00,REAL,2753335211,485,2753335696,2753335696
2025-06-19 08:58:02,REAL,2753335696,3059,2753338755,2753338755
2025-06-19 08:58:04,REAL,2753338755,12041,2753350796,2753350796
2025-06-19 08:58:06,REAL,2753350796,10261,2753361057,2753361057
2025-06-19 08:58:08,REAL,2753361057,10250,2753371307,2753371307
2025-06-19 08:58:10,REAL,2753371307,10305,2753381612,2753381612
2025-06-19 08:58:12,REAL,2753381612,10252,2753391864,2753391864
2025-06-19 08:58:14,REAL,2753391864,10259,2753402123,2753402123
2025-06-19 08:58:16,REAL,2753402123,10248,2753412371,2753412371
2025-06-19 08:58:18,REAL,2753412371,3381,2753415752,2753415752
2025-06-19 08:58:20,REAL,2753415752,489,2753416241,2753416241
2025-06-19 08:58:22,REAL,2753416241,485,2753416726,2753416726
2025-06-19 08:58:24,REAL,2753416726,483,2753417209,2753417209
2025-06-19 08:58:26,REAL,2753417209,485,2753417694,2753417694
2025-06-19 08:58:28,REAL,2753417694,480,2753418174,2753418174
2025-06-19 08:58:30,REAL,2753418174,478,2753418652,2753418652
2025-06-19 08:58:32,REAL,2753418652,488,2753419140,2753419140
2025-06-19 08:58:34,REAL,2753419140,483,2753419623,2753419623
2025-06-19 08:58:36,REAL,2753419623,492,2753420115,2753420115
2025-06-19 08:58:38,REAL,2753420115,484,2753420599,2753420599
2025-06-19 08:58:40,REAL,2753420599,484,2753421083,2753421083
2025-06-19 08:58:42,REAL,2753421083,546,2753421629,2753421629
2025-06-19 08:58:44,REAL,2753421629,484,2753422113,2753422113
2025-06-19 08:58:46,REAL,2753422113,491,2753422604,2753422604
2025-06-19 08:58:48,REAL,2753422604,538,2753423142,2753423142
2025-06-19 08:58:50,REAL,2753423142,491,2753423633,2753423633
2025-06-19 08:58:52,REAL,2753423633,489,2753424122,2753424122
2025-06-19 08:58:54,REAL,2753424122,477,2753424599,2753424599
2025-06-19 08:58:56,REAL,2753424599,485,2753425084,2753425084
2025-06-19 08:58:58,REAL,2753425084,480,2753425564,2753425564
2025-06-19 08:59:00,REAL,2753425564,485,2753426049,2753426049
2025-06-19 08:59:02,REAL,2753426049,487,2753426536,2753426536
2025-06-19 08:59:04,REAL,2753426536,494,2753427030,2753427030
2025-06-19 08:59:06,REAL,2753427030,475,2753427505,2753427505
2025-06-19 08:59:08,REAL,2753427505,487,2753427992,2753427992
2025-06-19 08:59:10,REAL,2753427992,487,2753428479,2753428479
2025-06-19 08:59:12,REAL,2753428479,476,2753428955,2753428955
2025-06-19 08:59:14,REAL,2753428955,482,2753429437,2753429437
2025-06-19 08:59:16,REAL,2753429437,482,2753429919,2753429919
2025-06-19 08:59:18,REAL,2753429919,482,2753430401,2753430401
2025-06-19 08:59:20,REAL,2753430401,482,2753430883,2753430883
2025-06-19 08:59:22,REAL,2753430883,545,2753431428,2753431428
2025-06-19 08:59:24,REAL,2753431428,538,2753431966,2753431966
2025-06-19 08:59:26,REAL,2753431966,481,2753432447,2753432447
2025-06-19 08:59:28,REAL,2753432447,482,2753432929,2753432929
2025-06-19 08:59:30,REAL,2753432929,485,2753433414,2753433414
2025-06-19 08:59:32,REAL,2753433414,484,2753433898,2753433898
2025-06-19 08:59:34,REAL,2753433898,479,2753434377,2753434377
2025-06-19 08:59:36,REAL,2753434377,491,2753434868,2753434868
2025-06-19 08:59:38,REAL,2753434868,491,2753435359,2753435359
2025-06-19 08:59:40,REAL,2753435359,480,2753435839,2753435839
2025-06-19 08:59:42,REAL,2753435839,484,2753436323,2753436323
2025-06-19 08:59:44,REAL,2753436323,12436,2753448759,2753448759
2025-06-19 08:59:46,REAL,2753448759,10312,2753459071,2753459071
2025-06-19 08:59:48,REAL,2753459071,10256,2753469327,2753469327
2025-06-19 08:59:50,REAL,2753469327,10315,2753479642,2753479642
2025-06-19 08:59:52,REAL,2753479642,10254,2753489896,2753489896
2025-06-19 08:59:54,REAL,2753489896,10255,2753500151,2753500151
2025-06-19 08:59:56,REAL,2753500151,10254,2753510405,2753510405
2025-06-19 08:59:58,REAL,2753510405,6362,2753516767,2753516767
2025-06-19 09:00:00,REAL,2753516767,477,2753517244,2753517244
2025-06-19 09:00:02,REAL,2753517244,488,2753517732,2753517732
2025-06-19 09:00:04,REAL,2753517732,5634,2753523366,2753523366
2025-06-19 09:00:06,REAL,2753523366,10977,2753534343,2753534343
2025-06-19 09:00:08,REAL,2753534343,10256,2753544599,2753544599
2025-06-19 09:00:10,REAL,2753544599,10301,2753554900,2753554900
2025-06-19 09:00:12,REAL,2753554900,10323,2753565223,2753565223
2025-06-19 09:00:14,REAL,2753565223,10260,2753575483,2753575483
2025-06-19 09:00:16,REAL,2753575483,10253,2753585736,2753585736
2025-06-19 09:00:18,REAL,2753585736,10320,2753596056,2753596056
2025-06-19 09:00:20,REAL,2753596056,1083,2753597139,2753597139
2025-06-19 09:00:22,REAL,2753597139,479,2753597618,2753597618
2025-06-19 09:00:24,REAL,2753597618,483,2753598101,2753598101
2025-06-19 09:00:26,REAL,2753598101,479,2753598580,2753598580
2025-06-19 09:00:28,REAL,2753598580,490,2753599070,2753599070
2025-06-19 09:00:30,REAL,2753599070,480,2753599550,2753599550
2025-06-19 09:00:32,REAL,2753599550,484,2753600034,2753600034
2025-06-19 09:00:34,REAL,2753600034,480,2753600514,2753600514
2025-06-19 09:00:36,REAL,2753600514,483,2753600997,2753600997
2025-06-19 09:00:38,REAL,2753600997,480,2753601477,2753601477
2025-06-19 09:00:40,REAL,2753601477,489,2753601966,2753601966
2025-06-19 09:00:42,REAL,2753601966,477,2753602443,2753602443
2025-06-19 09:00:44,REAL,2753602443,536,2753602979,2753602979
2025-06-19 09:00:46,REAL,2753602979,484,2753603463,2753603463
2025-06-19 09:00:48,REAL,2753603463,491,2753603954,2753603954
2025-06-19 09:00:50,REAL,2753603954,482,2753604436,2753604436
2025-06-19 09:00:52,REAL,2753604436,484,2753604920,2753604920
2025-06-19 09:00:54,REAL,2753604920,539,2753605459,2753605459
2025-06-19 09:00:56,REAL,2753605459,565,2753606024,2753606024
2025-06-19 09:00:58,REAL,2753606024,12234,2753618258,2753618258
2025-06-19 09:01:00,REAL,2753618258,10324,2753628582,2753628582
2025-06-19 09:01:02,REAL,2753628582,10246,2753638828,2753638828
2025-06-19 09:01:04,REAL,2753638828,10249,2753649077,2753649077
2025-06-19 09:01:06,REAL,2753649077,10257,2753659334,2753659334
2025-06-19 09:01:08,REAL,2753659334,10324,2753669658,2753669658
2025-06-19 09:01:10,REAL,2753669658,10246,2753679904,2753679904
2025-06-19 09:01:12,REAL,2753679904,5039,2753684943,2753684943
2025-06-19 09:01:14,REAL,2753684943,493,2753685436,2753685436
2025-06-19 09:01:16,REAL,2753685436,474,2753685910,2753685910
2025-06-19 09:01:18,REAL,2753685910,490,2753686400,2753686400
2025-06-19 09:01:20,REAL,2753686400,483,2753686883,2753686883
2025-06-19 09:01:22,REAL,2753686883,488,2753687371,2753687371
2025-06-19 09:01:24,REAL,2753687371,486,2753687857,2753687857
2025-06-19 09:01:26,REAL,2753687857,484,2753688341,2753688341
2025-06-19 09:01:28,REAL,2753688341,486,2753688827,2753688827
2025-06-19 09:01:30,REAL,2753688827,489,2753689316,2753689316
2025-06-19 09:01:32,REAL,2753689316,483,2753689799,2753689799
2025-06-19 09:01:34,REAL,2753689799,492,2753690291,2753690291
2025-06-19 09:01:36,REAL,2753690291,546,2753690837,2753690837
2025-06-19 09:01:38,REAL,2753690837,489,2753691326,2753691326
2025-06-19 09:01:40,REAL,2753691326,543,2753691869,2753691869
2025-06-19 09:01:42,REAL,2753691869,492,2753692361,2753692361
2025-06-19 09:01:44,REAL,2753692361,490,2753692851,2753692851
2025-06-19 09:01:46,REAL,2753692851,486,2753693337,2753693337
2025-06-19 09:01:48,REAL,2753693337,476,2753693813,2753693813
2025-06-19 09:01:50,REAL,2753693813,483,2753694296,2753694296
2025-06-19 09:01:52,REAL,2753694296,487,2753694783,2753694783
2025-06-19 09:01:54,REAL,2753694783,486,2753695269,2753695269
2025-06-19 09:01:56,REAL,2753695269,487,2753695756,2753695756
2025-06-19 09:01:58,REAL,2753695756,485,2753696241,2753696241
2025-06-19 09:02:00,REAL,2753696241,489,2753696730,2753696730
2025-06-19 09:02:02,REAL,2753696730,489,2753697219,2753697219
2025-06-19 09:02:04,REAL,2753697219,484,2753697703,2753697703
2025-06-19 09:02:06,REAL,2753697703,474,2753698177,2753698177
2025-06-19 09:02:08,REAL,2753698177,483,2753698660,2753698660
2025-06-19 09:02:10,REAL,2753698660,484,2753699144,2753699144
2025-06-19 09:02:12,REAL,2753699144,485,2753699629,2753699629
2025-06-19 09:02:14,REAL,2753699629,486,2753700115,2753700115
2025-06-19 09:02:16,REAL,2753700115,487,2753700602,2753700602
2025-06-19 09:02:18,REAL,2753700602,542,2753701144,2753701144
2025-06-19 09:02:20,REAL,2753701144,482,2753701626,2753701626
2025-06-19 09:02:22,REAL,2753701626,487,2753702113,2753702113
2025-06-19 09:02:24,REAL,2753702113,475,2753702588,2753702588
2025-06-19 09:02:26,REAL,2753702588,536,2753703124,2753703124
2025-06-19 09:02:28,REAL,2753703124,481,2753703605,2753703605
2025-06-19 09:02:30,REAL,2753703605,488,2753704093,2753704093
2025-06-19 09:02:32,REAL,2753704093,478,2753704571,2753704571
2025-06-19 09:02:34,REAL,2753704571,481,2753705052,2753705052
2025-06-19 09:02:36,REAL,2753705052,483,2753705535,2753705535
2025-06-19 09:02:38,REAL,2753705535,487,2753706022,2753706022
2025-06-19 09:02:40,REAL,2753706022,479,2753706501,2753706501
2025-06-19 09:02:42,REAL,2753706501,487,2753706988,2753706988
2025-06-19 09:02:44,REAL,2753706988,485,2753707473,2753707473
2025-06-19 09:02:46,REAL,2753707473,479,2753707952,2753707952
2025-06-19 09:02:48,REAL,2753707952,481,2753708433,2753708433
2025-06-19 09:02:50,REAL,2753708433,482,2753708915,2753708915
2025-06-19 09:02:52,REAL,2753708915,484,2753709399,2753709399
2025-06-19 09:02:54,REAL,2753709399,483,2753709882,2753709882
2025-06-19 09:02:56,REAL,2753709882,479,2753710361,2753710361
2025-06-19 09:02:58,REAL,2753710361,487,2753710848,2753710848
2025-06-19 09:03:00,REAL,2753710848,487,2753711335,2753711335
2025-06-19 09:03:02,REAL,2753711335,538,2753711873,2753711873
2025-06-19 09:03:04,REAL,2753711873,482,2753712355,2753712355
2025-06-19 09:03:06,REAL,2753712355,478,2753712833,2753712833
2025-06-19 09:03:08,REAL,2753712833,481,2753713314,2753713314
2025-06-19 09:03:10,REAL,2753713314,536,2753713850,2753713850
2025-06-19 09:03:12,REAL,2753713850,485,2753714335,2753714335
2025-06-19 09:03:14,REAL,2753714335,485,2753714820,2753714820
2025-06-19 09:03:16,REAL,2753714820,477,2753715297,2753715297
2025-06-19 09:03:18,REAL,2753715297,483,2753715780,2753715780
2025-06-19 09:03:20,REAL,2753715780,483,2753716263,2753716263
2025-06-19 09:03:22,REAL,2753716263,485,2753716748,2753716748
2025-06-19 09:03:24,REAL,2753716748,479,2753717227,2753717227
2025-06-19 09:03:26,REAL,2753717227,487,2753717714,2753717714
2025-06-19 09:03:28,REAL,2753717714,490,2753718204,2753718204
2025-06-19 09:03:30,REAL,2753718204,485,2753718689,2753718689
2025-06-19 09:03:32,REAL,2753718689,484,2753719173,2753719173
2025-06-19 09:03:34,REAL,2753719173,482,2753719655,2753719655
2025-06-19 09:03:36,REAL,2753719655,482,2753720137,2753720137
2025-06-19 09:03:38,REAL,2753720137,480,2753720617,2753720617
2025-06-19 09:03:40,REAL,2753720617,481,2753721098,2753721098
2025-06-19 09:03:42,REAL,2753721098,482,2753721580,2753721580
2025-06-19 09:03:44,REAL,2753721580,481,2753722061,2753722061
2025-06-19 09:03:46,REAL,2753722061,485,2753722546,2753722546
2025-06-19 09:03:48,REAL,2753722546,539,2753723085,2753723085
2025-06-19 09:03:50,REAL,2753723085,482,2753723567,2753723567
2025-06-19 09:03:52,REAL,2753723567,480,2753724047,2753724047
2025-06-19 09:03:54,REAL,2753724047,479,2753724526,2753724526
2025-06-19 09:03:56,REAL,2753724526,532,2753725058,2753725058
2025-06-19 09:03:58,REAL,2753725058,488,2753725546,2753725546
2025-06-19 09:04:00,REAL,2753725546,488,2753726034,2753726034
2025-06-19 09:04:02,REAL,2753726034,487,2753726521,2753726521
2025-06-19 09:04:04,REAL,2753726521,490,2753727011,2753727011
2025-06-19 09:04:06,REAL,2753727011,480,2753727491,2753727491
2025-06-19 09:04:08,REAL,2753727491,493,2753727984,2753727984
2025-06-19 09:04:10,REAL,2753727984,488,2753728472,2753728472
2025-06-19 09:04:12,REAL,2753728472,483,2753728955,2753728955
2025-06-19 09:04:14,REAL,2753728955,489,2753729444,2753729444
2025-06-19 09:04:16,REAL,2753729444,478,2753729922,2753729922
2025-06-19 09:04:18,REAL,2753729922,486,2753730408,2753730408
2025-06-19 09:04:20,REAL,2753730408,483,2753730891,2753730891
2025-06-19 09:04:22,REAL,2753730891,494,2753731385,2753731385
2025-06-19 09:04:24,REAL,2753731385,481,2753731866,2753731866
2025-06-19 09:04:26,REAL,2753731866,484,2753732350,2753732350
2025-06-19 09:04:28,REAL,2753732350,240,2753732590,2753732590
2025-06-19 09:04:30,REAL,2753732590,484,2753733074,2753733074
2025-06-19 09:04:32,REAL,2753733074,482,2753733556,2753733556
2025-06-19 09:04:34,REAL,2753733556,536,2753734092,2753734092
2025-06-19 09:04:36,REAL,2753734092,485,2753734577,2753734577
2025-06-19 09:04:38,REAL,2753734577,482,2753735059,2753735059
2025-06-19 09:04:40,REAL,2753735059,11768,2753746827,2753746827
2025-06-19 09:04:42,REAL,2753746827,10319,2753757146,2753757146
2025-06-19 09:04:44,REAL,2753757146,10249,2753767395,2753767395
2025-06-19 09:04:46,REAL,2753767395,10251,2753777646,2753777646
2025-06-19 09:04:48,REAL,2753777646,10252,2753787898,2753787898
2025-06-19 09:04:50,REAL,2753787898,10317,2753798215,2753798215
2025-06-19 09:04:52,REAL,2753798215,11220,2753809435,2753809435
2025-06-19 09:04:54,REAL,2753809435,4932,2753814367,2753814367
2025-06-19 09:04:56,REAL,2753814367,486,2753814853,2753814853
2025-06-19 09:04:58,REAL,2753814853,483,2753815336,2753815336
2025-06-19 09:05:00,REAL,2753815336,480,2753815816,2753815816
2025-06-19 09:05:02,REAL,2753815816,483,2753816299,2753816299
2025-06-19 09:05:04,REAL,2753816299,478,2753816777,2753816777
2025-06-19 09:05:06,REAL,2753816777,480,2753817257,2753817257
2025-06-19 09:05:08,REAL,2753817257,484,2753817741,2753817741
2025-06-19 09:05:10,REAL,2753817741,483,2753818224,2753818224
2025-06-19 09:05:12,REAL,2753818224,478,2753818702,2753818702
2025-06-19 09:05:14,REAL,2753818702,484,2753819186,2753819186
2025-06-19 09:05:16,REAL,2753819186,550,2753819736,2753819736
2025-06-19 09:05:18,REAL,2753819736,477,2753820213,2753820213
2025-06-19 09:05:20,REAL,2753820213,481,2753820694,2753820694
2025-06-19 09:05:22,REAL,2753820694,487,2753821181,2753821181
2025-06-19 09:05:24,REAL,2753821181,545,2753821726,2753821726
2025-06-19 09:05:26,REAL,2753821726,484,2753822210,2753822210
2025-06-19 09:05:28,REAL,2753822210,477,2753822687,2753822687
2025-06-19 09:05:30,REAL,2753822687,484,2753823171,2753823171
2025-06-19 09:05:32,REAL,2753823171,487,2753823658,2753823658
2025-06-19 09:05:34,REAL,2753823658,485,2753824143,2753824143
2025-06-19 09:05:36,REAL,2753824143,479,2753824622,2753824622
2025-06-19 09:05:38,REAL,2753824622,486,2753825108,2753825108
2025-06-19 09:05:40,REAL,2753825108,488,2753825596,2753825596
2025-06-19 09:05:42,REAL,2753825596,487,2753826083,2753826083
2025-06-19 09:05:44,REAL,2753826083,485,2753826568,2753826568
2025-06-19 09:05:46,REAL,2753826568,491,2753827059,2753827059
2025-06-19 09:05:48,REAL,2753827059,475,2753827534,2753827534
2025-06-19 09:05:50,REAL,2753827534,535,2753828069,2753828069
2025-06-19 09:05:52,REAL,2753828069,479,2753828548,2753828548
2025-06-19 09:05:54,REAL,2753828548,478,2753829026,2753829026
2025-06-19 09:05:56,REAL,2753829026,486,2753829512,2753829512
2025-06-19 09:05:58,REAL,2753829512,1808,2753831320,2753831320
2025-06-19 09:06:00,REAL,2753831320,11563,2753842883,2753842883
2025-06-19 09:06:02,REAL,2753842883,10246,2753853129,2753853129
2025-06-19 09:06:04,REAL,2753853129,10310,2753863439,2753863439
2025-06-19 09:06:06,REAL,2753863439,10253,2753873692,2753873692
2025-06-19 09:06:08,REAL,2753873692,10322,2753884014,2753884014
2025-06-19 09:06:10,REAL,2753884014,10246,2753894260,2753894260
2025-06-19 09:06:12,REAL,2753894260,10248,2753904508,2753904508
2025-06-19 09:06:14,REAL,2753904508,4315,2753908823,2753908823
2025-06-19 09:06:16,REAL,2753908823,483,2753909306,2753909306
2025-06-19 09:06:18,REAL,2753909306,486,2753909792,2753909792
2025-06-19 09:06:20,REAL,2753909792,491,2753910283,2753910283
2025-06-19 09:06:22,REAL,2753910283,477,2753910760,2753910760
2025-06-19 09:06:24,REAL,2753910760,540,2753911300,2753911300
2025-06-19 09:06:26,REAL,2753911300,486,2753911786,2753911786
2025-06-19 09:06:28,REAL,2753911786,479,2753912265,2753912265
2025-06-19 09:06:30,REAL,2753912265,484,2753912749,2753912749
2025-06-19 09:06:32,REAL,2753912749,493,2753913242,2753913242
2025-06-19 09:06:34,REAL,2753913242,480,2753913722,2753913722
2025-06-19 09:06:36,REAL,2753913722,486,2753914208,2753914208
2025-06-19 09:06:38,REAL,2753914208,487,2753914695,2753914695
2025-06-19 09:06:40,REAL,2753914695,486,2753915181,2753915181
2025-06-19 09:06:42,REAL,2753915181,480,2753915661,2753915661
2025-06-19 09:06:44,REAL,2753915661,540,2753916201,2753916201
2025-06-19 09:06:46,REAL,2753916201,481,2753916682,2753916682
2025-06-19 09:06:48,REAL,2753916682,482,2753917164,2753917164
2025-06-19 09:06:50,REAL,2753917164,480,2753917644,2753917644
2025-06-19 09:06:52,REAL,2753917644,488,2753918132,2753918132
2025-06-19 09:06:54,REAL,2753918132,483,2753918615,2753918615
2025-06-19 09:06:56,REAL,2753918615,489,2753919104,2753919104
2025-06-19 09:06:58,REAL,2753919104,485,2753919589,2753919589
2025-06-19 09:07:00,REAL,2753919589,540,2753920129,2753920129
2025-06-19 09:07:02,REAL,2753920129,482,2753920611,2753920611
2025-06-19 09:07:04,REAL,2753920611,482,2753921093,2753921093
2025-06-19 09:07:06,REAL,2753921093,481,2753921574,2753921574
2025-06-19 09:07:08,REAL,2753921574,480,2753922054,2753922054
2025-06-19 09:07:10,REAL,2753922054,484,2753922538,2753922538
2025-06-19 09:07:12,REAL,2753922538,3058,2753925596,2753925596
2025-06-19 09:07:14,REAL,2753925596,11702,2753937298,2753937298
2025-06-19 09:07:16,REAL,2753937298,10254,2753947552,2753947552
2025-06-19 09:07:18,REAL,2753947552,10319,2753957871,2753957871
2025-06-19 09:07:20,REAL,2753957871,10248,2753968119,2753968119
2025-06-19 09:07:22,REAL,2753968119,10257,2753978376,2753978376
2025-06-19 09:07:24,REAL,2753978376,10324,2753988700,2753988700
2025-06-19 09:07:26,REAL,2753988700,10255,2753998955,2753998955
2025-06-19 09:07:28,REAL,2753998955,3196,2754002151,2754002151
2025-06-19 09:07:30,REAL,2754002151,479,2754002630,2754002630
2025-06-19 09:07:32,REAL,2754002630,484,2754003114,2754003114
2025-06-19 09:07:34,REAL,2754003114,547,2754003661,2754003661
2025-06-19 09:07:36,REAL,2754003661,491,2754004152,2754004152
2025-06-19 09:07:38,REAL,2754004152,492,2754004644,2754004644
2025-06-19 09:07:40,REAL,2754004644,484,2754005128,2754005128
2025-06-19 09:07:42,REAL,2754005128,487,2754005615,2754005615
2025-06-19 09:07:44,REAL,2754005615,488,2754006103,2754006103
2025-06-19 09:07:46,REAL,2754006103,485,2754006588,2754006588
2025-06-19 09:07:48,REAL,2754006588,478,2754007066,2754007066
2025-06-19 09:07:50,REAL,2754007066,482,2754007548,2754007548
2025-06-19 09:07:52,REAL,2754007548,477,2754008025,2754008025
2025-06-19 09:07:54,REAL,2754008025,484,2754008509,2754008509
2025-06-19 09:07:56,REAL,2754008509,492,2754009001,2754009001
2025-06-19 09:07:58,REAL,2754009001,481,2754009482,2754009482
2025-06-19 09:08:00,REAL,2754009482,539,2754010021,2754010021
2025-06-19 09:08:02,REAL,2754010021,491,2754010512,2754010512
2025-06-19 09:08:04,REAL,2754010512,486,2754010998,2754010998
2025-06-19 09:08:06,REAL,2754010998,486,2754011484,2754011484
2025-06-19 09:08:08,REAL,2754011484,493,2754011977,2754011977
2025-06-19 09:08:10,REAL,2754011977,538,2754012515,2754012515
2025-06-19 09:08:12,REAL,2754012515,483,2754012998,2754012998
2025-06-19 09:08:14,REAL,2754012998,485,2754013483,2754013483
2025-06-19 09:08:16,REAL,2754013483,490,2754013973,2754013973
2025-06-19 09:08:18,REAL,2754013973,485,2754014458,2754014458
2025-06-19 09:08:20,REAL,2754014458,483,2754014941,2754014941
2025-06-19 09:08:22,REAL,2754014941,489,2754015430,2754015430
2025-06-19 09:08:24,REAL,2754015430,491,2754015921,2754015921
2025-06-19 09:08:26,REAL,2754015921,486,2754016407,2754016407
2025-06-19 09:08:28,REAL,2754016407,487,2754016894,2754016894
2025-06-19 09:08:30,REAL,2754016894,485,2754017379,2754017379
2025-06-19 09:08:32,REAL,2754017379,490,2754017869,2754017869
2025-06-19 09:08:34,REAL,2754017869,492,2754018361,2754018361
2025-06-19 09:08:36,REAL,2754018361,491,2754018852,2754018852
2025-06-19 09:08:38,REAL,2754018852,483,2754019335,2754019335
2025-06-19 09:08:40,REAL,2754019335,477,2754019812,2754019812
2025-06-19 09:08:42,REAL,2754019812,479,2754020291,2754020291
2025-06-19 09:08:44,REAL,2754020291,546,2754020837,2754020837
2025-06-19 09:08:46,REAL,2754020837,477,2754021314,2754021314
2025-06-19 09:08:48,REAL,2754021314,482,2754021796,2754021796
2025-06-19 09:08:50,REAL,2754021796,536,2754022332,2754022332
2025-06-19 09:08:52,REAL,2754022332,481,2754022813,2754022813
2025-06-19 09:08:54,REAL,2754022813,479,2754023292,2754023292
2025-06-19 09:08:56,REAL,2754023292,484,2754023776,2754023776
2025-06-19 09:08:58,REAL,2754023776,483,2754024259,2754024259
2025-06-19 09:09:00,REAL,2754024259,487,2754024746,2754024746
2025-06-19 09:09:02,REAL,2754024746,478,2754025224,2754025224
2025-06-19 09:09:04,REAL,2754025224,481,2754025705,2754025705
2025-06-19 09:09:06,REAL,2754025705,494,2754026199,2754026199
2025-06-19 09:09:08,REAL,2754026199,483,2754026682,2754026682
2025-06-19 09:09:10,REAL,2754026682,484,2754027166,2754027166
2025-06-19 09:09:12,REAL,2754027166,491,2754027657,2754027657
2025-06-19 09:09:14,REAL,2754027657,481,2754028138,2754028138
2025-06-19 09:09:16,REAL,2754028138,491,2754028629,2754028629
2025-06-19 09:09:18,REAL,2754028629,543,2754029172,2754029172
2025-06-19 09:09:20,REAL,2754029172,491,2754029663,2754029663
2025-06-19 09:09:22,REAL,2754029663,492,2754030155,2754030155
2025-06-19 09:09:24,REAL,2754030155,487,2754030642,2754030642
2025-06-19 09:09:26,REAL,2754030642,481,2754031123,2754031123
2025-06-19 09:09:28,REAL,2754031123,483,2754031606,2754031606
2025-06-19 09:09:30,REAL,2754031606,481,2754032087,2754032087
2025-06-19 09:09:32,REAL,2754032087,484,2754032571,2754032571
2025-06-19 09:09:34,REAL,2754032571,479,2754033050,2754033050
2025-06-19 09:09:36,REAL,2754033050,543,2754033593,2754033593
2025-06-19 09:09:38,REAL,2754033593,487,2754034080,2754034080
2025-06-19 09:09:40,REAL,2754034080,483,2754034563,2754034563
2025-06-19 09:09:42,REAL,2754034563,492,2754035055,2754035055
2025-06-19 09:09:44,REAL,2754035055,481,2754035536,2754035536
2025-06-19 09:09:46,REAL,2754035536,485,2754036021,2754036021
2025-06-19 09:09:48,REAL,2754036021,487,2754036508,2754036508
2025-06-19 09:09:50,REAL,2754036508,485,2754036993,2754036993
2025-06-19 09:09:52,REAL,2754036993,485,2754037478,2754037478
2025-06-19 09:09:54,REAL,2754037478,532,2754038010,2754038010
2025-06-19 09:09:56,REAL,2754038010,481,2754038491,2754038491
2025-06-19 09:09:58,REAL,2754038491,486,2754038977,2754038977
2025-06-19 09:10:00,REAL,2754038977,489,2754039466,2754039466
2025-06-19 09:10:02,REAL,2754039466,480,2754039946,2754039946
2025-06-19 09:10:04,REAL,2754039946,476,2754040422,2754040422
2025-06-19 09:10:06,REAL,2754040422,488,2754040910,2754040910
2025-06-19 09:10:08,REAL,2754040910,487,2754041397,2754041397
2025-06-19 09:10:10,REAL,2754041397,490,2754041887,2754041887
2025-06-19 09:10:12,REAL,2754041887,494,2754042381,2754042381
2025-06-19 09:10:14,REAL,2754042381,485,2754042866,2754042866
2025-06-19 09:10:16,REAL,2754042866,478,2754043344,2754043344
2025-06-19 09:10:18,REAL,2754043344,485,2754043829,2754043829
2025-06-19 09:10:20,REAL,2754043829,477,2754044306,2754044306
2025-06-19 09:10:22,REAL,2754044306,487,2754044793,2754044793
2025-06-19 09:10:24,REAL,2754044793,542,2754045335,2754045335
2025-06-19 09:10:26,REAL,2754045335,538,2754045873,2754045873
2025-06-19 09:10:28,REAL,2754045873,484,2754046357,2754046357
2025-06-19 09:10:30,REAL,2754046357,480,2754046837,2754046837
2025-06-19 09:10:32,REAL,2754046837,476,2754047313,2754047313
2025-06-19 09:10:34,REAL,2754047313,482,2754047795,2754047795
2025-06-19 09:10:36,REAL,2754047795,482,2754048277,2754048277
2025-06-19 09:10:38,REAL,2754048277,487,2754048764,2754048764
2025-06-19 09:10:40,REAL,2754048764,477,2754049241,2754049241
2025-06-19 09:10:42,REAL,2754049241,476,2754049717,2754049717
2025-06-19 09:10:44,REAL,2754049717,485,2754050202,2754050202
2025-06-19 09:10:46,REAL,2754050202,475,2754050677,2754050677
2025-06-19 09:10:48,REAL,2754050677,488,2754051165,2754051165
2025-06-19 09:10:50,REAL,2754051165,487,2754051652,2754051652
2025-06-19 09:10:52,REAL,2754051652,477,2754052129,2754052129
2025-06-19 09:10:54,REAL,2754052129,476,2754052605,2754052605
2025-06-19 09:10:56,REAL,2754052605,484,2754053089,2754053089
2025-06-19 09:10:58,REAL,2754053089,538,2754053627,2754053627
2025-06-19 09:11:00,REAL,2754053627,483,2754054110,2754054110
2025-06-19 09:11:02,REAL,2754054110,494,2754054604,2754054604
2025-06-19 09:11:04,REAL,2754054604,485,2754055089,2754055089
2025-06-19 09:11:06,REAL,2754055089,481,2754055570,2754055570
2025-06-19 09:11:08,REAL,2754055570,486,2754056056,2754056056
2025-06-19 09:11:10,REAL,2754056056,542,2754056598,2754056598
2025-06-19 09:11:12,REAL,2754056598,489,2754057087,2754057087
2025-06-19 09:11:14,REAL,2754057087,481,2754057568,2754057568
2025-06-19 09:11:16,REAL,2754057568,489,2754058057,2754058057
2025-06-19 09:11:18,REAL,2754058057,481,2754058538,2754058538
2025-06-19 09:11:20,REAL,2754058538,482,2754059020,2754059020
2025-06-19 09:11:22,REAL,2754059020,487,2754059507,2754059507
2025-06-19 09:11:24,REAL,2754059507,491,2754059998,2754059998
2025-06-19 09:11:26,REAL,2754059998,477,2754060475,2754060475
2025-06-19 09:11:28,REAL,2754060475,480,2754060955,2754060955
2025-06-19 09:11:30,REAL,2754060955,486,2754061441,2754061441
2025-06-19 09:11:32,REAL,2754061441,537,2754061978,2754061978
2025-06-19 09:11:34,REAL,2754061978,484,2754062462,2754062462
2025-06-19 09:11:36,REAL,2754062462,482,2754062944,2754062944
2025-06-19 09:11:38,REAL,2754062944,481,2754063425,2754063425
2025-06-19 09:11:40,REAL,2754063425,489,2754063914,2754063914
2025-06-19 09:11:42,REAL,2754063914,490,2754064404,2754064404
2025-06-19 09:11:44,REAL,2754064404,487,2754064891,2754064891
2025-06-19 09:11:46,REAL,2754064891,489,2754065380,2754065380
2025-06-19 09:11:48,REAL,2754065380,487,2754065867,2754065867
2025-06-19 09:11:50,REAL,2754065867,487,2754066354,2754066354
2025-06-19 09:11:52,REAL,2754066354,492,2754066846,2754066846
2025-06-19 09:11:54,REAL,2754066846,482,2754067328,2754067328
2025-06-19 09:11:56,REAL,2754067328,482,2754067810,2754067810
2025-06-19 09:11:58,REAL,2754067810,9128,2754076938,2754076938
2025-06-19 09:12:00,REAL,2754076938,10577,2754087515,2754087515
2025-06-19 09:12:02,REAL,2754087515,10324,2754097839,2754097839
2025-06-19 09:12:04,REAL,2754097839,10311,2754108150,2754108150
2025-06-19 09:12:06,REAL,2754108150,10249,2754118399,2754118399
2025-06-19 09:12:08,REAL,2754118399,10316,2754128715,2754128715
2025-06-19 09:12:10,REAL,2754128715,10254,2754138969,2754138969
2025-06-19 09:12:12,REAL,2754138969,8012,2754146981,2754146981
2025-06-19 09:12:14,REAL,2754146981,489,2754147470,2754147470
2025-06-19 09:12:16,REAL,2754147470,492,2754147962,2754147962
2025-06-19 09:12:18,REAL,2754147962,485,2754148447,2754148447
2025-06-19 09:12:20,REAL,2754148447,482,2754148929,2754148929
2025-06-19 09:12:22,REAL,2754148929,478,2754149407,2754149407
2025-06-19 09:12:24,REAL,2754149407,484,2754149891,2754149891
2025-06-19 09:12:26,REAL,2754149891,492,2754150383,2754150383
2025-06-19 09:12:28,REAL,2754150383,483,2754150866,2754150866
2025-06-19 09:12:30,REAL,2754150866,483,2754151349,2754151349
2025-06-19 09:12:32,REAL,2754151349,488,2754151837,2754151837
2025-06-19 09:12:34,REAL,2754151837,490,2754152327,2754152327
2025-06-19 09:12:36,REAL,2754152327,485,2754152812,2754152812
2025-06-19 09:12:38,REAL,2754152812,547,2754153359,2754153359
2025-06-19 09:12:40,REAL,2754153359,485,2754153844,2754153844
2025-06-19 09:12:42,REAL,2754153844,479,2754154323,2754154323
2025-06-19 09:12:44,REAL,2754154323,542,2754154865,2754154865
2025-06-19 09:12:46,REAL,2754154865,475,2754155340,2754155340
2025-06-19 09:12:48,REAL,2754155340,488,2754155828,2754155828
2025-06-19 09:12:50,REAL,2754155828,482,2754156310,2754156310
2025-06-19 09:12:52,REAL,2754156310,492,2754156802,2754156802
2025-06-19 09:12:54,REAL,2754156802,478,2754157280,2754157280
2025-06-19 09:12:56,REAL,2754157280,485,2754157765,2754157765
2025-06-19 09:12:58,REAL,2754157765,482,2754158247,2754158247
2025-06-19 09:13:00,REAL,2754158247,488,2754158735,2754158735
2025-06-19 09:13:02,REAL,2754158735,13295,2754172030,2754172030
2025-06-19 09:13:04,REAL,2754172030,10648,2754182678,2754182678
2025-06-19 09:13:06,REAL,2754182678,10321,2754192999,2754192999
2025-06-19 09:13:08,REAL,2754192999,10255,2754203254,2754203254
2025-06-19 09:13:10,REAL,2754203254,10371,2754213625,2754213625
2025-06-19 09:13:12,REAL,2754213625,10253,2754223878,2754223878
2025-06-19 09:13:14,REAL,2754223878,10244,2754234122,2754234122
2025-06-19 09:13:16,REAL,2754234122,6820,2754240942,2754240942
2025-06-19 09:13:18,REAL,2754240942,486,2754241428,2754241428
2025-06-19 09:13:20,REAL,2754241428,481,2754241909,2754241909
2025-06-19 09:13:22,REAL,2754241909,481,2754242390,2754242390
2025-06-19 09:13:24,REAL,2754242390,485,2754242875,2754242875
2025-06-19 09:13:26,REAL,2754242875,477,2754243352,2754243352
2025-06-19 09:13:28,REAL,2754243352,483,2754243835,2754243835
2025-06-19 09:13:30,REAL,2754243835,485,2754244320,2754244320
2025-06-19 09:13:32,REAL,2754244320,484,2754244804,2754244804
2025-06-19 09:13:34,REAL,2754244804,486,2754245290,2754245290
2025-06-19 09:13:36,REAL,2754245290,545,2754245835,2754245835
2025-06-19 09:13:38,REAL,2754245835,490,2754246325,2754246325
2025-06-19 09:13:40,REAL,2754246325,479,2754246804,2754246804
2025-06-19 09:13:42,REAL,2754246804,536,2754247340,2754247340
2025-06-19 09:13:44,REAL,2754247340,479,2754247819,2754247819
2025-06-19 09:13:46,REAL,2754247819,485,2754248304,2754248304
2025-06-19 09:13:48,REAL,2754248304,476,2754248780,2754248780
2025-06-19 09:13:50,REAL,2754248780,478,2754249258,2754249258
2025-06-19 09:13:52,REAL,2754249258,481,2754249739,2754249739
2025-06-19 09:13:54,REAL,2754249739,483,2754250222,2754250222
2025-06-19 09:13:56,REAL,2754250222,491,2754250713,2754250713
2025-06-19 09:13:58,REAL,2754250713,485,2754251198,2754251198
2025-06-19 09:14:00,REAL,2754251198,485,2754251683,2754251683
2025-06-19 09:14:02,REAL,2754251683,488,2754252171,2754252171
2025-06-19 09:14:04,REAL,2754252171,485,2754252656,2754252656
2025-06-19 09:14:06,REAL,2754252656,489,2754253145,2754253145
2025-06-19 09:14:08,REAL,2754253145,486,2754253631,2754253631
2025-06-19 09:14:10,REAL,2754253631,547,2754254178,2754254178
2025-06-19 09:14:12,REAL,2754254178,487,2754254665,2754254665
2025-06-19 09:14:14,REAL,2754254665,486,2754255151,2754255151
2025-06-19 09:14:16,REAL,2754255151,533,2754255684,2754255684
2025-06-19 09:14:18,REAL,2754255684,486,2754256170,2754256170
2025-06-19 09:14:20,REAL,2754256170,485,2754256655,2754256655
2025-06-19 09:14:22,REAL,2754256655,487,2754257142,2754257142
2025-06-19 09:14:24,REAL,2754257142,486,2754257628,2754257628
2025-06-19 09:14:26,REAL,2754257628,486,2754258114,2754258114
2025-06-19 09:14:28,REAL,2754258114,487,2754258601,2754258601
2025-06-19 09:14:30,REAL,2754258601,490,2754259091,2754259091
2025-06-19 09:14:32,REAL,2754259091,481,2754259572,2754259572
2025-06-19 09:14:34,REAL,2754259572,478,2754260050,2754260050
2025-06-19 09:14:36,REAL,2754260050,692,2754260742,2754260742
2025-06-19 09:14:38,REAL,2754260742,12238,2754272980,2754272980
2025-06-19 09:14:40,REAL,2754272980,10251,2754283231,2754283231
2025-06-19 09:14:42,REAL,2754283231,10318,2754293549,2754293549
2025-06-19 09:14:44,REAL,2754293549,10256,2754303805,2754303805
2025-06-19 09:14:46,REAL,2754303805,10258,2754314063,2754314063
2025-06-19 09:14:48,REAL,2754314063,10313,2754324376,2754324376
2025-06-19 09:14:50,REAL,2754324376,10323,2754334699,2754334699
2025-06-19 09:14:52,REAL,2754334699,4841,2754339540,2754339540
2025-06-19 09:14:54,REAL,2754339540,491,2754340031,2754340031
2025-06-19 09:14:56,REAL,2754340031,492,2754340523,2754340523
2025-06-19 09:14:58,REAL,2754340523,492,2754341015,2754341015
2025-06-19 09:15:00,REAL,2754341015,479,2754341494,2754341494
2025-06-19 09:15:02,REAL,2754341494,484,2754341978,2754341978
2025-06-19 09:15:04,REAL,2754341978,485,2754342463,2754342463
2025-06-19 09:15:06,REAL,2754342463,494,2754342957,2754342957
2025-06-19 09:15:08,REAL,2754342957,478,2754343435,2754343435
2025-06-19 09:15:10,REAL,2754343435,538,2754343973,2754343973
2025-06-19 09:15:12,REAL,2754343973,538,2754344511,2754344511
2025-06-19 09:15:14,REAL,2754344511,483,2754344994,2754344994
2025-06-19 09:15:16,REAL,2754344994,476,2754345470,2754345470
2025-06-19 09:15:18,REAL,2754345470,1615,2754347085,2754347085
2025-06-19 09:15:20,REAL,2754347085,14411,2754361496,2754361496
2025-06-19 09:15:22,REAL,2754361496,10314,2754371810,2754371810
2025-06-19 09:15:24,REAL,2754371810,10249,2754382059,2754382059
2025-06-19 09:15:26,REAL,2754382059,10262,2754392321,2754392321
2025-06-19 09:15:28,REAL,2754392321,10252,2754402573,2754402573
2025-06-19 09:15:30,REAL,2754402573,10309,2754412882,2754412882
2025-06-19 09:15:32,REAL,2754412882,10253,2754423135,2754423135
2025-06-19 09:15:34,REAL,2754423135,4307,2754427442,2754427442
2025-06-19 09:15:36,REAL,2754427442,537,2754427979,2754427979
2025-06-19 09:15:38,REAL,2754427979,482,2754428461,2754428461
2025-06-19 09:15:40,REAL,2754428461,488,2754428949,2754428949
2025-06-19 09:15:42,REAL,2754428949,486,2754429435,2754429435
2025-06-19 09:15:44,REAL,2754429435,479,2754429914,2754429914
2025-06-19 09:15:46,REAL,2754429914,481,2754430395,2754430395
2025-06-19 09:15:48,REAL,2754430395,476,2754430871,2754430871
2025-06-19 09:15:50,REAL,2754430871,2536,2754433407,2754433407
2025-06-19 09:15:52,REAL,2754433407,11968,2754445375,2754445375
2025-06-19 09:15:54,REAL,2754445375,10250,2754455625,2754455625
2025-06-19 09:15:56,REAL,2754455625,10251,2754465876,2754465876
2025-06-19 09:15:58,REAL,2754465876,10319,2754476195,2754476195
2025-06-19 09:16:00,REAL,2754476195,10311,2754486506,2754486506
2025-06-19 09:16:02,REAL,2754486506,10252,2754496758,2754496758
2025-06-19 09:16:04,REAL,2754496758,10376,2754507134,2754507134
2025-06-19 09:16:06,REAL,2754507134,3589,2754510723,2754510723
2025-06-19 09:16:08,REAL,2754510723,477,2754511200,2754511200
2025-06-19 09:16:10,REAL,2754511200,488,2754511688,2754511688
2025-06-19 09:16:12,REAL,2754511688,482,2754512170,2754512170
2025-06-19 09:16:14,REAL,2754512170,484,2754512654,2754512654
2025-06-19 09:16:16,REAL,2754512654,482,2754513136,2754513136
2025-06-19 09:16:18,REAL,2754513136,486,2754513622,2754513622
2025-06-19 09:16:20,REAL,2754513622,483,2754514105,2754514105
2025-06-19 09:16:22,REAL,2754514105,475,2754514580,2754514580
2025-06-19 09:16:24,REAL,2754514580,536,2754515116,2754515116
2025-06-19 09:16:26,REAL,2754515116,540,2754515656,2754515656
2025-06-19 09:16:28,REAL,2754515656,486,2754516142,2754516142
2025-06-19 09:16:30,REAL,2754516142,481,2754516623,2754516623
2025-06-19 09:16:32,REAL,2754516623,478,2754517101,2754517101
2025-06-19 09:16:34,REAL,2754517101,486,2754517587,2754517587
2025-06-19 09:16:36,REAL,2754517587,485,2754518072,2754518072
2025-06-19 09:16:38,REAL,2754518072,479,2754518551,2754518551
2025-06-19 09:16:40,REAL,2754518551,487,2754519038,2754519038
2025-06-19 09:16:42,REAL,2754519038,487,2754519525,2754519525
2025-06-19 09:16:44,REAL,2754519525,487,2754520012,2754520012
2025-06-19 09:16:46,REAL,2754520012,484,2754520496,2754520496
2025-06-19 09:16:48,REAL,2754520496,538,2754521034,2754521034
2025-06-19 09:16:50,REAL,2754521034,483,2754521517,2754521517
2025-06-19 09:16:52,REAL,2754521517,486,2754522003,2754522003
2025-06-19 09:16:54,REAL,2754522003,484,2754522487,2754522487
2025-06-19 09:16:56,REAL,2754522487,488,2754522975,2754522975
2025-06-19 09:16:58,REAL,2754522975,484,2754523459,2754523459
2025-06-19 09:17:00,REAL,2754523459,545,2754524004,2754524004
2025-06-19 09:17:02,REAL,2754524004,476,2754524480,2754524480
2025-06-19 09:17:04,REAL,2754524480,477,2754524957,2754524957
2025-06-19 09:17:06,REAL,2754524957,474,2754525431,2754525431
2025-06-19 09:17:08,REAL,2754525431,489,2754525920,2754525920
2025-06-19 09:17:10,REAL,2754525920,477,2754526397,2754526397
2025-06-19 09:17:12,REAL,2754526397,541,2754526938,2754526938
2025-06-19 09:17:14,REAL,2754526938,477,2754527415,2754527415
2025-06-19 09:17:16,REAL,2754527415,476,2754527891,2754527891
2025-06-19 09:17:18,REAL,2754527891,476,2754528367,2754528367
2025-06-19 09:17:20,REAL,2754528367,4524,2754532891,2754532891
2025-06-19 09:17:22,REAL,2754532891,11299,2754544190,2754544190
2025-06-19 09:17:24,REAL,2754544190,10314,2754554504,2754554504
2025-06-19 09:17:26,REAL,2754554504,10249,2754564753,2754564753
2025-06-19 09:17:28,REAL,2754564753,10253,2754575006,2754575006
2025-06-19 09:17:30,REAL,2754575006,10242,2754585248,2754585248
2025-06-19 09:17:32,REAL,2754585248,10318,2754595566,2754595566
2025-06-19 09:17:34,REAL,2754595566,10251,2754605817,2754605817
2025-06-19 09:17:36,REAL,2754605817,2056,2754607873,2754607873
2025-06-19 09:17:38,REAL,2754607873,484,2754608357,2754608357
2025-06-19 09:17:40,REAL,2754608357,491,2754608848,2754608848
2025-06-19 09:17:42,REAL,2754608848,485,2754609333,2754609333
2025-06-19 09:17:44,REAL,2754609333,482,2754609815,2754609815
2025-06-19 09:17:46,REAL,2754609815,494,2754610309,2754610309
2025-06-19 09:17:48,REAL,2754610309,480,2754610789,2754610789
2025-06-19 09:17:50,REAL,2754610789,484,2754611273,2754611273
2025-06-19 09:17:52,REAL,2754611273,4911,2754616184,2754616184
2025-06-19 09:17:54,REAL,2754616184,11503,2754627687,2754627687
2025-06-19 09:17:56,REAL,2754627687,10254,2754637941,2754637941
2025-06-19 09:17:58,REAL,2754637941,10311,2754648252,2754648252
2025-06-19 09:18:00,REAL,2754648252,10317,2754658569,2754658569
2025-06-19 09:18:02,REAL,2754658569,10250,2754668819,2754668819
2025-06-19 09:18:04,REAL,2754668819,10255,2754679074,2754679074
2025-06-19 09:18:06,REAL,2754679074,10246,2754689320,2754689320
2025-06-19 09:18:08,REAL,2754689320,1404,2754690724,2754690724
2025-06-19 09:18:10,REAL,2754690724,487,2754691211,2754691211
2025-06-19 09:18:12,REAL,2754691211,483,2754691694,2754691694
2025-06-19 09:18:14,REAL,2754691694,486,2754692180,2754692180
2025-06-19 09:18:16,REAL,2754692180,485,2754692665,2754692665
2025-06-19 09:18:18,REAL,2754692665,476,2754693141,2754693141
2025-06-19 09:18:20,REAL,2754693141,479,2754693620,2754693620
2025-06-19 09:18:22,REAL,2754693620,485,2754694105,2754694105
2025-06-19 09:18:24,REAL,2754694105,595,2754694700,2754694700
2025-06-19 09:18:26,REAL,2754694700,481,2754695181,2754695181
2025-06-19 09:18:28,REAL,2754695181,479,2754695660,2754695660
2025-06-19 09:18:30,REAL,2754695660,483,2754696143,2754696143
2025-06-19 09:18:32,REAL,2754696143,488,2754696631,2754696631
2025-06-19 09:18:34,REAL,2754696631,484,2754697115,2754697115
2025-06-19 09:18:36,REAL,2754697115,484,2754697599,2754697599
2025-06-19 09:18:38,REAL,2754697599,485,2754698084,2754698084
2025-06-19 09:18:40,REAL,2754698084,491,2754698575,2754698575
2025-06-19 09:18:42,REAL,2754698575,478,2754699053,2754699053
2025-06-19 09:18:44,REAL,2754699053,484,2754699537,2754699537
2025-06-19 09:18:46,REAL,2754699537,532,2754700069,2754700069
2025-06-19 09:18:48,REAL,2754700069,488,2754700557,2754700557
2025-06-19 09:18:50,REAL,2754700557,484,2754701041,2754701041
2025-06-19 09:18:52,REAL,2754701041,493,2754701534,2754701534
2025-06-19 09:18:54,REAL,2754701534,480,2754702014,2754702014
2025-06-19 09:18:56,REAL,2754702014,482,2754702496,2754702496
2025-06-19 09:18:58,REAL,2754702496,539,2754703035,2754703035
2025-06-19 09:19:00,REAL,2754703035,477,2754703512,2754703512
2025-06-19 09:19:02,REAL,2754703512,481,2754703993,2754703993
2025-06-19 09:19:04,REAL,2754703993,488,2754704481,2754704481
2025-06-19 09:19:06,REAL,2754704481,482,2754704963,2754704963
2025-06-19 09:19:08,REAL,2754704963,493,2754705456,2754705456
2025-06-19 09:19:10,REAL,2754705456,540,2754705996,2754705996
2025-06-19 09:19:12,REAL,2754705996,478,2754706474,2754706474
2025-06-19 09:19:14,REAL,2754706474,477,2754706951,2754706951
2025-06-19 09:19:16,REAL,2754706951,492,2754707443,2754707443
2025-06-19 09:19:18,REAL,2754707443,483,2754707926,2754707926
2025-06-19 09:19:20,REAL,2754707926,486,2754708412,2754708412
2025-06-19 09:19:22,REAL,2754708412,479,2754708891,2754708891
2025-06-19 09:19:24,REAL,2754708891,490,2754709381,2754709381
2025-06-19 09:19:26,REAL,2754709381,478,2754709859,2754709859
2025-06-19 09:19:28,REAL,2754709859,483,2754710342,2754710342
2025-06-19 09:19:30,REAL,2754710342,536,2754710878,2754710878
2025-06-19 09:19:32,REAL,2754710878,545,2754711423,2754711423
2025-06-19 09:19:34,REAL,2754711423,480,2754711903,2754711903
2025-06-19 09:19:36,REAL,2754711903,485,2754712388,2754712388
2025-06-19 09:19:38,REAL,2754712388,492,2754712880,2754712880
2025-06-19 09:19:40,REAL,2754712880,490,2754713370,2754713370
2025-06-19 09:19:42,REAL,2754713370,484,2754713854,2754713854
2025-06-19 09:19:44,REAL,2754713854,483,2754714337,2754714337
2025-06-19 09:19:46,REAL,2754714337,479,2754714816,2754714816
2025-06-19 09:19:48,REAL,2754714816,491,2754715307,2754715307
2025-06-19 09:19:50,REAL,2754715307,480,2754715787,2754715787
2025-06-19 09:19:52,REAL,2754715787,478,2754716265,2754716265
2025-06-19 09:19:54,REAL,2754716265,482,2754716747,2754716747
2025-06-19 09:19:56,REAL,2754716747,488,2754717235,2754717235
2025-06-19 09:19:58,REAL,2754717235,1877,2754719112,2754719112
2025-06-19 09:20:00,REAL,2754719112,14469,2754733581,2754733581
2025-06-19 09:20:02,REAL,2754733581,10253,2754743834,2754743834
2025-06-19 09:20:04,REAL,2754743834,10245,2754754079,2754754079
2025-06-19 09:20:06,REAL,2754754079,10254,2754764333,2754764333
2025-06-19 09:20:08,REAL,2754764333,10319,2754774652,2754774652
2025-06-19 09:20:10,REAL,2754774652,10253,2754784905,2754784905
2025-06-19 09:20:12,REAL,2754784905,10260,2754795165,2754795165
2025-06-19 09:20:14,REAL,2754795165,4178,2754799343,2754799343
2025-06-19 09:20:16,REAL,2754799343,488,2754799831,2754799831
2025-06-19 09:20:18,REAL,2754799831,486,2754800317,2754800317
2025-06-19 09:20:20,REAL,2754800317,489,2754800806,2754800806
2025-06-19 09:20:22,REAL,2754800806,482,2754801288,2754801288
2025-06-19 09:20:24,REAL,2754801288,485,2754801773,2754801773
2025-06-19 09:20:26,REAL,2754801773,534,2754802307,2754802307
2025-06-19 09:20:28,REAL,2754802307,484,2754802791,2754802791
2025-06-19 09:20:30,REAL,2754802791,2534,2754805325,2754805325
2025-06-19 09:20:32,REAL,2754805325,11701,2754817026,2754817026
2025-06-19 09:20:34,REAL,2754817026,10249,2754827275,2754827275
2025-06-19 09:20:36,REAL,2754827275,10249,2754837524,2754837524
2025-06-19 09:20:38,REAL,2754837524,10257,2754847781,2754847781
2025-06-19 09:20:40,REAL,2754847781,10245,2754858026,2754858026
2025-06-19 09:20:42,REAL,2754858026,10251,2754868277,2754868277
2025-06-19 09:20:44,REAL,2754868277,10251,2754878528,2754878528
2025-06-19 09:20:46,REAL,2754878528,3582,2754882110,2754882110
2025-06-19 09:20:48,REAL,2754882110,484,2754882594,2754882594
2025-06-19 09:20:50,REAL,2754882594,491,2754883085,2754883085
2025-06-19 09:20:52,REAL,2754883085,484,2754883569,2754883569
2025-06-19 09:20:54,REAL,2754883569,536,2754884105,2754884105
2025-06-19 09:20:56,REAL,2754884105,482,2754884587,2754884587
2025-06-19 09:20:58,REAL,2754884587,491,2754885078,2754885078
2025-06-19 09:21:00,REAL,2754885078,480,2754885558,2754885558
2025-06-19 09:21:02,REAL,2754885558,484,2754886042,2754886042
2025-06-19 09:21:04,REAL,2754886042,537,2754886579,2754886579
2025-06-19 09:21:06,REAL,2754886579,487,2754887066,2754887066
2025-06-19 09:21:08,REAL,2754887066,488,2754887554,2754887554
2025-06-19 09:21:10,REAL,2754887554,483,2754888037,2754888037
2025-06-19 09:21:12,REAL,2754888037,488,2754888525,2754888525
2025-06-19 09:21:14,REAL,2754888525,478,2754889003,2754889003
2025-06-19 09:21:16,REAL,2754889003,485,2754889488,2754889488
2025-06-19 09:21:18,REAL,2754889488,9209,2754898697,2754898697
2025-06-19 09:21:20,REAL,2754898697,10395,2754909092,2754909092
2025-06-19 09:21:22,REAL,2754909092,10245,2754919337,2754919337
2025-06-19 09:21:24,REAL,2754919337,10252,2754929589,2754929589
2025-06-19 09:21:26,REAL,2754929589,10260,2754939849,2754939849
2025-06-19 09:21:28,REAL,2754939849,10249,2754950098,2754950098
2025-06-19 09:21:30,REAL,2754950098,10257,2754960355,2754960355
2025-06-19 09:21:32,REAL,2754960355,7804,2754968159,2754968159
2025-06-19 09:21:34,REAL,2754968159,490,2754968649,2754968649
2025-06-19 09:21:36,REAL,2754968649,477,2754969126,2754969126
2025-06-19 09:21:38,REAL,2754969126,475,2754969601,2754969601
2025-06-19 09:21:40,REAL,2754969601,485,2754970086,2754970086
2025-06-19 09:21:42,REAL,2754970086,486,2754970572,2754970572
2025-06-19 09:21:44,REAL,2754970572,481,2754971053,2754971053
2025-06-19 09:21:46,REAL,2754971053,538,2754971591,2754971591
2025-06-19 09:21:48,REAL,2754971591,484,2754972075,2754972075
2025-06-19 09:21:50,REAL,2754972075,546,2754972621,2754972621
2025-06-19 09:21:52,REAL,2754972621,491,2754973112,2754973112
2025-06-19 09:21:54,REAL,2754973112,488,2754973600,2754973600
2025-06-19 09:21:56,REAL,2754973600,482,2754974082,2754974082
2025-06-19 09:21:58,REAL,2754974082,485,2754974567,2754974567
2025-06-19 09:22:00,REAL,2754974567,475,2754975042,2754975042
2025-06-19 09:22:02,REAL,2754975042,478,2754975520,2754975520
2025-06-19 09:22:04,REAL,2754975520,481,2754976001,2754976001
2025-06-19 09:22:06,REAL,2754976001,487,2754976488,2754976488
2025-06-19 09:22:08,REAL,2754976488,474,2754976962,2754976962
2025-06-19 09:22:10,REAL,2754976962,4844,2754981806,2754981806
2025-06-19 09:22:12,REAL,2754981806,14335,2754996141,2754996141
2025-06-19 09:22:14,REAL,2754996141,10250,2755006391,2755006391
2025-06-19 09:22:16,REAL,2755006391,10255,2755016646,2755016646
2025-06-19 09:22:18,REAL,2755016646,10256,2755026902,2755026902
2025-06-19 09:22:20,REAL,2755026902,10242,2755037144,2755037144
2025-06-19 09:22:22,REAL,2755037144,10185,2755047329,2755047329
2025-06-19 09:22:24,REAL,2755047329,10246,2755057575,2755057575
2025-06-19 09:22:26,REAL,2755057575,1936,2755059511,2755059511
2025-06-19 09:22:28,REAL,2755059511,484,2755059995,2755059995
2025-06-19 09:22:30,REAL,2755059995,795,2755060790,2755060790
2025-06-19 09:22:32,REAL,2755060790,237,2755061027,2755061027
2025-06-19 09:22:34,REAL,2755061027,485,2755061512,2755061512
2025-06-19 09:22:36,REAL,2755061512,4714,2755066226,2755066226
2025-06-19 09:22:38,REAL,2755066226,11244,2755077470,2755077470
2025-06-19 09:22:40,REAL,2755077470,10371,2755087841,2755087841
2025-06-19 09:22:42,REAL,2755087841,10248,2755098089,2755098089
2025-06-19 09:22:44,REAL,2755098089,10256,2755108345,2755108345
2025-06-19 09:22:46,REAL,2755108345,10317,2755118662,2755118662
2025-06-19 09:22:48,REAL,2755118662,10249,2755128911,2755128911
2025-06-19 09:22:50,REAL,2755128911,10316,2755139227,2755139227
2025-06-19 09:22:52,REAL,2755139227,1739,2755140966,2755140966
2025-06-19 09:22:54,REAL,2755140966,489,2755141455,2755141455
2025-06-19 09:22:56,REAL,2755141455,485,2755141940,2755141940
2025-06-19 09:22:58,REAL,2755141940,545,2755142485,2755142485
2025-06-19 09:23:00,REAL,2755142485,494,2755142979,2755142979
2025-06-19 09:23:02,REAL,2755142979,484,2755143463,2755143463
2025-06-19 09:23:04,REAL,2755143463,483,2755143946,2755143946
2025-06-19 09:23:06,REAL,2755143946,541,2755144487,2755144487
2025-06-19 09:23:08,REAL,2755144487,486,2755144973,2755144973
2025-06-19 09:23:10,REAL,2755144973,487,2755145460,2755145460
2025-06-19 09:23:12,REAL,2755145460,481,2755145941,2755145941
2025-06-19 09:23:14,REAL,2755145941,480,2755146421,2755146421
2025-06-19 09:23:16,REAL,2755146421,487,2755146908,2755146908
2025-06-19 09:23:18,REAL,2755146908,6496,2755153404,2755153404
2025-06-19 09:23:20,REAL,2755153404,13358,2755166762,2755166762
2025-06-19 09:23:22,REAL,2755166762,10252,2755177014,2755177014
2025-06-19 09:23:24,REAL,2755177014,10246,2755187260,2755187260
2025-06-19 09:23:26,REAL,2755187260,10321,2755197581,2755197581
2025-06-19 09:23:28,REAL,2755197581,10258,2755207839,2755207839
2025-06-19 09:23:30,REAL,2755207839,10248,2755218087,2755218087
2025-06-19 09:23:32,REAL,2755218087,10306,2755228393,2755228393
2025-06-19 09:23:34,REAL,2755228393,1208,2755229601,2755229601
2025-06-19 09:23:36,REAL,2755229601,484,2755230085,2755230085
2025-06-19 09:23:38,REAL,2755230085,484,2755230569,2755230569
2025-06-19 09:23:40,REAL,2755230569,535,2755231104,2755231104
2025-06-19 09:23:42,REAL,2755231104,491,2755231595,2755231595
2025-06-19 09:23:44,REAL,2755231595,477,2755232072,2755232072
2025-06-19 09:23:46,REAL,2755232072,482,2755232554,2755232554
2025-06-19 09:23:48,REAL,2755232554,481,2755233035,2755233035
2025-06-19 09:23:50,REAL,2755233035,7100,2755240135,2755240135
2025-06-19 09:23:52,REAL,2755240135,13221,2755253356,2755253356
2025-06-19 09:23:54,REAL,2755253356,10316,2755263672,2755263672
2025-06-19 09:23:56,REAL,2755263672,10255,2755273927,2755273927
2025-06-19 09:23:58,REAL,2755273927,10253,2755284180,2755284180
2025-06-19 09:24:00,REAL,2755284180,10375,2755294555,2755294555
2025-06-19 09:24:02,REAL,2755294555,10247,2755304802,2755304802
2025-06-19 09:24:04,REAL,2755304802,10321,2755315123,2755315123
2025-06-19 09:24:06,REAL,2755315123,480,2755315603,2755315603
2025-06-19 09:24:08,REAL,2755315603,486,2755316089,2755316089
2025-06-19 09:24:10,REAL,2755316089,478,2755316567,2755316567
2025-06-19 09:24:12,REAL,2755316567,540,2755317107,2755317107
2025-06-19 09:24:14,REAL,2755317107,480,2755317587,2755317587
2025-06-19 09:24:16,REAL,2755317587,475,2755318062,2755318062
2025-06-19 09:24:18,REAL,2755318062,484,2755318546,2755318546
2025-06-19 09:24:20,REAL,2755318546,485,2755319031,2755319031
2025-06-19 09:24:22,REAL,2755319031,6960,2755325991,2755325991
2025-06-19 09:24:24,REAL,2755325991,11174,2755337165,2755337165
2025-06-19 09:24:26,REAL,2755337165,10304,2755347469,2755347469
2025-06-19 09:24:28,REAL,2755347469,10312,2755357781,2755357781
2025-06-19 09:24:30,REAL,2755357781,10250,2755368031,2755368031
2025-06-19 09:24:32,REAL,2755368031,10318,2755378349,2755378349
2025-06-19 09:24:34,REAL,2755378349,10253,2755388602,2755388602
2025-06-19 09:24:36,REAL,2755388602,9728,2755398330,2755398330
2025-06-19 09:24:38,REAL,2755398330,481,2755398811,2755398811
2025-06-19 09:24:40,REAL,2755398811,479,2755399290,2755399290
2025-06-19 09:24:42,REAL,2755399290,1604,2755400894,2755400894
2025-06-19 09:24:44,REAL,2755400894,15469,2755416363,2755416363
2025-06-19 09:24:46,REAL,2755416363,10249,2755426612,2755426612
2025-06-19 09:24:48,REAL,2755426612,10314,2755436926,2755436926
2025-06-19 09:24:50,REAL,2755436926,10316,2755447242,2755447242
2025-06-19 09:24:52,REAL,2755447242,10310,2755457552,2755457552
2025-06-19 09:24:54,REAL,2755457552,10321,2755467873,2755467873
2025-06-19 09:24:56,REAL,2755467873,10252,2755478125,2755478125
2025-06-19 09:24:58,REAL,2755478125,4515,2755482640,2755482640
2025-06-19 09:25:00,REAL,2755482640,483,2755483123,2755483123
2025-06-19 09:25:02,REAL,2755483123,491,2755483614,2755483614
2025-06-19 09:25:04,REAL,2755483614,545,2755484159,2755484159
2025-06-19 09:25:06,REAL,2755484159,482,2755484641,2755484641
2025-06-19 09:25:08,REAL,2755484641,479,2755485120,2755485120
2025-06-19 09:25:10,REAL,2755485120,481,2755485601,2755485601
2025-06-19 09:25:12,REAL,2755485601,492,2755486093,2755486093
2025-06-19 09:25:14,REAL,2755486093,2416,2755488509,2755488509
2025-06-19 09:25:16,REAL,2755488509,12032,2755500541,2755500541
2025-06-19 09:25:18,REAL,2755500541,10317,2755510858,2755510858
2025-06-19 09:25:20,REAL,2755510858,10308,2755521166,2755521166
2025-06-19 09:25:22,REAL,2755521166,10248,2755531414,2755531414
2025-06-19 09:25:24,REAL,2755531414,10252,2755541666,2755541666
2025-06-19 09:25:26,REAL,2755541666,10315,2755551981,2755551981
2025-06-19 09:25:28,REAL,2755551981,10255,2755562236,2755562236
2025-06-19 09:25:30,REAL,2755562236,3856,2755566092,2755566092
2025-06-19 09:25:32,REAL,2755566092,478,2755566570,2755566570
2025-06-19 09:25:34,REAL,2755566570,481,2755567051,2755567051
2025-06-19 09:25:36,REAL,2755567051,537,2755567588,2755567588
2025-06-19 09:25:38,REAL,2755567588,488,2755568076,2755568076
2025-06-19 09:25:40,REAL,2755568076,483,2755568559,2755568559
2025-06-19 09:25:42,REAL,2755568559,490,2755569049,2755569049
2025-06-19 09:25:44,REAL,2755569049,487,2755569536,2755569536
2025-06-19 09:25:46,REAL,2755569536,3137,2755572673,2755572673
2025-06-19 09:25:48,REAL,2755572673,11425,2755584098,2755584098
2025-06-19 09:25:50,REAL,2755584098,10254,2755594352,2755594352
2025-06-19 09:25:52,REAL,2755594352,10327,2755604679,2755604679
2025-06-19 09:25:54,REAL,2755604679,10253,2755614932,2755614932
2025-06-19 09:25:56,REAL,2755614932,10253,2755625185,2755625185
2025-06-19 09:25:58,REAL,2755625185,10322,2755635507,2755635507
2025-06-19 09:26:00,REAL,2755635507,10254,2755645761,2755645761
2025-06-19 09:26:02,REAL,2755645761,3251,2755649012,2755649012
2025-06-19 09:26:04,REAL,2755649012,485,2755649497,2755649497
2025-06-19 09:26:06,REAL,2755649497,483,2755649980,2755649980
2025-06-19 09:26:08,REAL,2755649980,538,2755650518,2755650518
2025-06-19 09:26:10,REAL,2755650518,487,2755651005,2755651005
2025-06-19 09:26:12,REAL,2755651005,484,2755651489,2755651489
2025-06-19 09:26:14,REAL,2755651489,536,2755652025,2755652025
2025-06-19 09:26:16,REAL,2755652025,481,2755652506,2755652506
2025-06-19 09:26:18,REAL,2755652506,474,2755652980,2755652980
2025-06-19 09:26:20,REAL,2755652980,482,2755653462,2755653462
2025-06-19 09:26:22,REAL,2755653462,491,2755653953,2755653953
2025-06-19 09:26:24,REAL,2755653953,484,2755654437,2755654437
2025-06-19 09:26:26,REAL,2755654437,482,2755654919,2755654919
2025-06-19 09:26:28,REAL,2755654919,533,2755655452,2755655452
2025-06-19 09:26:30,REAL,2755655452,480,2755655932,2755655932
2025-06-19 09:26:32,REAL,2755655932,483,2755656415,2755656415
2025-06-19 09:26:34,REAL,2755656415,478,2755656893,2755656893
2025-06-19 09:26:36,REAL,2755656893,491,2755657384,2755657384
2025-06-19 09:26:38,REAL,2755657384,484,2755657868,2755657868
2025-06-19 09:26:40,REAL,2755657868,545,2755658413,2755658413
2025-06-19 09:26:42,REAL,2755658413,488,2755658901,2755658901
2025-06-19 09:26:44,REAL,2755658901,483,2755659384,2755659384
2025-06-19 09:26:46,REAL,2755659384,484,2755659868,2755659868
2025-06-19 09:26:48,REAL,2755659868,484,2755660352,2755660352
2025-06-19 09:26:50,REAL,2755660352,534,2755660886,2755660886
2025-06-19 09:26:52,REAL,2755660886,477,2755661363,2755661363
2025-06-19 09:26:54,REAL,2755661363,487,2755661850,2755661850
2025-06-19 09:26:56,REAL,2755661850,488,2755662338,2755662338
2025-06-19 09:26:58,REAL,2755662338,484,2755662822,2755662822
2025-06-19 09:27:00,REAL,2755662822,485,2755663307,2755663307
2025-06-19 09:27:02,REAL,2755663307,493,2755663800,2755663800
2025-06-19 09:27:04,REAL,2755663800,484,2755664284,2755664284
2025-06-19 09:27:06,REAL,2755664284,484,2755664768,2755664768
2025-06-19 09:27:08,REAL,2755664768,541,2755665309,2755665309
2025-06-19 09:27:10,REAL,2755665309,549,2755665858,2755665858
2025-06-19 09:27:12,REAL,2755665858,481,2755666339,2755666339
2025-06-19 09:27:14,REAL,2755666339,482,2755666821,2755666821
2025-06-19 09:27:16,REAL,2755666821,488,2755667309,2755667309
2025-06-19 09:27:18,REAL,2755667309,480,2755667789,2755667789
2025-06-19 09:27:20,REAL,2755667789,482,2755668271,2755668271
2025-06-19 09:27:22,REAL,2755668271,488,2755668759,2755668759
2025-06-19 09:27:24,REAL,2755668759,482,2755669241,2755669241
2025-06-19 09:27:26,REAL,2755669241,489,2755669730,2755669730
2025-06-19 09:27:28,REAL,2755669730,486,2755670216,2755670216
2025-06-19 09:27:30,REAL,2755670216,485,2755670701,2755670701
2025-06-19 09:27:32,REAL,2755670701,484,2755671185,2755671185
2025-06-19 09:27:34,REAL,2755671185,539,2755671724,2755671724
2025-06-19 09:27:36,REAL,2755671724,542,2755672266,2755672266
2025-06-19 09:27:38,REAL,2755672266,494,2755672760,2755672760
2025-06-19 09:27:40,REAL,2755672760,491,2755673251,2755673251
2025-06-19 09:27:42,REAL,2755673251,487,2755673738,2755673738
2025-06-19 09:27:44,REAL,2755673738,489,2755674227,2755674227
2025-06-19 09:27:46,REAL,2755674227,482,2755674709,2755674709
2025-06-19 09:27:48,REAL,2755674709,491,2755675200,2755675200
2025-06-19 09:27:50,REAL,2755675200,478,2755675678,2755675678
2025-06-19 09:27:52,REAL,2755675678,487,2755676165,2755676165
2025-06-19 09:27:54,REAL,2755676165,484,2755676649,2755676649
2025-06-19 09:27:56,REAL,2755676649,489,2755677138,2755677138
2025-06-19 09:27:58,REAL,2755677138,477,2755677615,2755677615
2025-06-19 09:28:00,REAL,2755677615,482,2755678097,2755678097
2025-06-19 09:28:02,REAL,2755678097,595,2755678692,2755678692
2025-06-19 09:28:04,REAL,2755678692,478,2755679170,2755679170
2025-06-19 09:28:06,REAL,2755679170,483,2755679653,2755679653
2025-06-19 09:28:08,REAL,2755679653,477,2755680130,2755680130
2025-06-19 09:28:10,REAL,2755680130,483,2755680613,2755680613
2025-06-19 09:28:12,REAL,2755680613,476,2755681089,2755681089
2025-06-19 09:28:14,REAL,2755681089,479,2755681568,2755681568
2025-06-19 09:28:16,REAL,2755681568,491,2755682059,2755682059
2025-06-19 09:28:18,REAL,2755682059,486,2755682545,2755682545
2025-06-19 09:28:20,REAL,2755682545,485,2755683030,2755683030
2025-06-19 09:28:22,REAL,2755683030,479,2755683509,2755683509
2025-06-19 09:28:24,REAL,2755683509,485,2755683994,2755683994
2025-06-19 09:28:26,REAL,2755683994,493,2755684487,2755684487
2025-06-19 09:28:28,REAL,2755684487,540,2755685027,2755685027
2025-06-19 09:28:30,REAL,2755685027,537,2755685564,2755685564
2025-06-19 09:28:32,REAL,2755685564,482,2755686046,2755686046
2025-06-19 09:28:34,REAL,2755686046,480,2755686526,2755686526
2025-06-19 09:28:36,REAL,2755686526,480,2755687006,2755687006
2025-06-19 09:28:38,REAL,2755687006,481,2755687487,2755687487
2025-06-19 09:28:40,REAL,2755687487,5834,2755693321,2755693321
2025-06-19 09:28:42,REAL,2755693321,11116,2755704437,2755704437
2025-06-19 09:28:44,REAL,2755704437,10250,2755714687,2755714687
2025-06-19 09:28:46,REAL,2755714687,10245,2755724932,2755724932
2025-06-19 09:28:48,REAL,2755724932,10312,2755735244,2755735244
2025-06-19 09:28:50,REAL,2755735244,10256,2755745500,2755745500
2025-06-19 09:28:52,REAL,2755745500,10252,2755755752,2755755752
2025-06-19 09:28:54,REAL,2755755752,10312,2755766064,2755766064
2025-06-19 09:28:56,REAL,2755766064,669,2755766733,2755766733
2025-06-19 09:28:58,REAL,2755766733,482,2755767215,2755767215
2025-06-19 09:29:00,REAL,2755767215,485,2755767700,2755767700
2025-06-19 09:29:02,REAL,2755767700,487,2755768187,2755768187
2025-06-19 09:29:04,REAL,2755768187,538,2755768725,2755768725
2025-06-19 09:29:06,REAL,2755768725,480,2755769205,2755769205
2025-06-19 09:29:08,REAL,2755769205,486,2755769691,2755769691
2025-06-19 09:29:10,REAL,2755769691,483,2755770174,2755770174
2025-06-19 09:29:12,REAL,2755770174,485,2755770659,2755770659
2025-06-19 09:29:14,REAL,2755770659,494,2755771153,2755771153
2025-06-19 09:29:16,REAL,2755771153,476,2755771629,2755771629
2025-06-19 09:29:18,REAL,2755771629,485,2755772114,2755772114
2025-06-19 09:29:20,REAL,2755772114,483,2755772597,2755772597
2025-06-19 09:29:22,REAL,2755772597,8148,2755780745,2755780745
2025-06-19 09:29:24,REAL,2755780745,13411,2755794156,2755794156
2025-06-19 09:29:26,REAL,2755794156,10252,2755804408,2755804408
2025-06-19 09:29:28,REAL,2755804408,10314,2755814722,2755814722
2025-06-19 09:29:30,REAL,2755814722,10247,2755824969,2755824969
2025-06-19 09:29:32,REAL,2755824969,10319,2755835288,2755835288
2025-06-19 09:29:34,REAL,2755835288,10247,2755845535,2755845535
2025-06-19 09:29:36,REAL,2755845535,9927,2755855462,2755855462
2025-06-19 09:29:38,REAL,2755855462,487,2755855949,2755855949
2025-06-19 09:29:40,REAL,2755855949,477,2755856426,2755856426
2025-06-19 09:29:42,REAL,2755856426,479,2755856905,2755856905
2025-06-19 09:29:44,REAL,2755856905,489,2755857394,2755857394
2025-06-19 09:29:46,REAL,2755857394,489,2755857883,2755857883
2025-06-19 09:29:48,REAL,2755857883,537,2755858420,2755858420
2025-06-19 09:29:50,REAL,2755858420,476,2755858896,2755858896
2025-06-19 09:29:52,REAL,2755858896,543,2755859439,2755859439
2025-06-19 09:29:54,REAL,2755859439,7554,2755866993,2755866993
2025-06-19 09:29:56,REAL,2755866993,10713,2755877706,2755877706
2025-06-19 09:29:58,REAL,2755877706,10258,2755887964,2755887964
2025-06-19 09:30:00,REAL,2755887964,10254,2755898218,2755898218
2025-06-19 09:30:02,REAL,2755898218,10256,2755908474,2755908474
2025-06-19 09:30:04,REAL,2755908474,10318,2755918792,2755918792
2025-06-19 09:30:06,REAL,2755918792,10253,2755929045,2755929045
2025-06-19 09:30:08,REAL,2755929045,9188,2755938233,2755938233
2025-06-19 09:30:10,REAL,2755938233,479,2755938712,2755938712
2025-06-19 09:30:12,REAL,2755938712,482,2755939194,2755939194
2025-06-19 09:30:14,REAL,2755939194,477,2755939671,2755939671
2025-06-19 09:30:16,REAL,2755939671,478,2755940149,2755940149
2025-06-19 09:30:18,REAL,2755940149,549,2755940698,2755940698
2025-06-19 09:30:20,REAL,2755940698,479,2755941177,2755941177
2025-06-19 09:30:22,REAL,2755941177,483,2755941660,2755941660
2025-06-19 09:30:24,REAL,2755941660,487,2755942147,2755942147
2025-06-19 09:30:26,REAL,2755942147,8266,2755950413,2755950413
2025-06-19 09:30:28,REAL,2755950413,10838,2755961251,2755961251
2025-06-19 09:30:30,REAL,2755961251,10323,2755971574,2755971574
2025-06-19 09:30:32,REAL,2755971574,10248,2755981822,2755981822
2025-06-19 09:30:34,REAL,2755981822,10251,2755992073,2755992073
2025-06-19 09:30:36,REAL,2755992073,10320,2756002393,2756002393
2025-06-19 09:30:38,REAL,2756002393,10249,2756012642,2756012642
2025-06-19 09:30:40,REAL,2756012642,8601,2756021243,2756021243
2025-06-19 09:30:42,REAL,2756021243,484,2756021727,2756021727
2025-06-19 09:30:44,REAL,2756021727,483,2756022210,2756022210
2025-06-19 09:30:46,REAL,2756022210,488,2756022698,2756022698
2025-06-19 09:30:48,REAL,2756022698,493,2756023191,2756023191
2025-06-19 09:30:50,REAL,2756023191,544,2756023735,2756023735
2025-06-19 09:30:52,REAL,2756023735,485,2756024220,2756024220
2025-06-19 09:30:54,REAL,2756024220,492,2756024712,2756024712
2025-06-19 09:30:56,REAL,2756024712,491,2756025203,2756025203
2025-06-19 09:30:58,REAL,2756025203,10848,2756036051,2756036051
2025-06-19 09:31:00,REAL,2756036051,11769,2756047820,2756047820
2025-06-19 09:31:02,REAL,2756047820,10307,2756058127,2756058127
2025-06-19 09:31:04,REAL,2756058127,10315,2756068442,2756068442
2025-06-19 09:31:06,REAL,2756068442,10247,2756078689,2756078689
2025-06-19 09:31:08,REAL,2756078689,10242,2756088931,2756088931
2025-06-19 09:31:10,REAL,2756088931,10323,2756099254,2756099254
2025-06-19 09:31:12,REAL,2756099254,7945,2756107199,2756107199
2025-06-19 09:31:14,REAL,2756107199,479,2756107678,2756107678
2025-06-19 09:31:16,REAL,2756107678,481,2756108159,2756108159
2025-06-19 09:31:18,REAL,2756108159,478,2756108637,2756108637
2025-06-19 09:31:20,REAL,2756108637,492,2756109129,2756109129
2025-06-19 09:31:22,REAL,2756109129,545,2756109674,2756109674
2025-06-19 09:31:24,REAL,2756109674,484,2756110158,2756110158
2025-06-19 09:31:26,REAL,2756110158,479,2756110637,2756110637
2025-06-19 09:31:28,REAL,2756110637,489,2756111126,2756111126
2025-06-19 09:31:30,REAL,2756111126,12775,2756123901,2756123901
2025-06-19 09:31:32,REAL,2756123901,11244,2756135145,2756135145
2025-06-19 09:31:34,REAL,2756135145,10247,2756145392,2756145392
2025-06-19 09:31:36,REAL,2756145392,10253,2756155645,2756155645
2025-06-19 09:31:38,REAL,2756155645,10317,2756165962,2756165962
2025-06-19 09:31:40,REAL,2756165962,10317,2756176279,2756176279
2025-06-19 09:31:42,REAL,2756176279,10251,2756186530,2756186530
2025-06-19 09:31:44,REAL,2756186530,7410,2756193940,2756193940
2025-06-19 09:31:46,REAL,2756193940,485,2756194425,2756194425
2025-06-19 09:31:48,REAL,2756194425,482,2756194907,2756194907
2025-06-19 09:31:50,REAL,2756194907,4453,2756199360,2756199360
2025-06-19 09:31:52,REAL,2756199360,14277,2756213637,2756213637
2025-06-19 09:31:54,REAL,2756213637,10316,2756223953,2756223953
2025-06-19 09:31:56,REAL,2756223953,10255,2756234208,2756234208
2025-06-19 09:31:58,REAL,2756234208,10247,2756244455,2756244455
2025-06-19 09:32:00,REAL,2756244455,10254,2756254709,2756254709
2025-06-19 09:32:02,REAL,2756254709,10255,2756264964,2756264964
2025-06-19 09:32:04,REAL,2756264964,10314,2756275278,2756275278
2025-06-19 09:32:06,REAL,2756275278,2204,2756277482,2756277482
2025-06-19 09:32:08,REAL,2756277482,488,2756277970,2756277970
2025-06-19 09:32:10,REAL,2756277970,490,2756278460,2756278460
2025-06-19 09:32:12,REAL,2756278460,478,2756278938,2756278938
2025-06-19 09:32:14,REAL,2756278938,533,2756279471,2756279471
2025-06-19 09:32:16,REAL,2756279471,543,2756280014,2756280014
2025-06-19 09:32:18,REAL,2756280014,484,2756280498,2756280498
2025-06-19 09:32:20,REAL,2756280498,483,2756280981,2756280981
2025-06-19 09:32:22,REAL,2756280981,474,2756281455,2756281455
2025-06-19 09:32:24,REAL,2756281455,474,2756281929,2756281929
2025-06-19 09:32:26,REAL,2756281929,484,2756282413,2756282413
2025-06-19 09:32:28,REAL,2756282413,488,2756282901,2756282901
2025-06-19 09:32:30,REAL,2756282901,479,2756283380,2756283380
2025-06-19 09:32:32,REAL,2756283380,4719,2756288099,2756288099
2025-06-19 09:32:34,REAL,2756288099,10915,2756299014,2756299014
2025-06-19 09:32:36,REAL,2756299014,10255,2756309269,2756309269
2025-06-19 09:32:38,REAL,2756309269,10245,2756319514,2756319514
2025-06-19 09:32:40,REAL,2756319514,10254,2756329768,2756329768
2025-06-19 09:32:42,REAL,2756329768,10255,2756340023,2756340023
2025-06-19 09:32:44,REAL,2756340023,10247,2756350270,2756350270
2025-06-19 09:32:46,REAL,2756350270,10260,2756360530,2756360530
2025-06-19 09:32:48,REAL,2756360530,1728,2756362258,2756362258
2025-06-19 09:32:50,REAL,2756362258,548,2756362806,2756362806
2025-06-19 09:32:52,REAL,2756362806,486,2756363292,2756363292
2025-06-19 09:32:54,REAL,2756363292,541,2756363833,2756363833
2025-06-19 09:32:56,REAL,2756363833,490,2756364323,2756364323
2025-06-19 09:32:58,REAL,2756364323,483,2756364806,2756364806
2025-06-19 09:33:00,REAL,2756364806,547,2756365353,2756365353
2025-06-19 09:33:02,REAL,2756365353,478,2756365831,2756365831
2025-06-19 09:33:04,REAL,2756365831,5371,2756371202,2756371202
2025-06-19 09:33:06,REAL,2756371202,11313,2756382515,2756382515
2025-06-19 09:33:08,REAL,2756382515,10247,2756392762,2756392762
2025-06-19 09:33:10,REAL,2756392762,10248,2756403010,2756403010
2025-06-19 09:33:12,REAL,2756403010,10252,2756413262,2756413262
2025-06-19 09:33:14,REAL,2756413262,10251,2756423513,2756423513
2025-06-19 09:33:16,REAL,2756423513,10249,2756433762,2756433762
2025-06-19 09:33:18,REAL,2756433762,10249,2756444011,2756444011
2025-06-19 09:33:20,REAL,2756444011,1148,2756445159,2756445159
2025-06-19 09:33:22,REAL,2756445159,480,2756445639,2756445639
2025-06-19 09:33:24,REAL,2756445639,482,2756446121,2756446121
2025-06-19 09:33:26,REAL,2756446121,484,2756446605,2756446605
2025-06-19 09:33:28,REAL,2756446605,477,2756447082,2756447082
2025-06-19 09:33:30,REAL,2756447082,536,2756447618,2756447618
2025-06-19 09:33:32,REAL,2756447618,543,2756448161,2756448161
2025-06-19 09:33:34,REAL,2756448161,482,2756448643,2756448643
2025-06-19 09:33:36,REAL,2756448643,483,2756449126,2756449126
2025-06-19 09:33:38,REAL,2756449126,488,2756449614,2756449614
2025-06-19 09:33:40,REAL,2756449614,483,2756450097,2756450097
2025-06-19 09:33:42,REAL,2756450097,483,2756450580,2756450580
2025-06-19 09:33:44,REAL,2756450580,476,2756451056,2756451056
2025-06-19 09:33:46,REAL,2756451056,491,2756451547,2756451547
2025-06-19 09:33:48,REAL,2756451547,490,2756452037,2756452037
2025-06-19 09:33:50,REAL,2756452037,479,2756452516,2756452516
2025-06-19 09:33:52,REAL,2756452516,476,2756452992,2756452992
2025-06-19 09:33:54,REAL,2756452992,480,2756453472,2756453472
2025-06-19 09:33:56,REAL,2756453472,475,2756453947,2756453947
2025-06-19 09:33:58,REAL,2756453947,492,2756454439,2756454439
2025-06-19 09:34:00,REAL,2756454439,479,2756454918,2756454918
2025-06-19 09:34:02,REAL,2756454918,541,2756455459,2756455459
2025-06-19 09:34:04,REAL,2756455459,486,2756455945,2756455945
2025-06-19 09:34:06,REAL,2756455945,487,2756456432,2756456432
2025-06-19 09:34:08,REAL,2756456432,537,2756456969,2756456969
2025-06-19 09:34:10,REAL,2756456969,476,2756457445,2756457445
2025-06-19 09:34:12,REAL,2756457445,478,2756457923,2756457923
2025-06-19 09:34:14,REAL,2756457923,484,2756458407,2756458407
2025-06-19 09:34:16,REAL,2756458407,488,2756458895,2756458895
2025-06-19 09:34:18,REAL,2756458895,484,2756459379,2756459379
2025-06-19 09:34:20,REAL,2756459379,478,2756459857,2756459857
2025-06-19 09:34:22,REAL,2756459857,479,2756460336,2756460336
2025-06-19 09:34:24,REAL,2756460336,487,2756460823,2756460823
2025-06-19 09:34:26,REAL,2756460823,490,2756461313,2756461313
2025-06-19 09:34:28,REAL,2756461313,483,2756461796,2756461796
2025-06-19 09:34:30,REAL,2756461796,487,2756462283,2756462283
2025-06-19 09:34:32,REAL,2756462283,485,2756462768,2756462768
2025-06-19 09:34:34,REAL,2756462768,537,2756463305,2756463305
2025-06-19 09:34:36,REAL,2756463305,489,2756463794,2756463794
2025-06-19 09:34:38,REAL,2756463794,484,2756464278,2756464278
2025-06-19 09:34:40,REAL,2756464278,482,2756464760,2756464760
2025-06-19 09:34:42,REAL,2756464760,480,2756465240,2756465240
2025-06-19 09:34:44,REAL,2756465240,538,2756465778,2756465778
2025-06-19 09:34:46,REAL,2756465778,487,2756466265,2756466265
2025-06-19 09:34:48,REAL,2756466265,477,2756466742,2756466742
2025-06-19 09:34:50,REAL,2756466742,484,2756467226,2756467226
2025-06-19 09:34:52,REAL,2756467226,482,2756467708,2756467708
2025-06-19 09:34:54,REAL,2756467708,1888,2756469596,2756469596
2025-06-19 09:34:56,REAL,2756469596,11637,2756481233,2756481233
2025-06-19 09:34:58,REAL,2756481233,10246,2756491479,2756491479
2025-06-19 09:35:00,REAL,2756491479,10246,2756501725,2756501725
2025-06-19 09:35:02,REAL,2756501725,10319,2756512044,2756512044
2025-06-19 09:35:04,REAL,2756512044,10257,2756522301,2756522301
2025-06-19 09:35:06,REAL,2756522301,10321,2756532622,2756532622
2025-06-19 09:35:08,REAL,2756532622,10260,2756542882,2756542882
2025-06-19 09:35:10,REAL,2756542882,4180,2756547062,2756547062
2025-06-19 09:35:12,REAL,2756547062,487,2756547549,2756547549
2025-06-19 09:35:14,REAL,2756547549,482,2756548031,2756548031
2025-06-19 09:35:16,REAL,2756548031,486,2756548517,2756548517
2025-06-19 09:35:18,REAL,2756548517,482,2756548999,2756548999
2025-06-19 09:35:20,REAL,2756548999,547,2756549546,2756549546
2025-06-19 09:35:22,REAL,2756549546,484,2756550030,2756550030
2025-06-19 09:35:24,REAL,2756550030,539,2756550569,2756550569
2025-06-19 09:35:26,REAL,2756550569,2599,2756553168,2756553168
2025-06-19 09:35:28,REAL,2756553168,11771,2756564939,2756564939
2025-06-19 09:35:30,REAL,2756564939,10258,2756575197,2756575197
2025-06-19 09:35:32,REAL,2756575197,10315,2756585512,2756585512
2025-06-19 09:35:34,REAL,2756585512,10246,2756595758,2756595758
2025-06-19 09:35:36,REAL,2756595758,10251,2756606009,2756606009
2025-06-19 09:35:38,REAL,2756606009,10327,2756616336,2756616336
2025-06-19 09:35:40,REAL,2756616336,10249,2756626585,2756626585
2025-06-19 09:35:42,REAL,2756626585,3521,2756630106,2756630106
2025-06-19 09:35:44,REAL,2756630106,483,2756630589,2756630589
2025-06-19 09:35:46,REAL,2756630589,487,2756631076,2756631076
2025-06-19 09:35:48,REAL,2756631076,482,2756631558,2756631558
2025-06-19 09:35:50,REAL,2756631558,535,2756632093,2756632093
2025-06-19 09:35:52,REAL,2756632093,488,2756632581,2756632581
2025-06-19 09:35:54,REAL,2756632581,531,2756633112,2756633112
2025-06-19 09:35:56,REAL,2756633112,491,2756633603,2756633603
2025-06-19 09:35:58,REAL,2756633603,3268,2756636871,2756636871
2025-06-19 09:36:00,REAL,2756636871,14277,2756651148,2756651148
2025-06-19 09:36:02,REAL,2756651148,10253,2756661401,2756661401
2025-06-19 09:36:04,REAL,2756661401,10249,2756671650,2756671650
2025-06-19 09:36:06,REAL,2756671650,10257,2756681907,2756681907
2025-06-19 09:36:08,REAL,2756681907,10318,2756692225,2756692225
2025-06-19 09:36:10,REAL,2756692225,10248,2756702473,2756702473
2025-06-19 09:36:12,REAL,2756702473,10258,2756712731,2756712731
2025-06-19 09:36:14,REAL,2756712731,2924,2756715655,2756715655
2025-06-19 09:36:16,REAL,2756715655,480,2756716135,2756716135
2025-06-19 09:36:18,REAL,2756716135,480,2756716615,2756716615
2025-06-19 09:36:20,REAL,2756716615,545,2756717160,2756717160
2025-06-19 09:36:22,REAL,2756717160,481,2756717641,2756717641
2025-06-19 09:36:24,REAL,2756717641,484,2756718125,2756718125
2025-06-19 09:36:26,REAL,2756718125,543,2756718668,2756718668
2025-06-19 09:36:28,REAL,2756718668,493,2756719161,2756719161
2025-06-19 09:36:30,REAL,2756719161,4127,2756723288,2756723288
2025-06-19 09:36:32,REAL,2756723288,11441,2756734729,2756734729
2025-06-19 09:36:34,REAL,2756734729,10257,2756744986,2756744986
2025-06-19 09:36:36,REAL,2756744986,10323,2756755309,2756755309
2025-06-19 09:36:38,REAL,2756755309,10255,2756765564,2756765564
2025-06-19 09:36:40,REAL,2756765564,10248,2756775812,2756775812
2025-06-19 09:36:42,REAL,2756775812,10315,2756786127,2756786127
2025-06-19 09:36:44,REAL,2756786127,10246,2756796373,2756796373
2025-06-19 09:36:46,REAL,2756796373,2265,2756798638,2756798638
2025-06-19 09:36:48,REAL,2756798638,537,2756799175,2756799175
2025-06-19 09:36:50,REAL,2756799175,485,2756799660,2756799660
2025-06-19 09:36:52,REAL,2756799660,476,2756800136,2756800136
2025-06-19 09:36:54,REAL,2756800136,483,2756800619,2756800619
2025-06-19 09:36:56,REAL,2756800619,486,2756801105,2756801105
2025-06-19 09:36:58,REAL,2756801105,540,2756801645,2756801645
2025-06-19 09:37:00,REAL,2756801645,475,2756802120,2756802120
2025-06-19 09:37:02,REAL,2756802120,4982,2756807102,2756807102
2025-06-19 09:37:04,REAL,2756807102,11507,2756818609,2756818609
2025-06-19 09:37:06,REAL,2756818609,10247,2756828856,2756828856
2025-06-19 09:37:08,REAL,2756828856,10247,2756839103,2756839103
2025-06-19 09:37:10,REAL,2756839103,10251,2756849354,2756849354
2025-06-19 09:37:12,REAL,2756849354,10315,2756859669,2756859669
2025-06-19 09:37:14,REAL,2756859669,10259,2756869928,2756869928
2025-06-19 09:37:16,REAL,2756869928,10251,2756880179,2756880179
2025-06-19 09:37:18,REAL,2756880179,1728,2756881907,2756881907
2025-06-19 09:37:20,REAL,2756881907,484,2756882391,2756882391
2025-06-19 09:37:22,REAL,2756882391,477,2756882868,2756882868
2025-06-19 09:37:24,REAL,2756882868,479,2756883347,2756883347
2025-06-19 09:37:26,REAL,2756883347,482,2756883829,2756883829
2025-06-19 09:37:28,REAL,2756883829,487,2756884316,2756884316
2025-06-19 09:37:30,REAL,2756884316,492,2756884808,2756884808
2025-06-19 09:37:32,REAL,2756884808,541,2756885349,2756885349
2025-06-19 09:37:34,REAL,2756885349,484,2756885833,2756885833
2025-06-19 09:37:36,REAL,2756885833,481,2756886314,2756886314
2025-06-19 09:37:38,REAL,2756886314,485,2756886799,2756886799
2025-06-19 09:37:40,REAL,2756886799,486,2756887285,2756887285
2025-06-19 09:37:42,REAL,2756887285,485,2756887770,2756887770
2025-06-19 09:37:44,REAL,2756887770,485,2756888255,2756888255
2025-06-19 09:37:46,REAL,2756888255,483,2756888738,2756888738
2025-06-19 09:37:48,REAL,2756888738,536,2756889274,2756889274
2025-06-19 09:37:50,REAL,2756889274,482,2756889756,2756889756
2025-06-19 09:37:52,REAL,2756889756,481,2756890237,2756890237
2025-06-19 09:37:54,REAL,2756890237,538,2756890775,2756890775
2025-06-19 09:37:56,REAL,2756890775,483,2756891258,2756891258
2025-06-19 09:37:58,REAL,2756891258,484,2756891742,2756891742
2025-06-19 09:38:00,REAL,2756891742,480,2756892222,2756892222
2025-06-19 09:38:02,REAL,2756892222,481,2756892703,2756892703
2025-06-19 09:38:04,REAL,2756892703,477,2756893180,2756893180
2025-06-19 09:38:06,REAL,2756893180,483,2756893663,2756893663
2025-06-19 09:38:08,REAL,2756893663,490,2756894153,2756894153
2025-06-19 09:38:10,REAL,2756894153,480,2756894633,2756894633
2025-06-19 09:38:12,REAL,2756894633,241,2756894874,2756894874
2025-06-19 09:38:14,REAL,2756894874,489,2756895363,2756895363
2025-06-19 09:38:16,REAL,2756895363,6549,2756901912,2756901912
2025-06-19 09:38:18,REAL,2756901912,11034,2756912946,2756912946
2025-06-19 09:38:20,REAL,2756912946,10325,2756923271,2756923271
2025-06-19 09:38:22,REAL,2756923271,10250,2756933521,2756933521
2025-06-19 09:38:24,REAL,2756933521,10250,2756943771,2756943771
2025-06-19 09:38:26,REAL,2756943771,10319,2756954090,2756954090
2025-06-19 09:38:28,REAL,2756954090,10259,2756964349,2756964349
2025-06-19 09:38:30,REAL,2756964349,10057,2756974406,2756974406
2025-06-19 09:38:32,REAL,2756974406,484,2756974890,2756974890
2025-06-19 09:38:34,REAL,2756974890,478,2756975368,2756975368
2025-06-19 09:38:36,REAL,2756975368,484,2756975852,2756975852
2025-06-19 09:38:38,REAL,2756975852,776,2756976628,2756976628
2025-06-19 09:38:40,REAL,2756976628,237,2756976865,2756976865
2025-06-19 09:38:42,REAL,2756976865,491,2756977356,2756977356
2025-06-19 09:38:44,REAL,2756977356,487,2756977843,2756977843
2025-06-19 09:38:46,REAL,2756977843,543,2756978386,2756978386
2025-06-19 09:38:48,REAL,2756978386,7421,2756985807,2756985807
2025-06-19 09:38:50,REAL,2756985807,11111,2756996918,2756996918
2025-06-19 09:38:52,REAL,2756996918,10254,2757007172,2757007172
2025-06-19 09:38:54,REAL,2757007172,10316,2757017488,2757017488
2025-06-19 09:38:56,REAL,2757017488,10255,2757027743,2757027743
2025-06-19 09:38:58,REAL,2757027743,10322,2757038065,2757038065
2025-06-19 09:39:00,REAL,2757038065,10257,2757048322,2757048322
2025-06-19 09:39:02,REAL,2757048322,9516,2757057838,2757057838
2025-06-19 09:39:04,REAL,2757057838,485,2757058323,2757058323
2025-06-19 09:39:06,REAL,2757058323,488,2757058811,2757058811
2025-06-19 09:39:08,REAL,2757058811,1881,2757060692,2757060692
2025-06-19 09:39:10,REAL,2757060692,12034,2757072726,2757072726
2025-06-19 09:39:12,REAL,2757072726,10247,2757082973,2757082973
2025-06-19 09:39:14,REAL,2757082973,10313,2757093286,2757093286
2025-06-19 09:39:16,REAL,2757093286,10305,2757103591,2757103591
2025-06-19 09:39:18,REAL,2757103591,10311,2757113902,2757113902
2025-06-19 09:39:20,REAL,2757113902,10317,2757124219,2757124219
2025-06-19 09:39:22,REAL,2757124219,10256,2757134475,2757134475
2025-06-19 09:39:24,REAL,2757134475,4248,2757138723,2757138723
2025-06-19 09:39:26,REAL,2757138723,485,2757139208,2757139208
2025-06-19 09:39:28,REAL,2757139208,485,2757139693,2757139693
2025-06-19 09:39:30,REAL,2757139693,483,2757140176,2757140176
2025-06-19 09:39:32,REAL,2757140176,547,2757140723,2757140723
2025-06-19 09:39:34,REAL,2757140723,485,2757141208,2757141208
2025-06-19 09:39:36,REAL,2757141208,483,2757141691,2757141691
2025-06-19 09:39:38,REAL,2757141691,475,2757142166,2757142166
2025-06-19 09:39:40,REAL,2757142166,484,2757142650,2757142650
2025-06-19 09:39:42,REAL,2757142650,485,2757143135,2757143135
2025-06-19 09:39:44,REAL,2757143135,479,2757143614,2757143614
2025-06-19 09:39:46,REAL,2757143614,538,2757144152,2757144152
2025-06-19 09:39:48,REAL,2757144152,487,2757144639,2757144639
2025-06-19 09:39:50,REAL,2757144639,2333,2757146972,2757146972
2025-06-19 09:39:52,REAL,2757146972,11708,2757158680,2757158680
2025-06-19 09:39:54,REAL,2757158680,10254,2757168934,2757168934
2025-06-19 09:39:56,REAL,2757168934,10245,2757179179,2757179179
2025-06-19 09:39:58,REAL,2757179179,10318,2757189497,2757189497
2025-06-19 09:40:00,REAL,2757189497,10250,2757199747,2757199747
2025-06-19 09:40:02,REAL,2757199747,10250,2757209997,2757209997
2025-06-19 09:40:04,REAL,2757209997,10319,2757220316,2757220316
2025-06-19 09:40:06,REAL,2757220316,3655,2757223971,2757223971
2025-06-19 09:40:08,REAL,2757223971,483,2757224454,2757224454
2025-06-19 09:40:10,REAL,2757224454,488,2757224942,2757224942
2025-06-19 09:40:12,REAL,2757224942,544,2757225486,2757225486
2025-06-19 09:40:14,REAL,2757225486,480,2757225966,2757225966
2025-06-19 09:40:16,REAL,2757225966,486,2757226452,2757226452
2025-06-19 09:40:18,REAL,2757226452,486,2757226938,2757226938
2025-06-19 09:40:20,REAL,2757226938,536,2757227474,2757227474
2025-06-19 09:40:22,REAL,2757227474,490,2757227964,2757227964
2025-06-19 09:40:24,REAL,2757227964,480,2757228444,2757228444
2025-06-19 09:40:26,REAL,2757228444,488,2757228932,2757228932
2025-06-19 09:40:28,REAL,2757228932,475,2757229407,2757229407
2025-06-19 09:40:30,REAL,2757229407,487,2757229894,2757229894
2025-06-19 09:40:32,REAL,2757229894,479,2757230373,2757230373
2025-06-19 09:40:34,REAL,2757230373,546,2757230919,2757230919
2025-06-19 09:40:36,REAL,2757230919,484,2757231403,2757231403
2025-06-19 09:40:38,REAL,2757231403,481,2757231884,2757231884
2025-06-19 09:40:40,REAL,2757231884,486,2757232370,2757232370
2025-06-19 09:40:42,REAL,2757232370,492,2757232862,2757232862
2025-06-19 09:40:44,REAL,2757232862,487,2757233349,2757233349
2025-06-19 09:40:46,REAL,2757233349,489,2757233838,2757233838
2025-06-19 09:40:48,REAL,2757233838,474,2757234312,2757234312
2025-06-19 09:40:50,REAL,2757234312,486,2757234798,2757234798
2025-06-19 09:40:52,REAL,2757234798,487,2757235285,2757235285
2025-06-19 09:40:54,REAL,2757235285,537,2757235822,2757235822
2025-06-19 09:40:56,REAL,2757235822,542,2757236364,2757236364
2025-06-19 09:40:58,REAL,2757236364,479,2757236843,2757236843
2025-06-19 09:41:00,REAL,2757236843,482,2757237325,2757237325
2025-06-19 09:41:02,REAL,2757237325,476,2757237801,2757237801
2025-06-19 09:41:04,REAL,2757237801,480,2757238281,2757238281
2025-06-19 09:41:06,REAL,2757238281,486,2757238767,2757238767
2025-06-19 09:41:08,REAL,2757238767,480,2757239247,2757239247
2025-06-19 09:41:10,REAL,2757239247,490,2757239737,2757239737
2025-06-19 09:41:12,REAL,2757239737,476,2757240213,2757240213
2025-06-19 09:41:14,REAL,2757240213,491,2757240704,2757240704
2025-06-19 09:41:16,REAL,2757240704,483,2757241187,2757241187
2025-06-19 09:41:18,REAL,2757241187,549,2757241736,2757241736
2025-06-19 09:41:20,REAL,2757241736,482,2757242218,2757242218
2025-06-19 09:41:22,REAL,2757242218,487,2757242705,2757242705
2025-06-19 09:41:24,REAL,2757242705,479,2757243184,2757243184
2025-06-19 09:41:26,REAL,2757243184,477,2757243661,2757243661
2025-06-19 09:41:28,REAL,2757243661,537,2757244198,2757244198
2025-06-19 09:41:30,REAL,2757244198,4190,2757248388,2757248388
2025-06-19 09:41:32,REAL,2757248388,11112,2757259500,2757259500
2025-06-19 09:41:34,REAL,2757259500,10315,2757269815,2757269815
2025-06-19 09:41:36,REAL,2757269815,10252,2757280067,2757280067
2025-06-19 09:41:38,REAL,2757280067,10253,2757290320,2757290320
2025-06-19 09:41:40,REAL,2757290320,10318,2757300638,2757300638
2025-06-19 09:41:42,REAL,2757300638,10244,2757310882,2757310882
2025-06-19 09:41:44,REAL,2757310882,10318,2757321200,2757321200
2025-06-19 09:41:46,REAL,2757321200,2263,2757323463,2757323463
2025-06-19 09:41:48,REAL,2757323463,482,2757323945,2757323945
2025-06-19 09:41:50,REAL,2757323945,490,2757324435,2757324435
2025-06-19 09:41:52,REAL,2757324435,535,2757324970,2757324970
2025-06-19 09:41:54,REAL,2757324970,483,2757325453,2757325453
2025-06-19 09:41:56,REAL,2757325453,474,2757325927,2757325927
2025-06-19 09:41:58,REAL,2757325927,488,2757326415,2757326415
2025-06-19 09:42:00,REAL,2757326415,486,2757326901,2757326901
2025-06-19 09:42:02,REAL,2757326901,4908,2757331809,2757331809
2025-06-19 09:42:04,REAL,2757331809,11243,2757343052,2757343052
2025-06-19 09:42:06,REAL,2757343052,10321,2757353373,2757353373
2025-06-19 09:42:08,REAL,2757353373,10249,2757363622,2757363622
2025-06-19 09:42:10,REAL,2757363622,10384,2757374006,2757374006
2025-06-19 09:42:12,REAL,2757374006,10184,2757384190,2757384190
2025-06-19 09:42:14,REAL,2757384190,10319,2757394509,2757394509
2025-06-19 09:42:16,REAL,2757394509,10257,2757404766,2757404766
2025-06-19 09:42:18,REAL,2757404766,1601,2757406367,2757406367
2025-06-19 09:42:20,REAL,2757406367,490,2757406857,2757406857
2025-06-19 09:42:22,REAL,2757406857,480,2757407337,2757407337
2025-06-19 09:42:24,REAL,2757407337,535,2757407872,2757407872
2025-06-19 09:42:26,REAL,2757407872,489,2757408361,2757408361
2025-06-19 09:42:28,REAL,2757408361,480,2757408841,2757408841
2025-06-19 09:42:30,REAL,2757408841,480,2757409321,2757409321
2025-06-19 09:42:32,REAL,2757409321,487,2757409808,2757409808
2025-06-19 09:42:34,REAL,2757409808,482,2757410290,2757410290
2025-06-19 09:42:36,REAL,2757410290,484,2757410774,2757410774
2025-06-19 09:42:38,REAL,2757410774,536,2757411310,2757411310
2025-06-19 09:42:40,REAL,2757411310,479,2757411789,2757411789
2025-06-19 09:42:42,REAL,2757411789,481,2757412270,2757412270
2025-06-19 09:42:44,REAL,2757412270,477,2757412747,2757412747
2025-06-19 09:42:46,REAL,2757412747,540,2757413287,2757413287
2025-06-19 09:42:48,REAL,2757413287,487,2757413774,2757413774
2025-06-19 09:42:50,REAL,2757413774,483,2757414257,2757414257
2025-06-19 09:42:52,REAL,2757414257,493,2757414750,2757414750
2025-06-19 09:42:54,REAL,2757414750,488,2757415238,2757415238
2025-06-19 09:42:56,REAL,2757415238,489,2757415727,2757415727
2025-06-19 09:42:58,REAL,2757415727,489,2757416216,2757416216
2025-06-19 09:43:00,REAL,2757416216,486,2757416702,2757416702
2025-06-19 09:43:02,REAL,2757416702,488,2757417190,2757417190
2025-06-19 09:43:04,REAL,2757417190,485,2757417675,2757417675
2025-06-19 09:43:06,REAL,2757417675,6698,2757424373,2757424373
2025-06-19 09:43:08,REAL,2757424373,11045,2757435418,2757435418
2025-06-19 09:43:10,REAL,2757435418,10258,2757445676,2757445676
2025-06-19 09:43:12,REAL,2757445676,10304,2757455980,2757455980
2025-06-19 09:43:14,REAL,2757455980,10254,2757466234,2757466234
2025-06-19 09:43:16,REAL,2757466234,10251,2757476485,2757476485
2025-06-19 09:43:18,REAL,2757476485,10250,2757486735,2757486735
2025-06-19 09:43:20,REAL,2757486735,10187,2757496922,2757496922
2025-06-19 09:43:22,REAL,2757496922,480,2757497402,2757497402
2025-06-19 09:43:24,REAL,2757497402,481,2757497883,2757497883
2025-06-19 09:43:26,REAL,2757497883,544,2757498427,2757498427
2025-06-19 09:43:28,REAL,2757498427,488,2757498915,2757498915
2025-06-19 09:43:30,REAL,2757498915,477,2757499392,2757499392
2025-06-19 09:43:32,REAL,2757499392,485,2757499877,2757499877
2025-06-19 09:43:34,REAL,2757499877,480,2757500357,2757500357
2025-06-19 09:43:36,REAL,2757500357,481,2757500838,2757500838
2025-06-19 09:43:38,REAL,2757500838,7163,2757508001,2757508001
2025-06-19 09:43:40,REAL,2757508001,11173,2757519174,2757519174
2025-06-19 09:43:42,REAL,2757519174,10246,2757529420,2757529420
2025-06-19 09:43:44,REAL,2757529420,10260,2757539680,2757539680
2025-06-19 09:43:46,REAL,2757539680,10315,2757549995,2757549995
2025-06-19 09:43:48,REAL,2757549995,10316,2757560311,2757560311
2025-06-19 09:43:50,REAL,2757560311,10253,2757570564,2757570564
2025-06-19 09:43:52,REAL,2757570564,9528,2757580092,2757580092
2025-06-19 09:43:54,REAL,2757580092,488,2757580580,2757580580
2025-06-19 09:43:56,REAL,2757580580,479,2757581059,2757581059
2025-06-19 09:43:58,REAL,2757581059,541,2757581600,2757581600
2025-06-19 09:44:00,REAL,2757581600,482,2757582082,2757582082
2025-06-19 09:44:02,REAL,2757582082,486,2757582568,2757582568
2025-06-19 09:44:04,REAL,2757582568,490,2757583058,2757583058
2025-06-19 09:44:06,REAL,2757583058,480,2757583538,2757583538
2025-06-19 09:44:08,REAL,2757583538,487,2757584025,2757584025
2025-06-19 09:44:10,REAL,2757584025,480,2757584505,2757584505
2025-06-19 09:44:12,REAL,2757584505,481,2757584986,2757584986
2025-06-19 09:44:14,REAL,2757584986,483,2757585469,2757585469
2025-06-19 09:44:16,REAL,2757585469,479,2757585948,2757585948
2025-06-19 09:44:18,REAL,2757585948,485,2757586433,2757586433
2025-06-19 09:44:20,REAL,2757586433,542,2757586975,2757586975
2025-06-19 09:44:22,REAL,2757586975,543,2757587518,2757587518
2025-06-19 09:44:24,REAL,2757587518,481,2757587999,2757587999
2025-06-19 09:44:26,REAL,2757587999,482,2757588481,2757588481
2025-06-19 09:44:28,REAL,2757588481,486,2757588967,2757588967
2025-06-19 09:44:30,REAL,2757588967,493,2757589460,2757589460
2025-06-19 09:44:32,REAL,2757589460,484,2757589944,2757589944
2025-06-19 09:44:34,REAL,2757589944,483,2757590427,2757590427
2025-06-19 09:44:36,REAL,2757590427,488,2757590915,2757590915
2025-06-19 09:44:38,REAL,2757590915,486,2757591401,2757591401
2025-06-19 09:44:40,REAL,2757591401,537,2757591938,2757591938
2025-06-19 09:44:42,REAL,2757591938,489,2757592427,2757592427
2025-06-19 09:44:44,REAL,2757592427,484,2757592911,2757592911
2025-06-19 09:44:46,REAL,2757592911,477,2757593388,2757593388
2025-06-19 09:44:48,REAL,2757593388,489,2757593877,2757593877
2025-06-19 09:44:50,REAL,2757593877,493,2757594370,2757594370
2025-06-19 09:44:52,REAL,2757594370,492,2757594862,2757594862
2025-06-19 09:44:54,REAL,2757594862,485,2757595347,2757595347
2025-06-19 09:44:56,REAL,2757595347,539,2757595886,2757595886
2025-06-19 09:44:58,REAL,2757595886,486,2757596372,2757596372
2025-06-19 09:45:00,REAL,2757596372,489,2757596861,2757596861
2025-06-19 09:45:02,REAL,2757596861,536,2757597397,2757597397
2025-06-19 09:45:04,REAL,2757597397,493,2757597890,2757597890
2025-06-19 09:45:06,REAL,2757597890,478,2757598368,2757598368
2025-06-19 09:45:08,REAL,2757598368,486,2757598854,2757598854
2025-06-19 09:45:10,REAL,2757598854,487,2757599341,2757599341
2025-06-19 09:45:12,REAL,2757599341,493,2757599834,2757599834
2025-06-19 09:45:14,REAL,2757599834,488,2757600322,2757600322
2025-06-19 09:45:16,REAL,2757600322,486,2757600808,2757600808
2025-06-19 09:45:18,REAL,2757600808,490,2757601298,2757601298
2025-06-19 09:45:20,REAL,2757601298,479,2757601777,2757601777
2025-06-19 09:45:22,REAL,2757601777,550,2757602327,2757602327
2025-06-19 09:45:24,REAL,2757602327,489,2757602816,2757602816
2025-06-19 09:45:26,REAL,2757602816,478,2757603294,2757603294
2025-06-19 09:45:28,REAL,2757603294,486,2757603780,2757603780
2025-06-19 09:45:30,REAL,2757603780,491,2757604271,2757604271
2025-06-19 09:45:32,REAL,2757604271,531,2757604802,2757604802
2025-06-19 09:45:34,REAL,2757604802,489,2757605291,2757605291
2025-06-19 09:45:36,REAL,2757605291,491,2757605782,2757605782
2025-06-19 09:45:38,REAL,2757605782,479,2757606261,2757606261
2025-06-19 09:45:40,REAL,2757606261,492,2757606753,2757606753
2025-06-19 09:45:42,REAL,2757606753,479,2757607232,2757607232
2025-06-19 09:45:44,REAL,2757607232,545,2757607777,2757607777
2025-06-19 09:45:46,REAL,2757607777,482,2757608259,2757608259
2025-06-19 09:45:48,REAL,2757608259,482,2757608741,2757608741
2025-06-19 09:45:50,REAL,2757608741,492,2757609233,2757609233
2025-06-19 09:45:52,REAL,2757609233,486,2757609719,2757609719
2025-06-19 09:45:54,REAL,2757609719,482,2757610201,2757610201
2025-06-19 09:45:56,REAL,2757610201,477,2757610678,2757610678
2025-06-19 09:45:58,REAL,2757610678,480,2757611158,2757611158
2025-06-19 09:46:00,REAL,2757611158,486,2757611644,2757611644
2025-06-19 09:46:02,REAL,2757611644,485,2757612129,2757612129
2025-06-19 09:46:04,REAL,2757612129,536,2757612665,2757612665
2025-06-19 09:46:06,REAL,2757612665,480,2757613145,2757613145
2025-06-19 09:46:08,REAL,2757613145,491,2757613636,2757613636
2025-06-19 09:46:10,REAL,2757613636,542,2757614178,2757614178
2025-06-19 09:46:12,REAL,2757614178,477,2757614655,2757614655
2025-06-19 09:46:14,REAL,2757614655,481,2757615136,2757615136
2025-06-19 09:46:16,REAL,2757615136,482,2757615618,2757615618
2025-06-19 09:46:18,REAL,2757615618,483,2757616101,2757616101
2025-06-19 09:46:20,REAL,2757616101,477,2757616578,2757616578
2025-06-19 09:46:22,REAL,2757616578,481,2757617059,2757617059
2025-06-19 09:46:24,REAL,2757617059,482,2757617541,2757617541
2025-06-19 09:46:26,REAL,2757617541,540,2757618081,2757618081
2025-06-19 09:46:28,REAL,2757618081,10789,2757628870,2757628870
2025-06-19 09:46:30,REAL,2757628870,10386,2757639256,2757639256
2025-06-19 09:46:32,REAL,2757639256,10387,2757649643,2757649643
2025-06-19 09:46:34,REAL,2757649643,10182,2757659825,2757659825
2025-06-19 09:46:36,REAL,2757659825,10259,2757670084,2757670084
2025-06-19 09:46:38,REAL,2757670084,10251,2757680335,2757680335
2025-06-19 09:46:40,REAL,2757680335,10315,2757690650,2757690650
2025-06-19 09:46:42,REAL,2757690650,6496,2757697146,2757697146
2025-06-19 09:46:44,REAL,2757697146,485,2757697631,2757697631
2025-06-19 09:46:46,REAL,2757697631,479,2757698110,2757698110
2025-06-19 09:46:48,REAL,2757698110,599,2757698709,2757698709
2025-06-19 09:46:50,REAL,2757698709,483,2757699192,2757699192
2025-06-19 09:46:52,REAL,2757699192,492,2757699684,2757699684
2025-06-19 09:46:54,REAL,2757699684,489,2757700173,2757700173
2025-06-19 09:46:56,REAL,2757700173,483,2757700656,2757700656
2025-06-19 09:46:58,REAL,2757700656,491,2757701147,2757701147
2025-06-19 09:47:00,REAL,2757701147,14553,2757715700,2757715700
2025-06-19 09:47:02,REAL,2757715700,10253,2757725953,2757725953
2025-06-19 09:47:04,REAL,2757725953,10244,2757736197,2757736197
2025-06-19 09:47:06,REAL,2757736197,10260,2757746457,2757746457
2025-06-19 09:47:08,REAL,2757746457,10318,2757756775,2757756775
2025-06-19 09:47:10,REAL,2757756775,10259,2757767034,2757767034
2025-06-19 09:47:12,REAL,2757767034,10322,2757777356,2757777356
2025-06-19 09:47:14,REAL,2757777356,5828,2757783184,2757783184
2025-06-19 09:47:16,REAL,2757783184,490,2757783674,2757783674
2025-06-19 09:47:18,REAL,2757783674,492,2757784166,2757784166
2025-06-19 09:47:20,REAL,2757784166,544,2757784710,2757784710
2025-06-19 09:47:22,REAL,2757784710,490,2757785200,2757785200
2025-06-19 09:47:24,REAL,2757785200,538,2757785738,2757785738
2025-06-19 09:47:26,REAL,2757785738,485,2757786223,2757786223
2025-06-19 09:47:28,REAL,2757786223,482,2757786705,2757786705
2025-06-19 09:47:30,REAL,2757786705,475,2757787180,2757787180
2025-06-19 09:47:32,REAL,2757787180,492,2757787672,2757787672
2025-06-19 09:47:34,REAL,2757787672,487,2757788159,2757788159
2025-06-19 09:47:36,REAL,2757788159,477,2757788636,2757788636
2025-06-19 09:47:38,REAL,2757788636,488,2757789124,2757789124
2025-06-19 09:47:40,REAL,2757789124,545,2757789669,2757789669
2025-06-19 09:47:42,REAL,2757789669,480,2757790149,2757790149
2025-06-19 09:47:44,REAL,2757790149,483,2757790632,2757790632
2025-06-19 09:47:46,REAL,2757790632,6099,2757796731,2757796731
2025-06-19 09:47:48,REAL,2757796731,10780,2757807511,2757807511
2025-06-19 09:47:50,REAL,2757807511,10317,2757817828,2757817828
2025-06-19 09:47:52,REAL,2757817828,10248,2757828076,2757828076
2025-06-19 09:47:54,REAL,2757828076,10253,2757838329,2757838329
2025-06-19 09:47:56,REAL,2757838329,10258,2757848587,2757848587
2025-06-19 09:47:58,REAL,2757848587,10260,2757858847,2757858847
2025-06-19 09:48:00,REAL,2757858847,10237,2757869084,2757869084
2025-06-19 09:48:02,REAL,2757869084,482,2757869566,2757869566
2025-06-19 09:48:04,REAL,2757869566,488,2757870054,2757870054
2025-06-19 09:48:06,REAL,2757870054,483,2757870537,2757870537
2025-06-19 09:48:08,REAL,2757870537,487,2757871024,2757871024
2025-06-19 09:48:10,REAL,2757871024,482,2757871506,2757871506
2025-06-19 09:48:12,REAL,2757871506,474,2757871980,2757871980
2025-06-19 09:48:14,REAL,2757871980,494,2757872474,2757872474
2025-06-19 09:48:16,REAL,2757872474,485,2757872959,2757872959
2025-06-19 09:48:18,REAL,2757872959,484,2757873443,2757873443
2025-06-19 09:48:20,REAL,2757873443,478,2757873921,2757873921
2025-06-19 09:48:22,REAL,2757873921,488,2757874409,2757874409
2025-06-19 09:48:24,REAL,2757874409,484,2757874893,2757874893
2025-06-19 09:48:26,REAL,2757874893,540,2757875433,2757875433
2025-06-19 09:48:28,REAL,2757875433,482,2757875915,2757875915
2025-06-19 09:48:30,REAL,2757875915,483,2757876398,2757876398
2025-06-19 09:48:32,REAL,2757876398,486,2757876884,2757876884
2025-06-19 09:48:34,REAL,2757876884,479,2757877363,2757877363
2025-06-19 09:48:36,REAL,2757877363,479,2757877842,2757877842
2025-06-19 09:48:38,REAL,2757877842,545,2757878387,2757878387
2025-06-19 09:48:40,REAL,2757878387,489,2757878876,2757878876
2025-06-19 09:48:42,REAL,2757878876,484,2757879360,2757879360
2025-06-19 09:48:44,REAL,2757879360,481,2757879841,2757879841
2025-06-19 09:48:46,REAL,2757879841,483,2757880324,2757880324
2025-06-19 09:48:48,REAL,2757880324,483,2757880807,2757880807
2025-06-19 09:48:50,REAL,2757880807,484,2757881291,2757881291
2025-06-19 09:48:52,REAL,2757881291,487,2757881778,2757881778
2025-06-19 09:48:54,REAL,2757881778,493,2757882271,2757882271
2025-06-19 09:48:56,REAL,2757882271,487,2757882758,2757882758
2025-06-19 09:48:58,REAL,2757882758,482,2757883240,2757883240
2025-06-19 09:49:00,REAL,2757883240,8281,2757891521,2757891521
2025-06-19 09:49:02,REAL,2757891521,11040,2757902561,2757902561
2025-06-19 09:49:04,REAL,2757902561,10322,2757912883,2757912883
2025-06-19 09:49:06,REAL,2757912883,10250,2757923133,2757923133
2025-06-19 09:49:08,REAL,2757923133,10254,2757933387,2757933387
2025-06-19 09:49:10,REAL,2757933387,10313,2757943700,2757943700
2025-06-19 09:49:12,REAL,2757943700,10252,2757953952,2757953952
2025-06-19 09:49:14,REAL,2757953952,9052,2757963004,2757963004
2025-06-19 09:49:16,REAL,2757963004,486,2757963490,2757963490
2025-06-19 09:49:18,REAL,2757963490,491,2757963981,2757963981
2025-06-19 09:49:20,REAL,2757963981,483,2757964464,2757964464
2025-06-19 09:49:22,REAL,2757964464,476,2757964940,2757964940
2025-06-19 09:49:24,REAL,2757964940,480,2757965420,2757965420
2025-06-19 09:49:26,REAL,2757965420,482,2757965902,2757965902
2025-06-19 09:49:28,REAL,2757965902,484,2757966386,2757966386
2025-06-19 09:49:30,REAL,2757966386,488,2757966874,2757966874
2025-06-19 09:49:32,REAL,2757966874,8605,2757975479,2757975479
2025-06-19 09:49:34,REAL,2757975479,10844,2757986323,2757986323
2025-06-19 09:49:36,REAL,2757986323,10246,2757996569,2757996569
2025-06-19 09:49:38,REAL,2757996569,10316,2758006885,2758006885
2025-06-19 09:49:40,REAL,2758006885,10250,2758017135,2758017135
2025-06-19 09:49:42,REAL,2758017135,10259,2758027394,2758027394
2025-06-19 09:49:44,REAL,2758027394,10325,2758037719,2758037719
2025-06-19 09:49:46,REAL,2758037719,8337,2758046056,2758046056
2025-06-19 09:49:48,REAL,2758046056,487,2758046543,2758046543
2025-06-19 09:49:50,REAL,2758046543,490,2758047033,2758047033
2025-06-19 09:49:52,REAL,2758047033,536,2758047569,2758047569
2025-06-19 09:49:54,REAL,2758047569,488,2758048057,2758048057
2025-06-19 09:49:56,REAL,2758048057,482,2758048539,2758048539
2025-06-19 09:49:58,REAL,2758048539,481,2758049020,2758049020
2025-06-19 09:50:00,REAL,2758049020,481,2758049501,2758049501
2025-06-19 09:50:02,REAL,2758049501,474,2758049975,2758049975
2025-06-19 09:50:04,REAL,2758049975,486,2758050461,2758050461
2025-06-19 09:50:06,REAL,2758050461,482,2758050943,2758050943
2025-06-19 09:50:08,REAL,2758050943,486,2758051429,2758051429
2025-06-19 09:50:10,REAL,2758051429,478,2758051907,2758051907
2025-06-19 09:50:12,REAL,2758051907,542,2758052449,2758052449
2025-06-19 09:50:14,REAL,2758052449,486,2758052935,2758052935
2025-06-19 09:50:16,REAL,2758052935,483,2758053418,2758053418
2025-06-19 09:50:18,REAL,2758053418,488,2758053906,2758053906
2025-06-19 09:50:20,REAL,2758053906,474,2758054380,2758054380
2025-06-19 09:50:22,REAL,2758054380,484,2758054864,2758054864
2025-06-19 09:50:24,REAL,2758054864,475,2758055339,2758055339
2025-06-19 09:50:26,REAL,2758055339,478,2758055817,2758055817
2025-06-19 09:50:28,REAL,2758055817,539,2758056356,2758056356
2025-06-19 09:50:30,REAL,2758056356,482,2758056838,2758056838
2025-06-19 09:50:32,REAL,2758056838,481,2758057319,2758057319
2025-06-19 09:50:34,REAL,2758057319,486,2758057805,2758057805
2025-06-19 09:50:36,REAL,2758057805,480,2758058285,2758058285
2025-06-19 09:50:38,REAL,2758058285,493,2758058778,2758058778
2025-06-19 09:50:40,REAL,2758058778,487,2758059265,2758059265
2025-06-19 09:50:42,REAL,2758059265,479,2758059744,2758059744
2025-06-19 09:50:44,REAL,2758059744,483,2758060227,2758060227
2025-06-19 09:50:46,REAL,2758060227,487,2758060714,2758060714
2025-06-19 09:50:48,REAL,2758060714,486,2758061200,2758061200
2025-06-19 09:50:50,REAL,2758061200,485,2758061685,2758061685
2025-06-19 09:50:52,REAL,2758061685,487,2758062172,2758062172
2025-06-19 09:50:54,REAL,2758062172,538,2758062710,2758062710
2025-06-19 09:50:56,REAL,2758062710,544,2758063254,2758063254
2025-06-19 09:50:58,REAL,2758063254,492,2758063746,2758063746
2025-06-19 09:51:00,REAL,2758063746,494,2758064240,2758064240
2025-06-19 09:51:02,REAL,2758064240,486,2758064726,2758064726
2025-06-19 09:51:04,REAL,2758064726,487,2758065213,2758065213
2025-06-19 09:51:06,REAL,2758065213,476,2758065689,2758065689
2025-06-19 09:51:08,REAL,2758065689,491,2758066180,2758066180
2025-06-19 09:51:10,REAL,2758066180,486,2758066666,2758066666
2025-06-19 09:51:12,REAL,2758066666,474,2758067140,2758067140
2025-06-19 09:51:14,REAL,2758067140,478,2758067618,2758067618
2025-06-19 09:51:16,REAL,2758067618,483,2758068101,2758068101
2025-06-19 09:51:18,REAL,2758068101,483,2758068584,2758068584
2025-06-19 09:51:20,REAL,2758068584,486,2758069070,2758069070
2025-06-19 09:51:22,REAL,2758069070,476,2758069546,2758069546
2025-06-19 09:51:24,REAL,2758069546,539,2758070085,2758070085
2025-06-19 09:51:26,REAL,2758070085,493,2758070578,2758070578
2025-06-19 09:51:28,REAL,2758070578,485,2758071063,2758071063
2025-06-19 09:51:30,REAL,2758071063,485,2758071548,2758071548
2025-06-19 09:51:32,REAL,2758071548,486,2758072034,2758072034
2025-06-19 09:51:34,REAL,2758072034,532,2758072566,2758072566
2025-06-19 09:51:36,REAL,2758072566,480,2758073046,2758073046
2025-06-19 09:51:38,REAL,2758073046,478,2758073524,2758073524
2025-06-19 09:51:40,REAL,2758073524,486,2758074010,2758074010
2025-06-19 09:51:42,REAL,2758074010,483,2758074493,2758074493
2025-06-19 09:51:44,REAL,2758074493,483,2758074976,2758074976
2025-06-19 09:51:46,REAL,2758074976,482,2758075458,2758075458
2025-06-19 09:51:48,REAL,2758075458,484,2758075942,2758075942
2025-06-19 09:51:50,REAL,2758075942,540,2758076482,2758076482
2025-06-19 09:51:52,REAL,2758076482,480,2758076962,2758076962
2025-06-19 09:51:54,REAL,2758076962,475,2758077437,2758077437
2025-06-19 09:51:56,REAL,2758077437,490,2758077927,2758077927
2025-06-19 09:51:58,REAL,2758077927,488,2758078415,2758078415
2025-06-19 09:52:00,REAL,2758078415,485,2758078900,2758078900
2025-06-19 09:52:02,REAL,2758078900,487,2758079387,2758079387
2025-06-19 09:52:04,REAL,2758079387,480,2758079867,2758079867
2025-06-19 09:52:06,REAL,2758079867,486,2758080353,2758080353
2025-06-19 09:52:08,REAL,2758080353,482,2758080835,2758080835
2025-06-19 09:52:10,REAL,2758080835,493,2758081328,2758081328
2025-06-19 09:52:12,REAL,2758081328,481,2758081809,2758081809
2025-06-19 09:52:14,REAL,2758081809,485,2758082294,2758082294
2025-06-19 09:52:16,REAL,2758082294,594,2758082888,2758082888
2025-06-19 09:52:18,REAL,2758082888,485,2758083373,2758083373
2025-06-19 09:52:20,REAL,2758083373,481,2758083854,2758083854
2025-06-19 09:52:22,REAL,2758083854,486,2758084340,2758084340
2025-06-19 09:52:24,REAL,2758084340,490,2758084830,2758084830
2025-06-19 09:52:26,REAL,2758084830,491,2758085321,2758085321
2025-06-19 09:52:28,REAL,2758085321,489,2758085810,2758085810
2025-06-19 09:52:30,REAL,2758085810,480,2758086290,2758086290
2025-06-19 09:52:32,REAL,2758086290,478,2758086768,2758086768
2025-06-19 09:52:34,REAL,2758086768,481,2758087249,2758087249
2025-06-19 09:52:36,REAL,2758087249,482,2758087731,2758087731
2025-06-19 09:52:38,REAL,2758087731,482,2758088213,2758088213
2025-06-19 09:52:40,REAL,2758088213,488,2758088701,2758088701
2025-06-19 09:52:42,REAL,2758088701,484,2758089185,2758089185
2025-06-19 09:52:44,REAL,2758089185,536,2758089721,2758089721
2025-06-19 09:52:46,REAL,2758089721,480,2758090201,2758090201
2025-06-19 09:52:48,REAL,2758090201,487,2758090688,2758090688
2025-06-19 09:52:50,REAL,2758090688,485,2758091173,2758091173
2025-06-19 09:52:52,REAL,2758091173,483,2758091656,2758091656
2025-06-19 09:52:54,REAL,2758091656,492,2758092148,2758092148
2025-06-19 09:52:56,REAL,2758092148,481,2758092629,2758092629
2025-06-19 09:52:58,REAL,2758092629,477,2758093106,2758093106
2025-06-19 09:53:00,REAL,2758093106,542,2758093648,2758093648
2025-06-19 09:53:02,REAL,2758093648,1284,2758094932,2758094932
2025-06-19 09:53:04,REAL,2758094932,12035,2758106967,2758106967
2025-06-19 09:53:06,REAL,2758106967,10319,2758117286,2758117286
2025-06-19 09:53:08,REAL,2758117286,10261,2758127547,2758127547
2025-06-19 09:53:10,REAL,2758127547,10252,2758137799,2758137799
2025-06-19 09:53:12,REAL,2758137799,10301,2758148100,2758148100
2025-06-19 09:53:14,REAL,2758148100,10317,2758158417,2758158417
2025-06-19 09:53:16,REAL,2758158417,10246,2758168663,2758168663
2025-06-19 09:53:18,REAL,2758168663,4644,2758173307,2758173307
2025-06-19 09:53:20,REAL,2758173307,484,2758173791,2758173791
2025-06-19 09:53:22,REAL,2758173791,489,2758174280,2758174280
2025-06-19 09:53:24,REAL,2758174280,494,2758174774,2758174774
2025-06-19 09:53:26,REAL,2758174774,474,2758175248,2758175248
2025-06-19 09:53:28,REAL,2758175248,493,2758175741,2758175741
2025-06-19 09:53:30,REAL,2758175741,480,2758176221,2758176221
2025-06-19 09:53:32,REAL,2758176221,490,2758176711,2758176711
2025-06-19 09:53:34,REAL,2758176711,2081,2758178792,2758178792
2025-06-19 09:53:36,REAL,2758178792,12094,2758190886,2758190886
2025-06-19 09:53:38,REAL,2758190886,10258,2758201144,2758201144
2025-06-19 09:53:40,REAL,2758201144,10304,2758211448,2758211448
2025-06-19 09:53:42,REAL,2758211448,10244,2758221692,2758221692
2025-06-19 09:53:44,REAL,2758221692,10249,2758231941,2758231941
2025-06-19 09:53:46,REAL,2758231941,10313,2758242254,2758242254
2025-06-19 09:53:48,REAL,2758242254,10251,2758252505,2758252505
2025-06-19 09:53:50,REAL,2758252505,3974,2758256479,2758256479
2025-06-19 09:53:52,REAL,2758256479,483,2758256962,2758256962
2025-06-19 09:53:54,REAL,2758256962,488,2758257450,2758257450
2025-06-19 09:53:56,REAL,2758257450,483,2758257933,2758257933
2025-06-19 09:53:58,REAL,2758257933,484,2758258417,2758258417
2025-06-19 09:54:00,REAL,2758258417,480,2758258897,2758258897
2025-06-19 09:54:02,REAL,2758258897,484,2758259381,2758259381
2025-06-19 09:54:04,REAL,2758259381,541,2758259922,2758259922
2025-06-19 09:54:06,REAL,2758259922,2866,2758262788,2758262788
2025-06-19 09:54:08,REAL,2758262788,11640,2758274428,2758274428
2025-06-19 09:54:10,REAL,2758274428,10315,2758284743,2758284743
2025-06-19 09:54:12,REAL,2758284743,10255,2758294998,2758294998
2025-06-19 09:54:14,REAL,2758294998,10248,2758305246,2758305246
2025-06-19 09:54:16,REAL,2758305246,10644,2758315890,2758315890
2025-06-19 09:54:18,REAL,2758315890,9927,2758325817,2758325817
2025-06-19 09:54:20,REAL,2758325817,10262,2758336079,2758336079
2025-06-19 09:54:22,REAL,2758336079,3394,2758339473,2758339473
2025-06-19 09:54:24,REAL,2758339473,483,2758339956,2758339956
2025-06-19 09:54:26,REAL,2758339956,480,2758340436,2758340436
2025-06-19 09:54:28,REAL,2758340436,484,2758340920,2758340920
2025-06-19 09:54:30,REAL,2758340920,488,2758341408,2758341408
2025-06-19 09:54:32,REAL,2758341408,539,2758341947,2758341947
2025-06-19 09:54:34,REAL,2758341947,492,2758342439,2758342439
2025-06-19 09:54:36,REAL,2758342439,478,2758342917,2758342917
2025-06-19 09:54:38,REAL,2758342917,482,2758343399,2758343399
2025-06-19 09:54:40,REAL,2758343399,486,2758343885,2758343885
2025-06-19 09:54:42,REAL,2758343885,489,2758344374,2758344374
2025-06-19 09:54:44,REAL,2758344374,478,2758344852,2758344852
2025-06-19 09:54:46,REAL,2758344852,480,2758345332,2758345332
2025-06-19 09:54:48,REAL,2758345332,482,2758345814,2758345814
2025-06-19 09:54:50,REAL,2758345814,484,2758346298,2758346298
2025-06-19 09:54:52,REAL,2758346298,531,2758346829,2758346829
2025-06-19 09:54:54,REAL,2758346829,482,2758347311,2758347311
2025-06-19 09:54:56,REAL,2758347311,479,2758347790,2758347790
2025-06-19 09:54:58,REAL,2758347790,481,2758348271,2758348271
2025-06-19 09:55:00,REAL,2758348271,538,2758348809,2758348809
2025-06-19 09:55:02,REAL,2758348809,478,2758349287,2758349287
2025-06-19 09:55:04,REAL,2758349287,484,2758349771,2758349771
2025-06-19 09:55:06,REAL,2758349771,241,2758350012,2758350012
2025-06-19 09:55:08,REAL,2758350012,491,2758350503,2758350503
2025-06-19 09:55:10,REAL,2758350503,479,2758350982,2758350982
2025-06-19 09:55:12,REAL,2758350982,478,2758351460,2758351460
2025-06-19 09:55:14,REAL,2758351460,485,2758351945,2758351945
2025-06-19 09:55:16,REAL,2758351945,11582,2758363527,2758363527
2025-06-19 09:55:18,REAL,2758363527,10326,2758373853,2758373853
2025-06-19 09:55:20,REAL,2758373853,10244,2758384097,2758384097
2025-06-19 09:55:22,REAL,2758384097,10253,2758394350,2758394350
2025-06-19 09:55:24,REAL,2758394350,10316,2758404666,2758404666
2025-06-19 09:55:26,REAL,2758404666,10242,2758414908,2758414908
2025-06-19 09:55:28,REAL,2758414908,10248,2758425156,2758425156
2025-06-19 09:55:30,REAL,2758425156,7079,2758432235,2758432235
2025-06-19 09:55:32,REAL,2758432235,489,2758432724,2758432724
2025-06-19 09:55:34,REAL,2758432724,484,2758433208,2758433208
2025-06-19 09:55:36,REAL,2758433208,483,2758433691,2758433691
2025-06-19 09:55:38,REAL,2758433691,480,2758434171,2758434171
2025-06-19 09:55:40,REAL,2758434171,489,2758434660,2758434660
2025-06-19 09:55:42,REAL,2758434660,493,2758435153,2758435153
2025-06-19 09:55:44,REAL,2758435153,491,2758435644,2758435644
2025-06-19 09:55:46,REAL,2758435644,491,2758436135,2758436135
2025-06-19 09:55:48,REAL,2758436135,485,2758436620,2758436620
2025-06-19 09:55:50,REAL,2758436620,477,2758437097,2758437097
2025-06-19 09:55:52,REAL,2758437097,491,2758437588,2758437588
2025-06-19 09:55:54,REAL,2758437588,482,2758438070,2758438070
2025-06-19 09:55:56,REAL,2758438070,482,2758438552,2758438552
2025-06-19 09:55:58,REAL,2758438552,479,2758439031,2758439031
2025-06-19 09:56:00,REAL,2758439031,601,2758439632,2758439632
2025-06-19 09:56:02,REAL,2758439632,486,2758440118,2758440118
2025-06-19 09:56:04,REAL,2758440118,485,2758440603,2758440603
2025-06-19 09:56:06,REAL,2758440603,486,2758441089,2758441089
2025-06-19 09:56:08,REAL,2758441089,482,2758441571,2758441571
2025-06-19 09:56:10,REAL,2758441571,481,2758442052,2758442052
2025-06-19 09:56:12,REAL,2758442052,479,2758442531,2758442531
2025-06-19 09:56:14,REAL,2758442531,478,2758443009,2758443009
2025-06-19 09:56:16,REAL,2758443009,482,2758443491,2758443491
2025-06-19 09:56:18,REAL,2758443491,493,2758443984,2758443984
2025-06-19 09:56:20,REAL,2758443984,476,2758444460,2758444460
2025-06-19 09:56:22,REAL,2758444460,478,2758444938,2758444938
2025-06-19 09:56:24,REAL,2758444938,483,2758445421,2758445421
2025-06-19 09:56:26,REAL,2758445421,486,2758445907,2758445907
2025-06-19 09:56:28,REAL,2758445907,480,2758446387,2758446387
2025-06-19 09:56:30,REAL,2758446387,482,2758446869,2758446869
2025-06-19 09:56:32,REAL,2758446869,537,2758447406,2758447406
2025-06-19 09:56:34,REAL,2758447406,490,2758447896,2758447896
2025-06-19 09:56:36,REAL,2758447896,484,2758448380,2758448380
2025-06-19 09:56:38,REAL,2758448380,485,2758448865,2758448865
2025-06-19 09:56:40,REAL,2758448865,490,2758449355,2758449355
2025-06-19 09:56:42,REAL,2758449355,485,2758449840,2758449840
2025-06-19 09:56:44,REAL,2758449840,539,2758450379,2758450379
2025-06-19 09:56:46,REAL,2758450379,484,2758450863,2758450863
2025-06-19 09:56:48,REAL,2758450863,488,2758451351,2758451351
2025-06-19 09:56:50,REAL,2758451351,489,2758451840,2758451840
2025-06-19 09:56:52,REAL,2758451840,481,2758452321,2758452321
2025-06-19 09:56:54,REAL,2758452321,482,2758452803,2758452803
2025-06-19 09:56:56,REAL,2758452803,486,2758453289,2758453289
2025-06-19 09:56:58,REAL,2758453289,485,2758453774,2758453774
2025-06-19 09:57:00,REAL,2758453774,483,2758454257,2758454257
2025-06-19 09:57:02,REAL,2758454257,532,2758454789,2758454789
2025-06-19 09:57:04,REAL,2758454789,479,2758455268,2758455268
2025-06-19 09:57:06,REAL,2758455268,485,2758455753,2758455753
2025-06-19 09:57:08,REAL,2758455753,487,2758456240,2758456240
2025-06-19 09:57:10,REAL,2758456240,489,2758456729,2758456729
2025-06-19 09:57:12,REAL,2758456729,488,2758457217,2758457217
2025-06-19 09:57:14,REAL,2758457217,488,2758457705,2758457705
2025-06-19 09:57:16,REAL,2758457705,486,2758458191,2758458191
2025-06-19 09:57:18,REAL,2758458191,482,2758458673,2758458673
2025-06-19 09:57:20,REAL,2758458673,484,2758459157,2758459157
2025-06-19 09:57:22,REAL,2758459157,489,2758459646,2758459646
2025-06-19 09:57:24,REAL,2758459646,482,2758460128,2758460128
2025-06-19 09:57:26,REAL,2758460128,491,2758460619,2758460619
2025-06-19 09:57:28,REAL,2758460619,488,2758461107,2758461107
2025-06-19 09:57:30,REAL,2758461107,533,2758461640,2758461640
2025-06-19 09:57:32,REAL,2758461640,538,2758462178,2758462178
2025-06-19 09:57:34,REAL,2758462178,481,2758462659,2758462659
2025-06-19 09:57:36,REAL,2758462659,475,2758463134,2758463134
2025-06-19 09:57:38,REAL,2758463134,482,2758463616,2758463616
2025-06-19 09:57:40,REAL,2758463616,480,2758464096,2758464096
2025-06-19 09:57:42,REAL,2758464096,491,2758464587,2758464587
2025-06-19 09:57:44,REAL,2758464587,488,2758465075,2758465075
2025-06-19 09:57:46,REAL,2758465075,481,2758465556,2758465556
2025-06-19 09:57:48,REAL,2758465556,480,2758466036,2758466036
2025-06-19 09:57:50,REAL,2758466036,489,2758466525,2758466525
2025-06-19 09:57:52,REAL,2758466525,483,2758467008,2758467008
2025-06-19 09:57:54,REAL,2758467008,491,2758467499,2758467499
2025-06-19 09:57:56,REAL,2758467499,484,2758467983,2758467983
2025-06-19 09:57:58,REAL,2758467983,485,2758468468,2758468468
2025-06-19 09:58:00,REAL,2758468468,486,2758468954,2758468954
2025-06-19 09:58:02,REAL,2758468954,483,2758469437,2758469437
2025-06-19 09:58:04,REAL,2758469437,541,2758469978,2758469978
2025-06-19 09:58:06,REAL,2758469978,490,2758470468,2758470468
2025-06-19 09:58:08,REAL,2758470468,481,2758470949,2758470949
2025-06-19 09:58:10,REAL,2758470949,483,2758471432,2758471432
2025-06-19 09:58:12,REAL,2758471432,492,2758471924,2758471924
2025-06-19 09:58:14,REAL,2758471924,535,2758472459,2758472459
2025-06-19 09:58:16,REAL,2758472459,488,2758472947,2758472947
2025-06-19 09:58:18,REAL,2758472947,718,2758473665,2758473665
2025-06-19 09:58:20,REAL,2758473665,240,2758473905,2758473905
2025-06-19 09:58:22,REAL,2758473905,475,2758474380,2758474380
2025-06-19 09:58:24,REAL,2758474380,486,2758474866,2758474866
2025-06-19 09:58:26,REAL,2758474866,8145,2758483011,2758483011
2025-06-19 09:58:28,REAL,2758483011,10780,2758493791,2758493791
2025-06-19 09:58:30,REAL,2758493791,10253,2758504044,2758504044
2025-06-19 09:58:32,REAL,2758504044,10255,2758514299,2758514299
2025-06-19 09:58:34,REAL,2758514299,10309,2758524608,2758524608
2025-06-19 09:58:36,REAL,2758524608,10255,2758534863,2758534863
2025-06-19 09:58:38,REAL,2758534863,10318,2758545181,2758545181
2025-06-19 09:58:40,REAL,2758545181,8406,2758553587,2758553587
2025-06-19 09:58:42,REAL,2758553587,491,2758554078,2758554078
2025-06-19 09:58:44,REAL,2758554078,480,2758554558,2758554558
2025-06-19 09:58:46,REAL,2758554558,487,2758555045,2758555045
2025-06-19 09:58:48,REAL,2758555045,490,2758555535,2758555535
2025-06-19 09:58:50,REAL,2758555535,487,2758556022,2758556022
2025-06-19 09:58:52,REAL,2758556022,481,2758556503,2758556503
2025-06-19 09:58:54,REAL,2758556503,485,2758556988,2758556988
2025-06-19 09:58:56,REAL,2758556988,483,2758557471,2758557471
2025-06-19 09:58:58,REAL,2758557471,9267,2758566738,2758566738
2025-06-19 09:59:00,REAL,2758566738,10508,2758577246,2758577246
2025-06-19 09:59:02,REAL,2758577246,10258,2758587504,2758587504
2025-06-19 09:59:04,REAL,2758587504,10306,2758597810,2758597810
2025-06-19 09:59:06,REAL,2758597810,10251,2758608061,2758608061
2025-06-19 09:59:08,REAL,2758608061,10319,2758618380,2758618380
2025-06-19 09:59:10,REAL,2758618380,10253,2758628633,2758628633
2025-06-19 09:59:12,REAL,2758628633,7808,2758636441,2758636441
2025-06-19 09:59:14,REAL,2758636441,479,2758636920,2758636920
2025-06-19 09:59:16,REAL,2758636920,483,2758637403,2758637403
2025-06-19 09:59:18,REAL,2758637403,483,2758637886,2758637886
2025-06-19 09:59:20,REAL,2758637886,485,2758638371,2758638371
2025-06-19 09:59:22,REAL,2758638371,491,2758638862,2758638862
2025-06-19 09:59:24,REAL,2758638862,485,2758639347,2758639347
2025-06-19 09:59:26,REAL,2758639347,490,2758639837,2758639837
2025-06-19 09:59:28,REAL,2758639837,484,2758640321,2758640321
2025-06-19 09:59:30,REAL,2758640321,10657,2758650978,2758650978
2025-06-19 09:59:32,REAL,2758650978,10654,2758661632,2758661632
2025-06-19 09:59:34,REAL,2758661632,10372,2758672004,2758672004
2025-06-19 09:59:36,REAL,2758672004,10308,2758682312,2758682312
2025-06-19 09:59:38,REAL,2758682312,10253,2758692565,2758692565
2025-06-19 09:59:40,REAL,2758692565,10253,2758702818,2758702818
2025-06-19 09:59:42,REAL,2758702818,10319,2758713137,2758713137
2025-06-19 09:59:44,REAL,2758713137,7220,2758720357,2758720357
2025-06-19 09:59:46,REAL,2758720357,484,2758720841,2758720841
2025-06-19 09:59:48,REAL,2758720841,485,2758721326,2758721326
2025-06-19 09:59:50,REAL,2758721326,484,2758721810,2758721810
2025-06-19 09:59:52,REAL,2758721810,484,2758722294,2758722294
2025-06-19 09:59:54,REAL,2758722294,488,2758722782,2758722782
2025-06-19 09:59:56,REAL,2758722782,483,2758723265,2758723265
2025-06-19 09:59:58,REAL,2758723265,487,2758723752,2758723752
2025-06-19 10:00:00,REAL,2758723752,483,2758724235,2758724235
2025-06-19 10:00:02,REAL,2758724235,10459,2758734694,2758734694
2025-06-19 10:00:04,REAL,2758734694,10383,2758745077,2758745077
2025-06-19 10:00:06,REAL,2758745077,10308,2758755385,2758755385
2025-06-19 10:00:08,REAL,2758755385,10322,2758765707,2758765707
2025-06-19 10:00:10,REAL,2758765707,10256,2758775963,2758775963
2025-06-19 10:00:12,REAL,2758775963,10261,2758786224,2758786224
2025-06-19 10:00:14,REAL,2758786224,10251,2758796475,2758796475
2025-06-19 10:00:16,REAL,2758796475,6613,2758803088,2758803088
2025-06-19 10:00:18,REAL,2758803088,488,2758803576,2758803576
2025-06-19 10:00:20,REAL,2758803576,478,2758804054,2758804054
2025-06-19 10:00:22,REAL,2758804054,484,2758804538,2758804538
2025-06-19 10:00:24,REAL,2758804538,486,2758805024,2758805024
2025-06-19 10:00:26,REAL,2758805024,486,2758805510,2758805510
2025-06-19 10:00:28,REAL,2758805510,481,2758805991,2758805991
2025-06-19 10:00:30,REAL,2758805991,483,2758806474,2758806474
2025-06-19 10:00:32,REAL,2758806474,483,2758806957,2758806957
2025-06-19 10:00:34,REAL,2758806957,488,2758807445,2758807445
2025-06-19 10:00:36,REAL,2758807445,537,2758807982,2758807982
2025-06-19 10:00:38,REAL,2758807982,536,2758808518,2758808518
2025-06-19 10:00:40,REAL,2758808518,479,2758808997,2758808997
2025-06-19 10:00:42,REAL,2758808997,482,2758809479,2758809479
2025-06-19 10:00:44,REAL,2758809479,484,2758809963,2758809963
2025-06-19 10:00:46,REAL,2758809963,486,2758810449,2758810449
2025-06-19 10:00:48,REAL,2758810449,486,2758810935,2758810935
2025-06-19 10:00:50,REAL,2758810935,490,2758811425,2758811425
2025-06-19 10:00:52,REAL,2758811425,477,2758811902,2758811902
2025-06-19 10:00:54,REAL,2758811902,483,2758812385,2758812385
2025-06-19 10:00:56,REAL,2758812385,486,2758812871,2758812871
2025-06-19 10:00:58,REAL,2758812871,488,2758813359,2758813359
2025-06-19 10:01:00,REAL,2758813359,545,2758813904,2758813904
2025-06-19 10:01:02,REAL,2758813904,484,2758814388,2758814388
2025-06-19 10:01:04,REAL,2758814388,484,2758814872,2758814872
2025-06-19 10:01:06,REAL,2758814872,488,2758815360,2758815360
2025-06-19 10:01:08,REAL,2758815360,489,2758815849,2758815849
2025-06-19 10:01:10,REAL,2758815849,482,2758816331,2758816331
2025-06-19 10:01:12,REAL,2758816331,476,2758816807,2758816807
2025-06-19 10:01:14,REAL,2758816807,549,2758817356,2758817356
2025-06-19 10:01:16,REAL,2758817356,486,2758817842,2758817842
2025-06-19 10:01:18,REAL,2758817842,476,2758818318,2758818318
2025-06-19 10:01:20,REAL,2758818318,484,2758818802,2758818802
2025-06-19 10:01:22,REAL,2758818802,488,2758819290,2758819290
2025-06-19 10:01:24,REAL,2758819290,539,2758819829,2758819829
2025-06-19 10:01:26,REAL,2758819829,482,2758820311,2758820311
2025-06-19 10:01:28,REAL,2758820311,475,2758820786,2758820786
2025-06-19 10:01:30,REAL,2758820786,482,2758821268,2758821268
2025-06-19 10:01:32,REAL,2758821268,484,2758821752,2758821752
2025-06-19 10:01:34,REAL,2758821752,482,2758822234,2758822234
2025-06-19 10:01:36,REAL,2758822234,487,2758822721,2758822721
2025-06-19 10:01:38,REAL,2758822721,481,2758823202,2758823202
2025-06-19 10:01:40,REAL,2758823202,488,2758823690,2758823690
2025-06-19 10:01:42,REAL,2758823690,490,2758824180,2758824180
2025-06-19 10:01:44,REAL,2758824180,483,2758824663,2758824663
2025-06-19 10:01:46,REAL,2758824663,536,2758825199,2758825199
2025-06-19 10:01:48,REAL,2758825199,486,2758825685,2758825685
2025-06-19 10:01:50,REAL,2758825685,481,2758826166,2758826166
2025-06-19 10:01:52,REAL,2758826166,541,2758826707,2758826707
2025-06-19 10:01:54,REAL,2758826707,479,2758827186,2758827186
2025-06-19 10:01:56,REAL,2758827186,488,2758827674,2758827674
2025-06-19 10:01:58,REAL,2758827674,7885,2758835559,2758835559
2025-06-19 10:02:00,REAL,2758835559,11048,2758846607,2758846607
2025-06-19 10:02:02,REAL,2758846607,10256,2758856863,2758856863
2025-06-19 10:02:04,REAL,2758856863,10251,2758867114,2758867114
2025-06-19 10:02:06,REAL,2758867114,10253,2758877367,2758877367
2025-06-19 10:02:08,REAL,2758877367,10261,2758887628,2758887628
2025-06-19 10:02:10,REAL,2758887628,10376,2758898004,2758898004
2025-06-19 10:02:12,REAL,2758898004,9197,2758907201,2758907201
2025-06-19 10:02:14,REAL,2758907201,490,2758907691,2758907691
2025-06-19 10:02:16,REAL,2758907691,491,2758908182,2758908182
2025-06-19 10:02:18,REAL,2758908182,485,2758908667,2758908667
2025-06-19 10:02:20,REAL,2758908667,483,2758909150,2758909150
2025-06-19 10:02:22,REAL,2758909150,477,2758909627,2758909627
2025-06-19 10:02:24,REAL,2758909627,480,2758910107,2758910107
2025-06-19 10:02:26,REAL,2758910107,488,2758910595,2758910595
2025-06-19 10:02:28,REAL,2758910595,484,2758911079,2758911079
2025-06-19 10:02:30,REAL,2758911079,8879,2758919958,2758919958
2025-06-19 10:02:32,REAL,2758919958,11179,2758931137,2758931137
2025-06-19 10:02:34,REAL,2758931137,10371,2758941508,2758941508
2025-06-19 10:02:36,REAL,2758941508,10256,2758951764,2758951764
2025-06-19 10:02:38,REAL,2758951764,10245,2758962009,2758962009
2025-06-19 10:02:40,REAL,2758962009,10248,2758972257,2758972257
2025-06-19 10:02:42,REAL,2758972257,10250,2758982507,2758982507
2025-06-19 10:02:44,REAL,2758982507,8665,2758991172,2758991172
2025-06-19 10:02:46,REAL,2758991172,479,2758991651,2758991651
2025-06-19 10:02:48,REAL,2758991651,480,2758992131,2758992131
2025-06-19 10:02:50,REAL,2758992131,484,2758992615,2758992615
2025-06-19 10:02:52,REAL,2758992615,481,2758993096,2758993096
2025-06-19 10:02:54,REAL,2758993096,487,2758993583,2758993583
2025-06-19 10:02:56,REAL,2758993583,489,2758994072,2758994072
2025-06-19 10:02:58,REAL,2758994072,540,2758994612,2758994612
2025-06-19 10:03:00,REAL,2758994612,479,2758995091,2758995091
2025-06-19 10:03:02,REAL,2758995091,482,2758995573,2758995573
2025-06-19 10:03:04,REAL,2758995573,480,2758996053,2758996053
2025-06-19 10:03:06,REAL,2758996053,486,2758996539,2758996539
2025-06-19 10:03:08,REAL,2758996539,532,2758997071,2758997071
2025-06-19 10:03:10,REAL,2758997071,483,2758997554,2758997554
2025-06-19 10:03:12,REAL,2758997554,491,2758998045,2758998045
2025-06-19 10:03:14,REAL,2758998045,485,2758998530,2758998530
2025-06-19 10:03:16,REAL,2758998530,484,2758999014,2758999014
2025-06-19 10:03:18,REAL,2758999014,478,2758999492,2758999492
2025-06-19 10:03:20,REAL,2758999492,542,2759000034,2759000034
2025-06-19 10:03:22,REAL,2759000034,481,2759000515,2759000515
2025-06-19 10:03:24,REAL,2759000515,484,2759000999,2759000999
2025-06-19 10:03:26,REAL,2759000999,484,2759001483,2759001483
2025-06-19 10:03:28,REAL,2759001483,489,2759001972,2759001972
2025-06-19 10:03:30,REAL,2759001972,482,2759002454,2759002454
2025-06-19 10:03:32,REAL,2759002454,483,2759002937,2759002937
2025-06-19 10:03:34,REAL,2759002937,491,2759003428,2759003428
2025-06-19 10:03:36,REAL,2759003428,484,2759003912,2759003912
2025-06-19 10:03:38,REAL,2759003912,530,2759004442,2759004442
2025-06-19 10:03:40,REAL,2759004442,478,2759004920,2759004920
2025-06-19 10:03:42,REAL,2759004920,487,2759005407,2759005407
2025-06-19 10:03:44,REAL,2759005407,539,2759005946,2759005946
2025-06-19 10:03:46,REAL,2759005946,474,2759006420,2759006420
2025-06-19 10:03:48,REAL,2759006420,479,2759006899,2759006899
2025-06-19 10:03:50,REAL,2759006899,485,2759007384,2759007384
2025-06-19 10:03:52,REAL,2759007384,484,2759007868,2759007868
2025-06-19 10:03:54,REAL,2759007868,486,2759008354,2759008354
2025-06-19 10:03:56,REAL,2759008354,487,2759008841,2759008841
2025-06-19 10:03:58,REAL,2759008841,477,2759009318,2759009318
2025-06-19 10:04:00,REAL,2759009318,489,2759009807,2759009807
2025-06-19 10:04:02,REAL,2759009807,487,2759010294,2759010294
2025-06-19 10:04:04,REAL,2759010294,4197,2759014491,2759014491
2025-06-19 10:04:06,REAL,2759014491,11504,2759025995,2759025995
2025-06-19 10:04:08,REAL,2759025995,10306,2759036301,2759036301
2025-06-19 10:04:10,REAL,2759036301,10321,2759046622,2759046622
2025-06-19 10:04:12,REAL,2759046622,10251,2759056873,2759056873
2025-06-19 10:04:14,REAL,2759056873,10251,2759067124,2759067124
2025-06-19 10:04:16,REAL,2759067124,10252,2759077376,2759077376
2025-06-19 10:04:18,REAL,2759077376,10314,2759087690,2759087690
2025-06-19 10:04:20,REAL,2759087690,2207,2759089897,2759089897
2025-06-19 10:04:22,REAL,2759089897,483,2759090380,2759090380
2025-06-19 10:04:24,REAL,2759090380,476,2759090856,2759090856
2025-06-19 10:04:26,REAL,2759090856,476,2759091332,2759091332
2025-06-19 10:04:28,REAL,2759091332,485,2759091817,2759091817
2025-06-19 10:04:30,REAL,2759091817,543,2759092360,2759092360
2025-06-19 10:04:32,REAL,2759092360,479,2759092839,2759092839
2025-06-19 10:04:34,REAL,2759092839,532,2759093371,2759093371
2025-06-19 10:04:36,REAL,2759093371,482,2759093853,2759093853
2025-06-19 10:04:38,REAL,2759093853,484,2759094337,2759094337
2025-06-19 10:04:40,REAL,2759094337,477,2759094814,2759094814
2025-06-19 10:04:42,REAL,2759094814,483,2759095297,2759095297
2025-06-19 10:04:44,REAL,2759095297,476,2759095773,2759095773
2025-06-19 10:04:46,REAL,2759095773,484,2759096257,2759096257
2025-06-19 10:04:48,REAL,2759096257,481,2759096738,2759096738
2025-06-19 10:04:50,REAL,2759096738,481,2759097219,2759097219
2025-06-19 10:04:52,REAL,2759097219,541,2759097760,2759097760
2025-06-19 10:04:54,REAL,2759097760,490,2759098250,2759098250
2025-06-19 10:04:56,REAL,2759098250,490,2759098740,2759098740
2025-06-19 10:04:58,REAL,2759098740,488,2759099228,2759099228
2025-06-19 10:05:00,REAL,2759099228,477,2759099705,2759099705
2025-06-19 10:05:02,REAL,2759099705,475,2759100180,2759100180
2025-06-19 10:05:04,REAL,2759100180,548,2759100728,2759100728
2025-06-19 10:05:06,REAL,2759100728,481,2759101209,2759101209
2025-06-19 10:05:08,REAL,2759101209,489,2759101698,2759101698
2025-06-19 10:05:10,REAL,2759101698,483,2759102181,2759102181
2025-06-19 10:05:12,REAL,2759102181,482,2759102663,2759102663
2025-06-19 10:05:14,REAL,2759102663,546,2759103209,2759103209
2025-06-19 10:05:16,REAL,2759103209,492,2759103701,2759103701
2025-06-19 10:05:18,REAL,2759103701,483,2759104184,2759104184
2025-06-19 10:05:20,REAL,2759104184,481,2759104665,2759104665
2025-06-19 10:05:22,REAL,2759104665,491,2759105156,2759105156
2025-06-19 10:05:24,REAL,2759105156,487,2759105643,2759105643
2025-06-19 10:05:26,REAL,2759105643,483,2759106126,2759106126
2025-06-19 10:05:28,REAL,2759106126,488,2759106614,2759106614
2025-06-19 10:05:30,REAL,2759106614,489,2759107103,2759107103
2025-06-19 10:05:32,REAL,2759107103,541,2759107644,2759107644
2025-06-19 10:05:34,REAL,2759107644,5837,2759113481,2759113481
2025-06-19 10:05:36,REAL,2759113481,10977,2759124458,2759124458
2025-06-19 10:05:38,REAL,2759124458,10252,2759134710,2759134710
2025-06-19 10:05:40,REAL,2759134710,10252,2759144962,2759144962
2025-06-19 10:05:42,REAL,2759144962,10258,2759155220,2759155220
2025-06-19 10:05:44,REAL,2759155220,10253,2759165473,2759165473
2025-06-19 10:05:46,REAL,2759165473,10321,2759175794,2759175794
2025-06-19 10:05:48,REAL,2759175794,10260,2759186054,2759186054
2025-06-19 10:05:50,REAL,2759186054,747,2759186801,2759186801
2025-06-19 10:05:52,REAL,2759186801,488,2759187289,2759187289
2025-06-19 10:05:54,REAL,2759187289,538,2759187827,2759187827
2025-06-19 10:05:56,REAL,2759187827,12374,2759200201,2759200201
2025-06-19 10:05:58,REAL,2759200201,10247,2759210448,2759210448
2025-06-19 10:06:00,REAL,2759210448,10245,2759220693,2759220693
2025-06-19 10:06:02,REAL,2759220693,10314,2759231007,2759231007
2025-06-19 10:06:04,REAL,2759231007,10249,2759241256,2759241256
2025-06-19 10:06:06,REAL,2759241256,10311,2759251567,2759251567
2025-06-19 10:06:08,REAL,2759251567,10256,2759261823,2759261823
2025-06-19 10:06:10,REAL,2759261823,5373,2759267196,2759267196
2025-06-19 10:06:12,REAL,2759267196,481,2759267677,2759267677
2025-06-19 10:06:14,REAL,2759267677,479,2759268156,2759268156
2025-06-19 10:06:16,REAL,2759268156,489,2759268645,2759268645
2025-06-19 10:06:18,REAL,2759268645,488,2759269133,2759269133
2025-06-19 10:06:20,REAL,2759269133,483,2759269616,2759269616
2025-06-19 10:06:22,REAL,2759269616,494,2759270110,2759270110
2025-06-19 10:06:24,REAL,2759270110,537,2759270647,2759270647
2025-06-19 10:06:26,REAL,2759270647,490,2759271137,2759271137
2025-06-19 10:06:28,REAL,2759271137,481,2759271618,2759271618
2025-06-19 10:06:30,REAL,2759271618,487,2759272105,2759272105
2025-06-19 10:06:32,REAL,2759272105,548,2759272653,2759272653
2025-06-19 10:06:34,REAL,2759272653,484,2759273137,2759273137
2025-06-19 10:06:36,REAL,2759273137,484,2759273621,2759273621
2025-06-19 10:06:38,REAL,2759273621,490,2759274111,2759274111
2025-06-19 10:06:40,REAL,2759274111,479,2759274590,2759274590
2025-06-19 10:06:42,REAL,2759274590,482,2759275072,2759275072
2025-06-19 10:06:44,REAL,2759275072,488,2759275560,2759275560
2025-06-19 10:06:46,REAL,2759275560,489,2759276049,2759276049
2025-06-19 10:06:48,REAL,2759276049,478,2759276527,2759276527
2025-06-19 10:06:50,REAL,2759276527,494,2759277021,2759277021
2025-06-19 10:06:52,REAL,2759277021,538,2759277559,2759277559
2025-06-19 10:06:54,REAL,2759277559,481,2759278040,2759278040
2025-06-19 10:06:56,REAL,2759278040,485,2759278525,2759278525
2025-06-19 10:06:58,REAL,2759278525,482,2759279007,2759279007
2025-06-19 10:07:00,REAL,2759279007,492,2759279499,2759279499
2025-06-19 10:07:02,REAL,2759279499,484,2759279983,2759279983
2025-06-19 10:07:04,REAL,2759279983,485,2759280468,2759280468
2025-06-19 10:07:06,REAL,2759280468,480,2759280948,2759280948
2025-06-19 10:07:08,REAL,2759280948,486,2759281434,2759281434
2025-06-19 10:07:10,REAL,2759281434,484,2759281918,2759281918
2025-06-19 10:07:12,REAL,2759281918,532,2759282450,2759282450
2025-06-19 10:07:14,REAL,2759282450,485,2759282935,2759282935
2025-06-19 10:07:16,REAL,2759282935,487,2759283422,2759283422
2025-06-19 10:07:18,REAL,2759283422,486,2759283908,2759283908
2025-06-19 10:07:20,REAL,2759283908,474,2759284382,2759284382
2025-06-19 10:07:22,REAL,2759284382,532,2759284914,2759284914
2025-06-19 10:07:24,REAL,2759284914,481,2759285395,2759285395
2025-06-19 10:07:26,REAL,2759285395,491,2759285886,2759285886
2025-06-19 10:07:28,REAL,2759285886,483,2759286369,2759286369
2025-06-19 10:07:30,REAL,2759286369,482,2759286851,2759286851
2025-06-19 10:07:32,REAL,2759286851,484,2759287335,2759287335
2025-06-19 10:07:34,REAL,2759287335,478,2759287813,2759287813
2025-06-19 10:07:36,REAL,2759287813,489,2759288302,2759288302
2025-06-19 10:07:38,REAL,2759288302,479,2759288781,2759288781
2025-06-19 10:07:40,REAL,2759288781,493,2759289274,2759289274
2025-06-19 10:07:42,REAL,2759289274,487,2759289761,2759289761
2025-06-19 10:07:44,REAL,2759289761,480,2759290241,2759290241
2025-06-19 10:07:46,REAL,2759290241,477,2759290718,2759290718
2025-06-19 10:07:48,REAL,2759290718,493,2759291211,2759291211
2025-06-19 10:07:50,REAL,2759291211,542,2759291753,2759291753
2025-06-19 10:07:52,REAL,2759291753,544,2759292297,2759292297
2025-06-19 10:07:54,REAL,2759292297,489,2759292786,2759292786
2025-06-19 10:07:56,REAL,2759292786,489,2759293275,2759293275
2025-06-19 10:07:58,REAL,2759293275,483,2759293758,2759293758
2025-06-19 10:08:00,REAL,2759293758,478,2759294236,2759294236
2025-06-19 10:08:02,REAL,2759294236,482,2759294718,2759294718
2025-06-19 10:08:04,REAL,2759294718,479,2759295197,2759295197
2025-06-19 10:08:06,REAL,2759295197,481,2759295678,2759295678
2025-06-19 10:08:08,REAL,2759295678,489,2759296167,2759296167
2025-06-19 10:08:10,REAL,2759296167,483,2759296650,2759296650
2025-06-19 10:08:12,REAL,2759296650,480,2759297130,2759297130
2025-06-19 10:08:14,REAL,2759297130,491,2759297621,2759297621
2025-06-19 10:08:16,REAL,2759297621,485,2759298106,2759298106
2025-06-19 10:08:18,REAL,2759298106,482,2759298588,2759298588
2025-06-19 10:08:20,REAL,2759298588,485,2759299073,2759299073
2025-06-19 10:08:22,REAL,2759299073,536,2759299609,2759299609
2025-06-19 10:08:24,REAL,2759299609,485,2759300094,2759300094
2025-06-19 10:08:26,REAL,2759300094,485,2759300579,2759300579
2025-06-19 10:08:28,REAL,2759300579,485,2759301064,2759301064
2025-06-19 10:08:30,REAL,2759301064,537,2759301601,2759301601
2025-06-19 10:08:32,REAL,2759301601,491,2759302092,2759302092
2025-06-19 10:08:34,REAL,2759302092,483,2759302575,2759302575
2025-06-19 10:08:36,REAL,2759302575,485,2759303060,2759303060
2025-06-19 10:08:38,REAL,2759303060,483,2759303543,2759303543
2025-06-19 10:08:40,REAL,2759303543,479,2759304022,2759304022
2025-06-19 10:08:42,REAL,2759304022,479,2759304501,2759304501
2025-06-19 10:08:44,REAL,2759304501,484,2759304985,2759304985
2025-06-19 10:08:46,REAL,2759304985,538,2759305523,2759305523
2025-06-19 10:08:48,REAL,2759305523,478,2759306001,2759306001
2025-06-19 10:08:50,REAL,2759306001,489,2759306490,2759306490
2025-06-19 10:08:52,REAL,2759306490,479,2759306969,2759306969
2025-06-19 10:08:54,REAL,2759306969,483,2759307452,2759307452
2025-06-19 10:08:56,REAL,2759307452,484,2759307936,2759307936
2025-06-19 10:08:58,REAL,2759307936,484,2759308420,2759308420
2025-06-19 10:09:00,REAL,2759308420,493,2759308913,2759308913
2025-06-19 10:09:02,REAL,2759308913,488,2759309401,2759309401
2025-06-19 10:09:04,REAL,2759309401,484,2759309885,2759309885
2025-06-19 10:09:06,REAL,2759309885,479,2759310364,2759310364
2025-06-19 10:09:08,REAL,2759310364,3389,2759313753,2759313753
2025-06-19 10:09:10,REAL,2759313753,11770,2759325523,2759325523
2025-06-19 10:09:12,REAL,2759325523,10251,2759335774,2759335774
2025-06-19 10:09:14,REAL,2759335774,10257,2759346031,2759346031
2025-06-19 10:09:16,REAL,2759346031,10318,2759356349,2759356349
2025-06-19 10:09:18,REAL,2759356349,10248,2759366597,2759366597
2025-06-19 10:09:20,REAL,2759366597,10252,2759376849,2759376849
2025-06-19 10:09:22,REAL,2759376849,10316,2759387165,2759387165
2025-06-19 10:09:24,REAL,2759387165,2797,2759389962,2759389962
2025-06-19 10:09:26,REAL,2759389962,484,2759390446,2759390446
2025-06-19 10:09:28,REAL,2759390446,494,2759390940,2759390940
2025-06-19 10:09:30,REAL,2759390940,482,2759391422,2759391422
2025-06-19 10:09:32,REAL,2759391422,545,2759391967,2759391967
2025-06-19 10:09:34,REAL,2759391967,488,2759392455,2759392455
2025-06-19 10:09:36,REAL,2759392455,478,2759392933,2759392933
2025-06-19 10:09:38,REAL,2759392933,490,2759393423,2759393423
2025-06-19 10:09:40,REAL,2759393423,4116,2759397539,2759397539
2025-06-19 10:09:42,REAL,2759397539,11636,2759409175,2759409175
2025-06-19 10:09:44,REAL,2759409175,10245,2759419420,2759419420
2025-06-19 10:09:46,REAL,2759419420,10257,2759429677,2759429677
2025-06-19 10:09:48,REAL,2759429677,10308,2759439985,2759439985
2025-06-19 10:09:50,REAL,2759439985,10256,2759450241,2759450241
2025-06-19 10:09:52,REAL,2759450241,10253,2759460494,2759460494
2025-06-19 10:09:54,REAL,2759460494,10253,2759470747,2759470747
2025-06-19 10:09:56,REAL,2759470747,2199,2759472946,2759472946
2025-06-19 10:09:58,REAL,2759472946,483,2759473429,2759473429
2025-06-19 10:10:00,REAL,2759473429,487,2759473916,2759473916
2025-06-19 10:10:02,REAL,2759473916,10330,2759484246,2759484246
2025-06-19 10:10:04,REAL,2759484246,10455,2759494701,2759494701
2025-06-19 10:10:06,REAL,2759494701,10319,2759505020,2759505020
2025-06-19 10:10:08,REAL,2759505020,10254,2759515274,2759515274
2025-06-19 10:10:10,REAL,2759515274,10253,2759525527,2759525527
2025-06-19 10:10:12,REAL,2759525527,10312,2759535839,2759535839
2025-06-19 10:10:14,REAL,2759535839,10252,2759546091,2759546091
2025-06-19 10:10:16,REAL,2759546091,6758,2759552849,2759552849
2025-06-19 10:10:18,REAL,2759552849,486,2759553335,2759553335
2025-06-19 10:10:20,REAL,2759553335,477,2759553812,2759553812
2025-06-19 10:10:22,REAL,2759553812,480,2759554292,2759554292
2025-06-19 10:10:24,REAL,2759554292,482,2759554774,2759554774
2025-06-19 10:10:26,REAL,2759554774,589,2759555363,2759555363
2025-06-19 10:10:28,REAL,2759555363,483,2759555846,2759555846
2025-06-19 10:10:30,REAL,2759555846,490,2759556336,2759556336
2025-06-19 10:10:32,REAL,2759556336,483,2759556819,2759556819
2025-06-19 10:10:34,REAL,2759556819,11257,2759568076,2759568076
2025-06-19 10:10:36,REAL,2759568076,10318,2759578394,2759578394
2025-06-19 10:10:38,REAL,2759578394,10247,2759588641,2759588641
2025-06-19 10:10:40,REAL,2759588641,10250,2759598891,2759598891
2025-06-19 10:10:42,REAL,2759598891,10249,2759609140,2759609140
2025-06-19 10:10:44,REAL,2759609140,10321,2759619461,2759619461
2025-06-19 10:10:46,REAL,2759619461,10251,2759629712,2759629712
2025-06-19 10:10:48,REAL,2759629712,6091,2759635803,2759635803
2025-06-19 10:10:50,REAL,2759635803,484,2759636287,2759636287
2025-06-19 10:10:52,REAL,2759636287,486,2759636773,2759636773
2025-06-19 10:10:54,REAL,2759636773,486,2759637259,2759637259
2025-06-19 10:10:56,REAL,2759637259,494,2759637753,2759637753
2025-06-19 10:10:58,REAL,2759637753,543,2759638296,2759638296
2025-06-19 10:11:00,REAL,2759638296,479,2759638775,2759638775
2025-06-19 10:11:02,REAL,2759638775,540,2759639315,2759639315
2025-06-19 10:11:04,REAL,2759639315,478,2759639793,2759639793
2025-06-19 10:11:06,REAL,2759639793,493,2759640286,2759640286
2025-06-19 10:11:08,REAL,2759640286,482,2759640768,2759640768
2025-06-19 10:11:10,REAL,2759640768,486,2759641254,2759641254
2025-06-19 10:11:12,REAL,2759641254,486,2759641740,2759641740
2025-06-19 10:11:14,REAL,2759641740,478,2759642218,2759642218
2025-06-19 10:11:16,REAL,2759642218,481,2759642699,2759642699
2025-06-19 10:11:18,REAL,2759642699,488,2759643187,2759643187
2025-06-19 10:11:20,REAL,2759643187,479,2759643666,2759643666
2025-06-19 10:11:22,REAL,2759643666,484,2759644150,2759644150
2025-06-19 10:11:24,REAL,2759644150,545,2759644695,2759644695
2025-06-19 10:11:26,REAL,2759644695,491,2759645186,2759645186
2025-06-19 10:11:28,REAL,2759645186,486,2759645672,2759645672
2025-06-19 10:11:30,REAL,2759645672,484,2759646156,2759646156
2025-06-19 10:11:32,REAL,2759646156,483,2759646639,2759646639
2025-06-19 10:11:34,REAL,2759646639,478,2759647117,2759647117
2025-06-19 10:11:36,REAL,2759647117,483,2759647600,2759647600
2025-06-19 10:11:38,REAL,2759647600,545,2759648145,2759648145
2025-06-19 10:11:40,REAL,2759648145,239,2759648384,2759648384
2025-06-19 10:11:42,REAL,2759648384,481,2759648865,2759648865
2025-06-19 10:11:44,REAL,2759648865,482,2759649347,2759649347
2025-06-19 10:11:46,REAL,2759649347,489,2759649836,2759649836
2025-06-19 10:11:48,REAL,2759649836,537,2759650373,2759650373
2025-06-19 10:11:50,REAL,2759650373,485,2759650858,2759650858
2025-06-19 10:11:52,REAL,2759650858,485,2759651343,2759651343
2025-06-19 10:11:54,REAL,2759651343,487,2759651830,2759651830
2025-06-19 10:11:56,REAL,2759651830,481,2759652311,2759652311
2025-06-19 10:11:58,REAL,2759652311,479,2759652790,2759652790
2025-06-19 10:12:00,REAL,2759652790,484,2759653274,2759653274
2025-06-19 10:12:02,REAL,2759653274,477,2759653751,2759653751
2025-06-19 10:12:04,REAL,2759653751,489,2759654240,2759654240
2025-06-19 10:12:06,REAL,2759654240,486,2759654726,2759654726
2025-06-19 10:12:08,REAL,2759654726,486,2759655212,2759655212
2025-06-19 10:12:10,REAL,2759655212,486,2759655698,2759655698
2025-06-19 10:12:12,REAL,2759655698,482,2759656180,2759656180
2025-06-19 10:12:14,REAL,2759656180,533,2759656713,2759656713
2025-06-19 10:12:16,REAL,2759656713,543,2759657256,2759657256
2025-06-19 10:12:18,REAL,2759657256,481,2759657737,2759657737
2025-06-19 10:12:20,REAL,2759657737,492,2759658229,2759658229
2025-06-19 10:12:22,REAL,2759658229,480,2759658709,2759658709
2025-06-19 10:12:24,REAL,2759658709,484,2759659193,2759659193
2025-06-19 10:12:26,REAL,2759659193,493,2759659686,2759659686
2025-06-19 10:12:28,REAL,2759659686,482,2759660168,2759660168
2025-06-19 10:12:30,REAL,2759660168,481,2759660649,2759660649
2025-06-19 10:12:32,REAL,2759660649,485,2759661134,2759661134
2025-06-19 10:12:34,REAL,2759661134,486,2759661620,2759661620
2025-06-19 10:12:36,REAL,2759661620,478,2759662098,2759662098
2025-06-19 10:12:38,REAL,2759662098,481,2759662579,2759662579
2025-06-19 10:12:40,REAL,2759662579,540,2759663119,2759663119
2025-06-19 10:12:42,REAL,2759663119,485,2759663604,2759663604
2025-06-19 10:12:44,REAL,2759663604,486,2759664090,2759664090
2025-06-19 10:12:46,REAL,2759664090,492,2759664582,2759664582
2025-06-19 10:12:48,REAL,2759664582,492,2759665074,2759665074
2025-06-19 10:12:50,REAL,2759665074,489,2759665563,2759665563
2025-06-19 10:12:52,REAL,2759665563,535,2759666098,2759666098
2025-06-19 10:12:54,REAL,2759666098,490,2759666588,2759666588
2025-06-19 10:12:56,REAL,2759666588,481,2759667069,2759667069
2025-06-19 10:12:58,REAL,2759667069,488,2759667557,2759667557
2025-06-19 10:13:00,REAL,2759667557,480,2759668037,2759668037
2025-06-19 10:13:02,REAL,2759668037,492,2759668529,2759668529
2025-06-19 10:13:04,REAL,2759668529,477,2759669006,2759669006
2025-06-19 10:13:06,REAL,2759669006,544,2759669550,2759669550
2025-06-19 10:13:08,REAL,2759669550,481,2759670031,2759670031
2025-06-19 10:13:10,REAL,2759670031,482,2759670513,2759670513
2025-06-19 10:13:12,REAL,2759670513,484,2759670997,2759670997
2025-06-19 10:13:14,REAL,2759670997,486,2759671483,2759671483
2025-06-19 10:13:16,REAL,2759671483,484,2759671967,2759671967
2025-06-19 10:13:18,REAL,2759671967,490,2759672457,2759672457
2025-06-19 10:13:20,REAL,2759672457,485,2759672942,2759672942
2025-06-19 10:13:22,REAL,2759672942,484,2759673426,2759673426
2025-06-19 10:13:24,REAL,2759673426,480,2759673906,2759673906
2025-06-19 10:13:26,REAL,2759673906,483,2759674389,2759674389
2025-06-19 10:13:28,REAL,2759674389,538,2759674927,2759674927
2025-06-19 10:13:30,REAL,2759674927,476,2759675403,2759675403
2025-06-19 10:13:32,REAL,2759675403,481,2759675884,2759675884
2025-06-19 10:13:34,REAL,2759675884,536,2759676420,2759676420
2025-06-19 10:13:36,REAL,2759676420,485,2759676905,2759676905
2025-06-19 10:13:38,REAL,2759676905,492,2759677397,2759677397
2025-06-19 10:13:40,REAL,2759677397,483,2759677880,2759677880
2025-06-19 10:13:42,REAL,2759677880,479,2759678359,2759678359
2025-06-19 10:13:44,REAL,2759678359,484,2759678843,2759678843
2025-06-19 10:13:46,REAL,2759678843,489,2759679332,2759679332
2025-06-19 10:13:48,REAL,2759679332,487,2759679819,2759679819
2025-06-19 10:13:50,REAL,2759679819,485,2759680304,2759680304
2025-06-19 10:13:52,REAL,2759680304,480,2759680784,2759680784
2025-06-19 10:13:54,REAL,2759680784,481,2759681265,2759681265
2025-06-19 10:13:56,REAL,2759681265,488,2759681753,2759681753
2025-06-19 10:13:58,REAL,2759681753,485,2759682238,2759682238
2025-06-19 10:14:00,REAL,2759682238,488,2759682726,2759682726
2025-06-19 10:14:02,REAL,2759682726,487,2759683213,2759683213
2025-06-19 10:14:04,REAL,2759683213,603,2759683816,2759683816
2025-06-19 10:14:06,REAL,2759683816,484,2759684300,2759684300
2025-06-19 10:14:08,REAL,2759684300,485,2759684785,2759684785
2025-06-19 10:14:10,REAL,2759684785,486,2759685271,2759685271
2025-06-19 10:14:12,REAL,2759685271,478,2759685749,2759685749
2025-06-19 10:14:14,REAL,2759685749,481,2759686230,2759686230
2025-06-19 10:14:16,REAL,2759686230,481,2759686711,2759686711
2025-06-19 10:14:18,REAL,2759686711,489,2759687200,2759687200
2025-06-19 10:14:20,REAL,2759687200,480,2759687680,2759687680
2025-06-19 10:14:22,REAL,2759687680,482,2759688162,2759688162
2025-06-19 10:14:24,REAL,2759688162,485,2759688647,2759688647
2025-06-19 10:14:26,REAL,2759688647,487,2759689134,2759689134
2025-06-19 10:14:28,REAL,2759689134,483,2759689617,2759689617
2025-06-19 10:14:30,REAL,2759689617,482,2759690099,2759690099
2025-06-19 10:14:32,REAL,2759690099,543,2759690642,2759690642
2025-06-19 10:14:34,REAL,2759690642,491,2759691133,2759691133
2025-06-19 10:14:36,REAL,2759691133,484,2759691617,2759691617
2025-06-19 10:14:38,REAL,2759691617,483,2759692100,2759692100
2025-06-19 10:14:40,REAL,2759692100,532,2759692632,2759692632
2025-06-19 10:14:42,REAL,2759692632,484,2759693116,2759693116
2025-06-19 10:14:44,REAL,2759693116,477,2759693593,2759693593
2025-06-19 10:14:46,REAL,2759693593,480,2759694073,2759694073
2025-06-19 10:14:48,REAL,2759694073,486,2759694559,2759694559
2025-06-19 10:14:50,REAL,2759694559,487,2759695046,2759695046
2025-06-19 10:14:52,REAL,2759695046,487,2759695533,2759695533
2025-06-19 10:14:54,REAL,2759695533,479,2759696012,2759696012
2025-06-19 10:14:56,REAL,2759696012,485,2759696497,2759696497
2025-06-19 10:14:58,REAL,2759696497,483,2759696980,2759696980
2025-06-19 10:15:00,REAL,2759696980,533,2759697513,2759697513
2025-06-19 10:15:02,REAL,2759697513,484,2759697997,2759697997
2025-06-19 10:15:04,REAL,2759697997,485,2759698482,2759698482
2025-06-19 10:15:06,REAL,2759698482,478,2759698960,2759698960
2025-06-19 10:15:08,REAL,2759698960,475,2759699435,2759699435
2025-06-19 10:15:10,REAL,2759699435,491,2759699926,2759699926
2025-06-19 10:15:12,REAL,2759699926,488,2759700414,2759700414
2025-06-19 10:15:14,REAL,2759700414,483,2759700897,2759700897
2025-06-19 10:15:16,REAL,2759700897,479,2759701376,2759701376
2025-06-19 10:15:18,REAL,2759701376,5698,2759707074,2759707074
2025-06-19 10:15:20,REAL,2759707074,13424,2759720498,2759720498
2025-06-19 10:15:22,REAL,2759720498,10247,2759730745,2759730745
2025-06-19 10:15:24,REAL,2759730745,10251,2759740996,2759740996
2025-06-19 10:15:26,REAL,2759740996,10647,2759751643,2759751643
2025-06-19 10:15:28,REAL,2759751643,9923,2759761566,2759761566
2025-06-19 10:15:30,REAL,2759761566,10252,2759771818,2759771818
2025-06-19 10:15:32,REAL,2759771818,10252,2759782070,2759782070
2025-06-19 10:15:34,REAL,2759782070,1140,2759783210,2759783210
2025-06-19 10:15:36,REAL,2759783210,488,2759783698,2759783698
2025-06-19 10:15:38,REAL,2759783698,493,2759784191,2759784191
2025-06-19 10:15:40,REAL,2759784191,475,2759784666,2759784666
2025-06-19 10:15:42,REAL,2759784666,539,2759785205,2759785205
2025-06-19 10:15:44,REAL,2759785205,493,2759785698,2759785698
2025-06-19 10:15:46,REAL,2759785698,490,2759786188,2759786188
2025-06-19 10:15:48,REAL,2759786188,538,2759786726,2759786726
2025-06-19 10:15:50,REAL,2759786726,483,2759787209,2759787209
2025-06-19 10:15:52,REAL,2759787209,479,2759787688,2759787688
2025-06-19 10:15:54,REAL,2759787688,493,2759788181,2759788181
2025-06-19 10:15:56,REAL,2759788181,481,2759788662,2759788662
2025-06-19 10:15:58,REAL,2759788662,485,2759789147,2759789147
2025-06-19 10:16:00,REAL,2759789147,476,2759789623,2759789623
2025-06-19 10:16:02,REAL,2759789623,478,2759790101,2759790101
2025-06-19 10:16:04,REAL,2759790101,539,2759790640,2759790640
2025-06-19 10:16:06,REAL,2759790640,489,2759791129,2759791129
2025-06-19 10:16:08,REAL,2759791129,486,2759791615,2759791615
2025-06-19 10:16:10,REAL,2759791615,484,2759792099,2759792099
2025-06-19 10:16:12,REAL,2759792099,488,2759792587,2759792587
2025-06-19 10:16:14,REAL,2759792587,482,2759793069,2759793069
2025-06-19 10:16:16,REAL,2759793069,537,2759793606,2759793606
2025-06-19 10:16:18,REAL,2759793606,475,2759794081,2759794081
2025-06-19 10:16:20,REAL,2759794081,489,2759794570,2759794570
2025-06-19 10:16:22,REAL,2759794570,482,2759795052,2759795052
2025-06-19 10:16:24,REAL,2759795052,484,2759795536,2759795536
2025-06-19 10:16:26,REAL,2759795536,482,2759796018,2759796018
2025-06-19 10:16:28,REAL,2759796018,479,2759796497,2759796497
2025-06-19 10:16:30,REAL,2759796497,540,2759797037,2759797037
2025-06-19 10:16:32,REAL,2759797037,482,2759797519,2759797519
2025-06-19 10:16:34,REAL,2759797519,490,2759798009,2759798009
2025-06-19 10:16:36,REAL,2759798009,475,2759798484,2759798484
2025-06-19 10:16:38,REAL,2759798484,475,2759798959,2759798959
2025-06-19 10:16:40,REAL,2759798959,484,2759799443,2759799443
2025-06-19 10:16:42,REAL,2759799443,489,2759799932,2759799932
2025-06-19 10:16:44,REAL,2759799932,534,2759800466,2759800466
2025-06-19 10:16:46,REAL,2759800466,481,2759800947,2759800947
2025-06-19 10:16:48,REAL,2759800947,491,2759801438,2759801438
2025-06-19 10:16:50,REAL,2759801438,481,2759801919,2759801919
2025-06-19 10:16:52,REAL,2759801919,484,2759802403,2759802403
2025-06-19 10:16:54,REAL,2759802403,542,2759802945,2759802945
2025-06-19 10:16:56,REAL,2759802945,484,2759803429,2759803429
2025-06-19 10:16:58,REAL,2759803429,492,2759803921,2759803921
2025-06-19 10:17:00,REAL,2759803921,489,2759804410,2759804410
2025-06-19 10:17:02,REAL,2759804410,485,2759804895,2759804895
2025-06-19 10:17:04,REAL,2759804895,482,2759805377,2759805377
2025-06-19 10:17:06,REAL,2759805377,487,2759805864,2759805864
2025-06-19 10:17:08,REAL,2759805864,489,2759806353,2759806353
2025-06-19 10:17:10,REAL,2759806353,487,2759806840,2759806840
2025-06-19 10:17:12,REAL,2759806840,485,2759807325,2759807325
2025-06-19 10:17:14,REAL,2759807325,546,2759807871,2759807871
2025-06-19 10:17:16,REAL,2759807871,493,2759808364,2759808364
2025-06-19 10:17:18,REAL,2759808364,540,2759808904,2759808904
2025-06-19 10:17:20,REAL,2759808904,484,2759809388,2759809388
2025-06-19 10:17:22,REAL,2759809388,493,2759809881,2759809881
2025-06-19 10:17:24,REAL,2759809881,490,2759810371,2759810371
2025-06-19 10:17:26,REAL,2759810371,491,2759810862,2759810862
2025-06-19 10:17:28,REAL,2759810862,480,2759811342,2759811342
2025-06-19 10:17:30,REAL,2759811342,487,2759811829,2759811829
2025-06-19 10:17:32,REAL,2759811829,481,2759812310,2759812310
2025-06-19 10:17:34,REAL,2759812310,477,2759812787,2759812787
2025-06-19 10:17:36,REAL,2759812787,485,2759813272,2759813272
2025-06-19 10:17:38,REAL,2759813272,487,2759813759,2759813759
2025-06-19 10:17:40,REAL,2759813759,489,2759814248,2759814248
2025-06-19 10:17:42,REAL,2759814248,596,2759814844,2759814844
2025-06-19 10:17:44,REAL,2759814844,483,2759815327,2759815327
2025-06-19 10:17:46,REAL,2759815327,479,2759815806,2759815806
2025-06-19 10:17:48,REAL,2759815806,476,2759816282,2759816282
2025-06-19 10:17:50,REAL,2759816282,491,2759816773,2759816773
2025-06-19 10:17:52,REAL,2759816773,8675,2759825448,2759825448
2025-06-19 10:17:54,REAL,2759825448,10774,2759836222,2759836222
2025-06-19 10:17:56,REAL,2759836222,10260,2759846482,2759846482
2025-06-19 10:17:58,REAL,2759846482,10250,2759856732,2759856732
2025-06-19 10:18:00,REAL,2759856732,10250,2759866982,2759866982
2025-06-19 10:18:02,REAL,2759866982,10256,2759877238,2759877238
2025-06-19 10:18:04,REAL,2759877238,10319,2759887557,2759887557
2025-06-19 10:18:06,REAL,2759887557,8063,2759895620,2759895620
2025-06-19 10:18:08,REAL,2759895620,493,2759896113,2759896113
2025-06-19 10:18:10,REAL,2759896113,479,2759896592,2759896592
2025-06-19 10:18:12,REAL,2759896592,487,2759897079,2759897079
2025-06-19 10:18:14,REAL,2759897079,494,2759897573,2759897573
2025-06-19 10:18:16,REAL,2759897573,492,2759898065,2759898065
2025-06-19 10:18:18,REAL,2759898065,481,2759898546,2759898546
2025-06-19 10:18:20,REAL,2759898546,492,2759899038,2759899038
2025-06-19 10:18:22,REAL,2759899038,487,2759899525,2759899525
2025-06-19 10:18:24,REAL,2759899525,476,2759900001,2759900001
2025-06-19 10:18:26,REAL,2759900001,480,2759900481,2759900481
2025-06-19 10:18:28,REAL,2759900481,479,2759900960,2759900960
2025-06-19 10:18:30,REAL,2759900960,542,2759901502,2759901502
2025-06-19 10:18:32,REAL,2759901502,484,2759901986,2759901986
2025-06-19 10:18:34,REAL,2759901986,491,2759902477,2759902477
2025-06-19 10:18:36,REAL,2759902477,534,2759903011,2759903011
2025-06-19 10:18:38,REAL,2759903011,480,2759903491,2759903491
2025-06-19 10:18:40,REAL,2759903491,485,2759903976,2759903976
2025-06-19 10:18:42,REAL,2759903976,491,2759904467,2759904467
2025-06-19 10:18:44,REAL,2759904467,485,2759904952,2759904952
2025-06-19 10:18:46,REAL,2759904952,482,2759905434,2759905434
2025-06-19 10:18:48,REAL,2759905434,483,2759905917,2759905917
2025-06-19 10:18:50,REAL,2759905917,482,2759906399,2759906399
2025-06-19 10:18:52,REAL,2759906399,487,2759906886,2759906886
2025-06-19 10:18:54,REAL,2759906886,535,2759907421,2759907421
2025-06-19 10:18:56,REAL,2759907421,481,2759907902,2759907902
2025-06-19 10:18:58,REAL,2759907902,478,2759908380,2759908380
2025-06-19 10:19:00,REAL,2759908380,487,2759908867,2759908867
2025-06-19 10:19:02,REAL,2759908867,482,2759909349,2759909349
2025-06-19 10:19:04,REAL,2759909349,487,2759909836,2759909836
2025-06-19 10:19:06,REAL,2759909836,483,2759910319,2759910319
2025-06-19 10:19:08,REAL,2759910319,483,2759910802,2759910802
2025-06-19 10:19:10,REAL,2759910802,479,2759911281,2759911281
2025-06-19 10:19:12,REAL,2759911281,481,2759911762,2759911762
2025-06-19 10:19:14,REAL,2759911762,485,2759912247,2759912247
2025-06-19 10:19:16,REAL,2759912247,481,2759912728,2759912728
2025-06-19 10:19:18,REAL,2759912728,539,2759913267,2759913267
2025-06-19 10:19:20,REAL,2759913267,530,2759913797,2759913797
2025-06-19 10:19:22,REAL,2759913797,481,2759914278,2759914278
2025-06-19 10:19:24,REAL,2759914278,475,2759914753,2759914753
2025-06-19 10:19:26,REAL,2759914753,490,2759915243,2759915243
2025-06-19 10:19:28,REAL,2759915243,490,2759915733,2759915733
2025-06-19 10:19:30,REAL,2759915733,480,2759916213,2759916213
2025-06-19 10:19:32,REAL,2759916213,5438,2759921651,2759921651
2025-06-19 10:19:34,REAL,2759921651,11047,2759932698,2759932698
2025-06-19 10:19:36,REAL,2759932698,10254,2759942952,2759942952
2025-06-19 10:19:38,REAL,2759942952,10254,2759953206,2759953206
2025-06-19 10:19:40,REAL,2759953206,10317,2759963523,2759963523
2025-06-19 10:19:42,REAL,2759963523,10252,2759973775,2759973775
2025-06-19 10:19:44,REAL,2759973775,10311,2759984086,2759984086
2025-06-19 10:19:46,REAL,2759984086,10323,2759994409,2759994409
2025-06-19 10:19:48,REAL,2759994409,1208,2759995617,2759995617
2025-06-19 10:19:50,REAL,2759995617,482,2759996099,2759996099
2025-06-19 10:19:52,REAL,2759996099,485,2759996584,2759996584
2025-06-19 10:19:54,REAL,2759996584,483,2759997067,2759997067
2025-06-19 10:19:56,REAL,2759997067,489,2759997556,2759997556
2025-06-19 10:19:58,REAL,2759997556,489,2759998045,2759998045
2025-06-19 10:20:00,REAL,2759998045,487,2759998532,2759998532
2025-06-19 10:20:02,REAL,2759998532,479,2759999011,2759999011
2025-06-19 10:20:04,REAL,2759999011,485,2759999496,2759999496
2025-06-19 10:20:06,REAL,2759999496,493,2759999989,2759999989
2025-06-19 10:20:08,REAL,2759999989,542,2760000531,2760000531
2025-06-19 10:20:10,REAL,2760000531,489,2760001020,2760001020
2025-06-19 10:20:12,REAL,2760001020,486,2760001506,2760001506
2025-06-19 10:20:14,REAL,2760001506,483,2760001989,2760001989
2025-06-19 10:20:16,REAL,2760001989,540,2760002529,2760002529
2025-06-19 10:20:18,REAL,2760002529,483,2760003012,2760003012
2025-06-19 10:20:20,REAL,2760003012,487,2760003499,2760003499
2025-06-19 10:20:22,REAL,2760003499,486,2760003985,2760003985
2025-06-19 10:20:24,REAL,2760003985,488,2760004473,2760004473
2025-06-19 10:20:26,REAL,2760004473,487,2760004960,2760004960
2025-06-19 10:20:28,REAL,2760004960,477,2760005437,2760005437
2025-06-19 10:20:30,REAL,2760005437,481,2760005918,2760005918
2025-06-19 10:20:32,REAL,2760005918,481,2760006399,2760006399
2025-06-19 10:20:34,REAL,2760006399,486,2760006885,2760006885
2025-06-19 10:20:36,REAL,2760006885,485,2760007370,2760007370
2025-06-19 10:20:38,REAL,2760007370,482,2760007852,2760007852
2025-06-19 10:20:40,REAL,2760007852,481,2760008333,2760008333
2025-06-19 10:20:42,REAL,2760008333,483,2760008816,2760008816
2025-06-19 10:20:44,REAL,2760008816,486,2760009302,2760009302
2025-06-19 10:20:46,REAL,2760009302,486,2760009788,2760009788
2025-06-19 10:20:48,REAL,2760009788,484,2760010272,2760010272
2025-06-19 10:20:50,REAL,2760010272,490,2760010762,2760010762
2025-06-19 10:20:52,REAL,2760010762,479,2760011241,2760011241
2025-06-19 10:20:54,REAL,2760011241,484,2760011725,2760011725
2025-06-19 10:20:56,REAL,2760011725,537,2760012262,2760012262
2025-06-19 10:20:58,REAL,2760012262,482,2760012744,2760012744
2025-06-19 10:21:00,REAL,2760012744,537,2760013281,2760013281
2025-06-19 10:21:02,REAL,2760013281,487,2760013768,2760013768
2025-06-19 10:21:04,REAL,2760013768,487,2760014255,2760014255
2025-06-19 10:21:06,REAL,2760014255,487,2760014742,2760014742
2025-06-19 10:21:08,REAL,2760014742,489,2760015231,2760015231
2025-06-19 10:21:10,REAL,2760015231,484,2760015715,2760015715
2025-06-19 10:21:12,REAL,2760015715,480,2760016195,2760016195
2025-06-19 10:21:14,REAL,2760016195,484,2760016679,2760016679
2025-06-19 10:21:16,REAL,2760016679,483,2760017162,2760017162
2025-06-19 10:21:18,REAL,2760017162,480,2760017642,2760017642
2025-06-19 10:21:20,REAL,2760017642,481,2760018123,2760018123
2025-06-19 10:21:22,REAL,2760018123,482,2760018605,2760018605
2025-06-19 10:21:24,REAL,2760018605,482,2760019087,2760019087
2025-06-19 10:21:26,REAL,2760019087,482,2760019569,2760019569
2025-06-19 10:21:28,REAL,2760019569,486,2760020055,2760020055
2025-06-19 10:21:30,REAL,2760020055,489,2760020544,2760020544
2025-06-19 10:21:32,REAL,2760020544,489,2760021033,2760021033
2025-06-19 10:21:34,REAL,2760021033,480,2760021513,2760021513
2025-06-19 10:21:36,REAL,2760021513,483,2760021996,2760021996
2025-06-19 10:21:38,REAL,2760021996,493,2760022489,2760022489
2025-06-19 10:21:40,REAL,2760022489,485,2760022974,2760022974
2025-06-19 10:21:42,REAL,2760022974,486,2760023460,2760023460
2025-06-19 10:21:44,REAL,2760023460,532,2760023992,2760023992
2025-06-19 10:21:46,REAL,2760023992,537,2760024529,2760024529
2025-06-19 10:21:48,REAL,2760024529,482,2760025011,2760025011
2025-06-19 10:21:50,REAL,2760025011,485,2760025496,2760025496
2025-06-19 10:21:52,REAL,2760025496,486,2760025982,2760025982
2025-06-19 10:21:54,REAL,2760025982,487,2760026469,2760026469
2025-06-19 10:21:56,REAL,2760026469,478,2760026947,2760026947
2025-06-19 10:21:58,REAL,2760026947,481,2760027428,2760027428
2025-06-19 10:22:00,REAL,2760027428,482,2760027910,2760027910
2025-06-19 10:22:02,REAL,2760027910,491,2760028401,2760028401
2025-06-19 10:22:04,REAL,2760028401,487,2760028888,2760028888
2025-06-19 10:22:06,REAL,2760028888,485,2760029373,2760029373
2025-06-19 10:22:08,REAL,2760029373,485,2760029858,2760029858
2025-06-19 10:22:10,REAL,2760029858,488,2760030346,2760030346
2025-06-19 10:22:12,REAL,2760030346,482,2760030828,2760030828
2025-06-19 10:22:14,REAL,2760030828,482,2760031310,2760031310
2025-06-19 10:22:16,REAL,2760031310,489,2760031799,2760031799
2025-06-19 10:22:18,REAL,2760031799,484,2760032283,2760032283
2025-06-19 10:22:20,REAL,2760032283,481,2760032764,2760032764
2025-06-19 10:22:22,REAL,2760032764,474,2760033238,2760033238
2025-06-19 10:22:24,REAL,2760033238,483,2760033721,2760033721
2025-06-19 10:22:26,REAL,2760033721,484,2760034205,2760034205
2025-06-19 10:22:28,REAL,2760034205,487,2760034692,2760034692
2025-06-19 10:22:30,REAL,2760034692,539,2760035231,2760035231
2025-06-19 10:22:32,REAL,2760035231,487,2760035718,2760035718
2025-06-19 10:22:34,REAL,2760035718,549,2760036267,2760036267
2025-06-19 10:22:36,REAL,2760036267,491,2760036758,2760036758
2025-06-19 10:22:38,REAL,2760036758,477,2760037235,2760037235
2025-06-19 10:22:40,REAL,2760037235,482,2760037717,2760037717
2025-06-19 10:22:42,REAL,2760037717,485,2760038202,2760038202
2025-06-19 10:22:44,REAL,2760038202,475,2760038677,2760038677
2025-06-19 10:22:46,REAL,2760038677,493,2760039170,2760039170
2025-06-19 10:22:48,REAL,2760039170,480,2760039650,2760039650
2025-06-19 10:22:50,REAL,2760039650,488,2760040138,2760040138
2025-06-19 10:22:52,REAL,2760040138,484,2760040622,2760040622
2025-06-19 10:22:54,REAL,2760040622,483,2760041105,2760041105
2025-06-19 10:22:56,REAL,2760041105,492,2760041597,2760041597
2025-06-19 10:22:58,REAL,2760041597,485,2760042082,2760042082
2025-06-19 10:23:00,REAL,2760042082,482,2760042564,2760042564
2025-06-19 10:23:02,REAL,2760042564,487,2760043051,2760043051
2025-06-19 10:23:04,REAL,2760043051,474,2760043525,2760043525
2025-06-19 10:23:06,REAL,2760043525,488,2760044013,2760044013
2025-06-19 10:23:08,REAL,2760044013,491,2760044504,2760044504
2025-06-19 10:23:10,REAL,2760044504,482,2760044986,2760044986
2025-06-19 10:23:12,REAL,2760044986,489,2760045475,2760045475
2025-06-19 10:23:14,REAL,2760045475,486,2760045961,2760045961
2025-06-19 10:23:16,REAL,2760045961,544,2760046505,2760046505
2025-06-19 10:23:18,REAL,2760046505,475,2760046980,2760046980
2025-06-19 10:23:20,REAL,2760046980,482,2760047462,2760047462
2025-06-19 10:23:22,REAL,2760047462,548,2760048010,2760048010
2025-06-19 10:23:24,REAL,2760048010,486,2760048496,2760048496
2025-06-19 10:23:26,REAL,2760048496,481,2760048977,2760048977
2025-06-19 10:23:28,REAL,2760048977,486,2760049463,2760049463
2025-06-19 10:23:30,REAL,2760049463,490,2760049953,2760049953
2025-06-19 10:23:32,REAL,2760049953,487,2760050440,2760050440
2025-06-19 10:23:34,REAL,2760050440,491,2760050931,2760050931
2025-06-19 10:23:36,REAL,2760050931,478,2760051409,2760051409
2025-06-19 10:23:38,REAL,2760051409,486,2760051895,2760051895
2025-06-19 10:23:40,REAL,2760051895,492,2760052387,2760052387
2025-06-19 10:23:42,REAL,2760052387,479,2760052866,2760052866
2025-06-19 10:23:44,REAL,2760052866,485,2760053351,2760053351
2025-06-19 10:23:46,REAL,2760053351,541,2760053892,2760053892
2025-06-19 10:23:48,REAL,2760053892,483,2760054375,2760054375
2025-06-19 10:23:50,REAL,2760054375,484,2760054859,2760054859
2025-06-19 10:23:52,REAL,2760054859,481,2760055340,2760055340
2025-06-19 10:23:54,REAL,2760055340,482,2760055822,2760055822
2025-06-19 10:23:56,REAL,2760055822,488,2760056310,2760056310
2025-06-19 10:23:58,REAL,2760056310,10917,2760067227,2760067227
2025-06-19 10:24:00,REAL,2760067227,10448,2760077675,2760077675
2025-06-19 10:24:02,REAL,2760077675,10051,2760087726,2760087726
2025-06-19 10:24:04,REAL,2760087726,10322,2760098048,2760098048
2025-06-19 10:24:06,REAL,2760098048,10259,2760108307,2760108307
2025-06-19 10:24:08,REAL,2760108307,10250,2760118557,2760118557
2025-06-19 10:24:10,REAL,2760118557,10251,2760128808,2760128808
2025-06-19 10:24:12,REAL,2760128808,6220,2760135028,2760135028
2025-06-19 10:24:14,REAL,2760135028,490,2760135518,2760135518
2025-06-19 10:24:16,REAL,2760135518,479,2760135997,2760135997
2025-06-19 10:24:18,REAL,2760135997,487,2760136484,2760136484
2025-06-19 10:24:20,REAL,2760136484,485,2760136969,2760136969
2025-06-19 10:24:22,REAL,2760136969,482,2760137451,2760137451
2025-06-19 10:24:24,REAL,2760137451,479,2760137930,2760137930
2025-06-19 10:24:26,REAL,2760137930,536,2760138466,2760138466
2025-06-19 10:24:28,REAL,2760138466,488,2760138954,2760138954
2025-06-19 10:24:30,REAL,2760138954,484,2760139438,2760139438
2025-06-19 10:24:32,REAL,2760139438,477,2760139915,2760139915
2025-06-19 10:24:34,REAL,2760139915,487,2760140402,2760140402
2025-06-19 10:24:36,REAL,2760140402,484,2760140886,2760140886
2025-06-19 10:24:38,REAL,2760140886,480,2760141366,2760141366
2025-06-19 10:24:40,REAL,2760141366,490,2760141856,2760141856
2025-06-19 10:24:42,REAL,2760141856,492,2760142348,2760142348
2025-06-19 10:24:44,REAL,2760142348,482,2760142830,2760142830
2025-06-19 10:24:46,REAL,2760142830,481,2760143311,2760143311
2025-06-19 10:24:48,REAL,2760143311,490,2760143801,2760143801
2025-06-19 10:24:50,REAL,2760143801,486,2760144287,2760144287
2025-06-19 10:24:52,REAL,2760144287,479,2760144766,2760144766
2025-06-19 10:24:54,REAL,2760144766,479,2760145245,2760145245
2025-06-19 10:24:56,REAL,2760145245,489,2760145734,2760145734
2025-06-19 10:24:58,REAL,2760145734,541,2760146275,2760146275
2025-06-19 10:25:00,REAL,2760146275,538,2760146813,2760146813
2025-06-19 10:25:02,REAL,2760146813,484,2760147297,2760147297
2025-06-19 10:25:04,REAL,2760147297,493,2760147790,2760147790
2025-06-19 10:25:06,REAL,2760147790,483,2760148273,2760148273
2025-06-19 10:25:08,REAL,2760148273,492,2760148765,2760148765
2025-06-19 10:25:10,REAL,2760148765,486,2760149251,2760149251
2025-06-19 10:25:12,REAL,2760149251,479,2760149730,2760149730
2025-06-19 10:25:14,REAL,2760149730,485,2760150215,2760150215
2025-06-19 10:25:16,REAL,2760150215,1282,2760151497,2760151497
2025-06-19 10:25:18,REAL,2760151497,15133,2760166630,2760166630
2025-06-19 10:25:20,REAL,2760166630,10257,2760176887,2760176887
2025-06-19 10:25:22,REAL,2760176887,10315,2760187202,2760187202
2025-06-19 10:25:24,REAL,2760187202,10253,2760197455,2760197455
2025-06-19 10:25:26,REAL,2760197455,10321,2760207776,2760207776
2025-06-19 10:25:28,REAL,2760207776,10247,2760218023,2760218023
2025-06-19 10:25:30,REAL,2760218023,10259,2760228282,2760228282
2025-06-19 10:25:32,REAL,2760228282,4576,2760232858,2760232858
2025-06-19 10:25:34,REAL,2760232858,482,2760233340,2760233340
2025-06-19 10:25:36,REAL,2760233340,476,2760233816,2760233816
2025-06-19 10:25:38,REAL,2760233816,492,2760234308,2760234308
2025-06-19 10:25:40,REAL,2760234308,483,2760234791,2760234791
2025-06-19 10:25:42,REAL,2760234791,478,2760235269,2760235269
2025-06-19 10:25:44,REAL,2760235269,483,2760235752,2760235752
2025-06-19 10:25:46,REAL,2760235752,478,2760236230,2760236230
2025-06-19 10:25:48,REAL,2760236230,532,2760236762,2760236762
2025-06-19 10:25:50,REAL,2760236762,541,2760237303,2760237303
2025-06-19 10:25:52,REAL,2760237303,478,2760237781,2760237781
2025-06-19 10:25:54,REAL,2760237781,493,2760238274,2760238274
2025-06-19 10:25:56,REAL,2760238274,483,2760238757,2760238757
2025-06-19 10:25:58,REAL,2760238757,483,2760239240,2760239240
2025-06-19 10:26:00,REAL,2760239240,485,2760239725,2760239725
2025-06-19 10:26:02,REAL,2760239725,486,2760240211,2760240211
2025-06-19 10:26:04,REAL,2760240211,488,2760240699,2760240699
2025-06-19 10:26:06,REAL,2760240699,487,2760241186,2760241186
2025-06-19 10:26:08,REAL,2760241186,481,2760241667,2760241667
2025-06-19 10:26:10,REAL,2760241667,484,2760242151,2760242151
2025-06-19 10:26:12,REAL,2760242151,540,2760242691,2760242691
2025-06-19 10:26:14,REAL,2760242691,474,2760243165,2760243165
2025-06-19 10:26:16,REAL,2760243165,487,2760243652,2760243652
2025-06-19 10:26:18,REAL,2760243652,548,2760244200,2760244200
2025-06-19 10:26:20,REAL,2760244200,480,2760244680,2760244680
2025-06-19 10:26:22,REAL,2760244680,486,2760245166,2760245166
2025-06-19 10:26:24,REAL,2760245166,486,2760245652,2760245652
2025-06-19 10:26:26,REAL,2760245652,488,2760246140,2760246140
2025-06-19 10:26:28,REAL,2760246140,476,2760246616,2760246616
2025-06-19 10:26:30,REAL,2760246616,481,2760247097,2760247097
2025-06-19 10:26:32,REAL,2760247097,488,2760247585,2760247585
2025-06-19 10:26:34,REAL,2760247585,538,2760248123,2760248123
2025-06-19 10:26:36,REAL,2760248123,484,2760248607,2760248607
2025-06-19 10:26:38,REAL,2760248607,484,2760249091,2760249091
2025-06-19 10:26:40,REAL,2760249091,485,2760249576,2760249576
2025-06-19 10:26:42,REAL,2760249576,476,2760250052,2760250052
2025-06-19 10:26:44,REAL,2760250052,481,2760250533,2760250533
2025-06-19 10:26:46,REAL,2760250533,476,2760251009,2760251009
2025-06-19 10:26:48,REAL,2760251009,477,2760251486,2760251486
2025-06-19 10:26:50,REAL,2760251486,533,2760252019,2760252019
2025-06-19 10:26:52,REAL,2760252019,12042,2760264061,2760264061
2025-06-19 10:26:54,REAL,2760264061,11299,2760275360,2760275360
2025-06-19 10:26:56,REAL,2760275360,10310,2760285670,2760285670
2025-06-19 10:26:58,REAL,2760285670,10324,2760295994,2760295994
2025-06-19 10:27:00,REAL,2760295994,10259,2760306253,2760306253
2025-06-19 10:27:02,REAL,2760306253,10314,2760316567,2760316567
2025-06-19 10:27:04,REAL,2760316567,10258,2760326825,2760326825
2025-06-19 10:27:06,REAL,2760326825,7808,2760334633,2760334633
2025-06-19 10:27:08,REAL,2760334633,480,2760335113,2760335113
2025-06-19 10:27:10,REAL,2760335113,480,2760335593,2760335593
2025-06-19 10:27:12,REAL,2760335593,484,2760336077,2760336077
2025-06-19 10:27:14,REAL,2760336077,488,2760336565,2760336565
2025-06-19 10:27:16,REAL,2760336565,483,2760337048,2760337048
2025-06-19 10:27:18,REAL,2760337048,535,2760337583,2760337583
2025-06-19 10:27:20,REAL,2760337583,490,2760338073,2760338073
2025-06-19 10:27:22,REAL,2760338073,530,2760338603,2760338603
2025-06-19 10:27:24,REAL,2760338603,483,2760339086,2760339086
2025-06-19 10:27:26,REAL,2760339086,482,2760339568,2760339568
2025-06-19 10:27:28,REAL,2760339568,483,2760340051,2760340051
2025-06-19 10:27:30,REAL,2760340051,486,2760340537,2760340537
2025-06-19 10:27:32,REAL,2760340537,484,2760341021,2760341021
2025-06-19 10:27:34,REAL,2760341021,492,2760341513,2760341513
2025-06-19 10:27:36,REAL,2760341513,491,2760342004,2760342004
2025-06-19 10:27:38,REAL,2760342004,483,2760342487,2760342487
2025-06-19 10:27:40,REAL,2760342487,537,2760343024,2760343024
2025-06-19 10:27:42,REAL,2760343024,481,2760343505,2760343505
2025-06-19 10:27:44,REAL,2760343505,491,2760343996,2760343996
2025-06-19 10:27:46,REAL,2760343996,481,2760344477,2760344477
2025-06-19 10:27:48,REAL,2760344477,485,2760344962,2760344962
2025-06-19 10:27:50,REAL,2760344962,484,2760345446,2760345446
2025-06-19 10:27:52,REAL,2760345446,544,2760345990,2760345990
2025-06-19 10:27:54,REAL,2760345990,488,2760346478,2760346478
2025-06-19 10:27:56,REAL,2760346478,491,2760346969,2760346969
2025-06-19 10:27:58,REAL,2760346969,481,2760347450,2760347450
2025-06-19 10:28:00,REAL,2760347450,491,2760347941,2760347941
2025-06-19 10:28:02,REAL,2760347941,535,2760348476,2760348476
2025-06-19 10:28:04,REAL,2760348476,476,2760348952,2760348952
2025-06-19 10:28:06,REAL,2760348952,487,2760349439,2760349439
2025-06-19 10:28:08,REAL,2760349439,487,2760349926,2760349926
2025-06-19 10:28:10,REAL,2760349926,486,2760350412,2760350412
2025-06-19 10:28:12,REAL,2760350412,474,2760350886,2760350886
2025-06-19 10:28:14,REAL,2760350886,483,2760351369,2760351369
2025-06-19 10:28:16,REAL,2760351369,485,2760351854,2760351854
2025-06-19 10:28:18,REAL,2760351854,484,2760352338,2760352338
2025-06-19 10:28:20,REAL,2760352338,489,2760352827,2760352827
2025-06-19 10:28:22,REAL,2760352827,481,2760353308,2760353308
2025-06-19 10:28:24,REAL,2760353308,349,2760353657,2760353657
2025-06-19 10:28:26,REAL,2760353657,478,2760354135,2760354135
2025-06-19 10:28:28,REAL,2760354135,486,2760354621,2760354621
2025-06-19 10:28:30,REAL,2760354621,482,2760355103,2760355103
2025-06-19 10:28:32,REAL,2760355103,484,2760355587,2760355587
2025-06-19 10:28:34,REAL,2760355587,487,2760356074,2760356074
2025-06-19 10:28:36,REAL,2760356074,480,2760356554,2760356554
2025-06-19 10:28:38,REAL,2760356554,477,2760357031,2760357031
2025-06-19 10:28:40,REAL,2760357031,484,2760357515,2760357515
2025-06-19 10:28:42,REAL,2760357515,480,2760357995,2760357995
2025-06-19 10:28:44,REAL,2760357995,475,2760358470,2760358470
2025-06-19 10:28:46,REAL,2760358470,542,2760359012,2760359012
2025-06-19 10:28:48,REAL,2760359012,489,2760359501,2760359501
2025-06-19 10:28:50,REAL,2760359501,482,2760359983,2760359983
2025-06-19 10:28:52,REAL,2760359983,490,2760360473,2760360473
2025-06-19 10:28:54,REAL,2760360473,482,2760360955,2760360955
2025-06-19 10:28:56,REAL,2760360955,485,2760361440,2760361440
2025-06-19 10:28:58,REAL,2760361440,486,2760361926,2760361926
2025-06-19 10:29:00,REAL,2760361926,485,2760362411,2760362411
2025-06-19 10:29:02,REAL,2760362411,487,2760362898,2760362898
2025-06-19 10:29:04,REAL,2760362898,479,2760363377,2760363377
2025-06-19 10:29:06,REAL,2760363377,479,2760363856,2760363856
2025-06-19 10:29:08,REAL,2760363856,542,2760364398,2760364398
2025-06-19 10:29:10,REAL,2760364398,15411,2760379809,2760379809
2025-06-19 10:29:12,REAL,2760379809,10243,2760390052,2760390052
2025-06-19 10:29:14,REAL,2760390052,10375,2760400427,2760400427
2025-06-19 10:29:16,REAL,2760400427,10259,2760410686,2760410686
2025-06-19 10:29:18,REAL,2760410686,10253,2760420939,2760420939
2025-06-19 10:29:20,REAL,2760420939,10319,2760431258,2760431258
2025-06-19 10:29:22,REAL,2760431258,10256,2760441514,2760441514
2025-06-19 10:29:24,REAL,2760441514,5162,2760446676,2760446676
2025-06-19 10:29:26,REAL,2760446676,489,2760447165,2760447165
2025-06-19 10:29:28,REAL,2760447165,485,2760447650,2760447650
2025-06-19 10:29:30,REAL,2760447650,538,2760448188,2760448188
2025-06-19 10:29:32,REAL,2760448188,491,2760448679,2760448679
2025-06-19 10:29:34,REAL,2760448679,474,2760449153,2760449153
2025-06-19 10:29:36,REAL,2760449153,479,2760449632,2760449632
2025-06-19 10:29:38,REAL,2760449632,545,2760450177,2760450177
2025-06-19 10:29:40,REAL,2760450177,481,2760450658,2760450658
2025-06-19 10:29:42,REAL,2760450658,485,2760451143,2760451143
2025-06-19 10:29:44,REAL,2760451143,483,2760451626,2760451626
2025-06-19 10:29:46,REAL,2760451626,483,2760452109,2760452109
2025-06-19 10:29:48,REAL,2760452109,482,2760452591,2760452591
2025-06-19 10:29:50,REAL,2760452591,476,2760453067,2760453067
2025-06-19 10:29:52,REAL,2760453067,534,2760453601,2760453601
2025-06-19 10:29:54,REAL,2760453601,481,2760454082,2760454082
2025-06-19 10:29:56,REAL,2760454082,482,2760454564,2760454564
2025-06-19 10:29:58,REAL,2760454564,480,2760455044,2760455044
2025-06-19 10:30:00,REAL,2760455044,488,2760455532,2760455532
2025-06-19 10:30:02,REAL,2760455532,7884,2760463416,2760463416
2025-06-19 10:30:04,REAL,2760463416,10717,2760474133,2760474133
2025-06-19 10:30:06,REAL,2760474133,10255,2760484388,2760484388
2025-06-19 10:30:08,REAL,2760484388,10315,2760494703,2760494703
2025-06-19 10:30:10,REAL,2760494703,10257,2760504960,2760504960
2025-06-19 10:30:12,REAL,2760504960,10251,2760515211,2760515211
2025-06-19 10:30:14,REAL,2760515211,10370,2760525581,2760525581
2025-06-19 10:30:16,REAL,2760525581,9132,2760534713,2760534713
2025-06-19 10:30:18,REAL,2760534713,476,2760535189,2760535189
2025-06-19 10:30:20,REAL,2760535189,478,2760535667,2760535667
2025-06-19 10:30:22,REAL,2760535667,476,2760536143,2760536143
2025-06-19 10:30:24,REAL,2760536143,477,2760536620,2760536620
2025-06-19 10:30:26,REAL,2760536620,483,2760537103,2760537103
2025-06-19 10:30:28,REAL,2760537103,486,2760537589,2760537589
2025-06-19 10:30:30,REAL,2760537589,476,2760538065,2760538065
2025-06-19 10:30:32,REAL,2760538065,478,2760538543,2760538543
2025-06-19 10:30:34,REAL,2760538543,484,2760539027,2760539027
2025-06-19 10:30:36,REAL,2760539027,487,2760539514,2760539514
2025-06-19 10:30:38,REAL,2760539514,478,2760539992,2760539992
2025-06-19 10:30:40,REAL,2760539992,488,2760540480,2760540480
2025-06-19 10:30:42,REAL,2760540480,482,2760540962,2760540962
2025-06-19 10:30:44,REAL,2760540962,541,2760541503,2760541503
2025-06-19 10:30:46,REAL,2760541503,479,2760541982,2760541982
2025-06-19 10:30:48,REAL,2760541982,484,2760542466,2760542466
2025-06-19 10:30:50,REAL,2760542466,480,2760542946,2760542946
2025-06-19 10:30:52,REAL,2760542946,541,2760543487,2760543487
2025-06-19 10:30:54,REAL,2760543487,3857,2760547344,2760547344
2025-06-19 10:30:56,REAL,2760547344,11833,2760559177,2760559177
2025-06-19 10:30:58,REAL,2760559177,10257,2760569434,2760569434
2025-06-19 10:31:00,REAL,2760569434,10322,2760579756,2760579756
2025-06-19 10:31:02,REAL,2760579756,10256,2760590012,2760590012
2025-06-19 10:31:04,REAL,2760590012,10319,2760600331,2760600331
2025-06-19 10:31:06,REAL,2760600331,10256,2760610587,2760610587
2025-06-19 10:31:08,REAL,2760610587,10253,2760620840,2760620840
2025-06-19 10:31:10,REAL,2760620840,3250,2760624090,2760624090
2025-06-19 10:31:12,REAL,2760624090,484,2760624574,2760624574
2025-06-19 10:31:14,REAL,2760624574,538,2760625112,2760625112
2025-06-19 10:31:16,REAL,2760625112,475,2760625587,2760625587
2025-06-19 10:31:18,REAL,2760625587,483,2760626070,2760626070
2025-06-19 10:31:20,REAL,2760626070,484,2760626554,2760626554
2025-06-19 10:31:22,REAL,2760626554,488,2760627042,2760627042
2025-06-19 10:31:24,REAL,2760627042,480,2760627522,2760627522
2025-06-19 10:31:26,REAL,2760627522,490,2760628012,2760628012
2025-06-19 10:31:28,REAL,2760628012,485,2760628497,2760628497
2025-06-19 10:31:30,REAL,2760628497,477,2760628974,2760628974
2025-06-19 10:31:32,REAL,2760628974,480,2760629454,2760629454
2025-06-19 10:31:34,REAL,2760629454,479,2760629933,2760629933
2025-06-19 10:31:36,REAL,2760629933,489,2760630422,2760630422
2025-06-19 10:31:38,REAL,2760630422,475,2760630897,2760630897
2025-06-19 10:31:40,REAL,2760630897,488,2760631385,2760631385
2025-06-19 10:31:42,REAL,2760631385,548,2760631933,2760631933
2025-06-19 10:31:44,REAL,2760631933,540,2760632473,2760632473
2025-06-19 10:31:46,REAL,2760632473,480,2760632953,2760632953
2025-06-19 10:31:48,REAL,2760632953,479,2760633432,2760633432
2025-06-19 10:31:50,REAL,2760633432,487,2760633919,2760633919
2025-06-19 10:31:52,REAL,2760633919,484,2760634403,2760634403
2025-06-19 10:31:54,REAL,2760634403,484,2760634887,2760634887
2025-06-19 10:31:56,REAL,2760634887,477,2760635364,2760635364
2025-06-19 10:31:58,REAL,2760635364,487,2760635851,2760635851
2025-06-19 10:32:00,REAL,2760635851,474,2760636325,2760636325
2025-06-19 10:32:02,REAL,2760636325,484,2760636809,2760636809
2025-06-19 10:32:04,REAL,2760636809,484,2760637293,2760637293
2025-06-19 10:32:06,REAL,2760637293,481,2760637774,2760637774
2025-06-19 10:32:08,REAL,2760637774,491,2760638265,2760638265
2025-06-19 10:32:10,REAL,2760638265,480,2760638745,2760638745
2025-06-19 10:32:12,REAL,2760638745,475,2760639220,2760639220
2025-06-19 10:32:14,REAL,2760639220,537,2760639757,2760639757
2025-06-19 10:32:16,REAL,2760639757,487,2760640244,2760640244
2025-06-19 10:32:18,REAL,2760640244,489,2760640733,2760640733
2025-06-19 10:32:20,REAL,2760640733,478,2760641211,2760641211
2025-06-19 10:32:22,REAL,2760641211,485,2760641696,2760641696
2025-06-19 10:32:24,REAL,2760641696,4710,2760646406,2760646406
2025-06-19 10:32:26,REAL,2760646406,11832,2760658238,2760658238
2025-06-19 10:32:28,REAL,2760658238,10248,2760668486,2760668486
2025-06-19 10:32:30,REAL,2760668486,10256,2760678742,2760678742
2025-06-19 10:32:32,REAL,2760678742,10257,2760688999,2760688999
2025-06-19 10:32:34,REAL,2760688999,10249,2760699248,2760699248
2025-06-19 10:32:36,REAL,2760699248,10315,2760709563,2760709563
2025-06-19 10:32:38,REAL,2760709563,10250,2760719813,2760719813
2025-06-19 10:32:40,REAL,2760719813,1672,2760721485,2760721485
2025-06-19 10:32:42,REAL,2760721485,484,2760721969,2760721969
2025-06-19 10:32:44,REAL,2760721969,544,2760722513,2760722513
2025-06-19 10:32:46,REAL,2760722513,484,2760722997,2760722997
2025-06-19 10:32:48,REAL,2760722997,487,2760723484,2760723484
2025-06-19 10:32:50,REAL,2760723484,490,2760723974,2760723974
2025-06-19 10:32:52,REAL,2760723974,481,2760724455,2760724455
2025-06-19 10:32:54,REAL,2760724455,477,2760724932,2760724932
2025-06-19 10:32:56,REAL,2760724932,482,2760725414,2760725414
2025-06-19 10:32:58,REAL,2760725414,478,2760725892,2760725892
2025-06-19 10:33:00,REAL,2760725892,481,2760726373,2760726373
2025-06-19 10:33:02,REAL,2760726373,482,2760726855,2760726855
2025-06-19 10:33:04,REAL,2760726855,490,2760727345,2760727345
2025-06-19 10:33:06,REAL,2760727345,477,2760727822,2760727822
2025-06-19 10:33:08,REAL,2760727822,482,2760728304,2760728304
2025-06-19 10:33:10,REAL,2760728304,491,2760728795,2760728795
2025-06-19 10:33:12,REAL,2760728795,540,2760729335,2760729335
2025-06-19 10:33:14,REAL,2760729335,536,2760729871,2760729871
2025-06-19 10:33:16,REAL,2760729871,485,2760730356,2760730356
2025-06-19 10:33:18,REAL,2760730356,480,2760730836,2760730836
2025-06-19 10:33:20,REAL,2760730836,488,2760731324,2760731324
2025-06-19 10:33:22,REAL,2760731324,486,2760731810,2760731810
2025-06-19 10:33:24,REAL,2760731810,491,2760732301,2760732301
2025-06-19 10:33:26,REAL,2760732301,485,2760732786,2760732786
2025-06-19 10:33:28,REAL,2760732786,488,2760733274,2760733274
2025-06-19 10:33:30,REAL,2760733274,489,2760733763,2760733763
2025-06-19 10:33:32,REAL,2760733763,483,2760734246,2760734246
2025-06-19 10:33:34,REAL,2760734246,481,2760734727,2760734727
2025-06-19 10:33:36,REAL,2760734727,478,2760735205,2760735205
2025-06-19 10:33:38,REAL,2760735205,489,2760735694,2760735694
2025-06-19 10:33:40,REAL,2760735694,492,2760736186,2760736186
2025-06-19 10:33:42,REAL,2760736186,484,2760736670,2760736670
2025-06-19 10:33:44,REAL,2760736670,534,2760737204,2760737204
2025-06-19 10:33:46,REAL,2760737204,488,2760737692,2760737692
2025-06-19 10:33:48,REAL,2760737692,487,2760738179,2760738179
2025-06-19 10:33:50,REAL,2760738179,476,2760738655,2760738655
2025-06-19 10:33:52,REAL,2760738655,482,2760739137,2760739137
2025-06-19 10:33:54,REAL,2760739137,481,2760739618,2760739618
2025-06-19 10:33:56,REAL,2760739618,486,2760740104,2760740104
2025-06-19 10:33:58,REAL,2760740104,490,2760740594,2760740594
2025-06-19 10:34:00,REAL,2760740594,6429,2760747023,2760747023
2025-06-19 10:34:02,REAL,2760747023,10902,2760757925,2760757925
2025-06-19 10:34:04,REAL,2760757925,10252,2760768177,2760768177
2025-06-19 10:34:06,REAL,2760768177,10248,2760778425,2760778425
2025-06-19 10:34:08,REAL,2760778425,10317,2760788742,2760788742
2025-06-19 10:34:10,REAL,2760788742,10245,2760798987,2760798987
2025-06-19 10:34:12,REAL,2760798987,10248,2760809235,2760809235
2025-06-19 10:34:14,REAL,2760809235,9644,2760818879,2760818879
2025-06-19 10:34:16,REAL,2760818879,485,2760819364,2760819364
2025-06-19 10:34:18,REAL,2760819364,489,2760819853,2760819853
2025-06-19 10:34:20,REAL,2760819853,476,2760820329,2760820329
2025-06-19 10:34:22,REAL,2760820329,482,2760820811,2760820811
2025-06-19 10:34:24,REAL,2760820811,480,2760821291,2760821291
2025-06-19 10:34:26,REAL,2760821291,487,2760821778,2760821778
2025-06-19 10:34:28,REAL,2760821778,488,2760822266,2760822266
2025-06-19 10:34:30,REAL,2760822266,481,2760822747,2760822747
2025-06-19 10:34:32,REAL,2760822747,479,2760823226,2760823226
2025-06-19 10:34:34,REAL,2760823226,491,2760823717,2760823717
2025-06-19 10:34:36,REAL,2760823717,483,2760824200,2760824200
2025-06-19 10:34:38,REAL,2760824200,483,2760824683,2760824683
2025-06-19 10:34:40,REAL,2760824683,487,2760825170,2760825170
2025-06-19 10:34:42,REAL,2760825170,540,2760825710,2760825710
2025-06-19 10:34:44,REAL,2760825710,494,2760826204,2760826204
2025-06-19 10:34:46,REAL,2760826204,488,2760826692,2760826692
2025-06-19 10:34:48,REAL,2760826692,542,2760827234,2760827234
2025-06-19 10:34:50,REAL,2760827234,484,2760827718,2760827718
2025-06-19 10:34:52,REAL,2760827718,474,2760828192,2760828192
2025-06-19 10:34:54,REAL,2760828192,488,2760828680,2760828680
2025-06-19 10:34:56,REAL,2760828680,485,2760829165,2760829165
2025-06-19 10:34:58,REAL,2760829165,476,2760829641,2760829641
2025-06-19 10:35:00,REAL,2760829641,485,2760830126,2760830126
2025-06-19 10:35:02,REAL,2760830126,484,2760830610,2760830610
2025-06-19 10:35:04,REAL,2760830610,486,2760831096,2760831096
2025-06-19 10:35:06,REAL,2760831096,491,2760831587,2760831587
2025-06-19 10:35:08,REAL,2760831587,486,2760832073,2760832073
2025-06-19 10:35:10,REAL,2760832073,488,2760832561,2760832561
2025-06-19 10:35:12,REAL,2760832561,489,2760833050,2760833050
2025-06-19 10:35:14,REAL,2760833050,548,2760833598,2760833598
2025-06-19 10:35:16,REAL,2760833598,484,2760834082,2760834082
2025-06-19 10:35:18,REAL,2760834082,483,2760834565,2760834565
2025-06-19 10:35:20,REAL,2760834565,478,2760835043,2760835043
2025-06-19 10:35:22,REAL,2760835043,480,2760835523,2760835523
2025-06-19 10:35:24,REAL,2760835523,484,2760836007,2760836007
2025-06-19 10:35:26,REAL,2760836007,487,2760836494,2760836494
2025-06-19 10:35:28,REAL,2760836494,479,2760836973,2760836973
2025-06-19 10:35:30,REAL,2760836973,485,2760837458,2760837458
2025-06-19 10:35:32,REAL,2760837458,481,2760837939,2760837939
2025-06-19 10:35:34,REAL,2760837939,482,2760838421,2760838421
2025-06-19 10:35:36,REAL,2760838421,531,2760838952,2760838952
2025-06-19 10:35:38,REAL,2760838952,490,2760839442,2760839442
2025-06-19 10:35:40,REAL,2760839442,482,2760839924,2760839924
2025-06-19 10:35:42,REAL,2760839924,492,2760840416,2760840416
2025-06-19 10:35:44,REAL,2760840416,483,2760840899,2760840899
2025-06-19 10:35:46,REAL,2760840899,540,2760841439,2760841439
2025-06-19 10:35:48,REAL,2760841439,480,2760841919,2760841919
2025-06-19 10:35:50,REAL,2760841919,487,2760842406,2760842406
2025-06-19 10:35:52,REAL,2760842406,480,2760842886,2760842886
2025-06-19 10:35:54,REAL,2760842886,482,2760843368,2760843368
2025-06-19 10:35:56,REAL,2760843368,481,2760843849,2760843849
2025-06-19 10:35:58,REAL,2760843849,485,2760844334,2760844334
2025-06-19 10:36:00,REAL,2760844334,485,2760844819,2760844819
2025-06-19 10:36:02,REAL,2760844819,487,2760845306,2760845306
2025-06-19 10:36:04,REAL,2760845306,484,2760845790,2760845790
2025-06-19 10:36:06,REAL,2760845790,487,2760846277,2760846277
2025-06-19 10:36:08,REAL,2760846277,488,2760846765,2760846765
2025-06-19 10:36:10,REAL,2760846765,486,2760847251,2760847251
2025-06-19 10:36:12,REAL,2760847251,484,2760847735,2760847735
2025-06-19 10:36:14,REAL,2760847735,483,2760848218,2760848218
2025-06-19 10:36:16,REAL,2760848218,485,2760848703,2760848703
2025-06-19 10:36:18,REAL,2760848703,481,2760849184,2760849184
2025-06-19 10:36:20,REAL,2760849184,540,2760849724,2760849724
2025-06-19 10:36:22,REAL,2760849724,487,2760850211,2760850211
2025-06-19 10:36:24,REAL,2760850211,535,2760850746,2760850746
2025-06-19 10:36:26,REAL,2760850746,485,2760851231,2760851231
2025-06-19 10:36:28,REAL,2760851231,486,2760851717,2760851717
2025-06-19 10:36:30,REAL,2760851717,487,2760852204,2760852204
2025-06-19 10:36:32,REAL,2760852204,487,2760852691,2760852691
2025-06-19 10:36:34,REAL,2760852691,490,2760853181,2760853181
2025-06-19 10:36:36,REAL,2760853181,491,2760853672,2760853672
2025-06-19 10:36:38,REAL,2760853672,484,2760854156,2760854156
2025-06-19 10:36:40,REAL,2760854156,487,2760854643,2760854643
2025-06-19 10:36:42,REAL,2760854643,490,2760855133,2760855133
2025-06-19 10:36:44,REAL,2760855133,477,2760855610,2760855610
2025-06-19 10:36:46,REAL,2760855610,488,2760856098,2760856098
2025-06-19 10:36:48,REAL,2760856098,494,2760856592,2760856592
2025-06-19 10:36:50,REAL,2760856592,490,2760857082,2760857082
2025-06-19 10:36:52,REAL,2760857082,478,2760857560,2760857560
2025-06-19 10:36:54,REAL,2760857560,540,2760858100,2760858100
2025-06-19 10:36:56,REAL,2760858100,485,2760858585,2760858585
2025-06-19 10:36:58,REAL,2760858585,488,2760859073,2760859073
2025-06-19 10:37:00,REAL,2760859073,10982,2760870055,2760870055
2025-06-19 10:37:02,REAL,2760870055,10314,2760880369,2760880369
2025-06-19 10:37:04,REAL,2760880369,10250,2760890619,2760890619
2025-06-19 10:37:06,REAL,2760890619,10313,2760900932,2760900932
2025-06-19 10:37:08,REAL,2760900932,10257,2760911189,2760911189
2025-06-19 10:37:10,REAL,2760911189,10246,2760921435,2760921435
2025-06-19 10:37:12,REAL,2760921435,10320,2760931755,2760931755
2025-06-19 10:37:14,REAL,2760931755,6291,2760938046,2760938046
2025-06-19 10:37:16,REAL,2760938046,483,2760938529,2760938529
2025-06-19 10:37:18,REAL,2760938529,492,2760939021,2760939021
2025-06-19 10:37:20,REAL,2760939021,484,2760939505,2760939505
2025-06-19 10:37:22,REAL,2760939505,478,2760939983,2760939983
2025-06-19 10:37:24,REAL,2760939983,483,2760940466,2760940466
2025-06-19 10:37:26,REAL,2760940466,490,2760940956,2760940956
2025-06-19 10:37:28,REAL,2760940956,534,2760941490,2760941490
2025-06-19 10:37:30,REAL,2760941490,484,2760941974,2760941974
2025-06-19 10:37:32,REAL,2760941974,15214,2760957188,2760957188
2025-06-19 10:37:34,REAL,2760957188,10310,2760967498,2760967498
2025-06-19 10:37:36,REAL,2760967498,10248,2760977746,2760977746
2025-06-19 10:37:38,REAL,2760977746,10312,2760988058,2760988058
2025-06-19 10:37:40,REAL,2760988058,10251,2760998309,2760998309
2025-06-19 10:37:42,REAL,2760998309,10383,2761008692,2761008692
2025-06-19 10:37:44,REAL,2761008692,10194,2761018886,2761018886
2025-06-19 10:37:46,REAL,2761018886,5702,2761024588,2761024588
2025-06-19 10:37:48,REAL,2761024588,481,2761025069,2761025069
2025-06-19 10:37:50,REAL,2761025069,485,2761025554,2761025554
2025-06-19 10:37:52,REAL,2761025554,489,2761026043,2761026043
2025-06-19 10:37:54,REAL,2761026043,488,2761026531,2761026531
2025-06-19 10:37:56,REAL,2761026531,482,2761027013,2761027013
2025-06-19 10:37:58,REAL,2761027013,475,2761027488,2761027488
2025-06-19 10:38:00,REAL,2761027488,486,2761027974,2761027974
2025-06-19 10:38:02,REAL,2761027974,489,2761028463,2761028463
2025-06-19 10:38:04,REAL,2761028463,546,2761029009,2761029009
2025-06-19 10:38:06,REAL,2761029009,485,2761029494,2761029494
2025-06-19 10:38:08,REAL,2761029494,492,2761029986,2761029986
2025-06-19 10:38:10,REAL,2761029986,484,2761030470,2761030470
2025-06-19 10:38:12,REAL,2761030470,482,2761030952,2761030952
2025-06-19 10:38:14,REAL,2761030952,481,2761031433,2761031433
2025-06-19 10:38:16,REAL,2761031433,478,2761031911,2761031911
2025-06-19 10:38:18,REAL,2761031911,539,2761032450,2761032450
2025-06-19 10:38:20,REAL,2761032450,489,2761032939,2761032939
2025-06-19 10:38:22,REAL,2761032939,483,2761033422,2761033422
2025-06-19 10:38:24,REAL,2761033422,485,2761033907,2761033907
2025-06-19 10:38:26,REAL,2761033907,492,2761034399,2761034399
2025-06-19 10:38:28,REAL,2761034399,487,2761034886,2761034886
2025-06-19 10:38:30,REAL,2761034886,484,2761035370,2761035370
2025-06-19 10:38:32,REAL,2761035370,482,2761035852,2761035852
2025-06-19 10:38:34,REAL,2761035852,489,2761036341,2761036341
2025-06-19 10:38:36,REAL,2761036341,483,2761036824,2761036824
2025-06-19 10:38:38,REAL,2761036824,535,2761037359,2761037359
2025-06-19 10:38:40,REAL,2761037359,483,2761037842,2761037842
2025-06-19 10:38:42,REAL,2761037842,488,2761038330,2761038330
2025-06-19 10:38:44,REAL,2761038330,489,2761038819,2761038819
2025-06-19 10:38:46,REAL,2761038819,478,2761039297,2761039297
2025-06-19 10:38:48,REAL,2761039297,482,2761039779,2761039779
2025-06-19 10:38:50,REAL,2761039779,490,2761040269,2761040269
2025-06-19 10:38:52,REAL,2761040269,480,2761040749,2761040749
2025-06-19 10:38:54,REAL,2761040749,487,2761041236,2761041236
2025-06-19 10:38:56,REAL,2761041236,490,2761041726,2761041726
2025-06-19 10:38:58,REAL,2761041726,479,2761042205,2761042205
2025-06-19 10:39:00,REAL,2761042205,476,2761042681,2761042681
2025-06-19 10:39:02,REAL,2761042681,489,2761043170,2761043170
2025-06-19 10:39:04,REAL,2761043170,476,2761043646,2761043646
2025-06-19 10:39:06,REAL,2761043646,533,2761044179,2761044179
2025-06-19 10:39:08,REAL,2761044179,478,2761044657,2761044657
2025-06-19 10:39:10,REAL,2761044657,547,2761045204,2761045204
2025-06-19 10:39:12,REAL,2761045204,10991,2761056195,2761056195
2025-06-19 10:39:14,REAL,2761056195,12426,2761068621,2761068621
2025-06-19 10:39:16,REAL,2761068621,10319,2761078940,2761078940
2025-06-19 10:39:18,REAL,2761078940,10257,2761089197,2761089197
2025-06-19 10:39:20,REAL,2761089197,10251,2761099448,2761099448
2025-06-19 10:39:22,REAL,2761099448,10319,2761109767,2761109767
2025-06-19 10:39:24,REAL,2761109767,10254,2761120021,2761120021
2025-06-19 10:39:26,REAL,2761120021,8738,2761128759,2761128759
2025-06-19 10:39:28,REAL,2761128759,482,2761129241,2761129241
2025-06-19 10:39:30,REAL,2761129241,491,2761129732,2761129732
2025-06-19 10:39:32,REAL,2761129732,489,2761130221,2761130221
2025-06-19 10:39:34,REAL,2761130221,482,2761130703,2761130703
2025-06-19 10:39:36,REAL,2761130703,483,2761131186,2761131186
2025-06-19 10:39:38,REAL,2761131186,486,2761131672,2761131672
2025-06-19 10:39:40,REAL,2761131672,492,2761132164,2761132164
2025-06-19 10:39:42,REAL,2761132164,484,2761132648,2761132648
2025-06-19 10:39:44,REAL,2761132648,483,2761133131,2761133131
2025-06-19 10:39:46,REAL,2761133131,539,2761133670,2761133670
2025-06-19 10:39:48,REAL,2761133670,486,2761134156,2761134156
2025-06-19 10:39:50,REAL,2761134156,482,2761134638,2761134638
2025-06-19 10:39:52,REAL,2761134638,480,2761135118,2761135118
2025-06-19 10:39:54,REAL,2761135118,481,2761135599,2761135599
2025-06-19 10:39:56,REAL,2761135599,481,2761136080,2761136080
2025-06-19 10:39:58,REAL,2761136080,532,2761136612,2761136612
2025-06-19 10:40:00,REAL,2761136612,483,2761137095,2761137095
2025-06-19 10:40:02,REAL,2761137095,481,2761137576,2761137576
2025-06-19 10:40:04,REAL,2761137576,476,2761138052,2761138052
2025-06-19 10:40:06,REAL,2761138052,492,2761138544,2761138544
2025-06-19 10:40:08,REAL,2761138544,484,2761139028,2761139028
2025-06-19 10:40:10,REAL,2761139028,489,2761139517,2761139517
2025-06-19 10:40:12,REAL,2761139517,492,2761140009,2761140009
2025-06-19 10:40:14,REAL,2761140009,486,2761140495,2761140495
2025-06-19 10:40:16,REAL,2761140495,482,2761140977,2761140977
2025-06-19 10:40:18,REAL,2761140977,484,2761141461,2761141461
2025-06-19 10:40:20,REAL,2761141461,547,2761142008,2761142008
2025-06-19 10:40:22,REAL,2761142008,480,2761142488,2761142488
2025-06-19 10:40:24,REAL,2761142488,480,2761142968,2761142968
2025-06-19 10:40:26,REAL,2761142968,492,2761143460,2761143460
2025-06-19 10:40:28,REAL,2761143460,490,2761143950,2761143950
2025-06-19 10:40:30,REAL,2761143950,476,2761144426,2761144426
2025-06-19 10:40:32,REAL,2761144426,488,2761144914,2761144914
2025-06-19 10:40:34,REAL,2761144914,487,2761145401,2761145401
2025-06-19 10:40:36,REAL,2761145401,491,2761145892,2761145892
2025-06-19 10:40:38,REAL,2761145892,484,2761146376,2761146376
2025-06-19 10:40:40,REAL,2761146376,484,2761146860,2761146860
2025-06-19 10:40:42,REAL,2761146860,485,2761147345,2761147345
2025-06-19 10:40:44,REAL,2761147345,542,2761147887,2761147887
2025-06-19 10:40:46,REAL,2761147887,476,2761148363,2761148363
2025-06-19 10:40:48,REAL,2761148363,487,2761148850,2761148850
2025-06-19 10:40:50,REAL,2761148850,481,2761149331,2761149331
2025-06-19 10:40:52,REAL,2761149331,484,2761149815,2761149815
2025-06-19 10:40:54,REAL,2761149815,532,2761150347,2761150347
2025-06-19 10:40:56,REAL,2761150347,483,2761150830,2761150830
2025-06-19 10:40:58,REAL,2761150830,475,2761151305,2761151305
2025-06-19 10:41:00,REAL,2761151305,478,2761151783,2761151783
2025-06-19 10:41:02,REAL,2761151783,482,2761152265,2761152265
2025-06-19 10:41:04,REAL,2761152265,482,2761152747,2761152747
2025-06-19 10:41:06,REAL,2761152747,494,2761153241,2761153241
2025-06-19 10:41:08,REAL,2761153241,487,2761153728,2761153728
2025-06-19 10:41:10,REAL,2761153728,491,2761154219,2761154219
2025-06-19 10:41:12,REAL,2761154219,484,2761154703,2761154703
2025-06-19 10:41:14,REAL,2761154703,485,2761155188,2761155188
2025-06-19 10:41:16,REAL,2761155188,490,2761155678,2761155678
2025-06-19 10:41:18,REAL,2761155678,491,2761156169,2761156169
2025-06-19 10:41:20,REAL,2761156169,480,2761156649,2761156649
2025-06-19 10:41:22,REAL,2761156649,489,2761157138,2761157138
2025-06-19 10:41:24,REAL,2761157138,5050,2761162188,2761162188
2025-06-19 10:41:26,REAL,2761162188,11104,2761173292,2761173292
2025-06-19 10:41:28,REAL,2761173292,10374,2761183666,2761183666
2025-06-19 10:41:30,REAL,2761183666,10242,2761193908,2761193908
2025-06-19 10:41:32,REAL,2761193908,10310,2761204218,2761204218
2025-06-19 10:41:34,REAL,2761204218,10255,2761214473,2761214473
2025-06-19 10:41:36,REAL,2761214473,10246,2761224719,2761224719
2025-06-19 10:41:38,REAL,2761224719,10320,2761235039,2761235039
2025-06-19 10:41:40,REAL,2761235039,1211,2761236250,2761236250
2025-06-19 10:41:42,REAL,2761236250,489,2761236739,2761236739
2025-06-19 10:41:44,REAL,2761236739,489,2761237228,2761237228
2025-06-19 10:41:46,REAL,2761237228,483,2761237711,2761237711
2025-06-19 10:41:48,REAL,2761237711,481,2761238192,2761238192
2025-06-19 10:41:50,REAL,2761238192,493,2761238685,2761238685
2025-06-19 10:41:52,REAL,2761238685,483,2761239168,2761239168
2025-06-19 10:41:54,REAL,2761239168,485,2761239653,2761239653
2025-06-19 10:41:56,REAL,2761239653,482,2761240135,2761240135
2025-06-19 10:41:58,REAL,2761240135,484,2761240619,2761240619
2025-06-19 10:42:00,REAL,2761240619,540,2761241159,2761241159
2025-06-19 10:42:02,REAL,2761241159,484,2761241643,2761241643
2025-06-19 10:42:04,REAL,2761241643,484,2761242127,2761242127
2025-06-19 10:42:06,REAL,2761242127,487,2761242614,2761242614
2025-06-19 10:42:08,REAL,2761242614,474,2761243088,2761243088
2025-06-19 10:42:10,REAL,2761243088,481,2761243569,2761243569
2025-06-19 10:42:12,REAL,2761243569,544,2761244113,2761244113
2025-06-19 10:42:14,REAL,2761244113,484,2761244597,2761244597
2025-06-19 10:42:16,REAL,2761244597,484,2761245081,2761245081
2025-06-19 10:42:18,REAL,2761245081,488,2761245569,2761245569
2025-06-19 10:42:20,REAL,2761245569,482,2761246051,2761246051
2025-06-19 10:42:22,REAL,2761246051,481,2761246532,2761246532
2025-06-19 10:42:24,REAL,2761246532,490,2761247022,2761247022
2025-06-19 10:42:26,REAL,2761247022,482,2761247504,2761247504
2025-06-19 10:42:28,REAL,2761247504,485,2761247989,2761247989
2025-06-19 10:42:30,REAL,2761247989,483,2761248472,2761248472
2025-06-19 10:42:32,REAL,2761248472,491,2761248963,2761248963
2025-06-19 10:42:34,REAL,2761248963,541,2761249504,2761249504
2025-06-19 10:42:36,REAL,2761249504,494,2761249998,2761249998
2025-06-19 10:42:38,REAL,2761249998,491,2761250489,2761250489
2025-06-19 10:42:40,REAL,2761250489,487,2761250976,2761250976
2025-06-19 10:42:42,REAL,2761250976,480,2761251456,2761251456
2025-06-19 10:42:44,REAL,2761251456,483,2761251939,2761251939
2025-06-19 10:42:46,REAL,2761251939,480,2761252419,2761252419
2025-06-19 10:42:48,REAL,2761252419,489,2761252908,2761252908
2025-06-19 10:42:50,REAL,2761252908,485,2761253393,2761253393
2025-06-19 10:42:52,REAL,2761253393,489,2761253882,2761253882
2025-06-19 10:42:54,REAL,2761253882,476,2761254358,2761254358
2025-06-19 10:42:56,REAL,2761254358,477,2761254835,2761254835
2025-06-19 10:42:58,REAL,2761254835,480,2761255315,2761255315
2025-06-19 10:43:00,REAL,2761255315,549,2761255864,2761255864
2025-06-19 10:43:02,REAL,2761255864,488,2761256352,2761256352
2025-06-19 10:43:04,REAL,2761256352,485,2761256837,2761256837
2025-06-19 10:43:06,REAL,2761256837,536,2761257373,2761257373
2025-06-19 10:43:08,REAL,2761257373,487,2761257860,2761257860
2025-06-19 10:43:10,REAL,2761257860,483,2761258343,2761258343
2025-06-19 10:43:12,REAL,2761258343,487,2761258830,2761258830
2025-06-19 10:43:14,REAL,2761258830,489,2761259319,2761259319
2025-06-19 10:43:16,REAL,2761259319,478,2761259797,2761259797
2025-06-19 10:43:18,REAL,2761259797,491,2761260288,2761260288
2025-06-19 10:43:20,REAL,2761260288,488,2761260776,2761260776
2025-06-19 10:43:22,REAL,2761260776,483,2761261259,2761261259
2025-06-19 10:43:24,REAL,2761261259,480,2761261739,2761261739
2025-06-19 10:43:26,REAL,2761261739,482,2761262221,2761262221
2025-06-19 10:43:28,REAL,2761262221,477,2761262698,2761262698
2025-06-19 10:43:30,REAL,2761262698,488,2761263186,2761263186
2025-06-19 10:43:32,REAL,2761263186,478,2761263664,2761263664
2025-06-19 10:43:34,REAL,2761263664,488,2761264152,2761264152
2025-06-19 10:43:36,REAL,2761264152,482,2761264634,2761264634
2025-06-19 10:43:38,REAL,2761264634,479,2761265113,2761265113
2025-06-19 10:43:40,REAL,2761265113,539,2761265652,2761265652
2025-06-19 10:43:42,REAL,2761265652,480,2761266132,2761266132
2025-06-19 10:43:44,REAL,2761266132,483,2761266615,2761266615
2025-06-19 10:43:46,REAL,2761266615,489,2761267104,2761267104
2025-06-19 10:43:48,REAL,2761267104,542,2761267646,2761267646
2025-06-19 10:43:50,REAL,2761267646,485,2761268131,2761268131
2025-06-19 10:43:52,REAL,2761268131,483,2761268614,2761268614
2025-06-19 10:43:54,REAL,2761268614,488,2761269102,2761269102
2025-06-19 10:43:56,REAL,2761269102,487,2761269589,2761269589
2025-06-19 10:43:58,REAL,2761269589,481,2761270070,2761270070
2025-06-19 10:44:00,REAL,2761270070,475,2761270545,2761270545
2025-06-19 10:44:02,REAL,2761270545,489,2761271034,2761271034
2025-06-19 10:44:04,REAL,2761271034,478,2761271512,2761271512
2025-06-19 10:44:06,REAL,2761271512,487,2761271999,2761271999
2025-06-19 10:44:08,REAL,2761271999,484,2761272483,2761272483
2025-06-19 10:44:10,REAL,2761272483,480,2761272963,2761272963
2025-06-19 10:44:12,REAL,2761272963,2795,2761275758,2761275758
2025-06-19 10:44:14,REAL,2761275758,14744,2761290502,2761290502
2025-06-19 10:44:16,REAL,2761290502,10311,2761300813,2761300813
2025-06-19 10:44:18,REAL,2761300813,10249,2761311062,2761311062
2025-06-19 10:44:20,REAL,2761311062,10256,2761321318,2761321318
2025-06-19 10:44:22,REAL,2761321318,10317,2761331635,2761331635
2025-06-19 10:44:24,REAL,2761331635,10255,2761341890,2761341890
2025-06-19 10:44:26,REAL,2761341890,10255,2761352145,2761352145
2025-06-19 10:44:28,REAL,2761352145,3315,2761355460,2761355460
2025-06-19 10:44:30,REAL,2761355460,488,2761355948,2761355948
2025-06-19 10:44:32,REAL,2761355948,480,2761356428,2761356428
2025-06-19 10:44:34,REAL,2761356428,485,2761356913,2761356913
2025-06-19 10:44:36,REAL,2761356913,485,2761357398,2761357398
2025-06-19 10:44:38,REAL,2761357398,482,2761357880,2761357880
2025-06-19 10:44:40,REAL,2761357880,494,2761358374,2761358374
2025-06-19 10:44:42,REAL,2761358374,487,2761358861,2761358861
2025-06-19 10:44:44,REAL,2761358861,479,2761359340,2761359340
2025-06-19 10:44:46,REAL,2761359340,540,2761359880,2761359880
2025-06-19 10:44:48,REAL,2761359880,493,2761360373,2761360373
2025-06-19 10:44:50,REAL,2761360373,481,2761360854,2761360854
2025-06-19 10:44:52,REAL,2761360854,487,2761361341,2761361341
2025-06-19 10:44:54,REAL,2761361341,487,2761361828,2761361828
2025-06-19 10:44:56,REAL,2761361828,483,2761362311,2761362311
2025-06-19 10:44:58,REAL,2761362311,487,2761362798,2761362798
2025-06-19 10:45:00,REAL,2761362798,479,2761363277,2761363277
2025-06-19 10:45:02,REAL,2761363277,544,2761363821,2761363821
2025-06-19 10:45:04,REAL,2761363821,239,2761364060,2761364060
2025-06-19 10:45:06,REAL,2761364060,483,2761364543,2761364543
2025-06-19 10:45:08,REAL,2761364543,485,2761365028,2761365028
2025-06-19 10:45:10,REAL,2761365028,482,2761365510,2761365510
2025-06-19 10:45:12,REAL,2761365510,478,2761365988,2761365988
2025-06-19 10:45:14,REAL,2761365988,486,2761366474,2761366474
2025-06-19 10:45:16,REAL,2761366474,489,2761366963,2761366963
2025-06-19 10:45:18,REAL,2761366963,536,2761367499,2761367499
2025-06-19 10:45:20,REAL,2761367499,482,2761367981,2761367981
2025-06-19 10:45:22,REAL,2761367981,483,2761368464,2761368464
2025-06-19 10:45:24,REAL,2761368464,488,2761368952,2761368952
2025-06-19 10:45:26,REAL,2761368952,481,2761369433,2761369433
2025-06-19 10:45:28,REAL,2761369433,483,2761369916,2761369916
2025-06-19 10:45:30,REAL,2761369916,475,2761370391,2761370391
2025-06-19 10:45:32,REAL,2761370391,480,2761370871,2761370871
2025-06-19 10:45:34,REAL,2761370871,487,2761371358,2761371358
2025-06-19 10:45:36,REAL,2761371358,490,2761371848,2761371848
2025-06-19 10:45:38,REAL,2761371848,483,2761372331,2761372331
2025-06-19 10:45:40,REAL,2761372331,479,2761372810,2761372810
2025-06-19 10:45:42,REAL,2761372810,488,2761373298,2761373298
2025-06-19 10:45:44,REAL,2761373298,477,2761373775,2761373775
2025-06-19 10:45:46,REAL,2761373775,481,2761374256,2761374256
2025-06-19 10:45:48,REAL,2761374256,489,2761374745,2761374745
2025-06-19 10:45:50,REAL,2761374745,538,2761375283,2761375283
2025-06-19 10:45:52,REAL,2761375283,537,2761375820,2761375820
2025-06-19 10:45:54,REAL,2761375820,480,2761376300,2761376300
2025-06-19 10:45:56,REAL,2761376300,481,2761376781,2761376781
2025-06-19 10:45:58,REAL,2761376781,483,2761377264,2761377264
2025-06-19 10:46:00,REAL,2761377264,486,2761377750,2761377750
2025-06-19 10:46:02,REAL,2761377750,490,2761378240,2761378240
2025-06-19 10:46:04,REAL,2761378240,490,2761378730,2761378730
2025-06-19 10:46:06,REAL,2761378730,484,2761379214,2761379214
2025-06-19 10:46:08,REAL,2761379214,485,2761379699,2761379699
2025-06-19 10:46:10,REAL,2761379699,490,2761380189,2761380189
2025-06-19 10:46:12,REAL,2761380189,486,2761380675,2761380675
2025-06-19 10:46:14,REAL,2761380675,482,2761381157,2761381157
2025-06-19 10:46:16,REAL,2761381157,484,2761381641,2761381641
2025-06-19 10:46:18,REAL,2761381641,543,2761382184,2761382184
2025-06-19 10:46:20,REAL,2761382184,478,2761382662,2761382662
2025-06-19 10:46:22,REAL,2761382662,484,2761383146,2761383146
2025-06-19 10:46:24,REAL,2761383146,481,2761383627,2761383627
2025-06-19 10:46:26,REAL,2761383627,480,2761384107,2761384107
2025-06-19 10:46:28,REAL,2761384107,488,2761384595,2761384595
2025-06-19 10:46:30,REAL,2761384595,484,2761385079,2761385079
2025-06-19 10:46:32,REAL,2761385079,483,2761385562,2761385562
2025-06-19 10:46:34,REAL,2761385562,479,2761386041,2761386041
2025-06-19 10:46:36,REAL,2761386041,479,2761386520,2761386520
2025-06-19 10:46:38,REAL,2761386520,485,2761387005,2761387005
2025-06-19 10:46:40,REAL,2761387005,547,2761387552,2761387552
2025-06-19 10:46:42,REAL,2761387552,481,2761388033,2761388033
2025-06-19 10:46:44,REAL,2761388033,543,2761388576,2761388576
2025-06-19 10:46:46,REAL,2761388576,491,2761389067,2761389067
2025-06-19 10:46:48,REAL,2761389067,488,2761389555,2761389555
2025-06-19 10:46:50,REAL,2761389555,484,2761390039,2761390039
2025-06-19 10:46:52,REAL,2761390039,490,2761390529,2761390529
2025-06-19 10:46:54,REAL,2761390529,488,2761391017,2761391017
2025-06-19 10:46:56,REAL,2761391017,6162,2761397179,2761397179
2025-06-19 10:46:58,REAL,2761397179,11053,2761408232,2761408232
2025-06-19 10:47:00,REAL,2761408232,10316,2761418548,2761418548
2025-06-19 10:47:02,REAL,2761418548,10252,2761428800,2761428800
2025-06-19 10:47:04,REAL,2761428800,10246,2761439046,2761439046
2025-06-19 10:47:06,REAL,2761439046,10251,2761449297,2761449297
2025-06-19 10:47:08,REAL,2761449297,10369,2761459666,2761459666
2025-06-19 10:47:10,REAL,2761459666,10250,2761469916,2761469916
2025-06-19 10:47:12,REAL,2761469916,477,2761470393,2761470393
2025-06-19 10:47:14,REAL,2761470393,482,2761470875,2761470875
2025-06-19 10:47:16,REAL,2761470875,493,2761471368,2761471368
2025-06-19 10:47:18,REAL,2761471368,485,2761471853,2761471853
2025-06-19 10:47:20,REAL,2761471853,483,2761472336,2761472336
2025-06-19 10:47:22,REAL,2761472336,488,2761472824,2761472824
2025-06-19 10:47:24,REAL,2761472824,480,2761473304,2761473304
2025-06-19 10:47:26,REAL,2761473304,475,2761473779,2761473779
2025-06-19 10:47:28,REAL,2761473779,7749,2761481528,2761481528
2025-06-19 10:47:30,REAL,2761481528,12760,2761494288,2761494288
2025-06-19 10:47:32,REAL,2761494288,10253,2761504541,2761504541
2025-06-19 10:47:34,REAL,2761504541,10376,2761514917,2761514917
2025-06-19 10:47:36,REAL,2761514917,10245,2761525162,2761525162
2025-06-19 10:47:38,REAL,2761525162,10321,2761535483,2761535483
2025-06-19 10:47:40,REAL,2761535483,10245,2761545728,2761545728
2025-06-19 10:47:42,REAL,2761545728,9656,2761555384,2761555384
2025-06-19 10:47:44,REAL,2761555384,483,2761555867,2761555867
2025-06-19 10:47:46,REAL,2761555867,482,2761556349,2761556349
2025-06-19 10:47:48,REAL,2761556349,490,2761556839,2761556839
2025-06-19 10:47:50,REAL,2761556839,488,2761557327,2761557327
2025-06-19 10:47:52,REAL,2761557327,490,2761557817,2761557817
2025-06-19 10:47:54,REAL,2761557817,477,2761558294,2761558294
2025-06-19 10:47:56,REAL,2761558294,492,2761558786,2761558786
2025-06-19 10:47:58,REAL,2761558786,482,2761559268,2761559268
2025-06-19 10:48:00,REAL,2761559268,7801,2761567069,2761567069
2025-06-19 10:48:02,REAL,2761567069,10978,2761578047,2761578047
2025-06-19 10:48:04,REAL,2761578047,10254,2761588301,2761588301
2025-06-19 10:48:06,REAL,2761588301,10251,2761598552,2761598552
2025-06-19 10:48:08,REAL,2761598552,10257,2761608809,2761608809
2025-06-19 10:48:10,REAL,2761608809,10252,2761619061,2761619061
2025-06-19 10:48:12,REAL,2761619061,11037,2761630098,2761630098
2025-06-19 10:48:14,REAL,2761630098,8211,2761638309,2761638309
2025-06-19 10:48:16,REAL,2761638309,484,2761638793,2761638793
2025-06-19 10:48:18,REAL,2761638793,491,2761639284,2761639284
2025-06-19 10:48:20,REAL,2761639284,482,2761639766,2761639766
2025-06-19 10:48:22,REAL,2761639766,481,2761640247,2761640247
2025-06-19 10:48:24,REAL,2761640247,481,2761640728,2761640728
2025-06-19 10:48:26,REAL,2761640728,541,2761641269,2761641269
2025-06-19 10:48:28,REAL,2761641269,489,2761641758,2761641758
2025-06-19 10:48:30,REAL,2761641758,484,2761642242,2761642242
2025-06-19 10:48:32,REAL,2761642242,480,2761642722,2761642722
2025-06-19 10:48:34,REAL,2761642722,489,2761643211,2761643211
2025-06-19 10:48:36,REAL,2761643211,489,2761643700,2761643700
2025-06-19 10:48:38,REAL,2761643700,477,2761644177,2761644177
2025-06-19 10:48:40,REAL,2761644177,481,2761644658,2761644658
2025-06-19 10:48:42,REAL,2761644658,480,2761645138,2761645138
2025-06-19 10:48:44,REAL,2761645138,487,2761645625,2761645625
2025-06-19 10:48:46,REAL,2761645625,485,2761646110,2761646110
2025-06-19 10:48:48,REAL,2761646110,486,2761646596,2761646596
2025-06-19 10:48:50,REAL,2761646596,541,2761647137,2761647137
2025-06-19 10:48:52,REAL,2761647137,540,2761647677,2761647677
2025-06-19 10:48:54,REAL,2761647677,485,2761648162,2761648162
2025-06-19 10:48:56,REAL,2761648162,481,2761648643,2761648643
2025-06-19 10:48:58,REAL,2761648643,490,2761649133,2761649133
2025-06-19 10:49:00,REAL,2761649133,491,2761649624,2761649624
2025-06-19 10:49:02,REAL,2761649624,489,2761650113,2761650113
2025-06-19 10:49:04,REAL,2761650113,491,2761650604,2761650604
2025-06-19 10:49:06,REAL,2761650604,484,2761651088,2761651088
2025-06-19 10:49:08,REAL,2761651088,476,2761651564,2761651564
2025-06-19 10:49:10,REAL,2761651564,484,2761652048,2761652048
2025-06-19 10:49:12,REAL,2761652048,484,2761652532,2761652532
2025-06-19 10:49:14,REAL,2761652532,490,2761653022,2761653022
2025-06-19 10:49:16,REAL,2761653022,493,2761653515,2761653515
2025-06-19 10:49:18,REAL,2761653515,538,2761654053,2761654053
2025-06-19 10:49:20,REAL,2761654053,479,2761654532,2761654532
2025-06-19 10:49:22,REAL,2761654532,489,2761655021,2761655021
2025-06-19 10:49:24,REAL,2761655021,484,2761655505,2761655505
2025-06-19 10:49:26,REAL,2761655505,486,2761655991,2761655991
2025-06-19 10:49:28,REAL,2761655991,489,2761656480,2761656480
2025-06-19 10:49:30,REAL,2761656480,480,2761656960,2761656960
2025-06-19 10:49:32,REAL,2761656960,541,2761657501,2761657501
2025-06-19 10:49:34,REAL,2761657501,482,2761657983,2761657983
2025-06-19 10:49:36,REAL,2761657983,488,2761658471,2761658471
2025-06-19 10:49:38,REAL,2761658471,484,2761658955,2761658955
2025-06-19 10:49:40,REAL,2761658955,485,2761659440,2761659440
2025-06-19 10:49:42,REAL,2761659440,486,2761659926,2761659926
2025-06-19 10:49:44,REAL,2761659926,543,2761660469,2761660469
2025-06-19 10:49:46,REAL,2761660469,475,2761660944,2761660944
2025-06-19 10:49:48,REAL,2761660944,479,2761661423,2761661423
2025-06-19 10:49:50,REAL,2761661423,487,2761661910,2761661910
2025-06-19 10:49:52,REAL,2761661910,481,2761662391,2761662391
2025-06-19 10:49:54,REAL,2761662391,494,2761662885,2761662885
2025-06-19 10:49:56,REAL,2761662885,10390,2761673275,2761673275
2025-06-19 10:49:58,REAL,2761673275,10458,2761683733,2761683733
2025-06-19 10:50:00,REAL,2761683733,10320,2761694053,2761694053
2025-06-19 10:50:02,REAL,2761694053,10248,2761704301,2761704301
2025-06-19 10:50:04,REAL,2761704301,10320,2761714621,2761714621
2025-06-19 10:50:06,REAL,2761714621,10251,2761724872,2761724872
2025-06-19 10:50:08,REAL,2761724872,10368,2761735240,2761735240
2025-06-19 10:50:10,REAL,2761735240,7283,2761742523,2761742523
2025-06-19 10:50:12,REAL,2761742523,494,2761743017,2761743017
2025-06-19 10:50:14,REAL,2761743017,483,2761743500,2761743500
2025-06-19 10:50:16,REAL,2761743500,4513,2761748013,2761748013
2025-06-19 10:50:18,REAL,2761748013,11509,2761759522,2761759522
2025-06-19 10:50:20,REAL,2761759522,10246,2761769768,2761769768
2025-06-19 10:50:22,REAL,2761769768,10252,2761780020,2761780020
2025-06-19 10:50:24,REAL,2761780020,10321,2761790341,2761790341
2025-06-19 10:50:26,REAL,2761790341,10251,2761800592,2761800592
2025-06-19 10:50:28,REAL,2761800592,10313,2761810905,2761810905
2025-06-19 10:50:30,REAL,2761810905,10242,2761821147,2761821147
2025-06-19 10:50:32,REAL,2761821147,2002,2761823149,2761823149
2025-06-19 10:50:34,REAL,2761823149,543,2761823692,2761823692
2025-06-19 10:50:36,REAL,2761823692,484,2761824176,2761824176
2025-06-19 10:50:38,REAL,2761824176,489,2761824665,2761824665
2025-06-19 10:50:40,REAL,2761824665,480,2761825145,2761825145
2025-06-19 10:50:42,REAL,2761825145,486,2761825631,2761825631
2025-06-19 10:50:44,REAL,2761825631,479,2761826110,2761826110
2025-06-19 10:50:46,REAL,2761826110,485,2761826595,2761826595
2025-06-19 10:50:48,REAL,2761826595,5771,2761832366,2761832366
2025-06-19 10:50:50,REAL,2761832366,13487,2761845853,2761845853
2025-06-19 10:50:52,REAL,2761845853,10316,2761856169,2761856169
2025-06-19 10:50:54,REAL,2761856169,10255,2761866424,2761866424
2025-06-19 10:50:56,REAL,2761866424,10253,2761876677,2761876677
2025-06-19 10:50:58,REAL,2761876677,10320,2761886997,2761886997
2025-06-19 10:51:00,REAL,2761886997,10253,2761897250,2761897250
2025-06-19 10:51:02,REAL,2761897250,10317,2761907567,2761907567
2025-06-19 10:51:04,REAL,2761907567,1461,2761909028,2761909028
2025-06-19 10:51:06,REAL,2761909028,485,2761909513,2761909513
2025-06-19 10:51:08,REAL,2761909513,485,2761909998,2761909998
2025-06-19 10:51:10,REAL,2761909998,478,2761910476,2761910476
2025-06-19 10:51:12,REAL,2761910476,484,2761910960,2761910960
2025-06-19 10:51:14,REAL,2761910960,487,2761911447,2761911447
2025-06-19 10:51:16,REAL,2761911447,492,2761911939,2761911939
2025-06-19 10:51:18,REAL,2761911939,486,2761912425,2761912425
2025-06-19 10:51:20,REAL,2761912425,6107,2761918532,2761918532
2025-06-19 10:51:22,REAL,2761918532,10845,2761929377,2761929377
2025-06-19 10:51:24,REAL,2761929377,10257,2761939634,2761939634
2025-06-19 10:51:26,REAL,2761939634,10324,2761949958,2761949958
2025-06-19 10:51:28,REAL,2761949958,10255,2761960213,2761960213
2025-06-19 10:51:30,REAL,2761960213,10253,2761970466,2761970466
2025-06-19 10:51:32,REAL,2761970466,10316,2761980782,2761980782
2025-06-19 10:51:34,REAL,2761980782,10310,2761991092,2761991092
2025-06-19 10:51:36,REAL,2761991092,816,2761991908,2761991908
2025-06-19 10:51:38,REAL,2761991908,492,2761992400,2761992400
2025-06-19 10:51:40,REAL,2761992400,475,2761992875,2761992875
2025-06-19 10:51:42,REAL,2761992875,476,2761993351,2761993351
2025-06-19 10:51:44,REAL,2761993351,485,2761993836,2761993836
2025-06-19 10:51:46,REAL,2761993836,479,2761994315,2761994315
2025-06-19 10:51:48,REAL,2761994315,487,2761994802,2761994802
2025-06-19 10:51:50,REAL,2761994802,483,2761995285,2761995285
2025-06-19 10:51:52,REAL,2761995285,6496,2762001781,2762001781
2025-06-19 10:51:54,REAL,2762001781,11241,2762013022,2762013022
2025-06-19 10:51:56,REAL,2762013022,10315,2762023337,2762023337
2025-06-19 10:51:58,REAL,2762023337,10254,2762033591,2762033591
2025-06-19 10:52:00,REAL,2762033591,10320,2762043911,2762043911
2025-06-19 10:52:02,REAL,2762043911,10247,2762054158,2762054158
2025-06-19 10:52:04,REAL,2762054158,10375,2762064533,2762064533
2025-06-19 10:52:06,REAL,2762064533,9924,2762074457,2762074457
2025-06-19 10:52:08,REAL,2762074457,484,2762074941,2762074941
2025-06-19 10:52:10,REAL,2762074941,482,2762075423,2762075423
2025-06-19 10:52:12,REAL,2762075423,482,2762075905,2762075905
2025-06-19 10:52:14,REAL,2762075905,482,2762076387,2762076387
2025-06-19 10:52:16,REAL,2762076387,481,2762076868,2762076868
2025-06-19 10:52:18,REAL,2762076868,477,2762077345,2762077345
2025-06-19 10:52:20,REAL,2762077345,490,2762077835,2762077835
2025-06-19 10:52:22,REAL,2762077835,483,2762078318,2762078318
2025-06-19 10:52:24,REAL,2762078318,7296,2762085614,2762085614
2025-06-19 10:52:26,REAL,2762085614,10978,2762096592,2762096592
2025-06-19 10:52:28,REAL,2762096592,10252,2762106844,2762106844
2025-06-19 10:52:30,REAL,2762106844,10251,2762117095,2762117095
2025-06-19 10:52:32,REAL,2762117095,10322,2762127417,2762127417
2025-06-19 10:52:34,REAL,2762127417,10248,2762137665,2762137665
2025-06-19 10:52:36,REAL,2762137665,10317,2762147982,2762147982
2025-06-19 10:52:38,REAL,2762147982,9332,2762157314,2762157314
2025-06-19 10:52:40,REAL,2762157314,482,2762157796,2762157796
2025-06-19 10:52:42,REAL,2762157796,480,2762158276,2762158276
2025-06-19 10:52:44,REAL,2762158276,478,2762158754,2762158754
2025-06-19 10:52:46,REAL,2762158754,480,2762159234,2762159234
2025-06-19 10:52:48,REAL,2762159234,490,2762159724,2762159724
2025-06-19 10:52:50,REAL,2762159724,493,2762160217,2762160217
2025-06-19 10:52:52,REAL,2762160217,481,2762160698,2762160698
2025-06-19 10:52:54,REAL,2762160698,475,2762161173,2762161173
2025-06-19 10:52:56,REAL,2762161173,8672,2762169845,2762169845
2025-06-19 10:52:58,REAL,2762169845,10583,2762180428,2762180428
2025-06-19 10:53:00,REAL,2762180428,10247,2762190675,2762190675
2025-06-19 10:53:02,REAL,2762190675,10317,2762200992,2762200992
2025-06-19 10:53:04,REAL,2762200992,10248,2762211240,2762211240
2025-06-19 10:53:06,REAL,2762211240,10311,2762221551,2762221551
2025-06-19 10:53:08,REAL,2762221551,10310,2762231861,2762231861
2025-06-19 10:53:10,REAL,2762231861,8658,2762240519,2762240519
2025-06-19 10:53:12,REAL,2762240519,489,2762241008,2762241008
2025-06-19 10:53:14,REAL,2762241008,488,2762241496,2762241496
2025-06-19 10:53:16,REAL,2762241496,486,2762241982,2762241982
2025-06-19 10:53:18,REAL,2762241982,488,2762242470,2762242470
2025-06-19 10:53:20,REAL,2762242470,480,2762242950,2762242950
2025-06-19 10:53:22,REAL,2762242950,484,2762243434,2762243434
2025-06-19 10:53:24,REAL,2762243434,487,2762243921,2762243921
2025-06-19 10:53:26,REAL,2762243921,490,2762244411,2762244411
2025-06-19 10:53:28,REAL,2762244411,474,2762244885,2762244885
2025-06-19 10:53:30,REAL,2762244885,484,2762245369,2762245369
2025-06-19 10:53:32,REAL,2762245369,493,2762245862,2762245862
2025-06-19 10:53:34,REAL,2762245862,482,2762246344,2762246344
2025-06-19 10:53:36,REAL,2762246344,488,2762246832,2762246832
2025-06-19 10:53:38,REAL,2762246832,543,2762247375,2762247375
2025-06-19 10:53:40,REAL,2762247375,532,2762247907,2762247907
2025-06-19 10:53:42,REAL,2762247907,482,2762248389,2762248389
2025-06-19 10:53:44,REAL,2762248389,485,2762248874,2762248874
2025-06-19 10:53:46,REAL,2762248874,482,2762249356,2762249356
2025-06-19 10:53:48,REAL,2762249356,478,2762249834,2762249834
2025-06-19 10:53:50,REAL,2762249834,485,2762250319,2762250319
2025-06-19 10:53:52,REAL,2762250319,486,2762250805,2762250805
2025-06-19 10:53:54,REAL,2762250805,483,2762251288,2762251288
2025-06-19 10:53:56,REAL,2762251288,479,2762251767,2762251767
2025-06-19 10:53:58,REAL,2762251767,487,2762252254,2762252254
2025-06-19 10:54:00,REAL,2762252254,484,2762252738,2762252738
2025-06-19 10:54:02,REAL,2762252738,486,2762253224,2762253224
2025-06-19 10:54:04,REAL,2762253224,489,2762253713,2762253713
2025-06-19 10:54:06,REAL,2762253713,489,2762254202,2762254202
2025-06-19 10:54:08,REAL,2762254202,539,2762254741,2762254741
2025-06-19 10:54:10,REAL,2762254741,489,2762255230,2762255230
2025-06-19 10:54:12,REAL,2762255230,549,2762255779,2762255779
2025-06-19 10:54:14,REAL,2762255779,491,2762256270,2762256270
2025-06-19 10:54:16,REAL,2762256270,480,2762256750,2762256750
2025-06-19 10:54:18,REAL,2762256750,486,2762257236,2762257236
2025-06-19 10:54:20,REAL,2762257236,478,2762257714,2762257714
2025-06-19 10:54:22,REAL,2762257714,484,2762258198,2762258198
2025-06-19 10:54:24,REAL,2762258198,491,2762258689,2762258689
2025-06-19 10:54:26,REAL,2762258689,491,2762259180,2762259180
2025-06-19 10:54:28,REAL,2762259180,489,2762259669,2762259669
2025-06-19 10:54:30,REAL,2762259669,483,2762260152,2762260152
2025-06-19 10:54:32,REAL,2762260152,492,2762260644,2762260644
2025-06-19 10:54:34,REAL,2762260644,482,2762261126,2762261126
2025-06-19 10:54:36,REAL,2762261126,485,2762261611,2762261611
2025-06-19 10:54:38,REAL,2762261611,538,2762262149,2762262149
2025-06-19 10:54:40,REAL,2762262149,485,2762262634,2762262634
2025-06-19 10:54:42,REAL,2762262634,546,2762263180,2762263180
2025-06-19 10:54:44,REAL,2762263180,485,2762263665,2762263665
2025-06-19 10:54:46,REAL,2762263665,483,2762264148,2762264148
2025-06-19 10:54:48,REAL,2762264148,479,2762264627,2762264627
2025-06-19 10:54:50,REAL,2762264627,489,2762265116,2762265116
2025-06-19 10:54:52,REAL,2762265116,486,2762265602,2762265602
2025-06-19 10:54:54,REAL,2762265602,486,2762266088,2762266088
2025-06-19 10:54:56,REAL,2762266088,475,2762266563,2762266563
2025-06-19 10:54:58,REAL,2762266563,487,2762267050,2762267050
2025-06-19 10:55:00,REAL,2762267050,485,2762267535,2762267535
2025-06-19 10:55:02,REAL,2762267535,490,2762268025,2762268025
2025-06-19 10:55:04,REAL,2762268025,490,2762268515,2762268515
2025-06-19 10:55:06,REAL,2762268515,483,2762268998,2762268998
2025-06-19 10:55:08,REAL,2762268998,491,2762269489,2762269489
2025-06-19 10:55:10,REAL,2762269489,542,2762270031,2762270031
2025-06-19 10:55:12,REAL,2762270031,536,2762270567,2762270567
2025-06-19 10:55:14,REAL,2762270567,479,2762271046,2762271046
2025-06-19 10:55:16,REAL,2762271046,476,2762271522,2762271522
2025-06-19 10:55:18,REAL,2762271522,476,2762271998,2762271998
2025-06-19 10:55:20,REAL,2762271998,486,2762272484,2762272484
2025-06-19 10:55:22,REAL,2762272484,491,2762272975,2762272975
2025-06-19 10:55:24,REAL,2762272975,486,2762273461,2762273461
2025-06-19 10:55:26,REAL,2762273461,487,2762273948,2762273948
2025-06-19 10:55:28,REAL,2762273948,488,2762274436,2762274436
2025-06-19 10:55:30,REAL,2762274436,481,2762274917,2762274917
2025-06-19 10:55:32,REAL,2762274917,490,2762275407,2762275407
2025-06-19 10:55:34,REAL,2762275407,480,2762275887,2762275887
2025-06-19 10:55:36,REAL,2762275887,481,2762276368,2762276368
2025-06-19 10:55:38,REAL,2762276368,491,2762276859,2762276859
2025-06-19 10:55:40,REAL,2762276859,535,2762277394,2762277394
2025-06-19 10:55:42,REAL,2762277394,487,2762277881,2762277881
2025-06-19 10:55:44,REAL,2762277881,544,2762278425,2762278425
2025-06-19 10:55:46,REAL,2762278425,491,2762278916,2762278916
2025-06-19 10:55:48,REAL,2762278916,481,2762279397,2762279397
2025-06-19 10:55:50,REAL,2762279397,482,2762279879,2762279879
2025-06-19 10:55:52,REAL,2762279879,482,2762280361,2762280361
2025-06-19 10:55:54,REAL,2762280361,487,2762280848,2762280848
2025-06-19 10:55:56,REAL,2762280848,488,2762281336,2762281336
2025-06-19 10:55:58,REAL,2762281336,477,2762281813,2762281813
2025-06-19 10:56:00,REAL,2762281813,486,2762282299,2762282299
2025-06-19 10:56:02,REAL,2762282299,485,2762282784,2762282784
2025-06-19 10:56:04,REAL,2762282784,489,2762283273,2762283273
2025-06-19 10:56:06,REAL,2762283273,490,2762283763,2762283763
2025-06-19 10:56:08,REAL,2762283763,481,2762284244,2762284244
2025-06-19 10:56:10,REAL,2762284244,482,2762284726,2762284726
2025-06-19 10:56:12,REAL,2762284726,488,2762285214,2762285214
2025-06-19 10:56:14,REAL,2762285214,543,2762285757,2762285757
2025-06-19 10:56:16,REAL,2762285757,488,2762286245,2762286245
2025-06-19 10:56:18,REAL,2762286245,479,2762286724,2762286724
2025-06-19 10:56:20,REAL,2762286724,541,2762287265,2762287265
2025-06-19 10:56:22,REAL,2762287265,488,2762287753,2762287753
2025-06-19 10:56:24,REAL,2762287753,477,2762288230,2762288230
2025-06-19 10:56:26,REAL,2762288230,486,2762288716,2762288716
2025-06-19 10:56:28,REAL,2762288716,480,2762289196,2762289196
2025-06-19 10:56:30,REAL,2762289196,484,2762289680,2762289680
2025-06-19 10:56:32,REAL,2762289680,475,2762290155,2762290155
2025-06-19 10:56:34,REAL,2762290155,480,2762290635,2762290635
2025-06-19 10:56:36,REAL,2762290635,1093,2762291728,2762291728
2025-06-19 10:56:38,REAL,2762291728,15595,2762307323,2762307323
2025-06-19 10:56:40,REAL,2762307323,10321,2762317644,2762317644
2025-06-19 10:56:42,REAL,2762317644,10256,2762327900,2762327900
2025-06-19 10:56:44,REAL,2762327900,10246,2762338146,2762338146
2025-06-19 10:56:46,REAL,2762338146,10910,2762349056,2762349056
2025-06-19 10:56:48,REAL,2762349056,9656,2762358712,2762358712
2025-06-19 10:56:50,REAL,2762358712,10254,2762368966,2762368966
2025-06-19 10:56:52,REAL,2762368966,4643,2762373609,2762373609
2025-06-19 10:56:54,REAL,2762373609,484,2762374093,2762374093
2025-06-19 10:56:56,REAL,2762374093,482,2762374575,2762374575
2025-06-19 10:56:58,REAL,2762374575,484,2762375059,2762375059
2025-06-19 10:57:00,REAL,2762375059,544,2762375603,2762375603
2025-06-19 10:57:02,REAL,2762375603,1357,2762376960,2762376960
2025-06-19 10:57:04,REAL,2762376960,11640,2762388600,2762388600
2025-06-19 10:57:06,REAL,2762388600,10254,2762398854,2762398854
2025-06-19 10:57:08,REAL,2762398854,10313,2762409167,2762409167
2025-06-19 10:57:10,REAL,2762409167,10315,2762419482,2762419482
2025-06-19 10:57:12,REAL,2762419482,10249,2762429731,2762429731
2025-06-19 10:57:14,REAL,2762429731,10249,2762439980,2762439980
2025-06-19 10:57:16,REAL,2762439980,10313,2762450293,2762450293
2025-06-19 10:57:18,REAL,2762450293,4452,2762454745,2762454745
2025-06-19 10:57:20,REAL,2762454745,478,2762455223,2762455223
2025-06-19 10:57:22,REAL,2762455223,483,2762455706,2762455706
2025-06-19 10:57:24,REAL,2762455706,481,2762456187,2762456187
2025-06-19 10:57:26,REAL,2762456187,487,2762456674,2762456674
2025-06-19 10:57:28,REAL,2762456674,483,2762457157,2762457157
2025-06-19 10:57:30,REAL,2762457157,490,2762457647,2762457647
2025-06-19 10:57:32,REAL,2762457647,478,2762458125,2762458125
2025-06-19 10:57:34,REAL,2762458125,488,2762458613,2762458613
2025-06-19 10:57:36,REAL,2762458613,486,2762459099,2762459099
2025-06-19 10:57:38,REAL,2762459099,546,2762459645,2762459645
2025-06-19 10:57:40,REAL,2762459645,536,2762460181,2762460181
2025-06-19 10:57:42,REAL,2762460181,489,2762460670,2762460670
2025-06-19 10:57:44,REAL,2762460670,482,2762461152,2762461152
2025-06-19 10:57:46,REAL,2762461152,488,2762461640,2762461640
2025-06-19 10:57:48,REAL,2762461640,479,2762462119,2762462119
2025-06-19 10:57:50,REAL,2762462119,478,2762462597,2762462597
2025-06-19 10:57:52,REAL,2762462597,492,2762463089,2762463089
2025-06-19 10:57:54,REAL,2762463089,483,2762463572,2762463572
2025-06-19 10:57:56,REAL,2762463572,476,2762464048,2762464048
2025-06-19 10:57:58,REAL,2762464048,487,2762464535,2762464535
2025-06-19 10:58:00,REAL,2762464535,488,2762465023,2762465023
2025-06-19 10:58:02,REAL,2762465023,479,2762465502,2762465502
2025-06-19 10:58:04,REAL,2762465502,491,2762465993,2762465993
2025-06-19 10:58:06,REAL,2762465993,492,2762466485,2762466485
2025-06-19 10:58:08,REAL,2762466485,539,2762467024,2762467024
2025-06-19 10:58:10,REAL,2762467024,484,2762467508,2762467508
2025-06-19 10:58:12,REAL,2762467508,476,2762467984,2762467984
2025-06-19 10:58:14,REAL,2762467984,489,2762468473,2762468473
2025-06-19 10:58:16,REAL,2762468473,493,2762468966,2762468966
2025-06-19 10:58:18,REAL,2762468966,492,2762469458,2762469458
2025-06-19 10:58:20,REAL,2762469458,480,2762469938,2762469938
2025-06-19 10:58:22,REAL,2762469938,535,2762470473,2762470473
2025-06-19 10:58:24,REAL,2762470473,485,2762470958,2762470958
2025-06-19 10:58:26,REAL,2762470958,491,2762471449,2762471449
2025-06-19 10:58:28,REAL,2762471449,476,2762471925,2762471925
2025-06-19 10:58:30,REAL,2762471925,485,2762472410,2762472410
2025-06-19 10:58:32,REAL,2762472410,482,2762472892,2762472892
2025-06-19 10:58:34,REAL,2762472892,480,2762473372,2762473372
2025-06-19 10:58:36,REAL,2762473372,476,2762473848,2762473848
2025-06-19 10:58:38,REAL,2762473848,479,2762474327,2762474327
2025-06-19 10:58:40,REAL,2762474327,535,2762474862,2762474862
2025-06-19 10:58:42,REAL,2762474862,484,2762475346,2762475346
2025-06-19 10:58:44,REAL,2762475346,486,2762475832,2762475832
2025-06-19 10:58:46,REAL,2762475832,488,2762476320,2762476320
2025-06-19 10:58:48,REAL,2762476320,478,2762476798,2762476798
2025-06-19 10:58:50,REAL,2762476798,491,2762477289,2762477289
2025-06-19 10:58:52,REAL,2762477289,482,2762477771,2762477771
2025-06-19 10:58:54,REAL,2762477771,486,2762478257,2762478257
2025-06-19 10:58:56,REAL,2762478257,484,2762478741,2762478741
2025-06-19 10:58:58,REAL,2762478741,484,2762479225,2762479225
2025-06-19 10:59:00,REAL,2762479225,482,2762479707,2762479707
2025-06-19 10:59:02,REAL,2762479707,485,2762480192,2762480192
2025-06-19 10:59:04,REAL,2762480192,4829,2762485021,2762485021
2025-06-19 10:59:06,REAL,2762485021,11111,2762496132,2762496132
2025-06-19 10:59:08,REAL,2762496132,10322,2762506454,2762506454
2025-06-19 10:59:10,REAL,2762506454,10243,2762516697,2762516697
2025-06-19 10:59:12,REAL,2762516697,10255,2762526952,2762526952
2025-06-19 10:59:14,REAL,2762526952,10321,2762537273,2762537273
2025-06-19 10:59:16,REAL,2762537273,10250,2762547523,2762547523
2025-06-19 10:59:18,REAL,2762547523,10248,2762557771,2762557771
2025-06-19 10:59:20,REAL,2762557771,2202,2762559973,2762559973
2025-06-19 10:59:22,REAL,2762559973,485,2762560458,2762560458
2025-06-19 10:59:24,REAL,2762560458,482,2762560940,2762560940
2025-06-19 10:59:26,REAL,2762560940,478,2762561418,2762561418
2025-06-19 10:59:28,REAL,2762561418,483,2762561901,2762561901
2025-06-19 10:59:30,REAL,2762561901,482,2762562383,2762562383
2025-06-19 10:59:32,REAL,2762562383,543,2762562926,2762562926
2025-06-19 10:59:34,REAL,2762562926,487,2762563413,2762563413
2025-06-19 10:59:36,REAL,2762563413,481,2762563894,2762563894
2025-06-19 10:59:38,REAL,2762563894,477,2762564371,2762564371
2025-06-19 10:59:40,REAL,2762564371,489,2762564860,2762564860
2025-06-19 10:59:42,REAL,2762564860,10924,2762575784,2762575784
2025-06-19 10:59:44,REAL,2762575784,10370,2762586154,2762586154
2025-06-19 10:59:46,REAL,2762586154,10250,2762596404,2762596404
2025-06-19 10:59:48,REAL,2762596404,10314,2762606718,2762606718
2025-06-19 10:59:50,REAL,2762606718,10244,2762616962,2762616962
2025-06-19 10:59:52,REAL,2762616962,10247,2762627209,2762627209
2025-06-19 10:59:54,REAL,2762627209,10313,2762637522,2762637522
2025-06-19 10:59:56,REAL,2762637522,6421,2762643943,2762643943
2025-06-19 10:59:58,REAL,2762643943,482,2762644425,2762644425
2025-06-19 11:00:00,REAL,2762644425,486,2762644911,2762644911
2025-06-19 11:00:02,REAL,2762644911,484,2762645395,2762645395
2025-06-19 11:00:04,REAL,2762645395,483,2762645878,2762645878
2025-06-19 11:00:06,REAL,2762645878,491,2762646369,2762646369
2025-06-19 11:00:08,REAL,2762646369,544,2762646913,2762646913
2025-06-19 11:00:10,REAL,2762646913,484,2762647397,2762647397
2025-06-19 11:00:12,REAL,2762647397,486,2762647883,2762647883
2025-06-19 11:00:14,REAL,2762647883,479,2762648362,2762648362
2025-06-19 11:00:16,REAL,2762648362,480,2762648842,2762648842
2025-06-19 11:00:18,REAL,2762648842,5632,2762654474,2762654474
2025-06-19 11:00:20,REAL,2762654474,10916,2762665390,2762665390
2025-06-19 11:00:22,REAL,2762665390,10255,2762675645,2762675645
2025-06-19 11:00:24,REAL,2762675645,10248,2762685893,2762685893
2025-06-19 11:00:26,REAL,2762685893,10312,2762696205,2762696205
2025-06-19 11:00:28,REAL,2762696205,10259,2762706464,2762706464
2025-06-19 11:00:30,REAL,2762706464,10260,2762716724,2762716724
2025-06-19 11:00:32,REAL,2762716724,10249,2762726973,2762726973
2025-06-19 11:00:34,REAL,2762726973,874,2762727847,2762727847
2025-06-19 11:00:36,REAL,2762727847,485,2762728332,2762728332
2025-06-19 11:00:38,REAL,2762728332,478,2762728810,2762728810
2025-06-19 11:00:40,REAL,2762728810,484,2762729294,2762729294
2025-06-19 11:00:42,REAL,2762729294,482,2762729776,2762729776
2025-06-19 11:00:44,REAL,2762729776,535,2762730311,2762730311
2025-06-19 11:00:46,REAL,2762730311,487,2762730798,2762730798
2025-06-19 11:00:48,REAL,2762730798,486,2762731284,2762731284
2025-06-19 11:00:50,REAL,2762731284,488,2762731772,2762731772
2025-06-19 11:00:52,REAL,2762731772,489,2762732261,2762732261
2025-06-19 11:00:54,REAL,2762732261,490,2762732751,2762732751
2025-06-19 11:00:56,REAL,2762732751,485,2762733236,2762733236
2025-06-19 11:00:58,REAL,2762733236,475,2762733711,2762733711
2025-06-19 11:01:00,REAL,2762733711,481,2762734192,2762734192
2025-06-19 11:01:02,REAL,2762734192,486,2762734678,2762734678
2025-06-19 11:01:04,REAL,2762734678,493,2762735171,2762735171
2025-06-19 11:01:06,REAL,2762735171,484,2762735655,2762735655
2025-06-19 11:01:08,REAL,2762735655,490,2762736145,2762736145
2025-06-19 11:01:10,REAL,2762736145,481,2762736626,2762736626
2025-06-19 11:01:12,REAL,2762736626,539,2762737165,2762737165
2025-06-19 11:01:14,REAL,2762737165,479,2762737644,2762737644
2025-06-19 11:01:16,REAL,2762737644,534,2762738178,2762738178
2025-06-19 11:01:18,REAL,2762738178,481,2762738659,2762738659
2025-06-19 11:01:20,REAL,2762738659,481,2762739140,2762739140
2025-06-19 11:01:22,REAL,2762739140,490,2762739630,2762739630
2025-06-19 11:01:24,REAL,2762739630,485,2762740115,2762740115
2025-06-19 11:01:26,REAL,2762740115,489,2762740604,2762740604
2025-06-19 11:01:28,REAL,2762740604,479,2762741083,2762741083
2025-06-19 11:01:30,REAL,2762741083,483,2762741566,2762741566
2025-06-19 11:01:32,REAL,2762741566,494,2762742060,2762742060
2025-06-19 11:01:34,REAL,2762742060,488,2762742548,2762742548
2025-06-19 11:01:36,REAL,2762742548,486,2762743034,2762743034
2025-06-19 11:01:38,REAL,2762743034,544,2762743578,2762743578
2025-06-19 11:01:40,REAL,2762743578,490,2762744068,2762744068
2025-06-19 11:01:42,REAL,2762744068,486,2762744554,2762744554
2025-06-19 11:01:44,REAL,2762744554,482,2762745036,2762745036
2025-06-19 11:01:46,REAL,2762745036,488,2762745524,2762745524
2025-06-19 11:01:48,REAL,2762745524,493,2762746017,2762746017
2025-06-19 11:01:50,REAL,2762746017,486,2762746503,2762746503
2025-06-19 11:01:52,REAL,2762746503,239,2762746742,2762746742
2025-06-19 11:01:54,REAL,2762746742,9462,2762756204,2762756204
2025-06-19 11:01:56,REAL,2762756204,12427,2762768631,2762768631
2025-06-19 11:01:58,REAL,2762768631,10248,2762778879,2762778879
2025-06-19 11:02:00,REAL,2762778879,10318,2762789197,2762789197
2025-06-19 11:02:02,REAL,2762789197,10245,2762799442,2762799442
2025-06-19 11:02:04,REAL,2762799442,10321,2762809763,2762809763
2025-06-19 11:02:06,REAL,2762809763,10251,2762820014,2762820014
2025-06-19 11:02:08,REAL,2762820014,8784,2762828798,2762828798
2025-06-19 11:02:10,REAL,2762828798,480,2762829278,2762829278
2025-06-19 11:02:12,REAL,2762829278,485,2762829763,2762829763
2025-06-19 11:02:14,REAL,2762829763,478,2762830241,2762830241
2025-06-19 11:02:16,REAL,2762830241,482,2762830723,2762830723
2025-06-19 11:02:18,REAL,2762830723,488,2762831211,2762831211
2025-06-19 11:02:20,REAL,2762831211,541,2762831752,2762831752
2025-06-19 11:02:22,REAL,2762831752,478,2762832230,2762832230
2025-06-19 11:02:24,REAL,2762832230,481,2762832711,2762832711
2025-06-19 11:02:26,REAL,2762832711,8676,2762841387,2762841387
2025-06-19 11:02:28,REAL,2762841387,10916,2762852303,2762852303
2025-06-19 11:02:30,REAL,2762852303,10317,2762862620,2762862620
2025-06-19 11:02:32,REAL,2762862620,10246,2762872866,2762872866
2025-06-19 11:02:34,REAL,2762872866,10255,2762883121,2762883121
2025-06-19 11:02:36,REAL,2762883121,10314,2762893435,2762893435
2025-06-19 11:02:38,REAL,2762893435,10250,2762903685,2762903685
2025-06-19 11:02:40,REAL,2762903685,8141,2762911826,2762911826
2025-06-19 11:02:42,REAL,2762911826,480,2762912306,2762912306
2025-06-19 11:02:44,REAL,2762912306,483,2762912789,2762912789
2025-06-19 11:02:46,REAL,2762912789,475,2762913264,2762913264
2025-06-19 11:02:48,REAL,2762913264,489,2762913753,2762913753
2025-06-19 11:02:50,REAL,2762913753,487,2762914240,2762914240
2025-06-19 11:02:52,REAL,2762914240,545,2762914785,2762914785
2025-06-19 11:02:54,REAL,2762914785,484,2762915269,2762915269
2025-06-19 11:02:56,REAL,2762915269,485,2762915754,2762915754
2025-06-19 11:02:58,REAL,2762915754,12359,2762928113,2762928113
2025-06-19 11:03:00,REAL,2762928113,11040,2762939153,2762939153
2025-06-19 11:03:02,REAL,2762939153,10322,2762949475,2762949475
2025-06-19 11:03:04,REAL,2762949475,10255,2762959730,2762959730
2025-06-19 11:03:06,REAL,2762959730,10255,2762969985,2762969985
2025-06-19 11:03:08,REAL,2762969985,10316,2762980301,2762980301
2025-06-19 11:03:10,REAL,2762980301,10253,2762990554,2762990554
2025-06-19 11:03:12,REAL,2762990554,7539,2762998093,2762998093
2025-06-19 11:03:14,REAL,2762998093,484,2762998577,2762998577
2025-06-19 11:03:16,REAL,2762998577,485,2762999062,2762999062
2025-06-19 11:03:18,REAL,2762999062,486,2762999548,2762999548
2025-06-19 11:03:20,REAL,2762999548,484,2763000032,2763000032
2025-06-19 11:03:22,REAL,2763000032,479,2763000511,2763000511
2025-06-19 11:03:24,REAL,2763000511,537,2763001048,2763001048
2025-06-19 11:03:26,REAL,2763001048,490,2763001538,2763001538
2025-06-19 11:03:28,REAL,2763001538,481,2763002019,2763002019
2025-06-19 11:03:30,REAL,2763002019,484,2763002503,2763002503
2025-06-19 11:03:32,REAL,2763002503,475,2763002978,2763002978
2025-06-19 11:03:34,REAL,2763002978,484,2763003462,2763003462
2025-06-19 11:03:36,REAL,2763003462,481,2763003943,2763003943
2025-06-19 11:03:38,REAL,2763003943,490,2763004433,2763004433
2025-06-19 11:03:40,REAL,2763004433,487,2763004920,2763004920
2025-06-19 11:03:42,REAL,2763004920,483,2763005403,2763005403
2025-06-19 11:03:44,REAL,2763005403,480,2763005883,2763005883
2025-06-19 11:03:46,REAL,2763005883,490,2763006373,2763006373
2025-06-19 11:03:48,REAL,2763006373,475,2763006848,2763006848
2025-06-19 11:03:50,REAL,2763006848,536,2763007384,2763007384
2025-06-19 11:03:52,REAL,2763007384,544,2763007928,2763007928
2025-06-19 11:03:54,REAL,2763007928,481,2763008409,2763008409
2025-06-19 11:03:56,REAL,2763008409,481,2763008890,2763008890
2025-06-19 11:03:58,REAL,2763008890,492,2763009382,2763009382
2025-06-19 11:04:00,REAL,2763009382,480,2763009862,2763009862
2025-06-19 11:04:02,REAL,2763009862,483,2763010345,2763010345
2025-06-19 11:04:04,REAL,2763010345,483,2763010828,2763010828
2025-06-19 11:04:06,REAL,2763010828,487,2763011315,2763011315
2025-06-19 11:04:08,REAL,2763011315,481,2763011796,2763011796
2025-06-19 11:04:10,REAL,2763011796,480,2763012276,2763012276
2025-06-19 11:04:12,REAL,2763012276,483,2763012759,2763012759
2025-06-19 11:04:14,REAL,2763012759,481,2763013240,2763013240
2025-06-19 11:04:16,REAL,2763013240,491,2763013731,2763013731
2025-06-19 11:04:18,REAL,2763013731,483,2763014214,2763014214
2025-06-19 11:04:20,REAL,2763014214,487,2763014701,2763014701
2025-06-19 11:04:22,REAL,2763014701,485,2763015186,2763015186
2025-06-19 11:04:24,REAL,2763015186,483,2763015669,2763015669
2025-06-19 11:04:26,REAL,2763015669,484,2763016153,2763016153
2025-06-19 11:04:28,REAL,2763016153,482,2763016635,2763016635
2025-06-19 11:04:30,REAL,2763016635,479,2763017114,2763017114
2025-06-19 11:04:32,REAL,2763017114,481,2763017595,2763017595
2025-06-19 11:04:34,REAL,2763017595,477,2763018072,2763018072
2025-06-19 11:04:36,REAL,2763018072,483,2763018555,2763018555
2025-06-19 11:04:38,REAL,2763018555,493,2763019048,2763019048
2025-06-19 11:04:40,REAL,2763019048,593,2763019641,2763019641
2025-06-19 11:04:42,REAL,2763019641,482,2763020123,2763020123
2025-06-19 11:04:44,REAL,2763020123,490,2763020613,2763020613
2025-06-19 11:04:46,REAL,2763020613,487,2763021100,2763021100
2025-06-19 11:04:48,REAL,2763021100,489,2763021589,2763021589
2025-06-19 11:04:50,REAL,2763021589,478,2763022067,2763022067
2025-06-19 11:04:52,REAL,2763022067,481,2763022548,2763022548
2025-06-19 11:04:54,REAL,2763022548,479,2763023027,2763023027
2025-06-19 11:04:56,REAL,2763023027,481,2763023508,2763023508
2025-06-19 11:04:58,REAL,2763023508,485,2763023993,2763023993
2025-06-19 11:05:00,REAL,2763023993,479,2763024472,2763024472
2025-06-19 11:05:02,REAL,2763024472,482,2763024954,2763024954
2025-06-19 11:05:04,REAL,2763024954,476,2763025430,2763025430
2025-06-19 11:05:06,REAL,2763025430,478,2763025908,2763025908
2025-06-19 11:05:08,REAL,2763025908,487,2763026395,2763026395
2025-06-19 11:05:10,REAL,2763026395,483,2763026878,2763026878
2025-06-19 11:05:12,REAL,2763026878,484,2763027362,2763027362
2025-06-19 11:05:14,REAL,2763027362,487,2763027849,2763027849
2025-06-19 11:05:16,REAL,2763027849,492,2763028341,2763028341
2025-06-19 11:05:18,REAL,2763028341,481,2763028822,2763028822
2025-06-19 11:05:20,REAL,2763028822,482,2763029304,2763029304
2025-06-19 11:05:22,REAL,2763029304,486,2763029790,2763029790
2025-06-19 11:05:24,REAL,2763029790,485,2763030275,2763030275
2025-06-19 11:05:26,REAL,2763030275,487,2763030762,2763030762
2025-06-19 11:05:28,REAL,2763030762,477,2763031239,2763031239
2025-06-19 11:05:30,REAL,2763031239,537,2763031776,2763031776
2025-06-19 11:05:32,REAL,2763031776,539,2763032315,2763032315
2025-06-19 11:05:34,REAL,2763032315,483,2763032798,2763032798
2025-06-19 11:05:36,REAL,2763032798,484,2763033282,2763033282
2025-06-19 11:05:38,REAL,2763033282,490,2763033772,2763033772
2025-06-19 11:05:40,REAL,2763033772,490,2763034262,2763034262
2025-06-19 11:05:42,REAL,2763034262,493,2763034755,2763034755
2025-06-19 11:05:44,REAL,2763034755,489,2763035244,2763035244
2025-06-19 11:05:46,REAL,2763035244,483,2763035727,2763035727
2025-06-19 11:05:48,REAL,2763035727,488,2763036215,2763036215
2025-06-19 11:05:50,REAL,2763036215,488,2763036703,2763036703
2025-06-19 11:05:52,REAL,2763036703,480,2763037183,2763037183
2025-06-19 11:05:54,REAL,2763037183,479,2763037662,2763037662
2025-06-19 11:05:56,REAL,2763037662,492,2763038154,2763038154
2025-06-19 11:05:58,REAL,2763038154,485,2763038639,2763038639
2025-06-19 11:06:00,REAL,2763038639,485,2763039124,2763039124
2025-06-19 11:06:02,REAL,2763039124,485,2763039609,2763039609
2025-06-19 11:06:04,REAL,2763039609,483,2763040092,2763040092
2025-06-19 11:06:06,REAL,2763040092,486,2763040578,2763040578
2025-06-19 11:06:08,REAL,2763040578,490,2763041068,2763041068
2025-06-19 11:06:10,REAL,2763041068,487,2763041555,2763041555
2025-06-19 11:06:12,REAL,2763041555,479,2763042034,2763042034
2025-06-19 11:06:14,REAL,2763042034,481,2763042515,2763042515
2025-06-19 11:06:16,REAL,2763042515,486,2763043001,2763043001
2025-06-19 11:06:18,REAL,2763043001,535,2763043536,2763043536
2025-06-19 11:06:20,REAL,2763043536,483,2763044019,2763044019
2025-06-19 11:06:22,REAL,2763044019,483,2763044502,2763044502
2025-06-19 11:06:24,REAL,2763044502,537,2763045039,2763045039
2025-06-19 11:06:26,REAL,2763045039,492,2763045531,2763045531
2025-06-19 11:06:28,REAL,2763045531,492,2763046023,2763046023
2025-06-19 11:06:30,REAL,2763046023,481,2763046504,2763046504
2025-06-19 11:06:32,REAL,2763046504,475,2763046979,2763046979
2025-06-19 11:06:34,REAL,2763046979,484,2763047463,2763047463
2025-06-19 11:06:36,REAL,2763047463,486,2763047949,2763047949
2025-06-19 11:06:38,REAL,2763047949,484,2763048433,2763048433
2025-06-19 11:06:40,REAL,2763048433,494,2763048927,2763048927
2025-06-19 11:06:42,REAL,2763048927,482,2763049409,2763049409
2025-06-19 11:06:44,REAL,2763049409,487,2763049896,2763049896
2025-06-19 11:06:46,REAL,2763049896,483,2763050379,2763050379
2025-06-19 11:06:48,REAL,2763050379,494,2763050873,2763050873
2025-06-19 11:06:50,REAL,2763050873,489,2763051362,2763051362
2025-06-19 11:06:52,REAL,2763051362,482,2763051844,2763051844
2025-06-19 11:06:54,REAL,2763051844,486,2763052330,2763052330
2025-06-19 11:06:56,REAL,2763052330,485,2763052815,2763052815
2025-06-19 11:06:58,REAL,2763052815,487,2763053302,2763053302
2025-06-19 11:07:00,REAL,2763053302,479,2763053781,2763053781
2025-06-19 11:07:02,REAL,2763053781,494,2763054275,2763054275
2025-06-19 11:07:04,REAL,2763054275,488,2763054763,2763054763
2025-06-19 11:07:06,REAL,2763054763,538,2763055301,2763055301
2025-06-19 11:07:08,REAL,2763055301,484,2763055785,2763055785
2025-06-19 11:07:10,REAL,2763055785,481,2763056266,2763056266
2025-06-19 11:07:12,REAL,2763056266,486,2763056752,2763056752
2025-06-19 11:07:14,REAL,2763056752,547,2763057299,2763057299
2025-06-19 11:07:16,REAL,2763057299,480,2763057779,2763057779
2025-06-19 11:07:18,REAL,2763057779,480,2763058259,2763058259
2025-06-19 11:07:20,REAL,2763058259,493,2763058752,2763058752
2025-06-19 11:07:22,REAL,2763058752,480,2763059232,2763059232
2025-06-19 11:07:24,REAL,2763059232,488,2763059720,2763059720
2025-06-19 11:07:26,REAL,2763059720,480,2763060200,2763060200
2025-06-19 11:07:28,REAL,2763060200,483,2763060683,2763060683
2025-06-19 11:07:30,REAL,2763060683,487,2763061170,2763061170
2025-06-19 11:07:32,REAL,2763061170,482,2763061652,2763061652
2025-06-19 11:07:34,REAL,2763061652,481,2763062133,2763062133
2025-06-19 11:07:36,REAL,2763062133,488,2763062621,2763062621
2025-06-19 11:07:38,REAL,2763062621,9069,2763071690,2763071690
2025-06-19 11:07:40,REAL,2763071690,10522,2763082212,2763082212
2025-06-19 11:07:42,REAL,2763082212,10251,2763092463,2763092463
2025-06-19 11:07:44,REAL,2763092463,10259,2763102722,2763102722
2025-06-19 11:07:46,REAL,2763102722,10252,2763112974,2763112974
2025-06-19 11:07:48,REAL,2763112974,10256,2763123230,2763123230
2025-06-19 11:07:50,REAL,2763123230,10308,2763133538,2763133538
2025-06-19 11:07:52,REAL,2763133538,7548,2763141086,2763141086
2025-06-19 11:07:54,REAL,2763141086,482,2763141568,2763141568
2025-06-19 11:07:56,REAL,2763141568,484,2763142052,2763142052
2025-06-19 11:07:58,REAL,2763142052,483,2763142535,2763142535
2025-06-19 11:08:00,REAL,2763142535,480,2763143015,2763143015
2025-06-19 11:08:02,REAL,2763143015,491,2763143506,2763143506
2025-06-19 11:08:04,REAL,2763143506,478,2763143984,2763143984
2025-06-19 11:08:06,REAL,2763143984,539,2763144523,2763144523
2025-06-19 11:08:08,REAL,2763144523,482,2763145005,2763145005
2025-06-19 11:08:10,REAL,2763145005,483,2763145488,2763145488
2025-06-19 11:08:12,REAL,2763145488,489,2763145977,2763145977
2025-06-19 11:08:14,REAL,2763145977,491,2763146468,2763146468
2025-06-19 11:08:16,REAL,2763146468,486,2763146954,2763146954
2025-06-19 11:08:18,REAL,2763146954,485,2763147439,2763147439
2025-06-19 11:08:20,REAL,2763147439,479,2763147918,2763147918
2025-06-19 11:08:22,REAL,2763147918,484,2763148402,2763148402
2025-06-19 11:08:24,REAL,2763148402,476,2763148878,2763148878
2025-06-19 11:08:26,REAL,2763148878,540,2763149418,2763149418
2025-06-19 11:08:28,REAL,2763149418,486,2763149904,2763149904
2025-06-19 11:08:30,REAL,2763149904,483,2763150387,2763150387
2025-06-19 11:08:32,REAL,2763150387,479,2763150866,2763150866
2025-06-19 11:08:34,REAL,2763150866,482,2763151348,2763151348
2025-06-19 11:08:36,REAL,2763151348,488,2763151836,2763151836
2025-06-19 11:08:38,REAL,2763151836,481,2763152317,2763152317
2025-06-19 11:08:40,REAL,2763152317,484,2763152801,2763152801
2025-06-19 11:08:42,REAL,2763152801,11452,2763164253,2763164253
2025-06-19 11:08:44,REAL,2763164253,10252,2763174505,2763174505
2025-06-19 11:08:46,REAL,2763174505,10254,2763184759,2763184759
2025-06-19 11:08:48,REAL,2763184759,10312,2763195071,2763195071
2025-06-19 11:08:50,REAL,2763195071,10256,2763205327,2763205327
2025-06-19 11:08:52,REAL,2763205327,10321,2763215648,2763215648
2025-06-19 11:08:54,REAL,2763215648,10251,2763225899,2763225899
2025-06-19 11:08:56,REAL,2763225899,6342,2763232241,2763232241
2025-06-19 11:08:58,REAL,2763232241,489,2763232730,2763232730
2025-06-19 11:09:00,REAL,2763232730,483,2763233213,2763233213
2025-06-19 11:09:02,REAL,2763233213,485,2763233698,2763233698
2025-06-19 11:09:04,REAL,2763233698,487,2763234185,2763234185
2025-06-19 11:09:06,REAL,2763234185,483,2763234668,2763234668
2025-06-19 11:09:08,REAL,2763234668,482,2763235150,2763235150
2025-06-19 11:09:10,REAL,2763235150,478,2763235628,2763235628
2025-06-19 11:09:12,REAL,2763235628,488,2763236116,2763236116
2025-06-19 11:09:14,REAL,2763236116,483,2763236599,2763236599
2025-06-19 11:09:16,REAL,2763236599,538,2763237137,2763237137
2025-06-19 11:09:18,REAL,2763237137,485,2763237622,2763237622
2025-06-19 11:09:20,REAL,2763237622,477,2763238099,2763238099
2025-06-19 11:09:22,REAL,2763238099,484,2763238583,2763238583
2025-06-19 11:09:24,REAL,2763238583,491,2763239074,2763239074
2025-06-19 11:09:26,REAL,2763239074,485,2763239559,2763239559
2025-06-19 11:09:28,REAL,2763239559,475,2763240034,2763240034
2025-06-19 11:09:30,REAL,2763240034,478,2763240512,2763240512
2025-06-19 11:09:32,REAL,2763240512,480,2763240992,2763240992
2025-06-19 11:09:34,REAL,2763240992,485,2763241477,2763241477
2025-06-19 11:09:36,REAL,2763241477,475,2763241952,2763241952
2025-06-19 11:09:38,REAL,2763241952,491,2763242443,2763242443
2025-06-19 11:09:40,REAL,2763242443,482,2763242925,2763242925
2025-06-19 11:09:42,REAL,2763242925,483,2763243408,2763243408
2025-06-19 11:09:44,REAL,2763243408,484,2763243892,2763243892
2025-06-19 11:09:46,REAL,2763243892,482,2763244374,2763244374
2025-06-19 11:09:48,REAL,2763244374,536,2763244910,2763244910
2025-06-19 11:09:50,REAL,2763244910,11244,2763256154,2763256154
2025-06-19 11:09:52,REAL,2763256154,10327,2763266481,2763266481
2025-06-19 11:09:54,REAL,2763266481,10262,2763276743,2763276743
2025-06-19 11:09:56,REAL,2763276743,10250,2763286993,2763286993
2025-06-19 11:09:58,REAL,2763286993,10249,2763297242,2763297242
2025-06-19 11:10:00,REAL,2763297242,10312,2763307554,2763307554
2025-06-19 11:10:02,REAL,2763307554,10253,2763317807,2763317807
2025-06-19 11:10:04,REAL,2763317807,5502,2763323309,2763323309
2025-06-19 11:10:06,REAL,2763323309,484,2763323793,2763323793
2025-06-19 11:10:08,REAL,2763323793,486,2763324279,2763324279
2025-06-19 11:10:10,REAL,2763324279,489,2763324768,2763324768
2025-06-19 11:10:12,REAL,2763324768,487,2763325255,2763325255
2025-06-19 11:10:14,REAL,2763325255,481,2763325736,2763325736
2025-06-19 11:10:16,REAL,2763325736,478,2763326214,2763326214
2025-06-19 11:10:18,REAL,2763326214,485,2763326699,2763326699
2025-06-19 11:10:20,REAL,2763326699,482,2763327181,2763327181
2025-06-19 11:10:22,REAL,2763327181,477,2763327658,2763327658
2025-06-19 11:10:24,REAL,2763327658,539,2763328197,2763328197
2025-06-19 11:10:26,REAL,2763328197,487,2763328684,2763328684
2025-06-19 11:10:28,REAL,2763328684,484,2763329168,2763329168
2025-06-19 11:10:30,REAL,2763329168,490,2763329658,2763329658
2025-06-19 11:10:32,REAL,2763329658,488,2763330146,2763330146
2025-06-19 11:10:34,REAL,2763330146,484,2763330630,2763330630
2025-06-19 11:10:36,REAL,2763330630,485,2763331115,2763331115
2025-06-19 11:10:38,REAL,2763331115,545,2763331660,2763331660
2025-06-19 11:10:40,REAL,2763331660,489,2763332149,2763332149
2025-06-19 11:10:42,REAL,2763332149,483,2763332632,2763332632
2025-06-19 11:10:44,REAL,2763332632,477,2763333109,2763333109
2025-06-19 11:10:46,REAL,2763333109,478,2763333587,2763333587
2025-06-19 11:10:48,REAL,2763333587,493,2763334080,2763334080
2025-06-19 11:10:50,REAL,2763334080,482,2763334562,2763334562
2025-06-19 11:10:52,REAL,2763334562,486,2763335048,2763335048
2025-06-19 11:10:54,REAL,2763335048,489,2763335537,2763335537
2025-06-19 11:10:56,REAL,2763335537,476,2763336013,2763336013
2025-06-19 11:10:58,REAL,2763336013,539,2763336552,2763336552
2025-06-19 11:11:00,REAL,2763336552,485,2763337037,2763337037
2025-06-19 11:11:02,REAL,2763337037,481,2763337518,2763337518
2025-06-19 11:11:04,REAL,2763337518,484,2763338002,2763338002
2025-06-19 11:11:06,REAL,2763338002,478,2763338480,2763338480
2025-06-19 11:11:08,REAL,2763338480,483,2763338963,2763338963
2025-06-19 11:11:10,REAL,2763338963,479,2763339442,2763339442
2025-06-19 11:11:12,REAL,2763339442,493,2763339935,2763339935
2025-06-19 11:11:14,REAL,2763339935,7951,2763347886,2763347886
2025-06-19 11:11:16,REAL,2763347886,10842,2763358728,2763358728
2025-06-19 11:11:18,REAL,2763358728,10253,2763368981,2763368981
2025-06-19 11:11:20,REAL,2763368981,10247,2763379228,2763379228
2025-06-19 11:11:22,REAL,2763379228,10248,2763389476,2763389476
2025-06-19 11:11:24,REAL,2763389476,10254,2763399730,2763399730
2025-06-19 11:11:26,REAL,2763399730,10256,2763409986,2763409986
2025-06-19 11:11:28,REAL,2763409986,8733,2763418719,2763418719
2025-06-19 11:11:30,REAL,2763418719,539,2763419258,2763419258
2025-06-19 11:11:32,REAL,2763419258,482,2763419740,2763419740
2025-06-19 11:11:34,REAL,2763419740,485,2763420225,2763420225
2025-06-19 11:11:36,REAL,2763420225,482,2763420707,2763420707
2025-06-19 11:11:38,REAL,2763420707,480,2763421187,2763421187
2025-06-19 11:11:40,REAL,2763421187,482,2763421669,2763421669
2025-06-19 11:11:42,REAL,2763421669,482,2763422151,2763422151
2025-06-19 11:11:44,REAL,2763422151,479,2763422630,2763422630
2025-06-19 11:11:46,REAL,2763422630,485,2763423115,2763423115
2025-06-19 11:11:48,REAL,2763423115,546,2763423661,2763423661
2025-06-19 11:11:50,REAL,2763423661,486,2763424147,2763424147
2025-06-19 11:11:52,REAL,2763424147,483,2763424630,2763424630
2025-06-19 11:11:54,REAL,2763424630,487,2763425117,2763425117
2025-06-19 11:11:56,REAL,2763425117,484,2763425601,2763425601
2025-06-19 11:11:58,REAL,2763425601,483,2763426084,2763426084
2025-06-19 11:12:00,REAL,2763426084,481,2763426565,2763426565
2025-06-19 11:12:02,REAL,2763426565,535,2763427100,2763427100
2025-06-19 11:12:04,REAL,2763427100,480,2763427580,2763427580
2025-06-19 11:12:06,REAL,2763427580,490,2763428070,2763428070
2025-06-19 11:12:08,REAL,2763428070,481,2763428551,2763428551
2025-06-19 11:12:10,REAL,2763428551,489,2763429040,2763429040
2025-06-19 11:12:12,REAL,2763429040,485,2763429525,2763429525
2025-06-19 11:12:14,REAL,2763429525,484,2763430009,2763430009
2025-06-19 11:12:16,REAL,2763430009,481,2763430490,2763430490
2025-06-19 11:12:18,REAL,2763430490,482,2763430972,2763430972
2025-06-19 11:12:20,REAL,2763430972,490,2763431462,2763431462
2025-06-19 11:12:22,REAL,2763431462,480,2763431942,2763431942
2025-06-19 11:12:24,REAL,2763431942,545,2763432487,2763432487
2025-06-19 11:12:26,REAL,2763432487,487,2763432974,2763432974
2025-06-19 11:12:28,REAL,2763432974,482,2763433456,2763433456
2025-06-19 11:12:30,REAL,2763433456,484,2763433940,2763433940
2025-06-19 11:12:32,REAL,2763433940,481,2763434421,2763434421
2025-06-19 11:12:34,REAL,2763434421,485,2763434906,2763434906
2025-06-19 11:12:36,REAL,2763434906,540,2763435446,2763435446
2025-06-19 11:12:38,REAL,2763435446,479,2763435925,2763435925
2025-06-19 11:12:40,REAL,2763435925,485,2763436410,2763436410
2025-06-19 11:12:42,REAL,2763436410,491,2763436901,2763436901
2025-06-19 11:12:44,REAL,2763436901,490,2763437391,2763437391
2025-06-19 11:12:46,REAL,2763437391,482,2763437873,2763437873
2025-06-19 11:12:48,REAL,2763437873,488,2763438361,2763438361
2025-06-19 11:12:50,REAL,2763438361,485,2763438846,2763438846
2025-06-19 11:12:52,REAL,2763438846,476,2763439322,2763439322
2025-06-19 11:12:54,REAL,2763439322,485,2763439807,2763439807
2025-06-19 11:12:56,REAL,2763439807,491,2763440298,2763440298
2025-06-19 11:12:58,REAL,2763440298,488,2763440786,2763440786
2025-06-19 11:13:00,REAL,2763440786,539,2763441325,2763441325
2025-06-19 11:13:02,REAL,2763441325,487,2763441812,2763441812
2025-06-19 11:13:04,REAL,2763441812,483,2763442295,2763442295
2025-06-19 11:13:06,REAL,2763442295,476,2763442771,2763442771
2025-06-19 11:13:08,REAL,2763442771,542,2763443313,2763443313
2025-06-19 11:13:10,REAL,2763443313,12504,2763455817,2763455817
2025-06-19 11:13:12,REAL,2763455817,10719,2763466536,2763466536
2025-06-19 11:13:14,REAL,2763466536,10253,2763476789,2763476789
2025-06-19 11:13:16,REAL,2763476789,10324,2763487113,2763487113
2025-06-19 11:13:18,REAL,2763487113,10244,2763497357,2763497357
2025-06-19 11:13:20,REAL,2763497357,10314,2763507671,2763507671
2025-06-19 11:13:22,REAL,2763507671,10256,2763517927,2763517927
2025-06-19 11:13:24,REAL,2763517927,6886,2763524813,2763524813
2025-06-19 11:13:26,REAL,2763524813,483,2763525296,2763525296
2025-06-19 11:13:28,REAL,2763525296,482,2763525778,2763525778
2025-06-19 11:13:30,REAL,2763525778,483,2763526261,2763526261
2025-06-19 11:13:32,REAL,2763526261,480,2763526741,2763526741
2025-06-19 11:13:34,REAL,2763526741,490,2763527231,2763527231
2025-06-19 11:13:36,REAL,2763527231,491,2763527722,2763527722
2025-06-19 11:13:38,REAL,2763527722,486,2763528208,2763528208
2025-06-19 11:13:40,REAL,2763528208,487,2763528695,2763528695
2025-06-19 11:13:42,REAL,2763528695,542,2763529237,2763529237
2025-06-19 11:13:44,REAL,2763529237,542,2763529779,2763529779
2025-06-19 11:13:46,REAL,2763529779,488,2763530267,2763530267
2025-06-19 11:13:48,REAL,2763530267,482,2763530749,2763530749
2025-06-19 11:13:50,REAL,2763530749,485,2763531234,2763531234
2025-06-19 11:13:52,REAL,2763531234,486,2763531720,2763531720
2025-06-19 11:13:54,REAL,2763531720,489,2763532209,2763532209
2025-06-19 11:13:56,REAL,2763532209,475,2763532684,2763532684
2025-06-19 11:13:58,REAL,2763532684,486,2763533170,2763533170
2025-06-19 11:14:00,REAL,2763533170,487,2763533657,2763533657
2025-06-19 11:14:02,REAL,2763533657,484,2763534141,2763534141
2025-06-19 11:14:04,REAL,2763534141,485,2763534626,2763534626
2025-06-19 11:14:06,REAL,2763534626,477,2763535103,2763535103
2025-06-19 11:14:08,REAL,2763535103,481,2763535584,2763535584
2025-06-19 11:14:10,REAL,2763535584,481,2763536065,2763536065
2025-06-19 11:14:12,REAL,2763536065,492,2763536557,2763536557
2025-06-19 11:14:14,REAL,2763536557,538,2763537095,2763537095
2025-06-19 11:14:16,REAL,2763537095,481,2763537576,2763537576
2025-06-19 11:14:18,REAL,2763537576,481,2763538057,2763538057
2025-06-19 11:14:20,REAL,2763538057,476,2763538533,2763538533
2025-06-19 11:14:22,REAL,2763538533,532,2763539065,2763539065
2025-06-19 11:14:24,REAL,2763539065,15203,2763554268,2763554268
2025-06-19 11:14:26,REAL,2763554268,10254,2763564522,2763564522
2025-06-19 11:14:28,REAL,2763564522,10253,2763574775,2763574775
2025-06-19 11:14:30,REAL,2763574775,10316,2763585091,2763585091
2025-06-19 11:14:32,REAL,2763585091,10253,2763595344,2763595344
2025-06-19 11:14:34,REAL,2763595344,10247,2763605591,2763605591
2025-06-19 11:14:36,REAL,2763605591,10319,2763615910,2763615910
2025-06-19 11:14:38,REAL,2763615910,5702,2763621612,2763621612
2025-06-19 11:14:40,REAL,2763621612,483,2763622095,2763622095
2025-06-19 11:14:42,REAL,2763622095,477,2763622572,2763622572
2025-06-19 11:14:44,REAL,2763622572,479,2763623051,2763623051
2025-06-19 11:14:46,REAL,2763623051,530,2763623581,2763623581
2025-06-19 11:14:48,REAL,2763623581,474,2763624055,2763624055
2025-06-19 11:14:50,REAL,2763624055,540,2763624595,2763624595
2025-06-19 11:14:52,REAL,2763624595,483,2763625078,2763625078
2025-06-19 11:14:54,REAL,2763625078,487,2763625565,2763625565
2025-06-19 11:14:56,REAL,2763625565,14486,2763640051,2763640051
2025-06-19 11:14:58,REAL,2763640051,10315,2763650366,2763650366
2025-06-19 11:15:00,REAL,2763650366,10262,2763660628,2763660628
2025-06-19 11:15:02,REAL,2763660628,10312,2763670940,2763670940
2025-06-19 11:15:04,REAL,2763670940,10256,2763681196,2763681196
2025-06-19 11:15:06,REAL,2763681196,10322,2763691518,2763691518
2025-06-19 11:15:08,REAL,2763691518,10254,2763701772,2763701772
2025-06-19 11:15:10,REAL,2763701772,5104,2763706876,2763706876
2025-06-19 11:15:12,REAL,2763706876,483,2763707359,2763707359
2025-06-19 11:15:14,REAL,2763707359,487,2763707846,2763707846
2025-06-19 11:15:16,REAL,2763707846,489,2763708335,2763708335
2025-06-19 11:15:18,REAL,2763708335,487,2763708822,2763708822
2025-06-19 11:15:20,REAL,2763708822,534,2763709356,2763709356
2025-06-19 11:15:22,REAL,2763709356,537,2763709893,2763709893
2025-06-19 11:15:24,REAL,2763709893,484,2763710377,2763710377
2025-06-19 11:15:26,REAL,2763710377,484,2763710861,2763710861
2025-06-19 11:15:28,REAL,2763710861,485,2763711346,2763711346
2025-06-19 11:15:30,REAL,2763711346,485,2763711831,2763711831
2025-06-19 11:15:32,REAL,2763711831,483,2763712314,2763712314
2025-06-19 11:15:34,REAL,2763712314,491,2763712805,2763712805
2025-06-19 11:15:36,REAL,2763712805,480,2763713285,2763713285
2025-06-19 11:15:38,REAL,2763713285,494,2763713779,2763713779
2025-06-19 11:15:40,REAL,2763713779,488,2763714267,2763714267
2025-06-19 11:15:42,REAL,2763714267,481,2763714748,2763714748
2025-06-19 11:15:44,REAL,2763714748,485,2763715233,2763715233
2025-06-19 11:15:46,REAL,2763715233,480,2763715713,2763715713
2025-06-19 11:15:48,REAL,2763715713,480,2763716193,2763716193
2025-06-19 11:15:50,REAL,2763716193,541,2763716734,2763716734
2025-06-19 11:15:52,REAL,2763716734,537,2763717271,2763717271
2025-06-19 11:15:54,REAL,2763717271,478,2763717749,2763717749
2025-06-19 11:15:56,REAL,2763717749,479,2763718228,2763718228
2025-06-19 11:15:58,REAL,2763718228,479,2763718707,2763718707
2025-06-19 11:16:00,REAL,2763718707,485,2763719192,2763719192
2025-06-19 11:16:02,REAL,2763719192,479,2763719671,2763719671
2025-06-19 11:16:04,REAL,2763719671,487,2763720158,2763720158
2025-06-19 11:16:06,REAL,2763720158,480,2763720638,2763720638
2025-06-19 11:16:08,REAL,2763720638,482,2763721120,2763721120
2025-06-19 11:16:10,REAL,2763721120,477,2763721597,2763721597
2025-06-19 11:16:12,REAL,2763721597,483,2763722080,2763722080
2025-06-19 11:16:14,REAL,2763722080,482,2763722562,2763722562
2025-06-19 11:16:16,REAL,2763722562,490,2763723052,2763723052
2025-06-19 11:16:18,REAL,2763723052,536,2763723588,2763723588
2025-06-19 11:16:20,REAL,2763723588,484,2763724072,2763724072
2025-06-19 11:16:22,REAL,2763724072,491,2763724563,2763724563
2025-06-19 11:16:24,REAL,2763724563,480,2763725043,2763725043
2025-06-19 11:16:26,REAL,2763725043,536,2763725579,2763725579
2025-06-19 11:16:28,REAL,2763725579,486,2763726065,2763726065
2025-06-19 11:16:30,REAL,2763726065,483,2763726548,2763726548
2025-06-19 11:16:32,REAL,2763726548,484,2763727032,2763727032
2025-06-19 11:16:34,REAL,2763727032,485,2763727517,2763727517
2025-06-19 11:16:36,REAL,2763727517,479,2763727996,2763727996
2025-06-19 11:16:38,REAL,2763727996,483,2763728479,2763728479
2025-06-19 11:16:40,REAL,2763728479,484,2763728963,2763728963
2025-06-19 11:16:42,REAL,2763728963,491,2763729454,2763729454
2025-06-19 11:16:44,REAL,2763729454,484,2763729938,2763729938
2025-06-19 11:16:46,REAL,2763729938,483,2763730421,2763730421
2025-06-19 11:16:48,REAL,2763730421,544,2763730965,2763730965
2025-06-19 11:16:50,REAL,2763730965,2802,2763733767,2763733767
2025-06-19 11:16:52,REAL,2763733767,11442,2763745209,2763745209
2025-06-19 11:16:54,REAL,2763745209,10247,2763755456,2763755456
2025-06-19 11:16:56,REAL,2763755456,10306,2763765762,2763765762
2025-06-19 11:16:58,REAL,2763765762,10246,2763776008,2763776008
2025-06-19 11:17:00,REAL,2763776008,10317,2763786325,2763786325
2025-06-19 11:17:02,REAL,2763786325,10252,2763796577,2763796577
2025-06-19 11:17:04,REAL,2763796577,10254,2763806831,2763806831
2025-06-19 11:17:06,REAL,2763806831,3258,2763810089,2763810089
2025-06-19 11:17:08,REAL,2763810089,481,2763810570,2763810570
2025-06-19 11:17:10,REAL,2763810570,485,2763811055,2763811055
2025-06-19 11:17:12,REAL,2763811055,486,2763811541,2763811541
2025-06-19 11:17:14,REAL,2763811541,484,2763812025,2763812025
2025-06-19 11:17:16,REAL,2763812025,484,2763812509,2763812509
2025-06-19 11:17:18,REAL,2763812509,546,2763813055,2763813055
2025-06-19 11:17:20,REAL,2763813055,484,2763813539,2763813539
2025-06-19 11:17:22,REAL,2763813539,484,2763814023,2763814023
2025-06-19 11:17:24,REAL,2763814023,479,2763814502,2763814502
2025-06-19 11:17:26,REAL,2763814502,540,2763815042,2763815042
2025-06-19 11:17:28,REAL,2763815042,478,2763815520,2763815520
2025-06-19 11:17:30,REAL,2763815520,479,2763815999,2763815999
2025-06-19 11:17:32,REAL,2763815999,484,2763816483,2763816483
2025-06-19 11:17:34,REAL,2763816483,486,2763816969,2763816969
2025-06-19 11:17:36,REAL,2763816969,489,2763817458,2763817458
2025-06-19 11:17:38,REAL,2763817458,478,2763817936,2763817936
2025-06-19 11:17:40,REAL,2763817936,486,2763818422,2763818422
2025-06-19 11:17:42,REAL,2763818422,483,2763818905,2763818905
2025-06-19 11:17:44,REAL,2763818905,482,2763819387,2763819387
2025-06-19 11:17:46,REAL,2763819387,541,2763819928,2763819928
2025-06-19 11:17:48,REAL,2763819928,476,2763820404,2763820404
2025-06-19 11:17:50,REAL,2763820404,479,2763820883,2763820883
2025-06-19 11:17:52,REAL,2763820883,488,2763821371,2763821371
2025-06-19 11:17:54,REAL,2763821371,479,2763821850,2763821850
2025-06-19 11:17:56,REAL,2763821850,484,2763822334,2763822334
2025-06-19 11:17:58,REAL,2763822334,539,2763822873,2763822873
2025-06-19 11:18:00,REAL,2763822873,486,2763823359,2763823359
2025-06-19 11:18:02,REAL,2763823359,484,2763823843,2763823843
2025-06-19 11:18:04,REAL,2763823843,488,2763824331,2763824331
2025-06-19 11:18:06,REAL,2763824331,484,2763824815,2763824815
2025-06-19 11:18:08,REAL,2763824815,484,2763825299,2763825299
2025-06-19 11:18:10,REAL,2763825299,488,2763825787,2763825787
2025-06-19 11:18:12,REAL,2763825787,489,2763826276,2763826276
2025-06-19 11:18:14,REAL,2763826276,4709,2763830985,2763830985
2025-06-19 11:18:16,REAL,2763830985,14153,2763845138,2763845138
2025-06-19 11:18:18,REAL,2763845138,10246,2763855384,2763855384
2025-06-19 11:18:20,REAL,2763855384,10319,2763865703,2763865703
2025-06-19 11:18:22,REAL,2763865703,10256,2763875959,2763875959
2025-06-19 11:18:24,REAL,2763875959,10254,2763886213,2763886213
2025-06-19 11:18:26,REAL,2763886213,10316,2763896529,2763896529
2025-06-19 11:18:28,REAL,2763896529,10303,2763906832,2763906832
2025-06-19 11:18:30,REAL,2763906832,2133,2763908965,2763908965
2025-06-19 11:18:32,REAL,2763908965,481,2763909446,2763909446
2025-06-19 11:18:34,REAL,2763909446,486,2763909932,2763909932
2025-06-19 11:18:36,REAL,2763909932,481,2763910413,2763910413
2025-06-19 11:18:38,REAL,2763910413,246,2763910659,2763910659
2025-06-19 11:18:40,REAL,2763910659,480,2763911139,2763911139
2025-06-19 11:18:42,REAL,2763911139,539,2763911678,2763911678
2025-06-19 11:18:44,REAL,2763911678,477,2763912155,2763912155
2025-06-19 11:18:46,REAL,2763912155,491,2763912646,2763912646
2025-06-19 11:18:48,REAL,2763912646,479,2763913125,2763913125
2025-06-19 11:18:50,REAL,2763913125,488,2763913613,2763913613
2025-06-19 11:18:52,REAL,2763913613,484,2763914097,2763914097
2025-06-19 11:18:54,REAL,2763914097,481,2763914578,2763914578
2025-06-19 11:18:56,REAL,2763914578,479,2763915057,2763915057
2025-06-19 11:18:58,REAL,2763915057,477,2763915534,2763915534
2025-06-19 11:19:00,REAL,2763915534,530,2763916064,2763916064
2025-06-19 11:19:02,REAL,2763916064,488,2763916552,2763916552
2025-06-19 11:19:04,REAL,2763916552,478,2763917030,2763917030
2025-06-19 11:19:06,REAL,2763917030,482,2763917512,2763917512
2025-06-19 11:19:08,REAL,2763917512,482,2763917994,2763917994
2025-06-19 11:19:10,REAL,2763917994,539,2763918533,2763918533
2025-06-19 11:19:12,REAL,2763918533,480,2763919013,2763919013
2025-06-19 11:19:14,REAL,2763919013,491,2763919504,2763919504
2025-06-19 11:19:16,REAL,2763919504,490,2763919994,2763919994
2025-06-19 11:19:18,REAL,2763919994,484,2763920478,2763920478
2025-06-19 11:19:20,REAL,2763920478,483,2763920961,2763920961
2025-06-19 11:19:22,REAL,2763920961,477,2763921438,2763921438
2025-06-19 11:19:24,REAL,2763921438,485,2763921923,2763921923
2025-06-19 11:19:26,REAL,2763921923,479,2763922402,2763922402
2025-06-19 11:19:28,REAL,2763922402,483,2763922885,2763922885
2025-06-19 11:19:30,REAL,2763922885,537,2763923422,2763923422
2025-06-19 11:19:32,REAL,2763923422,484,2763923906,2763923906
2025-06-19 11:19:34,REAL,2763923906,547,2763924453,2763924453
2025-06-19 11:19:36,REAL,2763924453,489,2763924942,2763924942
2025-06-19 11:19:38,REAL,2763924942,480,2763925422,2763925422
2025-06-19 11:19:40,REAL,2763925422,477,2763925899,2763925899
2025-06-19 11:19:42,REAL,2763925899,490,2763926389,2763926389
2025-06-19 11:19:44,REAL,2763926389,476,2763926865,2763926865
2025-06-19 11:19:46,REAL,2763926865,490,2763927355,2763927355
2025-06-19 11:19:48,REAL,2763927355,487,2763927842,2763927842
2025-06-19 11:19:50,REAL,2763927842,483,2763928325,2763928325
2025-06-19 11:19:52,REAL,2763928325,486,2763928811,2763928811
2025-06-19 11:19:54,REAL,2763928811,7090,2763935901,2763935901
2025-06-19 11:19:56,REAL,2763935901,13687,2763949588,2763949588
2025-06-19 11:19:58,REAL,2763949588,10315,2763959903,2763959903
2025-06-19 11:20:00,REAL,2763959903,10304,2763970207,2763970207
2025-06-19 11:20:02,REAL,2763970207,10318,2763980525,2763980525
2025-06-19 11:20:04,REAL,2763980525,10251,2763990776,2763990776
2025-06-19 11:20:06,REAL,2763990776,10313,2764001089,2764001089
2025-06-19 11:20:08,REAL,2764001089,10251,2764011340,2764011340
2025-06-19 11:20:10,REAL,2764011340,741,2764012081,2764012081
2025-06-19 11:20:12,REAL,2764012081,485,2764012566,2764012566
2025-06-19 11:20:14,REAL,2764012566,480,2764013046,2764013046
2025-06-19 11:20:16,REAL,2764013046,543,2764013589,2764013589
2025-06-19 11:20:18,REAL,2764013589,484,2764014073,2764014073
2025-06-19 11:20:20,REAL,2764014073,478,2764014551,2764014551
2025-06-19 11:20:22,REAL,2764014551,487,2764015038,2764015038
2025-06-19 11:20:24,REAL,2764015038,480,2764015518,2764015518
2025-06-19 11:20:26,REAL,2764015518,484,2764016002,2764016002
2025-06-19 11:20:28,REAL,2764016002,480,2764016482,2764016482
2025-06-19 11:20:30,REAL,2764016482,478,2764016960,2764016960
2025-06-19 11:20:32,REAL,2764016960,545,2764017505,2764017505
2025-06-19 11:20:34,REAL,2764017505,494,2764017999,2764017999
2025-06-19 11:20:36,REAL,2764017999,488,2764018487,2764018487
2025-06-19 11:20:38,REAL,2764018487,546,2764019033,2764019033
2025-06-19 11:20:40,REAL,2764019033,482,2764019515,2764019515
2025-06-19 11:20:42,REAL,2764019515,479,2764019994,2764019994
2025-06-19 11:20:44,REAL,2764019994,481,2764020475,2764020475
2025-06-19 11:20:46,REAL,2764020475,476,2764020951,2764020951
2025-06-19 11:20:48,REAL,2764020951,475,2764021426,2764021426
2025-06-19 11:20:50,REAL,2764021426,480,2764021906,2764021906
2025-06-19 11:20:52,REAL,2764021906,486,2764022392,2764022392
2025-06-19 11:20:54,REAL,2764022392,485,2764022877,2764022877
2025-06-19 11:20:56,REAL,2764022877,490,2764023367,2764023367
2025-06-19 11:20:58,REAL,2764023367,491,2764023858,2764023858
2025-06-19 11:21:00,REAL,2764023858,479,2764024337,2764024337
2025-06-19 11:21:02,REAL,2764024337,591,2764024928,2764024928
2025-06-19 11:21:04,REAL,2764024928,487,2764025415,2764025415
2025-06-19 11:21:06,REAL,2764025415,479,2764025894,2764025894
2025-06-19 11:21:08,REAL,2764025894,489,2764026383,2764026383
2025-06-19 11:21:10,REAL,2764026383,493,2764026876,2764026876
2025-06-19 11:21:12,REAL,2764026876,489,2764027365,2764027365
2025-06-19 11:21:14,REAL,2764027365,486,2764027851,2764027851
2025-06-19 11:21:16,REAL,2764027851,489,2764028340,2764028340
2025-06-19 11:21:18,REAL,2764028340,486,2764028826,2764028826
2025-06-19 11:21:20,REAL,2764028826,481,2764029307,2764029307
2025-06-19 11:21:22,REAL,2764029307,478,2764029785,2764029785
2025-06-19 11:21:24,REAL,2764029785,535,2764030320,2764030320
2025-06-19 11:21:26,REAL,2764030320,480,2764030800,2764030800
2025-06-19 11:21:28,REAL,2764030800,480,2764031280,2764031280
2025-06-19 11:21:30,REAL,2764031280,484,2764031764,2764031764
2025-06-19 11:21:32,REAL,2764031764,485,2764032249,2764032249
2025-06-19 11:21:34,REAL,2764032249,490,2764032739,2764032739
2025-06-19 11:21:36,REAL,2764032739,491,2764033230,2764033230
2025-06-19 11:21:38,REAL,2764033230,476,2764033706,2764033706
2025-06-19 11:21:40,REAL,2764033706,545,2764034251,2764034251
2025-06-19 11:21:42,REAL,2764034251,486,2764034737,2764034737
2025-06-19 11:21:44,REAL,2764034737,480,2764035217,2764035217
2025-06-19 11:21:46,REAL,2764035217,541,2764035758,2764035758
2025-06-19 11:21:48,REAL,2764035758,481,2764036239,2764036239
2025-06-19 11:21:50,REAL,2764036239,491,2764036730,2764036730
2025-06-19 11:21:52,REAL,2764036730,487,2764037217,2764037217
2025-06-19 11:21:54,REAL,2764037217,484,2764037701,2764037701
2025-06-19 11:21:56,REAL,2764037701,489,2764038190,2764038190
2025-06-19 11:21:58,REAL,2764038190,487,2764038677,2764038677
2025-06-19 11:22:00,REAL,2764038677,482,2764039159,2764039159
2025-06-19 11:22:02,REAL,2764039159,485,2764039644,2764039644
2025-06-19 11:22:04,REAL,2764039644,485,2764040129,2764040129
2025-06-19 11:22:06,REAL,2764040129,477,2764040606,2764040606
2025-06-19 11:22:08,REAL,2764040606,535,2764041141,2764041141
2025-06-19 11:22:10,REAL,2764041141,477,2764041618,2764041618
2025-06-19 11:22:12,REAL,2764041618,477,2764042095,2764042095
2025-06-19 11:22:14,REAL,2764042095,481,2764042576,2764042576
2025-06-19 11:22:16,REAL,2764042576,482,2764043058,2764043058
2025-06-19 11:22:18,REAL,2764043058,490,2764043548,2764043548
2025-06-19 11:22:20,REAL,2764043548,485,2764044033,2764044033
2025-06-19 11:22:22,REAL,2764044033,545,2764044578,2764044578
2025-06-19 11:22:24,REAL,2764044578,474,2764045052,2764045052
2025-06-19 11:22:26,REAL,2764045052,479,2764045531,2764045531
2025-06-19 11:22:28,REAL,2764045531,487,2764046018,2764046018
2025-06-19 11:22:30,REAL,2764046018,487,2764046505,2764046505
2025-06-19 11:22:32,REAL,2764046505,541,2764047046,2764047046
2025-06-19 11:22:34,REAL,2764047046,484,2764047530,2764047530
2025-06-19 11:22:36,REAL,2764047530,485,2764048015,2764048015
2025-06-19 11:22:38,REAL,2764048015,476,2764048491,2764048491
2025-06-19 11:22:40,REAL,2764048491,490,2764048981,2764048981
2025-06-19 11:22:42,REAL,2764048981,481,2764049462,2764049462
2025-06-19 11:22:44,REAL,2764049462,476,2764049938,2764049938
2025-06-19 11:22:46,REAL,2764049938,474,2764050412,2764050412
2025-06-19 11:22:48,REAL,2764050412,477,2764050889,2764050889
2025-06-19 11:22:50,REAL,2764050889,485,2764051374,2764051374
2025-06-19 11:22:52,REAL,2764051374,489,2764051863,2764051863
2025-06-19 11:22:54,REAL,2764051863,3916,2764055779,2764055779
2025-06-19 11:22:56,REAL,2764055779,14280,2764070059,2764070059
2025-06-19 11:22:58,REAL,2764070059,10254,2764080313,2764080313
2025-06-19 11:23:00,REAL,2764080313,10314,2764090627,2764090627
2025-06-19 11:23:02,REAL,2764090627,10245,2764100872,2764100872
2025-06-19 11:23:04,REAL,2764100872,10318,2764111190,2764111190
2025-06-19 11:23:06,REAL,2764111190,10251,2764121441,2764121441
2025-06-19 11:23:08,REAL,2764121441,10252,2764131693,2764131693
2025-06-19 11:23:10,REAL,2764131693,2329,2764134022,2764134022
2025-06-19 11:23:12,REAL,2764134022,483,2764134505,2764134505
2025-06-19 11:23:14,REAL,2764134505,481,2764134986,2764134986
2025-06-19 11:23:16,REAL,2764134986,543,2764135529,2764135529
2025-06-19 11:23:18,REAL,2764135529,484,2764136013,2764136013
2025-06-19 11:23:20,REAL,2764136013,492,2764136505,2764136505
2025-06-19 11:23:22,REAL,2764136505,487,2764136992,2764136992
2025-06-19 11:23:24,REAL,2764136992,492,2764137484,2764137484
2025-06-19 11:23:26,REAL,2764137484,9663,2764147147,2764147147
2025-06-19 11:23:28,REAL,2764147147,10390,2764157537,2764157537
2025-06-19 11:23:30,REAL,2764157537,10253,2764167790,2764167790
2025-06-19 11:23:32,REAL,2764167790,10314,2764178104,2764178104
2025-06-19 11:23:34,REAL,2764178104,10255,2764188359,2764188359
2025-06-19 11:23:36,REAL,2764188359,10250,2764198609,2764198609
2025-06-19 11:23:38,REAL,2764198609,10247,2764208856,2764208856
2025-06-19 11:23:40,REAL,2764208856,6951,2764215807,2764215807
2025-06-19 11:23:42,REAL,2764215807,489,2764216296,2764216296
2025-06-19 11:23:44,REAL,2764216296,540,2764216836,2764216836
2025-06-19 11:23:46,REAL,2764216836,481,2764217317,2764217317
2025-06-19 11:23:48,REAL,2764217317,535,2764217852,2764217852
2025-06-19 11:23:50,REAL,2764217852,492,2764218344,2764218344
2025-06-19 11:23:52,REAL,2764218344,481,2764218825,2764218825
2025-06-19 11:23:54,REAL,2764218825,488,2764219313,2764219313
2025-06-19 11:23:56,REAL,2764219313,488,2764219801,2764219801
2025-06-19 11:23:58,REAL,2764219801,483,2764220284,2764220284
2025-06-19 11:24:00,REAL,2764220284,478,2764220762,2764220762
2025-06-19 11:24:02,REAL,2764220762,478,2764221240,2764221240
2025-06-19 11:24:04,REAL,2764221240,481,2764221721,2764221721
2025-06-19 11:24:06,REAL,2764221721,483,2764222204,2764222204
2025-06-19 11:24:08,REAL,2764222204,477,2764222681,2764222681
2025-06-19 11:24:10,REAL,2764222681,538,2764223219,2764223219
2025-06-19 11:24:12,REAL,2764223219,486,2764223705,2764223705
2025-06-19 11:24:14,REAL,2764223705,488,2764224193,2764224193
2025-06-19 11:24:16,REAL,2764224193,480,2764224673,2764224673
2025-06-19 11:24:18,REAL,2764224673,492,2764225165,2764225165
2025-06-19 11:24:20,REAL,2764225165,480,2764225645,2764225645
2025-06-19 11:24:22,REAL,2764225645,484,2764226129,2764226129
2025-06-19 11:24:24,REAL,2764226129,548,2764226677,2764226677
2025-06-19 11:24:26,REAL,2764226677,492,2764227169,2764227169
2025-06-19 11:24:28,REAL,2764227169,477,2764227646,2764227646
2025-06-19 11:24:30,REAL,2764227646,484,2764228130,2764228130
2025-06-19 11:24:32,REAL,2764228130,481,2764228611,2764228611
2025-06-19 11:24:34,REAL,2764228611,484,2764229095,2764229095
2025-06-19 11:24:36,REAL,2764229095,487,2764229582,2764229582
2025-06-19 11:24:38,REAL,2764229582,486,2764230068,2764230068
2025-06-19 11:24:40,REAL,2764230068,483,2764230551,2764230551
2025-06-19 11:24:42,REAL,2764230551,481,2764231032,2764231032
2025-06-19 11:24:44,REAL,2764231032,486,2764231518,2764231518
2025-06-19 11:24:46,REAL,2764231518,536,2764232054,2764232054
2025-06-19 11:24:48,REAL,2764232054,484,2764232538,2764232538
2025-06-19 11:24:50,REAL,2764232538,479,2764233017,2764233017
2025-06-19 11:24:52,REAL,2764233017,480,2764233497,2764233497
2025-06-19 11:24:54,REAL,2764233497,477,2764233974,2764233974
2025-06-19 11:24:56,REAL,2764233974,482,2764234456,2764234456
2025-06-19 11:24:58,REAL,2764234456,490,2764234946,2764234946
2025-06-19 11:25:00,REAL,2764234946,490,2764235436,2764235436
2025-06-19 11:25:02,REAL,2764235436,481,2764235917,2764235917
2025-06-19 11:25:04,REAL,2764235917,491,2764236408,2764236408
2025-06-19 11:25:06,REAL,2764236408,547,2764236955,2764236955
2025-06-19 11:25:08,REAL,2764236955,486,2764237441,2764237441
2025-06-19 11:25:10,REAL,2764237441,484,2764237925,2764237925
2025-06-19 11:25:12,REAL,2764237925,484,2764238409,2764238409
2025-06-19 11:25:14,REAL,2764238409,478,2764238887,2764238887
2025-06-19 11:25:16,REAL,2764238887,488,2764239375,2764239375
2025-06-19 11:25:18,REAL,2764239375,487,2764239862,2764239862
2025-06-19 11:25:20,REAL,2764239862,482,2764240344,2764240344
2025-06-19 11:25:22,REAL,2764240344,477,2764240821,2764240821
2025-06-19 11:25:24,REAL,2764240821,537,2764241358,2764241358
2025-06-19 11:25:26,REAL,2764241358,484,2764241842,2764241842
2025-06-19 11:25:28,REAL,2764241842,480,2764242322,2764242322
2025-06-19 11:25:30,REAL,2764242322,490,2764242812,2764242812
2025-06-19 11:25:32,REAL,2764242812,476,2764243288,2764243288
2025-06-19 11:25:34,REAL,2764243288,490,2764243778,2764243778
2025-06-19 11:25:36,REAL,2764243778,483,2764244261,2764244261
2025-06-19 11:25:38,REAL,2764244261,488,2764244749,2764244749
2025-06-19 11:25:40,REAL,2764244749,474,2764245223,2764245223
2025-06-19 11:25:42,REAL,2764245223,488,2764245711,2764245711
2025-06-19 11:25:44,REAL,2764245711,492,2764246203,2764246203
2025-06-19 11:25:46,REAL,2764246203,545,2764246748,2764246748
2025-06-19 11:25:48,REAL,2764246748,487,2764247235,2764247235
2025-06-19 11:25:50,REAL,2764247235,484,2764247719,2764247719
2025-06-19 11:25:52,REAL,2764247719,482,2764248201,2764248201
2025-06-19 11:25:54,REAL,2764248201,486,2764248687,2764248687
2025-06-19 11:25:56,REAL,2764248687,484,2764249171,2764249171
2025-06-19 11:25:58,REAL,2764249171,479,2764249650,2764249650
2025-06-19 11:26:00,REAL,2764249650,535,2764250185,2764250185
2025-06-19 11:26:02,REAL,2764250185,487,2764250672,2764250672
2025-06-19 11:26:04,REAL,2764250672,485,2764251157,2764251157
2025-06-19 11:26:06,REAL,2764251157,494,2764251651,2764251651
2025-06-19 11:26:08,REAL,2764251651,480,2764252131,2764252131
2025-06-19 11:26:10,REAL,2764252131,485,2764252616,2764252616
2025-06-19 11:26:12,REAL,2764252616,485,2764253101,2764253101
2025-06-19 11:26:14,REAL,2764253101,478,2764253579,2764253579
2025-06-19 11:26:16,REAL,2764253579,486,2764254065,2764254065
2025-06-19 11:26:18,REAL,2764254065,481,2764254546,2764254546
2025-06-19 11:26:20,REAL,2764254546,477,2764255023,2764255023
2025-06-19 11:26:22,REAL,2764255023,480,2764255503,2764255503
2025-06-19 11:26:24,REAL,2764255503,479,2764255982,2764255982
2025-06-19 11:26:26,REAL,2764255982,8090,2764264072,2764264072
2025-06-19 11:26:28,REAL,2764264072,10643,2764274715,2764274715
2025-06-19 11:26:30,REAL,2764274715,10254,2764284969,2764284969
2025-06-19 11:26:32,REAL,2764284969,10252,2764295221,2764295221
2025-06-19 11:26:34,REAL,2764295221,10309,2764305530,2764305530
2025-06-19 11:26:36,REAL,2764305530,10250,2764315780,2764315780
2025-06-19 11:26:38,REAL,2764315780,10316,2764326096,2764326096
2025-06-19 11:26:40,REAL,2764326096,8470,2764334566,2764334566
2025-06-19 11:26:42,REAL,2764334566,489,2764335055,2764335055
2025-06-19 11:26:44,REAL,2764335055,483,2764335538,2764335538
2025-06-19 11:26:46,REAL,2764335538,485,2764336023,2764336023
2025-06-19 11:26:48,REAL,2764336023,484,2764336507,2764336507
2025-06-19 11:26:50,REAL,2764336507,492,2764336999,2764336999
2025-06-19 11:26:52,REAL,2764336999,491,2764337490,2764337490
2025-06-19 11:26:54,REAL,2764337490,488,2764337978,2764337978
2025-06-19 11:26:56,REAL,2764337978,488,2764338466,2764338466
2025-06-19 11:26:58,REAL,2764338466,483,2764338949,2764338949
2025-06-19 11:27:00,REAL,2764338949,483,2764339432,2764339432
2025-06-19 11:27:02,REAL,2764339432,487,2764339919,2764339919
2025-06-19 11:27:04,REAL,2764339919,595,2764340514,2764340514
2025-06-19 11:27:06,REAL,2764340514,479,2764340993,2764340993
2025-06-19 11:27:08,REAL,2764340993,492,2764341485,2764341485
2025-06-19 11:27:10,REAL,2764341485,483,2764341968,2764341968
2025-06-19 11:27:12,REAL,2764341968,479,2764342447,2764342447
2025-06-19 11:27:14,REAL,2764342447,487,2764342934,2764342934
2025-06-19 11:27:16,REAL,2764342934,483,2764343417,2764343417
2025-06-19 11:27:18,REAL,2764343417,484,2764343901,2764343901
2025-06-19 11:27:20,REAL,2764343901,479,2764344380,2764344380
2025-06-19 11:27:22,REAL,2764344380,479,2764344859,2764344859
2025-06-19 11:27:24,REAL,2764344859,489,2764345348,2764345348
2025-06-19 11:27:26,REAL,2764345348,486,2764345834,2764345834
2025-06-19 11:27:28,REAL,2764345834,494,2764346328,2764346328
2025-06-19 11:27:30,REAL,2764346328,484,2764346812,2764346812
2025-06-19 11:27:32,REAL,2764346812,478,2764347290,2764347290
2025-06-19 11:27:34,REAL,2764347290,475,2764347765,2764347765
2025-06-19 11:27:36,REAL,2764347765,483,2764348248,2764348248
2025-06-19 11:27:38,REAL,2764348248,488,2764348736,2764348736
2025-06-19 11:27:40,REAL,2764348736,592,2764349328,2764349328
2025-06-19 11:27:42,REAL,2764349328,481,2764349809,2764349809
2025-06-19 11:27:44,REAL,2764349809,475,2764350284,2764350284
2025-06-19 11:27:46,REAL,2764350284,486,2764350770,2764350770
2025-06-19 11:27:48,REAL,2764350770,476,2764351246,2764351246
2025-06-19 11:27:50,REAL,2764351246,493,2764351739,2764351739
2025-06-19 11:27:52,REAL,2764351739,484,2764352223,2764352223
2025-06-19 11:27:54,REAL,2764352223,482,2764352705,2764352705
2025-06-19 11:27:56,REAL,2764352705,484,2764353189,2764353189
2025-06-19 11:27:58,REAL,2764353189,489,2764353678,2764353678
2025-06-19 11:28:00,REAL,2764353678,488,2764354166,2764354166
2025-06-19 11:28:02,REAL,2764354166,485,2764354651,2764354651
2025-06-19 11:28:04,REAL,2764354651,488,2764355139,2764355139
2025-06-19 11:28:06,REAL,2764355139,482,2764355621,2764355621
2025-06-19 11:28:08,REAL,2764355621,480,2764356101,2764356101
2025-06-19 11:28:10,REAL,2764356101,490,2764356591,2764356591
2025-06-19 11:28:12,REAL,2764356591,480,2764357071,2764357071
2025-06-19 11:28:14,REAL,2764357071,478,2764357549,2764357549
2025-06-19 11:28:16,REAL,2764357549,5052,2764362601,2764362601
2025-06-19 11:28:18,REAL,2764362601,14061,2764376662,2764376662
2025-06-19 11:28:20,REAL,2764376662,10249,2764386911,2764386911
2025-06-19 11:28:22,REAL,2764386911,10323,2764397234,2764397234
2025-06-19 11:28:24,REAL,2764397234,10251,2764407485,2764407485
2025-06-19 11:28:26,REAL,2764407485,10252,2764417737,2764417737
2025-06-19 11:28:28,REAL,2764417737,10256,2764427993,2764427993
2025-06-19 11:28:30,REAL,2764427993,10254,2764438247,2764438247
2025-06-19 11:28:32,REAL,2764438247,1734,2764439981,2764439981
2025-06-19 11:28:34,REAL,2764439981,481,2764440462,2764440462
2025-06-19 11:28:36,REAL,2764440462,482,2764440944,2764440944
2025-06-19 11:28:38,REAL,2764440944,482,2764441426,2764441426
2025-06-19 11:28:40,REAL,2764441426,486,2764441912,2764441912
2025-06-19 11:28:42,REAL,2764441912,479,2764442391,2764442391
2025-06-19 11:28:44,REAL,2764442391,492,2764442883,2764442883
2025-06-19 11:28:46,REAL,2764442883,492,2764443375,2764443375
2025-06-19 11:28:48,REAL,2764443375,479,2764443854,2764443854
2025-06-19 11:28:50,REAL,2764443854,483,2764444337,2764444337
2025-06-19 11:28:52,REAL,2764444337,482,2764444819,2764444819
2025-06-19 11:28:54,REAL,2764444819,596,2764445415,2764445415
2025-06-19 11:28:56,REAL,2764445415,483,2764445898,2764445898
2025-06-19 11:28:58,REAL,2764445898,485,2764446383,2764446383
2025-06-19 11:29:00,REAL,2764446383,478,2764446861,2764446861
2025-06-19 11:29:02,REAL,2764446861,487,2764447348,2764447348
2025-06-19 11:29:04,REAL,2764447348,482,2764447830,2764447830
2025-06-19 11:29:06,REAL,2764447830,478,2764448308,2764448308
2025-06-19 11:29:08,REAL,2764448308,484,2764448792,2764448792
2025-06-19 11:29:10,REAL,2764448792,492,2764449284,2764449284
2025-06-19 11:29:12,REAL,2764449284,481,2764449765,2764449765
2025-06-19 11:29:14,REAL,2764449765,482,2764450247,2764450247
2025-06-19 11:29:16,REAL,2764450247,488,2764450735,2764450735
2025-06-19 11:29:18,REAL,2764450735,484,2764451219,2764451219
2025-06-19 11:29:20,REAL,2764451219,490,2764451709,2764451709
2025-06-19 11:29:22,REAL,2764451709,489,2764452198,2764452198
2025-06-19 11:29:24,REAL,2764452198,483,2764452681,2764452681
2025-06-19 11:29:26,REAL,2764452681,488,2764453169,2764453169
2025-06-19 11:29:28,REAL,2764453169,485,2764453654,2764453654
2025-06-19 11:29:30,REAL,2764453654,484,2764454138,2764454138
2025-06-19 11:29:32,REAL,2764454138,543,2764454681,2764454681
2025-06-19 11:29:34,REAL,2764454681,483,2764455164,2764455164
2025-06-19 11:29:36,REAL,2764455164,545,2764455709,2764455709
2025-06-19 11:29:38,REAL,2764455709,476,2764456185,2764456185
2025-06-19 11:29:40,REAL,2764456185,482,2764456667,2764456667
2025-06-19 11:29:42,REAL,2764456667,479,2764457146,2764457146
2025-06-19 11:29:44,REAL,2764457146,483,2764457629,2764457629
2025-06-19 11:29:46,REAL,2764457629,478,2764458107,2764458107
2025-06-19 11:29:48,REAL,2764458107,482,2764458589,2764458589
2025-06-19 11:29:50,REAL,2764458589,478,2764459067,2764459067
2025-06-19 11:29:52,REAL,2764459067,479,2764459546,2764459546
2025-06-19 11:29:54,REAL,2764459546,486,2764460032,2764460032
2025-06-19 11:29:56,REAL,2764460032,479,2764460511,2764460511
2025-06-19 11:29:58,REAL,2764460511,486,2764460997,2764460997
2025-06-19 11:30:00,REAL,2764460997,487,2764461484,2764461484
2025-06-19 11:30:02,REAL,2764461484,481,2764461965,2764461965
2025-06-19 11:30:04,REAL,2764461965,489,2764462454,2764462454
2025-06-19 11:30:06,REAL,2764462454,482,2764462936,2764462936
2025-06-19 11:30:08,REAL,2764462936,537,2764463473,2764463473
2025-06-19 11:30:10,REAL,2764463473,491,2764463964,2764463964
2025-06-19 11:30:12,REAL,2764463964,483,2764464447,2764464447
2025-06-19 11:30:14,REAL,2764464447,477,2764464924,2764464924
2025-06-19 11:30:16,REAL,2764464924,484,2764465408,2764465408
2025-06-19 11:30:18,REAL,2764465408,494,2764465902,2764465902
2025-06-19 11:30:20,REAL,2764465902,545,2764466447,2764466447
2025-06-19 11:30:22,REAL,2764466447,484,2764466931,2764466931
2025-06-19 11:30:24,REAL,2764466931,488,2764467419,2764467419
2025-06-19 11:30:26,REAL,2764467419,487,2764467906,2764467906
2025-06-19 11:30:28,REAL,2764467906,479,2764468385,2764468385
2025-06-19 11:30:30,REAL,2764468385,485,2764468870,2764468870
2025-06-19 11:30:32,REAL,2764468870,487,2764469357,2764469357
2025-06-19 11:30:34,REAL,2764469357,479,2764469836,2764469836
2025-06-19 11:30:36,REAL,2764469836,489,2764470325,2764470325
2025-06-19 11:30:38,REAL,2764470325,488,2764470813,2764470813
2025-06-19 11:30:40,REAL,2764470813,484,2764471297,2764471297
2025-06-19 11:30:42,REAL,2764471297,479,2764471776,2764471776
2025-06-19 11:30:44,REAL,2764471776,479,2764472255,2764472255
2025-06-19 11:30:46,REAL,2764472255,539,2764472794,2764472794
2025-06-19 11:30:48,REAL,2764472794,553,2764473347,2764473347
2025-06-19 11:30:50,REAL,2764473347,484,2764473831,2764473831
2025-06-19 11:30:52,REAL,2764473831,481,2764474312,2764474312
2025-06-19 11:30:54,REAL,2764474312,492,2764474804,2764474804
2025-06-19 11:30:56,REAL,2764474804,479,2764475283,2764475283
2025-06-19 11:30:58,REAL,2764475283,475,2764475758,2764475758
2025-06-19 11:31:00,REAL,2764475758,487,2764476245,2764476245
2025-06-19 11:31:02,REAL,2764476245,540,2764476785,2764476785
2025-06-19 11:31:04,REAL,2764476785,482,2764477267,2764477267
2025-06-19 11:31:06,REAL,2764477267,483,2764477750,2764477750
2025-06-19 11:31:08,REAL,2764477750,481,2764478231,2764478231
2025-06-19 11:31:10,REAL,2764478231,484,2764478715,2764478715
2025-06-19 11:31:12,REAL,2764478715,483,2764479198,2764479198
2025-06-19 11:31:14,REAL,2764479198,483,2764479681,2764479681
2025-06-19 11:31:16,REAL,2764479681,485,2764480166,2764480166
2025-06-19 11:31:18,REAL,2764480166,476,2764480642,2764480642
2025-06-19 11:31:20,REAL,2764480642,485,2764481127,2764481127
2025-06-19 11:31:22,REAL,2764481127,482,2764481609,2764481609
2025-06-19 11:31:24,REAL,2764481609,547,2764482156,2764482156
2025-06-19 11:31:26,REAL,2764482156,484,2764482640,2764482640
2025-06-19 11:31:28,REAL,2764482640,485,2764483125,2764483125
2025-06-19 11:31:30,REAL,2764483125,485,2764483610,2764483610
2025-06-19 11:31:32,REAL,2764483610,487,2764484097,2764484097
2025-06-19 11:31:34,REAL,2764484097,488,2764484585,2764484585
2025-06-19 11:31:36,REAL,2764484585,481,2764485066,2764485066
2025-06-19 11:31:38,REAL,2764485066,484,2764485550,2764485550
2025-06-19 11:31:40,REAL,2764485550,485,2764486035,2764486035
2025-06-19 11:31:42,REAL,2764486035,483,2764486518,2764486518
2025-06-19 11:31:44,REAL,2764486518,484,2764487002,2764487002
2025-06-19 11:31:46,REAL,2764487002,530,2764487532,2764487532
2025-06-19 11:31:48,REAL,2764487532,484,2764488016,2764488016
2025-06-19 11:31:50,REAL,2764488016,485,2764488501,2764488501
2025-06-19 11:31:52,REAL,2764488501,489,2764488990,2764488990
2025-06-19 11:31:54,REAL,2764488990,484,2764489474,2764489474
2025-06-19 11:31:56,REAL,2764489474,491,2764489965,2764489965
2025-06-19 11:31:58,REAL,2764489965,489,2764490454,2764490454
2025-06-19 11:32:00,REAL,2764490454,487,2764490941,2764490941
2025-06-19 11:32:02,REAL,2764490941,488,2764491429,2764491429
2025-06-19 11:32:04,REAL,2764491429,481,2764491910,2764491910
2025-06-19 11:32:06,REAL,2764491910,542,2764492452,2764492452
2025-06-19 11:32:08,REAL,2764492452,484,2764492936,2764492936
2025-06-19 11:32:10,REAL,2764492936,476,2764493412,2764493412
2025-06-19 11:32:12,REAL,2764493412,490,2764493902,2764493902
2025-06-19 11:32:14,REAL,2764493902,491,2764494393,2764494393
2025-06-19 11:32:16,REAL,2764494393,488,2764494881,2764494881
2025-06-19 11:32:18,REAL,2764494881,474,2764495355,2764495355
2025-06-19 11:32:20,REAL,2764495355,486,2764495841,2764495841
2025-06-19 11:32:22,REAL,2764495841,484,2764496325,2764496325
2025-06-19 11:32:24,REAL,2764496325,483,2764496808,2764496808
2025-06-19 11:32:26,REAL,2764496808,10450,2764507258,2764507258
2025-06-19 11:32:28,REAL,2764507258,10387,2764517645,2764517645
2025-06-19 11:32:30,REAL,2764517645,10248,2764527893,2764527893
2025-06-19 11:32:32,REAL,2764527893,10249,2764538142,2764538142
2025-06-19 11:32:34,REAL,2764538142,10314,2764548456,2764548456
2025-06-19 11:32:36,REAL,2764548456,10252,2764558708,2764558708
2025-06-19 11:32:38,REAL,2764558708,10244,2764568952,2764568952
2025-06-19 11:32:40,REAL,2764568952,6824,2764575776,2764575776
2025-06-19 11:32:42,REAL,2764575776,475,2764576251,2764576251
2025-06-19 11:32:44,REAL,2764576251,538,2764576789,2764576789
2025-06-19 11:32:46,REAL,2764576789,478,2764577267,2764577267
2025-06-19 11:32:48,REAL,2764577267,485,2764577752,2764577752
2025-06-19 11:32:50,REAL,2764577752,484,2764578236,2764578236
2025-06-19 11:32:52,REAL,2764578236,485,2764578721,2764578721
2025-06-19 11:32:54,REAL,2764578721,483,2764579204,2764579204
2025-06-19 11:32:56,REAL,2764579204,487,2764579691,2764579691
2025-06-19 11:32:58,REAL,2764579691,484,2764580175,2764580175
2025-06-19 11:33:00,REAL,2764580175,484,2764580659,2764580659
2025-06-19 11:33:02,REAL,2764580659,488,2764581147,2764581147
2025-06-19 11:33:04,REAL,2764581147,479,2764581626,2764581626
2025-06-19 11:33:06,REAL,2764581626,486,2764582112,2764582112
2025-06-19 11:33:08,REAL,2764582112,532,2764582644,2764582644
2025-06-19 11:33:10,REAL,2764582644,491,2764583135,2764583135
2025-06-19 11:33:12,REAL,2764583135,477,2764583612,2764583612
2025-06-19 11:33:14,REAL,2764583612,482,2764584094,2764584094
2025-06-19 11:33:16,REAL,2764584094,487,2764584581,2764584581
2025-06-19 11:33:18,REAL,2764584581,491,2764585072,2764585072
2025-06-19 11:33:20,REAL,2764585072,479,2764585551,2764585551
2025-06-19 11:33:22,REAL,2764585551,484,2764586035,2764586035
2025-06-19 11:33:24,REAL,2764586035,537,2764586572,2764586572
2025-06-19 11:33:26,REAL,2764586572,482,2764587054,2764587054
2025-06-19 11:33:28,REAL,2764587054,483,2764587537,2764587537
2025-06-19 11:33:30,REAL,2764587537,11390,2764598927,2764598927
2025-06-19 11:33:32,REAL,2764598927,10259,2764609186,2764609186
2025-06-19 11:33:34,REAL,2764609186,10254,2764619440,2764619440
2025-06-19 11:33:36,REAL,2764619440,10258,2764629698,2764629698
2025-06-19 11:33:38,REAL,2764629698,10246,2764639944,2764639944
2025-06-19 11:33:40,REAL,2764639944,10250,2764650194,2764650194
2025-06-19 11:33:42,REAL,2764650194,10254,2764660448,2764660448
2025-06-19 11:33:44,REAL,2764660448,5636,2764666084,2764666084
2025-06-19 11:33:46,REAL,2764666084,480,2764666564,2764666564
2025-06-19 11:33:48,REAL,2764666564,492,2764667056,2764667056
2025-06-19 11:33:50,REAL,2764667056,477,2764667533,2764667533
2025-06-19 11:33:52,REAL,2764667533,485,2764668018,2764668018
2025-06-19 11:33:54,REAL,2764668018,481,2764668499,2764668499
2025-06-19 11:33:56,REAL,2764668499,479,2764668978,2764668978
2025-06-19 11:33:58,REAL,2764668978,486,2764669464,2764669464
2025-06-19 11:34:00,REAL,2764669464,556,2764670020,2764670020
2025-06-19 11:34:02,REAL,2764670020,12022,2764682042,2764682042
2025-06-19 11:34:04,REAL,2764682042,10388,2764692430,2764692430
2025-06-19 11:34:06,REAL,2764692430,10185,2764702615,2764702615
2025-06-19 11:34:08,REAL,2764702615,10249,2764712864,2764712864
2025-06-19 11:34:10,REAL,2764712864,10326,2764723190,2764723190
2025-06-19 11:34:12,REAL,2764723190,10242,2764733432,2764733432
2025-06-19 11:34:14,REAL,2764733432,10248,2764743680,2764743680
2025-06-19 11:34:16,REAL,2764743680,5039,2764748719,2764748719
2025-06-19 11:34:18,REAL,2764748719,484,2764749203,2764749203
2025-06-19 11:34:20,REAL,2764749203,493,2764749696,2764749696
2025-06-19 11:34:22,REAL,2764749696,479,2764750175,2764750175
2025-06-19 11:34:24,REAL,2764750175,489,2764750664,2764750664
2025-06-19 11:34:26,REAL,2764750664,494,2764751158,2764751158
2025-06-19 11:34:28,REAL,2764751158,476,2764751634,2764751634
2025-06-19 11:34:30,REAL,2764751634,485,2764752119,2764752119
2025-06-19 11:34:32,REAL,2764752119,1605,2764753724,2764753724
2025-06-19 11:34:34,REAL,2764753724,12165,2764765889,2764765889
2025-06-19 11:34:36,REAL,2764765889,10253,2764776142,2764776142
2025-06-19 11:34:38,REAL,2764776142,10314,2764786456,2764786456
2025-06-19 11:34:40,REAL,2764786456,10317,2764796773,2764796773
2025-06-19 11:34:42,REAL,2764796773,10312,2764807085,2764807085
2025-06-19 11:34:44,REAL,2764807085,10316,2764817401,2764817401
2025-06-19 11:34:46,REAL,2764817401,10260,2764827661,2764827661
2025-06-19 11:34:48,REAL,2764827661,4382,2764832043,2764832043
2025-06-19 11:34:50,REAL,2764832043,479,2764832522,2764832522
2025-06-19 11:34:52,REAL,2764832522,487,2764833009,2764833009
2025-06-19 11:34:54,REAL,2764833009,492,2764833501,2764833501
2025-06-19 11:34:56,REAL,2764833501,489,2764833990,2764833990
2025-06-19 11:34:58,REAL,2764833990,479,2764834469,2764834469
2025-06-19 11:35:00,REAL,2764834469,479,2764834948,2764834948
2025-06-19 11:35:02,REAL,2764834948,477,2764835425,2764835425
2025-06-19 11:35:04,REAL,2764835425,484,2764835909,2764835909
2025-06-19 11:35:06,REAL,2764835909,482,2764836391,2764836391
2025-06-19 11:35:08,REAL,2764836391,483,2764836874,2764836874
2025-06-19 11:35:10,REAL,2764836874,482,2764837356,2764837356
2025-06-19 11:35:12,REAL,2764837356,487,2764837843,2764837843
2025-06-19 11:35:14,REAL,2764837843,487,2764838330,2764838330
2025-06-19 11:35:16,REAL,2764838330,483,2764838813,2764838813
2025-06-19 11:35:18,REAL,2764838813,478,2764839291,2764839291
2025-06-19 11:35:20,REAL,2764839291,535,2764839826,2764839826
2025-06-19 11:35:22,REAL,2764839826,294,2764840120,2764840120
2025-06-19 11:35:24,REAL,2764840120,483,2764840603,2764840603
2025-06-19 11:35:26,REAL,2764840603,8675,2764849278,2764849278
2025-06-19 11:35:28,REAL,2764849278,10774,2764860052,2764860052
2025-06-19 11:35:30,REAL,2764860052,10246,2764870298,2764870298
2025-06-19 11:35:32,REAL,2764870298,10325,2764880623,2764880623
2025-06-19 11:35:34,REAL,2764880623,10251,2764890874,2764890874
2025-06-19 11:35:36,REAL,2764890874,10316,2764901190,2764901190
2025-06-19 11:35:38,REAL,2764901190,10256,2764911446,2764911446
2025-06-19 11:35:40,REAL,2764911446,8334,2764919780,2764919780
2025-06-19 11:35:42,REAL,2764919780,483,2764920263,2764920263
2025-06-19 11:35:44,REAL,2764920263,477,2764920740,2764920740
2025-06-19 11:35:46,REAL,2764920740,3010,2764923750,2764923750
2025-06-19 11:35:48,REAL,2764923750,11576,2764935326,2764935326
2025-06-19 11:35:50,REAL,2764935326,10257,2764945583,2764945583
2025-06-19 11:35:52,REAL,2764945583,10321,2764955904,2764955904
2025-06-19 11:35:54,REAL,2764955904,10252,2764966156,2764966156
2025-06-19 11:35:56,REAL,2764966156,10255,2764976411,2764976411
2025-06-19 11:35:58,REAL,2764976411,10327,2764986738,2764986738
2025-06-19 11:36:00,REAL,2764986738,10252,2764996990,2764996990
2025-06-19 11:36:02,REAL,2764996990,3256,2765000246,2765000246
2025-06-19 11:36:04,REAL,2765000246,532,2765000778,2765000778
2025-06-19 11:36:06,REAL,2765000778,482,2765001260,2765001260
2025-06-19 11:36:08,REAL,2765001260,486,2765001746,2765001746
2025-06-19 11:36:10,REAL,2765001746,483,2765002229,2765002229
2025-06-19 11:36:12,REAL,2765002229,487,2765002716,2765002716
2025-06-19 11:36:14,REAL,2765002716,486,2765003202,2765003202
2025-06-19 11:36:16,REAL,2765003202,489,2765003691,2765003691
2025-06-19 11:36:18,REAL,2765003691,481,2765004172,2765004172
2025-06-19 11:36:20,REAL,2765004172,482,2765004654,2765004654
2025-06-19 11:36:22,REAL,2765004654,478,2765005132,2765005132
2025-06-19 11:36:24,REAL,2765005132,477,2765005609,2765005609
2025-06-19 11:36:26,REAL,2765005609,489,2765006098,2765006098
2025-06-19 11:36:28,REAL,2765006098,476,2765006574,2765006574
2025-06-19 11:36:30,REAL,2765006574,479,2765007053,2765007053
2025-06-19 11:36:32,REAL,2765007053,480,2765007533,2765007533
2025-06-19 11:36:34,REAL,2765007533,532,2765008065,2765008065
2025-06-19 11:36:36,REAL,2765008065,477,2765008542,2765008542
2025-06-19 11:36:38,REAL,2765008542,486,2765009028,2765009028
2025-06-19 11:36:40,REAL,2765009028,490,2765009518,2765009518
2025-06-19 11:36:42,REAL,2765009518,484,2765010002,2765010002
2025-06-19 11:36:44,REAL,2765010002,476,2765010478,2765010478
2025-06-19 11:36:46,REAL,2765010478,486,2765010964,2765010964
2025-06-19 11:36:48,REAL,2765010964,485,2765011449,2765011449
2025-06-19 11:36:50,REAL,2765011449,538,2765011987,2765011987
2025-06-19 11:36:52,REAL,2765011987,483,2765012470,2765012470
2025-06-19 11:36:54,REAL,2765012470,480,2765012950,2765012950
2025-06-19 11:36:56,REAL,2765012950,483,2765013433,2765013433
2025-06-19 11:36:58,REAL,2765013433,484,2765013917,2765013917
2025-06-19 11:37:00,REAL,2765013917,483,2765014400,2765014400
2025-06-19 11:37:02,REAL,2765014400,485,2765014885,2765014885
2025-06-19 11:37:04,REAL,2765014885,489,2765015374,2765015374
2025-06-19 11:37:06,REAL,2765015374,491,2765015865,2765015865
2025-06-19 11:37:08,REAL,2765015865,483,2765016348,2765016348
2025-06-19 11:37:10,REAL,2765016348,489,2765016837,2765016837
2025-06-19 11:37:12,REAL,2765016837,488,2765017325,2765017325
2025-06-19 11:37:14,REAL,2765017325,485,2765017810,2765017810
2025-06-19 11:37:16,REAL,2765017810,491,2765018301,2765018301
2025-06-19 11:37:18,REAL,2765018301,484,2765018785,2765018785
2025-06-19 11:37:20,REAL,2765018785,540,2765019325,2765019325
2025-06-19 11:37:22,REAL,2765019325,482,2765019807,2765019807
2025-06-19 11:37:24,REAL,2765019807,487,2765020294,2765020294
2025-06-19 11:37:26,REAL,2765020294,483,2765020777,2765020777
2025-06-19 11:37:28,REAL,2765020777,480,2765021257,2765021257
2025-06-19 11:37:30,REAL,2765021257,479,2765021736,2765021736
2025-06-19 11:37:32,REAL,2765021736,481,2765022217,2765022217
2025-06-19 11:37:34,REAL,2765022217,474,2765022691,2765022691
2025-06-19 11:37:36,REAL,2765022691,486,2765023177,2765023177
2025-06-19 11:37:38,REAL,2765023177,541,2765023718,2765023718
2025-06-19 11:37:40,REAL,2765023718,489,2765024207,2765024207
2025-06-19 11:37:42,REAL,2765024207,482,2765024689,2765024689
2025-06-19 11:37:44,REAL,2765024689,480,2765025169,2765025169
2025-06-19 11:37:46,REAL,2765025169,478,2765025647,2765025647
2025-06-19 11:37:48,REAL,2765025647,5370,2765031017,2765031017
2025-06-19 11:37:50,REAL,2765031017,11450,2765042467,2765042467
2025-06-19 11:37:52,REAL,2765042467,10250,2765052717,2765052717
2025-06-19 11:37:54,REAL,2765052717,10249,2765062966,2765062966
2025-06-19 11:37:56,REAL,2765062966,10327,2765073293,2765073293
2025-06-19 11:37:58,REAL,2765073293,10253,2765083546,2765083546
2025-06-19 11:38:00,REAL,2765083546,10247,2765093793,2765093793
2025-06-19 11:38:02,REAL,2765093793,10315,2765104108,2765104108
2025-06-19 11:38:04,REAL,2765104108,1077,2765105185,2765105185
2025-06-19 11:38:06,REAL,2765105185,484,2765105669,2765105669
2025-06-19 11:38:08,REAL,2765105669,482,2765106151,2765106151
2025-06-19 11:38:10,REAL,2765106151,477,2765106628,2765106628
2025-06-19 11:38:12,REAL,2765106628,487,2765107115,2765107115
2025-06-19 11:38:14,REAL,2765107115,482,2765107597,2765107597
2025-06-19 11:38:16,REAL,2765107597,484,2765108081,2765108081
2025-06-19 11:38:18,REAL,2765108081,482,2765108563,2765108563
2025-06-19 11:38:20,REAL,2765108563,487,2765109050,2765109050
2025-06-19 11:38:22,REAL,2765109050,488,2765109538,2765109538
2025-06-19 11:38:24,REAL,2765109538,539,2765110077,2765110077
2025-06-19 11:38:26,REAL,2765110077,492,2765110569,2765110569
2025-06-19 11:38:28,REAL,2765110569,491,2765111060,2765111060
2025-06-19 11:38:30,REAL,2765111060,487,2765111547,2765111547
2025-06-19 11:38:32,REAL,2765111547,488,2765112035,2765112035
2025-06-19 11:38:34,REAL,2765112035,484,2765112519,2765112519
2025-06-19 11:38:36,REAL,2765112519,539,2765113058,2765113058
2025-06-19 11:38:38,REAL,2765113058,488,2765113546,2765113546
2025-06-19 11:38:40,REAL,2765113546,483,2765114029,2765114029
2025-06-19 11:38:42,REAL,2765114029,489,2765114518,2765114518
2025-06-19 11:38:44,REAL,2765114518,484,2765115002,2765115002
2025-06-19 11:38:46,REAL,2765115002,484,2765115486,2765115486
2025-06-19 11:38:48,REAL,2765115486,481,2765115967,2765115967
2025-06-19 11:38:50,REAL,2765115967,491,2765116458,2765116458
2025-06-19 11:38:52,REAL,2765116458,14813,2765131271,2765131271
2025-06-19 11:38:54,REAL,2765131271,10242,2765141513,2765141513
2025-06-19 11:38:56,REAL,2765141513,10320,2765151833,2765151833
2025-06-19 11:38:58,REAL,2765151833,10323,2765162156,2765162156
2025-06-19 11:39:00,REAL,2765162156,10247,2765172403,2765172403
2025-06-19 11:39:02,REAL,2765172403,10321,2765182724,2765182724
2025-06-19 11:39:04,REAL,2765182724,10257,2765192981,2765192981
2025-06-19 11:39:06,REAL,2765192981,5101,2765198082,2765198082
2025-06-19 11:39:08,REAL,2765198082,479,2765198561,2765198561
2025-06-19 11:39:10,REAL,2765198561,485,2765199046,2765199046
2025-06-19 11:39:12,REAL,2765199046,8729,2765207775,2765207775
2025-06-19 11:39:14,REAL,2765207775,12503,2765220278,2765220278
2025-06-19 11:39:16,REAL,2765220278,10318,2765230596,2765230596
2025-06-19 11:39:18,REAL,2765230596,10244,2765240840,2765240840
2025-06-19 11:39:20,REAL,2765240840,10322,2765251162,2765251162
2025-06-19 11:39:22,REAL,2765251162,10253,2765261415,2765261415
2025-06-19 11:39:24,REAL,2765261415,10326,2765271741,2765271741
2025-06-19 11:39:26,REAL,2765271741,9587,2765281328,2765281328
2025-06-19 11:39:28,REAL,2765281328,484,2765281812,2765281812
2025-06-19 11:39:30,REAL,2765281812,476,2765282288,2765282288
2025-06-19 11:39:32,REAL,2765282288,1610,2765283898,2765283898
2025-06-19 11:39:34,REAL,2765283898,12237,2765296135,2765296135
2025-06-19 11:39:36,REAL,2765296135,10246,2765306381,2765306381
2025-06-19 11:39:38,REAL,2765306381,10246,2765316627,2765316627
2025-06-19 11:39:40,REAL,2765316627,10319,2765326946,2765326946
2025-06-19 11:39:42,REAL,2765326946,10258,2765337204,2765337204
2025-06-19 11:39:44,REAL,2765337204,10252,2765347456,2765347456
2025-06-19 11:39:46,REAL,2765347456,10319,2765357775,2765357775
2025-06-19 11:39:48,REAL,2765357775,4384,2765362159,2765362159
2025-06-19 11:39:50,REAL,2765362159,476,2765362635,2765362635
2025-06-19 11:39:52,REAL,2765362635,481,2765363116,2765363116
2025-06-19 11:39:54,REAL,2765363116,8272,2765371388,2765371388
2025-06-19 11:39:56,REAL,2765371388,10510,2765381898,2765381898
2025-06-19 11:39:58,REAL,2765381898,10375,2765392273,2765392273
2025-06-19 11:40:00,REAL,2765392273,10248,2765402521,2765402521
2025-06-19 11:40:02,REAL,2765402521,10249,2765412770,2765412770
2025-06-19 11:40:04,REAL,2765412770,10318,2765423088,2765423088
2025-06-19 11:40:06,REAL,2765423088,10250,2765433338,2765433338
2025-06-19 11:40:08,REAL,2765433338,8939,2765442277,2765442277
2025-06-19 11:40:10,REAL,2765442277,475,2765442752,2765442752
2025-06-19 11:40:12,REAL,2765442752,487,2765443239,2765443239
2025-06-19 11:40:14,REAL,2765443239,484,2765443723,2765443723
2025-06-19 11:40:16,REAL,2765443723,489,2765444212,2765444212
2025-06-19 11:40:18,REAL,2765444212,478,2765444690,2765444690
2025-06-19 11:40:20,REAL,2765444690,489,2765445179,2765445179
2025-06-19 11:40:22,REAL,2765445179,483,2765445662,2765445662
2025-06-19 11:40:24,REAL,2765445662,476,2765446138,2765446138
2025-06-19 11:40:26,REAL,2765446138,480,2765446618,2765446618
2025-06-19 11:40:28,REAL,2765446618,490,2765447108,2765447108
2025-06-19 11:40:30,REAL,2765447108,489,2765447597,2765447597
2025-06-19 11:40:32,REAL,2765447597,486,2765448083,2765448083
2025-06-19 11:40:34,REAL,2765448083,479,2765448562,2765448562
2025-06-19 11:40:36,REAL,2765448562,485,2765449047,2765449047
2025-06-19 11:40:38,REAL,2765449047,544,2765449591,2765449591
2025-06-19 11:40:40,REAL,2765449591,478,2765450069,2765450069
2025-06-19 11:40:42,REAL,2765450069,485,2765450554,2765450554
2025-06-19 11:40:44,REAL,2765450554,480,2765451034,2765451034
2025-06-19 11:40:46,REAL,2765451034,3518,2765454552,2765454552
2025-06-19 11:40:48,REAL,2765454552,13355,2765467907,2765467907
2025-06-19 11:40:50,REAL,2765467907,10256,2765478163,2765478163
2025-06-19 11:40:52,REAL,2765478163,10251,2765488414,2765488414
2025-06-19 11:40:54,REAL,2765488414,10252,2765498666,2765498666
2025-06-19 11:40:56,REAL,2765498666,10310,2765508976,2765508976
2025-06-19 11:40:58,REAL,2765508976,10257,2765519233,2765519233
2025-06-19 11:41:00,REAL,2765519233,10245,2765529478,2765529478
2025-06-19 11:41:02,REAL,2765529478,3060,2765532538,2765532538
2025-06-19 11:41:04,REAL,2765532538,478,2765533016,2765533016
2025-06-19 11:41:06,REAL,2765533016,478,2765533494,2765533494
2025-06-19 11:41:08,REAL,2765533494,483,2765533977,2765533977
2025-06-19 11:41:10,REAL,2765533977,487,2765534464,2765534464
2025-06-19 11:41:12,REAL,2765534464,492,2765534956,2765534956
2025-06-19 11:41:14,REAL,2765534956,490,2765535446,2765535446
2025-06-19 11:41:16,REAL,2765535446,488,2765535934,2765535934
2025-06-19 11:41:18,REAL,2765535934,4058,2765539992,2765539992
2025-06-19 11:41:20,REAL,2765539992,11439,2765551431,2765551431
2025-06-19 11:41:22,REAL,2765551431,10324,2765561755,2765561755
2025-06-19 11:41:24,REAL,2765561755,10248,2765572003,2765572003
2025-06-19 11:41:26,REAL,2765572003,10323,2765582326,2765582326
2025-06-19 11:41:28,REAL,2765582326,10256,2765592582,2765592582
2025-06-19 11:41:30,REAL,2765592582,10258,2765602840,2765602840
2025-06-19 11:41:32,REAL,2765602840,10311,2765613151,2765613151
2025-06-19 11:41:34,REAL,2765613151,2465,2765615616,2765615616
2025-06-19 11:41:36,REAL,2765615616,485,2765616101,2765616101
2025-06-19 11:41:38,REAL,2765616101,486,2765616587,2765616587
2025-06-19 11:41:40,REAL,2765616587,492,2765617079,2765617079
2025-06-19 11:41:42,REAL,2765617079,484,2765617563,2765617563
2025-06-19 11:41:44,REAL,2765617563,492,2765618055,2765618055
2025-06-19 11:41:46,REAL,2765618055,492,2765618547,2765618547
2025-06-19 11:41:48,REAL,2765618547,487,2765619034,2765619034
2025-06-19 11:41:50,REAL,2765619034,482,2765619516,2765619516
2025-06-19 11:41:52,REAL,2765619516,488,2765620004,2765620004
2025-06-19 11:41:54,REAL,2765620004,482,2765620486,2765620486
2025-06-19 11:41:56,REAL,2765620486,485,2765620971,2765620971
2025-06-19 11:41:58,REAL,2765620971,538,2765621509,2765621509
2025-06-19 11:42:00,REAL,2765621509,488,2765621997,2765621997
2025-06-19 11:42:02,REAL,2765621997,483,2765622480,2765622480
2025-06-19 11:42:04,REAL,2765622480,539,2765623019,2765623019
2025-06-19 11:42:06,REAL,2765623019,10059,2765633078,2765633078
2025-06-19 11:42:08,REAL,2765633078,11381,2765644459,2765644459
2025-06-19 11:42:10,REAL,2765644459,9263,2765653722,2765653722
2025-06-19 11:42:12,REAL,2765653722,10249,2765663971,2765663971
2025-06-19 11:42:14,REAL,2765663971,10248,2765674219,2765674219
2025-06-19 11:42:16,REAL,2765674219,10259,2765684478,2765684478
2025-06-19 11:42:18,REAL,2765684478,10320,2765694798,2765694798
2025-06-19 11:42:20,REAL,2765694798,6688,2765701486,2765701486
2025-06-19 11:42:22,REAL,2765701486,539,2765702025,2765702025
2025-06-19 11:42:24,REAL,2765702025,483,2765702508,2765702508
2025-06-19 11:42:26,REAL,2765702508,477,2765702985,2765702985
2025-06-19 11:42:28,REAL,2765702985,491,2765703476,2765703476
2025-06-19 11:42:30,REAL,2765703476,484,2765703960,2765703960
2025-06-19 11:42:32,REAL,2765703960,486,2765704446,2765704446
2025-06-19 11:42:34,REAL,2765704446,481,2765704927,2765704927
2025-06-19 11:42:36,REAL,2765704927,483,2765705410,2765705410
2025-06-19 11:42:38,REAL,2765705410,481,2765705891,2765705891
2025-06-19 11:42:40,REAL,2765705891,485,2765706376,2765706376
2025-06-19 11:42:42,REAL,2765706376,484,2765706860,2765706860
2025-06-19 11:42:44,REAL,2765706860,487,2765707347,2765707347
2025-06-19 11:42:46,REAL,2765707347,545,2765707892,2765707892
2025-06-19 11:42:48,REAL,2765707892,480,2765708372,2765708372
2025-06-19 11:42:50,REAL,2765708372,547,2765708919,2765708919
2025-06-19 11:42:52,REAL,2765708919,475,2765709394,2765709394
2025-06-19 11:42:54,REAL,2765709394,483,2765709877,2765709877
2025-06-19 11:42:56,REAL,2765709877,486,2765710363,2765710363
2025-06-19 11:42:58,REAL,2765710363,483,2765710846,2765710846
2025-06-19 11:43:00,REAL,2765710846,482,2765711328,2765711328
2025-06-19 11:43:02,REAL,2765711328,485,2765711813,2765711813
2025-06-19 11:43:04,REAL,2765711813,486,2765712299,2765712299
2025-06-19 11:43:06,REAL,2765712299,484,2765712783,2765712783
2025-06-19 11:43:08,REAL,2765712783,488,2765713271,2765713271
2025-06-19 11:43:10,REAL,2765713271,533,2765713804,2765713804
2025-06-19 11:43:12,REAL,2765713804,483,2765714287,2765714287
2025-06-19 11:43:14,REAL,2765714287,485,2765714772,2765714772
2025-06-19 11:43:16,REAL,2765714772,485,2765715257,2765715257
2025-06-19 11:43:18,REAL,2765715257,483,2765715740,2765715740
2025-06-19 11:43:20,REAL,2765715740,479,2765716219,2765716219
2025-06-19 11:43:22,REAL,2765716219,476,2765716695,2765716695
2025-06-19 11:43:24,REAL,2765716695,483,2765717178,2765717178
2025-06-19 11:43:26,REAL,2765717178,490,2765717668,2765717668
2025-06-19 11:43:28,REAL,2765717668,484,2765718152,2765718152
2025-06-19 11:43:30,REAL,2765718152,481,2765718633,2765718633
2025-06-19 11:43:32,REAL,2765718633,483,2765719116,2765719116
2025-06-19 11:43:34,REAL,2765719116,5906,2765725022,2765725022
2025-06-19 11:43:36,REAL,2765725022,11101,2765736123,2765736123
2025-06-19 11:43:38,REAL,2765736123,10257,2765746380,2765746380
2025-06-19 11:43:40,REAL,2765746380,10253,2765756633,2765756633
2025-06-19 11:43:42,REAL,2765756633,10249,2765766882,2765766882
2025-06-19 11:43:44,REAL,2765766882,10247,2765777129,2765777129
2025-06-19 11:43:46,REAL,2765777129,10259,2765787388,2765787388
2025-06-19 11:43:48,REAL,2765787388,10243,2765797631,2765797631
2025-06-19 11:43:50,REAL,2765797631,685,2765798316,2765798316
2025-06-19 11:43:52,REAL,2765798316,490,2765798806,2765798806
2025-06-19 11:43:54,REAL,2765798806,482,2765799288,2765799288
2025-06-19 11:43:56,REAL,2765799288,489,2765799777,2765799777
2025-06-19 11:43:58,REAL,2765799777,492,2765800269,2765800269
2025-06-19 11:44:00,REAL,2765800269,547,2765800816,2765800816
2025-06-19 11:44:02,REAL,2765800816,482,2765801298,2765801298
2025-06-19 11:44:04,REAL,2765801298,475,2765801773,2765801773
2025-06-19 11:44:06,REAL,2765801773,7618,2765809391,2765809391
2025-06-19 11:44:08,REAL,2765809391,12755,2765822146,2765822146
2025-06-19 11:44:10,REAL,2765822146,10256,2765832402,2765832402
2025-06-19 11:44:12,REAL,2765832402,10326,2765842728,2765842728
2025-06-19 11:44:14,REAL,2765842728,10260,2765852988,2765852988
2025-06-19 11:44:16,REAL,2765852988,10246,2765863234,2765863234
2025-06-19 11:44:18,REAL,2765863234,10323,2765873557,2765873557
2025-06-19 11:44:20,REAL,2765873557,9857,2765883414,2765883414
2025-06-19 11:44:22,REAL,2765883414,485,2765883899,2765883899
2025-06-19 11:44:24,REAL,2765883899,542,2765884441,2765884441
2025-06-19 11:44:26,REAL,2765884441,481,2765884922,2765884922
2025-06-19 11:44:28,REAL,2765884922,489,2765885411,2765885411
2025-06-19 11:44:30,REAL,2765885411,477,2765885888,2765885888
2025-06-19 11:44:32,REAL,2765885888,477,2765886365,2765886365
2025-06-19 11:44:34,REAL,2765886365,477,2765886842,2765886842
2025-06-19 11:44:36,REAL,2765886842,478,2765887320,2765887320
2025-06-19 11:44:38,REAL,2765887320,7624,2765894944,2765894944
2025-06-19 11:44:40,REAL,2765894944,11042,2765905986,2765905986
2025-06-19 11:44:42,REAL,2765905986,10246,2765916232,2765916232
2025-06-19 11:44:44,REAL,2765916232,10248,2765926480,2765926480
2025-06-19 11:44:46,REAL,2765926480,10315,2765936795,2765936795
2025-06-19 11:44:48,REAL,2765936795,10303,2765947098,2765947098
2025-06-19 11:44:50,REAL,2765947098,10254,2765957352,2765957352
2025-06-19 11:44:52,REAL,2765957352,9259,2765966611,2765966611
2025-06-19 11:44:54,REAL,2765966611,494,2765967105,2765967105
2025-06-19 11:44:56,REAL,2765967105,490,2765967595,2765967595
2025-06-19 11:44:58,REAL,2765967595,475,2765968070,2765968070
2025-06-19 11:45:00,REAL,2765968070,478,2765968548,2765968548
2025-06-19 11:45:02,REAL,2765968548,485,2765969033,2765969033
2025-06-19 11:45:04,REAL,2765969033,486,2765969519,2765969519
2025-06-19 11:45:06,REAL,2765969519,533,2765970052,2765970052
2025-06-19 11:45:08,REAL,2765970052,488,2765970540,2765970540
2025-06-19 11:45:10,REAL,2765970540,7878,2765978418,2765978418
2025-06-19 11:45:12,REAL,2765978418,10774,2765989192,2765989192
2025-06-19 11:45:14,REAL,2765989192,10365,2765999557,2765999557
2025-06-19 11:45:16,REAL,2765999557,10253,2766009810,2766009810
2025-06-19 11:45:18,REAL,2766009810,10319,2766020129,2766020129
2025-06-19 11:45:20,REAL,2766020129,10247,2766030376,2766030376
2025-06-19 11:45:22,REAL,2766030376,10259,2766040635,2766040635
2025-06-19 11:45:24,REAL,2766040635,8669,2766049304,2766049304
2025-06-19 11:45:26,REAL,2766049304,480,2766049784,2766049784
2025-06-19 11:45:28,REAL,2766049784,485,2766050269,2766050269
2025-06-19 11:45:30,REAL,2766050269,2932,2766053201,2766053201
2025-06-19 11:45:32,REAL,2766053201,11641,2766064842,2766064842
2025-06-19 11:45:34,REAL,2766064842,10312,2766075154,2766075154
2025-06-19 11:45:36,REAL,2766075154,10252,2766085406,2766085406
2025-06-19 11:45:38,REAL,2766085406,10379,2766095785,2766095785
2025-06-19 11:45:40,REAL,2766095785,10251,2766106036,2766106036
2025-06-19 11:45:42,REAL,2766106036,10312,2766116348,2766116348
2025-06-19 11:45:44,REAL,2766116348,10250,2766126598,2766126598
2025-06-19 11:45:46,REAL,2766126598,3320,2766129918,2766129918
2025-06-19 11:45:48,REAL,2766129918,485,2766130403,2766130403
2025-06-19 11:45:50,REAL,2766130403,484,2766130887,2766130887
2025-06-19 11:45:52,REAL,2766130887,481,2766131368,2766131368
2025-06-19 11:45:54,REAL,2766131368,485,2766131853,2766131853
2025-06-19 11:45:56,REAL,2766131853,492,2766132345,2766132345
2025-06-19 11:45:58,REAL,2766132345,478,2766132823,2766132823
2025-06-19 11:46:00,REAL,2766132823,539,2766133362,2766133362
2025-06-19 11:46:02,REAL,2766133362,11511,2766144873,2766144873
2025-06-19 11:46:04,REAL,2766144873,11556,2766156429,2766156429
2025-06-19 11:46:06,REAL,2766156429,10245,2766166674,2766166674
2025-06-19 11:46:08,REAL,2766166674,10320,2766176994,2766176994
2025-06-19 11:46:10,REAL,2766176994,11702,2766188696,2766188696
2025-06-19 11:46:12,REAL,2766188696,8864,2766197560,2766197560
2025-06-19 11:46:14,REAL,2766197560,10248,2766207808,2766207808
2025-06-19 11:46:16,REAL,2766207808,7946,2766215754,2766215754
2025-06-19 11:46:18,REAL,2766215754,476,2766216230,2766216230
2025-06-19 11:46:20,REAL,2766216230,479,2766216709,2766216709
2025-06-19 11:46:22,REAL,2766216709,483,2766217192,2766217192
2025-06-19 11:46:24,REAL,2766217192,478,2766217670,2766217670
2025-06-19 11:46:26,REAL,2766217670,490,2766218160,2766218160
2025-06-19 11:46:28,REAL,2766218160,482,2766218642,2766218642
2025-06-19 11:46:30,REAL,2766218642,597,2766219239,2766219239
2025-06-19 11:46:32,REAL,2766219239,487,2766219726,2766219726
2025-06-19 11:46:34,REAL,2766219726,493,2766220219,2766220219
2025-06-19 11:46:36,REAL,2766220219,487,2766220706,2766220706
2025-06-19 11:46:38,REAL,2766220706,474,2766221180,2766221180
2025-06-19 11:46:40,REAL,2766221180,484,2766221664,2766221664
2025-06-19 11:46:42,REAL,2766221664,487,2766222151,2766222151
2025-06-19 11:46:44,REAL,2766222151,477,2766222628,2766222628
2025-06-19 11:46:46,REAL,2766222628,486,2766223114,2766223114
2025-06-19 11:46:48,REAL,2766223114,481,2766223595,2766223595
2025-06-19 11:46:50,REAL,2766223595,491,2766224086,2766224086
2025-06-19 11:46:52,REAL,2766224086,475,2766224561,2766224561
2025-06-19 11:46:54,REAL,2766224561,492,2766225053,2766225053
2025-06-19 11:46:56,REAL,2766225053,480,2766225533,2766225533
2025-06-19 11:46:58,REAL,2766225533,538,2766226071,2766226071
2025-06-19 11:47:00,REAL,2766226071,536,2766226607,2766226607
2025-06-19 11:47:02,REAL,2766226607,479,2766227086,2766227086
2025-06-19 11:47:04,REAL,2766227086,485,2766227571,2766227571
2025-06-19 11:47:06,REAL,2766227571,487,2766228058,2766228058
2025-06-19 11:47:08,REAL,2766228058,484,2766228542,2766228542
2025-06-19 11:47:10,REAL,2766228542,483,2766229025,2766229025
2025-06-19 11:47:12,REAL,2766229025,489,2766229514,2766229514
2025-06-19 11:47:14,REAL,2766229514,475,2766229989,2766229989
2025-06-19 11:47:16,REAL,2766229989,489,2766230478,2766230478
2025-06-19 11:47:18,REAL,2766230478,485,2766230963,2766230963
2025-06-19 11:47:20,REAL,2766230963,480,2766231443,2766231443
2025-06-19 11:47:22,REAL,2766231443,477,2766231920,2766231920
2025-06-19 11:47:24,REAL,2766231920,536,2766232456,2766232456
2025-06-19 11:47:26,REAL,2766232456,490,2766232946,2766232946
2025-06-19 11:47:28,REAL,2766232946,536,2766233482,2766233482
2025-06-19 11:47:30,REAL,2766233482,481,2766233963,2766233963
2025-06-19 11:47:32,REAL,2766233963,490,2766234453,2766234453
2025-06-19 11:47:34,REAL,2766234453,483,2766234936,2766234936
2025-06-19 11:47:36,REAL,2766234936,486,2766235422,2766235422
2025-06-19 11:47:38,REAL,2766235422,486,2766235908,2766235908
2025-06-19 11:47:40,REAL,2766235908,492,2766236400,2766236400
2025-06-19 11:47:42,REAL,2766236400,493,2766236893,2766236893
2025-06-19 11:47:44,REAL,2766236893,482,2766237375,2766237375
2025-06-19 11:47:46,REAL,2766237375,490,2766237865,2766237865
2025-06-19 11:47:48,REAL,2766237865,483,2766238348,2766238348
2025-06-19 11:47:50,REAL,2766238348,491,2766238839,2766238839
2025-06-19 11:47:52,REAL,2766238839,538,2766239377,2766239377
2025-06-19 11:47:54,REAL,2766239377,486,2766239863,2766239863
2025-06-19 11:47:56,REAL,2766239863,542,2766240405,2766240405
2025-06-19 11:47:58,REAL,2766240405,477,2766240882,2766240882
2025-06-19 11:48:00,REAL,2766240882,480,2766241362,2766241362
2025-06-19 11:48:02,REAL,2766241362,485,2766241847,2766241847
2025-06-19 11:48:04,REAL,2766241847,488,2766242335,2766242335
2025-06-19 11:48:06,REAL,2766242335,486,2766242821,2766242821
2025-06-19 11:48:08,REAL,2766242821,485,2766243306,2766243306
2025-06-19 11:48:10,REAL,2766243306,484,2766243790,2766243790
2025-06-19 11:48:12,REAL,2766243790,489,2766244279,2766244279
2025-06-19 11:48:14,REAL,2766244279,482,2766244761,2766244761
2025-06-19 11:48:16,REAL,2766244761,487,2766245248,2766245248
2025-06-19 11:48:18,REAL,2766245248,5829,2766251077,2766251077
2025-06-19 11:48:20,REAL,2766251077,10643,2766261720,2766261720
2025-06-19 11:48:22,REAL,2766261720,10257,2766271977,2766271977
2025-06-19 11:48:24,REAL,2766271977,10318,2766282295,2766282295
2025-06-19 11:48:26,REAL,2766282295,10254,2766292549,2766292549
2025-06-19 11:48:28,REAL,2766292549,10254,2766302803,2766302803
2025-06-19 11:48:30,REAL,2766302803,10248,2766313051,2766313051
2025-06-19 11:48:32,REAL,2766313051,10257,2766323308,2766323308
2025-06-19 11:48:34,REAL,2766323308,878,2766324186,2766324186
2025-06-19 11:48:36,REAL,2766324186,482,2766324668,2766324668
2025-06-19 11:48:38,REAL,2766324668,491,2766325159,2766325159
2025-06-19 11:48:40,REAL,2766325159,481,2766325640,2766325640
2025-06-19 11:48:42,REAL,2766325640,487,2766326127,2766326127
2025-06-19 11:48:44,REAL,2766326127,540,2766326667,2766326667
2025-06-19 11:48:46,REAL,2766326667,539,2766327206,2766327206
2025-06-19 11:48:48,REAL,2766327206,481,2766327687,2766327687
2025-06-19 11:48:50,REAL,2766327687,488,2766328175,2766328175
2025-06-19 11:48:52,REAL,2766328175,485,2766328660,2766328660
2025-06-19 11:48:54,REAL,2766328660,483,2766329143,2766329143
2025-06-19 11:48:56,REAL,2766329143,477,2766329620,2766329620
2025-06-19 11:48:58,REAL,2766329620,479,2766330099,2766330099
2025-06-19 11:49:00,REAL,2766330099,492,2766330591,2766330591
2025-06-19 11:49:02,REAL,2766330591,482,2766331073,2766331073
2025-06-19 11:49:04,REAL,2766331073,484,2766331557,2766331557
2025-06-19 11:49:06,REAL,2766331557,480,2766332037,2766332037
2025-06-19 11:49:08,REAL,2766332037,477,2766332514,2766332514
2025-06-19 11:49:10,REAL,2766332514,482,2766332996,2766332996
2025-06-19 11:49:12,REAL,2766332996,533,2766333529,2766333529
2025-06-19 11:49:14,REAL,2766333529,537,2766334066,2766334066
2025-06-19 11:49:16,REAL,2766334066,488,2766334554,2766334554
2025-06-19 11:49:18,REAL,2766334554,484,2766335038,2766335038
2025-06-19 11:49:20,REAL,2766335038,494,2766335532,2766335532
2025-06-19 11:49:22,REAL,2766335532,490,2766336022,2766336022
2025-06-19 11:49:24,REAL,2766336022,485,2766336507,2766336507
2025-06-19 11:49:26,REAL,2766336507,485,2766336992,2766336992
2025-06-19 11:49:28,REAL,2766336992,493,2766337485,2766337485
2025-06-19 11:49:30,REAL,2766337485,481,2766337966,2766337966
2025-06-19 11:49:32,REAL,2766337966,484,2766338450,2766338450
2025-06-19 11:49:34,REAL,2766338450,486,2766338936,2766338936
2025-06-19 11:49:36,REAL,2766338936,476,2766339412,2766339412
2025-06-19 11:49:38,REAL,2766339412,539,2766339951,2766339951
2025-06-19 11:49:40,REAL,2766339951,487,2766340438,2766340438
2025-06-19 11:49:42,REAL,2766340438,486,2766340924,2766340924
2025-06-19 11:49:44,REAL,2766340924,480,2766341404,2766341404
2025-06-19 11:49:46,REAL,2766341404,480,2766341884,2766341884
2025-06-19 11:49:48,REAL,2766341884,484,2766342368,2766342368
2025-06-19 11:49:50,REAL,2766342368,479,2766342847,2766342847
2025-06-19 11:49:52,REAL,2766342847,542,2766343389,2766343389
2025-06-19 11:49:54,REAL,2766343389,483,2766343872,2766343872
2025-06-19 11:49:56,REAL,2766343872,492,2766344364,2766344364
2025-06-19 11:49:58,REAL,2766344364,487,2766344851,2766344851
2025-06-19 11:50:00,REAL,2766344851,491,2766345342,2766345342
2025-06-19 11:50:02,REAL,2766345342,486,2766345828,2766345828
2025-06-19 11:50:04,REAL,2766345828,484,2766346312,2766346312
2025-06-19 11:50:06,REAL,2766346312,534,2766346846,2766346846
2025-06-19 11:50:08,REAL,2766346846,491,2766347337,2766347337
2025-06-19 11:50:10,REAL,2766347337,487,2766347824,2766347824
2025-06-19 11:50:12,REAL,2766347824,484,2766348308,2766348308
2025-06-19 11:50:14,REAL,2766348308,482,2766348790,2766348790
2025-06-19 11:50:16,REAL,2766348790,481,2766349271,2766349271
2025-06-19 11:50:18,REAL,2766349271,485,2766349756,2766349756
2025-06-19 11:50:20,REAL,2766349756,492,2766350248,2766350248
2025-06-19 11:50:22,REAL,2766350248,483,2766350731,2766350731
2025-06-19 11:50:24,REAL,2766350731,477,2766351208,2766351208
2025-06-19 11:50:26,REAL,2766351208,481,2766351689,2766351689
2025-06-19 11:50:28,REAL,2766351689,483,2766352172,2766352172
2025-06-19 11:50:30,REAL,2766352172,587,2766352759,2766352759
2025-06-19 11:50:32,REAL,2766352759,475,2766353234,2766353234
2025-06-19 11:50:34,REAL,2766353234,492,2766353726,2766353726
2025-06-19 11:50:36,REAL,2766353726,482,2766354208,2766354208
2025-06-19 11:50:38,REAL,2766354208,482,2766354690,2766354690
2025-06-19 11:50:40,REAL,2766354690,483,2766355173,2766355173
2025-06-19 11:50:42,REAL,2766355173,478,2766355651,2766355651
2025-06-19 11:50:44,REAL,2766355651,480,2766356131,2766356131
2025-06-19 11:50:46,REAL,2766356131,487,2766356618,2766356618
2025-06-19 11:50:48,REAL,2766356618,483,2766357101,2766357101
2025-06-19 11:50:50,REAL,2766357101,479,2766357580,2766357580
2025-06-19 11:50:52,REAL,2766357580,478,2766358058,2766358058
2025-06-19 11:50:54,REAL,2766358058,480,2766358538,2766358538
2025-06-19 11:50:56,REAL,2766358538,482,2766359020,2766359020
2025-06-19 11:50:58,REAL,2766359020,538,2766359558,2766359558
2025-06-19 11:51:00,REAL,2766359558,493,2766360051,2766360051
2025-06-19 11:51:02,REAL,2766360051,488,2766360539,2766360539
2025-06-19 11:51:04,REAL,2766360539,493,2766361032,2766361032
2025-06-19 11:51:06,REAL,2766361032,485,2766361517,2766361517
2025-06-19 11:51:08,REAL,2766361517,548,2766362065,2766362065
2025-06-19 11:51:10,REAL,2766362065,483,2766362548,2766362548
2025-06-19 11:51:12,REAL,2766362548,485,2766363033,2766363033
2025-06-19 11:51:14,REAL,2766363033,479,2766363512,2766363512
2025-06-19 11:51:16,REAL,2766363512,484,2766363996,2766363996
2025-06-19 11:51:18,REAL,2766363996,9603,2766373599,2766373599
2025-06-19 11:51:20,REAL,2766373599,10521,2766384120,2766384120
2025-06-19 11:51:22,REAL,2766384120,10248,2766394368,2766394368
2025-06-19 11:51:24,REAL,2766394368,10259,2766404627,2766404627
2025-06-19 11:51:26,REAL,2766404627,10313,2766414940,2766414940
2025-06-19 11:51:28,REAL,2766414940,10245,2766425185,2766425185
2025-06-19 11:51:30,REAL,2766425185,10243,2766435428,2766435428
2025-06-19 11:51:32,REAL,2766435428,7550,2766442978,2766442978
2025-06-19 11:51:34,REAL,2766442978,478,2766443456,2766443456
2025-06-19 11:51:36,REAL,2766443456,490,2766443946,2766443946
2025-06-19 11:51:38,REAL,2766443946,481,2766444427,2766444427
2025-06-19 11:51:40,REAL,2766444427,482,2766444909,2766444909
2025-06-19 11:51:42,REAL,2766444909,489,2766445398,2766445398
2025-06-19 11:51:44,REAL,2766445398,542,2766445940,2766445940
2025-06-19 11:51:46,REAL,2766445940,487,2766446427,2766446427
2025-06-19 11:51:48,REAL,2766446427,479,2766446906,2766446906
2025-06-19 11:51:50,REAL,2766446906,491,2766447397,2766447397
2025-06-19 11:51:52,REAL,2766447397,474,2766447871,2766447871
2025-06-19 11:51:54,REAL,2766447871,536,2766448407,2766448407
2025-06-19 11:51:56,REAL,2766448407,483,2766448890,2766448890
2025-06-19 11:51:58,REAL,2766448890,481,2766449371,2766449371
2025-06-19 11:52:00,REAL,2766449371,480,2766449851,2766449851
2025-06-19 11:52:02,REAL,2766449851,483,2766450334,2766450334
2025-06-19 11:52:04,REAL,2766450334,489,2766450823,2766450823
2025-06-19 11:52:06,REAL,2766450823,490,2766451313,2766451313
2025-06-19 11:52:08,REAL,2766451313,237,2766451550,2766451550
2025-06-19 11:52:10,REAL,2766451550,477,2766452027,2766452027
2025-06-19 11:52:12,REAL,2766452027,485,2766452512,2766452512
2025-06-19 11:52:14,REAL,2766452512,482,2766452994,2766452994
2025-06-19 11:52:16,REAL,2766452994,479,2766453473,2766453473
2025-06-19 11:52:18,REAL,2766453473,484,2766453957,2766453957
2025-06-19 11:52:20,REAL,2766453957,483,2766454440,2766454440
2025-06-19 11:52:22,REAL,2766454440,485,2766454925,2766454925
2025-06-19 11:52:24,REAL,2766454925,478,2766455403,2766455403
2025-06-19 11:52:26,REAL,2766455403,483,2766455886,2766455886
2025-06-19 11:52:28,REAL,2766455886,546,2766456432,2766456432
2025-06-19 11:52:30,REAL,2766456432,487,2766456919,2766456919
2025-06-19 11:52:32,REAL,2766456919,542,2766457461,2766457461
2025-06-19 11:52:34,REAL,2766457461,482,2766457943,2766457943
2025-06-19 11:52:36,REAL,2766457943,485,2766458428,2766458428
2025-06-19 11:52:38,REAL,2766458428,491,2766458919,2766458919
2025-06-19 11:52:40,REAL,2766458919,482,2766459401,2766459401
2025-06-19 11:52:42,REAL,2766459401,483,2766459884,2766459884
2025-06-19 11:52:44,REAL,2766459884,477,2766460361,2766460361
2025-06-19 11:52:46,REAL,2766460361,483,2766460844,2766460844
2025-06-19 11:52:48,REAL,2766460844,480,2766461324,2766461324
2025-06-19 11:52:50,REAL,2766461324,483,2766461807,2766461807
2025-06-19 11:52:52,REAL,2766461807,5705,2766467512,2766467512
2025-06-19 11:52:54,REAL,2766467512,11505,2766479017,2766479017
2025-06-19 11:52:56,REAL,2766479017,10311,2766489328,2766489328
2025-06-19 11:52:58,REAL,2766489328,10256,2766499584,2766499584
2025-06-19 11:53:00,REAL,2766499584,10250,2766509834,2766509834
2025-06-19 11:53:02,REAL,2766509834,10317,2766520151,2766520151
2025-06-19 11:53:04,REAL,2766520151,10251,2766530402,2766530402
2025-06-19 11:53:06,REAL,2766530402,10316,2766540718,2766540718
2025-06-19 11:53:08,REAL,2766540718,938,2766541656,2766541656
2025-06-19 11:53:10,REAL,2766541656,481,2766542137,2766542137
2025-06-19 11:53:12,REAL,2766542137,481,2766542618,2766542618
2025-06-19 11:53:14,REAL,2766542618,547,2766543165,2766543165
2025-06-19 11:53:16,REAL,2766543165,491,2766543656,2766543656
2025-06-19 11:53:18,REAL,2766543656,482,2766544138,2766544138
2025-06-19 11:53:20,REAL,2766544138,489,2766544627,2766544627
2025-06-19 11:53:22,REAL,2766544627,489,2766545116,2766545116
2025-06-19 11:53:24,REAL,2766545116,494,2766545610,2766545610
2025-06-19 11:53:26,REAL,2766545610,481,2766546091,2766546091
2025-06-19 11:53:28,REAL,2766546091,539,2766546630,2766546630
2025-06-19 11:53:30,REAL,2766546630,483,2766547113,2766547113
2025-06-19 11:53:32,REAL,2766547113,481,2766547594,2766547594
2025-06-19 11:53:34,REAL,2766547594,478,2766548072,2766548072
2025-06-19 11:53:36,REAL,2766548072,487,2766548559,2766548559
2025-06-19 11:53:38,REAL,2766548559,490,2766549049,2766549049
2025-06-19 11:53:40,REAL,2766549049,484,2766549533,2766549533
2025-06-19 11:53:42,REAL,2766549533,483,2766550016,2766550016
2025-06-19 11:53:44,REAL,2766550016,731,2766550747,2766550747
2025-06-19 11:53:46,REAL,2766550747,246,2766550993,2766550993
2025-06-19 11:53:48,REAL,2766550993,486,2766551479,2766551479
2025-06-19 11:53:50,REAL,2766551479,491,2766551970,2766551970
2025-06-19 11:53:52,REAL,2766551970,478,2766552448,2766552448
2025-06-19 11:53:54,REAL,2766552448,488,2766552936,2766552936
2025-06-19 11:53:56,REAL,2766552936,478,2766553414,2766553414
2025-06-19 11:53:58,REAL,2766553414,535,2766553949,2766553949
2025-06-19 11:54:00,REAL,2766553949,480,2766554429,2766554429
2025-06-19 11:54:02,REAL,2766554429,488,2766554917,2766554917
2025-06-19 11:54:04,REAL,2766554917,489,2766555406,2766555406
2025-06-19 11:54:06,REAL,2766555406,541,2766555947,2766555947
2025-06-19 11:54:08,REAL,2766555947,487,2766556434,2766556434
2025-06-19 11:54:10,REAL,2766556434,487,2766556921,2766556921
2025-06-19 11:54:12,REAL,2766556921,479,2766557400,2766557400
2025-06-19 11:54:14,REAL,2766557400,482,2766557882,2766557882
2025-06-19 11:54:16,REAL,2766557882,482,2766558364,2766558364
2025-06-19 11:54:18,REAL,2766558364,483,2766558847,2766558847
2025-06-19 11:54:20,REAL,2766558847,480,2766559327,2766559327
2025-06-19 11:54:22,REAL,2766559327,476,2766559803,2766559803
2025-06-19 11:54:24,REAL,2766559803,490,2766560293,2766560293
2025-06-19 11:54:26,REAL,2766560293,485,2766560778,2766560778
2025-06-19 11:54:28,REAL,2766560778,493,2766561271,2766561271
2025-06-19 11:54:30,REAL,2766561271,484,2766561755,2766561755
2025-06-19 11:54:32,REAL,2766561755,481,2766562236,2766562236
2025-06-19 11:54:34,REAL,2766562236,482,2766562718,2766562718
2025-06-19 11:54:36,REAL,2766562718,482,2766563200,2766563200
2025-06-19 11:54:38,REAL,2766563200,7946,2766571146,2766571146
2025-06-19 11:54:40,REAL,2766571146,10721,2766581867,2766581867
2025-06-19 11:54:42,REAL,2766581867,10324,2766592191,2766592191
2025-06-19 11:54:44,REAL,2766592191,10316,2766602507,2766602507
2025-06-19 11:54:46,REAL,2766602507,10257,2766612764,2766612764
2025-06-19 11:54:48,REAL,2766612764,10254,2766623018,2766623018
2025-06-19 11:54:50,REAL,2766623018,10319,2766633337,2766633337
2025-06-19 11:54:52,REAL,2766633337,8800,2766642137,2766642137
2025-06-19 11:54:54,REAL,2766642137,478,2766642615,2766642615
2025-06-19 11:54:56,REAL,2766642615,479,2766643094,2766643094
2025-06-19 11:54:58,REAL,2766643094,479,2766643573,2766643573
2025-06-19 11:55:00,REAL,2766643573,485,2766644058,2766644058
2025-06-19 11:55:02,REAL,2766644058,480,2766644538,2766644538
2025-06-19 11:55:04,REAL,2766644538,493,2766645031,2766645031
2025-06-19 11:55:06,REAL,2766645031,486,2766645517,2766645517
2025-06-19 11:55:08,REAL,2766645517,483,2766646000,2766646000
2025-06-19 11:55:10,REAL,2766646000,491,2766646491,2766646491
2025-06-19 11:55:12,REAL,2766646491,479,2766646970,2766646970
2025-06-19 11:55:14,REAL,2766646970,493,2766647463,2766647463
2025-06-19 11:55:16,REAL,2766647463,486,2766647949,2766647949
2025-06-19 11:55:18,REAL,2766647949,538,2766648487,2766648487
2025-06-19 11:55:20,REAL,2766648487,480,2766648967,2766648967
2025-06-19 11:55:22,REAL,2766648967,487,2766649454,2766649454
2025-06-19 11:55:24,REAL,2766649454,486,2766649940,2766649940
2025-06-19 11:55:26,REAL,2766649940,492,2766650432,2766650432
2025-06-19 11:55:28,REAL,2766650432,542,2766650974,2766650974
2025-06-19 11:55:30,REAL,2766650974,489,2766651463,2766651463
2025-06-19 11:55:32,REAL,2766651463,488,2766651951,2766651951
2025-06-19 11:55:34,REAL,2766651951,489,2766652440,2766652440
2025-06-19 11:55:36,REAL,2766652440,489,2766652929,2766652929
2025-06-19 11:55:38,REAL,2766652929,486,2766653415,2766653415
2025-06-19 11:55:40,REAL,2766653415,482,2766653897,2766653897
2025-06-19 11:55:42,REAL,2766653897,484,2766654381,2766654381
2025-06-19 11:55:44,REAL,2766654381,490,2766654871,2766654871
2025-06-19 11:55:46,REAL,2766654871,485,2766655356,2766655356
2025-06-19 11:55:48,REAL,2766655356,483,2766655839,2766655839
2025-06-19 11:55:50,REAL,2766655839,478,2766656317,2766656317
2025-06-19 11:55:52,REAL,2766656317,9667,2766665984,2766665984
2025-06-19 11:55:54,REAL,2766665984,10573,2766676557,2766676557
2025-06-19 11:55:56,REAL,2766676557,10316,2766686873,2766686873
2025-06-19 11:55:58,REAL,2766686873,10250,2766697123,2766697123
2025-06-19 11:56:00,REAL,2766697123,10323,2766707446,2766707446
2025-06-19 11:56:02,REAL,2766707446,10255,2766717701,2766717701
2025-06-19 11:56:04,REAL,2766717701,10328,2766728029,2766728029
2025-06-19 11:56:06,REAL,2766728029,7611,2766735640,2766735640
2025-06-19 11:56:08,REAL,2766735640,488,2766736128,2766736128
2025-06-19 11:56:10,REAL,2766736128,484,2766736612,2766736612
2025-06-19 11:56:12,REAL,2766736612,483,2766737095,2766737095
2025-06-19 11:56:14,REAL,2766737095,538,2766737633,2766737633
2025-06-19 11:56:16,REAL,2766737633,486,2766738119,2766738119
2025-06-19 11:56:18,REAL,2766738119,482,2766738601,2766738601
2025-06-19 11:56:20,REAL,2766738601,489,2766739090,2766739090
2025-06-19 11:56:22,REAL,2766739090,480,2766739570,2766739570
2025-06-19 11:56:24,REAL,2766739570,9923,2766749493,2766749493
2025-06-19 11:56:26,REAL,2766749493,10523,2766760016,2766760016
2025-06-19 11:56:28,REAL,2766760016,10316,2766770332,2766770332
2025-06-19 11:56:30,REAL,2766770332,10319,2766780651,2766780651
2025-06-19 11:56:32,REAL,2766780651,10260,2766790911,2766790911
2025-06-19 11:56:34,REAL,2766790911,10251,2766801162,2766801162
2025-06-19 11:56:36,REAL,2766801162,10315,2766811477,2766811477
2025-06-19 11:56:38,REAL,2766811477,7021,2766818498,2766818498
2025-06-19 11:56:40,REAL,2766818498,482,2766818980,2766818980
2025-06-19 11:56:42,REAL,2766818980,482,2766819462,2766819462
2025-06-19 11:56:44,REAL,2766819462,483,2766819945,2766819945
2025-06-19 11:56:46,REAL,2766819945,480,2766820425,2766820425
2025-06-19 11:56:48,REAL,2766820425,482,2766820907,2766820907
2025-06-19 11:56:50,REAL,2766820907,493,2766821400,2766821400
2025-06-19 11:56:52,REAL,2766821400,486,2766821886,2766821886
2025-06-19 11:56:54,REAL,2766821886,481,2766822367,2766822367
2025-06-19 11:56:56,REAL,2766822367,480,2766822847,2766822847
2025-06-19 11:56:58,REAL,2766822847,488,2766823335,2766823335
2025-06-19 11:57:00,REAL,2766823335,491,2766823826,2766823826
2025-06-19 11:57:02,REAL,2766823826,539,2766824365,2766824365
2025-06-19 11:57:04,REAL,2766824365,539,2766824904,2766824904
2025-06-19 11:57:06,REAL,2766824904,10923,2766835827,2766835827
2025-06-19 11:57:08,REAL,2766835827,10389,2766846216,2766846216
2025-06-19 11:57:10,REAL,2766846216,10253,2766856469,2766856469
2025-06-19 11:57:12,REAL,2766856469,10319,2766866788,2766866788
2025-06-19 11:57:14,REAL,2766866788,10249,2766877037,2766877037
2025-06-19 11:57:16,REAL,2766877037,11176,2766888213,2766888213
2025-06-19 11:57:18,REAL,2766888213,9385,2766897598,2766897598
2025-06-19 11:57:20,REAL,2766897598,6426,2766904024,2766904024
2025-06-19 11:57:22,REAL,2766904024,488,2766904512,2766904512
2025-06-19 11:57:24,REAL,2766904512,476,2766904988,2766904988
2025-06-19 11:57:26,REAL,2766904988,5112,2766910100,2766910100
2025-06-19 11:57:28,REAL,2766910100,11112,2766921212,2766921212
2025-06-19 11:57:30,REAL,2766921212,10250,2766931462,2766931462
2025-06-19 11:57:32,REAL,2766931462,10254,2766941716,2766941716
2025-06-19 11:57:34,REAL,2766941716,10318,2766952034,2766952034
2025-06-19 11:57:36,REAL,2766952034,10255,2766962289,2766962289
2025-06-19 11:57:38,REAL,2766962289,10256,2766972545,2766972545
2025-06-19 11:57:40,REAL,2766972545,10317,2766982862,2766982862
2025-06-19 11:57:42,REAL,2766982862,1151,2766984013,2766984013
2025-06-19 11:57:44,REAL,2766984013,490,2766984503,2766984503
2025-06-19 11:57:46,REAL,2766984503,481,2766984984,2766984984
2025-06-19 11:57:48,REAL,2766984984,491,2766985475,2766985475
2025-06-19 11:57:50,REAL,2766985475,482,2766985957,2766985957
2025-06-19 11:57:52,REAL,2766985957,542,2766986499,2766986499
2025-06-19 11:57:54,REAL,2766986499,485,2766986984,2766986984
2025-06-19 11:57:56,REAL,2766986984,486,2766987470,2766987470
2025-06-19 11:57:58,REAL,2766987470,487,2766987957,2766987957
2025-06-19 11:58:00,REAL,2766987957,481,2766988438,2766988438
2025-06-19 11:58:02,REAL,2766988438,485,2766988923,2766988923
2025-06-19 11:58:04,REAL,2766988923,486,2766989409,2766989409
2025-06-19 11:58:06,REAL,2766989409,546,2766989955,2766989955
2025-06-19 11:58:08,REAL,2766989955,491,2766990446,2766990446
2025-06-19 11:58:10,REAL,2766990446,487,2766990933,2766990933
2025-06-19 11:58:12,REAL,2766990933,481,2766991414,2766991414
2025-06-19 11:58:14,REAL,2766991414,483,2766991897,2766991897
2025-06-19 11:58:16,REAL,2766991897,483,2766992380,2766992380
2025-06-19 11:58:18,REAL,2766992380,480,2766992860,2766992860
2025-06-19 11:58:20,REAL,2766992860,492,2766993352,2766993352
2025-06-19 11:58:22,REAL,2766993352,493,2766993845,2766993845
2025-06-19 11:58:24,REAL,2766993845,489,2766994334,2766994334
2025-06-19 11:58:26,REAL,2766994334,485,2766994819,2766994819
2025-06-19 11:58:28,REAL,2766994819,488,2766995307,2766995307
2025-06-19 11:58:30,REAL,2766995307,478,2766995785,2766995785
2025-06-19 11:58:32,REAL,2766995785,483,2766996268,2766996268
2025-06-19 11:58:34,REAL,2766996268,477,2766996745,2766996745
2025-06-19 11:58:36,REAL,2766996745,482,2766997227,2766997227
2025-06-19 11:58:38,REAL,2766997227,486,2766997713,2766997713
2025-06-19 11:58:40,REAL,2766997713,530,2766998243,2766998243
2025-06-19 11:58:42,REAL,2766998243,491,2766998734,2766998734
2025-06-19 11:58:44,REAL,2766998734,489,2766999223,2766999223
2025-06-19 11:58:46,REAL,2766999223,546,2766999769,2766999769
2025-06-19 11:58:48,REAL,2766999769,487,2767000256,2767000256
2025-06-19 11:58:50,REAL,2767000256,485,2767000741,2767000741
2025-06-19 11:58:52,REAL,2767000741,485,2767001226,2767001226
2025-06-19 11:58:54,REAL,2767001226,490,2767001716,2767001716
2025-06-19 11:58:56,REAL,2767001716,491,2767002207,2767002207
2025-06-19 11:58:58,REAL,2767002207,486,2767002693,2767002693
2025-06-19 11:59:00,REAL,2767002693,484,2767003177,2767003177
2025-06-19 11:59:02,REAL,2767003177,480,2767003657,2767003657
2025-06-19 11:59:04,REAL,2767003657,485,2767004142,2767004142
2025-06-19 11:59:06,REAL,2767004142,485,2767004627,2767004627
2025-06-19 11:59:08,REAL,2767004627,478,2767005105,2767005105
2025-06-19 11:59:10,REAL,2767005105,494,2767005599,2767005599
2025-06-19 11:59:12,REAL,2767005599,488,2767006087,2767006087
2025-06-19 11:59:14,REAL,2767006087,489,2767006576,2767006576
2025-06-19 11:59:16,REAL,2767006576,490,2767007066,2767007066
2025-06-19 11:59:18,REAL,2767007066,484,2767007550,2767007550
2025-06-19 11:59:20,REAL,2767007550,486,2767008036,2767008036
2025-06-19 11:59:22,REAL,2767008036,2279,2767010315,2767010315
2025-06-19 11:59:24,REAL,2767010315,15597,2767025912,2767025912
2025-06-19 11:59:26,REAL,2767025912,10315,2767036227,2767036227
2025-06-19 11:59:28,REAL,2767036227,10313,2767046540,2767046540
2025-06-19 11:59:30,REAL,2767046540,10306,2767056846,2767056846
2025-06-19 11:59:32,REAL,2767056846,10252,2767067098,2767067098
2025-06-19 11:59:34,REAL,2767067098,10320,2767077418,2767077418
2025-06-19 11:59:36,REAL,2767077418,10248,2767087666,2767087666
2025-06-19 11:59:38,REAL,2767087666,3784,2767091450,2767091450
2025-06-19 11:59:40,REAL,2767091450,477,2767091927,2767091927
2025-06-19 11:59:42,REAL,2767091927,481,2767092408,2767092408
2025-06-19 11:59:44,REAL,2767092408,475,2767092883,2767092883
2025-06-19 11:59:46,REAL,2767092883,479,2767093362,2767093362
2025-06-19 11:59:48,REAL,2767093362,494,2767093856,2767093856
2025-06-19 11:59:50,REAL,2767093856,477,2767094333,2767094333
2025-06-19 11:59:52,REAL,2767094333,477,2767094810,2767094810
2025-06-19 11:59:54,REAL,2767094810,485,2767095295,2767095295
2025-06-19 11:59:56,REAL,2767095295,483,2767095778,2767095778
2025-06-19 11:59:58,REAL,2767095778,485,2767096263,2767096263
2025-06-19 12:00:00,REAL,2767096263,480,2767096743,2767096743
2025-06-19 12:00:02,REAL,2767096743,539,2767097282,2767097282
2025-06-19 12:00:04,REAL,2767097282,487,2767097769,2767097769
2025-06-19 12:00:06,REAL,2767097769,488,2767098257,2767098257
2025-06-19 12:00:08,REAL,2767098257,481,2767098738,2767098738
2025-06-19 12:00:10,REAL,2767098738,482,2767099220,2767099220
2025-06-19 12:00:12,REAL,2767099220,476,2767099696,2767099696
2025-06-19 12:00:14,REAL,2767099696,488,2767100184,2767100184
2025-06-19 12:00:16,REAL,2767100184,9407,2767109591,2767109591
2025-06-19 12:00:18,REAL,2767109591,10898,2767120489,2767120489
2025-06-19 12:00:20,REAL,2767120489,10190,2767130679,2767130679
2025-06-19 12:00:22,REAL,2767130679,10318,2767140997,2767140997
2025-06-19 12:00:24,REAL,2767140997,10243,2767151240,2767151240
2025-06-19 12:00:26,REAL,2767151240,10249,2767161489,2767161489
2025-06-19 12:00:28,REAL,2767161489,10318,2767171807,2767171807
2025-06-19 12:00:30,REAL,2767171807,7751,2767179558,2767179558
2025-06-19 12:00:32,REAL,2767179558,494,2767180052,2767180052
2025-06-19 12:00:34,REAL,2767180052,484,2767180536,2767180536
2025-06-19 12:00:36,REAL,2767180536,486,2767181022,2767181022
2025-06-19 12:00:38,REAL,2767181022,491,2767181513,2767181513
2025-06-19 12:00:40,REAL,2767181513,475,2767181988,2767181988
2025-06-19 12:00:42,REAL,2767181988,482,2767182470,2767182470
2025-06-19 12:00:44,REAL,2767182470,488,2767182958,2767182958
2025-06-19 12:00:46,REAL,2767182958,485,2767183443,2767183443
2025-06-19 12:00:48,REAL,2767183443,478,2767183921,2767183921
2025-06-19 12:00:50,REAL,2767183921,486,2767184407,2767184407
2025-06-19 12:00:52,REAL,2767184407,486,2767184893,2767184893
2025-06-19 12:00:54,REAL,2767184893,489,2767185382,2767185382
2025-06-19 12:00:56,REAL,2767185382,537,2767185919,2767185919
2025-06-19 12:00:58,REAL,2767185919,492,2767186411,2767186411
2025-06-19 12:01:00,REAL,2767186411,477,2767186888,2767186888
2025-06-19 12:01:02,REAL,2767186888,483,2767187371,2767187371
2025-06-19 12:01:04,REAL,2767187371,480,2767187851,2767187851
2025-06-19 12:01:06,REAL,2767187851,484,2767188335,2767188335
2025-06-19 12:01:08,REAL,2767188335,538,2767188873,2767188873
2025-06-19 12:01:10,REAL,2767188873,490,2767189363,2767189363
2025-06-19 12:01:12,REAL,2767189363,491,2767189854,2767189854
2025-06-19 12:01:14,REAL,2767189854,491,2767190345,2767190345
2025-06-19 12:01:16,REAL,2767190345,478,2767190823,2767190823
2025-06-19 12:01:18,REAL,2767190823,479,2767191302,2767191302
2025-06-19 12:01:20,REAL,2767191302,485,2767191787,2767191787
2025-06-19 12:01:22,REAL,2767191787,480,2767192267,2767192267
2025-06-19 12:01:24,REAL,2767192267,480,2767192747,2767192747
2025-06-19 12:01:26,REAL,2767192747,478,2767193225,2767193225
2025-06-19 12:01:28,REAL,2767193225,477,2767193702,2767193702
2025-06-19 12:01:30,REAL,2767193702,484,2767194186,2767194186
2025-06-19 12:01:32,REAL,2767194186,482,2767194668,2767194668
2025-06-19 12:01:34,REAL,2767194668,487,2767195155,2767195155
2025-06-19 12:01:36,REAL,2767195155,535,2767195690,2767195690
2025-06-19 12:01:38,REAL,2767195690,477,2767196167,2767196167
2025-06-19 12:01:40,REAL,2767196167,488,2767196655,2767196655
2025-06-19 12:01:42,REAL,2767196655,487,2767197142,2767197142
2025-06-19 12:01:44,REAL,2767197142,483,2767197625,2767197625
2025-06-19 12:01:46,REAL,2767197625,480,2767198105,2767198105
2025-06-19 12:01:48,REAL,2767198105,481,2767198586,2767198586
2025-06-19 12:01:50,REAL,2767198586,485,2767199071,2767199071
2025-06-19 12:01:52,REAL,2767199071,489,2767199560,2767199560
2025-06-19 12:01:54,REAL,2767199560,482,2767200042,2767200042
2025-06-19 12:01:56,REAL,2767200042,487,2767200529,2767200529
2025-06-19 12:01:58,REAL,2767200529,542,2767201071,2767201071
2025-06-19 12:02:00,REAL,2767201071,477,2767201548,2767201548
2025-06-19 12:02:02,REAL,2767201548,492,2767202040,2767202040
2025-06-19 12:02:04,REAL,2767202040,482,2767202522,2767202522
2025-06-19 12:02:06,REAL,2767202522,479,2767203001,2767203001
2025-06-19 12:02:08,REAL,2767203001,487,2767203488,2767203488
2025-06-19 12:02:10,REAL,2767203488,480,2767203968,2767203968
2025-06-19 12:02:12,REAL,2767203968,488,2767204456,2767204456
2025-06-19 12:02:14,REAL,2767204456,484,2767204940,2767204940
2025-06-19 12:02:16,REAL,2767204940,543,2767205483,2767205483
2025-06-19 12:02:18,REAL,2767205483,486,2767205969,2767205969
2025-06-19 12:02:20,REAL,2767205969,481,2767206450,2767206450
2025-06-19 12:02:22,REAL,2767206450,480,2767206930,2767206930
2025-06-19 12:02:24,REAL,2767206930,482,2767207412,2767207412
2025-06-19 12:02:26,REAL,2767207412,482,2767207894,2767207894
2025-06-19 12:02:28,REAL,2767207894,476,2767208370,2767208370
2025-06-19 12:02:30,REAL,2767208370,486,2767208856,2767208856
2025-06-19 12:02:32,REAL,2767208856,479,2767209335,2767209335
2025-06-19 12:02:34,REAL,2767209335,476,2767209811,2767209811
2025-06-19 12:02:36,REAL,2767209811,543,2767210354,2767210354
2025-06-19 12:02:38,REAL,2767210354,482,2767210836,2767210836
2025-06-19 12:02:40,REAL,2767210836,481,2767211317,2767211317
2025-06-19 12:02:42,REAL,2767211317,489,2767211806,2767211806
2025-06-19 12:02:44,REAL,2767211806,489,2767212295,2767212295
2025-06-19 12:02:46,REAL,2767212295,491,2767212786,2767212786
2025-06-19 12:02:48,REAL,2767212786,483,2767213269,2767213269
2025-06-19 12:02:50,REAL,2767213269,484,2767213753,2767213753
2025-06-19 12:02:52,REAL,2767213753,486,2767214239,2767214239
2025-06-19 12:02:54,REAL,2767214239,483,2767214722,2767214722
2025-06-19 12:02:56,REAL,2767214722,482,2767215204,2767215204
2025-06-19 12:02:58,REAL,2767215204,547,2767215751,2767215751
2025-06-19 12:03:00,REAL,2767215751,484,2767216235,2767216235
2025-06-19 12:03:02,REAL,2767216235,483,2767216718,2767216718
2025-06-19 12:03:04,REAL,2767216718,478,2767217196,2767217196
2025-06-19 12:03:06,REAL,2767217196,481,2767217677,2767217677
2025-06-19 12:03:08,REAL,2767217677,483,2767218160,2767218160
2025-06-19 12:03:10,REAL,2767218160,7218,2767225378,2767225378
2025-06-19 12:03:12,REAL,2767225378,10773,2767236151,2767236151
2025-06-19 12:03:14,REAL,2767236151,10305,2767246456,2767246456
2025-06-19 12:03:16,REAL,2767246456,10317,2767256773,2767256773
2025-06-19 12:03:18,REAL,2767256773,10249,2767267022,2767267022
2025-06-19 12:03:20,REAL,2767267022,10251,2767277273,2767277273
2025-06-19 12:03:22,REAL,2767277273,10256,2767287529,2767287529
2025-06-19 12:03:24,REAL,2767287529,9459,2767296988,2767296988
2025-06-19 12:03:26,REAL,2767296988,488,2767297476,2767297476
2025-06-19 12:03:28,REAL,2767297476,491,2767297967,2767297967
2025-06-19 12:03:30,REAL,2767297967,492,2767298459,2767298459
2025-06-19 12:03:32,REAL,2767298459,483,2767298942,2767298942
2025-06-19 12:03:34,REAL,2767298942,494,2767299436,2767299436
2025-06-19 12:03:36,REAL,2767299436,494,2767299930,2767299930
2025-06-19 12:03:38,REAL,2767299930,476,2767300406,2767300406
2025-06-19 12:03:40,REAL,2767300406,485,2767300891,2767300891
2025-06-19 12:03:42,REAL,2767300891,9206,2767310097,2767310097
2025-06-19 12:03:44,REAL,2767310097,12303,2767322400,2767322400
2025-06-19 12:03:46,REAL,2767322400,10311,2767332711,2767332711
2025-06-19 12:03:48,REAL,2767332711,10254,2767342965,2767342965
2025-06-19 12:03:50,REAL,2767342965,10249,2767353214,2767353214
2025-06-19 12:03:52,REAL,2767353214,10324,2767363538,2767363538
2025-06-19 12:03:54,REAL,2767363538,10312,2767373850,2767373850
2025-06-19 12:03:56,REAL,2767373850,8803,2767382653,2767382653
2025-06-19 12:03:58,REAL,2767382653,491,2767383144,2767383144
2025-06-19 12:04:00,REAL,2767383144,484,2767383628,2767383628
2025-06-19 12:04:02,REAL,2767383628,488,2767384116,2767384116
2025-06-19 12:04:04,REAL,2767384116,487,2767384603,2767384603
2025-06-19 12:04:06,REAL,2767384603,485,2767385088,2767385088
2025-06-19 12:04:08,REAL,2767385088,481,2767385569,2767385569
2025-06-19 12:04:10,REAL,2767385569,481,2767386050,2767386050
2025-06-19 12:04:12,REAL,2767386050,491,2767386541,2767386541
2025-06-19 12:04:14,REAL,2767386541,481,2767387022,2767387022
2025-06-19 12:04:16,REAL,2767387022,482,2767387504,2767387504
2025-06-19 12:04:18,REAL,2767387504,489,2767387993,2767387993
2025-06-19 12:04:20,REAL,2767387993,485,2767388478,2767388478
2025-06-19 12:04:22,REAL,2767388478,536,2767389014,2767389014
2025-06-19 12:04:24,REAL,2767389014,483,2767389497,2767389497
2025-06-19 12:04:26,REAL,2767389497,484,2767389981,2767389981
2025-06-19 12:04:28,REAL,2767389981,492,2767390473,2767390473
2025-06-19 12:04:30,REAL,2767390473,486,2767390959,2767390959
2025-06-19 12:04:32,REAL,2767390959,538,2767391497,2767391497
2025-06-19 12:04:34,REAL,2767391497,479,2767391976,2767391976
2025-06-19 12:04:36,REAL,2767391976,489,2767392465,2767392465
2025-06-19 12:04:38,REAL,2767392465,487,2767392952,2767392952
2025-06-19 12:04:40,REAL,2767392952,484,2767393436,2767393436
2025-06-19 12:04:42,REAL,2767393436,486,2767393922,2767393922
2025-06-19 12:04:44,REAL,2767393922,480,2767394402,2767394402
2025-06-19 12:04:46,REAL,2767394402,485,2767394887,2767394887
2025-06-19 12:04:48,REAL,2767394887,484,2767395371,2767395371
2025-06-19 12:04:50,REAL,2767395371,488,2767395859,2767395859
2025-06-19 12:04:52,REAL,2767395859,480,2767396339,2767396339
2025-06-19 12:04:54,REAL,2767396339,485,2767396824,2767396824
2025-06-19 12:04:56,REAL,2767396824,489,2767397313,2767397313
2025-06-19 12:04:58,REAL,2767397313,486,2767397799,2767397799
2025-06-19 12:05:00,REAL,2767397799,484,2767398283,2767398283
2025-06-19 12:05:02,REAL,2767398283,533,2767398816,2767398816
2025-06-19 12:05:04,REAL,2767398816,486,2767399302,2767399302
2025-06-19 12:05:06,REAL,2767399302,477,2767399779,2767399779
2025-06-19 12:05:08,REAL,2767399779,484,2767400263,2767400263
2025-06-19 12:05:10,REAL,2767400263,478,2767400741,2767400741
2025-06-19 12:05:12,REAL,2767400741,547,2767401288,2767401288
2025-06-19 12:05:14,REAL,2767401288,481,2767401769,2767401769
2025-06-19 12:05:16,REAL,2767401769,486,2767402255,2767402255
2025-06-19 12:05:18,REAL,2767402255,490,2767402745,2767402745
2025-06-19 12:05:20,REAL,2767402745,485,2767403230,2767403230
2025-06-19 12:05:22,REAL,2767403230,490,2767403720,2767403720
2025-06-19 12:05:24,REAL,2767403720,486,2767404206,2767404206
2025-06-19 12:05:26,REAL,2767404206,488,2767404694,2767404694
2025-06-19 12:05:28,REAL,2767404694,487,2767405181,2767405181
2025-06-19 12:05:30,REAL,2767405181,482,2767405663,2767405663
2025-06-19 12:05:32,REAL,2767405663,486,2767406149,2767406149
2025-06-19 12:05:34,REAL,2767406149,493,2767406642,2767406642
2025-06-19 12:05:36,REAL,2767406642,492,2767407134,2767407134
2025-06-19 12:05:38,REAL,2767407134,543,2767407677,2767407677
2025-06-19 12:05:40,REAL,2767407677,494,2767408171,2767408171
2025-06-19 12:05:42,REAL,2767408171,491,2767408662,2767408662
2025-06-19 12:05:44,REAL,2767408662,491,2767409153,2767409153
2025-06-19 12:05:46,REAL,2767409153,475,2767409628,2767409628
2025-06-19 12:05:48,REAL,2767409628,485,2767410113,2767410113
2025-06-19 12:05:50,REAL,2767410113,487,2767410600,2767410600
2025-06-19 12:05:52,REAL,2767410600,531,2767411131,2767411131
2025-06-19 12:05:54,REAL,2767411131,478,2767411609,2767411609
2025-06-19 12:05:56,REAL,2767411609,486,2767412095,2767412095
2025-06-19 12:05:58,REAL,2767412095,488,2767412583,2767412583
2025-06-19 12:06:00,REAL,2767412583,480,2767413063,2767413063
2025-06-19 12:06:02,REAL,2767413063,488,2767413551,2767413551
2025-06-19 12:06:04,REAL,2767413551,480,2767414031,2767414031
2025-06-19 12:06:06,REAL,2767414031,489,2767414520,2767414520
2025-06-19 12:06:08,REAL,2767414520,478,2767414998,2767414998
2025-06-19 12:06:10,REAL,2767414998,486,2767415484,2767415484
2025-06-19 12:06:12,REAL,2767415484,481,2767415965,2767415965
2025-06-19 12:06:14,REAL,2767415965,543,2767416508,2767416508
2025-06-19 12:06:16,REAL,2767416508,491,2767416999,2767416999
2025-06-19 12:06:18,REAL,2767416999,475,2767417474,2767417474
2025-06-19 12:06:20,REAL,2767417474,483,2767417957,2767417957
2025-06-19 12:06:22,REAL,2767417957,484,2767418441,2767418441
2025-06-19 12:06:24,REAL,2767418441,489,2767418930,2767418930
2025-06-19 12:06:26,REAL,2767418930,490,2767419420,2767419420
2025-06-19 12:06:28,REAL,2767419420,492,2767419912,2767419912
2025-06-19 12:06:30,REAL,2767419912,489,2767420401,2767420401
2025-06-19 12:06:32,REAL,2767420401,485,2767420886,2767420886
2025-06-19 12:06:34,REAL,2767420886,490,2767421376,2767421376
2025-06-19 12:06:36,REAL,2767421376,490,2767421866,2767421866
2025-06-19 12:06:38,REAL,2767421866,478,2767422344,2767422344
2025-06-19 12:06:40,REAL,2767422344,543,2767422887,2767422887
2025-06-19 12:06:42,REAL,2767422887,489,2767423376,2767423376
2025-06-19 12:06:44,REAL,2767423376,486,2767423862,2767423862
2025-06-19 12:06:46,REAL,2767423862,482,2767424344,2767424344
2025-06-19 12:06:48,REAL,2767424344,550,2767424894,2767424894
2025-06-19 12:06:50,REAL,2767424894,486,2767425380,2767425380
2025-06-19 12:06:52,REAL,2767425380,482,2767425862,2767425862
2025-06-19 12:06:54,REAL,2767425862,488,2767426350,2767426350
2025-06-19 12:06:56,REAL,2767426350,482,2767426832,2767426832
2025-06-19 12:06:58,REAL,2767426832,488,2767427320,2767427320
2025-06-19 12:07:00,REAL,2767427320,485,2767427805,2767427805
2025-06-19 12:07:02,REAL,2767427805,625,2767428430,2767428430
2025-06-19 12:07:04,REAL,2767428430,12822,2767441252,2767441252
2025-06-19 12:07:06,REAL,2767441252,10254,2767451506,2767451506
2025-06-19 12:07:08,REAL,2767451506,10255,2767461761,2767461761
2025-06-19 12:07:10,REAL,2767461761,10318,2767472079,2767472079
2025-06-19 12:07:12,REAL,2767472079,10251,2767482330,2767482330
2025-06-19 12:07:14,REAL,2767482330,10252,2767492582,2767492582
2025-06-19 12:07:16,REAL,2767492582,10324,2767502906,2767502906
2025-06-19 12:07:18,REAL,2767502906,4905,2767507811,2767507811
2025-06-19 12:07:20,REAL,2767507811,484,2767508295,2767508295
2025-06-19 12:07:22,REAL,2767508295,487,2767508782,2767508782
2025-06-19 12:07:24,REAL,2767508782,485,2767509267,2767509267
2025-06-19 12:07:26,REAL,2767509267,480,2767509747,2767509747
2025-06-19 12:07:28,REAL,2767509747,478,2767510225,2767510225
2025-06-19 12:07:30,REAL,2767510225,489,2767510714,2767510714
2025-06-19 12:07:32,REAL,2767510714,537,2767511251,2767511251
2025-06-19 12:07:34,REAL,2767511251,482,2767511733,2767511733
2025-06-19 12:07:36,REAL,2767511733,482,2767512215,2767512215
2025-06-19 12:07:38,REAL,2767512215,548,2767512763,2767512763
2025-06-19 12:07:40,REAL,2767512763,475,2767513238,2767513238
2025-06-19 12:07:42,REAL,2767513238,488,2767513726,2767513726
2025-06-19 12:07:44,REAL,2767513726,486,2767514212,2767514212
2025-06-19 12:07:46,REAL,2767514212,479,2767514691,2767514691
2025-06-19 12:07:48,REAL,2767514691,477,2767515168,2767515168
2025-06-19 12:07:50,REAL,2767515168,475,2767515643,2767515643
2025-06-19 12:07:52,REAL,2767515643,479,2767516122,2767516122
2025-06-19 12:07:54,REAL,2767516122,482,2767516604,2767516604
2025-06-19 12:07:56,REAL,2767516604,484,2767517088,2767517088
2025-06-19 12:07:58,REAL,2767517088,489,2767517577,2767517577
2025-06-19 12:08:00,REAL,2767517577,490,2767518067,2767518067
2025-06-19 12:08:02,REAL,2767518067,476,2767518543,2767518543
2025-06-19 12:08:04,REAL,2767518543,488,2767519031,2767519031
2025-06-19 12:08:06,REAL,2767519031,490,2767519521,2767519521
2025-06-19 12:08:08,REAL,2767519521,487,2767520008,2767520008
2025-06-19 12:08:10,REAL,2767520008,477,2767520485,2767520485
2025-06-19 12:08:12,REAL,2767520485,538,2767521023,2767521023
2025-06-19 12:08:14,REAL,2767521023,475,2767521498,2767521498
2025-06-19 12:08:16,REAL,2767521498,487,2767521985,2767521985
2025-06-19 12:08:18,REAL,2767521985,475,2767522460,2767522460
2025-06-19 12:08:20,REAL,2767522460,492,2767522952,2767522952
2025-06-19 12:08:22,REAL,2767522952,543,2767523495,2767523495
2025-06-19 12:08:24,REAL,2767523495,489,2767523984,2767523984
2025-06-19 12:08:26,REAL,2767523984,483,2767524467,2767524467
2025-06-19 12:08:28,REAL,2767524467,485,2767524952,2767524952
2025-06-19 12:08:30,REAL,2767524952,476,2767525428,2767525428
2025-06-19 12:08:32,REAL,2767525428,485,2767525913,2767525913
2025-06-19 12:08:34,REAL,2767525913,490,2767526403,2767526403
2025-06-19 12:08:36,REAL,2767526403,489,2767526892,2767526892
2025-06-19 12:08:38,REAL,2767526892,480,2767527372,2767527372
2025-06-19 12:08:40,REAL,2767527372,483,2767527855,2767527855
2025-06-19 12:08:42,REAL,2767527855,487,2767528342,2767528342
2025-06-19 12:08:44,REAL,2767528342,480,2767528822,2767528822
2025-06-19 12:08:46,REAL,2767528822,541,2767529363,2767529363
2025-06-19 12:08:48,REAL,2767529363,238,2767529601,2767529601
2025-06-19 12:08:50,REAL,2767529601,482,2767530083,2767530083
2025-06-19 12:08:52,REAL,2767530083,484,2767530567,2767530567
2025-06-19 12:08:54,REAL,2767530567,482,2767531049,2767531049
2025-06-19 12:08:56,REAL,2767531049,486,2767531535,2767531535
2025-06-19 12:08:58,REAL,2767531535,481,2767532016,2767532016
2025-06-19 12:09:00,REAL,2767532016,490,2767532506,2767532506
2025-06-19 12:09:02,REAL,2767532506,483,2767532989,2767532989
2025-06-19 12:09:04,REAL,2767532989,482,2767533471,2767533471
2025-06-19 12:09:06,REAL,2767533471,487,2767533958,2767533958
2025-06-19 12:09:08,REAL,2767533958,482,2767534440,2767534440
2025-06-19 12:09:10,REAL,2767534440,490,2767534930,2767534930
2025-06-19 12:09:12,REAL,2767534930,488,2767535418,2767535418
2025-06-19 12:09:14,REAL,2767535418,544,2767535962,2767535962
2025-06-19 12:09:16,REAL,2767535962,489,2767536451,2767536451
2025-06-19 12:09:18,REAL,2767536451,487,2767536938,2767536938
2025-06-19 12:09:20,REAL,2767536938,488,2767537426,2767537426
2025-06-19 12:09:22,REAL,2767537426,779,2767538205,2767538205
2025-06-19 12:09:24,REAL,2767538205,240,2767538445,2767538445
2025-06-19 12:09:26,REAL,2767538445,486,2767538931,2767538931
2025-06-19 12:09:28,REAL,2767538931,484,2767539415,2767539415
2025-06-19 12:09:30,REAL,2767539415,479,2767539894,2767539894
2025-06-19 12:09:32,REAL,2767539894,481,2767540375,2767540375
2025-06-19 12:09:34,REAL,2767540375,490,2767540865,2767540865
2025-06-19 12:09:36,REAL,2767540865,4714,2767545579,2767545579
2025-06-19 12:09:38,REAL,2767545579,11514,2767557093,2767557093
2025-06-19 12:09:40,REAL,2767557093,10316,2767567409,2767567409
2025-06-19 12:09:42,REAL,2767567409,10250,2767577659,2767577659
2025-06-19 12:09:44,REAL,2767577659,10321,2767587980,2767587980
2025-06-19 12:09:46,REAL,2767587980,10252,2767598232,2767598232
2025-06-19 12:09:48,REAL,2767598232,10261,2767608493,2767608493
2025-06-19 12:09:50,REAL,2767608493,10321,2767618814,2767618814
2025-06-19 12:09:52,REAL,2767618814,2074,2767620888,2767620888
2025-06-19 12:09:54,REAL,2767620888,487,2767621375,2767621375
2025-06-19 12:09:56,REAL,2767621375,474,2767621849,2767621849
2025-06-19 12:09:58,REAL,2767621849,489,2767622338,2767622338
2025-06-19 12:10:00,REAL,2767622338,482,2767622820,2767622820
2025-06-19 12:10:02,REAL,2767622820,482,2767623302,2767623302
2025-06-19 12:10:04,REAL,2767623302,483,2767623785,2767623785
2025-06-19 12:10:06,REAL,2767623785,546,2767624331,2767624331
2025-06-19 12:10:08,REAL,2767624331,475,2767624806,2767624806
2025-06-19 12:10:10,REAL,2767624806,486,2767625292,2767625292
2025-06-19 12:10:12,REAL,2767625292,482,2767625774,2767625774
2025-06-19 12:10:14,REAL,2767625774,477,2767626251,2767626251
2025-06-19 12:10:16,REAL,2767626251,483,2767626734,2767626734
2025-06-19 12:10:18,REAL,2767626734,476,2767627210,2767627210
2025-06-19 12:10:20,REAL,2767627210,538,2767627748,2767627748
2025-06-19 12:10:22,REAL,2767627748,481,2767628229,2767628229
2025-06-19 12:10:24,REAL,2767628229,485,2767628714,2767628714
2025-06-19 12:10:26,REAL,2767628714,488,2767629202,2767629202
2025-06-19 12:10:28,REAL,2767629202,477,2767629679,2767629679
2025-06-19 12:10:30,REAL,2767629679,477,2767630156,2767630156
2025-06-19 12:10:32,REAL,2767630156,483,2767630639,2767630639
2025-06-19 12:10:34,REAL,2767630639,491,2767631130,2767631130
2025-06-19 12:10:36,REAL,2767631130,494,2767631624,2767631624
2025-06-19 12:10:38,REAL,2767631624,485,2767632109,2767632109
2025-06-19 12:10:40,REAL,2767632109,481,2767632590,2767632590
2025-06-19 12:10:42,REAL,2767632590,488,2767633078,2767633078
2025-06-19 12:10:44,REAL,2767633078,484,2767633562,2767633562
2025-06-19 12:10:46,REAL,2767633562,484,2767634046,2767634046
2025-06-19 12:10:48,REAL,2767634046,490,2767634536,2767634536
2025-06-19 12:10:50,REAL,2767634536,490,2767635026,2767635026
2025-06-19 12:10:52,REAL,2767635026,485,2767635511,2767635511
2025-06-19 12:10:54,REAL,2767635511,479,2767635990,2767635990
2025-06-19 12:10:56,REAL,2767635990,544,2767636534,2767636534
2025-06-19 12:10:58,REAL,2767636534,481,2767637015,2767637015
2025-06-19 12:11:00,REAL,2767637015,484,2767637499,2767637499
2025-06-19 12:11:02,REAL,2767637499,484,2767637983,2767637983
2025-06-19 12:11:04,REAL,2767637983,538,2767638521,2767638521
2025-06-19 12:11:06,REAL,2767638521,487,2767639008,2767639008
2025-06-19 12:11:08,REAL,2767639008,485,2767639493,2767639493
2025-06-19 12:11:10,REAL,2767639493,482,2767639975,2767639975
2025-06-19 12:11:12,REAL,2767639975,477,2767640452,2767640452
2025-06-19 12:11:14,REAL,2767640452,484,2767640936,2767640936
2025-06-19 12:11:16,REAL,2767640936,482,2767641418,2767641418
2025-06-19 12:11:18,REAL,2767641418,491,2767641909,2767641909
2025-06-19 12:11:20,REAL,2767641909,479,2767642388,2767642388
2025-06-19 12:11:22,REAL,2767642388,494,2767642882,2767642882
2025-06-19 12:11:24,REAL,2767642882,477,2767643359,2767643359
2025-06-19 12:11:26,REAL,2767643359,478,2767643837,2767643837
2025-06-19 12:11:28,REAL,2767643837,482,2767644319,2767644319
2025-06-19 12:11:30,REAL,2767644319,488,2767644807,2767644807
2025-06-19 12:11:32,REAL,2767644807,482,2767645289,2767645289
2025-06-19 12:11:34,REAL,2767645289,493,2767645782,2767645782
2025-06-19 12:11:36,REAL,2767645782,478,2767646260,2767646260
2025-06-19 12:11:38,REAL,2767646260,484,2767646744,2767646744
2025-06-19 12:11:40,REAL,2767646744,487,2767647231,2767647231
2025-06-19 12:11:42,REAL,2767647231,490,2767647721,2767647721
2025-06-19 12:11:44,REAL,2767647721,475,2767648196,2767648196
2025-06-19 12:11:46,REAL,2767648196,539,2767648735,2767648735
2025-06-19 12:11:48,REAL,2767648735,546,2767649281,2767649281
2025-06-19 12:11:50,REAL,2767649281,480,2767649761,2767649761
2025-06-19 12:11:52,REAL,2767649761,480,2767650241,2767650241
2025-06-19 12:11:54,REAL,2767650241,483,2767650724,2767650724
2025-06-19 12:11:56,REAL,2767650724,484,2767651208,2767651208
2025-06-19 12:11:58,REAL,2767651208,490,2767651698,2767651698
2025-06-19 12:12:00,REAL,2767651698,475,2767652173,2767652173
2025-06-19 12:12:02,REAL,2767652173,482,2767652655,2767652655
2025-06-19 12:12:04,REAL,2767652655,478,2767653133,2767653133
2025-06-19 12:12:06,REAL,2767653133,490,2767653623,2767653623
2025-06-19 12:12:08,REAL,2767653623,485,2767654108,2767654108
2025-06-19 12:12:10,REAL,2767654108,481,2767654589,2767654589
2025-06-19 12:12:12,REAL,2767654589,490,2767655079,2767655079
2025-06-19 12:12:14,REAL,2767655079,484,2767655563,2767655563
2025-06-19 12:12:16,REAL,2767655563,487,2767656050,2767656050
2025-06-19 12:12:18,REAL,2767656050,482,2767656532,2767656532
2025-06-19 12:12:20,REAL,2767656532,486,2767657018,2767657018
2025-06-19 12:12:22,REAL,2767657018,492,2767657510,2767657510
2025-06-19 12:12:24,REAL,2767657510,489,2767657999,2767657999
2025-06-19 12:12:26,REAL,2767657999,476,2767658475,2767658475
2025-06-19 12:12:28,REAL,2767658475,536,2767659011,2767659011
2025-06-19 12:12:30,REAL,2767659011,540,2767659551,2767659551
2025-06-19 12:12:32,REAL,2767659551,491,2767660042,2767660042
2025-06-19 12:12:34,REAL,2767660042,479,2767660521,2767660521
2025-06-19 12:12:36,REAL,2767660521,483,2767661004,2767661004
2025-06-19 12:12:38,REAL,2767661004,484,2767661488,2767661488
2025-06-19 12:12:40,REAL,2767661488,491,2767661979,2767661979
2025-06-19 12:12:42,REAL,2767661979,488,2767662467,2767662467
2025-06-19 12:12:44,REAL,2767662467,485,2767662952,2767662952
2025-06-19 12:12:46,REAL,2767662952,491,2767663443,2767663443
2025-06-19 12:12:48,REAL,2767663443,478,2767663921,2767663921
2025-06-19 12:12:50,REAL,2767663921,488,2767664409,2767664409
2025-06-19 12:12:52,REAL,2767664409,484,2767664893,2767664893
2025-06-19 12:12:54,REAL,2767664893,481,2767665374,2767665374
2025-06-19 12:12:56,REAL,2767665374,482,2767665856,2767665856
2025-06-19 12:12:58,REAL,2767665856,488,2767666344,2767666344
2025-06-19 12:13:00,REAL,2767666344,479,2767666823,2767666823
2025-06-19 12:13:02,REAL,2767666823,486,2767667309,2767667309
2025-06-19 12:13:04,REAL,2767667309,482,2767667791,2767667791
2025-06-19 12:13:06,REAL,2767667791,484,2767668275,2767668275
2025-06-19 12:13:08,REAL,2767668275,489,2767668764,2767668764
2025-06-19 12:13:10,REAL,2767668764,538,2767669302,2767669302
2025-06-19 12:13:12,REAL,2767669302,542,2767669844,2767669844
2025-06-19 12:13:14,REAL,2767669844,481,2767670325,2767670325
2025-06-19 12:13:16,REAL,2767670325,476,2767670801,2767670801
2025-06-19 12:13:18,REAL,2767670801,483,2767671284,2767671284
2025-06-19 12:13:20,REAL,2767671284,475,2767671759,2767671759
2025-06-19 12:13:22,REAL,2767671759,478,2767672237,2767672237
2025-06-19 12:13:24,REAL,2767672237,484,2767672721,2767672721
2025-06-19 12:13:26,REAL,2767672721,480,2767673201,2767673201
2025-06-19 12:13:28,REAL,2767673201,8746,2767681947,2767681947
2025-06-19 12:13:30,REAL,2767681947,10519,2767692466,2767692466
2025-06-19 12:13:32,REAL,2767692466,10321,2767702787,2767702787
2025-06-19 12:13:34,REAL,2767702787,10254,2767713041,2767713041
2025-06-19 12:13:36,REAL,2767713041,10321,2767723362,2767723362
2025-06-19 12:13:38,REAL,2767723362,10261,2767733623,2767733623
2025-06-19 12:13:40,REAL,2767733623,10250,2767743873,2767743873
2025-06-19 12:13:42,REAL,2767743873,8272,2767752145,2767752145
2025-06-19 12:13:44,REAL,2767752145,484,2767752629,2767752629
2025-06-19 12:13:46,REAL,2767752629,486,2767753115,2767753115
2025-06-19 12:13:48,REAL,2767753115,489,2767753604,2767753604
2025-06-19 12:13:50,REAL,2767753604,534,2767754138,2767754138
2025-06-19 12:13:52,REAL,2767754138,488,2767754626,2767754626
2025-06-19 12:13:54,REAL,2767754626,486,2767755112,2767755112
2025-06-19 12:13:56,REAL,2767755112,488,2767755600,2767755600
2025-06-19 12:13:58,REAL,2767755600,484,2767756084,2767756084
2025-06-19 12:14:00,REAL,2767756084,477,2767756561,2767756561
2025-06-19 12:14:02,REAL,2767756561,486,2767757047,2767757047
2025-06-19 12:14:04,REAL,2767757047,483,2767757530,2767757530
2025-06-19 12:14:06,REAL,2767757530,488,2767758018,2767758018
2025-06-19 12:14:08,REAL,2767758018,480,2767758498,2767758498
2025-06-19 12:14:10,REAL,2767758498,549,2767759047,2767759047
2025-06-19 12:14:12,REAL,2767759047,481,2767759528,2767759528
2025-06-19 12:14:14,REAL,2767759528,486,2767760014,2767760014
2025-06-19 12:14:16,REAL,2767760014,489,2767760503,2767760503
2025-06-19 12:14:18,REAL,2767760503,485,2767760988,2767760988
2025-06-19 12:14:20,REAL,2767760988,491,2767761479,2767761479
2025-06-19 12:14:22,REAL,2767761479,482,2767761961,2767761961
2025-06-19 12:14:24,REAL,2767761961,482,2767762443,2767762443
2025-06-19 12:14:26,REAL,2767762443,491,2767762934,2767762934
2025-06-19 12:14:28,REAL,2767762934,490,2767763424,2767763424
2025-06-19 12:14:30,REAL,2767763424,539,2767763963,2767763963
2025-06-19 12:14:32,REAL,2767763963,488,2767764451,2767764451
2025-06-19 12:14:34,REAL,2767764451,491,2767764942,2767764942
2025-06-19 12:14:36,REAL,2767764942,481,2767765423,2767765423
2025-06-19 12:14:38,REAL,2767765423,488,2767765911,2767765911
2025-06-19 12:14:40,REAL,2767765911,488,2767766399,2767766399
2025-06-19 12:14:42,REAL,2767766399,486,2767766885,2767766885
2025-06-19 12:14:44,REAL,2767766885,481,2767767366,2767767366
2025-06-19 12:14:46,REAL,2767767366,481,2767767847,2767767847
2025-06-19 12:14:48,REAL,2767767847,479,2767768326,2767768326
2025-06-19 12:14:50,REAL,2767768326,486,2767768812,2767768812
2025-06-19 12:14:52,REAL,2767768812,488,2767769300,2767769300
2025-06-19 12:14:54,REAL,2767769300,545,2767769845,2767769845
2025-06-19 12:14:56,REAL,2767769845,476,2767770321,2767770321
2025-06-19 12:14:58,REAL,2767770321,481,2767770802,2767770802
2025-06-19 12:15:00,REAL,2767770802,485,2767771287,2767771287
2025-06-19 12:15:02,REAL,2767771287,484,2767771771,2767771771
2025-06-19 12:15:04,REAL,2767771771,479,2767772250,2767772250
2025-06-19 12:15:06,REAL,2767772250,486,2767772736,2767772736
2025-06-19 12:15:08,REAL,2767772736,486,2767773222,2767773222
2025-06-19 12:15:10,REAL,2767773222,487,2767773709,2767773709
2025-06-19 12:15:12,REAL,2767773709,536,2767774245,2767774245
2025-06-19 12:15:14,REAL,2767774245,475,2767774720,2767774720
2025-06-19 12:15:16,REAL,2767774720,485,2767775205,2767775205
2025-06-19 12:15:18,REAL,2767775205,488,2767775693,2767775693
2025-06-19 12:15:20,REAL,2767775693,479,2767776172,2767776172
2025-06-19 12:15:22,REAL,2767776172,481,2767776653,2767776653
2025-06-19 12:15:24,REAL,2767776653,475,2767777128,2767777128
2025-06-19 12:15:26,REAL,2767777128,488,2767777616,2767777616
2025-06-19 12:15:28,REAL,2767777616,478,2767778094,2767778094
2025-06-19 12:15:30,REAL,2767778094,480,2767778574,2767778574
2025-06-19 12:15:32,REAL,2767778574,481,2767779055,2767779055
2025-06-19 12:15:34,REAL,2767779055,478,2767779533,2767779533
2025-06-19 12:15:36,REAL,2767779533,488,2767780021,2767780021
2025-06-19 12:15:38,REAL,2767780021,541,2767780562,2767780562
2025-06-19 12:15:40,REAL,2767780562,493,2767781055,2767781055
2025-06-19 12:15:42,REAL,2767781055,479,2767781534,2767781534
2025-06-19 12:15:44,REAL,2767781534,487,2767782021,2767782021
2025-06-19 12:15:46,REAL,2767782021,482,2767782503,2767782503
2025-06-19 12:15:48,REAL,2767782503,488,2767782991,2767782991
2025-06-19 12:15:50,REAL,2767782991,486,2767783477,2767783477
2025-06-19 12:15:52,REAL,2767783477,531,2767784008,2767784008
2025-06-19 12:15:54,REAL,2767784008,481,2767784489,2767784489
2025-06-19 12:15:56,REAL,2767784489,480,2767784969,2767784969
2025-06-19 12:15:58,REAL,2767784969,486,2767785455,2767785455
2025-06-19 12:16:00,REAL,2767785455,484,2767785939,2767785939
2025-06-19 12:16:02,REAL,2767785939,489,2767786428,2767786428
2025-06-19 12:16:04,REAL,2767786428,485,2767786913,2767786913
2025-06-19 12:16:06,REAL,2767786913,484,2767787397,2767787397
2025-06-19 12:16:08,REAL,2767787397,481,2767787878,2767787878
2025-06-19 12:16:10,REAL,2767787878,486,2767788364,2767788364
2025-06-19 12:16:12,REAL,2767788364,483,2767788847,2767788847
2025-06-19 12:16:14,REAL,2767788847,481,2767789328,2767789328
2025-06-19 12:16:16,REAL,2767789328,488,2767789816,2767789816
2025-06-19 12:16:18,REAL,2767789816,546,2767790362,2767790362
2025-06-19 12:16:20,REAL,2767790362,487,2767790849,2767790849
2025-06-19 12:16:22,REAL,2767790849,492,2767791341,2767791341
2025-06-19 12:16:24,REAL,2767791341,486,2767791827,2767791827
2025-06-19 12:16:26,REAL,2767791827,486,2767792313,2767792313
2025-06-19 12:16:28,REAL,2767792313,491,2767792804,2767792804
2025-06-19 12:16:30,REAL,2767792804,483,2767793287,2767793287
2025-06-19 12:16:32,REAL,2767793287,483,2767793770,2767793770
2025-06-19 12:16:34,REAL,2767793770,550,2767794320,2767794320
2025-06-19 12:16:36,REAL,2767794320,483,2767794803,2767794803
2025-06-19 12:16:38,REAL,2767794803,483,2767795286,2767795286
2025-06-19 12:16:40,REAL,2767795286,476,2767795762,2767795762
2025-06-19 12:16:42,REAL,2767795762,475,2767796237,2767796237
2025-06-19 12:16:44,REAL,2767796237,487,2767796724,2767796724
2025-06-19 12:16:46,REAL,2767796724,480,2767797204,2767797204
2025-06-19 12:16:48,REAL,2767797204,485,2767797689,2767797689
2025-06-19 12:16:50,REAL,2767797689,486,2767798175,2767798175
2025-06-19 12:16:52,REAL,2767798175,488,2767798663,2767798663
2025-06-19 12:16:54,REAL,2767798663,485,2767799148,2767799148
2025-06-19 12:16:56,REAL,2767799148,477,2767799625,2767799625
2025-06-19 12:16:58,REAL,2767799625,481,2767800106,2767800106
2025-06-19 12:17:00,REAL,2767800106,534,2767800640,2767800640
2025-06-19 12:17:02,REAL,2767800640,486,2767801126,2767801126
2025-06-19 12:17:04,REAL,2767801126,532,2767801658,2767801658
2025-06-19 12:17:06,REAL,2767801658,482,2767802140,2767802140
2025-06-19 12:17:08,REAL,2767802140,481,2767802621,2767802621
2025-06-19 12:17:10,REAL,2767802621,487,2767803108,2767803108
2025-06-19 12:17:12,REAL,2767803108,478,2767803586,2767803586
2025-06-19 12:17:14,REAL,2767803586,476,2767804062,2767804062
2025-06-19 12:17:16,REAL,2767804062,481,2767804543,2767804543
2025-06-19 12:17:18,REAL,2767804543,477,2767805020,2767805020
2025-06-19 12:17:20,REAL,2767805020,490,2767805510,2767805510
2025-06-19 12:17:22,REAL,2767805510,482,2767805992,2767805992
2025-06-19 12:17:24,REAL,2767805992,483,2767806475,2767806475
2025-06-19 12:17:26,REAL,2767806475,485,2767806960,2767806960
2025-06-19 12:17:28,REAL,2767806960,480,2767807440,2767807440
2025-06-19 12:17:30,REAL,2767807440,484,2767807924,2767807924
2025-06-19 12:17:32,REAL,2767807924,490,2767808414,2767808414
2025-06-19 12:17:34,REAL,2767808414,487,2767808901,2767808901
2025-06-19 12:17:36,REAL,2767808901,541,2767809442,2767809442
2025-06-19 12:17:38,REAL,2767809442,481,2767809923,2767809923
2025-06-19 12:17:40,REAL,2767809923,537,2767810460,2767810460
2025-06-19 12:17:42,REAL,2767810460,488,2767810948,2767810948
2025-06-19 12:17:44,REAL,2767810948,481,2767811429,2767811429
2025-06-19 12:17:46,REAL,2767811429,484,2767811913,2767811913
2025-06-19 12:17:48,REAL,2767811913,478,2767812391,2767812391
2025-06-19 12:17:50,REAL,2767812391,479,2767812870,2767812870
2025-06-19 12:17:52,REAL,2767812870,491,2767813361,2767813361
2025-06-19 12:17:54,REAL,2767813361,492,2767813853,2767813853
2025-06-19 12:17:56,REAL,2767813853,482,2767814335,2767814335
2025-06-19 12:17:58,REAL,2767814335,491,2767814826,2767814826
2025-06-19 12:18:00,REAL,2767814826,476,2767815302,2767815302
2025-06-19 12:18:02,REAL,2767815302,484,2767815786,2767815786
2025-06-19 12:18:04,REAL,2767815786,488,2767816274,2767816274
2025-06-19 12:18:06,REAL,2767816274,541,2767816815,2767816815
2025-06-19 12:18:08,REAL,2767816815,476,2767817291,2767817291
2025-06-19 12:18:10,REAL,2767817291,489,2767817780,2767817780
2025-06-19 12:18:12,REAL,2767817780,487,2767818267,2767818267
2025-06-19 12:18:14,REAL,2767818267,486,2767818753,2767818753
2025-06-19 12:18:16,REAL,2767818753,487,2767819240,2767819240
2025-06-19 12:18:18,REAL,2767819240,482,2767819722,2767819722
2025-06-19 12:18:20,REAL,2767819722,486,2767820208,2767820208
2025-06-19 12:18:22,REAL,2767820208,548,2767820756,2767820756
2025-06-19 12:18:24,REAL,2767820756,485,2767821241,2767821241
2025-06-19 12:18:26,REAL,2767821241,483,2767821724,2767821724
2025-06-19 12:18:28,REAL,2767821724,476,2767822200,2767822200
2025-06-19 12:18:30,REAL,2767822200,490,2767822690,2767822690
2025-06-19 12:18:32,REAL,2767822690,486,2767823176,2767823176
2025-06-19 12:18:34,REAL,2767823176,488,2767823664,2767823664
2025-06-19 12:18:36,REAL,2767823664,538,2767824202,2767824202
2025-06-19 12:18:38,REAL,2767824202,487,2767824689,2767824689
2025-06-19 12:18:40,REAL,2767824689,494,2767825183,2767825183
2025-06-19 12:18:42,REAL,2767825183,481,2767825664,2767825664
2025-06-19 12:18:44,REAL,2767825664,482,2767826146,2767826146
2025-06-19 12:18:46,REAL,2767826146,483,2767826629,2767826629
2025-06-19 12:18:48,REAL,2767826629,477,2767827106,2767827106
2025-06-19 12:18:50,REAL,2767827106,488,2767827594,2767827594
2025-06-19 12:18:52,REAL,2767827594,474,2767828068,2767828068
2025-06-19 12:18:54,REAL,2767828068,489,2767828557,2767828557
2025-06-19 12:18:56,REAL,2767828557,479,2767829036,2767829036
2025-06-19 12:18:58,REAL,2767829036,488,2767829524,2767829524
2025-06-19 12:19:00,REAL,2767829524,482,2767830006,2767830006
2025-06-19 12:19:02,REAL,2767830006,540,2767830546,2767830546
2025-06-19 12:19:04,REAL,2767830546,487,2767831033,2767831033
2025-06-19 12:19:06,REAL,2767831033,486,2767831519,2767831519
2025-06-19 12:19:08,REAL,2767831519,550,2767832069,2767832069
2025-06-19 12:19:10,REAL,2767832069,482,2767832551,2767832551
2025-06-19 12:19:12,REAL,2767832551,485,2767833036,2767833036
2025-06-19 12:19:14,REAL,2767833036,481,2767833517,2767833517
2025-06-19 12:19:16,REAL,2767833517,493,2767834010,2767834010
2025-06-19 12:19:18,REAL,2767834010,481,2767834491,2767834491
2025-06-19 12:19:20,REAL,2767834491,491,2767834982,2767834982
2025-06-19 12:19:22,REAL,2767834982,485,2767835467,2767835467
2025-06-19 12:19:24,REAL,2767835467,491,2767835958,2767835958
2025-06-19 12:19:26,REAL,2767835958,485,2767836443,2767836443
2025-06-19 12:19:28,REAL,2767836443,492,2767836935,2767836935
2025-06-19 12:19:30,REAL,2767836935,484,2767837419,2767837419
2025-06-19 12:19:32,REAL,2767837419,485,2767837904,2767837904
2025-06-19 12:19:34,REAL,2767837904,491,2767838395,2767838395
2025-06-19 12:19:36,REAL,2767838395,483,2767838878,2767838878
2025-06-19 12:19:38,REAL,2767838878,533,2767839411,2767839411
2025-06-19 12:19:40,REAL,2767839411,484,2767839895,2767839895
2025-06-19 12:19:42,REAL,2767839895,483,2767840378,2767840378
2025-06-19 12:19:44,REAL,2767840378,540,2767840918,2767840918
2025-06-19 12:19:46,REAL,2767840918,481,2767841399,2767841399
2025-06-19 12:19:48,REAL,2767841399,484,2767841883,2767841883
2025-06-19 12:19:50,REAL,2767841883,484,2767842367,2767842367
2025-06-19 12:19:52,REAL,2767842367,484,2767842851,2767842851
2025-06-19 12:19:54,REAL,2767842851,485,2767843336,2767843336
2025-06-19 12:19:56,REAL,2767843336,484,2767843820,2767843820
2025-06-19 12:19:58,REAL,2767843820,483,2767844303,2767844303
2025-06-19 12:20:00,REAL,2767844303,486,2767844789,2767844789
2025-06-19 12:20:02,REAL,2767844789,475,2767845264,2767845264
2025-06-19 12:20:04,REAL,2767845264,483,2767845747,2767845747
2025-06-19 12:20:06,REAL,2767845747,481,2767846228,2767846228
2025-06-19 12:20:08,REAL,2767846228,541,2767846769,2767846769
2025-06-19 12:20:10,REAL,2767846769,487,2767847256,2767847256
2025-06-19 12:20:12,REAL,2767847256,488,2767847744,2767847744
2025-06-19 12:20:14,REAL,2767847744,484,2767848228,2767848228
2025-06-19 12:20:16,REAL,2767848228,475,2767848703,2767848703
2025-06-19 12:20:18,REAL,2767848703,490,2767849193,2767849193
2025-06-19 12:20:20,REAL,2767849193,479,2767849672,2767849672
2025-06-19 12:20:22,REAL,2767849672,490,2767850162,2767850162
2025-06-19 12:20:24,REAL,2767850162,540,2767850702,2767850702
2025-06-19 12:20:26,REAL,2767850702,478,2767851180,2767851180
2025-06-19 12:20:28,REAL,2767851180,489,2767851669,2767851669
2025-06-19 12:20:30,REAL,2767851669,492,2767852161,2767852161
2025-06-19 12:20:32,REAL,2767852161,474,2767852635,2767852635
2025-06-19 12:20:34,REAL,2767852635,484,2767853119,2767853119
2025-06-19 12:20:36,REAL,2767853119,487,2767853606,2767853606
2025-06-19 12:20:38,REAL,2767853606,489,2767854095,2767854095
2025-06-19 12:20:40,REAL,2767854095,539,2767854634,2767854634
2025-06-19 12:20:42,REAL,2767854634,478,2767855112,2767855112
2025-06-19 12:20:44,REAL,2767855112,488,2767855600,2767855600
2025-06-19 12:20:46,REAL,2767855600,6103,2767861703,2767861703
2025-06-19 12:20:48,REAL,2767861703,11500,2767873203,2767873203
2025-06-19 12:20:50,REAL,2767873203,10261,2767883464,2767883464
2025-06-19 12:20:52,REAL,2767883464,10256,2767893720,2767893720
2025-06-19 12:20:54,REAL,2767893720,10252,2767903972,2767903972
2025-06-19 12:20:56,REAL,2767903972,10318,2767914290,2767914290
2025-06-19 12:20:58,REAL,2767914290,11508,2767925798,2767925798
2025-06-19 12:21:00,REAL,2767925798,8991,2767934789,2767934789
2025-06-19 12:21:02,REAL,2767934789,676,2767935465,2767935465
2025-06-19 12:21:04,REAL,2767935465,485,2767935950,2767935950
2025-06-19 12:21:06,REAL,2767935950,479,2767936429,2767936429
2025-06-19 12:21:08,REAL,2767936429,479,2767936908,2767936908
2025-06-19 12:21:10,REAL,2767936908,538,2767937446,2767937446
2025-06-19 12:21:12,REAL,2767937446,483,2767937929,2767937929
2025-06-19 12:21:14,REAL,2767937929,483,2767938412,2767938412
2025-06-19 12:21:16,REAL,2767938412,488,2767938900,2767938900
2025-06-19 12:21:18,REAL,2767938900,7886,2767946786,2767946786
2025-06-19 12:21:20,REAL,2767946786,12621,2767959407,2767959407
2025-06-19 12:21:22,REAL,2767959407,10315,2767969722,2767969722
2025-06-19 12:21:24,REAL,2767969722,10254,2767979976,2767979976
2025-06-19 12:21:26,REAL,2767979976,10250,2767990226,2767990226
2025-06-19 12:21:28,REAL,2767990226,10251,2768000477,2768000477
2025-06-19 12:21:30,REAL,2768000477,10314,2768010791,2768010791
2025-06-19 12:21:32,REAL,2768010791,9854,2768020645,2768020645
2025-06-19 12:21:34,REAL,2768020645,485,2768021130,2768021130
2025-06-19 12:21:36,REAL,2768021130,481,2768021611,2768021611
2025-06-19 12:21:38,REAL,2768021611,480,2768022091,2768022091
2025-06-19 12:21:40,REAL,2768022091,539,2768022630,2768022630
2025-06-19 12:21:42,REAL,2768022630,475,2768023105,2768023105
2025-06-19 12:21:44,REAL,2768023105,485,2768023590,2768023590
2025-06-19 12:21:46,REAL,2768023590,479,2768024069,2768024069
2025-06-19 12:21:48,REAL,2768024069,489,2768024558,2768024558
2025-06-19 12:21:50,REAL,2768024558,7430,2768031988,2768031988
2025-06-19 12:21:52,REAL,2768031988,10707,2768042695,2768042695
2025-06-19 12:21:54,REAL,2768042695,10246,2768052941,2768052941
2025-06-19 12:21:56,REAL,2768052941,10252,2768063193,2768063193
2025-06-19 12:21:58,REAL,2768063193,10249,2768073442,2768073442
2025-06-19 12:22:00,REAL,2768073442,10253,2768083695,2768083695
2025-06-19 12:22:02,REAL,2768083695,10253,2768093948,2768093948
2025-06-19 12:22:04,REAL,2768093948,9269,2768103217,2768103217
2025-06-19 12:22:06,REAL,2768103217,483,2768103700,2768103700
2025-06-19 12:22:08,REAL,2768103700,482,2768104182,2768104182
2025-06-19 12:22:10,REAL,2768104182,476,2768104658,2768104658
2025-06-19 12:22:12,REAL,2768104658,480,2768105138,2768105138
2025-06-19 12:22:14,REAL,2768105138,489,2768105627,2768105627
2025-06-19 12:22:16,REAL,2768105627,539,2768106166,2768106166
2025-06-19 12:22:18,REAL,2768106166,489,2768106655,2768106655
2025-06-19 12:22:20,REAL,2768106655,484,2768107139,2768107139
2025-06-19 12:22:22,REAL,2768107139,483,2768107622,2768107622
2025-06-19 12:22:24,REAL,2768107622,483,2768108105,2768108105
2025-06-19 12:22:26,REAL,2768108105,490,2768108595,2768108595
2025-06-19 12:22:28,REAL,2768108595,540,2768109135,2768109135
2025-06-19 12:22:30,REAL,2768109135,478,2768109613,2768109613
2025-06-19 12:22:32,REAL,2768109613,485,2768110098,2768110098
2025-06-19 12:22:34,REAL,2768110098,490,2768110588,2768110588
2025-06-19 12:22:36,REAL,2768110588,480,2768111068,2768111068
2025-06-19 12:22:38,REAL,2768111068,476,2768111544,2768111544
2025-06-19 12:22:40,REAL,2768111544,486,2768112030,2768112030
2025-06-19 12:22:42,REAL,2768112030,480,2768112510,2768112510
2025-06-19 12:22:44,REAL,2768112510,489,2768112999,2768112999
2025-06-19 12:22:46,REAL,2768112999,483,2768113482,2768113482
2025-06-19 12:22:48,REAL,2768113482,484,2768113966,2768113966
2025-06-19 12:22:50,REAL,2768113966,481,2768114447,2768114447
2025-06-19 12:22:52,REAL,2768114447,538,2768114985,2768114985
2025-06-19 12:22:54,REAL,2768114985,476,2768115461,2768115461
2025-06-19 12:22:56,REAL,2768115461,486,2768115947,2768115947
2025-06-19 12:22:58,REAL,2768115947,475,2768116422,2768116422
2025-06-19 12:23:00,REAL,2768116422,482,2768116904,2768116904
2025-06-19 12:23:02,REAL,2768116904,480,2768117384,2768117384
2025-06-19 12:23:04,REAL,2768117384,481,2768117865,2768117865
2025-06-19 12:23:06,REAL,2768117865,486,2768118351,2768118351
2025-06-19 12:23:08,REAL,2768118351,550,2768118901,2768118901
2025-06-19 12:23:10,REAL,2768118901,476,2768119377,2768119377
2025-06-19 12:23:12,REAL,2768119377,487,2768119864,2768119864
2025-06-19 12:23:14,REAL,2768119864,482,2768120346,2768120346
2025-06-19 12:23:16,REAL,2768120346,490,2768120836,2768120836
2025-06-19 12:23:18,REAL,2768120836,474,2768121310,2768121310
2025-06-19 12:23:20,REAL,2768121310,475,2768121785,2768121785
2025-06-19 12:23:22,REAL,2768121785,481,2768122266,2768122266
2025-06-19 12:23:24,REAL,2768122266,481,2768122747,2768122747
2025-06-19 12:23:26,REAL,2768122747,486,2768123233,2768123233
2025-06-19 12:23:28,REAL,2768123233,479,2768123712,2768123712
2025-06-19 12:23:30,REAL,2768123712,538,2768124250,2768124250
2025-06-19 12:23:32,REAL,2768124250,484,2768124734,2768124734
2025-06-19 12:23:34,REAL,2768124734,488,2768125222,2768125222
2025-06-19 12:23:36,REAL,2768125222,483,2768125705,2768125705
2025-06-19 12:23:38,REAL,2768125705,485,2768126190,2768126190
2025-06-19 12:23:40,REAL,2768126190,477,2768126667,2768126667
2025-06-19 12:23:42,REAL,2768126667,482,2768127149,2768127149
2025-06-19 12:23:44,REAL,2768127149,483,2768127632,2768127632
2025-06-19 12:23:46,REAL,2768127632,493,2768128125,2768128125
2025-06-19 12:23:48,REAL,2768128125,484,2768128609,2768128609
2025-06-19 12:23:50,REAL,2768128609,545,2768129154,2768129154
2025-06-19 12:23:52,REAL,2768129154,483,2768129637,2768129637
2025-06-19 12:23:54,REAL,2768129637,484,2768130121,2768130121
2025-06-19 12:23:56,REAL,2768130121,476,2768130597,2768130597
2025-06-19 12:23:58,REAL,2768130597,488,2768131085,2768131085
2025-06-19 12:24:00,REAL,2768131085,483,2768131568,2768131568
2025-06-19 12:24:02,REAL,2768131568,477,2768132045,2768132045
2025-06-19 12:24:04,REAL,2768132045,479,2768132524,2768132524
2025-06-19 12:24:06,REAL,2768132524,539,2768133063,2768133063
2025-06-19 12:24:08,REAL,2768133063,486,2768133549,2768133549
2025-06-19 12:24:10,REAL,2768133549,487,2768134036,2768134036
2025-06-19 12:24:12,REAL,2768134036,490,2768134526,2768134526
2025-06-19 12:24:14,REAL,2768134526,483,2768135009,2768135009
2025-06-19 12:24:16,REAL,2768135009,484,2768135493,2768135493
2025-06-19 12:24:18,REAL,2768135493,486,2768135979,2768135979
2025-06-19 12:24:20,REAL,2768135979,484,2768136463,2768136463
2025-06-19 12:24:22,REAL,2768136463,480,2768136943,2768136943
2025-06-19 12:24:24,REAL,2768136943,482,2768137425,2768137425
2025-06-19 12:24:26,REAL,2768137425,485,2768137910,2768137910
2025-06-19 12:24:28,REAL,2768137910,492,2768138402,2768138402
2025-06-19 12:24:30,REAL,2768138402,543,2768138945,2768138945
2025-06-19 12:24:32,REAL,2768138945,489,2768139434,2768139434
2025-06-19 12:24:34,REAL,2768139434,481,2768139915,2768139915
2025-06-19 12:24:36,REAL,2768139915,490,2768140405,2768140405
2025-06-19 12:24:38,REAL,2768140405,489,2768140894,2768140894
2025-06-19 12:24:40,REAL,2768140894,482,2768141376,2768141376
2025-06-19 12:24:42,REAL,2768141376,541,2768141917,2768141917
2025-06-19 12:24:44,REAL,2768141917,478,2768142395,2768142395
2025-06-19 12:24:46,REAL,2768142395,479,2768142874,2768142874
2025-06-19 12:24:48,REAL,2768142874,484,2768143358,2768143358
2025-06-19 12:24:50,REAL,2768143358,481,2768143839,2768143839
2025-06-19 12:24:52,REAL,2768143839,483,2768144322,2768144322
2025-06-19 12:24:54,REAL,2768144322,486,2768144808,2768144808
2025-06-19 12:24:56,REAL,2768144808,486,2768145294,2768145294
2025-06-19 12:24:58,REAL,2768145294,486,2768145780,2768145780
2025-06-19 12:25:00,REAL,2768145780,484,2768146264,2768146264
2025-06-19 12:25:02,REAL,2768146264,481,2768146745,2768146745
2025-06-19 12:25:04,REAL,2768146745,483,2768147228,2768147228
2025-06-19 12:25:06,REAL,2768147228,483,2768147711,2768147711
2025-06-19 12:25:08,REAL,2768147711,477,2768148188,2768148188
2025-06-19 12:25:10,REAL,2768148188,490,2768148678,2768148678
2025-06-19 12:25:12,REAL,2768148678,535,2768149213,2768149213
2025-06-19 12:25:14,REAL,2768149213,487,2768149700,2768149700
2025-06-19 12:25:16,REAL,2768149700,547,2768150247,2768150247
2025-06-19 12:25:18,REAL,2768150247,483,2768150730,2768150730
2025-06-19 12:25:20,REAL,2768150730,481,2768151211,2768151211
2025-06-19 12:25:22,REAL,2768151211,485,2768151696,2768151696
2025-06-19 12:25:24,REAL,2768151696,486,2768152182,2768152182
2025-06-19 12:25:26,REAL,2768152182,6165,2768158347,2768158347
2025-06-19 12:25:28,REAL,2768158347,10977,2768169324,2768169324
2025-06-19 12:25:30,REAL,2768169324,10011,2768179335,2768179335
2025-06-19 12:25:32,REAL,2768179335,10248,2768189583,2768189583
2025-06-19 12:25:34,REAL,2768189583,10316,2768199899,2768199899
2025-06-19 12:25:36,REAL,2768199899,10245,2768210144,2768210144
2025-06-19 12:25:38,REAL,2768210144,10256,2768220400,2768220400
2025-06-19 12:25:40,REAL,2768220400,10323,2768230723,2768230723
2025-06-19 12:25:42,REAL,2768230723,483,2768231206,2768231206
2025-06-19 12:25:44,REAL,2768231206,481,2768231687,2768231687
2025-06-19 12:25:46,REAL,2768231687,490,2768232177,2768232177
2025-06-19 12:25:48,REAL,2768232177,487,2768232664,2768232664
2025-06-19 12:25:50,REAL,2768232664,481,2768233145,2768233145
2025-06-19 12:25:52,REAL,2768233145,484,2768233629,2768233629
2025-06-19 12:25:54,REAL,2768233629,544,2768234173,2768234173
2025-06-19 12:25:56,REAL,2768234173,481,2768234654,2768234654
2025-06-19 12:25:58,REAL,2768234654,481,2768235135,2768235135
2025-06-19 12:26:00,REAL,2768235135,542,2768235677,2768235677
2025-06-19 12:26:02,REAL,2768235677,486,2768236163,2768236163
2025-06-19 12:26:04,REAL,2768236163,480,2768236643,2768236643
2025-06-19 12:26:06,REAL,2768236643,479,2768237122,2768237122
2025-06-19 12:26:08,REAL,2768237122,483,2768237605,2768237605
2025-06-19 12:26:10,REAL,2768237605,490,2768238095,2768238095
2025-06-19 12:26:12,REAL,2768238095,493,2768238588,2768238588
2025-06-19 12:26:14,REAL,2768238588,490,2768239078,2768239078
2025-06-19 12:26:16,REAL,2768239078,492,2768239570,2768239570
2025-06-19 12:26:18,REAL,2768239570,480,2768240050,2768240050
2025-06-19 12:26:20,REAL,2768240050,489,2768240539,2768240539
2025-06-19 12:26:22,REAL,2768240539,479,2768241018,2768241018
2025-06-19 12:26:24,REAL,2768241018,480,2768241498,2768241498
2025-06-19 12:26:26,REAL,2768241498,483,2768241981,2768241981
2025-06-19 12:26:28,REAL,2768241981,484,2768242465,2768242465
2025-06-19 12:26:30,REAL,2768242465,543,2768243008,2768243008
2025-06-19 12:26:32,REAL,2768243008,483,2768243491,2768243491
2025-06-19 12:26:34,REAL,2768243491,486,2768243977,2768243977
2025-06-19 12:26:36,REAL,2768243977,548,2768244525,2768244525
2025-06-19 12:26:38,REAL,2768244525,490,2768245015,2768245015
2025-06-19 12:26:40,REAL,2768245015,490,2768245505,2768245505
2025-06-19 12:26:42,REAL,2768245505,479,2768245984,2768245984
2025-06-19 12:26:44,REAL,2768245984,488,2768246472,2768246472
2025-06-19 12:26:46,REAL,2768246472,9934,2768256406,2768256406
2025-06-19 12:26:48,REAL,2768256406,11966,2768268372,2768268372
2025-06-19 12:26:50,REAL,2768268372,10324,2768278696,2768278696
2025-06-19 12:26:52,REAL,2768278696,10261,2768288957,2768288957
2025-06-19 12:26:54,REAL,2768288957,10317,2768299274,2768299274
2025-06-19 12:26:56,REAL,2768299274,10318,2768309592,2768309592
2025-06-19 12:26:58,REAL,2768309592,10255,2768319847,2768319847
2025-06-19 12:27:00,REAL,2768319847,8862,2768328709,2768328709
2025-06-19 12:27:02,REAL,2768328709,483,2768329192,2768329192
2025-06-19 12:27:04,REAL,2768329192,474,2768329666,2768329666
2025-06-19 12:27:06,REAL,2768329666,533,2768330199,2768330199
2025-06-19 12:27:08,REAL,2768330199,484,2768330683,2768330683
2025-06-19 12:27:10,REAL,2768330683,476,2768331159,2768331159
2025-06-19 12:27:12,REAL,2768331159,491,2768331650,2768331650
2025-06-19 12:27:14,REAL,2768331650,487,2768332137,2768332137
2025-06-19 12:27:16,REAL,2768332137,482,2768332619,2768332619
2025-06-19 12:27:18,REAL,2768332619,475,2768333094,2768333094
2025-06-19 12:27:20,REAL,2768333094,537,2768333631,2768333631
2025-06-19 12:27:22,REAL,2768333631,485,2768334116,2768334116
2025-06-19 12:27:24,REAL,2768334116,480,2768334596,2768334596
2025-06-19 12:27:26,REAL,2768334596,489,2768335085,2768335085
2025-06-19 12:27:28,REAL,2768335085,486,2768335571,2768335571
2025-06-19 12:27:30,REAL,2768335571,492,2768336063,2768336063
2025-06-19 12:27:32,REAL,2768336063,483,2768336546,2768336546
2025-06-19 12:27:34,REAL,2768336546,543,2768337089,2768337089
2025-06-19 12:27:36,REAL,2768337089,482,2768337571,2768337571
2025-06-19 12:27:38,REAL,2768337571,484,2768338055,2768338055
2025-06-19 12:27:40,REAL,2768338055,476,2768338531,2768338531
2025-06-19 12:27:42,REAL,2768338531,491,2768339022,2768339022
2025-06-19 12:27:44,REAL,2768339022,483,2768339505,2768339505
2025-06-19 12:27:46,REAL,2768339505,483,2768339988,2768339988
2025-06-19 12:27:48,REAL,2768339988,490,2768340478,2768340478
2025-06-19 12:27:50,REAL,2768340478,489,2768340967,2768340967
2025-06-19 12:27:52,REAL,2768340967,484,2768341451,2768341451
2025-06-19 12:27:54,REAL,2768341451,482,2768341933,2768341933
2025-06-19 12:27:56,REAL,2768341933,538,2768342471,2768342471
2025-06-19 12:27:58,REAL,2768342471,492,2768342963,2768342963
2025-06-19 12:28:00,REAL,2768342963,540,2768343503,2768343503
2025-06-19 12:28:02,REAL,2768343503,477,2768343980,2768343980
2025-06-19 12:28:04,REAL,2768343980,483,2768344463,2768344463
2025-06-19 12:28:06,REAL,2768344463,10326,2768354789,2768354789
2025-06-19 12:28:08,REAL,2768354789,10507,2768365296,2768365296
2025-06-19 12:28:10,REAL,2768365296,10314,2768375610,2768375610
2025-06-19 12:28:12,REAL,2768375610,10252,2768385862,2768385862
2025-06-19 12:28:14,REAL,2768385862,10254,2768396116,2768396116
2025-06-19 12:28:16,REAL,2768396116,10319,2768406435,2768406435
2025-06-19 12:28:18,REAL,2768406435,10255,2768416690,2768416690
2025-06-19 12:28:20,REAL,2768416690,7224,2768423914,2768423914
2025-06-19 12:28:22,REAL,2768423914,478,2768424392,2768424392
2025-06-19 12:28:24,REAL,2768424392,487,2768424879,2768424879
2025-06-19 12:28:26,REAL,2768424879,536,2768425415,2768425415
2025-06-19 12:28:28,REAL,2768425415,485,2768425900,2768425900
2025-06-19 12:28:30,REAL,2768425900,483,2768426383,2768426383
2025-06-19 12:28:32,REAL,2768426383,489,2768426872,2768426872
2025-06-19 12:28:34,REAL,2768426872,480,2768427352,2768427352
2025-06-19 12:28:36,REAL,2768427352,484,2768427836,2768427836
2025-06-19 12:28:38,REAL,2768427836,482,2768428318,2768428318
2025-06-19 12:28:40,REAL,2768428318,542,2768428860,2768428860
2025-06-19 12:28:42,REAL,2768428860,485,2768429345,2768429345
2025-06-19 12:28:44,REAL,2768429345,484,2768429829,2768429829
2025-06-19 12:28:46,REAL,2768429829,483,2768430312,2768430312
2025-06-19 12:28:48,REAL,2768430312,480,2768430792,2768430792
2025-06-19 12:28:50,REAL,2768430792,479,2768431271,2768431271
2025-06-19 12:28:52,REAL,2768431271,481,2768431752,2768431752
2025-06-19 12:28:54,REAL,2768431752,535,2768432287,2768432287
2025-06-19 12:28:56,REAL,2768432287,484,2768432771,2768432771
2025-06-19 12:28:58,REAL,2768432771,478,2768433249,2768433249
2025-06-19 12:29:00,REAL,2768433249,480,2768433729,2768433729
2025-06-19 12:29:02,REAL,2768433729,482,2768434211,2768434211
2025-06-19 12:29:04,REAL,2768434211,10659,2768444870,2768444870
2025-06-19 12:29:06,REAL,2768444870,10383,2768455253,2768455253
2025-06-19 12:29:08,REAL,2768455253,10248,2768465501,2768465501
2025-06-19 12:29:10,REAL,2768465501,10321,2768475822,2768475822
2025-06-19 12:29:12,REAL,2768475822,10246,2768486068,2768486068
2025-06-19 12:29:14,REAL,2768486068,10314,2768496382,2768496382
2025-06-19 12:29:16,REAL,2768496382,10249,2768506631,2768506631
2025-06-19 12:29:18,REAL,2768506631,6364,2768512995,2768512995
2025-06-19 12:29:20,REAL,2768512995,535,2768513530,2768513530
2025-06-19 12:29:22,REAL,2768513530,485,2768514015,2768514015
2025-06-19 12:29:24,REAL,2768514015,486,2768514501,2768514501
2025-06-19 12:29:26,REAL,2768514501,490,2768514991,2768514991
2025-06-19 12:29:28,REAL,2768514991,489,2768515480,2768515480
2025-06-19 12:29:30,REAL,2768515480,485,2768515965,2768515965
2025-06-19 12:29:32,REAL,2768515965,487,2768516452,2768516452
2025-06-19 12:29:34,REAL,2768516452,486,2768516938,2768516938
2025-06-19 12:29:36,REAL,2768516938,491,2768517429,2768517429
2025-06-19 12:29:38,REAL,2768517429,542,2768517971,2768517971
2025-06-19 12:29:40,REAL,2768517971,482,2768518453,2768518453
2025-06-19 12:29:42,REAL,2768518453,481,2768518934,2768518934
2025-06-19 12:29:44,REAL,2768518934,490,2768519424,2768519424
2025-06-19 12:29:46,REAL,2768519424,601,2768520025,2768520025
2025-06-19 12:29:48,REAL,2768520025,478,2768520503,2768520503
2025-06-19 12:29:50,REAL,2768520503,482,2768520985,2768520985
2025-06-19 12:29:52,REAL,2768520985,482,2768521467,2768521467
2025-06-19 12:29:54,REAL,2768521467,489,2768521956,2768521956
2025-06-19 12:29:56,REAL,2768521956,488,2768522444,2768522444
2025-06-19 12:29:58,REAL,2768522444,484,2768522928,2768522928
2025-06-19 12:30:00,REAL,2768522928,483,2768523411,2768523411
2025-06-19 12:30:02,REAL,2768523411,485,2768523896,2768523896
2025-06-19 12:30:04,REAL,2768523896,488,2768524384,2768524384
2025-06-19 12:30:06,REAL,2768524384,482,2768524866,2768524866
2025-06-19 12:30:08,REAL,2768524866,486,2768525352,2768525352
2025-06-19 12:30:10,REAL,2768525352,485,2768525837,2768525837
2025-06-19 12:30:12,REAL,2768525837,540,2768526377,2768526377
2025-06-19 12:30:14,REAL,2768526377,539,2768526916,2768526916
2025-06-19 12:30:16,REAL,2768526916,480,2768527396,2768527396
2025-06-19 12:30:18,REAL,2768527396,491,2768527887,2768527887
2025-06-19 12:30:20,REAL,2768527887,486,2768528373,2768528373
2025-06-19 12:30:22,REAL,2768528373,489,2768528862,2768528862
2025-06-19 12:30:24,REAL,2768528862,492,2768529354,2768529354
2025-06-19 12:30:26,REAL,2768529354,489,2768529843,2768529843
2025-06-19 12:30:28,REAL,2768529843,486,2768530329,2768530329
2025-06-19 12:30:30,REAL,2768530329,491,2768530820,2768530820
2025-06-19 12:30:32,REAL,2768530820,483,2768531303,2768531303
2025-06-19 12:30:34,REAL,2768531303,490,2768531793,2768531793
2025-06-19 12:30:36,REAL,2768531793,491,2768532284,2768532284
2025-06-19 12:30:38,REAL,2768532284,481,2768532765,2768532765
2025-06-19 12:30:40,REAL,2768532765,535,2768533300,2768533300
2025-06-19 12:30:42,REAL,2768533300,479,2768533779,2768533779
2025-06-19 12:30:44,REAL,2768533779,483,2768534262,2768534262
2025-06-19 12:30:46,REAL,2768534262,485,2768534747,2768534747
2025-06-19 12:30:48,REAL,2768534747,540,2768535287,2768535287
2025-06-19 12:30:50,REAL,2768535287,487,2768535774,2768535774
2025-06-19 12:30:52,REAL,2768535774,486,2768536260,2768536260
2025-06-19 12:30:54,REAL,2768536260,478,2768536738,2768536738
2025-06-19 12:30:56,REAL,2768536738,484,2768537222,2768537222
2025-06-19 12:30:58,REAL,2768537222,480,2768537702,2768537702
2025-06-19 12:31:00,REAL,2768537702,490,2768538192,2768538192
2025-06-19 12:31:02,REAL,2768538192,491,2768538683,2768538683
2025-06-19 12:31:04,REAL,2768538683,488,2768539171,2768539171
2025-06-19 12:31:06,REAL,2768539171,546,2768539717,2768539717
2025-06-19 12:31:08,REAL,2768539717,486,2768540203,2768540203
2025-06-19 12:31:10,REAL,2768540203,481,2768540684,2768540684
2025-06-19 12:31:12,REAL,2768540684,482,2768541166,2768541166
2025-06-19 12:31:14,REAL,2768541166,480,2768541646,2768541646
2025-06-19 12:31:16,REAL,2768541646,483,2768542129,2768542129
2025-06-19 12:31:18,REAL,2768542129,485,2768542614,2768542614
2025-06-19 12:31:20,REAL,2768542614,540,2768543154,2768543154
2025-06-19 12:31:22,REAL,2768543154,481,2768543635,2768543635
2025-06-19 12:31:24,REAL,2768543635,485,2768544120,2768544120
2025-06-19 12:31:26,REAL,2768544120,7951,2768552071,2768552071
2025-06-19 12:31:28,REAL,2768552071,11053,2768563124,2768563124
2025-06-19 12:31:30,REAL,2768563124,10257,2768573381,2768573381
2025-06-19 12:31:32,REAL,2768573381,10314,2768583695,2768583695
2025-06-19 12:31:34,REAL,2768583695,10322,2768594017,2768594017
2025-06-19 12:31:36,REAL,2768594017,10254,2768604271,2768604271
2025-06-19 12:31:38,REAL,2768604271,10251,2768614522,2768614522
2025-06-19 12:31:40,REAL,2768614522,8809,2768623331,2768623331
2025-06-19 12:31:42,REAL,2768623331,484,2768623815,2768623815
2025-06-19 12:31:44,REAL,2768623815,475,2768624290,2768624290
2025-06-19 12:31:46,REAL,2768624290,487,2768624777,2768624777
2025-06-19 12:31:48,REAL,2768624777,482,2768625259,2768625259
2025-06-19 12:31:50,REAL,2768625259,489,2768625748,2768625748
2025-06-19 12:31:52,REAL,2768625748,483,2768626231,2768626231
2025-06-19 12:31:54,REAL,2768626231,485,2768626716,2768626716
2025-06-19 12:31:56,REAL,2768626716,540,2768627256,2768627256
2025-06-19 12:31:58,REAL,2768627256,11388,2768638644,2768638644
2025-06-19 12:32:00,REAL,2768638644,11633,2768650277,2768650277
2025-06-19 12:32:02,REAL,2768650277,10252,2768660529,2768660529
2025-06-19 12:32:04,REAL,2768660529,10247,2768670776,2768670776
2025-06-19 12:32:06,REAL,2768670776,10257,2768681033,2768681033
2025-06-19 12:32:08,REAL,2768681033,10381,2768691414,2768691414
2025-06-19 12:32:10,REAL,2768691414,10243,2768701657,2768701657
2025-06-19 12:32:12,REAL,2768701657,8144,2768709801,2768709801
2025-06-19 12:32:14,REAL,2768709801,482,2768710283,2768710283
2025-06-19 12:32:16,REAL,2768710283,491,2768710774,2768710774
2025-06-19 12:32:18,REAL,2768710774,478,2768711252,2768711252
2025-06-19 12:32:20,REAL,2768711252,484,2768711736,2768711736
2025-06-19 12:32:22,REAL,2768711736,486,2768712222,2768712222
2025-06-19 12:32:24,REAL,2768712222,487,2768712709,2768712709
2025-06-19 12:32:26,REAL,2768712709,476,2768713185,2768713185
2025-06-19 12:32:28,REAL,2768713185,482,2768713667,2768713667
2025-06-19 12:32:30,REAL,2768713667,8935,2768722602,2768722602
2025-06-19 12:32:32,REAL,2768722602,10388,2768732990,2768732990
2025-06-19 12:32:34,REAL,2768732990,10261,2768743251,2768743251
2025-06-19 12:32:36,REAL,2768743251,10250,2768753501,2768753501
2025-06-19 12:32:38,REAL,2768753501,10254,2768763755,2768763755
2025-06-19 12:32:40,REAL,2768763755,10313,2768774068,2768774068
2025-06-19 12:32:42,REAL,2768774068,10312,2768784380,2768784380
2025-06-19 12:32:44,REAL,2768784380,7472,2768791852,2768791852
2025-06-19 12:32:46,REAL,2768791852,482,2768792334,2768792334
2025-06-19 12:32:48,REAL,2768792334,481,2768792815,2768792815
2025-06-19 12:32:50,REAL,2768792815,483,2768793298,2768793298
2025-06-19 12:32:52,REAL,2768793298,476,2768793774,2768793774
2025-06-19 12:32:54,REAL,2768793774,486,2768794260,2768794260
2025-06-19 12:32:56,REAL,2768794260,482,2768794742,2768794742
2025-06-19 12:32:58,REAL,2768794742,484,2768795226,2768795226
2025-06-19 12:33:00,REAL,2768795226,478,2768795704,2768795704
2025-06-19 12:33:02,REAL,2768795704,10399,2768806103,2768806103
2025-06-19 12:33:04,REAL,2768806103,10518,2768816621,2768816621
2025-06-19 12:33:06,REAL,2768816621,10250,2768826871,2768826871
2025-06-19 12:33:08,REAL,2768826871,10252,2768837123,2768837123
2025-06-19 12:33:10,REAL,2768837123,10253,2768847376,2768847376
2025-06-19 12:33:12,REAL,2768847376,10253,2768857629,2768857629
2025-06-19 12:33:14,REAL,2768857629,10254,2768867883,2768867883
2025-06-19 12:33:16,REAL,2768867883,6953,2768874836,2768874836
2025-06-19 12:33:18,REAL,2768874836,537,2768875373,2768875373
2025-06-19 12:33:20,REAL,2768875373,491,2768875864,2768875864
2025-06-19 12:33:22,REAL,2768875864,478,2768876342,2768876342
2025-06-19 12:33:24,REAL,2768876342,486,2768876828,2768876828
2025-06-19 12:33:26,REAL,2768876828,483,2768877311,2768877311
2025-06-19 12:33:28,REAL,2768877311,487,2768877798,2768877798
2025-06-19 12:33:30,REAL,2768877798,485,2768878283,2768878283
2025-06-19 12:33:32,REAL,2768878283,538,2768878821,2768878821
2025-06-19 12:33:34,REAL,2768878821,479,2768879300,2768879300
2025-06-19 12:33:36,REAL,2768879300,478,2768879778,2768879778
2025-06-19 12:33:38,REAL,2768879778,488,2768880266,2768880266
2025-06-19 12:33:40,REAL,2768880266,484,2768880750,2768880750
2025-06-19 12:33:42,REAL,2768880750,481,2768881231,2768881231
2025-06-19 12:33:44,REAL,2768881231,481,2768881712,2768881712
2025-06-19 12:33:46,REAL,2768881712,482,2768882194,2768882194
2025-06-19 12:33:48,REAL,2768882194,474,2768882668,2768882668
2025-06-19 12:33:50,REAL,2768882668,480,2768883148,2768883148
2025-06-19 12:33:52,REAL,2768883148,475,2768883623,2768883623
2025-06-19 12:33:54,REAL,2768883623,537,2768884160,2768884160
2025-06-19 12:33:56,REAL,2768884160,480,2768884640,2768884640
2025-06-19 12:33:58,REAL,2768884640,484,2768885124,2768885124
2025-06-19 12:34:00,REAL,2768885124,485,2768885609,2768885609
2025-06-19 12:34:02,REAL,2768885609,477,2768886086,2768886086
2025-06-19 12:34:04,REAL,2768886086,489,2768886575,2768886575
2025-06-19 12:34:06,REAL,2768886575,11779,2768898354,2768898354
2025-06-19 12:34:08,REAL,2768898354,10322,2768908676,2768908676
2025-06-19 12:34:10,REAL,2768908676,10253,2768918929,2768918929
2025-06-19 12:34:12,REAL,2768918929,10323,2768929252,2768929252
2025-06-19 12:34:14,REAL,2768929252,10256,2768939508,2768939508
2025-06-19 12:34:16,REAL,2768939508,10248,2768949756,2768949756
2025-06-19 12:34:18,REAL,2768949756,10324,2768960080,2768960080
2025-06-19 12:34:20,REAL,2768960080,5633,2768965713,2768965713
2025-06-19 12:34:22,REAL,2768965713,483,2768966196,2768966196
2025-06-19 12:34:24,REAL,2768966196,488,2768966684,2768966684
2025-06-19 12:34:26,REAL,2768966684,482,2768967166,2768967166
2025-06-19 12:34:28,REAL,2768967166,485,2768967651,2768967651
2025-06-19 12:34:30,REAL,2768967651,547,2768968198,2768968198
2025-06-19 12:34:32,REAL,2768968198,490,2768968688,2768968688
2025-06-19 12:34:34,REAL,2768968688,482,2768969170,2768969170
2025-06-19 12:34:36,REAL,2768969170,534,2768969704,2768969704
2025-06-19 12:34:38,REAL,2768969704,488,2768970192,2768970192
2025-06-19 12:34:40,REAL,2768970192,487,2768970679,2768970679
2025-06-19 12:34:42,REAL,2768970679,483,2768971162,2768971162
2025-06-19 12:34:44,REAL,2768971162,485,2768971647,2768971647
2025-06-19 12:34:46,REAL,2768971647,483,2768972130,2768972130
2025-06-19 12:34:48,REAL,2768972130,484,2768972614,2768972614
2025-06-19 12:34:50,REAL,2768972614,493,2768973107,2768973107
2025-06-19 12:34:52,REAL,2768973107,481,2768973588,2768973588
2025-06-19 12:34:54,REAL,2768973588,484,2768974072,2768974072
2025-06-19 12:34:56,REAL,2768974072,489,2768974561,2768974561
2025-06-19 12:34:58,REAL,2768974561,7162,2768981723,2768981723
2025-06-19 12:35:00,REAL,2768981723,10845,2768992568,2768992568
2025-06-19 12:35:02,REAL,2768992568,10320,2769002888,2769002888
2025-06-19 12:35:04,REAL,2769002888,10255,2769013143,2769013143
2025-06-19 12:35:06,REAL,2769013143,10305,2769023448,2769023448
2025-06-19 12:35:08,REAL,2769023448,10255,2769033703,2769033703
2025-06-19 12:35:10,REAL,2769033703,10324,2769044027,2769044027
2025-06-19 12:35:12,REAL,2769044027,9597,2769053624,2769053624
2025-06-19 12:35:14,REAL,2769053624,485,2769054109,2769054109
2025-06-19 12:35:16,REAL,2769054109,487,2769054596,2769054596
2025-06-19 12:35:18,REAL,2769054596,478,2769055074,2769055074
2025-06-19 12:35:20,REAL,2769055074,483,2769055557,2769055557
2025-06-19 12:35:22,REAL,2769055557,477,2769056034,2769056034
2025-06-19 12:35:24,REAL,2769056034,486,2769056520,2769056520
2025-06-19 12:35:26,REAL,2769056520,479,2769056999,2769056999
2025-06-19 12:35:28,REAL,2769056999,484,2769057483,2769057483
2025-06-19 12:35:30,REAL,2769057483,7738,2769065221,2769065221
2025-06-19 12:35:32,REAL,2769065221,10509,2769075730,2769075730
2025-06-19 12:35:34,REAL,2769075730,10252,2769085982,2769085982
2025-06-19 12:35:36,REAL,2769085982,10319,2769096301,2769096301
2025-06-19 12:35:38,REAL,2769096301,10246,2769106547,2769106547
2025-06-19 12:35:40,REAL,2769106547,10312,2769116859,2769116859
2025-06-19 12:35:42,REAL,2769116859,10253,2769127112,2769127112
2025-06-19 12:35:44,REAL,2769127112,8933,2769136045,2769136045
2025-06-19 12:35:46,REAL,2769136045,482,2769136527,2769136527
2025-06-19 12:35:48,REAL,2769136527,474,2769137001,2769137001
2025-06-19 12:35:50,REAL,2769137001,491,2769137492,2769137492
2025-06-19 12:35:52,REAL,2769137492,544,2769138036,2769138036
2025-06-19 12:35:54,REAL,2769138036,478,2769138514,2769138514
2025-06-19 12:35:56,REAL,2769138514,489,2769139003,2769139003
2025-06-19 12:35:58,REAL,2769139003,490,2769139493,2769139493
2025-06-19 12:36:00,REAL,2769139493,476,2769139969,2769139969
2025-06-19 12:36:02,REAL,2769139969,483,2769140452,2769140452
2025-06-19 12:36:04,REAL,2769140452,491,2769140943,2769140943
2025-06-19 12:36:06,REAL,2769140943,490,2769141433,2769141433
2025-06-19 12:36:08,REAL,2769141433,493,2769141926,2769141926
2025-06-19 12:36:10,REAL,2769141926,490,2769142416,2769142416
2025-06-19 12:36:12,REAL,2769142416,486,2769142902,2769142902
2025-06-19 12:36:14,REAL,2769142902,541,2769143443,2769143443
2025-06-19 12:36:16,REAL,2769143443,541,2769143984,2769143984
2025-06-19 12:36:18,REAL,2769143984,476,2769144460,2769144460
2025-06-19 12:36:20,REAL,2769144460,484,2769144944,2769144944
2025-06-19 12:36:22,REAL,2769144944,8024,2769152968,2769152968
2025-06-19 12:36:24,REAL,2769152968,11181,2769164149,2769164149
2025-06-19 12:36:26,REAL,2769164149,10250,2769174399,2769174399
2025-06-19 12:36:28,REAL,2769174399,10257,2769184656,2769184656
2025-06-19 12:36:30,REAL,2769184656,10248,2769194904,2769194904
2025-06-19 12:36:32,REAL,2769194904,10319,2769205223,2769205223
2025-06-19 12:36:34,REAL,2769205223,10262,2769215485,2769215485
2025-06-19 12:36:36,REAL,2769215485,8461,2769223946,2769223946
2025-06-19 12:36:38,REAL,2769223946,490,2769224436,2769224436
2025-06-19 12:36:40,REAL,2769224436,477,2769224913,2769224913
2025-06-19 12:36:42,REAL,2769224913,475,2769225388,2769225388
2025-06-19 12:36:44,REAL,2769225388,542,2769225930,2769225930
2025-06-19 12:36:46,REAL,2769225930,482,2769226412,2769226412
2025-06-19 12:36:48,REAL,2769226412,492,2769226904,2769226904
2025-06-19 12:36:50,REAL,2769226904,485,2769227389,2769227389
2025-06-19 12:36:52,REAL,2769227389,539,2769227928,2769227928
2025-06-19 12:36:54,REAL,2769227928,9600,2769237528,2769237528
2025-06-19 12:36:56,REAL,2769237528,10642,2769248170,2769248170
2025-06-19 12:36:58,REAL,2769248170,10247,2769258417,2769258417
2025-06-19 12:37:00,REAL,2769258417,10323,2769268740,2769268740
2025-06-19 12:37:02,REAL,2769268740,10254,2769278994,2769278994
2025-06-19 12:37:04,REAL,2769278994,10247,2769289241,2769289241
2025-06-19 12:37:06,REAL,2769289241,10257,2769299498,2769299498
2025-06-19 12:37:08,REAL,2769299498,7872,2769307370,2769307370
2025-06-19 12:37:10,REAL,2769307370,484,2769307854,2769307854
2025-06-19 12:37:12,REAL,2769307854,488,2769308342,2769308342
2025-06-19 12:37:14,REAL,2769308342,485,2769308827,2769308827
2025-06-19 12:37:16,REAL,2769308827,542,2769309369,2769309369
2025-06-19 12:37:18,REAL,2769309369,482,2769309851,2769309851
2025-06-19 12:37:20,REAL,2769309851,477,2769310328,2769310328
2025-06-19 12:37:22,REAL,2769310328,493,2769310821,2769310821
2025-06-19 12:37:24,REAL,2769310821,481,2769311302,2769311302
2025-06-19 12:37:26,REAL,2769311302,491,2769311793,2769311793
2025-06-19 12:37:28,REAL,2769311793,535,2769312328,2769312328
2025-06-19 12:37:30,REAL,2769312328,483,2769312811,2769312811
2025-06-19 12:37:32,REAL,2769312811,479,2769313290,2769313290
2025-06-19 12:37:34,REAL,2769313290,486,2769313776,2769313776
2025-06-19 12:37:36,REAL,2769313776,10325,2769324101,2769324101
2025-06-19 12:37:38,REAL,2769324101,9462,2769333563,2769333563
2025-06-19 12:37:40,REAL,2769333563,10316,2769343879,2769343879
2025-06-19 12:37:42,REAL,2769343879,10255,2769354134,2769354134
2025-06-19 12:37:44,REAL,2769354134,10259,2769364393,2769364393
2025-06-19 12:37:46,REAL,2769364393,10314,2769374707,2769374707
2025-06-19 12:37:48,REAL,2769374707,10247,2769384954,2769384954
2025-06-19 12:37:50,REAL,2769384954,7280,2769392234,2769392234
2025-06-19 12:37:52,REAL,2769392234,479,2769392713,2769392713
2025-06-19 12:37:54,REAL,2769392713,484,2769393197,2769393197
2025-06-19 12:37:56,REAL,2769393197,4725,2769397922,2769397922
2025-06-19 12:37:58,REAL,2769397922,14870,2769412792,2769412792
2025-06-19 12:38:00,REAL,2769412792,10256,2769423048,2769423048
2025-06-19 12:38:02,REAL,2769423048,10319,2769433367,2769433367
2025-06-19 12:38:04,REAL,2769433367,10318,2769443685,2769443685
2025-06-19 12:38:06,REAL,2769443685,10323,2769454008,2769454008
2025-06-19 12:38:08,REAL,2769454008,10254,2769464262,2769464262
2025-06-19 12:38:10,REAL,2769464262,10253,2769474515,2769474515
2025-06-19 12:38:12,REAL,2769474515,2069,2769476584,2769476584
2025-06-19 12:38:14,REAL,2769476584,480,2769477064,2769477064
2025-06-19 12:38:16,REAL,2769477064,476,2769477540,2769477540
2025-06-19 12:38:18,REAL,2769477540,541,2769478081,2769478081
2025-06-19 12:38:20,REAL,2769478081,481,2769478562,2769478562
2025-06-19 12:38:22,REAL,2769478562,493,2769479055,2769479055
2025-06-19 12:38:24,REAL,2769479055,491,2769479546,2769479546
2025-06-19 12:38:26,REAL,2769479546,482,2769480028,2769480028
2025-06-19 12:38:28,REAL,2769480028,491,2769480519,2769480519
2025-06-19 12:38:30,REAL,2769480519,483,2769481002,2769481002
2025-06-19 12:38:32,REAL,2769481002,482,2769481484,2769481484
2025-06-19 12:38:34,REAL,2769481484,481,2769481965,2769481965
2025-06-19 12:38:36,REAL,2769481965,480,2769482445,2769482445
2025-06-19 12:38:38,REAL,2769482445,531,2769482976,2769482976
2025-06-19 12:38:40,REAL,2769482976,484,2769483460,2769483460
2025-06-19 12:38:42,REAL,2769483460,544,2769484004,2769484004
2025-06-19 12:38:44,REAL,2769484004,486,2769484490,2769484490
2025-06-19 12:38:46,REAL,2769484490,483,2769484973,2769484973
2025-06-19 12:38:48,REAL,2769484973,477,2769485450,2769485450
2025-06-19 12:38:50,REAL,2769485450,484,2769485934,2769485934
2025-06-19 12:38:52,REAL,2769485934,482,2769486416,2769486416
2025-06-19 12:38:54,REAL,2769486416,485,2769486901,2769486901
2025-06-19 12:38:56,REAL,2769486901,481,2769487382,2769487382
2025-06-19 12:38:58,REAL,2769487382,478,2769487860,2769487860
2025-06-19 12:39:00,REAL,2769487860,490,2769488350,2769488350
2025-06-19 12:39:02,REAL,2769488350,486,2769488836,2769488836
2025-06-19 12:39:04,REAL,2769488836,483,2769489319,2769489319
2025-06-19 12:39:06,REAL,2769489319,534,2769489853,2769489853
2025-06-19 12:39:08,REAL,2769489853,486,2769490339,2769490339
2025-06-19 12:39:10,REAL,2769490339,486,2769490825,2769490825
2025-06-19 12:39:12,REAL,2769490825,486,2769491311,2769491311
2025-06-19 12:39:14,REAL,2769491311,545,2769491856,2769491856
2025-06-19 12:39:16,REAL,2769491856,6296,2769498152,2769498152
2025-06-19 12:39:18,REAL,2769498152,11368,2769509520,2769509520
2025-06-19 12:39:20,REAL,2769509520,10252,2769519772,2769519772
2025-06-19 12:39:22,REAL,2769519772,10318,2769530090,2769530090
2025-06-19 12:39:24,REAL,2769530090,10245,2769540335,2769540335
2025-06-19 12:39:26,REAL,2769540335,10320,2769550655,2769550655
2025-06-19 12:39:28,REAL,2769550655,10328,2769560983,2769560983
2025-06-19 12:39:30,REAL,2769560983,10252,2769571235,2769571235
2025-06-19 12:39:32,REAL,2769571235,482,2769571717,2769571717
2025-06-19 12:39:34,REAL,2769571717,484,2769572201,2769572201
2025-06-19 12:39:36,REAL,2769572201,477,2769572678,2769572678
2025-06-19 12:39:38,REAL,2769572678,546,2769573224,2769573224
2025-06-19 12:39:40,REAL,2769573224,476,2769573700,2769573700
2025-06-19 12:39:42,REAL,2769573700,492,2769574192,2769574192
2025-06-19 12:39:44,REAL,2769574192,481,2769574673,2769574673
2025-06-19 12:39:46,REAL,2769574673,481,2769575154,2769575154
2025-06-19 12:39:48,REAL,2769575154,491,2769575645,2769575645
2025-06-19 12:39:50,REAL,2769575645,488,2769576133,2769576133
2025-06-19 12:39:52,REAL,2769576133,542,2769576675,2769576675
2025-06-19 12:39:54,REAL,2769576675,478,2769577153,2769577153
2025-06-19 12:39:56,REAL,2769577153,486,2769577639,2769577639
2025-06-19 12:39:58,REAL,2769577639,486,2769578125,2769578125
2025-06-19 12:40:00,REAL,2769578125,543,2769578668,2769578668
2025-06-19 12:40:02,REAL,2769578668,482,2769579150,2769579150
2025-06-19 12:40:04,REAL,2769579150,485,2769579635,2769579635
2025-06-19 12:40:06,REAL,2769579635,487,2769580122,2769580122
2025-06-19 12:40:08,REAL,2769580122,489,2769580611,2769580611
2025-06-19 12:40:10,REAL,2769580611,481,2769581092,2769581092
2025-06-19 12:40:12,REAL,2769581092,484,2769581576,2769581576
2025-06-19 12:40:14,REAL,2769581576,7094,2769588670,2769588670
2025-06-19 12:40:16,REAL,2769588670,10774,2769599444,2769599444
2025-06-19 12:40:18,REAL,2769599444,10319,2769609763,2769609763
2025-06-19 12:40:20,REAL,2769609763,10249,2769620012,2769620012
2025-06-19 12:40:22,REAL,2769620012,10311,2769630323,2769630323
2025-06-19 12:40:24,REAL,2769630323,10260,2769640583,2769640583
2025-06-19 12:40:26,REAL,2769640583,10377,2769650960,2769650960
2025-06-19 12:40:28,REAL,2769650960,9392,2769660352,2769660352
2025-06-19 12:40:30,REAL,2769660352,474,2769660826,2769660826
2025-06-19 12:40:32,REAL,2769660826,492,2769661318,2769661318
2025-06-19 12:40:34,REAL,2769661318,1748,2769663066,2769663066
2025-06-19 12:40:36,REAL,2769663066,11450,2769674516,2769674516
2025-06-19 12:40:38,REAL,2769674516,10316,2769684832,2769684832
2025-06-19 12:40:40,REAL,2769684832,10256,2769695088,2769695088
2025-06-19 12:40:42,REAL,2769695088,10254,2769705342,2769705342
2025-06-19 12:40:44,REAL,2769705342,10250,2769715592,2769715592
2025-06-19 12:40:46,REAL,2769715592,10262,2769725854,2769725854
2025-06-19 12:40:48,REAL,2769725854,10327,2769736181,2769736181
2025-06-19 12:40:50,REAL,2769736181,4183,2769740364,2769740364
2025-06-19 12:40:52,REAL,2769740364,484,2769740848,2769740848
2025-06-19 12:40:54,REAL,2769740848,480,2769741328,2769741328
2025-06-19 12:40:56,REAL,2769741328,488,2769741816,2769741816
2025-06-19 12:40:58,REAL,2769741816,482,2769742298,2769742298
2025-06-19 12:41:00,REAL,2769742298,488,2769742786,2769742786
2025-06-19 12:41:02,REAL,2769742786,544,2769743330,2769743330
2025-06-19 12:41:04,REAL,2769743330,484,2769743814,2769743814
2025-06-19 12:41:06,REAL,2769743814,543,2769744357,2769744357
2025-06-19 12:41:08,REAL,2769744357,479,2769744836,2769744836
2025-06-19 12:41:10,REAL,2769744836,482,2769745318,2769745318
2025-06-19 12:41:12,REAL,2769745318,8413,2769753731,2769753731
2025-06-19 12:41:14,REAL,2769753731,10583,2769764314,2769764314
2025-06-19 12:41:16,REAL,2769764314,10316,2769774630,2769774630
2025-06-19 12:41:18,REAL,2769774630,10247,2769784877,2769784877
2025-06-19 12:41:20,REAL,2769784877,10257,2769795134,2769795134
2025-06-19 12:41:22,REAL,2769795134,10252,2769805386,2769805386
2025-06-19 12:41:24,REAL,2769805386,10323,2769815709,2769815709
2025-06-19 12:41:26,REAL,2769815709,8536,2769824245,2769824245
2025-06-19 12:41:28,REAL,2769824245,481,2769824726,2769824726
2025-06-19 12:41:30,REAL,2769824726,481,2769825207,2769825207
2025-06-19 12:41:32,REAL,2769825207,480,2769825687,2769825687
2025-06-19 12:41:34,REAL,2769825687,481,2769826168,2769826168
2025-06-19 12:41:36,REAL,2769826168,485,2769826653,2769826653
2025-06-19 12:41:38,REAL,2769826653,548,2769827201,2769827201
2025-06-19 12:41:40,REAL,2769827201,483,2769827684,2769827684
2025-06-19 12:41:42,REAL,2769827684,544,2769828228,2769828228
2025-06-19 12:41:44,REAL,2769828228,10591,2769838819,2769838819
2025-06-19 12:41:46,REAL,2769838819,11432,2769850251,2769850251
2025-06-19 12:41:48,REAL,2769850251,10317,2769860568,2769860568
2025-06-19 12:41:50,REAL,2769860568,10256,2769870824,2769870824
2025-06-19 12:41:52,REAL,2769870824,10252,2769881076,2769881076
2025-06-19 12:41:54,REAL,2769881076,10320,2769891396,2769891396
2025-06-19 12:41:56,REAL,2769891396,10257,2769901653,2769901653
2025-06-19 12:41:58,REAL,2769901653,7947,2769909600,2769909600
2025-06-19 12:42:00,REAL,2769909600,489,2769910089,2769910089
2025-06-19 12:42:02,REAL,2769910089,491,2769910580,2769910580
2025-06-19 12:42:04,REAL,2769910580,485,2769911065,2769911065
2025-06-19 12:42:06,REAL,2769911065,487,2769911552,2769911552
2025-06-19 12:42:08,REAL,2769911552,483,2769912035,2769912035
2025-06-19 12:42:10,REAL,2769912035,483,2769912518,2769912518
2025-06-19 12:42:12,REAL,2769912518,594,2769913112,2769913112
2025-06-19 12:42:14,REAL,2769913112,484,2769913596,2769913596
2025-06-19 12:42:16,REAL,2769913596,480,2769914076,2769914076
2025-06-19 12:42:18,REAL,2769914076,238,2769914314,2769914314
2025-06-19 12:42:20,REAL,2769914314,485,2769914799,2769914799
2025-06-19 12:42:22,REAL,2769914799,484,2769915283,2769915283
2025-06-19 12:42:24,REAL,2769915283,479,2769915762,2769915762
2025-06-19 12:42:26,REAL,2769915762,492,2769916254,2769916254
2025-06-19 12:42:28,REAL,2769916254,479,2769916733,2769916733
2025-06-19 12:42:30,REAL,2769916733,491,2769917224,2769917224
2025-06-19 12:42:32,REAL,2769917224,491,2769917715,2769917715
2025-06-19 12:42:34,REAL,2769917715,542,2769918257,2769918257
2025-06-19 12:42:36,REAL,2769918257,477,2769918734,2769918734
2025-06-19 12:42:38,REAL,2769918734,477,2769919211,2769919211
2025-06-19 12:42:40,REAL,2769919211,490,2769919701,2769919701
2025-06-19 12:42:42,REAL,2769919701,544,2769920245,2769920245
2025-06-19 12:42:44,REAL,2769920245,481,2769920726,2769920726
2025-06-19 12:42:46,REAL,2769920726,483,2769921209,2769921209
2025-06-19 12:42:48,REAL,2769921209,480,2769921689,2769921689
2025-06-19 12:42:50,REAL,2769921689,481,2769922170,2769922170
2025-06-19 12:42:52,REAL,2769922170,488,2769922658,2769922658
2025-06-19 12:42:54,REAL,2769922658,481,2769923139,2769923139
2025-06-19 12:42:56,REAL,2769923139,481,2769923620,2769923620
2025-06-19 12:42:58,REAL,2769923620,541,2769924161,2769924161
2025-06-19 12:43:00,REAL,2769924161,479,2769924640,2769924640
2025-06-19 12:43:02,REAL,2769924640,486,2769925126,2769925126
2025-06-19 12:43:04,REAL,2769925126,10590,2769935716,2769935716
2025-06-19 12:43:06,REAL,2769935716,10447,2769946163,2769946163
2025-06-19 12:43:08,REAL,2769946163,10249,2769956412,2769956412
2025-06-19 12:43:10,REAL,2769956412,10257,2769966669,2769966669
2025-06-19 12:43:12,REAL,2769966669,10319,2769976988,2769976988
2025-06-19 12:43:14,REAL,2769976988,10253,2769987241,2769987241
2025-06-19 12:43:16,REAL,2769987241,10259,2769997500,2769997500
2025-06-19 12:43:18,REAL,2769997500,6418,2770003918,2770003918
2025-06-19 12:43:20,REAL,2770003918,537,2770004455,2770004455
2025-06-19 12:43:22,REAL,2770004455,480,2770004935,2770004935
2025-06-19 12:43:24,REAL,2770004935,481,2770005416,2770005416
2025-06-19 12:43:26,REAL,2770005416,480,2770005896,2770005896
2025-06-19 12:43:28,REAL,2770005896,482,2770006378,2770006378
2025-06-19 12:43:30,REAL,2770006378,485,2770006863,2770006863
2025-06-19 12:43:32,REAL,2770006863,487,2770007350,2770007350
2025-06-19 12:43:34,REAL,2770007350,537,2770007887,2770007887
2025-06-19 12:43:36,REAL,2770007887,14416,2770022303,2770022303
2025-06-19 12:43:38,REAL,2770022303,10252,2770032555,2770032555
2025-06-19 12:43:40,REAL,2770032555,10246,2770042801,2770042801
2025-06-19 12:43:42,REAL,2770042801,10368,2770053169,2770053169
2025-06-19 12:43:44,REAL,2770053169,10248,2770063417,2770063417
2025-06-19 12:43:46,REAL,2770063417,10252,2770073669,2770073669
2025-06-19 12:43:48,REAL,2770073669,10312,2770083981,2770083981
2025-06-19 12:43:50,REAL,2770083981,5693,2770089674,2770089674
2025-06-19 12:43:52,REAL,2770089674,487,2770090161,2770090161
2025-06-19 12:43:54,REAL,2770090161,490,2770090651,2770090651
2025-06-19 12:43:56,REAL,2770090651,489,2770091140,2770091140
2025-06-19 12:43:58,REAL,2770091140,485,2770091625,2770091625
2025-06-19 12:44:00,REAL,2770091625,488,2770092113,2770092113
2025-06-19 12:44:02,REAL,2770092113,493,2770092606,2770092606
2025-06-19 12:44:04,REAL,2770092606,597,2770093203,2770093203
2025-06-19 12:44:06,REAL,2770093203,489,2770093692,2770093692
2025-06-19 12:44:08,REAL,2770093692,15272,2770108964,2770108964
2025-06-19 12:44:10,REAL,2770108964,10316,2770119280,2770119280
2025-06-19 12:44:12,REAL,2770119280,10248,2770129528,2770129528
2025-06-19 12:44:14,REAL,2770129528,10259,2770139787,2770139787
2025-06-19 12:44:16,REAL,2770139787,10250,2770150037,2770150037
2025-06-19 12:44:18,REAL,2770150037,10251,2770160288,2770160288
2025-06-19 12:44:20,REAL,2770160288,10252,2770170540,2770170540
2025-06-19 12:44:22,REAL,2770170540,5097,2770175637,2770175637
2025-06-19 12:44:24,REAL,2770175637,492,2770176129,2770176129
2025-06-19 12:44:26,REAL,2770176129,483,2770176612,2770176612
2025-06-19 12:44:28,REAL,2770176612,548,2770177160,2770177160
2025-06-19 12:44:30,REAL,2770177160,493,2770177653,2770177653
2025-06-19 12:44:32,REAL,2770177653,486,2770178139,2770178139
2025-06-19 12:44:34,REAL,2770178139,486,2770178625,2770178625
2025-06-19 12:44:36,REAL,2770178625,545,2770179170,2770179170
2025-06-19 12:44:38,REAL,2770179170,1538,2770180708,2770180708
2025-06-19 12:44:40,REAL,2770180708,12234,2770192942,2770192942
2025-06-19 12:44:42,REAL,2770192942,10249,2770203191,2770203191
2025-06-19 12:44:44,REAL,2770203191,10242,2770213433,2770213433
2025-06-19 12:44:46,REAL,2770213433,10321,2770223754,2770223754
2025-06-19 12:44:48,REAL,2770223754,10258,2770234012,2770234012
2025-06-19 12:44:50,REAL,2770234012,10307,2770244319,2770244319
2025-06-19 12:44:52,REAL,2770244319,10318,2770254637,2770254637
2025-06-19 12:44:54,REAL,2770254637,4520,2770259157,2770259157
2025-06-19 12:44:56,REAL,2770259157,483,2770259640,2770259640
2025-06-19 12:44:58,REAL,2770259640,479,2770260119,2770260119
2025-06-19 12:45:00,REAL,2770260119,7485,2770267604,2770267604
2025-06-19 12:45:02,REAL,2770267604,10840,2770278444,2770278444
2025-06-19 12:45:04,REAL,2770278444,10251,2770288695,2770288695
2025-06-19 12:45:06,REAL,2770288695,10251,2770298946,2770298946
2025-06-19 12:45:08,REAL,2770298946,10322,2770309268,2770309268
2025-06-19 12:45:10,REAL,2770309268,10252,2770319520,2770319520
2025-06-19 12:45:12,REAL,2770319520,10314,2770329834,2770329834
2025-06-19 12:45:14,REAL,2770329834,9195,2770339029,2770339029
2025-06-19 12:45:16,REAL,2770339029,489,2770339518,2770339518
2025-06-19 12:45:18,REAL,2770339518,487,2770340005,2770340005
2025-06-19 12:45:20,REAL,2770340005,476,2770340481,2770340481
2025-06-19 12:45:22,REAL,2770340481,492,2770340973,2770340973
2025-06-19 12:45:24,REAL,2770340973,484,2770341457,2770341457
2025-06-19 12:45:26,REAL,2770341457,484,2770341941,2770341941
2025-06-19 12:45:28,REAL,2770341941,476,2770342417,2770342417
2025-06-19 12:45:30,REAL,2770342417,541,2770342958,2770342958
2025-06-19 12:45:32,REAL,2770342958,480,2770343438,2770343438
2025-06-19 12:45:34,REAL,2770343438,536,2770343974,2770343974
2025-06-19 12:45:36,REAL,2770343974,490,2770344464,2770344464
2025-06-19 12:45:38,REAL,2770344464,481,2770344945,2770344945
2025-06-19 12:45:40,REAL,2770344945,486,2770345431,2770345431
2025-06-19 12:45:42,REAL,2770345431,482,2770345913,2770345913
2025-06-19 12:45:44,REAL,2770345913,485,2770346398,2770346398
2025-06-19 12:45:46,REAL,2770346398,481,2770346879,2770346879
2025-06-19 12:45:48,REAL,2770346879,487,2770347366,2770347366
2025-06-19 12:45:50,REAL,2770347366,478,2770347844,2770347844
2025-06-19 12:45:52,REAL,2770347844,483,2770348327,2770348327
2025-06-19 12:45:54,REAL,2770348327,490,2770348817,2770348817
2025-06-19 12:45:56,REAL,2770348817,484,2770349301,2770349301
2025-06-19 12:45:58,REAL,2770349301,540,2770349841,2770349841
2025-06-19 12:46:00,REAL,2770349841,538,2770350379,2770350379
2025-06-19 12:46:02,REAL,2770350379,483,2770350862,2770350862
2025-06-19 12:46:04,REAL,2770350862,481,2770351343,2770351343
2025-06-19 12:46:06,REAL,2770351343,484,2770351827,2770351827
2025-06-19 12:46:08,REAL,2770351827,492,2770352319,2770352319
2025-06-19 12:46:10,REAL,2770352319,492,2770352811,2770352811
2025-06-19 12:46:12,REAL,2770352811,488,2770353299,2770353299
2025-06-19 12:46:14,REAL,2770353299,483,2770353782,2770353782
2025-06-19 12:46:16,REAL,2770353782,482,2770354264,2770354264
2025-06-19 12:46:18,REAL,2770354264,482,2770354746,2770354746
2025-06-19 12:46:20,REAL,2770354746,542,2770355288,2770355288
2025-06-19 12:46:22,REAL,2770355288,485,2770355773,2770355773
2025-06-19 12:46:24,REAL,2770355773,483,2770356256,2770356256
2025-06-19 12:46:26,REAL,2770356256,486,2770356742,2770356742
2025-06-19 12:46:28,REAL,2770356742,475,2770357217,2770357217
2025-06-19 12:46:30,REAL,2770357217,477,2770357694,2770357694
2025-06-19 12:46:32,REAL,2770357694,543,2770358237,2770358237
2025-06-19 12:46:34,REAL,2770358237,483,2770358720,2770358720
2025-06-19 12:46:36,REAL,2770358720,487,2770359207,2770359207
2025-06-19 12:46:38,REAL,2770359207,491,2770359698,2770359698
2025-06-19 12:46:40,REAL,2770359698,481,2770360179,2770360179
2025-06-19 12:46:42,REAL,2770360179,540,2770360719,2770360719
2025-06-19 12:46:44,REAL,2770360719,487,2770361206,2770361206
2025-06-19 12:46:46,REAL,2770361206,477,2770361683,2770361683
2025-06-19 12:46:48,REAL,2770361683,483,2770362166,2770362166
2025-06-19 12:46:50,REAL,2770362166,4317,2770366483,2770366483
2025-06-19 12:46:52,REAL,2770366483,11105,2770377588,2770377588
2025-06-19 12:46:54,REAL,2770377588,10250,2770387838,2770387838
2025-06-19 12:46:56,REAL,2770387838,10256,2770398094,2770398094
2025-06-19 12:46:58,REAL,2770398094,10312,2770408406,2770408406
2025-06-19 12:47:00,REAL,2770408406,10259,2770418665,2770418665
2025-06-19 12:47:02,REAL,2770418665,10259,2770428924,2770428924
2025-06-19 12:47:04,REAL,2770428924,10252,2770439176,2770439176
2025-06-19 12:47:06,REAL,2770439176,2263,2770441439,2770441439
2025-06-19 12:47:08,REAL,2770441439,487,2770441926,2770441926
2025-06-19 12:47:10,REAL,2770441926,484,2770442410,2770442410
2025-06-19 12:47:12,REAL,2770442410,486,2770442896,2770442896
2025-06-19 12:47:14,REAL,2770442896,481,2770443377,2770443377
2025-06-19 12:47:16,REAL,2770443377,487,2770443864,2770443864
2025-06-19 12:47:18,REAL,2770443864,478,2770444342,2770444342
2025-06-19 12:47:20,REAL,2770444342,538,2770444880,2770444880
2025-06-19 12:47:22,REAL,2770444880,491,2770445371,2770445371
2025-06-19 12:47:24,REAL,2770445371,483,2770445854,2770445854
2025-06-19 12:47:26,REAL,2770445854,484,2770446338,2770446338
2025-06-19 12:47:28,REAL,2770446338,544,2770446882,2770446882
2025-06-19 12:47:30,REAL,2770446882,490,2770447372,2770447372
2025-06-19 12:47:32,REAL,2770447372,480,2770447852,2770447852
2025-06-19 12:47:34,REAL,2770447852,483,2770448335,2770448335
2025-06-19 12:47:36,REAL,2770448335,477,2770448812,2770448812
2025-06-19 12:47:38,REAL,2770448812,482,2770449294,2770449294
2025-06-19 12:47:40,REAL,2770449294,480,2770449774,2770449774
2025-06-19 12:47:42,REAL,2770449774,478,2770450252,2770450252
2025-06-19 12:47:44,REAL,2770450252,13887,2770464139,2770464139
2025-06-19 12:47:46,REAL,2770464139,10317,2770474456,2770474456
2025-06-19 12:47:48,REAL,2770474456,10317,2770484773,2770484773
2025-06-19 12:47:50,REAL,2770484773,10249,2770495022,2770495022
2025-06-19 12:47:52,REAL,2770495022,10319,2770505341,2770505341
2025-06-19 12:47:54,REAL,2770505341,10248,2770515589,2770515589
2025-06-19 12:47:56,REAL,2770515589,10315,2770525904,2770525904
2025-06-19 12:47:58,REAL,2770525904,6166,2770532070,2770532070
2025-06-19 12:48:00,REAL,2770532070,487,2770532557,2770532557
2025-06-19 12:48:02,REAL,2770532557,485,2770533042,2770533042
2025-06-19 12:48:04,REAL,2770533042,487,2770533529,2770533529
2025-06-19 12:48:06,REAL,2770533529,485,2770534014,2770534014
2025-06-19 12:48:08,REAL,2770534014,485,2770534499,2770534499
2025-06-19 12:48:10,REAL,2770534499,484,2770534983,2770534983
2025-06-19 12:48:12,REAL,2770534983,540,2770535523,2770535523
2025-06-19 12:48:14,REAL,2770535523,534,2770536057,2770536057
2025-06-19 12:48:16,REAL,2770536057,484,2770536541,2770536541
2025-06-19 12:48:18,REAL,2770536541,476,2770537017,2770537017
2025-06-19 12:48:20,REAL,2770537017,485,2770537502,2770537502
2025-06-19 12:48:22,REAL,2770537502,487,2770537989,2770537989
2025-06-19 12:48:24,REAL,2770537989,492,2770538481,2770538481
2025-06-19 12:48:26,REAL,2770538481,482,2770538963,2770538963
2025-06-19 12:48:28,REAL,2770538963,484,2770539447,2770539447
2025-06-19 12:48:30,REAL,2770539447,477,2770539924,2770539924
2025-06-19 12:48:32,REAL,2770539924,491,2770540415,2770540415
2025-06-19 12:48:34,REAL,2770540415,489,2770540904,2770540904
2025-06-19 12:48:36,REAL,2770540904,491,2770541395,2770541395
2025-06-19 12:48:38,REAL,2770541395,480,2770541875,2770541875
2025-06-19 12:48:40,REAL,2770541875,487,2770542362,2770542362
2025-06-19 12:48:42,REAL,2770542362,482,2770542844,2770542844
2025-06-19 12:48:44,REAL,2770542844,540,2770543384,2770543384
2025-06-19 12:48:46,REAL,2770543384,493,2770543877,2770543877
2025-06-19 12:48:48,REAL,2770543877,491,2770544368,2770544368
2025-06-19 12:48:50,REAL,2770544368,478,2770544846,2770544846
2025-06-19 12:48:52,REAL,2770544846,476,2770545322,2770545322
2025-06-19 12:48:54,REAL,2770545322,477,2770545799,2770545799
2025-06-19 12:48:56,REAL,2770545799,485,2770546284,2770546284
2025-06-19 12:48:58,REAL,2770546284,534,2770546818,2770546818
2025-06-19 12:49:00,REAL,2770546818,493,2770547311,2770547311
2025-06-19 12:49:02,REAL,2770547311,485,2770547796,2770547796
2025-06-19 12:49:04,REAL,2770547796,481,2770548277,2770548277
2025-06-19 12:49:06,REAL,2770548277,482,2770548759,2770548759
2025-06-19 12:49:08,REAL,2770548759,482,2770549241,2770549241
2025-06-19 12:49:10,REAL,2770549241,482,2770549723,2770549723
2025-06-19 12:49:12,REAL,2770549723,484,2770550207,2770550207
2025-06-19 12:49:14,REAL,2770550207,483,2770550690,2770550690
2025-06-19 12:49:16,REAL,2770550690,534,2770551224,2770551224
2025-06-19 12:49:18,REAL,2770551224,488,2770551712,2770551712
2025-06-19 12:49:20,REAL,2770551712,483,2770552195,2770552195
2025-06-19 12:49:22,REAL,2770552195,483,2770552678,2770552678
2025-06-19 12:49:24,REAL,2770552678,480,2770553158,2770553158
2025-06-19 12:49:26,REAL,2770553158,486,2770553644,2770553644
2025-06-19 12:49:28,REAL,2770553644,486,2770554130,2770554130
2025-06-19 12:49:30,REAL,2770554130,477,2770554607,2770554607
2025-06-19 12:49:32,REAL,2770554607,490,2770555097,2770555097
2025-06-19 12:49:34,REAL,2770555097,481,2770555578,2770555578
2025-06-19 12:49:36,REAL,2770555578,483,2770556061,2770556061
2025-06-19 12:49:38,REAL,2770556061,482,2770556543,2770556543
2025-06-19 12:49:40,REAL,2770556543,474,2770557017,2770557017
2025-06-19 12:49:42,REAL,2770557017,536,2770557553,2770557553
2025-06-19 12:49:44,REAL,2770557553,475,2770558028,2770558028
2025-06-19 12:49:46,REAL,2770558028,543,2770558571,2770558571
2025-06-19 12:49:48,REAL,2770558571,479,2770559050,2770559050
2025-06-19 12:49:50,REAL,2770559050,485,2770559535,2770559535
2025-06-19 12:49:52,REAL,2770559535,481,2770560016,2770560016
2025-06-19 12:49:54,REAL,2770560016,479,2770560495,2770560495
2025-06-19 12:49:56,REAL,2770560495,484,2770560979,2770560979
2025-06-19 12:49:58,REAL,2770560979,490,2770561469,2770561469
2025-06-19 12:50:00,REAL,2770561469,485,2770561954,2770561954
2025-06-19 12:50:02,REAL,2770561954,481,2770562435,2770562435
2025-06-19 12:50:04,REAL,2770562435,482,2770562917,2770562917
2025-06-19 12:50:06,REAL,2770562917,480,2770563397,2770563397
2025-06-19 12:50:08,REAL,2770563397,479,2770563876,2770563876
2025-06-19 12:50:10,REAL,2770563876,482,2770564358,2770564358
2025-06-19 12:50:12,REAL,2770564358,476,2770564834,2770564834
2025-06-19 12:50:14,REAL,2770564834,475,2770565309,2770565309
2025-06-19 12:50:16,REAL,2770565309,549,2770565858,2770565858
2025-06-19 12:50:18,REAL,2770565858,488,2770566346,2770566346
2025-06-19 12:50:20,REAL,2770566346,480,2770566826,2770566826
2025-06-19 12:50:22,REAL,2770566826,477,2770567303,2770567303
2025-06-19 12:50:24,REAL,2770567303,490,2770567793,2770567793
2025-06-19 12:50:26,REAL,2770567793,487,2770568280,2770568280
2025-06-19 12:50:28,REAL,2770568280,540,2770568820,2770568820
2025-06-19 12:50:30,REAL,2770568820,490,2770569310,2770569310
2025-06-19 12:50:32,REAL,2770569310,483,2770569793,2770569793
2025-06-19 12:50:34,REAL,2770569793,482,2770570275,2770570275
2025-06-19 12:50:36,REAL,2770570275,480,2770570755,2770570755
2025-06-19 12:50:38,REAL,2770570755,477,2770571232,2770571232
2025-06-19 12:50:40,REAL,2770571232,484,2770571716,2770571716
2025-06-19 12:50:42,REAL,2770571716,480,2770572196,2770572196
2025-06-19 12:50:44,REAL,2770572196,482,2770572678,2770572678
2025-06-19 12:50:46,REAL,2770572678,483,2770573161,2770573161
2025-06-19 12:50:48,REAL,2770573161,541,2770573702,2770573702
2025-06-19 12:50:50,REAL,2770573702,477,2770574179,2770574179
2025-06-19 12:50:52,REAL,2770574179,484,2770574663,2770574663
2025-06-19 12:50:54,REAL,2770574663,489,2770575152,2770575152
2025-06-19 12:50:56,REAL,2770575152,482,2770575634,2770575634
2025-06-19 12:50:58,REAL,2770575634,483,2770576117,2770576117
2025-06-19 12:51:00,REAL,2770576117,488,2770576605,2770576605
2025-06-19 12:51:02,REAL,2770576605,487,2770577092,2770577092
2025-06-19 12:51:04,REAL,2770577092,481,2770577573,2770577573
2025-06-19 12:51:06,REAL,2770577573,486,2770578059,2770578059
2025-06-19 12:51:08,REAL,2770578059,478,2770578537,2770578537
2025-06-19 12:51:10,REAL,2770578537,479,2770579016,2770579016
2025-06-19 12:51:12,REAL,2770579016,550,2770579566,2770579566
2025-06-19 12:51:14,REAL,2770579566,485,2770580051,2770580051
2025-06-19 12:51:16,REAL,2770580051,483,2770580534,2770580534
2025-06-19 12:51:18,REAL,2770580534,542,2770581076,2770581076
2025-06-19 12:51:20,REAL,2770581076,483,2770581559,2770581559
2025-06-19 12:51:22,REAL,2770581559,482,2770582041,2770582041
2025-06-19 12:51:24,REAL,2770582041,485,2770582526,2770582526
2025-06-19 12:51:26,REAL,2770582526,481,2770583007,2770583007
2025-06-19 12:51:28,REAL,2770583007,493,2770583500,2770583500
2025-06-19 12:51:30,REAL,2770583500,477,2770583977,2770583977
2025-06-19 12:51:32,REAL,2770583977,492,2770584469,2770584469
2025-06-19 12:51:34,REAL,2770584469,482,2770584951,2770584951
2025-06-19 12:51:36,REAL,2770584951,477,2770585428,2770585428
2025-06-19 12:51:38,REAL,2770585428,478,2770585906,2770585906
2025-06-19 12:51:40,REAL,2770585906,491,2770586397,2770586397
2025-06-19 12:51:42,REAL,2770586397,485,2770586882,2770586882
2025-06-19 12:51:44,REAL,2770586882,481,2770587363,2770587363
2025-06-19 12:51:46,REAL,2770587363,542,2770587905,2770587905
2025-06-19 12:51:48,REAL,2770587905,483,2770588388,2770588388
2025-06-19 12:51:50,REAL,2770588388,475,2770588863,2770588863
2025-06-19 12:51:52,REAL,2770588863,482,2770589345,2770589345
2025-06-19 12:51:54,REAL,2770589345,478,2770589823,2770589823
2025-06-19 12:51:56,REAL,2770589823,487,2770590310,2770590310
2025-06-19 12:51:58,REAL,2770590310,548,2770590858,2770590858
2025-06-19 12:52:00,REAL,2770590858,488,2770591346,2770591346
2025-06-19 12:52:02,REAL,2770591346,483,2770591829,2770591829
2025-06-19 12:52:04,REAL,2770591829,480,2770592309,2770592309
2025-06-19 12:52:06,REAL,2770592309,493,2770592802,2770592802
2025-06-19 12:52:08,REAL,2770592802,483,2770593285,2770593285
2025-06-19 12:52:10,REAL,2770593285,481,2770593766,2770593766
2025-06-19 12:52:12,REAL,2770593766,489,2770594255,2770594255
2025-06-19 12:52:14,REAL,2770594255,482,2770594737,2770594737
2025-06-19 12:52:16,REAL,2770594737,537,2770595274,2770595274
2025-06-19 12:52:18,REAL,2770595274,484,2770595758,2770595758
2025-06-19 12:52:20,REAL,2770595758,479,2770596237,2770596237
2025-06-19 12:52:22,REAL,2770596237,476,2770596713,2770596713
2025-06-19 12:52:24,REAL,2770596713,484,2770597197,2770597197
2025-06-19 12:52:26,REAL,2770597197,489,2770597686,2770597686
2025-06-19 12:52:28,REAL,2770597686,485,2770598171,2770598171
2025-06-19 12:52:30,REAL,2770598171,484,2770598655,2770598655
2025-06-19 12:52:32,REAL,2770598655,485,2770599140,2770599140
2025-06-19 12:52:34,REAL,2770599140,484,2770599624,2770599624
2025-06-19 12:52:36,REAL,2770599624,485,2770600109,2770600109
2025-06-19 12:52:38,REAL,2770600109,484,2770600593,2770600593
2025-06-19 12:52:40,REAL,2770600593,485,2770601078,2770601078
2025-06-19 12:52:42,REAL,2770601078,547,2770601625,2770601625
2025-06-19 12:52:44,REAL,2770601625,5838,2770607463,2770607463
2025-06-19 12:52:46,REAL,2770607463,11043,2770618506,2770618506
2025-06-19 12:52:48,REAL,2770618506,10248,2770628754,2770628754
2025-06-19 12:52:50,REAL,2770628754,10316,2770639070,2770639070
2025-06-19 12:52:52,REAL,2770639070,10255,2770649325,2770649325
2025-06-19 12:52:54,REAL,2770649325,10252,2770659577,2770659577
2025-06-19 12:52:56,REAL,2770659577,10317,2770669894,2770669894
2025-06-19 12:52:58,REAL,2770669894,10259,2770680153,2770680153
2025-06-19 12:53:00,REAL,2770680153,949,2770681102,2770681102
2025-06-19 12:53:02,REAL,2770681102,485,2770681587,2770681587
2025-06-19 12:53:04,REAL,2770681587,488,2770682075,2770682075
2025-06-19 12:53:06,REAL,2770682075,483,2770682558,2770682558
2025-06-19 12:53:08,REAL,2770682558,481,2770683039,2770683039
2025-06-19 12:53:10,REAL,2770683039,485,2770683524,2770683524
2025-06-19 12:53:12,REAL,2770683524,541,2770684065,2770684065
2025-06-19 12:53:14,REAL,2770684065,486,2770684551,2770684551
2025-06-19 12:53:16,REAL,2770684551,487,2770685038,2770685038
2025-06-19 12:53:18,REAL,2770685038,483,2770685521,2770685521
2025-06-19 12:53:20,REAL,2770685521,487,2770686008,2770686008
2025-06-19 12:53:22,REAL,2770686008,474,2770686482,2770686482
2025-06-19 12:53:24,REAL,2770686482,493,2770686975,2770686975
2025-06-19 12:53:26,REAL,2770686975,485,2770687460,2770687460
2025-06-19 12:53:28,REAL,2770687460,536,2770687996,2770687996
2025-06-19 12:53:30,REAL,2770687996,493,2770688489,2770688489
2025-06-19 12:53:32,REAL,2770688489,477,2770688966,2770688966
2025-06-19 12:53:34,REAL,2770688966,487,2770689453,2770689453
2025-06-19 12:53:36,REAL,2770689453,486,2770689939,2770689939
2025-06-19 12:53:38,REAL,2770689939,486,2770690425,2770690425
2025-06-19 12:53:40,REAL,2770690425,489,2770690914,2770690914
2025-06-19 12:53:42,REAL,2770690914,538,2770691452,2770691452
2025-06-19 12:53:44,REAL,2770691452,477,2770691929,2770691929
2025-06-19 12:53:46,REAL,2770691929,477,2770692406,2770692406
2025-06-19 12:53:48,REAL,2770692406,492,2770692898,2770692898
2025-06-19 12:53:50,REAL,2770692898,489,2770693387,2770693387
2025-06-19 12:53:52,REAL,2770693387,478,2770693865,2770693865
2025-06-19 12:53:54,REAL,2770693865,486,2770694351,2770694351
2025-06-19 12:53:56,REAL,2770694351,484,2770694835,2770694835
2025-06-19 12:53:58,REAL,2770694835,484,2770695319,2770695319
2025-06-19 12:54:00,REAL,2770695319,486,2770695805,2770695805
2025-06-19 12:54:02,REAL,2770695805,487,2770696292,2770696292
2025-06-19 12:54:04,REAL,2770696292,492,2770696784,2770696784
2025-06-19 12:54:06,REAL,2770696784,481,2770697265,2770697265
2025-06-19 12:54:08,REAL,2770697265,1814,2770699079,2770699079
2025-06-19 12:54:10,REAL,2770699079,11443,2770710522,2770710522
2025-06-19 12:54:12,REAL,2770710522,10378,2770720900,2770720900
2025-06-19 12:54:14,REAL,2770720900,10261,2770731161,2770731161
2025-06-19 12:54:16,REAL,2770731161,10254,2770741415,2770741415
2025-06-19 12:54:18,REAL,2770741415,10246,2770751661,2770751661
2025-06-19 12:54:20,REAL,2770751661,10319,2770761980,2770761980
2025-06-19 12:54:22,REAL,2770761980,10252,2770772232,2770772232
2025-06-19 12:54:24,REAL,2770772232,4253,2770776485,2770776485
2025-06-19 12:54:26,REAL,2770776485,484,2770776969,2770776969
2025-06-19 12:54:28,REAL,2770776969,478,2770777447,2770777447
2025-06-19 12:54:30,REAL,2770777447,486,2770777933,2770777933
2025-06-19 12:54:32,REAL,2770777933,483,2770778416,2770778416
2025-06-19 12:54:34,REAL,2770778416,487,2770778903,2770778903
2025-06-19 12:54:36,REAL,2770778903,481,2770779384,2770779384
2025-06-19 12:54:38,REAL,2770779384,542,2770779926,2770779926
2025-06-19 12:54:40,REAL,2770779926,488,2770780414,2770780414
2025-06-19 12:54:42,REAL,2770780414,490,2770780904,2770780904
2025-06-19 12:54:44,REAL,2770780904,490,2770781394,2770781394
2025-06-19 12:54:46,REAL,2770781394,481,2770781875,2770781875
2025-06-19 12:54:48,REAL,2770781875,491,2770782366,2770782366
2025-06-19 12:54:50,REAL,2770782366,477,2770782843,2770782843
2025-06-19 12:54:52,REAL,2770782843,483,2770783326,2770783326
2025-06-19 12:54:54,REAL,2770783326,490,2770783816,2770783816
2025-06-19 12:54:56,REAL,2770783816,483,2770784299,2770784299
2025-06-19 12:54:58,REAL,2770784299,539,2770784838,2770784838
2025-06-19 12:55:00,REAL,2770784838,481,2770785319,2770785319
2025-06-19 12:55:02,REAL,2770785319,478,2770785797,2770785797
2025-06-19 12:55:04,REAL,2770785797,483,2770786280,2770786280
2025-06-19 12:55:06,REAL,2770786280,542,2770786822,2770786822
2025-06-19 12:55:08,REAL,2770786822,483,2770787305,2770787305
2025-06-19 12:55:10,REAL,2770787305,480,2770787785,2770787785
2025-06-19 12:55:12,REAL,2770787785,485,2770788270,2770788270
2025-06-19 12:55:14,REAL,2770788270,488,2770788758,2770788758
2025-06-19 12:55:16,REAL,2770788758,491,2770789249,2770789249
2025-06-19 12:55:18,REAL,2770789249,486,2770789735,2770789735
2025-06-19 12:55:20,REAL,2770789735,488,2770790223,2770790223
2025-06-19 12:55:22,REAL,2770790223,484,2770790707,2770790707
2025-06-19 12:55:24,REAL,2770790707,482,2770791189,2770791189
2025-06-19 12:55:26,REAL,2770791189,485,2770791674,2770791674
2025-06-19 12:55:28,REAL,2770791674,477,2770792151,2770792151
2025-06-19 12:55:30,REAL,2770792151,483,2770792634,2770792634
2025-06-19 12:55:32,REAL,2770792634,492,2770793126,2770793126
2025-06-19 12:55:34,REAL,2770793126,482,2770793608,2770793608
2025-06-19 12:55:36,REAL,2770793608,545,2770794153,2770794153
2025-06-19 12:55:38,REAL,2770794153,485,2770794638,2770794638
2025-06-19 12:55:40,REAL,2770794638,489,2770795127,2770795127
2025-06-19 12:55:42,REAL,2770795127,536,2770795663,2770795663
2025-06-19 12:55:44,REAL,2770795663,481,2770796144,2770796144
2025-06-19 12:55:46,REAL,2770796144,476,2770796620,2770796620
2025-06-19 12:55:48,REAL,2770796620,481,2770797101,2770797101
2025-06-19 12:55:50,REAL,2770797101,9604,2770806705,2770806705
2025-06-19 12:55:52,REAL,2770806705,10518,2770817223,2770817223
2025-06-19 12:55:54,REAL,2770817223,10323,2770827546,2770827546
2025-06-19 12:55:56,REAL,2770827546,10260,2770837806,2770837806
2025-06-19 12:55:58,REAL,2770837806,10321,2770848127,2770848127
2025-06-19 12:56:00,REAL,2770848127,10251,2770858378,2770858378
2025-06-19 12:56:02,REAL,2770858378,10243,2770868621,2770868621
2025-06-19 12:56:04,REAL,2770868621,7216,2770875837,2770875837
2025-06-19 12:56:06,REAL,2770875837,484,2770876321,2770876321
2025-06-19 12:56:08,REAL,2770876321,474,2770876795,2770876795
2025-06-19 12:56:10,REAL,2770876795,4320,2770881115,2770881115
2025-06-19 12:56:12,REAL,2770881115,11435,2770892550,2770892550
2025-06-19 12:56:14,REAL,2770892550,10254,2770902804,2770902804
2025-06-19 12:56:16,REAL,2770902804,10311,2770913115,2770913115
2025-06-19 12:56:18,REAL,2770913115,10248,2770923363,2770923363
2025-06-19 12:56:20,REAL,2770923363,10254,2770933617,2770933617
2025-06-19 12:56:22,REAL,2770933617,10252,2770943869,2770943869
2025-06-19 12:56:24,REAL,2770943869,10251,2770954120,2770954120
2025-06-19 12:56:26,REAL,2770954120,2133,2770956253,2770956253
2025-06-19 12:56:28,REAL,2770956253,543,2770956796,2770956796
2025-06-19 12:56:30,REAL,2770956796,485,2770957281,2770957281
2025-06-19 12:56:32,REAL,2770957281,487,2770957768,2770957768
2025-06-19 12:56:34,REAL,2770957768,480,2770958248,2770958248
2025-06-19 12:56:36,REAL,2770958248,540,2770958788,2770958788
2025-06-19 12:56:38,REAL,2770958788,484,2770959272,2770959272
2025-06-19 12:56:40,REAL,2770959272,487,2770959759,2770959759
2025-06-19 12:56:42,REAL,2770959759,5249,2770965008,2770965008
2025-06-19 12:56:44,REAL,2770965008,11501,2770976509,2770976509
2025-06-19 12:56:46,REAL,2770976509,10257,2770986766,2770986766
2025-06-19 12:56:48,REAL,2770986766,10254,2770997020,2770997020
2025-06-19 12:56:50,REAL,2770997020,10250,2771007270,2771007270
2025-06-19 12:56:52,REAL,2771007270,10257,2771017527,2771017527
2025-06-19 12:56:54,REAL,2771017527,10249,2771027776,2771027776
2025-06-19 12:56:56,REAL,2771027776,10250,2771038026,2771038026
2025-06-19 12:56:58,REAL,2771038026,1537,2771039563,2771039563
2025-06-19 12:57:00,REAL,2771039563,486,2771040049,2771040049
2025-06-19 12:57:02,REAL,2771040049,484,2771040533,2771040533
2025-06-19 12:57:04,REAL,2771040533,491,2771041024,2771041024
2025-06-19 12:57:06,REAL,2771041024,484,2771041508,2771041508
2025-06-19 12:57:08,REAL,2771041508,542,2771042050,2771042050
2025-06-19 12:57:10,REAL,2771042050,483,2771042533,2771042533
2025-06-19 12:57:12,REAL,2771042533,538,2771043071,2771043071
2025-06-19 12:57:14,REAL,2771043071,487,2771043558,2771043558
2025-06-19 12:57:16,REAL,2771043558,481,2771044039,2771044039
2025-06-19 12:57:18,REAL,2771044039,488,2771044527,2771044527
2025-06-19 12:57:20,REAL,2771044527,475,2771045002,2771045002
2025-06-19 12:57:22,REAL,2771045002,484,2771045486,2771045486
2025-06-19 12:57:24,REAL,2771045486,486,2771045972,2771045972
2025-06-19 12:57:26,REAL,2771045972,479,2771046451,2771046451
2025-06-19 12:57:28,REAL,2771046451,484,2771046935,2771046935
2025-06-19 12:57:30,REAL,2771046935,493,2771047428,2771047428
2025-06-19 12:57:32,REAL,2771047428,490,2771047918,2771047918
2025-06-19 12:57:34,REAL,2771047918,478,2771048396,2771048396
2025-06-19 12:57:36,REAL,2771048396,478,2771048874,2771048874
2025-06-19 12:57:38,REAL,2771048874,545,2771049419,2771049419
2025-06-19 12:57:40,REAL,2771049419,486,2771049905,2771049905
2025-06-19 12:57:42,REAL,2771049905,486,2771050391,2771050391
2025-06-19 12:57:44,REAL,2771050391,482,2771050873,2771050873
2025-06-19 12:57:46,REAL,2771050873,16666,2771067539,2771067539
2025-06-19 12:57:48,REAL,2771067539,9067,2771076606,2771076606
2025-06-19 12:57:50,REAL,2771076606,10374,2771086980,2771086980
2025-06-19 12:57:52,REAL,2771086980,10251,2771097231,2771097231
2025-06-19 12:57:54,REAL,2771097231,10251,2771107482,2771107482
2025-06-19 12:57:56,REAL,2771107482,10314,2771117796,2771117796
2025-06-19 12:57:58,REAL,2771117796,10244,2771128040,2771128040
2025-06-19 12:58:00,REAL,2771128040,5503,2771133543,2771133543
2025-06-19 12:58:02,REAL,2771133543,488,2771134031,2771134031
2025-06-19 12:58:04,REAL,2771134031,491,2771134522,2771134522
2025-06-19 12:58:06,REAL,2771134522,479,2771135001,2771135001
2025-06-19 12:58:08,REAL,2771135001,481,2771135482,2771135482
2025-06-19 12:58:10,REAL,2771135482,483,2771135965,2771135965
2025-06-19 12:58:12,REAL,2771135965,541,2771136506,2771136506
2025-06-19 12:58:14,REAL,2771136506,485,2771136991,2771136991
2025-06-19 12:58:16,REAL,2771136991,480,2771137471,2771137471
2025-06-19 12:58:18,REAL,2771137471,488,2771137959,2771137959
2025-06-19 12:58:20,REAL,2771137959,480,2771138439,2771138439
2025-06-19 12:58:22,REAL,2771138439,476,2771138915,2771138915
2025-06-19 12:58:24,REAL,2771138915,486,2771139401,2771139401
2025-06-19 12:58:26,REAL,2771139401,486,2771139887,2771139887
2025-06-19 12:58:28,REAL,2771139887,541,2771140428,2771140428
2025-06-19 12:58:30,REAL,2771140428,482,2771140910,2771140910
2025-06-19 12:58:32,REAL,2771140910,483,2771141393,2771141393
2025-06-19 12:58:34,REAL,2771141393,477,2771141870,2771141870
2025-06-19 12:58:36,REAL,2771141870,481,2771142351,2771142351
2025-06-19 12:58:38,REAL,2771142351,7034,2771149385,2771149385
2025-06-19 12:58:40,REAL,2771149385,10592,2771159977,2771159977
2025-06-19 12:58:42,REAL,2771159977,10317,2771170294,2771170294
2025-06-19 12:58:44,REAL,2771170294,10245,2771180539,2771180539
2025-06-19 12:58:46,REAL,2771180539,10253,2771190792,2771190792
2025-06-19 12:58:48,REAL,2771190792,10253,2771201045,2771201045
2025-06-19 12:58:50,REAL,2771201045,10317,2771211362,2771211362
2025-06-19 12:58:52,REAL,2771211362,9390,2771220752,2771220752
2025-06-19 12:58:54,REAL,2771220752,480,2771221232,2771221232
2025-06-19 12:58:56,REAL,2771221232,494,2771221726,2771221726
2025-06-19 12:58:58,REAL,2771221726,476,2771222202,2771222202
2025-06-19 12:59:00,REAL,2771222202,478,2771222680,2771222680
2025-06-19 12:59:02,REAL,2771222680,485,2771223165,2771223165
2025-06-19 12:59:04,REAL,2771223165,542,2771223707,2771223707
2025-06-19 12:59:06,REAL,2771223707,540,2771224247,2771224247
2025-06-19 12:59:08,REAL,2771224247,237,2771224484,2771224484
2025-06-19 12:59:10,REAL,2771224484,486,2771224970,2771224970
2025-06-19 12:59:12,REAL,2771224970,482,2771225452,2771225452
2025-06-19 12:59:14,REAL,2771225452,481,2771225933,2771225933
2025-06-19 12:59:16,REAL,2771225933,477,2771226410,2771226410
2025-06-19 12:59:18,REAL,2771226410,484,2771226894,2771226894
2025-06-19 12:59:20,REAL,2771226894,485,2771227379,2771227379
2025-06-19 12:59:22,REAL,2771227379,482,2771227861,2771227861
2025-06-19 12:59:24,REAL,2771227861,474,2771228335,2771228335
2025-06-19 12:59:26,REAL,2771228335,485,2771228820,2771228820
2025-06-19 12:59:28,REAL,2771228820,481,2771229301,2771229301
2025-06-19 12:59:30,REAL,2771229301,480,2771229781,2771229781
2025-06-19 12:59:32,REAL,2771229781,483,2771230264,2771230264
2025-06-19 12:59:34,REAL,2771230264,540,2771230804,2771230804
2025-06-19 12:59:36,REAL,2771230804,483,2771231287,2771231287
2025-06-19 12:59:38,REAL,2771231287,540,2771231827,2771231827
2025-06-19 12:59:40,REAL,2771231827,483,2771232310,2771232310
2025-06-19 12:59:42,REAL,2771232310,485,2771232795,2771232795
2025-06-19 12:59:44,REAL,2771232795,489,2771233284,2771233284
2025-06-19 12:59:46,REAL,2771233284,484,2771233768,2771233768
2025-06-19 12:59:48,REAL,2771233768,485,2771234253,2771234253
2025-06-19 12:59:50,REAL,2771234253,483,2771234736,2771234736
2025-06-19 12:59:52,REAL,2771234736,481,2771235217,2771235217
2025-06-19 12:59:54,REAL,2771235217,479,2771235696,2771235696
2025-06-19 12:59:56,REAL,2771235696,475,2771236171,2771236171
2025-06-19 12:59:58,REAL,2771236171,491,2771236662,2771236662
2025-06-19 13:00:00,REAL,2771236662,537,2771237199,2771237199
2025-06-19 13:00:02,REAL,2771237199,481,2771237680,2771237680
2025-06-19 13:00:04,REAL,2771237680,491,2771238171,2771238171
2025-06-19 13:00:06,REAL,2771238171,482,2771238653,2771238653
2025-06-19 13:00:08,REAL,2771238653,483,2771239136,2771239136
2025-06-19 13:00:10,REAL,2771239136,485,2771239621,2771239621
2025-06-19 13:00:12,REAL,2771239621,3269,2771242890,2771242890
2025-06-19 13:00:14,REAL,2771242890,11378,2771254268,2771254268
2025-06-19 13:00:16,REAL,2771254268,10307,2771264575,2771264575
2025-06-19 13:00:18,REAL,2771264575,10251,2771274826,2771274826
2025-06-19 13:00:20,REAL,2771274826,10319,2771285145,2771285145
2025-06-19 13:00:22,REAL,2771285145,10255,2771295400,2771295400
2025-06-19 13:00:24,REAL,2771295400,10246,2771305646,2771305646
2025-06-19 13:00:26,REAL,2771305646,10256,2771315902,2771315902
2025-06-19 13:00:28,REAL,2771315902,2793,2771318695,2771318695
2025-06-19 13:00:30,REAL,2771318695,486,2771319181,2771319181
2025-06-19 13:00:32,REAL,2771319181,481,2771319662,2771319662
2025-06-19 13:00:34,REAL,2771319662,490,2771320152,2771320152
2025-06-19 13:00:36,REAL,2771320152,488,2771320640,2771320640
2025-06-19 13:00:38,REAL,2771320640,486,2771321126,2771321126
2025-06-19 13:00:40,REAL,2771321126,543,2771321669,2771321669
2025-06-19 13:00:42,REAL,2771321669,480,2771322149,2771322149
2025-06-19 13:00:44,REAL,2771322149,484,2771322633,2771322633
2025-06-19 13:00:46,REAL,2771322633,488,2771323121,2771323121
2025-06-19 13:00:48,REAL,2771323121,487,2771323608,2771323608
2025-06-19 13:00:50,REAL,2771323608,483,2771324091,2771324091
2025-06-19 13:00:52,REAL,2771324091,545,2771324636,2771324636
2025-06-19 13:00:54,REAL,2771324636,479,2771325115,2771325115
2025-06-19 13:00:56,REAL,2771325115,479,2771325594,2771325594
2025-06-19 13:00:58,REAL,2771325594,483,2771326077,2771326077
2025-06-19 13:01:00,REAL,2771326077,484,2771326561,2771326561
2025-06-19 13:01:02,REAL,2771326561,485,2771327046,2771327046
2025-06-19 13:01:04,REAL,2771327046,485,2771327531,2771327531
2025-06-19 13:01:06,REAL,2771327531,538,2771328069,2771328069
2025-06-19 13:01:08,REAL,2771328069,478,2771328547,2771328547
2025-06-19 13:01:10,REAL,2771328547,480,2771329027,2771329027
2025-06-19 13:01:12,REAL,2771329027,488,2771329515,2771329515
2025-06-19 13:01:14,REAL,2771329515,491,2771330006,2771330006
2025-06-19 13:01:16,REAL,2771330006,483,2771330489,2771330489
2025-06-19 13:01:18,REAL,2771330489,490,2771330979,2771330979
2025-06-19 13:01:20,REAL,2771330979,490,2771331469,2771331469
2025-06-19 13:01:22,REAL,2771331469,485,2771331954,2771331954
2025-06-19 13:01:24,REAL,2771331954,485,2771332439,2771332439
2025-06-19 13:01:26,REAL,2771332439,482,2771332921,2771332921
2025-06-19 13:01:28,REAL,2771332921,482,2771333403,2771333403
2025-06-19 13:01:30,REAL,2771333403,537,2771333940,2771333940
2025-06-19 13:01:32,REAL,2771333940,543,2771334483,2771334483
2025-06-19 13:01:34,REAL,2771334483,491,2771334974,2771334974
2025-06-19 13:01:36,REAL,2771334974,489,2771335463,2771335463
2025-06-19 13:01:38,REAL,2771335463,477,2771335940,2771335940
2025-06-19 13:01:40,REAL,2771335940,482,2771336422,2771336422
2025-06-19 13:01:42,REAL,2771336422,475,2771336897,2771336897
2025-06-19 13:01:44,REAL,2771336897,477,2771337374,2771337374
2025-06-19 13:01:46,REAL,2771337374,489,2771337863,2771337863
2025-06-19 13:01:48,REAL,2771337863,6238,2771344101,2771344101
2025-06-19 13:01:50,REAL,2771344101,13684,2771357785,2771357785
2025-06-19 13:01:52,REAL,2771357785,10250,2771368035,2771368035
2025-06-19 13:01:54,REAL,2771368035,10253,2771378288,2771378288
2025-06-19 13:01:56,REAL,2771378288,10251,2771388539,2771388539
2025-06-19 13:01:58,REAL,2771388539,10318,2771398857,2771398857
2025-06-19 13:02:00,REAL,2771398857,10253,2771409110,2771409110
2025-06-19 13:02:02,REAL,2771409110,10251,2771419361,2771419361
2025-06-19 13:02:04,REAL,2771419361,941,2771420302,2771420302
2025-06-19 13:02:06,REAL,2771420302,541,2771420843,2771420843
2025-06-19 13:02:08,REAL,2771420843,494,2771421337,2771421337
2025-06-19 13:02:10,REAL,2771421337,477,2771421814,2771421814
2025-06-19 13:02:12,REAL,2771421814,484,2771422298,2771422298
2025-06-19 13:02:14,REAL,2771422298,535,2771422833,2771422833
2025-06-19 13:02:16,REAL,2771422833,494,2771423327,2771423327
2025-06-19 13:02:18,REAL,2771423327,481,2771423808,2771423808
2025-06-19 13:02:20,REAL,2771423808,489,2771424297,2771424297
2025-06-19 13:02:22,REAL,2771424297,491,2771424788,2771424788
2025-06-19 13:02:24,REAL,2771424788,485,2771425273,2771425273
2025-06-19 13:02:26,REAL,2771425273,480,2771425753,2771425753
2025-06-19 13:02:28,REAL,2771425753,485,2771426238,2771426238
2025-06-19 13:02:30,REAL,2771426238,486,2771426724,2771426724
2025-06-19 13:02:32,REAL,2771426724,485,2771427209,2771427209
2025-06-19 13:02:34,REAL,2771427209,491,2771427700,2771427700
2025-06-19 13:02:36,REAL,2771427700,481,2771428181,2771428181
2025-06-19 13:02:38,REAL,2771428181,476,2771428657,2771428657
2025-06-19 13:02:40,REAL,2771428657,489,2771429146,2771429146
2025-06-19 13:02:42,REAL,2771429146,589,2771429735,2771429735
2025-06-19 13:02:44,REAL,2771429735,489,2771430224,2771430224
2025-06-19 13:02:46,REAL,2771430224,489,2771430713,2771430713
2025-06-19 13:02:48,REAL,2771430713,482,2771431195,2771431195
2025-06-19 13:02:50,REAL,2771431195,478,2771431673,2771431673
2025-06-19 13:02:52,REAL,2771431673,488,2771432161,2771432161
2025-06-19 13:02:54,REAL,2771432161,484,2771432645,2771432645
2025-06-19 13:02:56,REAL,2771432645,479,2771433124,2771433124
2025-06-19 13:02:58,REAL,2771433124,487,2771433611,2771433611
2025-06-19 13:03:00,REAL,2771433611,478,2771434089,2771434089
2025-06-19 13:03:02,REAL,2771434089,476,2771434565,2771434565
2025-06-19 13:03:04,REAL,2771434565,486,2771435051,2771435051
2025-06-19 13:03:06,REAL,2771435051,477,2771435528,2771435528
2025-06-19 13:03:08,REAL,2771435528,547,2771436075,2771436075
2025-06-19 13:03:10,REAL,2771436075,477,2771436552,2771436552
2025-06-19 13:03:12,REAL,2771436552,484,2771437036,2771437036
2025-06-19 13:03:14,REAL,2771437036,479,2771437515,2771437515
2025-06-19 13:03:16,REAL,2771437515,492,2771438007,2771438007
2025-06-19 13:03:18,REAL,2771438007,543,2771438550,2771438550
2025-06-19 13:03:20,REAL,2771438550,486,2771439036,2771439036
2025-06-19 13:03:22,REAL,2771439036,488,2771439524,2771439524
2025-06-19 13:03:24,REAL,2771439524,492,2771440016,2771440016
2025-06-19 13:03:26,REAL,2771440016,483,2771440499,2771440499
2025-06-19 13:03:28,REAL,2771440499,482,2771440981,2771440981
2025-06-19 13:03:30,REAL,2771440981,489,2771441470,2771441470
2025-06-19 13:03:32,REAL,2771441470,478,2771441948,2771441948
2025-06-19 13:03:34,REAL,2771441948,475,2771442423,2771442423
2025-06-19 13:03:36,REAL,2771442423,534,2771442957,2771442957
2025-06-19 13:03:38,REAL,2771442957,486,2771443443,2771443443
2025-06-19 13:03:40,REAL,2771443443,487,2771443930,2771443930
2025-06-19 13:03:42,REAL,2771443930,483,2771444413,2771444413
2025-06-19 13:03:44,REAL,2771444413,482,2771444895,2771444895
2025-06-19 13:03:46,REAL,2771444895,483,2771445378,2771445378
2025-06-19 13:03:48,REAL,2771445378,489,2771445867,2771445867
2025-06-19 13:03:50,REAL,2771445867,478,2771446345,2771446345
2025-06-19 13:03:52,REAL,2771446345,539,2771446884,2771446884
2025-06-19 13:03:54,REAL,2771446884,480,2771447364,2771447364
2025-06-19 13:03:56,REAL,2771447364,485,2771447849,2771447849
2025-06-19 13:03:58,REAL,2771447849,486,2771448335,2771448335
2025-06-19 13:04:00,REAL,2771448335,3204,2771451539,2771451539
2025-06-19 13:04:02,REAL,2771451539,11770,2771463309,2771463309
2025-06-19 13:04:04,REAL,2771463309,10252,2771473561,2771473561
2025-06-19 13:04:06,REAL,2771473561,10325,2771483886,2771483886
2025-06-19 13:04:08,REAL,2771483886,10250,2771494136,2771494136
2025-06-19 13:04:10,REAL,2771494136,10247,2771504383,2771504383
2025-06-19 13:04:12,REAL,2771504383,10256,2771514639,2771514639
2025-06-19 13:04:14,REAL,2771514639,10255,2771524894,2771524894
2025-06-19 13:04:16,REAL,2771524894,3321,2771528215,2771528215
2025-06-19 13:04:18,REAL,2771528215,488,2771528703,2771528703
2025-06-19 13:04:20,REAL,2771528703,480,2771529183,2771529183
2025-06-19 13:04:22,REAL,2771529183,491,2771529674,2771529674
2025-06-19 13:04:24,REAL,2771529674,490,2771530164,2771530164
2025-06-19 13:04:26,REAL,2771530164,542,2771530706,2771530706
2025-06-19 13:04:28,REAL,2771530706,541,2771531247,2771531247
2025-06-19 13:04:30,REAL,2771531247,478,2771531725,2771531725
2025-06-19 13:04:32,REAL,2771531725,486,2771532211,2771532211
2025-06-19 13:04:34,REAL,2771532211,479,2771532690,2771532690
2025-06-19 13:04:36,REAL,2771532690,485,2771533175,2771533175
2025-06-19 13:04:38,REAL,2771533175,483,2771533658,2771533658
2025-06-19 13:04:40,REAL,2771533658,481,2771534139,2771534139
2025-06-19 13:04:42,REAL,2771534139,480,2771534619,2771534619
2025-06-19 13:04:44,REAL,2771534619,491,2771535110,2771535110
2025-06-19 13:04:46,REAL,2771535110,485,2771535595,2771535595
2025-06-19 13:04:48,REAL,2771535595,489,2771536084,2771536084
2025-06-19 13:04:50,REAL,2771536084,489,2771536573,2771536573
2025-06-19 13:04:52,REAL,2771536573,490,2771537063,2771537063
2025-06-19 13:04:54,REAL,2771537063,538,2771537601,2771537601
2025-06-19 13:04:56,REAL,2771537601,485,2771538086,2771538086
2025-06-19 13:04:58,REAL,2771538086,490,2771538576,2771538576
2025-06-19 13:05:00,REAL,2771538576,484,2771539060,2771539060
2025-06-19 13:05:02,REAL,2771539060,484,2771539544,2771539544
2025-06-19 13:05:04,REAL,2771539544,536,2771540080,2771540080
2025-06-19 13:05:06,REAL,2771540080,489,2771540569,2771540569
2025-06-19 13:05:08,REAL,2771540569,479,2771541048,2771541048
2025-06-19 13:05:10,REAL,2771541048,484,2771541532,2771541532
2025-06-19 13:05:12,REAL,2771541532,484,2771542016,2771542016
2025-06-19 13:05:14,REAL,2771542016,480,2771542496,2771542496
2025-06-19 13:05:16,REAL,2771542496,475,2771542971,2771542971
2025-06-19 13:05:18,REAL,2771542971,482,2771543453,2771543453
2025-06-19 13:05:20,REAL,2771543453,535,2771543988,2771543988
2025-06-19 13:05:22,REAL,2771543988,484,2771544472,2771544472
2025-06-19 13:05:24,REAL,2771544472,482,2771544954,2771544954
2025-06-19 13:05:26,REAL,2771544954,478,2771545432,2771545432
2025-06-19 13:05:28,REAL,2771545432,489,2771545921,2771545921
2025-06-19 13:05:30,REAL,2771545921,479,2771546400,2771546400
2025-06-19 13:05:32,REAL,2771546400,485,2771546885,2771546885
2025-06-19 13:05:34,REAL,2771546885,483,2771547368,2771547368
2025-06-19 13:05:36,REAL,2771547368,483,2771547851,2771547851
2025-06-19 13:05:38,REAL,2771547851,480,2771548331,2771548331
2025-06-19 13:05:40,REAL,2771548331,541,2771548872,2771548872
2025-06-19 13:05:42,REAL,2771548872,482,2771549354,2771549354
2025-06-19 13:05:44,REAL,2771549354,480,2771549834,2771549834
2025-06-19 13:05:46,REAL,2771549834,483,2771550317,2771550317
2025-06-19 13:05:48,REAL,2771550317,540,2771550857,2771550857
2025-06-19 13:05:50,REAL,2771550857,491,2771551348,2771551348
2025-06-19 13:05:52,REAL,2771551348,488,2771551836,2771551836
2025-06-19 13:05:54,REAL,2771551836,481,2771552317,2771552317
2025-06-19 13:05:56,REAL,2771552317,485,2771552802,2771552802
2025-06-19 13:05:58,REAL,2771552802,487,2771553289,2771553289
2025-06-19 13:06:00,REAL,2771553289,485,2771553774,2771553774
2025-06-19 13:06:02,REAL,2771553774,486,2771554260,2771554260
2025-06-19 13:06:04,REAL,2771554260,477,2771554737,2771554737
2025-06-19 13:06:06,REAL,2771554737,484,2771555221,2771555221
2025-06-19 13:06:08,REAL,2771555221,488,2771555709,2771555709
2025-06-19 13:06:10,REAL,2771555709,488,2771556197,2771556197
2025-06-19 13:06:12,REAL,2771556197,477,2771556674,2771556674
2025-06-19 13:06:14,REAL,2771556674,491,2771557165,2771557165
2025-06-19 13:06:16,REAL,2771557165,545,2771557710,2771557710
2025-06-19 13:06:18,REAL,2771557710,482,2771558192,2771558192
2025-06-19 13:06:20,REAL,2771558192,542,2771558734,2771558734
2025-06-19 13:06:22,REAL,2771558734,477,2771559211,2771559211
2025-06-19 13:06:24,REAL,2771559211,482,2771559693,2771559693
2025-06-19 13:06:26,REAL,2771559693,489,2771560182,2771560182
2025-06-19 13:06:28,REAL,2771560182,486,2771560668,2771560668
2025-06-19 13:06:30,REAL,2771560668,486,2771561154,2771561154
2025-06-19 13:06:32,REAL,2771561154,490,2771561644,2771561644
2025-06-19 13:06:34,REAL,2771561644,480,2771562124,2771562124
2025-06-19 13:06:36,REAL,2771562124,489,2771562613,2771562613
2025-06-19 13:06:38,REAL,2771562613,483,2771563096,2771563096
2025-06-19 13:06:40,REAL,2771563096,483,2771563579,2771563579
2025-06-19 13:06:42,REAL,2771563579,491,2771564070,2771564070
2025-06-19 13:06:44,REAL,2771564070,485,2771564555,2771564555
2025-06-19 13:06:46,REAL,2771564555,492,2771565047,2771565047
2025-06-19 13:06:48,REAL,2771565047,487,2771565534,2771565534
2025-06-19 13:06:50,REAL,2771565534,598,2771566132,2771566132
2025-06-19 13:06:52,REAL,2771566132,486,2771566618,2771566618
2025-06-19 13:06:54,REAL,2771566618,481,2771567099,2771567099
2025-06-19 13:06:56,REAL,2771567099,475,2771567574,2771567574
2025-06-19 13:06:58,REAL,2771567574,478,2771568052,2771568052
2025-06-19 13:07:00,REAL,2771568052,481,2771568533,2771568533
2025-06-19 13:07:02,REAL,2771568533,492,2771569025,2771569025
2025-06-19 13:07:04,REAL,2771569025,478,2771569503,2771569503
2025-06-19 13:07:06,REAL,2771569503,491,2771569994,2771569994
2025-06-19 13:07:08,REAL,2771569994,479,2771570473,2771570473
2025-06-19 13:07:10,REAL,2771570473,486,2771570959,2771570959
2025-06-19 13:07:12,REAL,2771570959,487,2771571446,2771571446
2025-06-19 13:07:14,REAL,2771571446,486,2771571932,2771571932
2025-06-19 13:07:16,REAL,2771571932,478,2771572410,2771572410
2025-06-19 13:07:18,REAL,2771572410,546,2771572956,2771572956
2025-06-19 13:07:20,REAL,2771572956,476,2771573432,2771573432
2025-06-19 13:07:22,REAL,2771573432,487,2771573919,2771573919
2025-06-19 13:07:24,REAL,2771573919,482,2771574401,2771574401
2025-06-19 13:07:26,REAL,2771574401,483,2771574884,2771574884
2025-06-19 13:07:28,REAL,2771574884,545,2771575429,2771575429
2025-06-19 13:07:30,REAL,2771575429,487,2771575916,2771575916
2025-06-19 13:07:32,REAL,2771575916,492,2771576408,2771576408
2025-06-19 13:07:34,REAL,2771576408,484,2771576892,2771576892
2025-06-19 13:07:36,REAL,2771576892,484,2771577376,2771577376
2025-06-19 13:07:38,REAL,2771577376,485,2771577861,2771577861
2025-06-19 13:07:40,REAL,2771577861,484,2771578345,2771578345
2025-06-19 13:07:42,REAL,2771578345,488,2771578833,2771578833
2025-06-19 13:07:44,REAL,2771578833,484,2771579317,2771579317
2025-06-19 13:07:46,REAL,2771579317,477,2771579794,2771579794
2025-06-19 13:07:48,REAL,2771579794,481,2771580275,2771580275
2025-06-19 13:07:50,REAL,2771580275,545,2771580820,2771580820
2025-06-19 13:07:52,REAL,2771580820,485,2771581305,2771581305
2025-06-19 13:07:54,REAL,2771581305,485,2771581790,2771581790
2025-06-19 13:07:56,REAL,2771581790,487,2771582277,2771582277
2025-06-19 13:07:58,REAL,2771582277,488,2771582765,2771582765
2025-06-19 13:08:00,REAL,2771582765,485,2771583250,2771583250
2025-06-19 13:08:02,REAL,2771583250,484,2771583734,2771583734
2025-06-19 13:08:04,REAL,2771583734,486,2771584220,2771584220
2025-06-19 13:08:06,REAL,2771584220,540,2771584760,2771584760
2025-06-19 13:08:08,REAL,2771584760,480,2771585240,2771585240
2025-06-19 13:08:10,REAL,2771585240,479,2771585719,2771585719
2025-06-19 13:08:12,REAL,2771585719,486,2771586205,2771586205
2025-06-19 13:08:14,REAL,2771586205,2677,2771588882,2771588882
2025-06-19 13:08:16,REAL,2771588882,11772,2771600654,2771600654
2025-06-19 13:08:18,REAL,2771600654,10318,2771610972,2771610972
2025-06-19 13:08:20,REAL,2771610972,10249,2771621221,2771621221
2025-06-19 13:08:22,REAL,2771621221,10254,2771631475,2771631475
2025-06-19 13:08:24,REAL,2771631475,10250,2771641725,2771641725
2025-06-19 13:08:26,REAL,2771641725,10248,2771651973,2771651973
2025-06-19 13:08:28,REAL,2771651973,10323,2771662296,2771662296
2025-06-19 13:08:30,REAL,2771662296,3386,2771665682,2771665682
2025-06-19 13:08:32,REAL,2771665682,481,2771666163,2771666163
2025-06-19 13:08:34,REAL,2771666163,488,2771666651,2771666651
2025-06-19 13:08:36,REAL,2771666651,490,2771667141,2771667141
2025-06-19 13:08:38,REAL,2771667141,488,2771667629,2771667629
2025-06-19 13:08:40,REAL,2771667629,486,2771668115,2771668115
2025-06-19 13:08:42,REAL,2771668115,476,2771668591,2771668591
2025-06-19 13:08:44,REAL,2771668591,541,2771669132,2771669132
2025-06-19 13:08:46,REAL,2771669132,3582,2771672714,2771672714
2025-06-19 13:08:48,REAL,2771672714,14931,2771687645,2771687645
2025-06-19 13:08:50,REAL,2771687645,10246,2771697891,2771697891
2025-06-19 13:08:52,REAL,2771697891,10256,2771708147,2771708147
2025-06-19 13:08:54,REAL,2771708147,10253,2771718400,2771718400
2025-06-19 13:08:56,REAL,2771718400,10312,2771728712,2771728712
2025-06-19 13:08:58,REAL,2771728712,10245,2771738957,2771738957
2025-06-19 13:09:00,REAL,2771738957,10259,2771749216,2771749216
2025-06-19 13:09:02,REAL,2771749216,2795,2771752011,2771752011
2025-06-19 13:09:04,REAL,2771752011,477,2771752488,2771752488
2025-06-19 13:09:06,REAL,2771752488,489,2771752977,2771752977
2025-06-19 13:09:08,REAL,2771752977,487,2771753464,2771753464
2025-06-19 13:09:10,REAL,2771753464,487,2771753951,2771753951
2025-06-19 13:09:12,REAL,2771753951,483,2771754434,2771754434
2025-06-19 13:09:14,REAL,2771754434,490,2771754924,2771754924
2025-06-19 13:09:16,REAL,2771754924,546,2771755470,2771755470
2025-06-19 13:09:18,REAL,2771755470,479,2771755949,2771755949
2025-06-19 13:09:20,REAL,2771755949,477,2771756426,2771756426
2025-06-19 13:09:22,REAL,2771756426,479,2771756905,2771756905
2025-06-19 13:09:24,REAL,2771756905,539,2771757444,2771757444
2025-06-19 13:09:26,REAL,2771757444,488,2771757932,2771757932
2025-06-19 13:09:28,REAL,2771757932,481,2771758413,2771758413
2025-06-19 13:09:30,REAL,2771758413,490,2771758903,2771758903
2025-06-19 13:09:32,REAL,2771758903,481,2771759384,2771759384
2025-06-19 13:09:34,REAL,2771759384,491,2771759875,2771759875
2025-06-19 13:09:36,REAL,2771759875,484,2771760359,2771760359
2025-06-19 13:09:38,REAL,2771760359,490,2771760849,2771760849
2025-06-19 13:09:40,REAL,2771760849,479,2771761328,2771761328
2025-06-19 13:09:42,REAL,2771761328,491,2771761819,2771761819
2025-06-19 13:09:44,REAL,2771761819,5046,2771766865,2771766865
2025-06-19 13:09:46,REAL,2771766865,13941,2771780806,2771780806
2025-06-19 13:09:48,REAL,2771780806,10248,2771791054,2771791054
2025-06-19 13:09:50,REAL,2771791054,10311,2771801365,2771801365
2025-06-19 13:09:52,REAL,2771801365,10251,2771811616,2771811616
2025-06-19 13:09:54,REAL,2771811616,10251,2771821867,2771821867
2025-06-19 13:09:56,REAL,2771821867,10249,2771832116,2771832116
2025-06-19 13:09:58,REAL,2771832116,10244,2771842360,2771842360
2025-06-19 13:10:00,REAL,2771842360,1872,2771844232,2771844232
2025-06-19 13:10:02,REAL,2771844232,537,2771844769,2771844769
2025-06-19 13:10:04,REAL,2771844769,479,2771845248,2771845248
2025-06-19 13:10:06,REAL,2771845248,480,2771845728,2771845728
2025-06-19 13:10:08,REAL,2771845728,476,2771846204,2771846204
2025-06-19 13:10:10,REAL,2771846204,479,2771846683,2771846683
2025-06-19 13:10:12,REAL,2771846683,477,2771847160,2771847160
2025-06-19 13:10:14,REAL,2771847160,542,2771847702,2771847702
2025-06-19 13:10:16,REAL,2771847702,5109,2771852811,2771852811
2025-06-19 13:10:18,REAL,2771852811,11244,2771864055,2771864055
2025-06-19 13:10:20,REAL,2771864055,10256,2771874311,2771874311
2025-06-19 13:10:22,REAL,2771874311,10258,2771884569,2771884569
2025-06-19 13:10:24,REAL,2771884569,10254,2771894823,2771894823
2025-06-19 13:10:26,REAL,2771894823,10316,2771905139,2771905139
2025-06-19 13:10:28,REAL,2771905139,10248,2771915387,2771915387
2025-06-19 13:10:30,REAL,2771915387,10253,2771925640,2771925640
2025-06-19 13:10:32,REAL,2771925640,1272,2771926912,2771926912
2025-06-19 13:10:34,REAL,2771926912,478,2771927390,2771927390
2025-06-19 13:10:36,REAL,2771927390,485,2771927875,2771927875
2025-06-19 13:10:38,REAL,2771927875,481,2771928356,2771928356
2025-06-19 13:10:40,REAL,2771928356,486,2771928842,2771928842
2025-06-19 13:10:42,REAL,2771928842,542,2771929384,2771929384
2025-06-19 13:10:44,REAL,2771929384,536,2771929920,2771929920
2025-06-19 13:10:46,REAL,2771929920,477,2771930397,2771930397
2025-06-19 13:10:48,REAL,2771930397,494,2771930891,2771930891
2025-06-19 13:10:50,REAL,2771930891,478,2771931369,2771931369
2025-06-19 13:10:52,REAL,2771931369,483,2771931852,2771931852
2025-06-19 13:10:54,REAL,2771931852,484,2771932336,2771932336
2025-06-19 13:10:56,REAL,2771932336,481,2771932817,2771932817
2025-06-19 13:10:58,REAL,2771932817,484,2771933301,2771933301
2025-06-19 13:11:00,REAL,2771933301,479,2771933780,2771933780
2025-06-19 13:11:02,REAL,2771933780,486,2771934266,2771934266
2025-06-19 13:11:04,REAL,2771934266,490,2771934756,2771934756
2025-06-19 13:11:06,REAL,2771934756,478,2771935234,2771935234
2025-06-19 13:11:08,REAL,2771935234,481,2771935715,2771935715
2025-06-19 13:11:10,REAL,2771935715,493,2771936208,2771936208
2025-06-19 13:11:12,REAL,2771936208,483,2771936691,2771936691
2025-06-19 13:11:14,REAL,2771936691,484,2771937175,2771937175
2025-06-19 13:11:16,REAL,2771937175,490,2771937665,2771937665
2025-06-19 13:11:18,REAL,2771937665,487,2771938152,2771938152
2025-06-19 13:11:20,REAL,2771938152,540,2771938692,2771938692
2025-06-19 13:11:22,REAL,2771938692,486,2771939178,2771939178
2025-06-19 13:11:24,REAL,2771939178,5964,2771945142,2771945142
2025-06-19 13:11:26,REAL,2771945142,11244,2771956386,2771956386
2025-06-19 13:11:28,REAL,2771956386,10254,2771966640,2771966640
2025-06-19 13:11:30,REAL,2771966640,10258,2771976898,2771976898
2025-06-19 13:11:32,REAL,2771976898,10252,2771987150,2771987150
2025-06-19 13:11:34,REAL,2771987150,10257,2771997407,2771997407
2025-06-19 13:11:36,REAL,2771997407,10255,2772007662,2772007662
2025-06-19 13:11:38,REAL,2772007662,10257,2772017919,2772017919
2025-06-19 13:11:40,REAL,2772017919,494,2772018413,2772018413
2025-06-19 13:11:42,REAL,2772018413,483,2772018896,2772018896
2025-06-19 13:11:44,REAL,2772018896,483,2772019379,2772019379
2025-06-19 13:11:46,REAL,2772019379,482,2772019861,2772019861
2025-06-19 13:11:48,REAL,2772019861,483,2772020344,2772020344
2025-06-19 13:11:50,REAL,2772020344,483,2772020827,2772020827
2025-06-19 13:11:52,REAL,2772020827,480,2772021307,2772021307
2025-06-19 13:11:54,REAL,2772021307,483,2772021790,2772021790
2025-06-19 13:11:56,REAL,2772021790,484,2772022274,2772022274
2025-06-19 13:11:58,REAL,2772022274,484,2772022758,2772022758
2025-06-19 13:12:00,REAL,2772022758,545,2772023303,2772023303
2025-06-19 13:12:02,REAL,2772023303,479,2772023782,2772023782
2025-06-19 13:12:04,REAL,2772023782,530,2772024312,2772024312
2025-06-19 13:12:06,REAL,2772024312,489,2772024801,2772024801
2025-06-19 13:12:08,REAL,2772024801,492,2772025293,2772025293
2025-06-19 13:12:10,REAL,2772025293,483,2772025776,2772025776
2025-06-19 13:12:12,REAL,2772025776,483,2772026259,2772026259
2025-06-19 13:12:14,REAL,2772026259,478,2772026737,2772026737
2025-06-19 13:12:16,REAL,2772026737,478,2772027215,2772027215
2025-06-19 13:12:18,REAL,2772027215,478,2772027693,2772027693
2025-06-19 13:12:20,REAL,2772027693,492,2772028185,2772028185
2025-06-19 13:12:22,REAL,2772028185,489,2772028674,2772028674
2025-06-19 13:12:24,REAL,2772028674,484,2772029158,2772029158
2025-06-19 13:12:26,REAL,2772029158,483,2772029641,2772029641
2025-06-19 13:12:28,REAL,2772029641,482,2772030123,2772030123
2025-06-19 13:12:30,REAL,2772030123,494,2772030617,2772030617
2025-06-19 13:12:32,REAL,2772030617,485,2772031102,2772031102
2025-06-19 13:12:34,REAL,2772031102,477,2772031579,2772031579
2025-06-19 13:12:36,REAL,2772031579,492,2772032071,2772032071
2025-06-19 13:12:38,REAL,2772032071,541,2772032612,2772032612
2025-06-19 13:12:40,REAL,2772032612,489,2772033101,2772033101
2025-06-19 13:12:42,REAL,2772033101,485,2772033586,2772033586
2025-06-19 13:12:44,REAL,2772033586,478,2772034064,2772034064
2025-06-19 13:12:46,REAL,2772034064,542,2772034606,2772034606
2025-06-19 13:12:48,REAL,2772034606,491,2772035097,2772035097
2025-06-19 13:12:50,REAL,2772035097,484,2772035581,2772035581
2025-06-19 13:12:52,REAL,2772035581,487,2772036068,2772036068
2025-06-19 13:12:54,REAL,2772036068,482,2772036550,2772036550
2025-06-19 13:12:56,REAL,2772036550,489,2772037039,2772037039
2025-06-19 13:12:58,REAL,2772037039,492,2772037531,2772037531
2025-06-19 13:13:00,REAL,2772037531,479,2772038010,2772038010
2025-06-19 13:13:02,REAL,2772038010,489,2772038499,2772038499
2025-06-19 13:13:04,REAL,2772038499,2732,2772041231,2772041231
2025-06-19 13:13:06,REAL,2772041231,14727,2772055958,2772055958
2025-06-19 13:13:08,REAL,2772055958,10323,2772066281,2772066281
2025-06-19 13:13:10,REAL,2772066281,10252,2772076533,2772076533
2025-06-19 13:13:12,REAL,2772076533,10256,2772086789,2772086789
2025-06-19 13:13:14,REAL,2772086789,10251,2772097040,2772097040
2025-06-19 13:13:16,REAL,2772097040,10252,2772107292,2772107292
2025-06-19 13:13:18,REAL,2772107292,10261,2772117553,2772117553
2025-06-19 13:13:20,REAL,2772117553,3386,2772120939,2772120939
2025-06-19 13:13:22,REAL,2772120939,482,2772121421,2772121421
2025-06-19 13:13:24,REAL,2772121421,477,2772121898,2772121898
2025-06-19 13:13:26,REAL,2772121898,483,2772122381,2772122381
2025-06-19 13:13:28,REAL,2772122381,474,2772122855,2772122855
2025-06-19 13:13:30,REAL,2772122855,542,2772123397,2772123397
2025-06-19 13:13:32,REAL,2772123397,486,2772123883,2772123883
2025-06-19 13:13:34,REAL,2772123883,483,2772124366,2772124366
2025-06-19 13:13:36,REAL,2772124366,487,2772124853,2772124853
2025-06-19 13:13:38,REAL,2772124853,479,2772125332,2772125332
2025-06-19 13:13:40,REAL,2772125332,485,2772125817,2772125817
2025-06-19 13:13:42,REAL,2772125817,9071,2772134888,2772134888
2025-06-19 13:13:44,REAL,2772134888,10509,2772145397,2772145397
2025-06-19 13:13:46,REAL,2772145397,10323,2772155720,2772155720
2025-06-19 13:13:48,REAL,2772155720,10245,2772165965,2772165965
2025-06-19 13:13:50,REAL,2772165965,10323,2772176288,2772176288
2025-06-19 13:13:52,REAL,2772176288,10253,2772186541,2772186541
2025-06-19 13:13:54,REAL,2772186541,10320,2772196861,2772196861
2025-06-19 13:13:56,REAL,2772196861,7733,2772204594,2772204594
2025-06-19 13:13:58,REAL,2772204594,489,2772205083,2772205083
2025-06-19 13:14:00,REAL,2772205083,484,2772205567,2772205567
2025-06-19 13:14:02,REAL,2772205567,486,2772206053,2772206053
2025-06-19 13:14:04,REAL,2772206053,487,2772206540,2772206540
2025-06-19 13:14:06,REAL,2772206540,487,2772207027,2772207027
2025-06-19 13:14:08,REAL,2772207027,479,2772207506,2772207506
2025-06-19 13:14:10,REAL,2772207506,489,2772207995,2772207995
2025-06-19 13:14:12,REAL,2772207995,488,2772208483,2772208483
2025-06-19 13:14:14,REAL,2772208483,483,2772208966,2772208966
2025-06-19 13:14:16,REAL,2772208966,487,2772209453,2772209453
2025-06-19 13:14:18,REAL,2772209453,486,2772209939,2772209939
2025-06-19 13:14:20,REAL,2772209939,486,2772210425,2772210425
2025-06-19 13:14:22,REAL,2772210425,599,2772211024,2772211024
2025-06-19 13:14:24,REAL,2772211024,487,2772211511,2772211511
2025-06-19 13:14:26,REAL,2772211511,487,2772211998,2772211998
2025-06-19 13:14:28,REAL,2772211998,487,2772212485,2772212485
2025-06-19 13:14:30,REAL,2772212485,485,2772212970,2772212970
2025-06-19 13:14:32,REAL,2772212970,491,2772213461,2772213461
2025-06-19 13:14:34,REAL,2772213461,483,2772213944,2772213944
2025-06-19 13:14:36,REAL,2772213944,491,2772214435,2772214435
2025-06-19 13:14:38,REAL,2772214435,490,2772214925,2772214925
2025-06-19 13:14:40,REAL,2772214925,480,2772215405,2772215405
2025-06-19 13:14:42,REAL,2772215405,492,2772215897,2772215897
2025-06-19 13:14:44,REAL,2772215897,480,2772216377,2772216377
2025-06-19 13:14:46,REAL,2772216377,487,2772216864,2772216864
2025-06-19 13:14:48,REAL,2772216864,545,2772217409,2772217409
2025-06-19 13:14:50,REAL,2772217409,491,2772217900,2772217900
2025-06-19 13:14:52,REAL,2772217900,477,2772218377,2772218377
2025-06-19 13:14:54,REAL,2772218377,480,2772218857,2772218857
2025-06-19 13:14:56,REAL,2772218857,483,2772219340,2772219340
2025-06-19 13:14:58,REAL,2772219340,491,2772219831,2772219831
2025-06-19 13:15:00,REAL,2772219831,486,2772220317,2772220317
2025-06-19 13:15:02,REAL,2772220317,484,2772220801,2772220801
2025-06-19 13:15:04,REAL,2772220801,534,2772221335,2772221335
2025-06-19 13:15:06,REAL,2772221335,5037,2772226372,2772226372
2025-06-19 13:15:08,REAL,2772226372,11179,2772237551,2772237551
2025-06-19 13:15:10,REAL,2772237551,10253,2772247804,2772247804
2025-06-19 13:15:12,REAL,2772247804,10321,2772258125,2772258125
2025-06-19 13:15:14,REAL,2772258125,10312,2772268437,2772268437
2025-06-19 13:15:16,REAL,2772268437,10325,2772278762,2772278762
2025-06-19 13:15:18,REAL,2772278762,10246,2772289008,2772289008
2025-06-19 13:15:20,REAL,2772289008,10251,2772299259,2772299259
2025-06-19 13:15:22,REAL,2772299259,1342,2772300601,2772300601
2025-06-19 13:15:24,REAL,2772300601,490,2772301091,2772301091
2025-06-19 13:15:26,REAL,2772301091,482,2772301573,2772301573
2025-06-19 13:15:28,REAL,2772301573,482,2772302055,2772302055
2025-06-19 13:15:30,REAL,2772302055,483,2772302538,2772302538
2025-06-19 13:15:32,REAL,2772302538,488,2772303026,2772303026
2025-06-19 13:15:34,REAL,2772303026,492,2772303518,2772303518
2025-06-19 13:15:36,REAL,2772303518,486,2772304004,2772304004
2025-06-19 13:15:38,REAL,2772304004,487,2772304491,2772304491
2025-06-19 13:15:40,REAL,2772304491,537,2772305028,2772305028
2025-06-19 13:15:42,REAL,2772305028,242,2772305270,2772305270
2025-06-19 13:15:44,REAL,2772305270,481,2772305751,2772305751
2025-06-19 13:15:46,REAL,2772305751,534,2772306285,2772306285
2025-06-19 13:15:48,REAL,2772306285,489,2772306774,2772306774
2025-06-19 13:15:50,REAL,2772306774,489,2772307263,2772307263
2025-06-19 13:15:52,REAL,2772307263,488,2772307751,2772307751
2025-06-19 13:15:54,REAL,2772307751,479,2772308230,2772308230
2025-06-19 13:15:56,REAL,2772308230,484,2772308714,2772308714
2025-06-19 13:15:58,REAL,2772308714,484,2772309198,2772309198
2025-06-19 13:16:00,REAL,2772309198,482,2772309680,2772309680
2025-06-19 13:16:02,REAL,2772309680,490,2772310170,2772310170
2025-06-19 13:16:04,REAL,2772310170,480,2772310650,2772310650
2025-06-19 13:16:06,REAL,2772310650,537,2772311187,2772311187
2025-06-19 13:16:08,REAL,2772311187,484,2772311671,2772311671
2025-06-19 13:16:10,REAL,2772311671,487,2772312158,2772312158
2025-06-19 13:16:12,REAL,2772312158,535,2772312693,2772312693
2025-06-19 13:16:14,REAL,2772312693,487,2772313180,2772313180
2025-06-19 13:16:16,REAL,2772313180,483,2772313663,2772313663
2025-06-19 13:16:18,REAL,2772313663,478,2772314141,2772314141
2025-06-19 13:16:20,REAL,2772314141,486,2772314627,2772314627
2025-06-19 13:16:22,REAL,2772314627,477,2772315104,2772315104
2025-06-19 13:16:24,REAL,2772315104,479,2772315583,2772315583
2025-06-19 13:16:26,REAL,2772315583,482,2772316065,2772316065
2025-06-19 13:16:28,REAL,2772316065,484,2772316549,2772316549
2025-06-19 13:16:30,REAL,2772316549,533,2772317082,2772317082
2025-06-19 13:16:32,REAL,2772317082,476,2772317558,2772317558
2025-06-19 13:16:34,REAL,2772317558,486,2772318044,2772318044
2025-06-19 13:16:36,REAL,2772318044,545,2772318589,2772318589
2025-06-19 13:16:38,REAL,2772318589,477,2772319066,2772319066
2025-06-19 13:16:40,REAL,2772319066,487,2772319553,2772319553
2025-06-19 13:16:42,REAL,2772319553,485,2772320038,2772320038
2025-06-19 13:16:44,REAL,2772320038,484,2772320522,2772320522
2025-06-19 13:16:46,REAL,2772320522,477,2772320999,2772320999
2025-06-19 13:16:48,REAL,2772320999,479,2772321478,2772321478
2025-06-19 13:16:50,REAL,2772321478,492,2772321970,2772321970
2025-06-19 13:16:52,REAL,2772321970,7817,2772329787,2772329787
2025-06-19 13:16:54,REAL,2772329787,10781,2772340568,2772340568
2025-06-19 13:16:56,REAL,2772340568,11942,2772352510,2772352510
2025-06-19 13:16:58,REAL,2772352510,8611,2772361121,2772361121
2025-06-19 13:17:00,REAL,2772361121,10315,2772371436,2772371436
2025-06-19 13:17:02,REAL,2772371436,10192,2772381628,2772381628
2025-06-19 13:17:04,REAL,2772381628,10253,2772391881,2772391881
2025-06-19 13:17:06,REAL,2772391881,9200,2772401081,2772401081
2025-06-19 13:17:08,REAL,2772401081,489,2772401570,2772401570
2025-06-19 13:17:10,REAL,2772401570,487,2772402057,2772402057
2025-06-19 13:17:12,REAL,2772402057,492,2772402549,2772402549
2025-06-19 13:17:14,REAL,2772402549,484,2772403033,2772403033
2025-06-19 13:17:16,REAL,2772403033,535,2772403568,2772403568
2025-06-19 13:17:18,REAL,2772403568,489,2772404057,2772404057
2025-06-19 13:17:20,REAL,2772404057,481,2772404538,2772404538
2025-06-19 13:17:22,REAL,2772404538,484,2772405022,2772405022
2025-06-19 13:17:24,REAL,2772405022,8342,2772413364,2772413364
2025-06-19 13:17:26,REAL,2772413364,10584,2772423948,2772423948
2025-06-19 13:17:28,REAL,2772423948,10325,2772434273,2772434273
2025-06-19 13:17:30,REAL,2772434273,10246,2772444519,2772444519
2025-06-19 13:17:32,REAL,2772444519,10312,2772454831,2772454831
2025-06-19 13:17:34,REAL,2772454831,10254,2772465085,2772465085
2025-06-19 13:17:36,REAL,2772465085,10254,2772475339,2772475339
2025-06-19 13:17:38,REAL,2772475339,8544,2772483883,2772483883
2025-06-19 13:17:40,REAL,2772483883,479,2772484362,2772484362
2025-06-19 13:17:42,REAL,2772484362,485,2772484847,2772484847
2025-06-19 13:17:44,REAL,2772484847,2848,2772487695,2772487695
2025-06-19 13:17:46,REAL,2772487695,11894,2772499589,2772499589
2025-06-19 13:17:48,REAL,2772499589,10248,2772509837,2772509837
2025-06-19 13:17:50,REAL,2772509837,10327,2772520164,2772520164
2025-06-19 13:17:52,REAL,2772520164,10244,2772530408,2772530408
2025-06-19 13:17:54,REAL,2772530408,10243,2772540651,2772540651
2025-06-19 13:17:56,REAL,2772540651,10245,2772550896,2772550896
2025-06-19 13:17:58,REAL,2772550896,10249,2772561145,2772561145
2025-06-19 13:18:00,REAL,2772561145,3315,2772564460,2772564460
2025-06-19 13:18:02,REAL,2772564460,478,2772564938,2772564938
2025-06-19 13:18:04,REAL,2772564938,476,2772565414,2772565414
2025-06-19 13:18:06,REAL,2772565414,493,2772565907,2772565907
2025-06-19 13:18:08,REAL,2772565907,494,2772566401,2772566401
2025-06-19 13:18:10,REAL,2772566401,532,2772566933,2772566933
2025-06-19 13:18:12,REAL,2772566933,489,2772567422,2772567422
2025-06-19 13:18:14,REAL,2772567422,482,2772567904,2772567904
2025-06-19 13:18:16,REAL,2772567904,481,2772568385,2772568385
2025-06-19 13:18:18,REAL,2772568385,479,2772568864,2772568864
2025-06-19 13:18:20,REAL,2772568864,478,2772569342,2772569342
2025-06-19 13:18:22,REAL,2772569342,483,2772569825,2772569825
2025-06-19 13:18:24,REAL,2772569825,487,2772570312,2772570312
2025-06-19 13:18:26,REAL,2772570312,483,2772570795,2772570795
2025-06-19 13:18:28,REAL,2772570795,477,2772571272,2772571272
2025-06-19 13:18:30,REAL,2772571272,484,2772571756,2772571756
2025-06-19 13:18:32,REAL,2772571756,539,2772572295,2772572295
2025-06-19 13:18:34,REAL,2772572295,541,2772572836,2772572836
2025-06-19 13:18:36,REAL,2772572836,481,2772573317,2772573317
2025-06-19 13:18:38,REAL,2772573317,476,2772573793,2772573793
2025-06-19 13:18:40,REAL,2772573793,491,2772574284,2772574284
2025-06-19 13:18:42,REAL,2772574284,487,2772574771,2772574771
2025-06-19 13:18:44,REAL,2772574771,488,2772575259,2772575259
2025-06-19 13:18:46,REAL,2772575259,479,2772575738,2772575738
2025-06-19 13:18:48,REAL,2772575738,488,2772576226,2772576226
2025-06-19 13:18:50,REAL,2772576226,479,2772576705,2772576705
2025-06-19 13:18:52,REAL,2772576705,483,2772577188,2772577188
2025-06-19 13:18:54,REAL,2772577188,12700,2772589888,2772589888
2025-06-19 13:18:56,REAL,2772589888,10909,2772600797,2772600797
2025-06-19 13:18:58,REAL,2772600797,10310,2772611107,2772611107
2025-06-19 13:19:00,REAL,2772611107,10259,2772621366,2772621366
2025-06-19 13:19:02,REAL,2772621366,10321,2772631687,2772631687
2025-06-19 13:19:04,REAL,2772631687,10242,2772641929,2772641929
2025-06-19 13:19:06,REAL,2772641929,10315,2772652244,2772652244
2025-06-19 13:19:08,REAL,2772652244,7086,2772659330,2772659330
2025-06-19 13:19:10,REAL,2772659330,488,2772659818,2772659818
2025-06-19 13:19:12,REAL,2772659818,479,2772660297,2772660297
2025-06-19 13:19:14,REAL,2772660297,478,2772660775,2772660775
2025-06-19 13:19:16,REAL,2772660775,476,2772661251,2772661251
2025-06-19 13:19:18,REAL,2772661251,542,2772661793,2772661793
2025-06-19 13:19:20,REAL,2772661793,13360,2772675153,2772675153
2025-06-19 13:19:22,REAL,2772675153,10985,2772686138,2772686138
2025-06-19 13:19:24,REAL,2772686138,10316,2772696454,2772696454
2025-06-19 13:19:26,REAL,2772696454,10254,2772706708,2772706708
2025-06-19 13:19:28,REAL,2772706708,10323,2772717031,2772717031
2025-06-19 13:19:30,REAL,2772717031,10249,2772727280,2772727280
2025-06-19 13:19:32,REAL,2772727280,10317,2772737597,2772737597
2025-06-19 13:19:34,REAL,2772737597,6817,2772744414,2772744414
2025-06-19 13:19:36,REAL,2772744414,488,2772744902,2772744902
2025-06-19 13:19:38,REAL,2772744902,490,2772745392,2772745392
2025-06-19 13:19:40,REAL,2772745392,489,2772745881,2772745881
2025-06-19 13:19:42,REAL,2772745881,476,2772746357,2772746357
2025-06-19 13:19:44,REAL,2772746357,543,2772746900,2772746900
2025-06-19 13:19:46,REAL,2772746900,481,2772747381,2772747381
2025-06-19 13:19:48,REAL,2772747381,490,2772747871,2772747871
2025-06-19 13:19:50,REAL,2772747871,493,2772748364,2772748364
2025-06-19 13:19:52,REAL,2772748364,475,2772748839,2772748839
2025-06-19 13:19:54,REAL,2772748839,487,2772749326,2772749326
2025-06-19 13:19:56,REAL,2772749326,489,2772749815,2772749815
2025-06-19 13:19:58,REAL,2772749815,480,2772750295,2772750295
2025-06-19 13:20:00,REAL,2772750295,483,2772750778,2772750778
2025-06-19 13:20:02,REAL,2772750778,484,2772751262,2772751262
2025-06-19 13:20:04,REAL,2772751262,491,2772751753,2772751753
2025-06-19 13:20:06,REAL,2772751753,539,2772752292,2772752292
2025-06-19 13:20:08,REAL,2772752292,537,2772752829,2772752829
2025-06-19 13:20:10,REAL,2772752829,491,2772753320,2772753320
2025-06-19 13:20:12,REAL,2772753320,477,2772753797,2772753797
2025-06-19 13:20:14,REAL,2772753797,490,2772754287,2772754287
2025-06-19 13:20:16,REAL,2772754287,480,2772754767,2772754767
2025-06-19 13:20:18,REAL,2772754767,483,2772755250,2772755250
2025-06-19 13:20:20,REAL,2772755250,486,2772755736,2772755736
2025-06-19 13:20:22,REAL,2772755736,487,2772756223,2772756223
2025-06-19 13:20:24,REAL,2772756223,487,2772756710,2772756710
2025-06-19 13:20:26,REAL,2772756710,482,2772757192,2772757192
2025-06-19 13:20:28,REAL,2772757192,483,2772757675,2772757675
2025-06-19 13:20:30,REAL,2772757675,477,2772758152,2772758152
2025-06-19 13:20:32,REAL,2772758152,477,2772758629,2772758629
2025-06-19 13:20:34,REAL,2772758629,534,2772759163,2772759163
2025-06-19 13:20:36,REAL,2772759163,486,2772759649,2772759649
2025-06-19 13:20:38,REAL,2772759649,483,2772760132,2772760132
2025-06-19 13:20:40,REAL,2772760132,481,2772760613,2772760613
2025-06-19 13:20:42,REAL,2772760613,490,2772761103,2772761103
2025-06-19 13:20:44,REAL,2772761103,484,2772761587,2772761587
2025-06-19 13:20:46,REAL,2772761587,483,2772762070,2772762070
2025-06-19 13:20:48,REAL,2772762070,486,2772762556,2772762556
2025-06-19 13:20:50,REAL,2772762556,484,2772763040,2772763040
2025-06-19 13:20:52,REAL,2772763040,539,2772763579,2772763579
2025-06-19 13:20:54,REAL,2772763579,484,2772764063,2772764063
2025-06-19 13:20:56,REAL,2772764063,480,2772764543,2772764543
2025-06-19 13:20:58,REAL,2772764543,481,2772765024,2772765024
2025-06-19 13:21:00,REAL,2772765024,475,2772765499,2772765499
2025-06-19 13:21:02,REAL,2772765499,487,2772765986,2772765986
2025-06-19 13:21:04,REAL,2772765986,484,2772766470,2772766470
2025-06-19 13:21:06,REAL,2772766470,489,2772766959,2772766959
2025-06-19 13:21:08,REAL,2772766959,493,2772767452,2772767452
2025-06-19 13:21:10,REAL,2772767452,483,2772767935,2772767935
2025-06-19 13:21:12,REAL,2772767935,493,2772768428,2772768428
2025-06-19 13:21:14,REAL,2772768428,486,2772768914,2772768914
2025-06-19 13:21:16,REAL,2772768914,485,2772769399,2772769399
2025-06-19 13:21:18,REAL,2772769399,481,2772769880,2772769880
2025-06-19 13:21:20,REAL,2772769880,486,2772770366,2772770366
2025-06-19 13:21:22,REAL,2772770366,546,2772770912,2772770912
2025-06-19 13:21:24,REAL,2772770912,487,2772771399,2772771399
2025-06-19 13:21:26,REAL,2772771399,479,2772771878,2772771878
2025-06-19 13:21:28,REAL,2772771878,477,2772772355,2772772355
2025-06-19 13:21:30,REAL,2772772355,477,2772772832,2772772832
2025-06-19 13:21:32,REAL,2772772832,481,2772773313,2772773313
2025-06-19 13:21:34,REAL,2772773313,491,2772773804,2772773804
2025-06-19 13:21:36,REAL,2772773804,481,2772774285,2772774285
2025-06-19 13:21:38,REAL,2772774285,485,2772774770,2772774770
2025-06-19 13:21:40,REAL,2772774770,543,2772775313,2772775313
2025-06-19 13:21:42,REAL,2772775313,7225,2772782538,2772782538
2025-06-19 13:21:44,REAL,2772782538,11115,2772793653,2772793653
2025-06-19 13:21:46,REAL,2772793653,10251,2772803904,2772803904
2025-06-19 13:21:48,REAL,2772803904,10249,2772814153,2772814153
2025-06-19 13:21:50,REAL,2772814153,10255,2772824408,2772824408
2025-06-19 13:21:52,REAL,2772824408,10310,2772834718,2772834718
2025-06-19 13:21:54,REAL,2772834718,10248,2772844966,2772844966
2025-06-19 13:21:56,REAL,2772844966,9256,2772854222,2772854222
2025-06-19 13:21:58,REAL,2772854222,482,2772854704,2772854704
2025-06-19 13:22:00,REAL,2772854704,488,2772855192,2772855192
2025-06-19 13:22:02,REAL,2772855192,487,2772855679,2772855679
2025-06-19 13:22:04,REAL,2772855679,485,2772856164,2772856164
2025-06-19 13:22:06,REAL,2772856164,482,2772856646,2772856646
2025-06-19 13:22:08,REAL,2772856646,491,2772857137,2772857137
2025-06-19 13:22:10,REAL,2772857137,476,2772857613,2772857613
2025-06-19 13:22:12,REAL,2772857613,487,2772858100,2772858100
2025-06-19 13:22:14,REAL,2772858100,480,2772858580,2772858580
2025-06-19 13:22:16,REAL,2772858580,485,2772859065,2772859065
2025-06-19 13:22:18,REAL,2772859065,485,2772859550,2772859550
2025-06-19 13:22:20,REAL,2772859550,484,2772860034,2772860034
2025-06-19 13:22:22,REAL,2772860034,491,2772860525,2772860525
2025-06-19 13:22:24,REAL,2772860525,477,2772861002,2772861002
2025-06-19 13:22:26,REAL,2772861002,548,2772861550,2772861550
2025-06-19 13:22:28,REAL,2772861550,476,2772862026,2772862026
2025-06-19 13:22:30,REAL,2772862026,537,2772862563,2772862563
2025-06-19 13:22:32,REAL,2772862563,482,2772863045,2772863045
2025-06-19 13:22:34,REAL,2772863045,488,2772863533,2772863533
2025-06-19 13:22:36,REAL,2772863533,478,2772864011,2772864011
2025-06-19 13:22:38,REAL,2772864011,484,2772864495,2772864495
2025-06-19 13:22:40,REAL,2772864495,483,2772864978,2772864978
2025-06-19 13:22:42,REAL,2772864978,485,2772865463,2772865463
2025-06-19 13:22:44,REAL,2772865463,484,2772865947,2772865947
2025-06-19 13:22:46,REAL,2772865947,488,2772866435,2772866435
2025-06-19 13:22:48,REAL,2772866435,532,2772866967,2772866967
2025-06-19 13:22:50,REAL,2772866967,478,2772867445,2772867445
2025-06-19 13:22:52,REAL,2772867445,480,2772867925,2772867925
2025-06-19 13:22:54,REAL,2772867925,480,2772868405,2772868405
2025-06-19 13:22:56,REAL,2772868405,483,2772868888,2772868888
2025-06-19 13:22:58,REAL,2772868888,490,2772869378,2772869378
2025-06-19 13:23:00,REAL,2772869378,479,2772869857,2772869857
2025-06-19 13:23:02,REAL,2772869857,485,2772870342,2772870342
2025-06-19 13:23:04,REAL,2772870342,493,2772870835,2772870835
2025-06-19 13:23:06,REAL,2772870835,479,2772871314,2772871314
2025-06-19 13:23:08,REAL,2772871314,481,2772871795,2772871795
2025-06-19 13:23:10,REAL,2772871795,490,2772872285,2772872285
2025-06-19 13:23:12,REAL,2772872285,541,2772872826,2772872826
2025-06-19 13:23:14,REAL,2772872826,488,2772873314,2772873314
2025-06-19 13:23:16,REAL,2772873314,541,2772873855,2772873855
2025-06-19 13:23:18,REAL,2772873855,487,2772874342,2772874342
2025-06-19 13:23:20,REAL,2772874342,475,2772874817,2772874817
2025-06-19 13:23:22,REAL,2772874817,485,2772875302,2772875302
2025-06-19 13:23:24,REAL,2772875302,480,2772875782,2772875782
2025-06-19 13:23:26,REAL,2772875782,490,2772876272,2772876272
2025-06-19 13:23:28,REAL,2772876272,485,2772876757,2772876757
2025-06-19 13:23:30,REAL,2772876757,483,2772877240,2772877240
2025-06-19 13:23:32,REAL,2772877240,481,2772877721,2772877721
2025-06-19 13:23:34,REAL,2772877721,540,2772878261,2772878261
2025-06-19 13:23:36,REAL,2772878261,485,2772878746,2772878746
2025-06-19 13:23:38,REAL,2772878746,484,2772879230,2772879230
2025-06-19 13:23:40,REAL,2772879230,481,2772879711,2772879711
2025-06-19 13:23:42,REAL,2772879711,4055,2772883766,2772883766
2025-06-19 13:23:44,REAL,2772883766,14738,2772898504,2772898504
2025-06-19 13:23:46,REAL,2772898504,10255,2772908759,2772908759
2025-06-19 13:23:48,REAL,2772908759,10316,2772919075,2772919075
2025-06-19 13:23:50,REAL,2772919075,10252,2772929327,2772929327
2025-06-19 13:23:52,REAL,2772929327,10254,2772939581,2772939581
2025-06-19 13:23:54,REAL,2772939581,10253,2772949834,2772949834
2025-06-19 13:23:56,REAL,2772949834,10374,2772960208,2772960208
2025-06-19 13:23:58,REAL,2772960208,2462,2772962670,2772962670
2025-06-19 13:24:00,REAL,2772962670,484,2772963154,2772963154
2025-06-19 13:24:02,REAL,2772963154,475,2772963629,2772963629
2025-06-19 13:24:04,REAL,2772963629,482,2772964111,2772964111
2025-06-19 13:24:06,REAL,2772964111,484,2772964595,2772964595
2025-06-19 13:24:08,REAL,2772964595,483,2772965078,2772965078
2025-06-19 13:24:10,REAL,2772965078,479,2772965557,2772965557
2025-06-19 13:24:12,REAL,2772965557,493,2772966050,2772966050
2025-06-19 13:24:14,REAL,2772966050,4776,2772970826,2772970826
2025-06-19 13:24:16,REAL,2772970826,11377,2772982203,2772982203
2025-06-19 13:24:18,REAL,2772982203,10305,2772992508,2772992508
2025-06-19 13:24:20,REAL,2772992508,10256,2773002764,2773002764
2025-06-19 13:24:22,REAL,2773002764,10251,2773013015,2773013015
2025-06-19 13:24:24,REAL,2773013015,10258,2773023273,2773023273
2025-06-19 13:24:26,REAL,2773023273,10260,2773033533,2773033533
2025-06-19 13:24:28,REAL,2773033533,10249,2773043782,2773043782
2025-06-19 13:24:30,REAL,2773043782,1807,2773045589,2773045589
2025-06-19 13:24:32,REAL,2773045589,478,2773046067,2773046067
2025-06-19 13:24:34,REAL,2773046067,479,2773046546,2773046546
2025-06-19 13:24:36,REAL,2773046546,476,2773047022,2773047022
2025-06-19 13:24:38,REAL,2773047022,483,2773047505,2773047505
2025-06-19 13:24:40,REAL,2773047505,485,2773047990,2773047990
2025-06-19 13:24:42,REAL,2773047990,542,2773048532,2773048532
2025-06-19 13:24:44,REAL,2773048532,478,2773049010,2773049010
2025-06-19 13:24:46,REAL,2773049010,492,2773049502,2773049502
2025-06-19 13:24:48,REAL,2773049502,479,2773049981,2773049981
2025-06-19 13:24:50,REAL,2773049981,480,2773050461,2773050461
2025-06-19 13:24:52,REAL,2773050461,478,2773050939,2773050939
2025-06-19 13:24:54,REAL,2773050939,487,2773051426,2773051426
2025-06-19 13:24:56,REAL,2773051426,475,2773051901,2773051901
2025-06-19 13:24:58,REAL,2773051901,489,2773052390,2773052390
2025-06-19 13:25:00,REAL,2773052390,488,2773052878,2773052878
2025-06-19 13:25:02,REAL,2773052878,482,2773053360,2773053360
2025-06-19 13:25:04,REAL,2773053360,587,2773053947,2773053947
2025-06-19 13:25:06,REAL,2773053947,479,2773054426,2773054426
2025-06-19 13:25:08,REAL,2773054426,484,2773054910,2773054910
2025-06-19 13:25:10,REAL,2773054910,480,2773055390,2773055390
2025-06-19 13:25:12,REAL,2773055390,488,2773055878,2773055878
2025-06-19 13:25:14,REAL,2773055878,487,2773056365,2773056365
2025-06-19 13:25:16,REAL,2773056365,486,2773056851,2773056851
2025-06-19 13:25:18,REAL,2773056851,480,2773057331,2773057331
2025-06-19 13:25:20,REAL,2773057331,492,2773057823,2773057823
2025-06-19 13:25:22,REAL,2773057823,485,2773058308,2773058308
2025-06-19 13:25:24,REAL,2773058308,476,2773058784,2773058784
2025-06-19 13:25:26,REAL,2773058784,543,2773059327,2773059327
2025-06-19 13:25:28,REAL,2773059327,474,2773059801,2773059801
2025-06-19 13:25:30,REAL,2773059801,480,2773060281,2773060281
2025-06-19 13:25:32,REAL,2773060281,483,2773060764,2773060764
2025-06-19 13:25:34,REAL,2773060764,485,2773061249,2773061249
2025-06-19 13:25:36,REAL,2773061249,487,2773061736,2773061736
2025-06-19 13:25:38,REAL,2773061736,490,2773062226,2773062226
2025-06-19 13:25:40,REAL,2773062226,11846,2773074072,2773074072
2025-06-19 13:25:42,REAL,2773074072,10246,2773084318,2773084318
2025-06-19 13:25:44,REAL,2773084318,10256,2773094574,2773094574
2025-06-19 13:25:46,REAL,2773094574,10252,2773104826,2773104826
2025-06-19 13:25:48,REAL,2773104826,10372,2773115198,2773115198
2025-06-19 13:25:50,REAL,2773115198,10256,2773125454,2773125454
2025-06-19 13:25:52,REAL,2773125454,10255,2773135709,2773135709
2025-06-19 13:25:54,REAL,2773135709,5110,2773140819,2773140819
2025-06-19 13:25:56,REAL,2773140819,484,2773141303,2773141303
2025-06-19 13:25:58,REAL,2773141303,487,2773141790,2773141790
2025-06-19 13:26:00,REAL,2773141790,489,2773142279,2773142279
2025-06-19 13:26:02,REAL,2773142279,489,2773142768,2773142768
2025-06-19 13:26:04,REAL,2773142768,490,2773143258,2773143258
2025-06-19 13:26:06,REAL,2773143258,487,2773143745,2773143745
2025-06-19 13:26:08,REAL,2773143745,487,2773144232,2773144232
2025-06-19 13:26:10,REAL,2773144232,479,2773144711,2773144711
2025-06-19 13:26:12,REAL,2773144711,543,2773145254,2773145254
2025-06-19 13:26:14,REAL,2773145254,482,2773145736,2773145736
2025-06-19 13:26:16,REAL,2773145736,477,2773146213,2773146213
2025-06-19 13:26:18,REAL,2773146213,489,2773146702,2773146702
2025-06-19 13:26:20,REAL,2773146702,479,2773147181,2773147181
2025-06-19 13:26:22,REAL,2773147181,489,2773147670,2773147670
2025-06-19 13:26:24,REAL,2773147670,483,2773148153,2773148153
2025-06-19 13:26:26,REAL,2773148153,481,2773148634,2773148634
2025-06-19 13:26:28,REAL,2773148634,532,2773149166,2773149166
2025-06-19 13:26:30,REAL,2773149166,486,2773149652,2773149652
2025-06-19 13:26:32,REAL,2773149652,481,2773150133,2773150133
2025-06-19 13:26:34,REAL,2773150133,539,2773150672,2773150672
2025-06-19 13:26:36,REAL,2773150672,484,2773151156,2773151156
2025-06-19 13:26:38,REAL,2773151156,487,2773151643,2773151643
2025-06-19 13:26:40,REAL,2773151643,493,2773152136,2773152136
2025-06-19 13:26:42,REAL,2773152136,482,2773152618,2773152618
2025-06-19 13:26:44,REAL,2773152618,484,2773153102,2773153102
2025-06-19 13:26:46,REAL,2773153102,482,2773153584,2773153584
2025-06-19 13:26:48,REAL,2773153584,481,2773154065,2773154065
2025-06-19 13:26:50,REAL,2773154065,490,2773154555,2773154555
2025-06-19 13:26:52,REAL,2773154555,489,2773155044,2773155044
2025-06-19 13:26:54,REAL,2773155044,531,2773155575,2773155575
2025-06-19 13:26:56,REAL,2773155575,474,2773156049,2773156049
2025-06-19 13:26:58,REAL,2773156049,540,2773156589,2773156589
2025-06-19 13:27:00,REAL,2773156589,485,2773157074,2773157074
2025-06-19 13:27:02,REAL,2773157074,477,2773157551,2773157551
2025-06-19 13:27:04,REAL,2773157551,485,2773158036,2773158036
2025-06-19 13:27:06,REAL,2773158036,486,2773158522,2773158522
2025-06-19 13:27:08,REAL,2773158522,477,2773158999,2773158999
2025-06-19 13:27:10,REAL,2773158999,481,2773159480,2773159480
2025-06-19 13:27:12,REAL,2773159480,479,2773159959,2773159959
2025-06-19 13:27:14,REAL,2773159959,481,2773160440,2773160440
2025-06-19 13:27:16,REAL,2773160440,480,2773160920,2773160920
2025-06-19 13:27:18,REAL,2773160920,537,2773161457,2773161457
2025-06-19 13:27:20,REAL,2773161457,487,2773161944,2773161944
2025-06-19 13:27:22,REAL,2773161944,479,2773162423,2773162423
2025-06-19 13:27:24,REAL,2773162423,486,2773162909,2773162909
2025-06-19 13:27:26,REAL,2773162909,480,2773163389,2773163389
2025-06-19 13:27:28,REAL,2773163389,476,2773163865,2773163865
2025-06-19 13:27:30,REAL,2773163865,486,2773164351,2773164351
2025-06-19 13:27:32,REAL,2773164351,488,2773164839,2773164839
2025-06-19 13:27:34,REAL,2773164839,483,2773165322,2773165322
2025-06-19 13:27:36,REAL,2773165322,490,2773165812,2773165812
2025-06-19 13:27:38,REAL,2773165812,478,2773166290,2773166290
2025-06-19 13:27:40,REAL,2773166290,485,2773166775,2773166775
2025-06-19 13:27:42,REAL,2773166775,546,2773167321,2773167321
2025-06-19 13:27:44,REAL,2773167321,544,2773167865,2773167865
2025-06-19 13:27:46,REAL,2773167865,485,2773168350,2773168350
2025-06-19 13:27:48,REAL,2773168350,485,2773168835,2773168835
2025-06-19 13:27:50,REAL,2773168835,483,2773169318,2773169318
2025-06-19 13:27:52,REAL,2773169318,12114,2773181432,2773181432
2025-06-19 13:27:54,REAL,2773181432,11643,2773193075,2773193075
2025-06-19 13:27:56,REAL,2773193075,10321,2773203396,2773203396
2025-06-19 13:27:58,REAL,2773203396,10251,2773213647,2773213647
2025-06-19 13:28:00,REAL,2773213647,10254,2773223901,2773223901
2025-06-19 13:28:02,REAL,2773223901,10254,2773234155,2773234155
2025-06-19 13:28:04,REAL,2773234155,10317,2773244472,2773244472
2025-06-19 13:28:06,REAL,2773244472,7474,2773251946,2773251946
2025-06-19 13:28:08,REAL,2773251946,488,2773252434,2773252434
2025-06-19 13:28:10,REAL,2773252434,494,2773252928,2773252928
2025-06-19 13:28:12,REAL,2773252928,3991,2773256919,2773256919
2025-06-19 13:28:14,REAL,2773256919,11311,2773268230,2773268230
2025-06-19 13:28:16,REAL,2773268230,10254,2773278484,2773278484
2025-06-19 13:28:18,REAL,2773278484,10261,2773288745,2773288745
2025-06-19 13:28:20,REAL,2773288745,10318,2773299063,2773299063
2025-06-19 13:28:22,REAL,2773299063,10188,2773309251,2773309251
2025-06-19 13:28:24,REAL,2773309251,10308,2773319559,2773319559
2025-06-19 13:28:26,REAL,2773319559,10247,2773329806,2773329806
2025-06-19 13:28:28,REAL,2773329806,2398,2773332204,2773332204
2025-06-19 13:28:30,REAL,2773332204,487,2773332691,2773332691
2025-06-19 13:28:32,REAL,2773332691,479,2773333170,2773333170
2025-06-19 13:28:34,REAL,2773333170,10460,2773343630,2773343630
2025-06-19 13:28:36,REAL,2773343630,10644,2773354274,2773354274
2025-06-19 13:28:38,REAL,2773354274,10254,2773364528,2773364528
2025-06-19 13:28:40,REAL,2773364528,10259,2773374787,2773374787
2025-06-19 13:28:42,REAL,2773374787,10253,2773385040,2773385040
2025-06-19 13:28:44,REAL,2773385040,10251,2773395291,2773395291
2025-06-19 13:28:46,REAL,2773395291,10320,2773405611,2773405611
2025-06-19 13:28:48,REAL,2773405611,6889,2773412500,2773412500
2025-06-19 13:28:50,REAL,2773412500,478,2773412978,2773412978
2025-06-19 13:28:52,REAL,2773412978,483,2773413461,2773413461
2025-06-19 13:28:54,REAL,2773413461,486,2773413947,2773413947
2025-06-19 13:28:56,REAL,2773413947,478,2773414425,2773414425
2025-06-19 13:28:58,REAL,2773414425,534,2773414959,2773414959
2025-06-19 13:29:00,REAL,2773414959,485,2773415444,2773415444
2025-06-19 13:29:02,REAL,2773415444,477,2773415921,2773415921
2025-06-19 13:29:04,REAL,2773415921,487,2773416408,2773416408
2025-06-19 13:29:06,REAL,2773416408,11249,2773427657,2773427657
2025-06-19 13:29:08,REAL,2773427657,10375,2773438032,2773438032
2025-06-19 13:29:10,REAL,2773438032,10251,2773448283,2773448283
2025-06-19 13:29:12,REAL,2773448283,10318,2773458601,2773458601
2025-06-19 13:29:14,REAL,2773458601,10255,2773468856,2773468856
2025-06-19 13:29:16,REAL,2773468856,10253,2773479109,2773479109
2025-06-19 13:29:18,REAL,2773479109,10319,2773489428,2773489428
2025-06-19 13:29:20,REAL,2773489428,6227,2773495655,2773495655
2025-06-19 13:29:22,REAL,2773495655,489,2773496144,2773496144
2025-06-19 13:29:24,REAL,2773496144,486,2773496630,2773496630
2025-06-19 13:29:26,REAL,2773496630,483,2773497113,2773497113
2025-06-19 13:29:28,REAL,2773497113,474,2773497587,2773497587
2025-06-19 13:29:30,REAL,2773497587,532,2773498119,2773498119
2025-06-19 13:29:32,REAL,2773498119,485,2773498604,2773498604
2025-06-19 13:29:34,REAL,2773498604,479,2773499083,2773499083
2025-06-19 13:29:36,REAL,2773499083,488,2773499571,2773499571
2025-06-19 13:29:38,REAL,2773499571,11980,2773511551,2773511551
2025-06-19 13:29:40,REAL,2773511551,10256,2773521807,2773521807
2025-06-19 13:29:42,REAL,2773521807,10260,2773532067,2773532067
2025-06-19 13:29:44,REAL,2773532067,10247,2773542314,2773542314
2025-06-19 13:29:46,REAL,2773542314,10317,2773552631,2773552631
2025-06-19 13:29:48,REAL,2773552631,10258,2773562889,2773562889
2025-06-19 13:29:50,REAL,2773562889,10316,2773573205,2773573205
2025-06-19 13:29:52,REAL,2773573205,5637,2773578842,2773578842
2025-06-19 13:29:54,REAL,2773578842,491,2773579333,2773579333
2025-06-19 13:29:56,REAL,2773579333,481,2773579814,2773579814
2025-06-19 13:29:58,REAL,2773579814,481,2773580295,2773580295
2025-06-19 13:30:00,REAL,2773580295,483,2773580778,2773580778
2025-06-19 13:30:02,REAL,2773580778,548,2773581326,2773581326
2025-06-19 13:30:04,REAL,2773581326,484,2773581810,2773581810
2025-06-19 13:30:06,REAL,2773581810,484,2773582294,2773582294
2025-06-19 13:30:08,REAL,2773582294,565,2773582859,2773582859
2025-06-19 13:30:10,REAL,2773582859,15336,2773598195,2773598195
2025-06-19 13:30:12,REAL,2773598195,10247,2773608442,2773608442
2025-06-19 13:30:14,REAL,2773608442,10322,2773618764,2773618764
2025-06-19 13:30:16,REAL,2773618764,10246,2773629010,2773629010
2025-06-19 13:30:18,REAL,2773629010,10255,2773639265,2773639265
2025-06-19 13:30:20,REAL,2773639265,10313,2773649578,2773649578
2025-06-19 13:30:22,REAL,2773649578,10251,2773659829,2773659829
2025-06-19 13:30:24,REAL,2773659829,4971,2773664800,2773664800
2025-06-19 13:30:26,REAL,2773664800,484,2773665284,2773665284
2025-06-19 13:30:28,REAL,2773665284,489,2773665773,2773665773
2025-06-19 13:30:30,REAL,2773665773,488,2773666261,2773666261
2025-06-19 13:30:32,REAL,2773666261,486,2773666747,2773666747
2025-06-19 13:30:34,REAL,2773666747,592,2773667339,2773667339
2025-06-19 13:30:36,REAL,2773667339,484,2773667823,2773667823
2025-06-19 13:30:38,REAL,2773667823,482,2773668305,2773668305
2025-06-19 13:30:40,REAL,2773668305,477,2773668782,2773668782
2025-06-19 13:30:42,REAL,2773668782,478,2773669260,2773669260
2025-06-19 13:30:44,REAL,2773669260,483,2773669743,2773669743
2025-06-19 13:30:46,REAL,2773669743,488,2773670231,2773670231
2025-06-19 13:30:48,REAL,2773670231,494,2773670725,2773670725
2025-06-19 13:30:50,REAL,2773670725,484,2773671209,2773671209
2025-06-19 13:30:52,REAL,2773671209,482,2773671691,2773671691
2025-06-19 13:30:54,REAL,2773671691,488,2773672179,2773672179
2025-06-19 13:30:56,REAL,2773672179,492,2773672671,2773672671
2025-06-19 13:30:58,REAL,2773672671,474,2773673145,2773673145
2025-06-19 13:31:00,REAL,2773673145,544,2773673689,2773673689
2025-06-19 13:31:02,REAL,2773673689,480,2773674169,2773674169
2025-06-19 13:31:04,REAL,2773674169,488,2773674657,2773674657
2025-06-19 13:31:06,REAL,2773674657,485,2773675142,2773675142
2025-06-19 13:31:08,REAL,2773675142,486,2773675628,2773675628
2025-06-19 13:31:10,REAL,2773675628,482,2773676110,2773676110
2025-06-19 13:31:12,REAL,2773676110,492,2773676602,2773676602
2025-06-19 13:31:14,REAL,2773676602,476,2773677078,2773677078
2025-06-19 13:31:16,REAL,2773677078,482,2773677560,2773677560
2025-06-19 13:31:18,REAL,2773677560,537,2773678097,2773678097
2025-06-19 13:31:20,REAL,2773678097,487,2773678584,2773678584
2025-06-19 13:31:22,REAL,2773678584,476,2773679060,2773679060
2025-06-19 13:31:24,REAL,2773679060,489,2773679549,2773679549
2025-06-19 13:31:26,REAL,2773679549,486,2773680035,2773680035
2025-06-19 13:31:28,REAL,2773680035,482,2773680517,2773680517
2025-06-19 13:31:30,REAL,2773680517,485,2773681002,2773681002
2025-06-19 13:31:32,REAL,2773681002,475,2773681477,2773681477
2025-06-19 13:31:34,REAL,2773681477,487,2773681964,2773681964
2025-06-19 13:31:36,REAL,2773681964,481,2773682445,2773682445
2025-06-19 13:31:38,REAL,2773682445,482,2773682927,2773682927
2025-06-19 13:31:40,REAL,2773682927,492,2773683419,2773683419
2025-06-19 13:31:42,REAL,2773683419,478,2773683897,2773683897
2025-06-19 13:31:44,REAL,2773683897,483,2773684380,2773684380
2025-06-19 13:31:46,REAL,2773684380,484,2773684864,2773684864
2025-06-19 13:31:48,REAL,2773684864,546,2773685410,2773685410
2025-06-19 13:31:50,REAL,2773685410,480,2773685890,2773685890
2025-06-19 13:31:52,REAL,2773685890,485,2773686375,2773686375
2025-06-19 13:31:54,REAL,2773686375,485,2773686860,2773686860
2025-06-19 13:31:56,REAL,2773686860,483,2773687343,2773687343
2025-06-19 13:31:58,REAL,2773687343,478,2773687821,2773687821
2025-06-19 13:32:00,REAL,2773687821,488,2773688309,2773688309
2025-06-19 13:32:02,REAL,2773688309,539,2773688848,2773688848
2025-06-19 13:32:04,REAL,2773688848,490,2773689338,2773689338
2025-06-19 13:32:06,REAL,2773689338,486,2773689824,2773689824
2025-06-19 13:32:08,REAL,2773689824,488,2773690312,2773690312
2025-06-19 13:32:10,REAL,2773690312,485,2773690797,2773690797
2025-06-19 13:32:12,REAL,2773690797,483,2773691280,2773691280
2025-06-19 13:32:14,REAL,2773691280,487,2773691767,2773691767
2025-06-19 13:32:16,REAL,2773691767,485,2773692252,2773692252
2025-06-19 13:32:18,REAL,2773692252,485,2773692737,2773692737
2025-06-19 13:32:20,REAL,2773692737,3067,2773695804,2773695804
2025-06-19 13:32:22,REAL,2773695804,14538,2773710342,2773710342
2025-06-19 13:32:24,REAL,2773710342,10317,2773720659,2773720659
2025-06-19 13:32:26,REAL,2773720659,10255,2773730914,2773730914
2025-06-19 13:32:28,REAL,2773730914,10072,2773740986,2773740986
2025-06-19 13:32:30,REAL,2773740986,10252,2773751238,2773751238
2025-06-19 13:32:32,REAL,2773751238,10252,2773761490,2773761490
2025-06-19 13:32:34,REAL,2773761490,10249,2773771739,2773771739
2025-06-19 13:32:36,REAL,2773771739,3059,2773774798,2773774798
2025-06-19 13:32:38,REAL,2773774798,480,2773775278,2773775278
2025-06-19 13:32:40,REAL,2773775278,489,2773775767,2773775767
2025-06-19 13:32:42,REAL,2773775767,475,2773776242,2773776242
2025-06-19 13:32:44,REAL,2773776242,478,2773776720,2773776720
2025-06-19 13:32:46,REAL,2773776720,483,2773777203,2773777203
2025-06-19 13:32:48,REAL,2773777203,543,2773777746,2773777746
2025-06-19 13:32:50,REAL,2773777746,483,2773778229,2773778229
2025-06-19 13:32:52,REAL,2773778229,493,2773778722,2773778722
2025-06-19 13:32:54,REAL,2773778722,487,2773779209,2773779209
2025-06-19 13:32:56,REAL,2773779209,490,2773779699,2773779699
2025-06-19 13:32:58,REAL,2773779699,487,2773780186,2773780186
2025-06-19 13:33:00,REAL,2773780186,487,2773780673,2773780673
2025-06-19 13:33:02,REAL,2773780673,492,2773781165,2773781165
2025-06-19 13:33:04,REAL,2773781165,490,2773781655,2773781655
2025-06-19 13:33:06,REAL,2773781655,488,2773782143,2773782143
2025-06-19 13:33:08,REAL,2773782143,558,2773782701,2773782701
2025-06-19 13:33:10,REAL,2773782701,535,2773783236,2773783236
2025-06-19 13:33:12,REAL,2773783236,481,2773783717,2773783717
2025-06-19 13:33:14,REAL,2773783717,485,2773784202,2773784202
2025-06-19 13:33:16,REAL,2773784202,484,2773784686,2773784686
2025-06-19 13:33:18,REAL,2773784686,483,2773785169,2773785169
2025-06-19 13:33:20,REAL,2773785169,480,2773785649,2773785649
2025-06-19 13:33:22,REAL,2773785649,489,2773786138,2773786138
2025-06-19 13:33:24,REAL,2773786138,482,2773786620,2773786620
2025-06-19 13:33:26,REAL,2773786620,484,2773787104,2773787104
2025-06-19 13:33:28,REAL,2773787104,478,2773787582,2773787582
2025-06-19 13:33:30,REAL,2773787582,538,2773788120,2773788120
2025-06-19 13:33:32,REAL,2773788120,476,2773788596,2773788596
2025-06-19 13:33:34,REAL,2773788596,487,2773789083,2773789083
2025-06-19 13:33:36,REAL,2773789083,729,2773789812,2773789812
2025-06-19 13:33:38,REAL,2773789812,237,2773790049,2773790049
2025-06-19 13:33:40,REAL,2773790049,487,2773790536,2773790536
2025-06-19 13:33:42,REAL,2773790536,491,2773791027,2773791027
2025-06-19 13:33:44,REAL,2773791027,482,2773791509,2773791509
2025-06-19 13:33:46,REAL,2773791509,477,2773791986,2773791986
2025-06-19 13:33:48,REAL,2773791986,486,2773792472,2773792472
2025-06-19 13:33:50,REAL,2773792472,484,2773792956,2773792956
2025-06-19 13:33:52,REAL,2773792956,482,2773793438,2773793438
2025-06-19 13:33:54,REAL,2773793438,491,2773793929,2773793929
2025-06-19 13:33:56,REAL,2773793929,10788,2773804717,2773804717
2025-06-19 13:33:58,REAL,2773804717,10384,2773815101,2773815101
2025-06-19 13:34:00,REAL,2773815101,10252,2773825353,2773825353
2025-06-19 13:34:02,REAL,2773825353,10251,2773835604,2773835604
2025-06-19 13:34:04,REAL,2773835604,10249,2773845853,2773845853
2025-06-19 13:34:06,REAL,2773845853,10250,2773856103,2773856103
2025-06-19 13:34:08,REAL,2773856103,10255,2773866358,2773866358
2025-06-19 13:34:10,REAL,2773866358,6355,2773872713,2773872713
2025-06-19 13:34:12,REAL,2773872713,487,2773873200,2773873200
2025-06-19 13:34:14,REAL,2773873200,533,2773873733,2773873733
2025-06-19 13:34:16,REAL,2773873733,481,2773874214,2773874214
2025-06-19 13:34:18,REAL,2773874214,482,2773874696,2773874696
2025-06-19 13:34:20,REAL,2773874696,487,2773875183,2773875183
2025-06-19 13:34:22,REAL,2773875183,488,2773875671,2773875671
2025-06-19 13:34:24,REAL,2773875671,483,2773876154,2773876154
2025-06-19 13:34:26,REAL,2773876154,483,2773876637,2773876637
2025-06-19 13:34:28,REAL,2773876637,479,2773877116,2773877116
2025-06-19 13:34:30,REAL,2773877116,487,2773877603,2773877603
2025-06-19 13:34:32,REAL,2773877603,487,2773878090,2773878090
2025-06-19 13:34:34,REAL,2773878090,486,2773878576,2773878576
2025-06-19 13:34:36,REAL,2773878576,479,2773879055,2773879055
2025-06-19 13:34:38,REAL,2773879055,483,2773879538,2773879538
2025-06-19 13:34:40,REAL,2773879538,479,2773880017,2773880017
2025-06-19 13:34:42,REAL,2773880017,477,2773880494,2773880494
2025-06-19 13:34:44,REAL,2773880494,541,2773881035,2773881035
2025-06-19 13:34:46,REAL,2773881035,487,2773881522,2773881522
2025-06-19 13:34:48,REAL,2773881522,6166,2773887688,2773887688
2025-06-19 13:34:50,REAL,2773887688,11111,2773898799,2773898799
2025-06-19 13:34:52,REAL,2773898799,10246,2773909045,2773909045
2025-06-19 13:34:54,REAL,2773909045,10251,2773919296,2773919296
2025-06-19 13:34:56,REAL,2773919296,10374,2773929670,2773929670
2025-06-19 13:34:58,REAL,2773929670,10251,2773939921,2773939921
2025-06-19 13:35:00,REAL,2773939921,10260,2773950181,2773950181
2025-06-19 13:35:02,REAL,2773950181,10319,2773960500,2773960500
2025-06-19 13:35:04,REAL,2773960500,617,2773961117,2773961117
2025-06-19 13:35:06,REAL,2773961117,484,2773961601,2773961601
2025-06-19 13:35:08,REAL,2773961601,482,2773962083,2773962083
2025-06-19 13:35:10,REAL,2773962083,481,2773962564,2773962564
2025-06-19 13:35:12,REAL,2773962564,477,2773963041,2773963041
2025-06-19 13:35:14,REAL,2773963041,477,2773963518,2773963518
2025-06-19 13:35:16,REAL,2773963518,486,2773964004,2773964004
2025-06-19 13:35:18,REAL,2773964004,483,2773964487,2773964487
2025-06-19 13:35:20,REAL,2773964487,480,2773964967,2773964967
2025-06-19 13:35:22,REAL,2773964967,484,2773965451,2773965451
2025-06-19 13:35:24,REAL,2773965451,486,2773965937,2773965937
2025-06-19 13:35:26,REAL,2773965937,484,2773966421,2773966421
2025-06-19 13:35:28,REAL,2773966421,483,2773966904,2773966904
2025-06-19 13:35:30,REAL,2773966904,481,2773967385,2773967385
2025-06-19 13:35:32,REAL,2773967385,494,2773967879,2773967879
2025-06-19 13:35:34,REAL,2773967879,538,2773968417,2773968417
2025-06-19 13:35:36,REAL,2773968417,485,2773968902,2773968902
2025-06-19 13:35:38,REAL,2773968902,486,2773969388,2773969388
2025-06-19 13:35:40,REAL,2773969388,543,2773969931,2773969931
2025-06-19 13:35:42,REAL,2773969931,483,2773970414,2773970414
2025-06-19 13:35:44,REAL,2773970414,484,2773970898,2773970898
2025-06-19 13:35:46,REAL,2773970898,481,2773971379,2773971379
2025-06-19 13:35:48,REAL,2773971379,480,2773971859,2773971859
2025-06-19 13:35:50,REAL,2773971859,486,2773972345,2773972345
2025-06-19 13:35:52,REAL,2773972345,485,2773972830,2773972830
2025-06-19 13:35:54,REAL,2773972830,483,2773973313,2773973313
2025-06-19 13:35:56,REAL,2773973313,488,2773973801,2773973801
2025-06-19 13:35:58,REAL,2773973801,481,2773974282,2773974282
2025-06-19 13:36:00,REAL,2773974282,488,2773974770,2773974770
2025-06-19 13:36:02,REAL,2773974770,479,2773975249,2773975249
2025-06-19 13:36:04,REAL,2773975249,488,2773975737,2773975737
2025-06-19 13:36:06,REAL,2773975737,1615,2773977352,2773977352
2025-06-19 13:36:08,REAL,2773977352,11778,2773989130,2773989130
2025-06-19 13:36:10,REAL,2773989130,10253,2773999383,2773999383
2025-06-19 13:36:12,REAL,2773999383,10319,2774009702,2774009702
2025-06-19 13:36:14,REAL,2774009702,10258,2774019960,2774019960
2025-06-19 13:36:16,REAL,2774019960,10251,2774030211,2774030211
2025-06-19 13:36:18,REAL,2774030211,10252,2774040463,2774040463
2025-06-19 13:36:20,REAL,2774040463,10252,2774050715,2774050715
2025-06-19 13:36:22,REAL,2774050715,4370,2774055085,2774055085
2025-06-19 13:36:24,REAL,2774055085,485,2774055570,2774055570
2025-06-19 13:36:26,REAL,2774055570,493,2774056063,2774056063
2025-06-19 13:36:28,REAL,2774056063,483,2774056546,2774056546
2025-06-19 13:36:30,REAL,2774056546,489,2774057035,2774057035
2025-06-19 13:36:32,REAL,2774057035,488,2774057523,2774057523
2025-06-19 13:36:34,REAL,2774057523,480,2774058003,2774058003
2025-06-19 13:36:36,REAL,2774058003,477,2774058480,2774058480
2025-06-19 13:36:38,REAL,2774058480,475,2774058955,2774058955
2025-06-19 13:36:40,REAL,2774058955,487,2774059442,2774059442
2025-06-19 13:36:42,REAL,2774059442,490,2774059932,2774059932
2025-06-19 13:36:44,REAL,2774059932,485,2774060417,2774060417
2025-06-19 13:36:46,REAL,2774060417,485,2774060902,2774060902
2025-06-19 13:36:48,REAL,2774060902,487,2774061389,2774061389
2025-06-19 13:36:50,REAL,2774061389,484,2774061873,2774061873
2025-06-19 13:36:52,REAL,2774061873,483,2774062356,2774062356
2025-06-19 13:36:54,REAL,2774062356,483,2774062839,2774062839
2025-06-19 13:36:56,REAL,2774062839,480,2774063319,2774063319
2025-06-19 13:36:58,REAL,2774063319,536,2774063855,2774063855
2025-06-19 13:37:00,REAL,2774063855,476,2774064331,2774064331
2025-06-19 13:37:02,REAL,2774064331,485,2774064816,2774064816
2025-06-19 13:37:04,REAL,2774064816,2872,2774067688,2774067688
2025-06-19 13:37:06,REAL,2774067688,11760,2774079448,2774079448
2025-06-19 13:37:08,REAL,2774079448,10310,2774089758,2774089758
2025-06-19 13:37:10,REAL,2774089758,10252,2774100010,2774100010
2025-06-19 13:37:12,REAL,2774100010,10321,2774110331,2774110331
2025-06-19 13:37:14,REAL,2774110331,10256,2774120587,2774120587
2025-06-19 13:37:16,REAL,2774120587,10255,2774130842,2774130842
2025-06-19 13:37:18,REAL,2774130842,10318,2774141160,2774141160
2025-06-19 13:37:20,REAL,2774141160,3321,2774144481,2774144481
2025-06-19 13:37:22,REAL,2774144481,480,2774144961,2774144961
2025-06-19 13:37:24,REAL,2774144961,484,2774145445,2774145445
2025-06-19 13:37:26,REAL,2774145445,479,2774145924,2774145924
2025-06-19 13:37:28,REAL,2774145924,483,2774146407,2774146407
2025-06-19 13:37:30,REAL,2774146407,492,2774146899,2774146899
2025-06-19 13:37:32,REAL,2774146899,489,2774147388,2774147388
2025-06-19 13:37:34,REAL,2774147388,485,2774147873,2774147873
2025-06-19 13:37:36,REAL,2774147873,486,2774148359,2774148359
2025-06-19 13:37:38,REAL,2774148359,486,2774148845,2774148845
2025-06-19 13:37:40,REAL,2774148845,478,2774149323,2774149323
2025-06-19 13:37:42,REAL,2774149323,478,2774149801,2774149801
2025-06-19 13:37:44,REAL,2774149801,478,2774150279,2774150279
2025-06-19 13:37:46,REAL,2774150279,487,2774150766,2774150766
2025-06-19 13:37:48,REAL,2774150766,538,2774151304,2774151304
2025-06-19 13:37:50,REAL,2774151304,484,2774151788,2774151788
2025-06-19 13:37:52,REAL,2774151788,487,2774152275,2774152275
2025-06-19 13:37:54,REAL,2774152275,538,2774152813,2774152813
2025-06-19 13:37:56,REAL,2774152813,480,2774153293,2774153293
2025-06-19 13:37:58,REAL,2774153293,485,2774153778,2774153778
2025-06-19 13:38:00,REAL,2774153778,483,2774154261,2774154261
2025-06-19 13:38:02,REAL,2774154261,482,2774154743,2774154743
2025-06-19 13:38:04,REAL,2774154743,481,2774155224,2774155224
2025-06-19 13:38:06,REAL,2774155224,482,2774155706,2774155706
2025-06-19 13:38:08,REAL,2774155706,484,2774156190,2774156190
2025-06-19 13:38:10,REAL,2774156190,484,2774156674,2774156674
2025-06-19 13:38:12,REAL,2774156674,475,2774157149,2774157149
2025-06-19 13:38:14,REAL,2774157149,10454,2774167603,2774167603
2025-06-19 13:38:16,REAL,2774167603,10458,2774178061,2774178061
2025-06-19 13:38:18,REAL,2774178061,10248,2774188309,2774188309
2025-06-19 13:38:20,REAL,2774188309,10255,2774198564,2774198564
2025-06-19 13:38:22,REAL,2774198564,10252,2774208816,2774208816
2025-06-19 13:38:24,REAL,2774208816,10364,2774219180,2774219180
2025-06-19 13:38:26,REAL,2774219180,10244,2774229424,2774229424
2025-06-19 13:38:28,REAL,2774229424,6887,2774236311,2774236311
2025-06-19 13:38:30,REAL,2774236311,492,2774236803,2774236803
2025-06-19 13:38:32,REAL,2774236803,476,2774237279,2774237279
2025-06-19 13:38:34,REAL,2774237279,476,2774237755,2774237755
2025-06-19 13:38:36,REAL,2774237755,481,2774238236,2774238236
2025-06-19 13:38:38,REAL,2774238236,480,2774238716,2774238716
2025-06-19 13:38:40,REAL,2774238716,482,2774239198,2774239198
2025-06-19 13:38:42,REAL,2774239198,479,2774239677,2774239677
2025-06-19 13:38:44,REAL,2774239677,489,2774240166,2774240166
2025-06-19 13:38:46,REAL,2774240166,481,2774240647,2774240647
2025-06-19 13:38:48,REAL,2774240647,491,2774241138,2774241138
2025-06-19 13:38:50,REAL,2774241138,490,2774241628,2774241628
2025-06-19 13:38:52,REAL,2774241628,489,2774242117,2774242117
2025-06-19 13:38:54,REAL,2774242117,480,2774242597,2774242597
2025-06-19 13:38:56,REAL,2774242597,481,2774243078,2774243078
2025-06-19 13:38:58,REAL,2774243078,484,2774243562,2774243562
2025-06-19 13:39:00,REAL,2774243562,486,2774244048,2774244048
2025-06-19 13:39:02,REAL,2774244048,541,2774244589,2774244589
2025-06-19 13:39:04,REAL,2774244589,484,2774245073,2774245073
2025-06-19 13:39:06,REAL,2774245073,546,2774245619,2774245619
2025-06-19 13:39:08,REAL,2774245619,477,2774246096,2774246096
2025-06-19 13:39:10,REAL,2774246096,483,2774246579,2774246579
2025-06-19 13:39:12,REAL,2774246579,484,2774247063,2774247063
2025-06-19 13:39:14,REAL,2774247063,488,2774247551,2774247551
2025-06-19 13:39:16,REAL,2774247551,481,2774248032,2774248032
2025-06-19 13:39:18,REAL,2774248032,485,2774248517,2774248517
2025-06-19 13:39:20,REAL,2774248517,480,2774248997,2774248997
2025-06-19 13:39:22,REAL,2774248997,481,2774249478,2774249478
2025-06-19 13:39:24,REAL,2774249478,483,2774249961,2774249961
2025-06-19 13:39:26,REAL,2774249961,480,2774250441,2774250441
2025-06-19 13:39:28,REAL,2774250441,488,2774250929,2774250929
2025-06-19 13:39:30,REAL,2774250929,482,2774251411,2774251411
2025-06-19 13:39:32,REAL,2774251411,477,2774251888,2774251888
2025-06-19 13:39:34,REAL,2774251888,481,2774252369,2774252369
2025-06-19 13:39:36,REAL,2774252369,489,2774252858,2774252858
2025-06-19 13:39:38,REAL,2774252858,550,2774253408,2774253408
2025-06-19 13:39:40,REAL,2774253408,493,2774253901,2774253901
2025-06-19 13:39:42,REAL,2774253901,486,2774254387,2774254387
2025-06-19 13:39:44,REAL,2774254387,481,2774254868,2774254868
2025-06-19 13:39:46,REAL,2774254868,480,2774255348,2774255348
2025-06-19 13:39:48,REAL,2774255348,484,2774255832,2774255832
2025-06-19 13:39:50,REAL,2774255832,489,2774256321,2774256321
2025-06-19 13:39:52,REAL,2774256321,481,2774256802,2774256802
2025-06-19 13:39:54,REAL,2774256802,481,2774257283,2774257283
2025-06-19 13:39:56,REAL,2774257283,532,2774257815,2774257815
2025-06-19 13:39:58,REAL,2774257815,492,2774258307,2774258307
2025-06-19 13:40:00,REAL,2774258307,481,2774258788,2774258788
2025-06-19 13:40:02,REAL,2774258788,491,2774259279,2774259279
2025-06-19 13:40:04,REAL,2774259279,1027,2774260306,2774260306
2025-06-19 13:40:06,REAL,2774260306,11579,2774271885,2774271885
2025-06-19 13:40:08,REAL,2774271885,10253,2774282138,2774282138
2025-06-19 13:40:10,REAL,2774282138,10254,2774292392,2774292392
2025-06-19 13:40:12,REAL,2774292392,10320,2774302712,2774302712
2025-06-19 13:40:14,REAL,2774302712,10260,2774312972,2774312972
2025-06-19 13:40:16,REAL,2774312972,10303,2774323275,2774323275
2025-06-19 13:40:18,REAL,2774323275,10250,2774333525,2774333525
2025-06-19 13:40:20,REAL,2774333525,4703,2774338228,2774338228
2025-06-19 13:40:22,REAL,2774338228,483,2774338711,2774338711
2025-06-19 13:40:24,REAL,2774338711,489,2774339200,2774339200
2025-06-19 13:40:26,REAL,2774339200,485,2774339685,2774339685
2025-06-19 13:40:28,REAL,2774339685,483,2774340168,2774340168
2025-06-19 13:40:30,REAL,2774340168,491,2774340659,2774340659
2025-06-19 13:40:32,REAL,2774340659,490,2774341149,2774341149
2025-06-19 13:40:34,REAL,2774341149,483,2774341632,2774341632
2025-06-19 13:40:36,REAL,2774341632,482,2774342114,2774342114
2025-06-19 13:40:38,REAL,2774342114,484,2774342598,2774342598
2025-06-19 13:40:40,REAL,2774342598,480,2774343078,2774343078
2025-06-19 13:40:42,REAL,2774343078,480,2774343558,2774343558
2025-06-19 13:40:44,REAL,2774343558,484,2774344042,2774344042
2025-06-19 13:40:46,REAL,2774344042,487,2774344529,2774344529
2025-06-19 13:40:48,REAL,2774344529,487,2774345016,2774345016
2025-06-19 13:40:50,REAL,2774345016,485,2774345501,2774345501
2025-06-19 13:40:52,REAL,2774345501,536,2774346037,2774346037
2025-06-19 13:40:54,REAL,2774346037,544,2774346581,2774346581
2025-06-19 13:40:56,REAL,2774346581,482,2774347063,2774347063
2025-06-19 13:40:58,REAL,2774347063,481,2774347544,2774347544
2025-06-19 13:41:00,REAL,2774347544,489,2774348033,2774348033
2025-06-19 13:41:02,REAL,2774348033,2280,2774350313,2774350313
2025-06-19 13:41:04,REAL,2774350313,12106,2774362419,2774362419
2025-06-19 13:41:06,REAL,2774362419,10247,2774372666,2774372666
2025-06-19 13:41:08,REAL,2774372666,10253,2774382919,2774382919
2025-06-19 13:41:10,REAL,2774382919,10258,2774393177,2774393177
2025-06-19 13:41:12,REAL,2774393177,10258,2774403435,2774403435
2025-06-19 13:41:14,REAL,2774403435,10254,2774413689,2774413689
2025-06-19 13:41:16,REAL,2774413689,10249,2774423938,2774423938
2025-06-19 13:41:18,REAL,2774423938,3855,2774427793,2774427793
2025-06-19 13:41:20,REAL,2774427793,481,2774428274,2774428274
2025-06-19 13:41:22,REAL,2774428274,484,2774428758,2774428758
2025-06-19 13:41:24,REAL,2774428758,485,2774429243,2774429243
2025-06-19 13:41:26,REAL,2774429243,486,2774429729,2774429729
2025-06-19 13:41:28,REAL,2774429729,484,2774430213,2774430213
2025-06-19 13:41:30,REAL,2774430213,542,2774430755,2774430755
2025-06-19 13:41:32,REAL,2774430755,481,2774431236,2774431236
2025-06-19 13:41:34,REAL,2774431236,486,2774431722,2774431722
2025-06-19 13:41:36,REAL,2774431722,487,2774432209,2774432209
2025-06-19 13:41:38,REAL,2774432209,492,2774432701,2774432701
2025-06-19 13:41:40,REAL,2774432701,484,2774433185,2774433185
2025-06-19 13:41:42,REAL,2774433185,478,2774433663,2774433663
2025-06-19 13:41:44,REAL,2774433663,547,2774434210,2774434210
2025-06-19 13:41:46,REAL,2774434210,492,2774434702,2774434702
2025-06-19 13:41:48,REAL,2774434702,487,2774435189,2774435189
2025-06-19 13:41:50,REAL,2774435189,489,2774435678,2774435678
2025-06-19 13:41:52,REAL,2774435678,487,2774436165,2774436165
2025-06-19 13:41:54,REAL,2774436165,478,2774436643,2774436643
2025-06-19 13:41:56,REAL,2774436643,480,2774437123,2774437123
2025-06-19 13:41:58,REAL,2774437123,487,2774437610,2774437610
2025-06-19 13:42:00,REAL,2774437610,484,2774438094,2774438094
2025-06-19 13:42:02,REAL,2774438094,476,2774438570,2774438570
2025-06-19 13:42:04,REAL,2774438570,481,2774439051,2774439051
2025-06-19 13:42:06,REAL,2774439051,593,2774439644,2774439644
2025-06-19 13:42:08,REAL,2774439644,486,2774440130,2774440130
2025-06-19 13:42:10,REAL,2774440130,490,2774440620,2774440620
2025-06-19 13:42:12,REAL,2774440620,485,2774441105,2774441105
2025-06-19 13:42:14,REAL,2774441105,486,2774441591,2774441591
2025-06-19 13:42:16,REAL,2774441591,477,2774442068,2774442068
2025-06-19 13:42:18,REAL,2774442068,481,2774442549,2774442549
2025-06-19 13:42:20,REAL,2774442549,487,2774443036,2774443036
2025-06-19 13:42:22,REAL,2774443036,480,2774443516,2774443516
2025-06-19 13:42:24,REAL,2774443516,483,2774443999,2774443999
2025-06-19 13:42:26,REAL,2774443999,476,2774444475,2774444475
2025-06-19 13:42:28,REAL,2774444475,540,2774445015,2774445015
2025-06-19 13:42:30,REAL,2774445015,483,2774445498,2774445498
2025-06-19 13:42:32,REAL,2774445498,483,2774445981,2774445981
2025-06-19 13:42:34,REAL,2774445981,489,2774446470,2774446470
2025-06-19 13:42:36,REAL,2774446470,479,2774446949,2774446949
2025-06-19 13:42:38,REAL,2774446949,484,2774447433,2774447433
2025-06-19 13:42:40,REAL,2774447433,490,2774447923,2774447923
2025-06-19 13:42:42,REAL,2774447923,539,2774448462,2774448462
2025-06-19 13:42:44,REAL,2774448462,481,2774448943,2774448943
2025-06-19 13:42:46,REAL,2774448943,489,2774449432,2774449432
2025-06-19 13:42:48,REAL,2774449432,487,2774449919,2774449919
2025-06-19 13:42:50,REAL,2774449919,545,2774450464,2774450464
2025-06-19 13:42:52,REAL,2774450464,480,2774450944,2774450944
2025-06-19 13:42:54,REAL,2774450944,480,2774451424,2774451424
2025-06-19 13:42:56,REAL,2774451424,479,2774451903,2774451903
2025-06-19 13:42:58,REAL,2774451903,492,2774452395,2774452395
2025-06-19 13:43:00,REAL,2774452395,484,2774452879,2774452879
2025-06-19 13:43:02,REAL,2774452879,482,2774453361,2774453361
2025-06-19 13:43:04,REAL,2774453361,477,2774453838,2774453838
2025-06-19 13:43:06,REAL,2774453838,490,2774454328,2774454328
2025-06-19 13:43:08,REAL,2774454328,488,2774454816,2774454816
2025-06-19 13:43:10,REAL,2774454816,479,2774455295,2774455295
2025-06-19 13:43:12,REAL,2774455295,539,2774455834,2774455834
2025-06-19 13:43:14,REAL,2774455834,537,2774456371,2774456371
2025-06-19 13:43:16,REAL,2774456371,478,2774456849,2774456849
2025-06-19 13:43:18,REAL,2774456849,488,2774457337,2774457337
2025-06-19 13:43:20,REAL,2774457337,477,2774457814,2774457814
2025-06-19 13:43:22,REAL,2774457814,484,2774458298,2774458298
2025-06-19 13:43:24,REAL,2774458298,489,2774458787,2774458787
2025-06-19 13:43:26,REAL,2774458787,493,2774459280,2774459280
2025-06-19 13:43:28,REAL,2774459280,482,2774459762,2774459762
2025-06-19 13:43:30,REAL,2774459762,475,2774460237,2774460237
2025-06-19 13:43:32,REAL,2774460237,481,2774460718,2774460718
2025-06-19 13:43:34,REAL,2774460718,547,2774461265,2774461265
2025-06-19 13:43:36,REAL,2774461265,484,2774461749,2774461749
2025-06-19 13:43:38,REAL,2774461749,482,2774462231,2774462231
2025-06-19 13:43:40,REAL,2774462231,482,2774462713,2774462713
2025-06-19 13:43:42,REAL,2774462713,483,2774463196,2774463196
2025-06-19 13:43:44,REAL,2774463196,537,2774463733,2774463733
2025-06-19 13:43:46,REAL,2774463733,478,2774464211,2774464211
2025-06-19 13:43:48,REAL,2774464211,484,2774464695,2774464695
2025-06-19 13:43:50,REAL,2774464695,490,2774465185,2774465185
2025-06-19 13:43:52,REAL,2774465185,486,2774465671,2774465671
2025-06-19 13:43:54,REAL,2774465671,479,2774466150,2774466150
2025-06-19 13:43:56,REAL,2774466150,547,2774466697,2774466697
2025-06-19 13:43:58,REAL,2774466697,13750,2774480447,2774480447
2025-06-19 13:44:00,REAL,2774480447,10312,2774490759,2774490759
2025-06-19 13:44:02,REAL,2774490759,10252,2774501011,2774501011
2025-06-19 13:44:04,REAL,2774501011,10316,2774511327,2774511327
2025-06-19 13:44:06,REAL,2774511327,10254,2774521581,2774521581
2025-06-19 13:44:08,REAL,2774521581,10322,2774531903,2774531903
2025-06-19 13:44:10,REAL,2774531903,10255,2774542158,2774542158
2025-06-19 13:44:12,REAL,2774542158,5694,2774547852,2774547852
2025-06-19 13:44:14,REAL,2774547852,538,2774548390,2774548390
2025-06-19 13:44:16,REAL,2774548390,478,2774548868,2774548868
2025-06-19 13:44:18,REAL,2774548868,539,2774549407,2774549407
2025-06-19 13:44:20,REAL,2774549407,482,2774549889,2774549889
2025-06-19 13:44:22,REAL,2774549889,484,2774550373,2774550373
2025-06-19 13:44:24,REAL,2774550373,484,2774550857,2774550857
2025-06-19 13:44:26,REAL,2774550857,486,2774551343,2774551343
2025-06-19 13:44:28,REAL,2774551343,481,2774551824,2774551824
2025-06-19 13:44:30,REAL,2774551824,482,2774552306,2774552306
2025-06-19 13:44:32,REAL,2774552306,483,2774552789,2774552789
2025-06-19 13:44:34,REAL,2774552789,481,2774553270,2774553270
2025-06-19 13:44:36,REAL,2774553270,487,2774553757,2774553757
2025-06-19 13:44:38,REAL,2774553757,484,2774554241,2774554241
2025-06-19 13:44:40,REAL,2774554241,538,2774554779,2774554779
2025-06-19 13:44:42,REAL,2774554779,487,2774555266,2774555266
2025-06-19 13:44:44,REAL,2774555266,488,2774555754,2774555754
2025-06-19 13:44:46,REAL,2774555754,548,2774556302,2774556302
2025-06-19 13:44:48,REAL,2774556302,481,2774556783,2774556783
2025-06-19 13:44:50,REAL,2774556783,479,2774557262,2774557262
2025-06-19 13:44:52,REAL,2774557262,486,2774557748,2774557748
2025-06-19 13:44:54,REAL,2774557748,481,2774558229,2774558229
2025-06-19 13:44:56,REAL,2774558229,491,2774558720,2774558720
2025-06-19 13:44:58,REAL,2774558720,484,2774559204,2774559204
2025-06-19 13:45:00,REAL,2774559204,487,2774559691,2774559691
2025-06-19 13:45:02,REAL,2774559691,540,2774560231,2774560231
2025-06-19 13:45:04,REAL,2774560231,484,2774560715,2774560715
2025-06-19 13:45:06,REAL,2774560715,481,2774561196,2774561196
2025-06-19 13:45:08,REAL,2774561196,482,2774561678,2774561678
2025-06-19 13:45:10,REAL,2774561678,478,2774562156,2774562156
2025-06-19 13:45:12,REAL,2774562156,479,2774562635,2774562635
2025-06-19 13:45:14,REAL,2774562635,491,2774563126,2774563126
2025-06-19 13:45:16,REAL,2774563126,543,2774563669,2774563669
2025-06-19 13:45:18,REAL,2774563669,477,2774564146,2774564146
2025-06-19 13:45:20,REAL,2774564146,482,2774564628,2774564628
2025-06-19 13:45:22,REAL,2774564628,488,2774565116,2774565116
2025-06-19 13:45:24,REAL,2774565116,543,2774565659,2774565659
2025-06-19 13:45:26,REAL,2774565659,477,2774566136,2774566136
2025-06-19 13:45:28,REAL,2774566136,484,2774566620,2774566620
2025-06-19 13:45:30,REAL,2774566620,485,2774567105,2774567105
2025-06-19 13:45:32,REAL,2774567105,487,2774567592,2774567592
2025-06-19 13:45:34,REAL,2774567592,478,2774568070,2774568070
2025-06-19 13:45:36,REAL,2774568070,489,2774568559,2774568559
2025-06-19 13:45:38,REAL,2774568559,481,2774569040,2774569040
2025-06-19 13:45:40,REAL,2774569040,481,2774569521,2774569521
2025-06-19 13:45:42,REAL,2774569521,482,2774570003,2774570003
2025-06-19 13:45:44,REAL,2774570003,486,2774570489,2774570489
2025-06-19 13:45:46,REAL,2774570489,539,2774571028,2774571028
2025-06-19 13:45:48,REAL,2774571028,544,2774571572,2774571572
2025-06-19 13:45:50,REAL,2774571572,484,2774572056,2774572056
2025-06-19 13:45:52,REAL,2774572056,484,2774572540,2774572540
2025-06-19 13:45:54,REAL,2774572540,489,2774573029,2774573029
2025-06-19 13:45:56,REAL,2774573029,482,2774573511,2774573511
2025-06-19 13:45:58,REAL,2774573511,484,2774573995,2774573995
2025-06-19 13:46:00,REAL,2774573995,476,2774574471,2774574471
2025-06-19 13:46:02,REAL,2774574471,484,2774574955,2774574955
2025-06-19 13:46:04,REAL,2774574955,486,2774575441,2774575441
2025-06-19 13:46:06,REAL,2774575441,478,2774575919,2774575919
2025-06-19 13:46:08,REAL,2774575919,545,2774576464,2774576464
2025-06-19 13:46:10,REAL,2774576464,485,2774576949,2774576949
2025-06-19 13:46:12,REAL,2774576949,480,2774577429,2774577429
2025-06-19 13:46:14,REAL,2774577429,489,2774577918,2774577918
2025-06-19 13:46:16,REAL,2774577918,475,2774578393,2774578393
2025-06-19 13:46:18,REAL,2774578393,532,2774578925,2774578925
2025-06-19 13:46:20,REAL,2774578925,483,2774579408,2774579408
2025-06-19 13:46:22,REAL,2774579408,477,2774579885,2774579885
2025-06-19 13:46:24,REAL,2774579885,484,2774580369,2774580369
2025-06-19 13:46:26,REAL,2774580369,478,2774580847,2774580847
2025-06-19 13:46:28,REAL,2774580847,482,2774581329,2774581329
2025-06-19 13:46:30,REAL,2774581329,539,2774581868,2774581868
2025-06-19 13:46:32,REAL,2774581868,479,2774582347,2774582347
2025-06-19 13:46:34,REAL,2774582347,482,2774582829,2774582829
2025-06-19 13:46:36,REAL,2774582829,485,2774583314,2774583314
2025-06-19 13:46:38,REAL,2774583314,479,2774583793,2774583793
2025-06-19 13:46:40,REAL,2774583793,483,2774584276,2774584276
2025-06-19 13:46:42,REAL,2774584276,481,2774584757,2774584757
2025-06-19 13:46:44,REAL,2774584757,485,2774585242,2774585242
2025-06-19 13:46:46,REAL,2774585242,487,2774585729,2774585729
2025-06-19 13:46:48,REAL,2774585729,479,2774586208,2774586208
2025-06-19 13:46:50,REAL,2774586208,537,2774586745,2774586745
2025-06-19 13:46:52,REAL,2774586745,549,2774587294,2774587294
2025-06-19 13:46:54,REAL,2774587294,482,2774587776,2774587776
2025-06-19 13:46:56,REAL,2774587776,8875,2774596651,2774596651
2025-06-19 13:46:58,REAL,2774596651,10644,2774607295,2774607295
2025-06-19 13:47:00,REAL,2774607295,10315,2774617610,2774617610
2025-06-19 13:47:02,REAL,2774617610,10255,2774627865,2774627865
2025-06-19 13:47:04,REAL,2774627865,10309,2774638174,2774638174
2025-06-19 13:47:06,REAL,2774638174,10252,2774648426,2774648426
2025-06-19 13:47:08,REAL,2774648426,10318,2774658744,2774658744
2025-06-19 13:47:10,REAL,2774658744,7744,2774666488,2774666488
2025-06-19 13:47:12,REAL,2774666488,485,2774666973,2774666973
2025-06-19 13:47:14,REAL,2774666973,478,2774667451,2774667451
2025-06-19 13:47:16,REAL,2774667451,535,2774667986,2774667986
2025-06-19 13:47:18,REAL,2774667986,545,2774668531,2774668531
2025-06-19 13:47:20,REAL,2774668531,485,2774669016,2774669016
2025-06-19 13:47:22,REAL,2774669016,493,2774669509,2774669509
2025-06-19 13:47:24,REAL,2774669509,485,2774669994,2774669994
2025-06-19 13:47:26,REAL,2774669994,487,2774670481,2774670481
2025-06-19 13:47:28,REAL,2774670481,487,2774670968,2774670968
2025-06-19 13:47:30,REAL,2774670968,484,2774671452,2774671452
2025-06-19 13:47:32,REAL,2774671452,482,2774671934,2774671934
2025-06-19 13:47:34,REAL,2774671934,482,2774672416,2774672416
2025-06-19 13:47:36,REAL,2774672416,485,2774672901,2774672901
2025-06-19 13:47:38,REAL,2774672901,537,2774673438,2774673438
2025-06-19 13:47:40,REAL,2774673438,489,2774673927,2774673927
2025-06-19 13:47:42,REAL,2774673927,491,2774674418,2774674418
2025-06-19 13:47:44,REAL,2774674418,486,2774674904,2774674904
2025-06-19 13:47:46,REAL,2774674904,487,2774675391,2774675391
2025-06-19 13:47:48,REAL,2774675391,489,2774675880,2774675880
2025-06-19 13:47:50,REAL,2774675880,482,2774676362,2774676362
2025-06-19 13:47:52,REAL,2774676362,488,2774676850,2774676850
2025-06-19 13:47:54,REAL,2774676850,479,2774677329,2774677329
2025-06-19 13:47:56,REAL,2774677329,479,2774677808,2774677808
2025-06-19 13:47:58,REAL,2774677808,485,2774678293,2774678293
2025-06-19 13:48:00,REAL,2774678293,537,2774678830,2774678830
2025-06-19 13:48:02,REAL,2774678830,475,2774679305,2774679305
2025-06-19 13:48:04,REAL,2774679305,477,2774679782,2774679782
2025-06-19 13:48:06,REAL,2774679782,488,2774680270,2774680270
2025-06-19 13:48:08,REAL,2774680270,481,2774680751,2774680751
2025-06-19 13:48:10,REAL,2774680751,536,2774681287,2774681287
2025-06-19 13:48:12,REAL,2774681287,488,2774681775,2774681775
2025-06-19 13:48:14,REAL,2774681775,481,2774682256,2774682256
2025-06-19 13:48:16,REAL,2774682256,479,2774682735,2774682735
2025-06-19 13:48:18,REAL,2774682735,484,2774683219,2774683219
2025-06-19 13:48:20,REAL,2774683219,540,2774683759,2774683759
2025-06-19 13:48:22,REAL,2774683759,489,2774684248,2774684248
2025-06-19 13:48:24,REAL,2774684248,487,2774684735,2774684735
2025-06-19 13:48:26,REAL,2774684735,479,2774685214,2774685214
2025-06-19 13:48:28,REAL,2774685214,481,2774685695,2774685695
2025-06-19 13:48:30,REAL,2774685695,492,2774686187,2774686187
2025-06-19 13:48:32,REAL,2774686187,480,2774686667,2774686667
2025-06-19 13:48:34,REAL,2774686667,484,2774687151,2774687151
2025-06-19 13:48:36,REAL,2774687151,488,2774687639,2774687639
2025-06-19 13:48:38,REAL,2774687639,488,2774688127,2774688127
2025-06-19 13:48:40,REAL,2774688127,478,2774688605,2774688605
2025-06-19 13:48:42,REAL,2774688605,541,2774689146,2774689146
2025-06-19 13:48:44,REAL,2774689146,480,2774689626,2774689626
2025-06-19 13:48:46,REAL,2774689626,482,2774690108,2774690108
2025-06-19 13:48:48,REAL,2774690108,482,2774690590,2774690590
2025-06-19 13:48:50,REAL,2774690590,486,2774691076,2774691076
2025-06-19 13:48:52,REAL,2774691076,487,2774691563,2774691563
2025-06-19 13:48:54,REAL,2774691563,478,2774692041,2774692041
2025-06-19 13:48:56,REAL,2774692041,486,2774692527,2774692527
2025-06-19 13:48:58,REAL,2774692527,538,2774693065,2774693065
2025-06-19 13:49:00,REAL,2774693065,481,2774693546,2774693546
2025-06-19 13:49:02,REAL,2774693546,534,2774694080,2774694080
2025-06-19 13:49:04,REAL,2774694080,488,2774694568,2774694568
2025-06-19 13:49:06,REAL,2774694568,243,2774694811,2774694811
2025-06-19 13:49:08,REAL,2774694811,489,2774695300,2774695300
2025-06-19 13:49:10,REAL,2774695300,476,2774695776,2774695776
2025-06-19 13:49:12,REAL,2774695776,480,2774696256,2774696256
2025-06-19 13:49:14,REAL,2774696256,484,2774696740,2774696740
2025-06-19 13:49:16,REAL,2774696740,486,2774697226,2774697226
2025-06-19 13:49:18,REAL,2774697226,482,2774697708,2774697708
2025-06-19 13:49:20,REAL,2774697708,481,2774698189,2774698189
2025-06-19 13:49:22,REAL,2774698189,479,2774698668,2774698668
2025-06-19 13:49:24,REAL,2774698668,541,2774699209,2774699209
2025-06-19 13:49:26,REAL,2774699209,493,2774699702,2774699702
2025-06-19 13:49:28,REAL,2774699702,494,2774700196,2774700196
2025-06-19 13:49:30,REAL,2774700196,491,2774700687,2774700687
2025-06-19 13:49:32,REAL,2774700687,482,2774701169,2774701169
2025-06-19 13:49:34,REAL,2774701169,476,2774701645,2774701645
2025-06-19 13:49:36,REAL,2774701645,487,2774702132,2774702132
2025-06-19 13:49:38,REAL,2774702132,881,2774703013,2774703013
2025-06-19 13:49:40,REAL,2774703013,11908,2774714921,2774714921
2025-06-19 13:49:42,REAL,2774714921,10259,2774725180,2774725180
2025-06-19 13:49:44,REAL,2774725180,10305,2774735485,2774735485
2025-06-19 13:49:46,REAL,2774735485,10253,2774745738,2774745738
2025-06-19 13:49:48,REAL,2774745738,10306,2774756044,2774756044
2025-06-19 13:49:50,REAL,2774756044,10321,2774766365,2774766365
2025-06-19 13:49:52,REAL,2774766365,10247,2774776612,2774776612
2025-06-19 13:49:54,REAL,2774776612,4781,2774781393,2774781393
2025-06-19 13:49:56,REAL,2774781393,477,2774781870,2774781870
2025-06-19 13:49:58,REAL,2774781870,481,2774782351,2774782351
2025-06-19 13:50:00,REAL,2774782351,486,2774782837,2774782837
2025-06-19 13:50:02,REAL,2774782837,483,2774783320,2774783320
2025-06-19 13:50:04,REAL,2774783320,482,2774783802,2774783802
2025-06-19 13:50:06,REAL,2774783802,532,2774784334,2774784334
2025-06-19 13:50:08,REAL,2774784334,486,2774784820,2774784820
2025-06-19 13:50:10,REAL,2774784820,487,2774785307,2774785307
2025-06-19 13:50:12,REAL,2774785307,485,2774785792,2774785792
2025-06-19 13:50:14,REAL,2774785792,493,2774786285,2774786285
2025-06-19 13:50:16,REAL,2774786285,476,2774786761,2774786761
2025-06-19 13:50:18,REAL,2774786761,478,2774787239,2774787239
2025-06-19 13:50:20,REAL,2774787239,481,2774787720,2774787720
2025-06-19 13:50:22,REAL,2774787720,492,2774788212,2774788212
2025-06-19 13:50:24,REAL,2774788212,492,2774788704,2774788704
2025-06-19 13:50:26,REAL,2774788704,535,2774789239,2774789239
2025-06-19 13:50:28,REAL,2774789239,479,2774789718,2774789718
2025-06-19 13:50:30,REAL,2774789718,484,2774790202,2774790202
2025-06-19 13:50:32,REAL,2774790202,483,2774790685,2774790685
2025-06-19 13:50:34,REAL,2774790685,489,2774791174,2774791174
2025-06-19 13:50:36,REAL,2774791174,534,2774791708,2774791708
2025-06-19 13:50:38,REAL,2774791708,486,2774792194,2774792194
2025-06-19 13:50:40,REAL,2774792194,483,2774792677,2774792677
2025-06-19 13:50:42,REAL,2774792677,483,2774793160,2774793160
2025-06-19 13:50:44,REAL,2774793160,491,2774793651,2774793651
2025-06-19 13:50:46,REAL,2774793651,490,2774794141,2774794141
2025-06-19 13:50:48,REAL,2774794141,540,2774794681,2774794681
2025-06-19 13:50:50,REAL,2774794681,480,2774795161,2774795161
2025-06-19 13:50:52,REAL,2774795161,481,2774795642,2774795642
2025-06-19 13:50:54,REAL,2774795642,479,2774796121,2774796121
2025-06-19 13:50:56,REAL,2774796121,480,2774796601,2774796601
2025-06-19 13:50:58,REAL,2774796601,483,2774797084,2774797084
2025-06-19 13:51:00,REAL,2774797084,477,2774797561,2774797561
2025-06-19 13:51:02,REAL,2774797561,479,2774798040,2774798040
2025-06-19 13:51:04,REAL,2774798040,480,2774798520,2774798520
2025-06-19 13:51:06,REAL,2774798520,485,2774799005,2774799005
2025-06-19 13:51:08,REAL,2774799005,542,2774799547,2774799547
2025-06-19 13:51:10,REAL,2774799547,484,2774800031,2774800031
2025-06-19 13:51:12,REAL,2774800031,485,2774800516,2774800516
2025-06-19 13:51:14,REAL,2774800516,491,2774801007,2774801007
2025-06-19 13:51:16,REAL,2774801007,484,2774801491,2774801491
2025-06-19 13:51:18,REAL,2774801491,485,2774801976,2774801976
2025-06-19 13:51:20,REAL,2774801976,487,2774802463,2774802463
2025-06-19 13:51:22,REAL,2774802463,487,2774802950,2774802950
2025-06-19 13:51:24,REAL,2774802950,482,2774803432,2774803432
2025-06-19 13:51:26,REAL,2774803432,538,2774803970,2774803970
2025-06-19 13:51:28,REAL,2774803970,479,2774804449,2774804449
2025-06-19 13:51:30,REAL,2774804449,3598,2774808047,2774808047
2025-06-19 13:51:32,REAL,2774808047,14471,2774822518,2774822518
2025-06-19 13:51:34,REAL,2774822518,10252,2774832770,2774832770
2025-06-19 13:51:36,REAL,2774832770,10249,2774843019,2774843019
2025-06-19 13:51:38,REAL,2774843019,10324,2774853343,2774853343
2025-06-19 13:51:40,REAL,2774853343,10260,2774863603,2774863603
2025-06-19 13:51:42,REAL,2774863603,10253,2774873856,2774873856
2025-06-19 13:51:44,REAL,2774873856,10313,2774884169,2774884169
2025-06-19 13:51:46,REAL,2774884169,2589,2774886758,2774886758
2025-06-19 13:51:48,REAL,2774886758,481,2774887239,2774887239
2025-06-19 13:51:50,REAL,2774887239,493,2774887732,2774887732
2025-06-19 13:51:52,REAL,2774887732,486,2774888218,2774888218
2025-06-19 13:51:54,REAL,2774888218,486,2774888704,2774888704
2025-06-19 13:51:56,REAL,2774888704,484,2774889188,2774889188
2025-06-19 13:51:58,REAL,2774889188,480,2774889668,2774889668
2025-06-19 13:52:00,REAL,2774889668,483,2774890151,2774890151
2025-06-19 13:52:02,REAL,2774890151,4180,2774894331,2774894331
2025-06-19 13:52:04,REAL,2774894331,11580,2774905911,2774905911
2025-06-19 13:52:06,REAL,2774905911,10256,2774916167,2774916167
2025-06-19 13:52:08,REAL,2774916167,10249,2774926416,2774926416
2025-06-19 13:52:10,REAL,2774926416,10250,2774936666,2774936666
2025-06-19 13:52:12,REAL,2774936666,10251,2774946917,2774946917
2025-06-19 13:52:14,REAL,2774946917,10314,2774957231,2774957231
2025-06-19 13:52:16,REAL,2774957231,10314,2774967545,2774967545
2025-06-19 13:52:18,REAL,2774967545,1932,2774969477,2774969477
2025-06-19 13:52:20,REAL,2774969477,484,2774969961,2774969961
2025-06-19 13:52:22,REAL,2774969961,478,2774970439,2774970439
2025-06-19 13:52:24,REAL,2774970439,490,2774970929,2774970929
2025-06-19 13:52:26,REAL,2774970929,481,2774971410,2774971410
2025-06-19 13:52:28,REAL,2774971410,482,2774971892,2774971892
2025-06-19 13:52:30,REAL,2774971892,486,2774972378,2774972378
2025-06-19 13:52:32,REAL,2774972378,488,2774972866,2774972866
2025-06-19 13:52:34,REAL,2774972866,5038,2774977904,2774977904
2025-06-19 13:52:36,REAL,2774977904,11446,2774989350,2774989350
2025-06-19 13:52:38,REAL,2774989350,10250,2774999600,2774999600
2025-06-19 13:52:40,REAL,2774999600,10244,2775009844,2775009844
2025-06-19 13:52:42,REAL,2775009844,10254,2775020098,2775020098
2025-06-19 13:52:44,REAL,2775020098,10247,2775030345,2775030345
2025-06-19 13:52:46,REAL,2775030345,10854,2775041199,2775041199
2025-06-19 13:52:48,REAL,2775041199,9663,2775050862,2775050862
2025-06-19 13:52:50,REAL,2775050862,1418,2775052280,2775052280
2025-06-19 13:52:52,REAL,2775052280,478,2775052758,2775052758
2025-06-19 13:52:54,REAL,2775052758,488,2775053246,2775053246
2025-06-19 13:52:56,REAL,2775053246,11252,2775064498,2775064498
2025-06-19 13:52:58,REAL,2775064498,10256,2775074754,2775074754
2025-06-19 13:53:00,REAL,2775074754,10315,2775085069,2775085069
2025-06-19 13:53:02,REAL,2775085069,10320,2775095389,2775095389
2025-06-19 13:53:04,REAL,2775095389,10240,2775105629,2775105629
2025-06-19 13:53:06,REAL,2775105629,10318,2775115947,2775115947
2025-06-19 13:53:08,REAL,2775115947,10255,2775126202,2775126202
2025-06-19 13:53:10,REAL,2775126202,6029,2775132231,2775132231
2025-06-19 13:53:12,REAL,2775132231,485,2775132716,2775132716
2025-06-19 13:53:14,REAL,2775132716,487,2775133203,2775133203
2025-06-19 13:53:16,REAL,2775133203,486,2775133689,2775133689
2025-06-19 13:53:18,REAL,2775133689,492,2775134181,2775134181
2025-06-19 13:53:20,REAL,2775134181,481,2775134662,2775134662
2025-06-19 13:53:22,REAL,2775134662,481,2775135143,2775135143
2025-06-19 13:53:24,REAL,2775135143,486,2775135629,2775135629
2025-06-19 13:53:26,REAL,2775135629,476,2775136105,2775136105
2025-06-19 13:53:28,REAL,2775136105,492,2775136597,2775136597
2025-06-19 13:53:30,REAL,2775136597,491,2775137088,2775137088
2025-06-19 13:53:32,REAL,2775137088,485,2775137573,2775137573
2025-06-19 13:53:34,REAL,2775137573,490,2775138063,2775138063
2025-06-19 13:53:36,REAL,2775138063,481,2775138544,2775138544
2025-06-19 13:53:38,REAL,2775138544,485,2775139029,2775139029
2025-06-19 13:53:40,REAL,2775139029,487,2775139516,2775139516
2025-06-19 13:53:42,REAL,2775139516,486,2775140002,2775140002
2025-06-19 13:53:44,REAL,2775140002,479,2775140481,2775140481
2025-06-19 13:53:46,REAL,2775140481,589,2775141070,2775141070
2025-06-19 13:53:48,REAL,2775141070,485,2775141555,2775141555
2025-06-19 13:53:50,REAL,2775141555,489,2775142044,2775142044
2025-06-19 13:53:52,REAL,2775142044,480,2775142524,2775142524
2025-06-19 13:53:54,REAL,2775142524,491,2775143015,2775143015
2025-06-19 13:53:56,REAL,2775143015,485,2775143500,2775143500
2025-06-19 13:53:58,REAL,2775143500,482,2775143982,2775143982
2025-06-19 13:54:00,REAL,2775143982,484,2775144466,2775144466
2025-06-19 13:54:02,REAL,2775144466,482,2775144948,2775144948
2025-06-19 13:54:04,REAL,2775144948,481,2775145429,2775145429
2025-06-19 13:54:06,REAL,2775145429,482,2775145911,2775145911
2025-06-19 13:54:08,REAL,2775145911,486,2775146397,2775146397
2025-06-19 13:54:10,REAL,2775146397,478,2775146875,2775146875
2025-06-19 13:54:12,REAL,2775146875,491,2775147366,2775147366
2025-06-19 13:54:14,REAL,2775147366,484,2775147850,2775147850
2025-06-19 13:54:16,REAL,2775147850,486,2775148336,2775148336
2025-06-19 13:54:18,REAL,2775148336,485,2775148821,2775148821
2025-06-19 13:54:20,REAL,2775148821,487,2775149308,2775149308
2025-06-19 13:54:22,REAL,2775149308,484,2775149792,2775149792
2025-06-19 13:54:24,REAL,2775149792,490,2775150282,2775150282
2025-06-19 13:54:26,REAL,2775150282,486,2775150768,2775150768
2025-06-19 13:54:28,REAL,2775150768,483,2775151251,2775151251
2025-06-19 13:54:30,REAL,2775151251,548,2775151799,2775151799
2025-06-19 13:54:32,REAL,2775151799,486,2775152285,2775152285
2025-06-19 13:54:34,REAL,2775152285,548,2775152833,2775152833
2025-06-19 13:54:36,REAL,2775152833,483,2775153316,2775153316
2025-06-19 13:54:38,REAL,2775153316,480,2775153796,2775153796
2025-06-19 13:54:40,REAL,2775153796,486,2775154282,2775154282
2025-06-19 13:54:42,REAL,2775154282,485,2775154767,2775154767
2025-06-19 13:54:44,REAL,2775154767,493,2775155260,2775155260
2025-06-19 13:54:46,REAL,2775155260,480,2775155740,2775155740
2025-06-19 13:54:48,REAL,2775155740,475,2775156215,2775156215
2025-06-19 13:54:50,REAL,2775156215,485,2775156700,2775156700
2025-06-19 13:54:52,REAL,2775156700,7688,2775164388,2775164388
2025-06-19 13:54:54,REAL,2775164388,10843,2775175231,2775175231
2025-06-19 13:54:56,REAL,2775175231,10248,2775185479,2775185479
2025-06-19 13:54:58,REAL,2775185479,10252,2775195731,2775195731
2025-06-19 13:55:00,REAL,2775195731,10317,2775206048,2775206048
2025-06-19 13:55:02,REAL,2775206048,10255,2775216303,2775216303
2025-06-19 13:55:04,REAL,2775216303,10255,2775226558,2775226558
2025-06-19 13:55:06,REAL,2775226558,8867,2775235425,2775235425
2025-06-19 13:55:08,REAL,2775235425,481,2775235906,2775235906
2025-06-19 13:55:10,REAL,2775235906,484,2775236390,2775236390
2025-06-19 13:55:12,REAL,2775236390,540,2775236930,2775236930
2025-06-19 13:55:14,REAL,2775236930,483,2775237413,2775237413
2025-06-19 13:55:16,REAL,2775237413,484,2775237897,2775237897
2025-06-19 13:55:18,REAL,2775237897,483,2775238380,2775238380
2025-06-19 13:55:20,REAL,2775238380,484,2775238864,2775238864
2025-06-19 13:55:22,REAL,2775238864,483,2775239347,2775239347
2025-06-19 13:55:24,REAL,2775239347,8876,2775248223,2775248223
2025-06-19 13:55:26,REAL,2775248223,10452,2775258675,2775258675
2025-06-19 13:55:28,REAL,2775258675,10247,2775268922,2775268922
2025-06-19 13:55:30,REAL,2775268922,10311,2775279233,2775279233
2025-06-19 13:55:32,REAL,2775279233,10253,2775289486,2775289486
2025-06-19 13:55:34,REAL,2775289486,10256,2775299742,2775299742
2025-06-19 13:55:36,REAL,2775299742,10320,2775310062,2775310062
2025-06-19 13:55:38,REAL,2775310062,8200,2775318262,2775318262
2025-06-19 13:55:40,REAL,2775318262,478,2775318740,2775318740
2025-06-19 13:55:42,REAL,2775318740,481,2775319221,2775319221
2025-06-19 13:55:44,REAL,2775319221,481,2775319702,2775319702
2025-06-19 13:55:46,REAL,2775319702,484,2775320186,2775320186
2025-06-19 13:55:48,REAL,2775320186,484,2775320670,2775320670
2025-06-19 13:55:50,REAL,2775320670,491,2775321161,2775321161
2025-06-19 13:55:52,REAL,2775321161,485,2775321646,2775321646
2025-06-19 13:55:54,REAL,2775321646,486,2775322132,2775322132
2025-06-19 13:55:56,REAL,2775322132,11303,2775333435,2775333435
2025-06-19 13:55:58,REAL,2775333435,11309,2775344744,2775344744
2025-06-19 13:56:00,REAL,2775344744,10256,2775355000,2775355000
2025-06-19 13:56:02,REAL,2775355000,10253,2775365253,2775365253
2025-06-19 13:56:04,REAL,2775365253,10316,2775375569,2775375569
2025-06-19 13:56:06,REAL,2775375569,10252,2775385821,2775385821
2025-06-19 13:56:08,REAL,2775385821,10257,2775396078,2775396078
2025-06-19 13:56:10,REAL,2775396078,7618,2775403696,2775403696
2025-06-19 13:56:12,REAL,2775403696,489,2775404185,2775404185
2025-06-19 13:56:14,REAL,2775404185,479,2775404664,2775404664
2025-06-19 13:56:16,REAL,2775404664,486,2775405150,2775405150
2025-06-19 13:56:18,REAL,2775405150,485,2775405635,2775405635
2025-06-19 13:56:20,REAL,2775405635,486,2775406121,2775406121
2025-06-19 13:56:22,REAL,2775406121,480,2775406601,2775406601
2025-06-19 13:56:24,REAL,2775406601,486,2775407087,2775407087
2025-06-19 13:56:26,REAL,2775407087,489,2775407576,2775407576
2025-06-19 13:56:28,REAL,2775407576,481,2775408057,2775408057
2025-06-19 13:56:30,REAL,2775408057,480,2775408537,2775408537
2025-06-19 13:56:32,REAL,2775408537,484,2775409021,2775409021
2025-06-19 13:56:34,REAL,2775409021,486,2775409507,2775409507
2025-06-19 13:56:36,REAL,2775409507,489,2775409996,2775409996
2025-06-19 13:56:38,REAL,2775409996,543,2775410539,2775410539
2025-06-19 13:56:40,REAL,2775410539,493,2775411032,2775411032
2025-06-19 13:56:42,REAL,2775411032,486,2775411518,2775411518
2025-06-19 13:56:44,REAL,2775411518,477,2775411995,2775411995
2025-06-19 13:56:46,REAL,2775411995,539,2775412534,2775412534
2025-06-19 13:56:48,REAL,2775412534,5776,2775418310,2775418310
2025-06-19 13:56:50,REAL,2775418310,10382,2775428692,2775428692
2025-06-19 13:56:52,REAL,2775428692,10322,2775439014,2775439014
2025-06-19 13:56:54,REAL,2775439014,10260,2775449274,2775449274
2025-06-19 13:56:56,REAL,2775449274,10322,2775459596,2775459596
2025-06-19 13:56:58,REAL,2775459596,10251,2775469847,2775469847
2025-06-19 13:57:00,REAL,2775469847,10253,2775480100,2775480100
2025-06-19 13:57:02,REAL,2775480100,10317,2775490417,2775490417
2025-06-19 13:57:04,REAL,2775490417,1675,2775492092,2775492092
2025-06-19 13:57:06,REAL,2775492092,476,2775492568,2775492568
2025-06-19 13:57:08,REAL,2775492568,476,2775493044,2775493044
2025-06-19 13:57:10,REAL,2775493044,478,2775493522,2775493522
2025-06-19 13:57:12,REAL,2775493522,485,2775494007,2775494007
2025-06-19 13:57:14,REAL,2775494007,493,2775494500,2775494500
2025-06-19 13:57:16,REAL,2775494500,489,2775494989,2775494989
2025-06-19 13:57:18,REAL,2775494989,486,2775495475,2775495475
2025-06-19 13:57:20,REAL,2775495475,481,2775495956,2775495956
2025-06-19 13:57:22,REAL,2775495956,544,2775496500,2775496500
2025-06-19 13:57:24,REAL,2775496500,480,2775496980,2775496980
2025-06-19 13:57:26,REAL,2775496980,484,2775497464,2775497464
2025-06-19 13:57:28,REAL,2775497464,487,2775497951,2775497951
2025-06-19 13:57:30,REAL,2775497951,543,2775498494,2775498494
2025-06-19 13:57:32,REAL,2775498494,480,2775498974,2775498974
2025-06-19 13:57:34,REAL,2775498974,490,2775499464,2775499464
2025-06-19 13:57:36,REAL,2775499464,491,2775499955,2775499955
2025-06-19 13:57:38,REAL,2775499955,484,2775500439,2775500439
2025-06-19 13:57:40,REAL,2775500439,482,2775500921,2775500921
2025-06-19 13:57:42,REAL,2775500921,10985,2775511906,2775511906
2025-06-19 13:57:44,REAL,2775511906,10319,2775522225,2775522225
2025-06-19 13:57:46,REAL,2775522225,10247,2775532472,2775532472
2025-06-19 13:57:48,REAL,2775532472,10253,2775542725,2775542725
2025-06-19 13:57:50,REAL,2775542725,10319,2775553044,2775553044
2025-06-19 13:57:52,REAL,2775553044,10246,2775563290,2775563290
2025-06-19 13:57:54,REAL,2775563290,10261,2775573551,2775573551
2025-06-19 13:57:56,REAL,2775573551,5830,2775579381,2775579381
2025-06-19 13:57:58,REAL,2775579381,481,2775579862,2775579862
2025-06-19 13:58:00,REAL,2775579862,485,2775580347,2775580347
2025-06-19 13:58:02,REAL,2775580347,482,2775580829,2775580829
2025-06-19 13:58:04,REAL,2775580829,532,2775581361,2775581361
2025-06-19 13:58:06,REAL,2775581361,485,2775581846,2775581846
2025-06-19 13:58:08,REAL,2775581846,487,2775582333,2775582333
2025-06-19 13:58:10,REAL,2775582333,489,2775582822,2775582822
2025-06-19 13:58:12,REAL,2775582822,485,2775583307,2775583307
2025-06-19 13:58:14,REAL,2775583307,476,2775583783,2775583783
2025-06-19 13:58:16,REAL,2775583783,486,2775584269,2775584269
2025-06-19 13:58:18,REAL,2775584269,494,2775584763,2775584763
2025-06-19 13:58:20,REAL,2775584763,491,2775585254,2775585254
2025-06-19 13:58:22,REAL,2775585254,539,2775585793,2775585793
2025-06-19 13:58:24,REAL,2775585793,15467,2775601260,2775601260
2025-06-19 13:58:26,REAL,2775601260,10259,2775611519,2775611519
2025-06-19 13:58:28,REAL,2775611519,10261,2775621780,2775621780
2025-06-19 13:58:30,REAL,2775621780,10256,2775632036,2775632036
2025-06-19 13:58:32,REAL,2775632036,10309,2775642345,2775642345
2025-06-19 13:58:34,REAL,2775642345,10260,2775652605,2775652605
2025-06-19 13:58:36,REAL,2775652605,10259,2775662864,2775662864
2025-06-19 13:58:38,REAL,2775662864,5239,2775668103,2775668103
2025-06-19 13:58:40,REAL,2775668103,491,2775668594,2775668594
2025-06-19 13:58:42,REAL,2775668594,486,2775669080,2775669080
2025-06-19 13:58:44,REAL,2775669080,475,2775669555,2775669555
2025-06-19 13:58:46,REAL,2775669555,541,2775670096,2775670096
2025-06-19 13:58:48,REAL,2775670096,488,2775670584,2775670584
2025-06-19 13:58:50,REAL,2775670584,477,2775671061,2775671061
2025-06-19 13:58:52,REAL,2775671061,478,2775671539,2775671539
2025-06-19 13:58:54,REAL,2775671539,1153,2775672692,2775672692
2025-06-19 13:58:56,REAL,2775672692,15072,2775687764,2775687764
2025-06-19 13:58:58,REAL,2775687764,10252,2775698016,2775698016
2025-06-19 13:59:00,REAL,2775698016,10244,2775708260,2775708260
2025-06-19 13:59:02,REAL,2775708260,10254,2775718514,2775718514
2025-06-19 13:59:04,REAL,2775718514,10320,2775728834,2775728834
2025-06-19 13:59:06,REAL,2775728834,10260,2775739094,2775739094
2025-06-19 13:59:08,REAL,2775739094,10246,2775749340,2775749340
2025-06-19 13:59:10,REAL,2775749340,4644,2775753984,2775753984
2025-06-19 13:59:12,REAL,2775753984,484,2775754468,2775754468
2025-06-19 13:59:14,REAL,2775754468,491,2775754959,2775754959
2025-06-19 13:59:16,REAL,2775754959,483,2775755442,2775755442
2025-06-19 13:59:18,REAL,2775755442,489,2775755931,2775755931
2025-06-19 13:59:20,REAL,2775755931,480,2775756411,2775756411
2025-06-19 13:59:22,REAL,2775756411,491,2775756902,2775756902
2025-06-19 13:59:24,REAL,2775756902,481,2775757383,2775757383
2025-06-19 13:59:26,REAL,2775757383,538,2775757921,2775757921
2025-06-19 13:59:28,REAL,2775757921,481,2775758402,2775758402
2025-06-19 13:59:30,REAL,2775758402,492,2775758894,2775758894
2025-06-19 13:59:32,REAL,2775758894,484,2775759378,2775759378
2025-06-19 13:59:34,REAL,2775759378,493,2775759871,2775759871
2025-06-19 13:59:36,REAL,2775759871,487,2775760358,2775760358
2025-06-19 13:59:38,REAL,2775760358,538,2775760896,2775760896
2025-06-19 13:59:40,REAL,2775760896,490,2775761386,2775761386
2025-06-19 13:59:42,REAL,2775761386,481,2775761867,2775761867
2025-06-19 13:59:44,REAL,2775761867,482,2775762349,2775762349
2025-06-19 13:59:46,REAL,2775762349,486,2775762835,2775762835
2025-06-19 13:59:48,REAL,2775762835,482,2775763317,2775763317
2025-06-19 13:59:50,REAL,2775763317,487,2775763804,2775763804
2025-06-19 13:59:52,REAL,2775763804,479,2775764283,2775764283
2025-06-19 13:59:54,REAL,2775764283,491,2775764774,2775764774
2025-06-19 13:59:56,REAL,2775764774,479,2775765253,2775765253
2025-06-19 13:59:58,REAL,2775765253,485,2775765738,2775765738
2025-06-19 14:00:00,REAL,2775765738,485,2775766223,2775766223
2025-06-19 14:00:02,REAL,2775766223,486,2775766709,2775766709
2025-06-19 14:00:04,REAL,2775766709,483,2775767192,2775767192
2025-06-19 14:00:06,REAL,2775767192,489,2775767681,2775767681
2025-06-19 14:00:08,REAL,2775767681,544,2775768225,2775768225
2025-06-19 14:00:10,REAL,2775768225,481,2775768706,2775768706
2025-06-19 14:00:12,REAL,2775768706,484,2775769190,2775769190
2025-06-19 14:00:14,REAL,2775769190,484,2775769674,2775769674
2025-06-19 14:00:16,REAL,2775769674,486,2775770160,2775770160
2025-06-19 14:00:18,REAL,2775770160,479,2775770639,2775770639
2025-06-19 14:00:20,REAL,2775770639,536,2775771175,2775771175
2025-06-19 14:00:22,REAL,2775771175,485,2775771660,2775771660
2025-06-19 14:00:24,REAL,2775771660,482,2775772142,2775772142
2025-06-19 14:00:26,REAL,2775772142,475,2775772617,2775772617
2025-06-19 14:00:28,REAL,2775772617,489,2775773106,2775773106
2025-06-19 14:00:30,REAL,2775773106,10923,2775784029,2775784029
2025-06-19 14:00:32,REAL,2775784029,12041,2775796070,2775796070
2025-06-19 14:00:34,REAL,2775796070,10324,2775806394,2775806394
2025-06-19 14:00:36,REAL,2775806394,10256,2775816650,2775816650
2025-06-19 14:00:38,REAL,2775816650,10260,2775826910,2775826910
2025-06-19 14:00:40,REAL,2775826910,10254,2775837164,2775837164
2025-06-19 14:00:42,REAL,2775837164,10249,2775847413,2775847413
2025-06-19 14:00:44,REAL,2775847413,8149,2775855562,2775855562
2025-06-19 14:00:46,REAL,2775855562,486,2775856048,2775856048
2025-06-19 14:00:48,REAL,2775856048,543,2775856591,2775856591
2025-06-19 14:00:50,REAL,2775856591,482,2775857073,2775857073
2025-06-19 14:00:52,REAL,2775857073,491,2775857564,2775857564
2025-06-19 14:00:54,REAL,2775857564,485,2775858049,2775858049
2025-06-19 14:00:56,REAL,2775858049,489,2775858538,2775858538
2025-06-19 14:00:58,REAL,2775858538,479,2775859017,2775859017
2025-06-19 14:01:00,REAL,2775859017,483,2775859500,2775859500
2025-06-19 14:01:02,REAL,2775859500,491,2775859991,2775859991
2025-06-19 14:01:04,REAL,2775859991,484,2775860475,2775860475
2025-06-19 14:01:06,REAL,2775860475,492,2775860967,2775860967
2025-06-19 14:01:08,REAL,2775860967,486,2775861453,2775861453
2025-06-19 14:01:10,REAL,2775861453,484,2775861937,2775861937
2025-06-19 14:01:12,REAL,2775861937,9062,2775870999,2775870999
2025-06-19 14:01:14,REAL,2775870999,10454,2775881453,2775881453
2025-06-19 14:01:16,REAL,2775881453,10251,2775891704,2775891704
2025-06-19 14:01:18,REAL,2775891704,10257,2775901961,2775901961
2025-06-19 14:01:20,REAL,2775901961,10256,2775912217,2775912217
2025-06-19 14:01:22,REAL,2775912217,10322,2775922539,2775922539
2025-06-19 14:01:24,REAL,2775922539,10246,2775932785,2775932785
2025-06-19 14:01:26,REAL,2775932785,7612,2775940397,2775940397
2025-06-19 14:01:28,REAL,2775940397,487,2775940884,2775940884
2025-06-19 14:01:30,REAL,2775940884,538,2775941422,2775941422
2025-06-19 14:01:32,REAL,2775941422,3998,2775945420,2775945420
2025-06-19 14:01:34,REAL,2775945420,11637,2775957057,2775957057
2025-06-19 14:01:36,REAL,2775957057,10255,2775967312,2775967312
2025-06-19 14:01:38,REAL,2775967312,10248,2775977560,2775977560
2025-06-19 14:01:40,REAL,2775977560,10251,2775987811,2775987811
2025-06-19 14:01:42,REAL,2775987811,10319,2775998130,2775998130
2025-06-19 14:01:44,REAL,2775998130,10253,2776008383,2776008383
2025-06-19 14:01:46,REAL,2776008383,10254,2776018637,2776018637
2025-06-19 14:01:48,REAL,2776018637,2530,2776021167,2776021167
2025-06-19 14:01:50,REAL,2776021167,479,2776021646,2776021646
2025-06-19 14:01:52,REAL,2776021646,477,2776022123,2776022123
2025-06-19 14:01:54,REAL,2776022123,478,2776022601,2776022601
2025-06-19 14:01:56,REAL,2776022601,478,2776023079,2776023079
2025-06-19 14:01:58,REAL,2776023079,478,2776023557,2776023557
2025-06-19 14:02:00,REAL,2776023557,489,2776024046,2776024046
2025-06-19 14:02:02,REAL,2776024046,488,2776024534,2776024534
2025-06-19 14:02:04,REAL,2776024534,478,2776025012,2776025012
2025-06-19 14:02:06,REAL,2776025012,481,2776025493,2776025493
2025-06-19 14:02:08,REAL,2776025493,488,2776025981,2776025981
2025-06-19 14:02:10,REAL,2776025981,549,2776026530,2776026530
2025-06-19 14:02:12,REAL,2776026530,491,2776027021,2776027021
2025-06-19 14:02:14,REAL,2776027021,540,2776027561,2776027561
2025-06-19 14:02:16,REAL,2776027561,487,2776028048,2776028048
2025-06-19 14:02:18,REAL,2776028048,490,2776028538,2776028538
2025-06-19 14:02:20,REAL,2776028538,486,2776029024,2776029024
2025-06-19 14:02:22,REAL,2776029024,486,2776029510,2776029510
2025-06-19 14:02:24,REAL,2776029510,483,2776029993,2776029993
2025-06-19 14:02:26,REAL,2776029993,484,2776030477,2776030477
2025-06-19 14:02:28,REAL,2776030477,493,2776030970,2776030970
2025-06-19 14:02:30,REAL,2776030970,489,2776031459,2776031459
2025-06-19 14:02:32,REAL,2776031459,486,2776031945,2776031945
2025-06-19 14:02:34,REAL,2776031945,482,2776032427,2776032427
2025-06-19 14:02:36,REAL,2776032427,483,2776032910,2776032910
2025-06-19 14:02:38,REAL,2776032910,485,2776033395,2776033395
2025-06-19 14:02:40,REAL,2776033395,484,2776033879,2776033879
2025-06-19 14:02:42,REAL,2776033879,474,2776034353,2776034353
2025-06-19 14:02:44,REAL,2776034353,485,2776034838,2776034838
2025-06-19 14:02:46,REAL,2776034838,484,2776035322,2776035322
2025-06-19 14:02:48,REAL,2776035322,487,2776035809,2776035809
2025-06-19 14:02:50,REAL,2776035809,492,2776036301,2776036301
2025-06-19 14:02:52,REAL,2776036301,537,2776036838,2776036838
2025-06-19 14:02:54,REAL,2776036838,536,2776037374,2776037374
2025-06-19 14:02:56,REAL,2776037374,481,2776037855,2776037855
2025-06-19 14:02:58,REAL,2776037855,481,2776038336,2776038336
2025-06-19 14:03:00,REAL,2776038336,491,2776038827,2776038827
2025-06-19 14:03:02,REAL,2776038827,488,2776039315,2776039315
2025-06-19 14:03:04,REAL,2776039315,487,2776039802,2776039802
2025-06-19 14:03:06,REAL,2776039802,486,2776040288,2776040288
2025-06-19 14:03:08,REAL,2776040288,490,2776040778,2776040778
2025-06-19 14:03:10,REAL,2776040778,480,2776041258,2776041258
2025-06-19 14:03:12,REAL,2776041258,493,2776041751,2776041751
2025-06-19 14:03:14,REAL,2776041751,483,2776042234,2776042234
2025-06-19 14:03:16,REAL,2776042234,476,2776042710,2776042710
2025-06-19 14:03:18,REAL,2776042710,483,2776043193,2776043193
2025-06-19 14:03:20,REAL,2776043193,488,2776043681,2776043681
2025-06-19 14:03:22,REAL,2776043681,485,2776044166,2776044166
2025-06-19 14:03:24,REAL,2776044166,487,2776044653,2776044653
2025-06-19 14:03:26,REAL,2776044653,480,2776045133,2776045133
2025-06-19 14:03:28,REAL,2776045133,478,2776045611,2776045611
2025-06-19 14:03:30,REAL,2776045611,489,2776046100,2776046100
2025-06-19 14:03:32,REAL,2776046100,549,2776046649,2776046649
2025-06-19 14:03:34,REAL,2776046649,481,2776047130,2776047130
2025-06-19 14:03:36,REAL,2776047130,550,2776047680,2776047680
2025-06-19 14:03:38,REAL,2776047680,483,2776048163,2776048163
2025-06-19 14:03:40,REAL,2776048163,484,2776048647,2776048647
2025-06-19 14:03:42,REAL,2776048647,487,2776049134,2776049134
2025-06-19 14:03:44,REAL,2776049134,486,2776049620,2776049620
2025-06-19 14:03:46,REAL,2776049620,489,2776050109,2776050109
2025-06-19 14:03:48,REAL,2776050109,481,2776050590,2776050590
2025-06-19 14:03:50,REAL,2776050590,477,2776051067,2776051067
2025-06-19 14:03:52,REAL,2776051067,491,2776051558,2776051558
2025-06-19 14:03:54,REAL,2776051558,484,2776052042,2776052042
2025-06-19 14:03:56,REAL,2776052042,491,2776052533,2776052533
2025-06-19 14:03:58,REAL,2776052533,483,2776053016,2776053016
2025-06-19 14:04:00,REAL,2776053016,480,2776053496,2776053496
2025-06-19 14:04:02,REAL,2776053496,488,2776053984,2776053984
2025-06-19 14:04:04,REAL,2776053984,486,2776054470,2776054470
2025-06-19 14:04:06,REAL,2776054470,479,2776054949,2776054949
2025-06-19 14:04:08,REAL,2776054949,488,2776055437,2776055437
2025-06-19 14:04:10,REAL,2776055437,474,2776055911,2776055911
2025-06-19 14:04:12,REAL,2776055911,538,2776056449,2776056449
2025-06-19 14:04:14,REAL,2776056449,481,2776056930,2776056930
2025-06-19 14:04:16,REAL,2776056930,491,2776057421,2776057421
2025-06-19 14:04:18,REAL,2776057421,537,2776057958,2776057958
2025-06-19 14:04:20,REAL,2776057958,483,2776058441,2776058441
2025-06-19 14:04:22,REAL,2776058441,481,2776058922,2776058922
2025-06-19 14:04:24,REAL,2776058922,484,2776059406,2776059406
2025-06-19 14:04:26,REAL,2776059406,487,2776059893,2776059893
2025-06-19 14:04:28,REAL,2776059893,482,2776060375,2776060375
2025-06-19 14:04:30,REAL,2776060375,482,2776060857,2776060857
2025-06-19 14:04:32,REAL,2776060857,477,2776061334,2776061334
2025-06-19 14:04:34,REAL,2776061334,483,2776061817,2776061817
2025-06-19 14:04:36,REAL,2776061817,491,2776062308,2776062308
2025-06-19 14:04:38,REAL,2776062308,479,2776062787,2776062787
2025-06-19 14:04:40,REAL,2776062787,474,2776063261,2776063261
2025-06-19 14:04:42,REAL,2776063261,483,2776063744,2776063744
2025-06-19 14:04:44,REAL,2776063744,488,2776064232,2776064232
2025-06-19 14:04:46,REAL,2776064232,481,2776064713,2776064713
2025-06-19 14:04:48,REAL,2776064713,489,2776065202,2776065202
2025-06-19 14:04:50,REAL,2776065202,489,2776065691,2776065691
2025-06-19 14:04:52,REAL,2776065691,484,2776066175,2776066175
2025-06-19 14:04:54,REAL,2776066175,538,2776066713,2776066713
2025-06-19 14:04:56,REAL,2776066713,488,2776067201,2776067201
2025-06-19 14:04:58,REAL,2776067201,531,2776067732,2776067732
2025-06-19 14:05:00,REAL,2776067732,485,2776068217,2776068217
2025-06-19 14:05:02,REAL,2776068217,475,2776068692,2776068692
2025-06-19 14:05:04,REAL,2776068692,484,2776069176,2776069176
2025-06-19 14:05:06,REAL,2776069176,481,2776069657,2776069657
2025-06-19 14:05:08,REAL,2776069657,484,2776070141,2776070141
2025-06-19 14:05:10,REAL,2776070141,489,2776070630,2776070630
2025-06-19 14:05:12,REAL,2776070630,478,2776071108,2776071108
2025-06-19 14:05:14,REAL,2776071108,486,2776071594,2776071594
2025-06-19 14:05:16,REAL,2776071594,490,2776072084,2776072084
2025-06-19 14:05:18,REAL,2776072084,486,2776072570,2776072570
2025-06-19 14:05:20,REAL,2776072570,486,2776073056,2776073056
2025-06-19 14:05:22,REAL,2776073056,485,2776073541,2776073541
2025-06-19 14:05:24,REAL,2776073541,2800,2776076341,2776076341
2025-06-19 14:05:26,REAL,2776076341,11706,2776088047,2776088047
2025-06-19 14:05:28,REAL,2776088047,10246,2776098293,2776098293
2025-06-19 14:05:30,REAL,2776098293,10257,2776108550,2776108550
2025-06-19 14:05:32,REAL,2776108550,10251,2776118801,2776118801
2025-06-19 14:05:34,REAL,2776118801,10315,2776129116,2776129116
2025-06-19 14:05:36,REAL,2776129116,10306,2776139422,2776139422
2025-06-19 14:05:38,REAL,2776139422,10261,2776149683,2776149683
2025-06-19 14:05:40,REAL,2776149683,3456,2776153139,2776153139
2025-06-19 14:05:42,REAL,2776153139,481,2776153620,2776153620
2025-06-19 14:05:44,REAL,2776153620,479,2776154099,2776154099
2025-06-19 14:05:46,REAL,2776154099,491,2776154590,2776154590
2025-06-19 14:05:48,REAL,2776154590,479,2776155069,2776155069
2025-06-19 14:05:50,REAL,2776155069,481,2776155550,2776155550
2025-06-19 14:05:52,REAL,2776155550,479,2776156029,2776156029
2025-06-19 14:05:54,REAL,2776156029,476,2776156505,2776156505
2025-06-19 14:05:56,REAL,2776156505,3219,2776159724,2776159724
2025-06-19 14:05:58,REAL,2776159724,11566,2776171290,2776171290
2025-06-19 14:06:00,REAL,2776171290,10318,2776181608,2776181608
2025-06-19 14:06:02,REAL,2776181608,10246,2776191854,2776191854
2025-06-19 14:06:04,REAL,2776191854,10260,2776202114,2776202114
2025-06-19 14:06:06,REAL,2776202114,10252,2776212366,2776212366
2025-06-19 14:06:08,REAL,2776212366,10252,2776222618,2776222618
2025-06-19 14:06:10,REAL,2776222618,10253,2776232871,2776232871
2025-06-19 14:06:12,REAL,2776232871,2797,2776235668,2776235668
2025-06-19 14:06:14,REAL,2776235668,485,2776236153,2776236153
2025-06-19 14:06:16,REAL,2776236153,543,2776236696,2776236696
2025-06-19 14:06:18,REAL,2776236696,487,2776237183,2776237183
2025-06-19 14:06:20,REAL,2776237183,483,2776237666,2776237666
2025-06-19 14:06:22,REAL,2776237666,492,2776238158,2776238158
2025-06-19 14:06:24,REAL,2776238158,489,2776238647,2776238647
2025-06-19 14:06:26,REAL,2776238647,476,2776239123,2776239123
2025-06-19 14:06:28,REAL,2776239123,4252,2776243375,2776243375
2025-06-19 14:06:30,REAL,2776243375,11445,2776254820,2776254820
2025-06-19 14:06:32,REAL,2776254820,10253,2776265073,2776265073
2025-06-19 14:06:34,REAL,2776265073,10255,2776275328,2776275328
2025-06-19 14:06:36,REAL,2776275328,10250,2776285578,2776285578
2025-06-19 14:06:38,REAL,2776285578,10260,2776295838,2776295838
2025-06-19 14:06:40,REAL,2776295838,10247,2776306085,2776306085
2025-06-19 14:06:42,REAL,2776306085,10251,2776316336,2776316336
2025-06-19 14:06:44,REAL,2776316336,2203,2776318539,2776318539
2025-06-19 14:06:46,REAL,2776318539,489,2776319028,2776319028
2025-06-19 14:06:48,REAL,2776319028,477,2776319505,2776319505
2025-06-19 14:06:50,REAL,2776319505,479,2776319984,2776319984
2025-06-19 14:06:52,REAL,2776319984,481,2776320465,2776320465
2025-06-19 14:06:54,REAL,2776320465,482,2776320947,2776320947
2025-06-19 14:06:56,REAL,2776320947,486,2776321433,2776321433
2025-06-19 14:06:58,REAL,2776321433,547,2776321980,2776321980
2025-06-19 14:07:00,REAL,2776321980,492,2776322472,2776322472
2025-06-19 14:07:02,REAL,2776322472,541,2776323013,2776323013
2025-06-19 14:07:04,REAL,2776323013,491,2776323504,2776323504
2025-06-19 14:07:06,REAL,2776323504,484,2776323988,2776323988
2025-06-19 14:07:08,REAL,2776323988,479,2776324467,2776324467
2025-06-19 14:07:10,REAL,2776324467,484,2776324951,2776324951
2025-06-19 14:07:12,REAL,2776324951,484,2776325435,2776325435
2025-06-19 14:07:14,REAL,2776325435,487,2776325922,2776325922
2025-06-19 14:07:16,REAL,2776325922,478,2776326400,2776326400
2025-06-19 14:07:18,REAL,2776326400,489,2776326889,2776326889
2025-06-19 14:07:20,REAL,2776326889,482,2776327371,2776327371
2025-06-19 14:07:22,REAL,2776327371,477,2776327848,2776327848
2025-06-19 14:07:24,REAL,2776327848,477,2776328325,2776328325
2025-06-19 14:07:26,REAL,2776328325,484,2776328809,2776328809
2025-06-19 14:07:28,REAL,2776328809,486,2776329295,2776329295
2025-06-19 14:07:30,REAL,2776329295,489,2776329784,2776329784
2025-06-19 14:07:32,REAL,2776329784,487,2776330271,2776330271
2025-06-19 14:07:34,REAL,2776330271,492,2776330763,2776330763
2025-06-19 14:07:36,REAL,2776330763,541,2776331304,2776331304
2025-06-19 14:07:38,REAL,2776331304,535,2776331839,2776331839
2025-06-19 14:07:40,REAL,2776331839,481,2776332320,2776332320
2025-06-19 14:07:42,REAL,2776332320,481,2776332801,2776332801
2025-06-19 14:07:44,REAL,2776332801,482,2776333283,2776333283
2025-06-19 14:07:46,REAL,2776333283,488,2776333771,2776333771
2025-06-19 14:07:48,REAL,2776333771,477,2776334248,2776334248
2025-06-19 14:07:50,REAL,2776334248,475,2776334723,2776334723
2025-06-19 14:07:52,REAL,2776334723,483,2776335206,2776335206
2025-06-19 14:07:54,REAL,2776335206,480,2776335686,2776335686
2025-06-19 14:07:56,REAL,2776335686,485,2776336171,2776336171
2025-06-19 14:07:58,REAL,2776336171,479,2776336650,2776336650
2025-06-19 14:08:00,REAL,2776336650,484,2776337134,2776337134
2025-06-19 14:08:02,REAL,2776337134,481,2776337615,2776337615
2025-06-19 14:08:04,REAL,2776337615,484,2776338099,2776338099
2025-06-19 14:08:06,REAL,2776338099,539,2776338638,2776338638
2025-06-19 14:08:08,REAL,2776338638,540,2776339178,2776339178
2025-06-19 14:08:10,REAL,2776339178,476,2776339654,2776339654
2025-06-19 14:08:12,REAL,2776339654,491,2776340145,2776340145
2025-06-19 14:08:14,REAL,2776340145,491,2776340636,2776340636
2025-06-19 14:08:16,REAL,2776340636,487,2776341123,2776341123
2025-06-19 14:08:18,REAL,2776341123,481,2776341604,2776341604
2025-06-19 14:08:20,REAL,2776341604,485,2776342089,2776342089
2025-06-19 14:08:22,REAL,2776342089,483,2776342572,2776342572
2025-06-19 14:08:24,REAL,2776342572,484,2776343056,2776343056
2025-06-19 14:08:26,REAL,2776343056,483,2776343539,2776343539
2025-06-19 14:08:28,REAL,2776343539,485,2776344024,2776344024
2025-06-19 14:08:30,REAL,2776344024,488,2776344512,2776344512
2025-06-19 14:08:32,REAL,2776344512,481,2776344993,2776344993
2025-06-19 14:08:34,REAL,2776344993,480,2776345473,2776345473
2025-06-19 14:08:36,REAL,2776345473,537,2776346010,2776346010
2025-06-19 14:08:38,REAL,2776346010,483,2776346493,2776346493
2025-06-19 14:08:40,REAL,2776346493,539,2776347032,2776347032
2025-06-19 14:08:42,REAL,2776347032,485,2776347517,2776347517
2025-06-19 14:08:44,REAL,2776347517,479,2776347996,2776347996
2025-06-19 14:08:46,REAL,2776347996,493,2776348489,2776348489
2025-06-19 14:08:48,REAL,2776348489,480,2776348969,2776348969
2025-06-19 14:08:50,REAL,2776348969,488,2776349457,2776349457
2025-06-19 14:08:52,REAL,2776349457,485,2776349942,2776349942
2025-06-19 14:08:54,REAL,2776349942,487,2776350429,2776350429
2025-06-19 14:08:56,REAL,2776350429,484,2776350913,2776350913
2025-06-19 14:08:58,REAL,2776350913,486,2776351399,2776351399
2025-06-19 14:09:00,REAL,2776351399,486,2776351885,2776351885
2025-06-19 14:09:02,REAL,2776351885,485,2776352370,2776352370
2025-06-19 14:09:04,REAL,2776352370,545,2776352915,2776352915
2025-06-19 14:09:06,REAL,2776352915,485,2776353400,2776353400
2025-06-19 14:09:08,REAL,2776353400,490,2776353890,2776353890
2025-06-19 14:09:10,REAL,2776353890,490,2776354380,2776354380
2025-06-19 14:09:12,REAL,2776354380,494,2776354874,2776354874
2025-06-19 14:09:14,REAL,2776354874,539,2776355413,2776355413
2025-06-19 14:09:16,REAL,2776355413,484,2776355897,2776355897
2025-06-19 14:09:18,REAL,2776355897,483,2776356380,2776356380
2025-06-19 14:09:20,REAL,2776356380,489,2776356869,2776356869
2025-06-19 14:09:22,REAL,2776356869,489,2776357358,2776357358
2025-06-19 14:09:24,REAL,2776357358,481,2776357839,2776357839
2025-06-19 14:09:26,REAL,2776357839,488,2776358327,2776358327
2025-06-19 14:09:28,REAL,2776358327,7893,2776366220,2776366220
2025-06-19 14:09:30,REAL,2776366220,10776,2776376996,2776376996
2025-06-19 14:09:32,REAL,2776376996,10302,2776387298,2776387298
2025-06-19 14:09:34,REAL,2776387298,10319,2776397617,2776397617
2025-06-19 14:09:36,REAL,2776397617,10246,2776407863,2776407863
2025-06-19 14:09:38,REAL,2776407863,10257,2776418120,2776418120
2025-06-19 14:09:40,REAL,2776418120,10309,2776428429,2776428429
2025-06-19 14:09:42,REAL,2776428429,8806,2776437235,2776437235
2025-06-19 14:09:44,REAL,2776437235,479,2776437714,2776437714
2025-06-19 14:09:46,REAL,2776437714,481,2776438195,2776438195
2025-06-19 14:09:48,REAL,2776438195,488,2776438683,2776438683
2025-06-19 14:09:50,REAL,2776438683,489,2776439172,2776439172
2025-06-19 14:09:52,REAL,2776439172,484,2776439656,2776439656
2025-06-19 14:09:54,REAL,2776439656,488,2776440144,2776440144
2025-06-19 14:09:56,REAL,2776440144,483,2776440627,2776440627
2025-06-19 14:09:58,REAL,2776440627,489,2776441116,2776441116
2025-06-19 14:10:00,REAL,2776441116,539,2776441655,2776441655
2025-06-19 14:10:02,REAL,2776441655,543,2776442198,2776442198
2025-06-19 14:10:04,REAL,2776442198,478,2776442676,2776442676
2025-06-19 14:10:06,REAL,2776442676,479,2776443155,2776443155
2025-06-19 14:10:08,REAL,2776443155,489,2776443644,2776443644
2025-06-19 14:10:10,REAL,2776443644,484,2776444128,2776444128
2025-06-19 14:10:12,REAL,2776444128,482,2776444610,2776444610
2025-06-19 14:10:14,REAL,2776444610,479,2776445089,2776445089
2025-06-19 14:10:16,REAL,2776445089,487,2776445576,2776445576
2025-06-19 14:10:18,REAL,2776445576,489,2776446065,2776446065
2025-06-19 14:10:20,REAL,2776446065,486,2776446551,2776446551
2025-06-19 14:10:22,REAL,2776446551,480,2776447031,2776447031
2025-06-19 14:10:24,REAL,2776447031,480,2776447511,2776447511
2025-06-19 14:10:26,REAL,2776447511,485,2776447996,2776447996
2025-06-19 14:10:28,REAL,2776447996,486,2776448482,2776448482
2025-06-19 14:10:30,REAL,2776448482,537,2776449019,2776449019
2025-06-19 14:10:32,REAL,2776449019,484,2776449503,2776449503
2025-06-19 14:10:34,REAL,2776449503,539,2776450042,2776450042
2025-06-19 14:10:36,REAL,2776450042,484,2776450526,2776450526
2025-06-19 14:10:38,REAL,2776450526,484,2776451010,2776451010
2025-06-19 14:10:40,REAL,2776451010,485,2776451495,2776451495
2025-06-19 14:10:42,REAL,2776451495,485,2776451980,2776451980
2025-06-19 14:10:44,REAL,2776451980,490,2776452470,2776452470
2025-06-19 14:10:46,REAL,2776452470,486,2776452956,2776452956
2025-06-19 14:10:48,REAL,2776452956,489,2776453445,2776453445
2025-06-19 14:10:50,REAL,2776453445,479,2776453924,2776453924
2025-06-19 14:10:52,REAL,2776453924,488,2776454412,2776454412
2025-06-19 14:10:54,REAL,2776454412,488,2776454900,2776454900
2025-06-19 14:10:56,REAL,2776454900,484,2776455384,2776455384
2025-06-19 14:10:58,REAL,2776455384,533,2776455917,2776455917
2025-06-19 14:11:00,REAL,2776455917,486,2776456403,2776456403
2025-06-19 14:11:02,REAL,2776456403,483,2776456886,2776456886
2025-06-19 14:11:04,REAL,2776456886,477,2776457363,2776457363
2025-06-19 14:11:06,REAL,2776457363,542,2776457905,2776457905
2025-06-19 14:11:08,REAL,2776457905,485,2776458390,2776458390
2025-06-19 14:11:10,REAL,2776458390,482,2776458872,2776458872
2025-06-19 14:11:12,REAL,2776458872,492,2776459364,2776459364
2025-06-19 14:11:14,REAL,2776459364,486,2776459850,2776459850
2025-06-19 14:11:16,REAL,2776459850,482,2776460332,2776460332
2025-06-19 14:11:18,REAL,2776460332,480,2776460812,2776460812
2025-06-19 14:11:20,REAL,2776460812,490,2776461302,2776461302
2025-06-19 14:11:22,REAL,2776461302,475,2776461777,2776461777
2025-06-19 14:11:24,REAL,2776461777,492,2776462269,2776462269
2025-06-19 14:11:26,REAL,2776462269,487,2776462756,2776462756
2025-06-19 14:11:28,REAL,2776462756,541,2776463297,2776463297
2025-06-19 14:11:30,REAL,2776463297,478,2776463775,2776463775
2025-06-19 14:11:32,REAL,2776463775,489,2776464264,2776464264
2025-06-19 14:11:34,REAL,2776464264,487,2776464751,2776464751
2025-06-19 14:11:36,REAL,2776464751,481,2776465232,2776465232
2025-06-19 14:11:38,REAL,2776465232,480,2776465712,2776465712
2025-06-19 14:11:40,REAL,2776465712,474,2776466186,2776466186
2025-06-19 14:11:42,REAL,2776466186,485,2776466671,2776466671
2025-06-19 14:11:44,REAL,2776466671,481,2776467152,2776467152
2025-06-19 14:11:46,REAL,2776467152,493,2776467645,2776467645
2025-06-19 14:11:48,REAL,2776467645,490,2776468135,2776468135
2025-06-19 14:11:50,REAL,2776468135,479,2776468614,2776468614
2025-06-19 14:11:52,REAL,2776468614,485,2776469099,2776469099
2025-06-19 14:11:54,REAL,2776469099,484,2776469583,2776469583
2025-06-19 14:11:56,REAL,2776469583,541,2776470124,2776470124
2025-06-19 14:11:58,REAL,2776470124,538,2776470662,2776470662
2025-06-19 14:12:00,REAL,2776470662,486,2776471148,2776471148
2025-06-19 14:12:02,REAL,2776471148,494,2776471642,2776471642
2025-06-19 14:12:04,REAL,2776471642,490,2776472132,2776472132
2025-06-19 14:12:06,REAL,2776472132,477,2776472609,2776472609
2025-06-19 14:12:08,REAL,2776472609,484,2776473093,2776473093
2025-06-19 14:12:10,REAL,2776473093,5246,2776478339,2776478339
2025-06-19 14:12:12,REAL,2776478339,14018,2776492357,2776492357
2025-06-19 14:12:14,REAL,2776492357,10315,2776502672,2776502672
2025-06-19 14:12:16,REAL,2776502672,10259,2776512931,2776512931
2025-06-19 14:12:18,REAL,2776512931,10260,2776523191,2776523191
2025-06-19 14:12:20,REAL,2776523191,10314,2776533505,2776533505
2025-06-19 14:12:22,REAL,2776533505,10245,2776543750,2776543750
2025-06-19 14:12:24,REAL,2776543750,10374,2776554124,2776554124
2025-06-19 14:12:26,REAL,2776554124,1613,2776555737,2776555737
2025-06-19 14:12:28,REAL,2776555737,486,2776556223,2776556223
2025-06-19 14:12:30,REAL,2776556223,483,2776556706,2776556706
2025-06-19 14:12:32,REAL,2776556706,480,2776557186,2776557186
2025-06-19 14:12:34,REAL,2776557186,493,2776557679,2776557679
2025-06-19 14:12:36,REAL,2776557679,485,2776558164,2776558164
2025-06-19 14:12:38,REAL,2776558164,480,2776558644,2776558644
2025-06-19 14:12:40,REAL,2776558644,477,2776559121,2776559121
2025-06-19 14:12:42,REAL,2776559121,483,2776559604,2776559604
2025-06-19 14:12:44,REAL,2776559604,487,2776560091,2776560091
2025-06-19 14:12:46,REAL,2776560091,484,2776560575,2776560575
2025-06-19 14:12:48,REAL,2776560575,480,2776561055,2776561055
2025-06-19 14:12:50,REAL,2776561055,493,2776561548,2776561548
2025-06-19 14:12:52,REAL,2776561548,482,2776562030,2776562030
2025-06-19 14:12:54,REAL,2776562030,492,2776562522,2776562522
2025-06-19 14:12:56,REAL,2776562522,478,2776563000,2776563000
2025-06-19 14:12:58,REAL,2776563000,487,2776563487,2776563487
2025-06-19 14:13:00,REAL,2776563487,544,2776564031,2776564031
2025-06-19 14:13:02,REAL,2776564031,486,2776564517,2776564517
2025-06-19 14:13:04,REAL,2776564517,486,2776565003,2776565003
2025-06-19 14:13:06,REAL,2776565003,548,2776565551,2776565551
2025-06-19 14:13:08,REAL,2776565551,486,2776566037,2776566037
2025-06-19 14:13:10,REAL,2776566037,483,2776566520,2776566520
2025-06-19 14:13:12,REAL,2776566520,484,2776567004,2776567004
2025-06-19 14:13:14,REAL,2776567004,484,2776567488,2776567488
2025-06-19 14:13:16,REAL,2776567488,489,2776567977,2776567977
2025-06-19 14:13:18,REAL,2776567977,483,2776568460,2776568460
2025-06-19 14:13:20,REAL,2776568460,479,2776568939,2776568939
2025-06-19 14:13:22,REAL,2776568939,484,2776569423,2776569423
2025-06-19 14:13:24,REAL,2776569423,487,2776569910,2776569910
2025-06-19 14:13:26,REAL,2776569910,484,2776570394,2776570394
2025-06-19 14:13:28,REAL,2776570394,487,2776570881,2776570881
2025-06-19 14:13:30,REAL,2776570881,484,2776571365,2776571365
2025-06-19 14:13:32,REAL,2776571365,484,2776571849,2776571849
2025-06-19 14:13:34,REAL,2776571849,477,2776572326,2776572326
2025-06-19 14:13:36,REAL,2776572326,492,2776572818,2776572818
2025-06-19 14:13:38,REAL,2776572818,478,2776573296,2776573296
2025-06-19 14:13:40,REAL,2776573296,487,2776573783,2776573783
2025-06-19 14:13:42,REAL,2776573783,485,2776574268,2776574268
2025-06-19 14:13:44,REAL,2776574268,489,2776574757,2776574757
2025-06-19 14:13:46,REAL,2776574757,483,2776575240,2776575240
2025-06-19 14:13:48,REAL,2776575240,539,2776575779,2776575779
2025-06-19 14:13:50,REAL,2776575779,491,2776576270,2776576270
2025-06-19 14:13:52,REAL,2776576270,536,2776576806,2776576806
2025-06-19 14:13:54,REAL,2776576806,475,2776577281,2776577281
2025-06-19 14:13:56,REAL,2776577281,487,2776577768,2776577768
2025-06-19 14:13:58,REAL,2776577768,477,2776578245,2776578245
2025-06-19 14:14:00,REAL,2776578245,480,2776578725,2776578725
2025-06-19 14:14:02,REAL,2776578725,486,2776579211,2776579211
2025-06-19 14:14:04,REAL,2776579211,487,2776579698,2776579698
2025-06-19 14:14:06,REAL,2776579698,484,2776580182,2776580182
2025-06-19 14:14:08,REAL,2776580182,488,2776580670,2776580670
2025-06-19 14:14:10,REAL,2776580670,490,2776581160,2776581160
2025-06-19 14:14:12,REAL,2776581160,487,2776581647,2776581647
2025-06-19 14:14:14,REAL,2776581647,482,2776582129,2776582129
2025-06-19 14:14:16,REAL,2776582129,484,2776582613,2776582613
2025-06-19 14:14:18,REAL,2776582613,492,2776583105,2776583105
2025-06-19 14:14:20,REAL,2776583105,478,2776583583,2776583583
2025-06-19 14:14:22,REAL,2776583583,479,2776584062,2776584062
2025-06-19 14:14:24,REAL,2776584062,483,2776584545,2776584545
2025-06-19 14:14:26,REAL,2776584545,482,2776585027,2776585027
2025-06-19 14:14:28,REAL,2776585027,489,2776585516,2776585516
2025-06-19 14:14:30,REAL,2776585516,482,2776585998,2776585998
2025-06-19 14:14:32,REAL,2776585998,543,2776586541,2776586541
2025-06-19 14:14:34,REAL,2776586541,480,2776587021,2776587021
2025-06-19 14:14:36,REAL,2776587021,479,2776587500,2776587500
2025-06-19 14:14:38,REAL,2776587500,491,2776587991,2776587991
2025-06-19 14:14:40,REAL,2776587991,479,2776588470,2776588470
2025-06-19 14:14:42,REAL,2776588470,490,2776588960,2776588960
2025-06-19 14:14:44,REAL,2776588960,542,2776589502,2776589502
2025-06-19 14:14:46,REAL,2776589502,485,2776589987,2776589987
2025-06-19 14:14:48,REAL,2776589987,485,2776590472,2776590472
2025-06-19 14:14:50,REAL,2776590472,483,2776590955,2776590955
2025-06-19 14:14:52,REAL,2776590955,479,2776591434,2776591434
2025-06-19 14:14:54,REAL,2776591434,480,2776591914,2776591914
2025-06-19 14:14:56,REAL,2776591914,480,2776592394,2776592394
2025-06-19 14:14:58,REAL,2776592394,494,2776592888,2776592888
2025-06-19 14:15:00,REAL,2776592888,484,2776593372,2776593372
2025-06-19 14:15:02,REAL,2776593372,482,2776593854,2776593854
2025-06-19 14:15:04,REAL,2776593854,481,2776594335,2776594335
2025-06-19 14:15:06,REAL,2776594335,475,2776594810,2776594810
2025-06-19 14:15:08,REAL,2776594810,483,2776595293,2776595293
2025-06-19 14:15:10,REAL,2776595293,10393,2776605686,2776605686
2025-06-19 14:15:12,REAL,2776605686,11839,2776617525,2776617525
2025-06-19 14:15:14,REAL,2776617525,10311,2776627836,2776627836
2025-06-19 14:15:16,REAL,2776627836,10254,2776638090,2776638090
2025-06-19 14:15:18,REAL,2776638090,10319,2776648409,2776648409
2025-06-19 14:15:20,REAL,2776648409,10254,2776658663,2776658663
2025-06-19 14:15:22,REAL,2776658663,10246,2776668909,2776668909
2025-06-19 14:15:24,REAL,2776668909,8335,2776677244,2776677244
2025-06-19 14:15:26,REAL,2776677244,486,2776677730,2776677730
2025-06-19 14:15:28,REAL,2776677730,485,2776678215,2776678215
2025-06-19 14:15:30,REAL,2776678215,3528,2776681743,2776681743
2025-06-19 14:15:32,REAL,2776681743,11503,2776693246,2776693246
2025-06-19 14:15:34,REAL,2776693246,10243,2776703489,2776703489
2025-06-19 14:15:36,REAL,2776703489,10252,2776713741,2776713741
2025-06-19 14:15:38,REAL,2776713741,10316,2776724057,2776724057
2025-06-19 14:15:40,REAL,2776724057,10250,2776734307,2776734307
2025-06-19 14:15:42,REAL,2776734307,10251,2776744558,2776744558
2025-06-19 14:15:44,REAL,2776744558,10247,2776754805,2776754805
2025-06-19 14:15:46,REAL,2776754805,3053,2776757858,2776757858
2025-06-19 14:15:48,REAL,2776757858,484,2776758342,2776758342
2025-06-19 14:15:50,REAL,2776758342,492,2776758834,2776758834
2025-06-19 14:15:52,REAL,2776758834,483,2776759317,2776759317
2025-06-19 14:15:54,REAL,2776759317,486,2776759803,2776759803
2025-06-19 14:15:56,REAL,2776759803,485,2776760288,2776760288
2025-06-19 14:15:58,REAL,2776760288,539,2776760827,2776760827
2025-06-19 14:16:00,REAL,2776760827,490,2776761317,2776761317
2025-06-19 14:16:02,REAL,2776761317,485,2776761802,2776761802
2025-06-19 14:16:04,REAL,2776761802,484,2776762286,2776762286
2025-06-19 14:16:06,REAL,2776762286,478,2776762764,2776762764
2025-06-19 14:16:08,REAL,2776762764,488,2776763252,2776763252
2025-06-19 14:16:10,REAL,2776763252,479,2776763731,2776763731
2025-06-19 14:16:12,REAL,2776763731,488,2776764219,2776764219
2025-06-19 14:16:14,REAL,2776764219,489,2776764708,2776764708
2025-06-19 14:16:16,REAL,2776764708,488,2776765196,2776765196
2025-06-19 14:16:18,REAL,2776765196,488,2776765684,2776765684
2025-06-19 14:16:20,REAL,2776765684,485,2776766169,2776766169
2025-06-19 14:16:22,REAL,2776766169,541,2776766710,2776766710
2025-06-19 14:16:24,REAL,2776766710,9532,2776776242,2776776242
2025-06-19 14:16:26,REAL,2776776242,10722,2776786964,2776786964
2025-06-19 14:16:28,REAL,2776786964,10253,2776797217,2776797217
2025-06-19 14:16:30,REAL,2776797217,10250,2776807467,2776807467
2025-06-19 14:16:32,REAL,2776807467,10322,2776817789,2776817789
2025-06-19 14:16:34,REAL,2776817789,10257,2776828046,2776828046
2025-06-19 14:16:36,REAL,2776828046,10318,2776838364,2776838364
2025-06-19 14:16:38,REAL,2776838364,7083,2776845447,2776845447
2025-06-19 14:16:40,REAL,2776845447,534,2776845981,2776845981
2025-06-19 14:16:42,REAL,2776845981,484,2776846465,2776846465
2025-06-19 14:16:44,REAL,2776846465,481,2776846946,2776846946
2025-06-19 14:16:46,REAL,2776846946,482,2776847428,2776847428
2025-06-19 14:16:48,REAL,2776847428,489,2776847917,2776847917
2025-06-19 14:16:50,REAL,2776847917,476,2776848393,2776848393
2025-06-19 14:16:52,REAL,2776848393,477,2776848870,2776848870
2025-06-19 14:16:54,REAL,2776848870,481,2776849351,2776849351
2025-06-19 14:16:56,REAL,2776849351,488,2776849839,2776849839
2025-06-19 14:16:58,REAL,2776849839,486,2776850325,2776850325
2025-06-19 14:17:00,REAL,2776850325,482,2776850807,2776850807
2025-06-19 14:17:02,REAL,2776850807,487,2776851294,2776851294
2025-06-19 14:17:04,REAL,2776851294,483,2776851777,2776851777
2025-06-19 14:17:06,REAL,2776851777,483,2776852260,2776852260
2025-06-19 14:17:08,REAL,2776852260,480,2776852740,2776852740
2025-06-19 14:17:10,REAL,2776852740,490,2776853230,2776853230
2025-06-19 14:17:12,REAL,2776853230,540,2776853770,2776853770
2025-06-19 14:17:14,REAL,2776853770,482,2776854252,2776854252
2025-06-19 14:17:16,REAL,2776854252,478,2776854730,2776854730
2025-06-19 14:17:18,REAL,2776854730,491,2776855221,2776855221
2025-06-19 14:17:20,REAL,2776855221,486,2776855707,2776855707
2025-06-19 14:17:22,REAL,2776855707,479,2776856186,2776856186
2025-06-19 14:17:24,REAL,2776856186,534,2776856720,2776856720
2025-06-19 14:17:26,REAL,2776856720,480,2776857200,2776857200
2025-06-19 14:17:28,REAL,2776857200,483,2776857683,2776857683
2025-06-19 14:17:30,REAL,2776857683,480,2776858163,2776858163
2025-06-19 14:17:32,REAL,2776858163,485,2776858648,2776858648
2025-06-19 14:17:34,REAL,2776858648,490,2776859138,2776859138
2025-06-19 14:17:36,REAL,2776859138,483,2776859621,2776859621
2025-06-19 14:17:38,REAL,2776859621,547,2776860168,2776860168
2025-06-19 14:17:40,REAL,2776860168,476,2776860644,2776860644
2025-06-19 14:17:42,REAL,2776860644,492,2776861136,2776861136
2025-06-19 14:17:44,REAL,2776861136,484,2776861620,2776861620
2025-06-19 14:17:46,REAL,2776861620,477,2776862097,2776862097
2025-06-19 14:17:48,REAL,2776862097,479,2776862576,2776862576
2025-06-19 14:17:50,REAL,2776862576,488,2776863064,2776863064
2025-06-19 14:17:52,REAL,2776863064,488,2776863552,2776863552
2025-06-19 14:17:54,REAL,2776863552,483,2776864035,2776864035
2025-06-19 14:17:56,REAL,2776864035,484,2776864519,2776864519
2025-06-19 14:17:58,REAL,2776864519,485,2776865004,2776865004
2025-06-19 14:18:00,REAL,2776865004,486,2776865490,2776865490
2025-06-19 14:18:02,REAL,2776865490,537,2776866027,2776866027
2025-06-19 14:18:04,REAL,2776866027,485,2776866512,2776866512
2025-06-19 14:18:06,REAL,2776866512,535,2776867047,2776867047
2025-06-19 14:18:08,REAL,2776867047,483,2776867530,2776867530
2025-06-19 14:18:10,REAL,2776867530,483,2776868013,2776868013
2025-06-19 14:18:12,REAL,2776868013,481,2776868494,2776868494
2025-06-19 14:18:14,REAL,2776868494,490,2776868984,2776868984
2025-06-19 14:18:16,REAL,2776868984,493,2776869477,2776869477
2025-06-19 14:18:18,REAL,2776869477,487,2776869964,2776869964
2025-06-19 14:18:20,REAL,2776869964,490,2776870454,2776870454
2025-06-19 14:18:22,REAL,2776870454,492,2776870946,2776870946
2025-06-19 14:18:24,REAL,2776870946,486,2776871432,2776871432
2025-06-19 14:18:26,REAL,2776871432,475,2776871907,2776871907
2025-06-19 14:18:28,REAL,2776871907,550,2776872457,2776872457
2025-06-19 14:18:30,REAL,2776872457,482,2776872939,2776872939
2025-06-19 14:18:32,REAL,2776872939,488,2776873427,2776873427
2025-06-19 14:18:34,REAL,2776873427,476,2776873903,2776873903
2025-06-19 14:18:36,REAL,2776873903,479,2776874382,2776874382
2025-06-19 14:18:38,REAL,2776874382,484,2776874866,2776874866
2025-06-19 14:18:40,REAL,2776874866,491,2776875357,2776875357
2025-06-19 14:18:42,REAL,2776875357,488,2776875845,2776875845
2025-06-19 14:18:44,REAL,2776875845,545,2776876390,2776876390
2025-06-19 14:18:46,REAL,2776876390,484,2776876874,2776876874
2025-06-19 14:18:48,REAL,2776876874,482,2776877356,2776877356
2025-06-19 14:18:50,REAL,2776877356,543,2776877899,2776877899
2025-06-19 14:18:52,REAL,2776877899,7427,2776885326,2776885326
2025-06-19 14:18:54,REAL,2776885326,10848,2776896174,2776896174
2025-06-19 14:18:56,REAL,2776896174,10252,2776906426,2776906426
2025-06-19 14:18:58,REAL,2776906426,10257,2776916683,2776916683
2025-06-19 14:19:00,REAL,2776916683,10253,2776926936,2776926936
2025-06-19 14:19:02,REAL,2776926936,10254,2776937190,2776937190
2025-06-19 14:19:04,REAL,2776937190,10316,2776947506,2776947506
2025-06-19 14:19:06,REAL,2776947506,9131,2776956637,2776956637
2025-06-19 14:19:08,REAL,2776956637,483,2776957120,2776957120
2025-06-19 14:19:10,REAL,2776957120,484,2776957604,2776957604
2025-06-19 14:19:12,REAL,2776957604,485,2776958089,2776958089
2025-06-19 14:19:14,REAL,2776958089,544,2776958633,2776958633
2025-06-19 14:19:16,REAL,2776958633,482,2776959115,2776959115
2025-06-19 14:19:18,REAL,2776959115,490,2776959605,2776959605
2025-06-19 14:19:20,REAL,2776959605,476,2776960081,2776960081
2025-06-19 14:19:22,REAL,2776960081,546,2776960627,2776960627
2025-06-19 14:19:24,REAL,2776960627,482,2776961109,2776961109
2025-06-19 14:19:26,REAL,2776961109,489,2776961598,2776961598
2025-06-19 14:19:28,REAL,2776961598,491,2776962089,2776962089
2025-06-19 14:19:30,REAL,2776962089,491,2776962580,2776962580
2025-06-19 14:19:32,REAL,2776962580,485,2776963065,2776963065
2025-06-19 14:19:34,REAL,2776963065,480,2776963545,2776963545
2025-06-19 14:19:36,REAL,2776963545,478,2776964023,2776964023
2025-06-19 14:19:38,REAL,2776964023,538,2776964561,2776964561
2025-06-19 14:19:40,REAL,2776964561,477,2776965038,2776965038
2025-06-19 14:19:42,REAL,2776965038,481,2776965519,2776965519
2025-06-19 14:19:44,REAL,2776965519,488,2776966007,2776966007
2025-06-19 14:19:46,REAL,2776966007,486,2776966493,2776966493
2025-06-19 14:19:48,REAL,2776966493,487,2776966980,2776966980
2025-06-19 14:19:50,REAL,2776966980,482,2776967462,2776967462
2025-06-19 14:19:52,REAL,2776967462,486,2776967948,2776967948
2025-06-19 14:19:54,REAL,2776967948,483,2776968431,2776968431
2025-06-19 14:19:56,REAL,2776968431,483,2776968914,2776968914
2025-06-19 14:19:58,REAL,2776968914,531,2776969445,2776969445
2025-06-19 14:20:00,REAL,2776969445,546,2776969991,2776969991
2025-06-19 14:20:02,REAL,2776969991,484,2776970475,2776970475
2025-06-19 14:20:04,REAL,2776970475,482,2776970957,2776970957
2025-06-19 14:20:06,REAL,2776970957,481,2776971438,2776971438
2025-06-19 14:20:08,REAL,2776971438,476,2776971914,2776971914
2025-06-19 14:20:10,REAL,2776971914,486,2776972400,2776972400
2025-06-19 14:20:12,REAL,2776972400,490,2776972890,2776972890
2025-06-19 14:20:14,REAL,2776972890,486,2776973376,2776973376
2025-06-19 14:20:16,REAL,2776973376,484,2776973860,2776973860
2025-06-19 14:20:18,REAL,2776973860,487,2776974347,2776974347
2025-06-19 14:20:20,REAL,2776974347,482,2776974829,2776974829
2025-06-19 14:20:22,REAL,2776974829,481,2776975310,2776975310
2025-06-19 14:20:24,REAL,2776975310,479,2776975789,2776975789
2025-06-19 14:20:26,REAL,2776975789,532,2776976321,2776976321
2025-06-19 14:20:28,REAL,2776976321,479,2776976800,2776976800
2025-06-19 14:20:30,REAL,2776976800,476,2776977276,2776977276
2025-06-19 14:20:32,REAL,2776977276,483,2776977759,2776977759
2025-06-19 14:20:34,REAL,2776977759,541,2776978300,2776978300
2025-06-19 14:20:36,REAL,2776978300,482,2776978782,2776978782
2025-06-19 14:20:38,REAL,2776978782,489,2776979271,2776979271
2025-06-19 14:20:40,REAL,2776979271,484,2776979755,2776979755
2025-06-19 14:20:42,REAL,2776979755,487,2776980242,2776980242
2025-06-19 14:20:44,REAL,2776980242,484,2776980726,2776980726
2025-06-19 14:20:46,REAL,2776980726,481,2776981207,2776981207
2025-06-19 14:20:48,REAL,2776981207,535,2776981742,2776981742
2025-06-19 14:20:50,REAL,2776981742,481,2776982223,2776982223
2025-06-19 14:20:52,REAL,2776982223,488,2776982711,2776982711
2025-06-19 14:20:54,REAL,2776982711,477,2776983188,2776983188
2025-06-19 14:20:56,REAL,2776983188,485,2776983673,2776983673
2025-06-19 14:20:58,REAL,2776983673,486,2776984159,2776984159
2025-06-19 14:21:00,REAL,2776984159,486,2776984645,2776984645
2025-06-19 14:21:02,REAL,2776984645,482,2776985127,2776985127
2025-06-19 14:21:04,REAL,2776985127,482,2776985609,2776985609
2025-06-19 14:21:06,REAL,2776985609,487,2776986096,2776986096
2025-06-19 14:21:08,REAL,2776986096,483,2776986579,2776986579
2025-06-19 14:21:10,REAL,2776986579,492,2776987071,2776987071
2025-06-19 14:21:12,REAL,2776987071,586,2776987657,2776987657
2025-06-19 14:21:14,REAL,2776987657,488,2776988145,2776988145
2025-06-19 14:21:16,REAL,2776988145,489,2776988634,2776988634
2025-06-19 14:21:18,REAL,2776988634,481,2776989115,2776989115
2025-06-19 14:21:20,REAL,2776989115,480,2776989595,2776989595
2025-06-19 14:21:22,REAL,2776989595,490,2776990085,2776990085
2025-06-19 14:21:24,REAL,2776990085,482,2776990567,2776990567
2025-06-19 14:21:26,REAL,2776990567,474,2776991041,2776991041
2025-06-19 14:21:28,REAL,2776991041,480,2776991521,2776991521
2025-06-19 14:21:30,REAL,2776991521,476,2776991997,2776991997
2025-06-19 14:21:32,REAL,2776991997,477,2776992474,2776992474
2025-06-19 14:21:34,REAL,2776992474,492,2776992966,2776992966
2025-06-19 14:21:36,REAL,2776992966,531,2776993497,2776993497
2025-06-19 14:21:38,REAL,2776993497,486,2776993983,2776993983
2025-06-19 14:21:40,REAL,2776993983,487,2776994470,2776994470
2025-06-19 14:21:42,REAL,2776994470,479,2776994949,2776994949
2025-06-19 14:21:44,REAL,2776994949,479,2776995428,2776995428
2025-06-19 14:21:46,REAL,2776995428,477,2776995905,2776995905
2025-06-19 14:21:48,REAL,2776995905,541,2776996446,2776996446
2025-06-19 14:21:50,REAL,2776996446,482,2776996928,2776996928
2025-06-19 14:21:52,REAL,2776996928,493,2776997421,2776997421
2025-06-19 14:21:54,REAL,2776997421,487,2776997908,2776997908
2025-06-19 14:21:56,REAL,2776997908,485,2776998393,2776998393
2025-06-19 14:21:58,REAL,2776998393,536,2776998929,2776998929
2025-06-19 14:22:00,REAL,2776998929,486,2776999415,2776999415
2025-06-19 14:22:02,REAL,2776999415,485,2776999900,2776999900
2025-06-19 14:22:04,REAL,2776999900,477,2777000377,2777000377
2025-06-19 14:22:06,REAL,2777000377,488,2777000865,2777000865
2025-06-19 14:22:08,REAL,2777000865,487,2777001352,2777001352
2025-06-19 14:22:10,REAL,2777001352,481,2777001833,2777001833
2025-06-19 14:22:12,REAL,2777001833,479,2777002312,2777002312
2025-06-19 14:22:14,REAL,2777002312,477,2777002789,2777002789
2025-06-19 14:22:16,REAL,2777002789,488,2777003277,2777003277
2025-06-19 14:22:18,REAL,2777003277,486,2777003763,2777003763
2025-06-19 14:22:20,REAL,2777003763,543,2777004306,2777004306
2025-06-19 14:22:22,REAL,2777004306,491,2777004797,2777004797
2025-06-19 14:22:24,REAL,2777004797,491,2777005288,2777005288
2025-06-19 14:22:26,REAL,2777005288,546,2777005834,2777005834
2025-06-19 14:22:28,REAL,2777005834,478,2777006312,2777006312
2025-06-19 14:22:30,REAL,2777006312,242,2777006554,2777006554
2025-06-19 14:22:32,REAL,2777006554,492,2777007046,2777007046
2025-06-19 14:22:34,REAL,2777007046,482,2777007528,2777007528
2025-06-19 14:22:36,REAL,2777007528,487,2777008015,2777008015
2025-06-19 14:22:38,REAL,2777008015,490,2777008505,2777008505
2025-06-19 14:22:40,REAL,2777008505,486,2777008991,2777008991
2025-06-19 14:22:42,REAL,2777008991,545,2777009536,2777009536
2025-06-19 14:22:44,REAL,2777009536,483,2777010019,2777010019
2025-06-19 14:22:46,REAL,2777010019,490,2777010509,2777010509
2025-06-19 14:22:48,REAL,2777010509,486,2777010995,2777010995
2025-06-19 14:22:50,REAL,2777010995,483,2777011478,2777011478
2025-06-19 14:22:52,REAL,2777011478,490,2777011968,2777011968
2025-06-19 14:22:54,REAL,2777011968,483,2777012451,2777012451
2025-06-19 14:22:56,REAL,2777012451,484,2777012935,2777012935
2025-06-19 14:22:58,REAL,2777012935,477,2777013412,2777013412
2025-06-19 14:23:00,REAL,2777013412,486,2777013898,2777013898
2025-06-19 14:23:02,REAL,2777013898,540,2777014438,2777014438
2025-06-19 14:23:04,REAL,2777014438,535,2777014973,2777014973
2025-06-19 14:23:06,REAL,2777014973,487,2777015460,2777015460
2025-06-19 14:23:08,REAL,2777015460,481,2777015941,2777015941
2025-06-19 14:23:10,REAL,2777015941,482,2777016423,2777016423
2025-06-19 14:23:12,REAL,2777016423,489,2777016912,2777016912
2025-06-19 14:23:14,REAL,2777016912,486,2777017398,2777017398
2025-06-19 14:23:16,REAL,2777017398,479,2777017877,2777017877
2025-06-19 14:23:18,REAL,2777017877,493,2777018370,2777018370
2025-06-19 14:23:20,REAL,2777018370,481,2777018851,2777018851
2025-06-19 14:23:22,REAL,2777018851,483,2777019334,2777019334
2025-06-19 14:23:24,REAL,2777019334,543,2777019877,2777019877
2025-06-19 14:23:26,REAL,2777019877,488,2777020365,2777020365
2025-06-19 14:23:28,REAL,2777020365,480,2777020845,2777020845
2025-06-19 14:23:30,REAL,2777020845,484,2777021329,2777021329
2025-06-19 14:23:32,REAL,2777021329,476,2777021805,2777021805
2025-06-19 14:23:34,REAL,2777021805,488,2777022293,2777022293
2025-06-19 14:23:36,REAL,2777022293,481,2777022774,2777022774
2025-06-19 14:23:38,REAL,2777022774,485,2777023259,2777023259
2025-06-19 14:23:40,REAL,2777023259,490,2777023749,2777023749
2025-06-19 14:23:42,REAL,2777023749,539,2777024288,2777024288
2025-06-19 14:23:44,REAL,2777024288,542,2777024830,2777024830
2025-06-19 14:23:46,REAL,2777024830,488,2777025318,2777025318
2025-06-19 14:23:48,REAL,2777025318,484,2777025802,2777025802
2025-06-19 14:23:50,REAL,2777025802,489,2777026291,2777026291
2025-06-19 14:23:52,REAL,2777026291,479,2777026770,2777026770
2025-06-19 14:23:54,REAL,2777026770,480,2777027250,2777027250
2025-06-19 14:23:56,REAL,2777027250,1677,2777028927,2777028927
2025-06-19 14:23:58,REAL,2777028927,11445,2777040372,2777040372
2025-06-19 14:24:00,REAL,2777040372,10256,2777050628,2777050628
2025-06-19 14:24:02,REAL,2777050628,10254,2777060882,2777060882
2025-06-19 14:24:04,REAL,2777060882,10251,2777071133,2777071133
2025-06-19 14:24:06,REAL,2777071133,10248,2777081381,2777081381
2025-06-19 14:24:08,REAL,2777081381,10313,2777091694,2777091694
2025-06-19 14:24:10,REAL,2777091694,10253,2777101947,2777101947
2025-06-19 14:24:12,REAL,2777101947,4370,2777106317,2777106317
2025-06-19 14:24:14,REAL,2777106317,481,2777106798,2777106798
2025-06-19 14:24:16,REAL,2777106798,481,2777107279,2777107279
2025-06-19 14:24:18,REAL,2777107279,540,2777107819,2777107819
2025-06-19 14:24:20,REAL,2777107819,484,2777108303,2777108303
2025-06-19 14:24:22,REAL,2777108303,542,2777108845,2777108845
2025-06-19 14:24:24,REAL,2777108845,482,2777109327,2777109327
2025-06-19 14:24:26,REAL,2777109327,487,2777109814,2777109814
2025-06-19 14:24:28,REAL,2777109814,2273,2777112087,2777112087
2025-06-19 14:24:30,REAL,2777112087,11576,2777123663,2777123663
2025-06-19 14:24:32,REAL,2777123663,10317,2777133980,2777133980
2025-06-19 14:24:34,REAL,2777133980,10252,2777144232,2777144232
2025-06-19 14:24:36,REAL,2777144232,10251,2777154483,2777154483
2025-06-19 14:24:38,REAL,2777154483,10324,2777164807,2777164807
2025-06-19 14:24:40,REAL,2777164807,10258,2777175065,2777175065
2025-06-19 14:24:42,REAL,2777175065,10321,2777185386,2777185386
2025-06-19 14:24:44,REAL,2777185386,3782,2777189168,2777189168
2025-06-19 14:24:46,REAL,2777189168,486,2777189654,2777189654
2025-06-19 14:24:48,REAL,2777189654,475,2777190129,2777190129
2025-06-19 14:24:50,REAL,2777190129,8597,2777198726,2777198726
2025-06-19 14:24:52,REAL,2777198726,10706,2777209432,2777209432
2025-06-19 14:24:54,REAL,2777209432,10259,2777219691,2777219691
2025-06-19 14:24:56,REAL,2777219691,10323,2777230014,2777230014
2025-06-19 14:24:58,REAL,2777230014,10254,2777240268,2777240268
2025-06-19 14:25:00,REAL,2777240268,10313,2777250581,2777250581
2025-06-19 14:25:02,REAL,2777250581,10244,2777260825,2777260825
2025-06-19 14:25:04,REAL,2777260825,8331,2777269156,2777269156
2025-06-19 14:25:06,REAL,2777269156,488,2777269644,2777269644
2025-06-19 14:25:08,REAL,2777269644,483,2777270127,2777270127
2025-06-19 14:25:10,REAL,2777270127,549,2777270676,2777270676
2025-06-19 14:25:12,REAL,2777270676,480,2777271156,2777271156
2025-06-19 14:25:14,REAL,2777271156,480,2777271636,2777271636
2025-06-19 14:25:16,REAL,2777271636,480,2777272116,2777272116
2025-06-19 14:25:18,REAL,2777272116,489,2777272605,2777272605
2025-06-19 14:25:20,REAL,2777272605,481,2777273086,2777273086
2025-06-19 14:25:22,REAL,2777273086,489,2777273575,2777273575
2025-06-19 14:25:24,REAL,2777273575,482,2777274057,2777274057
2025-06-19 14:25:26,REAL,2777274057,483,2777274540,2777274540
2025-06-19 14:25:28,REAL,2777274540,482,2777275022,2777275022
2025-06-19 14:25:30,REAL,2777275022,484,2777275506,2777275506
2025-06-19 14:25:32,REAL,2777275506,533,2777276039,2777276039
2025-06-19 14:25:34,REAL,2777276039,729,2777276768,2777276768
2025-06-19 14:25:36,REAL,2777276768,242,2777277010,2777277010
2025-06-19 14:25:38,REAL,2777277010,485,2777277495,2777277495
2025-06-19 14:25:40,REAL,2777277495,542,2777278037,2777278037
2025-06-19 14:25:42,REAL,2777278037,485,2777278522,2777278522
2025-06-19 14:25:44,REAL,2777278522,488,2777279010,2777279010
2025-06-19 14:25:46,REAL,2777279010,489,2777279499,2777279499
2025-06-19 14:25:48,REAL,2777279499,491,2777279990,2777279990
2025-06-19 14:25:50,REAL,2777279990,489,2777280479,2777280479
2025-06-19 14:25:52,REAL,2777280479,541,2777281020,2777281020
2025-06-19 14:25:54,REAL,2777281020,487,2777281507,2777281507
2025-06-19 14:25:56,REAL,2777281507,480,2777281987,2777281987
2025-06-19 14:25:58,REAL,2777281987,482,2777282469,2777282469
2025-06-19 14:26:00,REAL,2777282469,491,2777282960,2777282960
2025-06-19 14:26:02,REAL,2777282960,485,2777283445,2777283445
2025-06-19 14:26:04,REAL,2777283445,10252,2777293697,2777293697
2025-06-19 14:26:06,REAL,2777293697,10392,2777304089,2777304089
2025-06-19 14:26:08,REAL,2777304089,10248,2777314337,2777314337
2025-06-19 14:26:10,REAL,2777314337,10317,2777324654,2777324654
2025-06-19 14:26:12,REAL,2777324654,10251,2777334905,2777334905
2025-06-19 14:26:14,REAL,2777334905,10254,2777345159,2777345159
2025-06-19 14:26:16,REAL,2777345159,10318,2777355477,2777355477
2025-06-19 14:26:18,REAL,2777355477,7013,2777362490,2777362490
2025-06-19 14:26:20,REAL,2777362490,481,2777362971,2777362971
2025-06-19 14:26:22,REAL,2777362971,483,2777363454,2777363454
2025-06-19 14:26:24,REAL,2777363454,536,2777363990,2777363990
2025-06-19 14:26:26,REAL,2777363990,478,2777364468,2777364468
2025-06-19 14:26:28,REAL,2777364468,481,2777364949,2777364949
2025-06-19 14:26:30,REAL,2777364949,486,2777365435,2777365435
2025-06-19 14:26:32,REAL,2777365435,480,2777365915,2777365915
2025-06-19 14:26:34,REAL,2777365915,484,2777366399,2777366399
2025-06-19 14:26:36,REAL,2777366399,484,2777366883,2777366883
2025-06-19 14:26:38,REAL,2777366883,475,2777367358,2777367358
2025-06-19 14:26:40,REAL,2777367358,487,2777367845,2777367845
2025-06-19 14:26:42,REAL,2777367845,481,2777368326,2777368326
2025-06-19 14:26:44,REAL,2777368326,477,2777368803,2777368803
2025-06-19 14:26:46,REAL,2777368803,534,2777369337,2777369337
2025-06-19 14:26:48,REAL,2777369337,487,2777369824,2777369824
2025-06-19 14:26:50,REAL,2777369824,483,2777370307,2777370307
2025-06-19 14:26:52,REAL,2777370307,485,2777370792,2777370792
2025-06-19 14:26:54,REAL,2777370792,481,2777371273,2777371273
2025-06-19 14:26:56,REAL,2777371273,491,2777371764,2777371764
2025-06-19 14:26:58,REAL,2777371764,543,2777372307,2777372307
2025-06-19 14:27:00,REAL,2777372307,481,2777372788,2777372788
2025-06-19 14:27:02,REAL,2777372788,482,2777373270,2777373270
2025-06-19 14:27:04,REAL,2777373270,488,2777373758,2777373758
2025-06-19 14:27:06,REAL,2777373758,490,2777374248,2777374248
2025-06-19 14:27:08,REAL,2777374248,486,2777374734,2777374734
2025-06-19 14:27:10,REAL,2777374734,485,2777375219,2777375219
2025-06-19 14:27:12,REAL,2777375219,484,2777375703,2777375703
2025-06-19 14:27:14,REAL,2777375703,487,2777376190,2777376190
2025-06-19 14:27:16,REAL,2777376190,488,2777376678,2777376678
2025-06-19 14:27:18,REAL,2777376678,489,2777377167,2777377167
2025-06-19 14:27:20,REAL,2777377167,488,2777377655,2777377655
2025-06-19 14:27:22,REAL,2777377655,478,2777378133,2777378133
2025-06-19 14:27:24,REAL,2777378133,484,2777378617,2777378617
2025-06-19 14:27:26,REAL,2777378617,493,2777379110,2777379110
2025-06-19 14:27:28,REAL,2777379110,549,2777379659,2777379659
2025-06-19 14:27:30,REAL,2777379659,481,2777380140,2777380140
2025-06-19 14:27:32,REAL,2777380140,481,2777380621,2777380621
2025-06-19 14:27:34,REAL,2777380621,487,2777381108,2777381108
2025-06-19 14:27:36,REAL,2777381108,543,2777381651,2777381651
2025-06-19 14:27:38,REAL,2777381651,475,2777382126,2777382126
2025-06-19 14:27:40,REAL,2777382126,492,2777382618,2777382618
2025-06-19 14:27:42,REAL,2777382618,477,2777383095,2777383095
2025-06-19 14:27:44,REAL,2777383095,486,2777383581,2777383581
2025-06-19 14:27:46,REAL,2777383581,479,2777384060,2777384060
2025-06-19 14:27:48,REAL,2777384060,558,2777384618,2777384618
2025-06-19 14:27:50,REAL,2777384618,12631,2777397249,2777397249
2025-06-19 14:27:52,REAL,2777397249,10253,2777407502,2777407502
2025-06-19 14:27:54,REAL,2777407502,10258,2777417760,2777417760
2025-06-19 14:27:56,REAL,2777417760,10255,2777428015,2777428015
2025-06-19 14:27:58,REAL,2777428015,10249,2777438264,2777438264
2025-06-19 14:28:00,REAL,2777438264,10255,2777448519,2777448519
2025-06-19 14:28:02,REAL,2777448519,10258,2777458777,2777458777
2025-06-19 14:28:04,REAL,2777458777,4973,2777463750,2777463750
2025-06-19 14:28:06,REAL,2777463750,486,2777464236,2777464236
2025-06-19 14:28:08,REAL,2777464236,486,2777464722,2777464722
2025-06-19 14:28:10,REAL,2777464722,488,2777465210,2777465210
2025-06-19 14:28:12,REAL,2777465210,480,2777465690,2777465690
2025-06-19 14:28:14,REAL,2777465690,483,2777466173,2777466173
2025-06-19 14:28:16,REAL,2777466173,533,2777466706,2777466706
2025-06-19 14:28:18,REAL,2777466706,482,2777467188,2777467188
2025-06-19 14:28:20,REAL,2777467188,485,2777467673,2777467673
2025-06-19 14:28:22,REAL,2777467673,480,2777468153,2777468153
2025-06-19 14:28:24,REAL,2777468153,486,2777468639,2777468639
2025-06-19 14:28:26,REAL,2777468639,489,2777469128,2777469128
2025-06-19 14:28:28,REAL,2777469128,480,2777469608,2777469608
2025-06-19 14:28:30,REAL,2777469608,531,2777470139,2777470139
2025-06-19 14:28:32,REAL,2777470139,480,2777470619,2777470619
2025-06-19 14:28:34,REAL,2777470619,493,2777471112,2777471112
2025-06-19 14:28:36,REAL,2777471112,474,2777471586,2777471586
2025-06-19 14:28:38,REAL,2777471586,485,2777472071,2777472071
2025-06-19 14:28:40,REAL,2777472071,477,2777472548,2777472548
2025-06-19 14:28:42,REAL,2777472548,484,2777473032,2777473032
2025-06-19 14:28:44,REAL,2777473032,542,2777473574,2777473574
2025-06-19 14:28:46,REAL,2777473574,483,2777474057,2777474057
2025-06-19 14:28:48,REAL,2777474057,477,2777474534,2777474534
2025-06-19 14:28:50,REAL,2777474534,481,2777475015,2777475015
2025-06-19 14:28:52,REAL,2777475015,484,2777475499,2777475499
2025-06-19 14:28:54,REAL,2777475499,483,2777475982,2777475982
2025-06-19 14:28:56,REAL,2777475982,486,2777476468,2777476468
2025-06-19 14:28:58,REAL,2777476468,486,2777476954,2777476954
2025-06-19 14:29:00,REAL,2777476954,482,2777477436,2777477436
2025-06-19 14:29:02,REAL,2777477436,484,2777477920,2777477920
2025-06-19 14:29:04,REAL,2777477920,481,2777478401,2777478401
2025-06-19 14:29:06,REAL,2777478401,479,2777478880,2777478880
2025-06-19 14:29:08,REAL,2777478880,484,2777479364,2777479364
2025-06-19 14:29:10,REAL,2777479364,486,2777479850,2777479850
2025-06-19 14:29:12,REAL,2777479850,603,2777480453,2777480453
2025-06-19 14:29:14,REAL,2777480453,487,2777480940,2777480940
2025-06-19 14:29:16,REAL,2777480940,485,2777481425,2777481425
2025-06-19 14:29:18,REAL,2777481425,484,2777481909,2777481909
2025-06-19 14:29:20,REAL,2777481909,478,2777482387,2777482387
2025-06-19 14:29:22,REAL,2777482387,480,2777482867,2777482867
2025-06-19 14:29:24,REAL,2777482867,484,2777483351,2777483351
2025-06-19 14:29:26,REAL,2777483351,481,2777483832,2777483832
2025-06-19 14:29:28,REAL,2777483832,483,2777484315,2777484315
2025-06-19 14:29:30,REAL,2777484315,485,2777484800,2777484800
2025-06-19 14:29:32,REAL,2777484800,476,2777485276,2777485276
2025-06-19 14:29:34,REAL,2777485276,482,2777485758,2777485758
2025-06-19 14:29:36,REAL,2777485758,485,2777486243,2777486243
2025-06-19 14:29:38,REAL,2777486243,488,2777486731,2777486731
2025-06-19 14:29:40,REAL,2777486731,539,2777487270,2777487270
2025-06-19 14:29:42,REAL,2777487270,482,2777487752,2777487752
2025-06-19 14:29:44,REAL,2777487752,481,2777488233,2777488233
2025-06-19 14:29:46,REAL,2777488233,492,2777488725,2777488725
2025-06-19 14:29:48,REAL,2777488725,485,2777489210,2777489210
2025-06-19 14:29:50,REAL,2777489210,488,2777489698,2777489698
2025-06-19 14:29:52,REAL,2777489698,541,2777490239,2777490239
2025-06-19 14:29:54,REAL,2777490239,486,2777490725,2777490725
2025-06-19 14:29:56,REAL,2777490725,486,2777491211,2777491211
2025-06-19 14:29:58,REAL,2777491211,489,2777491700,2777491700
2025-06-19 14:30:00,REAL,2777491700,489,2777492189,2777492189
2025-06-19 14:30:02,REAL,2777492189,486,2777492675,2777492675
2025-06-19 14:30:04,REAL,2777492675,484,2777493159,2777493159
2025-06-19 14:30:06,REAL,2777493159,485,2777493644,2777493644
2025-06-19 14:30:08,REAL,2777493644,549,2777494193,2777494193
2025-06-19 14:30:10,REAL,2777494193,481,2777494674,2777494674
2025-06-19 14:30:12,REAL,2777494674,485,2777495159,2777495159
2025-06-19 14:30:14,REAL,2777495159,484,2777495643,2777495643
2025-06-19 14:30:16,REAL,2777495643,482,2777496125,2777496125
2025-06-19 14:30:18,REAL,2777496125,485,2777496610,2777496610
2025-06-19 14:30:20,REAL,2777496610,484,2777497094,2777497094
2025-06-19 14:30:22,REAL,2777497094,487,2777497581,2777497581
2025-06-19 14:30:24,REAL,2777497581,490,2777498071,2777498071
2025-06-19 14:30:26,REAL,2777498071,489,2777498560,2777498560
2025-06-19 14:30:28,REAL,2777498560,479,2777499039,2777499039
2025-06-19 14:30:30,REAL,2777499039,483,2777499522,2777499522
2025-06-19 14:30:32,REAL,2777499522,486,2777500008,2777500008
2025-06-19 14:30:34,REAL,2777500008,542,2777500550,2777500550
2025-06-19 14:30:36,REAL,2777500550,538,2777501088,2777501088
2025-06-19 14:30:38,REAL,2777501088,486,2777501574,2777501574
2025-06-19 14:30:40,REAL,2777501574,483,2777502057,2777502057
2025-06-19 14:30:42,REAL,2777502057,489,2777502546,2777502546
2025-06-19 14:30:44,REAL,2777502546,487,2777503033,2777503033
2025-06-19 14:30:46,REAL,2777503033,490,2777503523,2777503523
2025-06-19 14:30:48,REAL,2777503523,481,2777504004,2777504004
2025-06-19 14:30:50,REAL,2777504004,484,2777504488,2777504488
2025-06-19 14:30:52,REAL,2777504488,484,2777504972,2777504972
2025-06-19 14:30:54,REAL,2777504972,481,2777505453,2777505453
2025-06-19 14:30:56,REAL,2777505453,480,2777505933,2777505933
2025-06-19 14:30:58,REAL,2777505933,479,2777506412,2777506412
2025-06-19 14:31:00,REAL,2777506412,485,2777506897,2777506897
2025-06-19 14:31:02,REAL,2777506897,491,2777507388,2777507388
2025-06-19 14:31:04,REAL,2777507388,539,2777507927,2777507927
2025-06-19 14:31:06,REAL,2777507927,482,2777508409,2777508409
2025-06-19 14:31:08,REAL,2777508409,482,2777508891,2777508891
2025-06-19 14:31:10,REAL,2777508891,483,2777509374,2777509374
2025-06-19 14:31:12,REAL,2777509374,484,2777509858,2777509858
2025-06-19 14:31:14,REAL,2777509858,540,2777510398,2777510398
2025-06-19 14:31:16,REAL,2777510398,487,2777510885,2777510885
2025-06-19 14:31:18,REAL,2777510885,491,2777511376,2777511376
2025-06-19 14:31:20,REAL,2777511376,482,2777511858,2777511858
2025-06-19 14:31:22,REAL,2777511858,483,2777512341,2777512341
2025-06-19 14:31:24,REAL,2777512341,479,2777512820,2777512820
2025-06-19 14:31:26,REAL,2777512820,483,2777513303,2777513303
2025-06-19 14:31:28,REAL,2777513303,480,2777513783,2777513783
2025-06-19 14:31:30,REAL,2777513783,486,2777514269,2777514269
2025-06-19 14:31:32,REAL,2777514269,484,2777514753,2777514753
2025-06-19 14:31:34,REAL,2777514753,532,2777515285,2777515285
2025-06-19 14:31:36,REAL,2777515285,483,2777515768,2777515768
2025-06-19 14:31:38,REAL,2777515768,490,2777516258,2777516258
2025-06-19 14:31:40,REAL,2777516258,477,2777516735,2777516735
2025-06-19 14:31:42,REAL,2777516735,489,2777517224,2777517224
2025-06-19 14:31:44,REAL,2777517224,478,2777517702,2777517702
2025-06-19 14:31:46,REAL,2777517702,490,2777518192,2777518192
2025-06-19 14:31:48,REAL,2777518192,474,2777518666,2777518666
2025-06-19 14:31:50,REAL,2777518666,479,2777519145,2777519145
2025-06-19 14:31:52,REAL,2777519145,477,2777519622,2777519622
2025-06-19 14:31:54,REAL,2777519622,482,2777520104,2777520104
2025-06-19 14:31:56,REAL,2777520104,545,2777520649,2777520649
2025-06-19 14:31:58,REAL,2777520649,482,2777521131,2777521131
2025-06-19 14:32:00,REAL,2777521131,481,2777521612,2777521612
2025-06-19 14:32:02,REAL,2777521612,538,2777522150,2777522150
2025-06-19 14:32:04,REAL,2777522150,479,2777522629,2777522629
2025-06-19 14:32:06,REAL,2777522629,488,2777523117,2777523117
2025-06-19 14:32:08,REAL,2777523117,485,2777523602,2777523602
2025-06-19 14:32:10,REAL,2777523602,490,2777524092,2777524092
2025-06-19 14:32:12,REAL,2777524092,483,2777524575,2777524575
2025-06-19 14:32:14,REAL,2777524575,478,2777525053,2777525053
2025-06-19 14:32:16,REAL,2777525053,486,2777525539,2777525539
2025-06-19 14:32:18,REAL,2777525539,483,2777526022,2777526022
2025-06-19 14:32:20,REAL,2777526022,484,2777526506,2777526506
2025-06-19 14:32:22,REAL,2777526506,485,2777526991,2777526991
2025-06-19 14:32:24,REAL,2777526991,482,2777527473,2777527473
2025-06-19 14:32:26,REAL,2777527473,483,2777527956,2777527956
2025-06-19 14:32:28,REAL,2777527956,550,2777528506,2777528506
2025-06-19 14:32:30,REAL,2777528506,12419,2777540925,2777540925
2025-06-19 14:32:32,REAL,2777540925,10318,2777551243,2777551243
2025-06-19 14:32:34,REAL,2777551243,10260,2777561503,2777561503
2025-06-19 14:32:36,REAL,2777561503,10257,2777571760,2777571760
2025-06-19 14:32:38,REAL,2777571760,11108,2777582868,2777582868
2025-06-19 14:32:40,REAL,2777582868,9393,2777592261,2777592261
2025-06-19 14:32:42,REAL,2777592261,10252,2777602513,2777602513
2025-06-19 14:32:44,REAL,2777602513,5037,2777607550,2777607550
2025-06-19 14:32:46,REAL,2777607550,484,2777608034,2777608034
2025-06-19 14:32:48,REAL,2777608034,480,2777608514,2777608514
2025-06-19 14:32:50,REAL,2777608514,477,2777608991,2777608991
2025-06-19 14:32:52,REAL,2777608991,492,2777609483,2777609483
2025-06-19 14:32:54,REAL,2777609483,481,2777609964,2777609964
2025-06-19 14:32:56,REAL,2777609964,479,2777610443,2777610443
2025-06-19 14:32:58,REAL,2777610443,485,2777610928,2777610928
2025-06-19 14:33:00,REAL,2777610928,485,2777611413,2777611413
2025-06-19 14:33:02,REAL,2777611413,487,2777611900,2777611900
2025-06-19 14:33:04,REAL,2777611900,478,2777612378,2777612378
2025-06-19 14:33:06,REAL,2777612378,541,2777612919,2777612919
2025-06-19 14:33:08,REAL,2777612919,486,2777613405,2777613405
2025-06-19 14:33:10,REAL,2777613405,483,2777613888,2777613888
2025-06-19 14:33:12,REAL,2777613888,484,2777614372,2777614372
2025-06-19 14:33:14,REAL,2777614372,488,2777614860,2777614860
2025-06-19 14:33:16,REAL,2777614860,483,2777615343,2777615343
2025-06-19 14:33:18,REAL,2777615343,540,2777615883,2777615883
2025-06-19 14:33:20,REAL,2777615883,482,2777616365,2777616365
2025-06-19 14:33:22,REAL,2777616365,482,2777616847,2777616847
2025-06-19 14:33:24,REAL,2777616847,478,2777617325,2777617325
2025-06-19 14:33:26,REAL,2777617325,494,2777617819,2777617819
2025-06-19 14:33:28,REAL,2777617819,490,2777618309,2777618309
2025-06-19 14:33:30,REAL,2777618309,478,2777618787,2777618787
2025-06-19 14:33:32,REAL,2777618787,481,2777619268,2777619268
2025-06-19 14:33:34,REAL,2777619268,478,2777619746,2777619746
2025-06-19 14:33:36,REAL,2777619746,481,2777620227,2777620227
2025-06-19 14:33:38,REAL,2777620227,8074,2777628301,2777628301
2025-06-19 14:33:40,REAL,2777628301,11031,2777639332,2777639332
2025-06-19 14:33:42,REAL,2777639332,10327,2777649659,2777649659
2025-06-19 14:33:44,REAL,2777649659,10253,2777659912,2777659912
2025-06-19 14:33:46,REAL,2777659912,10253,2777670165,2777670165
2025-06-19 14:33:48,REAL,2777670165,10313,2777680478,2777680478
2025-06-19 14:33:50,REAL,2777680478,10249,2777690727,2777690727
2025-06-19 14:33:52,REAL,2777690727,8670,2777699397,2777699397
2025-06-19 14:33:54,REAL,2777699397,488,2777699885,2777699885
2025-06-19 14:33:56,REAL,2777699885,492,2777700377,2777700377
2025-06-19 14:33:58,REAL,2777700377,474,2777700851,2777700851
2025-06-19 14:34:00,REAL,2777700851,492,2777701343,2777701343
2025-06-19 14:34:02,REAL,2777701343,480,2777701823,2777701823
2025-06-19 14:34:04,REAL,2777701823,486,2777702309,2777702309
2025-06-19 14:34:06,REAL,2777702309,489,2777702798,2777702798
2025-06-19 14:34:08,REAL,2777702798,490,2777703288,2777703288
2025-06-19 14:34:10,REAL,2777703288,8743,2777712031,2777712031
2025-06-19 14:34:12,REAL,2777712031,10655,2777722686,2777722686
2025-06-19 14:34:14,REAL,2777722686,10253,2777732939,2777732939
2025-06-19 14:34:16,REAL,2777732939,10364,2777743303,2777743303
2025-06-19 14:34:18,REAL,2777743303,10324,2777753627,2777753627
2025-06-19 14:34:20,REAL,2777753627,10250,2777763877,2777763877
2025-06-19 14:34:22,REAL,2777763877,10315,2777774192,2777774192
2025-06-19 14:34:24,REAL,2777774192,8007,2777782199,2777782199
2025-06-19 14:34:26,REAL,2777782199,489,2777782688,2777782688
2025-06-19 14:34:28,REAL,2777782688,484,2777783172,2777783172
2025-06-19 14:34:30,REAL,2777783172,475,2777783647,2777783647
2025-06-19 14:34:32,REAL,2777783647,481,2777784128,2777784128
2025-06-19 14:34:34,REAL,2777784128,488,2777784616,2777784616
2025-06-19 14:34:36,REAL,2777784616,485,2777785101,2777785101
2025-06-19 14:34:38,REAL,2777785101,478,2777785579,2777785579
2025-06-19 14:34:40,REAL,2777785579,479,2777786058,2777786058
2025-06-19 14:34:42,REAL,2777786058,9601,2777795659,2777795659
2025-06-19 14:34:44,REAL,2777795659,10326,2777805985,2777805985
2025-06-19 14:34:46,REAL,2777805985,10253,2777816238,2777816238
2025-06-19 14:34:48,REAL,2777816238,10321,2777826559,2777826559
2025-06-19 14:34:50,REAL,2777826559,10304,2777836863,2777836863
2025-06-19 14:34:52,REAL,2777836863,10310,2777847173,2777847173
2025-06-19 14:34:54,REAL,2777847173,10253,2777857426,2777857426
2025-06-19 14:34:56,REAL,2777857426,7356,2777864782,2777864782
2025-06-19 14:34:58,REAL,2777864782,484,2777865266,2777865266
2025-06-19 14:35:00,REAL,2777865266,484,2777865750,2777865750
2025-06-19 14:35:02,REAL,2777865750,484,2777866234,2777866234
2025-06-19 14:35:04,REAL,2777866234,484,2777866718,2777866718
2025-06-19 14:35:06,REAL,2777866718,491,2777867209,2777867209
2025-06-19 14:35:08,REAL,2777867209,482,2777867691,2777867691
2025-06-19 14:35:10,REAL,2777867691,485,2777868176,2777868176
2025-06-19 14:35:12,REAL,2777868176,488,2777868664,2777868664
2025-06-19 14:35:14,REAL,2777868664,10125,2777878789,2777878789
2025-06-19 14:35:16,REAL,2777878789,10386,2777889175,2777889175
2025-06-19 14:35:18,REAL,2777889175,10311,2777899486,2777899486
2025-06-19 14:35:20,REAL,2777899486,10255,2777909741,2777909741
2025-06-19 14:35:22,REAL,2777909741,10250,2777919991,2777919991
2025-06-19 14:35:24,REAL,2777919991,10312,2777930303,2777930303
2025-06-19 14:35:26,REAL,2777930303,10314,2777940617,2777940617
2025-06-19 14:35:28,REAL,2777940617,6690,2777947307,2777947307
2025-06-19 14:35:30,REAL,2777947307,485,2777947792,2777947792
2025-06-19 14:35:32,REAL,2777947792,486,2777948278,2777948278
2025-06-19 14:35:34,REAL,2777948278,491,2777948769,2777948769
2025-06-19 14:35:36,REAL,2777948769,477,2777949246,2777949246
2025-06-19 14:35:38,REAL,2777949246,479,2777949725,2777949725
2025-06-19 14:35:40,REAL,2777949725,484,2777950209,2777950209
2025-06-19 14:35:42,REAL,2777950209,479,2777950688,2777950688
2025-06-19 14:35:44,REAL,2777950688,484,2777951172,2777951172
2025-06-19 14:35:46,REAL,2777951172,477,2777951649,2777951649
2025-06-19 14:35:48,REAL,2777951649,489,2777952138,2777952138
2025-06-19 14:35:50,REAL,2777952138,484,2777952622,2777952622
2025-06-19 14:35:52,REAL,2777952622,484,2777953106,2777953106
2025-06-19 14:35:54,REAL,2777953106,484,2777953590,2777953590
2025-06-19 14:35:56,REAL,2777953590,484,2777954074,2777954074
2025-06-19 14:35:58,REAL,2777954074,487,2777954561,2777954561
2025-06-19 14:36:00,REAL,2777954561,593,2777955154,2777955154
2025-06-19 14:36:02,REAL,2777955154,483,2777955637,2777955637
2025-06-19 14:36:04,REAL,2777955637,477,2777956114,2777956114
2025-06-19 14:36:06,REAL,2777956114,6429,2777962543,2777962543
2025-06-19 14:36:08,REAL,2777962543,12691,2777975234,2777975234
2025-06-19 14:36:10,REAL,2777975234,10315,2777985549,2777985549
2025-06-19 14:36:12,REAL,2777985549,10252,2777995801,2777995801
2025-06-19 14:36:14,REAL,2777995801,10242,2778006043,2778006043
2025-06-19 14:36:16,REAL,2778006043,10318,2778016361,2778016361
2025-06-19 14:36:18,REAL,2778016361,10250,2778026611,2778026611
2025-06-19 14:36:20,REAL,2778026611,10259,2778036870,2778036870
