timestamp,REAL/FAKE,BASE_BYTES,LOAD_BYTES,FINAL_BYTES,REAL_BYTES
2025-06-18 17:48:48,REAL,67383839585,950,67383840535,67383840535
2025-06-18 17:48:50,REAL,67383840535,538,67383841073,67383841073
2025-06-18 17:48:52,REAL,67383841073,538,67383841611,67383841611
2025-06-18 17:48:54,REAL,67383841611,613,67383842224,67383842224
2025-06-18 17:48:56,REAL,67383842224,543,67383842767,67383842767
2025-06-18 17:48:58,REAL,67383842767,550,67383843317,67383843317
2025-06-18 17:49:00,REAL,67383843317,548,67383843865,67383843865
2025-06-18 17:49:02,REAL,67383843865,538,67383844403,67383844403
2025-06-18 17:49:04,REAL,67383844403,609,67383845012,67383845012
2025-06-18 17:49:06,REAL,67383845012,543,67383845555,67383845555
2025-06-18 17:49:08,REAL,67383845555,623,67383846178,67383846178
2025-06-18 17:49:10,REAL,67383846178,534,67383846712,67383846712
2025-06-18 17:49:12,REAL,67383846712,534,67383847246,67383847246
2025-06-18 17:49:14,REAL,67383847246,542,67383847788,67383847788
2025-06-18 17:49:16,REAL,67383847788,532,67383848320,67383848320
2025-06-18 17:49:18,REAL,67383848320,544,67383848864,67383848864
2025-06-18 17:49:20,REAL,67383848864,595,67383849459,67383849459
2025-06-18 17:49:22,REAL,67383849459,541,67383850000,67383850000
2025-06-18 17:49:24,REAL,67383850000,615,67383850615,67383850615
2025-06-18 17:49:26,REAL,67383850615,549,67383851164,67383851164
2025-06-18 17:49:28,REAL,67383851164,532,67383851696,67383851696
2025-06-18 17:49:30,REAL,67383851696,537,67383852233,67383852233
2025-06-18 17:49:32,REAL,67383852233,543,67383852776,67383852776
2025-06-18 17:49:34,REAL,67383852776,545,67383853321,67383853321
2025-06-18 17:49:36,REAL,67383853321,666,67383853987,67383853987
2025-06-18 17:49:38,REAL,67383853987,618,67383854605,67383854605
2025-06-18 17:49:40,REAL,67383854605,602,67383855207,67383855207
2025-06-18 17:49:42,REAL,67383855207,533,67383855740,67383855740
2025-06-18 17:49:44,REAL,67383855740,532,67383856272,67383856272
2025-06-18 17:49:46,REAL,67383856272,538,67383856810,67383856810
2025-06-18 17:49:48,REAL,67383856810,535,67383857345,67383857345
2025-06-18 17:49:50,REAL,67383857345,538,67383857883,67383857883
2025-06-18 17:49:52,REAL,67383857883,601,67383858484,67383858484
2025-06-18 17:49:54,REAL,67383858484,259702,67384118186,67384118186
2025-06-18 17:49:56,REAL,67384118186,29026,67384147212,67384147212
2025-06-18 17:49:58,REAL,67384147212,29246,67384176458,67384176458
2025-06-18 17:50:00,REAL,67384176458,29002,67384205460,67384205460
2025-06-18 17:50:02,REAL,67384205460,29416,67384234876,67384234876
2025-06-18 17:50:04,REAL,67384234876,29352,67384264228,67384264228
2025-06-18 17:50:06,REAL,67384264228,28745,67384292973,67384292973
2025-06-18 17:50:08,REAL,67384292973,15393,67384308366,67384308366
2025-06-18 17:50:10,REAL,67384308366,535,67384308901,67384308901
2025-06-18 17:50:12,REAL,67384308901,539,67384309440,67384309440
2025-06-18 17:50:14,REAL,67384309440,537,67384309977,67384309977
2025-06-18 17:50:16,REAL,67384309977,546,67384310523,67384310523
2025-06-18 17:50:18,REAL,67384310523,538,67384311061,67384311061
2025-06-18 17:50:20,REAL,67384311061,537,67384311598,67384311598
2025-06-18 17:50:22,REAL,67384311598,537,67384312135,67384312135
2025-06-18 17:50:24,REAL,67384312135,734,67384312869,67384312869
2025-06-18 17:50:26,REAL,67384312869,543,67384313412,67384313412
2025-06-18 17:50:28,REAL,67384313412,535,67384313947,67384313947
2025-06-18 17:50:30,REAL,67384313947,539,67384314486,67384314486
2025-06-18 17:50:32,REAL,67384314486,540,67384315026,67384315026
2025-06-18 17:50:34,REAL,67384315026,539,67384315565,67384315565
2025-06-18 17:50:36,REAL,67384315565,540,67384316105,67384316105
2025-06-18 17:50:38,REAL,67384316105,611,67384316716,67384316716
2025-06-18 17:50:40,REAL,67384316716,597,67384317313,67384317313
2025-06-18 17:50:42,REAL,67384317313,544,67384317857,67384317857
2025-06-18 17:50:44,REAL,67384317857,599,67384318456,67384318456
2025-06-18 17:50:46,REAL,67384318456,543,67384318999,67384318999
2025-06-18 17:50:48,REAL,67384318999,536,67384319535,67384319535
2025-06-18 17:50:50,REAL,67384319535,536,67384320071,67384320071
2025-06-18 17:50:52,REAL,67384320071,540,67384320611,67384320611
2025-06-18 17:50:54,REAL,67384320611,622,67384321233,67384321233
2025-06-18 17:50:56,REAL,67384321233,606,67384321839,67384321839
2025-06-18 17:50:58,REAL,67384321839,531,67384322370,67384322370
2025-06-18 17:51:00,REAL,67384322370,541,67384322911,67384322911
2025-06-18 17:51:02,REAL,67384322911,539,67384323450,67384323450
2025-06-18 17:51:04,REAL,67384323450,546,67384323996,67384323996
2025-06-18 17:51:06,REAL,67384323996,540,67384324536,67384324536
2025-06-18 17:51:08,REAL,67384324536,611,67384325147,67384325147
2025-06-18 17:51:10,REAL,67384325147,610,67384325757,67384325757
2025-06-18 17:51:12,REAL,67384325757,31459,67384357216,67384357216
2025-06-18 17:51:14,REAL,67384357216,228504,67384585720,67384585720
2025-06-18 17:51:16,REAL,67384585720,29258,67384614978,67384614978
2025-06-18 17:51:18,REAL,67384614978,29000,67384643978,67384643978
2025-06-18 17:51:20,REAL,67384643978,29476,67384673454,67384673454
2025-06-18 17:51:22,REAL,67384673454,29437,67384702891,67384702891
2025-06-18 17:51:24,REAL,67384702891,29307,67384732198,67384732198
2025-06-18 17:51:26,REAL,67384732198,29180,67384761378,67384761378
2025-06-18 17:51:28,REAL,67384761378,11026,67384772404,67384772404
2025-06-18 17:51:30,REAL,67384772404,537,67384772941,67384772941
2025-06-18 17:51:32,REAL,67384772941,543,67384773484,67384773484
2025-06-18 17:51:34,REAL,67384773484,595,67384774079,67384774079
2025-06-18 17:51:36,REAL,67384774079,533,67384774612,67384774612
2025-06-18 17:51:38,REAL,67384774612,617,67384775229,67384775229
2025-06-18 17:51:40,REAL,67384775229,538,67384775767,67384775767
2025-06-18 17:51:42,REAL,67384775767,537,67384776304,67384776304
2025-06-18 17:51:44,REAL,67384776304,49630,67384825934,67384825934
2025-06-18 17:51:46,REAL,67384825934,212331,67385038265,67385038265
2025-06-18 17:51:48,REAL,67385038265,29074,67385067339,67385067339
2025-06-18 17:51:50,REAL,67385067339,28535,67385095874,67385095874
2025-06-18 17:51:52,REAL,67385095874,28423,67385124297,67385124297
2025-06-18 17:51:54,REAL,67385124297,29847,67385154144,67385154144
2025-06-18 17:51:56,REAL,67385154144,29934,67385184078,67385184078
2025-06-18 17:51:58,REAL,67385184078,29354,67385213432,67385213432
2025-06-18 17:52:00,REAL,67385213432,8975,67385222407,67385222407
2025-06-18 17:52:02,REAL,67385222407,543,67385222950,67385222950
2025-06-18 17:52:04,REAL,67385222950,543,67385223493,67385223493
2025-06-18 17:52:06,REAL,67385223493,535,67385224028,67385224028
2025-06-18 17:52:08,REAL,67385224028,609,67385224637,67385224637
2025-06-18 17:52:10,REAL,67385224637,540,67385225177,67385225177
2025-06-18 17:52:12,REAL,67385225177,545,67385225722,67385225722
2025-06-18 17:52:14,REAL,67385225722,536,67385226258,67385226258
2025-06-18 17:52:16,REAL,67385226258,665,67385226923,67385226923
2025-06-18 17:52:18,REAL,67385226923,538,67385227461,67385227461
2025-06-18 17:52:20,REAL,67385227461,535,67385227996,67385227996
2025-06-18 17:52:22,REAL,67385227996,546,67385228542,67385228542
2025-06-18 17:52:24,REAL,67385228542,613,67385229155,67385229155
2025-06-18 17:52:26,REAL,67385229155,537,67385229692,67385229692
2025-06-18 17:52:28,REAL,67385229692,532,67385230224,67385230224
2025-06-18 17:52:30,REAL,67385230224,533,67385230757,67385230757
2025-06-18 17:52:32,REAL,67385230757,601,67385231358,67385231358
2025-06-18 17:52:34,REAL,67385231358,543,67385231901,67385231901
2025-06-18 17:52:36,REAL,67385231901,601,67385232502,67385232502
2025-06-18 17:52:38,REAL,67385232502,678,67385233180,67385233180
2025-06-18 17:52:40,REAL,67385233180,543,67385233723,67385233723
2025-06-18 17:52:42,REAL,67385233723,540,67385234263,67385234263
2025-06-18 17:52:44,REAL,67385234263,546,67385234809,67385234809
2025-06-18 17:52:46,REAL,67385234809,547,67385235356,67385235356
2025-06-18 17:52:48,REAL,67385235356,601,67385235957,67385235957
2025-06-18 17:52:50,REAL,67385235957,532,67385236489,67385236489
2025-06-18 17:52:52,REAL,67385236489,538,67385237027,67385237027
2025-06-18 17:52:54,REAL,67385237027,616,67385237643,67385237643
2025-06-18 17:52:56,REAL,67385237643,539,67385238182,67385238182
2025-06-18 17:52:58,REAL,67385238182,544,67385238726,67385238726
2025-06-18 17:53:00,REAL,67385238726,592,67385239318,67385239318
2025-06-18 17:53:02,REAL,67385239318,531,67385239849,67385239849
2025-06-18 17:53:04,REAL,67385239849,600,67385240449,67385240449
2025-06-18 17:53:06,REAL,67385240449,537,67385240986,67385240986
2025-06-18 17:53:08,REAL,67385240986,607,67385241593,67385241593
2025-06-18 17:53:10,REAL,67385241593,537,67385242130,67385242130
2025-06-18 17:53:12,REAL,67385242130,530,67385242660,67385242660
2025-06-18 17:53:14,REAL,67385242660,541,67385243201,67385243201
2025-06-18 17:53:16,REAL,67385243201,540,67385243741,67385243741
2025-06-18 17:53:18,REAL,67385243741,539,67385244280,67385244280
2025-06-18 17:53:20,REAL,67385244280,110945,67385355225,67385355225
2025-06-18 17:53:22,REAL,67385355225,166796,67385522021,67385522021
2025-06-18 17:53:24,REAL,67385522021,29192,67385551213,67385551213
2025-06-18 17:53:26,REAL,67385551213,28636,67385579849,67385579849
2025-06-18 17:53:28,REAL,67385579849,29603,67385609452,67385609452
2025-06-18 17:53:30,REAL,67385609452,29315,67385638767,67385638767
2025-06-18 17:53:32,REAL,67385638767,28931,67385667698,67385667698
2025-06-18 17:53:34,REAL,67385667698,29246,67385696944,67385696944
2025-06-18 17:53:36,REAL,67385696944,3740,67385700684,67385700684
2025-06-18 17:53:38,REAL,67385700684,612,67385701296,67385701296
2025-06-18 17:53:40,REAL,67385701296,541,67385701837,67385701837
2025-06-18 17:53:42,REAL,67385701837,543,67385702380,67385702380
2025-06-18 17:53:44,REAL,67385702380,539,67385702919,67385702919
2025-06-18 17:53:46,REAL,67385702919,590,67385703509,67385703509
2025-06-18 17:53:48,REAL,67385703509,537,67385704046,67385704046
2025-06-18 17:53:50,REAL,67385704046,536,67385704582,67385704582
2025-06-18 17:53:52,REAL,67385704582,112272,67385816854,67385816854
2025-06-18 17:53:54,REAL,67385816854,135605,67385952459,67385952459
2025-06-18 17:53:56,REAL,67385952459,29273,67385981732,67385981732
2025-06-18 17:53:58,REAL,67385981732,29530,67386011262,67386011262
2025-06-18 17:54:00,REAL,67386011262,31705,67386042967,67386042967
2025-06-18 17:54:02,REAL,67386042967,25939,67386068906,67386068906
2025-06-18 17:54:04,REAL,67386068906,29775,67386098681,67386098681
2025-06-18 17:54:06,REAL,67386098681,29238,67386127919,67386127919
2025-06-18 17:54:08,REAL,67386127919,1963,67386129882,67386129882
2025-06-18 17:54:10,REAL,67386129882,617,67386130499,67386130499
2025-06-18 17:54:12,REAL,67386130499,547,67386131046,67386131046
2025-06-18 17:54:14,REAL,67386131046,532,67386131578,67386131578
2025-06-18 17:54:16,REAL,67386131578,540,67386132118,67386132118
2025-06-18 17:54:18,REAL,67386132118,545,67386132663,67386132663
2025-06-18 17:54:20,REAL,67386132663,544,67386133207,67386133207
2025-06-18 17:54:22,REAL,67386133207,536,67386133743,67386133743
2025-06-18 17:54:24,REAL,67386133743,668,67386134411,67386134411
2025-06-18 17:54:26,REAL,67386134411,542,67386134953,67386134953
2025-06-18 17:54:28,REAL,67386134953,543,67386135496,67386135496
2025-06-18 17:54:30,REAL,67386135496,600,67386136096,67386136096
2025-06-18 17:54:32,REAL,67386136096,595,67386136691,67386136691
2025-06-18 17:54:34,REAL,67386136691,532,67386137223,67386137223
2025-06-18 17:54:36,REAL,67386137223,543,67386137766,67386137766
2025-06-18 17:54:38,REAL,67386137766,545,67386138311,67386138311
2025-06-18 17:54:40,REAL,67386138311,678,67386138989,67386138989
2025-06-18 17:54:42,REAL,67386138989,545,67386139534,67386139534
2025-06-18 17:54:44,REAL,67386139534,532,67386140066,67386140066
2025-06-18 17:54:46,REAL,67386140066,534,67386140600,67386140600
2025-06-18 17:54:48,REAL,67386140600,540,67386141140,67386141140
2025-06-18 17:54:50,REAL,67386141140,546,67386141686,67386141686
2025-06-18 17:54:52,REAL,67386141686,588,67386142274,67386142274
2025-06-18 17:54:54,REAL,67386142274,674,67386142948,67386142948
2025-06-18 17:54:56,REAL,67386142948,129753,67386272701,67386272701
2025-06-18 17:54:58,REAL,67386272701,114883,67386387584,67386387584
2025-06-18 17:55:00,REAL,67386387584,29033,67386416617,67386416617
2025-06-18 17:55:02,REAL,67386416617,29009,67386445626,67386445626
2025-06-18 17:55:04,REAL,67386445626,28652,67386474278,67386474278
2025-06-18 17:55:06,REAL,67386474278,29221,67386503499,67386503499
2025-06-18 17:55:08,REAL,67386503499,29165,67386532664,67386532664
2025-06-18 17:55:10,REAL,67386532664,26455,67386559119,67386559119
2025-06-18 17:55:12,REAL,67386559119,537,67386559656,67386559656
2025-06-18 17:55:14,REAL,67386559656,596,67386560252,67386560252
2025-06-18 17:55:16,REAL,67386560252,537,67386560789,67386560789
2025-06-18 17:55:18,REAL,67386560789,537,67386561326,67386561326
2025-06-18 17:55:20,REAL,67386561326,534,67386561860,67386561860
2025-06-18 17:55:22,REAL,67386561860,537,67386562397,67386562397
2025-06-18 17:55:24,REAL,67386562397,612,67386563009,67386563009
2025-06-18 17:55:26,REAL,67386563009,601,67386563610,67386563610
2025-06-18 17:55:28,REAL,67386563610,531,67386564141,67386564141
2025-06-18 17:55:30,REAL,67386564141,536,67386564677,67386564677
2025-06-18 17:55:32,REAL,67386564677,533,67386565210,67386565210
2025-06-18 17:55:34,REAL,67386565210,538,67386565748,67386565748
2025-06-18 17:55:36,REAL,67386565748,644,67386566392,67386566392
2025-06-18 17:55:38,REAL,67386566392,547,67386566939,67386566939
2025-06-18 17:55:40,REAL,67386566939,612,67386567551,67386567551
2025-06-18 17:55:42,REAL,67386567551,604,67386568155,67386568155
2025-06-18 17:55:44,REAL,67386568155,546,67386568701,67386568701
2025-06-18 17:55:46,REAL,67386568701,535,67386569236,67386569236
2025-06-18 17:55:48,REAL,67386569236,546,67386569782,67386569782
2025-06-18 17:55:50,REAL,67386569782,548,67386570330,67386570330
2025-06-18 17:55:52,REAL,67386570330,540,67386570870,67386570870
2025-06-18 17:55:54,REAL,67386570870,612,67386571482,67386571482
2025-06-18 17:55:56,REAL,67386571482,547,67386572029,67386572029
2025-06-18 17:55:58,REAL,67386572029,665,67386572694,67386572694
2025-06-18 17:56:00,REAL,67386572694,537,67386573231,67386573231
2025-06-18 17:56:02,REAL,67386573231,536,67386573767,67386573767
2025-06-18 17:56:04,REAL,67386573767,546,67386574313,67386574313
2025-06-18 17:56:06,REAL,67386574313,544,67386574857,67386574857
2025-06-18 17:56:08,REAL,67386574857,535,67386575392,67386575392
2025-06-18 17:56:10,REAL,67386575392,615,67386576007,67386576007
2025-06-18 17:56:12,REAL,67386576007,538,67386576545,67386576545
2025-06-18 17:56:14,REAL,67386576545,600,67386577145,67386577145
2025-06-18 17:56:16,REAL,67386577145,539,67386577684,67386577684
2025-06-18 17:56:18,REAL,67386577684,598,67386578282,67386578282
2025-06-18 17:56:20,REAL,67386578282,539,67386578821,67386578821
2025-06-18 17:56:22,REAL,67386578821,548,67386579369,67386579369
2025-06-18 17:56:24,REAL,67386579369,624,67386579993,67386579993
2025-06-18 17:56:26,REAL,67386579993,547,67386580540,67386580540
2025-06-18 17:56:28,REAL,67386580540,544,67386581084,67386581084
2025-06-18 17:56:30,REAL,67386581084,600,67386581684,67386581684
2025-06-18 17:56:32,REAL,67386581684,536,67386582220,67386582220
2025-06-18 17:56:34,REAL,67386582220,593,67386582813,67386582813
2025-06-18 17:56:36,REAL,67386582813,542,67386583355,67386583355
2025-06-18 17:56:38,REAL,67386583355,537,67386583892,67386583892
2025-06-18 17:56:40,REAL,67386583892,607,67386584499,67386584499
2025-06-18 17:56:42,REAL,67386584499,545,67386585044,67386585044
2025-06-18 17:56:44,REAL,67386585044,537,67386585581,67386585581
2025-06-18 17:56:46,REAL,67386585581,592,67386586173,67386586173
2025-06-18 17:56:48,REAL,67386586173,539,67386586712,67386586712
2025-06-18 17:56:50,REAL,67386586712,540,67386587252,67386587252
2025-06-18 17:56:52,REAL,67386587252,536,67386587788,67386587788
2025-06-18 17:56:54,REAL,67386587788,622,67386588410,67386588410
2025-06-18 17:56:56,REAL,67386588410,536,67386588946,67386588946
2025-06-18 17:56:58,REAL,67386588946,599,67386589545,67386589545
2025-06-18 17:57:00,REAL,67386589545,549,67386590094,67386590094
2025-06-18 17:57:02,REAL,67386590094,603,67386590697,67386590697
2025-06-18 17:57:04,REAL,67386590697,535,67386591232,67386591232
2025-06-18 17:57:06,REAL,67386591232,548,67386591780,67386591780
2025-06-18 17:57:08,REAL,67386591780,541,67386592321,67386592321
2025-06-18 17:57:10,REAL,67386592321,616,67386592937,67386592937
2025-06-18 17:57:12,REAL,67386592937,595,67386593532,67386593532
2025-06-18 17:57:14,REAL,67386593532,545,67386594077,67386594077
2025-06-18 17:57:16,REAL,67386594077,539,67386594616,67386594616
2025-06-18 17:57:18,REAL,67386594616,598,67386595214,67386595214
2025-06-18 17:57:20,REAL,67386595214,537,67386595751,67386595751
2025-06-18 17:57:22,REAL,67386595751,546,67386596297,67386596297
2025-06-18 17:57:24,REAL,67386596297,609,67386596906,67386596906
2025-06-18 17:57:26,REAL,67386596906,545,67386597451,67386597451
2025-06-18 17:57:28,REAL,67386597451,301,67386597752,67386597752
2025-06-18 17:57:30,REAL,67386597752,542,67386598294,67386598294
2025-06-18 17:57:32,REAL,67386598294,545,67386598839,67386598839
2025-06-18 17:57:34,REAL,67386598839,596,67386599435,67386599435
2025-06-18 17:57:36,REAL,67386599435,539,67386599974,67386599974
2025-06-18 17:57:38,REAL,67386599974,538,67386600512,67386600512
2025-06-18 17:57:40,REAL,67386600512,680,67386601192,67386601192
2025-06-18 17:57:42,REAL,67386601192,539,67386601731,67386601731
2025-06-18 17:57:44,REAL,67386601731,550,67386602281,67386602281
2025-06-18 17:57:46,REAL,67386602281,546,67386602827,67386602827
2025-06-18 17:57:48,REAL,67386602827,547,67386603374,67386603374
2025-06-18 17:57:50,REAL,67386603374,657,67386604031,67386604031
2025-06-18 17:57:52,REAL,67386604031,542,67386604573,67386604573
2025-06-18 17:57:54,REAL,67386604573,618,67386605191,67386605191
2025-06-18 17:57:56,REAL,67386605191,539,67386605730,67386605730
2025-06-18 17:57:58,REAL,67386605730,547,67386606277,67386606277
2025-06-18 17:58:00,REAL,67386606277,539,67386606816,67386606816
2025-06-18 17:58:02,REAL,67386606816,538,67386607354,67386607354
2025-06-18 17:58:04,REAL,67386607354,538,67386607892,67386607892
2025-06-18 17:58:06,REAL,67386607892,604,67386608496,67386608496
2025-06-18 17:58:08,REAL,67386608496,280905,67386889401,67386889401
2025-06-18 17:58:10,REAL,67386889401,29421,67386918822,67386918822
2025-06-18 17:58:12,REAL,67386918822,28931,67386947753,67386947753
2025-06-18 17:58:14,REAL,67386947753,29335,67386977088,67386977088
2025-06-18 17:58:16,REAL,67386977088,28930,67387006018,67387006018
2025-06-18 17:58:18,REAL,67387006018,29099,67387035117,67387035117
2025-06-18 17:58:20,REAL,67387035117,29441,67387064558,67387064558
2025-06-18 17:58:22,REAL,67387064558,15592,67387080150,67387080150
2025-06-18 17:58:24,REAL,67387080150,615,67387080765,67387080765
2025-06-18 17:58:26,REAL,67387080765,596,67387081361,67387081361
2025-06-18 17:58:28,REAL,67387081361,547,67387081908,67387081908
2025-06-18 17:58:30,REAL,67387081908,550,67387082458,67387082458
2025-06-18 17:58:32,REAL,67387082458,539,67387082997,67387082997
2025-06-18 17:58:34,REAL,67387082997,540,67387083537,67387083537
2025-06-18 17:58:36,REAL,67387083537,546,67387084083,67387084083
2025-06-18 17:58:38,REAL,67387084083,595,67387084678,67387084678
2025-06-18 17:58:40,REAL,67387084678,614,67387085292,67387085292
2025-06-18 17:58:42,REAL,67387085292,540,67387085832,67387085832
2025-06-18 17:58:44,REAL,67387085832,540,67387086372,67387086372
2025-06-18 17:58:46,REAL,67387086372,545,67387086917,67387086917
2025-06-18 17:58:48,REAL,67387086917,534,67387087451,67387087451
2025-06-18 17:58:50,REAL,67387087451,596,67387088047,67387088047
2025-06-18 17:58:52,REAL,67387088047,538,67387088585,67387088585
2025-06-18 17:58:54,REAL,67387088585,670,67387089255,67387089255
2025-06-18 17:58:56,REAL,67387089255,538,67387089793,67387089793
2025-06-18 17:58:58,REAL,67387089793,537,67387090330,67387090330
2025-06-18 17:59:00,REAL,67387090330,538,67387090868,67387090868
2025-06-18 17:59:02,REAL,67387090868,595,67387091463,67387091463
2025-06-18 17:59:04,REAL,67387091463,544,67387092007,67387092007
2025-06-18 17:59:06,REAL,67387092007,536,67387092543,67387092543
2025-06-18 17:59:08,REAL,67387092543,540,67387093083,67387093083
2025-06-18 17:59:10,REAL,67387093083,667,67387093750,67387093750
2025-06-18 17:59:12,REAL,67387093750,537,67387094287,67387094287
2025-06-18 17:59:14,REAL,67387094287,534,67387094821,67387094821
2025-06-18 17:59:16,REAL,67387094821,534,67387095355,67387095355
2025-06-18 17:59:18,REAL,67387095355,546,67387095901,67387095901
2025-06-18 17:59:20,REAL,67387095901,533,67387096434,67387096434
2025-06-18 17:59:22,REAL,67387096434,538,67387096972,67387096972
2025-06-18 17:59:24,REAL,67387096972,614,67387097586,67387097586
2025-06-18 17:59:26,REAL,67387097586,31939,67387129525,67387129525
2025-06-18 17:59:28,REAL,67387129525,233092,67387362617,67387362617
2025-06-18 17:59:30,REAL,67387362617,29010,67387391627,67387391627
2025-06-18 17:59:32,REAL,67387391627,28662,67387420289,67387420289
2025-06-18 17:59:34,REAL,67387420289,29521,67387449810,67387449810
2025-06-18 17:59:36,REAL,67387449810,28999,67387478809,67387478809
2025-06-18 17:59:38,REAL,67387478809,28441,67387507250,67387507250
2025-06-18 17:59:40,REAL,67387507250,29572,67387536822,67387536822
2025-06-18 17:59:42,REAL,67387536822,11258,67387548080,67387548080
2025-06-18 17:59:44,REAL,67387548080,539,67387548619,67387548619
2025-06-18 17:59:46,REAL,67387548619,539,67387549158,67387549158
2025-06-18 17:59:48,REAL,67387549158,543,67387549701,67387549701
2025-06-18 17:59:50,REAL,67387549701,601,67387550302,67387550302
2025-06-18 17:59:52,REAL,67387550302,538,67387550840,67387550840
2025-06-18 17:59:54,REAL,67387550840,614,67387551454,67387551454
2025-06-18 17:59:56,REAL,67387551454,543,67387551997,67387551997
2025-06-18 17:59:58,REAL,67387551997,34862,67387586859,67387586859
2025-06-18 18:00:00,REAL,67387586859,212312,67387799171,67387799171
2025-06-18 18:00:02,REAL,67387799171,29429,67387828600,67387828600
2025-06-18 18:00:04,REAL,67387828600,28049,67387856649,67387856649
2025-06-18 18:00:06,REAL,67387856649,28735,67387885384,67387885384
2025-06-18 18:00:08,REAL,67387885384,28736,67387914120,67387914120
2025-06-18 18:00:10,REAL,67387914120,29383,67387943503,67387943503
2025-06-18 18:00:12,REAL,67387943503,29928,67387973431,67387973431
2025-06-18 18:00:14,REAL,67387973431,9385,67387982816,67387982816
2025-06-18 18:00:16,REAL,67387982816,595,67387983411,67387983411
2025-06-18 18:00:18,REAL,67387983411,535,67387983946,67387983946
2025-06-18 18:00:20,REAL,67387983946,540,67387984486,67387984486
2025-06-18 18:00:22,REAL,67387984486,601,67387985087,67387985087
2025-06-18 18:00:24,REAL,67387985087,548,67387985635,67387985635
2025-06-18 18:00:26,REAL,67387985635,609,67387986244,67387986244
2025-06-18 18:00:28,REAL,67387986244,532,67387986776,67387986776
2025-06-18 18:00:30,REAL,67387986776,48165,67388034941,67388034941
2025-06-18 18:00:32,REAL,67388034941,204402,67388239343,67388239343
2025-06-18 18:00:34,REAL,67388239343,29005,67388268348,67388268348
2025-06-18 18:00:36,REAL,67388268348,29414,67388297762,67388297762
2025-06-18 18:00:38,REAL,67388297762,28690,67388326452,67388326452
2025-06-18 18:00:40,REAL,67388326452,29406,67388355858,67388355858
2025-06-18 18:00:42,REAL,67388355858,28631,67388384489,67388384489
2025-06-18 18:00:44,REAL,67388384489,29212,67388413701,67388413701
2025-06-18 18:00:46,REAL,67388413701,7365,67388421066,67388421066
2025-06-18 18:00:48,REAL,67388421066,541,67388421607,67388421607
2025-06-18 18:00:50,REAL,67388421607,547,67388422154,67388422154
2025-06-18 18:00:52,REAL,67388422154,548,67388422702,67388422702
2025-06-18 18:00:54,REAL,67388422702,648,67388423350,67388423350
2025-06-18 18:00:56,REAL,67388423350,614,67388423964,67388423964
2025-06-18 18:00:58,REAL,67388423964,538,67388424502,67388424502
2025-06-18 18:01:00,REAL,67388424502,543,67388425045,67388425045
2025-06-18 18:01:02,REAL,67388425045,74835,67388499880,67388499880
2025-06-18 18:01:04,REAL,67388499880,200945,67388700825,67388700825
2025-06-18 18:01:06,REAL,67388700825,29110,67388729935,67388729935
2025-06-18 18:01:08,REAL,67388729935,29732,67388759667,67388759667
2025-06-18 18:01:10,REAL,67388759667,28802,67388788469,67388788469
2025-06-18 18:01:12,REAL,67388788469,28587,67388817056,67388817056
2025-06-18 18:01:14,REAL,67388817056,28769,67388845825,67388845825
2025-06-18 18:01:16,REAL,67388845825,28853,67388874678,67388874678
2025-06-18 18:01:18,REAL,67388874678,5864,67388880542,67388880542
2025-06-18 18:01:20,REAL,67388880542,539,67388881081,67388881081
2025-06-18 18:01:22,REAL,67388881081,544,67388881625,67388881625
2025-06-18 18:01:24,REAL,67388881625,546,67388882171,67388882171
2025-06-18 18:01:26,REAL,67388882171,665,67388882836,67388882836
2025-06-18 18:01:28,REAL,67388882836,545,67388883381,67388883381
2025-06-18 18:01:30,REAL,67388883381,542,67388883923,67388883923
2025-06-18 18:01:32,REAL,67388883923,538,67388884461,67388884461
2025-06-18 18:01:34,REAL,67388884461,105384,67388989845,67388989845
2025-06-18 18:01:36,REAL,67388989845,171983,67389161828,67389161828
2025-06-18 18:01:38,REAL,67389161828,28918,67389190746,67389190746
2025-06-18 18:01:40,REAL,67389190746,29027,67389219773,67389219773
2025-06-18 18:01:42,REAL,67389219773,29578,67389249351,67389249351
2025-06-18 18:01:44,REAL,67389249351,29105,67389278456,67389278456
2025-06-18 18:01:46,REAL,67389278456,29166,67389307622,67389307622
2025-06-18 18:01:48,REAL,67389307622,29548,67389337170,67389337170
2025-06-18 18:01:50,REAL,67389337170,3755,67389340925,67389340925
2025-06-18 18:01:52,REAL,67389340925,543,67389341468,67389341468
2025-06-18 18:01:54,REAL,67389341468,549,67389342017,67389342017
2025-06-18 18:01:56,REAL,67389342017,617,67389342634,67389342634
2025-06-18 18:01:58,REAL,67389342634,596,67389343230,67389343230
2025-06-18 18:02:00,REAL,67389343230,538,67389343768,67389343768
2025-06-18 18:02:02,REAL,67389343768,547,67389344315,67389344315
2025-06-18 18:02:04,REAL,67389344315,532,67389344847,67389344847
2025-06-18 18:02:06,REAL,67389344847,117360,67389462207,67389462207
2025-06-18 18:02:08,REAL,67389462207,166395,67389628602,67389628602
2025-06-18 18:02:10,REAL,67389628602,29066,67389657668,67389657668
2025-06-18 18:02:12,REAL,67389657668,29117,67389686785,67389686785
2025-06-18 18:02:14,REAL,67389686785,29343,67389716128,67389716128
2025-06-18 18:02:16,REAL,67389716128,28711,67389744839,67389744839
2025-06-18 18:02:18,REAL,67389744839,29371,67389774210,67389774210
2025-06-18 18:02:20,REAL,67389774210,28889,67389803099,67389803099
2025-06-18 18:02:22,REAL,67389803099,2033,67389805132,67389805132
2025-06-18 18:02:24,REAL,67389805132,542,67389805674,67389805674
2025-06-18 18:02:26,REAL,67389805674,614,67389806288,67389806288
2025-06-18 18:02:28,REAL,67389806288,543,67389806831,67389806831
2025-06-18 18:02:30,REAL,67389806831,595,67389807426,67389807426
2025-06-18 18:02:32,REAL,67389807426,544,67389807970,67389807970
2025-06-18 18:02:34,REAL,67389807970,538,67389808508,67389808508
2025-06-18 18:02:36,REAL,67389808508,542,67389809050,67389809050
2025-06-18 18:02:38,REAL,67389809050,598,67389809648,67389809648
2025-06-18 18:02:40,REAL,67389809648,612,67389810260,67389810260
2025-06-18 18:02:42,REAL,67389810260,543,67389810803,67389810803
2025-06-18 18:02:44,REAL,67389810803,539,67389811342,67389811342
2025-06-18 18:02:46,REAL,67389811342,545,67389811887,67389811887
2025-06-18 18:02:48,REAL,67389811887,548,67389812435,67389812435
2025-06-18 18:02:50,REAL,67389812435,541,67389812976,67389812976
2025-06-18 18:02:52,REAL,67389812976,599,67389813575,67389813575
2025-06-18 18:02:54,REAL,67389813575,591,67389814166,67389814166
2025-06-18 18:02:56,REAL,67389814166,607,67389814773,67389814773
2025-06-18 18:02:58,REAL,67389814773,547,67389815320,67389815320
2025-06-18 18:03:00,REAL,67389815320,545,67389815865,67389815865
2025-06-18 18:03:02,REAL,67389815865,601,67389816466,67389816466
2025-06-18 18:03:04,REAL,67389816466,546,67389817012,67389817012
2025-06-18 18:03:06,REAL,67389817012,543,67389817555,67389817555
2025-06-18 18:03:08,REAL,67389817555,594,67389818149,67389818149
2025-06-18 18:03:10,REAL,67389818149,616,67389818765,67389818765
2025-06-18 18:03:12,REAL,67389818765,533,67389819298,67389819298
2025-06-18 18:03:14,REAL,67389819298,543,67389819841,67389819841
2025-06-18 18:03:16,REAL,67389819841,542,67389820383,67389820383
2025-06-18 18:03:18,REAL,67389820383,602,67389820985,67389820985
2025-06-18 18:03:20,REAL,67389820985,538,67389821523,67389821523
2025-06-18 18:03:22,REAL,67389821523,543,67389822066,67389822066
2025-06-18 18:03:24,REAL,67389822066,609,67389822675,67389822675
2025-06-18 18:03:26,REAL,67389822675,616,67389823291,67389823291
2025-06-18 18:03:28,REAL,67389823291,539,67389823830,67389823830
2025-06-18 18:03:30,REAL,67389823830,545,67389824375,67389824375
2025-06-18 18:03:32,REAL,67389824375,538,67389824913,67389824913
2025-06-18 18:03:34,REAL,67389824913,547,67389825460,67389825460
2025-06-18 18:03:36,REAL,67389825460,541,67389826001,67389826001
2025-06-18 18:03:38,REAL,67389826001,548,67389826549,67389826549
2025-06-18 18:03:40,REAL,67389826549,674,67389827223,67389827223
2025-06-18 18:03:42,REAL,67389827223,596,67389827819,67389827819
2025-06-18 18:03:44,REAL,67389827819,540,67389828359,67389828359
2025-06-18 18:03:46,REAL,67389828359,589,67389828948,67389828948
2025-06-18 18:03:48,REAL,67389828948,545,67389829493,67389829493
2025-06-18 18:03:50,REAL,67389829493,536,67389830029,67389830029
2025-06-18 18:03:52,REAL,67389830029,543,67389830572,67389830572
2025-06-18 18:03:54,REAL,67389830572,534,67389831106,67389831106
2025-06-18 18:03:56,REAL,67389831106,668,67389831774,67389831774
2025-06-18 18:03:58,REAL,67389831774,179786,67390011560,67390011560
2025-06-18 18:04:00,REAL,67390011560,108002,67390119562,67390119562
2025-06-18 18:04:02,REAL,67390119562,29592,67390149154,67390149154
2025-06-18 18:04:04,REAL,67390149154,29460,67390178614,67390178614
2025-06-18 18:04:06,REAL,67390178614,29208,67390207822,67390207822
2025-06-18 18:04:08,REAL,67390207822,28990,67390236812,67390236812
2025-06-18 18:04:10,REAL,67390236812,29490,67390266302,67390266302
2025-06-18 18:04:12,REAL,67390266302,23887,67390290189,67390290189
2025-06-18 18:04:14,REAL,67390290189,532,67390290721,67390290721
2025-06-18 18:04:16,REAL,67390290721,534,67390291255,67390291255
2025-06-18 18:04:18,REAL,67390291255,542,67390291797,67390291797
2025-06-18 18:04:20,REAL,67390291797,537,67390292334,67390292334
2025-06-18 18:04:22,REAL,67390292334,541,67390292875,67390292875
2025-06-18 18:04:24,REAL,67390292875,540,67390293415,67390293415
2025-06-18 18:04:26,REAL,67390293415,672,67390294087,67390294087
2025-06-18 18:04:28,REAL,67390294087,654,67390294741,67390294741
2025-06-18 18:04:30,REAL,67390294741,538,67390295279,67390295279
2025-06-18 18:04:32,REAL,67390295279,541,67390295820,67390295820
2025-06-18 18:04:34,REAL,67390295820,540,67390296360,67390296360
2025-06-18 18:04:36,REAL,67390296360,539,67390296899,67390296899
2025-06-18 18:04:38,REAL,67390296899,548,67390297447,67390297447
2025-06-18 18:04:40,REAL,67390297447,624,67390298071,67390298071
2025-06-18 18:04:42,REAL,67390298071,536,67390298607,67390298607
2025-06-18 18:04:44,REAL,67390298607,596,67390299203,67390299203
2025-06-18 18:04:46,REAL,67390299203,534,67390299737,67390299737
2025-06-18 18:04:48,REAL,67390299737,541,67390300278,67390300278
2025-06-18 18:04:50,REAL,67390300278,531,67390300809,67390300809
2025-06-18 18:04:52,REAL,67390300809,537,67390301346,67390301346
2025-06-18 18:04:54,REAL,67390301346,589,67390301935,67390301935
2025-06-18 18:04:56,REAL,67390301935,615,67390302550,67390302550
2025-06-18 18:04:58,REAL,67390302550,540,67390303090,67390303090
2025-06-18 18:05:00,REAL,67390303090,599,67390303689,67390303689
2025-06-18 18:05:02,REAL,67390303689,541,67390304230,67390304230
2025-06-18 18:05:04,REAL,67390304230,545,67390304775,67390304775
2025-06-18 18:05:06,REAL,67390304775,533,67390305308,67390305308
2025-06-18 18:05:08,REAL,67390305308,536,67390305844,67390305844
2025-06-18 18:05:10,REAL,67390305844,606,67390306450,67390306450
2025-06-18 18:05:12,REAL,67390306450,618,67390307068,67390307068
2025-06-18 18:05:14,REAL,67390307068,542,67390307610,67390307610
2025-06-18 18:05:16,REAL,67390307610,597,67390308207,67390308207
2025-06-18 18:05:18,REAL,67390308207,534,67390308741,67390308741
2025-06-18 18:05:20,REAL,67390308741,540,67390309281,67390309281
2025-06-18 18:05:22,REAL,67390309281,590,67390309871,67390309871
2025-06-18 18:05:24,REAL,67390309871,542,67390310413,67390310413
2025-06-18 18:05:26,REAL,67390310413,618,67390311031,67390311031
2025-06-18 18:05:28,REAL,67390311031,537,67390311568,67390311568
2025-06-18 18:05:30,REAL,67390311568,540,67390312108,67390312108
2025-06-18 18:05:32,REAL,67390312108,603,67390312711,67390312711
2025-06-18 18:05:34,REAL,67390312711,544,67390313255,67390313255
2025-06-18 18:05:36,REAL,67390313255,538,67390313793,67390313793
2025-06-18 18:05:38,REAL,67390313793,545,67390314338,67390314338
2025-06-18 18:05:40,REAL,67390314338,538,67390314876,67390314876
2025-06-18 18:05:42,REAL,67390314876,612,67390315488,67390315488
2025-06-18 18:05:44,REAL,67390315488,540,67390316028,67390316028
2025-06-18 18:05:46,REAL,67390316028,547,67390316575,67390316575
2025-06-18 18:05:48,REAL,67390316575,597,67390317172,67390317172
2025-06-18 18:05:50,REAL,67390317172,602,67390317774,67390317774
2025-06-18 18:05:52,REAL,67390317774,541,67390318315,67390318315
2025-06-18 18:05:54,REAL,67390318315,595,67390318910,67390318910
2025-06-18 18:05:56,REAL,67390318910,620,67390319530,67390319530
2025-06-18 18:05:58,REAL,67390319530,539,67390320069,67390320069
2025-06-18 18:06:00,REAL,67390320069,537,67390320606,67390320606
2025-06-18 18:06:02,REAL,67390320606,540,67390321146,67390321146
2025-06-18 18:06:04,REAL,67390321146,592,67390321738,67390321738
2025-06-18 18:06:06,REAL,67390321738,538,67390322276,67390322276
2025-06-18 18:06:08,REAL,67390322276,540,67390322816,67390322816
2025-06-18 18:06:10,REAL,67390322816,541,67390323357,67390323357
2025-06-18 18:06:12,REAL,67390323357,610,67390323967,67390323967
2025-06-18 18:06:14,REAL,67390323967,536,67390324503,67390324503
2025-06-18 18:06:16,REAL,67390324503,538,67390325041,67390325041
2025-06-18 18:06:18,REAL,67390325041,542,67390325583,67390325583
2025-06-18 18:06:20,REAL,67390325583,651,67390326234,67390326234
2025-06-18 18:06:22,REAL,67390326234,541,67390326775,67390326775
2025-06-18 18:06:24,REAL,67390326775,546,67390327321,67390327321
2025-06-18 18:06:26,REAL,67390327321,621,67390327942,67390327942
2025-06-18 18:06:28,REAL,67390327942,545,67390328487,67390328487
2025-06-18 18:06:30,REAL,67390328487,538,67390329025,67390329025
2025-06-18 18:06:32,REAL,67390329025,548,67390329573,67390329573
2025-06-18 18:06:34,REAL,67390329573,540,67390330113,67390330113
2025-06-18 18:06:36,REAL,67390330113,660,67390330773,67390330773
2025-06-18 18:06:38,REAL,67390330773,541,67390331314,67390331314
2025-06-18 18:06:40,REAL,67390331314,533,67390331847,67390331847
2025-06-18 18:06:42,REAL,67390331847,609,67390332456,67390332456
2025-06-18 18:06:44,REAL,67390332456,545,67390333001,67390333001
2025-06-18 18:06:46,REAL,67390333001,538,67390333539,67390333539
2025-06-18 18:06:48,REAL,67390333539,590,67390334129,67390334129
2025-06-18 18:06:50,REAL,67390334129,534,67390334663,67390334663
2025-06-18 18:06:52,REAL,67390334663,599,67390335262,67390335262
2025-06-18 18:06:54,REAL,67390335262,264499,67390599761,67390599761
2025-06-18 18:06:56,REAL,67390599761,29397,67390629158,67390629158
2025-06-18 18:06:58,REAL,67390629158,28848,67390658006,67390658006
2025-06-18 18:07:00,REAL,67390658006,28553,67390686559,67390686559
2025-06-18 18:07:02,REAL,67390686559,29344,67390715903,67390715903
2025-06-18 18:07:04,REAL,67390715903,28830,67390744733,67390744733
2025-06-18 18:07:06,REAL,67390744733,29290,67390774023,67390774023
2025-06-18 18:07:08,REAL,67390774023,14247,67390788270,67390788270
2025-06-18 18:07:10,REAL,67390788270,538,67390788808,67390788808
2025-06-18 18:07:12,REAL,67390788808,621,67390789429,67390789429
2025-06-18 18:07:14,REAL,67390789429,548,67390789977,67390789977
2025-06-18 18:07:16,REAL,67390789977,541,67390790518,67390790518
2025-06-18 18:07:18,REAL,67390790518,547,67390791065,67390791065
2025-06-18 18:07:20,REAL,67390791065,602,67390791667,67390791667
2025-06-18 18:07:22,REAL,67390791667,542,67390792209,67390792209
2025-06-18 18:07:24,REAL,67390792209,601,67390792810,67390792810
2025-06-18 18:07:26,REAL,67390792810,614,67390793424,67390793424
2025-06-18 18:07:28,REAL,67390793424,535,67390793959,67390793959
2025-06-18 18:07:30,REAL,67390793959,537,67390794496,67390794496
2025-06-18 18:07:32,REAL,67390794496,540,67390795036,67390795036
2025-06-18 18:07:34,REAL,67390795036,596,67390795632,67390795632
2025-06-18 18:07:36,REAL,67390795632,542,67390796174,67390796174
2025-06-18 18:07:38,REAL,67390796174,545,67390796719,67390796719
2025-06-18 18:07:40,REAL,67390796719,604,67390797323,67390797323
2025-06-18 18:07:42,REAL,67390797323,611,67390797934,67390797934
2025-06-18 18:07:44,REAL,67390797934,540,67390798474,67390798474
2025-06-18 18:07:46,REAL,67390798474,540,67390799014,67390799014
2025-06-18 18:07:48,REAL,67390799014,535,67390799549,67390799549
2025-06-18 18:07:50,REAL,67390799549,594,67390800143,67390800143
2025-06-18 18:07:52,REAL,67390800143,542,67390800685,67390800685
2025-06-18 18:07:54,REAL,67390800685,538,67390801223,67390801223
2025-06-18 18:07:56,REAL,67390801223,672,67390801895,67390801895
2025-06-18 18:07:58,REAL,67390801895,531,67390802426,67390802426
2025-06-18 18:08:00,REAL,67390802426,547,67390802973,67390802973
2025-06-18 18:08:02,REAL,67390802973,599,67390803572,67390803572
2025-06-18 18:08:04,REAL,67390803572,544,67390804116,67390804116
2025-06-18 18:08:06,REAL,67390804116,540,67390804656,67390804656
2025-06-18 18:08:08,REAL,67390804656,545,67390805201,67390805201
2025-06-18 18:08:10,REAL,67390805201,540,67390805741,67390805741
2025-06-18 18:08:12,REAL,67390805741,673,67390806414,67390806414
2025-06-18 18:08:14,REAL,67390806414,540,67390806954,67390806954
2025-06-18 18:08:16,REAL,67390806954,541,67390807495,67390807495
2025-06-18 18:08:18,REAL,67390807495,595,67390808090,67390808090
2025-06-18 18:08:20,REAL,67390808090,541,67390808631,67390808631
2025-06-18 18:08:22,REAL,67390808631,543,67390809174,67390809174
2025-06-18 18:08:24,REAL,67390809174,541,67390809715,67390809715
2025-06-18 18:08:26,REAL,67390809715,613,67390810328,67390810328
2025-06-18 18:08:28,REAL,67390810328,596,67390810924,67390810924
2025-06-18 18:08:30,REAL,67390810924,542,67390811466,67390811466
2025-06-18 18:08:32,REAL,67390811466,593,67390812059,67390812059
2025-06-18 18:08:34,REAL,67390812059,540,67390812599,67390812599
2025-06-18 18:08:36,REAL,67390812599,542,67390813141,67390813141
2025-06-18 18:08:38,REAL,67390813141,545,67390813686,67390813686
2025-06-18 18:08:40,REAL,67390813686,544,67390814230,67390814230
2025-06-18 18:08:42,REAL,67390814230,617,67390814847,67390814847
2025-06-18 18:08:44,REAL,67390814847,594,67390815441,67390815441
2025-06-18 18:08:46,REAL,67390815441,605,67390816046,67390816046
2025-06-18 18:08:48,REAL,67390816046,547,67390816593,67390816593
2025-06-18 18:08:50,REAL,67390816593,536,67390817129,67390817129
2025-06-18 18:08:52,REAL,67390817129,547,67390817676,67390817676
2025-06-18 18:08:54,REAL,67390817676,540,67390818216,67390818216
2025-06-18 18:08:56,REAL,67390818216,621,67390818837,67390818837
2025-06-18 18:08:58,REAL,67390818837,538,67390819375,67390819375
2025-06-18 18:09:00,REAL,67390819375,651,67390820026,67390820026
2025-06-18 18:09:02,REAL,67390820026,539,67390820565,67390820565
2025-06-18 18:09:04,REAL,67390820565,546,67390821111,67390821111
2025-06-18 18:09:06,REAL,67390821111,537,67390821648,67390821648
2025-06-18 18:09:08,REAL,67390821648,542,67390822190,67390822190
2025-06-18 18:09:10,REAL,67390822190,536,67390822726,67390822726
2025-06-18 18:09:12,REAL,67390822726,612,67390823338,67390823338
2025-06-18 18:09:14,REAL,67390823338,542,67390823880,67390823880
2025-06-18 18:09:16,REAL,67390823880,67774,67390891654,67390891654
2025-06-18 18:09:18,REAL,67390891654,198508,67391090162,67391090162
2025-06-18 18:09:20,REAL,67391090162,29107,67391119269,67391119269
2025-06-18 18:09:22,REAL,67391119269,29576,67391148845,67391148845
2025-06-18 18:09:24,REAL,67391148845,29446,67391178291,67391178291
2025-06-18 18:09:26,REAL,67391178291,29005,67391207296,67391207296
2025-06-18 18:09:28,REAL,67391207296,29751,67391237047,67391237047
2025-06-18 18:09:30,REAL,67391237047,29432,67391266479,67391266479
2025-06-18 18:09:32,REAL,67391266479,5780,67391272259,67391272259
2025-06-18 18:09:34,REAL,67391272259,535,67391272794,67391272794
2025-06-18 18:09:36,REAL,67391272794,536,67391273330,67391273330
2025-06-18 18:09:38,REAL,67391273330,531,67391273861,67391273861
2025-06-18 18:09:40,REAL,67391273861,540,67391274401,67391274401
2025-06-18 18:09:42,REAL,67391274401,621,67391275022,67391275022
2025-06-18 18:09:44,REAL,67391275022,539,67391275561,67391275561
2025-06-18 18:09:46,REAL,67391275561,542,67391276103,67391276103
2025-06-18 18:09:48,REAL,67391276103,608,67391276711,67391276711
2025-06-18 18:09:50,REAL,67391276711,531,67391277242,67391277242
2025-06-18 18:09:52,REAL,67391277242,542,67391277784,67391277784
2025-06-18 18:09:54,REAL,67391277784,541,67391278325,67391278325
2025-06-18 18:09:56,REAL,67391278325,613,67391278938,67391278938
2025-06-18 18:09:58,REAL,67391278938,595,67391279533,67391279533
2025-06-18 18:10:00,REAL,67391279533,544,67391280077,67391280077
2025-06-18 18:10:02,REAL,67391280077,543,67391280620,67391280620
2025-06-18 18:10:04,REAL,67391280620,601,67391281221,67391281221
2025-06-18 18:10:06,REAL,67391281221,595,67391281816,67391281816
2025-06-18 18:10:08,REAL,67391281816,545,67391282361,67391282361
2025-06-18 18:10:10,REAL,67391282361,538,67391282899,67391282899
2025-06-18 18:10:12,REAL,67391282899,616,67391283515,67391283515
2025-06-18 18:10:14,REAL,67391283515,547,67391284062,67391284062
2025-06-18 18:10:16,REAL,67391284062,538,67391284600,67391284600
2025-06-18 18:10:18,REAL,67391284600,537,67391285137,67391285137
2025-06-18 18:10:20,REAL,67391285137,122764,67391407901,67391407901
2025-06-18 18:10:22,REAL,67391407901,166529,67391574430,67391574430
2025-06-18 18:10:24,REAL,67391574430,28698,67391603128,67391603128
2025-06-18 18:10:26,REAL,67391603128,28835,67391631963,67391631963
2025-06-18 18:10:28,REAL,67391631963,28652,67391660615,67391660615
2025-06-18 18:10:30,REAL,67391660615,29235,67391689850,67391689850
2025-06-18 18:10:32,REAL,67391689850,28998,67391718848,67391718848
2025-06-18 18:10:34,REAL,67391718848,29348,67391748196,67391748196
2025-06-18 18:10:36,REAL,67391748196,2369,67391750565,67391750565
2025-06-18 18:10:38,REAL,67391750565,539,67391751104,67391751104
2025-06-18 18:10:40,REAL,67391751104,544,67391751648,67391751648
2025-06-18 18:10:42,REAL,67391751648,610,67391752258,67391752258
2025-06-18 18:10:44,REAL,67391752258,540,67391752798,67391752798
2025-06-18 18:10:46,REAL,67391752798,534,67391753332,67391753332
2025-06-18 18:10:48,REAL,67391753332,541,67391753873,67391753873
2025-06-18 18:10:50,REAL,67391753873,545,67391754418,67391754418
2025-06-18 18:10:52,REAL,67391754418,133183,67391887601,67391887601
2025-06-18 18:10:54,REAL,67391887601,139772,67392027373,67392027373
2025-06-18 18:10:56,REAL,67392027373,29237,67392056610,67392056610
2025-06-18 18:10:58,REAL,67392056610,29601,67392086211,67392086211
2025-06-18 18:11:00,REAL,67392086211,28642,67392114853,67392114853
2025-06-18 18:11:02,REAL,67392114853,28785,67392143638,67392143638
2025-06-18 18:11:04,REAL,67392143638,28771,67392172409,67392172409
2025-06-18 18:11:06,REAL,67392172409,28971,67392201380,67392201380
2025-06-18 18:11:08,REAL,67392201380,603,67392201983,67392201983
2025-06-18 18:11:10,REAL,67392201983,535,67392202518,67392202518
2025-06-18 18:11:12,REAL,67392202518,615,67392203133,67392203133
2025-06-18 18:11:14,REAL,67392203133,539,67392203672,67392203672
2025-06-18 18:11:16,REAL,67392203672,543,67392204215,67392204215
2025-06-18 18:11:18,REAL,67392204215,534,67392204749,67392204749
2025-06-18 18:11:20,REAL,67392204749,540,67392205289,67392205289
2025-06-18 18:11:22,REAL,67392205289,598,67392205887,67392205887
2025-06-18 18:11:24,REAL,67392205887,593,67392206480,67392206480
2025-06-18 18:11:26,REAL,67392206480,624,67392207104,67392207104
2025-06-18 18:11:28,REAL,67392207104,547,67392207651,67392207651
2025-06-18 18:11:30,REAL,67392207651,534,67392208185,67392208185
2025-06-18 18:11:32,REAL,67392208185,540,67392208725,67392208725
2025-06-18 18:11:34,REAL,67392208725,541,67392209266,67392209266
2025-06-18 18:11:36,REAL,67392209266,547,67392209813,67392209813
2025-06-18 18:11:38,REAL,67392209813,597,67392210410,67392210410
2025-06-18 18:11:40,REAL,67392210410,546,67392210956,67392210956
2025-06-18 18:11:42,REAL,67392210956,616,67392211572,67392211572
2025-06-18 18:11:44,REAL,67392211572,594,67392212166,67392212166
2025-06-18 18:11:46,REAL,67392212166,534,67392212700,67392212700
2025-06-18 18:11:48,REAL,67392212700,540,67392213240,67392213240
2025-06-18 18:11:50,REAL,67392213240,596,67392213836,67392213836
2025-06-18 18:11:52,REAL,67392213836,540,67392214376,67392214376
2025-06-18 18:11:54,REAL,67392214376,602,67392214978,67392214978
2025-06-18 18:11:56,REAL,67392214978,531,67392215509,67392215509
2025-06-18 18:11:58,REAL,67392215509,617,67392216126,67392216126
2025-06-18 18:12:00,REAL,67392216126,538,67392216664,67392216664
2025-06-18 18:12:02,REAL,67392216664,539,67392217203,67392217203
2025-06-18 18:12:04,REAL,67392217203,544,67392217747,67392217747
2025-06-18 18:12:06,REAL,67392217747,543,67392218290,67392218290
2025-06-18 18:12:08,REAL,67392218290,536,67392218826,67392218826
2025-06-18 18:12:10,REAL,67392218826,599,67392219425,67392219425
2025-06-18 18:12:12,REAL,67392219425,179621,67392399046,67392399046
2025-06-18 18:12:14,REAL,67392399046,104070,67392503116,67392503116
2025-06-18 18:12:16,REAL,67392503116,29515,67392532631,67392532631
2025-06-18 18:12:18,REAL,67392532631,29026,67392561657,67392561657
2025-06-18 18:12:20,REAL,67392561657,29153,67392590810,67392590810
2025-06-18 18:12:22,REAL,67392590810,28948,67392619758,67392619758
2025-06-18 18:12:24,REAL,67392619758,29057,67392648815,67392648815
2025-06-18 18:12:26,REAL,67392648815,24182,67392672997,67392672997
2025-06-18 18:12:28,REAL,67392672997,615,67392673612,67392673612
2025-06-18 18:12:30,REAL,67392673612,545,67392674157,67392674157
2025-06-18 18:12:32,REAL,67392674157,539,67392674696,67392674696
2025-06-18 18:12:34,REAL,67392674696,535,67392675231,67392675231
2025-06-18 18:12:36,REAL,67392675231,541,67392675772,67392675772
2025-06-18 18:12:38,REAL,67392675772,545,67392676317,67392676317
2025-06-18 18:12:40,REAL,67392676317,544,67392676861,67392676861
2025-06-18 18:12:42,REAL,67392676861,667,67392677528,67392677528
2025-06-18 18:12:44,REAL,67392677528,186601,67392864129,67392864129
2025-06-18 18:12:46,REAL,67392864129,79513,67392943642,67392943642
2025-06-18 18:12:48,REAL,67392943642,28590,67392972232,67392972232
2025-06-18 18:12:50,REAL,67392972232,29388,67393001620,67393001620
2025-06-18 18:12:52,REAL,67393001620,28830,67393030450,67393030450
2025-06-18 18:12:54,REAL,67393030450,29406,67393059856,67393059856
2025-06-18 18:12:56,REAL,67393059856,29606,67393089462,67393089462
2025-06-18 18:12:58,REAL,67393089462,22798,67393112260,67393112260
2025-06-18 18:13:00,REAL,67393112260,539,67393112799,67393112799
2025-06-18 18:13:02,REAL,67393112799,544,67393113343,67393113343
2025-06-18 18:13:04,REAL,67393113343,540,67393113883,67393113883
2025-06-18 18:13:06,REAL,67393113883,535,67393114418,67393114418
2025-06-18 18:13:08,REAL,67393114418,542,67393114960,67393114960
2025-06-18 18:13:10,REAL,67393114960,672,67393115632,67393115632
2025-06-18 18:13:12,REAL,67393115632,620,67393116252,67393116252
2025-06-18 18:13:14,REAL,67393116252,591,67393116843,67393116843
2025-06-18 18:13:16,REAL,67393116843,542,67393117385,67393117385
2025-06-18 18:13:18,REAL,67393117385,543,67393117928,67393117928
2025-06-18 18:13:20,REAL,67393117928,537,67393118465,67393118465
2025-06-18 18:13:22,REAL,67393118465,536,67393119001,67393119001
2025-06-18 18:13:24,REAL,67393119001,541,67393119542,67393119542
2025-06-18 18:13:26,REAL,67393119542,540,67393120082,67393120082
2025-06-18 18:13:28,REAL,67393120082,609,67393120691,67393120691
2025-06-18 18:13:30,REAL,67393120691,607,67393121298,67393121298
2025-06-18 18:13:32,REAL,67393121298,532,67393121830,67393121830
2025-06-18 18:13:34,REAL,67393121830,545,67393122375,67393122375
2025-06-18 18:13:36,REAL,67393122375,593,67393122968,67393122968
2025-06-18 18:13:38,REAL,67393122968,588,67393123556,67393123556
2025-06-18 18:13:40,REAL,67393123556,542,67393124098,67393124098
2025-06-18 18:13:42,REAL,67393124098,616,67393124714,67393124714
2025-06-18 18:13:44,REAL,67393124714,547,67393125261,67393125261
2025-06-18 18:13:46,REAL,67393125261,598,67393125859,67393125859
2025-06-18 18:13:48,REAL,67393125859,533,67393126392,67393126392
2025-06-18 18:13:50,REAL,67393126392,541,67393126933,67393126933
2025-06-18 18:13:52,REAL,67393126933,543,67393127476,67393127476
2025-06-18 18:13:54,REAL,67393127476,546,67393128022,67393128022
2025-06-18 18:13:56,REAL,67393128022,539,67393128561,67393128561
2025-06-18 18:13:58,REAL,67393128561,619,67393129180,67393129180
2025-06-18 18:14:00,REAL,67393129180,542,67393129722,67393129722
2025-06-18 18:14:02,REAL,67393129722,601,67393130323,67393130323
2025-06-18 18:14:04,REAL,67393130323,354,67393130677,67393130677
2025-06-18 18:14:06,REAL,67393130677,549,67393131226,67393131226
2025-06-18 18:14:08,REAL,67393131226,536,67393131762,67393131762
2025-06-18 18:14:10,REAL,67393131762,538,67393132300,67393132300
2025-06-18 18:14:12,REAL,67393132300,608,67393132908,67393132908
2025-06-18 18:14:14,REAL,67393132908,539,67393133447,67393133447
2025-06-18 18:14:16,REAL,67393133447,532,67393133979,67393133979
2025-06-18 18:14:18,REAL,67393133979,599,67393134578,67393134578
2025-06-18 18:14:20,REAL,67393134578,247919,67393382497,67393382497
2025-06-18 18:14:22,REAL,67393382497,35753,67393418250,67393418250
2025-06-18 18:14:24,REAL,67393418250,29129,67393447379,67393447379
2025-06-18 18:14:26,REAL,67393447379,29157,67393476536,67393476536
2025-06-18 18:14:28,REAL,67393476536,29031,67393505567,67393505567
2025-06-18 18:14:30,REAL,67393505567,29803,67393535370,67393535370
2025-06-18 18:14:32,REAL,67393535370,29214,67393564584,67393564584
2025-06-18 18:14:34,REAL,67393564584,17091,67393581675,67393581675
2025-06-18 18:14:36,REAL,67393581675,543,67393582218,67393582218
2025-06-18 18:14:38,REAL,67393582218,535,67393582753,67393582753
2025-06-18 18:14:40,REAL,67393582753,545,67393583298,67393583298
2025-06-18 18:14:42,REAL,67393583298,615,67393583913,67393583913
2025-06-18 18:14:44,REAL,67393583913,535,67393584448,67393584448
2025-06-18 18:14:46,REAL,67393584448,538,67393584986,67393584986
2025-06-18 18:14:48,REAL,67393584986,544,67393585530,67393585530
2025-06-18 18:14:50,REAL,67393585530,593,67393586123,67393586123
2025-06-18 18:14:52,REAL,67393586123,541,67393586664,67393586664
2025-06-18 18:14:54,REAL,67393586664,533,67393587197,67393587197
2025-06-18 18:14:56,REAL,67393587197,536,67393587733,67393587733
2025-06-18 18:14:58,REAL,67393587733,676,67393588409,67393588409
2025-06-18 18:15:00,REAL,67393588409,545,67393588954,67393588954
2025-06-18 18:15:02,REAL,67393588954,598,67393589552,67393589552
2025-06-18 18:15:04,REAL,67393589552,531,67393590083,67393590083
2025-06-18 18:15:06,REAL,67393590083,609,67393590692,67393590692
2025-06-18 18:15:08,REAL,67393590692,541,67393591233,67393591233
2025-06-18 18:15:10,REAL,67393591233,536,67393591769,67393591769
2025-06-18 18:15:12,REAL,67393591769,620,67393592389,67393592389
2025-06-18 18:15:14,REAL,67393592389,542,67393592931,67393592931
2025-06-18 18:15:16,REAL,67393592931,542,67393593473,67393593473
2025-06-18 18:15:18,REAL,67393593473,545,67393594018,67393594018
2025-06-18 18:15:20,REAL,67393594018,609,67393594627,67393594627
2025-06-18 18:15:22,REAL,67393594627,599,67393595226,67393595226
2025-06-18 18:15:24,REAL,67393595226,599,67393595825,67393595825
2025-06-18 18:15:26,REAL,67393595825,536,67393596361,67393596361
2025-06-18 18:15:28,REAL,67393596361,615,67393596976,67393596976
2025-06-18 18:15:30,REAL,67393596976,547,67393597523,67393597523
2025-06-18 18:15:32,REAL,67393597523,542,67393598065,67393598065
2025-06-18 18:15:34,REAL,67393598065,542,67393598607,67393598607
2025-06-18 18:15:36,REAL,67393598607,544,67393599151,67393599151
2025-06-18 18:15:38,REAL,67393599151,602,67393599753,67393599753
2025-06-18 18:15:40,REAL,67393599753,539,67393600292,67393600292
2025-06-18 18:15:42,REAL,67393600292,611,67393600903,67393600903
2025-06-18 18:15:44,REAL,67393600903,545,67393601448,67393601448
2025-06-18 18:15:46,REAL,67393601448,593,67393602041,67393602041
2025-06-18 18:15:48,REAL,67393602041,539,67393602580,67393602580
2025-06-18 18:15:50,REAL,67393602580,594,67393603174,67393603174
2025-06-18 18:15:52,REAL,67393603174,538,67393603712,67393603712
2025-06-18 18:15:54,REAL,67393603712,598,67393604310,67393604310
2025-06-18 18:15:56,REAL,67393604310,533,67393604843,67393604843
2025-06-18 18:15:58,REAL,67393604843,611,67393605454,67393605454
2025-06-18 18:16:00,REAL,67393605454,541,67393605995,67393605995
2025-06-18 18:16:02,REAL,67393605995,542,67393606537,67393606537
2025-06-18 18:16:04,REAL,67393606537,531,67393607068,67393607068
2025-06-18 18:16:06,REAL,67393607068,537,67393607605,67393607605
2025-06-18 18:16:08,REAL,67393607605,538,67393608143,67393608143
2025-06-18 18:16:10,REAL,67393608143,599,67393608742,67393608742
2025-06-18 18:16:12,REAL,67393608742,620,67393609362,67393609362
2025-06-18 18:16:14,REAL,67393609362,545,67393609907,67393609907
2025-06-18 18:16:16,REAL,67393609907,542,67393610449,67393610449
2025-06-18 18:16:18,REAL,67393610449,536,67393610985,67393610985
2025-06-18 18:16:20,REAL,67393610985,540,67393611525,67393611525
2025-06-18 18:16:22,REAL,67393611525,540,67393612065,67393612065
2025-06-18 18:16:24,REAL,67393612065,541,67393612606,67393612606
2025-06-18 18:16:26,REAL,67393612606,598,67393613204,67393613204
2025-06-18 18:16:28,REAL,67393613204,664,67393613868,67393613868
2025-06-18 18:16:30,REAL,67393613868,545,67393614413,67393614413
2025-06-18 18:16:32,REAL,67393614413,546,67393614959,67393614959
2025-06-18 18:16:34,REAL,67393614959,543,67393615502,67393615502
2025-06-18 18:16:36,REAL,67393615502,540,67393616042,67393616042
2025-06-18 18:16:38,REAL,67393616042,541,67393616583,67393616583
2025-06-18 18:16:40,REAL,67393616583,595,67393617178,67393617178
2025-06-18 18:16:42,REAL,67393617178,596,67393617774,67393617774
2025-06-18 18:16:44,REAL,67393617774,617,67393618391,67393618391
2025-06-18 18:16:46,REAL,67393618391,539,67393618930,67393618930
2025-06-18 18:16:48,REAL,67393618930,539,67393619469,67393619469
2025-06-18 18:16:50,REAL,67393619469,546,67393620015,67393620015
2025-06-18 18:16:52,REAL,67393620015,540,67393620555,67393620555
2025-06-18 18:16:54,REAL,67393620555,547,67393621102,67393621102
2025-06-18 18:16:56,REAL,67393621102,544,67393621646,67393621646
2025-06-18 18:16:58,REAL,67393621646,682,67393622328,67393622328
2025-06-18 18:17:00,REAL,67393622328,539,67393622867,67393622867
2025-06-18 18:17:02,REAL,67393622867,535,67393623402,67393623402
2025-06-18 18:17:04,REAL,67393623402,542,67393623944,67393623944
2025-06-18 18:17:06,REAL,67393623944,544,67393624488,67393624488
2025-06-18 18:17:08,REAL,67393624488,538,67393625026,67393625026
2025-06-18 18:17:10,REAL,67393625026,593,67393625619,67393625619
2025-06-18 18:17:12,REAL,67393625619,547,67393626166,67393626166
2025-06-18 18:17:14,REAL,67393626166,675,67393626841,67393626841
2025-06-18 18:17:16,REAL,67393626841,546,67393627387,67393627387
2025-06-18 18:17:18,REAL,67393627387,550,67393627937,67393627937
2025-06-18 18:17:20,REAL,67393627937,534,67393628471,67393628471
2025-06-18 18:17:22,REAL,67393628471,533,67393629004,67393629004
2025-06-18 18:17:24,REAL,67393629004,543,67393629547,67393629547
2025-06-18 18:17:26,REAL,67393629547,545,67393630092,67393630092
2025-06-18 18:17:28,REAL,67393630092,666,67393630758,67393630758
2025-06-18 18:17:30,REAL,67393630758,600,67393631358,67393631358
2025-06-18 18:17:32,REAL,67393631358,531,67393631889,67393631889
2025-06-18 18:17:34,REAL,67393631889,546,67393632435,67393632435
2025-06-18 18:17:36,REAL,67393632435,546,67393632981,67393632981
2025-06-18 18:17:38,REAL,67393632981,533,67393633514,67393633514
2025-06-18 18:17:40,REAL,67393633514,545,67393634059,67393634059
2025-06-18 18:17:42,REAL,67393634059,539,67393634598,67393634598
2025-06-18 18:17:44,REAL,67393634598,611,67393635209,67393635209
2025-06-18 18:17:46,REAL,67393635209,601,67393635810,67393635810
2025-06-18 18:17:48,REAL,67393635810,546,67393636356,67393636356
2025-06-18 18:17:50,REAL,67393636356,541,67393636897,67393636897
2025-06-18 18:17:52,REAL,67393636897,537,67393637434,67393637434
2025-06-18 18:17:54,REAL,67393637434,587,67393638021,67393638021
2025-06-18 18:17:56,REAL,67393638021,539,67393638560,67393638560
2025-06-18 18:17:58,REAL,67393638560,617,67393639177,67393639177
2025-06-18 18:18:00,REAL,67393639177,547,67393639724,67393639724
2025-06-18 18:18:02,REAL,67393639724,602,67393640326,67393640326
2025-06-18 18:18:04,REAL,67393640326,545,67393640871,67393640871
2025-06-18 18:18:06,REAL,67393640871,536,67393641407,67393641407
2025-06-18 18:18:08,REAL,67393641407,535,67393641942,67393641942
2025-06-18 18:18:10,REAL,67393641942,532,67393642474,67393642474
2025-06-18 18:18:12,REAL,67393642474,535,67393643009,67393643009
2025-06-18 18:18:14,REAL,67393643009,610,67393643619,67393643619
2025-06-18 18:18:16,REAL,67393643619,534,67393644153,67393644153
2025-06-18 18:18:18,REAL,67393644153,95880,67393740033,67393740033
2025-06-18 18:18:20,REAL,67393740033,156789,67393896822,67393896822
2025-06-18 18:18:22,REAL,67393896822,29178,67393926000,67393926000
2025-06-18 18:18:24,REAL,67393926000,28665,67393954665,67393954665
2025-06-18 18:18:26,REAL,67393954665,29505,67393984170,67393984170
2025-06-18 18:18:28,REAL,67393984170,28765,67394012935,67394012935
2025-06-18 18:18:30,REAL,67394012935,28578,67394041513,67394041513
2025-06-18 18:18:32,REAL,67394041513,29085,67394070598,67394070598
2025-06-18 18:18:34,REAL,67394070598,3246,67394073844,67394073844
2025-06-18 18:18:36,REAL,67394073844,541,67394074385,67394074385
2025-06-18 18:18:38,REAL,67394074385,540,67394074925,67394074925
2025-06-18 18:18:40,REAL,67394074925,535,67394075460,67394075460
2025-06-18 18:18:42,REAL,67394075460,544,67394076004,67394076004
2025-06-18 18:18:44,REAL,67394076004,619,67394076623,67394076623
2025-06-18 18:18:46,REAL,67394076623,537,67394077160,67394077160
2025-06-18 18:18:48,REAL,67394077160,546,67394077706,67394077706
2025-06-18 18:18:50,REAL,67394077706,598,67394078304,67394078304
2025-06-18 18:18:52,REAL,67394078304,539,67394078843,67394078843
2025-06-18 18:18:54,REAL,67394078843,544,67394079387,67394079387
2025-06-18 18:18:56,REAL,67394079387,540,67394079927,67394079927
2025-06-18 18:18:58,REAL,67394079927,609,67394080536,67394080536
2025-06-18 18:19:00,REAL,67394080536,537,67394081073,67394081073
2025-06-18 18:19:02,REAL,67394081073,600,67394081673,67394081673
2025-06-18 18:19:04,REAL,67394081673,541,67394082214,67394082214
2025-06-18 18:19:06,REAL,67394082214,661,67394082875,67394082875
2025-06-18 18:19:08,REAL,67394082875,537,67394083412,67394083412
2025-06-18 18:19:10,REAL,67394083412,536,67394083948,67394083948
2025-06-18 18:19:12,REAL,67394083948,540,67394084488,67394084488
2025-06-18 18:19:14,REAL,67394084488,614,67394085102,67394085102
2025-06-18 18:19:16,REAL,67394085102,548,67394085650,67394085650
2025-06-18 18:19:18,REAL,67394085650,538,67394086188,67394086188
2025-06-18 18:19:20,REAL,67394086188,538,67394086726,67394086726
2025-06-18 18:19:22,REAL,67394086726,146394,67394233120,67394233120
2025-06-18 18:19:24,REAL,67394233120,130201,67394363321,67394363321
2025-06-18 18:19:26,REAL,67394363321,28813,67394392134,67394392134
2025-06-18 18:19:28,REAL,67394392134,29715,67394421849,67394421849
2025-06-18 18:19:30,REAL,67394421849,28724,67394450573,67394450573
2025-06-18 18:19:32,REAL,67394450573,29336,67394479909,67394479909
2025-06-18 18:19:34,REAL,67394479909,29024,67394508933,67394508933
2025-06-18 18:19:36,REAL,67394508933,28577,67394537510,67394537510
2025-06-18 18:19:38,REAL,67394537510,606,67394538116,67394538116
2025-06-18 18:19:40,REAL,67394538116,531,67394538647,67394538647
2025-06-18 18:19:42,REAL,67394538647,543,67394539190,67394539190
2025-06-18 18:19:44,REAL,67394539190,612,67394539802,67394539802
2025-06-18 18:19:46,REAL,67394539802,541,67394540343,67394540343
2025-06-18 18:19:48,REAL,67394540343,543,67394540886,67394540886
2025-06-18 18:19:50,REAL,67394540886,610,67394541496,67394541496
2025-06-18 18:19:52,REAL,67394541496,599,67394542095,67394542095
2025-06-18 18:19:54,REAL,67394542095,150565,67394692660,67394692660
2025-06-18 18:19:56,REAL,67394692660,127380,67394820040,67394820040
2025-06-18 18:19:58,REAL,67394820040,29275,67394849315,67394849315
2025-06-18 18:20:00,REAL,67394849315,28794,67394878109,67394878109
2025-06-18 18:20:02,REAL,67394878109,29007,67394907116,67394907116
2025-06-18 18:20:04,REAL,67394907116,29019,67394936135,67394936135
2025-06-18 18:20:06,REAL,67394936135,29072,67394965207,67394965207
2025-06-18 18:20:08,REAL,67394965207,25988,67394991195,67394991195
2025-06-18 18:20:10,REAL,67394991195,531,67394991726,67394991726
2025-06-18 18:20:12,REAL,67394991726,532,67394992258,67394992258
2025-06-18 18:20:14,REAL,67394992258,605,67394992863,67394992863
2025-06-18 18:20:16,REAL,67394992863,537,67394993400,67394993400
2025-06-18 18:20:18,REAL,67394993400,537,67394993937,67394993937
2025-06-18 18:20:20,REAL,67394993937,543,67394994480,67394994480
2025-06-18 18:20:22,REAL,67394994480,535,67394995015,67394995015
2025-06-18 18:20:24,REAL,67394995015,604,67394995619,67394995619
2025-06-18 18:20:26,REAL,67394995619,176133,67395171752,67395171752
2025-06-18 18:20:28,REAL,67395171752,109044,67395280796,67395280796
2025-06-18 18:20:30,REAL,67395280796,29521,67395310317,67395310317
2025-06-18 18:20:32,REAL,67395310317,29604,67395339921,67395339921
2025-06-18 18:20:34,REAL,67395339921,29199,67395369120,67395369120
2025-06-18 18:20:36,REAL,67395369120,29053,67395398173,67395398173
2025-06-18 18:20:38,REAL,67395398173,29750,67395427923,67395427923
2025-06-18 18:20:40,REAL,67395427923,24595,67395452518,67395452518
2025-06-18 18:20:42,REAL,67395452518,530,67395453048,67395453048
2025-06-18 18:20:44,REAL,67395453048,671,67395453719,67395453719
2025-06-18 18:20:46,REAL,67395453719,544,67395454263,67395454263
2025-06-18 18:20:48,REAL,67395454263,548,67395454811,67395454811
2025-06-18 18:20:50,REAL,67395454811,539,67395455350,67395455350
2025-06-18 18:20:52,REAL,67395455350,538,67395455888,67395455888
2025-06-18 18:20:54,REAL,67395455888,540,67395456428,67395456428
2025-06-18 18:20:56,REAL,67395456428,595,67395457023,67395457023
2025-06-18 18:20:58,REAL,67395457023,613,67395457636,67395457636
2025-06-18 18:21:00,REAL,67395457636,532,67395458168,67395458168
2025-06-18 18:21:02,REAL,67395458168,538,67395458706,67395458706
2025-06-18 18:21:04,REAL,67395458706,534,67395459240,67395459240
2025-06-18 18:21:06,REAL,67395459240,545,67395459785,67395459785
2025-06-18 18:21:08,REAL,67395459785,592,67395460377,67395460377
2025-06-18 18:21:10,REAL,67395460377,544,67395460921,67395460921
2025-06-18 18:21:12,REAL,67395460921,608,67395461529,67395461529
2025-06-18 18:21:14,REAL,67395461529,621,67395462150,67395462150
2025-06-18 18:21:16,REAL,67395462150,541,67395462691,67395462691
2025-06-18 18:21:18,REAL,67395462691,541,67395463232,67395463232
2025-06-18 18:21:20,REAL,67395463232,535,67395463767,67395463767
2025-06-18 18:21:22,REAL,67395463767,546,67395464313,67395464313
2025-06-18 18:21:24,REAL,67395464313,536,67395464849,67395464849
2025-06-18 18:21:26,REAL,67395464849,545,67395465394,67395465394
2025-06-18 18:21:28,REAL,67395465394,682,67395466076,67395466076
2025-06-18 18:21:30,REAL,67395466076,550,67395466626,67395466626
2025-06-18 18:21:32,REAL,67395466626,597,67395467223,67395467223
2025-06-18 18:21:34,REAL,67395467223,546,67395467769,67395467769
2025-06-18 18:21:36,REAL,67395467769,543,67395468312,67395468312
2025-06-18 18:21:38,REAL,67395468312,540,67395468852,67395468852
2025-06-18 18:21:40,REAL,67395468852,536,67395469388,67395469388
2025-06-18 18:21:42,REAL,67395469388,538,67395469926,67395469926
2025-06-18 18:21:44,REAL,67395469926,671,67395470597,67395470597
2025-06-18 18:21:46,REAL,67395470597,233960,67395704557,67395704557
2025-06-18 18:21:48,REAL,67395704557,55897,67395760454,67395760454
2025-06-18 18:21:50,REAL,67395760454,29056,67395789510,67395789510
2025-06-18 18:21:52,REAL,67395789510,29334,67395818844,67395818844
2025-06-18 18:21:54,REAL,67395818844,28910,67395847754,67395847754
2025-06-18 18:21:56,REAL,67395847754,29163,67395876917,67395876917
2025-06-18 18:21:58,REAL,67395876917,28904,67395905821,67395905821
2025-06-18 18:22:00,REAL,67395905821,19968,67395925789,67395925789
2025-06-18 18:22:02,REAL,67395925789,536,67395926325,67395926325
2025-06-18 18:22:04,REAL,67395926325,533,67395926858,67395926858
2025-06-18 18:22:06,REAL,67395926858,596,67395927454,67395927454
2025-06-18 18:22:08,REAL,67395927454,530,67395927984,67395927984
2025-06-18 18:22:10,REAL,67395927984,534,67395928518,67395928518
2025-06-18 18:22:12,REAL,67395928518,539,67395929057,67395929057
2025-06-18 18:22:14,REAL,67395929057,613,67395929670,67395929670
2025-06-18 18:22:16,REAL,67395929670,597,67395930267,67395930267
2025-06-18 18:22:18,REAL,67395930267,542,67395930809,67395930809
2025-06-18 18:22:20,REAL,67395930809,542,67395931351,67395931351
2025-06-18 18:22:22,REAL,67395931351,537,67395931888,67395931888
2025-06-18 18:22:24,REAL,67395931888,536,67395932424,67395932424
2025-06-18 18:22:26,REAL,67395932424,550,67395932974,67395932974
2025-06-18 18:22:28,REAL,67395932974,599,67395933573,67395933573
2025-06-18 18:22:30,REAL,67395933573,616,67395934189,67395934189
2025-06-18 18:22:32,REAL,67395934189,595,67395934784,67395934784
2025-06-18 18:22:34,REAL,67395934784,539,67395935323,67395935323
2025-06-18 18:22:36,REAL,67395935323,537,67395935860,67395935860
2025-06-18 18:22:38,REAL,67395935860,537,67395936397,67395936397
2025-06-18 18:22:40,REAL,67395936397,541,67395936938,67395936938
2025-06-18 18:22:42,REAL,67395936938,590,67395937528,67395937528
2025-06-18 18:22:44,REAL,67395937528,616,67395938144,67395938144
2025-06-18 18:22:46,REAL,67395938144,548,67395938692,67395938692
2025-06-18 18:22:48,REAL,67395938692,599,67395939291,67395939291
2025-06-18 18:22:50,REAL,67395939291,542,67395939833,67395939833
2025-06-18 18:22:52,REAL,67395939833,539,67395940372,67395940372
2025-06-18 18:22:54,REAL,67395940372,546,67395940918,67395940918
2025-06-18 18:22:56,REAL,67395940918,537,67395941455,67395941455
2025-06-18 18:22:58,REAL,67395941455,544,67395941999,67395941999
2025-06-18 18:23:00,REAL,67395941999,617,67395942616,67395942616
2025-06-18 18:23:02,REAL,67395942616,541,67395943157,67395943157
2025-06-18 18:23:04,REAL,67395943157,603,67395943760,67395943760
2025-06-18 18:23:06,REAL,67395943760,240331,67396184091,67396184091
2025-06-18 18:23:08,REAL,67396184091,28787,67396212878,67396212878
2025-06-18 18:23:10,REAL,67396212878,29425,67396242303,67396242303
2025-06-18 18:23:12,REAL,67396242303,28942,67396271245,67396271245
2025-06-18 18:23:14,REAL,67396271245,29285,67396300530,67396300530
2025-06-18 18:23:16,REAL,67396300530,29283,67396329813,67396329813
2025-06-18 18:23:18,REAL,67396329813,28864,67396358677,67396358677
2025-06-18 18:23:20,REAL,67396358677,15526,67396374203,67396374203
2025-06-18 18:23:22,REAL,67396374203,541,67396374744,67396374744
2025-06-18 18:23:24,REAL,67396374744,543,67396375287,67396375287
2025-06-18 18:23:26,REAL,67396375287,544,67396375831,67396375831
2025-06-18 18:23:28,REAL,67396375831,539,67396376370,67396376370
2025-06-18 18:23:30,REAL,67396376370,609,67396376979,67396376979
2025-06-18 18:23:32,REAL,67396376979,540,67396377519,67396377519
2025-06-18 18:23:34,REAL,67396377519,545,67396378064,67396378064
2025-06-18 18:23:36,REAL,67396378064,677,67396378741,67396378741
2025-06-18 18:23:38,REAL,67396378741,260255,67396638996,67396638996
2025-06-18 18:23:40,REAL,67396638996,29284,67396668280,67396668280
2025-06-18 18:23:42,REAL,67396668280,29141,67396697421,67396697421
2025-06-18 18:23:44,REAL,67396697421,29779,67396727200,67396727200
2025-06-18 18:23:46,REAL,67396727200,29371,67396756571,67396756571
2025-06-18 18:23:48,REAL,67396756571,29621,67396786192,67396786192
2025-06-18 18:23:50,REAL,67396786192,29727,67396815919,67396815919
2025-06-18 18:23:52,REAL,67396815919,13857,67396829776,67396829776
2025-06-18 18:23:54,REAL,67396829776,537,67396830313,67396830313
2025-06-18 18:23:56,REAL,67396830313,538,67396830851,67396830851
2025-06-18 18:23:58,REAL,67396830851,537,67396831388,67396831388
2025-06-18 18:24:00,REAL,67396831388,607,67396831995,67396831995
2025-06-18 18:24:02,REAL,67396831995,540,67396832535,67396832535
2025-06-18 18:24:04,REAL,67396832535,541,67396833076,67396833076
2025-06-18 18:24:06,REAL,67396833076,538,67396833614,67396833614
2025-06-18 18:24:08,REAL,67396833614,15285,67396848899,67396848899
2025-06-18 18:24:10,REAL,67396848899,240690,67397089589,67397089589
2025-06-18 18:24:12,REAL,67397089589,29300,67397118889,67397118889
2025-06-18 18:24:14,REAL,67397118889,29298,67397148187,67397148187
2025-06-18 18:24:16,REAL,67397148187,29215,67397177402,67397177402
2025-06-18 18:24:18,REAL,67397177402,28662,67397206064,67397206064
2025-06-18 18:24:20,REAL,67397206064,29132,67397235196,67397235196
2025-06-18 18:24:22,REAL,67397235196,29684,67397264880,67397264880
2025-06-18 18:24:24,REAL,67397264880,12073,67397276953,67397276953
2025-06-18 18:24:26,REAL,67397276953,593,67397277546,67397277546
2025-06-18 18:24:28,REAL,67397277546,537,67397278083,67397278083
2025-06-18 18:24:30,REAL,67397278083,619,67397278702,67397278702
2025-06-18 18:24:32,REAL,67397278702,538,67397279240,67397279240
2025-06-18 18:24:34,REAL,67397279240,535,67397279775,67397279775
2025-06-18 18:24:36,REAL,67397279775,543,67397280318,67397280318
2025-06-18 18:24:38,REAL,67397280318,544,67397280862,67397280862
2025-06-18 18:24:40,REAL,67397280862,40181,67397321043,67397321043
2025-06-18 18:24:42,REAL,67397321043,243406,67397564449,67397564449
2025-06-18 18:24:44,REAL,67397564449,29612,67397594061,67397594061
2025-06-18 18:24:46,REAL,67397594061,29368,67397623429,67397623429
2025-06-18 18:24:48,REAL,67397623429,29252,67397652681,67397652681
2025-06-18 18:24:50,REAL,67397652681,28677,67397681358,67397681358
2025-06-18 18:24:52,REAL,67397681358,28870,67397710228,67397710228
2025-06-18 18:24:54,REAL,67397710228,29209,67397739437,67397739437
2025-06-18 18:24:56,REAL,67397739437,10266,67397749703,67397749703
2025-06-18 18:24:58,REAL,67397749703,538,67397750241,67397750241
2025-06-18 18:25:00,REAL,67397750241,671,67397750912,67397750912
2025-06-18 18:25:02,REAL,67397750912,543,67397751455,67397751455
2025-06-18 18:25:04,REAL,67397751455,540,67397751995,67397751995
2025-06-18 18:25:06,REAL,67397751995,602,67397752597,67397752597
2025-06-18 18:25:08,REAL,67397752597,539,67397753136,67397753136
2025-06-18 18:25:10,REAL,67397753136,541,67397753677,67397753677
2025-06-18 18:25:12,REAL,67397753677,599,67397754276,67397754276
2025-06-18 18:25:14,REAL,67397754276,542,67397754818,67397754818
2025-06-18 18:25:16,REAL,67397754818,609,67397755427,67397755427
2025-06-18 18:25:18,REAL,67397755427,541,67397755968,67397755968
2025-06-18 18:25:20,REAL,67397755968,542,67397756510,67397756510
2025-06-18 18:25:22,REAL,67397756510,548,67397757058,67397757058
2025-06-18 18:25:24,REAL,67397757058,541,67397757599,67397757599
2025-06-18 18:25:26,REAL,67397757599,545,67397758144,67397758144
2025-06-18 18:25:28,REAL,67397758144,665,67397758809,67397758809
2025-06-18 18:25:30,REAL,67397758809,677,67397759486,67397759486
2025-06-18 18:25:32,REAL,67397759486,652,67397760138,67397760138
2025-06-18 18:25:34,REAL,67397760138,537,67397760675,67397760675
2025-06-18 18:25:36,REAL,67397760675,597,67397761272,67397761272
2025-06-18 18:25:38,REAL,67397761272,532,67397761804,67397761804
2025-06-18 18:25:40,REAL,67397761804,533,67397762337,67397762337
2025-06-18 18:25:42,REAL,67397762337,532,67397762869,67397762869
2025-06-18 18:25:44,REAL,67397762869,542,67397763411,67397763411
2025-06-18 18:25:46,REAL,67397763411,614,67397764025,67397764025
2025-06-18 18:25:48,REAL,67397764025,598,67397764623,67397764623
2025-06-18 18:25:50,REAL,67397764623,534,67397765157,67397765157
2025-06-18 18:25:52,REAL,67397765157,533,67397765690,67397765690
2025-06-18 18:25:54,REAL,67397765690,535,67397766225,67397766225
2025-06-18 18:25:56,REAL,67397766225,542,67397766767,67397766767
2025-06-18 18:25:58,REAL,67397766767,605,67397767372,67397767372
2025-06-18 18:26:00,REAL,67397767372,621,67397767993,67397767993
2025-06-18 18:26:02,REAL,67397767993,544,67397768537,67397768537
2025-06-18 18:26:04,REAL,67397768537,597,67397769134,67397769134
2025-06-18 18:26:06,REAL,67397769134,540,67397769674,67397769674
2025-06-18 18:26:08,REAL,67397769674,538,67397770212,67397770212
2025-06-18 18:26:10,REAL,67397770212,592,67397770804,67397770804
2025-06-18 18:26:12,REAL,67397770804,541,67397771345,67397771345
2025-06-18 18:26:14,REAL,67397771345,542,67397771887,67397771887
2025-06-18 18:26:16,REAL,67397771887,617,67397772504,67397772504
2025-06-18 18:26:18,REAL,67397772504,536,67397773040,67397773040
2025-06-18 18:26:20,REAL,67397773040,599,67397773639,67397773639
2025-06-18 18:26:22,REAL,67397773639,229925,67398003564,67398003564
2025-06-18 18:26:24,REAL,67398003564,45062,67398048626,67398048626
2025-06-18 18:26:26,REAL,67398048626,29284,67398077910,67398077910
2025-06-18 18:26:28,REAL,67398077910,29379,67398107289,67398107289
2025-06-18 18:26:30,REAL,67398107289,29193,67398136482,67398136482
2025-06-18 18:26:32,REAL,67398136482,28248,67398164730,67398164730
2025-06-18 18:26:34,REAL,67398164730,29225,67398193955,67398193955
2025-06-18 18:26:36,REAL,67398193955,18438,67398212393,67398212393
2025-06-18 18:26:38,REAL,67398212393,547,67398212940,67398212940
2025-06-18 18:26:40,REAL,67398212940,546,67398213486,67398213486
2025-06-18 18:26:42,REAL,67398213486,534,67398214020,67398214020
2025-06-18 18:26:44,REAL,67398214020,542,67398214562,67398214562
2025-06-18 18:26:46,REAL,67398214562,732,67398215294,67398215294
2025-06-18 18:26:48,REAL,67398215294,535,67398215829,67398215829
2025-06-18 18:26:50,REAL,67398215829,539,67398216368,67398216368
2025-06-18 18:26:52,REAL,67398216368,600,67398216968,67398216968
2025-06-18 18:26:54,REAL,67398216968,272270,67398489238,67398489238
2025-06-18 18:26:56,REAL,67398489238,33766,67398523004,67398523004
2025-06-18 18:26:58,REAL,67398523004,29532,67398552536,67398552536
2025-06-18 18:27:00,REAL,67398552536,28582,67398581118,67398581118
2025-06-18 18:27:02,REAL,67398581118,29110,67398610228,67398610228
2025-06-18 18:27:04,REAL,67398610228,28851,67398639079,67398639079
2025-06-18 18:27:06,REAL,67398639079,29388,67398668467,67398668467
2025-06-18 18:27:08,REAL,67398668467,16915,67398685382,67398685382
2025-06-18 18:27:10,REAL,67398685382,538,67398685920,67398685920
2025-06-18 18:27:12,REAL,67398685920,546,67398686466,67398686466
2025-06-18 18:27:14,REAL,67398686466,539,67398687005,67398687005
2025-06-18 18:27:16,REAL,67398687005,677,67398687682,67398687682
2025-06-18 18:27:18,REAL,67398687682,603,67398688285,67398688285
2025-06-18 18:27:20,REAL,67398688285,543,67398688828,67398688828
2025-06-18 18:27:22,REAL,67398688828,547,67398689375,67398689375
2025-06-18 18:27:24,REAL,67398689375,597,67398689972,67398689972
2025-06-18 18:27:26,REAL,67398689972,259779,67398949751,67398949751
2025-06-18 18:27:28,REAL,67398949751,29094,67398978845,67398978845
2025-06-18 18:27:30,REAL,67398978845,29149,67399007994,67399007994
2025-06-18 18:27:32,REAL,67399007994,29187,67399037181,67399037181
2025-06-18 18:27:34,REAL,67399037181,29324,67399066505,67399066505
2025-06-18 18:27:36,REAL,67399066505,28739,67399095244,67399095244
2025-06-18 18:27:38,REAL,67399095244,29415,67399124659,67399124659
2025-06-18 18:27:40,REAL,67399124659,15173,67399139832,67399139832
2025-06-18 18:27:42,REAL,67399139832,541,67399140373,67399140373
2025-06-18 18:27:44,REAL,67399140373,539,67399140912,67399140912
2025-06-18 18:27:46,REAL,67399140912,674,67399141586,67399141586
2025-06-18 18:27:48,REAL,67399141586,537,67399142123,67399142123
2025-06-18 18:27:50,REAL,67399142123,543,67399142666,67399142666
2025-06-18 18:27:52,REAL,67399142666,600,67399143266,67399143266
2025-06-18 18:27:54,REAL,67399143266,537,67399143803,67399143803
2025-06-18 18:27:56,REAL,67399143803,3603,67399147406,67399147406
2025-06-18 18:27:58,REAL,67399147406,261296,67399408702,67399408702
2025-06-18 18:28:00,REAL,67399408702,29270,67399437972,67399437972
2025-06-18 18:28:02,REAL,67399437972,28636,67399466608,67399466608
2025-06-18 18:28:04,REAL,67399466608,29157,67399495765,67399495765
2025-06-18 18:28:06,REAL,67399495765,29513,67399525278,67399525278
2025-06-18 18:28:08,REAL,67399525278,28963,67399554241,67399554241
2025-06-18 18:28:10,REAL,67399554241,29326,67399583567,67399583567
2025-06-18 18:28:12,REAL,67399583567,13215,67399596782,67399596782
2025-06-18 18:28:14,REAL,67399596782,537,67399597319,67399597319
2025-06-18 18:28:16,REAL,67399597319,611,67399597930,67399597930
2025-06-18 18:28:18,REAL,67399597930,594,67399598524,67399598524
2025-06-18 18:28:20,REAL,67399598524,539,67399599063,67399599063
2025-06-18 18:28:22,REAL,67399599063,541,67399599604,67399599604
2025-06-18 18:28:24,REAL,67399599604,595,67399600199,67399600199
2025-06-18 18:28:26,REAL,67399600199,540,67399600739,67399600739
2025-06-18 18:28:28,REAL,67399600739,23631,67399624370,67399624370
2025-06-18 18:28:30,REAL,67399624370,229918,67399854288,67399854288
2025-06-18 18:28:32,REAL,67399854288,29503,67399883791,67399883791
2025-06-18 18:28:34,REAL,67399883791,29471,67399913262,67399913262
2025-06-18 18:28:36,REAL,67399913262,29319,67399942581,67399942581
2025-06-18 18:28:38,REAL,67399942581,29477,67399972058,67399972058
2025-06-18 18:28:40,REAL,67399972058,28936,67400000994,67400000994
2025-06-18 18:28:42,REAL,67400000994,28325,67400029319,67400029319
2025-06-18 18:28:44,REAL,67400029319,11837,67400041156,67400041156
2025-06-18 18:28:46,REAL,67400041156,625,67400041781,67400041781
2025-06-18 18:28:48,REAL,67400041781,588,67400042369,67400042369
2025-06-18 18:28:50,REAL,67400042369,539,67400042908,67400042908
2025-06-18 18:28:52,REAL,67400042908,536,67400043444,67400043444
2025-06-18 18:28:54,REAL,67400043444,535,67400043979,67400043979
2025-06-18 18:28:56,REAL,67400043979,601,67400044580,67400044580
2025-06-18 18:28:58,REAL,67400044580,540,67400045120,67400045120
2025-06-18 18:29:00,REAL,67400045120,676,67400045796,67400045796
2025-06-18 18:29:02,REAL,67400045796,542,67400046338,67400046338
2025-06-18 18:29:04,REAL,67400046338,543,67400046881,67400046881
2025-06-18 18:29:06,REAL,67400046881,536,67400047417,67400047417
2025-06-18 18:29:08,REAL,67400047417,539,67400047956,67400047956
2025-06-18 18:29:10,REAL,67400047956,534,67400048490,67400048490
2025-06-18 18:29:12,REAL,67400048490,534,67400049024,67400049024
2025-06-18 18:29:14,REAL,67400049024,543,67400049567,67400049567
2025-06-18 18:29:16,REAL,67400049567,683,67400050250,67400050250
2025-06-18 18:29:18,REAL,67400050250,538,67400050788,67400050788
2025-06-18 18:29:20,REAL,67400050788,600,67400051388,67400051388
2025-06-18 18:29:22,REAL,67400051388,592,67400051980,67400051980
2025-06-18 18:29:24,REAL,67400051980,542,67400052522,67400052522
2025-06-18 18:29:26,REAL,67400052522,536,67400053058,67400053058
2025-06-18 18:29:28,REAL,67400053058,545,67400053603,67400053603
2025-06-18 18:29:30,REAL,67400053603,625,67400054228,67400054228
2025-06-18 18:29:32,REAL,67400054228,605,67400054833,67400054833
2025-06-18 18:29:34,REAL,67400054833,535,67400055368,67400055368
2025-06-18 18:29:36,REAL,67400055368,536,67400055904,67400055904
2025-06-18 18:29:38,REAL,67400055904,540,67400056444,67400056444
2025-06-18 18:29:40,REAL,67400056444,539,67400056983,67400056983
2025-06-18 18:29:42,REAL,67400056983,532,67400057515,67400057515
2025-06-18 18:29:44,REAL,67400057515,536,67400058051,67400058051
2025-06-18 18:29:46,REAL,67400058051,624,67400058675,67400058675
2025-06-18 18:29:48,REAL,67400058675,66770,67400125445,67400125445
2025-06-18 18:29:50,REAL,67400125445,201005,67400326450,67400326450
2025-06-18 18:29:52,REAL,67400326450,29034,67400355484,67400355484
2025-06-18 18:29:54,REAL,67400355484,29168,67400384652,67400384652
2025-06-18 18:29:56,REAL,67400384652,28870,67400413522,67400413522
2025-06-18 18:29:58,REAL,67400413522,29414,67400442936,67400442936
2025-06-18 18:30:00,REAL,67400442936,28669,67400471605,67400471605
2025-06-18 18:30:02,REAL,67400471605,28965,67400500570,67400500570
2025-06-18 18:30:04,REAL,67400500570,6802,67400507372,67400507372
2025-06-18 18:30:06,REAL,67400507372,542,67400507914,67400507914
2025-06-18 18:30:08,REAL,67400507914,546,67400508460,67400508460
2025-06-18 18:30:10,REAL,67400508460,543,67400509003,67400509003
2025-06-18 18:30:12,REAL,67400509003,546,67400509549,67400509549
2025-06-18 18:30:14,REAL,67400509549,539,67400510088,67400510088
2025-06-18 18:30:16,REAL,67400510088,619,67400510707,67400510707
2025-06-18 18:30:18,REAL,67400510707,538,67400511245,67400511245
2025-06-18 18:30:20,REAL,67400511245,662,67400511907,67400511907
2025-06-18 18:30:22,REAL,67400511907,532,67400512439,67400512439
2025-06-18 18:30:24,REAL,67400512439,535,67400512974,67400512974
2025-06-18 18:30:26,REAL,67400512974,542,67400513516,67400513516
2025-06-18 18:30:28,REAL,67400513516,541,67400514057,67400514057
2025-06-18 18:30:30,REAL,67400514057,666,67400514723,67400514723
2025-06-18 18:30:32,REAL,67400514723,538,67400515261,67400515261
2025-06-18 18:30:34,REAL,67400515261,607,67400515868,67400515868
2025-06-18 18:30:36,REAL,67400515868,592,67400516460,67400516460
2025-06-18 18:30:38,REAL,67400516460,546,67400517006,67400517006
2025-06-18 18:30:40,REAL,67400517006,541,67400517547,67400517547
2025-06-18 18:30:42,REAL,67400517547,546,67400518093,67400518093
2025-06-18 18:30:44,REAL,67400518093,540,67400518633,67400518633
2025-06-18 18:30:46,REAL,67400518633,622,67400519255,67400519255
2025-06-18 18:30:48,REAL,67400519255,545,67400519800,67400519800
2025-06-18 18:30:50,REAL,67400519800,543,67400520343,67400520343
2025-06-18 18:30:52,REAL,67400520343,655,67400520998,67400520998
2025-06-18 18:30:54,REAL,67400520998,546,67400521544,67400521544
2025-06-18 18:30:56,REAL,67400521544,536,67400522080,67400522080
2025-06-18 18:30:58,REAL,67400522080,538,67400522618,67400522618
2025-06-18 18:31:00,REAL,67400522618,624,67400523242,67400523242
2025-06-18 18:31:02,REAL,67400523242,541,67400523783,67400523783
2025-06-18 18:31:04,REAL,67400523783,540,67400524323,67400524323
2025-06-18 18:31:06,REAL,67400524323,296,67400524619,67400524619
2025-06-18 18:31:08,REAL,67400524619,599,67400525218,67400525218
2025-06-18 18:31:10,REAL,67400525218,591,67400525809,67400525809
2025-06-18 18:31:12,REAL,67400525809,783,67400526592,67400526592
2025-06-18 18:31:14,REAL,67400526592,301,67400526893,67400526893
2025-06-18 18:31:16,REAL,67400526893,616,67400527509,67400527509
2025-06-18 18:31:18,REAL,67400527509,547,67400528056,67400528056
2025-06-18 18:31:20,REAL,67400528056,537,67400528593,67400528593
2025-06-18 18:31:22,REAL,67400528593,601,67400529194,67400529194
2025-06-18 18:31:24,REAL,67400529194,131618,67400660812,67400660812
2025-06-18 18:31:26,REAL,67400660812,165939,67400826751,67400826751
2025-06-18 18:31:28,REAL,67400826751,29230,67400855981,67400855981
2025-06-18 18:31:30,REAL,67400855981,29836,67400885817,67400885817
2025-06-18 18:31:32,REAL,67400885817,29319,67400915136,67400915136
2025-06-18 18:31:34,REAL,67400915136,29311,67400944447,67400944447
2025-06-18 18:31:36,REAL,67400944447,28736,67400973183,67400973183
2025-06-18 18:31:38,REAL,67400973183,29203,67401002386,67401002386
2025-06-18 18:31:40,REAL,67401002386,1559,67401003945,67401003945
2025-06-18 18:31:42,REAL,67401003945,540,67401004485,67401004485
2025-06-18 18:31:44,REAL,67401004485,536,67401005021,67401005021
2025-06-18 18:31:46,REAL,67401005021,670,67401005691,67401005691
2025-06-18 18:31:48,REAL,67401005691,543,67401006234,67401006234
2025-06-18 18:31:50,REAL,67401006234,539,67401006773,67401006773
2025-06-18 18:31:52,REAL,67401006773,543,67401007316,67401007316
2025-06-18 18:31:54,REAL,67401007316,541,67401007857,67401007857
2025-06-18 18:31:56,REAL,67401007857,603,67401008460,67401008460
2025-06-18 18:31:58,REAL,67401008460,544,67401009004,67401009004
2025-06-18 18:32:00,REAL,67401009004,617,67401009621,67401009621
2025-06-18 18:32:02,REAL,67401009621,547,67401010168,67401010168
2025-06-18 18:32:04,REAL,67401010168,538,67401010706,67401010706
2025-06-18 18:32:06,REAL,67401010706,595,67401011301,67401011301
2025-06-18 18:32:08,REAL,67401011301,540,67401011841,67401011841
2025-06-18 18:32:10,REAL,67401011841,602,67401012443,67401012443
2025-06-18 18:32:12,REAL,67401012443,587,67401013030,67401013030
2025-06-18 18:32:14,REAL,67401013030,539,67401013569,67401013569
2025-06-18 18:32:16,REAL,67401013569,620,67401014189,67401014189
2025-06-18 18:32:18,REAL,67401014189,545,67401014734,67401014734
2025-06-18 18:32:20,REAL,67401014734,536,67401015270,67401015270
2025-06-18 18:32:22,REAL,67401015270,537,67401015807,67401015807
2025-06-18 18:32:24,REAL,67401015807,548,67401016355,67401016355
2025-06-18 18:32:26,REAL,67401016355,603,67401016958,67401016958
2025-06-18 18:32:28,REAL,67401016958,547,67401017505,67401017505
2025-06-18 18:32:30,REAL,67401017505,606,67401018111,67401018111
2025-06-18 18:32:32,REAL,67401018111,536,67401018647,67401018647
2025-06-18 18:32:34,REAL,67401018647,538,67401019185,67401019185
2025-06-18 18:32:36,REAL,67401019185,592,67401019777,67401019777
2025-06-18 18:32:38,REAL,67401019777,540,67401020317,67401020317
2025-06-18 18:32:40,REAL,67401020317,533,67401020850,67401020850
2025-06-18 18:32:42,REAL,67401020850,594,67401021444,67401021444
2025-06-18 18:32:44,REAL,67401021444,169407,67401190851,67401190851
2025-06-18 18:32:46,REAL,67401190851,100677,67401291528,67401291528
2025-06-18 18:32:48,REAL,67401291528,28942,67401320470,67401320470
2025-06-18 18:32:50,REAL,67401320470,28871,67401349341,67401349341
2025-06-18 18:32:52,REAL,67401349341,29141,67401378482,67401378482
2025-06-18 18:32:54,REAL,67401378482,29256,67401407738,67401407738
2025-06-18 18:32:56,REAL,67401407738,28857,67401436595,67401436595
2025-06-18 18:32:58,REAL,67401436595,25233,67401461828,67401461828
2025-06-18 18:33:00,REAL,67401461828,677,67401462505,67401462505
2025-06-18 18:33:02,REAL,67401462505,546,67401463051,67401463051
2025-06-18 18:33:04,REAL,67401463051,538,67401463589,67401463589
2025-06-18 18:33:06,REAL,67401463589,532,67401464121,67401464121
2025-06-18 18:33:08,REAL,67401464121,539,67401464660,67401464660
2025-06-18 18:33:10,REAL,67401464660,539,67401465199,67401465199
2025-06-18 18:33:12,REAL,67401465199,541,67401465740,67401465740
2025-06-18 18:33:14,REAL,67401465740,602,67401466342,67401466342
2025-06-18 18:33:16,REAL,67401466342,618,67401466960,67401466960
2025-06-18 18:33:18,REAL,67401466960,533,67401467493,67401467493
2025-06-18 18:33:20,REAL,67401467493,537,67401468030,67401468030
2025-06-18 18:33:22,REAL,67401468030,541,67401468571,67401468571
2025-06-18 18:33:24,REAL,67401468571,589,67401469160,67401469160
2025-06-18 18:33:26,REAL,67401469160,595,67401469755,67401469755
2025-06-18 18:33:28,REAL,67401469755,541,67401470296,67401470296
2025-06-18 18:33:30,REAL,67401470296,677,67401470973,67401470973
2025-06-18 18:33:32,REAL,67401470973,537,67401471510,67401471510
2025-06-18 18:33:34,REAL,67401471510,538,67401472048,67401472048
2025-06-18 18:33:36,REAL,67401472048,542,67401472590,67401472590
2025-06-18 18:33:38,REAL,67401472590,545,67401473135,67401473135
2025-06-18 18:33:40,REAL,67401473135,539,67401473674,67401473674
2025-06-18 18:33:42,REAL,67401473674,546,67401474220,67401474220
2025-06-18 18:33:44,REAL,67401474220,544,67401474764,67401474764
2025-06-18 18:33:46,REAL,67401474764,678,67401475442,67401475442
2025-06-18 18:33:48,REAL,67401475442,534,67401475976,67401475976
2025-06-18 18:33:50,REAL,67401475976,594,67401476570,67401476570
2025-06-18 18:33:52,REAL,67401476570,544,67401477114,67401477114
2025-06-18 18:33:54,REAL,67401477114,533,67401477647,67401477647
2025-06-18 18:33:56,REAL,67401477647,541,67401478188,67401478188
2025-06-18 18:33:58,REAL,67401478188,537,67401478725,67401478725
2025-06-18 18:34:00,REAL,67401478725,606,67401479331,67401479331
2025-06-18 18:34:02,REAL,67401479331,603,67401479934,67401479934
2025-06-18 18:34:04,REAL,67401479934,218024,67401697958,67401697958
2025-06-18 18:34:06,REAL,67401697958,74567,67401772525,67401772525
2025-06-18 18:34:08,REAL,67401772525,29256,67401801781,67401801781
2025-06-18 18:34:10,REAL,67401801781,29284,67401831065,67401831065
2025-06-18 18:34:12,REAL,67401831065,29102,67401860167,67401860167
2025-06-18 18:34:14,REAL,67401860167,29692,67401889859,67401889859
2025-06-18 18:34:16,REAL,67401889859,29103,67401918962,67401918962
2025-06-18 18:34:18,REAL,67401918962,21119,67401940081,67401940081
2025-06-18 18:34:20,REAL,67401940081,546,67401940627,67401940627
2025-06-18 18:34:22,REAL,67401940627,549,67401941176,67401941176
2025-06-18 18:34:24,REAL,67401941176,539,67401941715,67401941715
2025-06-18 18:34:26,REAL,67401941715,547,67401942262,67401942262
2025-06-18 18:34:28,REAL,67401942262,544,67401942806,67401942806
2025-06-18 18:34:30,REAL,67401942806,540,67401943346,67401943346
2025-06-18 18:34:32,REAL,67401943346,617,67401943963,67401943963
2025-06-18 18:34:34,REAL,67401943963,606,67401944569,67401944569
2025-06-18 18:34:36,REAL,67401944569,540,67401945109,67401945109
2025-06-18 18:34:38,REAL,67401945109,604,67401945713,67401945713
2025-06-18 18:34:40,REAL,67401945713,534,67401946247,67401946247
2025-06-18 18:34:42,REAL,67401946247,541,67401946788,67401946788
2025-06-18 18:34:44,REAL,67401946788,541,67401947329,67401947329
2025-06-18 18:34:46,REAL,67401947329,674,67401948003,67401948003
2025-06-18 18:34:48,REAL,67401948003,542,67401948545,67401948545
2025-06-18 18:34:50,REAL,67401948545,592,67401949137,67401949137
2025-06-18 18:34:52,REAL,67401949137,541,67401949678,67401949678
2025-06-18 18:34:54,REAL,67401949678,543,67401950221,67401950221
2025-06-18 18:34:56,REAL,67401950221,536,67401950757,67401950757
2025-06-18 18:34:58,REAL,67401950757,537,67401951294,67401951294
2025-06-18 18:35:00,REAL,67401951294,535,67401951829,67401951829
2025-06-18 18:35:02,REAL,67401951829,611,67401952440,67401952440
2025-06-18 18:35:04,REAL,67401952440,659,67401953099,67401953099
2025-06-18 18:35:06,REAL,67401953099,654,67401953753,67401953753
2025-06-18 18:35:08,REAL,67401953753,266491,67402220244,67402220244
2025-06-18 18:35:10,REAL,67402220244,36934,67402257178,67402257178
2025-06-18 18:35:12,REAL,67402257178,29793,67402286971,67402286971
2025-06-18 18:35:14,REAL,67402286971,28869,67402315840,67402315840
2025-06-18 18:35:16,REAL,67402315840,29006,67402344846,67402344846
2025-06-18 18:35:18,REAL,67402344846,29530,67402374376,67402374376
2025-06-18 18:35:20,REAL,67402374376,29071,67402403447,67402403447
2025-06-18 18:35:22,REAL,67402403447,17176,67402420623,67402420623
2025-06-18 18:35:24,REAL,67402420623,546,67402421169,67402421169
2025-06-18 18:35:26,REAL,67402421169,543,67402421712,67402421712
2025-06-18 18:35:28,REAL,67402421712,650,67402422362,67402422362
2025-06-18 18:35:30,REAL,67402422362,538,67402422900,67402422900
2025-06-18 18:35:32,REAL,67402422900,612,67402423512,67402423512
2025-06-18 18:35:34,REAL,67402423512,549,67402424061,67402424061
2025-06-18 18:35:36,REAL,67402424061,539,67402424600,67402424600
2025-06-18 18:35:38,REAL,67402424600,608,67402425208,67402425208
2025-06-18 18:35:40,REAL,67402425208,259067,67402684275,67402684275
2025-06-18 18:35:42,REAL,67402684275,29205,67402713480,67402713480
2025-06-18 18:35:44,REAL,67402713480,29227,67402742707,67402742707
2025-06-18 18:35:46,REAL,67402742707,29042,67402771749,67402771749
2025-06-18 18:35:48,REAL,67402771749,28786,67402800535,67402800535
2025-06-18 18:35:50,REAL,67402800535,29235,67402829770,67402829770
2025-06-18 18:35:52,REAL,67402829770,29637,67402859407,67402859407
2025-06-18 18:35:54,REAL,67402859407,15219,67402874626,67402874626
2025-06-18 18:35:56,REAL,67402874626,538,67402875164,67402875164
2025-06-18 18:35:58,REAL,67402875164,537,67402875701,67402875701
2025-06-18 18:36:00,REAL,67402875701,598,67402876299,67402876299
2025-06-18 18:36:02,REAL,67402876299,613,67402876912,67402876912
2025-06-18 18:36:04,REAL,67402876912,534,67402877446,67402877446
2025-06-18 18:36:06,REAL,67402877446,544,67402877990,67402877990
2025-06-18 18:36:08,REAL,67402877990,536,67402878526,67402878526
2025-06-18 18:36:10,REAL,67402878526,601,67402879127,67402879127
2025-06-18 18:36:12,REAL,67402879127,542,67402879669,67402879669
2025-06-18 18:36:14,REAL,67402879669,538,67402880207,67402880207
2025-06-18 18:36:16,REAL,67402880207,670,67402880877,67402880877
2025-06-18 18:36:18,REAL,67402880877,544,67402881421,67402881421
2025-06-18 18:36:20,REAL,67402881421,543,67402881964,67402881964
2025-06-18 18:36:22,REAL,67402881964,598,67402882562,67402882562
2025-06-18 18:36:24,REAL,67402882562,532,67402883094,67402883094
2025-06-18 18:36:26,REAL,67402883094,604,67402883698,67402883698
2025-06-18 18:36:28,REAL,67402883698,535,67402884233,67402884233
2025-06-18 18:36:30,REAL,67402884233,536,67402884769,67402884769
2025-06-18 18:36:32,REAL,67402884769,612,67402885381,67402885381
2025-06-18 18:36:34,REAL,67402885381,540,67402885921,67402885921
2025-06-18 18:36:36,REAL,67402885921,548,67402886469,67402886469
2025-06-18 18:36:38,REAL,67402886469,541,67402887010,67402887010
2025-06-18 18:36:40,REAL,67402887010,540,67402887550,67402887550
2025-06-18 18:36:42,REAL,67402887550,654,67402888204,67402888204
2025-06-18 18:36:44,REAL,67402888204,598,67402888802,67402888802
2025-06-18 18:36:46,REAL,67402888802,612,67402889414,67402889414
2025-06-18 18:36:48,REAL,67402889414,542,67402889956,67402889956
2025-06-18 18:36:50,REAL,67402889956,548,67402890504,67402890504
2025-06-18 18:36:52,REAL,67402890504,539,67402891043,67402891043
2025-06-18 18:36:54,REAL,67402891043,546,67402891589,67402891589
2025-06-18 18:36:56,REAL,67402891589,533,67402892122,67402892122
2025-06-18 18:36:58,REAL,67402892122,601,67402892723,67402892723
2025-06-18 18:37:00,REAL,67402892723,541,67402893264,67402893264
2025-06-18 18:37:02,REAL,67402893264,680,67402893944,67402893944
2025-06-18 18:37:04,REAL,67402893944,537,67402894481,67402894481
2025-06-18 18:37:06,REAL,67402894481,591,67402895072,67402895072
2025-06-18 18:37:08,REAL,67402895072,539,67402895611,67402895611
2025-06-18 18:37:10,REAL,67402895611,539,67402896150,67402896150
2025-06-18 18:37:12,REAL,67402896150,617,67402896767,67402896767
2025-06-18 18:37:14,REAL,67402896767,607,67402897374,67402897374
2025-06-18 18:37:16,REAL,67402897374,611,67402897985,67402897985
2025-06-18 18:37:18,REAL,67402897985,539,67402898524,67402898524
2025-06-18 18:37:20,REAL,67402898524,535,67402899059,67402899059
2025-06-18 18:37:22,REAL,67402899059,548,67402899607,67402899607
2025-06-18 18:37:24,REAL,67402899607,587,67402900194,67402900194
2025-06-18 18:37:26,REAL,67402900194,539,67402900733,67402900733
2025-06-18 18:37:28,REAL,67402900733,603,67402901336,67402901336
2025-06-18 18:37:30,REAL,67402901336,601,67402901937,67402901937
2025-06-18 18:37:32,REAL,67402901937,608,67402902545,67402902545
2025-06-18 18:37:34,REAL,67402902545,535,67402903080,67402903080
2025-06-18 18:37:36,REAL,67402903080,540,67402903620,67402903620
2025-06-18 18:37:38,REAL,67402903620,550,67402904170,67402904170
2025-06-18 18:37:40,REAL,67402904170,545,67402904715,67402904715
2025-06-18 18:37:42,REAL,67402904715,535,67402905250,67402905250
2025-06-18 18:37:44,REAL,67402905250,594,67402905844,67402905844
2025-06-18 18:37:46,REAL,67402905844,737,67402906581,67402906581
2025-06-18 18:37:48,REAL,67402906581,610,67402907191,67402907191
2025-06-18 18:37:50,REAL,67402907191,652,67402907843,67402907843
2025-06-18 18:37:52,REAL,67402907843,536,67402908379,67402908379
2025-06-18 18:37:54,REAL,67402908379,534,67402908913,67402908913
2025-06-18 18:37:56,REAL,67402908913,541,67402909454,67402909454
2025-06-18 18:37:58,REAL,67402909454,546,67402910000,67402910000
2025-06-18 18:38:00,REAL,67402910000,537,67402910537,67402910537
2025-06-18 18:38:02,REAL,67402910537,616,67402911153,67402911153
2025-06-18 18:38:04,REAL,67402911153,533,67402911686,67402911686
2025-06-18 18:38:06,REAL,67402911686,656,67402912342,67402912342
2025-06-18 18:38:08,REAL,67402912342,532,67402912874,67402912874
2025-06-18 18:38:10,REAL,67402912874,541,67402913415,67402913415
2025-06-18 18:38:12,REAL,67402913415,591,67402914006,67402914006
2025-06-18 18:38:14,REAL,67402914006,533,67402914539,67402914539
2025-06-18 18:38:16,REAL,67402914539,607,67402915146,67402915146
2025-06-18 18:38:18,REAL,67402915146,537,67402915683,67402915683
2025-06-18 18:38:20,REAL,67402915683,549,67402916232,67402916232
2025-06-18 18:38:22,REAL,67402916232,607,67402916839,67402916839
2025-06-18 18:38:24,REAL,67402916839,534,67402917373,67402917373
2025-06-18 18:38:26,REAL,67402917373,591,67402917964,67402917964
2025-06-18 18:38:28,REAL,67402917964,541,67402918505,67402918505
2025-06-18 18:38:30,REAL,67402918505,542,67402919047,67402919047
2025-06-18 18:38:32,REAL,67402919047,622,67402919669,67402919669
2025-06-18 18:38:34,REAL,67402919669,589,67402920258,67402920258
2025-06-18 18:38:36,REAL,67402920258,542,67402920800,67402920800
2025-06-18 18:38:38,REAL,67402920800,599,67402921399,67402921399
2025-06-18 18:38:40,REAL,67402921399,543,67402921942,67402921942
2025-06-18 18:38:42,REAL,67402921942,536,67402922478,67402922478
2025-06-18 18:38:44,REAL,67402922478,533,67402923011,67402923011
2025-06-18 18:38:46,REAL,67402923011,616,67402923627,67402923627
2025-06-18 18:38:48,REAL,67402923627,599,67402924226,67402924226
2025-06-18 18:38:50,REAL,67402924226,540,67402924766,67402924766
2025-06-18 18:38:52,REAL,67402924766,531,67402925297,67402925297
2025-06-18 18:38:54,REAL,67402925297,604,67402925901,67402925901
2025-06-18 18:38:56,REAL,67402925901,212577,67403138478,67403138478
2025-06-18 18:38:58,REAL,67403138478,45336,67403183814,67403183814
2025-06-18 18:39:00,REAL,67403183814,29113,67403212927,67403212927
2025-06-18 18:39:02,REAL,67403212927,29492,67403242419,67403242419
2025-06-18 18:39:04,REAL,67403242419,28778,67403271197,67403271197
2025-06-18 18:39:06,REAL,67403271197,28912,67403300109,67403300109
2025-06-18 18:39:08,REAL,67403300109,29234,67403329343,67403329343
2025-06-18 18:39:10,REAL,67403329343,18580,67403347923,67403347923
2025-06-18 18:39:12,REAL,67403347923,535,67403348458,67403348458
2025-06-18 18:39:14,REAL,67403348458,546,67403349004,67403349004
2025-06-18 18:39:16,REAL,67403349004,672,67403349676,67403349676
2025-06-18 18:39:18,REAL,67403349676,537,67403350213,67403350213
2025-06-18 18:39:20,REAL,67403350213,534,67403350747,67403350747
2025-06-18 18:39:22,REAL,67403350747,541,67403351288,67403351288
2025-06-18 18:39:24,REAL,67403351288,539,67403351827,67403351827
2025-06-18 18:39:26,REAL,67403351827,594,67403352421,67403352421
2025-06-18 18:39:28,REAL,67403352421,264234,67403616655,67403616655
2025-06-18 18:39:30,REAL,67403616655,29928,67403646583,67403646583
2025-06-18 18:39:32,REAL,67403646583,29152,67403675735,67403675735
2025-06-18 18:39:34,REAL,67403675735,29184,67403704919,67403704919
2025-06-18 18:39:36,REAL,67403704919,29104,67403734023,67403734023
2025-06-18 18:39:38,REAL,67403734023,28740,67403762763,67403762763
2025-06-18 18:39:40,REAL,67403762763,28929,67403791692,67403791692
2025-06-18 18:39:42,REAL,67403791692,17325,67403809017,67403809017
2025-06-18 18:39:44,REAL,67403809017,543,67403809560,67403809560
2025-06-18 18:39:46,REAL,67403809560,617,67403810177,67403810177
2025-06-18 18:39:48,REAL,67403810177,548,67403810725,67403810725
2025-06-18 18:39:50,REAL,67403810725,590,67403811315,67403811315
2025-06-18 18:39:52,REAL,67403811315,542,67403811857,67403811857
2025-06-18 18:39:54,REAL,67403811857,538,67403812395,67403812395
2025-06-18 18:39:56,REAL,67403812395,540,67403812935,67403812935
2025-06-18 18:39:58,REAL,67403812935,601,67403813536,67403813536
2025-06-18 18:40:00,REAL,67403813536,542,67403814078,67403814078
2025-06-18 18:40:02,REAL,67403814078,621,67403814699,67403814699
2025-06-18 18:40:04,REAL,67403814699,537,67403815236,67403815236
2025-06-18 18:40:06,REAL,67403815236,548,67403815784,67403815784
2025-06-18 18:40:08,REAL,67403815784,538,67403816322,67403816322
2025-06-18 18:40:10,REAL,67403816322,539,67403816861,67403816861
2025-06-18 18:40:12,REAL,67403816861,596,67403817457,67403817457
2025-06-18 18:40:14,REAL,67403817457,592,67403818049,67403818049
2025-06-18 18:40:16,REAL,67403818049,674,67403818723,67403818723
2025-06-18 18:40:18,REAL,67403818723,534,67403819257,67403819257
2025-06-18 18:40:20,REAL,67403819257,548,67403819805,67403819805
2025-06-18 18:40:22,REAL,67403819805,537,67403820342,67403820342
2025-06-18 18:40:24,REAL,67403820342,542,67403820884,67403820884
2025-06-18 18:40:26,REAL,67403820884,546,67403821430,67403821430
2025-06-18 18:40:28,REAL,67403821430,537,67403821967,67403821967
2025-06-18 18:40:30,REAL,67403821967,600,67403822567,67403822567
2025-06-18 18:40:32,REAL,67403822567,679,67403823246,67403823246
2025-06-18 18:40:34,REAL,67403823246,531,67403823777,67403823777
2025-06-18 18:40:36,REAL,67403823777,536,67403824313,67403824313
2025-06-18 18:40:38,REAL,67403824313,536,67403824849,67403824849
2025-06-18 18:40:40,REAL,67403824849,545,67403825394,67403825394
2025-06-18 18:40:42,REAL,67403825394,540,67403825934,67403825934
2025-06-18 18:40:44,REAL,67403825934,547,67403826481,67403826481
2025-06-18 18:40:46,REAL,67403826481,679,67403827160,67403827160
2025-06-18 18:40:48,REAL,67403827160,535,67403827695,67403827695
2025-06-18 18:40:50,REAL,67403827695,541,67403828236,67403828236
2025-06-18 18:40:52,REAL,67403828236,537,67403828773,67403828773
2025-06-18 18:40:54,REAL,67403828773,598,67403829371,67403829371
2025-06-18 18:40:56,REAL,67403829371,539,67403829910,67403829910
2025-06-18 18:40:58,REAL,67403829910,540,67403830450,67403830450
2025-06-18 18:41:00,REAL,67403830450,546,67403830996,67403830996
2025-06-18 18:41:02,REAL,67403830996,677,67403831673,67403831673
2025-06-18 18:41:04,REAL,67403831673,599,67403832272,67403832272
2025-06-18 18:41:06,REAL,67403832272,534,67403832806,67403832806
2025-06-18 18:41:08,REAL,67403832806,540,67403833346,67403833346
2025-06-18 18:41:10,REAL,67403833346,540,67403833886,67403833886
2025-06-18 18:41:12,REAL,67403833886,544,67403834430,67403834430
2025-06-18 18:41:14,REAL,67403834430,602,67403835032,67403835032
2025-06-18 18:41:16,REAL,67403835032,612,67403835644,67403835644
2025-06-18 18:41:18,REAL,67403835644,600,67403836244,67403836244
2025-06-18 18:41:20,REAL,67403836244,532,67403836776,67403836776
2025-06-18 18:41:22,REAL,67403836776,537,67403837313,67403837313
2025-06-18 18:41:24,REAL,67403837313,540,67403837853,67403837853
2025-06-18 18:41:26,REAL,67403837853,536,67403838389,67403838389
2025-06-18 18:41:28,REAL,67403838389,543,67403838932,67403838932
2025-06-18 18:41:30,REAL,67403838932,533,67403839465,67403839465
2025-06-18 18:41:32,REAL,67403839465,615,67403840080,67403840080
2025-06-18 18:41:34,REAL,67403840080,41227,67403881307,67403881307
2025-06-18 18:41:36,REAL,67403881307,230199,67404111506,67404111506
2025-06-18 18:41:38,REAL,67404111506,29722,67404141228,67404141228
2025-06-18 18:41:40,REAL,67404141228,29372,67404170600,67404170600
2025-06-18 18:41:42,REAL,67404170600,29195,67404199795,67404199795
2025-06-18 18:41:44,REAL,67404199795,28961,67404228756,67404228756
2025-06-18 18:41:46,REAL,67404228756,29337,67404258093,67404258093
2025-06-18 18:41:48,REAL,67404258093,28971,67404287064,67404287064
2025-06-18 18:41:50,REAL,67404287064,9224,67404296288,67404296288
2025-06-18 18:41:52,REAL,67404296288,545,67404296833,67404296833
2025-06-18 18:41:54,REAL,67404296833,543,67404297376,67404297376
2025-06-18 18:41:56,REAL,67404297376,541,67404297917,67404297917
2025-06-18 18:41:58,REAL,67404297917,538,67404298455,67404298455
2025-06-18 18:42:00,REAL,67404298455,596,67404299051,67404299051
2025-06-18 18:42:02,REAL,67404299051,624,67404299675,67404299675
2025-06-18 18:42:04,REAL,67404299675,542,67404300217,67404300217
2025-06-18 18:42:06,REAL,67404300217,597,67404300814,67404300814
2025-06-18 18:42:08,REAL,67404300814,536,67404301350,67404301350
2025-06-18 18:42:10,REAL,67404301350,536,67404301886,67404301886
2025-06-18 18:42:12,REAL,67404301886,537,67404302423,67404302423
2025-06-18 18:42:14,REAL,67404302423,543,67404302966,67404302966
2025-06-18 18:42:16,REAL,67404302966,616,67404303582,67404303582
2025-06-18 18:42:18,REAL,67404303582,549,67404304131,67404304131
2025-06-18 18:42:20,REAL,67404304131,545,67404304676,67404304676
2025-06-18 18:42:22,REAL,67404304676,656,67404305332,67404305332
2025-06-18 18:42:24,REAL,67404305332,535,67404305867,67404305867
2025-06-18 18:42:26,REAL,67404305867,535,67404306402,67404306402
2025-06-18 18:42:28,REAL,67404306402,534,67404306936,67404306936
2025-06-18 18:42:30,REAL,67404306936,543,67404307479,67404307479
2025-06-18 18:42:32,REAL,67404307479,617,67404308096,67404308096
2025-06-18 18:42:34,REAL,67404308096,537,67404308633,67404308633
2025-06-18 18:42:36,REAL,67404308633,541,67404309174,67404309174
2025-06-18 18:42:38,REAL,67404309174,83393,67404392567,67404392567
2025-06-18 18:42:40,REAL,67404392567,183776,67404576343,67404576343
2025-06-18 18:42:42,REAL,67404576343,29709,67404606052,67404606052
2025-06-18 18:42:44,REAL,67404606052,29375,67404635427,67404635427
2025-06-18 18:42:46,REAL,67404635427,29376,67404664803,67404664803
2025-06-18 18:42:48,REAL,67404664803,29282,67404694085,67404694085
2025-06-18 18:42:50,REAL,67404694085,28863,67404722948,67404722948
2025-06-18 18:42:52,REAL,67404722948,28820,67404751768,67404751768
2025-06-18 18:42:54,REAL,67404751768,5646,67404757414,67404757414
2025-06-18 18:42:56,REAL,67404757414,532,67404757946,67404757946
2025-06-18 18:42:58,REAL,67404757946,539,67404758485,67404758485
2025-06-18 18:43:00,REAL,67404758485,541,67404759026,67404759026
2025-06-18 18:43:02,REAL,67404759026,612,67404759638,67404759638
2025-06-18 18:43:04,REAL,67404759638,539,67404760177,67404760177
2025-06-18 18:43:06,REAL,67404760177,542,67404760719,67404760719
2025-06-18 18:43:08,REAL,67404760719,542,67404761261,67404761261
2025-06-18 18:43:10,REAL,67404761261,596,67404761857,67404761857
2025-06-18 18:43:12,REAL,67404761857,535,67404762392,67404762392
2025-06-18 18:43:14,REAL,67404762392,545,67404762937,67404762937
2025-06-18 18:43:16,REAL,67404762937,611,67404763548,67404763548
2025-06-18 18:43:18,REAL,67404763548,535,67404764083,67404764083
2025-06-18 18:43:20,REAL,67404764083,548,67404764631,67404764631
2025-06-18 18:43:22,REAL,67404764631,548,67404765179,67404765179
2025-06-18 18:43:24,REAL,67404765179,590,67404765769,67404765769
2025-06-18 18:43:26,REAL,67404765769,605,67404766374,67404766374
2025-06-18 18:43:28,REAL,67404766374,538,67404766912,67404766912
2025-06-18 18:43:30,REAL,67404766912,586,67404767498,67404767498
2025-06-18 18:43:32,REAL,67404767498,619,67404768117,67404768117
2025-06-18 18:43:34,REAL,67404768117,545,67404768662,67404768662
2025-06-18 18:43:36,REAL,67404768662,538,67404769200,67404769200
2025-06-18 18:43:38,REAL,67404769200,543,67404769743,67404769743
2025-06-18 18:43:40,REAL,67404769743,533,67404770276,67404770276
2025-06-18 18:43:42,REAL,67404770276,601,67404770877,67404770877
2025-06-18 18:43:44,REAL,67404770877,535,67404771412,67404771412
2025-06-18 18:43:46,REAL,67404771412,616,67404772028,67404772028
2025-06-18 18:43:48,REAL,67404772028,537,67404772565,67404772565
2025-06-18 18:43:50,REAL,67404772565,540,67404773105,67404773105
2025-06-18 18:43:52,REAL,67404773105,540,67404773645,67404773645
2025-06-18 18:43:54,REAL,67404773645,539,67404774184,67404774184
2025-06-18 18:43:56,REAL,67404774184,536,67404774720,67404774720
2025-06-18 18:43:58,REAL,67404774720,133038,67404907758,67404907758
2025-06-18 18:44:00,REAL,67404907758,136645,67405044403,67405044403
2025-06-18 18:44:02,REAL,67405044403,29345,67405073748,67405073748
2025-06-18 18:44:04,REAL,67405073748,29205,67405102953,67405102953
2025-06-18 18:44:06,REAL,67405102953,28677,67405131630,67405131630
2025-06-18 18:44:08,REAL,67405131630,29725,67405161355,67405161355
2025-06-18 18:44:10,REAL,67405161355,28997,67405190352,67405190352
2025-06-18 18:44:12,REAL,67405190352,29625,67405219977,67405219977
2025-06-18 18:44:14,REAL,67405219977,1157,67405221134,67405221134
2025-06-18 18:44:16,REAL,67405221134,595,67405221729,67405221729
2025-06-18 18:44:18,REAL,67405221729,614,67405222343,67405222343
2025-06-18 18:44:20,REAL,67405222343,548,67405222891,67405222891
2025-06-18 18:44:22,REAL,67405222891,544,67405223435,67405223435
2025-06-18 18:44:24,REAL,67405223435,539,67405223974,67405223974
2025-06-18 18:44:26,REAL,67405223974,535,67405224509,67405224509
2025-06-18 18:44:28,REAL,67405224509,539,67405225048,67405225048
2025-06-18 18:44:30,REAL,67405225048,143774,67405368822,67405368822
2025-06-18 18:44:32,REAL,67405368822,136545,67405505367,67405505367
2025-06-18 18:44:34,REAL,67405505367,29652,67405535019,67405535019
2025-06-18 18:44:36,REAL,67405535019,28795,67405563814,67405563814
2025-06-18 18:44:38,REAL,67405563814,28553,67405592367,67405592367
2025-06-18 18:44:40,REAL,67405592367,28940,67405621307,67405621307
2025-06-18 18:44:42,REAL,67405621307,28968,67405650275,67405650275
2025-06-18 18:44:44,REAL,67405650275,27782,67405678057,67405678057
2025-06-18 18:44:46,REAL,67405678057,533,67405678590,67405678590
2025-06-18 18:44:48,REAL,67405678590,617,67405679207,67405679207
2025-06-18 18:44:50,REAL,67405679207,540,67405679747,67405679747
2025-06-18 18:44:52,REAL,67405679747,542,67405680289,67405680289
2025-06-18 18:44:54,REAL,67405680289,537,67405680826,67405680826
2025-06-18 18:44:56,REAL,67405680826,545,67405681371,67405681371
2025-06-18 18:44:58,REAL,67405681371,546,67405681917,67405681917
2025-06-18 18:45:00,REAL,67405681917,657,67405682574,67405682574
2025-06-18 18:45:02,REAL,67405682574,620,67405683194,67405683194
2025-06-18 18:45:04,REAL,67405683194,541,67405683735,67405683735
2025-06-18 18:45:06,REAL,67405683735,540,67405684275,67405684275
2025-06-18 18:45:08,REAL,67405684275,541,67405684816,67405684816
2025-06-18 18:45:10,REAL,67405684816,547,67405685363,67405685363
2025-06-18 18:45:12,REAL,67405685363,547,67405685910,67405685910
2025-06-18 18:45:14,REAL,67405685910,546,67405686456,67405686456
2025-06-18 18:45:16,REAL,67405686456,652,67405687108,67405687108
2025-06-18 18:45:18,REAL,67405687108,619,67405687727,67405687727
2025-06-18 18:45:20,REAL,67405687727,550,67405688277,67405688277
2025-06-18 18:45:22,REAL,67405688277,535,67405688812,67405688812
2025-06-18 18:45:24,REAL,67405688812,538,67405689350,67405689350
2025-06-18 18:45:26,REAL,67405689350,536,67405689886,67405689886
2025-06-18 18:45:28,REAL,67405689886,536,67405690422,67405690422
2025-06-18 18:45:30,REAL,67405690422,540,67405690962,67405690962
2025-06-18 18:45:32,REAL,67405690962,684,67405691646,67405691646
2025-06-18 18:45:34,REAL,67405691646,543,67405692189,67405692189
2025-06-18 18:45:36,REAL,67405692189,543,67405692732,67405692732
2025-06-18 18:45:38,REAL,67405692732,532,67405693264,67405693264
2025-06-18 18:45:40,REAL,67405693264,536,67405693800,67405693800
2025-06-18 18:45:42,REAL,67405693800,550,67405694350,67405694350
2025-06-18 18:45:44,REAL,67405694350,545,67405694895,67405694895
2025-06-18 18:45:46,REAL,67405694895,601,67405695496,67405695496
2025-06-18 18:45:48,REAL,67405695496,671,67405696167,67405696167
2025-06-18 18:45:50,REAL,67405696167,536,67405696703,67405696703
2025-06-18 18:45:52,REAL,67405696703,544,67405697247,67405697247
2025-06-18 18:45:54,REAL,67405697247,543,67405697790,67405697790
2025-06-18 18:45:56,REAL,67405697790,609,67405698399,67405698399
2025-06-18 18:45:58,REAL,67405698399,537,67405698936,67405698936
2025-06-18 18:46:00,REAL,67405698936,543,67405699479,67405699479
2025-06-18 18:46:02,REAL,67405699479,670,67405700149,67405700149
2025-06-18 18:46:04,REAL,67405700149,595,67405700744,67405700744
2025-06-18 18:46:06,REAL,67405700744,537,67405701281,67405701281
2025-06-18 18:46:08,REAL,67405701281,537,67405701818,67405701818
2025-06-18 18:46:10,REAL,67405701818,536,67405702354,67405702354
2025-06-18 18:46:12,REAL,67405702354,534,67405702888,67405702888
2025-06-18 18:46:14,REAL,67405702888,540,67405703428,67405703428
2025-06-18 18:46:16,REAL,67405703428,540,67405703968,67405703968
2025-06-18 18:46:18,REAL,67405703968,613,67405704581,67405704581
2025-06-18 18:46:20,REAL,67405704581,600,67405705181,67405705181
2025-06-18 18:46:22,REAL,67405705181,535,67405705716,67405705716
2025-06-18 18:46:24,REAL,67405705716,531,67405706247,67405706247
2025-06-18 18:46:26,REAL,67405706247,546,67405706793,67405706793
2025-06-18 18:46:28,REAL,67405706793,538,67405707331,67405707331
2025-06-18 18:46:30,REAL,67405707331,593,67405707924,67405707924
2025-06-18 18:46:32,REAL,67405707924,621,67405708545,67405708545
2025-06-18 18:46:34,REAL,67405708545,550,67405709095,67405709095
2025-06-18 18:46:36,REAL,67405709095,593,67405709688,67405709688
2025-06-18 18:46:38,REAL,67405709688,213994,67405923682,67405923682
2025-06-18 18:46:40,REAL,67405923682,63715,67405987397,67405987397
2025-06-18 18:46:42,REAL,67405987397,29215,67406016612,67406016612
2025-06-18 18:46:44,REAL,67406016612,28718,67406045330,67406045330
2025-06-18 18:46:46,REAL,67406045330,29459,67406074789,67406074789
2025-06-18 18:46:48,REAL,67406074789,28979,67406103768,67406103768
2025-06-18 18:46:50,REAL,67406103768,29296,67406133064,67406133064
2025-06-18 18:46:52,REAL,67406133064,20588,67406153652,67406153652
2025-06-18 18:46:54,REAL,67406153652,535,67406154187,67406154187
2025-06-18 18:46:56,REAL,67406154187,536,67406154723,67406154723
2025-06-18 18:46:58,REAL,67406154723,541,67406155264,67406155264
2025-06-18 18:47:00,REAL,67406155264,539,67406155803,67406155803
2025-06-18 18:47:02,REAL,67406155803,618,67406156421,67406156421
2025-06-18 18:47:04,REAL,67406156421,591,67406157012,67406157012
2025-06-18 18:47:06,REAL,67406157012,532,67406157544,67406157544
2025-06-18 18:47:08,REAL,67406157544,599,67406158143,67406158143
2025-06-18 18:47:10,REAL,67406158143,225761,67406383904,67406383904
2025-06-18 18:47:12,REAL,67406383904,50378,67406434282,67406434282
2025-06-18 18:47:14,REAL,67406434282,29091,67406463373,67406463373
2025-06-18 18:47:16,REAL,67406463373,29039,67406492412,67406492412
2025-06-18 18:47:18,REAL,67406492412,28923,67406521335,67406521335
2025-06-18 18:47:20,REAL,67406521335,29402,67406550737,67406550737
2025-06-18 18:47:22,REAL,67406550737,29346,67406580083,67406580083
2025-06-18 18:47:24,REAL,67406580083,18854,67406598937,67406598937
2025-06-18 18:47:26,REAL,67406598937,538,67406599475,67406599475
2025-06-18 18:47:28,REAL,67406599475,547,67406600022,67406600022
2025-06-18 18:47:30,REAL,67406600022,537,67406600559,67406600559
2025-06-18 18:47:32,REAL,67406600559,623,67406601182,67406601182
2025-06-18 18:47:34,REAL,67406601182,539,67406601721,67406601721
2025-06-18 18:47:36,REAL,67406601721,539,67406602260,67406602260
2025-06-18 18:47:38,REAL,67406602260,598,67406602858,67406602858
2025-06-18 18:47:40,REAL,67406602858,600,67406603458,67406603458
2025-06-18 18:47:42,REAL,67406603458,236726,67406840184,67406840184
2025-06-18 18:47:44,REAL,67406840184,32484,67406872668,67406872668
2025-06-18 18:47:46,REAL,67406872668,29222,67406901890,67406901890
2025-06-18 18:47:48,REAL,67406901890,29332,67406931222,67406931222
2025-06-18 18:47:50,REAL,67406931222,28875,67406960097,67406960097
2025-06-18 18:47:52,REAL,67406960097,29503,67406989600,67406989600
2025-06-18 18:47:54,REAL,67406989600,29255,67407018855,67407018855
2025-06-18 18:47:56,REAL,67407018855,17181,67407036036,67407036036
2025-06-18 18:47:58,REAL,67407036036,538,67407036574,67407036574
2025-06-18 18:48:00,REAL,67407036574,533,67407037107,67407037107
2025-06-18 18:48:02,REAL,67407037107,615,67407037722,67407037722
2025-06-18 18:48:04,REAL,67407037722,546,67407038268,67407038268
2025-06-18 18:48:06,REAL,67407038268,532,67407038800,67407038800
2025-06-18 18:48:08,REAL,67407038800,539,67407039339,67407039339
2025-06-18 18:48:10,REAL,67407039339,593,67407039932,67407039932
2025-06-18 18:48:12,REAL,67407039932,599,67407040531,67407040531
2025-06-18 18:48:14,REAL,67407040531,241974,67407282505,67407282505
2025-06-18 18:48:16,REAL,67407282505,29486,67407311991,67407311991
2025-06-18 18:48:18,REAL,67407311991,28917,67407340908,67407340908
2025-06-18 18:48:20,REAL,67407340908,29499,67407370407,67407370407
2025-06-18 18:48:22,REAL,67407370407,29351,67407399758,67407399758
2025-06-18 18:48:24,REAL,67407399758,29343,67407429101,67407429101
2025-06-18 18:48:26,REAL,67407429101,29661,67407458762,67407458762
2025-06-18 18:48:28,REAL,67407458762,14827,67407473589,67407473589
2025-06-18 18:48:30,REAL,67407473589,543,67407474132,67407474132
2025-06-18 18:48:32,REAL,67407474132,621,67407474753,67407474753
2025-06-18 18:48:34,REAL,67407474753,537,67407475290,67407475290
2025-06-18 18:48:36,REAL,67407475290,545,67407475835,67407475835
2025-06-18 18:48:38,REAL,67407475835,549,67407476384,67407476384
2025-06-18 18:48:40,REAL,67407476384,539,67407476923,67407476923
2025-06-18 18:48:42,REAL,67407476923,592,67407477515,67407477515
2025-06-18 18:48:44,REAL,67407477515,3180,67407480695,67407480695
2025-06-18 18:48:46,REAL,67407480695,236298,67407716993,67407716993
2025-06-18 18:48:48,REAL,67407716993,29477,67407746470,67407746470
2025-06-18 18:48:50,REAL,67407746470,29570,67407776040,67407776040
2025-06-18 18:48:52,REAL,67407776040,28840,67407804880,67407804880
2025-06-18 18:48:54,REAL,67407804880,29578,67407834458,67407834458
2025-06-18 18:48:56,REAL,67407834458,29188,67407863646,67407863646
2025-06-18 18:48:58,REAL,67407863646,29288,67407892934,67407892934
2025-06-18 18:49:00,REAL,67407892934,12820,67407905754,67407905754
2025-06-18 18:49:02,REAL,67407905754,618,67407906372,67407906372
2025-06-18 18:49:04,REAL,67407906372,541,67407906913,67407906913
2025-06-18 18:49:06,REAL,67407906913,544,67407907457,67407907457
2025-06-18 18:49:08,REAL,67407907457,540,67407907997,67407907997
2025-06-18 18:49:10,REAL,67407907997,531,67407908528,67407908528
2025-06-18 18:49:12,REAL,67407908528,530,67407909058,67407909058
2025-06-18 18:49:14,REAL,67407909058,545,67407909603,67407909603
2025-06-18 18:49:16,REAL,67407909603,27360,67407936963,67407936963
2025-06-18 18:49:18,REAL,67407936963,230837,67408167800,67408167800
2025-06-18 18:49:20,REAL,67408167800,29493,67408197293,67408197293
2025-06-18 18:49:22,REAL,67408197293,29493,67408226786,67408226786
2025-06-18 18:49:24,REAL,67408226786,29643,67408256429,67408256429
2025-06-18 18:49:26,REAL,67408256429,29201,67408285630,67408285630
2025-06-18 18:49:28,REAL,67408285630,29531,67408315161,67408315161
2025-06-18 18:49:30,REAL,67408315161,29376,67408344537,67408344537
2025-06-18 18:49:32,REAL,67408344537,11502,67408356039,67408356039
2025-06-18 18:49:34,REAL,67408356039,541,67408356580,67408356580
2025-06-18 18:49:36,REAL,67408356580,542,67408357122,67408357122
2025-06-18 18:49:38,REAL,67408357122,541,67408357663,67408357663
2025-06-18 18:49:40,REAL,67408357663,541,67408358204,67408358204
2025-06-18 18:49:42,REAL,67408358204,538,67408358742,67408358742
2025-06-18 18:49:44,REAL,67408358742,550,67408359292,67408359292
2025-06-18 18:49:46,REAL,67408359292,539,67408359831,67408359831
2025-06-18 18:49:48,REAL,67408359831,736,67408360567,67408360567
2025-06-18 18:49:50,REAL,67408360567,546,67408361113,67408361113
2025-06-18 18:49:52,REAL,67408361113,539,67408361652,67408361652
2025-06-18 18:49:54,REAL,67408361652,539,67408362191,67408362191
2025-06-18 18:49:56,REAL,67408362191,543,67408362734,67408362734
2025-06-18 18:49:58,REAL,67408362734,540,67408363274,67408363274
2025-06-18 18:50:00,REAL,67408363274,533,67408363807,67408363807
2025-06-18 18:50:02,REAL,67408363807,613,67408364420,67408364420
2025-06-18 18:50:04,REAL,67408364420,659,67408365079,67408365079
2025-06-18 18:50:06,REAL,67408365079,544,67408365623,67408365623
2025-06-18 18:50:08,REAL,67408365623,600,67408366223,67408366223
2025-06-18 18:50:10,REAL,67408366223,540,67408366763,67408366763
2025-06-18 18:50:12,REAL,67408366763,541,67408367304,67408367304
2025-06-18 18:50:14,REAL,67408367304,540,67408367844,67408367844
2025-06-18 18:50:16,REAL,67408367844,539,67408368383,67408368383
2025-06-18 18:50:18,REAL,67408368383,616,67408368999,67408368999
2025-06-18 18:50:20,REAL,67408368999,52802,67408421801,67408421801
2025-06-18 18:50:22,REAL,67408421801,201505,67408623306,67408623306
2025-06-18 18:50:24,REAL,67408623306,29326,67408652632,67408652632
2025-06-18 18:50:26,REAL,67408652632,29501,67408682133,67408682133
2025-06-18 18:50:28,REAL,67408682133,29090,67408711223,67408711223
2025-06-18 18:50:30,REAL,67408711223,28400,67408739623,67408739623
2025-06-18 18:50:32,REAL,67408739623,29769,67408769392,67408769392
2025-06-18 18:50:34,REAL,67408769392,29038,67408798430,67408798430
2025-06-18 18:50:36,REAL,67408798430,7692,67408806122,67408806122
2025-06-18 18:50:38,REAL,67408806122,540,67408806662,67408806662
2025-06-18 18:50:40,REAL,67408806662,547,67408807209,67408807209
2025-06-18 18:50:42,REAL,67408807209,543,67408807752,67408807752
2025-06-18 18:50:44,REAL,67408807752,531,67408808283,67408808283
2025-06-18 18:50:46,REAL,67408808283,543,67408808826,67408808826
2025-06-18 18:50:48,REAL,67408808826,612,67408809438,67408809438
2025-06-18 18:50:50,REAL,67408809438,536,67408809974,67408809974
2025-06-18 18:50:52,REAL,67408809974,71132,67408881106,67408881106
2025-06-18 18:50:54,REAL,67408881106,179209,67409060315,67409060315
2025-06-18 18:50:56,REAL,67409060315,29195,67409089510,67409089510
2025-06-18 18:50:58,REAL,67409089510,29600,67409119110,67409119110
2025-06-18 18:51:00,REAL,67409119110,29359,67409148469,67409148469
2025-06-18 18:51:02,REAL,67409148469,29054,67409177523,67409177523
2025-06-18 18:51:04,REAL,67409177523,28802,67409206325,67409206325
2025-06-18 18:51:06,REAL,67409206325,29730,67409236055,67409236055
2025-06-18 18:51:08,REAL,67409236055,5919,67409241974,67409241974
2025-06-18 18:51:10,REAL,67409241974,542,67409242516,67409242516
2025-06-18 18:51:12,REAL,67409242516,545,67409243061,67409243061
2025-06-18 18:51:14,REAL,67409243061,537,67409243598,67409243598
2025-06-18 18:51:16,REAL,67409243598,539,67409244137,67409244137
2025-06-18 18:51:18,REAL,67409244137,610,67409244747,67409244747
2025-06-18 18:51:20,REAL,67409244747,550,67409245297,67409245297
2025-06-18 18:51:22,REAL,67409245297,536,67409245833,67409245833
2025-06-18 18:51:24,REAL,67409245833,594,67409246427,67409246427
2025-06-18 18:51:26,REAL,67409246427,595,67409247022,67409247022
2025-06-18 18:51:28,REAL,67409247022,533,67409247555,67409247555
2025-06-18 18:51:30,REAL,67409247555,598,67409248153,67409248153
2025-06-18 18:51:32,REAL,67409248153,615,67409248768,67409248768
2025-06-18 18:51:34,REAL,67409248768,546,67409249314,67409249314
2025-06-18 18:51:36,REAL,67409249314,541,67409249855,67409249855
2025-06-18 18:51:38,REAL,67409249855,543,67409250398,67409250398
2025-06-18 18:51:40,REAL,67409250398,604,67409251002,67409251002
2025-06-18 18:51:42,REAL,67409251002,549,67409251551,67409251551
2025-06-18 18:51:44,REAL,67409251551,541,67409252092,67409252092
2025-06-18 18:51:46,REAL,67409252092,543,67409252635,67409252635
2025-06-18 18:51:48,REAL,67409252635,609,67409253244,67409253244
2025-06-18 18:51:50,REAL,67409253244,596,67409253840,67409253840
2025-06-18 18:51:52,REAL,67409253840,550,67409254390,67409254390
2025-06-18 18:51:54,REAL,67409254390,546,67409254936,67409254936
2025-06-18 18:51:56,REAL,67409254936,592,67409255528,67409255528
2025-06-18 18:51:58,REAL,67409255528,540,67409256068,67409256068
2025-06-18 18:52:00,REAL,67409256068,540,67409256608,67409256608
2025-06-18 18:52:02,REAL,67409256608,615,67409257223,67409257223
2025-06-18 18:52:04,REAL,67409257223,539,67409257762,67409257762
2025-06-18 18:52:06,REAL,67409257762,595,67409258357,67409258357
2025-06-18 18:52:08,REAL,67409258357,542,67409258899,67409258899
2025-06-18 18:52:10,REAL,67409258899,542,67409259441,67409259441
2025-06-18 18:52:12,REAL,67409259441,598,67409260039,67409260039
2025-06-18 18:52:14,REAL,67409260039,540,67409260579,67409260579
2025-06-18 18:52:16,REAL,67409260579,593,67409261172,67409261172
2025-06-18 18:52:18,REAL,67409261172,613,67409261785,67409261785
2025-06-18 18:52:20,REAL,67409261785,539,67409262324,67409262324
2025-06-18 18:52:22,REAL,67409262324,537,67409262861,67409262861
2025-06-18 18:52:24,REAL,67409262861,532,67409263393,67409263393
2025-06-18 18:52:26,REAL,67409263393,546,67409263939,67409263939
2025-06-18 18:52:28,REAL,67409263939,133889,67409397828,67409397828
2025-06-18 18:52:30,REAL,67409397828,135251,67409533079,67409533079
2025-06-18 18:52:32,REAL,67409533079,29299,67409562378,67409562378
2025-06-18 18:52:34,REAL,67409562378,29634,67409592012,67409592012
2025-06-18 18:52:36,REAL,67409592012,28999,67409621011,67409621011
2025-06-18 18:52:38,REAL,67409621011,29454,67409650465,67409650465
2025-06-18 18:52:40,REAL,67409650465,29234,67409679699,67409679699
2025-06-18 18:52:42,REAL,67409679699,28442,67409708141,67409708141
2025-06-18 18:52:44,REAL,67409708141,600,67409708741,67409708741
2025-06-18 18:52:46,REAL,67409708741,540,67409709281,67409709281
2025-06-18 18:52:48,REAL,67409709281,615,67409709896,67409709896
2025-06-18 18:52:50,REAL,67409709896,548,67409710444,67409710444
2025-06-18 18:52:52,REAL,67409710444,540,67409710984,67409710984
2025-06-18 18:52:54,REAL,67409710984,544,67409711528,67409711528
2025-06-18 18:52:56,REAL,67409711528,538,67409712066,67409712066
2025-06-18 18:52:58,REAL,67409712066,604,67409712670,67409712670
2025-06-18 18:53:00,REAL,67409712670,158657,67409871327,67409871327
2025-06-18 18:53:02,REAL,67409871327,131506,67410002833,67410002833
2025-06-18 18:53:04,REAL,67410002833,29112,67410031945,67410031945
2025-06-18 18:53:06,REAL,67410031945,28826,67410060771,67410060771
2025-06-18 18:53:08,REAL,67410060771,29646,67410090417,67410090417
2025-06-18 18:53:10,REAL,67410090417,29137,67410119554,67410119554
2025-06-18 18:53:12,REAL,67410119554,29460,67410149014,67410149014
2025-06-18 18:53:14,REAL,67410149014,27105,67410176119,67410176119
2025-06-18 18:53:16,REAL,67410176119,547,67410176666,67410176666
2025-06-18 18:53:18,REAL,67410176666,609,67410177275,67410177275
2025-06-18 18:53:20,REAL,67410177275,545,67410177820,67410177820
2025-06-18 18:53:22,REAL,67410177820,533,67410178353,67410178353
2025-06-18 18:53:24,REAL,67410178353,540,67410178893,67410178893
2025-06-18 18:53:26,REAL,67410178893,539,67410179432,67410179432
2025-06-18 18:53:28,REAL,67410179432,536,67410179968,67410179968
2025-06-18 18:53:30,REAL,67410179968,659,67410180627,67410180627
2025-06-18 18:53:32,REAL,67410180627,157603,67410338230,67410338230
2025-06-18 18:53:34,REAL,67410338230,105906,67410444136,67410444136
2025-06-18 18:53:36,REAL,67410444136,29571,67410473707,67410473707
2025-06-18 18:53:38,REAL,67410473707,29465,67410503172,67410503172
2025-06-18 18:53:40,REAL,67410503172,28523,67410531695,67410531695
2025-06-18 18:53:42,REAL,67410531695,28702,67410560397,67410560397
2025-06-18 18:53:44,REAL,67410560397,28904,67410589301,67410589301
2025-06-18 18:53:46,REAL,67410589301,25700,67410615001,67410615001
2025-06-18 18:53:48,REAL,67410615001,622,67410615623,67410615623
2025-06-18 18:53:50,REAL,67410615623,539,67410616162,67410616162
2025-06-18 18:53:52,REAL,67410616162,540,67410616702,67410616702
2025-06-18 18:53:54,REAL,67410616702,596,67410617298,67410617298
2025-06-18 18:53:56,REAL,67410617298,543,67410617841,67410617841
2025-06-18 18:53:58,REAL,67410617841,537,67410618378,67410618378
2025-06-18 18:54:00,REAL,67410618378,543,67410618921,67410618921
2025-06-18 18:54:02,REAL,67410618921,603,67410619524,67410619524
2025-06-18 18:54:04,REAL,67410619524,681,67410620205,67410620205
2025-06-18 18:54:06,REAL,67410620205,592,67410620797,67410620797
2025-06-18 18:54:08,REAL,67410620797,660,67410621457,67410621457
2025-06-18 18:54:10,REAL,67410621457,544,67410622001,67410622001
2025-06-18 18:54:12,REAL,67410622001,545,67410622546,67410622546
2025-06-18 18:54:14,REAL,67410622546,541,67410623087,67410623087
2025-06-18 18:54:16,REAL,67410623087,536,67410623623,67410623623
2025-06-18 18:54:18,REAL,67410623623,663,67410624286,67410624286
2025-06-18 18:54:20,REAL,67410624286,545,67410624831,67410624831
2025-06-18 18:54:22,REAL,67410624831,546,67410625377,67410625377
2025-06-18 18:54:24,REAL,67410625377,594,67410625971,67410625971
2025-06-18 18:54:26,REAL,67410625971,531,67410626502,67410626502
2025-06-18 18:54:28,REAL,67410626502,537,67410627039,67410627039
2025-06-18 18:54:30,REAL,67410627039,544,67410627583,67410627583
2025-06-18 18:54:32,REAL,67410627583,544,67410628127,67410628127
2025-06-18 18:54:34,REAL,67410628127,608,67410628735,67410628735
2025-06-18 18:54:36,REAL,67410628735,544,67410629279,67410629279
2025-06-18 18:54:38,REAL,67410629279,533,67410629812,67410629812
2025-06-18 18:54:40,REAL,67410629812,598,67410630410,67410630410
2025-06-18 18:54:42,REAL,67410630410,594,67410631004,67410631004
2025-06-18 18:54:44,REAL,67410631004,530,67410631534,67410631534
2025-06-18 18:54:46,REAL,67410631534,597,67410632131,67410632131
2025-06-18 18:54:48,REAL,67410632131,610,67410632741,67410632741
2025-06-18 18:54:50,REAL,67410632741,539,67410633280,67410633280
2025-06-18 18:54:52,REAL,67410633280,545,67410633825,67410633825
2025-06-18 18:54:54,REAL,67410633825,543,67410634368,67410634368
2025-06-18 18:54:56,REAL,67410634368,596,67410634964,67410634964
2025-06-18 18:54:58,REAL,67410634964,537,67410635501,67410635501
2025-06-18 18:55:00,REAL,67410635501,544,67410636045,67410636045
2025-06-18 18:55:02,REAL,67410636045,548,67410636593,67410636593
2025-06-18 18:55:04,REAL,67410636593,618,67410637211,67410637211
2025-06-18 18:55:06,REAL,67410637211,542,67410637753,67410637753
2025-06-18 18:55:08,REAL,67410637753,589,67410638342,67410638342
2025-06-18 18:55:10,REAL,67410638342,533,67410638875,67410638875
2025-06-18 18:55:12,REAL,67410638875,72934,67410711809,67410711809
2025-06-18 18:55:14,REAL,67410711809,202360,67410914169,67410914169
2025-06-18 18:55:16,REAL,67410914169,29356,67410943525,67410943525
2025-06-18 18:55:18,REAL,67410943525,29442,67410972967,67410972967
2025-06-18 18:55:20,REAL,67410972967,29533,67411002500,67411002500
2025-06-18 18:55:22,REAL,67411002500,29005,67411031505,67411031505
2025-06-18 18:55:24,REAL,67411031505,29123,67411060628,67411060628
2025-06-18 18:55:26,REAL,67411060628,28974,67411089602,67411089602
2025-06-18 18:55:28,REAL,67411089602,5493,67411095095,67411095095
2025-06-18 18:55:30,REAL,67411095095,545,67411095640,67411095640
2025-06-18 18:55:32,REAL,67411095640,596,67411096236,67411096236
2025-06-18 18:55:34,REAL,67411096236,615,67411096851,67411096851
2025-06-18 18:55:36,REAL,67411096851,534,67411097385,67411097385
2025-06-18 18:55:38,REAL,67411097385,546,67411097931,67411097931
2025-06-18 18:55:40,REAL,67411097931,545,67411098476,67411098476
2025-06-18 18:55:42,REAL,67411098476,539,67411099015,67411099015
2025-06-18 18:55:44,REAL,67411099015,600,67411099615,67411099615
2025-06-18 18:55:46,REAL,67411099615,536,67411100151,67411100151
2025-06-18 18:55:48,REAL,67411100151,621,67411100772,67411100772
2025-06-18 18:55:50,REAL,67411100772,544,67411101316,67411101316
2025-06-18 18:55:52,REAL,67411101316,595,67411101911,67411101911
2025-06-18 18:55:54,REAL,67411101911,535,67411102446,67411102446
2025-06-18 18:55:56,REAL,67411102446,588,67411103034,67411103034
2025-06-18 18:55:58,REAL,67411103034,540,67411103574,67411103574
2025-06-18 18:56:00,REAL,67411103574,606,67411104180,67411104180
2025-06-18 18:56:02,REAL,67411104180,543,67411104723,67411104723
2025-06-18 18:56:04,REAL,67411104723,615,67411105338,67411105338
2025-06-18 18:56:06,REAL,67411105338,534,67411105872,67411105872
2025-06-18 18:56:08,REAL,67411105872,536,67411106408,67411106408
2025-06-18 18:56:10,REAL,67411106408,542,67411106950,67411106950
2025-06-18 18:56:12,REAL,67411106950,543,67411107493,67411107493
2025-06-18 18:56:14,REAL,67411107493,539,67411108032,67411108032
2025-06-18 18:56:16,REAL,67411108032,594,67411108626,67411108626
2025-06-18 18:56:18,REAL,67411108626,619,67411109245,67411109245
2025-06-18 18:56:20,REAL,67411109245,589,67411109834,67411109834
2025-06-18 18:56:22,REAL,67411109834,544,67411110378,67411110378
2025-06-18 18:56:24,REAL,67411110378,541,67411110919,67411110919
2025-06-18 18:56:26,REAL,67411110919,544,67411111463,67411111463
2025-06-18 18:56:28,REAL,67411111463,541,67411112004,67411112004
2025-06-18 18:56:30,REAL,67411112004,603,67411112607,67411112607
2025-06-18 18:56:32,REAL,67411112607,602,67411113209,67411113209
2025-06-18 18:56:34,REAL,67411113209,613,67411113822,67411113822
2025-06-18 18:56:36,REAL,67411113822,538,67411114360,67411114360
2025-06-18 18:56:38,REAL,67411114360,533,67411114893,67411114893
2025-06-18 18:56:40,REAL,67411114893,546,67411115439,67411115439
2025-06-18 18:56:42,REAL,67411115439,541,67411115980,67411115980
2025-06-18 18:56:44,REAL,67411115980,535,67411116515,67411116515
2025-06-18 18:56:46,REAL,67411116515,593,67411117108,67411117108
2025-06-18 18:56:48,REAL,67411117108,135973,67411253081,67411253081
2025-06-18 18:56:50,REAL,67411253081,146740,67411399821,67411399821
2025-06-18 18:56:52,REAL,67411399821,28283,67411428104,67411428104
2025-06-18 18:56:54,REAL,67411428104,29165,67411457269,67411457269
2025-06-18 18:56:56,REAL,67411457269,28776,67411486045,67411486045
2025-06-18 18:56:58,REAL,67411486045,29776,67411515821,67411515821
2025-06-18 18:57:00,REAL,67411515821,29262,67411545083,67411545083
2025-06-18 18:57:02,REAL,67411545083,28743,67411573826,67411573826
2025-06-18 18:57:04,REAL,67411573826,666,67411574492,67411574492
2025-06-18 18:57:06,REAL,67411574492,538,67411575030,67411575030
2025-06-18 18:57:08,REAL,67411575030,544,67411575574,67411575574
2025-06-18 18:57:10,REAL,67411575574,592,67411576166,67411576166
2025-06-18 18:57:12,REAL,67411576166,538,67411576704,67411576704
2025-06-18 18:57:14,REAL,67411576704,538,67411577242,67411577242
2025-06-18 18:57:16,REAL,67411577242,542,67411577784,67411577784
2025-06-18 18:57:18,REAL,67411577784,598,67411578382,67411578382
2025-06-18 18:57:20,REAL,67411578382,613,67411578995,67411578995
2025-06-18 18:57:22,REAL,67411578995,535,67411579530,67411579530
2025-06-18 18:57:24,REAL,67411579530,541,67411580071,67411580071
2025-06-18 18:57:26,REAL,67411580071,602,67411580673,67411580673
2025-06-18 18:57:28,REAL,67411580673,547,67411581220,67411581220
2025-06-18 18:57:30,REAL,67411581220,537,67411581757,67411581757
2025-06-18 18:57:32,REAL,67411581757,544,67411582301,67411582301
2025-06-18 18:57:34,REAL,67411582301,737,67411583038,67411583038
2025-06-18 18:57:36,REAL,67411583038,542,67411583580,67411583580
2025-06-18 18:57:38,REAL,67411583580,540,67411584120,67411584120
2025-06-18 18:57:40,REAL,67411584120,548,67411584668,67411584668
2025-06-18 18:57:42,REAL,67411584668,540,67411585208,67411585208
2025-06-18 18:57:44,REAL,67411585208,540,67411585748,67411585748
2025-06-18 18:57:46,REAL,67411585748,546,67411586294,67411586294
2025-06-18 18:57:48,REAL,67411586294,550,67411586844,67411586844
2025-06-18 18:57:50,REAL,67411586844,677,67411587521,67411587521
2025-06-18 18:57:52,REAL,67411587521,532,67411588053,67411588053
2025-06-18 18:57:54,REAL,67411588053,540,67411588593,67411588593
2025-06-18 18:57:56,REAL,67411588593,539,67411589132,67411589132
2025-06-18 18:57:58,REAL,67411589132,542,67411589674,67411589674
2025-06-18 18:58:00,REAL,67411589674,593,67411590267,67411590267
2025-06-18 18:58:02,REAL,67411590267,543,67411590810,67411590810
2025-06-18 18:58:04,REAL,67411590810,670,67411591480,67411591480
2025-06-18 18:58:06,REAL,67411591480,599,67411592079,67411592079
2025-06-18 18:58:08,REAL,67411592079,536,67411592615,67411592615
2025-06-18 18:58:10,REAL,67411592615,544,67411593159,67411593159
2025-06-18 18:58:12,REAL,67411593159,546,67411593705,67411593705
2025-06-18 18:58:14,REAL,67411593705,538,67411594243,67411594243
2025-06-18 18:58:16,REAL,67411594243,533,67411594776,67411594776
2025-06-18 18:58:18,REAL,67411594776,537,67411595313,67411595313
2025-06-18 18:58:20,REAL,67411595313,610,67411595923,67411595923
2025-06-18 18:58:22,REAL,67411595923,591,67411596514,67411596514
2025-06-18 18:58:24,REAL,67411596514,599,67411597113,67411597113
2025-06-18 18:58:26,REAL,67411597113,649,67411597762,67411597762
2025-06-18 18:58:28,REAL,67411597762,609,67411598371,67411598371
2025-06-18 18:58:30,REAL,67411598371,541,67411598912,67411598912
2025-06-18 18:58:32,REAL,67411598912,539,67411599451,67411599451
2025-06-18 18:58:34,REAL,67411599451,610,67411600061,67411600061
2025-06-18 18:58:36,REAL,67411600061,534,67411600595,67411600595
2025-06-18 18:58:38,REAL,67411600595,538,67411601133,67411601133
2025-06-18 18:58:40,REAL,67411601133,540,67411601673,67411601673
2025-06-18 18:58:42,REAL,67411601673,596,67411602269,67411602269
2025-06-18 18:58:44,REAL,67411602269,52173,67411654442,67411654442
2025-06-18 18:58:46,REAL,67411654442,208313,67411862755,67411862755
2025-06-18 18:58:48,REAL,67411862755,28868,67411891623,67411891623
2025-06-18 18:58:50,REAL,67411891623,29283,67411920906,67411920906
2025-06-18 18:58:52,REAL,67411920906,28421,67411949327,67411949327
2025-06-18 18:58:54,REAL,67411949327,29506,67411978833,67411978833
2025-06-18 18:58:56,REAL,67411978833,29241,67412008074,67412008074
2025-06-18 18:58:58,REAL,67412008074,29105,67412037179,67412037179
2025-06-18 18:59:00,REAL,67412037179,7936,67412045115,67412045115
2025-06-18 18:59:02,REAL,67412045115,539,67412045654,67412045654
2025-06-18 18:59:04,REAL,67412045654,616,67412046270,67412046270
2025-06-18 18:59:06,REAL,67412046270,532,67412046802,67412046802
2025-06-18 18:59:08,REAL,67412046802,548,67412047350,67412047350
2025-06-18 18:59:10,REAL,67412047350,537,67412047887,67412047887
2025-06-18 18:59:12,REAL,67412047887,539,67412048426,67412048426
2025-06-18 18:59:14,REAL,67412048426,544,67412048970,67412048970
2025-06-18 18:59:16,REAL,67412048970,81390,67412130360,67412130360
2025-06-18 18:59:18,REAL,67412130360,193142,67412323502,67412323502
2025-06-18 18:59:20,REAL,67412323502,28765,67412352267,67412352267
2025-06-18 18:59:22,REAL,67412352267,29069,67412381336,67412381336
2025-06-18 18:59:24,REAL,67412381336,29292,67412410628,67412410628
2025-06-18 18:59:26,REAL,67412410628,29064,67412439692,67412439692
2025-06-18 18:59:28,REAL,67412439692,29444,67412469136,67412469136
2025-06-18 18:59:30,REAL,67412469136,28917,67412498053,67412498053
2025-06-18 18:59:32,REAL,67412498053,5463,67412503516,67412503516
2025-06-18 18:59:34,REAL,67412503516,619,67412504135,67412504135
2025-06-18 18:59:36,REAL,67412504135,541,67412504676,67412504676
2025-06-18 18:59:38,REAL,67412504676,544,67412505220,67412505220
2025-06-18 18:59:40,REAL,67412505220,548,67412505768,67412505768
2025-06-18 18:59:42,REAL,67412505768,603,67412506371,67412506371
2025-06-18 18:59:44,REAL,67412506371,535,67412506906,67412506906
2025-06-18 18:59:46,REAL,67412506906,531,67412507437,67412507437
2025-06-18 18:59:48,REAL,67412507437,600,67412508037,67412508037
2025-06-18 18:59:50,REAL,67412508037,612,67412508649,67412508649
2025-06-18 18:59:52,REAL,67412508649,538,67412509187,67412509187
2025-06-18 18:59:54,REAL,67412509187,537,67412509724,67412509724
2025-06-18 18:59:56,REAL,67412509724,541,67412510265,67412510265
2025-06-18 18:59:58,REAL,67412510265,539,67412510804,67412510804
2025-06-18 19:00:00,REAL,67412510804,546,67412511350,67412511350
2025-06-18 19:00:02,REAL,67412511350,547,67412511897,67412511897
2025-06-18 19:00:04,REAL,67412511897,732,67412512629,67412512629
2025-06-18 19:00:06,REAL,67412512629,595,67412513224,67412513224
2025-06-18 19:00:08,REAL,67412513224,545,67412513769,67412513769
2025-06-18 19:00:10,REAL,67412513769,538,67412514307,67412514307
2025-06-18 19:00:12,REAL,67412514307,545,67412514852,67412514852
2025-06-18 19:00:14,REAL,67412514852,542,67412515394,67412515394
2025-06-18 19:00:16,REAL,67412515394,543,67412515937,67412515937
2025-06-18 19:00:18,REAL,67412515937,544,67412516481,67412516481
2025-06-18 19:00:20,REAL,67412516481,743,67412517224,67412517224
2025-06-18 19:00:22,REAL,67412517224,594,67412517818,67412517818
2025-06-18 19:00:24,REAL,67412517818,601,67412518419,67412518419
2025-06-18 19:00:26,REAL,67412518419,545,67412518964,67412518964
2025-06-18 19:00:28,REAL,67412518964,545,67412519509,67412519509
2025-06-18 19:00:30,REAL,67412519509,595,67412520104,67412520104
2025-06-18 19:00:32,REAL,67412520104,540,67412520644,67412520644
2025-06-18 19:00:34,REAL,67412520644,615,67412521259,67412521259
2025-06-18 19:00:36,REAL,67412521259,541,67412521800,67412521800
2025-06-18 19:00:38,REAL,67412521800,540,67412522340,67412522340
2025-06-18 19:00:40,REAL,67412522340,596,67412522936,67412522936
2025-06-18 19:00:42,REAL,67412522936,248022,67412770958,67412770958
2025-06-18 19:00:44,REAL,67412770958,29428,67412800386,67412800386
2025-06-18 19:00:46,REAL,67412800386,29046,67412829432,67412829432
2025-06-18 19:00:48,REAL,67412829432,28840,67412858272,67412858272
2025-06-18 19:00:50,REAL,67412858272,29209,67412887481,67412887481
2025-06-18 19:00:52,REAL,67412887481,28578,67412916059,67412916059
2025-06-18 19:00:54,REAL,67412916059,29611,67412945670,67412945670
2025-06-18 19:00:56,REAL,67412945670,15525,67412961195,67412961195
2025-06-18 19:00:58,REAL,67412961195,546,67412961741,67412961741
2025-06-18 19:01:00,REAL,67412961741,547,67412962288,67412962288
2025-06-18 19:01:02,REAL,67412962288,539,67412962827,67412962827
2025-06-18 19:01:04,REAL,67412962827,622,67412963449,67412963449
2025-06-18 19:01:06,REAL,67412963449,533,67412963982,67412963982
2025-06-18 19:01:08,REAL,67412963982,542,67412964524,67412964524
2025-06-18 19:01:10,REAL,67412964524,541,67412965065,67412965065
2025-06-18 19:01:12,REAL,67412965065,671,67412965736,67412965736
2025-06-18 19:01:14,REAL,67412965736,280182,67413245918,67413245918
2025-06-18 19:01:16,REAL,67413245918,29107,67413275025,67413275025
2025-06-18 19:01:18,REAL,67413275025,29519,67413304544,67413304544
2025-06-18 19:01:20,REAL,67413304544,29031,67413333575,67413333575
2025-06-18 19:01:22,REAL,67413333575,29511,67413363086,67413363086
2025-06-18 19:01:24,REAL,67413363086,28665,67413391751,67413391751
2025-06-18 19:01:26,REAL,67413391751,29759,67413421510,67413421510
2025-06-18 19:01:28,REAL,67413421510,13528,67413435038,67413435038
2025-06-18 19:01:30,REAL,67413435038,537,67413435575,67413435575
2025-06-18 19:01:32,REAL,67413435575,541,67413436116,67413436116
2025-06-18 19:01:34,REAL,67413436116,616,67413436732,67413436732
2025-06-18 19:01:36,REAL,67413436732,533,67413437265,67413437265
2025-06-18 19:01:38,REAL,67413437265,543,67413437808,67413437808
2025-06-18 19:01:40,REAL,67413437808,543,67413438351,67413438351
2025-06-18 19:01:42,REAL,67413438351,539,67413438890,67413438890
2025-06-18 19:01:44,REAL,67413438890,598,67413439488,67413439488
2025-06-18 19:01:46,REAL,67413439488,538,67413440026,67413440026
2025-06-18 19:01:48,REAL,67413440026,541,67413440567,67413440567
2025-06-18 19:01:50,REAL,67413440567,623,67413441190,67413441190
2025-06-18 19:01:52,REAL,67413441190,547,67413441737,67413441737
2025-06-18 19:01:54,REAL,67413441737,600,67413442337,67413442337
2025-06-18 19:01:56,REAL,67413442337,549,67413442886,67413442886
2025-06-18 19:01:58,REAL,67413442886,592,67413443478,67413443478
2025-06-18 19:02:00,REAL,67413443478,604,67413444082,67413444082
2025-06-18 19:02:02,REAL,67413444082,533,67413444615,67413444615
2025-06-18 19:02:04,REAL,67413444615,620,67413445235,67413445235
2025-06-18 19:02:06,REAL,67413445235,539,67413445774,67413445774
2025-06-18 19:02:08,REAL,67413445774,541,67413446315,67413446315
2025-06-18 19:02:10,REAL,67413446315,534,67413446849,67413446849
2025-06-18 19:02:12,REAL,67413446849,537,67413447386,67413447386
2025-06-18 19:02:14,REAL,67413447386,541,67413447927,67413447927
2025-06-18 19:02:16,REAL,67413447927,34448,67413482375,67413482375
2025-06-18 19:02:18,REAL,67413482375,249368,67413731743,67413731743
2025-06-18 19:02:20,REAL,67413731743,29712,67413761455,67413761455
2025-06-18 19:02:22,REAL,67413761455,28958,67413790413,67413790413
2025-06-18 19:02:24,REAL,67413790413,29198,67413819611,67413819611
2025-06-18 19:02:26,REAL,67413819611,29630,67413849241,67413849241
2025-06-18 19:02:28,REAL,67413849241,28788,67413878029,67413878029
2025-06-18 19:02:30,REAL,67413878029,29205,67413907234,67413907234
2025-06-18 19:02:32,REAL,67413907234,9964,67413917198,67413917198
2025-06-18 19:02:34,REAL,67413917198,616,67413917814,67413917814
2025-06-18 19:02:36,REAL,67413917814,535,67413918349,67413918349
2025-06-18 19:02:38,REAL,67413918349,537,67413918886,67413918886
2025-06-18 19:02:40,REAL,67413918886,541,67413919427,67413919427
2025-06-18 19:02:42,REAL,67413919427,534,67413919961,67413919961
2025-06-18 19:02:44,REAL,67413919961,534,67413920495,67413920495
2025-06-18 19:02:46,REAL,67413920495,538,67413921033,67413921033
2025-06-18 19:02:48,REAL,67413921033,57158,67413978191,67413978191
2025-06-18 19:02:50,REAL,67413978191,214933,67414193124,67414193124
2025-06-18 19:02:52,REAL,67414193124,28727,67414221851,67414221851
2025-06-18 19:02:54,REAL,67414221851,28904,67414250755,67414250755
2025-06-18 19:02:56,REAL,67414250755,29073,67414279828,67414279828
2025-06-18 19:02:58,REAL,67414279828,29272,67414309100,67414309100
2025-06-18 19:03:00,REAL,67414309100,29025,67414338125,67414338125
2025-06-18 19:03:02,REAL,67414338125,29065,67414367190,67414367190
2025-06-18 19:03:04,REAL,67414367190,8117,67414375307,67414375307
2025-06-18 19:03:06,REAL,67414375307,542,67414375849,67414375849
2025-06-18 19:03:08,REAL,67414375849,545,67414376394,67414376394
2025-06-18 19:03:10,REAL,67414376394,542,67414376936,67414376936
2025-06-18 19:03:12,REAL,67414376936,541,67414377477,67414377477
2025-06-18 19:03:14,REAL,67414377477,536,67414378013,67414378013
2025-06-18 19:03:16,REAL,67414378013,540,67414378553,67414378553
2025-06-18 19:03:18,REAL,67414378553,537,67414379090,67414379090
2025-06-18 19:03:20,REAL,67414379090,69915,67414449005,67414449005
2025-06-18 19:03:22,REAL,67414449005,199263,67414648268,67414648268
2025-06-18 19:03:24,REAL,67414648268,28044,67414676312,67414676312
2025-06-18 19:03:26,REAL,67414676312,29077,67414705389,67414705389
2025-06-18 19:03:28,REAL,67414705389,29713,67414735102,67414735102
2025-06-18 19:03:30,REAL,67414735102,29460,67414764562,67414764562
2025-06-18 19:03:32,REAL,67414764562,29238,67414793800,67414793800
2025-06-18 19:03:34,REAL,67414793800,29968,67414823768,67414823768
2025-06-18 19:03:36,REAL,67414823768,6186,67414829954,67414829954
2025-06-18 19:03:38,REAL,67414829954,544,67414830498,67414830498
2025-06-18 19:03:40,REAL,67414830498,541,67414831039,67414831039
2025-06-18 19:03:42,REAL,67414831039,543,67414831582,67414831582
2025-06-18 19:03:44,REAL,67414831582,542,67414832124,67414832124
2025-06-18 19:03:46,REAL,67414832124,542,67414832666,67414832666
2025-06-18 19:03:48,REAL,67414832666,550,67414833216,67414833216
2025-06-18 19:03:50,REAL,67414833216,611,67414833827,67414833827
2025-06-18 19:03:52,REAL,67414833827,594,67414834421,67414834421
2025-06-18 19:03:54,REAL,67414834421,534,67414834955,67414834955
2025-06-18 19:03:56,REAL,67414834955,547,67414835502,67414835502
2025-06-18 19:03:58,REAL,67414835502,540,67414836042,67414836042
2025-06-18 19:04:00,REAL,67414836042,546,67414836588,67414836588
2025-06-18 19:04:02,REAL,67414836588,540,67414837128,67414837128
2025-06-18 19:04:04,REAL,67414837128,667,67414837795,67414837795
2025-06-18 19:04:06,REAL,67414837795,606,67414838401,67414838401
2025-06-18 19:04:08,REAL,67414838401,604,67414839005,67414839005
2025-06-18 19:04:10,REAL,67414839005,544,67414839549,67414839549
2025-06-18 19:04:12,REAL,67414839549,536,67414840085,67414840085
2025-06-18 19:04:14,REAL,67414840085,536,67414840621,67414840621
2025-06-18 19:04:16,REAL,67414840621,540,67414841161,67414841161
2025-06-18 19:04:18,REAL,67414841161,539,67414841700,67414841700
2025-06-18 19:04:20,REAL,67414841700,608,67414842308,67414842308
2025-06-18 19:04:22,REAL,67414842308,540,67414842848,67414842848
2025-06-18 19:04:24,REAL,67414842848,95687,67414938535,67414938535
2025-06-18 19:04:26,REAL,67414938535,185936,67415124471,67415124471
2025-06-18 19:04:28,REAL,67415124471,28921,67415153392,67415153392
2025-06-18 19:04:30,REAL,67415153392,29232,67415182624,67415182624
2025-06-18 19:04:32,REAL,67415182624,28750,67415211374,67415211374
2025-06-18 19:04:34,REAL,67415211374,29402,67415240776,67415240776
2025-06-18 19:04:36,REAL,67415240776,29416,67415270192,67415270192
2025-06-18 19:04:38,REAL,67415270192,29320,67415299512,67415299512
2025-06-18 19:04:40,REAL,67415299512,2826,67415302338,67415302338
2025-06-18 19:04:42,REAL,67415302338,537,67415302875,67415302875
2025-06-18 19:04:44,REAL,67415302875,548,67415303423,67415303423
2025-06-18 19:04:46,REAL,67415303423,546,67415303969,67415303969
2025-06-18 19:04:48,REAL,67415303969,545,67415304514,67415304514
2025-06-18 19:04:50,REAL,67415304514,617,67415305131,67415305131
2025-06-18 19:04:52,REAL,67415305131,543,67415305674,67415305674
2025-06-18 19:04:54,REAL,67415305674,539,67415306213,67415306213
2025-06-18 19:04:56,REAL,67415306213,601,67415306814,67415306814
2025-06-18 19:04:58,REAL,67415306814,542,67415307356,67415307356
2025-06-18 19:05:00,REAL,67415307356,540,67415307896,67415307896
2025-06-18 19:05:02,REAL,67415307896,542,67415308438,67415308438
2025-06-18 19:05:04,REAL,67415308438,625,67415309063,67415309063
2025-06-18 19:05:06,REAL,67415309063,543,67415309606,67415309606
2025-06-18 19:05:08,REAL,67415309606,588,67415310194,67415310194
2025-06-18 19:05:10,REAL,67415310194,597,67415310791,67415310791
2025-06-18 19:05:12,REAL,67415310791,606,67415311397,67415311397
2025-06-18 19:05:14,REAL,67415311397,538,67415311935,67415311935
2025-06-18 19:05:16,REAL,67415311935,538,67415312473,67415312473
2025-06-18 19:05:18,REAL,67415312473,545,67415313018,67415313018
2025-06-18 19:05:20,REAL,67415313018,617,67415313635,67415313635
2025-06-18 19:05:22,REAL,67415313635,538,67415314173,67415314173
2025-06-18 19:05:24,REAL,67415314173,539,67415314712,67415314712
2025-06-18 19:05:26,REAL,67415314712,533,67415315245,67415315245
2025-06-18 19:05:28,REAL,67415315245,153181,67415468426,67415468426
2025-06-18 19:05:30,REAL,67415468426,130346,67415598772,67415598772
2025-06-18 19:05:32,REAL,67415598772,28943,67415627715,67415627715
2025-06-18 19:05:34,REAL,67415627715,29281,67415656996,67415656996
2025-06-18 19:05:36,REAL,67415656996,29015,67415686011,67415686011
2025-06-18 19:05:38,REAL,67415686011,29314,67415715325,67415715325
2025-06-18 19:05:40,REAL,67415715325,29004,67415744329,67415744329
2025-06-18 19:05:42,REAL,67415744329,27773,67415772102,67415772102
2025-06-18 19:05:44,REAL,67415772102,537,67415772639,67415772639
2025-06-18 19:05:46,REAL,67415772639,540,67415773179,67415773179
2025-06-18 19:05:48,REAL,67415773179,539,67415773718,67415773718
2025-06-18 19:05:50,REAL,67415773718,611,67415774329,67415774329
2025-06-18 19:05:52,REAL,67415774329,537,67415774866,67415774866
2025-06-18 19:05:54,REAL,67415774866,543,67415775409,67415775409
2025-06-18 19:05:56,REAL,67415775409,534,67415775943,67415775943
2025-06-18 19:05:58,REAL,67415775943,596,67415776539,67415776539
2025-06-18 19:06:00,REAL,67415776539,154119,67415930658,67415930658
2025-06-18 19:06:02,REAL,67415930658,113383,67416044041,67416044041
2025-06-18 19:06:04,REAL,67416044041,29213,67416073254,67416073254
2025-06-18 19:06:06,REAL,67416073254,29496,67416102750,67416102750
2025-06-18 19:06:08,REAL,67416102750,29470,67416132220,67416132220
2025-06-18 19:06:10,REAL,67416132220,29212,67416161432,67416161432
2025-06-18 19:06:12,REAL,67416161432,29305,67416190737,67416190737
2025-06-18 19:06:14,REAL,67416190737,25596,67416216333,67416216333
2025-06-18 19:06:16,REAL,67416216333,596,67416216929,67416216929
2025-06-18 19:06:18,REAL,67416216929,540,67416217469,67416217469
2025-06-18 19:06:20,REAL,67416217469,611,67416218080,67416218080
2025-06-18 19:06:22,REAL,67416218080,534,67416218614,67416218614
2025-06-18 19:06:24,REAL,67416218614,543,67416219157,67416219157
2025-06-18 19:06:26,REAL,67416219157,534,67416219691,67416219691
2025-06-18 19:06:28,REAL,67416219691,534,67416220225,67416220225
2025-06-18 19:06:30,REAL,67416220225,659,67416220884,67416220884
2025-06-18 19:06:32,REAL,67416220884,155525,67416376409,67416376409
2025-06-18 19:06:34,REAL,67416376409,84920,67416461329,67416461329
2025-06-18 19:06:36,REAL,67416461329,29125,67416490454,67416490454
2025-06-18 19:06:38,REAL,67416490454,28816,67416519270,67416519270
2025-06-18 19:06:40,REAL,67416519270,28137,67416547407,67416547407
2025-06-18 19:06:42,REAL,67416547407,29602,67416577009,67416577009
2025-06-18 19:06:44,REAL,67416577009,28631,67416605640,67416605640
2025-06-18 19:06:46,REAL,67416605640,24102,67416629742,67416629742
2025-06-18 19:06:48,REAL,67416629742,538,67416630280,67416630280
2025-06-18 19:06:50,REAL,67416630280,671,67416630951,67416630951
2025-06-18 19:06:52,REAL,67416630951,544,67416631495,67416631495
2025-06-18 19:06:54,REAL,67416631495,534,67416632029,67416632029
2025-06-18 19:06:56,REAL,67416632029,534,67416632563,67416632563
2025-06-18 19:06:58,REAL,67416632563,534,67416633097,67416633097
2025-06-18 19:07:00,REAL,67416633097,539,67416633636,67416633636
2025-06-18 19:07:02,REAL,67416633636,656,67416634292,67416634292
2025-06-18 19:07:04,REAL,67416634292,216197,67416850489,67416850489
2025-06-18 19:07:06,REAL,67416850489,73942,67416924431,67416924431
2025-06-18 19:07:08,REAL,67416924431,28455,67416952886,67416952886
2025-06-18 19:07:10,REAL,67416952886,28831,67416981717,67416981717
2025-06-18 19:07:12,REAL,67416981717,29036,67417010753,67417010753
2025-06-18 19:07:14,REAL,67417010753,30148,67417040901,67417040901
2025-06-18 19:07:16,REAL,67417040901,28847,67417069748,67417069748
2025-06-18 19:07:18,REAL,67417069748,21710,67417091458,67417091458
2025-06-18 19:07:20,REAL,67417091458,613,67417092071,67417092071
2025-06-18 19:07:22,REAL,67417092071,541,67417092612,67417092612
2025-06-18 19:07:24,REAL,67417092612,592,67417093204,67417093204
2025-06-18 19:07:26,REAL,67417093204,539,67417093743,67417093743
2025-06-18 19:07:28,REAL,67417093743,536,67417094279,67417094279
2025-06-18 19:07:30,REAL,67417094279,535,67417094814,67417094814
2025-06-18 19:07:32,REAL,67417094814,536,67417095350,67417095350
2025-06-18 19:07:34,REAL,67417095350,652,67417096002,67417096002
2025-06-18 19:07:36,REAL,67417096002,217370,67417313372,67417313372
2025-06-18 19:07:38,REAL,67417313372,63445,67417376817,67417376817
2025-06-18 19:07:40,REAL,67417376817,29732,67417406549,67417406549
2025-06-18 19:07:42,REAL,67417406549,29222,67417435771,67417435771
2025-06-18 19:07:44,REAL,67417435771,29182,67417464953,67417464953
2025-06-18 19:07:46,REAL,67417464953,29221,67417494174,67417494174
2025-06-18 19:07:48,REAL,67417494174,29295,67417523469,67417523469
2025-06-18 19:07:50,REAL,67417523469,20799,67417544268,67417544268
2025-06-18 19:07:52,REAL,67417544268,548,67417544816,67417544816
2025-06-18 19:07:54,REAL,67417544816,547,67417545363,67417545363
2025-06-18 19:07:56,REAL,67417545363,550,67417545913,67417545913
2025-06-18 19:07:58,REAL,67417545913,538,67417546451,67417546451
2025-06-18 19:08:00,REAL,67417546451,587,67417547038,67417547038
2025-06-18 19:08:02,REAL,67417547038,541,67417547579,67417547579
2025-06-18 19:08:04,REAL,67417547579,544,67417548123,67417548123
2025-06-18 19:08:06,REAL,67417548123,725,67417548848,67417548848
2025-06-18 19:08:08,REAL,67417548848,535,67417549383,67417549383
2025-06-18 19:08:10,REAL,67417549383,546,67417549929,67417549929
2025-06-18 19:08:12,REAL,67417549929,543,67417550472,67417550472
2025-06-18 19:08:14,REAL,67417550472,546,67417551018,67417551018
2025-06-18 19:08:16,REAL,67417551018,533,67417551551,67417551551
2025-06-18 19:08:18,REAL,67417551551,545,67417552096,67417552096
2025-06-18 19:08:20,REAL,67417552096,614,67417552710,67417552710
2025-06-18 19:08:22,REAL,67417552710,591,67417553301,67417553301
2025-06-18 19:08:24,REAL,67417553301,547,67417553848,67417553848
2025-06-18 19:08:26,REAL,67417553848,535,67417554383,67417554383
2025-06-18 19:08:28,REAL,67417554383,541,67417554924,67417554924
2025-06-18 19:08:30,REAL,67417554924,539,67417555463,67417555463
2025-06-18 19:08:32,REAL,67417555463,548,67417556011,67417556011
2025-06-18 19:08:34,REAL,67417556011,597,67417556608,67417556608
2025-06-18 19:08:36,REAL,67417556608,610,67417557218,67417557218
2025-06-18 19:08:38,REAL,67417557218,658,67417557876,67417557876
2025-06-18 19:08:40,REAL,67417557876,251430,67417809306,67417809306
2025-06-18 19:08:42,REAL,67417809306,29704,67417839010,67417839010
2025-06-18 19:08:44,REAL,67417839010,29641,67417868651,67417868651
2025-06-18 19:08:46,REAL,67417868651,28933,67417897584,67417897584
2025-06-18 19:08:48,REAL,67417897584,29228,67417926812,67417926812
2025-06-18 19:08:50,REAL,67417926812,29589,67417956401,67417956401
2025-06-18 19:08:52,REAL,67417956401,28853,67417985254,67417985254
2025-06-18 19:08:54,REAL,67417985254,16619,67418001873,67418001873
2025-06-18 19:08:56,REAL,67418001873,538,67418002411,67418002411
2025-06-18 19:08:58,REAL,67418002411,539,67418002950,67418002950
2025-06-18 19:09:00,REAL,67418002950,532,67418003482,67418003482
2025-06-18 19:09:02,REAL,67418003482,543,67418004025,67418004025
2025-06-18 19:09:04,REAL,67418004025,541,67418004566,67418004566
2025-06-18 19:09:06,REAL,67418004566,610,67418005176,67418005176
2025-06-18 19:09:08,REAL,67418005176,545,67418005721,67418005721
2025-06-18 19:09:10,REAL,67418005721,720,67418006441,67418006441
2025-06-18 19:09:12,REAL,67418006441,542,67418006983,67418006983
2025-06-18 19:09:14,REAL,67418006983,539,67418007522,67418007522
2025-06-18 19:09:16,REAL,67418007522,538,67418008060,67418008060
2025-06-18 19:09:18,REAL,67418008060,539,67418008599,67418008599
2025-06-18 19:09:20,REAL,67418008599,624,67418009223,67418009223
2025-06-18 19:09:22,REAL,67418009223,545,67418009768,67418009768
2025-06-18 19:09:24,REAL,67418009768,534,67418010302,67418010302
2025-06-18 19:09:26,REAL,67418010302,607,67418010909,67418010909
2025-06-18 19:09:28,REAL,67418010909,535,67418011444,67418011444
2025-06-18 19:09:30,REAL,67418011444,539,67418011983,67418011983
2025-06-18 19:09:32,REAL,67418011983,540,67418012523,67418012523
2025-06-18 19:09:34,REAL,67418012523,544,67418013067,67418013067
2025-06-18 19:09:36,REAL,67418013067,615,67418013682,67418013682
2025-06-18 19:09:38,REAL,67418013682,545,67418014227,67418014227
2025-06-18 19:09:40,REAL,67418014227,597,67418014824,67418014824
2025-06-18 19:09:42,REAL,67418014824,596,67418015420,67418015420
2025-06-18 19:09:44,REAL,67418015420,590,67418016010,67418016010
2025-06-18 19:09:46,REAL,67418016010,536,67418016546,67418016546
2025-06-18 19:09:48,REAL,67418016546,548,67418017094,67418017094
2025-06-18 19:09:50,REAL,67418017094,610,67418017704,67418017704
2025-06-18 19:09:52,REAL,67418017704,543,67418018247,67418018247
2025-06-18 19:09:54,REAL,67418018247,547,67418018794,67418018794
2025-06-18 19:09:56,REAL,67418018794,542,67418019336,67418019336
2025-06-18 19:09:58,REAL,67418019336,600,67418019936,67418019936
2025-06-18 19:10:00,REAL,67418019936,535,67418020471,67418020471
2025-06-18 19:10:02,REAL,67418020471,543,67418021014,67418021014
2025-06-18 19:10:04,REAL,67418021014,544,67418021558,67418021558
2025-06-18 19:10:06,REAL,67418021558,614,67418022172,67418022172
2025-06-18 19:10:08,REAL,67418022172,538,67418022710,67418022710
2025-06-18 19:10:10,REAL,67418022710,542,67418023252,67418023252
2025-06-18 19:10:12,REAL,67418023252,590,67418023842,67418023842
2025-06-18 19:10:14,REAL,67418023842,592,67418024434,67418024434
2025-06-18 19:10:16,REAL,67418024434,536,67418024970,67418024970
2025-06-18 19:10:18,REAL,67418024970,597,67418025567,67418025567
2025-06-18 19:10:20,REAL,67418025567,610,67418026177,67418026177
2025-06-18 19:10:22,REAL,67418026177,533,67418026710,67418026710
2025-06-18 19:10:24,REAL,67418026710,545,67418027255,67418027255
2025-06-18 19:10:26,REAL,67418027255,541,67418027796,67418027796
2025-06-18 19:10:28,REAL,67418027796,534,67418028330,67418028330
2025-06-18 19:10:30,REAL,67418028330,602,67418028932,67418028932
2025-06-18 19:10:32,REAL,67418028932,542,67418029474,67418029474
2025-06-18 19:10:34,REAL,67418029474,537,67418030011,67418030011
2025-06-18 19:10:36,REAL,67418030011,666,67418030677,67418030677
2025-06-18 19:10:38,REAL,67418030677,546,67418031223,67418031223
2025-06-18 19:10:40,REAL,67418031223,538,67418031761,67418031761
2025-06-18 19:10:42,REAL,67418031761,546,67418032307,67418032307
2025-06-18 19:10:44,REAL,67418032307,535,67418032842,67418032842
2025-06-18 19:10:46,REAL,67418032842,592,67418033434,67418033434
2025-06-18 19:10:48,REAL,67418033434,536,67418033970,67418033970
2025-06-18 19:10:50,REAL,67418033970,619,67418034589,67418034589
2025-06-18 19:10:52,REAL,67418034589,550,67418035139,67418035139
2025-06-18 19:10:54,REAL,67418035139,597,67418035736,67418035736
2025-06-18 19:10:56,REAL,67418035736,539,67418036275,67418036275
2025-06-18 19:10:58,REAL,67418036275,597,67418036872,67418036872
2025-06-18 19:11:00,REAL,67418036872,538,67418037410,67418037410
2025-06-18 19:11:02,REAL,67418037410,603,67418038013,67418038013
2025-06-18 19:11:04,REAL,67418038013,546,67418038559,67418038559
2025-06-18 19:11:06,REAL,67418038559,620,67418039179,67418039179
2025-06-18 19:11:08,REAL,67418039179,539,67418039718,67418039718
2025-06-18 19:11:10,REAL,67418039718,539,67418040257,67418040257
2025-06-18 19:11:12,REAL,67418040257,535,67418040792,67418040792
2025-06-18 19:11:14,REAL,67418040792,538,67418041330,67418041330
2025-06-18 19:11:16,REAL,67418041330,537,67418041867,67418041867
2025-06-18 19:11:18,REAL,67418041867,604,67418042471,67418042471
2025-06-18 19:11:20,REAL,67418042471,616,67418043087,67418043087
2025-06-18 19:11:22,REAL,67418043087,602,67418043689,67418043689
2025-06-18 19:11:24,REAL,67418043689,536,67418044225,67418044225
2025-06-18 19:11:26,REAL,67418044225,541,67418044766,67418044766
2025-06-18 19:11:28,REAL,67418044766,604,67418045370,67418045370
2025-06-18 19:11:30,REAL,67418045370,538,67418045908,67418045908
2025-06-18 19:11:32,REAL,67418045908,547,67418046455,67418046455
2025-06-18 19:11:34,REAL,67418046455,69651,67418116106,67418116106
2025-06-18 19:11:36,REAL,67418116106,203269,67418319375,67418319375
2025-06-18 19:11:38,REAL,67418319375,29478,67418348853,67418348853
2025-06-18 19:11:40,REAL,67418348853,28417,67418377270,67418377270
2025-06-18 19:11:42,REAL,67418377270,28388,67418405658,67418405658
2025-06-18 19:11:44,REAL,67418405658,28816,67418434474,67418434474
2025-06-18 19:11:46,REAL,67418434474,29275,67418463749,67418463749
2025-06-18 19:11:48,REAL,67418463749,29501,67418493250,67418493250
2025-06-18 19:11:50,REAL,67418493250,6578,67418499828,67418499828
2025-06-18 19:11:52,REAL,67418499828,540,67418500368,67418500368
2025-06-18 19:11:54,REAL,67418500368,543,67418500911,67418500911
2025-06-18 19:11:56,REAL,67418500911,538,67418501449,67418501449
2025-06-18 19:11:58,REAL,67418501449,590,67418502039,67418502039
2025-06-18 19:12:00,REAL,67418502039,543,67418502582,67418502582
2025-06-18 19:12:02,REAL,67418502582,540,67418503122,67418503122
2025-06-18 19:12:04,REAL,67418503122,596,67418503718,67418503718
2025-06-18 19:12:06,REAL,67418503718,96879,67418600597,67418600597
2025-06-18 19:12:08,REAL,67418600597,187888,67418788485,67418788485
2025-06-18 19:12:10,REAL,67418788485,29356,67418817841,67418817841
2025-06-18 19:12:12,REAL,67418817841,29782,67418847623,67418847623
2025-06-18 19:12:14,REAL,67418847623,29246,67418876869,67418876869
2025-06-18 19:12:16,REAL,67418876869,28780,67418905649,67418905649
2025-06-18 19:12:18,REAL,67418905649,29143,67418934792,67418934792
2025-06-18 19:12:20,REAL,67418934792,28911,67418963703,67418963703
2025-06-18 19:12:22,REAL,67418963703,4765,67418968468,67418968468
2025-06-18 19:12:24,REAL,67418968468,546,67418969014,67418969014
2025-06-18 19:12:26,REAL,67418969014,544,67418969558,67418969558
2025-06-18 19:12:28,REAL,67418969558,533,67418970091,67418970091
2025-06-18 19:12:30,REAL,67418970091,594,67418970685,67418970685
2025-06-18 19:12:32,REAL,67418970685,542,67418971227,67418971227
2025-06-18 19:12:34,REAL,67418971227,543,67418971770,67418971770
2025-06-18 19:12:36,REAL,67418971770,622,67418972392,67418972392
2025-06-18 19:12:38,REAL,67418972392,606,67418972998,67418972998
2025-06-18 19:12:40,REAL,67418972998,592,67418973590,67418973590
2025-06-18 19:12:42,REAL,67418973590,547,67418974137,67418974137
2025-06-18 19:12:44,REAL,67418974137,533,67418974670,67418974670
2025-06-18 19:12:46,REAL,67418974670,540,67418975210,67418975210
2025-06-18 19:12:48,REAL,67418975210,534,67418975744,67418975744
2025-06-18 19:12:50,REAL,67418975744,618,67418976362,67418976362
2025-06-18 19:12:52,REAL,67418976362,534,67418976896,67418976896
2025-06-18 19:12:54,REAL,67418976896,653,67418977549,67418977549
2025-06-18 19:12:56,REAL,67418977549,544,67418978093,67418978093
2025-06-18 19:12:58,REAL,67418978093,537,67418978630,67418978630
2025-06-18 19:13:00,REAL,67418978630,544,67418979174,67418979174
2025-06-18 19:13:02,REAL,67418979174,533,67418979707,67418979707
2025-06-18 19:13:04,REAL,67418979707,542,67418980249,67418980249
2025-06-18 19:13:06,REAL,67418980249,624,67418980873,67418980873
2025-06-18 19:13:08,REAL,67418980873,546,67418981419,67418981419
2025-06-18 19:13:10,REAL,67418981419,592,67418982011,67418982011
2025-06-18 19:13:12,REAL,67418982011,534,67418982545,67418982545
2025-06-18 19:13:14,REAL,67418982545,596,67418983141,67418983141
2025-06-18 19:13:16,REAL,67418983141,546,67418983687,67418983687
2025-06-18 19:13:18,REAL,67418983687,595,67418984282,67418984282
2025-06-18 19:13:20,REAL,67418984282,623,67418984905,67418984905
2025-06-18 19:13:22,REAL,67418984905,542,67418985447,67418985447
2025-06-18 19:13:24,REAL,67418985447,541,67418985988,67418985988
2025-06-18 19:13:26,REAL,67418985988,592,67418986580,67418986580
2025-06-18 19:13:28,REAL,67418986580,541,67418987121,67418987121
2025-06-18 19:13:30,REAL,67418987121,540,67418987661,67418987661
2025-06-18 19:13:32,REAL,67418987661,539,67418988200,67418988200
2025-06-18 19:13:34,REAL,67418988200,540,67418988740,67418988740
2025-06-18 19:13:36,REAL,67418988740,611,67418989351,67418989351
2025-06-18 19:13:38,REAL,67418989351,541,67418989892,67418989892
2025-06-18 19:13:40,REAL,67418989892,541,67418990433,67418990433
2025-06-18 19:13:42,REAL,67418990433,151466,67419141899,67419141899
2025-06-18 19:13:44,REAL,67419141899,142560,67419284459,67419284459
2025-06-18 19:13:46,REAL,67419284459,28819,67419313278,67419313278
2025-06-18 19:13:48,REAL,67419313278,29103,67419342381,67419342381
2025-06-18 19:13:50,REAL,67419342381,29193,67419371574,67419371574
2025-06-18 19:13:52,REAL,67419371574,29153,67419400727,67419400727
2025-06-18 19:13:54,REAL,67419400727,28826,67419429553,67419429553
2025-06-18 19:13:56,REAL,67419429553,27929,67419457482,67419457482
2025-06-18 19:13:58,REAL,67419457482,537,67419458019,67419458019
2025-06-18 19:14:00,REAL,67419458019,549,67419458568,67419458568
2025-06-18 19:14:02,REAL,67419458568,541,67419459109,67419459109
2025-06-18 19:14:04,REAL,67419459109,587,67419459696,67419459696
2025-06-18 19:14:06,REAL,67419459696,622,67419460318,67419460318
2025-06-18 19:14:08,REAL,67419460318,541,67419460859,67419460859
2025-06-18 19:14:10,REAL,67419460859,537,67419461396,67419461396
2025-06-18 19:14:12,REAL,67419461396,603,67419461999,67419461999
2025-06-18 19:14:14,REAL,67419461999,152197,67419614196,67419614196
2025-06-18 19:14:16,REAL,67419614196,121194,67419735390,67419735390
2025-06-18 19:14:18,REAL,67419735390,28884,67419764274,67419764274
2025-06-18 19:14:20,REAL,67419764274,28934,67419793208,67419793208
2025-06-18 19:14:22,REAL,67419793208,29099,67419822307,67419822307
2025-06-18 19:14:24,REAL,67419822307,29033,67419851340,67419851340
2025-06-18 19:14:26,REAL,67419851340,28860,67419880200,67419880200
2025-06-18 19:14:28,REAL,67419880200,26258,67419906458,67419906458
2025-06-18 19:14:30,REAL,67419906458,538,67419906996,67419906996
2025-06-18 19:14:32,REAL,67419906996,537,67419907533,67419907533
2025-06-18 19:14:34,REAL,67419907533,541,67419908074,67419908074
2025-06-18 19:14:36,REAL,67419908074,671,67419908745,67419908745
2025-06-18 19:14:38,REAL,67419908745,543,67419909288,67419909288
2025-06-18 19:14:40,REAL,67419909288,539,67419909827,67419909827
2025-06-18 19:14:42,REAL,67419909827,541,67419910368,67419910368
2025-06-18 19:14:44,REAL,67419910368,603,67419910971,67419910971
2025-06-18 19:14:46,REAL,67419910971,182372,67420093343,67420093343
2025-06-18 19:14:48,REAL,67420093343,98368,67420191711,67420191711
2025-06-18 19:14:50,REAL,67420191711,29299,67420221010,67420221010
2025-06-18 19:14:52,REAL,67420221010,29225,67420250235,67420250235
2025-06-18 19:14:54,REAL,67420250235,29295,67420279530,67420279530
2025-06-18 19:14:56,REAL,67420279530,29527,67420309057,67420309057
2025-06-18 19:14:58,REAL,67420309057,29050,67420338107,67420338107
2025-06-18 19:15:00,REAL,67420338107,24348,67420362455,67420362455
2025-06-18 19:15:02,REAL,67420362455,548,67420363003,67420363003
2025-06-18 19:15:04,REAL,67420363003,591,67420363594,67420363594
2025-06-18 19:15:06,REAL,67420363594,612,67420364206,67420364206
2025-06-18 19:15:08,REAL,67420364206,547,67420364753,67420364753
2025-06-18 19:15:10,REAL,67420364753,549,67420365302,67420365302
2025-06-18 19:15:12,REAL,67420365302,547,67420365849,67420365849
2025-06-18 19:15:14,REAL,67420365849,540,67420366389,67420366389
2025-06-18 19:15:16,REAL,67420366389,596,67420366985,67420366985
2025-06-18 19:15:18,REAL,67420366985,196566,67420563551,67420563551
2025-06-18 19:15:20,REAL,67420563551,78579,67420642130,67420642130
2025-06-18 19:15:22,REAL,67420642130,29588,67420671718,67420671718
2025-06-18 19:15:24,REAL,67420671718,29132,67420700850,67420700850
2025-06-18 19:15:26,REAL,67420700850,29546,67420730396,67420730396
2025-06-18 19:15:28,REAL,67420730396,28727,67420759123,67420759123
2025-06-18 19:15:30,REAL,67420759123,28777,67420787900,67420787900
2025-06-18 19:15:32,REAL,67420787900,22059,67420809959,67420809959
2025-06-18 19:15:34,REAL,67420809959,535,67420810494,67420810494
2025-06-18 19:15:36,REAL,67420810494,617,67420811111,67420811111
2025-06-18 19:15:38,REAL,67420811111,540,67420811651,67420811651
2025-06-18 19:15:40,REAL,67420811651,592,67420812243,67420812243
2025-06-18 19:15:42,REAL,67420812243,538,67420812781,67420812781
2025-06-18 19:15:44,REAL,67420812781,546,67420813327,67420813327
2025-06-18 19:15:46,REAL,67420813327,540,67420813867,67420813867
2025-06-18 19:15:48,REAL,67420813867,602,67420814469,67420814469
2025-06-18 19:15:50,REAL,67420814469,217253,67421031722,67421031722
2025-06-18 19:15:52,REAL,67421031722,68934,67421100656,67421100656
2025-06-18 19:15:54,REAL,67421100656,29099,67421129755,67421129755
2025-06-18 19:15:56,REAL,67421129755,28853,67421158608,67421158608
2025-06-18 19:15:58,REAL,67421158608,28594,67421187202,67421187202
2025-06-18 19:16:00,REAL,67421187202,28839,67421216041,67421216041
2025-06-18 19:16:02,REAL,67421216041,28990,67421245031,67421245031
2025-06-18 19:16:04,REAL,67421245031,20244,67421265275,67421265275
2025-06-18 19:16:06,REAL,67421265275,606,67421265881,67421265881
2025-06-18 19:16:08,REAL,67421265881,546,67421266427,67421266427
2025-06-18 19:16:10,REAL,67421266427,538,67421266965,67421266965
2025-06-18 19:16:12,REAL,67421266965,547,67421267512,67421267512
2025-06-18 19:16:14,REAL,67421267512,604,67421268116,67421268116
2025-06-18 19:16:16,REAL,67421268116,539,67421268655,67421268655
2025-06-18 19:16:18,REAL,67421268655,535,67421269190,67421269190
2025-06-18 19:16:20,REAL,67421269190,604,67421269794,67421269794
2025-06-18 19:16:22,REAL,67421269794,242212,67421512006,67421512006
2025-06-18 19:16:24,REAL,67421512006,47351,67421559357,67421559357
2025-06-18 19:16:26,REAL,67421559357,29240,67421588597,67421588597
2025-06-18 19:16:28,REAL,67421588597,29372,67421617969,67421617969
2025-06-18 19:16:30,REAL,67421617969,28979,67421646948,67421646948
2025-06-18 19:16:32,REAL,67421646948,28749,67421675697,67421675697
2025-06-18 19:16:34,REAL,67421675697,29308,67421705005,67421705005
2025-06-18 19:16:36,REAL,67421705005,18875,67421723880,67421723880
2025-06-18 19:16:38,REAL,67421723880,540,67421724420,67421724420
2025-06-18 19:16:40,REAL,67421724420,542,67421724962,67421724962
2025-06-18 19:16:42,REAL,67421724962,538,67421725500,67421725500
2025-06-18 19:16:44,REAL,67421725500,541,67421726041,67421726041
2025-06-18 19:16:46,REAL,67421726041,543,67421726584,67421726584
2025-06-18 19:16:48,REAL,67421726584,539,67421727123,67421727123
2025-06-18 19:16:50,REAL,67421727123,591,67421727714,67421727714
2025-06-18 19:16:52,REAL,67421727714,679,67421728393,67421728393
2025-06-18 19:16:54,REAL,67421728393,237351,67421965744,67421965744
2025-06-18 19:16:56,REAL,67421965744,33966,67421999710,67421999710
2025-06-18 19:16:58,REAL,67421999710,29457,67422029167,67422029167
2025-06-18 19:17:00,REAL,67422029167,29014,67422058181,67422058181
2025-06-18 19:17:02,REAL,67422058181,29021,67422087202,67422087202
2025-06-18 19:17:04,REAL,67422087202,29303,67422116505,67422116505
2025-06-18 19:17:06,REAL,67422116505,29252,67422145757,67422145757
2025-06-18 19:17:08,REAL,67422145757,17080,67422162837,67422162837
2025-06-18 19:17:10,REAL,67422162837,545,67422163382,67422163382
2025-06-18 19:17:12,REAL,67422163382,539,67422163921,67422163921
2025-06-18 19:17:14,REAL,67422163921,539,67422164460,67422164460
2025-06-18 19:17:16,REAL,67422164460,539,67422164999,67422164999
2025-06-18 19:17:18,REAL,67422164999,544,67422165543,67422165543
2025-06-18 19:17:20,REAL,67422165543,595,67422166138,67422166138
2025-06-18 19:17:22,REAL,67422166138,609,67422166747,67422166747
2025-06-18 19:17:24,REAL,67422166747,607,67422167354,67422167354
2025-06-18 19:17:26,REAL,67422167354,245395,67422412749,67422412749
2025-06-18 19:17:28,REAL,67422412749,29222,67422441971,67422441971
2025-06-18 19:17:30,REAL,67422441971,29011,67422470982,67422470982
2025-06-18 19:17:32,REAL,67422470982,29367,67422500349,67422500349
2025-06-18 19:17:34,REAL,67422500349,28907,67422529256,67422529256
2025-06-18 19:17:36,REAL,67422529256,28730,67422557986,67422557986
2025-06-18 19:17:38,REAL,67422557986,29565,67422587551,67422587551
2025-06-18 19:17:40,REAL,67422587551,15160,67422602711,67422602711
2025-06-18 19:17:42,REAL,67422602711,533,67422603244,67422603244
2025-06-18 19:17:44,REAL,67422603244,547,67422603791,67422603791
2025-06-18 19:17:46,REAL,67422603791,598,67422604389,67422604389
2025-06-18 19:17:48,REAL,67422604389,543,67422604932,67422604932
2025-06-18 19:17:50,REAL,67422604932,549,67422605481,67422605481
2025-06-18 19:17:52,REAL,67422605481,619,67422606100,67422606100
2025-06-18 19:17:54,REAL,67422606100,534,67422606634,67422606634
2025-06-18 19:17:56,REAL,67422606634,595,67422607229,67422607229
2025-06-18 19:17:58,REAL,67422607229,545,67422607774,67422607774
2025-06-18 19:18:00,REAL,67422607774,546,67422608320,67422608320
2025-06-18 19:18:02,REAL,67422608320,542,67422608862,67422608862
2025-06-18 19:18:04,REAL,67422608862,536,67422609398,67422609398
2025-06-18 19:18:06,REAL,67422609398,615,67422610013,67422610013
2025-06-18 19:18:08,REAL,67422610013,534,67422610547,67422610547
2025-06-18 19:18:10,REAL,67422610547,587,67422611134,67422611134
2025-06-18 19:18:12,REAL,67422611134,606,67422611740,67422611740
2025-06-18 19:18:14,REAL,67422611740,538,67422612278,67422612278
2025-06-18 19:18:16,REAL,67422612278,591,67422612869,67422612869
2025-06-18 19:18:18,REAL,67422612869,540,67422613409,67422613409
2025-06-18 19:18:20,REAL,67422613409,548,67422613957,67422613957
2025-06-18 19:18:22,REAL,67422613957,616,67422614573,67422614573
2025-06-18 19:18:24,REAL,67422614573,540,67422615113,67422615113
2025-06-18 19:18:26,REAL,67422615113,542,67422615655,67422615655
2025-06-18 19:18:28,REAL,67422615655,599,67422616254,67422616254
2025-06-18 19:18:30,REAL,67422616254,543,67422616797,67422616797
2025-06-18 19:18:32,REAL,67422616797,533,67422617330,67422617330
2025-06-18 19:18:34,REAL,67422617330,539,67422617869,67422617869
2025-06-18 19:18:36,REAL,67422617869,607,67422618476,67422618476
2025-06-18 19:18:38,REAL,67422618476,539,67422619015,67422619015
2025-06-18 19:18:40,REAL,67422619015,538,67422619553,67422619553
2025-06-18 19:18:42,REAL,67422619553,540,67422620093,67422620093
2025-06-18 19:18:44,REAL,67422620093,31163,67422651256,67422651256
2025-06-18 19:18:46,REAL,67422651256,231309,67422882565,67422882565
2025-06-18 19:18:48,REAL,67422882565,29277,67422911842,67422911842
2025-06-18 19:18:50,REAL,67422911842,29133,67422940975,67422940975
2025-06-18 19:18:52,REAL,67422940975,29221,67422970196,67422970196
2025-06-18 19:18:54,REAL,67422970196,28991,67422999187,67422999187
2025-06-18 19:18:56,REAL,67422999187,29439,67423028626,67423028626
2025-06-18 19:18:58,REAL,67423028626,29274,67423057900,67423057900
2025-06-18 19:19:00,REAL,67423057900,10621,67423068521,67423068521
2025-06-18 19:19:02,REAL,67423068521,547,67423069068,67423069068
2025-06-18 19:19:04,REAL,67423069068,538,67423069606,67423069606
2025-06-18 19:19:06,REAL,67423069606,620,67423070226,67423070226
2025-06-18 19:19:08,REAL,67423070226,538,67423070764,67423070764
2025-06-18 19:19:10,REAL,67423070764,538,67423071302,67423071302
2025-06-18 19:19:12,REAL,67423071302,599,67423071901,67423071901
2025-06-18 19:19:14,REAL,67423071901,539,67423072440,67423072440
2025-06-18 19:19:16,REAL,67423072440,595,67423073035,67423073035
2025-06-18 19:19:18,REAL,67423073035,535,67423073570,67423073570
2025-06-18 19:19:20,REAL,67423073570,539,67423074109,67423074109
2025-06-18 19:19:22,REAL,67423074109,618,67423074727,67423074727
2025-06-18 19:19:24,REAL,67423074727,543,67423075270,67423075270
2025-06-18 19:19:26,REAL,67423075270,540,67423075810,67423075810
2025-06-18 19:19:28,REAL,67423075810,540,67423076350,67423076350
2025-06-18 19:19:30,REAL,67423076350,601,67423076951,67423076951
2025-06-18 19:19:32,REAL,67423076951,603,67423077554,67423077554
2025-06-18 19:19:34,REAL,67423077554,538,67423078092,67423078092
2025-06-18 19:19:36,REAL,67423078092,618,67423078710,67423078710
2025-06-18 19:19:38,REAL,67423078710,541,67423079251,67423079251
2025-06-18 19:19:40,REAL,67423079251,532,67423079783,67423079783
2025-06-18 19:19:42,REAL,67423079783,593,67423080376,67423080376
2025-06-18 19:19:44,REAL,67423080376,533,67423080909,67423080909
2025-06-18 19:19:46,REAL,67423080909,542,67423081451,67423081451
2025-06-18 19:19:48,REAL,67423081451,592,67423082043,67423082043
2025-06-18 19:19:50,REAL,67423082043,544,67423082587,67423082587
2025-06-18 19:19:52,REAL,67423082587,614,67423083201,67423083201
2025-06-18 19:19:54,REAL,67423083201,537,67423083738,67423083738
2025-06-18 19:19:56,REAL,67423083738,535,67423084273,67423084273
2025-06-18 19:19:58,REAL,67423084273,536,67423084809,67423084809
2025-06-18 19:20:00,REAL,67423084809,539,67423085348,67423085348
2025-06-18 19:20:02,REAL,67423085348,538,67423085886,67423085886
2025-06-18 19:20:04,REAL,67423085886,83487,67423169373,67423169373
2025-06-18 19:20:06,REAL,67423169373,192551,67423361924,67423361924
2025-06-18 19:20:08,REAL,67423361924,29065,67423390989,67423390989
2025-06-18 19:20:10,REAL,67423390989,29524,67423420513,67423420513
2025-06-18 19:20:12,REAL,67423420513,28557,67423449070,67423449070
2025-06-18 19:20:14,REAL,67423449070,29320,67423478390,67423478390
2025-06-18 19:20:16,REAL,67423478390,29058,67423507448,67423507448
2025-06-18 19:20:18,REAL,67423507448,29247,67423536695,67423536695
2025-06-18 19:20:20,REAL,67423536695,5890,67423542585,67423542585
2025-06-18 19:20:22,REAL,67423542585,613,67423543198,67423543198
2025-06-18 19:20:24,REAL,67423543198,533,67423543731,67423543731
2025-06-18 19:20:26,REAL,67423543731,543,67423544274,67423544274
2025-06-18 19:20:28,REAL,67423544274,536,67423544810,67423544810
2025-06-18 19:20:30,REAL,67423544810,537,67423545347,67423545347
2025-06-18 19:20:32,REAL,67423545347,541,67423545888,67423545888
2025-06-18 19:20:34,REAL,67423545888,539,67423546427,67423546427
2025-06-18 19:20:36,REAL,67423546427,678,67423547105,67423547105
2025-06-18 19:20:38,REAL,67423547105,543,67423547648,67423547648
2025-06-18 19:20:40,REAL,67423547648,595,67423548243,67423548243
2025-06-18 19:20:42,REAL,67423548243,541,67423548784,67423548784
2025-06-18 19:20:44,REAL,67423548784,536,67423549320,67423549320
2025-06-18 19:20:46,REAL,67423549320,538,67423549858,67423549858
2025-06-18 19:20:48,REAL,67423549858,543,67423550401,67423550401
2025-06-18 19:20:50,REAL,67423550401,541,67423550942,67423550942
2025-06-18 19:20:52,REAL,67423550942,674,67423551616,67423551616
2025-06-18 19:20:54,REAL,67423551616,598,67423552214,67423552214
2025-06-18 19:20:56,REAL,67423552214,541,67423552755,67423552755
2025-06-18 19:20:58,REAL,67423552755,541,67423553296,67423553296
2025-06-18 19:21:00,REAL,67423553296,539,67423553835,67423553835
2025-06-18 19:21:02,REAL,67423553835,533,67423554368,67423554368
2025-06-18 19:21:04,REAL,67423554368,536,67423554904,67423554904
2025-06-18 19:21:06,REAL,67423554904,618,67423555522,67423555522
2025-06-18 19:21:08,REAL,67423555522,657,67423556179,67423556179
2025-06-18 19:21:10,REAL,67423556179,550,67423556729,67423556729
2025-06-18 19:21:12,REAL,67423556729,534,67423557263,67423557263
2025-06-18 19:21:14,REAL,67423557263,541,67423557804,67423557804
2025-06-18 19:21:16,REAL,67423557804,538,67423558342,67423558342
2025-06-18 19:21:18,REAL,67423558342,543,67423558885,67423558885
2025-06-18 19:21:20,REAL,67423558885,533,67423559418,67423559418
2025-06-18 19:21:22,REAL,67423559418,611,67423560029,67423560029
2025-06-18 19:21:24,REAL,67423560029,109055,67423669084,67423669084
2025-06-18 19:21:26,REAL,67423669084,146351,67423815435,67423815435
2025-06-18 19:21:28,REAL,67423815435,31484,67423846919,67423846919
2025-06-18 19:21:30,REAL,67423846919,26624,67423873543,67423873543
2025-06-18 19:21:32,REAL,67423873543,29508,67423903051,67423903051
2025-06-18 19:21:34,REAL,67423903051,28965,67423932016,67423932016
2025-06-18 19:21:36,REAL,67423932016,29312,67423961328,67423961328
2025-06-18 19:21:38,REAL,67423961328,29313,67423990641,67423990641
2025-06-18 19:21:40,REAL,67423990641,1451,67423992092,67423992092
2025-06-18 19:21:42,REAL,67423992092,539,67423992631,67423992631
2025-06-18 19:21:44,REAL,67423992631,537,67423993168,67423993168
2025-06-18 19:21:46,REAL,67423993168,546,67423993714,67423993714
2025-06-18 19:21:48,REAL,67423993714,543,67423994257,67423994257
2025-06-18 19:21:50,REAL,67423994257,540,67423994797,67423994797
2025-06-18 19:21:52,REAL,67423994797,614,67423995411,67423995411
2025-06-18 19:21:54,REAL,67423995411,541,67423995952,67423995952
2025-06-18 19:21:56,REAL,67423995952,136413,67424132365,67424132365
2025-06-18 19:21:58,REAL,67424132365,132662,67424265027,67424265027
2025-06-18 19:22:00,REAL,67424265027,28618,67424293645,67424293645
2025-06-18 19:22:02,REAL,67424293645,28958,67424322603,67424322603
2025-06-18 19:22:04,REAL,67424322603,29273,67424351876,67424351876
2025-06-18 19:22:06,REAL,67424351876,28764,67424380640,67424380640
2025-06-18 19:22:08,REAL,67424380640,29026,67424409666,67424409666
2025-06-18 19:22:10,REAL,67424409666,28167,67424437833,67424437833
2025-06-18 19:22:12,REAL,67424437833,538,67424438371,67424438371
2025-06-18 19:22:14,REAL,67424438371,537,67424438908,67424438908
2025-06-18 19:22:16,REAL,67424438908,538,67424439446,67424439446
2025-06-18 19:22:18,REAL,67424439446,540,67424439986,67424439986
2025-06-18 19:22:20,REAL,67424439986,541,67424440527,67424440527
2025-06-18 19:22:22,REAL,67424440527,613,67424441140,67424441140
2025-06-18 19:22:24,REAL,67424441140,541,67424441681,67424441681
2025-06-18 19:22:26,REAL,67424441681,596,67424442277,67424442277
2025-06-18 19:22:28,REAL,67424442277,159908,67424602185,67424602185
2025-06-18 19:22:30,REAL,67424602185,113660,67424715845,67424715845
2025-06-18 19:22:32,REAL,67424715845,29111,67424744956,67424744956
2025-06-18 19:22:34,REAL,67424744956,29173,67424774129,67424774129
2025-06-18 19:22:36,REAL,67424774129,28678,67424802807,67424802807
2025-06-18 19:22:38,REAL,67424802807,29439,67424832246,67424832246
2025-06-18 19:22:40,REAL,67424832246,29075,67424861321,67424861321
2025-06-18 19:22:42,REAL,67424861321,26998,67424888319,67424888319
2025-06-18 19:22:44,REAL,67424888319,548,67424888867,67424888867
2025-06-18 19:22:46,REAL,67424888867,541,67424889408,67424889408
2025-06-18 19:22:48,REAL,67424889408,538,67424889946,67424889946
2025-06-18 19:22:50,REAL,67424889946,537,67424890483,67424890483
2025-06-18 19:22:52,REAL,67424890483,612,67424891095,67424891095
2025-06-18 19:22:54,REAL,67424891095,535,67424891630,67424891630
2025-06-18 19:22:56,REAL,67424891630,540,67424892170,67424892170
2025-06-18 19:22:58,REAL,67424892170,594,67424892764,67424892764
2025-06-18 19:23:00,REAL,67424892764,173844,67425066608,67425066608
2025-06-18 19:23:02,REAL,67425066608,104276,67425170884,67425170884
2025-06-18 19:23:04,REAL,67425170884,28616,67425199500,67425199500
2025-06-18 19:23:06,REAL,67425199500,28934,67425228434,67425228434
2025-06-18 19:23:08,REAL,67425228434,29401,67425257835,67425257835
2025-06-18 19:23:10,REAL,67425257835,29042,67425286877,67425286877
2025-06-18 19:23:12,REAL,67425286877,29678,67425316555,67425316555
2025-06-18 19:23:14,REAL,67425316555,24469,67425341024,67425341024
2025-06-18 19:23:16,REAL,67425341024,539,67425341563,67425341563
2025-06-18 19:23:18,REAL,67425341563,536,67425342099,67425342099
2025-06-18 19:23:20,REAL,67425342099,549,67425342648,67425342648
2025-06-18 19:23:22,REAL,67425342648,610,67425343258,67425343258
2025-06-18 19:23:24,REAL,67425343258,548,67425343806,67425343806
2025-06-18 19:23:26,REAL,67425343806,546,67425344352,67425344352
2025-06-18 19:23:28,REAL,67425344352,540,67425344892,67425344892
2025-06-18 19:23:30,REAL,67425344892,599,67425345491,67425345491
2025-06-18 19:23:32,REAL,67425345491,184213,67425529704,67425529704
2025-06-18 19:23:34,REAL,67425529704,86620,67425616324,67425616324
2025-06-18 19:23:36,REAL,67425616324,28934,67425645258,67425645258
2025-06-18 19:23:38,REAL,67425645258,29166,67425674424,67425674424
2025-06-18 19:23:40,REAL,67425674424,29142,67425703566,67425703566
2025-06-18 19:23:42,REAL,67425703566,29383,67425732949,67425732949
2025-06-18 19:23:44,REAL,67425732949,29960,67425762909,67425762909
2025-06-18 19:23:46,REAL,67425762909,22464,67425785373,67425785373
2025-06-18 19:23:48,REAL,67425785373,539,67425785912,67425785912
2025-06-18 19:23:50,REAL,67425785912,539,67425786451,67425786451
2025-06-18 19:23:52,REAL,67425786451,611,67425787062,67425787062
2025-06-18 19:23:54,REAL,67425787062,547,67425787609,67425787609
2025-06-18 19:23:56,REAL,67425787609,535,67425788144,67425788144
2025-06-18 19:23:58,REAL,67425788144,535,67425788679,67425788679
2025-06-18 19:24:00,REAL,67425788679,600,67425789279,67425789279
2025-06-18 19:24:02,REAL,67425789279,606,67425789885,67425789885
2025-06-18 19:24:04,REAL,67425789885,541,67425790426,67425790426
2025-06-18 19:24:06,REAL,67425790426,549,67425790975,67425790975
2025-06-18 19:24:08,REAL,67425790975,617,67425791592,67425791592
2025-06-18 19:24:10,REAL,67425791592,534,67425792126,67425792126
2025-06-18 19:24:12,REAL,67425792126,539,67425792665,67425792665
2025-06-18 19:24:14,REAL,67425792665,543,67425793208,67425793208
2025-06-18 19:24:16,REAL,67425793208,545,67425793753,67425793753
2025-06-18 19:24:18,REAL,67425793753,602,67425794355,67425794355
2025-06-18 19:24:20,REAL,67425794355,536,67425794891,67425794891
2025-06-18 19:24:22,REAL,67425794891,674,67425795565,67425795565
2025-06-18 19:24:24,REAL,67425795565,540,67425796105,67425796105
2025-06-18 19:24:26,REAL,67425796105,534,67425796639,67425796639
2025-06-18 19:24:28,REAL,67425796639,593,67425797232,67425797232
2025-06-18 19:24:30,REAL,67425797232,534,67425797766,67425797766
2025-06-18 19:24:32,REAL,67425797766,534,67425798300,67425798300
2025-06-18 19:24:34,REAL,67425798300,604,67425798904,67425798904
2025-06-18 19:24:36,REAL,67425798904,220288,67426019192,67426019192
2025-06-18 19:24:38,REAL,67426019192,51735,67426070927,67426070927
2025-06-18 19:24:40,REAL,67426070927,28541,67426099468,67426099468
2025-06-18 19:24:42,REAL,67426099468,29068,67426128536,67426128536
2025-06-18 19:24:44,REAL,67426128536,28968,67426157504,67426157504
2025-06-18 19:24:46,REAL,67426157504,28979,67426186483,67426186483
2025-06-18 19:24:48,REAL,67426186483,29248,67426215731,67426215731
2025-06-18 19:24:50,REAL,67426215731,19226,67426234957,67426234957
2025-06-18 19:24:52,REAL,67426234957,615,67426235572,67426235572
2025-06-18 19:24:54,REAL,67426235572,537,67426236109,67426236109
2025-06-18 19:24:56,REAL,67426236109,537,67426236646,67426236646
2025-06-18 19:24:58,REAL,67426236646,589,67426237235,67426237235
2025-06-18 19:25:00,REAL,67426237235,530,67426237765,67426237765
2025-06-18 19:25:02,REAL,67426237765,535,67426238300,67426238300
2025-06-18 19:25:04,REAL,67426238300,535,67426238835,67426238835
2025-06-18 19:25:06,REAL,67426238835,601,67426239436,67426239436
2025-06-18 19:25:08,REAL,67426239436,269340,67426508776,67426508776
2025-06-18 19:25:10,REAL,67426508776,35604,67426544380,67426544380
2025-06-18 19:25:12,REAL,67426544380,29279,67426573659,67426573659
2025-06-18 19:25:14,REAL,67426573659,29320,67426602979,67426602979
2025-06-18 19:25:16,REAL,67426602979,29410,67426632389,67426632389
2025-06-18 19:25:18,REAL,67426632389,29488,67426661877,67426661877
2025-06-18 19:25:20,REAL,67426661877,29064,67426690941,67426690941
2025-06-18 19:25:22,REAL,67426690941,17158,67426708099,67426708099
2025-06-18 19:25:24,REAL,67426708099,539,67426708638,67426708638
2025-06-18 19:25:26,REAL,67426708638,600,67426709238,67426709238
2025-06-18 19:25:28,REAL,67426709238,548,67426709786,67426709786
2025-06-18 19:25:30,REAL,67426709786,544,67426710330,67426710330
2025-06-18 19:25:32,REAL,67426710330,542,67426710872,67426710872
2025-06-18 19:25:34,REAL,67426710872,536,67426711408,67426711408
2025-06-18 19:25:36,REAL,67426711408,538,67426711946,67426711946
2025-06-18 19:25:38,REAL,67426711946,675,67426712621,67426712621
2025-06-18 19:25:40,REAL,67426712621,261319,67426973940,67426973940
2025-06-18 19:25:42,REAL,67426973940,29230,67427003170,67427003170
2025-06-18 19:25:44,REAL,67427003170,29426,67427032596,67427032596
2025-06-18 19:25:46,REAL,67427032596,28804,67427061400,67427061400
2025-06-18 19:25:48,REAL,67427061400,28985,67427090385,67427090385
2025-06-18 19:25:50,REAL,67427090385,29065,67427119450,67427119450
2025-06-18 19:25:52,REAL,67427119450,29486,67427148936,67427148936
2025-06-18 19:25:54,REAL,67427148936,15004,67427163940,67427163940
2025-06-18 19:25:56,REAL,67427163940,544,67427164484,67427164484
2025-06-18 19:25:58,REAL,67427164484,547,67427165031,67427165031
2025-06-18 19:26:00,REAL,67427165031,539,67427165570,67427165570
2025-06-18 19:26:02,REAL,67427165570,538,67427166108,67427166108
2025-06-18 19:26:04,REAL,67427166108,535,67427166643,67427166643
2025-06-18 19:26:06,REAL,67427166643,543,67427167186,67427167186
2025-06-18 19:26:08,REAL,67427167186,613,67427167799,67427167799
2025-06-18 19:26:10,REAL,67427167799,1368,67427169167,67427169167
2025-06-18 19:26:12,REAL,67427169167,247066,67427416233,67427416233
2025-06-18 19:26:14,REAL,67427416233,28693,67427444926,67427444926
2025-06-18 19:26:16,REAL,67427444926,29130,67427474056,67427474056
2025-06-18 19:26:18,REAL,67427474056,29053,67427503109,67427503109
2025-06-18 19:26:20,REAL,67427503109,29280,67427532389,67427532389
2025-06-18 19:26:22,REAL,67427532389,29343,67427561732,67427561732
2025-06-18 19:26:24,REAL,67427561732,29494,67427591226,67427591226
2025-06-18 19:26:26,REAL,67427591226,13218,67427604444,67427604444
2025-06-18 19:26:28,REAL,67427604444,540,67427604984,67427604984
2025-06-18 19:26:30,REAL,67427604984,534,67427605518,67427605518
2025-06-18 19:26:32,REAL,67427605518,545,67427606063,67427606063
2025-06-18 19:26:34,REAL,67427606063,540,67427606603,67427606603
2025-06-18 19:26:36,REAL,67427606603,535,67427607138,67427607138
2025-06-18 19:26:38,REAL,67427607138,609,67427607747,67427607747
2025-06-18 19:26:40,REAL,67427607747,539,67427608286,67427608286
2025-06-18 19:26:42,REAL,67427608286,20377,67427628663,67427628663
2025-06-18 19:26:44,REAL,67427628663,252523,67427881186,67427881186
2025-06-18 19:26:46,REAL,67427881186,29042,67427910228,67427910228
2025-06-18 19:26:48,REAL,67427910228,28540,67427938768,67427938768
2025-06-18 19:26:50,REAL,67427938768,29355,67427968123,67427968123
2025-06-18 19:26:52,REAL,67427968123,29344,67427997467,67427997467
2025-06-18 19:26:54,REAL,67427997467,29349,67428026816,67428026816
2025-06-18 19:26:56,REAL,67428026816,29247,67428056063,67428056063
2025-06-18 19:26:58,REAL,67428056063,11648,67428067711,67428067711
2025-06-18 19:27:00,REAL,67428067711,538,67428068249,67428068249
2025-06-18 19:27:02,REAL,67428068249,532,67428068781,67428068781
2025-06-18 19:27:04,REAL,67428068781,546,67428069327,67428069327
2025-06-18 19:27:06,REAL,67428069327,547,67428069874,67428069874
2025-06-18 19:27:08,REAL,67428069874,616,67428070490,67428070490
2025-06-18 19:27:10,REAL,67428070490,541,67428071031,67428071031
2025-06-18 19:27:12,REAL,67428071031,549,67428071580,67428071580
2025-06-18 19:27:14,REAL,67428071580,659,67428072239,67428072239
2025-06-18 19:27:16,REAL,67428072239,544,67428072783,67428072783
2025-06-18 19:27:18,REAL,67428072783,538,67428073321,67428073321
2025-06-18 19:27:20,REAL,67428073321,538,67428073859,67428073859
2025-06-18 19:27:22,REAL,67428073859,606,67428074465,67428074465
2025-06-18 19:27:24,REAL,67428074465,596,67428075061,67428075061
2025-06-18 19:27:26,REAL,67428075061,535,67428075596,67428075596
2025-06-18 19:27:28,REAL,67428075596,535,67428076131,67428076131
2025-06-18 19:27:30,REAL,67428076131,604,67428076735,67428076735
2025-06-18 19:27:32,REAL,67428076735,546,67428077281,67428077281
2025-06-18 19:27:34,REAL,67428077281,541,67428077822,67428077822
2025-06-18 19:27:36,REAL,67428077822,540,67428078362,67428078362
2025-06-18 19:27:38,REAL,67428078362,615,67428078977,67428078977
2025-06-18 19:27:40,REAL,67428078977,541,67428079518,67428079518
2025-06-18 19:27:42,REAL,67428079518,546,67428080064,67428080064
2025-06-18 19:27:44,REAL,67428080064,535,67428080599,67428080599
2025-06-18 19:27:46,REAL,67428080599,600,67428081199,67428081199
2025-06-18 19:27:48,REAL,67428081199,534,67428081733,67428081733
2025-06-18 19:27:50,REAL,67428081733,542,67428082275,67428082275
2025-06-18 19:27:52,REAL,67428082275,535,67428082810,67428082810
2025-06-18 19:27:54,REAL,67428082810,614,67428083424,67428083424
2025-06-18 19:27:56,REAL,67428083424,540,67428083964,67428083964
2025-06-18 19:27:58,REAL,67428083964,542,67428084506,67428084506
2025-06-18 19:28:00,REAL,67428084506,546,67428085052,67428085052
2025-06-18 19:28:02,REAL,67428085052,598,67428085650,67428085650
2025-06-18 19:28:04,REAL,67428085650,652,67428086302,67428086302
2025-06-18 19:28:06,REAL,67428086302,541,67428086843,67428086843
2025-06-18 19:28:08,REAL,67428086843,613,67428087456,67428087456
2025-06-18 19:28:10,REAL,67428087456,545,67428088001,67428088001
2025-06-18 19:28:12,REAL,67428088001,537,67428088538,67428088538
2025-06-18 19:28:14,REAL,67428088538,545,67428089083,67428089083
2025-06-18 19:28:16,REAL,67428089083,541,67428089624,67428089624
2025-06-18 19:28:18,REAL,67428089624,591,67428090215,67428090215
2025-06-18 19:28:20,REAL,67428090215,543,67428090758,67428090758
2025-06-18 19:28:22,REAL,67428090758,541,67428091299,67428091299
2025-06-18 19:28:24,REAL,67428091299,619,67428091918,67428091918
2025-06-18 19:28:26,REAL,67428091918,540,67428092458,67428092458
2025-06-18 19:28:28,REAL,67428092458,546,67428093004,67428093004
2025-06-18 19:28:30,REAL,67428093004,549,67428093553,67428093553
2025-06-18 19:28:32,REAL,67428093553,544,67428094097,67428094097
2025-06-18 19:28:34,REAL,67428094097,595,67428094692,67428094692
2025-06-18 19:28:36,REAL,67428094692,540,67428095232,67428095232
2025-06-18 19:28:38,REAL,67428095232,617,67428095849,67428095849
2025-06-18 19:28:40,REAL,67428095849,539,67428096388,67428096388
2025-06-18 19:28:42,REAL,67428096388,547,67428096935,67428096935
2025-06-18 19:28:44,REAL,67428096935,531,67428097466,67428097466
2025-06-18 19:28:46,REAL,67428097466,594,67428098060,67428098060
2025-06-18 19:28:48,REAL,67428098060,536,67428098596,67428098596
2025-06-18 19:28:50,REAL,67428098596,597,67428099193,67428099193
2025-06-18 19:28:52,REAL,67428099193,592,67428099785,67428099785
2025-06-18 19:28:54,REAL,67428099785,618,67428100403,67428100403
2025-06-18 19:28:56,REAL,67428100403,539,67428100942,67428100942
2025-06-18 19:28:58,REAL,67428100942,541,67428101483,67428101483
2025-06-18 19:29:00,REAL,67428101483,536,67428102019,67428102019
2025-06-18 19:29:02,REAL,67428102019,536,67428102555,67428102555
2025-06-18 19:29:04,REAL,67428102555,530,67428103085,67428103085
2025-06-18 19:29:06,REAL,67428103085,109292,67428212377,67428212377
2025-06-18 19:29:08,REAL,67428212377,164356,67428376733,67428376733
2025-06-18 19:29:10,REAL,67428376733,29513,67428406246,67428406246
2025-06-18 19:29:12,REAL,67428406246,29203,67428435449,67428435449
2025-06-18 19:29:14,REAL,67428435449,29573,67428465022,67428465022
2025-06-18 19:29:16,REAL,67428465022,29123,67428494145,67428494145
2025-06-18 19:29:18,REAL,67428494145,28978,67428523123,67428523123
2025-06-18 19:29:20,REAL,67428523123,29124,67428552247,67428552247
2025-06-18 19:29:22,REAL,67428552247,3442,67428555689,67428555689
2025-06-18 19:29:24,REAL,67428555689,609,67428556298,67428556298
2025-06-18 19:29:26,REAL,67428556298,536,67428556834,67428556834
2025-06-18 19:29:28,REAL,67428556834,541,67428557375,67428557375
2025-06-18 19:29:30,REAL,67428557375,546,67428557921,67428557921
2025-06-18 19:29:32,REAL,67428557921,543,67428558464,67428558464
2025-06-18 19:29:34,REAL,67428558464,607,67428559071,67428559071
2025-06-18 19:29:36,REAL,67428559071,544,67428559615,67428559615
2025-06-18 19:29:38,REAL,67428559615,731,67428560346,67428560346
2025-06-18 19:29:40,REAL,67428560346,605,67428560951,67428560951
2025-06-18 19:29:42,REAL,67428560951,658,67428561609,67428561609
2025-06-18 19:29:44,REAL,67428561609,537,67428562146,67428562146
2025-06-18 19:29:46,REAL,67428562146,594,67428562740,67428562740
2025-06-18 19:29:48,REAL,67428562740,539,67428563279,67428563279
2025-06-18 19:29:50,REAL,67428563279,538,67428563817,67428563817
2025-06-18 19:29:52,REAL,67428563817,542,67428564359,67428564359
2025-06-18 19:29:54,REAL,67428564359,616,67428564975,67428564975
2025-06-18 19:29:56,REAL,67428564975,543,67428565518,67428565518
2025-06-18 19:29:58,REAL,67428565518,603,67428566121,67428566121
2025-06-18 19:30:00,REAL,67428566121,544,67428566665,67428566665
2025-06-18 19:30:02,REAL,67428566665,543,67428567208,67428567208
2025-06-18 19:30:04,REAL,67428567208,541,67428567749,67428567749
2025-06-18 19:30:06,REAL,67428567749,546,67428568295,67428568295
2025-06-18 19:30:08,REAL,67428568295,620,67428568915,67428568915
2025-06-18 19:30:10,REAL,67428568915,541,67428569456,67428569456
2025-06-18 19:30:12,REAL,67428569456,546,67428570002,67428570002
2025-06-18 19:30:14,REAL,67428570002,591,67428570593,67428570593
2025-06-18 19:30:16,REAL,67428570593,540,67428571133,67428571133
2025-06-18 19:30:18,REAL,67428571133,546,67428571679,67428571679
2025-06-18 19:30:20,REAL,67428571679,537,67428572216,67428572216
2025-06-18 19:30:22,REAL,67428572216,539,67428572755,67428572755
2025-06-18 19:30:24,REAL,67428572755,605,67428573360,67428573360
2025-06-18 19:30:26,REAL,67428573360,540,67428573900,67428573900
2025-06-18 19:30:28,REAL,67428573900,599,67428574499,67428574499
2025-06-18 19:30:30,REAL,67428574499,660,67428575159,67428575159
2025-06-18 19:30:32,REAL,67428575159,534,67428575693,67428575693
2025-06-18 19:30:34,REAL,67428575693,534,67428576227,67428576227
2025-06-18 19:30:36,REAL,67428576227,540,67428576767,67428576767
2025-06-18 19:30:38,REAL,67428576767,612,67428577379,67428577379
2025-06-18 19:30:40,REAL,67428577379,544,67428577923,67428577923
2025-06-18 19:30:42,REAL,67428577923,545,67428578468,67428578468
2025-06-18 19:30:44,REAL,67428578468,536,67428579004,67428579004
2025-06-18 19:30:46,REAL,67428579004,595,67428579599,67428579599
2025-06-18 19:30:48,REAL,67428579599,536,67428580135,67428580135
2025-06-18 19:30:50,REAL,67428580135,540,67428580675,67428580675
2025-06-18 19:30:52,REAL,67428580675,591,67428581266,67428581266
2025-06-18 19:30:54,REAL,67428581266,612,67428581878,67428581878
2025-06-18 19:30:56,REAL,67428581878,539,67428582417,67428582417
2025-06-18 19:30:58,REAL,67428582417,539,67428582956,67428582956
2025-06-18 19:31:00,REAL,67428582956,538,67428583494,67428583494
2025-06-18 19:31:02,REAL,67428583494,601,67428584095,67428584095
2025-06-18 19:31:04,REAL,67428584095,535,67428584630,67428584630
2025-06-18 19:31:06,REAL,67428584630,547,67428585177,67428585177
2025-06-18 19:31:08,REAL,67428585177,615,67428585792,67428585792
2025-06-18 19:31:10,REAL,67428585792,540,67428586332,67428586332
2025-06-18 19:31:12,REAL,67428586332,536,67428586868,67428586868
2025-06-18 19:31:14,REAL,67428586868,530,67428587398,67428587398
2025-06-18 19:31:16,REAL,67428587398,594,67428587992,67428587992
2025-06-18 19:31:18,REAL,67428587992,30204,67428618196,67428618196
2025-06-18 19:31:20,REAL,67428618196,230835,67428849031,67428849031
2025-06-18 19:31:22,REAL,67428849031,28937,67428877968,67428877968
2025-06-18 19:31:24,REAL,67428877968,28938,67428906906,67428906906
2025-06-18 19:31:26,REAL,67428906906,28975,67428935881,67428935881
2025-06-18 19:31:28,REAL,67428935881,28951,67428964832,67428964832
2025-06-18 19:31:30,REAL,67428964832,29715,67428994547,67428994547
2025-06-18 19:31:32,REAL,67428994547,29064,67429023611,67429023611
2025-06-18 19:31:34,REAL,67429023611,10107,67429033718,67429033718
2025-06-18 19:31:36,REAL,67429033718,537,67429034255,67429034255
2025-06-18 19:31:38,REAL,67429034255,612,67429034867,67429034867
2025-06-18 19:31:40,REAL,67429034867,545,67429035412,67429035412
2025-06-18 19:31:42,REAL,67429035412,605,67429036017,67429036017
2025-06-18 19:31:44,REAL,67429036017,532,67429036549,67429036549
2025-06-18 19:31:46,REAL,67429036549,540,67429037089,67429037089
2025-06-18 19:31:48,REAL,67429037089,542,67429037631,67429037631
2025-06-18 19:31:50,REAL,67429037631,602,67429038233,67429038233
2025-06-18 19:31:52,REAL,67429038233,608,67429038841,67429038841
2025-06-18 19:31:54,REAL,67429038841,609,67429039450,67429039450
2025-06-18 19:31:56,REAL,67429039450,535,67429039985,67429039985
2025-06-18 19:31:58,REAL,67429039985,545,67429040530,67429040530
2025-06-18 19:32:00,REAL,67429040530,545,67429041075,67429041075
2025-06-18 19:32:02,REAL,67429041075,541,67429041616,67429041616
2025-06-18 19:32:04,REAL,67429041616,540,67429042156,67429042156
2025-06-18 19:32:06,REAL,67429042156,599,67429042755,67429042755
2025-06-18 19:32:08,REAL,67429042755,671,67429043426,67429043426
2025-06-18 19:32:10,REAL,67429043426,541,67429043967,67429043967
2025-06-18 19:32:12,REAL,67429043967,600,67429044567,67429044567
2025-06-18 19:32:14,REAL,67429044567,541,67429045108,67429045108
2025-06-18 19:32:16,REAL,67429045108,544,67429045652,67429045652
2025-06-18 19:32:18,REAL,67429045652,549,67429046201,67429046201
2025-06-18 19:32:20,REAL,67429046201,538,67429046739,67429046739
2025-06-18 19:32:22,REAL,67429046739,603,67429047342,67429047342
2025-06-18 19:32:24,REAL,67429047342,618,67429047960,67429047960
2025-06-18 19:32:26,REAL,67429047960,536,67429048496,67429048496
2025-06-18 19:32:28,REAL,67429048496,545,67429049041,67429049041
2025-06-18 19:32:30,REAL,67429049041,542,67429049583,67429049583
2025-06-18 19:32:32,REAL,67429049583,590,67429050173,67429050173
2025-06-18 19:32:34,REAL,67429050173,542,67429050715,67429050715
2025-06-18 19:32:36,REAL,67429050715,542,67429051257,67429051257
2025-06-18 19:32:38,REAL,67429051257,673,67429051930,67429051930
2025-06-18 19:32:40,REAL,67429051930,538,67429052468,67429052468
2025-06-18 19:32:42,REAL,67429052468,536,67429053004,67429053004
2025-06-18 19:32:44,REAL,67429053004,591,67429053595,67429053595
2025-06-18 19:32:46,REAL,67429053595,542,67429054137,67429054137
2025-06-18 19:32:48,REAL,67429054137,538,67429054675,67429054675
2025-06-18 19:32:50,REAL,67429054675,546,67429055221,67429055221
2025-06-18 19:32:52,REAL,67429055221,540,67429055761,67429055761
2025-06-18 19:32:54,REAL,67429055761,676,67429056437,67429056437
2025-06-18 19:32:56,REAL,67429056437,546,67429056983,67429056983
2025-06-18 19:32:58,REAL,67429056983,594,67429057577,67429057577
2025-06-18 19:33:00,REAL,67429057577,544,67429058121,67429058121
2025-06-18 19:33:02,REAL,67429058121,538,67429058659,67429058659
2025-06-18 19:33:04,REAL,67429058659,534,67429059193,67429059193
2025-06-18 19:33:06,REAL,67429059193,540,67429059733,67429059733
2025-06-18 19:33:08,REAL,67429059733,612,67429060345,67429060345
2025-06-18 19:33:10,REAL,67429060345,601,67429060946,67429060946
2025-06-18 19:33:12,REAL,67429060946,543,67429061489,67429061489
2025-06-18 19:33:14,REAL,67429061489,549,67429062038,67429062038
2025-06-18 19:33:16,REAL,67429062038,592,67429062630,67429062630
2025-06-18 19:33:18,REAL,67429062630,540,67429063170,67429063170
2025-06-18 19:33:20,REAL,67429063170,549,67429063719,67429063719
2025-06-18 19:33:22,REAL,67429063719,592,67429064311,67429064311
2025-06-18 19:33:24,REAL,67429064311,610,67429064921,67429064921
2025-06-18 19:33:26,REAL,67429064921,593,67429065514,67429065514
2025-06-18 19:33:28,REAL,67429065514,540,67429066054,67429066054
2025-06-18 19:33:30,REAL,67429066054,536,67429066590,67429066590
2025-06-18 19:33:32,REAL,67429066590,538,67429067128,67429067128
2025-06-18 19:33:34,REAL,67429067128,536,67429067664,67429067664
2025-06-18 19:33:36,REAL,67429067664,542,67429068206,67429068206
2025-06-18 19:33:38,REAL,67429068206,618,67429068824,67429068824
2025-06-18 19:33:40,REAL,67429068824,542,67429069366,67429069366
2025-06-18 19:33:42,REAL,67429069366,600,67429069966,67429069966
2025-06-18 19:33:44,REAL,67429069966,542,67429070508,67429070508
2025-06-18 19:33:46,REAL,67429070508,592,67429071100,67429071100
2025-06-18 19:33:48,REAL,67429071100,536,67429071636,67429071636
2025-06-18 19:33:50,REAL,67429071636,599,67429072235,67429072235
2025-06-18 19:33:52,REAL,67429072235,538,67429072773,67429072773
2025-06-18 19:33:54,REAL,67429072773,613,67429073386,67429073386
2025-06-18 19:33:56,REAL,67429073386,537,67429073923,67429073923
2025-06-18 19:33:58,REAL,67429073923,607,67429074530,67429074530
2025-06-18 19:34:00,REAL,67429074530,615,67429075145,67429075145
2025-06-18 19:34:02,REAL,67429075145,549,67429075694,67429075694
2025-06-18 19:34:04,REAL,67429075694,541,67429076235,67429076235
2025-06-18 19:34:06,REAL,67429076235,539,67429076774,67429076774
2025-06-18 19:34:08,REAL,67429076774,609,67429077383,67429077383
2025-06-18 19:34:10,REAL,67429077383,601,67429077984,67429077984
2025-06-18 19:34:12,REAL,67429077984,536,67429078520,67429078520
2025-06-18 19:34:14,REAL,67429078520,596,67429079116,67429079116
2025-06-18 19:34:16,REAL,67429079116,532,67429079648,67429079648
2025-06-18 19:34:18,REAL,67429079648,542,67429080190,67429080190
2025-06-18 19:34:20,REAL,67429080190,542,67429080732,67429080732
2025-06-18 19:34:22,REAL,67429080732,545,67429081277,67429081277
2025-06-18 19:34:24,REAL,67429081277,667,67429081944,67429081944
2025-06-18 19:34:26,REAL,67429081944,540,67429082484,67429082484
2025-06-18 19:34:28,REAL,67429082484,539,67429083023,67429083023
2025-06-18 19:34:30,REAL,67429083023,604,67429083627,67429083627
2025-06-18 19:34:32,REAL,67429083627,539,67429084166,67429084166
2025-06-18 19:34:34,REAL,67429084166,540,67429084706,67429084706
2025-06-18 19:34:36,REAL,67429084706,594,67429085300,67429085300
2025-06-18 19:34:38,REAL,67429085300,625,67429085925,67429085925
2025-06-18 19:34:40,REAL,67429085925,537,67429086462,67429086462
2025-06-18 19:34:42,REAL,67429086462,536,67429086998,67429086998
2025-06-18 19:34:44,REAL,67429086998,599,67429087597,67429087597
2025-06-18 19:34:46,REAL,67429087597,164492,67429252089,67429252089
2025-06-18 19:34:48,REAL,67429252089,130924,67429383013,67429383013
2025-06-18 19:34:50,REAL,67429383013,29989,67429413002,67429413002
2025-06-18 19:34:52,REAL,67429413002,28757,67429441759,67429441759
2025-06-18 19:34:54,REAL,67429441759,29142,67429470901,67429470901
2025-06-18 19:34:56,REAL,67429470901,29397,67429500298,67429500298
2025-06-18 19:34:58,REAL,67429500298,29306,67429529604,67429529604
2025-06-18 19:35:00,REAL,67429529604,26614,67429556218,67429556218
2025-06-18 19:35:02,REAL,67429556218,534,67429556752,67429556752
2025-06-18 19:35:04,REAL,67429556752,541,67429557293,67429557293
2025-06-18 19:35:06,REAL,67429557293,545,67429557838,67429557838
2025-06-18 19:35:08,REAL,67429557838,613,67429558451,67429558451
2025-06-18 19:35:10,REAL,67429558451,594,67429559045,67429559045
2025-06-18 19:35:12,REAL,67429559045,532,67429559577,67429559577
2025-06-18 19:35:14,REAL,67429559577,542,67429560119,67429560119
2025-06-18 19:35:16,REAL,67429560119,594,67429560713,67429560713
2025-06-18 19:35:18,REAL,67429560713,181930,67429742643,67429742643
2025-06-18 19:35:20,REAL,67429742643,97421,67429840064,67429840064
2025-06-18 19:35:22,REAL,67429840064,29226,67429869290,67429869290
2025-06-18 19:35:24,REAL,67429869290,28804,67429898094,67429898094
2025-06-18 19:35:26,REAL,67429898094,28594,67429926688,67429926688
2025-06-18 19:35:28,REAL,67429926688,29256,67429955944,67429955944
2025-06-18 19:35:30,REAL,67429955944,28965,67429984909,67429984909
2025-06-18 19:35:32,REAL,67429984909,24832,67430009741,67430009741
2025-06-18 19:35:34,REAL,67430009741,543,67430010284,67430010284
2025-06-18 19:35:36,REAL,67430010284,537,67430010821,67430010821
2025-06-18 19:35:38,REAL,67430010821,615,67430011436,67430011436
2025-06-18 19:35:40,REAL,67430011436,541,67430011977,67430011977
2025-06-18 19:35:42,REAL,67430011977,595,67430012572,67430012572
2025-06-18 19:35:44,REAL,67430012572,540,67430013112,67430013112
2025-06-18 19:35:46,REAL,67430013112,540,67430013652,67430013652
2025-06-18 19:35:48,REAL,67430013652,605,67430014257,67430014257
2025-06-18 19:35:50,REAL,67430014257,536,67430014793,67430014793
2025-06-18 19:35:52,REAL,67430014793,536,67430015329,67430015329
2025-06-18 19:35:54,REAL,67430015329,612,67430015941,67430015941
2025-06-18 19:35:56,REAL,67430015941,536,67430016477,67430016477
2025-06-18 19:35:58,REAL,67430016477,537,67430017014,67430017014
2025-06-18 19:36:00,REAL,67430017014,542,67430017556,67430017556
2025-06-18 19:36:02,REAL,67430017556,589,67430018145,67430018145
2025-06-18 19:36:04,REAL,67430018145,601,67430018746,67430018746
2025-06-18 19:36:06,REAL,67430018746,548,67430019294,67430019294
2025-06-18 19:36:08,REAL,67430019294,672,67430019966,67430019966
2025-06-18 19:36:10,REAL,67430019966,537,67430020503,67430020503
2025-06-18 19:36:12,REAL,67430020503,542,67430021045,67430021045
2025-06-18 19:36:14,REAL,67430021045,542,67430021587,67430021587
2025-06-18 19:36:16,REAL,67430021587,540,67430022127,67430022127
2025-06-18 19:36:18,REAL,67430022127,535,67430022662,67430022662
2025-06-18 19:36:20,REAL,67430022662,604,67430023266,67430023266
2025-06-18 19:36:22,REAL,67430023266,210624,67430233890,67430233890
2025-06-18 19:36:24,REAL,67430233890,78370,67430312260,67430312260
2025-06-18 19:36:26,REAL,67430312260,29520,67430341780,67430341780
2025-06-18 19:36:28,REAL,67430341780,29338,67430371118,67430371118
2025-06-18 19:36:30,REAL,67430371118,29509,67430400627,67430400627
2025-06-18 19:36:32,REAL,67430400627,29047,67430429674,67430429674
2025-06-18 19:36:34,REAL,67430429674,29124,67430458798,67430458798
2025-06-18 19:36:36,REAL,67430458798,21542,67430480340,67430480340
2025-06-18 19:36:38,REAL,67430480340,613,67430480953,67430480953
2025-06-18 19:36:40,REAL,67430480953,538,67430481491,67430481491
2025-06-18 19:36:42,REAL,67430481491,536,67430482027,67430482027
2025-06-18 19:36:44,REAL,67430482027,539,67430482566,67430482566
2025-06-18 19:36:46,REAL,67430482566,594,67430483160,67430483160
2025-06-18 19:36:48,REAL,67430483160,541,67430483701,67430483701
2025-06-18 19:36:50,REAL,67430483701,545,67430484246,67430484246
2025-06-18 19:36:52,REAL,67430484246,605,67430484851,67430484851
2025-06-18 19:36:54,REAL,67430484851,215400,67430700251,67430700251
2025-06-18 19:36:56,REAL,67430700251,66255,67430766506,67430766506
2025-06-18 19:36:58,REAL,67430766506,29221,67430795727,67430795727
2025-06-18 19:37:00,REAL,67430795727,29076,67430824803,67430824803
2025-06-18 19:37:02,REAL,67430824803,29342,67430854145,67430854145
2025-06-18 19:37:04,REAL,67430854145,28876,67430883021,67430883021
2025-06-18 19:37:06,REAL,67430883021,29261,67430912282,67430912282
2025-06-18 19:37:08,REAL,67430912282,19489,67430931771,67430931771
2025-06-18 19:37:10,REAL,67430931771,621,67430932392,67430932392
2025-06-18 19:37:12,REAL,67430932392,537,67430932929,67430932929
2025-06-18 19:37:14,REAL,67430932929,537,67430933466,67430933466
2025-06-18 19:37:16,REAL,67430933466,596,67430934062,67430934062
2025-06-18 19:37:18,REAL,67430934062,599,67430934661,67430934661
2025-06-18 19:37:20,REAL,67430934661,539,67430935200,67430935200
2025-06-18 19:37:22,REAL,67430935200,543,67430935743,67430935743
2025-06-18 19:37:24,REAL,67430935743,667,67430936410,67430936410
2025-06-18 19:37:26,REAL,67430936410,540,67430936950,67430936950
2025-06-18 19:37:28,REAL,67430936950,546,67430937496,67430937496
2025-06-18 19:37:30,REAL,67430937496,545,67430938041,67430938041
2025-06-18 19:37:32,REAL,67430938041,543,67430938584,67430938584
2025-06-18 19:37:34,REAL,67430938584,540,67430939124,67430939124
2025-06-18 19:37:36,REAL,67430939124,537,67430939661,67430939661
2025-06-18 19:37:38,REAL,67430939661,537,67430940198,67430940198
2025-06-18 19:37:40,REAL,67430940198,682,67430940880,67430940880
2025-06-18 19:37:42,REAL,67430940880,544,67430941424,67430941424
2025-06-18 19:37:44,REAL,67430941424,602,67430942026,67430942026
2025-06-18 19:37:46,REAL,67430942026,546,67430942572,67430942572
2025-06-18 19:37:48,REAL,67430942572,547,67430943119,67430943119
2025-06-18 19:37:50,REAL,67430943119,536,67430943655,67430943655
2025-06-18 19:37:52,REAL,67430943655,537,67430944192,67430944192
2025-06-18 19:37:54,REAL,67430944192,616,67430944808,67430944808
2025-06-18 19:37:56,REAL,67430944808,596,67430945404,67430945404
2025-06-18 19:37:58,REAL,67430945404,532,67430945936,67430945936
2025-06-18 19:38:00,REAL,67430945936,601,67430946537,67430946537
2025-06-18 19:38:02,REAL,67430946537,537,67430947074,67430947074
2025-06-18 19:38:04,REAL,67430947074,537,67430947611,67430947611
2025-06-18 19:38:06,REAL,67430947611,532,67430948143,67430948143
2025-06-18 19:38:08,REAL,67430948143,541,67430948684,67430948684
2025-06-18 19:38:10,REAL,67430948684,608,67430949292,67430949292
2025-06-18 19:38:12,REAL,67430949292,657,67430949949,67430949949
2025-06-18 19:38:14,REAL,67430949949,242857,67431192806,67431192806
2025-06-18 19:38:16,REAL,67431192806,29469,67431222275,67431222275
2025-06-18 19:38:18,REAL,67431222275,29031,67431251306,67431251306
2025-06-18 19:38:20,REAL,67431251306,28554,67431279860,67431279860
2025-06-18 19:38:22,REAL,67431279860,28912,67431308772,67431308772
2025-06-18 19:38:24,REAL,67431308772,29387,67431338159,67431338159
2025-06-18 19:38:26,REAL,67431338159,28996,67431367155,67431367155
2025-06-18 19:38:28,REAL,67431367155,15210,67431382365,67431382365
2025-06-18 19:38:30,REAL,67431382365,548,67431382913,67431382913
2025-06-18 19:38:32,REAL,67431382913,543,67431383456,67431383456
2025-06-18 19:38:34,REAL,67431383456,537,67431383993,67431383993
2025-06-18 19:38:36,REAL,67431383993,781,67431384774,67431384774
2025-06-18 19:38:38,REAL,67431384774,354,67431385128,67431385128
2025-06-18 19:38:40,REAL,67431385128,613,67431385741,67431385741
2025-06-18 19:38:42,REAL,67431385741,601,67431386342,67431386342
2025-06-18 19:38:44,REAL,67431386342,1886,67431388228,67431388228
2025-06-18 19:38:46,REAL,67431388228,237515,67431625743,67431625743
2025-06-18 19:38:48,REAL,67431625743,29084,67431654827,67431654827
2025-06-18 19:38:50,REAL,67431654827,29209,67431684036,67431684036
2025-06-18 19:38:52,REAL,67431684036,28915,67431712951,67431712951
2025-06-18 19:38:54,REAL,67431712951,29578,67431742529,67431742529
2025-06-18 19:38:56,REAL,67431742529,29690,67431772219,67431772219
2025-06-18 19:38:58,REAL,67431772219,29346,67431801565,67431801565
2025-06-18 19:39:00,REAL,67431801565,12935,67431814500,67431814500
2025-06-18 19:39:02,REAL,67431814500,544,67431815044,67431815044
2025-06-18 19:39:04,REAL,67431815044,541,67431815585,67431815585
2025-06-18 19:39:06,REAL,67431815585,536,67431816121,67431816121
2025-06-18 19:39:08,REAL,67431816121,537,67431816658,67431816658
2025-06-18 19:39:10,REAL,67431816658,677,67431817335,67431817335
2025-06-18 19:39:12,REAL,67431817335,541,67431817876,67431817876
2025-06-18 19:39:14,REAL,67431817876,544,67431818420,67431818420
2025-06-18 19:39:16,REAL,67431818420,598,67431819018,67431819018
2025-06-18 19:39:18,REAL,67431819018,537,67431819555,67431819555
2025-06-18 19:39:20,REAL,67431819555,536,67431820091,67431820091
2025-06-18 19:39:22,REAL,67431820091,542,67431820633,67431820633
2025-06-18 19:39:24,REAL,67431820633,612,67431821245,67431821245
2025-06-18 19:39:26,REAL,67431821245,592,67431821837,67431821837
2025-06-18 19:39:28,REAL,67431821837,549,67431822386,67431822386
2025-06-18 19:39:30,REAL,67431822386,544,67431822930,67431822930
2025-06-18 19:39:32,REAL,67431822930,603,67431823533,67431823533
2025-06-18 19:39:34,REAL,67431823533,531,67431824064,67431824064
2025-06-18 19:39:36,REAL,67431824064,548,67431824612,67431824612
2025-06-18 19:39:38,REAL,67431824612,591,67431825203,67431825203
2025-06-18 19:39:40,REAL,67431825203,618,67431825821,67431825821
2025-06-18 19:39:42,REAL,67431825821,540,67431826361,67431826361
2025-06-18 19:39:44,REAL,67431826361,545,67431826906,67431826906
2025-06-18 19:39:46,REAL,67431826906,536,67431827442,67431827442
2025-06-18 19:39:48,REAL,67431827442,600,67431828042,67431828042
2025-06-18 19:39:50,REAL,67431828042,542,67431828584,67431828584
2025-06-18 19:39:52,REAL,67431828584,547,67431829131,67431829131
2025-06-18 19:39:54,REAL,67431829131,612,67431829743,67431829743
2025-06-18 19:39:56,REAL,67431829743,538,67431830281,67431830281
2025-06-18 19:39:58,REAL,67431830281,534,67431830815,67431830815
2025-06-18 19:40:00,REAL,67431830815,545,67431831360,67431831360
2025-06-18 19:40:02,REAL,67431831360,547,67431831907,67431831907
2025-06-18 19:40:04,REAL,67431831907,652,67431832559,67431832559
2025-06-18 19:40:06,REAL,67431832559,543,67431833102,67431833102
2025-06-18 19:40:08,REAL,67431833102,606,67431833708,67431833708
2025-06-18 19:40:10,REAL,67431833708,613,67431834321,67431834321
2025-06-18 19:40:12,REAL,67431834321,537,67431834858,67431834858
2025-06-18 19:40:14,REAL,67431834858,536,67431835394,67431835394
2025-06-18 19:40:16,REAL,67431835394,544,67431835938,67431835938
2025-06-18 19:40:18,REAL,67431835938,540,67431836478,67431836478
2025-06-18 19:40:20,REAL,67431836478,600,67431837078,67431837078
2025-06-18 19:40:22,REAL,67431837078,536,67431837614,67431837614
2025-06-18 19:40:24,REAL,67431837614,612,67431838226,67431838226
2025-06-18 19:40:26,REAL,67431838226,537,67431838763,67431838763
2025-06-18 19:40:28,REAL,67431838763,540,67431839303,67431839303
2025-06-18 19:40:30,REAL,67431839303,538,67431839841,67431839841
2025-06-18 19:40:32,REAL,67431839841,541,67431840382,67431840382
2025-06-18 19:40:34,REAL,67431840382,550,67431840932,67431840932
2025-06-18 19:40:36,REAL,67431840932,601,67431841533,67431841533
2025-06-18 19:40:38,REAL,67431841533,536,67431842069,67431842069
2025-06-18 19:40:40,REAL,67431842069,615,67431842684,67431842684
2025-06-18 19:40:42,REAL,67431842684,547,67431843231,67431843231
2025-06-18 19:40:44,REAL,67431843231,542,67431843773,67431843773
2025-06-18 19:40:46,REAL,67431843773,602,67431844375,67431844375
2025-06-18 19:40:48,REAL,67431844375,539,67431844914,67431844914
2025-06-18 19:40:50,REAL,67431844914,536,67431845450,67431845450
2025-06-18 19:40:52,REAL,67431845450,657,67431846107,67431846107
2025-06-18 19:40:54,REAL,67431846107,614,67431846721,67431846721
2025-06-18 19:40:56,REAL,67431846721,543,67431847264,67431847264
2025-06-18 19:40:58,REAL,67431847264,536,67431847800,67431847800
2025-06-18 19:41:00,REAL,67431847800,536,67431848336,67431848336
2025-06-18 19:41:02,REAL,67431848336,536,67431848872,67431848872
2025-06-18 19:41:04,REAL,67431848872,534,67431849406,67431849406
2025-06-18 19:41:06,REAL,67431849406,540,67431849946,67431849946
2025-06-18 19:41:08,REAL,67431849946,82996,67431932942,67431932942
2025-06-18 19:41:10,REAL,67431932942,195349,67432128291,67432128291
2025-06-18 19:41:12,REAL,67432128291,29246,67432157537,67432157537
2025-06-18 19:41:14,REAL,67432157537,29363,67432186900,67432186900
2025-06-18 19:41:16,REAL,67432186900,28888,67432215788,67432215788
2025-06-18 19:41:18,REAL,67432215788,29784,67432245572,67432245572
2025-06-18 19:41:20,REAL,67432245572,28890,67432274462,67432274462
2025-06-18 19:41:22,REAL,67432274462,28627,67432303089,67432303089
2025-06-18 19:41:24,REAL,67432303089,4841,67432307930,67432307930
2025-06-18 19:41:26,REAL,67432307930,544,67432308474,67432308474
2025-06-18 19:41:28,REAL,67432308474,537,67432309011,67432309011
2025-06-18 19:41:30,REAL,67432309011,538,67432309549,67432309549
2025-06-18 19:41:32,REAL,67432309549,540,67432310089,67432310089
2025-06-18 19:41:34,REAL,67432310089,597,67432310686,67432310686
2025-06-18 19:41:36,REAL,67432310686,538,67432311224,67432311224
2025-06-18 19:41:38,REAL,67432311224,537,67432311761,67432311761
2025-06-18 19:41:40,REAL,67432311761,680,67432312441,67432312441
2025-06-18 19:41:42,REAL,67432312441,537,67432312978,67432312978
2025-06-18 19:41:44,REAL,67432312978,536,67432313514,67432313514
2025-06-18 19:41:46,REAL,67432313514,542,67432314056,67432314056
2025-06-18 19:41:48,REAL,67432314056,531,67432314587,67432314587
2025-06-18 19:41:50,REAL,67432314587,595,67432315182,67432315182
2025-06-18 19:41:52,REAL,67432315182,539,67432315721,67432315721
2025-06-18 19:41:54,REAL,67432315721,623,67432316344,67432316344
2025-06-18 19:41:56,REAL,67432316344,597,67432316941,67432316941
2025-06-18 19:41:58,REAL,67432316941,534,67432317475,67432317475
2025-06-18 19:42:00,REAL,67432317475,543,67432318018,67432318018
2025-06-18 19:42:02,REAL,67432318018,542,67432318560,67432318560
2025-06-18 19:42:04,REAL,67432318560,544,67432319104,67432319104
2025-06-18 19:42:06,REAL,67432319104,544,67432319648,67432319648
2025-06-18 19:42:08,REAL,67432319648,542,67432320190,67432320190
2025-06-18 19:42:10,REAL,67432320190,617,67432320807,67432320807
2025-06-18 19:42:12,REAL,67432320807,598,67432321405,67432321405
2025-06-18 19:42:14,REAL,67432321405,541,67432321946,67432321946
2025-06-18 19:42:16,REAL,67432321946,545,67432322491,67432322491
2025-06-18 19:42:18,REAL,67432322491,594,67432323085,67432323085
2025-06-18 19:42:20,REAL,67432323085,547,67432323632,67432323632
2025-06-18 19:42:22,REAL,67432323632,537,67432324169,67432324169
2025-06-18 19:42:24,REAL,67432324169,616,67432324785,67432324785
2025-06-18 19:42:26,REAL,67432324785,538,67432325323,67432325323
2025-06-18 19:42:28,REAL,67432325323,593,67432325916,67432325916
2025-06-18 19:42:30,REAL,67432325916,595,67432326511,67432326511
2025-06-18 19:42:32,REAL,67432326511,537,67432327048,67432327048
2025-06-18 19:42:34,REAL,67432327048,544,67432327592,67432327592
2025-06-18 19:42:36,REAL,67432327592,546,67432328138,67432328138
2025-06-18 19:42:38,REAL,67432328138,538,67432328676,67432328676
2025-06-18 19:42:40,REAL,67432328676,613,67432329289,67432329289
2025-06-18 19:42:42,REAL,67432329289,541,67432329830,67432329830
2025-06-18 19:42:44,REAL,67432329830,150679,67432480509,67432480509
2025-06-18 19:42:46,REAL,67432480509,136683,67432617192,67432617192
2025-06-18 19:42:48,REAL,67432617192,29200,67432646392,67432646392
2025-06-18 19:42:50,REAL,67432646392,29716,67432676108,67432676108
2025-06-18 19:42:52,REAL,67432676108,29194,67432705302,67432705302
2025-06-18 19:42:54,REAL,67432705302,28953,67432734255,67432734255
2025-06-18 19:42:56,REAL,67432734255,29567,67432763822,67432763822
2025-06-18 19:42:58,REAL,67432763822,27939,67432791761,67432791761
2025-06-18 19:43:00,REAL,67432791761,537,67432792298,67432792298
2025-06-18 19:43:02,REAL,67432792298,603,67432792901,67432792901
2025-06-18 19:43:04,REAL,67432792901,533,67432793434,67432793434
2025-06-18 19:43:06,REAL,67432793434,548,67432793982,67432793982
2025-06-18 19:43:08,REAL,67432793982,530,67432794512,67432794512
2025-06-18 19:43:10,REAL,67432794512,624,67432795136,67432795136
2025-06-18 19:43:12,REAL,67432795136,532,67432795668,67432795668
2025-06-18 19:43:14,REAL,67432795668,595,67432796263,67432796263
2025-06-18 19:43:16,REAL,67432796263,161892,67432958155,67432958155
2025-06-18 19:43:18,REAL,67432958155,118039,67433076194,67433076194
2025-06-18 19:43:20,REAL,67433076194,29719,67433105913,67433105913
2025-06-18 19:43:22,REAL,67433105913,28868,67433134781,67433134781
2025-06-18 19:43:24,REAL,67433134781,29064,67433163845,67433163845
2025-06-18 19:43:26,REAL,67433163845,29210,67433193055,67433193055
2025-06-18 19:43:28,REAL,67433193055,29342,67433222397,67433222397
2025-06-18 19:43:30,REAL,67433222397,26748,67433249145,67433249145
2025-06-18 19:43:32,REAL,67433249145,546,67433249691,67433249691
2025-06-18 19:43:34,REAL,67433249691,544,67433250235,67433250235
2025-06-18 19:43:36,REAL,67433250235,537,67433250772,67433250772
2025-06-18 19:43:38,REAL,67433250772,534,67433251306,67433251306
2025-06-18 19:43:40,REAL,67433251306,617,67433251923,67433251923
2025-06-18 19:43:42,REAL,67433251923,548,67433252471,67433252471
2025-06-18 19:43:44,REAL,67433252471,536,67433253007,67433253007
2025-06-18 19:43:46,REAL,67433253007,601,67433253608,67433253608
2025-06-18 19:43:48,REAL,67433253608,594,67433254202,67433254202
2025-06-18 19:43:50,REAL,67433254202,543,67433254745,67433254745
2025-06-18 19:43:52,REAL,67433254745,538,67433255283,67433255283
2025-06-18 19:43:54,REAL,67433255283,538,67433255821,67433255821
2025-06-18 19:43:56,REAL,67433255821,610,67433256431,67433256431
2025-06-18 19:43:58,REAL,67433256431,589,67433257020,67433257020
2025-06-18 19:44:00,REAL,67433257020,536,67433257556,67433257556
2025-06-18 19:44:02,REAL,67433257556,599,67433258155,67433258155
2025-06-18 19:44:04,REAL,67433258155,545,67433258700,67433258700
2025-06-18 19:44:06,REAL,67433258700,536,67433259236,67433259236
2025-06-18 19:44:08,REAL,67433259236,541,67433259777,67433259777
2025-06-18 19:44:10,REAL,67433259777,617,67433260394,67433260394
2025-06-18 19:44:12,REAL,67433260394,542,67433260936,67433260936
2025-06-18 19:44:14,REAL,67433260936,543,67433261479,67433261479
2025-06-18 19:44:16,REAL,67433261479,535,67433262014,67433262014
2025-06-18 19:44:18,REAL,67433262014,599,67433262613,67433262613
2025-06-18 19:44:20,REAL,67433262613,207667,67433470280,67433470280
2025-06-18 19:44:22,REAL,67433470280,80760,67433551040,67433551040
2025-06-18 19:44:24,REAL,67433551040,29009,67433580049,67433580049
2025-06-18 19:44:26,REAL,67433580049,28850,67433608899,67433608899
2025-06-18 19:44:28,REAL,67433608899,28767,67433637666,67433637666
2025-06-18 19:44:30,REAL,67433637666,28860,67433666526,67433666526
2025-06-18 19:44:32,REAL,67433666526,28898,67433695424,67433695424
2025-06-18 19:44:34,REAL,67433695424,22707,67433718131,67433718131
2025-06-18 19:44:36,REAL,67433718131,545,67433718676,67433718676
2025-06-18 19:44:38,REAL,67433718676,538,67433719214,67433719214
2025-06-18 19:44:40,REAL,67433719214,614,67433719828,67433719828
2025-06-18 19:44:42,REAL,67433719828,545,67433720373,67433720373
2025-06-18 19:44:44,REAL,67433720373,536,67433720909,67433720909
2025-06-18 19:44:46,REAL,67433720909,546,67433721455,67433721455
2025-06-18 19:44:48,REAL,67433721455,541,67433721996,67433721996
2025-06-18 19:44:50,REAL,67433721996,602,67433722598,67433722598
2025-06-18 19:44:52,REAL,67433722598,220219,67433942817,67433942817
2025-06-18 19:44:54,REAL,67433942817,72131,67434014948,67434014948
2025-06-18 19:44:56,REAL,67434014948,29138,67434044086,67434044086
2025-06-18 19:44:58,REAL,67434044086,29071,67434073157,67434073157
2025-06-18 19:45:00,REAL,67434073157,29278,67434102435,67434102435
2025-06-18 19:45:02,REAL,67434102435,28825,67434131260,67434131260
2025-06-18 19:45:04,REAL,67434131260,29106,67434160366,67434160366
2025-06-18 19:45:06,REAL,67434160366,20533,67434180899,67434180899
2025-06-18 19:45:08,REAL,67434180899,532,67434181431,67434181431
2025-06-18 19:45:10,REAL,67434181431,622,67434182053,67434182053
2025-06-18 19:45:12,REAL,67434182053,541,67434182594,67434182594
2025-06-18 19:45:14,REAL,67434182594,539,67434183133,67434183133
2025-06-18 19:45:16,REAL,67434183133,547,67434183680,67434183680
2025-06-18 19:45:18,REAL,67434183680,598,67434184278,67434184278
2025-06-18 19:45:20,REAL,67434184278,542,67434184820,67434184820
2025-06-18 19:45:22,REAL,67434184820,605,67434185425,67434185425
2025-06-18 19:45:24,REAL,67434185425,537,67434185962,67434185962
2025-06-18 19:45:26,REAL,67434185962,620,67434186582,67434186582
2025-06-18 19:45:28,REAL,67434186582,543,67434187125,67434187125
2025-06-18 19:45:30,REAL,67434187125,544,67434187669,67434187669
2025-06-18 19:45:32,REAL,67434187669,547,67434188216,67434188216
2025-06-18 19:45:34,REAL,67434188216,606,67434188822,67434188822
2025-06-18 19:45:36,REAL,67434188822,538,67434189360,67434189360
2025-06-18 19:45:38,REAL,67434189360,602,67434189962,67434189962
2025-06-18 19:45:40,REAL,67434189962,609,67434190571,67434190571
2025-06-18 19:45:42,REAL,67434190571,537,67434191108,67434191108
2025-06-18 19:45:44,REAL,67434191108,541,67434191649,67434191649
2025-06-18 19:45:46,REAL,67434191649,541,67434192190,67434192190
2025-06-18 19:45:48,REAL,67434192190,541,67434192731,67434192731
2025-06-18 19:45:50,REAL,67434192731,547,67434193278,67434193278
2025-06-18 19:45:52,REAL,67434193278,541,67434193819,67434193819
2025-06-18 19:45:54,REAL,67434193819,600,67434194419,67434194419
2025-06-18 19:45:56,REAL,67434194419,680,67434195099,67434195099
2025-06-18 19:45:58,REAL,67434195099,663,67434195762,67434195762
2025-06-18 19:46:00,REAL,67434195762,598,67434196360,67434196360
2025-06-18 19:46:02,REAL,67434196360,597,67434196957,67434196957
2025-06-18 19:46:04,REAL,67434196957,541,67434197498,67434197498
2025-06-18 19:46:06,REAL,67434197498,540,67434198038,67434198038
2025-06-18 19:46:08,REAL,67434198038,539,67434198577,67434198577
2025-06-18 19:46:10,REAL,67434198577,619,67434199196,67434199196
2025-06-18 19:46:12,REAL,67434199196,539,67434199735,67434199735
2025-06-18 19:46:14,REAL,67434199735,534,67434200269,67434200269
2025-06-18 19:46:16,REAL,67434200269,124067,67434324336,67434324336
2025-06-18 19:46:18,REAL,67434324336,141290,67434465626,67434465626
2025-06-18 19:46:20,REAL,67434465626,29202,67434494828,67434494828
2025-06-18 19:46:22,REAL,67434494828,28873,67434523701,67434523701
2025-06-18 19:46:24,REAL,67434523701,28901,67434552602,67434552602
2025-06-18 19:46:26,REAL,67434552602,28845,67434581447,67434581447
2025-06-18 19:46:28,REAL,67434581447,29054,67434610501,67434610501
2025-06-18 19:46:30,REAL,67434610501,28723,67434639224,67434639224
2025-06-18 19:46:32,REAL,67434639224,1943,67434641167,67434641167
2025-06-18 19:46:34,REAL,67434641167,541,67434641708,67434641708
2025-06-18 19:46:36,REAL,67434641708,548,67434642256,67434642256
2025-06-18 19:46:38,REAL,67434642256,540,67434642796,67434642796
2025-06-18 19:46:40,REAL,67434642796,677,67434643473,67434643473
2025-06-18 19:46:42,REAL,67434643473,541,67434644014,67434644014
2025-06-18 19:46:44,REAL,67434644014,548,67434644562,67434644562
2025-06-18 19:46:46,REAL,67434644562,540,67434645102,67434645102
2025-06-18 19:46:48,REAL,67434645102,661,67434645763,67434645763
2025-06-18 19:46:50,REAL,67434645763,541,67434646304,67434646304
2025-06-18 19:46:52,REAL,67434646304,546,67434646850,67434646850
2025-06-18 19:46:54,REAL,67434646850,541,67434647391,67434647391
2025-06-18 19:46:56,REAL,67434647391,613,67434648004,67434648004
2025-06-18 19:46:58,REAL,67434648004,547,67434648551,67434648551
2025-06-18 19:47:00,REAL,67434648551,540,67434649091,67434649091
2025-06-18 19:47:02,REAL,67434649091,537,67434649628,67434649628
2025-06-18 19:47:04,REAL,67434649628,599,67434650227,67434650227
2025-06-18 19:47:06,REAL,67434650227,597,67434650824,67434650824
2025-06-18 19:47:08,REAL,67434650824,536,67434651360,67434651360
2025-06-18 19:47:10,REAL,67434651360,613,67434651973,67434651973
2025-06-18 19:47:12,REAL,67434651973,533,67434652506,67434652506
2025-06-18 19:47:14,REAL,67434652506,540,67434653046,67434653046
2025-06-18 19:47:16,REAL,67434653046,549,67434653595,67434653595
2025-06-18 19:47:18,REAL,67434653595,599,67434654194,67434654194
2025-06-18 19:47:20,REAL,67434654194,544,67434654738,67434654738
2025-06-18 19:47:22,REAL,67434654738,537,67434655275,67434655275
2025-06-18 19:47:24,REAL,67434655275,538,67434655813,67434655813
2025-06-18 19:47:26,REAL,67434655813,617,67434656430,67434656430
2025-06-18 19:47:28,REAL,67434656430,547,67434656977,67434656977
2025-06-18 19:47:30,REAL,67434656977,606,67434657583,67434657583
2025-06-18 19:47:32,REAL,67434657583,593,67434658176,67434658176
2025-06-18 19:47:34,REAL,67434658176,606,67434658782,67434658782
2025-06-18 19:47:36,REAL,67434658782,155549,67434814331,67434814331
2025-06-18 19:47:38,REAL,67434814331,112094,67434926425,67434926425
2025-06-18 19:47:40,REAL,67434926425,29308,67434955733,67434955733
2025-06-18 19:47:42,REAL,67434955733,28858,67434984591,67434984591
2025-06-18 19:47:44,REAL,67434984591,28977,67435013568,67435013568
2025-06-18 19:47:46,REAL,67435013568,29189,67435042757,67435042757
2025-06-18 19:47:48,REAL,67435042757,29206,67435071963,67435071963
2025-06-18 19:47:50,REAL,67435071963,25935,67435097898,67435097898
2025-06-18 19:47:52,REAL,67435097898,543,67435098441,67435098441
2025-06-18 19:47:54,REAL,67435098441,544,67435098985,67435098985
2025-06-18 19:47:56,REAL,67435098985,612,67435099597,67435099597
2025-06-18 19:47:58,REAL,67435099597,542,67435100139,67435100139
2025-06-18 19:48:00,REAL,67435100139,597,67435100736,67435100736
2025-06-18 19:48:02,REAL,67435100736,542,67435101278,67435101278
2025-06-18 19:48:04,REAL,67435101278,532,67435101810,67435101810
2025-06-18 19:48:06,REAL,67435101810,597,67435102407,67435102407
2025-06-18 19:48:08,REAL,67435102407,197077,67435299484,67435299484
2025-06-18 19:48:10,REAL,67435299484,98891,67435398375,67435398375
2025-06-18 19:48:12,REAL,67435398375,29261,67435427636,67435427636
2025-06-18 19:48:14,REAL,67435427636,29032,67435456668,67435456668
2025-06-18 19:48:16,REAL,67435456668,28591,67435485259,67435485259
2025-06-18 19:48:18,REAL,67435485259,29527,67435514786,67435514786
2025-06-18 19:48:20,REAL,67435514786,29219,67435544005,67435544005
2025-06-18 19:48:22,REAL,67435544005,23815,67435567820,67435567820
2025-06-18 19:48:24,REAL,67435567820,595,67435568415,67435568415
2025-06-18 19:48:26,REAL,67435568415,678,67435569093,67435569093
2025-06-18 19:48:28,REAL,67435569093,41097,67435610190,67435610190
2025-06-18 19:48:30,REAL,67435610190,208027,67435818217,67435818217
2025-06-18 19:48:32,REAL,67435818217,29350,67435847567,67435847567
2025-06-18 19:48:34,REAL,67435847567,29664,67435877231,67435877231
2025-06-18 19:48:36,REAL,67435877231,29341,67435906572,67435906572
2025-06-18 19:48:38,REAL,67435906572,29538,67435936110,67435936110
2025-06-18 19:48:40,REAL,67435936110,28933,67435965043,67435965043
2025-06-18 19:48:42,REAL,67435965043,29303,67435994346,67435994346
2025-06-18 19:48:44,REAL,67435994346,8688,67436003034,67436003034
2025-06-18 19:48:46,REAL,67436003034,541,67436003575,67436003575
2025-06-18 19:48:48,REAL,67436003575,538,67436004113,67436004113
2025-06-18 19:48:50,REAL,67436004113,537,67436004650,67436004650
2025-06-18 19:48:52,REAL,67436004650,594,67436005244,67436005244
2025-06-18 19:48:54,REAL,67436005244,535,67436005779,67436005779
2025-06-18 19:48:56,REAL,67436005779,607,67436006386,67436006386
2025-06-18 19:48:58,REAL,67436006386,536,67436006922,67436006922
2025-06-18 19:49:00,REAL,67436006922,74430,67436081352,67436081352
2025-06-18 19:49:02,REAL,67436081352,210878,67436292230,67436292230
2025-06-18 19:49:04,REAL,67436292230,28923,67436321153,67436321153
2025-06-18 19:49:06,REAL,67436321153,28759,67436349912,67436349912
2025-06-18 19:49:08,REAL,67436349912,28469,67436378381,67436378381
2025-06-18 19:49:10,REAL,67436378381,28454,67436406835,67436406835
2025-06-18 19:49:12,REAL,67436406835,29392,67436436227,67436436227
2025-06-18 19:49:14,REAL,67436436227,29277,67436465504,67436465504
2025-06-18 19:49:16,REAL,67436465504,6948,67436472452,67436472452
2025-06-18 19:49:18,REAL,67436472452,539,67436472991,67436472991
2025-06-18 19:49:20,REAL,67436472991,546,67436473537,67436473537
2025-06-18 19:49:22,REAL,67436473537,538,67436474075,67436474075
2025-06-18 19:49:24,REAL,67436474075,591,67436474666,67436474666
2025-06-18 19:49:26,REAL,67436474666,611,67436475277,67436475277
2025-06-18 19:49:28,REAL,67436475277,537,67436475814,67436475814
2025-06-18 19:49:30,REAL,67436475814,535,67436476349,67436476349
2025-06-18 19:49:32,REAL,67436476349,82815,67436559164,67436559164
2025-06-18 19:49:34,REAL,67436559164,158130,67436717294,67436717294
2025-06-18 19:49:36,REAL,67436717294,28983,67436746277,67436746277
2025-06-18 19:49:38,REAL,67436746277,28734,67436775011,67436775011
2025-06-18 19:49:40,REAL,67436775011,29166,67436804177,67436804177
2025-06-18 19:49:42,REAL,67436804177,29156,67436833333,67436833333
2025-06-18 19:49:44,REAL,67436833333,29181,67436862514,67436862514
2025-06-18 19:49:46,REAL,67436862514,29254,67436891768,67436891768
2025-06-18 19:49:48,REAL,67436891768,5129,67436896897,67436896897
2025-06-18 19:49:50,REAL,67436896897,536,67436897433,67436897433
2025-06-18 19:49:52,REAL,67436897433,533,67436897966,67436897966
2025-06-18 19:49:54,REAL,67436897966,547,67436898513,67436898513
2025-06-18 19:49:56,REAL,67436898513,675,67436899188,67436899188
2025-06-18 19:49:58,REAL,67436899188,538,67436899726,67436899726
2025-06-18 19:50:00,REAL,67436899726,550,67436900276,67436900276
2025-06-18 19:50:02,REAL,67436900276,541,67436900817,67436900817
2025-06-18 19:50:04,REAL,67436900817,596,67436901413,67436901413
2025-06-18 19:50:06,REAL,67436901413,538,67436901951,67436901951
2025-06-18 19:50:08,REAL,67436901951,546,67436902497,67436902497
2025-06-18 19:50:10,REAL,67436902497,617,67436903114,67436903114
2025-06-18 19:50:12,REAL,67436903114,543,67436903657,67436903657
2025-06-18 19:50:14,REAL,67436903657,533,67436904190,67436904190
2025-06-18 19:50:16,REAL,67436904190,542,67436904732,67436904732
2025-06-18 19:50:18,REAL,67436904732,544,67436905276,67436905276
2025-06-18 19:50:20,REAL,67436905276,665,67436905941,67436905941
2025-06-18 19:50:22,REAL,67436905941,532,67436906473,67436906473
2025-06-18 19:50:24,REAL,67436906473,538,67436907011,67436907011
2025-06-18 19:50:26,REAL,67436907011,621,67436907632,67436907632
2025-06-18 19:50:28,REAL,67436907632,536,67436908168,67436908168
2025-06-18 19:50:30,REAL,67436908168,541,67436908709,67436908709
2025-06-18 19:50:32,REAL,67436908709,601,67436909310,67436909310
2025-06-18 19:50:34,REAL,67436909310,542,67436909852,67436909852
2025-06-18 19:50:36,REAL,67436909852,599,67436910451,67436910451
2025-06-18 19:50:38,REAL,67436910451,540,67436910991,67436910991
2025-06-18 19:50:40,REAL,67436910991,616,67436911607,67436911607
2025-06-18 19:50:42,REAL,67436911607,532,67436912139,67436912139
2025-06-18 19:50:44,REAL,67436912139,600,67436912739,67436912739
2025-06-18 19:50:46,REAL,67436912739,540,67436913279,67436913279
2025-06-18 19:50:48,REAL,67436913279,535,67436913814,67436913814
2025-06-18 19:50:50,REAL,67436913814,539,67436914353,67436914353
2025-06-18 19:50:52,REAL,67436914353,129526,67437043879,67437043879
2025-06-18 19:50:54,REAL,67437043879,150379,67437194258,67437194258
2025-06-18 19:50:56,REAL,67437194258,29334,67437223592,67437223592
2025-06-18 19:50:58,REAL,67437223592,29151,67437252743,67437252743
2025-06-18 19:51:00,REAL,67437252743,29150,67437281893,67437281893
2025-06-18 19:51:02,REAL,67437281893,28979,67437310872,67437310872
2025-06-18 19:51:04,REAL,67437310872,29227,67437340099,67437340099
2025-06-18 19:51:06,REAL,67437340099,29087,67437369186,67437369186
2025-06-18 19:51:08,REAL,67437369186,596,67437369782,67437369782
2025-06-18 19:51:10,REAL,67437369782,612,67437370394,67437370394
2025-06-18 19:51:12,REAL,67437370394,532,67437370926,67437370926
2025-06-18 19:51:14,REAL,67437370926,539,67437371465,67437371465
2025-06-18 19:51:16,REAL,67437371465,598,67437372063,67437372063
2025-06-18 19:51:18,REAL,67437372063,595,67437372658,67437372658
2025-06-18 19:51:20,REAL,67437372658,541,67437373199,67437373199
2025-06-18 19:51:22,REAL,67437373199,600,67437373799,67437373799
2025-06-18 19:51:24,REAL,67437373799,548,67437374347,67437374347
2025-06-18 19:51:26,REAL,67437374347,611,67437374958,67437374958
2025-06-18 19:51:28,REAL,67437374958,541,67437375499,67437375499
2025-06-18 19:51:30,REAL,67437375499,537,67437376036,67437376036
2025-06-18 19:51:32,REAL,67437376036,543,67437376579,67437376579
2025-06-18 19:51:34,REAL,67437376579,544,67437377123,67437377123
2025-06-18 19:51:36,REAL,67437377123,538,67437377661,67437377661
2025-06-18 19:51:38,REAL,67437377661,602,67437378263,67437378263
2025-06-18 19:51:40,REAL,67437378263,613,67437378876,67437378876
2025-06-18 19:51:42,REAL,67437378876,599,67437379475,67437379475
2025-06-18 19:51:44,REAL,67437379475,541,67437380016,67437380016
2025-06-18 19:51:46,REAL,67437380016,539,67437380555,67437380555
2025-06-18 19:51:48,REAL,67437380555,531,67437381086,67437381086
2025-06-18 19:51:50,REAL,67437381086,541,67437381627,67437381627
2025-06-18 19:51:52,REAL,67437381627,549,67437382176,67437382176
2025-06-18 19:51:54,REAL,67437382176,604,67437382780,67437382780
2025-06-18 19:51:56,REAL,67437382780,608,67437383388,67437383388
2025-06-18 19:51:58,REAL,67437383388,544,67437383932,67437383932
2025-06-18 19:52:00,REAL,67437383932,542,67437384474,67437384474
2025-06-18 19:52:02,REAL,67437384474,600,67437385074,67437385074
2025-06-18 19:52:04,REAL,67437385074,542,67437385616,67437385616
2025-06-18 19:52:06,REAL,67437385616,593,67437386209,67437386209
2025-06-18 19:52:08,REAL,67437386209,531,67437386740,67437386740
2025-06-18 19:52:10,REAL,67437386740,668,67437387408,67437387408
2025-06-18 19:52:12,REAL,67437387408,178152,67437565560,67437565560
2025-06-18 19:52:14,REAL,67437565560,102664,67437668224,67437668224
2025-06-18 19:52:16,REAL,67437668224,29331,67437697555,67437697555
2025-06-18 19:52:18,REAL,67437697555,28649,67437726204,67437726204
2025-06-18 19:52:20,REAL,67437726204,28765,67437754969,67437754969
2025-06-18 19:52:22,REAL,67437754969,29151,67437784120,67437784120
2025-06-18 19:52:24,REAL,67437784120,29418,67437813538,67437813538
2025-06-18 19:52:26,REAL,67437813538,24772,67437838310,67437838310
2025-06-18 19:52:28,REAL,67437838310,531,67437838841,67437838841
2025-06-18 19:52:30,REAL,67437838841,540,67437839381,67437839381
2025-06-18 19:52:32,REAL,67437839381,548,67437839929,67437839929
2025-06-18 19:52:34,REAL,67437839929,543,67437840472,67437840472
2025-06-18 19:52:36,REAL,67437840472,602,67437841074,67437841074
2025-06-18 19:52:38,REAL,67437841074,538,67437841612,67437841612
2025-06-18 19:52:40,REAL,67437841612,620,67437842232,67437842232
2025-06-18 19:52:42,REAL,67437842232,601,67437842833,67437842833
2025-06-18 19:52:44,REAL,67437842833,192754,67438035587,67438035587
2025-06-18 19:52:46,REAL,67438035587,76453,67438112040,67438112040
2025-06-18 19:52:48,REAL,67438112040,29862,67438141902,67438141902
2025-06-18 19:52:50,REAL,67438141902,29610,67438171512,67438171512
2025-06-18 19:52:52,REAL,67438171512,29099,67438200611,67438200611
2025-06-18 19:52:54,REAL,67438200611,29299,67438229910,67438229910
2025-06-18 19:52:56,REAL,67438229910,29048,67438258958,67438258958
2025-06-18 19:52:58,REAL,67438258958,22875,67438281833,67438281833
2025-06-18 19:53:00,REAL,67438281833,602,67438282435,67438282435
2025-06-18 19:53:02,REAL,67438282435,600,67438283035,67438283035
2025-06-18 19:53:04,REAL,67438283035,607,67438283642,67438283642
2025-06-18 19:53:06,REAL,67438283642,590,67438284232,67438284232
2025-06-18 19:53:08,REAL,67438284232,530,67438284762,67438284762
2025-06-18 19:53:10,REAL,67438284762,594,67438285356,67438285356
2025-06-18 19:53:12,REAL,67438285356,616,67438285972,67438285972
2025-06-18 19:53:14,REAL,67438285972,544,67438286516,67438286516
2025-06-18 19:53:16,REAL,67438286516,540,67438287056,67438287056
2025-06-18 19:53:18,REAL,67438287056,541,67438287597,67438287597
2025-06-18 19:53:20,REAL,67438287597,595,67438288192,67438288192
2025-06-18 19:53:22,REAL,67438288192,544,67438288736,67438288736
2025-06-18 19:53:24,REAL,67438288736,535,67438289271,67438289271
2025-06-18 19:53:26,REAL,67438289271,617,67438289888,67438289888
2025-06-18 19:53:28,REAL,67438289888,540,67438290428,67438290428
2025-06-18 19:53:30,REAL,67438290428,537,67438290965,67438290965
2025-06-18 19:53:32,REAL,67438290965,660,67438291625,67438291625
2025-06-18 19:53:34,REAL,67438291625,538,67438292163,67438292163
2025-06-18 19:53:36,REAL,67438292163,605,67438292768,67438292768
2025-06-18 19:53:38,REAL,67438292768,544,67438293312,67438293312
2025-06-18 19:53:40,REAL,67438293312,540,67438293852,67438293852
2025-06-18 19:53:42,REAL,67438293852,611,67438294463,67438294463
2025-06-18 19:53:44,REAL,67438294463,540,67438295003,67438295003
2025-06-18 19:53:46,REAL,67438295003,540,67438295543,67438295543
2025-06-18 19:53:48,REAL,67438295543,540,67438296083,67438296083
2025-06-18 19:53:50,REAL,67438296083,543,67438296626,67438296626
2025-06-18 19:53:52,REAL,67438296626,96928,67438393554,67438393554
2025-06-18 19:53:54,REAL,67438393554,154381,67438547935,67438547935
2025-06-18 19:53:56,REAL,67438547935,28782,67438576717,67438576717
2025-06-18 19:53:58,REAL,67438576717,29577,67438606294,67438606294
2025-06-18 19:54:00,REAL,67438606294,29229,67438635523,67438635523
2025-06-18 19:54:02,REAL,67438635523,29707,67438665230,67438665230
2025-06-18 19:54:04,REAL,67438665230,29001,67438694231,67438694231
2025-06-18 19:54:06,REAL,67438694231,29099,67438723330,67438723330
2025-06-18 19:54:08,REAL,67438723330,4494,67438727824,67438727824
2025-06-18 19:54:10,REAL,67438727824,542,67438728366,67438728366
2025-06-18 19:54:12,REAL,67438728366,616,67438728982,67438728982
2025-06-18 19:54:14,REAL,67438728982,539,67438729521,67438729521
2025-06-18 19:54:16,REAL,67438729521,604,67438730125,67438730125
2025-06-18 19:54:18,REAL,67438730125,592,67438730717,67438730717
2025-06-18 19:54:20,REAL,67438730717,536,67438731253,67438731253
2025-06-18 19:54:22,REAL,67438731253,534,67438731787,67438731787
2025-06-18 19:54:24,REAL,67438731787,603,67438732390,67438732390
2025-06-18 19:54:26,REAL,67438732390,613,67438733003,67438733003
2025-06-18 19:54:28,REAL,67438733003,539,67438733542,67438733542
2025-06-18 19:54:30,REAL,67438733542,535,67438734077,67438734077
2025-06-18 19:54:32,REAL,67438734077,542,67438734619,67438734619
2025-06-18 19:54:34,REAL,67438734619,537,67438735156,67438735156
2025-06-18 19:54:36,REAL,67438735156,543,67438735699,67438735699
2025-06-18 19:54:38,REAL,67438735699,534,67438736233,67438736233
2025-06-18 19:54:40,REAL,67438736233,1305,67438737538,67438737538
2025-06-18 19:54:42,REAL,67438737538,617,67438738155,67438738155
2025-06-18 19:54:44,REAL,67438738155,541,67438738696,67438738696
2025-06-18 19:54:46,REAL,67438738696,545,67438739241,67438739241
2025-06-18 19:54:48,REAL,67438739241,539,67438739780,67438739780
2025-06-18 19:54:50,REAL,67438739780,535,67438740315,67438740315
2025-06-18 19:54:52,REAL,67438740315,538,67438740853,67438740853
2025-06-18 19:54:54,REAL,67438740853,541,67438741394,67438741394
2025-06-18 19:54:56,REAL,67438741394,672,67438742066,67438742066
2025-06-18 19:54:58,REAL,67438742066,541,67438742607,67438742607
2025-06-18 19:55:00,REAL,67438742607,536,67438743143,67438743143
2025-06-18 19:55:02,REAL,67438743143,599,67438743742,67438743742
2025-06-18 19:55:04,REAL,67438743742,597,67438744339,67438744339
2025-06-18 19:55:06,REAL,67438744339,536,67438744875,67438744875
2025-06-18 19:55:08,REAL,67438744875,549,67438745424,67438745424
2025-06-18 19:55:10,REAL,67438745424,541,67438745965,67438745965
2025-06-18 19:55:12,REAL,67438745965,116023,67438861988,67438861988
2025-06-18 19:55:14,REAL,67438861988,150392,67439012380,67439012380
2025-06-18 19:55:16,REAL,67439012380,29085,67439041465,67439041465
2025-06-18 19:55:18,REAL,67439041465,28899,67439070364,67439070364
2025-06-18 19:55:20,REAL,67439070364,29894,67439100258,67439100258
2025-06-18 19:55:22,REAL,67439100258,29088,67439129346,67439129346
2025-06-18 19:55:24,REAL,67439129346,28916,67439158262,67439158262
2025-06-18 19:55:26,REAL,67439158262,28838,67439187100,67439187100
2025-06-18 19:55:28,REAL,67439187100,1433,67439188533,67439188533
2025-06-18 19:55:30,REAL,67439188533,546,67439189079,67439189079
2025-06-18 19:55:32,REAL,67439189079,534,67439189613,67439189613
2025-06-18 19:55:34,REAL,67439189613,534,67439190147,67439190147
2025-06-18 19:55:36,REAL,67439190147,539,67439190686,67439190686
2025-06-18 19:55:38,REAL,67439190686,542,67439191228,67439191228
2025-06-18 19:55:40,REAL,67439191228,605,67439191833,67439191833
2025-06-18 19:55:42,REAL,67439191833,619,67439192452,67439192452
2025-06-18 19:55:44,REAL,67439192452,598,67439193050,67439193050
2025-06-18 19:55:46,REAL,67439193050,600,67439193650,67439193650
2025-06-18 19:55:48,REAL,67439193650,544,67439194194,67439194194
2025-06-18 19:55:50,REAL,67439194194,534,67439194728,67439194728
2025-06-18 19:55:52,REAL,67439194728,540,67439195268,67439195268
2025-06-18 19:55:54,REAL,67439195268,535,67439195803,67439195803
2025-06-18 19:55:56,REAL,67439195803,622,67439196425,67439196425
2025-06-18 19:55:58,REAL,67439196425,598,67439197023,67439197023
2025-06-18 19:56:00,REAL,67439197023,538,67439197561,67439197561
2025-06-18 19:56:02,REAL,67439197561,598,67439198159,67439198159
2025-06-18 19:56:04,REAL,67439198159,539,67439198698,67439198698
2025-06-18 19:56:06,REAL,67439198698,540,67439199238,67439199238
2025-06-18 19:56:08,REAL,67439199238,537,67439199775,67439199775
2025-06-18 19:56:10,REAL,67439199775,592,67439200367,67439200367
2025-06-18 19:56:12,REAL,67439200367,616,67439200983,67439200983
2025-06-18 19:56:14,REAL,67439200983,599,67439201582,67439201582
2025-06-18 19:56:16,REAL,67439201582,540,67439202122,67439202122
2025-06-18 19:56:18,REAL,67439202122,544,67439202666,67439202666
2025-06-18 19:56:20,REAL,67439202666,543,67439203209,67439203209
2025-06-18 19:56:22,REAL,67439203209,545,67439203754,67439203754
2025-06-18 19:56:24,REAL,67439203754,530,67439204284,67439204284
2025-06-18 19:56:26,REAL,67439204284,617,67439204901,67439204901
2025-06-18 19:56:28,REAL,67439204901,537,67439205438,67439205438
2025-06-18 19:56:30,REAL,67439205438,603,67439206041,67439206041
2025-06-18 19:56:32,REAL,67439206041,169905,67439375946,67439375946
2025-06-18 19:56:34,REAL,67439375946,109735,67439485681,67439485681
2025-06-18 19:56:36,REAL,67439485681,29744,67439515425,67439515425
2025-06-18 19:56:38,REAL,67439515425,29196,67439544621,67439544621
2025-06-18 19:56:40,REAL,67439544621,28967,67439573588,67439573588
2025-06-18 19:56:42,REAL,67439573588,29289,67439602877,67439602877
2025-06-18 19:56:44,REAL,67439602877,29062,67439631939,67439631939
2025-06-18 19:56:46,REAL,67439631939,25775,67439657714,67439657714
2025-06-18 19:56:48,REAL,67439657714,540,67439658254,67439658254
2025-06-18 19:56:50,REAL,67439658254,546,67439658800,67439658800
2025-06-18 19:56:52,REAL,67439658800,539,67439659339,67439659339
2025-06-18 19:56:54,REAL,67439659339,604,67439659943,67439659943
2025-06-18 19:56:56,REAL,67439659943,614,67439660557,67439660557
2025-06-18 19:56:58,REAL,67439660557,537,67439661094,67439661094
2025-06-18 19:57:00,REAL,67439661094,537,67439661631,67439661631
2025-06-18 19:57:02,REAL,67439661631,595,67439662226,67439662226
2025-06-18 19:57:04,REAL,67439662226,536,67439662762,67439662762
2025-06-18 19:57:06,REAL,67439662762,533,67439663295,67439663295
2025-06-18 19:57:08,REAL,67439663295,543,67439663838,67439663838
2025-06-18 19:57:10,REAL,67439663838,534,67439664372,67439664372
2025-06-18 19:57:12,REAL,67439664372,610,67439664982,67439664982
2025-06-18 19:57:14,REAL,67439664982,532,67439665514,67439665514
2025-06-18 19:57:16,REAL,67439665514,541,67439666055,67439666055
2025-06-18 19:57:18,REAL,67439666055,601,67439666656,67439666656
2025-06-18 19:57:20,REAL,67439666656,598,67439667254,67439667254
2025-06-18 19:57:22,REAL,67439667254,541,67439667795,67439667795
2025-06-18 19:57:24,REAL,67439667795,535,67439668330,67439668330
2025-06-18 19:57:26,REAL,67439668330,622,67439668952,67439668952
2025-06-18 19:57:28,REAL,67439668952,546,67439669498,67439669498
2025-06-18 19:57:30,REAL,67439669498,545,67439670043,67439670043
2025-06-18 19:57:32,REAL,67439670043,546,67439670589,67439670589
2025-06-18 19:57:34,REAL,67439670589,602,67439671191,67439671191
2025-06-18 19:57:36,REAL,67439671191,589,67439671780,67439671780
2025-06-18 19:57:38,REAL,67439671780,541,67439672321,67439672321
2025-06-18 19:57:40,REAL,67439672321,540,67439672861,67439672861
2025-06-18 19:57:42,REAL,67439672861,616,67439673477,67439673477
2025-06-18 19:57:44,REAL,67439673477,544,67439674021,67439674021
2025-06-18 19:57:46,REAL,67439674021,536,67439674557,67439674557
2025-06-18 19:57:48,REAL,67439674557,542,67439675099,67439675099
2025-06-18 19:57:50,REAL,67439675099,596,67439675695,67439675695
2025-06-18 19:57:52,REAL,67439675695,539,67439676234,67439676234
2025-06-18 19:57:54,REAL,67439676234,545,67439676779,67439676779
2025-06-18 19:57:56,REAL,67439676779,619,67439677398,67439677398
2025-06-18 19:57:58,REAL,67439677398,541,67439677939,67439677939
2025-06-18 19:58:00,REAL,67439677939,537,67439678476,67439678476
2025-06-18 19:58:02,REAL,67439678476,541,67439679017,67439679017
2025-06-18 19:58:04,REAL,67439679017,535,67439679552,67439679552
2025-06-18 19:58:06,REAL,67439679552,595,67439680147,67439680147
2025-06-18 19:58:08,REAL,67439680147,238766,67439918913,67439918913
2025-06-18 19:58:10,REAL,67439918913,68312,67439987225,67439987225
2025-06-18 19:58:12,REAL,67439987225,28818,67440016043,67440016043
2025-06-18 19:58:14,REAL,67440016043,29423,67440045466,67440045466
2025-06-18 19:58:16,REAL,67440045466,29104,67440074570,67440074570
2025-06-18 19:58:18,REAL,67440074570,29023,67440103593,67440103593
2025-06-18 19:58:20,REAL,67440103593,28803,67440132396,67440132396
2025-06-18 19:58:22,REAL,67440132396,20331,67440152727,67440152727
2025-06-18 19:58:24,REAL,67440152727,539,67440153266,67440153266
2025-06-18 19:58:26,REAL,67440153266,621,67440153887,67440153887
2025-06-18 19:58:28,REAL,67440153887,545,67440154432,67440154432
2025-06-18 19:58:30,REAL,67440154432,545,67440154977,67440154977
2025-06-18 19:58:32,REAL,67440154977,542,67440155519,67440155519
2025-06-18 19:58:34,REAL,67440155519,542,67440156061,67440156061
2025-06-18 19:58:36,REAL,67440156061,537,67440156598,67440156598
2025-06-18 19:58:38,REAL,67440156598,600,67440157198,67440157198
2025-06-18 19:58:40,REAL,67440157198,245032,67440402230,67440402230
2025-06-18 19:58:42,REAL,67440402230,43949,67440446179,67440446179
2025-06-18 19:58:44,REAL,67440446179,29475,67440475654,67440475654
2025-06-18 19:58:46,REAL,67440475654,29114,67440504768,67440504768
2025-06-18 19:58:48,REAL,67440504768,28988,67440533756,67440533756
2025-06-18 19:58:50,REAL,67440533756,29239,67440562995,67440562995
2025-06-18 19:58:52,REAL,67440562995,29081,67440592076,67440592076
2025-06-18 19:58:54,REAL,67440592076,18062,67440610138,67440610138
2025-06-18 19:58:56,REAL,67440610138,606,67440610744,67440610744
2025-06-18 19:58:58,REAL,67440610744,593,67440611337,67440611337
2025-06-18 19:59:00,REAL,67440611337,545,67440611882,67440611882
2025-06-18 19:59:02,REAL,67440611882,539,67440612421,67440612421
2025-06-18 19:59:04,REAL,67440612421,545,67440612966,67440612966
2025-06-18 19:59:06,REAL,67440612966,534,67440613500,67440613500
2025-06-18 19:59:08,REAL,67440613500,539,67440614039,67440614039
2025-06-18 19:59:10,REAL,67440614039,600,67440614639,67440614639
2025-06-18 19:59:12,REAL,67440614639,249612,67440864251,67440864251
2025-06-18 19:59:14,REAL,67440864251,29041,67440893292,67440893292
2025-06-18 19:59:16,REAL,67440893292,29219,67440922511,67440922511
2025-06-18 19:59:18,REAL,67440922511,29520,67440952031,67440952031
2025-06-18 19:59:20,REAL,67440952031,29173,67440981204,67440981204
2025-06-18 19:59:22,REAL,67440981204,28990,67441010194,67441010194
2025-06-18 19:59:24,REAL,67441010194,29584,67441039778,67441039778
2025-06-18 19:59:26,REAL,67441039778,16376,67441056154,67441056154
2025-06-18 19:59:28,REAL,67441056154,538,67441056692,67441056692
2025-06-18 19:59:30,REAL,67441056692,545,67441057237,67441057237
2025-06-18 19:59:32,REAL,67441057237,542,67441057779,67441057779
2025-06-18 19:59:34,REAL,67441057779,531,67441058310,67441058310
2025-06-18 19:59:36,REAL,67441058310,536,67441058846,67441058846
2025-06-18 19:59:38,REAL,67441058846,600,67441059446,67441059446
2025-06-18 19:59:40,REAL,67441059446,532,67441059978,67441059978
2025-06-18 19:59:42,REAL,67441059978,675,67441060653,67441060653
2025-06-18 19:59:44,REAL,67441060653,544,67441061197,67441061197
2025-06-18 19:59:46,REAL,67441061197,536,67441061733,67441061733
2025-06-18 19:59:48,REAL,67441061733,542,67441062275,67441062275
2025-06-18 19:59:50,REAL,67441062275,542,67441062817,67441062817
2025-06-18 19:59:52,REAL,67441062817,537,67441063354,67441063354
2025-06-18 19:59:54,REAL,67441063354,531,67441063885,67441063885
2025-06-18 19:59:56,REAL,67441063885,617,67441064502,67441064502
2025-06-18 19:59:58,REAL,67441064502,595,67441065097,67441065097
2025-06-18 20:00:00,REAL,67441065097,597,67441065694,67441065694
2025-06-18 20:00:02,REAL,67441065694,545,67441066239,67441066239
2025-06-18 20:00:04,REAL,67441066239,541,67441066780,67441066780
2025-06-18 20:00:06,REAL,67441066780,537,67441067317,67441067317
2025-06-18 20:00:08,REAL,67441067317,536,67441067853,67441067853
2025-06-18 20:00:10,REAL,67441067853,540,67441068393,67441068393
2025-06-18 20:00:12,REAL,67441068393,613,67441069006,67441069006
2025-06-18 20:00:14,REAL,67441069006,606,67441069612,67441069612
2025-06-18 20:00:16,REAL,67441069612,539,67441070151,67441070151
2025-06-18 20:00:18,REAL,67441070151,539,67441070690,67441070690
2025-06-18 20:00:20,REAL,67441070690,601,67441071291,67441071291
2025-06-18 20:00:22,REAL,67441071291,547,67441071838,67441071838
2025-06-18 20:00:24,REAL,67441071838,533,67441072371,67441072371
2025-06-18 20:00:26,REAL,67441072371,618,67441072989,67441072989
2025-06-18 20:00:28,REAL,67441072989,541,67441073530,67441073530
2025-06-18 20:00:30,REAL,67441073530,598,67441074128,67441074128
2025-06-18 20:00:32,REAL,67441074128,548,67441074676,67441074676
2025-06-18 20:00:34,REAL,67441074676,541,67441075217,67441075217
2025-06-18 20:00:36,REAL,67441075217,546,67441075763,67441075763
2025-06-18 20:00:38,REAL,67441075763,534,67441076297,67441076297
2025-06-18 20:00:40,REAL,67441076297,550,67441076847,67441076847
2025-06-18 20:00:42,REAL,67441076847,615,67441077462,67441077462
2025-06-18 20:00:44,REAL,67441077462,543,67441078005,67441078005
2025-06-18 20:00:46,REAL,67441078005,28561,67441106566,67441106566
2025-06-18 20:00:48,REAL,67441106566,233337,67441339903,67441339903
2025-06-18 20:00:50,REAL,67441339903,29442,67441369345,67441369345
2025-06-18 20:00:52,REAL,67441369345,28251,67441397596,67441397596
2025-06-18 20:00:54,REAL,67441397596,28951,67441426547,67441426547
2025-06-18 20:00:56,REAL,67441426547,29333,67441455880,67441455880
2025-06-18 20:00:58,REAL,67441455880,29207,67441485087,67441485087
2025-06-18 20:01:00,REAL,67441485087,29182,67441514269,67441514269
2025-06-18 20:01:02,REAL,67441514269,10380,67441524649,67441524649
2025-06-18 20:01:04,REAL,67441524649,541,67441525190,67441525190
2025-06-18 20:01:06,REAL,67441525190,545,67441525735,67441525735
2025-06-18 20:01:08,REAL,67441525735,538,67441526273,67441526273
2025-06-18 20:01:10,REAL,67441526273,542,67441526815,67441526815
2025-06-18 20:01:12,REAL,67441526815,612,67441527427,67441527427
2025-06-18 20:01:14,REAL,67441527427,548,67441527975,67441527975
2025-06-18 20:01:16,REAL,67441527975,535,67441528510,67441528510
2025-06-18 20:01:18,REAL,67441528510,594,67441529104,67441529104
2025-06-18 20:01:20,REAL,67441529104,541,67441529645,67441529645
2025-06-18 20:01:22,REAL,67441529645,537,67441530182,67441530182
2025-06-18 20:01:24,REAL,67441530182,596,67441530778,67441530778
2025-06-18 20:01:26,REAL,67441530778,614,67441531392,67441531392
2025-06-18 20:01:28,REAL,67441531392,544,67441531936,67441531936
2025-06-18 20:01:30,REAL,67441531936,541,67441532477,67441532477
2025-06-18 20:01:32,REAL,67441532477,533,67441533010,67441533010
2025-06-18 20:01:34,REAL,67441533010,599,67441533609,67441533609
2025-06-18 20:01:36,REAL,67441533609,544,67441534153,67441534153
2025-06-18 20:01:38,REAL,67441534153,544,67441534697,67441534697
2025-06-18 20:01:40,REAL,67441534697,590,67441535287,67441535287
2025-06-18 20:01:42,REAL,67441535287,614,67441535901,67441535901
2025-06-18 20:01:44,REAL,67441535901,532,67441536433,67441536433
2025-06-18 20:01:46,REAL,67441536433,538,67441536971,67441536971
2025-06-18 20:01:48,REAL,67441536971,539,67441537510,67441537510
2025-06-18 20:01:50,REAL,67441537510,599,67441538109,67441538109
2025-06-18 20:01:52,REAL,67441538109,536,67441538645,67441538645
2025-06-18 20:01:54,REAL,67441538645,546,67441539191,67441539191
2025-06-18 20:01:56,REAL,67441539191,613,67441539804,67441539804
2025-06-18 20:01:58,REAL,67441539804,533,67441540337,67441540337
2025-06-18 20:02:00,REAL,67441540337,589,67441540926,67441540926
2025-06-18 20:02:02,REAL,67441540926,537,67441541463,67441541463
2025-06-18 20:02:04,REAL,67441541463,546,67441542009,67441542009
2025-06-18 20:02:06,REAL,67441542009,69641,67441611650,67441611650
2025-06-18 20:02:08,REAL,67441611650,185300,67441796950,67441796950
2025-06-18 20:02:10,REAL,67441796950,29152,67441826102,67441826102
2025-06-18 20:02:12,REAL,67441826102,29377,67441855479,67441855479
2025-06-18 20:02:14,REAL,67441855479,29262,67441884741,67441884741
2025-06-18 20:02:16,REAL,67441884741,29536,67441914277,67441914277
2025-06-18 20:02:18,REAL,67441914277,29647,67441943924,67441943924
2025-06-18 20:02:20,REAL,67441943924,28779,67441972703,67441972703
2025-06-18 20:02:22,REAL,67441972703,6097,67441978800,67441978800
2025-06-18 20:02:24,REAL,67441978800,543,67441979343,67441979343
2025-06-18 20:02:26,REAL,67441979343,608,67441979951,67441979951
2025-06-18 20:02:28,REAL,67441979951,541,67441980492,67441980492
2025-06-18 20:02:30,REAL,67441980492,543,67441981035,67441981035
2025-06-18 20:02:32,REAL,67441981035,532,67441981567,67441981567
2025-06-18 20:02:34,REAL,67441981567,536,67441982103,67441982103
2025-06-18 20:02:36,REAL,67441982103,545,67441982648,67441982648
2025-06-18 20:02:38,REAL,67441982648,103364,67442086012,67442086012
2025-06-18 20:02:40,REAL,67442086012,160154,67442246166,67442246166
2025-06-18 20:02:42,REAL,67442246166,29718,67442275884,67442275884
2025-06-18 20:02:44,REAL,67442275884,28788,67442304672,67442304672
2025-06-18 20:02:46,REAL,67442304672,29176,67442333848,67442333848
2025-06-18 20:02:48,REAL,67442333848,29418,67442363266,67442363266
2025-06-18 20:02:50,REAL,67442363266,29397,67442392663,67442392663
2025-06-18 20:02:52,REAL,67442392663,29444,67442422107,67442422107
2025-06-18 20:02:54,REAL,67442422107,4312,67442426419,67442426419
2025-06-18 20:02:56,REAL,67442426419,615,67442427034,67442427034
2025-06-18 20:02:58,REAL,67442427034,597,67442427631,67442427631
2025-06-18 20:03:00,REAL,67442427631,539,67442428170,67442428170
2025-06-18 20:03:02,REAL,67442428170,532,67442428702,67442428702
2025-06-18 20:03:04,REAL,67442428702,540,67442429242,67442429242
2025-06-18 20:03:06,REAL,67442429242,544,67442429786,67442429786
2025-06-18 20:03:08,REAL,67442429786,547,67442430333,67442430333
2025-06-18 20:03:10,REAL,67442430333,126000,67442556333,67442556333
2025-06-18 20:03:12,REAL,67442556333,160676,67442717009,67442717009
2025-06-18 20:03:14,REAL,67442717009,28426,67442745435,67442745435
2025-06-18 20:03:16,REAL,67442745435,29382,67442774817,67442774817
2025-06-18 20:03:18,REAL,67442774817,28809,67442803626,67442803626
2025-06-18 20:03:20,REAL,67442803626,29271,67442832897,67442832897
2025-06-18 20:03:22,REAL,67442832897,29126,67442862023,67442862023
2025-06-18 20:03:24,REAL,67442862023,29134,67442891157,67442891157
2025-06-18 20:03:26,REAL,67442891157,2595,67442893752,67442893752
2025-06-18 20:03:28,REAL,67442893752,615,67442894367,67442894367
2025-06-18 20:03:30,REAL,67442894367,538,67442894905,67442894905
2025-06-18 20:03:32,REAL,67442894905,536,67442895441,67442895441
2025-06-18 20:03:34,REAL,67442895441,544,67442895985,67442895985
2025-06-18 20:03:36,REAL,67442895985,599,67442896584,67442896584
2025-06-18 20:03:38,REAL,67442896584,541,67442897125,67442897125
2025-06-18 20:03:40,REAL,67442897125,548,67442897673,67442897673
2025-06-18 20:03:42,REAL,67442897673,134919,67443032592,67443032592
2025-06-18 20:03:44,REAL,67443032592,138885,67443171477,67443171477
2025-06-18 20:03:46,REAL,67443171477,29315,67443200792,67443200792
2025-06-18 20:03:48,REAL,67443200792,29197,67443229989,67443229989
2025-06-18 20:03:50,REAL,67443229989,29391,67443259380,67443259380
2025-06-18 20:03:52,REAL,67443259380,29009,67443288389,67443288389
2025-06-18 20:03:54,REAL,67443288389,28913,67443317302,67443317302
2025-06-18 20:03:56,REAL,67443317302,28978,67443346280,67443346280
2025-06-18 20:03:58,REAL,67443346280,733,67443347013,67443347013
2025-06-18 20:04:00,REAL,67443347013,541,67443347554,67443347554
2025-06-18 20:04:02,REAL,67443347554,539,67443348093,67443348093
2025-06-18 20:04:04,REAL,67443348093,540,67443348633,67443348633
2025-06-18 20:04:06,REAL,67443348633,535,67443349168,67443349168
2025-06-18 20:04:08,REAL,67443349168,538,67443349706,67443349706
2025-06-18 20:04:10,REAL,67443349706,535,67443350241,67443350241
2025-06-18 20:04:12,REAL,67443350241,737,67443350978,67443350978
2025-06-18 20:04:14,REAL,67443350978,154759,67443505737,67443505737
2025-06-18 20:04:16,REAL,67443505737,137283,67443643020,67443643020
2025-06-18 20:04:18,REAL,67443643020,29228,67443672248,67443672248
2025-06-18 20:04:20,REAL,67443672248,29155,67443701403,67443701403
2025-06-18 20:04:22,REAL,67443701403,29353,67443730756,67443730756
2025-06-18 20:04:24,REAL,67443730756,29457,67443760213,67443760213
2025-06-18 20:04:26,REAL,67443760213,29120,67443789333,67443789333
2025-06-18 20:04:28,REAL,67443789333,27576,67443816909,67443816909
2025-06-18 20:04:30,REAL,67443816909,542,67443817451,67443817451
2025-06-18 20:04:32,REAL,67443817451,533,67443817984,67443817984
2025-06-18 20:04:34,REAL,67443817984,541,67443818525,67443818525
2025-06-18 20:04:36,REAL,67443818525,539,67443819064,67443819064
2025-06-18 20:04:38,REAL,67443819064,531,67443819595,67443819595
2025-06-18 20:04:40,REAL,67443819595,539,67443820134,67443820134
2025-06-18 20:04:42,REAL,67443820134,614,67443820748,67443820748
2025-06-18 20:04:44,REAL,67443820748,598,67443821346,67443821346
2025-06-18 20:04:46,REAL,67443821346,168667,67443990013,67443990013
2025-06-18 20:04:48,REAL,67443990013,104773,67444094786,67444094786
2025-06-18 20:04:50,REAL,67444094786,29289,67444124075,67444124075
2025-06-18 20:04:52,REAL,67444124075,29315,67444153390,67444153390
2025-06-18 20:04:54,REAL,67444153390,29086,67444182476,67444182476
2025-06-18 20:04:56,REAL,67444182476,29186,67444211662,67444211662
2025-06-18 20:04:58,REAL,67444211662,29021,67444240683,67444240683
2025-06-18 20:05:00,REAL,67444240683,25984,67444266667,67444266667
2025-06-18 20:05:02,REAL,67444266667,535,67444267202,67444267202
2025-06-18 20:05:04,REAL,67444267202,543,67444267745,67444267745
2025-06-18 20:05:06,REAL,67444267745,540,67444268285,67444268285
2025-06-18 20:05:08,REAL,67444268285,540,67444268825,67444268825
2025-06-18 20:05:10,REAL,67444268825,540,67444269365,67444269365
2025-06-18 20:05:12,REAL,67444269365,618,67444269983,67444269983
2025-06-18 20:05:14,REAL,67444269983,543,67444270526,67444270526
2025-06-18 20:05:16,REAL,67444270526,606,67444271132,67444271132
2025-06-18 20:05:18,REAL,67444271132,541,67444271673,67444271673
2025-06-18 20:05:20,REAL,67444271673,593,67444272266,67444272266
2025-06-18 20:05:22,REAL,67444272266,538,67444272804,67444272804
2025-06-18 20:05:24,REAL,67444272804,537,67444273341,67444273341
2025-06-18 20:05:26,REAL,67444273341,606,67444273947,67444273947
2025-06-18 20:05:28,REAL,67444273947,618,67444274565,67444274565
2025-06-18 20:05:30,REAL,67444274565,547,67444275112,67444275112
2025-06-18 20:05:32,REAL,67444275112,596,67444275708,67444275708
2025-06-18 20:05:34,REAL,67444275708,539,67444276247,67444276247
2025-06-18 20:05:36,REAL,67444276247,545,67444276792,67444276792
2025-06-18 20:05:38,REAL,67444276792,539,67444277331,67444277331
2025-06-18 20:05:40,REAL,67444277331,538,67444277869,67444277869
2025-06-18 20:05:42,REAL,67444277869,609,67444278478,67444278478
2025-06-18 20:05:44,REAL,67444278478,536,67444279014,67444279014
2025-06-18 20:05:46,REAL,67444279014,532,67444279546,67444279546
2025-06-18 20:05:48,REAL,67444279546,591,67444280137,67444280137
2025-06-18 20:05:50,REAL,67444280137,198480,67444478617,67444478617
2025-06-18 20:05:52,REAL,67444478617,76717,67444555334,67444555334
2025-06-18 20:05:54,REAL,67444555334,28773,67444584107,67444584107
2025-06-18 20:05:56,REAL,67444584107,29130,67444613237,67444613237
2025-06-18 20:05:58,REAL,67444613237,29215,67444642452,67444642452
2025-06-18 20:06:00,REAL,67444642452,29441,67444671893,67444671893
2025-06-18 20:06:02,REAL,67444671893,29624,67444701517,67444701517
2025-06-18 20:06:04,REAL,67444701517,22187,67444723704,67444723704
2025-06-18 20:06:06,REAL,67444723704,536,67444724240,67444724240
2025-06-18 20:06:08,REAL,67444724240,531,67444724771,67444724771
2025-06-18 20:06:10,REAL,67444724771,535,67444725306,67444725306
2025-06-18 20:06:12,REAL,67444725306,616,67444725922,67444725922
2025-06-18 20:06:14,REAL,67444725922,538,67444726460,67444726460
2025-06-18 20:06:16,REAL,67444726460,589,67444727049,67444727049
2025-06-18 20:06:18,REAL,67444727049,543,67444727592,67444727592
2025-06-18 20:06:20,REAL,67444727592,606,67444728198,67444728198
2025-06-18 20:06:22,REAL,67444728198,537,67444728735,67444728735
2025-06-18 20:06:24,REAL,67444728735,547,67444729282,67444729282
2025-06-18 20:06:26,REAL,67444729282,544,67444729826,67444729826
2025-06-18 20:06:28,REAL,67444729826,616,67444730442,67444730442
2025-06-18 20:06:30,REAL,67444730442,536,67444730978,67444730978
2025-06-18 20:06:32,REAL,67444730978,537,67444731515,67444731515
2025-06-18 20:06:34,REAL,67444731515,548,67444732063,67444732063
2025-06-18 20:06:36,REAL,67444732063,602,67444732665,67444732665
2025-06-18 20:06:38,REAL,67444732665,543,67444733208,67444733208
2025-06-18 20:06:40,REAL,67444733208,599,67444733807,67444733807
2025-06-18 20:06:42,REAL,67444733807,672,67444734479,67444734479
2025-06-18 20:06:44,REAL,67444734479,536,67444735015,67444735015
2025-06-18 20:06:46,REAL,67444735015,533,67444735548,67444735548
2025-06-18 20:06:48,REAL,67444735548,534,67444736082,67444736082
2025-06-18 20:06:50,REAL,67444736082,533,67444736615,67444736615
2025-06-18 20:06:52,REAL,67444736615,602,67444737217,67444737217
2025-06-18 20:06:54,REAL,67444737217,239505,67444976722,67444976722
2025-06-18 20:06:56,REAL,67444976722,40402,67445017124,67445017124
2025-06-18 20:06:58,REAL,67445017124,29161,67445046285,67445046285
2025-06-18 20:07:00,REAL,67445046285,29354,67445075639,67445075639
2025-06-18 20:07:02,REAL,67445075639,29054,67445104693,67445104693
2025-06-18 20:07:04,REAL,67445104693,28921,67445133614,67445133614
2025-06-18 20:07:06,REAL,67445133614,29139,67445162753,67445162753
2025-06-18 20:07:08,REAL,67445162753,18264,67445181017,67445181017
2025-06-18 20:07:10,REAL,67445181017,531,67445181548,67445181548
2025-06-18 20:07:12,REAL,67445181548,620,67445182168,67445182168
2025-06-18 20:07:14,REAL,67445182168,548,67445182716,67445182716
2025-06-18 20:07:16,REAL,67445182716,542,67445183258,67445183258
2025-06-18 20:07:18,REAL,67445183258,600,67445183858,67445183858
2025-06-18 20:07:20,REAL,67445183858,588,67445184446,67445184446
2025-06-18 20:07:22,REAL,67445184446,537,67445184983,67445184983
2025-06-18 20:07:24,REAL,67445184983,598,67445185581,67445185581
2025-06-18 20:07:26,REAL,67445185581,255639,67445441220,67445441220
2025-06-18 20:07:28,REAL,67445441220,29110,67445470330,67445470330
2025-06-18 20:07:30,REAL,67445470330,28701,67445499031,67445499031
2025-06-18 20:07:32,REAL,67445499031,28591,67445527622,67445527622
2025-06-18 20:07:34,REAL,67445527622,28916,67445556538,67445556538
2025-06-18 20:07:36,REAL,67445556538,28997,67445585535,67445585535
2025-06-18 20:07:38,REAL,67445585535,29065,67445614600,67445614600
2025-06-18 20:07:40,REAL,67445614600,16770,67445631370,67445631370
2025-06-18 20:07:42,REAL,67445631370,612,67445631982,67445631982
2025-06-18 20:07:44,REAL,67445631982,544,67445632526,67445632526
2025-06-18 20:07:46,REAL,67445632526,533,67445633059,67445633059
2025-06-18 20:07:48,REAL,67445633059,542,67445633601,67445633601
2025-06-18 20:07:50,REAL,67445633601,602,67445634203,67445634203
2025-06-18 20:07:52,REAL,67445634203,539,67445634742,67445634742
2025-06-18 20:07:54,REAL,67445634742,540,67445635282,67445635282
2025-06-18 20:07:56,REAL,67445635282,603,67445635885,67445635885
2025-06-18 20:07:58,REAL,67445635885,622,67445636507,67445636507
2025-06-18 20:08:00,REAL,67445636507,541,67445637048,67445637048
2025-06-18 20:08:02,REAL,67445637048,597,67445637645,67445637645
2025-06-18 20:08:04,REAL,67445637645,542,67445638187,67445638187
2025-06-18 20:08:06,REAL,67445638187,535,67445638722,67445638722
2025-06-18 20:08:08,REAL,67445638722,538,67445639260,67445639260
2025-06-18 20:08:10,REAL,67445639260,545,67445639805,67445639805
2025-06-18 20:08:12,REAL,67445639805,672,67445640477,67445640477
2025-06-18 20:08:14,REAL,67445640477,535,67445641012,67445641012
2025-06-18 20:08:16,REAL,67445641012,535,67445641547,67445641547
2025-06-18 20:08:18,REAL,67445641547,599,67445642146,67445642146
2025-06-18 20:08:20,REAL,67445642146,542,67445642688,67445642688
2025-06-18 20:08:22,REAL,67445642688,549,67445643237,67445643237
2025-06-18 20:08:24,REAL,67445643237,539,67445643776,67445643776
2025-06-18 20:08:26,REAL,67445643776,537,67445644313,67445644313
2025-06-18 20:08:28,REAL,67445644313,671,67445644984,67445644984
2025-06-18 20:08:30,REAL,67445644984,540,67445645524,67445645524
2025-06-18 20:08:32,REAL,67445645524,541,67445646065,67445646065
2025-06-18 20:08:34,REAL,67445646065,541,67445646606,67445646606
2025-06-18 20:08:36,REAL,67445646606,538,67445647144,67445647144
2025-06-18 20:08:38,REAL,67445647144,543,67445647687,67445647687
2025-06-18 20:08:40,REAL,67445647687,542,67445648229,67445648229
2025-06-18 20:08:42,REAL,67445648229,616,67445648845,67445648845
2025-06-18 20:08:44,REAL,67445648845,17025,67445665870,67445665870
2025-06-18 20:08:46,REAL,67445665870,235650,67445901520,67445901520
2025-06-18 20:08:48,REAL,67445901520,28889,67445930409,67445930409
2025-06-18 20:08:50,REAL,67445930409,29302,67445959711,67445959711
2025-06-18 20:08:52,REAL,67445959711,29237,67445988948,67445988948
2025-06-18 20:08:54,REAL,67445988948,29562,67446018510,67446018510
2025-06-18 20:08:56,REAL,67446018510,28935,67446047445,67446047445
2025-06-18 20:08:58,REAL,67446047445,29235,67446076680,67446076680
2025-06-18 20:09:00,REAL,67446076680,11711,67446088391,67446088391
2025-06-18 20:09:02,REAL,67446088391,543,67446088934,67446088934
2025-06-18 20:09:04,REAL,67446088934,537,67446089471,67446089471
2025-06-18 20:09:06,REAL,67446089471,541,67446090012,67446090012
2025-06-18 20:09:08,REAL,67446090012,549,67446090561,67446090561
2025-06-18 20:09:10,REAL,67446090561,530,67446091091,67446091091
2025-06-18 20:09:12,REAL,67446091091,672,67446091763,67446091763
2025-06-18 20:09:14,REAL,67446091763,535,67446092298,67446092298
2025-06-18 20:09:16,REAL,67446092298,605,67446092903,67446092903
2025-06-18 20:09:18,REAL,67446092903,541,67446093444,67446093444
2025-06-18 20:09:20,REAL,67446093444,539,67446093983,67446093983
2025-06-18 20:09:22,REAL,67446093983,535,67446094518,67446094518
2025-06-18 20:09:24,REAL,67446094518,598,67446095116,67446095116
2025-06-18 20:09:26,REAL,67446095116,536,67446095652,67446095652
2025-06-18 20:09:28,REAL,67446095652,614,67446096266,67446096266
2025-06-18 20:09:30,REAL,67446096266,541,67446096807,67446096807
2025-06-18 20:09:32,REAL,67446096807,590,67446097397,67446097397
2025-06-18 20:09:34,REAL,67446097397,545,67446097942,67446097942
2025-06-18 20:09:36,REAL,67446097942,587,67446098529,67446098529
2025-06-18 20:09:38,REAL,67446098529,542,67446099071,67446099071
2025-06-18 20:09:40,REAL,67446099071,535,67446099606,67446099606
2025-06-18 20:09:42,REAL,67446099606,621,67446100227,67446100227
2025-06-18 20:09:44,REAL,67446100227,543,67446100770,67446100770
2025-06-18 20:09:46,REAL,67446100770,540,67446101310,67446101310
2025-06-18 20:09:48,REAL,67446101310,605,67446101915,67446101915
2025-06-18 20:09:50,REAL,67446101915,533,67446102448,67446102448
2025-06-18 20:09:52,REAL,67446102448,542,67446102990,67446102990
2025-06-18 20:09:54,REAL,67446102990,548,67446103538,67446103538
2025-06-18 20:09:56,REAL,67446103538,532,67446104070,67446104070
2025-06-18 20:09:58,REAL,67446104070,614,67446104684,67446104684
2025-06-18 20:10:00,REAL,67446104684,536,67446105220,67446105220
2025-06-18 20:10:02,REAL,67446105220,538,67446105758,67446105758
2025-06-18 20:10:04,REAL,67446105758,70182,67446175940,67446175940
2025-06-18 20:10:06,REAL,67446175940,205600,67446381540,67446381540
2025-06-18 20:10:08,REAL,67446381540,29566,67446411106,67446411106
2025-06-18 20:10:10,REAL,67446411106,28981,67446440087,67446440087
2025-06-18 20:10:12,REAL,67446440087,28867,67446468954,67446468954
2025-06-18 20:10:14,REAL,67446468954,29383,67446498337,67446498337
2025-06-18 20:10:16,REAL,67446498337,28345,67446526682,67446526682
2025-06-18 20:10:18,REAL,67446526682,28548,67446555230,67446555230
2025-06-18 20:10:20,REAL,67446555230,7279,67446562509,67446562509
2025-06-18 20:10:22,REAL,67446562509,542,67446563051,67446563051
2025-06-18 20:10:24,REAL,67446563051,540,67446563591,67446563591
2025-06-18 20:10:26,REAL,67446563591,546,67446564137,67446564137
2025-06-18 20:10:28,REAL,67446564137,615,67446564752,67446564752
2025-06-18 20:10:30,REAL,67446564752,599,67446565351,67446565351
2025-06-18 20:10:32,REAL,67446565351,543,67446565894,67446565894
2025-06-18 20:10:34,REAL,67446565894,536,67446566430,67446566430
2025-06-18 20:10:36,REAL,67446566430,594,67446567024,67446567024
2025-06-18 20:10:38,REAL,67446567024,543,67446567567,67446567567
2025-06-18 20:10:40,REAL,67446567567,547,67446568114,67446568114
2025-06-18 20:10:42,REAL,67446568114,533,67446568647,67446568647
2025-06-18 20:10:44,REAL,67446568647,613,67446569260,67446569260
2025-06-18 20:10:46,REAL,67446569260,589,67446569849,67446569849
2025-06-18 20:10:48,REAL,67446569849,538,67446570387,67446570387
2025-06-18 20:10:50,REAL,67446570387,545,67446570932,67446570932
2025-06-18 20:10:52,REAL,67446570932,649,67446571581,67446571581
2025-06-18 20:10:54,REAL,67446571581,541,67446572122,67446572122
2025-06-18 20:10:56,REAL,67446572122,541,67446572663,67446572663
2025-06-18 20:10:58,REAL,67446572663,614,67446573277,67446573277
2025-06-18 20:11:00,REAL,67446573277,543,67446573820,67446573820
2025-06-18 20:11:02,REAL,67446573820,535,67446574355,67446574355
2025-06-18 20:11:04,REAL,67446574355,540,67446574895,67446574895
2025-06-18 20:11:06,REAL,67446574895,545,67446575440,67446575440
2025-06-18 20:11:08,REAL,67446575440,103847,67446679287,67446679287
2025-06-18 20:11:10,REAL,67446679287,174149,67446853436,67446853436
2025-06-18 20:11:12,REAL,67446853436,28970,67446882406,67446882406
2025-06-18 20:11:14,REAL,67446882406,29215,67446911621,67446911621
2025-06-18 20:11:16,REAL,67446911621,29652,67446941273,67446941273
2025-06-18 20:11:18,REAL,67446941273,29699,67446970972,67446970972
2025-06-18 20:11:20,REAL,67446970972,29471,67447000443,67447000443
2025-06-18 20:11:22,REAL,67447000443,29645,67447030088,67447030088
2025-06-18 20:11:24,REAL,67447030088,3552,67447033640,67447033640
2025-06-18 20:11:26,REAL,67447033640,533,67447034173,67447034173
2025-06-18 20:11:28,REAL,67447034173,670,67447034843,67447034843
2025-06-18 20:11:30,REAL,67447034843,543,67447035386,67447035386
2025-06-18 20:11:32,REAL,67447035386,534,67447035920,67447035920
2025-06-18 20:11:34,REAL,67447035920,545,67447036465,67447036465
2025-06-18 20:11:36,REAL,67447036465,591,67447037056,67447037056
2025-06-18 20:11:38,REAL,67447037056,541,67447037597,67447037597
2025-06-18 20:11:40,REAL,67447037597,601,67447038198,67447038198
2025-06-18 20:11:42,REAL,67447038198,535,67447038733,67447038733
2025-06-18 20:11:44,REAL,67447038733,616,67447039349,67447039349
2025-06-18 20:11:46,REAL,67447039349,537,67447039886,67447039886
2025-06-18 20:11:48,REAL,67447039886,534,67447040420,67447040420
2025-06-18 20:11:50,REAL,67447040420,541,67447040961,67447040961
2025-06-18 20:11:52,REAL,67447040961,539,67447041500,67447041500
2025-06-18 20:11:54,REAL,67447041500,534,67447042034,67447042034
2025-06-18 20:11:56,REAL,67447042034,599,67447042633,67447042633
2025-06-18 20:11:58,REAL,67447042633,661,67447043294,67447043294
2025-06-18 20:12:00,REAL,67447043294,532,67447043826,67447043826
2025-06-18 20:12:02,REAL,67447043826,536,67447044362,67447044362
2025-06-18 20:12:04,REAL,67447044362,540,67447044902,67447044902
2025-06-18 20:12:06,REAL,67447044902,299,67447045201,67447045201
2025-06-18 20:12:08,REAL,67447045201,599,67447045800,67447045800
2025-06-18 20:12:10,REAL,67447045800,538,67447046338,67447046338
2025-06-18 20:12:12,REAL,67447046338,596,67447046934,67447046934
2025-06-18 20:12:14,REAL,67447046934,613,67447047547,67447047547
2025-06-18 20:12:16,REAL,67447047547,540,67447048087,67447048087
2025-06-18 20:12:18,REAL,67447048087,543,67447048630,67447048630
2025-06-18 20:12:20,REAL,67447048630,592,67447049222,67447049222
2025-06-18 20:12:22,REAL,67447049222,535,67447049757,67447049757
2025-06-18 20:12:24,REAL,67447049757,537,67447050294,67447050294
2025-06-18 20:12:26,REAL,67447050294,550,67447050844,67447050844
2025-06-18 20:12:28,REAL,67447050844,675,67447051519,67447051519
2025-06-18 20:12:30,REAL,67447051519,536,67447052055,67447052055
2025-06-18 20:12:32,REAL,67447052055,538,67447052593,67447052593
2025-06-18 20:12:34,REAL,67447052593,538,67447053131,67447053131
2025-06-18 20:12:36,REAL,67447053131,534,67447053665,67447053665
2025-06-18 20:12:38,REAL,67447053665,540,67447054205,67447054205
2025-06-18 20:12:40,REAL,67447054205,533,67447054738,67447054738
2025-06-18 20:12:42,REAL,67447054738,656,67447055394,67447055394
2025-06-18 20:12:44,REAL,67447055394,195263,67447250657,67447250657
2025-06-18 20:12:46,REAL,67447250657,98767,67447349424,67447349424
2025-06-18 20:12:48,REAL,67447349424,29703,67447379127,67447379127
2025-06-18 20:12:50,REAL,67447379127,30001,67447409128,67447409128
2025-06-18 20:12:52,REAL,67447409128,29535,67447438663,67447438663
2025-06-18 20:12:54,REAL,67447438663,29393,67447468056,67447468056
2025-06-18 20:12:56,REAL,67447468056,29246,67447497302,67447497302
2025-06-18 20:12:58,REAL,67447497302,27135,67447524437,67447524437
2025-06-18 20:13:00,REAL,67447524437,533,67447524970,67447524970
2025-06-18 20:13:02,REAL,67447524970,544,67447525514,67447525514
2025-06-18 20:13:04,REAL,67447525514,539,67447526053,67447526053
2025-06-18 20:13:06,REAL,67447526053,591,67447526644,67447526644
2025-06-18 20:13:08,REAL,67447526644,538,67447527182,67447527182
2025-06-18 20:13:10,REAL,67447527182,535,67447527717,67447527717
2025-06-18 20:13:12,REAL,67447527717,534,67447528251,67447528251
2025-06-18 20:13:14,REAL,67447528251,677,67447528928,67447528928
2025-06-18 20:13:16,REAL,67447528928,539,67447529467,67447529467
2025-06-18 20:13:18,REAL,67447529467,546,67447530013,67447530013
2025-06-18 20:13:20,REAL,67447530013,530,67447530543,67447530543
2025-06-18 20:13:22,REAL,67447530543,535,67447531078,67447531078
2025-06-18 20:13:24,REAL,67447531078,546,67447531624,67447531624
2025-06-18 20:13:26,REAL,67447531624,548,67447532172,67447532172
2025-06-18 20:13:28,REAL,67447532172,664,67447532836,67447532836
2025-06-18 20:13:30,REAL,67447532836,593,67447533429,67447533429
2025-06-18 20:13:32,REAL,67447533429,543,67447533972,67447533972
2025-06-18 20:13:34,REAL,67447533972,531,67447534503,67447534503
2025-06-18 20:13:36,REAL,67447534503,547,67447535050,67447535050
2025-06-18 20:13:38,REAL,67447535050,543,67447535593,67447535593
2025-06-18 20:13:40,REAL,67447535593,595,67447536188,67447536188
2025-06-18 20:13:42,REAL,67447536188,542,67447536730,67447536730
2025-06-18 20:13:44,REAL,67447536730,618,67447537348,67447537348
2025-06-18 20:13:46,REAL,67447537348,590,67447537938,67447537938
2025-06-18 20:13:48,REAL,67447537938,534,67447538472,67447538472
2025-06-18 20:13:50,REAL,67447538472,590,67447539062,67447539062
2025-06-18 20:13:52,REAL,67447539062,544,67447539606,67447539606
2025-06-18 20:13:54,REAL,67447539606,538,67447540144,67447540144
2025-06-18 20:13:56,REAL,67447540144,545,67447540689,67447540689
2025-06-18 20:13:58,REAL,67447540689,616,67447541305,67447541305
2025-06-18 20:14:00,REAL,67447541305,538,67447541843,67447541843
2025-06-18 20:14:02,REAL,67447541843,602,67447542445,67447542445
2025-06-18 20:14:04,REAL,67447542445,538,67447542983,67447542983
2025-06-18 20:14:06,REAL,67447542983,541,67447543524,67447543524
2025-06-18 20:14:08,REAL,67447543524,542,67447544066,67447544066
2025-06-18 20:14:10,REAL,67447544066,540,67447544606,67447544606
2025-06-18 20:14:12,REAL,67447544606,594,67447545200,67447545200
2025-06-18 20:14:14,REAL,67447545200,610,67447545810,67447545810
2025-06-18 20:14:16,REAL,67447545810,541,67447546351,67447546351
2025-06-18 20:14:18,REAL,67447546351,601,67447546952,67447546952
2025-06-18 20:14:20,REAL,67447546952,542,67447547494,67447547494
2025-06-18 20:14:22,REAL,67447547494,541,67447548035,67447548035
2025-06-18 20:14:24,REAL,67447548035,545,67447548580,67447548580
2025-06-18 20:14:26,REAL,67447548580,533,67447549113,67447549113
2025-06-18 20:14:28,REAL,67447549113,672,67447549785,67447549785
2025-06-18 20:14:30,REAL,67447549785,539,67447550324,67447550324
2025-06-18 20:14:32,REAL,67447550324,538,67447550862,67447550862
2025-06-18 20:14:34,REAL,67447550862,648,67447551510,67447551510
2025-06-18 20:14:36,REAL,67447551510,218792,67447770302,67447770302
2025-06-18 20:14:38,REAL,67447770302,64839,67447835141,67447835141
2025-06-18 20:14:40,REAL,67447835141,29223,67447864364,67447864364
2025-06-18 20:14:42,REAL,67447864364,28949,67447893313,67447893313
2025-06-18 20:14:44,REAL,67447893313,28425,67447921738,67447921738
2025-06-18 20:14:46,REAL,67447921738,29290,67447951028,67447951028
2025-06-18 20:14:48,REAL,67447951028,29166,67447980194,67447980194
2025-06-18 20:14:50,REAL,67447980194,20570,67448000764,67448000764
2025-06-18 20:14:52,REAL,67448000764,540,67448001304,67448001304
2025-06-18 20:14:54,REAL,67448001304,537,67448001841,67448001841
2025-06-18 20:14:56,REAL,67448001841,540,67448002381,67448002381
2025-06-18 20:14:58,REAL,67448002381,671,67448003052,67448003052
2025-06-18 20:15:00,REAL,67448003052,540,67448003592,67448003592
2025-06-18 20:15:02,REAL,67448003592,538,67448004130,67448004130
2025-06-18 20:15:04,REAL,67448004130,542,67448004672,67448004672
2025-06-18 20:15:06,REAL,67448004672,599,67448005271,67448005271
2025-06-18 20:15:08,REAL,67448005271,538,67448005809,67448005809
2025-06-18 20:15:10,REAL,67448005809,533,67448006342,67448006342
2025-06-18 20:15:12,REAL,67448006342,537,67448006879,67448006879
2025-06-18 20:15:14,REAL,67448006879,681,67448007560,67448007560
2025-06-18 20:15:16,REAL,67448007560,550,67448008110,67448008110
2025-06-18 20:15:18,REAL,67448008110,542,67448008652,67448008652
2025-06-18 20:15:20,REAL,67448008652,595,67448009247,67448009247
2025-06-18 20:15:22,REAL,67448009247,606,67448009853,67448009853
2025-06-18 20:15:24,REAL,67448009853,540,67448010393,67448010393
2025-06-18 20:15:26,REAL,67448010393,534,67448010927,67448010927
2025-06-18 20:15:28,REAL,67448010927,618,67448011545,67448011545
2025-06-18 20:15:30,REAL,67448011545,548,67448012093,67448012093
2025-06-18 20:15:32,REAL,67448012093,541,67448012634,67448012634
2025-06-18 20:15:34,REAL,67448012634,538,67448013172,67448013172
2025-06-18 20:15:36,REAL,67448013172,542,67448013714,67448013714
2025-06-18 20:15:38,REAL,67448013714,600,67448014314,67448014314
2025-06-18 20:15:40,REAL,67448014314,541,67448014855,67448014855
2025-06-18 20:15:42,REAL,67448014855,536,67448015391,67448015391
2025-06-18 20:15:44,REAL,67448015391,609,67448016000,67448016000
2025-06-18 20:15:46,REAL,67448016000,537,67448016537,67448016537
2025-06-18 20:15:48,REAL,67448016537,537,67448017074,67448017074
2025-06-18 20:15:50,REAL,67448017074,537,67448017611,67448017611
2025-06-18 20:15:52,REAL,67448017611,544,67448018155,67448018155
2025-06-18 20:15:54,REAL,67448018155,594,67448018749,67448018749
2025-06-18 20:15:56,REAL,67448018749,533,67448019282,67448019282
2025-06-18 20:15:58,REAL,67448019282,611,67448019893,67448019893
2025-06-18 20:16:00,REAL,67448019893,538,67448020431,67448020431
2025-06-18 20:16:02,REAL,67448020431,655,67448021086,67448021086
2025-06-18 20:16:04,REAL,67448021086,548,67448021634,67448021634
2025-06-18 20:16:06,REAL,67448021634,545,67448022179,67448022179
2025-06-18 20:16:08,REAL,67448022179,540,67448022719,67448022719
2025-06-18 20:16:10,REAL,67448022719,600,67448023319,67448023319
2025-06-18 20:16:12,REAL,67448023319,543,67448023862,67448023862
2025-06-18 20:16:14,REAL,67448023862,607,67448024469,67448024469
2025-06-18 20:16:16,REAL,67448024469,540,67448025009,67448025009
2025-06-18 20:16:18,REAL,67448025009,538,67448025547,67448025547
2025-06-18 20:16:20,REAL,67448025547,538,67448026085,67448026085
2025-06-18 20:16:22,REAL,67448026085,545,67448026630,67448026630
2025-06-18 20:16:24,REAL,67448026630,542,67448027172,67448027172
2025-06-18 20:16:26,REAL,67448027172,609,67448027781,67448027781
2025-06-18 20:16:28,REAL,67448027781,616,67448028397,67448028397
2025-06-18 20:16:30,REAL,67448028397,533,67448028930,67448028930
2025-06-18 20:16:32,REAL,67448028930,537,67448029467,67448029467
2025-06-18 20:16:34,REAL,67448029467,547,67448030014,67448030014
2025-06-18 20:16:36,REAL,67448030014,540,67448030554,67448030554
2025-06-18 20:16:38,REAL,67448030554,543,67448031097,67448031097
2025-06-18 20:16:40,REAL,67448031097,536,67448031633,67448031633
2025-06-18 20:16:42,REAL,67448031633,592,67448032225,67448032225
2025-06-18 20:16:44,REAL,67448032225,615,67448032840,67448032840
2025-06-18 20:16:46,REAL,67448032840,596,67448033436,67448033436
2025-06-18 20:16:48,REAL,67448033436,600,67448034036,67448034036
2025-06-18 20:16:50,REAL,67448034036,545,67448034581,67448034581
2025-06-18 20:16:52,REAL,67448034581,537,67448035118,67448035118
2025-06-18 20:16:54,REAL,67448035118,543,67448035661,67448035661
2025-06-18 20:16:56,REAL,67448035661,534,67448036195,67448036195
2025-06-18 20:16:58,REAL,67448036195,669,67448036864,67448036864
2025-06-18 20:17:00,REAL,67448036864,534,67448037398,67448037398
2025-06-18 20:17:02,REAL,67448037398,541,67448037939,67448037939
2025-06-18 20:17:04,REAL,67448037939,535,67448038474,67448038474
2025-06-18 20:17:06,REAL,67448038474,545,67448039019,67448039019
2025-06-18 20:17:08,REAL,67448039019,540,67448039559,67448039559
2025-06-18 20:17:10,REAL,67448039559,544,67448040103,67448040103
2025-06-18 20:17:12,REAL,67448040103,543,67448040646,67448040646
2025-06-18 20:17:14,REAL,67448040646,669,67448041315,67448041315
2025-06-18 20:17:16,REAL,67448041315,544,67448041859,67448041859
2025-06-18 20:17:18,REAL,67448041859,541,67448042400,67448042400
2025-06-18 20:17:20,REAL,67448042400,539,67448042939,67448042939
2025-06-18 20:17:22,REAL,67448042939,536,67448043475,67448043475
2025-06-18 20:17:24,REAL,67448043475,544,67448044019,67448044019
2025-06-18 20:17:26,REAL,67448044019,549,67448044568,67448044568
2025-06-18 20:17:28,REAL,67448044568,676,67448045244,67448045244
2025-06-18 20:17:30,REAL,67448045244,597,67448045841,67448045841
2025-06-18 20:17:32,REAL,67448045841,544,67448046385,67448046385
2025-06-18 20:17:34,REAL,67448046385,539,67448046924,67448046924
2025-06-18 20:17:36,REAL,67448046924,596,67448047520,67448047520
2025-06-18 20:17:38,REAL,67448047520,542,67448048062,67448048062
2025-06-18 20:17:40,REAL,67448048062,542,67448048604,67448048604
2025-06-18 20:17:42,REAL,67448048604,536,67448049140,67448049140
2025-06-18 20:17:44,REAL,67448049140,618,67448049758,67448049758
2025-06-18 20:17:46,REAL,67448049758,666,67448050424,67448050424
2025-06-18 20:17:48,REAL,67448050424,602,67448051026,67448051026
2025-06-18 20:17:50,REAL,67448051026,598,67448051624,67448051624
2025-06-18 20:17:52,REAL,67448051624,541,67448052165,67448052165
2025-06-18 20:17:54,REAL,67448052165,537,67448052702,67448052702
2025-06-18 20:17:56,REAL,67448052702,536,67448053238,67448053238
2025-06-18 20:17:58,REAL,67448053238,612,67448053850,67448053850
2025-06-18 20:18:00,REAL,67448053850,539,67448054389,67448054389
2025-06-18 20:18:02,REAL,67448054389,541,67448054930,67448054930
2025-06-18 20:18:04,REAL,67448054930,530,67448055460,67448055460
2025-06-18 20:18:06,REAL,67448055460,602,67448056062,67448056062
2025-06-18 20:18:08,REAL,67448056062,197026,67448253088,67448253088
2025-06-18 20:18:10,REAL,67448253088,85193,67448338281,67448338281
2025-06-18 20:18:12,REAL,67448338281,29654,67448367935,67448367935
2025-06-18 20:18:14,REAL,67448367935,28839,67448396774,67448396774
2025-06-18 20:18:16,REAL,67448396774,29176,67448425950,67448425950
2025-06-18 20:18:18,REAL,67448425950,28683,67448454633,67448454633
2025-06-18 20:18:20,REAL,67448454633,28879,67448483512,67448483512
2025-06-18 20:18:22,REAL,67448483512,23126,67448506638,67448506638
2025-06-18 20:18:24,REAL,67448506638,543,67448507181,67448507181
2025-06-18 20:18:26,REAL,67448507181,541,67448507722,67448507722
2025-06-18 20:18:28,REAL,67448507722,617,67448508339,67448508339
2025-06-18 20:18:30,REAL,67448508339,543,67448508882,67448508882
2025-06-18 20:18:32,REAL,67448508882,534,67448509416,67448509416
2025-06-18 20:18:34,REAL,67448509416,535,67448509951,67448509951
2025-06-18 20:18:36,REAL,67448509951,541,67448510492,67448510492
2025-06-18 20:18:38,REAL,67448510492,595,67448511087,67448511087
2025-06-18 20:18:40,REAL,67448511087,203545,67448714632,67448714632
2025-06-18 20:18:42,REAL,67448714632,70327,67448784959,67448784959
2025-06-18 20:18:44,REAL,67448784959,29000,67448813959,67448813959
2025-06-18 20:18:46,REAL,67448813959,30080,67448844039,67448844039
2025-06-18 20:18:48,REAL,67448844039,28569,67448872608,67448872608
2025-06-18 20:18:50,REAL,67448872608,29696,67448902304,67448902304
2025-06-18 20:18:52,REAL,67448902304,28523,67448930827,67448930827
2025-06-18 20:18:54,REAL,67448930827,21123,67448951950,67448951950
2025-06-18 20:18:56,REAL,67448951950,540,67448952490,67448952490
2025-06-18 20:18:58,REAL,67448952490,533,67448953023,67448953023
2025-06-18 20:19:00,REAL,67448953023,612,67448953635,67448953635
2025-06-18 20:19:02,REAL,67448953635,535,67448954170,67448954170
2025-06-18 20:19:04,REAL,67448954170,539,67448954709,67448954709
2025-06-18 20:19:06,REAL,67448954709,531,67448955240,67448955240
2025-06-18 20:19:08,REAL,67448955240,535,67448955775,67448955775
2025-06-18 20:19:10,REAL,67448955775,655,67448956430,67448956430
2025-06-18 20:19:12,REAL,67448956430,224928,67449181358,67449181358
2025-06-18 20:19:14,REAL,67449181358,50699,67449232057,67449232057
2025-06-18 20:19:16,REAL,67449232057,29422,67449261479,67449261479
2025-06-18 20:19:18,REAL,67449261479,29082,67449290561,67449290561
2025-06-18 20:19:20,REAL,67449290561,29203,67449319764,67449319764
2025-06-18 20:19:22,REAL,67449319764,29361,67449349125,67449349125
2025-06-18 20:19:24,REAL,67449349125,28597,67449377722,67449377722
2025-06-18 20:19:26,REAL,67449377722,19405,67449397127,67449397127
2025-06-18 20:19:28,REAL,67449397127,539,67449397666,67449397666
2025-06-18 20:19:30,REAL,67449397666,617,67449398283,67449398283
2025-06-18 20:19:32,REAL,67449398283,540,67449398823,67449398823
2025-06-18 20:19:34,REAL,67449398823,541,67449399364,67449399364
2025-06-18 20:19:36,REAL,67449399364,541,67449399905,67449399905
2025-06-18 20:19:38,REAL,67449399905,547,67449400452,67449400452
2025-06-18 20:19:40,REAL,67449400452,541,67449400993,67449400993
2025-06-18 20:19:42,REAL,67449400993,605,67449401598,67449401598
2025-06-18 20:19:44,REAL,67449401598,672,67449402270,67449402270
2025-06-18 20:19:46,REAL,67449402270,604,67449402874,67449402874
2025-06-18 20:19:48,REAL,67449402874,116511,67449519385,67449519385
2025-06-18 20:19:50,REAL,67449519385,149895,67449669280,67449669280
2025-06-18 20:19:52,REAL,67449669280,29295,67449698575,67449698575
2025-06-18 20:19:54,REAL,67449698575,29517,67449728092,67449728092
2025-06-18 20:19:56,REAL,67449728092,29814,67449757906,67449757906
2025-06-18 20:19:58,REAL,67449757906,28876,67449786782,67449786782
2025-06-18 20:20:00,REAL,67449786782,29360,67449816142,67449816142
2025-06-18 20:20:02,REAL,67449816142,29682,67449845824,67449845824
2025-06-18 20:20:04,REAL,67449845824,3154,67449848978,67449848978
2025-06-18 20:20:06,REAL,67449848978,541,67449849519,67449849519
2025-06-18 20:20:08,REAL,67449849519,545,67449850064,67449850064
2025-06-18 20:20:10,REAL,67449850064,542,67449850606,67449850606
2025-06-18 20:20:12,REAL,67449850606,531,67449851137,67449851137
2025-06-18 20:20:14,REAL,67449851137,618,67449851755,67449851755
2025-06-18 20:20:16,REAL,67449851755,547,67449852302,67449852302
2025-06-18 20:20:18,REAL,67449852302,532,67449852834,67449852834
2025-06-18 20:20:20,REAL,67449852834,601,67449853435,67449853435
2025-06-18 20:20:22,REAL,67449853435,547,67449853982,67449853982
2025-06-18 20:20:24,REAL,67449853982,537,67449854519,67449854519
2025-06-18 20:20:26,REAL,67449854519,541,67449855060,67449855060
2025-06-18 20:20:28,REAL,67449855060,540,67449855600,67449855600
2025-06-18 20:20:30,REAL,67449855600,608,67449856208,67449856208
2025-06-18 20:20:32,REAL,67449856208,538,67449856746,67449856746
2025-06-18 20:20:34,REAL,67449856746,600,67449857346,67449857346
2025-06-18 20:20:36,REAL,67449857346,604,67449857950,67449857950
2025-06-18 20:20:38,REAL,67449857950,534,67449858484,67449858484
2025-06-18 20:20:40,REAL,67449858484,538,67449859022,67449859022
2025-06-18 20:20:42,REAL,67449859022,540,67449859562,67449859562
2025-06-18 20:20:44,REAL,67449859562,670,67449860232,67449860232
2025-06-18 20:20:46,REAL,67449860232,541,67449860773,67449860773
2025-06-18 20:20:48,REAL,67449860773,542,67449861315,67449861315
2025-06-18 20:20:50,REAL,67449861315,534,67449861849,67449861849
2025-06-18 20:20:52,REAL,67449861849,144649,67450006498,67450006498
2025-06-18 20:20:54,REAL,67450006498,121325,67450127823,67450127823
2025-06-18 20:20:56,REAL,67450127823,29305,67450157128,67450157128
2025-06-18 20:20:58,REAL,67450157128,29535,67450186663,67450186663
2025-06-18 20:21:00,REAL,67450186663,28932,67450215595,67450215595
2025-06-18 20:21:02,REAL,67450215595,28829,67450244424,67450244424
2025-06-18 20:21:04,REAL,67450244424,29392,67450273816,67450273816
2025-06-18 20:21:06,REAL,67450273816,28143,67450301959,67450301959
2025-06-18 20:21:08,REAL,67450301959,541,67450302500,67450302500
2025-06-18 20:21:10,REAL,67450302500,539,67450303039,67450303039
2025-06-18 20:21:12,REAL,67450303039,541,67450303580,67450303580
2025-06-18 20:21:14,REAL,67450303580,620,67450304200,67450304200
2025-06-18 20:21:16,REAL,67450304200,539,67450304739,67450304739
2025-06-18 20:21:18,REAL,67450304739,536,67450305275,67450305275
2025-06-18 20:21:20,REAL,67450305275,596,67450305871,67450305871
2025-06-18 20:21:22,REAL,67450305871,599,67450306470,67450306470
2025-06-18 20:21:24,REAL,67450306470,539,67450307009,67450307009
2025-06-18 20:21:26,REAL,67450307009,537,67450307546,67450307546
2025-06-18 20:21:28,REAL,67450307546,549,67450308095,67450308095
2025-06-18 20:21:30,REAL,67450308095,678,67450308773,67450308773
2025-06-18 20:21:32,REAL,67450308773,532,67450309305,67450309305
2025-06-18 20:21:34,REAL,67450309305,546,67450309851,67450309851
2025-06-18 20:21:36,REAL,67450309851,544,67450310395,67450310395
2025-06-18 20:21:38,REAL,67450310395,598,67450310993,67450310993
2025-06-18 20:21:40,REAL,67450310993,538,67450311531,67450311531
2025-06-18 20:21:42,REAL,67450311531,540,67450312071,67450312071
2025-06-18 20:21:44,REAL,67450312071,617,67450312688,67450312688
2025-06-18 20:21:46,REAL,67450312688,545,67450313233,67450313233
2025-06-18 20:21:48,REAL,67450313233,591,67450313824,67450313824
2025-06-18 20:21:50,REAL,67450313824,540,67450314364,67450314364
2025-06-18 20:21:52,REAL,67450314364,540,67450314904,67450314904
2025-06-18 20:21:54,REAL,67450314904,610,67450315514,67450315514
2025-06-18 20:21:56,REAL,67450315514,602,67450316116,67450316116
2025-06-18 20:21:58,REAL,67450316116,600,67450316716,67450316716
2025-06-18 20:22:00,REAL,67450316716,676,67450317392,67450317392
2025-06-18 20:22:02,REAL,67450317392,538,67450317930,67450317930
2025-06-18 20:22:04,REAL,67450317930,537,67450318467,67450318467
2025-06-18 20:22:06,REAL,67450318467,537,67450319004,67450319004
2025-06-18 20:22:08,REAL,67450319004,542,67450319546,67450319546
2025-06-18 20:22:10,REAL,67450319546,540,67450320086,67450320086
2025-06-18 20:22:12,REAL,67450320086,540,67450320626,67450320626
2025-06-18 20:22:14,REAL,67450320626,613,67450321239,67450321239
2025-06-18 20:22:16,REAL,67450321239,658,67450321897,67450321897
2025-06-18 20:22:18,REAL,67450321897,596,67450322493,67450322493
2025-06-18 20:22:20,REAL,67450322493,540,67450323033,67450323033
2025-06-18 20:22:22,REAL,67450323033,543,67450323576,67450323576
2025-06-18 20:22:24,REAL,67450323576,538,67450324114,67450324114
2025-06-18 20:22:26,REAL,67450324114,540,67450324654,67450324654
2025-06-18 20:22:28,REAL,67450324654,547,67450325201,67450325201
2025-06-18 20:22:30,REAL,67450325201,616,67450325817,67450325817
2025-06-18 20:22:32,REAL,67450325817,667,67450326484,67450326484
2025-06-18 20:22:34,REAL,67450326484,600,67450327084,67450327084
2025-06-18 20:22:36,REAL,67450327084,592,67450327676,67450327676
2025-06-18 20:22:38,REAL,67450327676,539,67450328215,67450328215
2025-06-18 20:22:40,REAL,67450328215,542,67450328757,67450328757
2025-06-18 20:22:42,REAL,67450328757,547,67450329304,67450329304
2025-06-18 20:22:44,REAL,67450329304,608,67450329912,67450329912
2025-06-18 20:22:46,REAL,67450329912,600,67450330512,67450330512
2025-06-18 20:22:48,REAL,67450330512,541,67450331053,67450331053
2025-06-18 20:22:50,REAL,67450331053,535,67450331588,67450331588
2025-06-18 20:22:52,REAL,67450331588,596,67450332184,67450332184
2025-06-18 20:22:54,REAL,67450332184,542,67450332726,67450332726
2025-06-18 20:22:56,REAL,67450332726,545,67450333271,67450333271
2025-06-18 20:22:58,REAL,67450333271,541,67450333812,67450333812
2025-06-18 20:23:00,REAL,67450333812,614,67450334426,67450334426
2025-06-18 20:23:02,REAL,67450334426,543,67450334969,67450334969
2025-06-18 20:23:04,REAL,67450334969,549,67450335518,67450335518
2025-06-18 20:23:06,REAL,67450335518,593,67450336111,67450336111
2025-06-18 20:23:08,REAL,67450336111,599,67450336710,67450336710
2025-06-18 20:23:10,REAL,67450336710,540,67450337250,67450337250
2025-06-18 20:23:12,REAL,67450337250,539,67450337789,67450337789
2025-06-18 20:23:14,REAL,67450337789,664,67450338453,67450338453
2025-06-18 20:23:16,REAL,67450338453,548,67450339001,67450339001
2025-06-18 20:23:18,REAL,67450339001,546,67450339547,67450339547
2025-06-18 20:23:20,REAL,67450339547,541,67450340088,67450340088
2025-06-18 20:23:22,REAL,67450340088,541,67450340629,67450340629
2025-06-18 20:23:24,REAL,67450340629,602,67450341231,67450341231
2025-06-18 20:23:26,REAL,67450341231,542,67450341773,67450341773
2025-06-18 20:23:28,REAL,67450341773,543,67450342316,67450342316
2025-06-18 20:23:30,REAL,67450342316,617,67450342933,67450342933
2025-06-18 20:23:32,REAL,67450342933,543,67450343476,67450343476
2025-06-18 20:23:34,REAL,67450343476,545,67450344021,67450344021
2025-06-18 20:23:36,REAL,67450344021,544,67450344565,67450344565
2025-06-18 20:23:38,REAL,67450344565,543,67450345108,67450345108
2025-06-18 20:23:40,REAL,67450345108,601,67450345709,67450345709
2025-06-18 20:23:42,REAL,67450345709,593,67450346302,67450346302
2025-06-18 20:23:44,REAL,67450346302,613,67450346915,67450346915
2025-06-18 20:23:46,REAL,67450346915,545,67450347460,67450347460
2025-06-18 20:23:48,REAL,67450347460,538,67450347998,67450347998
2025-06-18 20:23:50,REAL,67450347998,541,67450348539,67450348539
2025-06-18 20:23:52,REAL,67450348539,543,67450349082,67450349082
2025-06-18 20:23:54,REAL,67450349082,531,67450349613,67450349613
2025-06-18 20:23:56,REAL,67450349613,658,67450350271,67450350271
2025-06-18 20:23:58,REAL,67450350271,232452,67450582723,67450582723
2025-06-18 20:24:00,REAL,67450582723,46024,67450628747,67450628747
2025-06-18 20:24:02,REAL,67450628747,29692,67450658439,67450658439
2025-06-18 20:24:04,REAL,67450658439,29087,67450687526,67450687526
2025-06-18 20:24:06,REAL,67450687526,29028,67450716554,67450716554
2025-06-18 20:24:08,REAL,67450716554,29755,67450746309,67450746309
2025-06-18 20:24:10,REAL,67450746309,28731,67450775040,67450775040
2025-06-18 20:24:12,REAL,67450775040,17902,67450792942,67450792942
2025-06-18 20:24:14,REAL,67450792942,621,67450793563,67450793563
2025-06-18 20:24:16,REAL,67450793563,537,67450794100,67450794100
2025-06-18 20:24:18,REAL,67450794100,544,67450794644,67450794644
2025-06-18 20:24:20,REAL,67450794644,544,67450795188,67450795188
2025-06-18 20:24:22,REAL,67450795188,542,67450795730,67450795730
2025-06-18 20:24:24,REAL,67450795730,542,67450796272,67450796272
2025-06-18 20:24:26,REAL,67450796272,593,67450796865,67450796865
2025-06-18 20:24:28,REAL,67450796865,594,67450797459,67450797459
2025-06-18 20:24:30,REAL,67450797459,253848,67451051307,67451051307
2025-06-18 20:24:32,REAL,67451051307,30238,67451081545,67451081545
2025-06-18 20:24:34,REAL,67451081545,29232,67451110777,67451110777
2025-06-18 20:24:36,REAL,67451110777,28836,67451139613,67451139613
2025-06-18 20:24:38,REAL,67451139613,29424,67451169037,67451169037
2025-06-18 20:24:40,REAL,67451169037,29040,67451198077,67451198077
2025-06-18 20:24:42,REAL,67451198077,29306,67451227383,67451227383
2025-06-18 20:24:44,REAL,67451227383,16575,67451243958,67451243958
2025-06-18 20:24:46,REAL,67451243958,616,67451244574,67451244574
2025-06-18 20:24:48,REAL,67451244574,539,67451245113,67451245113
2025-06-18 20:24:50,REAL,67451245113,543,67451245656,67451245656
2025-06-18 20:24:52,REAL,67451245656,542,67451246198,67451246198
2025-06-18 20:24:54,REAL,67451246198,544,67451246742,67451246742
2025-06-18 20:24:56,REAL,67451246742,546,67451247288,67451247288
2025-06-18 20:24:58,REAL,67451247288,598,67451247886,67451247886
2025-06-18 20:25:00,REAL,67451247886,675,67451248561,67451248561
2025-06-18 20:25:02,REAL,67451248561,240362,67451488923,67451488923
2025-06-18 20:25:04,REAL,67451488923,29030,67451517953,67451517953
2025-06-18 20:25:06,REAL,67451517953,28989,67451546942,67451546942
2025-06-18 20:25:08,REAL,67451546942,29126,67451576068,67451576068
2025-06-18 20:25:10,REAL,67451576068,28952,67451605020,67451605020
2025-06-18 20:25:12,REAL,67451605020,29377,67451634397,67451634397
2025-06-18 20:25:14,REAL,67451634397,29293,67451663690,67451663690
2025-06-18 20:25:16,REAL,67451663690,14729,67451678419,67451678419
2025-06-18 20:25:18,REAL,67451678419,540,67451678959,67451678959
2025-06-18 20:25:20,REAL,67451678959,543,67451679502,67451679502
2025-06-18 20:25:22,REAL,67451679502,536,67451680038,67451680038
2025-06-18 20:25:24,REAL,67451680038,549,67451680587,67451680587
2025-06-18 20:25:26,REAL,67451680587,546,67451681133,67451681133
2025-06-18 20:25:28,REAL,67451681133,541,67451681674,67451681674
2025-06-18 20:25:30,REAL,67451681674,674,67451682348,67451682348
2025-06-18 20:25:32,REAL,67451682348,600,67451682948,67451682948
2025-06-18 20:25:34,REAL,67451682948,539,67451683487,67451683487
2025-06-18 20:25:36,REAL,67451683487,589,67451684076,67451684076
2025-06-18 20:25:38,REAL,67451684076,536,67451684612,67451684612
2025-06-18 20:25:40,REAL,67451684612,539,67451685151,67451685151
2025-06-18 20:25:42,REAL,67451685151,537,67451685688,67451685688
2025-06-18 20:25:44,REAL,67451685688,539,67451686227,67451686227
2025-06-18 20:25:46,REAL,67451686227,621,67451686848,67451686848
2025-06-18 20:25:48,REAL,67451686848,603,67451687451,67451687451
2025-06-18 20:25:50,REAL,67451687451,534,67451687985,67451687985
2025-06-18 20:25:52,REAL,67451687985,540,67451688525,67451688525
2025-06-18 20:25:54,REAL,67451688525,543,67451689068,67451689068
2025-06-18 20:25:56,REAL,67451689068,543,67451689611,67451689611
2025-06-18 20:25:58,REAL,67451689611,546,67451690157,67451690157
2025-06-18 20:26:00,REAL,67451690157,614,67451690771,67451690771
2025-06-18 20:26:02,REAL,67451690771,545,67451691316,67451691316
2025-06-18 20:26:04,REAL,67451691316,601,67451691917,67451691917
2025-06-18 20:26:06,REAL,67451691917,546,67451692463,67451692463
2025-06-18 20:26:08,REAL,67451692463,536,67451692999,67451692999
2025-06-18 20:26:10,REAL,67451692999,547,67451693546,67451693546
2025-06-18 20:26:12,REAL,67451693546,543,67451694089,67451694089
2025-06-18 20:26:14,REAL,67451694089,589,67451694678,67451694678
2025-06-18 20:26:16,REAL,67451694678,620,67451695298,67451695298
2025-06-18 20:26:18,REAL,67451695298,537,67451695835,67451695835
2025-06-18 20:26:20,REAL,67451695835,597,67451696432,67451696432
2025-06-18 20:26:22,REAL,67451696432,547,67451696979,67451696979
2025-06-18 20:26:24,REAL,67451696979,536,67451697515,67451697515
2025-06-18 20:26:26,REAL,67451697515,598,67451698113,67451698113
2025-06-18 20:26:28,REAL,67451698113,534,67451698647,67451698647
2025-06-18 20:26:30,REAL,67451698647,612,67451699259,67451699259
2025-06-18 20:26:32,REAL,67451699259,534,67451699793,67451699793
2025-06-18 20:26:34,REAL,67451699793,540,67451700333,67451700333
2025-06-18 20:26:36,REAL,67451700333,595,67451700928,67451700928
2025-06-18 20:26:38,REAL,67451700928,538,67451701466,67451701466
2025-06-18 20:26:40,REAL,67451701466,536,67451702002,67451702002
2025-06-18 20:26:42,REAL,67451702002,542,67451702544,67451702544
2025-06-18 20:26:44,REAL,67451702544,541,67451703085,67451703085
2025-06-18 20:26:46,REAL,67451703085,614,67451703699,67451703699
2025-06-18 20:26:48,REAL,67451703699,540,67451704239,67451704239
2025-06-18 20:26:50,REAL,67451704239,541,67451704780,67451704780
2025-06-18 20:26:52,REAL,67451704780,604,67451705384,67451705384
2025-06-18 20:26:54,REAL,67451705384,540,67451705924,67451705924
2025-06-18 20:26:56,REAL,67451705924,539,67451706463,67451706463
2025-06-18 20:26:58,REAL,67451706463,540,67451707003,67451707003
2025-06-18 20:27:00,REAL,67451707003,664,67451707667,67451707667
2025-06-18 20:27:02,REAL,67451707667,537,67451708204,67451708204
2025-06-18 20:27:04,REAL,67451708204,532,67451708736,67451708736
2025-06-18 20:27:06,REAL,67451708736,543,67451709279,67451709279
2025-06-18 20:27:08,REAL,67451709279,594,67451709873,67451709873
2025-06-18 20:27:10,REAL,67451709873,545,67451710418,67451710418
2025-06-18 20:27:12,REAL,67451710418,537,67451710955,67451710955
2025-06-18 20:27:14,REAL,67451710955,540,67451711495,67451711495
2025-06-18 20:27:16,REAL,67451711495,616,67451712111,67451712111
2025-06-18 20:27:18,REAL,67451712111,598,67451712709,67451712709
2025-06-18 20:27:20,REAL,67451712709,534,67451713243,67451713243
2025-06-18 20:27:22,REAL,67451713243,538,67451713781,67451713781
2025-06-18 20:27:24,REAL,67451713781,66988,67451780769,67451780769
2025-06-18 20:27:26,REAL,67451780769,180150,67451960919,67451960919
2025-06-18 20:27:28,REAL,67451960919,29272,67451990191,67451990191
2025-06-18 20:27:30,REAL,67451990191,28877,67452019068,67452019068
2025-06-18 20:27:32,REAL,67452019068,29664,67452048732,67452048732
2025-06-18 20:27:34,REAL,67452048732,28643,67452077375,67452077375
2025-06-18 20:27:36,REAL,67452077375,29041,67452106416,67452106416
2025-06-18 20:27:38,REAL,67452106416,29035,67452135451,67452135451
2025-06-18 20:27:40,REAL,67452135451,6604,67452142055,67452142055
2025-06-18 20:27:42,REAL,67452142055,541,67452142596,67452142596
2025-06-18 20:27:44,REAL,67452142596,535,67452143131,67452143131
2025-06-18 20:27:46,REAL,67452143131,609,67452143740,67452143740
2025-06-18 20:27:48,REAL,67452143740,540,67452144280,67452144280
2025-06-18 20:27:50,REAL,67452144280,536,67452144816,67452144816
2025-06-18 20:27:52,REAL,67452144816,545,67452145361,67452145361
2025-06-18 20:27:54,REAL,67452145361,541,67452145902,67452145902
2025-06-18 20:27:56,REAL,67452145902,599,67452146501,67452146501
2025-06-18 20:27:58,REAL,67452146501,537,67452147038,67452147038
2025-06-18 20:28:00,REAL,67452147038,539,67452147577,67452147577
2025-06-18 20:28:02,REAL,67452147577,616,67452148193,67452148193
2025-06-18 20:28:04,REAL,67452148193,534,67452148727,67452148727
2025-06-18 20:28:06,REAL,67452148727,541,67452149268,67452149268
2025-06-18 20:28:08,REAL,67452149268,593,67452149861,67452149861
2025-06-18 20:28:10,REAL,67452149861,537,67452150398,67452150398
2025-06-18 20:28:12,REAL,67452150398,662,67452151060,67452151060
2025-06-18 20:28:14,REAL,67452151060,546,67452151606,67452151606
2025-06-18 20:28:16,REAL,67452151606,612,67452152218,67452152218
2025-06-18 20:28:18,REAL,67452152218,540,67452152758,67452152758
2025-06-18 20:28:20,REAL,67452152758,543,67452153301,67452153301
2025-06-18 20:28:22,REAL,67452153301,546,67452153847,67452153847
2025-06-18 20:28:24,REAL,67452153847,534,67452154381,67452154381
2025-06-18 20:28:26,REAL,67452154381,546,67452154927,67452154927
2025-06-18 20:28:28,REAL,67452154927,93838,67452248765,67452248765
2025-06-18 20:28:30,REAL,67452248765,153468,67452402233,67452402233
2025-06-18 20:28:32,REAL,67452402233,29222,67452431455,67452431455
2025-06-18 20:28:34,REAL,67452431455,29190,67452460645,67452460645
2025-06-18 20:28:36,REAL,67452460645,29081,67452489726,67452489726
2025-06-18 20:28:38,REAL,67452489726,29143,67452518869,67452518869
2025-06-18 20:28:40,REAL,67452518869,29653,67452548522,67452548522
2025-06-18 20:28:42,REAL,67452548522,29646,67452578168,67452578168
2025-06-18 20:28:44,REAL,67452578168,2596,67452580764,67452580764
2025-06-18 20:28:46,REAL,67452580764,615,67452581379,67452581379
2025-06-18 20:28:48,REAL,67452581379,548,67452581927,67452581927
2025-06-18 20:28:50,REAL,67452581927,538,67452582465,67452582465
2025-06-18 20:28:52,REAL,67452582465,295,67452582760,67452582760
2025-06-18 20:28:54,REAL,67452582760,540,67452583300,67452583300
2025-06-18 20:28:56,REAL,67452583300,546,67452583846,67452583846
2025-06-18 20:28:58,REAL,67452583846,539,67452584385,67452584385
2025-06-18 20:29:00,REAL,67452584385,146410,67452730795,67452730795
2025-06-18 20:29:02,REAL,67452730795,134320,67452865115,67452865115
2025-06-18 20:29:04,REAL,67452865115,29339,67452894454,67452894454
2025-06-18 20:29:06,REAL,67452894454,29412,67452923866,67452923866
2025-06-18 20:29:08,REAL,67452923866,29599,67452953465,67452953465
2025-06-18 20:29:10,REAL,67452953465,28691,67452982156,67452982156
2025-06-18 20:29:12,REAL,67452982156,29593,67453011749,67453011749
2025-06-18 20:29:14,REAL,67453011749,29332,67453041081,67453041081
2025-06-18 20:29:16,REAL,67453041081,1082,67453042163,67453042163
2025-06-18 20:29:18,REAL,67453042163,547,67453042710,67453042710
2025-06-18 20:29:20,REAL,67453042710,538,67453043248,67453043248
2025-06-18 20:29:22,REAL,67453043248,532,67453043780,67453043780
2025-06-18 20:29:24,REAL,67453043780,541,67453044321,67453044321
2025-06-18 20:29:26,REAL,67453044321,598,67453044919,67453044919
2025-06-18 20:29:28,REAL,67453044919,543,67453045462,67453045462
2025-06-18 20:29:30,REAL,67453045462,530,67453045992,67453045992
2025-06-18 20:29:32,REAL,67453045992,145063,67453191055,67453191055
2025-06-18 20:29:34,REAL,67453191055,131339,67453322394,67453322394
2025-06-18 20:29:36,REAL,67453322394,28733,67453351127,67453351127
2025-06-18 20:29:38,REAL,67453351127,29580,67453380707,67453380707
2025-06-18 20:29:40,REAL,67453380707,29339,67453410046,67453410046
2025-06-18 20:29:42,REAL,67453410046,29201,67453439247,67453439247
2025-06-18 20:29:44,REAL,67453439247,28671,67453467918,67453467918
2025-06-18 20:29:46,REAL,67453467918,28184,67453496102,67453496102
2025-06-18 20:29:48,REAL,67453496102,543,67453496645,67453496645
2025-06-18 20:29:50,REAL,67453496645,539,67453497184,67453497184
2025-06-18 20:29:52,REAL,67453497184,598,67453497782,67453497782
2025-06-18 20:29:54,REAL,67453497782,542,67453498324,67453498324
2025-06-18 20:29:56,REAL,67453498324,544,67453498868,67453498868
2025-06-18 20:29:58,REAL,67453498868,539,67453499407,67453499407
2025-06-18 20:30:00,REAL,67453499407,546,67453499953,67453499953
2025-06-18 20:30:02,REAL,67453499953,681,67453500634,67453500634
2025-06-18 20:30:04,REAL,67453500634,180170,67453680804,67453680804
2025-06-18 20:30:06,REAL,67453680804,109508,67453790312,67453790312
2025-06-18 20:30:08,REAL,67453790312,29168,67453819480,67453819480
2025-06-18 20:30:10,REAL,67453819480,29194,67453848674,67453848674
2025-06-18 20:30:12,REAL,67453848674,28390,67453877064,67453877064
2025-06-18 20:30:14,REAL,67453877064,29791,67453906855,67453906855
2025-06-18 20:30:16,REAL,67453906855,29209,67453936064,67453936064
2025-06-18 20:30:18,REAL,67453936064,25647,67453961711,67453961711
2025-06-18 20:30:20,REAL,67453961711,538,67453962249,67453962249
2025-06-18 20:30:22,REAL,67453962249,538,67453962787,67453962787
2025-06-18 20:30:24,REAL,67453962787,537,67453963324,67453963324
2025-06-18 20:30:26,REAL,67453963324,549,67453963873,67453963873
2025-06-18 20:30:28,REAL,67453963873,542,67453964415,67453964415
2025-06-18 20:30:30,REAL,67453964415,547,67453964962,67453964962
2025-06-18 20:30:32,REAL,67453964962,610,67453965572,67453965572
2025-06-18 20:30:34,REAL,67453965572,591,67453966163,67453966163
2025-06-18 20:30:36,REAL,67453966163,163223,67454129386,67454129386
2025-06-18 20:30:38,REAL,67454129386,95454,67454224840,67454224840
2025-06-18 20:30:40,REAL,67454224840,29070,67454253910,67454253910
2025-06-18 20:30:42,REAL,67454253910,29145,67454283055,67454283055
2025-06-18 20:30:44,REAL,67454283055,28904,67454311959,67454311959
2025-06-18 20:30:46,REAL,67454311959,29458,67454341417,67454341417
2025-06-18 20:30:48,REAL,67454341417,28911,67454370328,67454370328
2025-06-18 20:30:50,REAL,67454370328,23911,67454394239,67454394239
2025-06-18 20:30:52,REAL,67454394239,544,67454394783,67454394783
2025-06-18 20:30:54,REAL,67454394783,540,67454395323,67454395323
2025-06-18 20:30:56,REAL,67454395323,541,67454395864,67454395864
2025-06-18 20:30:58,REAL,67454395864,549,67454396413,67454396413
2025-06-18 20:31:00,REAL,67454396413,538,67454396951,67454396951
2025-06-18 20:31:02,REAL,67454396951,617,67454397568,67454397568
2025-06-18 20:31:04,REAL,67454397568,541,67454398109,67454398109
2025-06-18 20:31:06,REAL,67454398109,604,67454398713,67454398713
2025-06-18 20:31:08,REAL,67454398713,200509,67454599222,67454599222
2025-06-18 20:31:10,REAL,67454599222,88012,67454687234,67454687234
2025-06-18 20:31:12,REAL,67454687234,29075,67454716309,67454716309
2025-06-18 20:31:14,REAL,67454716309,28871,67454745180,67454745180
2025-06-18 20:31:16,REAL,67454745180,29479,67454774659,67454774659
2025-06-18 20:31:18,REAL,67454774659,29323,67454803982,67454803982
2025-06-18 20:31:20,REAL,67454803982,29239,67454833221,67454833221
2025-06-18 20:31:22,REAL,67454833221,22652,67454855873,67454855873
2025-06-18 20:31:24,REAL,67454855873,543,67454856416,67454856416
2025-06-18 20:31:26,REAL,67454856416,536,67454856952,67454856952
2025-06-18 20:31:28,REAL,67454856952,535,67454857487,67454857487
2025-06-18 20:31:30,REAL,67454857487,542,67454858029,67454858029
2025-06-18 20:31:32,REAL,67454858029,617,67454858646,67454858646
2025-06-18 20:31:34,REAL,67454858646,537,67454859183,67454859183
2025-06-18 20:31:36,REAL,67454859183,541,67454859724,67454859724
2025-06-18 20:31:38,REAL,67454859724,658,67454860382,67454860382
2025-06-18 20:31:40,REAL,67454860382,546,67454860928,67454860928
2025-06-18 20:31:42,REAL,67454860928,532,67454861460,67454861460
2025-06-18 20:31:44,REAL,67454861460,587,67454862047,67454862047
2025-06-18 20:31:46,REAL,67454862047,619,67454862666,67454862666
2025-06-18 20:31:48,REAL,67454862666,545,67454863211,67454863211
2025-06-18 20:31:50,REAL,67454863211,539,67454863750,67454863750
2025-06-18 20:31:52,REAL,67454863750,541,67454864291,67454864291
2025-06-18 20:31:54,REAL,67454864291,607,67454864898,67454864898
2025-06-18 20:31:56,REAL,67454864898,544,67454865442,67454865442
2025-06-18 20:31:58,REAL,67454865442,548,67454865990,67454865990
2025-06-18 20:32:00,REAL,67454865990,544,67454866534,67454866534
2025-06-18 20:32:02,REAL,67454866534,611,67454867145,67454867145
2025-06-18 20:32:04,REAL,67454867145,597,67454867742,67454867742
2025-06-18 20:32:06,REAL,67454867742,536,67454868278,67454868278
2025-06-18 20:32:08,REAL,67454868278,539,67454868817,67454868817
2025-06-18 20:32:10,REAL,67454868817,595,67454869412,67454869412
2025-06-18 20:32:12,REAL,67454869412,249655,67455119067,67455119067
2025-06-18 20:32:14,REAL,67455119067,46196,67455165263,67455165263
2025-06-18 20:32:16,REAL,67455165263,29558,67455194821,67455194821
2025-06-18 20:32:18,REAL,67455194821,29198,67455224019,67455224019
2025-06-18 20:32:20,REAL,67455224019,29583,67455253602,67455253602
2025-06-18 20:32:22,REAL,67455253602,28818,67455282420,67455282420
2025-06-18 20:32:24,REAL,67455282420,29245,67455311665,67455311665
2025-06-18 20:32:26,REAL,67455311665,18804,67455330469,67455330469
2025-06-18 20:32:28,REAL,67455330469,597,67455331066,67455331066
2025-06-18 20:32:30,REAL,67455331066,537,67455331603,67455331603
2025-06-18 20:32:32,REAL,67455331603,625,67455332228,67455332228
2025-06-18 20:32:34,REAL,67455332228,542,67455332770,67455332770
2025-06-18 20:32:36,REAL,67455332770,543,67455333313,67455333313
2025-06-18 20:32:38,REAL,67455333313,535,67455333848,67455333848
2025-06-18 20:32:40,REAL,67455333848,532,67455334380,67455334380
2025-06-18 20:32:42,REAL,67455334380,593,67455334973,67455334973
2025-06-18 20:32:44,REAL,67455334973,231330,67455566303,67455566303
2025-06-18 20:32:46,REAL,67455566303,31637,67455597940,67455597940
2025-06-18 20:32:48,REAL,67455597940,29064,67455627004,67455627004
2025-06-18 20:32:50,REAL,67455627004,28558,67455655562,67455655562
2025-06-18 20:32:52,REAL,67455655562,28780,67455684342,67455684342
2025-06-18 20:32:54,REAL,67455684342,29380,67455713722,67455713722
2025-06-18 20:32:56,REAL,67455713722,28863,67455742585,67455742585
2025-06-18 20:32:58,REAL,67455742585,16883,67455759468,67455759468
2025-06-18 20:33:00,REAL,67455759468,542,67455760010,67455760010
2025-06-18 20:33:02,REAL,67455760010,616,67455760626,67455760626
2025-06-18 20:33:04,REAL,67455760626,540,67455761166,67455761166
2025-06-18 20:33:06,REAL,67455761166,533,67455761699,67455761699
2025-06-18 20:33:08,REAL,67455761699,532,67455762231,67455762231
2025-06-18 20:33:10,REAL,67455762231,538,67455762769,67455762769
2025-06-18 20:33:12,REAL,67455762769,546,67455763315,67455763315
2025-06-18 20:33:14,REAL,67455763315,606,67455763921,67455763921
2025-06-18 20:33:16,REAL,67455763921,678,67455764599,67455764599
2025-06-18 20:33:18,REAL,67455764599,540,67455765139,67455765139
2025-06-18 20:33:20,REAL,67455765139,594,67455765733,67455765733
2025-06-18 20:33:22,REAL,67455765733,535,67455766268,67455766268
2025-06-18 20:33:24,REAL,67455766268,542,67455766810,67455766810
2025-06-18 20:33:26,REAL,67455766810,544,67455767354,67455767354
2025-06-18 20:33:28,REAL,67455767354,542,67455767896,67455767896
2025-06-18 20:33:30,REAL,67455767896,605,67455768501,67455768501
2025-06-18 20:33:32,REAL,67455768501,274257,67456042758,67456042758
2025-06-18 20:33:34,REAL,67456042758,29065,67456071823,67456071823
2025-06-18 20:33:36,REAL,67456071823,28860,67456100683,67456100683
2025-06-18 20:33:38,REAL,67456100683,29203,67456129886,67456129886
2025-06-18 20:33:40,REAL,67456129886,29390,67456159276,67456159276
2025-06-18 20:33:42,REAL,67456159276,29440,67456188716,67456188716
2025-06-18 20:33:44,REAL,67456188716,29036,67456217752,67456217752
2025-06-18 20:33:46,REAL,67456217752,14055,67456231807,67456231807
2025-06-18 20:33:48,REAL,67456231807,598,67456232405,67456232405
2025-06-18 20:33:50,REAL,67456232405,661,67456233066,67456233066
2025-06-18 20:33:52,REAL,67456233066,538,67456233604,67456233604
2025-06-18 20:33:54,REAL,67456233604,538,67456234142,67456234142
2025-06-18 20:33:56,REAL,67456234142,543,67456234685,67456234685
2025-06-18 20:33:58,REAL,67456234685,531,67456235216,67456235216
2025-06-18 20:34:00,REAL,67456235216,544,67456235760,67456235760
2025-06-18 20:34:02,REAL,67456235760,678,67456236438,67456236438
2025-06-18 20:34:04,REAL,67456236438,540,67456236978,67456236978
2025-06-18 20:34:06,REAL,67456236978,603,67456237581,67456237581
2025-06-18 20:34:08,REAL,67456237581,598,67456238179,67456238179
2025-06-18 20:34:10,REAL,67456238179,540,67456238719,67456238719
2025-06-18 20:34:12,REAL,67456238719,543,67456239262,67456239262
2025-06-18 20:34:14,REAL,67456239262,540,67456239802,67456239802
2025-06-18 20:34:16,REAL,67456239802,621,67456240423,67456240423
2025-06-18 20:34:18,REAL,67456240423,540,67456240963,67456240963
2025-06-18 20:34:20,REAL,67456240963,538,67456241501,67456241501
2025-06-18 20:34:22,REAL,67456241501,603,67456242104,67456242104
2025-06-18 20:34:24,REAL,67456242104,546,67456242650,67456242650
2025-06-18 20:34:26,REAL,67456242650,533,67456243183,67456243183
2025-06-18 20:34:28,REAL,67456243183,597,67456243780,67456243780
2025-06-18 20:34:30,REAL,67456243780,545,67456244325,67456244325
2025-06-18 20:34:32,REAL,67456244325,620,67456244945,67456244945
2025-06-18 20:34:34,REAL,67456244945,541,67456245486,67456245486
2025-06-18 20:34:36,REAL,67456245486,549,67456246035,67456246035
2025-06-18 20:34:38,REAL,67456246035,591,67456246626,67456246626
2025-06-18 20:34:40,REAL,67456246626,537,67456247163,67456247163
2025-06-18 20:34:42,REAL,67456247163,538,67456247701,67456247701
2025-06-18 20:34:44,REAL,67456247701,596,67456248297,67456248297
2025-06-18 20:34:46,REAL,67456248297,624,67456248921,67456248921
2025-06-18 20:34:48,REAL,67456248921,541,67456249462,67456249462
2025-06-18 20:34:50,REAL,67456249462,540,67456250002,67456250002
2025-06-18 20:34:52,REAL,67456250002,600,67456250602,67456250602
2025-06-18 20:34:54,REAL,67456250602,608,67456251210,67456251210
2025-06-18 20:34:56,REAL,67456251210,605,67456251815,67456251815
2025-06-18 20:34:58,REAL,67456251815,594,67456252409,67456252409
2025-06-18 20:35:00,REAL,67456252409,596,67456253005,67456253005
2025-06-18 20:35:02,REAL,67456253005,611,67456253616,67456253616
2025-06-18 20:35:04,REAL,67456253616,536,67456254152,67456254152
2025-06-18 20:35:06,REAL,67456254152,533,67456254685,67456254685
2025-06-18 20:35:08,REAL,67456254685,531,67456255216,67456255216
2025-06-18 20:35:10,REAL,67456255216,538,67456255754,67456255754
2025-06-18 20:35:12,REAL,67456255754,540,67456256294,67456256294
2025-06-18 20:35:14,REAL,67456256294,540,67456256834,67456256834
2025-06-18 20:35:16,REAL,67456256834,730,67456257564,67456257564
2025-06-18 20:35:18,REAL,67456257564,531,67456258095,67456258095
2025-06-18 20:35:20,REAL,67456258095,539,67456258634,67456258634
2025-06-18 20:35:22,REAL,67456258634,598,67456259232,67456259232
2025-06-18 20:35:24,REAL,67456259232,539,67456259771,67456259771
2025-06-18 20:35:26,REAL,67456259771,549,67456260320,67456260320
2025-06-18 20:35:28,REAL,67456260320,545,67456260865,67456260865
2025-06-18 20:35:30,REAL,67456260865,547,67456261412,67456261412
2025-06-18 20:35:32,REAL,67456261412,684,67456262096,67456262096
2025-06-18 20:35:34,REAL,67456262096,540,67456262636,67456262636
2025-06-18 20:35:36,REAL,67456262636,540,67456263176,67456263176
2025-06-18 20:35:38,REAL,67456263176,535,67456263711,67456263711
2025-06-18 20:35:40,REAL,67456263711,597,67456264308,67456264308
2025-06-18 20:35:42,REAL,67456264308,543,67456264851,67456264851
2025-06-18 20:35:44,REAL,67456264851,542,67456265393,67456265393
2025-06-18 20:35:46,REAL,67456265393,619,67456266012,67456266012
2025-06-18 20:35:48,REAL,67456266012,595,67456266607,67456266607
2025-06-18 20:35:50,REAL,67456266607,541,67456267148,67456267148
2025-06-18 20:35:52,REAL,67456267148,540,67456267688,67456267688
2025-06-18 20:35:54,REAL,67456267688,543,67456268231,67456268231
2025-06-18 20:35:56,REAL,67456268231,540,67456268771,67456268771
2025-06-18 20:35:58,REAL,67456268771,593,67456269364,67456269364
2025-06-18 20:36:00,REAL,67456269364,537,67456269901,67456269901
2025-06-18 20:36:02,REAL,67456269901,617,67456270518,67456270518
2025-06-18 20:36:04,REAL,67456270518,599,67456271117,67456271117
2025-06-18 20:36:06,REAL,67456271117,600,67456271717,67456271717
2025-06-18 20:36:08,REAL,67456271717,543,67456272260,67456272260
2025-06-18 20:36:10,REAL,67456272260,533,67456272793,67456272793
2025-06-18 20:36:12,REAL,67456272793,542,67456273335,67456273335
2025-06-18 20:36:14,REAL,67456273335,543,67456273878,67456273878
2025-06-18 20:36:16,REAL,67456273878,619,67456274497,67456274497
2025-06-18 20:36:18,REAL,67456274497,540,67456275037,67456275037
2025-06-18 20:36:20,REAL,67456275037,607,67456275644,67456275644
2025-06-18 20:36:22,REAL,67456275644,590,67456276234,67456276234
2025-06-18 20:36:24,REAL,67456276234,535,67456276769,67456276769
2025-06-18 20:36:26,REAL,67456276769,543,67456277312,67456277312
2025-06-18 20:36:28,REAL,67456277312,536,67456277848,67456277848
2025-06-18 20:36:30,REAL,67456277848,606,67456278454,67456278454
2025-06-18 20:36:32,REAL,67456278454,621,67456279075,67456279075
2025-06-18 20:36:34,REAL,67456279075,538,67456279613,67456279613
2025-06-18 20:36:36,REAL,67456279613,593,67456280206,67456280206
2025-06-18 20:36:38,REAL,67456280206,543,67456280749,67456280749
2025-06-18 20:36:40,REAL,67456280749,537,67456281286,67456281286
2025-06-18 20:36:42,REAL,67456281286,541,67456281827,67456281827
2025-06-18 20:36:44,REAL,67456281827,538,67456282365,67456282365
2025-06-18 20:36:46,REAL,67456282365,621,67456282986,67456282986
2025-06-18 20:36:48,REAL,67456282986,594,67456283580,67456283580
2025-06-18 20:36:50,REAL,67456283580,546,67456284126,67456284126
2025-06-18 20:36:52,REAL,67456284126,601,67456284727,67456284727
2025-06-18 20:36:54,REAL,67456284727,598,67456285325,67456285325
2025-06-18 20:36:56,REAL,67456285325,542,67456285867,67456285867
2025-06-18 20:36:58,REAL,67456285867,541,67456286408,67456286408
2025-06-18 20:37:00,REAL,67456286408,545,67456286953,67456286953
2025-06-18 20:37:02,REAL,67456286953,623,67456287576,67456287576
2025-06-18 20:37:04,REAL,67456287576,547,67456288123,67456288123
2025-06-18 20:37:06,REAL,67456288123,542,67456288665,67456288665
2025-06-18 20:37:08,REAL,67456288665,601,67456289266,67456289266
2025-06-18 20:37:10,REAL,67456289266,540,67456289806,67456289806
2025-06-18 20:37:12,REAL,67456289806,595,67456290401,67456290401
2025-06-18 20:37:14,REAL,67456290401,536,67456290937,67456290937
2025-06-18 20:37:16,REAL,67456290937,605,67456291542,67456291542
2025-06-18 20:37:18,REAL,67456291542,587,67456292129,67456292129
2025-06-18 20:37:20,REAL,67456292129,609,67456292738,67456292738
2025-06-18 20:37:22,REAL,67456292738,543,67456293281,67456293281
2025-06-18 20:37:24,REAL,67456293281,668,67456293949,67456293949
2025-06-18 20:37:26,REAL,67456293949,532,67456294481,67456294481
2025-06-18 20:37:28,REAL,67456294481,536,67456295017,67456295017
2025-06-18 20:37:30,REAL,67456295017,540,67456295557,67456295557
2025-06-18 20:37:32,REAL,67456295557,616,67456296173,67456296173
2025-06-18 20:37:34,REAL,67456296173,547,67456296720,67456296720
2025-06-18 20:37:36,REAL,67456296720,593,67456297313,67456297313
2025-06-18 20:37:38,REAL,67456297313,538,67456297851,67456297851
2025-06-18 20:37:40,REAL,67456297851,595,67456298446,67456298446
2025-06-18 20:37:42,REAL,67456298446,536,67456298982,67456298982
2025-06-18 20:37:44,REAL,67456298982,535,67456299517,67456299517
2025-06-18 20:37:46,REAL,67456299517,620,67456300137,67456300137
2025-06-18 20:37:48,REAL,67456300137,545,67456300682,67456300682
2025-06-18 20:37:50,REAL,67456300682,535,67456301217,67456301217
2025-06-18 20:37:52,REAL,67456301217,542,67456301759,67456301759
2025-06-18 20:37:54,REAL,67456301759,540,67456302299,67456302299
2025-06-18 20:37:56,REAL,67456302299,148104,67456450403,67456450403
2025-06-18 20:37:58,REAL,67456450403,154129,67456604532,67456604532
2025-06-18 20:38:00,REAL,67456604532,29188,67456633720,67456633720
2025-06-18 20:38:02,REAL,67456633720,29446,67456663166,67456663166
2025-06-18 20:38:04,REAL,67456663166,28631,67456691797,67456691797
2025-06-18 20:38:06,REAL,67456691797,28686,67456720483,67456720483
2025-06-18 20:38:08,REAL,67456720483,29355,67456749838,67456749838
2025-06-18 20:38:10,REAL,67456749838,27820,67456777658,67456777658
2025-06-18 20:38:12,REAL,67456777658,540,67456778198,67456778198
2025-06-18 20:38:14,REAL,67456778198,530,67456778728,67456778728
2025-06-18 20:38:16,REAL,67456778728,548,67456779276,67456779276
2025-06-18 20:38:18,REAL,67456779276,611,67456779887,67456779887
2025-06-18 20:38:20,REAL,67456779887,587,67456780474,67456780474
2025-06-18 20:38:22,REAL,67456780474,542,67456781016,67456781016
2025-06-18 20:38:24,REAL,67456781016,540,67456781556,67456781556
2025-06-18 20:38:26,REAL,67456781556,605,67456782161,67456782161
2025-06-18 20:38:28,REAL,67456782161,166282,67456948443,67456948443
2025-06-18 20:38:30,REAL,67456948443,103823,67457052266,67457052266
2025-06-18 20:38:32,REAL,67457052266,29136,67457081402,67457081402
2025-06-18 20:38:34,REAL,67457081402,28384,67457109786,67457109786
2025-06-18 20:38:36,REAL,67457109786,28817,67457138603,67457138603
2025-06-18 20:38:38,REAL,67457138603,29021,67457167624,67457167624
2025-06-18 20:38:40,REAL,67457167624,29333,67457196957,67457196957
2025-06-18 20:38:42,REAL,67457196957,25757,67457222714,67457222714
2025-06-18 20:38:44,REAL,67457222714,533,67457223247,67457223247
2025-06-18 20:38:46,REAL,67457223247,539,67457223786,67457223786
2025-06-18 20:38:48,REAL,67457223786,611,67457224397,67457224397
2025-06-18 20:38:50,REAL,67457224397,537,67457224934,67457224934
2025-06-18 20:38:52,REAL,67457224934,602,67457225536,67457225536
2025-06-18 20:38:54,REAL,67457225536,531,67457226067,67457226067
2025-06-18 20:38:56,REAL,67457226067,534,67457226601,67457226601
2025-06-18 20:38:58,REAL,67457226601,599,67457227200,67457227200
2025-06-18 20:39:00,REAL,67457227200,190622,67457417822,67457417822
2025-06-18 20:39:02,REAL,67457417822,90775,67457508597,67457508597
2025-06-18 20:39:04,REAL,67457508597,28801,67457537398,67457537398
2025-06-18 20:39:06,REAL,67457537398,29725,67457567123,67457567123
2025-06-18 20:39:08,REAL,67457567123,29181,67457596304,67457596304
2025-06-18 20:39:10,REAL,67457596304,29536,67457625840,67457625840
2025-06-18 20:39:12,REAL,67457625840,29335,67457655175,67457655175
2025-06-18 20:39:14,REAL,67457655175,23836,67457679011,67457679011
2025-06-18 20:39:16,REAL,67457679011,603,67457679614,67457679614
2025-06-18 20:39:18,REAL,67457679614,613,67457680227,67457680227
2025-06-18 20:39:20,REAL,67457680227,544,67457680771,67457680771
2025-06-18 20:39:22,REAL,67457680771,599,67457681370,67457681370
2025-06-18 20:39:24,REAL,67457681370,541,67457681911,67457681911
2025-06-18 20:39:26,REAL,67457681911,537,67457682448,67457682448
2025-06-18 20:39:28,REAL,67457682448,541,67457682989,67457682989
2025-06-18 20:39:30,REAL,67457682989,603,67457683592,67457683592
2025-06-18 20:39:32,REAL,67457683592,197137,67457880729,67457880729
2025-06-18 20:39:34,REAL,67457880729,79552,67457960281,67457960281
2025-06-18 20:39:36,REAL,67457960281,28884,67457989165,67457989165
2025-06-18 20:39:38,REAL,67457989165,29773,67458018938,67458018938
2025-06-18 20:39:40,REAL,67458018938,28934,67458047872,67458047872
2025-06-18 20:39:42,REAL,67458047872,28764,67458076636,67458076636
2025-06-18 20:39:44,REAL,67458076636,29294,67458105930,67458105930
2025-06-18 20:39:46,REAL,67458105930,22007,67458127937,67458127937
2025-06-18 20:39:48,REAL,67458127937,615,67458128552,67458128552
2025-06-18 20:39:50,REAL,67458128552,548,67458129100,67458129100
2025-06-18 20:39:52,REAL,67458129100,536,67458129636,67458129636
2025-06-18 20:39:54,REAL,67458129636,654,67458130290,67458130290
2025-06-18 20:39:56,REAL,67458130290,537,67458130827,67458130827
2025-06-18 20:39:58,REAL,67458130827,535,67458131362,67458131362
2025-06-18 20:40:00,REAL,67458131362,534,67458131896,67458131896
2025-06-18 20:40:02,REAL,67458131896,674,67458132570,67458132570
2025-06-18 20:40:04,REAL,67458132570,227023,67458359593,67458359593
2025-06-18 20:40:06,REAL,67458359593,69117,67458428710,67458428710
2025-06-18 20:40:08,REAL,67458428710,29616,67458458326,67458458326
2025-06-18 20:40:10,REAL,67458458326,28849,67458487175,67458487175
2025-06-18 20:40:12,REAL,67458487175,28806,67458515981,67458515981
2025-06-18 20:40:14,REAL,67458515981,28792,67458544773,67458544773
2025-06-18 20:40:16,REAL,67458544773,29208,67458573981,67458573981
2025-06-18 20:40:18,REAL,67458573981,20587,67458594568,67458594568
2025-06-18 20:40:20,REAL,67458594568,535,67458595103,67458595103
2025-06-18 20:40:22,REAL,67458595103,542,67458595645,67458595645
2025-06-18 20:40:24,REAL,67458595645,532,67458596177,67458596177
2025-06-18 20:40:26,REAL,67458596177,602,67458596779,67458596779
2025-06-18 20:40:28,REAL,67458596779,534,67458597313,67458597313
2025-06-18 20:40:30,REAL,67458597313,546,67458597859,67458597859
2025-06-18 20:40:32,REAL,67458597859,615,67458598474,67458598474
2025-06-18 20:40:34,REAL,67458598474,646,67458599120,67458599120
2025-06-18 20:40:36,REAL,67458599120,247422,67458846542,67458846542
2025-06-18 20:40:38,REAL,67458846542,46645,67458893187,67458893187
2025-06-18 20:40:40,REAL,67458893187,29024,67458922211,67458922211
2025-06-18 20:40:42,REAL,67458922211,28932,67458951143,67458951143
2025-06-18 20:40:44,REAL,67458951143,29293,67458980436,67458980436
2025-06-18 20:40:46,REAL,67458980436,29086,67459009522,67459009522
2025-06-18 20:40:48,REAL,67459009522,28924,67459038446,67459038446
2025-06-18 20:40:50,REAL,67459038446,18446,67459056892,67459056892
2025-06-18 20:40:52,REAL,67459056892,592,67459057484,67459057484
2025-06-18 20:40:54,REAL,67459057484,594,67459058078,67459058078
2025-06-18 20:40:56,REAL,67459058078,599,67459058677,67459058677
2025-06-18 20:40:58,REAL,67459058677,590,67459059267,67459059267
2025-06-18 20:41:00,REAL,67459059267,540,67459059807,67459059807
2025-06-18 20:41:02,REAL,67459059807,542,67459060349,67459060349
2025-06-18 20:41:04,REAL,67459060349,619,67459060968,67459060968
2025-06-18 20:41:06,REAL,67459060968,542,67459061510,67459061510
2025-06-18 20:41:08,REAL,67459061510,537,67459062047,67459062047
2025-06-18 20:41:10,REAL,67459062047,540,67459062587,67459062587
2025-06-18 20:41:12,REAL,67459062587,655,67459063242,67459063242
2025-06-18 20:41:14,REAL,67459063242,541,67459063783,67459063783
2025-06-18 20:41:16,REAL,67459063783,536,67459064319,67459064319
2025-06-18 20:41:18,REAL,67459064319,616,67459064935,67459064935
2025-06-18 20:41:20,REAL,67459064935,591,67459065526,67459065526
2025-06-18 20:41:22,REAL,67459065526,544,67459066070,67459066070
2025-06-18 20:41:24,REAL,67459066070,540,67459066610,67459066610
2025-06-18 20:41:26,REAL,67459066610,546,67459067156,67459067156
2025-06-18 20:41:28,REAL,67459067156,114951,67459182107,67459182107
2025-06-18 20:41:30,REAL,67459182107,143181,67459325288,67459325288
2025-06-18 20:41:32,REAL,67459325288,29109,67459354397,67459354397
2025-06-18 20:41:34,REAL,67459354397,29256,67459383653,67459383653
2025-06-18 20:41:36,REAL,67459383653,28756,67459412409,67459412409
2025-06-18 20:41:38,REAL,67459412409,29021,67459441430,67459441430
2025-06-18 20:41:40,REAL,67459441430,29194,67459470624,67459470624
2025-06-18 20:41:42,REAL,67459470624,29429,67459500053,67459500053
2025-06-18 20:41:44,REAL,67459500053,1887,67459501940,67459501940
2025-06-18 20:41:46,REAL,67459501940,544,67459502484,67459502484
2025-06-18 20:41:48,REAL,67459502484,664,67459503148,67459503148
2025-06-18 20:41:50,REAL,67459503148,588,67459503736,67459503736
2025-06-18 20:41:52,REAL,67459503736,537,67459504273,67459504273
2025-06-18 20:41:54,REAL,67459504273,530,67459504803,67459504803
2025-06-18 20:41:56,REAL,67459504803,540,67459505343,67459505343
2025-06-18 20:41:58,REAL,67459505343,537,67459505880,67459505880
2025-06-18 20:42:00,REAL,67459505880,598,67459506478,67459506478
2025-06-18 20:42:02,REAL,67459506478,534,67459507012,67459507012
2025-06-18 20:42:04,REAL,67459507012,611,67459507623,67459507623
2025-06-18 20:42:06,REAL,67459507623,544,67459508167,67459508167
2025-06-18 20:42:08,REAL,67459508167,534,67459508701,67459508701
2025-06-18 20:42:10,REAL,67459508701,595,67459509296,67459509296
2025-06-18 20:42:12,REAL,67459509296,545,67459509841,67459509841
2025-06-18 20:42:14,REAL,67459509841,544,67459510385,67459510385
2025-06-18 20:42:16,REAL,67459510385,602,67459510987,67459510987
2025-06-18 20:42:18,REAL,67459510987,623,67459511610,67459511610
2025-06-18 20:42:20,REAL,67459511610,543,67459512153,67459512153
2025-06-18 20:42:22,REAL,67459512153,544,67459512697,67459512697
2025-06-18 20:42:24,REAL,67459512697,543,67459513240,67459513240
2025-06-18 20:42:26,REAL,67459513240,535,67459513775,67459513775
2025-06-18 20:42:28,REAL,67459513775,536,67459514311,67459514311
2025-06-18 20:42:30,REAL,67459514311,714,67459515025,67459515025
2025-06-18 20:42:32,REAL,67459515025,164408,67459679433,67459679433
2025-06-18 20:42:34,REAL,67459679433,130260,67459809693,67459809693
2025-06-18 20:42:36,REAL,67459809693,29171,67459838864,67459838864
2025-06-18 20:42:38,REAL,67459838864,28820,67459867684,67459867684
2025-06-18 20:42:40,REAL,67459867684,29501,67459897185,67459897185
2025-06-18 20:42:42,REAL,67459897185,29323,67459926508,67459926508
2025-06-18 20:42:44,REAL,67459926508,29086,67459955594,67459955594
2025-06-18 20:42:46,REAL,67459955594,26654,67459982248,67459982248
2025-06-18 20:42:48,REAL,67459982248,617,67459982865,67459982865
2025-06-18 20:42:50,REAL,67459982865,540,67459983405,67459983405
2025-06-18 20:42:52,REAL,67459983405,592,67459983997,67459983997
2025-06-18 20:42:54,REAL,67459983997,538,67459984535,67459984535
2025-06-18 20:42:56,REAL,67459984535,531,67459985066,67459985066
2025-06-18 20:42:58,REAL,67459985066,549,67459985615,67459985615
2025-06-18 20:43:00,REAL,67459985615,540,67459986155,67459986155
2025-06-18 20:43:02,REAL,67459986155,602,67459986757,67459986757
2025-06-18 20:43:04,REAL,67459986757,675,67459987432,67459987432
2025-06-18 20:43:06,REAL,67459987432,606,67459988038,67459988038
2025-06-18 20:43:08,REAL,67459988038,595,67459988633,67459988633
2025-06-18 20:43:10,REAL,67459988633,533,67459989166,67459989166
2025-06-18 20:43:12,REAL,67459989166,550,67459989716,67459989716
2025-06-18 20:43:14,REAL,67459989716,591,67459990307,67459990307
2025-06-18 20:43:16,REAL,67459990307,548,67459990855,67459990855
2025-06-18 20:43:18,REAL,67459990855,666,67459991521,67459991521
2025-06-18 20:43:20,REAL,67459991521,537,67459992058,67459992058
2025-06-18 20:43:22,REAL,67459992058,539,67459992597,67459992597
2025-06-18 20:43:24,REAL,67459992597,47990,67460040587,67460040587
2025-06-18 20:43:26,REAL,67460040587,232035,67460272622,67460272622
2025-06-18 20:43:28,REAL,67460272622,28868,67460301490,67460301490
2025-06-18 20:43:30,REAL,67460301490,29634,67460331124,67460331124
2025-06-18 20:43:32,REAL,67460331124,29011,67460360135,67460360135
2025-06-18 20:43:34,REAL,67460360135,29544,67460389679,67460389679
2025-06-18 20:43:36,REAL,67460389679,29063,67460418742,67460418742
2025-06-18 20:43:38,REAL,67460418742,29001,67460447743,67460447743
2025-06-18 20:43:40,REAL,67460447743,9657,67460457400,67460457400
2025-06-18 20:43:42,REAL,67460457400,542,67460457942,67460457942
2025-06-18 20:43:44,REAL,67460457942,545,67460458487,67460458487
2025-06-18 20:43:46,REAL,67460458487,603,67460459090,67460459090
2025-06-18 20:43:48,REAL,67460459090,614,67460459704,67460459704
2025-06-18 20:43:50,REAL,67460459704,545,67460460249,67460460249
2025-06-18 20:43:52,REAL,67460460249,537,67460460786,67460460786
2025-06-18 20:43:54,REAL,67460460786,538,67460461324,67460461324
2025-06-18 20:43:56,REAL,67460461324,61169,67460522493,67460522493
2025-06-18 20:43:58,REAL,67460522493,183070,67460705563,67460705563
2025-06-18 20:44:00,REAL,67460705563,29040,67460734603,67460734603
2025-06-18 20:44:02,REAL,67460734603,29253,67460763856,67460763856
2025-06-18 20:44:04,REAL,67460763856,29706,67460793562,67460793562
2025-06-18 20:44:06,REAL,67460793562,29140,67460822702,67460822702
2025-06-18 20:44:08,REAL,67460822702,28841,67460851543,67460851543
2025-06-18 20:44:10,REAL,67460851543,29471,67460881014,67460881014
2025-06-18 20:44:12,REAL,67460881014,7767,67460888781,67460888781
2025-06-18 20:44:14,REAL,67460888781,533,67460889314,67460889314
2025-06-18 20:44:16,REAL,67460889314,536,67460889850,67460889850
2025-06-18 20:44:18,REAL,67460889850,668,67460890518,67460890518
2025-06-18 20:44:20,REAL,67460890518,542,67460891060,67460891060
2025-06-18 20:44:22,REAL,67460891060,535,67460891595,67460891595
2025-06-18 20:44:24,REAL,67460891595,545,67460892140,67460892140
2025-06-18 20:44:26,REAL,67460892140,542,67460892682,67460892682
2025-06-18 20:44:28,REAL,67460892682,600,67460893282,67460893282
2025-06-18 20:44:30,REAL,67460893282,532,67460893814,67460893814
2025-06-18 20:44:32,REAL,67460893814,549,67460894363,67460894363
2025-06-18 20:44:34,REAL,67460894363,617,67460894980,67460894980
2025-06-18 20:44:36,REAL,67460894980,537,67460895517,67460895517
2025-06-18 20:44:38,REAL,67460895517,592,67460896109,67460896109
2025-06-18 20:44:40,REAL,67460896109,537,67460896646,67460896646
2025-06-18 20:44:42,REAL,67460896646,537,67460897183,67460897183
2025-06-18 20:44:44,REAL,67460897183,597,67460897780,67460897780
2025-06-18 20:44:46,REAL,67460897780,546,67460898326,67460898326
2025-06-18 20:44:48,REAL,67460898326,621,67460898947,67460898947
2025-06-18 20:44:50,REAL,67460898947,547,67460899494,67460899494
2025-06-18 20:44:52,REAL,67460899494,537,67460900031,67460900031
2025-06-18 20:44:54,REAL,67460900031,539,67460900570,67460900570
2025-06-18 20:44:56,REAL,67460900570,532,67460901102,67460901102
2025-06-18 20:44:58,REAL,67460901102,538,67460901640,67460901640
2025-06-18 20:45:00,REAL,67460901640,93600,67460995240,67460995240
2025-06-18 20:45:02,REAL,67460995240,177381,67461172621,67461172621
2025-06-18 20:45:04,REAL,67461172621,29550,67461202171,67461202171
2025-06-18 20:45:06,REAL,67461202171,29282,67461231453,67461231453
2025-06-18 20:45:08,REAL,67461231453,29180,67461260633,67461260633
2025-06-18 20:45:10,REAL,67461260633,28944,67461289577,67461289577
2025-06-18 20:45:12,REAL,67461289577,29365,67461318942,67461318942
2025-06-18 20:45:14,REAL,67461318942,29469,67461348411,67461348411
2025-06-18 20:45:16,REAL,67461348411,4043,67461352454,67461352454
2025-06-18 20:45:18,REAL,67461352454,609,67461353063,67461353063
2025-06-18 20:45:20,REAL,67461353063,542,67461353605,67461353605
2025-06-18 20:45:22,REAL,67461353605,598,67461354203,67461354203
2025-06-18 20:45:24,REAL,67461354203,540,67461354743,67461354743
2025-06-18 20:45:26,REAL,67461354743,532,67461355275,67461355275
2025-06-18 20:45:28,REAL,67461355275,546,67461355821,67461355821
2025-06-18 20:45:30,REAL,67461355821,541,67461356362,67461356362
2025-06-18 20:45:32,REAL,67461356362,596,67461356958,67461356958
2025-06-18 20:45:34,REAL,67461356958,615,67461357573,67461357573
2025-06-18 20:45:36,REAL,67461357573,535,67461358108,67461358108
2025-06-18 20:45:38,REAL,67461358108,537,67461358645,67461358645
2025-06-18 20:45:40,REAL,67461358645,536,67461359181,67461359181
2025-06-18 20:45:42,REAL,67461359181,589,67461359770,67461359770
2025-06-18 20:45:44,REAL,67461359770,531,67461360301,67461360301
2025-06-18 20:45:46,REAL,67461360301,543,67461360844,67461360844
2025-06-18 20:45:48,REAL,67461360844,438,67461361282,67461361282
2025-06-18 20:45:50,REAL,67461361282,542,67461361824,67461361824
2025-06-18 20:45:52,REAL,67461361824,601,67461362425,67461362425
2025-06-18 20:45:54,REAL,67461362425,536,67461362961,67461362961
2025-06-18 20:45:56,REAL,67461362961,542,67461363503,67461363503
2025-06-18 20:45:58,REAL,67461363503,536,67461364039,67461364039
2025-06-18 20:46:00,REAL,67461364039,538,67461364577,67461364577
2025-06-18 20:46:02,REAL,67461364577,544,67461365121,67461365121
2025-06-18 20:46:04,REAL,67461365121,137676,67461502797,67461502797
2025-06-18 20:46:06,REAL,67461502797,151698,67461654495,67461654495
2025-06-18 20:46:08,REAL,67461654495,29625,67461684120,67461684120
2025-06-18 20:46:10,REAL,67461684120,28697,67461712817,67461712817
2025-06-18 20:46:12,REAL,67461712817,29393,67461742210,67461742210
2025-06-18 20:46:14,REAL,67461742210,29062,67461771272,67461771272
2025-06-18 20:46:16,REAL,67461771272,29486,67461800758,67461800758
2025-06-18 20:46:18,REAL,67461800758,29406,67461830164,67461830164
2025-06-18 20:46:20,REAL,67461830164,658,67461830822,67461830822
2025-06-18 20:46:22,REAL,67461830822,602,67461831424,67461831424
2025-06-18 20:46:24,REAL,67461831424,669,67461832093,67461832093
2025-06-18 20:46:26,REAL,67461832093,260819,67462092912,67462092912
2025-06-18 20:46:28,REAL,67462092912,25281,67462118193,67462118193
2025-06-18 20:46:30,REAL,67462118193,28862,67462147055,67462147055
2025-06-18 20:46:32,REAL,67462147055,29040,67462176095,67462176095
2025-06-18 20:46:34,REAL,67462176095,29285,67462205380,67462205380
2025-06-18 20:46:36,REAL,67462205380,29260,67462234640,67462234640
2025-06-18 20:46:38,REAL,67462234640,29491,67462264131,67462264131
2025-06-18 20:46:40,REAL,67462264131,13607,67462277738,67462277738
2025-06-18 20:46:42,REAL,67462277738,596,67462278334,67462278334
2025-06-18 20:46:44,REAL,67462278334,545,67462278879,67462278879
2025-06-18 20:46:46,REAL,67462278879,543,67462279422,67462279422
2025-06-18 20:46:48,REAL,67462279422,622,67462280044,67462280044
2025-06-18 20:46:50,REAL,67462280044,541,67462280585,67462280585
2025-06-18 20:46:52,REAL,67462280585,535,67462281120,67462281120
2025-06-18 20:46:54,REAL,67462281120,544,67462281664,67462281664
2025-06-18 20:46:56,REAL,67462281664,16710,67462298374,67462298374
2025-06-18 20:46:58,REAL,67462298374,243301,67462541675,67462541675
2025-06-18 20:47:00,REAL,67462541675,28908,67462570583,67462570583
2025-06-18 20:47:02,REAL,67462570583,28850,67462599433,67462599433
2025-06-18 20:47:04,REAL,67462599433,29545,67462628978,67462628978
2025-06-18 20:47:06,REAL,67462628978,29151,67462658129,67462658129
2025-06-18 20:47:08,REAL,67462658129,29430,67462687559,67462687559
2025-06-18 20:47:10,REAL,67462687559,29450,67462717009,67462717009
2025-06-18 20:47:12,REAL,67462717009,11655,67462728664,67462728664
2025-06-18 20:47:14,REAL,67462728664,547,67462729211,67462729211
2025-06-18 20:47:16,REAL,67462729211,539,67462729750,67462729750
2025-06-18 20:47:18,REAL,67462729750,614,67462730364,67462730364
2025-06-18 20:47:20,REAL,67462730364,541,67462730905,67462730905
2025-06-18 20:47:22,REAL,67462730905,544,67462731449,67462731449
2025-06-18 20:47:24,REAL,67462731449,548,67462731997,67462731997
2025-06-18 20:47:26,REAL,67462731997,540,67462732537,67462732537
2025-06-18 20:47:28,REAL,67462732537,599,67462733136,67462733136
2025-06-18 20:47:30,REAL,67462733136,543,67462733679,67462733679
2025-06-18 20:47:32,REAL,67462733679,549,67462734228,67462734228
2025-06-18 20:47:34,REAL,67462734228,677,67462734905,67462734905
2025-06-18 20:47:36,REAL,67462734905,545,67462735450,67462735450
2025-06-18 20:47:38,REAL,67462735450,595,67462736045,67462736045
2025-06-18 20:47:40,REAL,67462736045,543,67462736588,67462736588
2025-06-18 20:47:42,REAL,67462736588,540,67462737128,67462737128
2025-06-18 20:47:44,REAL,67462737128,598,67462737726,67462737726
2025-06-18 20:47:46,REAL,67462737726,538,67462738264,67462738264
2025-06-18 20:47:48,REAL,67462738264,609,67462738873,67462738873
2025-06-18 20:47:50,REAL,67462738873,545,67462739418,67462739418
2025-06-18 20:47:52,REAL,67462739418,540,67462739958,67462739958
2025-06-18 20:47:54,REAL,67462739958,541,67462740499,67462740499
2025-06-18 20:47:56,REAL,67462740499,537,67462741036,67462741036
2025-06-18 20:47:58,REAL,67462741036,538,67462741574,67462741574
2025-06-18 20:48:00,REAL,67462741574,609,67462742183,67462742183
2025-06-18 20:48:02,REAL,67462742183,538,67462742721,67462742721
2025-06-18 20:48:04,REAL,67462742721,617,67462743338,67462743338
2025-06-18 20:48:06,REAL,67462743338,532,67462743870,67462743870
2025-06-18 20:48:08,REAL,67462743870,530,67462744400,67462744400
2025-06-18 20:48:10,REAL,67462744400,542,67462744942,67462744942
2025-06-18 20:48:12,REAL,67462744942,538,67462745480,67462745480
2025-06-18 20:48:14,REAL,67462745480,545,67462746025,67462746025
2025-06-18 20:48:16,REAL,67462746025,606,67462746631,67462746631
2025-06-18 20:48:18,REAL,67462746631,621,67462747252,67462747252
2025-06-18 20:48:20,REAL,67462747252,652,67462747904,67462747904
2025-06-18 20:48:22,REAL,67462747904,534,67462748438,67462748438
2025-06-18 20:48:24,REAL,67462748438,536,67462748974,67462748974
2025-06-18 20:48:26,REAL,67462748974,538,67462749512,67462749512
2025-06-18 20:48:28,REAL,67462749512,540,67462750052,67462750052
2025-06-18 20:48:30,REAL,67462750052,537,67462750589,67462750589
2025-06-18 20:48:32,REAL,67462750589,596,67462751185,67462751185
2025-06-18 20:48:34,REAL,67462751185,611,67462751796,67462751796
2025-06-18 20:48:36,REAL,67462751796,539,67462752335,67462752335
2025-06-18 20:48:38,REAL,67462752335,546,67462752881,67462752881
2025-06-18 20:48:40,REAL,67462752881,544,67462753425,67462753425
2025-06-18 20:48:42,REAL,67462753425,540,67462753965,67462753965
2025-06-18 20:48:44,REAL,67462753965,542,67462754507,67462754507
2025-06-18 20:48:46,REAL,67462754507,542,67462755049,67462755049
2025-06-18 20:48:48,REAL,67462755049,79631,67462834680,67462834680
2025-06-18 20:48:50,REAL,67462834680,175715,67463010395,67463010395
2025-06-18 20:48:52,REAL,67463010395,29019,67463039414,67463039414
2025-06-18 20:48:54,REAL,67463039414,28256,67463067670,67463067670
2025-06-18 20:48:56,REAL,67463067670,29062,67463096732,67463096732
2025-06-18 20:48:58,REAL,67463096732,28890,67463125622,67463125622
2025-06-18 20:49:00,REAL,67463125622,29160,67463154782,67463154782
2025-06-18 20:49:02,REAL,67463154782,29453,67463184235,67463184235
2025-06-18 20:49:04,REAL,67463184235,5387,67463189622,67463189622
2025-06-18 20:49:06,REAL,67463189622,543,67463190165,67463190165
2025-06-18 20:49:08,REAL,67463190165,598,67463190763,67463190763
2025-06-18 20:49:10,REAL,67463190763,535,67463191298,67463191298
2025-06-18 20:49:12,REAL,67463191298,549,67463191847,67463191847
2025-06-18 20:49:14,REAL,67463191847,533,67463192380,67463192380
2025-06-18 20:49:16,REAL,67463192380,547,67463192927,67463192927
2025-06-18 20:49:18,REAL,67463192927,545,67463193472,67463193472
2025-06-18 20:49:20,REAL,67463193472,684,67463194156,67463194156
2025-06-18 20:49:22,REAL,67463194156,543,67463194699,67463194699
2025-06-18 20:49:24,REAL,67463194699,542,67463195241,67463195241
2025-06-18 20:49:26,REAL,67463195241,542,67463195783,67463195783
2025-06-18 20:49:28,REAL,67463195783,539,67463196322,67463196322
2025-06-18 20:49:30,REAL,67463196322,545,67463196867,67463196867
2025-06-18 20:49:32,REAL,67463196867,588,67463197455,67463197455
2025-06-18 20:49:34,REAL,67463197455,610,67463198065,67463198065
2025-06-18 20:49:36,REAL,67463198065,595,67463198660,67463198660
2025-06-18 20:49:38,REAL,67463198660,540,67463199200,67463199200
2025-06-18 20:49:40,REAL,67463199200,539,67463199739,67463199739
2025-06-18 20:49:42,REAL,67463199739,533,67463200272,67463200272
2025-06-18 20:49:44,REAL,67463200272,538,67463200810,67463200810
2025-06-18 20:49:46,REAL,67463200810,541,67463201351,67463201351
2025-06-18 20:49:48,REAL,67463201351,535,67463201886,67463201886
2025-06-18 20:49:50,REAL,67463201886,619,67463202505,67463202505
2025-06-18 20:49:52,REAL,67463202505,600,67463203105,67463203105
2025-06-18 20:49:54,REAL,67463203105,604,67463203709,67463203709
2025-06-18 20:49:56,REAL,67463203709,543,67463204252,67463204252
2025-06-18 20:49:58,REAL,67463204252,550,67463204802,67463204802
2025-06-18 20:50:00,REAL,67463204802,548,67463205350,67463205350
2025-06-18 20:50:02,REAL,67463205350,537,67463205887,67463205887
2025-06-18 20:50:04,REAL,67463205887,616,67463206503,67463206503
2025-06-18 20:50:06,REAL,67463206503,542,67463207045,67463207045
2025-06-18 20:50:08,REAL,67463207045,603,67463207648,67463207648
2025-06-18 20:50:10,REAL,67463207648,538,67463208186,67463208186
2025-06-18 20:50:12,REAL,67463208186,539,67463208725,67463208725
2025-06-18 20:50:14,REAL,67463208725,591,67463209316,67463209316
2025-06-18 20:50:16,REAL,67463209316,544,67463209860,67463209860
2025-06-18 20:50:18,REAL,67463209860,543,67463210403,67463210403
2025-06-18 20:50:20,REAL,67463210403,613,67463211016,67463211016
2025-06-18 20:50:22,REAL,67463211016,542,67463211558,67463211558
2025-06-18 20:50:24,REAL,67463211558,654,67463212212,67463212212
2025-06-18 20:50:26,REAL,67463212212,608,67463212820,67463212820
2025-06-18 20:50:28,REAL,67463212820,598,67463213418,67463213418
2025-06-18 20:50:30,REAL,67463213418,540,67463213958,67463213958
2025-06-18 20:50:32,REAL,67463213958,532,67463214490,67463214490
2025-06-18 20:50:34,REAL,67463214490,614,67463215104,67463215104
2025-06-18 20:50:36,REAL,67463215104,537,67463215641,67463215641
2025-06-18 20:50:38,REAL,67463215641,547,67463216188,67463216188
2025-06-18 20:50:40,REAL,67463216188,540,67463216728,67463216728
2025-06-18 20:50:42,REAL,67463216728,601,67463217329,67463217329
2025-06-18 20:50:44,REAL,67463217329,598,67463217927,67463217927
2025-06-18 20:50:46,REAL,67463217927,601,67463218528,67463218528
2025-06-18 20:50:48,REAL,67463218528,592,67463219120,67463219120
2025-06-18 20:50:50,REAL,67463219120,672,67463219792,67463219792
2025-06-18 20:50:52,REAL,67463219792,538,67463220330,67463220330
2025-06-18 20:50:54,REAL,67463220330,540,67463220870,67463220870
2025-06-18 20:50:56,REAL,67463220870,538,67463221408,67463221408
2025-06-18 20:50:58,REAL,67463221408,599,67463222007,67463222007
2025-06-18 20:51:00,REAL,67463222007,540,67463222547,67463222547
2025-06-18 20:51:02,REAL,67463222547,534,67463223081,67463223081
2025-06-18 20:51:04,REAL,67463223081,679,67463223760,67463223760
2025-06-18 20:51:06,REAL,67463223760,150171,67463373931,67463373931
2025-06-18 20:51:08,REAL,67463373931,127356,67463501287,67463501287
2025-06-18 20:51:10,REAL,67463501287,29510,67463530797,67463530797
2025-06-18 20:51:12,REAL,67463530797,29110,67463559907,67463559907
2025-06-18 20:51:14,REAL,67463559907,28811,67463588718,67463588718
2025-06-18 20:51:16,REAL,67463588718,29053,67463617771,67463617771
2025-06-18 20:51:18,REAL,67463617771,29308,67463647079,67463647079
2025-06-18 20:51:20,REAL,67463647079,26401,67463673480,67463673480
2025-06-18 20:51:22,REAL,67463673480,545,67463674025,67463674025
2025-06-18 20:51:24,REAL,67463674025,533,67463674558,67463674558
2025-06-18 20:51:26,REAL,67463674558,540,67463675098,67463675098
2025-06-18 20:51:28,REAL,67463675098,606,67463675704,67463675704
2025-06-18 20:51:30,REAL,67463675704,601,67463676305,67463676305
2025-06-18 20:51:32,REAL,67463676305,543,67463676848,67463676848
2025-06-18 20:51:34,REAL,67463676848,622,67463677470,67463677470
2025-06-18 20:51:36,REAL,67463677470,600,67463678070,67463678070
2025-06-18 20:51:38,REAL,67463678070,185913,67463863983,67463863983
2025-06-18 20:51:40,REAL,67463863983,102320,67463966303,67463966303
2025-06-18 20:51:42,REAL,67463966303,29373,67463995676,67463995676
2025-06-18 20:51:44,REAL,67463995676,29554,67464025230,67464025230
2025-06-18 20:51:46,REAL,67464025230,29452,67464054682,67464054682
2025-06-18 20:51:48,REAL,67464054682,29184,67464083866,67464083866
2025-06-18 20:51:50,REAL,67464083866,28974,67464112840,67464112840
2025-06-18 20:51:52,REAL,67464112840,24983,67464137823,67464137823
2025-06-18 20:51:54,REAL,67464137823,534,67464138357,67464138357
2025-06-18 20:51:56,REAL,67464138357,540,67464138897,67464138897
2025-06-18 20:51:58,REAL,67464138897,533,67464139430,67464139430
2025-06-18 20:52:00,REAL,67464139430,537,67464139967,67464139967
2025-06-18 20:52:02,REAL,67464139967,599,67464140566,67464140566
2025-06-18 20:52:04,REAL,67464140566,621,67464141187,67464141187
2025-06-18 20:52:06,REAL,67464141187,541,67464141728,67464141728
2025-06-18 20:52:08,REAL,67464141728,603,67464142331,67464142331
2025-06-18 20:52:10,REAL,67464142331,542,67464142873,67464142873
2025-06-18 20:52:12,REAL,67464142873,538,67464143411,67464143411
2025-06-18 20:52:14,REAL,67464143411,537,67464143948,67464143948
2025-06-18 20:52:16,REAL,67464143948,597,67464144545,67464144545
2025-06-18 20:52:18,REAL,67464144545,544,67464145089,67464145089
2025-06-18 20:52:20,REAL,67464145089,607,67464145696,67464145696
2025-06-18 20:52:22,REAL,67464145696,543,67464146239,67464146239
2025-06-18 20:52:24,REAL,67464146239,600,67464146839,67464146839
2025-06-18 20:52:26,REAL,67464146839,543,67464147382,67464147382
2025-06-18 20:52:28,REAL,67464147382,588,67464147970,67464147970
2025-06-18 20:52:30,REAL,67464147970,544,67464148514,67464148514
2025-06-18 20:52:32,REAL,67464148514,539,67464149053,67464149053
2025-06-18 20:52:34,REAL,67464149053,607,67464149660,67464149660
2025-06-18 20:52:36,REAL,67464149660,539,67464150199,67464150199
2025-06-18 20:52:38,REAL,67464150199,535,67464150734,67464150734
2025-06-18 20:52:40,REAL,67464150734,606,67464151340,67464151340
2025-06-18 20:52:42,REAL,67464151340,543,67464151883,67464151883
2025-06-18 20:52:44,REAL,67464151883,538,67464152421,67464152421
2025-06-18 20:52:46,REAL,67464152421,541,67464152962,67464152962
2025-06-18 20:52:48,REAL,67464152962,536,67464153498,67464153498
2025-06-18 20:52:50,REAL,67464153498,614,67464154112,67464154112
2025-06-18 20:52:52,REAL,67464154112,594,67464154706,67464154706
2025-06-18 20:52:54,REAL,67464154706,542,67464155248,67464155248
2025-06-18 20:52:56,REAL,67464155248,599,67464155847,67464155847
2025-06-18 20:52:58,REAL,67464155847,603,67464156450,67464156450
2025-06-18 20:53:00,REAL,67464156450,603,67464157053,67464157053
2025-06-18 20:53:02,REAL,67464157053,598,67464157651,67464157651
2025-06-18 20:53:04,REAL,67464157651,616,67464158267,67464158267
2025-06-18 20:53:06,REAL,67464158267,604,67464158871,67464158871
2025-06-18 20:53:08,REAL,67464158871,540,67464159411,67464159411
2025-06-18 20:53:10,REAL,67464159411,549,67464159960,67464159960
2025-06-18 20:53:12,REAL,67464159960,541,67464160501,67464160501
2025-06-18 20:53:14,REAL,67464160501,541,67464161042,67464161042
2025-06-18 20:53:16,REAL,67464161042,596,67464161638,67464161638
2025-06-18 20:53:18,REAL,67464161638,601,67464162239,67464162239
2025-06-18 20:53:20,REAL,67464162239,609,67464162848,67464162848
2025-06-18 20:53:22,REAL,67464162848,535,67464163383,67464163383
2025-06-18 20:53:24,REAL,67464163383,542,67464163925,67464163925
2025-06-18 20:53:26,REAL,67464163925,546,67464164471,67464164471
2025-06-18 20:53:28,REAL,67464164471,532,67464165003,67464165003
2025-06-18 20:53:30,REAL,67464165003,540,67464165543,67464165543
2025-06-18 20:53:32,REAL,67464165543,544,67464166087,67464166087
2025-06-18 20:53:34,REAL,67464166087,737,67464166824,67464166824
2025-06-18 20:53:36,REAL,67464166824,598,67464167422,67464167422
2025-06-18 20:53:38,REAL,67464167422,607,67464168029,67464168029
2025-06-18 20:53:40,REAL,67464168029,601,67464168630,67464168630
2025-06-18 20:53:42,REAL,67464168630,537,67464169167,67464169167
2025-06-18 20:53:44,REAL,67464169167,539,67464169706,67464169706
2025-06-18 20:53:46,REAL,67464169706,541,67464170247,67464170247
2025-06-18 20:53:48,REAL,67464170247,538,67464170785,67464170785
2025-06-18 20:53:50,REAL,67464170785,606,67464171391,67464171391
2025-06-18 20:53:52,REAL,67464171391,536,67464171927,67464171927
2025-06-18 20:53:54,REAL,67464171927,606,67464172533,67464172533
2025-06-18 20:53:56,REAL,67464172533,217987,67464390520,67464390520
2025-06-18 20:53:58,REAL,67464390520,32430,67464422950,67464422950
2025-06-18 20:54:00,REAL,67464422950,28921,67464451871,67464451871
2025-06-18 20:54:02,REAL,67464451871,28842,67464480713,67464480713
2025-06-18 20:54:04,REAL,67464480713,29846,67464510559,67464510559
2025-06-18 20:54:06,REAL,67464510559,29433,67464539992,67464539992
2025-06-18 20:54:08,REAL,67464539992,29839,67464569831,67464569831
2025-06-18 20:54:10,REAL,67464569831,16999,67464586830,67464586830
2025-06-18 20:54:12,REAL,67464586830,542,67464587372,67464587372
2025-06-18 20:54:14,REAL,67464587372,542,67464587914,67464587914
2025-06-18 20:54:16,REAL,67464587914,545,67464588459,67464588459
2025-06-18 20:54:18,REAL,67464588459,537,67464588996,67464588996
2025-06-18 20:54:20,REAL,67464588996,674,67464589670,67464589670
2025-06-18 20:54:22,REAL,67464589670,539,67464590209,67464590209
2025-06-18 20:54:24,REAL,67464590209,539,67464590748,67464590748
2025-06-18 20:54:26,REAL,67464590748,597,67464591345,67464591345
2025-06-18 20:54:28,REAL,67464591345,250305,67464841650,67464841650
2025-06-18 20:54:30,REAL,67464841650,29171,67464870821,67464870821
2025-06-18 20:54:32,REAL,67464870821,28195,67464899016,67464899016
2025-06-18 20:54:34,REAL,67464899016,29168,67464928184,67464928184
2025-06-18 20:54:36,REAL,67464928184,29175,67464957359,67464957359
2025-06-18 20:54:38,REAL,67464957359,29347,67464986706,67464986706
2025-06-18 20:54:40,REAL,67464986706,29171,67465015877,67465015877
2025-06-18 20:54:42,REAL,67465015877,15408,67465031285,67465031285
2025-06-18 20:54:44,REAL,67465031285,542,67465031827,67465031827
2025-06-18 20:54:46,REAL,67465031827,542,67465032369,67465032369
2025-06-18 20:54:48,REAL,67465032369,590,67465032959,67465032959
2025-06-18 20:54:50,REAL,67465032959,616,67465033575,67465033575
2025-06-18 20:54:52,REAL,67465033575,600,67465034175,67465034175
2025-06-18 20:54:54,REAL,67465034175,541,67465034716,67465034716
2025-06-18 20:54:56,REAL,67465034716,537,67465035253,67465035253
2025-06-18 20:54:58,REAL,67465035253,604,67465035857,67465035857
2025-06-18 20:55:00,REAL,67465035857,540,67465036397,67465036397
2025-06-18 20:55:02,REAL,67465036397,531,67465036928,67465036928
2025-06-18 20:55:04,REAL,67465036928,608,67465037536,67465037536
2025-06-18 20:55:06,REAL,67465037536,542,67465038078,67465038078
2025-06-18 20:55:08,REAL,67465038078,541,67465038619,67465038619
2025-06-18 20:55:10,REAL,67465038619,542,67465039161,67465039161
2025-06-18 20:55:12,REAL,67465039161,542,67465039703,67465039703
2025-06-18 20:55:14,REAL,67465039703,602,67465040305,67465040305
2025-06-18 20:55:16,REAL,67465040305,599,67465040904,67465040904
2025-06-18 20:55:18,REAL,67465040904,545,67465041449,67465041449
2025-06-18 20:55:20,REAL,67465041449,611,67465042060,67465042060
2025-06-18 20:55:22,REAL,67465042060,532,67465042592,67465042592
2025-06-18 20:55:24,REAL,67465042592,546,67465043138,67465043138
2025-06-18 20:55:26,REAL,67465043138,540,67465043678,67465043678
2025-06-18 20:55:28,REAL,67465043678,541,67465044219,67465044219
2025-06-18 20:55:30,REAL,67465044219,658,67465044877,67465044877
2025-06-18 20:55:32,REAL,67465044877,606,67465045483,67465045483
2025-06-18 20:55:34,REAL,67465045483,666,67465046149,67465046149
2025-06-18 20:55:36,REAL,67465046149,592,67465046741,67465046741
2025-06-18 20:55:38,REAL,67465046741,663,67465047404,67465047404
2025-06-18 20:55:40,REAL,67465047404,599,67465048003,67465048003
2025-06-18 20:55:42,REAL,67465048003,598,67465048601,67465048601
2025-06-18 20:55:44,REAL,67465048601,544,67465049145,67465049145
2025-06-18 20:55:46,REAL,67465049145,545,67465049690,67465049690
2025-06-18 20:55:48,REAL,67465049690,536,67465050226,67465050226
2025-06-18 20:55:50,REAL,67465050226,615,67465050841,67465050841
2025-06-18 20:55:52,REAL,67465050841,547,67465051388,67465051388
2025-06-18 20:55:54,REAL,67465051388,545,67465051933,67465051933
2025-06-18 20:55:56,REAL,67465051933,601,67465052534,67465052534
2025-06-18 20:55:58,REAL,67465052534,537,67465053071,67465053071
2025-06-18 20:56:00,REAL,67465053071,538,67465053609,67465053609
2025-06-18 20:56:02,REAL,67465053609,536,67465054145,67465054145
2025-06-18 20:56:04,REAL,67465054145,621,67465054766,67465054766
2025-06-18 20:56:06,REAL,67465054766,536,67465055302,67465055302
2025-06-18 20:56:08,REAL,67465055302,544,67465055846,67465055846
2025-06-18 20:56:10,REAL,67465055846,541,67465056387,67465056387
2025-06-18 20:56:12,REAL,67465056387,600,67465056987,67465056987
2025-06-18 20:56:14,REAL,67465056987,538,67465057525,67465057525
2025-06-18 20:56:16,REAL,67465057525,594,67465058119,67465058119
2025-06-18 20:56:18,REAL,67465058119,549,67465058668,67465058668
2025-06-18 20:56:20,REAL,67465058668,611,67465059279,67465059279
2025-06-18 20:56:22,REAL,67465059279,546,67465059825,67465059825
2025-06-18 20:56:24,REAL,67465059825,541,67465060366,67465060366
2025-06-18 20:56:26,REAL,67465060366,538,67465060904,67465060904
2025-06-18 20:56:28,REAL,67465060904,598,67465061502,67465061502
2025-06-18 20:56:30,REAL,67465061502,590,67465062092,67465062092
2025-06-18 20:56:32,REAL,67465062092,543,67465062635,67465062635
2025-06-18 20:56:34,REAL,67465062635,534,67465063169,67465063169
2025-06-18 20:56:36,REAL,67465063169,618,67465063787,67465063787
2025-06-18 20:56:38,REAL,67465063787,533,67465064320,67465064320
2025-06-18 20:56:40,REAL,67465064320,539,67465064859,67465064859
2025-06-18 20:56:42,REAL,67465064859,543,67465065402,67465065402
2025-06-18 20:56:44,REAL,67465065402,604,67465066006,67465066006
2025-06-18 20:56:46,REAL,67465066006,540,67465066546,67465066546
2025-06-18 20:56:48,REAL,67465066546,542,67465067088,67465067088
2025-06-18 20:56:50,REAL,67465067088,618,67465067706,67465067706
2025-06-18 20:56:52,REAL,67465067706,661,67465068367,67465068367
2025-06-18 20:56:54,REAL,67465068367,550,67465068917,67465068917
2025-06-18 20:56:56,REAL,67465068917,534,67465069451,67465069451
2025-06-18 20:56:58,REAL,67465069451,540,67465069991,67465069991
2025-06-18 20:57:00,REAL,67465069991,593,67465070584,67465070584
2025-06-18 20:57:02,REAL,67465070584,550,67465071134,67465071134
2025-06-18 20:57:04,REAL,67465071134,548,67465071682,67465071682
2025-06-18 20:57:06,REAL,67465071682,624,67465072306,67465072306
2025-06-18 20:57:08,REAL,67465072306,540,67465072846,67465072846
2025-06-18 20:57:10,REAL,67465072846,538,67465073384,67465073384
2025-06-18 20:57:12,REAL,67465073384,539,67465073923,67465073923
2025-06-18 20:57:14,REAL,67465073923,541,67465074464,67465074464
2025-06-18 20:57:16,REAL,67465074464,604,67465075068,67465075068
2025-06-18 20:57:18,REAL,67465075068,596,67465075664,67465075664
2025-06-18 20:57:20,REAL,67465075664,614,67465076278,67465076278
2025-06-18 20:57:22,REAL,67465076278,545,67465076823,67465076823
2025-06-18 20:57:24,REAL,67465076823,530,67465077353,67465077353
2025-06-18 20:57:26,REAL,67465077353,597,67465077950,67465077950
2025-06-18 20:57:28,REAL,67465077950,542,67465078492,67465078492
2025-06-18 20:57:30,REAL,67465078492,539,67465079031,67465079031
2025-06-18 20:57:32,REAL,67465079031,607,67465079638,67465079638
2025-06-18 20:57:34,REAL,67465079638,543,67465080181,67465080181
2025-06-18 20:57:36,REAL,67465080181,611,67465080792,67465080792
2025-06-18 20:57:38,REAL,67465080792,542,67465081334,67465081334
2025-06-18 20:57:40,REAL,67465081334,540,67465081874,67465081874
2025-06-18 20:57:42,REAL,67465081874,540,67465082414,67465082414
2025-06-18 20:57:44,REAL,67465082414,545,67465082959,67465082959
2025-06-18 20:57:46,REAL,67465082959,538,67465083497,67465083497
2025-06-18 20:57:48,REAL,67465083497,602,67465084099,67465084099
2025-06-18 20:57:50,REAL,67465084099,617,67465084716,67465084716
2025-06-18 20:57:52,REAL,67465084716,544,67465085260,67465085260
2025-06-18 20:57:54,REAL,67465085260,538,67465085798,67465085798
2025-06-18 20:57:56,REAL,67465085798,540,67465086338,67465086338
2025-06-18 20:57:58,REAL,67465086338,542,67465086880,67465086880
2025-06-18 20:58:00,REAL,67465086880,541,67465087421,67465087421
2025-06-18 20:58:02,REAL,67465087421,601,67465088022,67465088022
2025-06-18 20:58:04,REAL,67465088022,607,67465088629,67465088629
2025-06-18 20:58:06,REAL,67465088629,617,67465089246,67465089246
2025-06-18 20:58:08,REAL,67465089246,599,67465089845,67465089845
2025-06-18 20:58:10,REAL,67465089845,541,67465090386,67465090386
2025-06-18 20:58:12,REAL,67465090386,548,67465090934,67465090934
2025-06-18 20:58:14,REAL,67465090934,541,67465091475,67465091475
2025-06-18 20:58:16,REAL,67465091475,537,67465092012,67465092012
2025-06-18 20:58:18,REAL,67465092012,533,67465092545,67465092545
2025-06-18 20:58:20,REAL,67465092545,115755,67465208300,67465208300
2025-06-18 20:58:22,REAL,67465208300,171279,67465379579,67465379579
2025-06-18 20:58:24,REAL,67465379579,28731,67465408310,67465408310
2025-06-18 20:58:26,REAL,67465408310,29260,67465437570,67465437570
2025-06-18 20:58:28,REAL,67465437570,29360,67465466930,67465466930
2025-06-18 20:58:30,REAL,67465466930,28936,67465495866,67465495866
2025-06-18 20:58:32,REAL,67465495866,29494,67465525360,67465525360
2025-06-18 20:58:34,REAL,67465525360,29364,67465554724,67465554724
2025-06-18 20:58:36,REAL,67465554724,2820,67465557544,67465557544
2025-06-18 20:58:38,REAL,67465557544,540,67465558084,67465558084
2025-06-18 20:58:40,REAL,67465558084,541,67465558625,67465558625
2025-06-18 20:58:42,REAL,67465558625,544,67465559169,67465559169
2025-06-18 20:58:44,REAL,67465559169,548,67465559717,67465559717
2025-06-18 20:58:46,REAL,67465559717,534,67465560251,67465560251
2025-06-18 20:58:48,REAL,67465560251,542,67465560793,67465560793
2025-06-18 20:58:50,REAL,67465560793,618,67465561411,67465561411
2025-06-18 20:58:52,REAL,67465561411,599,67465562010,67465562010
2025-06-18 20:58:54,REAL,67465562010,648,67465562658,67465562658
2025-06-18 20:58:56,REAL,67465562658,535,67465563193,67465563193
2025-06-18 20:58:58,REAL,67465563193,535,67465563728,67465563728
2025-06-18 20:59:00,REAL,67465563728,537,67465564265,67465564265
2025-06-18 20:59:02,REAL,67465564265,545,67465564810,67465564810
2025-06-18 20:59:04,REAL,67465564810,549,67465565359,67465565359
2025-06-18 20:59:06,REAL,67465565359,607,67465565966,67465565966
2025-06-18 20:59:08,REAL,67465565966,597,67465566563,67465566563
2025-06-18 20:59:10,REAL,67465566563,542,67465567105,67465567105
2025-06-18 20:59:12,REAL,67465567105,534,67465567639,67465567639
2025-06-18 20:59:14,REAL,67465567639,543,67465568182,67465568182
2025-06-18 20:59:16,REAL,67465568182,545,67465568727,67465568727
2025-06-18 20:59:18,REAL,67465568727,544,67465569271,67465569271
2025-06-18 20:59:20,REAL,67465569271,612,67465569883,67465569883
2025-06-18 20:59:22,REAL,67465569883,537,67465570420,67465570420
2025-06-18 20:59:24,REAL,67465570420,605,67465571025,67465571025
2025-06-18 20:59:26,REAL,67465571025,539,67465571564,67465571564
2025-06-18 20:59:28,REAL,67465571564,545,67465572109,67465572109
2025-06-18 20:59:30,REAL,67465572109,601,67465572710,67465572710
2025-06-18 20:59:32,REAL,67465572710,545,67465573255,67465573255
2025-06-18 20:59:34,REAL,67465573255,534,67465573789,67465573789
2025-06-18 20:59:36,REAL,67465573789,613,67465574402,67465574402
2025-06-18 20:59:38,REAL,67465574402,592,67465574994,67465574994
2025-06-18 20:59:40,REAL,67465574994,539,67465575533,67465575533
2025-06-18 20:59:42,REAL,67465575533,539,67465576072,67465576072
2025-06-18 20:59:44,REAL,67465576072,588,67465576660,67465576660
2025-06-18 20:59:46,REAL,67465576660,543,67465577203,67465577203
2025-06-18 20:59:48,REAL,67465577203,547,67465577750,67465577750
2025-06-18 20:59:50,REAL,67465577750,613,67465578363,67465578363
2025-06-18 20:59:52,REAL,67465578363,539,67465578902,67465578902
2025-06-18 20:59:54,REAL,67465578902,595,67465579497,67465579497
2025-06-18 20:59:56,REAL,67465579497,540,67465580037,67465580037
2025-06-18 20:59:58,REAL,67465580037,539,67465580576,67465580576
2025-06-18 21:00:00,REAL,67465580576,535,67465581111,67465581111
2025-06-18 21:00:02,REAL,67465581111,537,67465581648,67465581648
2025-06-18 21:00:04,REAL,67465581648,599,67465582247,67465582247
2025-06-18 21:00:06,REAL,67465582247,615,67465582862,67465582862
2025-06-18 21:00:08,REAL,67465582862,541,67465583403,67465583403
2025-06-18 21:00:10,REAL,67465583403,604,67465584007,67465584007
2025-06-18 21:00:12,REAL,67465584007,549,67465584556,67465584556
2025-06-18 21:00:14,REAL,67465584556,543,67465585099,67465585099
2025-06-18 21:00:16,REAL,67465585099,534,67465585633,67465585633
2025-06-18 21:00:18,REAL,67465585633,543,67465586176,67465586176
2025-06-18 21:00:20,REAL,67465586176,614,67465586790,67465586790
2025-06-18 21:00:22,REAL,67465586790,538,67465587328,67465587328
2025-06-18 21:00:24,REAL,67465587328,533,67465587861,67465587861
2025-06-18 21:00:26,REAL,67465587861,599,67465588460,67465588460
2025-06-18 21:00:28,REAL,67465588460,187918,67465776378,67465776378
2025-06-18 21:00:30,REAL,67465776378,101192,67465877570,67465877570
2025-06-18 21:00:32,REAL,67465877570,28738,67465906308,67465906308
2025-06-18 21:00:34,REAL,67465906308,29592,67465935900,67465935900
2025-06-18 21:00:36,REAL,67465935900,29171,67465965071,67465965071
2025-06-18 21:00:38,REAL,67465965071,28225,67465993296,67465993296
2025-06-18 21:00:40,REAL,67465993296,28556,67466021852,67466021852
2025-06-18 21:00:42,REAL,67466021852,23974,67466045826,67466045826
2025-06-18 21:00:44,REAL,67466045826,533,67466046359,67466046359
2025-06-18 21:00:46,REAL,67466046359,538,67466046897,67466046897
2025-06-18 21:00:48,REAL,67466046897,540,67466047437,67466047437
2025-06-18 21:00:50,REAL,67466047437,609,67466048046,67466048046
2025-06-18 21:00:52,REAL,67466048046,535,67466048581,67466048581
2025-06-18 21:00:54,REAL,67466048581,547,67466049128,67466049128
2025-06-18 21:00:56,REAL,67466049128,546,67466049674,67466049674
2025-06-18 21:00:58,REAL,67466049674,604,67466050278,67466050278
2025-06-18 21:01:00,REAL,67466050278,546,67466050824,67466050824
2025-06-18 21:01:02,REAL,67466050824,532,67466051356,67466051356
2025-06-18 21:01:04,REAL,67466051356,602,67466051958,67466051958
2025-06-18 21:01:06,REAL,67466051958,610,67466052568,67466052568
2025-06-18 21:01:08,REAL,67466052568,549,67466053117,67466053117
2025-06-18 21:01:10,REAL,67466053117,542,67466053659,67466053659
2025-06-18 21:01:12,REAL,67466053659,542,67466054201,67466054201
2025-06-18 21:01:14,REAL,67466054201,604,67466054805,67466054805
2025-06-18 21:01:16,REAL,67466054805,595,67466055400,67466055400
2025-06-18 21:01:18,REAL,67466055400,533,67466055933,67466055933
2025-06-18 21:01:20,REAL,67466055933,614,67466056547,67466056547
2025-06-18 21:01:22,REAL,67466056547,538,67466057085,67466057085
2025-06-18 21:01:24,REAL,67466057085,542,67466057627,67466057627
2025-06-18 21:01:26,REAL,67466057627,541,67466058168,67466058168
2025-06-18 21:01:28,REAL,67466058168,544,67466058712,67466058712
2025-06-18 21:01:30,REAL,67466058712,598,67466059310,67466059310
2025-06-18 21:01:32,REAL,67466059310,537,67466059847,67466059847
2025-06-18 21:01:34,REAL,67466059847,534,67466060381,67466060381
2025-06-18 21:01:36,REAL,67466060381,620,67466061001,67466061001
2025-06-18 21:01:38,REAL,67466061001,541,67466061542,67466061542
2025-06-18 21:01:40,REAL,67466061542,536,67466062078,67466062078
2025-06-18 21:01:42,REAL,67466062078,538,67466062616,67466062616
2025-06-18 21:01:44,REAL,67466062616,537,67466063153,67466063153
2025-06-18 21:01:46,REAL,67466063153,599,67466063752,67466063752
2025-06-18 21:01:48,REAL,67466063752,545,67466064297,67466064297
2025-06-18 21:01:50,REAL,67466064297,673,67466064970,67466064970
2025-06-18 21:01:52,REAL,67466064970,534,67466065504,67466065504
2025-06-18 21:01:54,REAL,67466065504,541,67466066045,67466066045
2025-06-18 21:01:56,REAL,67466066045,542,67466066587,67466066587
2025-06-18 21:01:58,REAL,67466066587,539,67466067126,67466067126
2025-06-18 21:02:00,REAL,67466067126,545,67466067671,67466067671
2025-06-18 21:02:02,REAL,67466067671,598,67466068269,67466068269
2025-06-18 21:02:04,REAL,67466068269,602,67466068871,67466068871
2025-06-18 21:02:06,REAL,67466068871,619,67466069490,67466069490
2025-06-18 21:02:08,REAL,67466069490,536,67466070026,67466070026
2025-06-18 21:02:10,REAL,67466070026,535,67466070561,67466070561
2025-06-18 21:02:12,REAL,67466070561,543,67466071104,67466071104
2025-06-18 21:02:14,REAL,67466071104,535,67466071639,67466071639
2025-06-18 21:02:16,REAL,67466071639,543,67466072182,67466072182
2025-06-18 21:02:18,REAL,67466072182,592,67466072774,67466072774
2025-06-18 21:02:20,REAL,67466072774,534,67466073308,67466073308
2025-06-18 21:02:22,REAL,67466073308,613,67466073921,67466073921
2025-06-18 21:02:24,REAL,67466073921,541,67466074462,67466074462
2025-06-18 21:02:26,REAL,67466074462,543,67466075005,67466075005
2025-06-18 21:02:28,REAL,67466075005,538,67466075543,67466075543
2025-06-18 21:02:30,REAL,67466075543,538,67466076081,67466076081
2025-06-18 21:02:32,REAL,67466076081,535,67466076616,67466076616
2025-06-18 21:02:34,REAL,67466076616,359,67466076975,67466076975
2025-06-18 21:02:36,REAL,67466076975,252102,67466329077,67466329077
2025-06-18 21:02:38,REAL,67466329077,30758,67466359835,67466359835
2025-06-18 21:02:40,REAL,67466359835,29110,67466388945,67466388945
2025-06-18 21:02:42,REAL,67466388945,29159,67466418104,67466418104
2025-06-18 21:02:44,REAL,67466418104,29254,67466447358,67466447358
2025-06-18 21:02:46,REAL,67466447358,29186,67466476544,67466476544
2025-06-18 21:02:48,REAL,67466476544,28804,67466505348,67466505348
2025-06-18 21:02:50,REAL,67466505348,16640,67466521988,67466521988
2025-06-18 21:02:52,REAL,67466521988,672,67466522660,67466522660
2025-06-18 21:02:54,REAL,67466522660,539,67466523199,67466523199
2025-06-18 21:02:56,REAL,67466523199,546,67466523745,67466523745
2025-06-18 21:02:58,REAL,67466523745,537,67466524282,67466524282
2025-06-18 21:03:00,REAL,67466524282,539,67466524821,67466524821
2025-06-18 21:03:02,REAL,67466524821,547,67466525368,67466525368
2025-06-18 21:03:04,REAL,67466525368,544,67466525912,67466525912
2025-06-18 21:03:06,REAL,67466525912,682,67466526594,67466526594
2025-06-18 21:03:08,REAL,67466526594,258931,67466785525,67466785525
2025-06-18 21:03:10,REAL,67466785525,28751,67466814276,67466814276
2025-06-18 21:03:12,REAL,67466814276,29379,67466843655,67466843655
2025-06-18 21:03:14,REAL,67466843655,29328,67466872983,67466872983
2025-06-18 21:03:16,REAL,67466872983,29142,67466902125,67466902125
2025-06-18 21:03:18,REAL,67466902125,29344,67466931469,67466931469
2025-06-18 21:03:20,REAL,67466931469,28969,67466960438,67466960438
2025-06-18 21:03:22,REAL,67466960438,15145,67466975583,67466975583
2025-06-18 21:03:24,REAL,67466975583,542,67466976125,67466976125
2025-06-18 21:03:26,REAL,67466976125,538,67466976663,67466976663
2025-06-18 21:03:28,REAL,67466976663,546,67466977209,67466977209
2025-06-18 21:03:30,REAL,67466977209,538,67466977747,67466977747
2025-06-18 21:03:32,REAL,67466977747,541,67466978288,67466978288
2025-06-18 21:03:34,REAL,67466978288,589,67466978877,67466978877
2025-06-18 21:03:36,REAL,67466978877,608,67466979485,67466979485
2025-06-18 21:03:38,REAL,67466979485,595,67466980080,67466980080
2025-06-18 21:03:40,REAL,67466980080,538,67466980618,67466980618
2025-06-18 21:03:42,REAL,67466980618,543,67466981161,67466981161
2025-06-18 21:03:44,REAL,67466981161,541,67466981702,67466981702
2025-06-18 21:03:46,REAL,67466981702,542,67466982244,67466982244
2025-06-18 21:03:48,REAL,67466982244,539,67466982783,67466982783
2025-06-18 21:03:50,REAL,67466982783,534,67466983317,67466983317
2025-06-18 21:03:52,REAL,67466983317,611,67466983928,67466983928
2025-06-18 21:03:54,REAL,67466983928,598,67466984526,67466984526
2025-06-18 21:03:56,REAL,67466984526,594,67466985120,67466985120
2025-06-18 21:03:58,REAL,67466985120,532,67466985652,67466985652
2025-06-18 21:04:00,REAL,67466985652,543,67466986195,67466986195
2025-06-18 21:04:02,REAL,67466986195,542,67466986737,67466986737
2025-06-18 21:04:04,REAL,67466986737,549,67466987286,67466987286
2025-06-18 21:04:06,REAL,67466987286,618,67466987904,67466987904
2025-06-18 21:04:08,REAL,67466987904,538,67466988442,67466988442
2025-06-18 21:04:10,REAL,67466988442,601,67466989043,67466989043
2025-06-18 21:04:12,REAL,67466989043,549,67466989592,67466989592
2025-06-18 21:04:14,REAL,67466989592,544,67466990136,67466990136
2025-06-18 21:04:16,REAL,67466990136,539,67466990675,67466990675
2025-06-18 21:04:18,REAL,67466990675,595,67466991270,67466991270
2025-06-18 21:04:20,REAL,67466991270,535,67466991805,67466991805
2025-06-18 21:04:22,REAL,67466991805,619,67466992424,67466992424
2025-06-18 21:04:24,REAL,67466992424,545,67466992969,67466992969
2025-06-18 21:04:26,REAL,67466992969,605,67466993574,67466993574
2025-06-18 21:04:28,REAL,67466993574,546,67466994120,67466994120
2025-06-18 21:04:30,REAL,67466994120,538,67466994658,67466994658
2025-06-18 21:04:32,REAL,67466994658,535,67466995193,67466995193
2025-06-18 21:04:34,REAL,67466995193,540,67466995733,67466995733
2025-06-18 21:04:36,REAL,67466995733,615,67466996348,67466996348
2025-06-18 21:04:38,REAL,67466996348,539,67466996887,67466996887
2025-06-18 21:04:40,REAL,67466996887,545,67466997432,67466997432
2025-06-18 21:04:42,REAL,67466997432,41867,67467039299,67467039299
2025-06-18 21:04:44,REAL,67467039299,227096,67467266395,67467266395
2025-06-18 21:04:46,REAL,67467266395,28842,67467295237,67467295237
2025-06-18 21:04:48,REAL,67467295237,29424,67467324661,67467324661
2025-06-18 21:04:50,REAL,67467324661,29515,67467354176,67467354176
2025-06-18 21:04:52,REAL,67467354176,28821,67467382997,67467382997
2025-06-18 21:04:54,REAL,67467382997,28929,67467411926,67467411926
2025-06-18 21:04:56,REAL,67467411926,29190,67467441116,67467441116
2025-06-18 21:04:58,REAL,67467441116,9506,67467450622,67467450622
2025-06-18 21:05:00,REAL,67467450622,591,67467451213,67467451213
2025-06-18 21:05:02,REAL,67467451213,533,67467451746,67467451746
2025-06-18 21:05:04,REAL,67467451746,545,67467452291,67467452291
2025-06-18 21:05:06,REAL,67467452291,542,67467452833,67467452833
2025-06-18 21:05:08,REAL,67467452833,611,67467453444,67467453444
2025-06-18 21:05:10,REAL,67467453444,540,67467453984,67467453984
2025-06-18 21:05:12,REAL,67467453984,541,67467454525,67467454525
2025-06-18 21:05:14,REAL,67467454525,597,67467455122,67467455122
2025-06-18 21:05:16,REAL,67467455122,539,67467455661,67467455661
2025-06-18 21:05:18,REAL,67467455661,536,67467456197,67467456197
2025-06-18 21:05:20,REAL,67467456197,548,67467456745,67467456745
2025-06-18 21:05:22,REAL,67467456745,615,67467457360,67467457360
2025-06-18 21:05:24,REAL,67467457360,538,67467457898,67467457898
2025-06-18 21:05:26,REAL,67467457898,541,67467458439,67467458439
2025-06-18 21:05:28,REAL,67467458439,530,67467458969,67467458969
2025-06-18 21:05:30,REAL,67467458969,599,67467459568,67467459568
2025-06-18 21:05:32,REAL,67467459568,601,67467460169,67467460169
2025-06-18 21:05:34,REAL,67467460169,533,67467460702,67467460702
2025-06-18 21:05:36,REAL,67467460702,543,67467461245,67467461245
2025-06-18 21:05:38,REAL,67467461245,615,67467461860,67467461860
2025-06-18 21:05:40,REAL,67467461860,541,67467462401,67467462401
2025-06-18 21:05:42,REAL,67467462401,543,67467462944,67467462944
2025-06-18 21:05:44,REAL,67467462944,597,67467463541,67467463541
2025-06-18 21:05:46,REAL,67467463541,603,67467464144,67467464144
2025-06-18 21:05:48,REAL,67467464144,536,67467464680,67467464680
2025-06-18 21:05:50,REAL,67467464680,537,67467465217,67467465217
2025-06-18 21:05:52,REAL,67467465217,607,67467465824,67467465824
2025-06-18 21:05:54,REAL,67467465824,539,67467466363,67467466363
2025-06-18 21:05:56,REAL,67467466363,539,67467466902,67467466902
2025-06-18 21:05:58,REAL,67467466902,540,67467467442,67467467442
2025-06-18 21:06:00,REAL,67467467442,545,67467467987,67467467987
2025-06-18 21:06:02,REAL,67467467987,599,67467468586,67467468586
2025-06-18 21:06:04,REAL,67467468586,546,67467469132,67467469132
2025-06-18 21:06:06,REAL,67467469132,545,67467469677,67467469677
2025-06-18 21:06:08,REAL,67467469677,617,67467470294,67467470294
2025-06-18 21:06:10,REAL,67467470294,540,67467470834,67467470834
2025-06-18 21:06:12,REAL,67467470834,543,67467471377,67467471377
2025-06-18 21:06:14,REAL,67467471377,536,67467471913,67467471913
2025-06-18 21:06:16,REAL,67467471913,539,67467472452,67467472452
2025-06-18 21:06:18,REAL,67467472452,662,67467473114,67467473114
2025-06-18 21:06:20,REAL,67467473114,541,67467473655,67467473655
2025-06-18 21:06:22,REAL,67467473655,617,67467474272,67467474272
2025-06-18 21:06:24,REAL,67467474272,533,67467474805,67467474805
2025-06-18 21:06:26,REAL,67467474805,596,67467475401,67467475401
2025-06-18 21:06:28,REAL,67467475401,536,67467475937,67467475937
2025-06-18 21:06:30,REAL,67467475937,534,67467476471,67467476471
2025-06-18 21:06:32,REAL,67467476471,540,67467477011,67467477011
2025-06-18 21:06:34,REAL,67467477011,99918,67467576929,67467576929
2025-06-18 21:06:36,REAL,67467576929,147143,67467724072,67467724072
2025-06-18 21:06:38,REAL,67467724072,29076,67467753148,67467753148
2025-06-18 21:06:40,REAL,67467753148,29168,67467782316,67467782316
2025-06-18 21:06:42,REAL,67467782316,28944,67467811260,67467811260
2025-06-18 21:06:44,REAL,67467811260,28761,67467840021,67467840021
2025-06-18 21:06:46,REAL,67467840021,29263,67467869284,67467869284
2025-06-18 21:06:48,REAL,67467869284,28841,67467898125,67467898125
2025-06-18 21:06:50,REAL,67467898125,3045,67467901170,67467901170
2025-06-18 21:06:52,REAL,67467901170,618,67467901788,67467901788
2025-06-18 21:06:54,REAL,67467901788,545,67467902333,67467902333
2025-06-18 21:06:56,REAL,67467902333,599,67467902932,67467902932
2025-06-18 21:06:58,REAL,67467902932,537,67467903469,67467903469
2025-06-18 21:07:00,REAL,67467903469,544,67467904013,67467904013
2025-06-18 21:07:02,REAL,67467904013,541,67467904554,67467904554
2025-06-18 21:07:04,REAL,67467904554,532,67467905086,67467905086
2025-06-18 21:07:06,REAL,67467905086,604,67467905690,67467905690
2025-06-18 21:07:08,REAL,67467905690,609,67467906299,67467906299
2025-06-18 21:07:10,REAL,67467906299,595,67467906894,67467906894
2025-06-18 21:07:12,REAL,67467906894,536,67467907430,67467907430
2025-06-18 21:07:14,REAL,67467907430,547,67467907977,67467907977
2025-06-18 21:07:16,REAL,67467907977,547,67467908524,67467908524
2025-06-18 21:07:18,REAL,67467908524,540,67467909064,67467909064
2025-06-18 21:07:20,REAL,67467909064,587,67467909651,67467909651
2025-06-18 21:07:22,REAL,67467909651,671,67467910322,67467910322
2025-06-18 21:07:24,REAL,67467910322,548,67467910870,67467910870
2025-06-18 21:07:26,REAL,67467910870,544,67467911414,67467911414
2025-06-18 21:07:28,REAL,67467911414,541,67467911955,67467911955
2025-06-18 21:07:30,REAL,67467911955,539,67467912494,67467912494
2025-06-18 21:07:32,REAL,67467912494,536,67467913030,67467913030
2025-06-18 21:07:34,REAL,67467913030,546,67467913576,67467913576
2025-06-18 21:07:36,REAL,67467913576,545,67467914121,67467914121
2025-06-18 21:07:38,REAL,67467914121,680,67467914801,67467914801
2025-06-18 21:07:40,REAL,67467914801,533,67467915334,67467915334
2025-06-18 21:07:42,REAL,67467915334,601,67467915935,67467915935
2025-06-18 21:07:44,REAL,67467915935,540,67467916475,67467916475
2025-06-18 21:07:46,REAL,67467916475,549,67467917024,67467917024
2025-06-18 21:07:48,REAL,67467917024,539,67467917563,67467917563
2025-06-18 21:07:50,REAL,67467917563,533,67467918096,67467918096
2025-06-18 21:07:52,REAL,67467918096,730,67467918826,67467918826
2025-06-18 21:07:54,REAL,67467918826,146370,67468065196,67468065196
2025-06-18 21:07:56,REAL,67468065196,131313,67468196509,67468196509
2025-06-18 21:07:58,REAL,67468196509,29463,67468225972,67468225972
2025-06-18 21:08:00,REAL,67468225972,28645,67468254617,67468254617
2025-06-18 21:08:02,REAL,67468254617,29384,67468284001,67468284001
2025-06-18 21:08:04,REAL,67468284001,31181,67468315182,67468315182
2025-06-18 21:08:06,REAL,67468315182,27306,67468342488,67468342488
2025-06-18 21:08:08,REAL,67468342488,27244,67468369732,67468369732
2025-06-18 21:08:10,REAL,67468369732,544,67468370276,67468370276
2025-06-18 21:08:12,REAL,67468370276,541,67468370817,67468370817
2025-06-18 21:08:14,REAL,67468370817,543,67468371360,67468371360
2025-06-18 21:08:16,REAL,67468371360,597,67468371957,67468371957
2025-06-18 21:08:18,REAL,67468371957,540,67468372497,67468372497
2025-06-18 21:08:20,REAL,67468372497,540,67468373037,67468373037
2025-06-18 21:08:22,REAL,67468373037,621,67468373658,67468373658
2025-06-18 21:08:24,REAL,67468373658,600,67468374258,67468374258
2025-06-18 21:08:26,REAL,67468374258,539,67468374797,67468374797
2025-06-18 21:08:28,REAL,67468374797,540,67468375337,67468375337
2025-06-18 21:08:30,REAL,67468375337,538,67468375875,67468375875
2025-06-18 21:08:32,REAL,67468375875,541,67468376416,67468376416
2025-06-18 21:08:34,REAL,67468376416,542,67468376958,67468376958
2025-06-18 21:08:36,REAL,67468376958,538,67468377496,67468377496
2025-06-18 21:08:38,REAL,67468377496,666,67468378162,67468378162
2025-06-18 21:08:40,REAL,67468378162,661,67468378823,67468378823
2025-06-18 21:08:42,REAL,67468378823,537,67468379360,67468379360
2025-06-18 21:08:44,REAL,67468379360,535,67468379895,67468379895
2025-06-18 21:08:46,REAL,67468379895,549,67468380444,67468380444
2025-06-18 21:08:48,REAL,67468380444,548,67468380992,67468380992
2025-06-18 21:08:50,REAL,67468380992,544,67468381536,67468381536
2025-06-18 21:08:52,REAL,67468381536,620,67468382156,67468382156
2025-06-18 21:08:54,REAL,67468382156,533,67468382689,67468382689
2025-06-18 21:08:56,REAL,67468382689,600,67468383289,67468383289
2025-06-18 21:08:58,REAL,67468383289,533,67468383822,67468383822
2025-06-18 21:09:00,REAL,67468383822,544,67468384366,67468384366
2025-06-18 21:09:02,REAL,67468384366,592,67468384958,67468384958
2025-06-18 21:09:04,REAL,67468384958,544,67468385502,67468385502
2025-06-18 21:09:06,REAL,67468385502,544,67468386046,67468386046
2025-06-18 21:09:08,REAL,67468386046,611,67468386657,67468386657
2025-06-18 21:09:10,REAL,67468386657,539,67468387196,67468387196
2025-06-18 21:09:12,REAL,67468387196,598,67468387794,67468387794
2025-06-18 21:09:14,REAL,67468387794,181816,67468569610,67468569610
2025-06-18 21:09:16,REAL,67468569610,78581,67468648191,67468648191
2025-06-18 21:09:18,REAL,67468648191,29347,67468677538,67468677538
2025-06-18 21:09:20,REAL,67468677538,29604,67468707142,67468707142
2025-06-18 21:09:22,REAL,67468707142,29354,67468736496,67468736496
2025-06-18 21:09:24,REAL,67468736496,28597,67468765093,67468765093
2025-06-18 21:09:26,REAL,67468765093,29638,67468794731,67468794731
2025-06-18 21:09:28,REAL,67468794731,22075,67468816806,67468816806
2025-06-18 21:09:30,REAL,67468816806,537,67468817343,67468817343
2025-06-18 21:09:32,REAL,67468817343,548,67468817891,67468817891
2025-06-18 21:09:34,REAL,67468817891,540,67468818431,67468818431
2025-06-18 21:09:36,REAL,67468818431,600,67468819031,67468819031
2025-06-18 21:09:38,REAL,67468819031,619,67468819650,67468819650
2025-06-18 21:09:40,REAL,67468819650,544,67468820194,67468820194
2025-06-18 21:09:42,REAL,67468820194,548,67468820742,67468820742
2025-06-18 21:09:44,REAL,67468820742,601,67468821343,67468821343
2025-06-18 21:09:46,REAL,67468821343,534,67468821877,67468821877
2025-06-18 21:09:48,REAL,67468821877,539,67468822416,67468822416
2025-06-18 21:09:50,REAL,67468822416,540,67468822956,67468822956
2025-06-18 21:09:52,REAL,67468822956,614,67468823570,67468823570
2025-06-18 21:09:54,REAL,67468823570,536,67468824106,67468824106
2025-06-18 21:09:56,REAL,67468824106,544,67468824650,67468824650
2025-06-18 21:09:58,REAL,67468824650,595,67468825245,67468825245
2025-06-18 21:10:00,REAL,67468825245,593,67468825838,67468825838
2025-06-18 21:10:02,REAL,67468825838,538,67468826376,67468826376
2025-06-18 21:10:04,REAL,67468826376,602,67468826978,67468826978
2025-06-18 21:10:06,REAL,67468826978,538,67468827516,67468827516
2025-06-18 21:10:08,REAL,67468827516,672,67468828188,67468828188
2025-06-18 21:10:10,REAL,67468828188,542,67468828730,67468828730
2025-06-18 21:10:12,REAL,67468828730,539,67468829269,67468829269
2025-06-18 21:10:14,REAL,67468829269,533,67468829802,67468829802
2025-06-18 21:10:16,REAL,67468829802,606,67468830408,67468830408
2025-06-18 21:10:18,REAL,67468830408,232218,67469062626,67469062626
2025-06-18 21:10:20,REAL,67469062626,48030,67469110656,67469110656
2025-06-18 21:10:22,REAL,67469110656,29441,67469140097,67469140097
2025-06-18 21:10:24,REAL,67469140097,28856,67469168953,67469168953
2025-06-18 21:10:26,REAL,67469168953,28712,67469197665,67469197665
2025-06-18 21:10:28,REAL,67469197665,28655,67469226320,67469226320
2025-06-18 21:10:30,REAL,67469226320,29465,67469255785,67469255785
2025-06-18 21:10:32,REAL,67469255785,18988,67469274773,67469274773
2025-06-18 21:10:34,REAL,67469274773,600,67469275373,67469275373
2025-06-18 21:10:36,REAL,67469275373,601,67469275974,67469275974
2025-06-18 21:10:38,REAL,67469275974,677,67469276651,67469276651
2025-06-18 21:10:40,REAL,67469276651,599,67469277250,67469277250
2025-06-18 21:10:42,REAL,67469277250,542,67469277792,67469277792
2025-06-18 21:10:44,REAL,67469277792,543,67469278335,67469278335
2025-06-18 21:10:46,REAL,67469278335,540,67469278875,67469278875
2025-06-18 21:10:48,REAL,67469278875,547,67469279422,67469279422
2025-06-18 21:10:50,REAL,67469279422,541,67469279963,67469279963
2025-06-18 21:10:52,REAL,67469279963,605,67469280568,67469280568
2025-06-18 21:10:54,REAL,67469280568,673,67469281241,67469281241
2025-06-18 21:10:56,REAL,67469281241,546,67469281787,67469281787
2025-06-18 21:10:58,REAL,67469281787,538,67469282325,67469282325
2025-06-18 21:11:00,REAL,67469282325,535,67469282860,67469282860
2025-06-18 21:11:02,REAL,67469282860,541,67469283401,67469283401
2025-06-18 21:11:04,REAL,67469283401,595,67469283996,67469283996
2025-06-18 21:11:06,REAL,67469283996,542,67469284538,67469284538
2025-06-18 21:11:08,REAL,67469284538,616,67469285154,67469285154
2025-06-18 21:11:10,REAL,67469285154,105538,67469390692,67469390692
2025-06-18 21:11:12,REAL,67469390692,155654,67469546346,67469546346
2025-06-18 21:11:14,REAL,67469546346,28611,67469574957,67469574957
2025-06-18 21:11:16,REAL,67469574957,29478,67469604435,67469604435
2025-06-18 21:11:18,REAL,67469604435,29264,67469633699,67469633699
2025-06-18 21:11:20,REAL,67469633699,29632,67469663331,67469663331
2025-06-18 21:11:22,REAL,67469663331,28354,67469691685,67469691685
2025-06-18 21:11:24,REAL,67469691685,29600,67469721285,67469721285
2025-06-18 21:11:26,REAL,67469721285,1493,67469722778,67469722778
2025-06-18 21:11:28,REAL,67469722778,546,67469723324,67469723324
2025-06-18 21:11:30,REAL,67469723324,544,67469723868,67469723868
2025-06-18 21:11:32,REAL,67469723868,536,67469724404,67469724404
2025-06-18 21:11:34,REAL,67469724404,532,67469724936,67469724936
2025-06-18 21:11:36,REAL,67469724936,548,67469725484,67469725484
2025-06-18 21:11:38,REAL,67469725484,677,67469726161,67469726161
2025-06-18 21:11:40,REAL,67469726161,548,67469726709,67469726709
2025-06-18 21:11:42,REAL,67469726709,595,67469727304,67469727304
2025-06-18 21:11:44,REAL,67469727304,595,67469727899,67469727899
2025-06-18 21:11:46,REAL,67469727899,534,67469728433,67469728433
2025-06-18 21:11:48,REAL,67469728433,537,67469728970,67469728970
2025-06-18 21:11:50,REAL,67469728970,534,67469729504,67469729504
2025-06-18 21:11:52,REAL,67469729504,541,67469730045,67469730045
2025-06-18 21:11:54,REAL,67469730045,615,67469730660,67469730660
2025-06-18 21:11:56,REAL,67469730660,598,67469731258,67469731258
2025-06-18 21:11:58,REAL,67469731258,538,67469731796,67469731796
2025-06-18 21:12:00,REAL,67469731796,538,67469732334,67469732334
2025-06-18 21:12:02,REAL,67469732334,546,67469732880,67469732880
2025-06-18 21:12:04,REAL,67469732880,545,67469733425,67469733425
2025-06-18 21:12:06,REAL,67469733425,542,67469733967,67469733967
2025-06-18 21:12:08,REAL,67469733967,620,67469734587,67469734587
2025-06-18 21:12:10,REAL,67469734587,549,67469735136,67469735136
2025-06-18 21:12:12,REAL,67469735136,607,67469735743,67469735743
2025-06-18 21:12:14,REAL,67469735743,534,67469736277,67469736277
2025-06-18 21:12:16,REAL,67469736277,542,67469736819,67469736819
2025-06-18 21:12:18,REAL,67469736819,589,67469737408,67469737408
2025-06-18 21:12:20,REAL,67469737408,533,67469737941,67469737941
2025-06-18 21:12:22,REAL,67469737941,591,67469738532,67469738532
2025-06-18 21:12:24,REAL,67469738532,611,67469739143,67469739143
2025-06-18 21:12:26,REAL,67469739143,544,67469739687,67469739687
2025-06-18 21:12:28,REAL,67469739687,599,67469740286,67469740286
2025-06-18 21:12:30,REAL,67469740286,537,67469740823,67469740823
2025-06-18 21:12:32,REAL,67469740823,544,67469741367,67469741367
2025-06-18 21:12:34,REAL,67469741367,544,67469741911,67469741911
2025-06-18 21:12:36,REAL,67469741911,537,67469742448,67469742448
2025-06-18 21:12:38,REAL,67469742448,610,67469743058,67469743058
2025-06-18 21:12:40,REAL,67469743058,540,67469743598,67469743598
2025-06-18 21:12:42,REAL,67469743598,542,67469744140,67469744140
2025-06-18 21:12:44,REAL,67469744140,605,67469744745,67469744745
2025-06-18 21:12:46,REAL,67469744745,539,67469745284,67469745284
2025-06-18 21:12:48,REAL,67469745284,544,67469745828,67469745828
2025-06-18 21:12:50,REAL,67469745828,541,67469746369,67469746369
2025-06-18 21:12:52,REAL,67469746369,540,67469746909,67469746909
2025-06-18 21:12:54,REAL,67469746909,668,67469747577,67469747577
2025-06-18 21:12:56,REAL,67469747577,546,67469748123,67469748123
2025-06-18 21:12:58,REAL,67469748123,545,67469748668,67469748668
2025-06-18 21:13:00,REAL,67469748668,603,67469749271,67469749271
2025-06-18 21:13:02,REAL,67469749271,173788,67469923059,67469923059
2025-06-18 21:13:04,REAL,67469923059,92406,67470015465,67470015465
2025-06-18 21:13:06,REAL,67470015465,30375,67470045840,67470045840
2025-06-18 21:13:08,REAL,67470045840,27853,67470073693,67470073693
2025-06-18 21:13:10,REAL,67470073693,29327,67470103020,67470103020
2025-06-18 21:13:12,REAL,67470103020,28949,67470131969,67470131969
2025-06-18 21:13:14,REAL,67470131969,28912,67470160881,67470160881
2025-06-18 21:13:16,REAL,67470160881,23565,67470184446,67470184446
2025-06-18 21:13:18,REAL,67470184446,547,67470184993,67470184993
2025-06-18 21:13:20,REAL,67470184993,537,67470185530,67470185530
2025-06-18 21:13:22,REAL,67470185530,547,67470186077,67470186077
2025-06-18 21:13:24,REAL,67470186077,615,67470186692,67470186692
2025-06-18 21:13:26,REAL,67470186692,547,67470187239,67470187239
2025-06-18 21:13:28,REAL,67470187239,541,67470187780,67470187780
2025-06-18 21:13:30,REAL,67470187780,539,67470188319,67470188319
2025-06-18 21:13:32,REAL,67470188319,610,67470188929,67470188929
2025-06-18 21:13:34,REAL,67470188929,601,67470189530,67470189530
2025-06-18 21:13:36,REAL,67470189530,540,67470190070,67470190070
2025-06-18 21:13:38,REAL,67470190070,617,67470190687,67470190687
2025-06-18 21:13:40,REAL,67470190687,543,67470191230,67470191230
2025-06-18 21:13:42,REAL,67470191230,545,67470191775,67470191775
2025-06-18 21:13:44,REAL,67470191775,537,67470192312,67470192312
2025-06-18 21:13:46,REAL,67470192312,539,67470192851,67470192851
2025-06-18 21:13:48,REAL,67470192851,602,67470193453,67470193453
2025-06-18 21:13:50,REAL,67470193453,544,67470193997,67470193997
2025-06-18 21:13:52,REAL,67470193997,543,67470194540,67470194540
2025-06-18 21:13:54,REAL,67470194540,614,67470195154,67470195154
2025-06-18 21:13:56,REAL,67470195154,537,67470195691,67470195691
2025-06-18 21:13:58,REAL,67470195691,599,67470196290,67470196290
2025-06-18 21:14:00,REAL,67470196290,544,67470196834,67470196834
2025-06-18 21:14:02,REAL,67470196834,545,67470197379,67470197379
2025-06-18 21:14:04,REAL,67470197379,609,67470197988,67470197988
2025-06-18 21:14:06,REAL,67470197988,535,67470198523,67470198523
2025-06-18 21:14:08,REAL,67470198523,611,67470199134,67470199134
2025-06-18 21:14:10,REAL,67470199134,591,67470199725,67470199725
2025-06-18 21:14:12,REAL,67470199725,537,67470200262,67470200262
2025-06-18 21:14:14,REAL,67470200262,547,67470200809,67470200809
2025-06-18 21:14:16,REAL,67470200809,540,67470201349,67470201349
2025-06-18 21:14:18,REAL,67470201349,531,67470201880,67470201880
2025-06-18 21:14:20,REAL,67470201880,602,67470202482,67470202482
2025-06-18 21:14:22,REAL,67470202482,538,67470203020,67470203020
2025-06-18 21:14:24,REAL,67470203020,613,67470203633,67470203633
2025-06-18 21:14:26,REAL,67470203633,536,67470204169,67470204169
2025-06-18 21:14:28,REAL,67470204169,540,67470204709,67470204709
2025-06-18 21:14:30,REAL,67470204709,545,67470205254,67470205254
2025-06-18 21:14:32,REAL,67470205254,541,67470205795,67470205795
2025-06-18 21:14:34,REAL,67470205795,536,67470206331,67470206331
2025-06-18 21:14:36,REAL,67470206331,597,67470206928,67470206928
2025-06-18 21:14:38,REAL,67470206928,243707,67470450635,67470450635
2025-06-18 21:14:40,REAL,67470450635,42988,67470493623,67470493623
2025-06-18 21:14:42,REAL,67470493623,28954,67470522577,67470522577
2025-06-18 21:14:44,REAL,67470522577,28534,67470551111,67470551111
2025-06-18 21:14:46,REAL,67470551111,29079,67470580190,67470580190
2025-06-18 21:14:48,REAL,67470580190,28872,67470609062,67470609062
2025-06-18 21:14:50,REAL,67470609062,29479,67470638541,67470638541
2025-06-18 21:14:52,REAL,67470638541,18365,67470656906,67470656906
2025-06-18 21:14:54,REAL,67470656906,621,67470657527,67470657527
2025-06-18 21:14:56,REAL,67470657527,538,67470658065,67470658065
2025-06-18 21:14:58,REAL,67470658065,545,67470658610,67470658610
2025-06-18 21:15:00,REAL,67470658610,548,67470659158,67470659158
2025-06-18 21:15:02,REAL,67470659158,547,67470659705,67470659705
2025-06-18 21:15:04,REAL,67470659705,536,67470660241,67470660241
2025-06-18 21:15:06,REAL,67470660241,542,67470660783,67470660783
2025-06-18 21:15:08,REAL,67470660783,684,67470661467,67470661467
2025-06-18 21:15:10,REAL,67470661467,600,67470662067,67470662067
2025-06-18 21:15:12,REAL,67470662067,538,67470662605,67470662605
2025-06-18 21:15:14,REAL,67470662605,540,67470663145,67470663145
2025-06-18 21:15:16,REAL,67470663145,541,67470663686,67470663686
2025-06-18 21:15:18,REAL,67470663686,540,67470664226,67470664226
2025-06-18 21:15:20,REAL,67470664226,535,67470664761,67470664761
2025-06-18 21:15:22,REAL,67470664761,535,67470665296,67470665296
2025-06-18 21:15:24,REAL,67470665296,674,67470665970,67470665970
2025-06-18 21:15:26,REAL,67470665970,548,67470666518,67470666518
2025-06-18 21:15:28,REAL,67470666518,534,67470667052,67470667052
2025-06-18 21:15:30,REAL,67470667052,541,67470667593,67470667593
2025-06-18 21:15:32,REAL,67470667593,539,67470668132,67470668132
2025-06-18 21:15:34,REAL,67470668132,543,67470668675,67470668675
2025-06-18 21:15:36,REAL,67470668675,591,67470669266,67470669266
2025-06-18 21:15:38,REAL,67470669266,612,67470669878,67470669878
2025-06-18 21:15:40,REAL,67470669878,597,67470670475,67470670475
2025-06-18 21:15:42,REAL,67470670475,537,67470671012,67470671012
2025-06-18 21:15:44,REAL,67470671012,534,67470671546,67470671546
2025-06-18 21:15:46,REAL,67470671546,587,67470672133,67470672133
2025-06-18 21:15:48,REAL,67470672133,548,67470672681,67470672681
2025-06-18 21:15:50,REAL,67470672681,535,67470673216,67470673216
2025-06-18 21:15:52,REAL,67470673216,537,67470673753,67470673753
2025-06-18 21:15:54,REAL,67470673753,615,67470674368,67470674368
2025-06-18 21:15:56,REAL,67470674368,605,67470674973,67470674973
2025-06-18 21:15:58,REAL,67470674973,537,67470675510,67470675510
2025-06-18 21:16:00,REAL,67470675510,539,67470676049,67470676049
2025-06-18 21:16:02,REAL,67470676049,548,67470676597,67470676597
2025-06-18 21:16:04,REAL,67470676597,539,67470677136,67470677136
2025-06-18 21:16:06,REAL,67470677136,541,67470677677,67470677677
2025-06-18 21:16:08,REAL,67470677677,612,67470678289,67470678289
2025-06-18 21:16:10,REAL,67470678289,534,67470678823,67470678823
2025-06-18 21:16:12,REAL,67470678823,8265,67470687088,67470687088
2025-06-18 21:16:14,REAL,67470687088,230028,67470917116,67470917116
2025-06-18 21:16:16,REAL,67470917116,29302,67470946418,67470946418
2025-06-18 21:16:18,REAL,67470946418,28996,67470975414,67470975414
2025-06-18 21:16:20,REAL,67470975414,28888,67471004302,67471004302
2025-06-18 21:16:22,REAL,67471004302,29622,67471033924,67471033924
2025-06-18 21:16:24,REAL,67471033924,28929,67471062853,67471062853
2025-06-18 21:16:26,REAL,67471062853,29188,67471092041,67471092041
2025-06-18 21:16:28,REAL,67471092041,12724,67471104765,67471104765
2025-06-18 21:16:30,REAL,67471104765,540,67471105305,67471105305
2025-06-18 21:16:32,REAL,67471105305,539,67471105844,67471105844
2025-06-18 21:16:34,REAL,67471105844,534,67471106378,67471106378
2025-06-18 21:16:36,REAL,67471106378,539,67471106917,67471106917
2025-06-18 21:16:38,REAL,67471106917,623,67471107540,67471107540
2025-06-18 21:16:40,REAL,67471107540,548,67471108088,67471108088
2025-06-18 21:16:42,REAL,67471108088,533,67471108621,67471108621
2025-06-18 21:16:44,REAL,67471108621,28764,67471137385,67471137385
2025-06-18 21:16:46,REAL,67471137385,219144,67471356529,67471356529
2025-06-18 21:16:48,REAL,67471356529,28816,67471385345,67471385345
2025-06-18 21:16:50,REAL,67471385345,29138,67471414483,67471414483
2025-06-18 21:16:52,REAL,67471414483,29108,67471443591,67471443591
2025-06-18 21:16:54,REAL,67471443591,29071,67471472662,67471472662
2025-06-18 21:16:56,REAL,67471472662,29369,67471502031,67471502031
2025-06-18 21:16:58,REAL,67471502031,29020,67471531051,67471531051
2025-06-18 21:17:00,REAL,67471531051,11135,67471542186,67471542186
2025-06-18 21:17:02,REAL,67471542186,538,67471542724,67471542724
2025-06-18 21:17:04,REAL,67471542724,543,67471543267,67471543267
2025-06-18 21:17:06,REAL,67471543267,538,67471543805,67471543805
2025-06-18 21:17:08,REAL,67471543805,616,67471544421,67471544421
2025-06-18 21:17:10,REAL,67471544421,546,67471544967,67471544967
2025-06-18 21:17:12,REAL,67471544967,541,67471545508,67471545508
2025-06-18 21:17:14,REAL,67471545508,597,67471546105,67471546105
2025-06-18 21:17:16,REAL,67471546105,43844,67471589949,67471589949
2025-06-18 21:17:18,REAL,67471589949,219801,67471809750,67471809750
2025-06-18 21:17:20,REAL,67471809750,28876,67471838626,67471838626
2025-06-18 21:17:22,REAL,67471838626,29239,67471867865,67471867865
2025-06-18 21:17:24,REAL,67471867865,29662,67471897527,67471897527
2025-06-18 21:17:26,REAL,67471897527,29170,67471926697,67471926697
2025-06-18 21:17:28,REAL,67471926697,29194,67471955891,67471955891
2025-06-18 21:17:30,REAL,67471955891,29062,67471984953,67471984953
2025-06-18 21:17:32,REAL,67471984953,9136,67471994089,67471994089
2025-06-18 21:17:34,REAL,67471994089,534,67471994623,67471994623
2025-06-18 21:17:36,REAL,67471994623,541,67471995164,67471995164
2025-06-18 21:17:38,REAL,67471995164,613,67471995777,67471995777
2025-06-18 21:17:40,REAL,67471995777,537,67471996314,67471996314
2025-06-18 21:17:42,REAL,67471996314,534,67471996848,67471996848
2025-06-18 21:17:44,REAL,67471996848,547,67471997395,67471997395
2025-06-18 21:17:46,REAL,67471997395,532,67471997927,67471997927
2025-06-18 21:17:48,REAL,67471997927,53503,67472051430,67472051430
2025-06-18 21:17:50,REAL,67472051430,195305,67472246735,67472246735
2025-06-18 21:17:52,REAL,67472246735,29361,67472276096,67472276096
2025-06-18 21:17:54,REAL,67472276096,29351,67472305447,67472305447
2025-06-18 21:17:56,REAL,67472305447,29225,67472334672,67472334672
2025-06-18 21:17:58,REAL,67472334672,28799,67472363471,67472363471
2025-06-18 21:18:00,REAL,67472363471,29040,67472392511,67472392511
2025-06-18 21:18:02,REAL,67472392511,29181,67472421692,67472421692
2025-06-18 21:18:04,REAL,67472421692,7261,67472428953,67472428953
2025-06-18 21:18:06,REAL,67472428953,543,67472429496,67472429496
2025-06-18 21:18:08,REAL,67472429496,621,67472430117,67472430117
2025-06-18 21:18:10,REAL,67472430117,541,67472430658,67472430658
2025-06-18 21:18:12,REAL,67472430658,533,67472431191,67472431191
2025-06-18 21:18:14,REAL,67472431191,543,67472431734,67472431734
2025-06-18 21:18:16,REAL,67472431734,541,67472432275,67472432275
2025-06-18 21:18:18,REAL,67472432275,537,67472432812,67472432812
2025-06-18 21:18:20,REAL,67472432812,76376,67472509188,67472509188
2025-06-18 21:18:22,REAL,67472509188,194230,67472703418,67472703418
2025-06-18 21:18:24,REAL,67472703418,29266,67472732684,67472732684
2025-06-18 21:18:26,REAL,67472732684,29426,67472762110,67472762110
2025-06-18 21:18:28,REAL,67472762110,29357,67472791467,67472791467
2025-06-18 21:18:30,REAL,67472791467,28963,67472820430,67472820430
2025-06-18 21:18:32,REAL,67472820430,29502,67472849932,67472849932
2025-06-18 21:18:34,REAL,67472849932,28890,67472878822,67472878822
2025-06-18 21:18:36,REAL,67472878822,5545,67472884367,67472884367
2025-06-18 21:18:38,REAL,67472884367,534,67472884901,67472884901
2025-06-18 21:18:40,REAL,67472884901,619,67472885520,67472885520
2025-06-18 21:18:42,REAL,67472885520,535,67472886055,67472886055
2025-06-18 21:18:44,REAL,67472886055,542,67472886597,67472886597
2025-06-18 21:18:46,REAL,67472886597,603,67472887200,67472887200
2025-06-18 21:18:48,REAL,67472887200,550,67472887750,67472887750
2025-06-18 21:18:50,REAL,67472887750,537,67472888287,67472888287
2025-06-18 21:18:52,REAL,67472888287,95879,67472984166,67472984166
2025-06-18 21:18:54,REAL,67472984166,152168,67473136334,67473136334
2025-06-18 21:18:56,REAL,67473136334,29062,67473165396,67473165396
2025-06-18 21:18:58,REAL,67473165396,28646,67473194042,67473194042
2025-06-18 21:19:00,REAL,67473194042,29113,67473223155,67473223155
2025-06-18 21:19:02,REAL,67473223155,28878,67473252033,67473252033
2025-06-18 21:19:04,REAL,67473252033,29190,67473281223,67473281223
2025-06-18 21:19:06,REAL,67473281223,29423,67473310646,67473310646
2025-06-18 21:19:08,REAL,67473310646,3718,67473314364,67473314364
2025-06-18 21:19:10,REAL,67473314364,608,67473314972,67473314972
2025-06-18 21:19:12,REAL,67473314972,534,67473315506,67473315506
2025-06-18 21:19:14,REAL,67473315506,541,67473316047,67473316047
2025-06-18 21:19:16,REAL,67473316047,537,67473316584,67473316584
2025-06-18 21:19:18,REAL,67473316584,539,67473317123,67473317123
2025-06-18 21:19:20,REAL,67473317123,542,67473317665,67473317665
2025-06-18 21:19:22,REAL,67473317665,547,67473318212,67473318212
2025-06-18 21:19:24,REAL,67473318212,676,67473318888,67473318888
2025-06-18 21:19:26,REAL,67473318888,601,67473319489,67473319489
2025-06-18 21:19:28,REAL,67473319489,294,67473319783,67473319783
2025-06-18 21:19:30,REAL,67473319783,544,67473320327,67473320327
2025-06-18 21:19:32,REAL,67473320327,534,67473320861,67473320861
2025-06-18 21:19:34,REAL,67473320861,598,67473321459,67473321459
2025-06-18 21:19:36,REAL,67473321459,548,67473322007,67473322007
2025-06-18 21:19:38,REAL,67473322007,544,67473322551,67473322551
2025-06-18 21:19:40,REAL,67473322551,676,67473323227,67473323227
2025-06-18 21:19:42,REAL,67473323227,538,67473323765,67473323765
2025-06-18 21:19:44,REAL,67473323765,534,67473324299,67473324299
2025-06-18 21:19:46,REAL,67473324299,534,67473324833,67473324833
2025-06-18 21:19:48,REAL,67473324833,539,67473325372,67473325372
2025-06-18 21:19:50,REAL,67473325372,539,67473325911,67473325911
2025-06-18 21:19:52,REAL,67473325911,535,67473326446,67473326446
2025-06-18 21:19:54,REAL,67473326446,618,67473327064,67473327064
2025-06-18 21:19:56,REAL,67473327064,129822,67473456886,67473456886
2025-06-18 21:19:58,REAL,67473456886,112983,67473569869,67473569869
2025-06-18 21:20:00,REAL,67473569869,29468,67473599337,67473599337
2025-06-18 21:20:02,REAL,67473599337,28410,67473627747,67473627747
2025-06-18 21:20:04,REAL,67473627747,29372,67473657119,67473657119
2025-06-18 21:20:06,REAL,67473657119,29485,67473686604,67473686604
2025-06-18 21:20:08,REAL,67473686604,29097,67473715701,67473715701
2025-06-18 21:20:10,REAL,67473715701,28859,67473744560,67473744560
2025-06-18 21:20:12,REAL,67473744560,606,67473745166,67473745166
2025-06-18 21:20:14,REAL,67473745166,531,67473745697,67473745697
2025-06-18 21:20:16,REAL,67473745697,537,67473746234,67473746234
2025-06-18 21:20:18,REAL,67473746234,540,67473746774,67473746774
2025-06-18 21:20:20,REAL,67473746774,543,67473747317,67473747317
2025-06-18 21:20:22,REAL,67473747317,543,67473747860,67473747860
2025-06-18 21:20:24,REAL,67473747860,609,67473748469,67473748469
2025-06-18 21:20:26,REAL,67473748469,599,67473749068,67473749068
2025-06-18 21:20:28,REAL,67473749068,157521,67473906589,67473906589
2025-06-18 21:20:30,REAL,67473906589,102079,67474008668,67474008668
2025-06-18 21:20:32,REAL,67474008668,29599,67474038267,67474038267
2025-06-18 21:20:34,REAL,67474038267,29904,67474068171,67474068171
2025-06-18 21:20:36,REAL,67474068171,29291,67474097462,67474097462
2025-06-18 21:20:38,REAL,67474097462,28651,67474126113,67474126113
2025-06-18 21:20:40,REAL,67474126113,28730,67474154843,67474154843
2025-06-18 21:20:42,REAL,67474154843,27778,67474182621,67474182621
2025-06-18 21:20:44,REAL,67474182621,535,67474183156,67474183156
2025-06-18 21:20:46,REAL,67474183156,550,67474183706,67474183706
2025-06-18 21:20:48,REAL,67474183706,603,67474184309,67474184309
2025-06-18 21:20:50,REAL,67474184309,546,67474184855,67474184855
2025-06-18 21:20:52,REAL,67474184855,547,67474185402,67474185402
2025-06-18 21:20:54,REAL,67474185402,611,67474186013,67474186013
2025-06-18 21:20:56,REAL,67474186013,547,67474186560,67474186560
2025-06-18 21:20:58,REAL,67474186560,602,67474187162,67474187162
2025-06-18 21:21:00,REAL,67474187162,165748,67474352910,67474352910
2025-06-18 21:21:02,REAL,67474352910,102992,67474455902,67474455902
2025-06-18 21:21:04,REAL,67474455902,29705,67474485607,67474485607
2025-06-18 21:21:06,REAL,67474485607,29631,67474515238,67474515238
2025-06-18 21:21:08,REAL,67474515238,29397,67474544635,67474544635
2025-06-18 21:21:10,REAL,67474544635,29586,67474574221,67474574221
2025-06-18 21:21:12,REAL,67474574221,29328,67474603549,67474603549
2025-06-18 21:21:14,REAL,67474603549,25170,67474628719,67474628719
2025-06-18 21:21:16,REAL,67474628719,537,67474629256,67474629256
2025-06-18 21:21:18,REAL,67474629256,540,67474629796,67474629796
2025-06-18 21:21:20,REAL,67474629796,543,67474630339,67474630339
2025-06-18 21:21:22,REAL,67474630339,549,67474630888,67474630888
2025-06-18 21:21:24,REAL,67474630888,613,67474631501,67474631501
2025-06-18 21:21:26,REAL,67474631501,543,67474632044,67474632044
2025-06-18 21:21:28,REAL,67474632044,539,67474632583,67474632583
2025-06-18 21:21:30,REAL,67474632583,647,67474633230,67474633230
2025-06-18 21:21:32,REAL,67474633230,537,67474633767,67474633767
2025-06-18 21:21:34,REAL,67474633767,533,67474634300,67474634300
2025-06-18 21:21:36,REAL,67474634300,535,67474634835,67474634835
2025-06-18 21:21:38,REAL,67474634835,538,67474635373,67474635373
2025-06-18 21:21:40,REAL,67474635373,617,67474635990,67474635990
2025-06-18 21:21:42,REAL,67474635990,601,67474636591,67474636591
2025-06-18 21:21:44,REAL,67474636591,538,67474637129,67474637129
2025-06-18 21:21:46,REAL,67474637129,600,67474637729,67474637729
2025-06-18 21:21:48,REAL,67474637729,539,67474638268,67474638268
2025-06-18 21:21:50,REAL,67474638268,546,67474638814,67474638814
2025-06-18 21:21:52,REAL,67474638814,539,67474639353,67474639353
2025-06-18 21:21:54,REAL,67474639353,538,67474639891,67474639891
2025-06-18 21:21:56,REAL,67474639891,614,67474640505,67474640505
2025-06-18 21:21:58,REAL,67474640505,532,67474641037,67474641037
2025-06-18 21:22:00,REAL,67474641037,535,67474641572,67474641572
2025-06-18 21:22:02,REAL,67474641572,606,67474642178,67474642178
2025-06-18 21:22:04,REAL,67474642178,216667,67474858845,67474858845
2025-06-18 21:22:06,REAL,67474858845,59614,67474918459,67474918459
2025-06-18 21:22:08,REAL,67474918459,29681,67474948140,67474948140
2025-06-18 21:22:10,REAL,67474948140,28741,67474976881,67474976881
2025-06-18 21:22:12,REAL,67474976881,29309,67475006190,67475006190
2025-06-18 21:22:14,REAL,67475006190,29019,67475035209,67475035209
2025-06-18 21:22:16,REAL,67475035209,29235,67475064444,67475064444
2025-06-18 21:22:18,REAL,67475064444,21746,67475086190,67475086190
2025-06-18 21:22:20,REAL,67475086190,537,67475086727,67475086727
2025-06-18 21:22:22,REAL,67475086727,549,67475087276,67475087276
2025-06-18 21:22:24,REAL,67475087276,538,67475087814,67475087814
2025-06-18 21:22:26,REAL,67475087814,614,67475088428,67475088428
2025-06-18 21:22:28,REAL,67475088428,538,67475088966,67475088966
2025-06-18 21:22:30,REAL,67475088966,535,67475089501,67475089501
2025-06-18 21:22:32,REAL,67475089501,549,67475090050,67475090050
2025-06-18 21:22:34,REAL,67475090050,600,67475090650,67475090650
2025-06-18 21:22:36,REAL,67475090650,544,67475091194,67475091194
2025-06-18 21:22:38,REAL,67475091194,535,67475091729,67475091729
2025-06-18 21:22:40,REAL,67475091729,608,67475092337,67475092337
2025-06-18 21:22:42,REAL,67475092337,542,67475092879,67475092879
2025-06-18 21:22:44,REAL,67475092879,544,67475093423,67475093423
2025-06-18 21:22:46,REAL,67475093423,597,67475094020,67475094020
2025-06-18 21:22:48,REAL,67475094020,544,67475094564,67475094564
2025-06-18 21:22:50,REAL,67475094564,601,67475095165,67475095165
2025-06-18 21:22:52,REAL,67475095165,600,67475095765,67475095765
2025-06-18 21:22:54,REAL,67475095765,539,67475096304,67475096304
2025-06-18 21:22:56,REAL,67475096304,616,67475096920,67475096920
2025-06-18 21:22:58,REAL,67475096920,538,67475097458,67475097458
2025-06-18 21:23:00,REAL,67475097458,535,67475097993,67475097993
2025-06-18 21:23:02,REAL,67475097993,536,67475098529,67475098529
2025-06-18 21:23:04,REAL,67475098529,535,67475099064,67475099064
2025-06-18 21:23:06,REAL,67475099064,598,67475099662,67475099662
2025-06-18 21:23:08,REAL,67475099662,222919,67475322581,67475322581
2025-06-18 21:23:10,REAL,67475322581,41996,67475364577,67475364577
2025-06-18 21:23:12,REAL,67475364577,29022,67475393599,67475393599
2025-06-18 21:23:14,REAL,67475393599,29222,67475422821,67475422821
2025-06-18 21:23:16,REAL,67475422821,29471,67475452292,67475452292
2025-06-18 21:23:18,REAL,67475452292,29507,67475481799,67475481799
2025-06-18 21:23:20,REAL,67475481799,28834,67475510633,67475510633
2025-06-18 21:23:22,REAL,67475510633,17531,67475528164,67475528164
2025-06-18 21:23:24,REAL,67475528164,546,67475528710,67475528710
2025-06-18 21:23:26,REAL,67475528710,610,67475529320,67475529320
2025-06-18 21:23:28,REAL,67475529320,541,67475529861,67475529861
2025-06-18 21:23:30,REAL,67475529861,536,67475530397,67475530397
2025-06-18 21:23:32,REAL,67475530397,543,67475530940,67475530940
2025-06-18 21:23:34,REAL,67475530940,540,67475531480,67475531480
2025-06-18 21:23:36,REAL,67475531480,536,67475532016,67475532016
2025-06-18 21:23:38,REAL,67475532016,601,67475532617,67475532617
2025-06-18 21:23:40,REAL,67475532617,255155,67475787772,67475787772
2025-06-18 21:23:42,REAL,67475787772,29112,67475816884,67475816884
2025-06-18 21:23:44,REAL,67475816884,29404,67475846288,67475846288
2025-06-18 21:23:46,REAL,67475846288,29894,67475876182,67475876182
2025-06-18 21:23:48,REAL,67475876182,29423,67475905605,67475905605
2025-06-18 21:23:50,REAL,67475905605,28895,67475934500,67475934500
2025-06-18 21:23:52,REAL,67475934500,29374,67475963874,67475963874
2025-06-18 21:23:54,REAL,67475963874,15865,67475979739,67475979739
2025-06-18 21:23:56,REAL,67475979739,617,67475980356,67475980356
2025-06-18 21:23:58,REAL,67475980356,539,67475980895,67475980895
2025-06-18 21:24:00,REAL,67475980895,540,67475981435,67475981435
2025-06-18 21:24:02,REAL,67475981435,546,67475981981,67475981981
2025-06-18 21:24:04,REAL,67475981981,548,67475982529,67475982529
2025-06-18 21:24:06,REAL,67475982529,536,67475983065,67475983065
2025-06-18 21:24:08,REAL,67475983065,535,67475983600,67475983600
2025-06-18 21:24:10,REAL,67475983600,680,67475984280,67475984280
2025-06-18 21:24:12,REAL,67475984280,269587,67476253867,67476253867
2025-06-18 21:24:14,REAL,67476253867,28842,67476282709,67476282709
2025-06-18 21:24:16,REAL,67476282709,29087,67476311796,67476311796
2025-06-18 21:24:18,REAL,67476311796,28704,67476340500,67476340500
2025-06-18 21:24:20,REAL,67476340500,29150,67476369650,67476369650
2025-06-18 21:24:22,REAL,67476369650,29618,67476399268,67476399268
2025-06-18 21:24:24,REAL,67476399268,28947,67476428215,67476428215
2025-06-18 21:24:26,REAL,67476428215,14260,67476442475,67476442475
2025-06-18 21:24:28,REAL,67476442475,604,67476443079,67476443079
2025-06-18 21:24:30,REAL,67476443079,544,67476443623,67476443623
2025-06-18 21:24:32,REAL,67476443623,542,67476444165,67476444165
2025-06-18 21:24:34,REAL,67476444165,545,67476444710,67476444710
2025-06-18 21:24:36,REAL,67476444710,540,67476445250,67476445250
2025-06-18 21:24:38,REAL,67476445250,545,67476445795,67476445795
2025-06-18 21:24:40,REAL,67476445795,545,67476446340,67476446340
2025-06-18 21:24:42,REAL,67476446340,9493,67476455833,67476455833
2025-06-18 21:24:44,REAL,67476455833,245846,67476701679,67476701679
2025-06-18 21:24:46,REAL,67476701679,29448,67476731127,67476731127
2025-06-18 21:24:48,REAL,67476731127,29067,67476760194,67476760194
2025-06-18 21:24:50,REAL,67476760194,29184,67476789378,67476789378
2025-06-18 21:24:52,REAL,67476789378,29600,67476818978,67476818978
2025-06-18 21:24:54,REAL,67476818978,28952,67476847930,67476847930
2025-06-18 21:24:56,REAL,67476847930,29249,67476877179,67476877179
2025-06-18 21:24:58,REAL,67476877179,11980,67476889159,67476889159
2025-06-18 21:25:00,REAL,67476889159,544,67476889703,67476889703
2025-06-18 21:25:02,REAL,67476889703,542,67476890245,67476890245
2025-06-18 21:25:04,REAL,67476890245,538,67476890783,67476890783
2025-06-18 21:25:06,REAL,67476890783,538,67476891321,67476891321
2025-06-18 21:25:08,REAL,67476891321,548,67476891869,67476891869
2025-06-18 21:25:10,REAL,67476891869,535,67476892404,67476892404
2025-06-18 21:25:12,REAL,67476892404,611,67476893015,67476893015
2025-06-18 21:25:14,REAL,67476893015,33391,67476926406,67476926406
2025-06-18 21:25:16,REAL,67476926406,231014,67477157420,67477157420
2025-06-18 21:25:18,REAL,67477157420,29225,67477186645,67477186645
2025-06-18 21:25:20,REAL,67477186645,29189,67477215834,67477215834
2025-06-18 21:25:22,REAL,67477215834,28752,67477244586,67477244586
2025-06-18 21:25:24,REAL,67477244586,29757,67477274343,67477274343
2025-06-18 21:25:26,REAL,67477274343,28987,67477303330,67477303330
2025-06-18 21:25:28,REAL,67477303330,29350,67477332680,67477332680
2025-06-18 21:25:30,REAL,67477332680,10338,67477343018,67477343018
2025-06-18 21:25:32,REAL,67477343018,613,67477343631,67477343631
2025-06-18 21:25:34,REAL,67477343631,541,67477344172,67477344172
2025-06-18 21:25:36,REAL,67477344172,539,67477344711,67477344711
2025-06-18 21:25:38,REAL,67477344711,543,67477345254,67477345254
2025-06-18 21:25:40,REAL,67477345254,544,67477345798,67477345798
2025-06-18 21:25:42,REAL,67477345798,623,67477346421,67477346421
2025-06-18 21:25:44,REAL,67477346421,538,67477346959,67477346959
2025-06-18 21:25:46,REAL,67477346959,52183,67477399142,67477399142
2025-06-18 21:25:48,REAL,67477399142,190603,67477589745,67477589745
2025-06-18 21:25:50,REAL,67477589745,28892,67477618637,67477618637
2025-06-18 21:25:52,REAL,67477618637,29367,67477648004,67477648004
2025-06-18 21:25:54,REAL,67477648004,28961,67477676965,67477676965
2025-06-18 21:25:56,REAL,67477676965,29412,67477706377,67477706377
2025-06-18 21:25:58,REAL,67477706377,28993,67477735370,67477735370
2025-06-18 21:26:00,REAL,67477735370,29379,67477764749,67477764749
2025-06-18 21:26:02,REAL,67477764749,8395,67477773144,67477773144
2025-06-18 21:26:04,REAL,67477773144,547,67477773691,67477773691
2025-06-18 21:26:06,REAL,67477773691,594,67477774285,67477774285
2025-06-18 21:26:08,REAL,67477774285,541,67477774826,67477774826
2025-06-18 21:26:10,REAL,67477774826,544,67477775370,67477775370
2025-06-18 21:26:12,REAL,67477775370,617,67477775987,67477775987
2025-06-18 21:26:14,REAL,67477775987,540,67477776527,67477776527
2025-06-18 21:26:16,REAL,67477776527,545,67477777072,67477777072
2025-06-18 21:26:18,REAL,67477777072,596,67477777668,67477777668
2025-06-18 21:26:20,REAL,67477777668,540,67477778208,67477778208
2025-06-18 21:26:22,REAL,67477778208,537,67477778745,67477778745
2025-06-18 21:26:24,REAL,67477778745,542,67477779287,67477779287
2025-06-18 21:26:26,REAL,67477779287,616,67477779903,67477779903
2025-06-18 21:26:28,REAL,67477779903,592,67477780495,67477780495
2025-06-18 21:26:30,REAL,67477780495,541,67477781036,67477781036
2025-06-18 21:26:32,REAL,67477781036,536,67477781572,67477781572
2025-06-18 21:26:34,REAL,67477781572,597,67477782169,67477782169
2025-06-18 21:26:36,REAL,67477782169,540,67477782709,67477782709
2025-06-18 21:26:38,REAL,67477782709,533,67477783242,67477783242
2025-06-18 21:26:40,REAL,67477783242,533,67477783775,67477783775
2025-06-18 21:26:42,REAL,67477783775,619,67477784394,67477784394
2025-06-18 21:26:44,REAL,67477784394,531,67477784925,67477784925
2025-06-18 21:26:46,REAL,67477784925,539,67477785464,67477785464
2025-06-18 21:26:48,REAL,67477785464,545,67477786009,67477786009
2025-06-18 21:26:50,REAL,67477786009,600,67477786609,67477786609
2025-06-18 21:26:52,REAL,67477786609,543,67477787152,67477787152
2025-06-18 21:26:54,REAL,67477787152,596,67477787748,67477787748
2025-06-18 21:26:56,REAL,67477787748,607,67477788355,67477788355
2025-06-18 21:26:58,REAL,67477788355,543,67477788898,67477788898
2025-06-18 21:27:00,REAL,67477788898,543,67477789441,67477789441
2025-06-18 21:27:02,REAL,67477789441,540,67477789981,67477789981
2025-06-18 21:27:04,REAL,67477789981,542,67477790523,67477790523
2025-06-18 21:27:06,REAL,67477790523,600,67477791123,67477791123
2025-06-18 21:27:08,REAL,67477791123,544,67477791667,67477791667
2025-06-18 21:27:10,REAL,67477791667,538,67477792205,67477792205
2025-06-18 21:27:12,REAL,67477792205,670,67477792875,67477792875
2025-06-18 21:27:14,REAL,67477792875,535,67477793410,67477793410
2025-06-18 21:27:16,REAL,67477793410,547,67477793957,67477793957
2025-06-18 21:27:18,REAL,67477793957,548,67477794505,67477794505
2025-06-18 21:27:20,REAL,67477794505,536,67477795041,67477795041
2025-06-18 21:27:22,REAL,67477795041,602,67477795643,67477795643
2025-06-18 21:27:24,REAL,67477795643,539,67477796182,67477796182
2025-06-18 21:27:26,REAL,67477796182,623,67477796805,67477796805
2025-06-18 21:27:28,REAL,67477796805,537,67477797342,67477797342
2025-06-18 21:27:30,REAL,67477797342,544,67477797886,67477797886
2025-06-18 21:27:32,REAL,67477797886,540,67477798426,67477798426
2025-06-18 21:27:34,REAL,67477798426,539,67477798965,67477798965
2025-06-18 21:27:36,REAL,67477798965,542,67477799507,67477799507
2025-06-18 21:27:38,REAL,67477799507,607,67477800114,67477800114
2025-06-18 21:27:40,REAL,67477800114,537,67477800651,67477800651
2025-06-18 21:27:42,REAL,67477800651,623,67477801274,67477801274
2025-06-18 21:27:44,REAL,67477801274,587,67477801861,67477801861
2025-06-18 21:27:46,REAL,67477801861,532,67477802393,67477802393
2025-06-18 21:27:48,REAL,67477802393,536,67477802929,67477802929
2025-06-18 21:27:50,REAL,67477802929,539,67477803468,67477803468
2025-06-18 21:27:52,REAL,67477803468,530,67477803998,67477803998
2025-06-18 21:27:54,REAL,67477803998,664,67477804662,67477804662
2025-06-18 21:27:56,REAL,67477804662,617,67477805279,67477805279
2025-06-18 21:27:58,REAL,67477805279,540,67477805819,67477805819
2025-06-18 21:28:00,REAL,67477805819,536,67477806355,67477806355
2025-06-18 21:28:02,REAL,67477806355,533,67477806888,67477806888
2025-06-18 21:28:04,REAL,67477806888,539,67477807427,67477807427
2025-06-18 21:28:06,REAL,67477807427,540,67477807967,67477807967
2025-06-18 21:28:08,REAL,67477807967,530,67477808497,67477808497
2025-06-18 21:28:10,REAL,67477808497,599,67477809096,67477809096
2025-06-18 21:28:12,REAL,67477809096,622,67477809718,67477809718
2025-06-18 21:28:14,REAL,67477809718,537,67477810255,67477810255
2025-06-18 21:28:16,REAL,67477810255,538,67477810793,67477810793
2025-06-18 21:28:18,REAL,67477810793,544,67477811337,67477811337
2025-06-18 21:28:20,REAL,67477811337,544,67477811881,67477811881
2025-06-18 21:28:22,REAL,67477811881,541,67477812422,67477812422
2025-06-18 21:28:24,REAL,67477812422,535,67477812957,67477812957
2025-06-18 21:28:26,REAL,67477812957,684,67477813641,67477813641
2025-06-18 21:28:28,REAL,67477813641,536,67477814177,67477814177
2025-06-18 21:28:30,REAL,67477814177,539,67477814716,67477814716
2025-06-18 21:28:32,REAL,67477814716,594,67477815310,67477815310
2025-06-18 21:28:34,REAL,67477815310,537,67477815847,67477815847
2025-06-18 21:28:36,REAL,67477815847,540,67477816387,67477816387
2025-06-18 21:28:38,REAL,67477816387,593,67477816980,67477816980
2025-06-18 21:28:40,REAL,67477816980,600,67477817580,67477817580
2025-06-18 21:28:42,REAL,67477817580,616,67477818196,67477818196
2025-06-18 21:28:44,REAL,67477818196,533,67477818729,67477818729
2025-06-18 21:28:46,REAL,67477818729,533,67477819262,67477819262
2025-06-18 21:28:48,REAL,67477819262,537,67477819799,67477819799
2025-06-18 21:28:50,REAL,67477819799,542,67477820341,67477820341
2025-06-18 21:28:52,REAL,67477820341,547,67477820888,67477820888
2025-06-18 21:28:54,REAL,67477820888,599,67477821487,67477821487
2025-06-18 21:28:56,REAL,67477821487,670,67477822157,67477822157
2025-06-18 21:28:58,REAL,67477822157,531,67477822688,67477822688
2025-06-18 21:29:00,REAL,67477822688,541,67477823229,67477823229
2025-06-18 21:29:02,REAL,67477823229,544,67477823773,67477823773
2025-06-18 21:29:04,REAL,67477823773,546,67477824319,67477824319
2025-06-18 21:29:06,REAL,67477824319,540,67477824859,67477824859
2025-06-18 21:29:08,REAL,67477824859,542,67477825401,67477825401
2025-06-18 21:29:10,REAL,67477825401,538,67477825939,67477825939
2025-06-18 21:29:12,REAL,67477825939,618,67477826557,67477826557
2025-06-18 21:29:14,REAL,67477826557,605,67477827162,67477827162
2025-06-18 21:29:16,REAL,67477827162,601,67477827763,67477827763
2025-06-18 21:29:18,REAL,67477827763,530,67477828293,67477828293
2025-06-18 21:29:20,REAL,67477828293,601,67477828894,67477828894
2025-06-18 21:29:22,REAL,67477828894,549,67477829443,67477829443
2025-06-18 21:29:24,REAL,67477829443,538,67477829981,67477829981
2025-06-18 21:29:26,REAL,67477829981,615,67477830596,67477830596
2025-06-18 21:29:28,REAL,67477830596,593,67477831189,67477831189
2025-06-18 21:29:30,REAL,67477831189,179431,67478010620,67478010620
2025-06-18 21:29:32,REAL,67478010620,100807,67478111427,67478111427
2025-06-18 21:29:34,REAL,67478111427,30036,67478141463,67478141463
2025-06-18 21:29:36,REAL,67478141463,29444,67478170907,67478170907
2025-06-18 21:29:38,REAL,67478170907,29343,67478200250,67478200250
2025-06-18 21:29:40,REAL,67478200250,29168,67478229418,67478229418
2025-06-18 21:29:42,REAL,67478229418,31448,67478260866,67478260866
2025-06-18 21:29:44,REAL,67478260866,22392,67478283258,67478283258
2025-06-18 21:29:46,REAL,67478283258,599,67478283857,67478283857
2025-06-18 21:29:48,REAL,67478283857,606,67478284463,67478284463
2025-06-18 21:29:50,REAL,67478284463,595,67478285058,67478285058
2025-06-18 21:29:52,REAL,67478285058,539,67478285597,67478285597
2025-06-18 21:29:54,REAL,67478285597,543,67478286140,67478286140
2025-06-18 21:29:56,REAL,67478286140,545,67478286685,67478286685
2025-06-18 21:29:58,REAL,67478286685,612,67478287297,67478287297
2025-06-18 21:30:00,REAL,67478287297,601,67478287898,67478287898
2025-06-18 21:30:02,REAL,67478287898,541,67478288439,67478288439
2025-06-18 21:30:04,REAL,67478288439,542,67478288981,67478288981
2025-06-18 21:30:06,REAL,67478288981,650,67478289631,67478289631
2025-06-18 21:30:08,REAL,67478289631,597,67478290228,67478290228
2025-06-18 21:30:10,REAL,67478290228,600,67478290828,67478290828
2025-06-18 21:30:12,REAL,67478290828,676,67478291504,67478291504
2025-06-18 21:30:14,REAL,67478291504,544,67478292048,67478292048
2025-06-18 21:30:16,REAL,67478292048,549,67478292597,67478292597
2025-06-18 21:30:18,REAL,67478292597,533,67478293130,67478293130
2025-06-18 21:30:20,REAL,67478293130,534,67478293664,67478293664
2025-06-18 21:30:22,REAL,67478293664,597,67478294261,67478294261
2025-06-18 21:30:24,REAL,67478294261,548,67478294809,67478294809
2025-06-18 21:30:26,REAL,67478294809,606,67478295415,67478295415
2025-06-18 21:30:28,REAL,67478295415,622,67478296037,67478296037
2025-06-18 21:30:30,REAL,67478296037,536,67478296573,67478296573
2025-06-18 21:30:32,REAL,67478296573,540,67478297113,67478297113
2025-06-18 21:30:34,REAL,67478297113,546,67478297659,67478297659
2025-06-18 21:30:36,REAL,67478297659,544,67478298203,67478298203
2025-06-18 21:30:38,REAL,67478298203,537,67478298740,67478298740
2025-06-18 21:30:40,REAL,67478298740,537,67478299277,67478299277
2025-06-18 21:30:42,REAL,67478299277,671,67478299948,67478299948
2025-06-18 21:30:44,REAL,67478299948,650,67478300598,67478300598
2025-06-18 21:30:46,REAL,67478300598,597,67478301195,67478301195
2025-06-18 21:30:48,REAL,67478301195,595,67478301790,67478301790
2025-06-18 21:30:50,REAL,67478301790,537,67478302327,67478302327
2025-06-18 21:30:52,REAL,67478302327,539,67478302866,67478302866
2025-06-18 21:30:54,REAL,67478302866,597,67478303463,67478303463
2025-06-18 21:30:56,REAL,67478303463,542,67478304005,67478304005
2025-06-18 21:30:58,REAL,67478304005,605,67478304610,67478304610
2025-06-18 21:31:00,REAL,67478304610,537,67478305147,67478305147
2025-06-18 21:31:02,REAL,67478305147,539,67478305686,67478305686
2025-06-18 21:31:04,REAL,67478305686,596,67478306282,67478306282
2025-06-18 21:31:06,REAL,67478306282,595,67478306877,67478306877
2025-06-18 21:31:08,REAL,67478306877,532,67478307409,67478307409
2025-06-18 21:31:10,REAL,67478307409,544,67478307953,67478307953
2025-06-18 21:31:12,REAL,67478307953,616,67478308569,67478308569
2025-06-18 21:31:14,REAL,67478308569,542,67478309111,67478309111
2025-06-18 21:31:16,REAL,67478309111,544,67478309655,67478309655
2025-06-18 21:31:18,REAL,67478309655,531,67478310186,67478310186
2025-06-18 21:31:20,REAL,67478310186,597,67478310783,67478310783
2025-06-18 21:31:22,REAL,67478310783,544,67478311327,67478311327
2025-06-18 21:31:24,REAL,67478311327,537,67478311864,67478311864
2025-06-18 21:31:26,REAL,67478311864,533,67478312397,67478312397
2025-06-18 21:31:28,REAL,67478312397,664,67478313061,67478313061
2025-06-18 21:31:30,REAL,67478313061,539,67478313600,67478313600
2025-06-18 21:31:32,REAL,67478313600,533,67478314133,67478314133
2025-06-18 21:31:34,REAL,67478314133,534,67478314667,67478314667
2025-06-18 21:31:36,REAL,67478314667,606,67478315273,67478315273
2025-06-18 21:31:38,REAL,67478315273,595,67478315868,67478315868
2025-06-18 21:31:40,REAL,67478315868,537,67478316405,67478316405
2025-06-18 21:31:42,REAL,67478316405,620,67478317025,67478317025
2025-06-18 21:31:44,REAL,67478317025,549,67478317574,67478317574
2025-06-18 21:31:46,REAL,67478317574,538,67478318112,67478318112
2025-06-18 21:31:48,REAL,67478318112,536,67478318648,67478318648
2025-06-18 21:31:50,REAL,67478318648,599,67478319247,67478319247
2025-06-18 21:31:52,REAL,67478319247,99306,67478418553,67478418553
2025-06-18 21:31:54,REAL,67478418553,156327,67478574880,67478574880
2025-06-18 21:31:56,REAL,67478574880,29067,67478603947,67478603947
2025-06-18 21:31:58,REAL,67478603947,29413,67478633360,67478633360
2025-06-18 21:32:00,REAL,67478633360,29376,67478662736,67478662736
2025-06-18 21:32:02,REAL,67478662736,29336,67478692072,67478692072
2025-06-18 21:32:04,REAL,67478692072,28884,67478720956,67478720956
2025-06-18 21:32:06,REAL,67478720956,29355,67478750311,67478750311
2025-06-18 21:32:08,REAL,67478750311,2671,67478752982,67478752982
2025-06-18 21:32:10,REAL,67478752982,538,67478753520,67478753520
2025-06-18 21:32:12,REAL,67478753520,672,67478754192,67478754192
2025-06-18 21:32:14,REAL,67478754192,544,67478754736,67478754736
2025-06-18 21:32:16,REAL,67478754736,541,67478755277,67478755277
2025-06-18 21:32:18,REAL,67478755277,547,67478755824,67478755824
2025-06-18 21:32:20,REAL,67478755824,538,67478756362,67478756362
2025-06-18 21:32:22,REAL,67478756362,535,67478756897,67478756897
2025-06-18 21:32:24,REAL,67478756897,600,67478757497,67478757497
2025-06-18 21:32:26,REAL,67478757497,542,67478758039,67478758039
2025-06-18 21:32:28,REAL,67478758039,607,67478758646,67478758646
2025-06-18 21:32:30,REAL,67478758646,536,67478759182,67478759182
2025-06-18 21:32:32,REAL,67478759182,596,67478759778,67478759778
2025-06-18 21:32:34,REAL,67478759778,596,67478760374,67478760374
2025-06-18 21:32:36,REAL,67478760374,539,67478760913,67478760913
2025-06-18 21:32:38,REAL,67478760913,543,67478761456,67478761456
2025-06-18 21:32:40,REAL,67478761456,600,67478762056,67478762056
2025-06-18 21:32:42,REAL,67478762056,618,67478762674,67478762674
2025-06-18 21:32:44,REAL,67478762674,534,67478763208,67478763208
2025-06-18 21:32:46,REAL,67478763208,536,67478763744,67478763744
2025-06-18 21:32:48,REAL,67478763744,546,67478764290,67478764290
2025-06-18 21:32:50,REAL,67478764290,537,67478764827,67478764827
2025-06-18 21:32:52,REAL,67478764827,533,67478765360,67478765360
2025-06-18 21:32:54,REAL,67478765360,544,67478765904,67478765904
2025-06-18 21:32:56,REAL,67478765904,606,67478766510,67478766510
2025-06-18 21:32:58,REAL,67478766510,676,67478767186,67478767186
2025-06-18 21:33:00,REAL,67478767186,546,67478767732,67478767732
2025-06-18 21:33:02,REAL,67478767732,540,67478768272,67478768272
2025-06-18 21:33:04,REAL,67478768272,540,67478768812,67478768812
2025-06-18 21:33:06,REAL,67478768812,531,67478769343,67478769343
2025-06-18 21:33:08,REAL,67478769343,545,67478769888,67478769888
2025-06-18 21:33:10,REAL,67478769888,658,67478770546,67478770546
2025-06-18 21:33:12,REAL,67478770546,611,67478771157,67478771157
2025-06-18 21:33:14,REAL,67478771157,539,67478771696,67478771696
2025-06-18 21:33:16,REAL,67478771696,541,67478772237,67478772237
2025-06-18 21:33:18,REAL,67478772237,543,67478772780,67478772780
2025-06-18 21:33:20,REAL,67478772780,541,67478773321,67478773321
2025-06-18 21:33:22,REAL,67478773321,540,67478773861,67478773861
2025-06-18 21:33:24,REAL,67478773861,549,67478774410,67478774410
2025-06-18 21:33:26,REAL,67478774410,595,67478775005,67478775005
2025-06-18 21:33:28,REAL,67478775005,624,67478775629,67478775629
2025-06-18 21:33:30,REAL,67478775629,599,67478776228,67478776228
2025-06-18 21:33:32,REAL,67478776228,541,67478776769,67478776769
2025-06-18 21:33:34,REAL,67478776769,548,67478777317,67478777317
2025-06-18 21:33:36,REAL,67478777317,542,67478777859,67478777859
2025-06-18 21:33:38,REAL,67478777859,539,67478778398,67478778398
2025-06-18 21:33:40,REAL,67478778398,542,67478778940,67478778940
2025-06-18 21:33:42,REAL,67478778940,604,67478779544,67478779544
2025-06-18 21:33:44,REAL,67478779544,621,67478780165,67478780165
2025-06-18 21:33:46,REAL,67478780165,548,67478780713,67478780713
2025-06-18 21:33:48,REAL,67478780713,537,67478781250,67478781250
2025-06-18 21:33:50,REAL,67478781250,600,67478781850,67478781850
2025-06-18 21:33:52,REAL,67478781850,541,67478782391,67478782391
2025-06-18 21:33:54,REAL,67478782391,543,67478782934,67478782934
2025-06-18 21:33:56,REAL,67478782934,550,67478783484,67478783484
2025-06-18 21:33:58,REAL,67478783484,674,67478784158,67478784158
2025-06-18 21:34:00,REAL,67478784158,549,67478784707,67478784707
2025-06-18 21:34:02,REAL,67478784707,541,67478785248,67478785248
2025-06-18 21:34:04,REAL,67478785248,539,67478785787,67478785787
2025-06-18 21:34:06,REAL,67478785787,598,67478786385,67478786385
2025-06-18 21:34:08,REAL,67478786385,532,67478786917,67478786917
2025-06-18 21:34:10,REAL,67478786917,539,67478787456,67478787456
2025-06-18 21:34:12,REAL,67478787456,548,67478788004,67478788004
2025-06-18 21:34:14,REAL,67478788004,671,67478788675,67478788675
2025-06-18 21:34:16,REAL,67478788675,547,67478789222,67478789222
2025-06-18 21:34:18,REAL,67478789222,531,67478789753,67478789753
2025-06-18 21:34:20,REAL,67478789753,539,67478790292,67478790292
2025-06-18 21:34:22,REAL,67478790292,541,67478790833,67478790833
2025-06-18 21:34:24,REAL,67478790833,537,67478791370,67478791370
2025-06-18 21:34:26,REAL,67478791370,544,67478791914,67478791914
2025-06-18 21:34:28,REAL,67478791914,668,67478792582,67478792582
2025-06-18 21:34:30,REAL,67478792582,598,67478793180,67478793180
2025-06-18 21:34:32,REAL,67478793180,533,67478793713,67478793713
2025-06-18 21:34:34,REAL,67478793713,539,67478794252,67478794252
2025-06-18 21:34:36,REAL,67478794252,532,67478794784,67478794784
2025-06-18 21:34:38,REAL,67478794784,539,67478795323,67478795323
2025-06-18 21:34:40,REAL,67478795323,601,67478795924,67478795924
2025-06-18 21:34:42,REAL,67478795924,537,67478796461,67478796461
2025-06-18 21:34:44,REAL,67478796461,619,67478797080,67478797080
2025-06-18 21:34:46,REAL,67478797080,599,67478797679,67478797679
2025-06-18 21:34:48,REAL,67478797679,539,67478798218,67478798218
2025-06-18 21:34:50,REAL,67478798218,536,67478798754,67478798754
2025-06-18 21:34:52,REAL,67478798754,541,67478799295,67478799295
2025-06-18 21:34:54,REAL,67478799295,544,67478799839,67478799839
2025-06-18 21:34:56,REAL,67478799839,535,67478800374,67478800374
2025-06-18 21:34:58,REAL,67478800374,623,67478800997,67478800997
2025-06-18 21:35:00,REAL,67478800997,541,67478801538,67478801538
2025-06-18 21:35:02,REAL,67478801538,600,67478802138,67478802138
2025-06-18 21:35:04,REAL,67478802138,541,67478802679,67478802679
2025-06-18 21:35:06,REAL,67478802679,535,67478803214,67478803214
2025-06-18 21:35:08,REAL,67478803214,592,67478803806,67478803806
2025-06-18 21:35:10,REAL,67478803806,537,67478804343,67478804343
2025-06-18 21:35:12,REAL,67478804343,537,67478804880,67478804880
2025-06-18 21:35:14,REAL,67478804880,672,67478805552,67478805552
2025-06-18 21:35:16,REAL,67478805552,540,67478806092,67478806092
2025-06-18 21:35:18,REAL,67478806092,608,67478806700,67478806700
2025-06-18 21:35:20,REAL,67478806700,543,67478807243,67478807243
2025-06-18 21:35:22,REAL,67478807243,538,67478807781,67478807781
2025-06-18 21:35:24,REAL,67478807781,539,67478808320,67478808320
2025-06-18 21:35:26,REAL,67478808320,539,67478808859,67478808859
2025-06-18 21:35:28,REAL,67478808859,616,67478809475,67478809475
2025-06-18 21:35:30,REAL,67478809475,539,67478810014,67478810014
2025-06-18 21:35:32,REAL,67478810014,542,67478810556,67478810556
2025-06-18 21:35:34,REAL,67478810556,600,67478811156,67478811156
2025-06-18 21:35:36,REAL,67478811156,543,67478811699,67478811699
2025-06-18 21:35:38,REAL,67478811699,539,67478812238,67478812238
2025-06-18 21:35:40,REAL,67478812238,537,67478812775,67478812775
2025-06-18 21:35:42,REAL,67478812775,540,67478813315,67478813315
2025-06-18 21:35:44,REAL,67478813315,617,67478813932,67478813932
2025-06-18 21:35:46,REAL,67478813932,653,67478814585,67478814585
2025-06-18 21:35:48,REAL,67478814585,538,67478815123,67478815123
2025-06-18 21:35:50,REAL,67478815123,596,67478815719,67478815719
2025-06-18 21:35:52,REAL,67478815719,538,67478816257,67478816257
2025-06-18 21:35:54,REAL,67478816257,547,67478816804,67478816804
2025-06-18 21:35:56,REAL,67478816804,546,67478817350,67478817350
2025-06-18 21:35:58,REAL,67478817350,620,67478817970,67478817970
2025-06-18 21:36:00,REAL,67478817970,538,67478818508,67478818508
2025-06-18 21:36:02,REAL,67478818508,540,67478819048,67478819048
2025-06-18 21:36:04,REAL,67478819048,547,67478819595,67478819595
2025-06-18 21:36:06,REAL,67478819595,599,67478820194,67478820194
2025-06-18 21:36:08,REAL,67478820194,542,67478820736,67478820736
2025-06-18 21:36:10,REAL,67478820736,540,67478821276,67478821276
2025-06-18 21:36:12,REAL,67478821276,541,67478821817,67478821817
2025-06-18 21:36:14,REAL,67478821817,614,67478822431,67478822431
2025-06-18 21:36:16,REAL,67478822431,541,67478822972,67478822972
2025-06-18 21:36:18,REAL,67478822972,535,67478823507,67478823507
2025-06-18 21:36:20,REAL,67478823507,300,67478823807,67478823807
2025-06-18 21:36:22,REAL,67478823807,660,67478824467,67478824467
2025-06-18 21:36:24,REAL,67478824467,549,67478825016,67478825016
2025-06-18 21:36:26,REAL,67478825016,594,67478825610,67478825610
2025-06-18 21:36:28,REAL,67478825610,607,67478826217,67478826217
2025-06-18 21:36:30,REAL,67478826217,548,67478826765,67478826765
2025-06-18 21:36:32,REAL,67478826765,539,67478827304,67478827304
2025-06-18 21:36:34,REAL,67478827304,534,67478827838,67478827838
2025-06-18 21:36:36,REAL,67478827838,538,67478828376,67478828376
2025-06-18 21:36:38,REAL,67478828376,604,67478828980,67478828980
2025-06-18 21:36:40,REAL,67478828980,254895,67479083875,67479083875
2025-06-18 21:36:42,REAL,67479083875,29224,67479113099,67479113099
2025-06-18 21:36:44,REAL,67479113099,28931,67479142030,67479142030
2025-06-18 21:36:46,REAL,67479142030,29383,67479171413,67479171413
2025-06-18 21:36:48,REAL,67479171413,28811,67479200224,67479200224
2025-06-18 21:36:50,REAL,67479200224,28780,67479229004,67479229004
2025-06-18 21:36:52,REAL,67479229004,29117,67479258121,67479258121
2025-06-18 21:36:54,REAL,67479258121,14706,67479272827,67479272827
2025-06-18 21:36:56,REAL,67479272827,544,67479273371,67479273371
2025-06-18 21:36:58,REAL,67479273371,663,67479274034,67479274034
2025-06-18 21:37:00,REAL,67479274034,537,67479274571,67479274571
2025-06-18 21:37:02,REAL,67479274571,540,67479275111,67479275111
2025-06-18 21:37:04,REAL,67479275111,537,67479275648,67479275648
2025-06-18 21:37:06,REAL,67479275648,536,67479276184,67479276184
2025-06-18 21:37:08,REAL,67479276184,535,67479276719,67479276719
2025-06-18 21:37:10,REAL,67479276719,3624,67479280343,67479280343
2025-06-18 21:37:12,REAL,67479280343,239273,67479519616,67479519616
2025-06-18 21:37:14,REAL,67479519616,29732,67479549348,67479549348
2025-06-18 21:37:16,REAL,67479549348,29127,67479578475,67479578475
2025-06-18 21:37:18,REAL,67479578475,29074,67479607549,67479607549
2025-06-18 21:37:20,REAL,67479607549,29160,67479636709,67479636709
2025-06-18 21:37:22,REAL,67479636709,28982,67479665691,67479665691
2025-06-18 21:37:24,REAL,67479665691,28682,67479694373,67479694373
2025-06-18 21:37:26,REAL,67479694373,12831,67479707204,67479707204
2025-06-18 21:37:28,REAL,67479707204,616,67479707820,67479707820
2025-06-18 21:37:30,REAL,67479707820,534,67479708354,67479708354
2025-06-18 21:37:32,REAL,67479708354,596,67479708950,67479708950
2025-06-18 21:37:34,REAL,67479708950,541,67479709491,67479709491
2025-06-18 21:37:36,REAL,67479709491,533,67479710024,67479710024
2025-06-18 21:37:38,REAL,67479710024,537,67479710561,67479710561
2025-06-18 21:37:40,REAL,67479710561,535,67479711096,67479711096
2025-06-18 21:37:42,REAL,67479711096,27390,67479738486,67479738486
2025-06-18 21:37:44,REAL,67479738486,230987,67479969473,67479969473
2025-06-18 21:37:46,REAL,67479969473,28899,67479998372,67479998372
2025-06-18 21:37:48,REAL,67479998372,28930,67480027302,67480027302
2025-06-18 21:37:50,REAL,67480027302,28923,67480056225,67480056225
2025-06-18 21:37:52,REAL,67480056225,29327,67480085552,67480085552
2025-06-18 21:37:54,REAL,67480085552,29145,67480114697,67480114697
2025-06-18 21:37:56,REAL,67480114697,29276,67480143973,67480143973
2025-06-18 21:37:58,REAL,67480143973,10940,67480154913,67480154913
2025-06-18 21:38:00,REAL,67480154913,535,67480155448,67480155448
2025-06-18 21:38:02,REAL,67480155448,540,67480155988,67480155988
2025-06-18 21:38:04,REAL,67480155988,604,67480156592,67480156592
2025-06-18 21:38:06,REAL,67480156592,538,67480157130,67480157130
2025-06-18 21:38:08,REAL,67480157130,542,67480157672,67480157672
2025-06-18 21:38:10,REAL,67480157672,544,67480158216,67480158216
2025-06-18 21:38:12,REAL,67480158216,547,67480158763,67480158763
2025-06-18 21:38:14,REAL,67480158763,33680,67480192443,67480192443
2025-06-18 21:38:16,REAL,67480192443,226223,67480418666,67480418666
2025-06-18 21:38:18,REAL,67480418666,29363,67480448029,67480448029
2025-06-18 21:38:20,REAL,67480448029,29079,67480477108,67480477108
2025-06-18 21:38:22,REAL,67480477108,29715,67480506823,67480506823
2025-06-18 21:38:24,REAL,67480506823,29130,67480535953,67480535953
2025-06-18 21:38:26,REAL,67480535953,29178,67480565131,67480565131
2025-06-18 21:38:28,REAL,67480565131,29167,67480594298,67480594298
2025-06-18 21:38:30,REAL,67480594298,9510,67480603808,67480603808
2025-06-18 21:38:32,REAL,67480603808,545,67480604353,67480604353
2025-06-18 21:38:34,REAL,67480604353,601,67480604954,67480604954
2025-06-18 21:38:36,REAL,67480604954,535,67480605489,67480605489
2025-06-18 21:38:38,REAL,67480605489,536,67480606025,67480606025
2025-06-18 21:38:40,REAL,67480606025,539,67480606564,67480606564
2025-06-18 21:38:42,REAL,67480606564,536,67480607100,67480607100
2025-06-18 21:38:44,REAL,67480607100,618,67480607718,67480607718
2025-06-18 21:38:46,REAL,67480607718,597,67480608315,67480608315
2025-06-18 21:38:48,REAL,67480608315,538,67480608853,67480608853
2025-06-18 21:38:50,REAL,67480608853,596,67480609449,67480609449
2025-06-18 21:38:52,REAL,67480609449,535,67480609984,67480609984
2025-06-18 21:38:54,REAL,67480609984,593,67480610577,67480610577
2025-06-18 21:38:56,REAL,67480610577,541,67480611118,67480611118
2025-06-18 21:38:58,REAL,67480611118,611,67480611729,67480611729
2025-06-18 21:39:00,REAL,67480611729,543,67480612272,67480612272
2025-06-18 21:39:02,REAL,67480612272,610,67480612882,67480612882
2025-06-18 21:39:04,REAL,67480612882,538,67480613420,67480613420
2025-06-18 21:39:06,REAL,67480613420,541,67480613961,67480613961
2025-06-18 21:39:08,REAL,67480613961,540,67480614501,67480614501
2025-06-18 21:39:10,REAL,67480614501,547,67480615048,67480615048
2025-06-18 21:39:12,REAL,67480615048,535,67480615583,67480615583
2025-06-18 21:39:14,REAL,67480615583,614,67480616197,67480616197
2025-06-18 21:39:16,REAL,67480616197,536,67480616733,67480616733
2025-06-18 21:39:18,REAL,67480616733,599,67480617332,67480617332
2025-06-18 21:39:20,REAL,67480617332,546,67480617878,67480617878
2025-06-18 21:39:22,REAL,67480617878,548,67480618426,67480618426
2025-06-18 21:39:24,REAL,67480618426,542,67480618968,67480618968
2025-06-18 21:39:26,REAL,67480618968,548,67480619516,67480619516
2025-06-18 21:39:28,REAL,67480619516,610,67480620126,67480620126
2025-06-18 21:39:30,REAL,67480620126,538,67480620664,67480620664
2025-06-18 21:39:32,REAL,67480620664,535,67480621199,67480621199
2025-06-18 21:39:34,REAL,67480621199,652,67480621851,67480621851
2025-06-18 21:39:36,REAL,67480621851,601,67480622452,67480622452
2025-06-18 21:39:38,REAL,67480622452,539,67480622991,67480622991
2025-06-18 21:39:40,REAL,67480622991,534,67480623525,67480623525
2025-06-18 21:39:42,REAL,67480623525,544,67480624069,67480624069
2025-06-18 21:39:44,REAL,67480624069,614,67480624683,67480624683
2025-06-18 21:39:46,REAL,67480624683,542,67480625225,67480625225
2025-06-18 21:39:48,REAL,67480625225,550,67480625775,67480625775
2025-06-18 21:39:50,REAL,67480625775,593,67480626368,67480626368
2025-06-18 21:39:52,REAL,67480626368,547,67480626915,67480626915
2025-06-18 21:39:54,REAL,67480626915,536,67480627451,67480627451
2025-06-18 21:39:56,REAL,67480627451,545,67480627996,67480627996
2025-06-18 21:39:58,REAL,67480627996,613,67480628609,67480628609
2025-06-18 21:40:00,REAL,67480628609,535,67480629144,67480629144
2025-06-18 21:40:02,REAL,67480629144,539,67480629683,67480629683
2025-06-18 21:40:04,REAL,67480629683,544,67480630227,67480630227
2025-06-18 21:40:06,REAL,67480630227,601,67480630828,67480630828
2025-06-18 21:40:08,REAL,67480630828,539,67480631367,67480631367
2025-06-18 21:40:10,REAL,67480631367,547,67480631914,67480631914
2025-06-18 21:40:12,REAL,67480631914,543,67480632457,67480632457
2025-06-18 21:40:14,REAL,67480632457,618,67480633075,67480633075
2025-06-18 21:40:16,REAL,67480633075,588,67480633663,67480633663
2025-06-18 21:40:18,REAL,67480633663,537,67480634200,67480634200
2025-06-18 21:40:20,REAL,67480634200,590,67480634790,67480634790
2025-06-18 21:40:22,REAL,67480634790,603,67480635393,67480635393
2025-06-18 21:40:24,REAL,67480635393,535,67480635928,67480635928
2025-06-18 21:40:26,REAL,67480635928,544,67480636472,67480636472
2025-06-18 21:40:28,REAL,67480636472,533,67480637005,67480637005
2025-06-18 21:40:30,REAL,67480637005,613,67480637618,67480637618
2025-06-18 21:40:32,REAL,67480637618,534,67480638152,67480638152
2025-06-18 21:40:34,REAL,67480638152,542,67480638694,67480638694
2025-06-18 21:40:36,REAL,67480638694,540,67480639234,67480639234
2025-06-18 21:40:38,REAL,67480639234,600,67480639834,67480639834
2025-06-18 21:40:40,REAL,67480639834,533,67480640367,67480640367
2025-06-18 21:40:42,REAL,67480640367,617,67480640984,67480640984
2025-06-18 21:40:44,REAL,67480640984,617,67480641601,67480641601
2025-06-18 21:40:46,REAL,67480641601,537,67480642138,67480642138
2025-06-18 21:40:48,REAL,67480642138,541,67480642679,67480642679
2025-06-18 21:40:50,REAL,67480642679,538,67480643217,67480643217
2025-06-18 21:40:52,REAL,67480643217,535,67480643752,67480643752
2025-06-18 21:40:54,REAL,67480643752,126239,67480769991,67480769991
2025-06-18 21:40:56,REAL,67480769991,144633,67480914624,67480914624
2025-06-18 21:40:58,REAL,67480914624,29413,67480944037,67480944037
2025-06-18 21:41:00,REAL,67480944037,29460,67480973497,67480973497
2025-06-18 21:41:02,REAL,67480973497,29009,67481002506,67481002506
2025-06-18 21:41:04,REAL,67481002506,28813,67481031319,67481031319
2025-06-18 21:41:06,REAL,67481031319,29091,67481060410,67481060410
2025-06-18 21:41:08,REAL,67481060410,28975,67481089385,67481089385
2025-06-18 21:41:10,REAL,67481089385,660,67481090045,67481090045
2025-06-18 21:41:12,REAL,67481090045,599,67481090644,67481090644
2025-06-18 21:41:14,REAL,67481090644,669,67481091313,67481091313
2025-06-18 21:41:16,REAL,67481091313,535,67481091848,67481091848
2025-06-18 21:41:18,REAL,67481091848,539,67481092387,67481092387
2025-06-18 21:41:20,REAL,67481092387,542,67481092929,67481092929
2025-06-18 21:41:22,REAL,67481092929,537,67481093466,67481093466
2025-06-18 21:41:24,REAL,67481093466,533,67481093999,67481093999
2025-06-18 21:41:26,REAL,67481093999,548,67481094547,67481094547
2025-06-18 21:41:28,REAL,67481094547,541,67481095088,67481095088
2025-06-18 21:41:30,REAL,67481095088,674,67481095762,67481095762
2025-06-18 21:41:32,REAL,67481095762,543,67481096305,67481096305
2025-06-18 21:41:34,REAL,67481096305,598,67481096903,67481096903
2025-06-18 21:41:36,REAL,67481096903,548,67481097451,67481097451
2025-06-18 21:41:38,REAL,67481097451,543,67481097994,67481097994
2025-06-18 21:41:40,REAL,67481097994,532,67481098526,67481098526
2025-06-18 21:41:42,REAL,67481098526,544,67481099070,67481099070
2025-06-18 21:41:44,REAL,67481099070,618,67481099688,67481099688
2025-06-18 21:41:46,REAL,67481099688,606,67481100294,67481100294
2025-06-18 21:41:48,REAL,67481100294,539,67481100833,67481100833
2025-06-18 21:41:50,REAL,67481100833,590,67481101423,67481101423
2025-06-18 21:41:52,REAL,67481101423,542,67481101965,67481101965
2025-06-18 21:41:54,REAL,67481101965,538,67481102503,67481102503
2025-06-18 21:41:56,REAL,67481102503,543,67481103046,67481103046
2025-06-18 21:41:58,REAL,67481103046,538,67481103584,67481103584
2025-06-18 21:42:00,REAL,67481103584,620,67481104204,67481104204
2025-06-18 21:42:02,REAL,67481104204,605,67481104809,67481104809
2025-06-18 21:42:04,REAL,67481104809,542,67481105351,67481105351
2025-06-18 21:42:06,REAL,67481105351,548,67481105899,67481105899
2025-06-18 21:42:08,REAL,67481105899,536,67481106435,67481106435
2025-06-18 21:42:10,REAL,67481106435,540,67481106975,67481106975
2025-06-18 21:42:12,REAL,67481106975,540,67481107515,67481107515
2025-06-18 21:42:14,REAL,67481107515,612,67481108127,67481108127
2025-06-18 21:42:16,REAL,67481108127,538,67481108665,67481108665
2025-06-18 21:42:18,REAL,67481108665,604,67481109269,67481109269
2025-06-18 21:42:20,REAL,67481109269,600,67481109869,67481109869
2025-06-18 21:42:22,REAL,67481109869,531,67481110400,67481110400
2025-06-18 21:42:24,REAL,67481110400,541,67481110941,67481110941
2025-06-18 21:42:26,REAL,67481110941,543,67481111484,67481111484
2025-06-18 21:42:28,REAL,67481111484,543,67481112027,67481112027
2025-06-18 21:42:30,REAL,67481112027,615,67481112642,67481112642
2025-06-18 21:42:32,REAL,67481112642,537,67481113179,67481113179
2025-06-18 21:42:34,REAL,67481113179,651,67481113830,67481113830
2025-06-18 21:42:36,REAL,67481113830,543,67481114373,67481114373
2025-06-18 21:42:38,REAL,67481114373,533,67481114906,67481114906
2025-06-18 21:42:40,REAL,67481114906,538,67481115444,67481115444
2025-06-18 21:42:42,REAL,67481115444,543,67481115987,67481115987
2025-06-18 21:42:44,REAL,67481115987,619,67481116606,67481116606
2025-06-18 21:42:46,REAL,67481116606,541,67481117147,67481117147
2025-06-18 21:42:48,REAL,67481117147,540,67481117687,67481117687
2025-06-18 21:42:50,REAL,67481117687,598,67481118285,67481118285
2025-06-18 21:42:52,REAL,67481118285,536,67481118821,67481118821
2025-06-18 21:42:54,REAL,67481118821,615,67481119436,67481119436
2025-06-18 21:42:56,REAL,67481119436,545,67481119981,67481119981
2025-06-18 21:42:58,REAL,67481119981,534,67481120515,67481120515
2025-06-18 21:43:00,REAL,67481120515,618,67481121133,67481121133
2025-06-18 21:43:02,REAL,67481121133,540,67481121673,67481121673
2025-06-18 21:43:04,REAL,67481121673,597,67481122270,67481122270
2025-06-18 21:43:06,REAL,67481122270,597,67481122867,67481122867
2025-06-18 21:43:08,REAL,67481122867,543,67481123410,67481123410
2025-06-18 21:43:10,REAL,67481123410,544,67481123954,67481123954
2025-06-18 21:43:12,REAL,67481123954,541,67481124495,67481124495
2025-06-18 21:43:14,REAL,67481124495,541,67481125036,67481125036
2025-06-18 21:43:16,REAL,67481125036,616,67481125652,67481125652
2025-06-18 21:43:18,REAL,67481125652,545,67481126197,67481126197
2025-06-18 21:43:20,REAL,67481126197,604,67481126801,67481126801
2025-06-18 21:43:22,REAL,67481126801,608,67481127409,67481127409
2025-06-18 21:43:24,REAL,67481127409,538,67481127947,67481127947
2025-06-18 21:43:26,REAL,67481127947,546,67481128493,67481128493
2025-06-18 21:43:28,REAL,67481128493,537,67481129030,67481129030
2025-06-18 21:43:30,REAL,67481129030,615,67481129645,67481129645
2025-06-18 21:43:32,REAL,67481129645,539,67481130184,67481130184
2025-06-18 21:43:34,REAL,67481130184,533,67481130717,67481130717
2025-06-18 21:43:36,REAL,67481130717,534,67481131251,67481131251
2025-06-18 21:43:38,REAL,67481131251,78468,67481209719,67481209719
2025-06-18 21:43:40,REAL,67481209719,167757,67481377476,67481377476
2025-06-18 21:43:42,REAL,67481377476,29406,67481406882,67481406882
2025-06-18 21:43:44,REAL,67481406882,28969,67481435851,67481435851
2025-06-18 21:43:46,REAL,67481435851,29417,67481465268,67481465268
2025-06-18 21:43:48,REAL,67481465268,29689,67481494957,67481494957
2025-06-18 21:43:50,REAL,67481494957,29542,67481524499,67481524499
2025-06-18 21:43:52,REAL,67481524499,29059,67481553558,67481553558
2025-06-18 21:43:54,REAL,67481553558,5159,67481558717,67481558717
2025-06-18 21:43:56,REAL,67481558717,544,67481559261,67481559261
2025-06-18 21:43:58,REAL,67481559261,536,67481559797,67481559797
2025-06-18 21:44:00,REAL,67481559797,669,67481560466,67481560466
2025-06-18 21:44:02,REAL,67481560466,541,67481561007,67481561007
2025-06-18 21:44:04,REAL,67481561007,544,67481561551,67481561551
2025-06-18 21:44:06,REAL,67481561551,547,67481562098,67481562098
2025-06-18 21:44:08,REAL,67481562098,545,67481562643,67481562643
2025-06-18 21:44:10,REAL,67481562643,103203,67481665846,67481665846
2025-06-18 21:44:12,REAL,67481665846,171927,67481837773,67481837773
2025-06-18 21:44:14,REAL,67481837773,29687,67481867460,67481867460
2025-06-18 21:44:16,REAL,67481867460,29261,67481896721,67481896721
2025-06-18 21:44:18,REAL,67481896721,29019,67481925740,67481925740
2025-06-18 21:44:20,REAL,67481925740,29266,67481955006,67481955006
2025-06-18 21:44:22,REAL,67481955006,29508,67481984514,67481984514
2025-06-18 21:44:24,REAL,67481984514,28809,67482013323,67482013323
2025-06-18 21:44:26,REAL,67482013323,3462,67482016785,67482016785
2025-06-18 21:44:28,REAL,67482016785,544,67482017329,67482017329
2025-06-18 21:44:30,REAL,67482017329,616,67482017945,67482017945
2025-06-18 21:44:32,REAL,67482017945,547,67482018492,67482018492
2025-06-18 21:44:34,REAL,67482018492,539,67482019031,67482019031
2025-06-18 21:44:36,REAL,67482019031,537,67482019568,67482019568
2025-06-18 21:44:38,REAL,67482019568,544,67482020112,67482020112
2025-06-18 21:44:40,REAL,67482020112,535,67482020647,67482020647
2025-06-18 21:44:42,REAL,67482020647,663,67482021310,67482021310
2025-06-18 21:44:44,REAL,67482021310,532,67482021842,67482021842
2025-06-18 21:44:46,REAL,67482021842,619,67482022461,67482022461
2025-06-18 21:44:48,REAL,67482022461,539,67482023000,67482023000
2025-06-18 21:44:50,REAL,67482023000,533,67482023533,67482023533
2025-06-18 21:44:52,REAL,67482023533,546,67482024079,67482024079
2025-06-18 21:44:54,REAL,67482024079,602,67482024681,67482024681
2025-06-18 21:44:56,REAL,67482024681,532,67482025213,67482025213
2025-06-18 21:44:58,REAL,67482025213,594,67482025807,67482025807
2025-06-18 21:45:00,REAL,67482025807,616,67482026423,67482026423
2025-06-18 21:45:02,REAL,67482026423,544,67482026967,67482026967
2025-06-18 21:45:04,REAL,67482026967,542,67482027509,67482027509
2025-06-18 21:45:06,REAL,67482027509,544,67482028053,67482028053
2025-06-18 21:45:08,REAL,67482028053,546,67482028599,67482028599
2025-06-18 21:45:10,REAL,67482028599,542,67482029141,67482029141
2025-06-18 21:45:12,REAL,67482029141,536,67482029677,67482029677
2025-06-18 21:45:14,REAL,67482029677,593,67482030270,67482030270
2025-06-18 21:45:16,REAL,67482030270,617,67482030887,67482030887
2025-06-18 21:45:18,REAL,67482030887,535,67482031422,67482031422
2025-06-18 21:45:20,REAL,67482031422,534,67482031956,67482031956
2025-06-18 21:45:22,REAL,67482031956,598,67482032554,67482032554
2025-06-18 21:45:24,REAL,67482032554,537,67482033091,67482033091
2025-06-18 21:45:26,REAL,67482033091,542,67482033633,67482033633
2025-06-18 21:45:28,REAL,67482033633,605,67482034238,67482034238
2025-06-18 21:45:30,REAL,67482034238,616,67482034854,67482034854
2025-06-18 21:45:32,REAL,67482034854,539,67482035393,67482035393
2025-06-18 21:45:34,REAL,67482035393,541,67482035934,67482035934
2025-06-18 21:45:36,REAL,67482035934,536,67482036470,67482036470
2025-06-18 21:45:38,REAL,67482036470,532,67482037002,67482037002
2025-06-18 21:45:40,REAL,67482037002,597,67482037599,67482037599
2025-06-18 21:45:42,REAL,67482037599,539,67482038138,67482038138
2025-06-18 21:45:44,REAL,67482038138,604,67482038742,67482038742
2025-06-18 21:45:46,REAL,67482038742,683,67482039425,67482039425
2025-06-18 21:45:48,REAL,67482039425,590,67482040015,67482040015
2025-06-18 21:45:50,REAL,67482040015,597,67482040612,67482040612
2025-06-18 21:45:52,REAL,67482040612,536,67482041148,67482041148
2025-06-18 21:45:54,REAL,67482041148,539,67482041687,67482041687
2025-06-18 21:45:56,REAL,67482041687,546,67482042233,67482042233
2025-06-18 21:45:58,REAL,67482042233,544,67482042777,67482042777
2025-06-18 21:46:00,REAL,67482042777,617,67482043394,67482043394
2025-06-18 21:46:02,REAL,67482043394,550,67482043944,67482043944
2025-06-18 21:46:04,REAL,67482043944,543,67482044487,67482044487
2025-06-18 21:46:06,REAL,67482044487,652,67482045139,67482045139
2025-06-18 21:46:08,REAL,67482045139,540,67482045679,67482045679
2025-06-18 21:46:10,REAL,67482045679,534,67482046213,67482046213
2025-06-18 21:46:12,REAL,67482046213,542,67482046755,67482046755
2025-06-18 21:46:14,REAL,67482046755,539,67482047294,67482047294
2025-06-18 21:46:16,REAL,67482047294,608,67482047902,67482047902
2025-06-18 21:46:18,REAL,67482047902,543,67482048445,67482048445
2025-06-18 21:46:20,REAL,67482048445,548,67482048993,67482048993
2025-06-18 21:46:22,REAL,67482048993,602,67482049595,67482049595
2025-06-18 21:46:24,REAL,67482049595,594,67482050189,67482050189
2025-06-18 21:46:26,REAL,67482050189,543,67482050732,67482050732
2025-06-18 21:46:28,REAL,67482050732,543,67482051275,67482051275
2025-06-18 21:46:30,REAL,67482051275,615,67482051890,67482051890
2025-06-18 21:46:32,REAL,67482051890,544,67482052434,67482052434
2025-06-18 21:46:34,REAL,67482052434,535,67482052969,67482052969
2025-06-18 21:46:36,REAL,67482052969,541,67482053510,67482053510
2025-06-18 21:46:38,REAL,67482053510,595,67482054105,67482054105
2025-06-18 21:46:40,REAL,67482054105,548,67482054653,67482054653
2025-06-18 21:46:42,REAL,67482054653,542,67482055195,67482055195
2025-06-18 21:46:44,REAL,67482055195,531,67482055726,67482055726
2025-06-18 21:46:46,REAL,67482055726,620,67482056346,67482056346
2025-06-18 21:46:48,REAL,67482056346,590,67482056936,67482056936
2025-06-18 21:46:50,REAL,67482056936,536,67482057472,67482057472
2025-06-18 21:46:52,REAL,67482057472,542,67482058014,67482058014
2025-06-18 21:46:54,REAL,67482058014,58356,67482116370,67482116370
2025-06-18 21:46:56,REAL,67482116370,213404,67482329774,67482329774
2025-06-18 21:46:58,REAL,67482329774,29062,67482358836,67482358836
2025-06-18 21:47:00,REAL,67482358836,29045,67482387881,67482387881
2025-06-18 21:47:02,REAL,67482387881,29332,67482417213,67482417213
2025-06-18 21:47:04,REAL,67482417213,29356,67482446569,67482446569
2025-06-18 21:47:06,REAL,67482446569,28804,67482475373,67482475373
2025-06-18 21:47:08,REAL,67482475373,29117,67482504490,67482504490
2025-06-18 21:47:10,REAL,67482504490,8541,67482513031,67482513031
2025-06-18 21:47:12,REAL,67482513031,547,67482513578,67482513578
2025-06-18 21:47:14,REAL,67482513578,533,67482514111,67482514111
2025-06-18 21:47:16,REAL,67482514111,619,67482514730,67482514730
2025-06-18 21:47:18,REAL,67482514730,547,67482515277,67482515277
2025-06-18 21:47:20,REAL,67482515277,541,67482515818,67482515818
2025-06-18 21:47:22,REAL,67482515818,531,67482516349,67482516349
2025-06-18 21:47:24,REAL,67482516349,545,67482516894,67482516894
2025-06-18 21:47:26,REAL,67482516894,65606,67482582500,67482582500
2025-06-18 21:47:28,REAL,67482582500,208963,67482791463,67482791463
2025-06-18 21:47:30,REAL,67482791463,28986,67482820449,67482820449
2025-06-18 21:47:32,REAL,67482820449,28943,67482849392,67482849392
2025-06-18 21:47:34,REAL,67482849392,29157,67482878549,67482878549
2025-06-18 21:47:36,REAL,67482878549,29363,67482907912,67482907912
2025-06-18 21:47:38,REAL,67482907912,29005,67482936917,67482936917
2025-06-18 21:47:40,REAL,67482936917,29545,67482966462,67482966462
2025-06-18 21:47:42,REAL,67482966462,7195,67482973657,67482973657
2025-06-18 21:47:44,REAL,67482973657,536,67482974193,67482974193
2025-06-18 21:47:46,REAL,67482974193,614,67482974807,67482974807
2025-06-18 21:47:48,REAL,67482974807,538,67482975345,67482975345
2025-06-18 21:47:50,REAL,67482975345,537,67482975882,67482975882
2025-06-18 21:47:52,REAL,67482975882,542,67482976424,67482976424
2025-06-18 21:47:54,REAL,67482976424,540,67482976964,67482976964
2025-06-18 21:47:56,REAL,67482976964,538,67482977502,67482977502
2025-06-18 21:47:58,REAL,67482977502,82845,67483060347,67483060347
2025-06-18 21:48:00,REAL,67483060347,199965,67483260312,67483260312
2025-06-18 21:48:02,REAL,67483260312,28935,67483289247,67483289247
2025-06-18 21:48:04,REAL,67483289247,29555,67483318802,67483318802
2025-06-18 21:48:06,REAL,67483318802,29189,67483347991,67483347991
2025-06-18 21:48:08,REAL,67483347991,28810,67483376801,67483376801
2025-06-18 21:48:10,REAL,67483376801,29539,67483406340,67483406340
2025-06-18 21:48:12,REAL,67483406340,28619,67483434959,67483434959
2025-06-18 21:48:14,REAL,67483434959,5269,67483440228,67483440228
2025-06-18 21:48:16,REAL,67483440228,617,67483440845,67483440845
2025-06-18 21:48:18,REAL,67483440845,547,67483441392,67483441392
2025-06-18 21:48:20,REAL,67483441392,536,67483441928,67483441928
2025-06-18 21:48:22,REAL,67483441928,535,67483442463,67483442463
2025-06-18 21:48:24,REAL,67483442463,543,67483443006,67483443006
2025-06-18 21:48:26,REAL,67483443006,541,67483443547,67483443547
2025-06-18 21:48:28,REAL,67483443547,548,67483444095,67483444095
2025-06-18 21:48:30,REAL,67483444095,112317,67483556412,67483556412
2025-06-18 21:48:32,REAL,67483556412,160678,67483717090,67483717090
2025-06-18 21:48:34,REAL,67483717090,28883,67483745973,67483745973
2025-06-18 21:48:36,REAL,67483745973,29006,67483774979,67483774979
2025-06-18 21:48:38,REAL,67483774979,29515,67483804494,67483804494
2025-06-18 21:48:40,REAL,67483804494,29173,67483833667,67483833667
2025-06-18 21:48:42,REAL,67483833667,29919,67483863586,67483863586
2025-06-18 21:48:44,REAL,67483863586,29182,67483892768,67483892768
2025-06-18 21:48:46,REAL,67483892768,3293,67483896061,67483896061
2025-06-18 21:48:48,REAL,67483896061,545,67483896606,67483896606
2025-06-18 21:48:50,REAL,67483896606,589,67483897195,67483897195
2025-06-18 21:48:52,REAL,67483897195,539,67483897734,67483897734
2025-06-18 21:48:54,REAL,67483897734,539,67483898273,67483898273
2025-06-18 21:48:56,REAL,67483898273,543,67483898816,67483898816
2025-06-18 21:48:58,REAL,67483898816,537,67483899353,67483899353
2025-06-18 21:49:00,REAL,67483899353,618,67483899971,67483899971
2025-06-18 21:49:02,REAL,67483899971,603,67483900574,67483900574
2025-06-18 21:49:04,REAL,67483900574,540,67483901114,67483901114
2025-06-18 21:49:06,REAL,67483901114,545,67483901659,67483901659
2025-06-18 21:49:08,REAL,67483901659,547,67483902206,67483902206
2025-06-18 21:49:10,REAL,67483902206,543,67483902749,67483902749
2025-06-18 21:49:12,REAL,67483902749,541,67483903290,67483903290
2025-06-18 21:49:14,REAL,67483903290,592,67483903882,67483903882
2025-06-18 21:49:16,REAL,67483903882,617,67483904499,67483904499
2025-06-18 21:49:18,REAL,67483904499,597,67483905096,67483905096
2025-06-18 21:49:20,REAL,67483905096,537,67483905633,67483905633
2025-06-18 21:49:22,REAL,67483905633,543,67483906176,67483906176
2025-06-18 21:49:24,REAL,67483906176,593,67483906769,67483906769
2025-06-18 21:49:26,REAL,67483906769,541,67483907310,67483907310
2025-06-18 21:49:28,REAL,67483907310,544,67483907854,67483907854
2025-06-18 21:49:30,REAL,67483907854,609,67483908463,67483908463
2025-06-18 21:49:32,REAL,67483908463,536,67483908999,67483908999
2025-06-18 21:49:34,REAL,67483908999,599,67483909598,67483909598
2025-06-18 21:49:36,REAL,67483909598,538,67483910136,67483910136
2025-06-18 21:49:38,REAL,67483910136,548,67483910684,67483910684
2025-06-18 21:49:40,REAL,67483910684,533,67483911217,67483911217
2025-06-18 21:49:42,REAL,67483911217,531,67483911748,67483911748
2025-06-18 21:49:44,REAL,67483911748,539,67483912287,67483912287
2025-06-18 21:49:46,REAL,67483912287,621,67483912908,67483912908
2025-06-18 21:49:48,REAL,67483912908,604,67483913512,67483913512
2025-06-18 21:49:50,REAL,67483913512,545,67483914057,67483914057
2025-06-18 21:49:52,REAL,67483914057,540,67483914597,67483914597
2025-06-18 21:49:54,REAL,67483914597,541,67483915138,67483915138
2025-06-18 21:49:56,REAL,67483915138,600,67483915738,67483915738
2025-06-18 21:49:58,REAL,67483915738,586,67483916324,67483916324
2025-06-18 21:50:00,REAL,67483916324,625,67483916949,67483916949
2025-06-18 21:50:02,REAL,67483916949,537,67483917486,67483917486
2025-06-18 21:50:04,REAL,67483917486,597,67483918083,67483918083
2025-06-18 21:50:06,REAL,67483918083,540,67483918623,67483918623
2025-06-18 21:50:08,REAL,67483918623,537,67483919160,67483919160
2025-06-18 21:50:10,REAL,67483919160,540,67483919700,67483919700
2025-06-18 21:50:12,REAL,67483919700,539,67483920239,67483920239
2025-06-18 21:50:14,REAL,67483920239,546,67483920785,67483920785
2025-06-18 21:50:16,REAL,67483920785,613,67483921398,67483921398
2025-06-18 21:50:18,REAL,67483921398,535,67483921933,67483921933
2025-06-18 21:50:20,REAL,67483921933,596,67483922529,67483922529
2025-06-18 21:50:22,REAL,67483922529,170330,67484092859,67484092859
2025-06-18 21:50:24,REAL,67484092859,110421,67484203280,67484203280
2025-06-18 21:50:26,REAL,67484203280,28714,67484231994,67484231994
2025-06-18 21:50:28,REAL,67484231994,29163,67484261157,67484261157
2025-06-18 21:50:30,REAL,67484261157,29101,67484290258,67484290258
2025-06-18 21:50:32,REAL,67484290258,28674,67484318932,67484318932
2025-06-18 21:50:34,REAL,67484318932,29365,67484348297,67484348297
2025-06-18 21:50:36,REAL,67484348297,25972,67484374269,67484374269
2025-06-18 21:50:38,REAL,67484374269,537,67484374806,67484374806
2025-06-18 21:50:40,REAL,67484374806,536,67484375342,67484375342
2025-06-18 21:50:42,REAL,67484375342,544,67484375886,67484375886
2025-06-18 21:50:44,REAL,67484375886,536,67484376422,67484376422
2025-06-18 21:50:46,REAL,67484376422,622,67484377044,67484377044
2025-06-18 21:50:48,REAL,67484377044,537,67484377581,67484377581
2025-06-18 21:50:50,REAL,67484377581,543,67484378124,67484378124
2025-06-18 21:50:52,REAL,67484378124,598,67484378722,67484378722
2025-06-18 21:50:54,REAL,67484378722,180558,67484559280,67484559280
2025-06-18 21:50:56,REAL,67484559280,99648,67484658928,67484658928
2025-06-18 21:50:58,REAL,67484658928,29717,67484688645,67484688645
2025-06-18 21:51:00,REAL,67484688645,28860,67484717505,67484717505
2025-06-18 21:51:02,REAL,67484717505,29897,67484747402,67484747402
2025-06-18 21:51:04,REAL,67484747402,28803,67484776205,67484776205
2025-06-18 21:51:06,REAL,67484776205,28659,67484804864,67484804864
2025-06-18 21:51:08,REAL,67484804864,23385,67484828249,67484828249
2025-06-18 21:51:10,REAL,67484828249,594,67484828843,67484828843
2025-06-18 21:51:12,REAL,67484828843,533,67484829376,67484829376
2025-06-18 21:51:14,REAL,67484829376,535,67484829911,67484829911
2025-06-18 21:51:16,REAL,67484829911,610,67484830521,67484830521
2025-06-18 21:51:18,REAL,67484830521,542,67484831063,67484831063
2025-06-18 21:51:20,REAL,67484831063,545,67484831608,67484831608
2025-06-18 21:51:22,REAL,67484831608,545,67484832153,67484832153
2025-06-18 21:51:24,REAL,67484832153,605,67484832758,67484832758
2025-06-18 21:51:26,REAL,67484832758,544,67484833302,67484833302
2025-06-18 21:51:28,REAL,67484833302,543,67484833845,67484833845
2025-06-18 21:51:30,REAL,67484833845,545,67484834390,67484834390
2025-06-18 21:51:32,REAL,67484834390,618,67484835008,67484835008
2025-06-18 21:51:34,REAL,67484835008,539,67484835547,67484835547
2025-06-18 21:51:36,REAL,67484835547,594,67484836141,67484836141
2025-06-18 21:51:38,REAL,67484836141,543,67484836684,67484836684
2025-06-18 21:51:40,REAL,67484836684,599,67484837283,67484837283
2025-06-18 21:51:42,REAL,67484837283,540,67484837823,67484837823
2025-06-18 21:51:44,REAL,67484837823,590,67484838413,67484838413
2025-06-18 21:51:46,REAL,67484838413,619,67484839032,67484839032
2025-06-18 21:51:48,REAL,67484839032,542,67484839574,67484839574
2025-06-18 21:51:50,REAL,67484839574,539,67484840113,67484840113
2025-06-18 21:51:52,REAL,67484840113,541,67484840654,67484840654
2025-06-18 21:51:54,REAL,67484840654,547,67484841201,67484841201
2025-06-18 21:51:56,REAL,67484841201,608,67484841809,67484841809
2025-06-18 21:51:58,REAL,67484841809,596,67484842405,67484842405
2025-06-18 21:52:00,REAL,67484842405,599,67484843004,67484843004
2025-06-18 21:52:02,REAL,67484843004,671,67484843675,67484843675
2025-06-18 21:52:04,REAL,67484843675,531,67484844206,67484844206
2025-06-18 21:52:06,REAL,67484844206,541,67484844747,67484844747
2025-06-18 21:52:08,REAL,67484844747,533,67484845280,67484845280
2025-06-18 21:52:10,REAL,67484845280,540,67484845820,67484845820
2025-06-18 21:52:12,REAL,67484845820,537,67484846357,67484846357
2025-06-18 21:52:14,REAL,67484846357,545,67484846902,67484846902
2025-06-18 21:52:16,REAL,67484846902,613,67484847515,67484847515
2025-06-18 21:52:18,REAL,67484847515,600,67484848115,67484848115
2025-06-18 21:52:20,REAL,67484848115,594,67484848709,67484848709
2025-06-18 21:52:22,REAL,67484848709,545,67484849254,67484849254
2025-06-18 21:52:24,REAL,67484849254,594,67484849848,67484849848
2025-06-18 21:52:26,REAL,67484849848,533,67484850381,67484850381
2025-06-18 21:52:28,REAL,67484850381,548,67484850929,67484850929
2025-06-18 21:52:30,REAL,67484850929,544,67484851473,67484851473
2025-06-18 21:52:32,REAL,67484851473,613,67484852086,67484852086
2025-06-18 21:52:34,REAL,67484852086,599,67484852685,67484852685
2025-06-18 21:52:36,REAL,67484852685,539,67484853224,67484853224
2025-06-18 21:52:38,REAL,67484853224,540,67484853764,67484853764
2025-06-18 21:52:40,REAL,67484853764,538,67484854302,67484854302
2025-06-18 21:52:42,REAL,67484854302,534,67484854836,67484854836
2025-06-18 21:52:44,REAL,67484854836,543,67484855379,67484855379
2025-06-18 21:52:46,REAL,67484855379,623,67484856002,67484856002
2025-06-18 21:52:48,REAL,67484856002,540,67484856542,67484856542
2025-06-18 21:52:50,REAL,67484856542,598,67484857140,67484857140
2025-06-18 21:52:52,REAL,67484857140,539,67484857679,67484857679
2025-06-18 21:52:54,REAL,67484857679,536,67484858215,67484858215
2025-06-18 21:52:56,REAL,67484858215,599,67484858814,67484858814
2025-06-18 21:52:58,REAL,67484858814,548,67484859362,67484859362
2025-06-18 21:53:00,REAL,67484859362,546,67484859908,67484859908
2025-06-18 21:53:02,REAL,67484859908,613,67484860521,67484860521
2025-06-18 21:53:04,REAL,67484860521,537,67484861058,67484861058
2025-06-18 21:53:06,REAL,67484861058,598,67484861656,67484861656
2025-06-18 21:53:08,REAL,67484861656,541,67484862197,67484862197
2025-06-18 21:53:10,REAL,67484862197,546,67484862743,67484862743
2025-06-18 21:53:12,REAL,67484862743,297,67484863040,67484863040
2025-06-18 21:53:14,REAL,67484863040,596,67484863636,67484863636
2025-06-18 21:53:16,REAL,67484863636,622,67484864258,67484864258
2025-06-18 21:53:18,REAL,67484864258,544,67484864802,67484864802
2025-06-18 21:53:20,REAL,67484864802,537,67484865339,67484865339
2025-06-18 21:53:22,REAL,67484865339,608,67484865947,67484865947
2025-06-18 21:53:24,REAL,67484865947,540,67484866487,67484866487
2025-06-18 21:53:26,REAL,67484866487,539,67484867026,67484867026
2025-06-18 21:53:28,REAL,67484867026,534,67484867560,67484867560
2025-06-18 21:53:30,REAL,67484867560,594,67484868154,67484868154
2025-06-18 21:53:32,REAL,67484868154,621,67484868775,67484868775
2025-06-18 21:53:34,REAL,67484868775,545,67484869320,67484869320
2025-06-18 21:53:36,REAL,67484869320,535,67484869855,67484869855
2025-06-18 21:53:38,REAL,67484869855,594,67484870449,67484870449
2025-06-18 21:53:40,REAL,67484870449,538,67484870987,67484870987
2025-06-18 21:53:42,REAL,67484870987,541,67484871528,67484871528
2025-06-18 21:53:44,REAL,67484871528,536,67484872064,67484872064
2025-06-18 21:53:46,REAL,67484872064,623,67484872687,67484872687
2025-06-18 21:53:48,REAL,67484872687,539,67484873226,67484873226
2025-06-18 21:53:50,REAL,67484873226,545,67484873771,67484873771
2025-06-18 21:53:52,REAL,67484873771,542,67484874313,67484874313
2025-06-18 21:53:54,REAL,67484874313,595,67484874908,67484874908
2025-06-18 21:53:56,REAL,67484874908,538,67484875446,67484875446
2025-06-18 21:53:58,REAL,67484875446,541,67484875987,67484875987
2025-06-18 21:54:00,REAL,67484875987,543,67484876530,67484876530
2025-06-18 21:54:02,REAL,67484876530,611,67484877141,67484877141
2025-06-18 21:54:04,REAL,67484877141,586,67484877727,67484877727
2025-06-18 21:54:06,REAL,67484877727,603,67484878330,67484878330
2025-06-18 21:54:08,REAL,67484878330,602,67484878932,67484878932
2025-06-18 21:54:10,REAL,67484878932,548,67484879480,67484879480
2025-06-18 21:54:12,REAL,67484879480,540,67484880020,67484880020
2025-06-18 21:54:14,REAL,67484880020,538,67484880558,67484880558
2025-06-18 21:54:16,REAL,67484880558,607,67484881165,67484881165
2025-06-18 21:54:18,REAL,67484881165,544,67484881709,67484881709
2025-06-18 21:54:20,REAL,67484881709,542,67484882251,67484882251
2025-06-18 21:54:22,REAL,67484882251,535,67484882786,67484882786
2025-06-18 21:54:24,REAL,67484882786,599,67484883385,67484883385
2025-06-18 21:54:26,REAL,67484883385,543,67484883928,67484883928
2025-06-18 21:54:28,REAL,67484883928,543,67484884471,67484884471
2025-06-18 21:54:30,REAL,67484884471,542,67484885013,67484885013
2025-06-18 21:54:32,REAL,67484885013,613,67484885626,67484885626
2025-06-18 21:54:34,REAL,67484885626,543,67484886169,67484886169
2025-06-18 21:54:36,REAL,67484886169,533,67484886702,67484886702
2025-06-18 21:54:38,REAL,67484886702,536,67484887238,67484887238
2025-06-18 21:54:40,REAL,67484887238,656,67484887894,67484887894
2025-06-18 21:54:42,REAL,67484887894,150075,67485037969,67485037969
2025-06-18 21:54:44,REAL,67485037969,108481,67485146450,67485146450
2025-06-18 21:54:46,REAL,67485146450,29429,67485175879,67485175879
2025-06-18 21:54:48,REAL,67485175879,29285,67485205164,67485205164
2025-06-18 21:54:50,REAL,67485205164,28956,67485234120,67485234120
2025-06-18 21:54:52,REAL,67485234120,29398,67485263518,67485263518
2025-06-18 21:54:54,REAL,67485263518,28817,67485292335,67485292335
2025-06-18 21:54:56,REAL,67485292335,25197,67485317532,67485317532
2025-06-18 21:54:58,REAL,67485317532,539,67485318071,67485318071
2025-06-18 21:55:00,REAL,67485318071,544,67485318615,67485318615
2025-06-18 21:55:02,REAL,67485318615,613,67485319228,67485319228
2025-06-18 21:55:04,REAL,67485319228,537,67485319765,67485319765
2025-06-18 21:55:06,REAL,67485319765,542,67485320307,67485320307
2025-06-18 21:55:08,REAL,67485320307,531,67485320838,67485320838
2025-06-18 21:55:10,REAL,67485320838,537,67485321375,67485321375
2025-06-18 21:55:12,REAL,67485321375,601,67485321976,67485321976
2025-06-18 21:55:14,REAL,67485321976,602,67485322578,67485322578
2025-06-18 21:55:16,REAL,67485322578,606,67485323184,67485323184
2025-06-18 21:55:18,REAL,67485323184,544,67485323728,67485323728
2025-06-18 21:55:20,REAL,67485323728,536,67485324264,67485324264
2025-06-18 21:55:22,REAL,67485324264,539,67485324803,67485324803
2025-06-18 21:55:24,REAL,67485324803,533,67485325336,67485325336
2025-06-18 21:55:26,REAL,67485325336,545,67485325881,67485325881
2025-06-18 21:55:28,REAL,67485325881,601,67485326482,67485326482
2025-06-18 21:55:30,REAL,67485326482,533,67485327015,67485327015
2025-06-18 21:55:32,REAL,67485327015,671,67485327686,67485327686
2025-06-18 21:55:34,REAL,67485327686,539,67485328225,67485328225
2025-06-18 21:55:36,REAL,67485328225,538,67485328763,67485328763
2025-06-18 21:55:38,REAL,67485328763,545,67485329308,67485329308
2025-06-18 21:55:40,REAL,67485329308,540,67485329848,67485329848
2025-06-18 21:55:42,REAL,67485329848,540,67485330388,67485330388
2025-06-18 21:55:44,REAL,67485330388,601,67485330989,67485330989
2025-06-18 21:55:46,REAL,67485330989,615,67485331604,67485331604
2025-06-18 21:55:48,REAL,67485331604,600,67485332204,67485332204
2025-06-18 21:55:50,REAL,67485332204,543,67485332747,67485332747
2025-06-18 21:55:52,REAL,67485332747,536,67485333283,67485333283
2025-06-18 21:55:54,REAL,67485333283,541,67485333824,67485333824
2025-06-18 21:55:56,REAL,67485333824,537,67485334361,67485334361
2025-06-18 21:55:58,REAL,67485334361,548,67485334909,67485334909
2025-06-18 21:56:00,REAL,67485334909,604,67485335513,67485335513
2025-06-18 21:56:02,REAL,67485335513,611,67485336124,67485336124
2025-06-18 21:56:04,REAL,67485336124,538,67485336662,67485336662
2025-06-18 21:56:06,REAL,67485336662,536,67485337198,67485337198
2025-06-18 21:56:08,REAL,67485337198,541,67485337739,67485337739
2025-06-18 21:56:10,REAL,67485337739,541,67485338280,67485338280
2025-06-18 21:56:12,REAL,67485338280,537,67485338817,67485338817
2025-06-18 21:56:14,REAL,67485338817,542,67485339359,67485339359
2025-06-18 21:56:16,REAL,67485339359,671,67485340030,67485340030
2025-06-18 21:56:18,REAL,67485340030,597,67485340627,67485340627
2025-06-18 21:56:20,REAL,67485340627,600,67485341227,67485341227
2025-06-18 21:56:22,REAL,67485341227,651,67485341878,67485341878
2025-06-18 21:56:24,REAL,67485341878,595,67485342473,67485342473
2025-06-18 21:56:26,REAL,67485342473,536,67485343009,67485343009
2025-06-18 21:56:28,REAL,67485343009,546,67485343555,67485343555
2025-06-18 21:56:30,REAL,67485343555,547,67485344102,67485344102
2025-06-18 21:56:32,REAL,67485344102,615,67485344717,67485344717
2025-06-18 21:56:34,REAL,67485344717,541,67485345258,67485345258
2025-06-18 21:56:36,REAL,67485345258,539,67485345797,67485345797
2025-06-18 21:56:38,REAL,67485345797,661,67485346458,67485346458
2025-06-18 21:56:40,REAL,67485346458,600,67485347058,67485347058
2025-06-18 21:56:42,REAL,67485347058,598,67485347656,67485347656
2025-06-18 21:56:44,REAL,67485347656,537,67485348193,67485348193
2025-06-18 21:56:46,REAL,67485348193,621,67485348814,67485348814
2025-06-18 21:56:48,REAL,67485348814,538,67485349352,67485349352
2025-06-18 21:56:50,REAL,67485349352,542,67485349894,67485349894
2025-06-18 21:56:52,REAL,67485349894,540,67485350434,67485350434
2025-06-18 21:56:54,REAL,67485350434,537,67485350971,67485350971
2025-06-18 21:56:56,REAL,67485350971,545,67485351516,67485351516
2025-06-18 21:56:58,REAL,67485351516,659,67485352175,67485352175
2025-06-18 21:57:00,REAL,67485352175,226362,67485578537,67485578537
2025-06-18 21:57:02,REAL,67485578537,42422,67485620959,67485620959
2025-06-18 21:57:04,REAL,67485620959,28624,67485649583,67485649583
2025-06-18 21:57:06,REAL,67485649583,28912,67485678495,67485678495
2025-06-18 21:57:08,REAL,67485678495,28769,67485707264,67485707264
2025-06-18 21:57:10,REAL,67485707264,29430,67485736694,67485736694
2025-06-18 21:57:12,REAL,67485736694,28738,67485765432,67485765432
2025-06-18 21:57:14,REAL,67485765432,17959,67485783391,67485783391
2025-06-18 21:57:16,REAL,67485783391,612,67485784003,67485784003
2025-06-18 21:57:18,REAL,67485784003,535,67485784538,67485784538
2025-06-18 21:57:20,REAL,67485784538,543,67485785081,67485785081
2025-06-18 21:57:22,REAL,67485785081,539,67485785620,67485785620
2025-06-18 21:57:24,REAL,67485785620,605,67485786225,67485786225
2025-06-18 21:57:26,REAL,67485786225,535,67485786760,67485786760
2025-06-18 21:57:28,REAL,67485786760,536,67485787296,67485787296
2025-06-18 21:57:30,REAL,67485787296,594,67485787890,67485787890
2025-06-18 21:57:32,REAL,67485787890,239089,67486026979,67486026979
2025-06-18 21:57:34,REAL,67486026979,29352,67486056331,67486056331
2025-06-18 21:57:36,REAL,67486056331,28845,67486085176,67486085176
2025-06-18 21:57:38,REAL,67486085176,29592,67486114768,67486114768
2025-06-18 21:57:40,REAL,67486114768,29043,67486143811,67486143811
2025-06-18 21:57:42,REAL,67486143811,28954,67486172765,67486172765
2025-06-18 21:57:44,REAL,67486172765,29163,67486201928,67486201928
2025-06-18 21:57:46,REAL,67486201928,15864,67486217792,67486217792
2025-06-18 21:57:48,REAL,67486217792,540,67486218332,67486218332
2025-06-18 21:57:50,REAL,67486218332,536,67486218868,67486218868
2025-06-18 21:57:52,REAL,67486218868,531,67486219399,67486219399
2025-06-18 21:57:54,REAL,67486219399,535,67486219934,67486219934
2025-06-18 21:57:56,REAL,67486219934,605,67486220539,67486220539
2025-06-18 21:57:58,REAL,67486220539,539,67486221078,67486221078
2025-06-18 21:58:00,REAL,67486221078,540,67486221618,67486221618
2025-06-18 21:58:02,REAL,67486221618,672,67486222290,67486222290
2025-06-18 21:58:04,REAL,67486222290,590,67486222880,67486222880
2025-06-18 21:58:06,REAL,67486222880,536,67486223416,67486223416
2025-06-18 21:58:08,REAL,67486223416,541,67486223957,67486223957
2025-06-18 21:58:10,REAL,67486223957,538,67486224495,67486224495
2025-06-18 21:58:12,REAL,67486224495,541,67486225036,67486225036
2025-06-18 21:58:14,REAL,67486225036,537,67486225573,67486225573
2025-06-18 21:58:16,REAL,67486225573,608,67486226181,67486226181
2025-06-18 21:58:18,REAL,67486226181,595,67486226776,67486226776
2025-06-18 21:58:20,REAL,67486226776,545,67486227321,67486227321
2025-06-18 21:58:22,REAL,67486227321,591,67486227912,67486227912
2025-06-18 21:58:24,REAL,67486227912,536,67486228448,67486228448
2025-06-18 21:58:26,REAL,67486228448,544,67486228992,67486228992
2025-06-18 21:58:28,REAL,67486228992,545,67486229537,67486229537
2025-06-18 21:58:30,REAL,67486229537,534,67486230071,67486230071
2025-06-18 21:58:32,REAL,67486230071,613,67486230684,67486230684
2025-06-18 21:58:34,REAL,67486230684,18432,67486249116,67486249116
2025-06-18 21:58:36,REAL,67486249116,238832,67486487948,67486487948
2025-06-18 21:58:38,REAL,67486487948,29551,67486517499,67486517499
2025-06-18 21:58:40,REAL,67486517499,29158,67486546657,67486546657
2025-06-18 21:58:42,REAL,67486546657,28781,67486575438,67486575438
2025-06-18 21:58:44,REAL,67486575438,28992,67486604430,67486604430
2025-06-18 21:58:46,REAL,67486604430,29249,67486633679,67486633679
2025-06-18 21:58:48,REAL,67486633679,29046,67486662725,67486662725
2025-06-18 21:58:50,REAL,67486662725,11931,67486674656,67486674656
2025-06-18 21:58:52,REAL,67486674656,533,67486675189,67486675189
2025-06-18 21:58:54,REAL,67486675189,540,67486675729,67486675729
2025-06-18 21:58:56,REAL,67486675729,536,67486676265,67486676265
2025-06-18 21:58:58,REAL,67486676265,539,67486676804,67486676804
2025-06-18 21:59:00,REAL,67486676804,603,67486677407,67486677407
2025-06-18 21:59:02,REAL,67486677407,608,67486678015,67486678015
2025-06-18 21:59:04,REAL,67486678015,535,67486678550,67486678550
2025-06-18 21:59:06,REAL,67486678550,30222,67486708772,67486708772
2025-06-18 21:59:08,REAL,67486708772,219463,67486928235,67486928235
2025-06-18 21:59:10,REAL,67486928235,29217,67486957452,67486957452
2025-06-18 21:59:12,REAL,67486957452,29307,67486986759,67486986759
2025-06-18 21:59:14,REAL,67486986759,29807,67487016566,67487016566
2025-06-18 21:59:16,REAL,67487016566,29635,67487046201,67487046201
2025-06-18 21:59:18,REAL,67487046201,29600,67487075801,67487075801
2025-06-18 21:59:20,REAL,67487075801,29442,67487105243,67487105243
2025-06-18 21:59:22,REAL,67487105243,10450,67487115693,67487115693
2025-06-18 21:59:24,REAL,67487115693,539,67487116232,67487116232
2025-06-18 21:59:26,REAL,67487116232,541,67487116773,67487116773
2025-06-18 21:59:28,REAL,67487116773,536,67487117309,67487117309
2025-06-18 21:59:30,REAL,67487117309,546,67487117855,67487117855
2025-06-18 21:59:32,REAL,67487117855,668,67487118523,67487118523
2025-06-18 21:59:34,REAL,67487118523,542,67487119065,67487119065
2025-06-18 21:59:36,REAL,67487119065,539,67487119604,67487119604
2025-06-18 21:59:38,REAL,67487119604,54917,67487174521,67487174521
2025-06-18 21:59:40,REAL,67487174521,201844,67487376365,67487376365
2025-06-18 21:59:42,REAL,67487376365,29205,67487405570,67487405570
2025-06-18 21:59:44,REAL,67487405570,29594,67487435164,67487435164
2025-06-18 21:59:46,REAL,67487435164,29009,67487464173,67487464173
2025-06-18 21:59:48,REAL,67487464173,29328,67487493501,67487493501
2025-06-18 21:59:50,REAL,67487493501,28826,67487522327,67487522327
2025-06-18 21:59:52,REAL,67487522327,29389,67487551716,67487551716
2025-06-18 21:59:54,REAL,67487551716,8543,67487560259,67487560259
2025-06-18 21:59:56,REAL,67487560259,537,67487560796,67487560796
2025-06-18 21:59:58,REAL,67487560796,534,67487561330,67487561330
2025-06-18 22:00:00,REAL,67487561330,548,67487561878,67487561878
2025-06-18 22:00:02,REAL,67487561878,616,67487562494,67487562494
2025-06-18 22:00:04,REAL,67487562494,602,67487563096,67487563096
2025-06-18 22:00:06,REAL,67487563096,540,67487563636,67487563636
2025-06-18 22:00:08,REAL,67487563636,536,67487564172,67487564172
2025-06-18 22:00:10,REAL,67487564172,69039,67487633211,67487633211
2025-06-18 22:00:12,REAL,67487633211,217545,67487850756,67487850756
2025-06-18 22:00:14,REAL,67487850756,29402,67487880158,67487880158
2025-06-18 22:00:16,REAL,67487880158,29375,67487909533,67487909533
2025-06-18 22:00:18,REAL,67487909533,28739,67487938272,67487938272
2025-06-18 22:00:20,REAL,67487938272,29633,67487967905,67487967905
2025-06-18 22:00:22,REAL,67487967905,28986,67487996891,67487996891
2025-06-18 22:00:24,REAL,67487996891,29124,67488026015,67488026015
2025-06-18 22:00:26,REAL,67488026015,6508,67488032523,67488032523
2025-06-18 22:00:28,REAL,67488032523,540,67488033063,67488033063
2025-06-18 22:00:30,REAL,67488033063,546,67488033609,67488033609
2025-06-18 22:00:32,REAL,67488033609,616,67488034225,67488034225
2025-06-18 22:00:34,REAL,67488034225,538,67488034763,67488034763
2025-06-18 22:00:36,REAL,67488034763,591,67488035354,67488035354
2025-06-18 22:00:38,REAL,67488035354,542,67488035896,67488035896
2025-06-18 22:00:40,REAL,67488035896,590,67488036486,67488036486
2025-06-18 22:00:42,REAL,67488036486,83987,67488120473,67488120473
2025-06-18 22:00:44,REAL,67488120473,176366,67488296839,67488296839
2025-06-18 22:00:46,REAL,67488296839,29331,67488326170,67488326170
2025-06-18 22:00:48,REAL,67488326170,29278,67488355448,67488355448
2025-06-18 22:00:50,REAL,67488355448,29522,67488384970,67488384970
2025-06-18 22:00:52,REAL,67488384970,29385,67488414355,67488414355
2025-06-18 22:00:54,REAL,67488414355,29599,67488443954,67488443954
2025-06-18 22:00:56,REAL,67488443954,29250,67488473204,67488473204
2025-06-18 22:00:58,REAL,67488473204,4790,67488477994,67488477994
2025-06-18 22:01:00,REAL,67488477994,535,67488478529,67488478529
2025-06-18 22:01:02,REAL,67488478529,616,67488479145,67488479145
2025-06-18 22:01:04,REAL,67488479145,542,67488479687,67488479687
2025-06-18 22:01:06,REAL,67488479687,534,67488480221,67488480221
2025-06-18 22:01:08,REAL,67488480221,602,67488480823,67488480823
2025-06-18 22:01:10,REAL,67488480823,589,67488481412,67488481412
2025-06-18 22:01:12,REAL,67488481412,541,67488481953,67488481953
2025-06-18 22:01:14,REAL,67488481953,107692,67488589645,67488589645
2025-06-18 22:01:16,REAL,67488589645,160950,67488750595,67488750595
2025-06-18 22:01:18,REAL,67488750595,28935,67488779530,67488779530
2025-06-18 22:01:20,REAL,67488779530,29531,67488809061,67488809061
2025-06-18 22:01:22,REAL,67488809061,28809,67488837870,67488837870
2025-06-18 22:01:24,REAL,67488837870,29331,67488867201,67488867201
2025-06-18 22:01:26,REAL,67488867201,28539,67488895740,67488895740
2025-06-18 22:01:28,REAL,67488895740,29006,67488924746,67488924746
2025-06-18 22:01:30,REAL,67488924746,3050,67488927796,67488927796
2025-06-18 22:01:32,REAL,67488927796,619,67488928415,67488928415
2025-06-18 22:01:34,REAL,67488928415,543,67488928958,67488928958
2025-06-18 22:01:36,REAL,67488928958,542,67488929500,67488929500
2025-06-18 22:01:38,REAL,67488929500,544,67488930044,67488930044
2025-06-18 22:01:40,REAL,67488930044,602,67488930646,67488930646
2025-06-18 22:01:42,REAL,67488930646,598,67488931244,67488931244
2025-06-18 22:01:44,REAL,67488931244,532,67488931776,67488931776
2025-06-18 22:01:46,REAL,67488931776,126031,67489057807,67489057807
2025-06-18 22:01:48,REAL,67489057807,151879,67489209686,67489209686
2025-06-18 22:01:50,REAL,67489209686,29191,67489238877,67489238877
2025-06-18 22:01:52,REAL,67489238877,28939,67489267816,67489267816
2025-06-18 22:01:54,REAL,67489267816,29210,67489297026,67489297026
2025-06-18 22:01:56,REAL,67489297026,29229,67489326255,67489326255
2025-06-18 22:01:58,REAL,67489326255,29478,67489355733,67489355733
2025-06-18 22:02:00,REAL,67489355733,29536,67489385269,67489385269
2025-06-18 22:02:02,REAL,67489385269,1187,67489386456,67489386456
2025-06-18 22:02:04,REAL,67489386456,537,67489386993,67489386993
2025-06-18 22:02:06,REAL,67489386993,538,67489387531,67489387531
2025-06-18 22:02:08,REAL,67489387531,532,67489388063,67489388063
2025-06-18 22:02:10,REAL,67489388063,542,67489388605,67489388605
2025-06-18 22:02:12,REAL,67489388605,596,67489389201,67489389201
2025-06-18 22:02:14,REAL,67489389201,541,67489389742,67489389742
2025-06-18 22:02:16,REAL,67489389742,534,67489390276,67489390276
2025-06-18 22:02:18,REAL,67489390276,166567,67489556843,67489556843
2025-06-18 22:02:20,REAL,67489556843,125548,67489682391,67489682391
2025-06-18 22:02:22,REAL,67489682391,29310,67489711701,67489711701
2025-06-18 22:02:24,REAL,67489711701,28551,67489740252,67489740252
2025-06-18 22:02:26,REAL,67489740252,29368,67489769620,67489769620
2025-06-18 22:02:28,REAL,67489769620,29045,67489798665,67489798665
2025-06-18 22:02:30,REAL,67489798665,29223,67489827888,67489827888
2025-06-18 22:02:32,REAL,67489827888,27941,67489855829,67489855829
2025-06-18 22:02:34,REAL,67489855829,543,67489856372,67489856372
2025-06-18 22:02:36,REAL,67489856372,540,67489856912,67489856912
2025-06-18 22:02:38,REAL,67489856912,542,67489857454,67489857454
2025-06-18 22:02:40,REAL,67489857454,543,67489857997,67489857997
2025-06-18 22:02:42,REAL,67489857997,593,67489858590,67489858590
2025-06-18 22:02:44,REAL,67489858590,540,67489859130,67489859130
2025-06-18 22:02:46,REAL,67489859130,542,67489859672,67489859672
2025-06-18 22:02:48,REAL,67489859672,679,67489860351,67489860351
2025-06-18 22:02:50,REAL,67489860351,601,67489860952,67489860952
2025-06-18 22:02:52,REAL,67489860952,600,67489861552,67489861552
2025-06-18 22:02:54,REAL,67489861552,605,67489862157,67489862157
2025-06-18 22:02:56,REAL,67489862157,539,67489862696,67489862696
2025-06-18 22:02:58,REAL,67489862696,535,67489863231,67489863231
2025-06-18 22:03:00,REAL,67489863231,542,67489863773,67489863773
2025-06-18 22:03:02,REAL,67489863773,609,67489864382,67489864382
2025-06-18 22:03:04,REAL,67489864382,592,67489864974,67489864974
2025-06-18 22:03:06,REAL,67489864974,540,67489865514,67489865514
2025-06-18 22:03:08,REAL,67489865514,538,67489866052,67489866052
2025-06-18 22:03:10,REAL,67489866052,607,67489866659,67489866659
2025-06-18 22:03:12,REAL,67489866659,538,67489867197,67489867197
2025-06-18 22:03:14,REAL,67489867197,596,67489867793,67489867793
2025-06-18 22:03:16,REAL,67489867793,550,67489868343,67489868343
2025-06-18 22:03:18,REAL,67489868343,612,67489868955,67489868955
2025-06-18 22:03:20,REAL,67489868955,539,67489869494,67489869494
2025-06-18 22:03:22,REAL,67489869494,541,67489870035,67489870035
2025-06-18 22:03:24,REAL,67489870035,544,67489870579,67489870579
2025-06-18 22:03:26,REAL,67489870579,603,67489871182,67489871182
2025-06-18 22:03:28,REAL,67489871182,546,67489871728,67489871728
2025-06-18 22:03:30,REAL,67489871728,538,67489872266,67489872266
2025-06-18 22:03:32,REAL,67489872266,615,67489872881,67489872881
2025-06-18 22:03:34,REAL,67489872881,541,67489873422,67489873422
2025-06-18 22:03:36,REAL,67489873422,540,67489873962,67489873962
2025-06-18 22:03:38,REAL,67489873962,544,67489874506,67489874506
2025-06-18 22:03:40,REAL,67489874506,544,67489875050,67489875050
2025-06-18 22:03:42,REAL,67489875050,593,67489875643,67489875643
2025-06-18 22:03:44,REAL,67489875643,541,67489876184,67489876184
2025-06-18 22:03:46,REAL,67489876184,537,67489876721,67489876721
2025-06-18 22:03:48,REAL,67489876721,673,67489877394,67489877394
2025-06-18 22:03:50,REAL,67489877394,537,67489877931,67489877931
2025-06-18 22:03:52,REAL,67489877931,599,67489878530,67489878530
2025-06-18 22:03:54,REAL,67489878530,541,67489879071,67489879071
2025-06-18 22:03:56,REAL,67489879071,543,67489879614,67489879614
2025-06-18 22:03:58,REAL,67489879614,56582,67489936196,67489936196
2025-06-18 22:04:00,REAL,67489936196,213938,67490150134,67490150134
2025-06-18 22:04:02,REAL,67490150134,28817,67490178951,67490178951
2025-06-18 22:04:04,REAL,67490178951,29913,67490208864,67490208864
2025-06-18 22:04:06,REAL,67490208864,29065,67490237929,67490237929
2025-06-18 22:04:08,REAL,67490237929,29169,67490267098,67490267098
2025-06-18 22:04:10,REAL,67490267098,29237,67490296335,67490296335
2025-06-18 22:04:12,REAL,67490296335,29185,67490325520,67490325520
2025-06-18 22:04:14,REAL,67490325520,7958,67490333478,67490333478
2025-06-18 22:04:16,REAL,67490333478,547,67490334025,67490334025
2025-06-18 22:04:18,REAL,67490334025,614,67490334639,67490334639
2025-06-18 22:04:20,REAL,67490334639,546,67490335185,67490335185
2025-06-18 22:04:22,REAL,67490335185,538,67490335723,67490335723
2025-06-18 22:04:24,REAL,67490335723,601,67490336324,67490336324
2025-06-18 22:04:26,REAL,67490336324,543,67490336867,67490336867
2025-06-18 22:04:28,REAL,67490336867,533,67490337400,67490337400
2025-06-18 22:04:30,REAL,67490337400,71601,67490409001,67490409001
2025-06-18 22:04:32,REAL,67490409001,181083,67490590084,67490590084
2025-06-18 22:04:34,REAL,67490590084,29498,67490619582,67490619582
2025-06-18 22:04:36,REAL,67490619582,29029,67490648611,67490648611
2025-06-18 22:04:38,REAL,67490648611,28896,67490677507,67490677507
2025-06-18 22:04:40,REAL,67490677507,28753,67490706260,67490706260
2025-06-18 22:04:42,REAL,67490706260,28702,67490734962,67490734962
2025-06-18 22:04:44,REAL,67490734962,28653,67490763615,67490763615
2025-06-18 22:04:46,REAL,67490763615,6179,67490769794,67490769794
2025-06-18 22:04:48,REAL,67490769794,623,67490770417,67490770417
2025-06-18 22:04:50,REAL,67490770417,539,67490770956,67490770956
2025-06-18 22:04:52,REAL,67490770956,541,67490771497,67490771497
2025-06-18 22:04:54,REAL,67490771497,540,67490772037,67490772037
2025-06-18 22:04:56,REAL,67490772037,537,67490772574,67490772574
2025-06-18 22:04:58,REAL,67490772574,543,67490773117,67490773117
2025-06-18 22:05:00,REAL,67490773117,594,67490773711,67490773711
2025-06-18 22:05:02,REAL,67490773711,663,67490774374,67490774374
2025-06-18 22:05:04,REAL,67490774374,671,67490775045,67490775045
2025-06-18 22:05:06,REAL,67490775045,594,67490775639,67490775639
2025-06-18 22:05:08,REAL,67490775639,539,67490776178,67490776178
2025-06-18 22:05:10,REAL,67490776178,541,67490776719,67490776719
2025-06-18 22:05:12,REAL,67490776719,546,67490777265,67490777265
2025-06-18 22:05:14,REAL,67490777265,534,67490777799,67490777799
2025-06-18 22:05:16,REAL,67490777799,547,67490778346,67490778346
2025-06-18 22:05:18,REAL,67490778346,666,67490779012,67490779012
2025-06-18 22:05:20,REAL,67490779012,544,67490779556,67490779556
2025-06-18 22:05:22,REAL,67490779556,596,67490780152,67490780152
2025-06-18 22:05:24,REAL,67490780152,536,67490780688,67490780688
2025-06-18 22:05:26,REAL,67490780688,542,67490781230,67490781230
2025-06-18 22:05:28,REAL,67490781230,546,67490781776,67490781776
2025-06-18 22:05:30,REAL,67490781776,537,67490782313,67490782313
2025-06-18 22:05:32,REAL,67490782313,541,67490782854,67490782854
2025-06-18 22:05:34,REAL,67490782854,673,67490783527,67490783527
2025-06-18 22:05:36,REAL,67490783527,540,67490784067,67490784067
2025-06-18 22:05:38,REAL,67490784067,598,67490784665,67490784665
2025-06-18 22:05:40,REAL,67490784665,540,67490785205,67490785205
2025-06-18 22:05:42,REAL,67490785205,543,67490785748,67490785748
2025-06-18 22:05:44,REAL,67490785748,540,67490786288,67490786288
2025-06-18 22:05:46,REAL,67490786288,540,67490786828,67490786828
2025-06-18 22:05:48,REAL,67490786828,612,67490787440,67490787440
2025-06-18 22:05:50,REAL,67490787440,544,67490787984,67490787984
2025-06-18 22:05:52,REAL,67490787984,536,67490788520,67490788520
2025-06-18 22:05:54,REAL,67490788520,605,67490789125,67490789125
2025-06-18 22:05:56,REAL,67490789125,542,67490789667,67490789667
2025-06-18 22:05:58,REAL,67490789667,536,67490790203,67490790203
2025-06-18 22:06:00,REAL,67490790203,535,67490790738,67490790738
2025-06-18 22:06:02,REAL,67490790738,537,67490791275,67490791275
2025-06-18 22:06:04,REAL,67490791275,668,67490791943,67490791943
2025-06-18 22:06:06,REAL,67490791943,550,67490792493,67490792493
2025-06-18 22:06:08,REAL,67490792493,536,67490793029,67490793029
2025-06-18 22:06:10,REAL,67490793029,657,67490793686,67490793686
2025-06-18 22:06:12,REAL,67490793686,250926,67491044612,67491044612
2025-06-18 22:06:14,REAL,67491044612,29085,67491073697,67491073697
2025-06-18 22:06:16,REAL,67491073697,29149,67491102846,67491102846
2025-06-18 22:06:18,REAL,67491102846,29302,67491132148,67491132148
2025-06-18 22:06:20,REAL,67491132148,29081,67491161229,67491161229
2025-06-18 22:06:22,REAL,67491161229,28793,67491190022,67491190022
2025-06-18 22:06:24,REAL,67491190022,28583,67491218605,67491218605
2025-06-18 22:06:26,REAL,67491218605,14721,67491233326,67491233326
2025-06-18 22:06:28,REAL,67491233326,599,67491233925,67491233925
2025-06-18 22:06:30,REAL,67491233925,603,67491234528,67491234528
2025-06-18 22:06:32,REAL,67491234528,142416,67491376944,67491376944
2025-06-18 22:06:34,REAL,67491376944,122039,67491498983,67491498983
2025-06-18 22:06:36,REAL,67491498983,29658,67491528641,67491528641
2025-06-18 22:06:38,REAL,67491528641,28879,67491557520,67491557520
2025-06-18 22:06:40,REAL,67491557520,29428,67491586948,67491586948
2025-06-18 22:06:42,REAL,67491586948,29052,67491616000,67491616000
2025-06-18 22:06:44,REAL,67491616000,29305,67491645305,67491645305
2025-06-18 22:06:46,REAL,67491645305,28221,67491673526,67491673526
2025-06-18 22:06:48,REAL,67491673526,617,67491674143,67491674143
2025-06-18 22:06:50,REAL,67491674143,531,67491674674,67491674674
2025-06-18 22:06:52,REAL,67491674674,544,67491675218,67491675218
2025-06-18 22:06:54,REAL,67491675218,540,67491675758,67491675758
2025-06-18 22:06:56,REAL,67491675758,540,67491676298,67491676298
2025-06-18 22:06:58,REAL,67491676298,541,67491676839,67491676839
2025-06-18 22:07:00,REAL,67491676839,547,67491677386,67491677386
2025-06-18 22:07:02,REAL,67491677386,606,67491677992,67491677992
2025-06-18 22:07:04,REAL,67491677992,617,67491678609,67491678609
2025-06-18 22:07:06,REAL,67491678609,539,67491679148,67491679148
2025-06-18 22:07:08,REAL,67491679148,535,67491679683,67491679683
2025-06-18 22:07:10,REAL,67491679683,541,67491680224,67491680224
2025-06-18 22:07:12,REAL,67491680224,538,67491680762,67491680762
2025-06-18 22:07:14,REAL,67491680762,547,67491681309,67491681309
2025-06-18 22:07:16,REAL,67491681309,532,67491681841,67491681841
2025-06-18 22:07:18,REAL,67491681841,728,67491682569,67491682569
2025-06-18 22:07:20,REAL,67491682569,537,67491683106,67491683106
2025-06-18 22:07:22,REAL,67491683106,594,67491683700,67491683700
2025-06-18 22:07:24,REAL,67491683700,540,67491684240,67491684240
2025-06-18 22:07:26,REAL,67491684240,540,67491684780,67491684780
2025-06-18 22:07:28,REAL,67491684780,542,67491685322,67491685322
2025-06-18 22:07:30,REAL,67491685322,544,67491685866,67491685866
2025-06-18 22:07:32,REAL,67491685866,541,67491686407,67491686407
2025-06-18 22:07:34,REAL,67491686407,667,67491687074,67491687074
2025-06-18 22:07:36,REAL,67491687074,536,67491687610,67491687610
2025-06-18 22:07:38,REAL,67491687610,542,67491688152,67491688152
2025-06-18 22:07:40,REAL,67491688152,537,67491688689,67491688689
2025-06-18 22:07:42,REAL,67491688689,539,67491689228,67491689228
2025-06-18 22:07:44,REAL,67491689228,531,67491689759,67491689759
2025-06-18 22:07:46,REAL,67491689759,532,67491690291,67491690291
2025-06-18 22:07:48,REAL,67491690291,614,67491690905,67491690905
2025-06-18 22:07:50,REAL,67491690905,597,67491691502,67491691502
2025-06-18 22:07:52,REAL,67491691502,537,67491692039,67491692039
2025-06-18 22:07:54,REAL,67491692039,544,67491692583,67491692583
2025-06-18 22:07:56,REAL,67491692583,541,67491693124,67491693124
2025-06-18 22:07:58,REAL,67491693124,596,67491693720,67491693720
2025-06-18 22:08:00,REAL,67491693720,597,67491694317,67491694317
2025-06-18 22:08:02,REAL,67491694317,541,67491694858,67491694858
2025-06-18 22:08:04,REAL,67491694858,611,67491695469,67491695469
2025-06-18 22:08:06,REAL,67491695469,601,67491696070,67491696070
2025-06-18 22:08:08,REAL,67491696070,540,67491696610,67491696610
2025-06-18 22:08:10,REAL,67491696610,540,67491697150,67491697150
2025-06-18 22:08:12,REAL,67491697150,547,67491697697,67491697697
2025-06-18 22:08:14,REAL,67491697697,541,67491698238,67491698238
2025-06-18 22:08:16,REAL,67491698238,539,67491698777,67491698777
2025-06-18 22:08:18,REAL,67491698777,611,67491699388,67491699388
2025-06-18 22:08:20,REAL,67491699388,534,67491699922,67491699922
2025-06-18 22:08:22,REAL,67491699922,598,67491700520,67491700520
2025-06-18 22:08:24,REAL,67491700520,533,67491701053,67491701053
2025-06-18 22:08:26,REAL,67491701053,530,67491701583,67491701583
2025-06-18 22:08:28,REAL,67491701583,539,67491702122,67491702122
2025-06-18 22:08:30,REAL,67491702122,532,67491702654,67491702654
2025-06-18 22:08:32,REAL,67491702654,545,67491703199,67491703199
2025-06-18 22:08:34,REAL,67491703199,675,67491703874,67491703874
2025-06-18 22:08:36,REAL,67491703874,541,67491704415,67491704415
2025-06-18 22:08:38,REAL,67491704415,593,67491705008,67491705008
2025-06-18 22:08:40,REAL,67491705008,588,67491705596,67491705596
2025-06-18 22:08:42,REAL,67491705596,537,67491706133,67491706133
2025-06-18 22:08:44,REAL,67491706133,548,67491706681,67491706681
2025-06-18 22:08:46,REAL,67491706681,542,67491707223,67491707223
2025-06-18 22:08:48,REAL,67491707223,618,67491707841,67491707841
2025-06-18 22:08:50,REAL,67491707841,536,67491708377,67491708377
2025-06-18 22:08:52,REAL,67491708377,538,67491708915,67491708915
2025-06-18 22:08:54,REAL,67491708915,606,67491709521,67491709521
2025-06-18 22:08:56,REAL,67491709521,545,67491710066,67491710066
2025-06-18 22:08:58,REAL,67491710066,540,67491710606,67491710606
2025-06-18 22:09:00,REAL,67491710606,541,67491711147,67491711147
2025-06-18 22:09:02,REAL,67491711147,540,67491711687,67491711687
2025-06-18 22:09:04,REAL,67491711687,612,67491712299,67491712299
2025-06-18 22:09:06,REAL,67491712299,535,67491712834,67491712834
2025-06-18 22:09:08,REAL,67491712834,544,67491713378,67491713378
2025-06-18 22:09:10,REAL,67491713378,659,67491714037,67491714037
2025-06-18 22:09:12,REAL,67491714037,599,67491714636,67491714636
2025-06-18 22:09:14,REAL,67491714636,601,67491715237,67491715237
2025-06-18 22:09:16,REAL,67491715237,596,67491715833,67491715833
2025-06-18 22:09:18,REAL,67491715833,615,67491716448,67491716448
2025-06-18 22:09:20,REAL,67491716448,544,67491716992,67491716992
2025-06-18 22:09:22,REAL,67491716992,601,67491717593,67491717593
2025-06-18 22:09:24,REAL,67491717593,542,67491718135,67491718135
2025-06-18 22:09:26,REAL,67491718135,544,67491718679,67491718679
2025-06-18 22:09:28,REAL,67491718679,548,67491719227,67491719227
2025-06-18 22:09:30,REAL,67491719227,534,67491719761,67491719761
2025-06-18 22:09:32,REAL,67491719761,594,67491720355,67491720355
2025-06-18 22:09:34,REAL,67491720355,613,67491720968,67491720968
2025-06-18 22:09:36,REAL,67491720968,541,67491721509,67491721509
2025-06-18 22:09:38,REAL,67491721509,546,67491722055,67491722055
2025-06-18 22:09:40,REAL,67491722055,541,67491722596,67491722596
2025-06-18 22:09:42,REAL,67491722596,533,67491723129,67491723129
2025-06-18 22:09:44,REAL,67491723129,545,67491723674,67491723674
2025-06-18 22:09:46,REAL,67491723674,544,67491724218,67491724218
2025-06-18 22:09:48,REAL,67491724218,662,67491724880,67491724880
2025-06-18 22:09:50,REAL,67491724880,607,67491725487,67491725487
2025-06-18 22:09:52,REAL,67491725487,535,67491726022,67491726022
2025-06-18 22:09:54,REAL,67491726022,537,67491726559,67491726559
2025-06-18 22:09:56,REAL,67491726559,541,67491727100,67491727100
2025-06-18 22:09:58,REAL,67491727100,303,67491727403,67491727403
2025-06-18 22:10:00,REAL,67491727403,536,67491727939,67491727939
2025-06-18 22:10:02,REAL,67491727939,596,67491728535,67491728535
2025-06-18 22:10:04,REAL,67491728535,741,67491729276,67491729276
2025-06-18 22:10:06,REAL,67491729276,593,67491729869,67491729869
2025-06-18 22:10:08,REAL,67491729869,602,67491730471,67491730471
2025-06-18 22:10:10,REAL,67491730471,603,67491731074,67491731074
2025-06-18 22:10:12,REAL,67491731074,607,67491731681,67491731681
2025-06-18 22:10:14,REAL,67491731681,120242,67491851923,67491851923
2025-06-18 22:10:16,REAL,67491851923,165291,67492017214,67492017214
2025-06-18 22:10:18,REAL,67492017214,29576,67492046790,67492046790
2025-06-18 22:10:20,REAL,67492046790,29043,67492075833,67492075833
2025-06-18 22:10:22,REAL,67492075833,29146,67492104979,67492104979
2025-06-18 22:10:24,REAL,67492104979,28827,67492133806,67492133806
2025-06-18 22:10:26,REAL,67492133806,29515,67492163321,67492163321
2025-06-18 22:10:28,REAL,67492163321,29350,67492192671,67492192671
2025-06-18 22:10:30,REAL,67492192671,2043,67492194714,67492194714
2025-06-18 22:10:32,REAL,67492194714,542,67492195256,67492195256
2025-06-18 22:10:34,REAL,67492195256,612,67492195868,67492195868
2025-06-18 22:10:36,REAL,67492195868,542,67492196410,67492196410
2025-06-18 22:10:38,REAL,67492196410,540,67492196950,67492196950
2025-06-18 22:10:40,REAL,67492196950,537,67492197487,67492197487
2025-06-18 22:10:42,REAL,67492197487,542,67492198029,67492198029
2025-06-18 22:10:44,REAL,67492198029,537,67492198566,67492198566
2025-06-18 22:10:46,REAL,67492198566,594,67492199160,67492199160
2025-06-18 22:10:48,REAL,67492199160,535,67492199695,67492199695
2025-06-18 22:10:50,REAL,67492199695,616,67492200311,67492200311
2025-06-18 22:10:52,REAL,67492200311,549,67492200860,67492200860
2025-06-18 22:10:54,REAL,67492200860,548,67492201408,67492201408
2025-06-18 22:10:56,REAL,67492201408,597,67492202005,67492202005
2025-06-18 22:10:58,REAL,67492202005,536,67492202541,67492202541
2025-06-18 22:11:00,REAL,67492202541,534,67492203075,67492203075
2025-06-18 22:11:02,REAL,67492203075,657,67492203732,67492203732
2025-06-18 22:11:04,REAL,67492203732,614,67492204346,67492204346
2025-06-18 22:11:06,REAL,67492204346,541,67492204887,67492204887
2025-06-18 22:11:08,REAL,67492204887,542,67492205429,67492205429
2025-06-18 22:11:10,REAL,67492205429,542,67492205971,67492205971
2025-06-18 22:11:12,REAL,67492205971,538,67492206509,67492206509
2025-06-18 22:11:14,REAL,67492206509,606,67492207115,67492207115
2025-06-18 22:11:16,REAL,67492207115,595,67492207710,67492207710
2025-06-18 22:11:18,REAL,67492207710,138537,67492346247,67492346247
2025-06-18 22:11:20,REAL,67492346247,106778,67492453025,67492453025
2025-06-18 22:11:22,REAL,67492453025,29370,67492482395,67492482395
2025-06-18 22:11:24,REAL,67492482395,29147,67492511542,67492511542
2025-06-18 22:11:26,REAL,67492511542,28631,67492540173,67492540173
2025-06-18 22:11:28,REAL,67492540173,29779,67492569952,67492569952
2025-06-18 22:11:30,REAL,67492569952,28567,67492598519,67492598519
2025-06-18 22:11:32,REAL,67492598519,26885,67492625404,67492625404
2025-06-18 22:11:34,REAL,67492625404,605,67492626009,67492626009
2025-06-18 22:11:36,REAL,67492626009,675,67492626684,67492626684
2025-06-18 22:11:38,REAL,67492626684,15865,67492642549,67492642549
2025-06-18 22:11:40,REAL,67492642549,243361,67492885910,67492885910
2025-06-18 22:11:42,REAL,67492885910,29448,67492915358,67492915358
2025-06-18 22:11:44,REAL,67492915358,29257,67492944615,67492944615
2025-06-18 22:11:46,REAL,67492944615,29022,67492973637,67492973637
2025-06-18 22:11:48,REAL,67492973637,29044,67493002681,67493002681
2025-06-18 22:11:50,REAL,67493002681,29158,67493031839,67493031839
2025-06-18 22:11:52,REAL,67493031839,29217,67493061056,67493061056
2025-06-18 22:11:54,REAL,67493061056,11672,67493072728,67493072728
2025-06-18 22:11:56,REAL,67493072728,538,67493073266,67493073266
2025-06-18 22:11:58,REAL,67493073266,539,67493073805,67493073805
2025-06-18 22:12:00,REAL,67493073805,540,67493074345,67493074345
2025-06-18 22:12:02,REAL,67493074345,538,67493074883,67493074883
2025-06-18 22:12:04,REAL,67493074883,535,67493075418,67493075418
2025-06-18 22:12:06,REAL,67493075418,669,67493076087,67493076087
2025-06-18 22:12:08,REAL,67493076087,536,67493076623,67493076623
2025-06-18 22:12:10,REAL,67493076623,33422,67493110045,67493110045
2025-06-18 22:12:12,REAL,67493110045,213169,67493323214,67493323214
2025-06-18 22:12:14,REAL,67493323214,29824,67493353038,67493353038
2025-06-18 22:12:16,REAL,67493353038,29529,67493382567,67493382567
2025-06-18 22:12:18,REAL,67493382567,29205,67493411772,67493411772
2025-06-18 22:12:20,REAL,67493411772,28770,67493440542,67493440542
2025-06-18 22:12:22,REAL,67493440542,29283,67493469825,67493469825
2025-06-18 22:12:24,REAL,67493469825,28706,67493498531,67493498531
2025-06-18 22:12:26,REAL,67493498531,10030,67493508561,67493508561
2025-06-18 22:12:28,REAL,67493508561,541,67493509102,67493509102
2025-06-18 22:12:30,REAL,67493509102,540,67493509642,67493509642
2025-06-18 22:12:32,REAL,67493509642,542,67493510184,67493510184
2025-06-18 22:12:34,REAL,67493510184,540,67493510724,67493510724
2025-06-18 22:12:36,REAL,67493510724,615,67493511339,67493511339
2025-06-18 22:12:38,REAL,67493511339,587,67493511926,67493511926
2025-06-18 22:12:40,REAL,67493511926,538,67493512464,67493512464
2025-06-18 22:12:42,REAL,67493512464,597,67493513061,67493513061
2025-06-18 22:12:44,REAL,67493513061,545,67493513606,67493513606
2025-06-18 22:12:46,REAL,67493513606,543,67493514149,67493514149
2025-06-18 22:12:48,REAL,67493514149,541,67493514690,67493514690
2025-06-18 22:12:50,REAL,67493514690,613,67493515303,67493515303
2025-06-18 22:12:52,REAL,67493515303,602,67493515905,67493515905
2025-06-18 22:12:54,REAL,67493515905,537,67493516442,67493516442
2025-06-18 22:12:56,REAL,67493516442,545,67493516987,67493516987
2025-06-18 22:12:58,REAL,67493516987,604,67493517591,67493517591
2025-06-18 22:13:00,REAL,67493517591,537,67493518128,67493518128
2025-06-18 22:13:02,REAL,67493518128,543,67493518671,67493518671
2025-06-18 22:13:04,REAL,67493518671,590,67493519261,67493519261
2025-06-18 22:13:06,REAL,67493519261,620,67493519881,67493519881
2025-06-18 22:13:08,REAL,67493519881,539,67493520420,67493520420
2025-06-18 22:13:10,REAL,67493520420,536,67493520956,67493520956
2025-06-18 22:13:12,REAL,67493520956,540,67493521496,67493521496
2025-06-18 22:13:14,REAL,67493521496,70477,67493591973,67493591973
2025-06-18 22:13:16,REAL,67493591973,183669,67493775642,67493775642
2025-06-18 22:13:18,REAL,67493775642,29147,67493804789,67493804789
2025-06-18 22:13:20,REAL,67493804789,29421,67493834210,67493834210
2025-06-18 22:13:22,REAL,67493834210,29195,67493863405,67493863405
2025-06-18 22:13:24,REAL,67493863405,29152,67493892557,67493892557
2025-06-18 22:13:26,REAL,67493892557,28993,67493921550,67493921550
2025-06-18 22:13:28,REAL,67493921550,29473,67493951023,67493951023
2025-06-18 22:13:30,REAL,67493951023,6153,67493957176,67493957176
2025-06-18 22:13:32,REAL,67493957176,541,67493957717,67493957717
2025-06-18 22:13:34,REAL,67493957717,536,67493958253,67493958253
2025-06-18 22:13:36,REAL,67493958253,619,67493958872,67493958872
2025-06-18 22:13:38,REAL,67493958872,539,67493959411,67493959411
2025-06-18 22:13:40,REAL,67493959411,540,67493959951,67493959951
2025-06-18 22:13:42,REAL,67493959951,643,67493960594,67493960594
2025-06-18 22:13:44,REAL,67493960594,535,67493961129,67493961129
2025-06-18 22:13:46,REAL,67493961129,98327,67494059456,67494059456
2025-06-18 22:13:48,REAL,67494059456,197094,67494256550,67494256550
2025-06-18 22:13:50,REAL,67494256550,29254,67494285804,67494285804
2025-06-18 22:13:52,REAL,67494285804,29237,67494315041,67494315041
2025-06-18 22:13:54,REAL,67494315041,29201,67494344242,67494344242
2025-06-18 22:13:56,REAL,67494344242,29181,67494373423,67494373423
2025-06-18 22:13:58,REAL,67494373423,28761,67494402184,67494402184
2025-06-18 22:14:00,REAL,67494402184,28575,67494430759,67494430759
2025-06-18 22:14:02,REAL,67494430759,4165,67494434924,67494434924
2025-06-18 22:14:04,REAL,67494434924,540,67494435464,67494435464
2025-06-18 22:14:06,REAL,67494435464,617,67494436081,67494436081
2025-06-18 22:14:08,REAL,67494436081,533,67494436614,67494436614
2025-06-18 22:14:10,REAL,67494436614,537,67494437151,67494437151
2025-06-18 22:14:12,REAL,67494437151,599,67494437750,67494437750
2025-06-18 22:14:14,REAL,67494437750,544,67494438294,67494438294
2025-06-18 22:14:16,REAL,67494438294,545,67494438839,67494438839
2025-06-18 22:14:18,REAL,67494438839,97602,67494536441,67494536441
2025-06-18 22:14:20,REAL,67494536441,159101,67494695542,67494695542
2025-06-18 22:14:22,REAL,67494695542,28937,67494724479,67494724479
2025-06-18 22:14:24,REAL,67494724479,29132,67494753611,67494753611
2025-06-18 22:14:26,REAL,67494753611,29102,67494782713,67494782713
2025-06-18 22:14:28,REAL,67494782713,28978,67494811691,67494811691
2025-06-18 22:14:30,REAL,67494811691,28946,67494840637,67494840637
2025-06-18 22:14:32,REAL,67494840637,28616,67494869253,67494869253
2025-06-18 22:14:34,REAL,67494869253,2548,67494871801,67494871801
2025-06-18 22:14:36,REAL,67494871801,615,67494872416,67494872416
2025-06-18 22:14:38,REAL,67494872416,544,67494872960,67494872960
2025-06-18 22:14:40,REAL,67494872960,538,67494873498,67494873498
2025-06-18 22:14:42,REAL,67494873498,542,67494874040,67494874040
2025-06-18 22:14:44,REAL,67494874040,594,67494874634,67494874634
2025-06-18 22:14:46,REAL,67494874634,543,67494875177,67494875177
2025-06-18 22:14:48,REAL,67494875177,532,67494875709,67494875709
2025-06-18 22:14:50,REAL,67494875709,609,67494876318,67494876318
2025-06-18 22:14:52,REAL,67494876318,615,67494876933,67494876933
2025-06-18 22:14:54,REAL,67494876933,542,67494877475,67494877475
2025-06-18 22:14:56,REAL,67494877475,543,67494878018,67494878018
2025-06-18 22:14:58,REAL,67494878018,534,67494878552,67494878552
2025-06-18 22:15:00,REAL,67494878552,540,67494879092,67494879092
2025-06-18 22:15:02,REAL,67494879092,536,67494879628,67494879628
2025-06-18 22:15:04,REAL,67494879628,536,67494880164,67494880164
2025-06-18 22:15:06,REAL,67494880164,676,67494880840,67494880840
2025-06-18 22:15:08,REAL,67494880840,536,67494881376,67494881376
2025-06-18 22:15:10,REAL,67494881376,538,67494881914,67494881914
2025-06-18 22:15:12,REAL,67494881914,594,67494882508,67494882508
2025-06-18 22:15:14,REAL,67494882508,538,67494883046,67494883046
2025-06-18 22:15:16,REAL,67494883046,539,67494883585,67494883585
2025-06-18 22:15:18,REAL,67494883585,536,67494884121,67494884121
2025-06-18 22:15:20,REAL,67494884121,592,67494884713,67494884713
2025-06-18 22:15:22,REAL,67494884713,669,67494885382,67494885382
2025-06-18 22:15:24,REAL,67494885382,534,67494885916,67494885916
2025-06-18 22:15:26,REAL,67494885916,542,67494886458,67494886458
2025-06-18 22:15:28,REAL,67494886458,538,67494886996,67494886996
2025-06-18 22:15:30,REAL,67494886996,534,67494887530,67494887530
2025-06-18 22:15:32,REAL,67494887530,542,67494888072,67494888072
2025-06-18 22:15:34,REAL,67494888072,541,67494888613,67494888613
2025-06-18 22:15:36,REAL,67494888613,675,67494889288,67494889288
2025-06-18 22:15:38,REAL,67494889288,605,67494889893,67494889893
2025-06-18 22:15:40,REAL,67494889893,537,67494890430,67494890430
2025-06-18 22:15:42,REAL,67494890430,538,67494890968,67494890968
2025-06-18 22:15:44,REAL,67494890968,542,67494891510,67494891510
2025-06-18 22:15:46,REAL,67494891510,535,67494892045,67494892045
2025-06-18 22:15:48,REAL,67494892045,544,67494892589,67494892589
2025-06-18 22:15:50,REAL,67494892589,537,67494893126,67494893126
2025-06-18 22:15:52,REAL,67494893126,676,67494893802,67494893802
2025-06-18 22:15:54,REAL,67494893802,171680,67495065482,67495065482
2025-06-18 22:15:56,REAL,67495065482,107583,67495173065,67495173065
2025-06-18 22:15:58,REAL,67495173065,29180,67495202245,67495202245
2025-06-18 22:16:00,REAL,67495202245,29185,67495231430,67495231430
2025-06-18 22:16:02,REAL,67495231430,28982,67495260412,67495260412
2025-06-18 22:16:04,REAL,67495260412,29548,67495289960,67495289960
2025-06-18 22:16:06,REAL,67495289960,29195,67495319155,67495319155
2025-06-18 22:16:08,REAL,67495319155,25837,67495344992,67495344992
2025-06-18 22:16:10,REAL,67495344992,532,67495345524,67495345524
2025-06-18 22:16:12,REAL,67495345524,547,67495346071,67495346071
2025-06-18 22:16:14,REAL,67495346071,594,67495346665,67495346665
2025-06-18 22:16:16,REAL,67495346665,543,67495347208,67495347208
2025-06-18 22:16:18,REAL,67495347208,540,67495347748,67495347748
2025-06-18 22:16:20,REAL,67495347748,595,67495348343,67495348343
2025-06-18 22:16:22,REAL,67495348343,618,67495348961,67495348961
2025-06-18 22:16:24,REAL,67495348961,607,67495349568,67495349568
2025-06-18 22:16:26,REAL,67495349568,543,67495350111,67495350111
2025-06-18 22:16:28,REAL,67495350111,543,67495350654,67495350654
2025-06-18 22:16:30,REAL,67495350654,547,67495351201,67495351201
2025-06-18 22:16:32,REAL,67495351201,544,67495351745,67495351745
2025-06-18 22:16:34,REAL,67495351745,547,67495352292,67495352292
2025-06-18 22:16:36,REAL,67495352292,615,67495352907,67495352907
2025-06-18 22:16:38,REAL,67495352907,547,67495353454,67495353454
2025-06-18 22:16:40,REAL,67495353454,601,67495354055,67495354055
2025-06-18 22:16:42,REAL,67495354055,540,67495354595,67495354595
2025-06-18 22:16:44,REAL,67495354595,537,67495355132,67495355132
2025-06-18 22:16:46,REAL,67495355132,549,67495355681,67495355681
2025-06-18 22:16:48,REAL,67495355681,602,67495356283,67495356283
2025-06-18 22:16:50,REAL,67495356283,538,67495356821,67495356821
2025-06-18 22:16:52,REAL,67495356821,617,67495357438,67495357438
2025-06-18 22:16:54,REAL,67495357438,547,67495357985,67495357985
2025-06-18 22:16:56,REAL,67495357985,601,67495358586,67495358586
2025-06-18 22:16:58,REAL,67495358586,538,67495359124,67495359124
2025-06-18 22:17:00,REAL,67495359124,535,67495359659,67495359659
2025-06-18 22:17:02,REAL,67495359659,537,67495360196,67495360196
2025-06-18 22:17:04,REAL,67495360196,548,67495360744,67495360744
2025-06-18 22:17:06,REAL,67495360744,666,67495361410,67495361410
2025-06-18 22:17:08,REAL,67495361410,540,67495361950,67495361950
2025-06-18 22:17:10,REAL,67495361950,541,67495362491,67495362491
2025-06-18 22:17:12,REAL,67495362491,595,67495363086,67495363086
2025-06-18 22:17:14,REAL,67495363086,537,67495363623,67495363623
2025-06-18 22:17:16,REAL,67495363623,540,67495364163,67495364163
2025-06-18 22:17:18,REAL,67495364163,593,67495364756,67495364756
2025-06-18 22:17:20,REAL,67495364756,547,67495365303,67495365303
2025-06-18 22:17:22,REAL,67495365303,609,67495365912,67495365912
2025-06-18 22:17:24,REAL,67495365912,546,67495366458,67495366458
2025-06-18 22:17:26,REAL,67495366458,547,67495367005,67495367005
2025-06-18 22:17:28,REAL,67495367005,597,67495367602,67495367602
2025-06-18 22:17:30,REAL,67495367602,535,67495368137,67495368137
2025-06-18 22:17:32,REAL,67495368137,536,67495368673,67495368673
2025-06-18 22:17:34,REAL,67495368673,540,67495369213,67495369213
2025-06-18 22:17:36,REAL,67495369213,540,67495369753,67495369753
2025-06-18 22:17:38,REAL,67495369753,622,67495370375,67495370375
2025-06-18 22:17:40,REAL,67495370375,535,67495370910,67495370910
2025-06-18 22:17:42,REAL,67495370910,539,67495371449,67495371449
2025-06-18 22:17:44,REAL,67495371449,607,67495372056,67495372056
2025-06-18 22:17:46,REAL,67495372056,540,67495372596,67495372596
2025-06-18 22:17:48,REAL,67495372596,544,67495373140,67495373140
2025-06-18 22:17:50,REAL,67495373140,600,67495373740,67495373740
2025-06-18 22:17:52,REAL,67495373740,619,67495374359,67495374359
2025-06-18 22:17:54,REAL,67495374359,546,67495374905,67495374905
2025-06-18 22:17:56,REAL,67495374905,591,67495375496,67495375496
2025-06-18 22:17:58,REAL,67495375496,538,67495376034,67495376034
2025-06-18 22:18:00,REAL,67495376034,596,67495376630,67495376630
2025-06-18 22:18:02,REAL,67495376630,597,67495377227,67495377227
2025-06-18 22:18:04,REAL,67495377227,600,67495377827,67495377827
2025-06-18 22:18:06,REAL,67495377827,595,67495378422,67495378422
2025-06-18 22:18:08,REAL,67495378422,614,67495379036,67495379036
2025-06-18 22:18:10,REAL,67495379036,541,67495379577,67495379577
2025-06-18 22:18:12,REAL,67495379577,534,67495380111,67495380111
2025-06-18 22:18:14,REAL,67495380111,543,67495380654,67495380654
2025-06-18 22:18:16,REAL,67495380654,532,67495381186,67495381186
2025-06-18 22:18:18,REAL,67495381186,537,67495381723,67495381723
2025-06-18 22:18:20,REAL,67495381723,542,67495382265,67495382265
2025-06-18 22:18:22,REAL,67495382265,101472,67495483737,67495483737
2025-06-18 22:18:24,REAL,67495483737,168251,67495651988,67495651988
2025-06-18 22:18:26,REAL,67495651988,27889,67495679877,67495679877
2025-06-18 22:18:28,REAL,67495679877,29404,67495709281,67495709281
2025-06-18 22:18:30,REAL,67495709281,29392,67495738673,67495738673
2025-06-18 22:18:32,REAL,67495738673,28996,67495767669,67495767669
2025-06-18 22:18:34,REAL,67495767669,29375,67495797044,67495797044
2025-06-18 22:18:36,REAL,67495797044,29189,67495826233,67495826233
2025-06-18 22:18:38,REAL,67495826233,3321,67495829554,67495829554
2025-06-18 22:18:40,REAL,67495829554,542,67495830096,67495830096
2025-06-18 22:18:42,REAL,67495830096,541,67495830637,67495830637
2025-06-18 22:18:44,REAL,67495830637,539,67495831176,67495831176
2025-06-18 22:18:46,REAL,67495831176,536,67495831712,67495831712
2025-06-18 22:18:48,REAL,67495831712,598,67495832310,67495832310
2025-06-18 22:18:50,REAL,67495832310,533,67495832843,67495832843
2025-06-18 22:18:52,REAL,67495832843,681,67495833524,67495833524
2025-06-18 22:18:54,REAL,67495833524,104974,67495938498,67495938498
2025-06-18 22:18:56,REAL,67495938498,139301,67496077799,67496077799
2025-06-18 22:18:58,REAL,67496077799,29186,67496106985,67496106985
2025-06-18 22:19:00,REAL,67496106985,29278,67496136263,67496136263
2025-06-18 22:19:02,REAL,67496136263,29553,67496165816,67496165816
2025-06-18 22:19:04,REAL,67496165816,28772,67496194588,67496194588
2025-06-18 22:19:06,REAL,67496194588,28573,67496223161,67496223161
2025-06-18 22:19:08,REAL,67496223161,29159,67496252320,67496252320
2025-06-18 22:19:10,REAL,67496252320,1680,67496254000,67496254000
2025-06-18 22:19:12,REAL,67496254000,541,67496254541,67496254541
2025-06-18 22:19:14,REAL,67496254541,543,67496255084,67496255084
2025-06-18 22:19:16,REAL,67496255084,541,67496255625,67496255625
2025-06-18 22:19:18,REAL,67496255625,538,67496256163,67496256163
2025-06-18 22:19:20,REAL,67496256163,539,67496256702,67496256702
2025-06-18 22:19:22,REAL,67496256702,608,67496257310,67496257310
2025-06-18 22:19:24,REAL,67496257310,599,67496257909,67496257909
2025-06-18 22:19:26,REAL,67496257909,717,67496258626,67496258626
2025-06-18 22:19:28,REAL,67496258626,602,67496259228,67496259228
2025-06-18 22:19:30,REAL,67496259228,594,67496259822,67496259822
2025-06-18 22:19:32,REAL,67496259822,541,67496260363,67496260363
2025-06-18 22:19:34,REAL,67496260363,543,67496260906,67496260906
2025-06-18 22:19:36,REAL,67496260906,539,67496261445,67496261445
2025-06-18 22:19:38,REAL,67496261445,619,67496262064,67496262064
2025-06-18 22:19:40,REAL,67496262064,545,67496262609,67496262609
2025-06-18 22:19:42,REAL,67496262609,543,67496263152,67496263152
2025-06-18 22:19:44,REAL,67496263152,534,67496263686,67496263686
2025-06-18 22:19:46,REAL,67496263686,600,67496264286,67496264286
2025-06-18 22:19:48,REAL,67496264286,533,67496264819,67496264819
2025-06-18 22:19:50,REAL,67496264819,541,67496265360,67496265360
2025-06-18 22:19:52,REAL,67496265360,616,67496265976,67496265976
2025-06-18 22:19:54,REAL,67496265976,534,67496266510,67496266510
2025-06-18 22:19:56,REAL,67496266510,590,67496267100,67496267100
2025-06-18 22:19:58,REAL,67496267100,547,67496267647,67496267647
2025-06-18 22:20:00,REAL,67496267647,536,67496268183,67496268183
2025-06-18 22:20:02,REAL,67496268183,594,67496268777,67496268777
2025-06-18 22:20:04,REAL,67496268777,545,67496269322,67496269322
2025-06-18 22:20:06,REAL,67496269322,590,67496269912,67496269912
2025-06-18 22:20:08,REAL,67496269912,682,67496270594,67496270594
2025-06-18 22:20:10,REAL,67496270594,539,67496271133,67496271133
2025-06-18 22:20:12,REAL,67496271133,538,67496271671,67496271671
2025-06-18 22:20:14,REAL,67496271671,536,67496272207,67496272207
2025-06-18 22:20:16,REAL,67496272207,536,67496272743,67496272743
2025-06-18 22:20:18,REAL,67496272743,660,67496273403,67496273403
2025-06-18 22:20:20,REAL,67496273403,596,67496273999,67496273999
2025-06-18 22:20:22,REAL,67496273999,677,67496274676,67496274676
2025-06-18 22:20:24,REAL,67496274676,540,67496275216,67496275216
2025-06-18 22:20:26,REAL,67496275216,598,67496275814,67496275814
2025-06-18 22:20:28,REAL,67496275814,544,67496276358,67496276358
2025-06-18 22:20:30,REAL,67496276358,541,67496276899,67496276899
2025-06-18 22:20:32,REAL,67496276899,534,67496277433,67496277433
2025-06-18 22:20:34,REAL,67496277433,542,67496277975,67496277975
2025-06-18 22:20:36,REAL,67496277975,546,67496278521,67496278521
2025-06-18 22:20:38,REAL,67496278521,670,67496279191,67496279191
2025-06-18 22:20:40,REAL,67496279191,540,67496279731,67496279731
2025-06-18 22:20:42,REAL,67496279731,542,67496280273,67496280273
2025-06-18 22:20:44,REAL,67496280273,531,67496280804,67496280804
2025-06-18 22:20:46,REAL,67496280804,596,67496281400,67496281400
2025-06-18 22:20:48,REAL,67496281400,542,67496281942,67496281942
2025-06-18 22:20:50,REAL,67496281942,533,67496282475,67496282475
2025-06-18 22:20:52,REAL,67496282475,610,67496283085,67496283085
2025-06-18 22:20:54,REAL,67496283085,607,67496283692,67496283692
2025-06-18 22:20:56,REAL,67496283692,596,67496284288,67496284288
2025-06-18 22:20:58,REAL,67496284288,665,67496284953,67496284953
2025-06-18 22:21:00,REAL,67496284953,48196,67496333149,67496333149
2025-06-18 22:21:02,REAL,67496333149,184914,67496518063,67496518063
2025-06-18 22:21:04,REAL,67496518063,29196,67496547259,67496547259
2025-06-18 22:21:06,REAL,67496547259,29335,67496576594,67496576594
2025-06-18 22:21:08,REAL,67496576594,28969,67496605563,67496605563
2025-06-18 22:21:10,REAL,67496605563,29482,67496635045,67496635045
2025-06-18 22:21:12,REAL,67496635045,28935,67496663980,67496663980
2025-06-18 22:21:14,REAL,67496663980,29144,67496693124,67496693124
2025-06-18 22:21:16,REAL,67496693124,9020,67496702144,67496702144
2025-06-18 22:21:18,REAL,67496702144,542,67496702686,67496702686
2025-06-18 22:21:20,REAL,67496702686,534,67496703220,67496703220
2025-06-18 22:21:22,REAL,67496703220,617,67496703837,67496703837
2025-06-18 22:21:24,REAL,67496703837,533,67496704370,67496704370
2025-06-18 22:21:26,REAL,67496704370,534,67496704904,67496704904
2025-06-18 22:21:28,REAL,67496704904,596,67496705500,67496705500
2025-06-18 22:21:30,REAL,67496705500,541,67496706041,67496706041
2025-06-18 22:21:32,REAL,67496706041,655,67496706696,67496706696
2025-06-18 22:21:34,REAL,67496706696,540,67496707236,67496707236
2025-06-18 22:21:36,REAL,67496707236,539,67496707775,67496707775
2025-06-18 22:21:38,REAL,67496707775,610,67496708385,67496708385
2025-06-18 22:21:40,REAL,67496708385,548,67496708933,67496708933
2025-06-18 22:21:42,REAL,67496708933,542,67496709475,67496709475
2025-06-18 22:21:44,REAL,67496709475,536,67496710011,67496710011
2025-06-18 22:21:46,REAL,67496710011,538,67496710549,67496710549
2025-06-18 22:21:48,REAL,67496710549,603,67496711152,67496711152
2025-06-18 22:21:50,REAL,67496711152,545,67496711697,67496711697
2025-06-18 22:21:52,REAL,67496711697,622,67496712319,67496712319
2025-06-18 22:21:54,REAL,67496712319,542,67496712861,67496712861
2025-06-18 22:21:56,REAL,67496712861,541,67496713402,67496713402
2025-06-18 22:21:58,REAL,67496713402,544,67496713946,67496713946
2025-06-18 22:22:00,REAL,67496713946,531,67496714477,67496714477
2025-06-18 22:22:02,REAL,67496714477,601,67496715078,67496715078
2025-06-18 22:22:04,REAL,67496715078,78213,67496793291,67496793291
2025-06-18 22:22:06,REAL,67496793291,189486,67496982777,67496982777
2025-06-18 22:22:08,REAL,67496982777,29252,67497012029,67497012029
2025-06-18 22:22:10,REAL,67497012029,29253,67497041282,67497041282
2025-06-18 22:22:12,REAL,67497041282,29085,67497070367,67497070367
2025-06-18 22:22:14,REAL,67497070367,28900,67497099267,67497099267
2025-06-18 22:22:16,REAL,67497099267,29120,67497128387,67497128387
2025-06-18 22:22:18,REAL,67497128387,29130,67497157517,67497157517
2025-06-18 22:22:20,REAL,67497157517,5316,67497162833,67497162833
2025-06-18 22:22:22,REAL,67497162833,618,67497163451,67497163451
2025-06-18 22:22:24,REAL,67497163451,544,67497163995,67497163995
2025-06-18 22:22:26,REAL,67497163995,543,67497164538,67497164538
2025-06-18 22:22:28,REAL,67497164538,540,67497165078,67497165078
2025-06-18 22:22:30,REAL,67497165078,604,67497165682,67497165682
2025-06-18 22:22:32,REAL,67497165682,540,67497166222,67497166222
2025-06-18 22:22:34,REAL,67497166222,543,67497166765,67497166765
2025-06-18 22:22:36,REAL,67497166765,104901,67497271666,67497271666
2025-06-18 22:22:38,REAL,67497271666,180216,67497451882,67497451882
2025-06-18 22:22:40,REAL,67497451882,28846,67497480728,67497480728
2025-06-18 22:22:42,REAL,67497480728,28911,67497509639,67497509639
2025-06-18 22:22:44,REAL,67497509639,28867,67497538506,67497538506
2025-06-18 22:22:46,REAL,67497538506,28836,67497567342,67497567342
2025-06-18 22:22:48,REAL,67497567342,28843,67497596185,67497596185
2025-06-18 22:22:50,REAL,67497596185,29380,67497625565,67497625565
2025-06-18 22:22:52,REAL,67497625565,3768,67497629333,67497629333
2025-06-18 22:22:54,REAL,67497629333,538,67497629871,67497629871
2025-06-18 22:22:56,REAL,67497629871,536,67497630407,67497630407
2025-06-18 22:22:58,REAL,67497630407,534,67497630941,67497630941
2025-06-18 22:23:00,REAL,67497630941,543,67497631484,67497631484
2025-06-18 22:23:02,REAL,67497631484,589,67497632073,67497632073
2025-06-18 22:23:04,REAL,67497632073,541,67497632614,67497632614
2025-06-18 22:23:06,REAL,67497632614,537,67497633151,67497633151
2025-06-18 22:23:08,REAL,67497633151,100589,67497733740,67497733740
2025-06-18 22:23:10,REAL,67497733740,145547,67497879287,67497879287
2025-06-18 22:23:12,REAL,67497879287,29057,67497908344,67497908344
2025-06-18 22:23:14,REAL,67497908344,28805,67497937149,67497937149
2025-06-18 22:23:16,REAL,67497937149,28876,67497966025,67497966025
2025-06-18 22:23:18,REAL,67497966025,29531,67497995556,67497995556
2025-06-18 22:23:20,REAL,67497995556,28833,67498024389,67498024389
2025-06-18 22:23:22,REAL,67498024389,29848,67498054237,67498054237
2025-06-18 22:23:24,REAL,67498054237,1922,67498056159,67498056159
2025-06-18 22:23:26,REAL,67498056159,545,67498056704,67498056704
2025-06-18 22:23:28,REAL,67498056704,596,67498057300,67498057300
2025-06-18 22:23:30,REAL,67498057300,534,67498057834,67498057834
2025-06-18 22:23:32,REAL,67498057834,538,67498058372,67498058372
2025-06-18 22:23:34,REAL,67498058372,537,67498058909,67498058909
2025-06-18 22:23:36,REAL,67498058909,599,67498059508,67498059508
2025-06-18 22:23:38,REAL,67498059508,613,67498060121,67498060121
2025-06-18 22:23:40,REAL,67498060121,592,67498060713,67498060713
2025-06-18 22:23:42,REAL,67498060713,546,67498061259,67498061259
2025-06-18 22:23:44,REAL,67498061259,538,67498061797,67498061797
2025-06-18 22:23:46,REAL,67498061797,543,67498062340,67498062340
2025-06-18 22:23:48,REAL,67498062340,545,67498062885,67498062885
2025-06-18 22:23:50,REAL,67498062885,531,67498063416,67498063416
2025-06-18 22:23:52,REAL,67498063416,533,67498063949,67498063949
2025-06-18 22:23:54,REAL,67498063949,619,67498064568,67498064568
2025-06-18 22:23:56,REAL,67498064568,595,67498065163,67498065163
2025-06-18 22:23:58,REAL,67498065163,544,67498065707,67498065707
2025-06-18 22:24:00,REAL,67498065707,606,67498066313,67498066313
2025-06-18 22:24:02,REAL,67498066313,592,67498066905,67498066905
2025-06-18 22:24:04,REAL,67498066905,541,67498067446,67498067446
2025-06-18 22:24:06,REAL,67498067446,535,67498067981,67498067981
2025-06-18 22:24:08,REAL,67498067981,612,67498068593,67498068593
2025-06-18 22:24:10,REAL,67498068593,600,67498069193,67498069193
2025-06-18 22:24:12,REAL,67498069193,537,67498069730,67498069730
2025-06-18 22:24:14,REAL,67498069730,542,67498070272,67498070272
2025-06-18 22:24:16,REAL,67498070272,543,67498070815,67498070815
2025-06-18 22:24:18,REAL,67498070815,548,67498071363,67498071363
2025-06-18 22:24:20,REAL,67498071363,537,67498071900,67498071900
2025-06-18 22:24:22,REAL,67498071900,537,67498072437,67498072437
2025-06-18 22:24:24,REAL,67498072437,613,67498073050,67498073050
2025-06-18 22:24:26,REAL,67498073050,598,67498073648,67498073648
2025-06-18 22:24:28,REAL,67498073648,540,67498074188,67498074188
2025-06-18 22:24:30,REAL,67498074188,648,67498074836,67498074836
2025-06-18 22:24:32,REAL,67498074836,541,67498075377,67498075377
2025-06-18 22:24:34,REAL,67498075377,541,67498075918,67498075918
2025-06-18 22:24:36,REAL,67498075918,540,67498076458,67498076458
2025-06-18 22:24:38,REAL,67498076458,610,67498077068,67498077068
2025-06-18 22:24:40,REAL,67498077068,540,67498077608,67498077608
2025-06-18 22:24:42,REAL,67498077608,595,67498078203,67498078203
2025-06-18 22:24:44,REAL,67498078203,547,67498078750,67498078750
2025-06-18 22:24:46,REAL,67498078750,541,67498079291,67498079291
2025-06-18 22:24:48,REAL,67498079291,537,67498079828,67498079828
2025-06-18 22:24:50,REAL,67498079828,542,67498080370,67498080370
2025-06-18 22:24:52,REAL,67498080370,544,67498080914,67498080914
2025-06-18 22:24:54,REAL,67498080914,623,67498081537,67498081537
2025-06-18 22:24:56,REAL,67498081537,537,67498082074,67498082074
2025-06-18 22:24:58,REAL,67498082074,656,67498082730,67498082730
2025-06-18 22:25:00,REAL,67498082730,590,67498083320,67498083320
2025-06-18 22:25:02,REAL,67498083320,546,67498083866,67498083866
2025-06-18 22:25:04,REAL,67498083866,532,67498084398,67498084398
2025-06-18 22:25:06,REAL,67498084398,539,67498084937,67498084937
2025-06-18 22:25:08,REAL,67498084937,616,67498085553,67498085553
2025-06-18 22:25:10,REAL,67498085553,530,67498086083,67498086083
2025-06-18 22:25:12,REAL,67498086083,538,67498086621,67498086621
2025-06-18 22:25:14,REAL,67498086621,592,67498087213,67498087213
2025-06-18 22:25:16,REAL,67498087213,538,67498087751,67498087751
2025-06-18 22:25:18,REAL,67498087751,540,67498088291,67498088291
2025-06-18 22:25:20,REAL,67498088291,544,67498088835,67498088835
2025-06-18 22:25:22,REAL,67498088835,547,67498089382,67498089382
2025-06-18 22:25:24,REAL,67498089382,665,67498090047,67498090047
2025-06-18 22:25:26,REAL,67498090047,539,67498090586,67498090586
2025-06-18 22:25:28,REAL,67498090586,539,67498091125,67498091125
2025-06-18 22:25:30,REAL,67498091125,598,67498091723,67498091723
2025-06-18 22:25:32,REAL,67498091723,593,67498092316,67498092316
2025-06-18 22:25:34,REAL,67498092316,548,67498092864,67498092864
2025-06-18 22:25:36,REAL,67498092864,545,67498093409,67498093409
2025-06-18 22:25:38,REAL,67498093409,614,67498094023,67498094023
2025-06-18 22:25:40,REAL,67498094023,540,67498094563,67498094563
2025-06-18 22:25:42,REAL,67498094563,544,67498095107,67498095107
2025-06-18 22:25:44,REAL,67498095107,537,67498095644,67498095644
2025-06-18 22:25:46,REAL,67498095644,610,67498096254,67498096254
2025-06-18 22:25:48,REAL,67498096254,547,67498096801,67498096801
2025-06-18 22:25:50,REAL,67498096801,542,67498097343,67498097343
2025-06-18 22:25:52,REAL,67498097343,597,67498097940,67498097940
2025-06-18 22:25:54,REAL,67498097940,623,67498098563,67498098563
2025-06-18 22:25:56,REAL,67498098563,539,67498099102,67498099102
2025-06-18 22:25:58,REAL,67498099102,536,67498099638,67498099638
2025-06-18 22:26:00,REAL,67498099638,542,67498100180,67498100180
2025-06-18 22:26:02,REAL,67498100180,665,67498100845,67498100845
2025-06-18 22:26:04,REAL,67498100845,538,67498101383,67498101383
2025-06-18 22:26:06,REAL,67498101383,543,67498101926,67498101926
2025-06-18 22:26:08,REAL,67498101926,607,67498102533,67498102533
2025-06-18 22:26:10,REAL,67498102533,543,67498103076,67498103076
2025-06-18 22:26:12,REAL,67498103076,535,67498103611,67498103611
2025-06-18 22:26:14,REAL,67498103611,541,67498104152,67498104152
2025-06-18 22:26:16,REAL,67498104152,543,67498104695,67498104695
2025-06-18 22:26:18,REAL,67498104695,595,67498105290,67498105290
2025-06-18 22:26:20,REAL,67498105290,601,67498105891,67498105891
2025-06-18 22:26:22,REAL,67498105891,533,67498106424,67498106424
2025-06-18 22:26:24,REAL,67498106424,614,67498107038,67498107038
2025-06-18 22:26:26,REAL,67498107038,544,67498107582,67498107582
2025-06-18 22:26:28,REAL,67498107582,540,67498108122,67498108122
2025-06-18 22:26:30,REAL,67498108122,536,67498108658,67498108658
2025-06-18 22:26:32,REAL,67498108658,539,67498109197,67498109197
2025-06-18 22:26:34,REAL,67498109197,653,67498109850,67498109850
2025-06-18 22:26:36,REAL,67498109850,547,67498110397,67498110397
2025-06-18 22:26:38,REAL,67498110397,621,67498111018,67498111018
2025-06-18 22:26:40,REAL,67498111018,537,67498111555,67498111555
2025-06-18 22:26:42,REAL,67498111555,546,67498112101,67498112101
2025-06-18 22:26:44,REAL,67498112101,541,67498112642,67498112642
2025-06-18 22:26:46,REAL,67498112642,599,67498113241,67498113241
2025-06-18 22:26:48,REAL,67498113241,539,67498113780,67498113780
2025-06-18 22:26:50,REAL,67498113780,605,67498114385,67498114385
2025-06-18 22:26:52,REAL,67498114385,544,67498114929,67498114929
2025-06-18 22:26:54,REAL,67498114929,609,67498115538,67498115538
2025-06-18 22:26:56,REAL,67498115538,544,67498116082,67498116082
2025-06-18 22:26:58,REAL,67498116082,298,67498116380,67498116380
2025-06-18 22:27:00,REAL,67498116380,538,67498116918,67498116918
2025-06-18 22:27:02,REAL,67498116918,538,67498117456,67498117456
2025-06-18 22:27:04,REAL,67498117456,591,67498118047,67498118047
2025-06-18 22:27:06,REAL,67498118047,598,67498118645,67498118645
2025-06-18 22:27:08,REAL,67498118645,247801,67498366446,67498366446
2025-06-18 22:27:10,REAL,67498366446,29946,67498396392,67498396392
2025-06-18 22:27:12,REAL,67498396392,28763,67498425155,67498425155
2025-06-18 22:27:14,REAL,67498425155,29263,67498454418,67498454418
2025-06-18 22:27:16,REAL,67498454418,29159,67498483577,67498483577
2025-06-18 22:27:18,REAL,67498483577,28851,67498512428,67498512428
2025-06-18 22:27:20,REAL,67498512428,28980,67498541408,67498541408
2025-06-18 22:27:22,REAL,67498541408,16654,67498558062,67498558062
2025-06-18 22:27:24,REAL,67498558062,624,67498558686,67498558686
2025-06-18 22:27:26,REAL,67498558686,547,67498559233,67498559233
2025-06-18 22:27:28,REAL,67498559233,541,67498559774,67498559774
2025-06-18 22:27:30,REAL,67498559774,539,67498560313,67498560313
2025-06-18 22:27:32,REAL,67498560313,542,67498560855,67498560855
2025-06-18 22:27:34,REAL,67498560855,651,67498561506,67498561506
2025-06-18 22:27:36,REAL,67498561506,538,67498562044,67498562044
2025-06-18 22:27:38,REAL,67498562044,676,67498562720,67498562720
2025-06-18 22:27:40,REAL,67498562720,251597,67498814317,67498814317
2025-06-18 22:27:42,REAL,67498814317,29139,67498843456,67498843456
2025-06-18 22:27:44,REAL,67498843456,28966,67498872422,67498872422
2025-06-18 22:27:46,REAL,67498872422,29755,67498902177,67498902177
2025-06-18 22:27:48,REAL,67498902177,29226,67498931403,67498931403
2025-06-18 22:27:50,REAL,67498931403,29241,67498960644,67498960644
2025-06-18 22:27:52,REAL,67498960644,29334,67498989978,67498989978
2025-06-18 22:27:54,REAL,67498989978,14774,67499004752,67499004752
2025-06-18 22:27:56,REAL,67499004752,600,67499005352,67499005352
2025-06-18 22:27:58,REAL,67499005352,600,67499005952,67499005952
2025-06-18 22:28:00,REAL,67499005952,151738,67499157690,67499157690
2025-06-18 22:28:02,REAL,67499157690,126606,67499284296,67499284296
2025-06-18 22:28:04,REAL,67499284296,29700,67499313996,67499313996
2025-06-18 22:28:06,REAL,67499313996,27936,67499341932,67499341932
2025-06-18 22:28:08,REAL,67499341932,29039,67499370971,67499370971
2025-06-18 22:28:10,REAL,67499370971,29761,67499400732,67499400732
2025-06-18 22:28:12,REAL,67499400732,29409,67499430141,67499430141
2025-06-18 22:28:14,REAL,67499430141,28255,67499458396,67499458396
2025-06-18 22:28:16,REAL,67499458396,543,67499458939,67499458939
2025-06-18 22:28:18,REAL,67499458939,535,67499459474,67499459474
2025-06-18 22:28:20,REAL,67499459474,535,67499460009,67499460009
2025-06-18 22:28:22,REAL,67499460009,547,67499460556,67499460556
2025-06-18 22:28:24,REAL,67499460556,678,67499461234,67499461234
2025-06-18 22:28:26,REAL,67499461234,543,67499461777,67499461777
2025-06-18 22:28:28,REAL,67499461777,545,67499462322,67499462322
2025-06-18 22:28:30,REAL,67499462322,604,67499462926,67499462926
2025-06-18 22:28:32,REAL,67499462926,152411,67499615337,67499615337
2025-06-18 22:28:34,REAL,67499615337,134740,67499750077,67499750077
2025-06-18 22:28:36,REAL,67499750077,28804,67499778881,67499778881
2025-06-18 22:28:38,REAL,67499778881,28938,67499807819,67499807819
2025-06-18 22:28:40,REAL,67499807819,28591,67499836410,67499836410
2025-06-18 22:28:42,REAL,67499836410,29508,67499865918,67499865918
2025-06-18 22:28:44,REAL,67499865918,28858,67499894776,67499894776
2025-06-18 22:28:46,REAL,67499894776,26424,67499921200,67499921200
2025-06-18 22:28:48,REAL,67499921200,543,67499921743,67499921743
2025-06-18 22:28:50,REAL,67499921743,535,67499922278,67499922278
2025-06-18 22:28:52,REAL,67499922278,541,67499922819,67499922819
2025-06-18 22:28:54,REAL,67499922819,620,67499923439,67499923439
2025-06-18 22:28:56,REAL,67499923439,599,67499924038,67499924038
2025-06-18 22:28:58,REAL,67499924038,546,67499924584,67499924584
2025-06-18 22:29:00,REAL,67499924584,544,67499925128,67499925128
2025-06-18 22:29:02,REAL,67499925128,606,67499925734,67499925734
2025-06-18 22:29:04,REAL,67499925734,650,67499926384,67499926384
2025-06-18 22:29:06,REAL,67499926384,603,67499926987,67499926987
2025-06-18 22:29:08,REAL,67499926987,36455,67499963442,67499963442
2025-06-18 22:29:10,REAL,67499963442,229323,67500192765,67500192765
2025-06-18 22:29:12,REAL,67500192765,28933,67500221698,67500221698
2025-06-18 22:29:14,REAL,67500221698,29055,67500250753,67500250753
2025-06-18 22:29:16,REAL,67500250753,29022,67500279775,67500279775
2025-06-18 22:29:18,REAL,67500279775,29206,67500308981,67500308981
2025-06-18 22:29:20,REAL,67500308981,28628,67500337609,67500337609
2025-06-18 22:29:22,REAL,67500337609,29331,67500366940,67500366940
2025-06-18 22:29:24,REAL,67500366940,10089,67500377029,67500377029
2025-06-18 22:29:26,REAL,67500377029,541,67500377570,67500377570
2025-06-18 22:29:28,REAL,67500377570,536,67500378106,67500378106
2025-06-18 22:29:30,REAL,67500378106,548,67500378654,67500378654
2025-06-18 22:29:32,REAL,67500378654,541,67500379195,67500379195
2025-06-18 22:29:34,REAL,67500379195,645,67500379840,67500379840
2025-06-18 22:29:36,REAL,67500379840,536,67500380376,67500380376
2025-06-18 22:29:38,REAL,67500380376,548,67500380924,67500380924
2025-06-18 22:29:40,REAL,67500380924,677,67500381601,67500381601
2025-06-18 22:29:42,REAL,67500381601,539,67500382140,67500382140
2025-06-18 22:29:44,REAL,67500382140,545,67500382685,67500382685
2025-06-18 22:29:46,REAL,67500382685,540,67500383225,67500383225
2025-06-18 22:29:48,REAL,67500383225,540,67500383765,67500383765
2025-06-18 22:29:50,REAL,67500383765,538,67500384303,67500384303
2025-06-18 22:29:52,REAL,67500384303,543,67500384846,67500384846
2025-06-18 22:29:54,REAL,67500384846,614,67500385460,67500385460
2025-06-18 22:29:56,REAL,67500385460,602,67500386062,67500386062
2025-06-18 22:29:58,REAL,67500386062,595,67500386657,67500386657
2025-06-18 22:30:00,REAL,67500386657,531,67500387188,67500387188
2025-06-18 22:30:02,REAL,67500387188,594,67500387782,67500387782
2025-06-18 22:30:04,REAL,67500387782,545,67500388327,67500388327
2025-06-18 22:30:06,REAL,67500388327,541,67500388868,67500388868
2025-06-18 22:30:08,REAL,67500388868,530,67500389398,67500389398
2025-06-18 22:30:10,REAL,67500389398,613,67500390011,67500390011
2025-06-18 22:30:12,REAL,67500390011,74048,67500464059,67500464059
2025-06-18 22:30:14,REAL,67500464059,179093,67500643152,67500643152
2025-06-18 22:30:16,REAL,67500643152,29043,67500672195,67500672195
2025-06-18 22:30:18,REAL,67500672195,29490,67500701685,67500701685
2025-06-18 22:30:20,REAL,67500701685,29263,67500730948,67500730948
2025-06-18 22:30:22,REAL,67500730948,29281,67500760229,67500760229
2025-06-18 22:30:24,REAL,67500760229,29855,67500790084,67500790084
2025-06-18 22:30:26,REAL,67500790084,28815,67500818899,67500818899
2025-06-18 22:30:28,REAL,67500818899,6711,67500825610,67500825610
2025-06-18 22:30:30,REAL,67500825610,596,67500826206,67500826206
2025-06-18 22:30:32,REAL,67500826206,542,67500826748,67500826748
2025-06-18 22:30:34,REAL,67500826748,540,67500827288,67500827288
2025-06-18 22:30:36,REAL,67500827288,543,67500827831,67500827831
2025-06-18 22:30:38,REAL,67500827831,600,67500828431,67500828431
2025-06-18 22:30:40,REAL,67500828431,620,67500829051,67500829051
2025-06-18 22:30:42,REAL,67500829051,536,67500829587,67500829587
2025-06-18 22:30:44,REAL,67500829587,82905,67500912492,67500912492
2025-06-18 22:30:46,REAL,67500912492,180198,67501092690,67501092690
2025-06-18 22:30:48,REAL,67501092690,28937,67501121627,67501121627
2025-06-18 22:30:50,REAL,67501121627,29046,67501150673,67501150673
2025-06-18 22:30:52,REAL,67501150673,29182,67501179855,67501179855
2025-06-18 22:30:54,REAL,67501179855,29901,67501209756,67501209756
2025-06-18 22:30:56,REAL,67501209756,28874,67501238630,67501238630
2025-06-18 22:30:58,REAL,67501238630,29639,67501268269,67501268269
2025-06-18 22:31:00,REAL,67501268269,4408,67501272677,67501272677
2025-06-18 22:31:02,REAL,67501272677,542,67501273219,67501273219
2025-06-18 22:31:04,REAL,67501273219,543,67501273762,67501273762
2025-06-18 22:31:06,REAL,67501273762,536,67501274298,67501274298
2025-06-18 22:31:08,REAL,67501274298,597,67501274895,67501274895
2025-06-18 22:31:10,REAL,67501274895,609,67501275504,67501275504
2025-06-18 22:31:12,REAL,67501275504,549,67501276053,67501276053
2025-06-18 22:31:14,REAL,67501276053,540,67501276593,67501276593
2025-06-18 22:31:16,REAL,67501276593,600,67501277193,67501277193
2025-06-18 22:31:18,REAL,67501277193,539,67501277732,67501277732
2025-06-18 22:31:20,REAL,67501277732,541,67501278273,67501278273
2025-06-18 22:31:22,REAL,67501278273,534,67501278807,67501278807
2025-06-18 22:31:24,REAL,67501278807,532,67501279339,67501279339
2025-06-18 22:31:26,REAL,67501279339,622,67501279961,67501279961
2025-06-18 22:31:28,REAL,67501279961,598,67501280559,67501280559
2025-06-18 22:31:30,REAL,67501280559,540,67501281099,67501281099
2025-06-18 22:31:32,REAL,67501281099,601,67501281700,67501281700
2025-06-18 22:31:34,REAL,67501281700,598,67501282298,67501282298
2025-06-18 22:31:36,REAL,67501282298,543,67501282841,67501282841
2025-06-18 22:31:38,REAL,67501282841,535,67501283376,67501283376
2025-06-18 22:31:40,REAL,67501283376,616,67501283992,67501283992
2025-06-18 22:31:42,REAL,67501283992,538,67501284530,67501284530
2025-06-18 22:31:44,REAL,67501284530,544,67501285074,67501285074
2025-06-18 22:31:46,REAL,67501285074,535,67501285609,67501285609
2025-06-18 22:31:48,REAL,67501285609,602,67501286211,67501286211
2025-06-18 22:31:50,REAL,67501286211,545,67501286756,67501286756
2025-06-18 22:31:52,REAL,67501286756,535,67501287291,67501287291
2025-06-18 22:31:54,REAL,67501287291,540,67501287831,67501287831
2025-06-18 22:31:56,REAL,67501287831,666,67501288497,67501288497
2025-06-18 22:31:58,REAL,67501288497,530,67501289027,67501289027
2025-06-18 22:32:00,REAL,67501289027,595,67501289622,67501289622
2025-06-18 22:32:02,REAL,67501289622,543,67501290165,67501290165
2025-06-18 22:32:04,REAL,67501290165,608,67501290773,67501290773
2025-06-18 22:32:06,REAL,67501290773,542,67501291315,67501291315
2025-06-18 22:32:08,REAL,67501291315,542,67501291857,67501291857
2025-06-18 22:32:10,REAL,67501291857,621,67501292478,67501292478
2025-06-18 22:32:12,REAL,67501292478,541,67501293019,67501293019
2025-06-18 22:32:14,REAL,67501293019,542,67501293561,67501293561
2025-06-18 22:32:16,REAL,67501293561,530,67501294091,67501294091
2025-06-18 22:32:18,REAL,67501294091,540,67501294631,67501294631
2025-06-18 22:32:20,REAL,67501294631,147796,67501442427,67501442427
2025-06-18 22:32:22,REAL,67501442427,108702,67501551129,67501551129
2025-06-18 22:32:24,REAL,67501551129,29427,67501580556,67501580556
2025-06-18 22:32:26,REAL,67501580556,29139,67501609695,67501609695
2025-06-18 22:32:28,REAL,67501609695,28977,67501638672,67501638672
2025-06-18 22:32:30,REAL,67501638672,29370,67501668042,67501668042
2025-06-18 22:32:32,REAL,67501668042,29321,67501697363,67501697363
2025-06-18 22:32:34,REAL,67501697363,28019,67501725382,67501725382
2025-06-18 22:32:36,REAL,67501725382,536,67501725918,67501725918
2025-06-18 22:32:38,REAL,67501725918,542,67501726460,67501726460
2025-06-18 22:32:40,REAL,67501726460,608,67501727068,67501727068
2025-06-18 22:32:42,REAL,67501727068,540,67501727608,67501727608
2025-06-18 22:32:44,REAL,67501727608,536,67501728144,67501728144
2025-06-18 22:32:46,REAL,67501728144,538,67501728682,67501728682
2025-06-18 22:32:48,REAL,67501728682,545,67501729227,67501729227
2025-06-18 22:32:50,REAL,67501729227,603,67501729830,67501729830
2025-06-18 22:32:52,REAL,67501729830,540,67501730370,67501730370
2025-06-18 22:32:54,REAL,67501730370,595,67501730965,67501730965
2025-06-18 22:32:56,REAL,67501730965,621,67501731586,67501731586
2025-06-18 22:32:58,REAL,67501731586,591,67501732177,67501732177
2025-06-18 22:33:00,REAL,67501732177,540,67501732717,67501732717
2025-06-18 22:33:02,REAL,67501732717,541,67501733258,67501733258
2025-06-18 22:33:04,REAL,67501733258,533,67501733791,67501733791
2025-06-18 22:33:06,REAL,67501733791,604,67501734395,67501734395
2025-06-18 22:33:08,REAL,67501734395,543,67501734938,67501734938
2025-06-18 22:33:10,REAL,67501734938,618,67501735556,67501735556
2025-06-18 22:33:12,REAL,67501735556,537,67501736093,67501736093
2025-06-18 22:33:14,REAL,67501736093,538,67501736631,67501736631
2025-06-18 22:33:16,REAL,67501736631,537,67501737168,67501737168
2025-06-18 22:33:18,REAL,67501737168,540,67501737708,67501737708
2025-06-18 22:33:20,REAL,67501737708,542,67501738250,67501738250
2025-06-18 22:33:22,REAL,67501738250,659,67501738909,67501738909
2025-06-18 22:33:24,REAL,67501738909,178854,67501917763,67501917763
2025-06-18 22:33:26,REAL,67501917763,111952,67502029715,67502029715
2025-06-18 22:33:28,REAL,67502029715,29489,67502059204,67502059204
2025-06-18 22:33:30,REAL,67502059204,28972,67502088176,67502088176
2025-06-18 22:33:32,REAL,67502088176,29027,67502117203,67502117203
2025-06-18 22:33:34,REAL,67502117203,28993,67502146196,67502146196
2025-06-18 22:33:36,REAL,67502146196,29260,67502175456,67502175456
2025-06-18 22:33:38,REAL,67502175456,23764,67502199220,67502199220
2025-06-18 22:33:40,REAL,67502199220,616,67502199836,67502199836
2025-06-18 22:33:42,REAL,67502199836,542,67502200378,67502200378
2025-06-18 22:33:44,REAL,67502200378,537,67502200915,67502200915
2025-06-18 22:33:46,REAL,67502200915,540,67502201455,67502201455
2025-06-18 22:33:48,REAL,67502201455,534,67502201989,67502201989
2025-06-18 22:33:50,REAL,67502201989,538,67502202527,67502202527
2025-06-18 22:33:52,REAL,67502202527,599,67502203126,67502203126
2025-06-18 22:33:54,REAL,67502203126,608,67502203734,67502203734
2025-06-18 22:33:56,REAL,67502203734,616,67502204350,67502204350
2025-06-18 22:33:58,REAL,67502204350,540,67502204890,67502204890
2025-06-18 22:34:00,REAL,67502204890,542,67502205432,67502205432
2025-06-18 22:34:02,REAL,67502205432,603,67502206035,67502206035
2025-06-18 22:34:04,REAL,67502206035,541,67502206576,67502206576
2025-06-18 22:34:06,REAL,67502206576,530,67502207106,67502207106
2025-06-18 22:34:08,REAL,67502207106,544,67502207650,67502207650
2025-06-18 22:34:10,REAL,67502207650,602,67502208252,67502208252
2025-06-18 22:34:12,REAL,67502208252,613,67502208865,67502208865
2025-06-18 22:34:14,REAL,67502208865,531,67502209396,67502209396
2025-06-18 22:34:16,REAL,67502209396,541,67502209937,67502209937
2025-06-18 22:34:18,REAL,67502209937,543,67502210480,67502210480
2025-06-18 22:34:20,REAL,67502210480,540,67502211020,67502211020
2025-06-18 22:34:22,REAL,67502211020,601,67502211621,67502211621
2025-06-18 22:34:24,REAL,67502211621,537,67502212158,67502212158
2025-06-18 22:34:26,REAL,67502212158,673,67502212831,67502212831
2025-06-18 22:34:28,REAL,67502212831,223286,67502436117,67502436117
2025-06-18 22:34:30,REAL,67502436117,68083,67502504200,67502504200
2025-06-18 22:34:32,REAL,67502504200,28963,67502533163,67502533163
2025-06-18 22:34:34,REAL,67502533163,29274,67502562437,67502562437
2025-06-18 22:34:36,REAL,67502562437,29092,67502591529,67502591529
2025-06-18 22:34:38,REAL,67502591529,29034,67502620563,67502620563
2025-06-18 22:34:40,REAL,67502620563,29254,67502649817,67502649817
2025-06-18 22:34:42,REAL,67502649817,20333,67502670150,67502670150
2025-06-18 22:34:44,REAL,67502670150,539,67502670689,67502670689
2025-06-18 22:34:46,REAL,67502670689,549,67502671238,67502671238
2025-06-18 22:34:48,REAL,67502671238,539,67502671777,67502671777
2025-06-18 22:34:50,REAL,67502671777,537,67502672314,67502672314
2025-06-18 22:34:52,REAL,67502672314,595,67502672909,67502672909
2025-06-18 22:34:54,REAL,67502672909,533,67502673442,67502673442
2025-06-18 22:34:56,REAL,67502673442,617,67502674059,67502674059
2025-06-18 22:34:58,REAL,67502674059,599,67502674658,67502674658
2025-06-18 22:35:00,REAL,67502674658,543,67502675201,67502675201
2025-06-18 22:35:02,REAL,67502675201,540,67502675741,67502675741
2025-06-18 22:35:04,REAL,67502675741,548,67502676289,67502676289
2025-06-18 22:35:06,REAL,67502676289,592,67502676881,67502676881
2025-06-18 22:35:08,REAL,67502676881,539,67502677420,67502677420
2025-06-18 22:35:10,REAL,67502677420,540,67502677960,67502677960
2025-06-18 22:35:12,REAL,67502677960,609,67502678569,67502678569
2025-06-18 22:35:14,REAL,67502678569,604,67502679173,67502679173
2025-06-18 22:35:16,REAL,67502679173,538,67502679711,67502679711
2025-06-18 22:35:18,REAL,67502679711,537,67502680248,67502680248
2025-06-18 22:35:20,REAL,67502680248,533,67502680781,67502680781
2025-06-18 22:35:22,REAL,67502680781,665,67502681446,67502681446
2025-06-18 22:35:24,REAL,67502681446,539,67502681985,67502681985
2025-06-18 22:35:26,REAL,67502681985,611,67502682596,67502682596
2025-06-18 22:35:28,REAL,67502682596,538,67502683134,67502683134
2025-06-18 22:35:30,REAL,67502683134,599,67502683733,67502683733
2025-06-18 22:35:32,REAL,67502683733,536,67502684269,67502684269
2025-06-18 22:35:34,REAL,67502684269,543,67502684812,67502684812
2025-06-18 22:35:36,REAL,67502684812,532,67502685344,67502685344
2025-06-18 22:35:38,REAL,67502685344,544,67502685888,67502685888
2025-06-18 22:35:40,REAL,67502685888,536,67502686424,67502686424
2025-06-18 22:35:42,REAL,67502686424,614,67502687038,67502687038
2025-06-18 22:35:44,REAL,67502687038,586,67502687624,67502687624
2025-06-18 22:35:46,REAL,67502687624,600,67502688224,67502688224
2025-06-18 22:35:48,REAL,67502688224,549,67502688773,67502688773
2025-06-18 22:35:50,REAL,67502688773,532,67502689305,67502689305
2025-06-18 22:35:52,REAL,67502689305,537,67502689842,67502689842
2025-06-18 22:35:54,REAL,67502689842,592,67502690434,67502690434
2025-06-18 22:35:56,REAL,67502690434,618,67502691052,67502691052
2025-06-18 22:35:58,REAL,67502691052,549,67502691601,67502691601
2025-06-18 22:36:00,REAL,67502691601,538,67502692139,67502692139
2025-06-18 22:36:02,REAL,67502692139,595,67502692734,67502692734
2025-06-18 22:36:04,REAL,67502692734,248181,67502940915,67502940915
2025-06-18 22:36:06,REAL,67502940915,29231,67502970146,67502970146
2025-06-18 22:36:08,REAL,67502970146,29382,67502999528,67502999528
2025-06-18 22:36:10,REAL,67502999528,29222,67503028750,67503028750
2025-06-18 22:36:12,REAL,67503028750,29053,67503057803,67503057803
2025-06-18 22:36:14,REAL,67503057803,28792,67503086595,67503086595
2025-06-18 22:36:16,REAL,67503086595,29029,67503115624,67503115624
2025-06-18 22:36:18,REAL,67503115624,15035,67503130659,67503130659
2025-06-18 22:36:20,REAL,67503130659,544,67503131203,67503131203
2025-06-18 22:36:22,REAL,67503131203,531,67503131734,67503131734
2025-06-18 22:36:24,REAL,67503131734,598,67503132332,67503132332
2025-06-18 22:36:26,REAL,67503132332,623,67503132955,67503132955
2025-06-18 22:36:28,REAL,67503132955,534,67503133489,67503133489
2025-06-18 22:36:30,REAL,67503133489,542,67503134031,67503134031
2025-06-18 22:36:32,REAL,67503134031,542,67503134573,67503134573
2025-06-18 22:36:34,REAL,67503134573,605,67503135178,67503135178
2025-06-18 22:36:36,REAL,67503135178,605,67503135783,67503135783
2025-06-18 22:36:38,REAL,67503135783,657,67503136440,67503136440
2025-06-18 22:36:40,REAL,67503136440,541,67503136981,67503136981
2025-06-18 22:36:42,REAL,67503136981,674,67503137655,67503137655
2025-06-18 22:36:44,REAL,67503137655,544,67503138199,67503138199
2025-06-18 22:36:46,REAL,67503138199,543,67503138742,67503138742
2025-06-18 22:36:48,REAL,67503138742,534,67503139276,67503139276
2025-06-18 22:36:50,REAL,67503139276,534,67503139810,67503139810
2025-06-18 22:36:52,REAL,67503139810,545,67503140355,67503140355
2025-06-18 22:36:54,REAL,67503140355,659,67503141014,67503141014
2025-06-18 22:36:56,REAL,67503141014,611,67503141625,67503141625
2025-06-18 22:36:58,REAL,67503141625,543,67503142168,67503142168
2025-06-18 22:37:00,REAL,67503142168,533,67503142701,67503142701
2025-06-18 22:37:02,REAL,67503142701,535,67503143236,67503143236
2025-06-18 22:37:04,REAL,67503143236,542,67503143778,67503143778
2025-06-18 22:37:06,REAL,67503143778,535,67503144313,67503144313
2025-06-18 22:37:08,REAL,67503144313,532,67503144845,67503144845
2025-06-18 22:37:10,REAL,67503144845,602,67503145447,67503145447
2025-06-18 22:37:12,REAL,67503145447,619,67503146066,67503146066
2025-06-18 22:37:14,REAL,67503146066,548,67503146614,67503146614
2025-06-18 22:37:16,REAL,67503146614,538,67503147152,67503147152
2025-06-18 22:37:18,REAL,67503147152,542,67503147694,67503147694
2025-06-18 22:37:20,REAL,67503147694,536,67503148230,67503148230
2025-06-18 22:37:22,REAL,67503148230,544,67503148774,67503148774
2025-06-18 22:37:24,REAL,67503148774,532,67503149306,67503149306
2025-06-18 22:37:26,REAL,67503149306,859,67503150165,67503150165
2025-06-18 22:37:28,REAL,67503150165,170279,67503320444,67503320444
2025-06-18 22:37:30,REAL,67503320444,95553,67503415997,67503415997
2025-06-18 22:37:32,REAL,67503415997,29483,67503445480,67503445480
2025-06-18 22:37:34,REAL,67503445480,29288,67503474768,67503474768
2025-06-18 22:37:36,REAL,67503474768,29634,67503504402,67503504402
2025-06-18 22:37:38,REAL,67503504402,29191,67503533593,67503533593
2025-06-18 22:37:40,REAL,67503533593,29727,67503563320,67503563320
2025-06-18 22:37:42,REAL,67503563320,24658,67503587978,67503587978
2025-06-18 22:37:44,REAL,67503587978,591,67503588569,67503588569
2025-06-18 22:37:46,REAL,67503588569,599,67503589168,67503589168
2025-06-18 22:37:48,REAL,67503589168,46895,67503636063,67503636063
2025-06-18 22:37:50,REAL,67503636063,205693,67503841756,67503841756
2025-06-18 22:37:52,REAL,67503841756,29272,67503871028,67503871028
2025-06-18 22:37:54,REAL,67503871028,29464,67503900492,67503900492
2025-06-18 22:37:56,REAL,67503900492,29516,67503930008,67503930008
2025-06-18 22:37:58,REAL,67503930008,29351,67503959359,67503959359
2025-06-18 22:38:00,REAL,67503959359,29432,67503988791,67503988791
2025-06-18 22:38:02,REAL,67503988791,28789,67504017580,67504017580
2025-06-18 22:38:04,REAL,67504017580,9174,67504026754,67504026754
2025-06-18 22:38:06,REAL,67504026754,547,67504027301,67504027301
2025-06-18 22:38:08,REAL,67504027301,534,67504027835,67504027835
2025-06-18 22:38:10,REAL,67504027835,542,67504028377,67504028377
2025-06-18 22:38:12,REAL,67504028377,610,67504028987,67504028987
2025-06-18 22:38:14,REAL,67504028987,548,67504029535,67504029535
2025-06-18 22:38:16,REAL,67504029535,546,67504030081,67504030081
2025-06-18 22:38:18,REAL,67504030081,538,67504030619,67504030619
2025-06-18 22:38:20,REAL,67504030619,52823,67504083442,67504083442
2025-06-18 22:38:22,REAL,67504083442,187008,67504270450,67504270450
2025-06-18 22:38:24,REAL,67504270450,29041,67504299491,67504299491
2025-06-18 22:38:26,REAL,67504299491,28871,67504328362,67504328362
2025-06-18 22:38:28,REAL,67504328362,29375,67504357737,67504357737
2025-06-18 22:38:30,REAL,67504357737,28994,67504386731,67504386731
2025-06-18 22:38:32,REAL,67504386731,28840,67504415571,67504415571
2025-06-18 22:38:34,REAL,67504415571,29098,67504444669,67504444669
2025-06-18 22:38:36,REAL,67504444669,7648,67504452317,67504452317
2025-06-18 22:38:38,REAL,67504452317,538,67504452855,67504452855
2025-06-18 22:38:40,REAL,67504452855,540,67504453395,67504453395
2025-06-18 22:38:42,REAL,67504453395,610,67504454005,67504454005
2025-06-18 22:38:44,REAL,67504454005,543,67504454548,67504454548
2025-06-18 22:38:46,REAL,67504454548,538,67504455086,67504455086
2025-06-18 22:38:48,REAL,67504455086,546,67504455632,67504455632
2025-06-18 22:38:50,REAL,67504455632,542,67504456174,67504456174
2025-06-18 22:38:52,REAL,67504456174,599,67504456773,67504456773
2025-06-18 22:38:54,REAL,67504456773,546,67504457319,67504457319
2025-06-18 22:38:56,REAL,67504457319,625,67504457944,67504457944
2025-06-18 22:38:58,REAL,67504457944,536,67504458480,67504458480
2025-06-18 22:39:00,REAL,67504458480,544,67504459024,67504459024
2025-06-18 22:39:02,REAL,67504459024,541,67504459565,67504459565
2025-06-18 22:39:04,REAL,67504459565,594,67504460159,67504460159
2025-06-18 22:39:06,REAL,67504460159,536,67504460695,67504460695
2025-06-18 22:39:08,REAL,67504460695,602,67504461297,67504461297
2025-06-18 22:39:10,REAL,67504461297,594,67504461891,67504461891
2025-06-18 22:39:12,REAL,67504461891,618,67504462509,67504462509
2025-06-18 22:39:14,REAL,67504462509,544,67504463053,67504463053
2025-06-18 22:39:16,REAL,67504463053,539,67504463592,67504463592
2025-06-18 22:39:18,REAL,67504463592,549,67504464141,67504464141
2025-06-18 22:39:20,REAL,67504464141,543,67504464684,67504464684
2025-06-18 22:39:22,REAL,67504464684,545,67504465229,67504465229
2025-06-18 22:39:24,REAL,67504465229,601,67504465830,67504465830
2025-06-18 22:39:26,REAL,67504465830,625,67504466455,67504466455
2025-06-18 22:39:28,REAL,67504466455,537,67504466992,67504466992
2025-06-18 22:39:30,REAL,67504466992,538,67504467530,67504467530
2025-06-18 22:39:32,REAL,67504467530,541,67504468071,67504468071
2025-06-18 22:39:34,REAL,67504468071,536,67504468607,67504468607
2025-06-18 22:39:36,REAL,67504468607,539,67504469146,67504469146
2025-06-18 22:39:38,REAL,67504469146,539,67504469685,67504469685
2025-06-18 22:39:40,REAL,67504469685,606,67504470291,67504470291
2025-06-18 22:39:42,REAL,67504470291,617,67504470908,67504470908
2025-06-18 22:39:44,REAL,67504470908,535,67504471443,67504471443
2025-06-18 22:39:46,REAL,67504471443,537,67504471980,67504471980
2025-06-18 22:39:48,REAL,67504471980,543,67504472523,67504472523
2025-06-18 22:39:50,REAL,67504472523,597,67504473120,67504473120
2025-06-18 22:39:52,REAL,67504473120,594,67504473714,67504473714
2025-06-18 22:39:54,REAL,67504473714,541,67504474255,67504474255
2025-06-18 22:39:56,REAL,67504474255,601,67504474856,67504474856
2025-06-18 22:39:58,REAL,67504474856,613,67504475469,67504475469
2025-06-18 22:40:00,REAL,67504475469,539,67504476008,67504476008
2025-06-18 22:40:02,REAL,67504476008,533,67504476541,67504476541
2025-06-18 22:40:04,REAL,67504476541,532,67504477073,67504477073
2025-06-18 22:40:06,REAL,67504477073,539,67504477612,67504477612
2025-06-18 22:40:08,REAL,67504477612,540,67504478152,67504478152
2025-06-18 22:40:10,REAL,67504478152,542,67504478694,67504478694
2025-06-18 22:40:12,REAL,67504478694,671,67504479365,67504479365
2025-06-18 22:40:14,REAL,67504479365,537,67504479902,67504479902
2025-06-18 22:40:16,REAL,67504479902,539,67504480441,67504480441
2025-06-18 22:40:18,REAL,67504480441,548,67504480989,67504480989
2025-06-18 22:40:20,REAL,67504480989,538,67504481527,67504481527
2025-06-18 22:40:22,REAL,67504481527,533,67504482060,67504482060
2025-06-18 22:40:24,REAL,67504482060,546,67504482606,67504482606
2025-06-18 22:40:26,REAL,67504482606,532,67504483138,67504483138
2025-06-18 22:40:28,REAL,67504483138,684,67504483822,67504483822
2025-06-18 22:40:30,REAL,67504483822,532,67504484354,67504484354
2025-06-18 22:40:32,REAL,67504484354,545,67504484899,67504484899
2025-06-18 22:40:34,REAL,67504484899,593,67504485492,67504485492
2025-06-18 22:40:36,REAL,67504485492,599,67504486091,67504486091
2025-06-18 22:40:38,REAL,67504486091,548,67504486639,67504486639
2025-06-18 22:40:40,REAL,67504486639,541,67504487180,67504487180
2025-06-18 22:40:42,REAL,67504487180,616,67504487796,67504487796
2025-06-18 22:40:44,REAL,67504487796,601,67504488397,67504488397
2025-06-18 22:40:46,REAL,67504488397,538,67504488935,67504488935
2025-06-18 22:40:48,REAL,67504488935,544,67504489479,67504489479
2025-06-18 22:40:50,REAL,67504489479,540,67504490019,67504490019
2025-06-18 22:40:52,REAL,67504490019,532,67504490551,67504490551
2025-06-18 22:40:54,REAL,67504490551,550,67504491101,67504491101
2025-06-18 22:40:56,REAL,67504491101,538,67504491639,67504491639
2025-06-18 22:40:58,REAL,67504491639,677,67504492316,67504492316
2025-06-18 22:41:00,REAL,67504492316,546,67504492862,67504492862
2025-06-18 22:41:02,REAL,67504492862,541,67504493403,67504493403
2025-06-18 22:41:04,REAL,67504493403,532,67504493935,67504493935
2025-06-18 22:41:06,REAL,67504493935,549,67504494484,67504494484
2025-06-18 22:41:08,REAL,67504494484,537,67504495021,67504495021
2025-06-18 22:41:10,REAL,67504495021,540,67504495561,67504495561
2025-06-18 22:41:12,REAL,67504495561,617,67504496178,67504496178
2025-06-18 22:41:14,REAL,67504496178,590,67504496768,67504496768
2025-06-18 22:41:16,REAL,67504496768,543,67504497311,67504497311
2025-06-18 22:41:18,REAL,67504497311,597,67504497908,67504497908
2025-06-18 22:41:20,REAL,67504497908,593,67504498501,67504498501
2025-06-18 22:41:22,REAL,67504498501,544,67504499045,67504499045
2025-06-18 22:41:24,REAL,67504499045,540,67504499585,67504499585
2025-06-18 22:41:26,REAL,67504499585,544,67504500129,67504500129
2025-06-18 22:41:28,REAL,67504500129,613,67504500742,67504500742
2025-06-18 22:41:30,REAL,67504500742,591,67504501333,67504501333
2025-06-18 22:41:32,REAL,67504501333,163245,67504664578,67504664578
2025-06-18 22:41:34,REAL,67504664578,95175,67504759753,67504759753
2025-06-18 22:41:36,REAL,67504759753,28945,67504788698,67504788698
2025-06-18 22:41:38,REAL,67504788698,29819,67504818517,67504818517
2025-06-18 22:41:40,REAL,67504818517,28817,67504847334,67504847334
2025-06-18 22:41:42,REAL,67504847334,29119,67504876453,67504876453
2025-06-18 22:41:44,REAL,67504876453,28967,67504905420,67504905420
2025-06-18 22:41:46,REAL,67504905420,24931,67504930351,67504930351
2025-06-18 22:41:48,REAL,67504930351,545,67504930896,67504930896
2025-06-18 22:41:50,REAL,67504930896,544,67504931440,67504931440
2025-06-18 22:41:52,REAL,67504931440,533,67504931973,67504931973
2025-06-18 22:41:54,REAL,67504931973,537,67504932510,67504932510
2025-06-18 22:41:56,REAL,67504932510,546,67504933056,67504933056
2025-06-18 22:41:58,REAL,67504933056,613,67504933669,67504933669
2025-06-18 22:42:00,REAL,67504933669,530,67504934199,67504934199
2025-06-18 22:42:02,REAL,67504934199,653,67504934852,67504934852
2025-06-18 22:42:04,REAL,67504934852,179087,67505113939,67505113939
2025-06-18 22:42:06,REAL,67505113939,70959,67505184898,67505184898
2025-06-18 22:42:08,REAL,67505184898,29459,67505214357,67505214357
2025-06-18 22:42:10,REAL,67505214357,29025,67505243382,67505243382
2025-06-18 22:42:12,REAL,67505243382,29634,67505273016,67505273016
2025-06-18 22:42:14,REAL,67505273016,29097,67505302113,67505302113
2025-06-18 22:42:16,REAL,67505302113,29124,67505331237,67505331237
2025-06-18 22:42:18,REAL,67505331237,22899,67505354136,67505354136
2025-06-18 22:42:20,REAL,67505354136,600,67505354736,67505354736
2025-06-18 22:42:22,REAL,67505354736,599,67505355335,67505355335
2025-06-18 22:42:24,REAL,67505355335,58142,67505413477,67505413477
2025-06-18 22:42:26,REAL,67505413477,210495,67505623972,67505623972
2025-06-18 22:42:28,REAL,67505623972,29411,67505653383,67505653383
2025-06-18 22:42:30,REAL,67505653383,29218,67505682601,67505682601
2025-06-18 22:42:32,REAL,67505682601,29481,67505712082,67505712082
2025-06-18 22:42:34,REAL,67505712082,29124,67505741206,67505741206
2025-06-18 22:42:36,REAL,67505741206,29914,67505771120,67505771120
2025-06-18 22:42:38,REAL,67505771120,28840,67505799960,67505799960
2025-06-18 22:42:40,REAL,67505799960,7800,67505807760,67505807760
2025-06-18 22:42:42,REAL,67505807760,543,67505808303,67505808303
2025-06-18 22:42:44,REAL,67505808303,615,67505808918,67505808918
2025-06-18 22:42:46,REAL,67505808918,600,67505809518,67505809518
2025-06-18 22:42:48,REAL,67505809518,530,67505810048,67505810048
2025-06-18 22:42:50,REAL,67505810048,536,67505810584,67505810584
2025-06-18 22:42:52,REAL,67505810584,533,67505811117,67505811117
2025-06-18 22:42:54,REAL,67505811117,550,67505811667,67505811667
2025-06-18 22:42:56,REAL,67505811667,73345,67505885012,67505885012
2025-06-18 22:42:58,REAL,67505885012,172736,67506057748,67506057748
2025-06-18 22:43:00,REAL,67506057748,28945,67506086693,67506086693
2025-06-18 22:43:02,REAL,67506086693,28865,67506115558,67506115558
2025-06-18 22:43:04,REAL,67506115558,29415,67506144973,67506144973
2025-06-18 22:43:06,REAL,67506144973,29416,67506174389,67506174389
2025-06-18 22:43:08,REAL,67506174389,29033,67506203422,67506203422
2025-06-18 22:43:10,REAL,67506203422,28659,67506232081,67506232081
2025-06-18 22:43:12,REAL,67506232081,6132,67506238213,67506238213
2025-06-18 22:43:14,REAL,67506238213,623,67506238836,67506238836
2025-06-18 22:43:16,REAL,67506238836,539,67506239375,67506239375
2025-06-18 22:43:18,REAL,67506239375,542,67506239917,67506239917
2025-06-18 22:43:20,REAL,67506239917,544,67506240461,67506240461
2025-06-18 22:43:22,REAL,67506240461,549,67506241010,67506241010
2025-06-18 22:43:24,REAL,67506241010,548,67506241558,67506241558
2025-06-18 22:43:26,REAL,67506241558,536,67506242094,67506242094
2025-06-18 22:43:28,REAL,67506242094,91452,67506333546,67506333546
2025-06-18 22:43:30,REAL,67506333546,173416,67506506962,67506506962
2025-06-18 22:43:32,REAL,67506506962,29316,67506536278,67506536278
2025-06-18 22:43:34,REAL,67506536278,28726,67506565004,67506565004
2025-06-18 22:43:36,REAL,67506565004,29053,67506594057,67506594057
2025-06-18 22:43:38,REAL,67506594057,29016,67506623073,67506623073
2025-06-18 22:43:40,REAL,67506623073,28849,67506651922,67506651922
2025-06-18 22:43:42,REAL,67506651922,29227,67506681149,67506681149
2025-06-18 22:43:44,REAL,67506681149,4061,67506685210,67506685210
2025-06-18 22:43:46,REAL,67506685210,300,67506685510,67506685510
2025-06-18 22:43:48,REAL,67506685510,540,67506686050,67506686050
2025-06-18 22:43:50,REAL,67506686050,534,67506686584,67506686584
2025-06-18 22:43:52,REAL,67506686584,542,67506687126,67506687126
2025-06-18 22:43:54,REAL,67506687126,542,67506687668,67506687668
2025-06-18 22:43:56,REAL,67506687668,537,67506688205,67506688205
2025-06-18 22:43:58,REAL,67506688205,610,67506688815,67506688815
2025-06-18 22:44:00,REAL,67506688815,109963,67506798778,67506798778
2025-06-18 22:44:02,REAL,67506798778,150257,67506949035,67506949035
2025-06-18 22:44:04,REAL,67506949035,29427,67506978462,67506978462
2025-06-18 22:44:06,REAL,67506978462,28618,67507007080,67507007080
2025-06-18 22:44:08,REAL,67507007080,29239,67507036319,67507036319
2025-06-18 22:44:10,REAL,67507036319,28604,67507064923,67507064923
2025-06-18 22:44:12,REAL,67507064923,29049,67507093972,67507093972
2025-06-18 22:44:14,REAL,67507093972,29187,67507123159,67507123159
2025-06-18 22:44:16,REAL,67507123159,2218,67507125377,67507125377
2025-06-18 22:44:18,REAL,67507125377,538,67507125915,67507125915
2025-06-18 22:44:20,REAL,67507125915,539,67507126454,67507126454
2025-06-18 22:44:22,REAL,67507126454,537,67507126991,67507126991
2025-06-18 22:44:24,REAL,67507126991,545,67507127536,67507127536
2025-06-18 22:44:26,REAL,67507127536,543,67507128079,67507128079
2025-06-18 22:44:28,REAL,67507128079,612,67507128691,67507128691
2025-06-18 22:44:30,REAL,67507128691,534,67507129225,67507129225
2025-06-18 22:44:32,REAL,67507129225,121157,67507250382,67507250382
2025-06-18 22:44:34,REAL,67507250382,141683,67507392065,67507392065
2025-06-18 22:44:36,REAL,67507392065,29030,67507421095,67507421095
2025-06-18 22:44:38,REAL,67507421095,29749,67507450844,67507450844
2025-06-18 22:44:40,REAL,67507450844,29320,67507480164,67507480164
2025-06-18 22:44:42,REAL,67507480164,29499,67507509663,67507509663
2025-06-18 22:44:44,REAL,67507509663,29275,67507538938,67507538938
2025-06-18 22:44:46,REAL,67507538938,28846,67507567784,67507567784
2025-06-18 22:44:48,REAL,67507567784,603,67507568387,67507568387
2025-06-18 22:44:50,REAL,67507568387,597,67507568984,67507568984
2025-06-18 22:44:52,REAL,67507568984,536,67507569520,67507569520
2025-06-18 22:44:54,REAL,67507569520,534,67507570054,67507570054
2025-06-18 22:44:56,REAL,67507570054,537,67507570591,67507570591
2025-06-18 22:44:58,REAL,67507570591,620,67507571211,67507571211
2025-06-18 22:45:00,REAL,67507571211,545,67507571756,67507571756
2025-06-18 22:45:02,REAL,67507571756,604,67507572360,67507572360
2025-06-18 22:45:04,REAL,67507572360,533,67507572893,67507572893
2025-06-18 22:45:06,REAL,67507572893,544,67507573437,67507573437
2025-06-18 22:45:08,REAL,67507573437,532,67507573969,67507573969
2025-06-18 22:45:10,REAL,67507573969,530,67507574499,67507574499
2025-06-18 22:45:12,REAL,67507574499,545,67507575044,67507575044
2025-06-18 22:45:14,REAL,67507575044,617,67507575661,67507575661
2025-06-18 22:45:16,REAL,67507575661,540,67507576201,67507576201
2025-06-18 22:45:18,REAL,67507576201,599,67507576800,67507576800
2025-06-18 22:45:20,REAL,67507576800,601,67507577401,67507577401
2025-06-18 22:45:22,REAL,67507577401,653,67507578054,67507578054
2025-06-18 22:45:24,REAL,67507578054,598,67507578652,67507578652
2025-06-18 22:45:26,REAL,67507578652,540,67507579192,67507579192
2025-06-18 22:45:28,REAL,67507579192,546,67507579738,67507579738
2025-06-18 22:45:30,REAL,67507579738,674,67507580412,67507580412
2025-06-18 22:45:32,REAL,67507580412,542,67507580954,67507580954
2025-06-18 22:45:34,REAL,67507580954,549,67507581503,67507581503
2025-06-18 22:45:36,REAL,67507581503,538,67507582041,67507582041
2025-06-18 22:45:38,REAL,67507582041,545,67507582586,67507582586
2025-06-18 22:45:40,REAL,67507582586,602,67507583188,67507583188
2025-06-18 22:45:42,REAL,67507583188,544,67507583732,67507583732
2025-06-18 22:45:44,REAL,67507583732,615,67507584347,67507584347
2025-06-18 22:45:46,REAL,67507584347,549,67507584896,67507584896
2025-06-18 22:45:48,REAL,67507584896,538,67507585434,67507585434
2025-06-18 22:45:50,REAL,67507585434,546,67507585980,67507585980
2025-06-18 22:45:52,REAL,67507585980,539,67507586519,67507586519
2025-06-18 22:45:54,REAL,67507586519,531,67507587050,67507587050
2025-06-18 22:45:56,REAL,67507587050,601,67507587651,67507587651
2025-06-18 22:45:58,REAL,67507587651,536,67507588187,67507588187
2025-06-18 22:46:00,REAL,67507588187,615,67507588802,67507588802
2025-06-18 22:46:02,REAL,67507588802,542,67507589344,67507589344
2025-06-18 22:46:04,REAL,67507589344,543,67507589887,67507589887
2025-06-18 22:46:06,REAL,67507589887,540,67507590427,67507590427
2025-06-18 22:46:08,REAL,67507590427,591,67507591018,67507591018
2025-06-18 22:46:10,REAL,67507591018,546,67507591564,67507591564
2025-06-18 22:46:12,REAL,67507591564,653,67507592217,67507592217
2025-06-18 22:46:14,REAL,67507592217,681,67507592898,67507592898
2025-06-18 22:46:16,REAL,67507592898,538,67507593436,67507593436
2025-06-18 22:46:18,REAL,67507593436,537,67507593973,67507593973
2025-06-18 22:46:20,REAL,67507593973,540,67507594513,67507594513
2025-06-18 22:46:22,REAL,67507594513,546,67507595059,67507595059
2025-06-18 22:46:24,REAL,67507595059,538,67507595597,67507595597
2025-06-18 22:46:26,REAL,67507595597,538,67507596135,67507596135
2025-06-18 22:46:28,REAL,67507596135,48943,67507645078,67507645078
2025-06-18 22:46:30,REAL,67507645078,191295,67507836373,67507836373
2025-06-18 22:46:32,REAL,67507836373,29406,67507865779,67507865779
2025-06-18 22:46:34,REAL,67507865779,29340,67507895119,67507895119
2025-06-18 22:46:36,REAL,67507895119,29524,67507924643,67507924643
2025-06-18 22:46:38,REAL,67507924643,29502,67507954145,67507954145
2025-06-18 22:46:40,REAL,67507954145,29743,67507983888,67507983888
2025-06-18 22:46:42,REAL,67507983888,29177,67508013065,67508013065
2025-06-18 22:46:44,REAL,67508013065,8346,67508021411,67508021411
2025-06-18 22:46:46,REAL,67508021411,544,67508021955,67508021955
2025-06-18 22:46:48,REAL,67508021955,600,67508022555,67508022555
2025-06-18 22:46:50,REAL,67508022555,533,67508023088,67508023088
2025-06-18 22:46:52,REAL,67508023088,548,67508023636,67508023636
2025-06-18 22:46:54,REAL,67508023636,544,67508024180,67508024180
2025-06-18 22:46:56,REAL,67508024180,549,67508024729,67508024729
2025-06-18 22:46:58,REAL,67508024729,540,67508025269,67508025269
2025-06-18 22:47:00,REAL,67508025269,666,67508025935,67508025935
2025-06-18 22:47:02,REAL,67508025935,539,67508026474,67508026474
2025-06-18 22:47:04,REAL,67508026474,542,67508027016,67508027016
2025-06-18 22:47:06,REAL,67508027016,537,67508027553,67508027553
2025-06-18 22:47:08,REAL,67508027553,538,67508028091,67508028091
2025-06-18 22:47:10,REAL,67508028091,534,67508028625,67508028625
2025-06-18 22:47:12,REAL,67508028625,543,67508029168,67508029168
2025-06-18 22:47:14,REAL,67508029168,538,67508029706,67508029706
2025-06-18 22:47:16,REAL,67508029706,676,67508030382,67508030382
2025-06-18 22:47:18,REAL,67508030382,600,67508030982,67508030982
2025-06-18 22:47:20,REAL,67508030982,535,67508031517,67508031517
2025-06-18 22:47:22,REAL,67508031517,536,67508032053,67508032053
2025-06-18 22:47:24,REAL,67508032053,541,67508032594,67508032594
2025-06-18 22:47:26,REAL,67508032594,595,67508033189,67508033189
2025-06-18 22:47:28,REAL,67508033189,542,67508033731,67508033731
2025-06-18 22:47:30,REAL,67508033731,618,67508034349,67508034349
2025-06-18 22:47:32,REAL,67508034349,85352,67508119701,67508119701
2025-06-18 22:47:34,REAL,67508119701,176788,67508296489,67508296489
2025-06-18 22:47:36,REAL,67508296489,29472,67508325961,67508325961
2025-06-18 22:47:38,REAL,67508325961,28780,67508354741,67508354741
2025-06-18 22:47:40,REAL,67508354741,29474,67508384215,67508384215
2025-06-18 22:47:42,REAL,67508384215,29742,67508413957,67508413957
2025-06-18 22:47:44,REAL,67508413957,29367,67508443324,67508443324
2025-06-18 22:47:46,REAL,67508443324,29562,67508472886,67508472886
2025-06-18 22:47:48,REAL,67508472886,4533,67508477419,67508477419
2025-06-18 22:47:50,REAL,67508477419,537,67508477956,67508477956
2025-06-18 22:47:52,REAL,67508477956,542,67508478498,67508478498
2025-06-18 22:47:54,REAL,67508478498,532,67508479030,67508479030
2025-06-18 22:47:56,REAL,67508479030,542,67508479572,67508479572
2025-06-18 22:47:58,REAL,67508479572,541,67508480113,67508480113
2025-06-18 22:48:00,REAL,67508480113,617,67508480730,67508480730
2025-06-18 22:48:02,REAL,67508480730,541,67508481271,67508481271
2025-06-18 22:48:04,REAL,67508481271,601,67508481872,67508481872
2025-06-18 22:48:06,REAL,67508481872,656,67508482528,67508482528
2025-06-18 22:48:08,REAL,67508482528,535,67508483063,67508483063
2025-06-18 22:48:10,REAL,67508483063,548,67508483611,67508483611
2025-06-18 22:48:12,REAL,67508483611,550,67508484161,67508484161
2025-06-18 22:48:14,REAL,67508484161,544,67508484705,67508484705
2025-06-18 22:48:16,REAL,67508484705,618,67508485323,67508485323
2025-06-18 22:48:18,REAL,67508485323,542,67508485865,67508485865
2025-06-18 22:48:20,REAL,67508485865,662,67508486527,67508486527
2025-06-18 22:48:22,REAL,67508486527,596,67508487123,67508487123
2025-06-18 22:48:24,REAL,67508487123,603,67508487726,67508487726
2025-06-18 22:48:26,REAL,67508487726,545,67508488271,67508488271
2025-06-18 22:48:28,REAL,67508488271,539,67508488810,67508488810
2025-06-18 22:48:30,REAL,67508488810,622,67508489432,67508489432
2025-06-18 22:48:32,REAL,67508489432,543,67508489975,67508489975
2025-06-18 22:48:34,REAL,67508489975,541,67508490516,67508490516
2025-06-18 22:48:36,REAL,67508490516,544,67508491060,67508491060
2025-06-18 22:48:38,REAL,67508491060,538,67508491598,67508491598
2025-06-18 22:48:40,REAL,67508491598,653,67508492251,67508492251
2025-06-18 22:48:42,REAL,67508492251,599,67508492850,67508492850
2025-06-18 22:48:44,REAL,67508492850,660,67508493510,67508493510
2025-06-18 22:48:46,REAL,67508493510,680,67508494190,67508494190
2025-06-18 22:48:48,REAL,67508494190,539,67508494729,67508494729
2025-06-18 22:48:50,REAL,67508494729,532,67508495261,67508495261
2025-06-18 22:48:52,REAL,67508495261,535,67508495796,67508495796
2025-06-18 22:48:54,REAL,67508495796,543,67508496339,67508496339
2025-06-18 22:48:56,REAL,67508496339,541,67508496880,67508496880
2025-06-18 22:48:58,REAL,67508496880,538,67508497418,67508497418
2025-06-18 22:49:00,REAL,67508497418,609,67508498027,67508498027
2025-06-18 22:49:02,REAL,67508498027,600,67508498627,67508498627
2025-06-18 22:49:04,REAL,67508498627,533,67508499160,67508499160
2025-06-18 22:49:06,REAL,67508499160,543,67508499703,67508499703
2025-06-18 22:49:08,REAL,67508499703,537,67508500240,67508500240
2025-06-18 22:49:10,REAL,67508500240,538,67508500778,67508500778
2025-06-18 22:49:12,REAL,67508500778,542,67508501320,67508501320
2025-06-18 22:49:14,REAL,67508501320,536,67508501856,67508501856
2025-06-18 22:49:16,REAL,67508501856,668,67508502524,67508502524
2025-06-18 22:49:18,REAL,67508502524,147000,67508649524,67508649524
2025-06-18 22:49:20,REAL,67508649524,132908,67508782432,67508782432
2025-06-18 22:49:22,REAL,67508782432,28739,67508811171,67508811171
2025-06-18 22:49:24,REAL,67508811171,28925,67508840096,67508840096
2025-06-18 22:49:26,REAL,67508840096,29839,67508869935,67508869935
2025-06-18 22:49:28,REAL,67508869935,29183,67508899118,67508899118
2025-06-18 22:49:30,REAL,67508899118,29216,67508928334,67508928334
2025-06-18 22:49:32,REAL,67508928334,28083,67508956417,67508956417
2025-06-18 22:49:34,REAL,67508956417,542,67508956959,67508956959
2025-06-18 22:49:36,REAL,67508956959,540,67508957499,67508957499
2025-06-18 22:49:38,REAL,67508957499,538,67508958037,67508958037
2025-06-18 22:49:40,REAL,67508958037,538,67508958575,67508958575
2025-06-18 22:49:42,REAL,67508958575,540,67508959115,67508959115
2025-06-18 22:49:44,REAL,67508959115,539,67508959654,67508959654
2025-06-18 22:49:46,REAL,67508959654,613,67508960267,67508960267
2025-06-18 22:49:48,REAL,67508960267,599,67508960866,67508960866
2025-06-18 22:49:50,REAL,67508960866,541,67508961407,67508961407
2025-06-18 22:49:52,REAL,67508961407,593,67508962000,67508962000
2025-06-18 22:49:54,REAL,67508962000,543,67508962543,67508962543
2025-06-18 22:49:56,REAL,67508962543,537,67508963080,67508963080
2025-06-18 22:49:58,REAL,67508963080,550,67508963630,67508963630
2025-06-18 22:50:00,REAL,67508963630,543,67508964173,67508964173
2025-06-18 22:50:02,REAL,67508964173,621,67508964794,67508964794
2025-06-18 22:50:04,REAL,67508964794,601,67508965395,67508965395
2025-06-18 22:50:06,REAL,67508965395,532,67508965927,67508965927
2025-06-18 22:50:08,REAL,67508965927,536,67508966463,67508966463
2025-06-18 22:50:10,REAL,67508966463,601,67508967064,67508967064
2025-06-18 22:50:12,REAL,67508967064,536,67508967600,67508967600
2025-06-18 22:50:14,REAL,67508967600,531,67508968131,67508968131
2025-06-18 22:50:16,REAL,67508968131,615,67508968746,67508968746
2025-06-18 22:50:18,REAL,67508968746,541,67508969287,67508969287
2025-06-18 22:50:20,REAL,67508969287,603,67508969890,67508969890
2025-06-18 22:50:22,REAL,67508969890,549,67508970439,67508970439
2025-06-18 22:50:24,REAL,67508970439,541,67508970980,67508970980
2025-06-18 22:50:26,REAL,67508970980,599,67508971579,67508971579
2025-06-18 22:50:28,REAL,67508971579,544,67508972123,67508972123
2025-06-18 22:50:30,REAL,67508972123,531,67508972654,67508972654
2025-06-18 22:50:32,REAL,67508972654,612,67508973266,67508973266
2025-06-18 22:50:34,REAL,67508973266,538,67508973804,67508973804
2025-06-18 22:50:36,REAL,67508973804,670,67508974474,67508974474
2025-06-18 22:50:38,REAL,67508974474,544,67508975018,67508975018
2025-06-18 22:50:40,REAL,67508975018,543,67508975561,67508975561
2025-06-18 22:50:42,REAL,67508975561,537,67508976098,67508976098
2025-06-18 22:50:44,REAL,67508976098,550,67508976648,67508976648
2025-06-18 22:50:46,REAL,67508976648,612,67508977260,67508977260
2025-06-18 22:50:48,REAL,67508977260,542,67508977802,67508977802
2025-06-18 22:50:50,REAL,67508977802,541,67508978343,67508978343
2025-06-18 22:50:52,REAL,67508978343,661,67508979004,67508979004
2025-06-18 22:50:54,REAL,67508979004,538,67508979542,67508979542
2025-06-18 22:50:56,REAL,67508979542,538,67508980080,67508980080
2025-06-18 22:50:58,REAL,67508980080,548,67508980628,67508980628
2025-06-18 22:51:00,REAL,67508980628,593,67508981221,67508981221
2025-06-18 22:51:02,REAL,67508981221,621,67508981842,67508981842
2025-06-18 22:51:04,REAL,67508981842,537,67508982379,67508982379
2025-06-18 22:51:06,REAL,67508982379,540,67508982919,67508982919
2025-06-18 22:51:08,REAL,67508982919,593,67508983512,67508983512
2025-06-18 22:51:10,REAL,67508983512,534,67508984046,67508984046
2025-06-18 22:51:12,REAL,67508984046,541,67508984587,67508984587
2025-06-18 22:51:14,REAL,67508984587,531,67508985118,67508985118
2025-06-18 22:51:16,REAL,67508985118,611,67508985729,67508985729
2025-06-18 22:51:18,REAL,67508985729,541,67508986270,67508986270
2025-06-18 22:51:20,REAL,67508986270,544,67508986814,67508986814
2025-06-18 22:51:22,REAL,67508986814,533,67508987347,67508987347
2025-06-18 22:51:24,REAL,67508987347,603,67508987950,67508987950
2025-06-18 22:51:26,REAL,67508987950,227199,67509215149,67509215149
2025-06-18 22:51:28,REAL,67509215149,64141,67509279290,67509279290
2025-06-18 22:51:30,REAL,67509279290,29035,67509308325,67509308325
2025-06-18 22:51:32,REAL,67509308325,29364,67509337689,67509337689
2025-06-18 22:51:34,REAL,67509337689,29393,67509367082,67509367082
2025-06-18 22:51:36,REAL,67509367082,29106,67509396188,67509396188
2025-06-18 22:51:38,REAL,67509396188,28538,67509424726,67509424726
2025-06-18 22:51:40,REAL,67509424726,20985,67509445711,67509445711
2025-06-18 22:51:42,REAL,67509445711,540,67509446251,67509446251
2025-06-18 22:51:44,REAL,67509446251,546,67509446797,67509446797
2025-06-18 22:51:46,REAL,67509446797,608,67509447405,67509447405
2025-06-18 22:51:48,REAL,67509447405,546,67509447951,67509447951
2025-06-18 22:51:50,REAL,67509447951,546,67509448497,67509448497
2025-06-18 22:51:52,REAL,67509448497,539,67509449036,67509449036
2025-06-18 22:51:54,REAL,67509449036,539,67509449575,67509449575
2025-06-18 22:51:56,REAL,67509449575,607,67509450182,67509450182
2025-06-18 22:51:58,REAL,67509450182,542,67509450724,67509450724
2025-06-18 22:52:00,REAL,67509450724,601,67509451325,67509451325
2025-06-18 22:52:02,REAL,67509451325,617,67509451942,67509451942
2025-06-18 22:52:04,REAL,67509451942,539,67509452481,67509452481
2025-06-18 22:52:06,REAL,67509452481,545,67509453026,67509453026
2025-06-18 22:52:08,REAL,67509453026,542,67509453568,67509453568
2025-06-18 22:52:10,REAL,67509453568,544,67509454112,67509454112
2025-06-18 22:52:12,REAL,67509454112,608,67509454720,67509454720
2025-06-18 22:52:14,REAL,67509454720,231001,67509685721,67509685721
2025-06-18 22:52:16,REAL,67509685721,39821,67509725542,67509725542
2025-06-18 22:52:18,REAL,67509725542,29315,67509754857,67509754857
2025-06-18 22:52:20,REAL,67509754857,29052,67509783909,67509783909
2025-06-18 22:52:22,REAL,67509783909,29181,67509813090,67509813090
2025-06-18 22:52:24,REAL,67509813090,28791,67509841881,67509841881
2025-06-18 22:52:26,REAL,67509841881,28857,67509870738,67509870738
2025-06-18 22:52:28,REAL,67509870738,18037,67509888775,67509888775
2025-06-18 22:52:30,REAL,67509888775,543,67509889318,67509889318
2025-06-18 22:52:32,REAL,67509889318,614,67509889932,67509889932
2025-06-18 22:52:34,REAL,67509889932,536,67509890468,67509890468
2025-06-18 22:52:36,REAL,67509890468,533,67509891001,67509891001
2025-06-18 22:52:38,REAL,67509891001,540,67509891541,67509891541
2025-06-18 22:52:40,REAL,67509891541,536,67509892077,67509892077
2025-06-18 22:52:42,REAL,67509892077,541,67509892618,67509892618
2025-06-18 22:52:44,REAL,67509892618,654,67509893272,67509893272
2025-06-18 22:52:46,REAL,67509893272,539,67509893811,67509893811
2025-06-18 22:52:48,REAL,67509893811,620,67509894431,67509894431
2025-06-18 22:52:50,REAL,67509894431,550,67509894981,67509894981
2025-06-18 22:52:52,REAL,67509894981,533,67509895514,67509895514
2025-06-18 22:52:54,REAL,67509895514,535,67509896049,67509896049
2025-06-18 22:52:56,REAL,67509896049,541,67509896590,67509896590
2025-06-18 22:52:58,REAL,67509896590,545,67509897135,67509897135
2025-06-18 22:53:00,REAL,67509897135,606,67509897741,67509897741
2025-06-18 22:53:02,REAL,67509897741,724,67509898465,67509898465
2025-06-18 22:53:04,REAL,67509898465,601,67509899066,67509899066
2025-06-18 22:53:06,REAL,67509899066,142916,67510041982,67510041982
2025-06-18 22:53:08,REAL,67510041982,136959,67510178941,67510178941
2025-06-18 22:53:10,REAL,67510178941,29037,67510207978,67510207978
2025-06-18 22:53:12,REAL,67510207978,29187,67510237165,67510237165
2025-06-18 22:53:14,REAL,67510237165,29126,67510266291,67510266291
2025-06-18 22:53:16,REAL,67510266291,29154,67510295445,67510295445
2025-06-18 22:53:18,REAL,67510295445,29086,67510324531,67510324531
2025-06-18 22:53:20,REAL,67510324531,29082,67510353613,67510353613
2025-06-18 22:53:22,REAL,67510353613,657,67510354270,67510354270
2025-06-18 22:53:24,REAL,67510354270,547,67510354817,67510354817
2025-06-18 22:53:26,REAL,67510354817,540,67510355357,67510355357
2025-06-18 22:53:28,REAL,67510355357,548,67510355905,67510355905
2025-06-18 22:53:30,REAL,67510355905,542,67510356447,67510356447
2025-06-18 22:53:32,REAL,67510356447,613,67510357060,67510357060
2025-06-18 22:53:34,REAL,67510357060,544,67510357604,67510357604
2025-06-18 22:53:36,REAL,67510357604,609,67510358213,67510358213
2025-06-18 22:53:38,REAL,67510358213,598,67510358811,67510358811
2025-06-18 22:53:40,REAL,67510358811,655,67510359466,67510359466
2025-06-18 22:53:42,REAL,67510359466,9637,67510369103,67510369103
2025-06-18 22:53:44,REAL,67510369103,264205,67510633308,67510633308
2025-06-18 22:53:46,REAL,67510633308,29241,67510662549,67510662549
2025-06-18 22:53:48,REAL,67510662549,29237,67510691786,67510691786
2025-06-18 22:53:50,REAL,67510691786,29674,67510721460,67510721460
2025-06-18 22:53:52,REAL,67510721460,29143,67510750603,67510750603
2025-06-18 22:53:54,REAL,67510750603,28361,67510778964,67510778964
2025-06-18 22:53:56,REAL,67510778964,29638,67510808602,67510808602
2025-06-18 22:53:58,REAL,67510808602,13031,67510821633,67510821633
2025-06-18 22:54:00,REAL,67510821633,541,67510822174,67510822174
2025-06-18 22:54:02,REAL,67510822174,618,67510822792,67510822792
2025-06-18 22:54:04,REAL,67510822792,539,67510823331,67510823331
2025-06-18 22:54:06,REAL,67510823331,545,67510823876,67510823876
2025-06-18 22:54:08,REAL,67510823876,545,67510824421,67510824421
2025-06-18 22:54:10,REAL,67510824421,541,67510824962,67510824962
2025-06-18 22:54:12,REAL,67510824962,536,67510825498,67510825498
2025-06-18 22:54:14,REAL,67510825498,32675,67510858173,67510858173
2025-06-18 22:54:16,REAL,67510858173,226610,67511084783,67511084783
2025-06-18 22:54:18,REAL,67511084783,29652,67511114435,67511114435
2025-06-18 22:54:20,REAL,67511114435,29533,67511143968,67511143968
2025-06-18 22:54:22,REAL,67511143968,28959,67511172927,67511172927
2025-06-18 22:54:24,REAL,67511172927,29481,67511202408,67511202408
2025-06-18 22:54:26,REAL,67511202408,28811,67511231219,67511231219
2025-06-18 22:54:28,REAL,67511231219,28567,67511259786,67511259786
2025-06-18 22:54:30,REAL,67511259786,11493,67511271279,67511271279
2025-06-18 22:54:32,REAL,67511271279,611,67511271890,67511271890
2025-06-18 22:54:34,REAL,67511271890,533,67511272423,67511272423
2025-06-18 22:54:36,REAL,67511272423,537,67511272960,67511272960
2025-06-18 22:54:38,REAL,67511272960,542,67511273502,67511273502
2025-06-18 22:54:40,REAL,67511273502,536,67511274038,67511274038
2025-06-18 22:54:42,REAL,67511274038,542,67511274580,67511274580
2025-06-18 22:54:44,REAL,67511274580,535,67511275115,67511275115
2025-06-18 22:54:46,REAL,67511275115,651,67511275766,67511275766
2025-06-18 22:54:48,REAL,67511275766,613,67511276379,67511276379
2025-06-18 22:54:50,REAL,67511276379,539,67511276918,67511276918
2025-06-18 22:54:52,REAL,67511276918,539,67511277457,67511277457
2025-06-18 22:54:54,REAL,67511277457,537,67511277994,67511277994
2025-06-18 22:54:56,REAL,67511277994,541,67511278535,67511278535
2025-06-18 22:54:58,REAL,67511278535,535,67511279070,67511279070
2025-06-18 22:55:00,REAL,67511279070,546,67511279616,67511279616
2025-06-18 22:55:02,REAL,67511279616,599,67511280215,67511280215
2025-06-18 22:55:04,REAL,67511280215,610,67511280825,67511280825
2025-06-18 22:55:06,REAL,67511280825,550,67511281375,67511281375
2025-06-18 22:55:08,REAL,67511281375,536,67511281911,67511281911
2025-06-18 22:55:10,REAL,67511281911,535,67511282446,67511282446
2025-06-18 22:55:12,REAL,67511282446,540,67511282986,67511282986
2025-06-18 22:55:14,REAL,67511282986,597,67511283583,67511283583
2025-06-18 22:55:16,REAL,67511283583,544,67511284127,67511284127
2025-06-18 22:55:18,REAL,67511284127,668,67511284795,67511284795
2025-06-18 22:55:20,REAL,67511284795,599,67511285394,67511285394
2025-06-18 22:55:22,REAL,67511285394,542,67511285936,67511285936
2025-06-18 22:55:24,REAL,67511285936,536,67511286472,67511286472
2025-06-18 22:55:26,REAL,67511286472,539,67511287011,67511287011
2025-06-18 22:55:28,REAL,67511287011,532,67511287543,67511287543
2025-06-18 22:55:30,REAL,67511287543,546,67511288089,67511288089
2025-06-18 22:55:32,REAL,67511288089,543,67511288632,67511288632
2025-06-18 22:55:34,REAL,67511288632,673,67511289305,67511289305
2025-06-18 22:55:36,REAL,67511289305,534,67511289839,67511289839
2025-06-18 22:55:38,REAL,67511289839,543,67511290382,67511290382
2025-06-18 22:55:40,REAL,67511290382,545,67511290927,67511290927
2025-06-18 22:55:42,REAL,67511290927,539,67511291466,67511291466
2025-06-18 22:55:44,REAL,67511291466,542,67511292008,67511292008
2025-06-18 22:55:46,REAL,67511292008,536,67511292544,67511292544
2025-06-18 22:55:48,REAL,67511292544,622,67511293166,67511293166
2025-06-18 22:55:50,REAL,67511293166,608,67511293774,67511293774
2025-06-18 22:55:52,REAL,67511293774,543,67511294317,67511294317
2025-06-18 22:55:54,REAL,67511294317,605,67511294922,67511294922
2025-06-18 22:55:56,REAL,67511294922,544,67511295466,67511295466
2025-06-18 22:55:58,REAL,67511295466,536,67511296002,67511296002
2025-06-18 22:56:00,REAL,67511296002,591,67511296593,67511296593
2025-06-18 22:56:02,REAL,67511296593,549,67511297142,67511297142
2025-06-18 22:56:04,REAL,67511297142,619,67511297761,67511297761
2025-06-18 22:56:06,REAL,67511297761,602,67511298363,67511298363
2025-06-18 22:56:08,REAL,67511298363,539,67511298902,67511298902
2025-06-18 22:56:10,REAL,67511298902,543,67511299445,67511299445
2025-06-18 22:56:12,REAL,67511299445,538,67511299983,67511299983
2025-06-18 22:56:14,REAL,67511299983,539,67511300522,67511300522
2025-06-18 22:56:16,REAL,67511300522,541,67511301063,67511301063
2025-06-18 22:56:18,REAL,67511301063,617,67511301680,67511301680
2025-06-18 22:56:20,REAL,67511301680,538,67511302218,67511302218
2025-06-18 22:56:22,REAL,67511302218,596,67511302814,67511302814
2025-06-18 22:56:24,REAL,67511302814,538,67511303352,67511303352
2025-06-18 22:56:26,REAL,67511303352,602,67511303954,67511303954
2025-06-18 22:56:28,REAL,67511303954,540,67511304494,67511304494
2025-06-18 22:56:30,REAL,67511304494,536,67511305030,67511305030
2025-06-18 22:56:32,REAL,67511305030,538,67511305568,67511305568
2025-06-18 22:56:34,REAL,67511305568,612,67511306180,67511306180
2025-06-18 22:56:36,REAL,67511306180,544,67511306724,67511306724
2025-06-18 22:56:38,REAL,67511306724,596,67511307320,67511307320
2025-06-18 22:56:40,REAL,67511307320,542,67511307862,67511307862
2025-06-18 22:56:42,REAL,67511307862,544,67511308406,67511308406
2025-06-18 22:56:44,REAL,67511308406,600,67511309006,67511309006
2025-06-18 22:56:46,REAL,67511309006,533,67511309539,67511309539
2025-06-18 22:56:48,REAL,67511309539,618,67511310157,67511310157
2025-06-18 22:56:50,REAL,67511310157,549,67511310706,67511310706
2025-06-18 22:56:52,REAL,67511310706,538,67511311244,67511311244
2025-06-18 22:56:54,REAL,67511311244,597,67511311841,67511311841
2025-06-18 22:56:56,REAL,67511311841,540,67511312381,67511312381
2025-06-18 22:56:58,REAL,67511312381,596,67511312977,67511312977
2025-06-18 22:57:00,REAL,67511312977,545,67511313522,67511313522
2025-06-18 22:57:02,REAL,67511313522,537,67511314059,67511314059
2025-06-18 22:57:04,REAL,67511314059,625,67511314684,67511314684
2025-06-18 22:57:06,REAL,67511314684,530,67511315214,67511315214
2025-06-18 22:57:08,REAL,67511315214,536,67511315750,67511315750
2025-06-18 22:57:10,REAL,67511315750,656,67511316406,67511316406
2025-06-18 22:57:12,REAL,67511316406,600,67511317006,67511317006
2025-06-18 22:57:14,REAL,67511317006,602,67511317608,67511317608
2025-06-18 22:57:16,REAL,67511317608,541,67511318149,67511318149
2025-06-18 22:57:18,REAL,67511318149,614,67511318763,67511318763
2025-06-18 22:57:20,REAL,67511318763,542,67511319305,67511319305
2025-06-18 22:57:22,REAL,67511319305,543,67511319848,67511319848
2025-06-18 22:57:24,REAL,67511319848,540,67511320388,67511320388
2025-06-18 22:57:26,REAL,67511320388,541,67511320929,67511320929
2025-06-18 22:57:28,REAL,67511320929,540,67511321469,67511321469
2025-06-18 22:57:30,REAL,67511321469,661,67511322130,67511322130
2025-06-18 22:57:32,REAL,67511322130,237522,67511559652,67511559652
2025-06-18 22:57:34,REAL,67511559652,29088,67511588740,67511588740
2025-06-18 22:57:36,REAL,67511588740,28752,67511617492,67511617492
2025-06-18 22:57:38,REAL,67511617492,29322,67511646814,67511646814
2025-06-18 22:57:40,REAL,67511646814,29480,67511676294,67511676294
2025-06-18 22:57:42,REAL,67511676294,29033,67511705327,67511705327
2025-06-18 22:57:44,REAL,67511705327,29631,67511734958,67511734958
2025-06-18 22:57:46,REAL,67511734958,14637,67511749595,67511749595
2025-06-18 22:57:48,REAL,67511749595,538,67511750133,67511750133
2025-06-18 22:57:50,REAL,67511750133,617,67511750750,67511750750
2025-06-18 22:57:52,REAL,67511750750,595,67511751345,67511751345
2025-06-18 22:57:54,REAL,67511751345,540,67511751885,67511751885
2025-06-18 22:57:56,REAL,67511751885,534,67511752419,67511752419
2025-06-18 22:57:58,REAL,67511752419,542,67511752961,67511752961
2025-06-18 22:58:00,REAL,67511752961,544,67511753505,67511753505
2025-06-18 22:58:02,REAL,67511753505,15166,67511768671,67511768671
2025-06-18 22:58:04,REAL,67511768671,242995,67512011666,67512011666
2025-06-18 22:58:06,REAL,67512011666,28905,67512040571,67512040571
2025-06-18 22:58:08,REAL,67512040571,29417,67512069988,67512069988
2025-06-18 22:58:10,REAL,67512069988,29736,67512099724,67512099724
2025-06-18 22:58:12,REAL,67512099724,29037,67512128761,67512128761
2025-06-18 22:58:14,REAL,67512128761,29196,67512157957,67512157957
2025-06-18 22:58:16,REAL,67512157957,28921,67512186878,67512186878
2025-06-18 22:58:18,REAL,67512186878,12564,67512199442,67512199442
2025-06-18 22:58:20,REAL,67512199442,619,67512200061,67512200061
2025-06-18 22:58:22,REAL,67512200061,534,67512200595,67512200595
2025-06-18 22:58:24,REAL,67512200595,591,67512201186,67512201186
2025-06-18 22:58:26,REAL,67512201186,540,67512201726,67512201726
2025-06-18 22:58:28,REAL,67512201726,541,67512202267,67512202267
2025-06-18 22:58:30,REAL,67512202267,545,67512202812,67512202812
2025-06-18 22:58:32,REAL,67512202812,543,67512203355,67512203355
2025-06-18 22:58:34,REAL,67512203355,677,67512204032,67512204032
2025-06-18 22:58:36,REAL,67512204032,544,67512204576,67512204576
2025-06-18 22:58:38,REAL,67512204576,538,67512205114,67512205114
2025-06-18 22:58:40,REAL,67512205114,540,67512205654,67512205654
2025-06-18 22:58:42,REAL,67512205654,533,67512206187,67512206187
2025-06-18 22:58:44,REAL,67512206187,542,67512206729,67512206729
2025-06-18 22:58:46,REAL,67512206729,602,67512207331,67512207331
2025-06-18 22:58:48,REAL,67512207331,540,67512207871,67512207871
2025-06-18 22:58:50,REAL,67512207871,679,67512208550,67512208550
2025-06-18 22:58:52,REAL,67512208550,535,67512209085,67512209085
2025-06-18 22:58:54,REAL,67512209085,545,67512209630,67512209630
2025-06-18 22:58:56,REAL,67512209630,542,67512210172,67512210172
2025-06-18 22:58:58,REAL,67512210172,535,67512210707,67512210707
2025-06-18 22:59:00,REAL,67512210707,605,67512211312,67512211312
2025-06-18 22:59:02,REAL,67512211312,539,67512211851,67512211851
2025-06-18 22:59:04,REAL,67512211851,617,67512212468,67512212468
2025-06-18 22:59:06,REAL,67512212468,656,67512213124,67512213124
2025-06-18 22:59:08,REAL,67512213124,542,67512213666,67512213666
2025-06-18 22:59:10,REAL,67512213666,544,67512214210,67512214210
2025-06-18 22:59:12,REAL,67512214210,543,67512214753,67512214753
2025-06-18 22:59:14,REAL,67512214753,543,67512215296,67512215296
2025-06-18 22:59:16,REAL,67512215296,536,67512215832,67512215832
2025-06-18 22:59:18,REAL,67512215832,543,67512216375,67512216375
2025-06-18 22:59:20,REAL,67512216375,621,67512216996,67512216996
2025-06-18 22:59:22,REAL,67512216996,655,67512217651,67512217651
2025-06-18 22:59:24,REAL,67512217651,602,67512218253,67512218253
2025-06-18 22:59:26,REAL,67512218253,597,67512218850,67512218850
2025-06-18 22:59:28,REAL,67512218850,661,67512219511,67512219511
2025-06-18 22:59:30,REAL,67512219511,543,67512220054,67512220054
2025-06-18 22:59:32,REAL,67512220054,536,67512220590,67512220590
2025-06-18 22:59:34,REAL,67512220590,618,67512221208,67512221208
2025-06-18 22:59:36,REAL,67512221208,545,67512221753,67512221753
2025-06-18 22:59:38,REAL,67512221753,533,67512222286,67512222286
2025-06-18 22:59:40,REAL,67512222286,538,67512222824,67512222824
2025-06-18 22:59:42,REAL,67512222824,598,67512223422,67512223422
2025-06-18 22:59:44,REAL,67512223422,179630,67512403052,67512403052
2025-06-18 22:59:46,REAL,67512403052,67057,67512470109,67512470109
2025-06-18 22:59:48,REAL,67512470109,28213,67512498322,67512498322
2025-06-18 22:59:50,REAL,67512498322,29451,67512527773,67512527773
2025-06-18 22:59:52,REAL,67512527773,28842,67512556615,67512556615
2025-06-18 22:59:54,REAL,67512556615,29003,67512585618,67512585618
2025-06-18 22:59:56,REAL,67512585618,28455,67512614073,67512614073
2025-06-18 22:59:58,REAL,67512614073,21164,67512635237,67512635237
2025-06-18 23:00:00,REAL,67512635237,538,67512635775,67512635775
2025-06-18 23:00:02,REAL,67512635775,539,67512636314,67512636314
2025-06-18 23:00:04,REAL,67512636314,614,67512636928,67512636928
2025-06-18 23:00:06,REAL,67512636928,600,67512637528,67512637528
2025-06-18 23:00:08,REAL,67512637528,536,67512638064,67512638064
2025-06-18 23:00:10,REAL,67512638064,536,67512638600,67512638600
2025-06-18 23:00:12,REAL,67512638600,546,67512639146,67512639146
2025-06-18 23:00:14,REAL,67512639146,605,67512639751,67512639751
2025-06-18 23:00:16,REAL,67512639751,537,67512640288,67512640288
2025-06-18 23:00:18,REAL,67512640288,537,67512640825,67512640825
2025-06-18 23:00:20,REAL,67512640825,671,67512641496,67512641496
2025-06-18 23:00:22,REAL,67512641496,541,67512642037,67512642037
2025-06-18 23:00:24,REAL,67512642037,541,67512642578,67512642578
2025-06-18 23:00:26,REAL,67512642578,596,67512643174,67512643174
2025-06-18 23:00:28,REAL,67512643174,542,67512643716,67512643716
2025-06-18 23:00:30,REAL,67512643716,600,67512644316,67512644316
2025-06-18 23:00:32,REAL,67512644316,539,67512644855,67512644855
2025-06-18 23:00:34,REAL,67512644855,532,67512645387,67512645387
2025-06-18 23:00:36,REAL,67512645387,619,67512646006,67512646006
2025-06-18 23:00:38,REAL,67512646006,303,67512646309,67512646309
2025-06-18 23:00:40,REAL,67512646309,540,67512646849,67512646849
2025-06-18 23:00:42,REAL,67512646849,541,67512647390,67512647390
2025-06-18 23:00:44,REAL,67512647390,537,67512647927,67512647927
2025-06-18 23:00:46,REAL,67512647927,607,67512648534,67512648534
2025-06-18 23:00:48,REAL,67512648534,708,67512649242,67512649242
2025-06-18 23:00:50,REAL,67512649242,623,67512649865,67512649865
2025-06-18 23:00:52,REAL,67512649865,533,67512650398,67512650398
2025-06-18 23:00:54,REAL,67512650398,548,67512650946,67512650946
2025-06-18 23:00:56,REAL,67512650946,538,67512651484,67512651484
2025-06-18 23:00:58,REAL,67512651484,534,67512652018,67512652018
2025-06-18 23:01:00,REAL,67512652018,544,67512652562,67512652562
2025-06-18 23:01:02,REAL,67512652562,596,67512653158,67512653158
2025-06-18 23:01:04,REAL,67512653158,238731,67512891889,67512891889
2025-06-18 23:01:06,REAL,67512891889,31520,67512923409,67512923409
2025-06-18 23:01:08,REAL,67512923409,28965,67512952374,67512952374
2025-06-18 23:01:10,REAL,67512952374,28755,67512981129,67512981129
2025-06-18 23:01:12,REAL,67512981129,29417,67513010546,67513010546
2025-06-18 23:01:14,REAL,67513010546,29230,67513039776,67513039776
2025-06-18 23:01:16,REAL,67513039776,29470,67513069246,67513069246
2025-06-18 23:01:18,REAL,67513069246,16483,67513085729,67513085729
2025-06-18 23:01:20,REAL,67513085729,614,67513086343,67513086343
2025-06-18 23:01:22,REAL,67513086343,540,67513086883,67513086883
2025-06-18 23:01:24,REAL,67513086883,592,67513087475,67513087475
2025-06-18 23:01:26,REAL,67513087475,547,67513088022,67513088022
2025-06-18 23:01:28,REAL,67513088022,539,67513088561,67513088561
2025-06-18 23:01:30,REAL,67513088561,539,67513089100,67513089100
2025-06-18 23:01:32,REAL,67513089100,542,67513089642,67513089642
2025-06-18 23:01:34,REAL,67513089642,605,67513090247,67513090247
2025-06-18 23:01:36,REAL,67513090247,617,67513090864,67513090864
2025-06-18 23:01:38,REAL,67513090864,541,67513091405,67513091405
2025-06-18 23:01:40,REAL,67513091405,591,67513091996,67513091996
2025-06-18 23:01:42,REAL,67513091996,538,67513092534,67513092534
2025-06-18 23:01:44,REAL,67513092534,536,67513093070,67513093070
2025-06-18 23:01:46,REAL,67513093070,597,67513093667,67513093667
2025-06-18 23:01:48,REAL,67513093667,539,67513094206,67513094206
2025-06-18 23:01:50,REAL,67513094206,670,67513094876,67513094876
2025-06-18 23:01:52,REAL,67513094876,536,67513095412,67513095412
2025-06-18 23:01:54,REAL,67513095412,542,67513095954,67513095954
2025-06-18 23:01:56,REAL,67513095954,532,67513096486,67513096486
2025-06-18 23:01:58,REAL,67513096486,538,67513097024,67513097024
2025-06-18 23:02:00,REAL,67513097024,540,67513097564,67513097564
2025-06-18 23:02:02,REAL,67513097564,540,67513098104,67513098104
2025-06-18 23:02:04,REAL,67513098104,542,67513098646,67513098646
2025-06-18 23:02:06,REAL,67513098646,790,67513099436,67513099436
2025-06-18 23:02:08,REAL,67513099436,607,67513100043,67513100043
2025-06-18 23:02:10,REAL,67513100043,665,67513100708,67513100708
2025-06-18 23:02:12,REAL,67513100708,541,67513101249,67513101249
2025-06-18 23:02:14,REAL,67513101249,533,67513101782,67513101782
2025-06-18 23:02:16,REAL,67513101782,548,67513102330,67513102330
2025-06-18 23:02:18,REAL,67513102330,534,67513102864,67513102864
2025-06-18 23:02:20,REAL,67513102864,617,67513103481,67513103481
2025-06-18 23:02:22,REAL,67513103481,535,67513104016,67513104016
2025-06-18 23:02:24,REAL,67513104016,542,67513104558,67513104558
2025-06-18 23:02:26,REAL,67513104558,602,67513105160,67513105160
2025-06-18 23:02:28,REAL,67513105160,545,67513105705,67513105705
2025-06-18 23:02:30,REAL,67513105705,544,67513106249,67513106249
2025-06-18 23:02:32,REAL,67513106249,544,67513106793,67513106793
2025-06-18 23:02:34,REAL,67513106793,602,67513107395,67513107395
2025-06-18 23:02:36,REAL,67513107395,611,67513108006,67513108006
2025-06-18 23:02:38,REAL,67513108006,599,67513108605,67513108605
2025-06-18 23:02:40,REAL,67513108605,544,67513109149,67513109149
2025-06-18 23:02:42,REAL,67513109149,597,67513109746,67513109746
2025-06-18 23:02:44,REAL,67513109746,534,67513110280,67513110280
2025-06-18 23:02:46,REAL,67513110280,545,67513110825,67513110825
2025-06-18 23:02:48,REAL,67513110825,543,67513111368,67513111368
2025-06-18 23:02:50,REAL,67513111368,536,67513111904,67513111904
2025-06-18 23:02:52,REAL,67513111904,609,67513112513,67513112513
2025-06-18 23:02:54,REAL,67513112513,541,67513113054,67513113054
2025-06-18 23:02:56,REAL,67513113054,541,67513113595,67513113595
2025-06-18 23:02:58,REAL,67513113595,601,67513114196,67513114196
2025-06-18 23:03:00,REAL,67513114196,595,67513114791,67513114791
2025-06-18 23:03:02,REAL,67513114791,541,67513115332,67513115332
2025-06-18 23:03:04,REAL,67513115332,533,67513115865,67513115865
2025-06-18 23:03:06,REAL,67513115865,615,67513116480,67513116480
2025-06-18 23:03:08,REAL,67513116480,532,67513117012,67513117012
2025-06-18 23:03:10,REAL,67513117012,537,67513117549,67513117549
2025-06-18 23:03:12,REAL,67513117549,602,67513118151,67513118151
2025-06-18 23:03:14,REAL,67513118151,601,67513118752,67513118752
2025-06-18 23:03:16,REAL,67513118752,541,67513119293,67513119293
2025-06-18 23:03:18,REAL,67513119293,544,67513119837,67513119837
2025-06-18 23:03:20,REAL,67513119837,543,67513120380,67513120380
2025-06-18 23:03:22,REAL,67513120380,615,67513120995,67513120995
2025-06-18 23:03:24,REAL,67513120995,537,67513121532,67513121532
2025-06-18 23:03:26,REAL,67513121532,595,67513122127,67513122127
2025-06-18 23:03:28,REAL,67513122127,542,67513122669,67513122669
2025-06-18 23:03:30,REAL,67513122669,593,67513123262,67513123262
2025-06-18 23:03:32,REAL,67513123262,538,67513123800,67513123800
2025-06-18 23:03:34,REAL,67513123800,542,67513124342,67513124342
2025-06-18 23:03:36,REAL,67513124342,612,67513124954,67513124954
2025-06-18 23:03:38,REAL,67513124954,541,67513125495,67513125495
2025-06-18 23:03:40,REAL,67513125495,545,67513126040,67513126040
2025-06-18 23:03:42,REAL,67513126040,543,67513126583,67513126583
2025-06-18 23:03:44,REAL,67513126583,602,67513127185,67513127185
2025-06-18 23:03:46,REAL,67513127185,602,67513127787,67513127787
2025-06-18 23:03:48,REAL,67513127787,534,67513128321,67513128321
2025-06-18 23:03:50,REAL,67513128321,533,67513128854,67513128854
2025-06-18 23:03:52,REAL,67513128854,611,67513129465,67513129465
2025-06-18 23:03:54,REAL,67513129465,593,67513130058,67513130058
2025-06-18 23:03:56,REAL,67513130058,544,67513130602,67513130602
2025-06-18 23:03:58,REAL,67513130602,538,67513131140,67513131140
2025-06-18 23:04:00,REAL,67513131140,548,67513131688,67513131688
2025-06-18 23:04:02,REAL,67513131688,603,67513132291,67513132291
2025-06-18 23:04:04,REAL,67513132291,546,67513132837,67513132837
2025-06-18 23:04:06,REAL,67513132837,622,67513133459,67513133459
2025-06-18 23:04:08,REAL,67513133459,541,67513134000,67513134000
2025-06-18 23:04:10,REAL,67513134000,549,67513134549,67513134549
2025-06-18 23:04:12,REAL,67513134549,544,67513135093,67513135093
2025-06-18 23:04:14,REAL,67513135093,545,67513135638,67513135638
2025-06-18 23:04:16,REAL,67513135638,592,67513136230,67513136230
2025-06-18 23:04:18,REAL,67513136230,599,67513136829,67513136829
2025-06-18 23:04:20,REAL,67513136829,535,67513137364,67513137364
2025-06-18 23:04:22,REAL,67513137364,623,67513137987,67513137987
2025-06-18 23:04:24,REAL,67513137987,538,67513138525,67513138525
2025-06-18 23:04:26,REAL,67513138525,546,67513139071,67513139071
2025-06-18 23:04:28,REAL,67513139071,536,67513139607,67513139607
2025-06-18 23:04:30,REAL,67513139607,537,67513140144,67513140144
2025-06-18 23:04:32,REAL,67513140144,543,67513140687,67513140687
2025-06-18 23:04:34,REAL,67513140687,599,67513141286,67513141286
2025-06-18 23:04:36,REAL,67513141286,614,67513141900,67513141900
2025-06-18 23:04:38,REAL,67513141900,538,67513142438,67513142438
2025-06-18 23:04:40,REAL,67513142438,537,67513142975,67513142975
2025-06-18 23:04:42,REAL,67513142975,543,67513143518,67513143518
2025-06-18 23:04:44,REAL,67513143518,593,67513144111,67513144111
2025-06-18 23:04:46,REAL,67513144111,532,67513144643,67513144643
2025-06-18 23:04:48,REAL,67513144643,540,67513145183,67513145183
2025-06-18 23:04:50,REAL,67513145183,658,67513145841,67513145841
2025-06-18 23:04:52,REAL,67513145841,248582,67513394423,67513394423
2025-06-18 23:04:54,REAL,67513394423,44557,67513438980,67513438980
2025-06-18 23:04:56,REAL,67513438980,29010,67513467990,67513467990
2025-06-18 23:04:58,REAL,67513467990,29006,67513496996,67513496996
2025-06-18 23:05:00,REAL,67513496996,28791,67513525787,67513525787
2025-06-18 23:05:02,REAL,67513525787,29054,67513554841,67513554841
2025-06-18 23:05:04,REAL,67513554841,28980,67513583821,67513583821
2025-06-18 23:05:06,REAL,67513583821,18010,67513601831,67513601831
2025-06-18 23:05:08,REAL,67513601831,539,67513602370,67513602370
2025-06-18 23:05:10,REAL,67513602370,536,67513602906,67513602906
2025-06-18 23:05:12,REAL,67513602906,536,67513603442,67513603442
2025-06-18 23:05:14,REAL,67513603442,537,67513603979,67513603979
2025-06-18 23:05:16,REAL,67513603979,541,67513604520,67513604520
2025-06-18 23:05:18,REAL,67513604520,546,67513605066,67513605066
2025-06-18 23:05:20,REAL,67513605066,543,67513605609,67513605609
2025-06-18 23:05:22,REAL,67513605609,670,67513606279,67513606279
2025-06-18 23:05:24,REAL,67513606279,258398,67513864677,67513864677
2025-06-18 23:05:26,REAL,67513864677,29036,67513893713,67513893713
2025-06-18 23:05:28,REAL,67513893713,29625,67513923338,67513923338
2025-06-18 23:05:30,REAL,67513923338,29275,67513952613,67513952613
2025-06-18 23:05:32,REAL,67513952613,28934,67513981547,67513981547
2025-06-18 23:05:34,REAL,67513981547,29193,67514010740,67514010740
2025-06-18 23:05:36,REAL,67514010740,29316,67514040056,67514040056
2025-06-18 23:05:38,REAL,67514040056,16504,67514056560,67514056560
2025-06-18 23:05:40,REAL,67514056560,540,67514057100,67514057100
2025-06-18 23:05:42,REAL,67514057100,541,67514057641,67514057641
2025-06-18 23:05:44,REAL,67514057641,540,67514058181,67514058181
2025-06-18 23:05:46,REAL,67514058181,547,67514058728,67514058728
2025-06-18 23:05:48,REAL,67514058728,538,67514059266,67514059266
2025-06-18 23:05:50,REAL,67514059266,544,67514059810,67514059810
2025-06-18 23:05:52,REAL,67514059810,610,67514060420,67514060420
2025-06-18 23:05:54,REAL,67514060420,678,67514061098,67514061098
2025-06-18 23:05:56,REAL,67514061098,248941,67514310039,67514310039
2025-06-18 23:05:58,REAL,67514310039,29201,67514339240,67514339240
2025-06-18 23:06:00,REAL,67514339240,28673,67514367913,67514367913
2025-06-18 23:06:02,REAL,67514367913,29182,67514397095,67514397095
2025-06-18 23:06:04,REAL,67514397095,28730,67514425825,67514425825
2025-06-18 23:06:06,REAL,67514425825,29041,67514454866,67514454866
2025-06-18 23:06:08,REAL,67514454866,29478,67514484344,67514484344
2025-06-18 23:06:10,REAL,67514484344,14448,67514498792,67514498792
2025-06-18 23:06:12,REAL,67514498792,543,67514499335,67514499335
2025-06-18 23:06:14,REAL,67514499335,541,67514499876,67514499876
2025-06-18 23:06:16,REAL,67514499876,539,67514500415,67514500415
2025-06-18 23:06:18,REAL,67514500415,538,67514500953,67514500953
2025-06-18 23:06:20,REAL,67514500953,550,67514501503,67514501503
2025-06-18 23:06:22,REAL,67514501503,615,67514502118,67514502118
2025-06-18 23:06:24,REAL,67514502118,545,67514502663,67514502663
2025-06-18 23:06:26,REAL,67514502663,8897,67514511560,67514511560
2025-06-18 23:06:28,REAL,67514511560,241930,67514753490,67514753490
2025-06-18 23:06:30,REAL,67514753490,29392,67514782882,67514782882
2025-06-18 23:06:32,REAL,67514782882,29051,67514811933,67514811933
2025-06-18 23:06:34,REAL,67514811933,29711,67514841644,67514841644
2025-06-18 23:06:36,REAL,67514841644,29056,67514870700,67514870700
2025-06-18 23:06:38,REAL,67514870700,29342,67514900042,67514900042
2025-06-18 23:06:40,REAL,67514900042,29303,67514929345,67514929345
2025-06-18 23:06:42,REAL,67514929345,12413,67514941758,67514941758
2025-06-18 23:06:44,REAL,67514941758,531,67514942289,67514942289
2025-06-18 23:06:46,REAL,67514942289,539,67514942828,67514942828
2025-06-18 23:06:48,REAL,67514942828,541,67514943369,67514943369
2025-06-18 23:06:50,REAL,67514943369,544,67514943913,67514943913
2025-06-18 23:06:52,REAL,67514943913,621,67514944534,67514944534
2025-06-18 23:06:54,REAL,67514944534,539,67514945073,67514945073
2025-06-18 23:06:56,REAL,67514945073,543,67514945616,67514945616
2025-06-18 23:06:58,REAL,67514945616,596,67514946212,67514946212
2025-06-18 23:07:00,REAL,67514946212,601,67514946813,67514946813
2025-06-18 23:07:02,REAL,67514946813,549,67514947362,67514947362
2025-06-18 23:07:04,REAL,67514947362,540,67514947902,67514947902
2025-06-18 23:07:06,REAL,67514947902,611,67514948513,67514948513
2025-06-18 23:07:08,REAL,67514948513,531,67514949044,67514949044
2025-06-18 23:07:10,REAL,67514949044,534,67514949578,67514949578
2025-06-18 23:07:12,REAL,67514949578,536,67514950114,67514950114
2025-06-18 23:07:14,REAL,67514950114,595,67514950709,67514950709
2025-06-18 23:07:16,REAL,67514950709,536,67514951245,67514951245
2025-06-18 23:07:18,REAL,67514951245,589,67514951834,67514951834
2025-06-18 23:07:20,REAL,67514951834,536,67514952370,67514952370
2025-06-18 23:07:22,REAL,67514952370,620,67514952990,67514952990
2025-06-18 23:07:24,REAL,67514952990,534,67514953524,67514953524
2025-06-18 23:07:26,REAL,67514953524,536,67514954060,67514954060
2025-06-18 23:07:28,REAL,67514954060,538,67514954598,67514954598
2025-06-18 23:07:30,REAL,67514954598,47408,67515002006,67515002006
2025-06-18 23:07:32,REAL,67515002006,228847,67515230853,67515230853
2025-06-18 23:07:34,REAL,67515230853,29180,67515260033,67515260033
2025-06-18 23:07:36,REAL,67515260033,29663,67515289696,67515289696
2025-06-18 23:07:38,REAL,67515289696,29353,67515319049,67515319049
2025-06-18 23:07:40,REAL,67515319049,29111,67515348160,67515348160
2025-06-18 23:07:42,REAL,67515348160,29546,67515377706,67515377706
2025-06-18 23:07:44,REAL,67515377706,29660,67515407366,67515407366
2025-06-18 23:07:46,REAL,67515407366,9052,67515416418,67515416418
2025-06-18 23:07:48,REAL,67515416418,541,67515416959,67515416959
2025-06-18 23:07:50,REAL,67515416959,540,67515417499,67515417499
2025-06-18 23:07:52,REAL,67515417499,613,67515418112,67515418112
2025-06-18 23:07:54,REAL,67515418112,540,67515418652,67515418652
2025-06-18 23:07:56,REAL,67515418652,600,67515419252,67515419252
2025-06-18 23:07:58,REAL,67515419252,545,67515419797,67515419797
2025-06-18 23:08:00,REAL,67515419797,549,67515420346,67515420346
2025-06-18 23:08:02,REAL,67515420346,61548,67515481894,67515481894
2025-06-18 23:08:04,REAL,67515481894,228260,67515710154,67515710154
2025-06-18 23:08:06,REAL,67515710154,29272,67515739426,67515739426
2025-06-18 23:08:08,REAL,67515739426,29453,67515768879,67515768879
2025-06-18 23:08:10,REAL,67515768879,29288,67515798167,67515798167
2025-06-18 23:08:12,REAL,67515798167,29610,67515827777,67515827777
2025-06-18 23:08:14,REAL,67515827777,29739,67515857516,67515857516
2025-06-18 23:08:16,REAL,67515857516,29004,67515886520,67515886520
2025-06-18 23:08:18,REAL,67515886520,6774,67515893294,67515893294
2025-06-18 23:08:20,REAL,67515893294,532,67515893826,67515893826
2025-06-18 23:08:22,REAL,67515893826,609,67515894435,67515894435
2025-06-18 23:08:24,REAL,67515894435,535,67515894970,67515894970
2025-06-18 23:08:26,REAL,67515894970,533,67515895503,67515895503
2025-06-18 23:08:28,REAL,67515895503,542,67515896045,67515896045
2025-06-18 23:08:30,REAL,67515896045,549,67515896594,67515896594
2025-06-18 23:08:32,REAL,67515896594,545,67515897139,67515897139
2025-06-18 23:08:34,REAL,67515897139,598,67515897737,67515897737
2025-06-18 23:08:36,REAL,67515897737,616,67515898353,67515898353
2025-06-18 23:08:38,REAL,67515898353,544,67515898897,67515898897
2025-06-18 23:08:40,REAL,67515898897,545,67515899442,67515899442
2025-06-18 23:08:42,REAL,67515899442,540,67515899982,67515899982
2025-06-18 23:08:44,REAL,67515899982,545,67515900527,67515900527
2025-06-18 23:08:46,REAL,67515900527,589,67515901116,67515901116
2025-06-18 23:08:48,REAL,67515901116,541,67515901657,67515901657
2025-06-18 23:08:50,REAL,67515901657,590,67515902247,67515902247
2025-06-18 23:08:52,REAL,67515902247,613,67515902860,67515902860
2025-06-18 23:08:54,REAL,67515902860,541,67515903401,67515903401
2025-06-18 23:08:56,REAL,67515903401,546,67515903947,67515903947
2025-06-18 23:08:58,REAL,67515903947,542,67515904489,67515904489
2025-06-18 23:09:00,REAL,67515904489,594,67515905083,67515905083
2025-06-18 23:09:02,REAL,67515905083,533,67515905616,67515905616
2025-06-18 23:09:04,REAL,67515905616,538,67515906154,67515906154
2025-06-18 23:09:06,REAL,67515906154,87578,67515993732,67515993732
2025-06-18 23:09:08,REAL,67515993732,161334,67516155066,67516155066
2025-06-18 23:09:10,REAL,67516155066,29064,67516184130,67516184130
2025-06-18 23:09:12,REAL,67516184130,29128,67516213258,67516213258
2025-06-18 23:09:14,REAL,67516213258,29317,67516242575,67516242575
2025-06-18 23:09:16,REAL,67516242575,29151,67516271726,67516271726
2025-06-18 23:09:18,REAL,67516271726,29190,67516300916,67516300916
2025-06-18 23:09:20,REAL,67516300916,28970,67516329886,67516329886
2025-06-18 23:09:22,REAL,67516329886,3630,67516333516,67516333516
2025-06-18 23:09:24,REAL,67516333516,537,67516334053,67516334053
2025-06-18 23:09:26,REAL,67516334053,539,67516334592,67516334592
2025-06-18 23:09:28,REAL,67516334592,540,67516335132,67516335132
2025-06-18 23:09:30,REAL,67516335132,547,67516335679,67516335679
2025-06-18 23:09:32,REAL,67516335679,548,67516336227,67516336227
2025-06-18 23:09:34,REAL,67516336227,538,67516336765,67516336765
2025-06-18 23:09:36,REAL,67516336765,619,67516337384,67516337384
2025-06-18 23:09:38,REAL,67516337384,118767,67516456151,67516456151
2025-06-18 23:09:40,REAL,67516456151,125909,67516582060,67516582060
2025-06-18 23:09:42,REAL,67516582060,28814,67516610874,67516610874
2025-06-18 23:09:44,REAL,67516610874,29211,67516640085,67516640085
2025-06-18 23:09:46,REAL,67516640085,29853,67516669938,67516669938
2025-06-18 23:09:48,REAL,67516669938,29027,67516698965,67516698965
2025-06-18 23:09:50,REAL,67516698965,29275,67516728240,67516728240
2025-06-18 23:09:52,REAL,67516728240,29018,67516757258,67516757258
2025-06-18 23:09:54,REAL,67516757258,1766,67516759024,67516759024
2025-06-18 23:09:56,REAL,67516759024,537,67516759561,67516759561
2025-06-18 23:09:58,REAL,67516759561,548,67516760109,67516760109
2025-06-18 23:10:00,REAL,67516760109,542,67516760651,67516760651
2025-06-18 23:10:02,REAL,67516760651,543,67516761194,67516761194
2025-06-18 23:10:04,REAL,67516761194,535,67516761729,67516761729
2025-06-18 23:10:06,REAL,67516761729,618,67516762347,67516762347
2025-06-18 23:10:08,REAL,67516762347,540,67516762887,67516762887
2025-06-18 23:10:10,REAL,67516762887,121730,67516884617,67516884617
2025-06-18 23:10:12,REAL,67516884617,130935,67517015552,67517015552
2025-06-18 23:10:14,REAL,67517015552,29395,67517044947,67517044947
2025-06-18 23:10:16,REAL,67517044947,29267,67517074214,67517074214
2025-06-18 23:10:18,REAL,67517074214,28752,67517102966,67517102966
2025-06-18 23:10:20,REAL,67517102966,29395,67517132361,67517132361
2025-06-18 23:10:22,REAL,67517132361,29125,67517161486,67517161486
2025-06-18 23:10:24,REAL,67517161486,28638,67517190124,67517190124
2025-06-18 23:10:26,REAL,67517190124,652,67517190776,67517190776
2025-06-18 23:10:28,REAL,67517190776,542,67517191318,67517191318
2025-06-18 23:10:30,REAL,67517191318,538,67517191856,67517191856
2025-06-18 23:10:32,REAL,67517191856,536,67517192392,67517192392
2025-06-18 23:10:34,REAL,67517192392,539,67517192931,67517192931
2025-06-18 23:10:36,REAL,67517192931,611,67517193542,67517193542
2025-06-18 23:10:38,REAL,67517193542,545,67517194087,67517194087
2025-06-18 23:10:40,REAL,67517194087,602,67517194689,67517194689
2025-06-18 23:10:42,REAL,67517194689,169580,67517364269,67517364269
2025-06-18 23:10:44,REAL,67517364269,118660,67517482929,67517482929
2025-06-18 23:10:46,REAL,67517482929,29539,67517512468,67517512468
2025-06-18 23:10:48,REAL,67517512468,29570,67517542038,67517542038
2025-06-18 23:10:50,REAL,67517542038,29254,67517571292,67517571292
2025-06-18 23:10:52,REAL,67517571292,29161,67517600453,67517600453
2025-06-18 23:10:54,REAL,67517600453,28756,67517629209,67517629209
2025-06-18 23:10:56,REAL,67517629209,27268,67517656477,67517656477
2025-06-18 23:10:58,REAL,67517656477,594,67517657071,67517657071
2025-06-18 23:11:00,REAL,67517657071,598,67517657669,67517657669
2025-06-18 23:11:02,REAL,67517657669,15005,67517672674,67517672674
2025-06-18 23:11:04,REAL,67517672674,252553,67517925227,67517925227
2025-06-18 23:11:06,REAL,67517925227,28997,67517954224,67517954224
2025-06-18 23:11:08,REAL,67517954224,29003,67517983227,67517983227
2025-06-18 23:11:10,REAL,67517983227,29173,67518012400,67518012400
2025-06-18 23:11:12,REAL,67518012400,28852,67518041252,67518041252
2025-06-18 23:11:14,REAL,67518041252,29328,67518070580,67518070580
2025-06-18 23:11:16,REAL,67518070580,29186,67518099766,67518099766
2025-06-18 23:11:18,REAL,67518099766,10989,67518110755,67518110755
2025-06-18 23:11:20,REAL,67518110755,545,67518111300,67518111300
2025-06-18 23:11:22,REAL,67518111300,620,67518111920,67518111920
2025-06-18 23:11:24,REAL,67518111920,539,67518112459,67518112459
2025-06-18 23:11:26,REAL,67518112459,550,67518113009,67518113009
2025-06-18 23:11:28,REAL,67518113009,537,67518113546,67518113546
2025-06-18 23:11:30,REAL,67518113546,546,67518114092,67518114092
2025-06-18 23:11:32,REAL,67518114092,540,67518114632,67518114632
2025-06-18 23:11:34,REAL,67518114632,41314,67518155946,67518155946
2025-06-18 23:11:36,REAL,67518155946,240753,67518396699,67518396699
2025-06-18 23:11:38,REAL,67518396699,29452,67518426151,67518426151
2025-06-18 23:11:40,REAL,67518426151,29315,67518455466,67518455466
2025-06-18 23:11:42,REAL,67518455466,29192,67518484658,67518484658
2025-06-18 23:11:44,REAL,67518484658,29119,67518513777,67518513777
2025-06-18 23:11:46,REAL,67518513777,29131,67518542908,67518542908
2025-06-18 23:11:48,REAL,67518542908,29498,67518572406,67518572406
2025-06-18 23:11:50,REAL,67518572406,9531,67518581937,67518581937
2025-06-18 23:11:52,REAL,67518581937,667,67518582604,67518582604
2025-06-18 23:11:54,REAL,67518582604,532,67518583136,67518583136
2025-06-18 23:11:56,REAL,67518583136,543,67518583679,67518583679
2025-06-18 23:11:58,REAL,67518583679,546,67518584225,67518584225
2025-06-18 23:12:00,REAL,67518584225,536,67518584761,67518584761
2025-06-18 23:12:02,REAL,67518584761,546,67518585307,67518585307
2025-06-18 23:12:04,REAL,67518585307,548,67518585855,67518585855
2025-06-18 23:12:06,REAL,67518585855,596,67518586451,67518586451
2025-06-18 23:12:08,REAL,67518586451,618,67518587069,67518587069
2025-06-18 23:12:10,REAL,67518587069,540,67518587609,67518587609
2025-06-18 23:12:12,REAL,67518587609,536,67518588145,67518588145
2025-06-18 23:12:14,REAL,67518588145,543,67518588688,67518588688
2025-06-18 23:12:16,REAL,67518588688,537,67518589225,67518589225
2025-06-18 23:12:18,REAL,67518589225,597,67518589822,67518589822
2025-06-18 23:12:20,REAL,67518589822,540,67518590362,67518590362
2025-06-18 23:12:22,REAL,67518590362,679,67518591041,67518591041
2025-06-18 23:12:24,REAL,67518591041,613,67518591654,67518591654
2025-06-18 23:12:26,REAL,67518591654,545,67518592199,67518592199
2025-06-18 23:12:28,REAL,67518592199,545,67518592744,67518592744
2025-06-18 23:12:30,REAL,67518592744,545,67518593289,67518593289
2025-06-18 23:12:32,REAL,67518593289,547,67518593836,67518593836
2025-06-18 23:12:34,REAL,67518593836,549,67518594385,67518594385
2025-06-18 23:12:36,REAL,67518594385,606,67518594991,67518594991
2025-06-18 23:12:38,REAL,67518594991,677,67518595668,67518595668
2025-06-18 23:12:40,REAL,67518595668,541,67518596209,67518596209
2025-06-18 23:12:42,REAL,67518596209,536,67518596745,67518596745
2025-06-18 23:12:44,REAL,67518596745,537,67518597282,67518597282
2025-06-18 23:12:46,REAL,67518597282,538,67518597820,67518597820
2025-06-18 23:12:48,REAL,67518597820,542,67518598362,67518598362
2025-06-18 23:12:50,REAL,67518598362,544,67518598906,67518598906
2025-06-18 23:12:52,REAL,67518598906,618,67518599524,67518599524
2025-06-18 23:12:54,REAL,67518599524,599,67518600123,67518600123
2025-06-18 23:12:56,REAL,67518600123,535,67518600658,67518600658
2025-06-18 23:12:58,REAL,67518600658,540,67518601198,67518601198
2025-06-18 23:13:00,REAL,67518601198,599,67518601797,67518601797
2025-06-18 23:13:02,REAL,67518601797,545,67518602342,67518602342
2025-06-18 23:13:04,REAL,67518602342,539,67518602881,67518602881
2025-06-18 23:13:06,REAL,67518602881,544,67518603425,67518603425
2025-06-18 23:13:08,REAL,67518603425,619,67518604044,67518604044
2025-06-18 23:13:10,REAL,67518604044,603,67518604647,67518604647
2025-06-18 23:13:12,REAL,67518604647,549,67518605196,67518605196
2025-06-18 23:13:14,REAL,67518605196,538,67518605734,67518605734
2025-06-18 23:13:16,REAL,67518605734,544,67518606278,67518606278
2025-06-18 23:13:18,REAL,67518606278,597,67518606875,67518606875
2025-06-18 23:13:20,REAL,67518606875,538,67518607413,67518607413
2025-06-18 23:13:22,REAL,67518607413,613,67518608026,67518608026
2025-06-18 23:13:24,REAL,67518608026,546,67518608572,67518608572
2025-06-18 23:13:26,REAL,67518608572,602,67518609174,67518609174
2025-06-18 23:13:28,REAL,67518609174,537,67518609711,67518609711
2025-06-18 23:13:30,REAL,67518609711,542,67518610253,67518610253
2025-06-18 23:13:32,REAL,67518610253,545,67518610798,67518610798
2025-06-18 23:13:34,REAL,67518610798,539,67518611337,67518611337
2025-06-18 23:13:36,REAL,67518611337,601,67518611938,67518611938
2025-06-18 23:13:38,REAL,67518611938,611,67518612549,67518612549
2025-06-18 23:13:40,REAL,67518612549,543,67518613092,67518613092
2025-06-18 23:13:42,REAL,67518613092,122485,67518735577,67518735577
2025-06-18 23:13:44,REAL,67518735577,142834,67518878411,67518878411
2025-06-18 23:13:46,REAL,67518878411,29150,67518907561,67518907561
2025-06-18 23:13:48,REAL,67518907561,29786,67518937347,67518937347
2025-06-18 23:13:50,REAL,67518937347,28924,67518966271,67518966271
2025-06-18 23:13:52,REAL,67518966271,29296,67518995567,67518995567
2025-06-18 23:13:54,REAL,67518995567,29094,67519024661,67519024661
2025-06-18 23:13:56,REAL,67519024661,29149,67519053810,67519053810
2025-06-18 23:13:58,REAL,67519053810,2311,67519056121,67519056121
2025-06-18 23:14:00,REAL,67519056121,533,67519056654,67519056654
2025-06-18 23:14:02,REAL,67519056654,542,67519057196,67519057196
2025-06-18 23:14:04,REAL,67519057196,544,67519057740,67519057740
2025-06-18 23:14:06,REAL,67519057740,544,67519058284,67519058284
2025-06-18 23:14:08,REAL,67519058284,610,67519058894,67519058894
2025-06-18 23:14:10,REAL,67519058894,535,67519059429,67519059429
2025-06-18 23:14:12,REAL,67519059429,535,67519059964,67519059964
2025-06-18 23:14:14,REAL,67519059964,138377,67519198341,67519198341
2025-06-18 23:14:16,REAL,67519198341,141514,67519339855,67519339855
2025-06-18 23:14:18,REAL,67519339855,29076,67519368931,67519368931
2025-06-18 23:14:20,REAL,67519368931,29957,67519398888,67519398888
2025-06-18 23:14:22,REAL,67519398888,29179,67519428067,67519428067
2025-06-18 23:14:24,REAL,67519428067,28844,67519456911,67519456911
2025-06-18 23:14:26,REAL,67519456911,29330,67519486241,67519486241
2025-06-18 23:14:28,REAL,67519486241,28837,67519515078,67519515078
2025-06-18 23:14:30,REAL,67519515078,604,67519515682,67519515682
2025-06-18 23:14:32,REAL,67519515682,544,67519516226,67519516226
2025-06-18 23:14:34,REAL,67519516226,540,67519516766,67519516766
2025-06-18 23:14:36,REAL,67519516766,537,67519517303,67519517303
2025-06-18 23:14:38,REAL,67519517303,606,67519517909,67519517909
2025-06-18 23:14:40,REAL,67519517909,540,67519518449,67519518449
2025-06-18 23:14:42,REAL,67519518449,594,67519519043,67519519043
2025-06-18 23:14:44,REAL,67519519043,607,67519519650,67519519650
2025-06-18 23:14:46,REAL,67519519650,536,67519520186,67519520186
2025-06-18 23:14:48,REAL,67519520186,532,67519520718,67519520718
2025-06-18 23:14:50,REAL,67519520718,591,67519521309,67519521309
2025-06-18 23:14:52,REAL,67519521309,540,67519521849,67519521849
2025-06-18 23:14:54,REAL,67519521849,611,67519522460,67519522460
2025-06-18 23:14:56,REAL,67519522460,543,67519523003,67519523003
2025-06-18 23:14:58,REAL,67519523003,544,67519523547,67519523547
2025-06-18 23:15:00,REAL,67519523547,600,67519524147,67519524147
2025-06-18 23:15:02,REAL,67519524147,606,67519524753,67519524753
2025-06-18 23:15:04,REAL,67519524753,657,67519525410,67519525410
2025-06-18 23:15:06,REAL,67519525410,604,67519526014,67519526014
2025-06-18 23:15:08,REAL,67519526014,624,67519526638,67519526638
2025-06-18 23:15:10,REAL,67519526638,542,67519527180,67519527180
2025-06-18 23:15:12,REAL,67519527180,548,67519527728,67519527728
2025-06-18 23:15:14,REAL,67519527728,537,67519528265,67519528265
2025-06-18 23:15:16,REAL,67519528265,535,67519528800,67519528800
2025-06-18 23:15:18,REAL,67519528800,537,67519529337,67519529337
2025-06-18 23:15:20,REAL,67519529337,547,67519529884,67519529884
2025-06-18 23:15:22,REAL,67519529884,605,67519530489,67519530489
2025-06-18 23:15:24,REAL,67519530489,665,67519531154,67519531154
2025-06-18 23:15:26,REAL,67519531154,599,67519531753,67519531753
2025-06-18 23:15:28,REAL,67519531753,544,67519532297,67519532297
2025-06-18 23:15:30,REAL,67519532297,543,67519532840,67519532840
2025-06-18 23:15:32,REAL,67519532840,540,67519533380,67519533380
2025-06-18 23:15:34,REAL,67519533380,537,67519533917,67519533917
2025-06-18 23:15:36,REAL,67519533917,544,67519534461,67519534461
2025-06-18 23:15:38,REAL,67519534461,40708,67519575169,67519575169
2025-06-18 23:15:40,REAL,67519575169,220435,67519795604,67519795604
2025-06-18 23:15:42,REAL,67519795604,29068,67519824672,67519824672
2025-06-18 23:15:44,REAL,67519824672,29287,67519853959,67519853959
2025-06-18 23:15:46,REAL,67519853959,28974,67519882933,67519882933
2025-06-18 23:15:48,REAL,67519882933,28952,67519911885,67519911885
2025-06-18 23:15:50,REAL,67519911885,29484,67519941369,67519941369
2025-06-18 23:15:52,REAL,67519941369,29461,67519970830,67519970830
2025-06-18 23:15:54,REAL,67519970830,9966,67519980796,67519980796
2025-06-18 23:15:56,REAL,67519980796,542,67519981338,67519981338
2025-06-18 23:15:58,REAL,67519981338,540,67519981878,67519981878
2025-06-18 23:16:00,REAL,67519981878,536,67519982414,67519982414
2025-06-18 23:16:02,REAL,67519982414,544,67519982958,67519982958
2025-06-18 23:16:04,REAL,67519982958,544,67519983502,67519983502
2025-06-18 23:16:06,REAL,67519983502,533,67519984035,67519984035
2025-06-18 23:16:08,REAL,67519984035,617,67519984652,67519984652
2025-06-18 23:16:10,REAL,67519984652,48063,67520032715,67520032715
2025-06-18 23:16:12,REAL,67520032715,206157,67520238872,67520238872
2025-06-18 23:16:14,REAL,67520238872,28878,67520267750,67520267750
2025-06-18 23:16:16,REAL,67520267750,29012,67520296762,67520296762
2025-06-18 23:16:18,REAL,67520296762,29493,67520326255,67520326255
2025-06-18 23:16:20,REAL,67520326255,29152,67520355407,67520355407
2025-06-18 23:16:22,REAL,67520355407,29020,67520384427,67520384427
2025-06-18 23:16:24,REAL,67520384427,29073,67520413500,67520413500
2025-06-18 23:16:26,REAL,67520413500,8154,67520421654,67520421654
2025-06-18 23:16:28,REAL,67520421654,541,67520422195,67520422195
2025-06-18 23:16:30,REAL,67520422195,537,67520422732,67520422732
2025-06-18 23:16:32,REAL,67520422732,548,67520423280,67520423280
2025-06-18 23:16:34,REAL,67520423280,590,67520423870,67520423870
2025-06-18 23:16:36,REAL,67520423870,532,67520424402,67520424402
2025-06-18 23:16:38,REAL,67520424402,615,67520425017,67520425017
2025-06-18 23:16:40,REAL,67520425017,543,67520425560,67520425560
2025-06-18 23:16:42,REAL,67520425560,74926,67520500486,67520500486
2025-06-18 23:16:44,REAL,67520500486,186668,67520687154,67520687154
2025-06-18 23:16:46,REAL,67520687154,28847,67520716001,67520716001
2025-06-18 23:16:48,REAL,67520716001,29955,67520745956,67520745956
2025-06-18 23:16:50,REAL,67520745956,28950,67520774906,67520774906
2025-06-18 23:16:52,REAL,67520774906,29105,67520804011,67520804011
2025-06-18 23:16:54,REAL,67520804011,29128,67520833139,67520833139
2025-06-18 23:16:56,REAL,67520833139,29398,67520862537,67520862537
2025-06-18 23:16:58,REAL,67520862537,6123,67520868660,67520868660
2025-06-18 23:17:00,REAL,67520868660,535,67520869195,67520869195
2025-06-18 23:17:02,REAL,67520869195,537,67520869732,67520869732
2025-06-18 23:17:04,REAL,67520869732,542,67520870274,67520870274
2025-06-18 23:17:06,REAL,67520870274,541,67520870815,67520870815
2025-06-18 23:17:08,REAL,67520870815,607,67520871422,67520871422
2025-06-18 23:17:10,REAL,67520871422,535,67520871957,67520871957
2025-06-18 23:17:12,REAL,67520871957,544,67520872501,67520872501
2025-06-18 23:17:14,REAL,67520872501,109468,67520981969,67520981969
2025-06-18 23:17:16,REAL,67520981969,160900,67521142869,67521142869
2025-06-18 23:17:18,REAL,67521142869,28815,67521171684,67521171684
2025-06-18 23:17:20,REAL,67521171684,29522,67521201206,67521201206
2025-06-18 23:17:22,REAL,67521201206,29183,67521230389,67521230389
2025-06-18 23:17:24,REAL,67521230389,28603,67521258992,67521258992
2025-06-18 23:17:26,REAL,67521258992,29061,67521288053,67521288053
2025-06-18 23:17:28,REAL,67521288053,29193,67521317246,67521317246
2025-06-18 23:17:30,REAL,67521317246,3950,67521321196,67521321196
2025-06-18 23:17:32,REAL,67521321196,531,67521321727,67521321727
2025-06-18 23:17:34,REAL,67521321727,549,67521322276,67521322276
2025-06-18 23:17:36,REAL,67521322276,536,67521322812,67521322812
2025-06-18 23:17:38,REAL,67521322812,612,67521323424,67521323424
2025-06-18 23:17:40,REAL,67521323424,602,67521324026,67521324026
2025-06-18 23:17:42,REAL,67521324026,535,67521324561,67521324561
2025-06-18 23:17:44,REAL,67521324561,536,67521325097,67521325097
2025-06-18 23:17:46,REAL,67521325097,104672,67521429769,67521429769
2025-06-18 23:17:48,REAL,67521429769,151911,67521581680,67521581680
2025-06-18 23:17:50,REAL,67521581680,29252,67521610932,67521610932
2025-06-18 23:17:52,REAL,67521610932,29681,67521640613,67521640613
2025-06-18 23:17:54,REAL,67521640613,29095,67521669708,67521669708
2025-06-18 23:17:56,REAL,67521669708,28809,67521698517,67521698517
2025-06-18 23:17:58,REAL,67521698517,29391,67521727908,67521727908
2025-06-18 23:18:00,REAL,67521727908,29100,67521757008,67521757008
2025-06-18 23:18:02,REAL,67521757008,2725,67521759733,67521759733
2025-06-18 23:18:04,REAL,67521759733,531,67521760264,67521760264
2025-06-18 23:18:06,REAL,67521760264,532,67521760796,67521760796
2025-06-18 23:18:08,REAL,67521760796,614,67521761410,67521761410
2025-06-18 23:18:10,REAL,67521761410,531,67521761941,67521761941
2025-06-18 23:18:12,REAL,67521761941,593,67521762534,67521762534
2025-06-18 23:18:14,REAL,67521762534,538,67521763072,67521763072
2025-06-18 23:18:16,REAL,67521763072,533,67521763605,67521763605
2025-06-18 23:18:18,REAL,67521763605,137334,67521900939,67521900939
2025-06-18 23:18:20,REAL,67521900939,120922,67522021861,67522021861
2025-06-18 23:18:22,REAL,67522021861,29305,67522051166,67522051166
2025-06-18 23:18:24,REAL,67522051166,28834,67522080000,67522080000
2025-06-18 23:18:26,REAL,67522080000,28604,67522108604,67522108604
2025-06-18 23:18:28,REAL,67522108604,29484,67522138088,67522138088
2025-06-18 23:18:30,REAL,67522138088,29446,67522167534,67522167534
2025-06-18 23:18:32,REAL,67522167534,29240,67522196774,67522196774
2025-06-18 23:18:34,REAL,67522196774,731,67522197505,67522197505
2025-06-18 23:18:36,REAL,67522197505,550,67522198055,67522198055
2025-06-18 23:18:38,REAL,67522198055,620,67522198675,67522198675
2025-06-18 23:18:40,REAL,67522198675,537,67522199212,67522199212
2025-06-18 23:18:42,REAL,67522199212,539,67522199751,67522199751
2025-06-18 23:18:44,REAL,67522199751,592,67522200343,67522200343
2025-06-18 23:18:46,REAL,67522200343,595,67522200938,67522200938
2025-06-18 23:18:48,REAL,67522200938,597,67522201535,67522201535
2025-06-18 23:18:50,REAL,67522201535,133315,67522334850,67522334850
2025-06-18 23:18:52,REAL,67522334850,129677,67522464527,67522464527
2025-06-18 23:18:54,REAL,67522464527,29044,67522493571,67522493571
2025-06-18 23:18:56,REAL,67522493571,29563,67522523134,67522523134
2025-06-18 23:18:58,REAL,67522523134,29112,67522552246,67522552246
2025-06-18 23:19:00,REAL,67522552246,28800,67522581046,67522581046
2025-06-18 23:19:02,REAL,67522581046,29154,67522610200,67522610200
2025-06-18 23:19:04,REAL,67522610200,27710,67522637910,67522637910
2025-06-18 23:19:06,REAL,67522637910,544,67522638454,67522638454
2025-06-18 23:19:08,REAL,67522638454,613,67522639067,67522639067
2025-06-18 23:19:10,REAL,67522639067,534,67522639601,67522639601
2025-06-18 23:19:12,REAL,67522639601,545,67522640146,67522640146
2025-06-18 23:19:14,REAL,67522640146,546,67522640692,67522640692
2025-06-18 23:19:16,REAL,67522640692,598,67522641290,67522641290
2025-06-18 23:19:18,REAL,67522641290,541,67522641831,67522641831
2025-06-18 23:19:20,REAL,67522641831,600,67522642431,67522642431
2025-06-18 23:19:22,REAL,67522642431,156278,67522798709,67522798709
2025-06-18 23:19:24,REAL,67522798709,91332,67522890041,67522890041
2025-06-18 23:19:26,REAL,67522890041,29502,67522919543,67522919543
2025-06-18 23:19:28,REAL,67522919543,29437,67522948980,67522948980
2025-06-18 23:19:30,REAL,67522948980,28775,67522977755,67522977755
2025-06-18 23:19:32,REAL,67522977755,28973,67523006728,67523006728
2025-06-18 23:19:34,REAL,67523006728,29157,67523035885,67523035885
2025-06-18 23:19:36,REAL,67523035885,25835,67523061720,67523061720
2025-06-18 23:19:38,REAL,67523061720,615,67523062335,67523062335
2025-06-18 23:19:40,REAL,67523062335,546,67523062881,67523062881
2025-06-18 23:19:42,REAL,67523062881,539,67523063420,67523063420
2025-06-18 23:19:44,REAL,67523063420,545,67523063965,67523063965
2025-06-18 23:19:46,REAL,67523063965,545,67523064510,67523064510
2025-06-18 23:19:48,REAL,67523064510,593,67523065103,67523065103
2025-06-18 23:19:50,REAL,67523065103,534,67523065637,67523065637
2025-06-18 23:19:52,REAL,67523065637,600,67523066237,67523066237
2025-06-18 23:19:54,REAL,67523066237,190393,67523256630,67523256630
2025-06-18 23:19:56,REAL,67523256630,85825,67523342455,67523342455
2025-06-18 23:19:58,REAL,67523342455,29101,67523371556,67523371556
2025-06-18 23:20:00,REAL,67523371556,29321,67523400877,67523400877
2025-06-18 23:20:02,REAL,67523400877,29459,67523430336,67523430336
2025-06-18 23:20:04,REAL,67523430336,29174,67523459510,67523459510
2025-06-18 23:20:06,REAL,67523459510,28851,67523488361,67523488361
2025-06-18 23:20:08,REAL,67523488361,23946,67523512307,67523512307
2025-06-18 23:20:10,REAL,67523512307,612,67523512919,67523512919
2025-06-18 23:20:12,REAL,67523512919,544,67523513463,67523513463
2025-06-18 23:20:14,REAL,67523513463,539,67523514002,67523514002
2025-06-18 23:20:16,REAL,67523514002,542,67523514544,67523514544
2025-06-18 23:20:18,REAL,67523514544,540,67523515084,67523515084
2025-06-18 23:20:20,REAL,67523515084,593,67523515677,67523515677
2025-06-18 23:20:22,REAL,67523515677,593,67523516270,67523516270
2025-06-18 23:20:24,REAL,67523516270,674,67523516944,67523516944
2025-06-18 23:20:26,REAL,67523516944,187632,67523704576,67523704576
2025-06-18 23:20:28,REAL,67523704576,64086,67523768662,67523768662
2025-06-18 23:20:30,REAL,67523768662,28830,67523797492,67523797492
2025-06-18 23:20:32,REAL,67523797492,29236,67523826728,67523826728
2025-06-18 23:20:34,REAL,67523826728,29008,67523855736,67523855736
2025-06-18 23:20:36,REAL,67523855736,28888,67523884624,67523884624
2025-06-18 23:20:38,REAL,67523884624,29506,67523914130,67523914130
2025-06-18 23:20:40,REAL,67523914130,21612,67523935742,67523935742
2025-06-18 23:20:42,REAL,67523935742,538,67523936280,67523936280
2025-06-18 23:20:44,REAL,67523936280,541,67523936821,67523936821
2025-06-18 23:20:46,REAL,67523936821,539,67523937360,67523937360
2025-06-18 23:20:48,REAL,67523937360,535,67523937895,67523937895
2025-06-18 23:20:50,REAL,67523937895,539,67523938434,67523938434
2025-06-18 23:20:52,REAL,67523938434,598,67523939032,67523939032
2025-06-18 23:20:54,REAL,67523939032,614,67523939646,67523939646
2025-06-18 23:20:56,REAL,67523939646,604,67523940250,67523940250
2025-06-18 23:20:58,REAL,67523940250,232922,67524173172,67524173172
2025-06-18 23:21:00,REAL,67524173172,55845,67524229017,67524229017
2025-06-18 23:21:02,REAL,67524229017,29203,67524258220,67524258220
2025-06-18 23:21:04,REAL,67524258220,28742,67524286962,67524286962
2025-06-18 23:21:06,REAL,67524286962,29069,67524316031,67524316031
2025-06-18 23:21:08,REAL,67524316031,29364,67524345395,67524345395
2025-06-18 23:21:10,REAL,67524345395,29246,67524374641,67524374641
2025-06-18 23:21:12,REAL,67524374641,20420,67524395061,67524395061
2025-06-18 23:21:14,REAL,67524395061,542,67524395603,67524395603
2025-06-18 23:21:16,REAL,67524395603,538,67524396141,67524396141
2025-06-18 23:21:18,REAL,67524396141,535,67524396676,67524396676
2025-06-18 23:21:20,REAL,67524396676,545,67524397221,67524397221
2025-06-18 23:21:22,REAL,67524397221,538,67524397759,67524397759
2025-06-18 23:21:24,REAL,67524397759,665,67524398424,67524398424
2025-06-18 23:21:26,REAL,67524398424,538,67524398962,67524398962
2025-06-18 23:21:28,REAL,67524398962,597,67524399559,67524399559
2025-06-18 23:21:30,REAL,67524399559,234225,67524633784,67524633784
2025-06-18 23:21:32,REAL,67524633784,44891,67524678675,67524678675
2025-06-18 23:21:34,REAL,67524678675,28786,67524707461,67524707461
2025-06-18 23:21:36,REAL,67524707461,29289,67524736750,67524736750
2025-06-18 23:21:38,REAL,67524736750,28701,67524765451,67524765451
2025-06-18 23:21:40,REAL,67524765451,29530,67524794981,67524794981
2025-06-18 23:21:42,REAL,67524794981,28967,67524823948,67524823948
2025-06-18 23:21:44,REAL,67524823948,18524,67524842472,67524842472
2025-06-18 23:21:46,REAL,67524842472,544,67524843016,67524843016
2025-06-18 23:21:48,REAL,67524843016,538,67524843554,67524843554
2025-06-18 23:21:50,REAL,67524843554,538,67524844092,67524844092
2025-06-18 23:21:52,REAL,67524844092,541,67524844633,67524844633
2025-06-18 23:21:54,REAL,67524844633,611,67524845244,67524845244
2025-06-18 23:21:56,REAL,67524845244,593,67524845837,67524845837
2025-06-18 23:21:58,REAL,67524845837,539,67524846376,67524846376
2025-06-18 23:22:00,REAL,67524846376,657,67524847033,67524847033
2025-06-18 23:22:02,REAL,67524847033,542,67524847575,67524847575
2025-06-18 23:22:04,REAL,67524847575,550,67524848125,67524848125
2025-06-18 23:22:06,REAL,67524848125,535,67524848660,67524848660
2025-06-18 23:22:08,REAL,67524848660,543,67524849203,67524849203
2025-06-18 23:22:10,REAL,67524849203,616,67524849819,67524849819
2025-06-18 23:22:12,REAL,67524849819,543,67524850362,67524850362
2025-06-18 23:22:14,REAL,67524850362,549,67524850911,67524850911
2025-06-18 23:22:16,REAL,67524850911,595,67524851506,67524851506
2025-06-18 23:22:18,REAL,67524851506,542,67524852048,67524852048
2025-06-18 23:22:20,REAL,67524852048,538,67524852586,67524852586
2025-06-18 23:22:22,REAL,67524852586,596,67524853182,67524853182
2025-06-18 23:22:24,REAL,67524853182,615,67524853797,67524853797
2025-06-18 23:22:26,REAL,67524853797,542,67524854339,67524854339
2025-06-18 23:22:28,REAL,67524854339,536,67524854875,67524854875
2025-06-18 23:22:30,REAL,67524854875,543,67524855418,67524855418
2025-06-18 23:22:32,REAL,67524855418,602,67524856020,67524856020
2025-06-18 23:22:34,REAL,67524856020,598,67524856618,67524856618
2025-06-18 23:22:36,REAL,67524856618,607,67524857225,67524857225
2025-06-18 23:22:38,REAL,67524857225,608,67524857833,67524857833
2025-06-18 23:22:40,REAL,67524857833,616,67524858449,67524858449
2025-06-18 23:22:42,REAL,67524858449,535,67524858984,67524858984
2025-06-18 23:22:44,REAL,67524858984,539,67524859523,67524859523
2025-06-18 23:22:46,REAL,67524859523,540,67524860063,67524860063
2025-06-18 23:22:48,REAL,67524860063,539,67524860602,67524860602
2025-06-18 23:22:50,REAL,67524860602,599,67524861201,67524861201
2025-06-18 23:22:52,REAL,67524861201,541,67524861742,67524861742
2025-06-18 23:22:54,REAL,67524861742,680,67524862422,67524862422
2025-06-18 23:22:56,REAL,67524862422,536,67524862958,67524862958
2025-06-18 23:22:58,REAL,67524862958,542,67524863500,67524863500
2025-06-18 23:23:00,REAL,67524863500,541,67524864041,67524864041
2025-06-18 23:23:02,REAL,67524864041,538,67524864579,67524864579
2025-06-18 23:23:04,REAL,67524864579,537,67524865116,67524865116
2025-06-18 23:23:06,REAL,67524865116,542,67524865658,67524865658
2025-06-18 23:23:08,REAL,67524865658,657,67524866315,67524866315
2025-06-18 23:23:10,REAL,67524866315,610,67524866925,67524866925
2025-06-18 23:23:12,REAL,67524866925,533,67524867458,67524867458
2025-06-18 23:23:14,REAL,67524867458,532,67524867990,67524867990
2025-06-18 23:23:16,REAL,67524867990,547,67524868537,67524868537
2025-06-18 23:23:18,REAL,67524868537,543,67524869080,67524869080
2025-06-18 23:23:20,REAL,67524869080,543,67524869623,67524869623
2025-06-18 23:23:22,REAL,67524869623,542,67524870165,67524870165
2025-06-18 23:23:24,REAL,67524870165,668,67524870833,67524870833
2025-06-18 23:23:26,REAL,67524870833,544,67524871377,67524871377
2025-06-18 23:23:28,REAL,67524871377,532,67524871909,67524871909
2025-06-18 23:23:30,REAL,67524871909,532,67524872441,67524872441
2025-06-18 23:23:32,REAL,67524872441,541,67524872982,67524872982
2025-06-18 23:23:34,REAL,67524872982,548,67524873530,67524873530
2025-06-18 23:23:36,REAL,67524873530,536,67524874066,67524874066
2025-06-18 23:23:38,REAL,67524874066,597,67524874663,67524874663
2025-06-18 23:23:40,REAL,67524874663,673,67524875336,67524875336
2025-06-18 23:23:42,REAL,67524875336,541,67524875877,67524875877
2025-06-18 23:23:44,REAL,67524875877,540,67524876417,67524876417
2025-06-18 23:23:46,REAL,67524876417,535,67524876952,67524876952
2025-06-18 23:23:48,REAL,67524876952,541,67524877493,67524877493
2025-06-18 23:23:50,REAL,67524877493,535,67524878028,67524878028
2025-06-18 23:23:52,REAL,67524878028,598,67524878626,67524878626
2025-06-18 23:23:54,REAL,67524878626,606,67524879232,67524879232
2025-06-18 23:23:56,REAL,67524879232,596,67524879828,67524879828
2025-06-18 23:23:58,REAL,67524879828,537,67524880365,67524880365
2025-06-18 23:24:00,REAL,67524880365,549,67524880914,67524880914
2025-06-18 23:24:02,REAL,67524880914,542,67524881456,67524881456
2025-06-18 23:24:04,REAL,67524881456,538,67524881994,67524881994
2025-06-18 23:24:06,REAL,67524881994,548,67524882542,67524882542
2025-06-18 23:24:08,REAL,67524882542,532,67524883074,67524883074
2025-06-18 23:24:10,REAL,67524883074,614,67524883688,67524883688
2025-06-18 23:24:12,REAL,67524883688,605,67524884293,67524884293
2025-06-18 23:24:14,REAL,67524884293,549,67524884842,67524884842
2025-06-18 23:24:16,REAL,67524884842,538,67524885380,67524885380
2025-06-18 23:24:18,REAL,67524885380,548,67524885928,67524885928
2025-06-18 23:24:20,REAL,67524885928,540,67524886468,67524886468
2025-06-18 23:24:22,REAL,67524886468,546,67524887014,67524887014
2025-06-18 23:24:24,REAL,67524887014,612,67524887626,67524887626
2025-06-18 23:24:26,REAL,67524887626,544,67524888170,67524888170
2025-06-18 23:24:28,REAL,67524888170,659,67524888829,67524888829
2025-06-18 23:24:30,REAL,67524888829,545,67524889374,67524889374
2025-06-18 23:24:32,REAL,67524889374,535,67524889909,67524889909
2025-06-18 23:24:34,REAL,67524889909,539,67524890448,67524890448
2025-06-18 23:24:36,REAL,67524890448,544,67524890992,67524890992
2025-06-18 23:24:38,REAL,67524890992,593,67524891585,67524891585
2025-06-18 23:24:40,REAL,67524891585,621,67524892206,67524892206
2025-06-18 23:24:42,REAL,67524892206,539,67524892745,67524892745
2025-06-18 23:24:44,REAL,67524892745,597,67524893342,67524893342
2025-06-18 23:24:46,REAL,67524893342,212743,67525106085,67525106085
2025-06-18 23:24:48,REAL,67525106085,81162,67525187247,67525187247
2025-06-18 23:24:50,REAL,67525187247,29207,67525216454,67525216454
2025-06-18 23:24:52,REAL,67525216454,29125,67525245579,67525245579
2025-06-18 23:24:54,REAL,67525245579,29173,67525274752,67525274752
2025-06-18 23:24:56,REAL,67525274752,29658,67525304410,67525304410
2025-06-18 23:24:58,REAL,67525304410,29268,67525333678,67525333678
2025-06-18 23:25:00,REAL,67525333678,21285,67525354963,67525354963
2025-06-18 23:25:02,REAL,67525354963,550,67525355513,67525355513
2025-06-18 23:25:04,REAL,67525355513,547,67525356060,67525356060
2025-06-18 23:25:06,REAL,67525356060,543,67525356603,67525356603
2025-06-18 23:25:08,REAL,67525356603,542,67525357145,67525357145
2025-06-18 23:25:10,REAL,67525357145,619,67525357764,67525357764
2025-06-18 23:25:12,REAL,67525357764,536,67525358300,67525358300
2025-06-18 23:25:14,REAL,67525358300,543,67525358843,67525358843
2025-06-18 23:25:16,REAL,67525358843,593,67525359436,67525359436
2025-06-18 23:25:18,REAL,67525359436,236010,67525595446,67525595446
2025-06-18 23:25:20,REAL,67525595446,56846,67525652292,67525652292
2025-06-18 23:25:22,REAL,67525652292,29418,67525681710,67525681710
2025-06-18 23:25:24,REAL,67525681710,29443,67525711153,67525711153
2025-06-18 23:25:26,REAL,67525711153,29401,67525740554,67525740554
2025-06-18 23:25:28,REAL,67525740554,28758,67525769312,67525769312
2025-06-18 23:25:30,REAL,67525769312,29108,67525798420,67525798420
2025-06-18 23:25:32,REAL,67525798420,19967,67525818387,67525818387
2025-06-18 23:25:34,REAL,67525818387,546,67525818933,67525818933
2025-06-18 23:25:36,REAL,67525818933,540,67525819473,67525819473
2025-06-18 23:25:38,REAL,67525819473,543,67525820016,67525820016
2025-06-18 23:25:40,REAL,67525820016,609,67525820625,67525820625
2025-06-18 23:25:42,REAL,67525820625,535,67525821160,67525821160
2025-06-18 23:25:44,REAL,67525821160,542,67525821702,67525821702
2025-06-18 23:25:46,REAL,67525821702,541,67525822243,67525822243
2025-06-18 23:25:48,REAL,67525822243,601,67525822844,67525822844
2025-06-18 23:25:50,REAL,67525822844,541,67525823385,67525823385
2025-06-18 23:25:52,REAL,67525823385,541,67525823926,67525823926
2025-06-18 23:25:54,REAL,67525823926,596,67525824522,67525824522
2025-06-18 23:25:56,REAL,67525824522,620,67525825142,67525825142
2025-06-18 23:25:58,REAL,67525825142,545,67525825687,67525825687
2025-06-18 23:26:00,REAL,67525825687,530,67525826217,67525826217
2025-06-18 23:26:02,REAL,67525826217,604,67525826821,67525826821
2025-06-18 23:26:04,REAL,67525826821,593,67525827414,67525827414
2025-06-18 23:26:06,REAL,67525827414,533,67525827947,67525827947
2025-06-18 23:26:08,REAL,67525827947,537,67525828484,67525828484
2025-06-18 23:26:10,REAL,67525828484,614,67525829098,67525829098
2025-06-18 23:26:12,REAL,67525829098,534,67525829632,67525829632
2025-06-18 23:26:14,REAL,67525829632,542,67525830174,67525830174
2025-06-18 23:26:16,REAL,67525830174,540,67525830714,67525830714
2025-06-18 23:26:18,REAL,67525830714,542,67525831256,67525831256
2025-06-18 23:26:20,REAL,67525831256,601,67525831857,67525831857
2025-06-18 23:26:22,REAL,67525831857,592,67525832449,67525832449
2025-06-18 23:26:24,REAL,67525832449,536,67525832985,67525832985
2025-06-18 23:26:26,REAL,67525832985,610,67525833595,67525833595
2025-06-18 23:26:28,REAL,67525833595,542,67525834137,67525834137
2025-06-18 23:26:30,REAL,67525834137,547,67525834684,67525834684
2025-06-18 23:26:32,REAL,67525834684,539,67525835223,67525835223
2025-06-18 23:26:34,REAL,67525835223,534,67525835757,67525835757
2025-06-18 23:26:36,REAL,67525835757,593,67525836350,67525836350
2025-06-18 23:26:38,REAL,67525836350,543,67525836893,67525836893
2025-06-18 23:26:40,REAL,67525836893,614,67525837507,67525837507
2025-06-18 23:26:42,REAL,67525837507,543,67525838050,67525838050
2025-06-18 23:26:44,REAL,67525838050,534,67525838584,67525838584
2025-06-18 23:26:46,REAL,67525838584,535,67525839119,67525839119
2025-06-18 23:26:48,REAL,67525839119,600,67525839719,67525839719
2025-06-18 23:26:50,REAL,67525839719,534,67525840253,67525840253
2025-06-18 23:26:52,REAL,67525840253,655,67525840908,67525840908
2025-06-18 23:26:54,REAL,67525840908,600,67525841508,67525841508
2025-06-18 23:26:56,REAL,67525841508,666,67525842174,67525842174
2025-06-18 23:26:58,REAL,67525842174,605,67525842779,67525842779
2025-06-18 23:27:00,REAL,67525842779,545,67525843324,67525843324
2025-06-18 23:27:02,REAL,67525843324,537,67525843861,67525843861
2025-06-18 23:27:04,REAL,67525843861,535,67525844396,67525844396
2025-06-18 23:27:06,REAL,67525844396,543,67525844939,67525844939
2025-06-18 23:27:08,REAL,67525844939,547,67525845486,67525845486
2025-06-18 23:27:10,REAL,67525845486,615,67525846101,67525846101
2025-06-18 23:27:12,REAL,67525846101,598,67525846699,67525846699
2025-06-18 23:27:14,REAL,67525846699,541,67525847240,67525847240
2025-06-18 23:27:16,REAL,67525847240,544,67525847784,67525847784
2025-06-18 23:27:18,REAL,67525847784,540,67525848324,67525848324
2025-06-18 23:27:20,REAL,67525848324,595,67525848919,67525848919
2025-06-18 23:27:22,REAL,67525848919,541,67525849460,67525849460
2025-06-18 23:27:24,REAL,67525849460,544,67525850004,67525850004
2025-06-18 23:27:26,REAL,67525850004,612,67525850616,67525850616
2025-06-18 23:27:28,REAL,67525850616,598,67525851214,67525851214
2025-06-18 23:27:30,REAL,67525851214,539,67525851753,67525851753
2025-06-18 23:27:32,REAL,67525851753,540,67525852293,67525852293
2025-06-18 23:27:34,REAL,67525852293,593,67525852886,67525852886
2025-06-18 23:27:36,REAL,67525852886,543,67525853429,67525853429
2025-06-18 23:27:38,REAL,67525853429,537,67525853966,67525853966
2025-06-18 23:27:40,REAL,67525853966,548,67525854514,67525854514
2025-06-18 23:27:42,REAL,67525854514,621,67525855135,67525855135
2025-06-18 23:27:44,REAL,67525855135,597,67525855732,67525855732
2025-06-18 23:27:46,REAL,67525855732,541,67525856273,67525856273
2025-06-18 23:27:48,REAL,67525856273,598,67525856871,67525856871
2025-06-18 23:27:50,REAL,67525856871,549,67525857420,67525857420
2025-06-18 23:27:52,REAL,67525857420,532,67525857952,67525857952
2025-06-18 23:27:54,REAL,67525857952,542,67525858494,67525858494
2025-06-18 23:27:56,REAL,67525858494,609,67525859103,67525859103
2025-06-18 23:27:58,REAL,67525859103,531,67525859634,67525859634
2025-06-18 23:28:00,REAL,67525859634,602,67525860236,67525860236
2025-06-18 23:28:02,REAL,67525860236,541,67525860777,67525860777
2025-06-18 23:28:04,REAL,67525860777,534,67525861311,67525861311
2025-06-18 23:28:06,REAL,67525861311,538,67525861849,67525861849
2025-06-18 23:28:08,REAL,67525861849,542,67525862391,67525862391
2025-06-18 23:28:10,REAL,67525862391,544,67525862935,67525862935
2025-06-18 23:28:12,REAL,67525862935,613,67525863548,67525863548
2025-06-18 23:28:14,REAL,67525863548,539,67525864087,67525864087
2025-06-18 23:28:16,REAL,67525864087,595,67525864682,67525864682
2025-06-18 23:28:18,REAL,67525864682,661,67525865343,67525865343
2025-06-18 23:28:20,REAL,67525865343,535,67525865878,67525865878
2025-06-18 23:28:22,REAL,67525865878,538,67525866416,67525866416
2025-06-18 23:28:24,REAL,67525866416,537,67525866953,67525866953
2025-06-18 23:28:26,REAL,67525866953,609,67525867562,67525867562
2025-06-18 23:28:28,REAL,67525867562,542,67525868104,67525868104
2025-06-18 23:28:30,REAL,67525868104,543,67525868647,67525868647
2025-06-18 23:28:32,REAL,67525868647,595,67525869242,67525869242
2025-06-18 23:28:34,REAL,67525869242,549,67525869791,67525869791
2025-06-18 23:28:36,REAL,67525869791,540,67525870331,67525870331
2025-06-18 23:28:38,REAL,67525870331,540,67525870871,67525870871
2025-06-18 23:28:40,REAL,67525870871,547,67525871418,67525871418
2025-06-18 23:28:42,REAL,67525871418,620,67525872038,67525872038
2025-06-18 23:28:44,REAL,67525872038,546,67525872584,67525872584
2025-06-18 23:28:46,REAL,67525872584,598,67525873182,67525873182
2025-06-18 23:28:48,REAL,67525873182,602,67525873784,67525873784
2025-06-18 23:28:50,REAL,67525873784,532,67525874316,67525874316
2025-06-18 23:28:52,REAL,67525874316,533,67525874849,67525874849
2025-06-18 23:28:54,REAL,67525874849,589,67525875438,67525875438
2025-06-18 23:28:56,REAL,67525875438,616,67525876054,67525876054
2025-06-18 23:28:58,REAL,67525876054,536,67525876590,67525876590
2025-06-18 23:29:00,REAL,67525876590,538,67525877128,67525877128
2025-06-18 23:29:02,REAL,67525877128,535,67525877663,67525877663
2025-06-18 23:29:04,REAL,67525877663,602,67525878265,67525878265
2025-06-18 23:29:06,REAL,67525878265,234468,67526112733,67526112733
2025-06-18 23:29:08,REAL,67526112733,66665,67526179398,67526179398
2025-06-18 23:29:10,REAL,67526179398,28794,67526208192,67526208192
2025-06-18 23:29:12,REAL,67526208192,28893,67526237085,67526237085
2025-06-18 23:29:14,REAL,67526237085,29221,67526266306,67526266306
2025-06-18 23:29:16,REAL,67526266306,28808,67526295114,67526295114
2025-06-18 23:29:18,REAL,67526295114,28832,67526323946,67526323946
2025-06-18 23:29:20,REAL,67526323946,21590,67526345536,67526345536
2025-06-18 23:29:22,REAL,67526345536,539,67526346075,67526346075
2025-06-18 23:29:24,REAL,67526346075,537,67526346612,67526346612
2025-06-18 23:29:26,REAL,67526346612,616,67526347228,67526347228
2025-06-18 23:29:28,REAL,67526347228,544,67526347772,67526347772
2025-06-18 23:29:30,REAL,67526347772,599,67526348371,67526348371
2025-06-18 23:29:32,REAL,67526348371,537,67526348908,67526348908
2025-06-18 23:29:34,REAL,67526348908,538,67526349446,67526349446
2025-06-18 23:29:36,REAL,67526349446,608,67526350054,67526350054
2025-06-18 23:29:38,REAL,67526350054,549,67526350603,67526350603
2025-06-18 23:29:40,REAL,67526350603,605,67526351208,67526351208
2025-06-18 23:29:42,REAL,67526351208,615,67526351823,67526351823
2025-06-18 23:29:44,REAL,67526351823,539,67526352362,67526352362
2025-06-18 23:29:46,REAL,67526352362,545,67526352907,67526352907
2025-06-18 23:29:48,REAL,67526352907,541,67526353448,67526353448
2025-06-18 23:29:50,REAL,67526353448,531,67526353979,67526353979
2025-06-18 23:29:52,REAL,67526353979,599,67526354578,67526354578
2025-06-18 23:29:54,REAL,67526354578,541,67526355119,67526355119
2025-06-18 23:29:56,REAL,67526355119,617,67526355736,67526355736
2025-06-18 23:29:58,REAL,67526355736,543,67526356279,67526356279
2025-06-18 23:30:00,REAL,67526356279,542,67526356821,67526356821
2025-06-18 23:30:02,REAL,67526356821,538,67526357359,67526357359
2025-06-18 23:30:04,REAL,67526357359,535,67526357894,67526357894
2025-06-18 23:30:06,REAL,67526357894,546,67526358440,67526358440
2025-06-18 23:30:08,REAL,67526358440,597,67526359037,67526359037
2025-06-18 23:30:10,REAL,67526359037,603,67526359640,67526359640
2025-06-18 23:30:12,REAL,67526359640,679,67526360319,67526360319
2025-06-18 23:30:14,REAL,67526360319,664,67526360983,67526360983
2025-06-18 23:30:16,REAL,67526360983,591,67526361574,67526361574
2025-06-18 23:30:18,REAL,67526361574,539,67526362113,67526362113
2025-06-18 23:30:20,REAL,67526362113,535,67526362648,67526362648
2025-06-18 23:30:22,REAL,67526362648,541,67526363189,67526363189
2025-06-18 23:30:24,REAL,67526363189,542,67526363731,67526363731
2025-06-18 23:30:26,REAL,67526363731,612,67526364343,67526364343
2025-06-18 23:30:28,REAL,67526364343,536,67526364879,67526364879
2025-06-18 23:30:30,REAL,67526364879,598,67526365477,67526365477
2025-06-18 23:30:32,REAL,67526365477,540,67526366017,67526366017
2025-06-18 23:30:34,REAL,67526366017,545,67526366562,67526366562
2025-06-18 23:30:36,REAL,67526366562,535,67526367097,67526367097
2025-06-18 23:30:38,REAL,67526367097,532,67526367629,67526367629
2025-06-18 23:30:40,REAL,67526367629,539,67526368168,67526368168
2025-06-18 23:30:42,REAL,67526368168,615,67526368783,67526368783
2025-06-18 23:30:44,REAL,67526368783,536,67526369319,67526369319
2025-06-18 23:30:46,REAL,67526369319,604,67526369923,67526369923
2025-06-18 23:30:48,REAL,67526369923,544,67526370467,67526370467
2025-06-18 23:30:50,REAL,67526370467,537,67526371004,67526371004
2025-06-18 23:30:52,REAL,67526371004,540,67526371544,67526371544
2025-06-18 23:30:54,REAL,67526371544,599,67526372143,67526372143
2025-06-18 23:30:56,REAL,67526372143,622,67526372765,67526372765
2025-06-18 23:30:58,REAL,67526372765,596,67526373361,67526373361
2025-06-18 23:31:00,REAL,67526373361,538,67526373899,67526373899
2025-06-18 23:31:02,REAL,67526373899,596,67526374495,67526374495
2025-06-18 23:31:04,REAL,67526374495,540,67526375035,67526375035
2025-06-18 23:31:06,REAL,67526375035,532,67526375567,67526375567
2025-06-18 23:31:08,REAL,67526375567,537,67526376104,67526376104
2025-06-18 23:31:10,REAL,67526376104,540,67526376644,67526376644
2025-06-18 23:31:12,REAL,67526376644,617,67526377261,67526377261
2025-06-18 23:31:14,REAL,67526377261,547,67526377808,67526377808
2025-06-18 23:31:16,REAL,67526377808,546,67526378354,67526378354
2025-06-18 23:31:18,REAL,67526378354,602,67526378956,67526378956
2025-06-18 23:31:20,REAL,67526378956,543,67526379499,67526379499
2025-06-18 23:31:22,REAL,67526379499,536,67526380035,67526380035
2025-06-18 23:31:24,REAL,67526380035,533,67526380568,67526380568
2025-06-18 23:31:26,REAL,67526380568,614,67526381182,67526381182
2025-06-18 23:31:28,REAL,67526381182,535,67526381717,67526381717
2025-06-18 23:31:30,REAL,67526381717,540,67526382257,67526382257
2025-06-18 23:31:32,REAL,67526382257,658,67526382915,67526382915
2025-06-18 23:31:34,REAL,67526382915,135670,67526518585,67526518585
2025-06-18 23:31:36,REAL,67526518585,114766,67526633351,67526633351
2025-06-18 23:31:38,REAL,67526633351,28985,67526662336,67526662336
2025-06-18 23:31:40,REAL,67526662336,29229,67526691565,67526691565
2025-06-18 23:31:42,REAL,67526691565,29196,67526720761,67526720761
2025-06-18 23:31:44,REAL,67526720761,28881,67526749642,67526749642
2025-06-18 23:31:46,REAL,67526749642,29416,67526779058,67526779058
2025-06-18 23:31:48,REAL,67526779058,27436,67526806494,67526806494
2025-06-18 23:31:50,REAL,67526806494,547,67526807041,67526807041
2025-06-18 23:31:52,REAL,67526807041,545,67526807586,67526807586
2025-06-18 23:31:54,REAL,67526807586,547,67526808133,67526808133
2025-06-18 23:31:56,REAL,67526808133,610,67526808743,67526808743
2025-06-18 23:31:58,REAL,67526808743,535,67526809278,67526809278
2025-06-18 23:32:00,REAL,67526809278,534,67526809812,67526809812
2025-06-18 23:32:02,REAL,67526809812,538,67526810350,67526810350
2025-06-18 23:32:04,REAL,67526810350,599,67526810949,67526810949
2025-06-18 23:32:06,REAL,67526810949,545,67526811494,67526811494
2025-06-18 23:32:08,REAL,67526811494,542,67526812036,67526812036
2025-06-18 23:32:10,REAL,67526812036,597,67526812633,67526812633
2025-06-18 23:32:12,REAL,67526812633,615,67526813248,67526813248
2025-06-18 23:32:14,REAL,67526813248,541,67526813789,67526813789
2025-06-18 23:32:16,REAL,67526813789,546,67526814335,67526814335
2025-06-18 23:32:18,REAL,67526814335,537,67526814872,67526814872
2025-06-18 23:32:20,REAL,67526814872,607,67526815479,67526815479
2025-06-18 23:32:22,REAL,67526815479,535,67526816014,67526816014
2025-06-18 23:32:24,REAL,67526816014,540,67526816554,67526816554
2025-06-18 23:32:26,REAL,67526816554,611,67526817165,67526817165
2025-06-18 23:32:28,REAL,67526817165,549,67526817714,67526817714
2025-06-18 23:32:30,REAL,67526817714,601,67526818315,67526818315
2025-06-18 23:32:32,REAL,67526818315,540,67526818855,67526818855
2025-06-18 23:32:34,REAL,67526818855,535,67526819390,67526819390
2025-06-18 23:32:36,REAL,67526819390,594,67526819984,67526819984
2025-06-18 23:32:38,REAL,67526819984,192351,67527012335,67527012335
2025-06-18 23:32:40,REAL,67527012335,82143,67527094478,67527094478
2025-06-18 23:32:42,REAL,67527094478,29473,67527123951,67527123951
2025-06-18 23:32:44,REAL,67527123951,29376,67527153327,67527153327
2025-06-18 23:32:46,REAL,67527153327,29528,67527182855,67527182855
2025-06-18 23:32:48,REAL,67527182855,29205,67527212060,67527212060
2025-06-18 23:32:50,REAL,67527212060,29360,67527241420,67527241420
2025-06-18 23:32:52,REAL,67527241420,22491,67527263911,67527263911
2025-06-18 23:32:54,REAL,67527263911,540,67527264451,67527264451
2025-06-18 23:32:56,REAL,67527264451,539,67527264990,67527264990
2025-06-18 23:32:58,REAL,67527264990,619,67527265609,67527265609
2025-06-18 23:33:00,REAL,67527265609,539,67527266148,67527266148
2025-06-18 23:33:02,REAL,67527266148,540,67527266688,67527266688
2025-06-18 23:33:04,REAL,67527266688,549,67527267237,67527267237
2025-06-18 23:33:06,REAL,67527267237,538,67527267775,67527267775
2025-06-18 23:33:08,REAL,67527267775,598,67527268373,67527268373
2025-06-18 23:33:10,REAL,67527268373,594,67527268967,67527268967
2025-06-18 23:33:12,REAL,67527268967,667,67527269634,67527269634
2025-06-18 23:33:14,REAL,67527269634,710,67527270344,67527270344
2025-06-18 23:33:16,REAL,67527270344,544,67527270888,67527270888
2025-06-18 23:33:18,REAL,67527270888,540,67527271428,67527271428
2025-06-18 23:33:20,REAL,67527271428,544,67527271972,67527271972
2025-06-18 23:33:22,REAL,67527271972,540,67527272512,67527272512
2025-06-18 23:33:24,REAL,67527272512,543,67527273055,67527273055
2025-06-18 23:33:26,REAL,67527273055,540,67527273595,67527273595
2025-06-18 23:33:28,REAL,67527273595,618,67527274213,67527274213
2025-06-18 23:33:30,REAL,67527274213,57546,67527331759,67527331759
2025-06-18 23:33:32,REAL,67527331759,167926,67527499685,67527499685
2025-06-18 23:33:34,REAL,67527499685,28899,67527528584,67527528584
2025-06-18 23:33:36,REAL,67527528584,29195,67527557779,67527557779
2025-06-18 23:33:38,REAL,67527557779,29052,67527586831,67527586831
2025-06-18 23:33:40,REAL,67527586831,29256,67527616087,67527616087
2025-06-18 23:33:42,REAL,67527616087,29309,67527645396,67527645396
2025-06-18 23:33:44,REAL,67527645396,29287,67527674683,67527674683
2025-06-18 23:33:46,REAL,67527674683,6083,67527680766,67527680766
2025-06-18 23:33:48,REAL,67527680766,540,67527681306,67527681306
2025-06-18 23:33:50,REAL,67527681306,546,67527681852,67527681852
2025-06-18 23:33:52,REAL,67527681852,540,67527682392,67527682392
2025-06-18 23:33:54,REAL,67527682392,539,67527682931,67527682931
2025-06-18 23:33:56,REAL,67527682931,548,67527683479,67527683479
2025-06-18 23:33:58,REAL,67527683479,669,67527684148,67527684148
2025-06-18 23:34:00,REAL,67527684148,597,67527684745,67527684745
2025-06-18 23:34:02,REAL,67527684745,87425,67527772170,67527772170
2025-06-18 23:34:04,REAL,67527772170,171536,67527943706,67527943706
2025-06-18 23:34:06,REAL,67527943706,29828,67527973534,67527973534
2025-06-18 23:34:08,REAL,67527973534,28714,67528002248,67528002248
2025-06-18 23:34:10,REAL,67528002248,29612,67528031860,67528031860
2025-06-18 23:34:12,REAL,67528031860,28992,67528060852,67528060852
2025-06-18 23:34:14,REAL,67528060852,29571,67528090423,67528090423
2025-06-18 23:34:16,REAL,67528090423,28768,67528119191,67528119191
2025-06-18 23:34:18,REAL,67528119191,4300,67528123491,67528123491
2025-06-18 23:34:20,REAL,67528123491,605,67528124096,67528124096
2025-06-18 23:34:22,REAL,67528124096,533,67528124629,67528124629
2025-06-18 23:34:24,REAL,67528124629,538,67528125167,67528125167
2025-06-18 23:34:26,REAL,67528125167,535,67528125702,67528125702
2025-06-18 23:34:28,REAL,67528125702,617,67528126319,67528126319
2025-06-18 23:34:30,REAL,67528126319,595,67528126914,67528126914
2025-06-18 23:34:32,REAL,67528126914,543,67528127457,67528127457
2025-06-18 23:34:34,REAL,67528127457,660,67528128117,67528128117
2025-06-18 23:34:36,REAL,67528128117,596,67528128713,67528128713
2025-06-18 23:34:38,REAL,67528128713,597,67528129310,67528129310
2025-06-18 23:34:40,REAL,67528129310,536,67528129846,67528129846
2025-06-18 23:34:42,REAL,67528129846,613,67528130459,67528130459
2025-06-18 23:34:44,REAL,67528130459,541,67528131000,67528131000
2025-06-18 23:34:46,REAL,67528131000,595,67528131595,67528131595
2025-06-18 23:34:48,REAL,67528131595,539,67528132134,67528132134
2025-06-18 23:34:50,REAL,67528132134,545,67528132679,67528132679
2025-06-18 23:34:52,REAL,67528132679,535,67528133214,67528133214
2025-06-18 23:34:54,REAL,67528133214,597,67528133811,67528133811
2025-06-18 23:34:56,REAL,67528133811,252225,67528386036,67528386036
2025-06-18 23:34:58,REAL,67528386036,29379,67528415415,67528415415
2025-06-18 23:35:00,REAL,67528415415,29066,67528444481,67528444481
2025-06-18 23:35:02,REAL,67528444481,29014,67528473495,67528473495
2025-06-18 23:35:04,REAL,67528473495,29338,67528502833,67528502833
2025-06-18 23:35:06,REAL,67528502833,29338,67528532171,67528532171
2025-06-18 23:35:08,REAL,67528532171,29388,67528561559,67528561559
2025-06-18 23:35:10,REAL,67528561559,16168,67528577727,67528577727
2025-06-18 23:35:12,REAL,67528577727,616,67528578343,67528578343
2025-06-18 23:35:14,REAL,67528578343,534,67528578877,67528578877
2025-06-18 23:35:16,REAL,67528578877,542,67528579419,67528579419
2025-06-18 23:35:18,REAL,67528579419,534,67528579953,67528579953
2025-06-18 23:35:20,REAL,67528579953,542,67528580495,67528580495
2025-06-18 23:35:22,REAL,67528580495,590,67528581085,67528581085
2025-06-18 23:35:24,REAL,67528581085,536,67528581621,67528581621
2025-06-18 23:35:26,REAL,67528581621,598,67528582219,67528582219
2025-06-18 23:35:28,REAL,67528582219,673,67528582892,67528582892
2025-06-18 23:35:30,REAL,67528582892,599,67528583491,67528583491
2025-06-18 23:35:32,REAL,67528583491,657,67528584148,67528584148
2025-06-18 23:35:34,REAL,67528584148,544,67528584692,67528584692
2025-06-18 23:35:36,REAL,67528584692,536,67528585228,67528585228
2025-06-18 23:35:38,REAL,67528585228,535,67528585763,67528585763
2025-06-18 23:35:40,REAL,67528585763,544,67528586307,67528586307
2025-06-18 23:35:42,REAL,67528586307,613,67528586920,67528586920
2025-06-18 23:35:44,REAL,67528586920,536,67528587456,67528587456
2025-06-18 23:35:46,REAL,67528587456,601,67528588057,67528588057
2025-06-18 23:35:48,REAL,67528588057,544,67528588601,67528588601
2025-06-18 23:35:50,REAL,67528588601,598,67528589199,67528589199
2025-06-18 23:35:52,REAL,67528589199,537,67528589736,67528589736
2025-06-18 23:35:54,REAL,67528589736,539,67528590275,67528590275
2025-06-18 23:35:56,REAL,67528590275,540,67528590815,67528590815
2025-06-18 23:35:58,REAL,67528590815,616,67528591431,67528591431
2025-06-18 23:36:00,REAL,67528591431,540,67528591971,67528591971
2025-06-18 23:36:02,REAL,67528591971,598,67528592569,67528592569
2025-06-18 23:36:04,REAL,67528592569,536,67528593105,67528593105
2025-06-18 23:36:06,REAL,67528593105,535,67528593640,67528593640
2025-06-18 23:36:08,REAL,67528593640,534,67528594174,67528594174
2025-06-18 23:36:10,REAL,67528594174,546,67528594720,67528594720
2025-06-18 23:36:12,REAL,67528594720,614,67528595334,67528595334
2025-06-18 23:36:14,REAL,67528595334,534,67528595868,67528595868
2025-06-18 23:36:16,REAL,67528595868,589,67528596457,67528596457
2025-06-18 23:36:18,REAL,67528596457,652,67528597109,67528597109
2025-06-18 23:36:20,REAL,67528597109,544,67528597653,67528597653
2025-06-18 23:36:22,REAL,67528597653,537,67528598190,67528598190
2025-06-18 23:36:24,REAL,67528598190,545,67528598735,67528598735
2025-06-18 23:36:26,REAL,67528598735,538,67528599273,67528599273
2025-06-18 23:36:28,REAL,67528599273,624,67528599897,67528599897
2025-06-18 23:36:30,REAL,67528599897,545,67528600442,67528600442
2025-06-18 23:36:32,REAL,67528600442,541,67528600983,67528600983
2025-06-18 23:36:34,REAL,67528600983,597,67528601580,67528601580
2025-06-18 23:36:36,REAL,67528601580,542,67528602122,67528602122
2025-06-18 23:36:38,REAL,67528602122,547,67528602669,67528602669
2025-06-18 23:36:40,REAL,67528602669,541,67528603210,67528603210
2025-06-18 23:36:42,REAL,67528603210,673,67528603883,67528603883
2025-06-18 23:36:44,REAL,67528603883,541,67528604424,67528604424
2025-06-18 23:36:46,REAL,67528604424,549,67528604973,67528604973
2025-06-18 23:36:48,REAL,67528604973,539,67528605512,67528605512
2025-06-18 23:36:50,REAL,67528605512,596,67528606108,67528606108
2025-06-18 23:36:52,REAL,67528606108,197107,67528803215,67528803215
2025-06-18 23:36:54,REAL,67528803215,99367,67528902582,67528902582
2025-06-18 23:36:56,REAL,67528902582,29117,67528931699,67528931699
2025-06-18 23:36:58,REAL,67528931699,29121,67528960820,67528960820
2025-06-18 23:37:00,REAL,67528960820,28989,67528989809,67528989809
2025-06-18 23:37:02,REAL,67528989809,29478,67529019287,67529019287
2025-06-18 23:37:04,REAL,67529019287,28727,67529048014,67529048014
2025-06-18 23:37:06,REAL,67529048014,23561,67529071575,67529071575
2025-06-18 23:37:08,REAL,67529071575,544,67529072119,67529072119
2025-06-18 23:37:10,REAL,67529072119,545,67529072664,67529072664
2025-06-18 23:37:12,REAL,67529072664,609,67529073273,67529073273
2025-06-18 23:37:14,REAL,67529073273,540,67529073813,67529073813
2025-06-18 23:37:16,REAL,67529073813,537,67529074350,67529074350
2025-06-18 23:37:18,REAL,67529074350,599,67529074949,67529074949
2025-06-18 23:37:20,REAL,67529074949,544,67529075493,67529075493
2025-06-18 23:37:22,REAL,67529075493,597,67529076090,67529076090
2025-06-18 23:37:24,REAL,67529076090,542,67529076632,67529076632
2025-06-18 23:37:26,REAL,67529076632,538,67529077170,67529077170
2025-06-18 23:37:28,REAL,67529077170,611,67529077781,67529077781
2025-06-18 23:37:30,REAL,67529077781,540,67529078321,67529078321
2025-06-18 23:37:32,REAL,67529078321,541,67529078862,67529078862
2025-06-18 23:37:34,REAL,67529078862,536,67529079398,67529079398
2025-06-18 23:37:36,REAL,67529079398,531,67529079929,67529079929
2025-06-18 23:37:38,REAL,67529079929,603,67529080532,67529080532
2025-06-18 23:37:40,REAL,67529080532,542,67529081074,67529081074
2025-06-18 23:37:42,REAL,67529081074,616,67529081690,67529081690
2025-06-18 23:37:44,REAL,67529081690,540,67529082230,67529082230
2025-06-18 23:37:46,REAL,67529082230,597,67529082827,67529082827
2025-06-18 23:37:48,REAL,67529082827,547,67529083374,67529083374
2025-06-18 23:37:50,REAL,67529083374,539,67529083913,67529083913
2025-06-18 23:37:52,REAL,67529083913,535,67529084448,67529084448
2025-06-18 23:37:54,REAL,67529084448,652,67529085100,67529085100
2025-06-18 23:37:56,REAL,67529085100,600,67529085700,67529085700
2025-06-18 23:37:58,REAL,67529085700,670,67529086370,67529086370
2025-06-18 23:38:00,REAL,67529086370,591,67529086961,67529086961
2025-06-18 23:38:02,REAL,67529086961,537,67529087498,67529087498
2025-06-18 23:38:04,REAL,67529087498,537,67529088035,67529088035
2025-06-18 23:38:06,REAL,67529088035,539,67529088574,67529088574
2025-06-18 23:38:08,REAL,67529088574,532,67529089106,67529089106
2025-06-18 23:38:10,REAL,67529089106,541,67529089647,67529089647
2025-06-18 23:38:12,REAL,67529089647,541,67529090188,67529090188
2025-06-18 23:38:14,REAL,67529090188,667,67529090855,67529090855
2025-06-18 23:38:16,REAL,67529090855,84992,67529175847,67529175847
2025-06-18 23:38:18,REAL,67529175847,179825,67529355672,67529355672
2025-06-18 23:38:20,REAL,67529355672,29267,67529384939,67529384939
2025-06-18 23:38:22,REAL,67529384939,29224,67529414163,67529414163
2025-06-18 23:38:24,REAL,67529414163,29282,67529443445,67529443445
2025-06-18 23:38:26,REAL,67529443445,29309,67529472754,67529472754
2025-06-18 23:38:28,REAL,67529472754,29005,67529501759,67529501759
2025-06-18 23:38:30,REAL,67529501759,28833,67529530592,67529530592
2025-06-18 23:38:32,REAL,67529530592,4664,67529535256,67529535256
2025-06-18 23:38:34,REAL,67529535256,541,67529535797,67529535797
2025-06-18 23:38:36,REAL,67529535797,535,67529536332,67529536332
2025-06-18 23:38:38,REAL,67529536332,547,67529536879,67529536879
2025-06-18 23:38:40,REAL,67529536879,603,67529537482,67529537482
2025-06-18 23:38:42,REAL,67529537482,536,67529538018,67529538018
2025-06-18 23:38:44,REAL,67529538018,672,67529538690,67529538690
2025-06-18 23:38:46,REAL,67529538690,547,67529539237,67529539237
2025-06-18 23:38:48,REAL,67529539237,110073,67529649310,67529649310
2025-06-18 23:38:50,REAL,67529649310,150444,67529799754,67529799754
2025-06-18 23:38:52,REAL,67529799754,29296,67529829050,67529829050
2025-06-18 23:38:54,REAL,67529829050,29331,67529858381,67529858381
2025-06-18 23:38:56,REAL,67529858381,28906,67529887287,67529887287
2025-06-18 23:38:58,REAL,67529887287,29214,67529916501,67529916501
2025-06-18 23:39:00,REAL,67529916501,29138,67529945639,67529945639
2025-06-18 23:39:02,REAL,67529945639,29236,67529974875,67529974875
2025-06-18 23:39:04,REAL,67529974875,2717,67529977592,67529977592
2025-06-18 23:39:06,REAL,67529977592,534,67529978126,67529978126
2025-06-18 23:39:08,REAL,67529978126,541,67529978667,67529978667
2025-06-18 23:39:10,REAL,67529978667,540,67529979207,67529979207
2025-06-18 23:39:12,REAL,67529979207,541,67529979748,67529979748
2025-06-18 23:39:14,REAL,67529979748,615,67529980363,67529980363
2025-06-18 23:39:16,REAL,67529980363,588,67529980951,67529980951
2025-06-18 23:39:18,REAL,67529980951,542,67529981493,67529981493
2025-06-18 23:39:20,REAL,67529981493,651,67529982144,67529982144
2025-06-18 23:39:22,REAL,67529982144,595,67529982739,67529982739
2025-06-18 23:39:24,REAL,67529982739,609,67529983348,67529983348
2025-06-18 23:39:26,REAL,67529983348,233725,67530217073,67530217073
2025-06-18 23:39:28,REAL,67530217073,29002,67530246075,67530246075
2025-06-18 23:39:30,REAL,67530246075,28998,67530275073,67530275073
2025-06-18 23:39:32,REAL,67530275073,29250,67530304323,67530304323
2025-06-18 23:39:34,REAL,67530304323,29509,67530333832,67530333832
2025-06-18 23:39:36,REAL,67530333832,29201,67530363033,67530363033
2025-06-18 23:39:38,REAL,67530363033,28887,67530391920,67530391920
2025-06-18 23:39:40,REAL,67530391920,15329,67530407249,67530407249
2025-06-18 23:39:42,REAL,67530407249,541,67530407790,67530407790
2025-06-18 23:39:44,REAL,67530407790,614,67530408404,67530408404
2025-06-18 23:39:46,REAL,67530408404,539,67530408943,67530408943
2025-06-18 23:39:48,REAL,67530408943,533,67530409476,67530409476
2025-06-18 23:39:50,REAL,67530409476,534,67530410010,67530410010
2025-06-18 23:39:52,REAL,67530410010,588,67530410598,67530410598
2025-06-18 23:39:54,REAL,67530410598,541,67530411139,67530411139
2025-06-18 23:39:56,REAL,67530411139,596,67530411735,67530411735
2025-06-18 23:39:58,REAL,67530411735,676,67530412411,67530412411
2025-06-18 23:40:00,REAL,67530412411,542,67530412953,67530412953
2025-06-18 23:40:02,REAL,67530412953,540,67530413493,67530413493
2025-06-18 23:40:04,REAL,67530413493,545,67530414038,67530414038
2025-06-18 23:40:06,REAL,67530414038,542,67530414580,67530414580
2025-06-18 23:40:08,REAL,67530414580,541,67530415121,67530415121
2025-06-18 23:40:10,REAL,67530415121,537,67530415658,67530415658
2025-06-18 23:40:12,REAL,67530415658,599,67530416257,67530416257
2025-06-18 23:40:14,REAL,67530416257,619,67530416876,67530416876
2025-06-18 23:40:16,REAL,67530416876,543,67530417419,67530417419
2025-06-18 23:40:18,REAL,67530417419,534,67530417953,67530417953
2025-06-18 23:40:20,REAL,67530417953,540,67530418493,67530418493
2025-06-18 23:40:22,REAL,67530418493,597,67530419090,67530419090
2025-06-18 23:40:24,REAL,67530419090,540,67530419630,67530419630
2025-06-18 23:40:26,REAL,67530419630,598,67530420228,67530420228
2025-06-18 23:40:28,REAL,67530420228,674,67530420902,67530420902
2025-06-18 23:40:30,REAL,67530420902,534,67530421436,67530421436
2025-06-18 23:40:32,REAL,67530421436,532,67530421968,67530421968
2025-06-18 23:40:34,REAL,67530421968,541,67530422509,67530422509
2025-06-18 23:40:36,REAL,67530422509,546,67530423055,67530423055
2025-06-18 23:40:38,REAL,67530423055,537,67530423592,67530423592
2025-06-18 23:40:40,REAL,67530423592,544,67530424136,67530424136
2025-06-18 23:40:42,REAL,67530424136,538,67530424674,67530424674
2025-06-18 23:40:44,REAL,67530424674,671,67530425345,67530425345
2025-06-18 23:40:46,REAL,67530425345,608,67530425953,67530425953
2025-06-18 23:40:48,REAL,67530425953,538,67530426491,67530426491
2025-06-18 23:40:50,REAL,67530426491,590,67530427081,67530427081
2025-06-18 23:40:52,REAL,67530427081,543,67530427624,67530427624
2025-06-18 23:40:54,REAL,67530427624,543,67530428167,67530428167
2025-06-18 23:40:56,REAL,67530428167,536,67530428703,67530428703
2025-06-18 23:40:58,REAL,67530428703,669,67530429372,67530429372
2025-06-18 23:41:00,REAL,67530429372,596,67530429968,67530429968
2025-06-18 23:41:02,REAL,67530429968,539,67530430507,67530430507
2025-06-18 23:41:04,REAL,67530430507,538,67530431045,67530431045
2025-06-18 23:41:06,REAL,67530431045,538,67530431583,67530431583
2025-06-18 23:41:08,REAL,67530431583,536,67530432119,67530432119
2025-06-18 23:41:10,REAL,67530432119,543,67530432662,67530432662
2025-06-18 23:41:12,REAL,67530432662,543,67530433205,67530433205
2025-06-18 23:41:14,REAL,67530433205,621,67530433826,67530433826
2025-06-18 23:41:16,REAL,67530433826,595,67530434421,67530434421
2025-06-18 23:41:18,REAL,67530434421,597,67530435018,67530435018
2025-06-18 23:41:20,REAL,67530435018,541,67530435559,67530435559
2025-06-18 23:41:22,REAL,67530435559,534,67530436093,67530436093
2025-06-18 23:41:24,REAL,67530436093,541,67530436634,67530436634
2025-06-18 23:41:26,REAL,67530436634,543,67530437177,67530437177
2025-06-18 23:41:28,REAL,67530437177,674,67530437851,67530437851
2025-06-18 23:41:30,REAL,67530437851,536,67530438387,67530438387
2025-06-18 23:41:32,REAL,67530438387,591,67530438978,67530438978
2025-06-18 23:41:34,REAL,67530438978,548,67530439526,67530439526
2025-06-18 23:41:36,REAL,67530439526,544,67530440070,67530440070
2025-06-18 23:41:38,REAL,67530440070,544,67530440614,67530440614
2025-06-18 23:41:40,REAL,67530440614,537,67530441151,67530441151
2025-06-18 23:41:42,REAL,67530441151,537,67530441688,67530441688
2025-06-18 23:41:44,REAL,67530441688,610,67530442298,67530442298
2025-06-18 23:41:46,REAL,67530442298,545,67530442843,67530442843
2025-06-18 23:41:48,REAL,67530442843,662,67530443505,67530443505
2025-06-18 23:41:50,REAL,67530443505,536,67530444041,67530444041
2025-06-18 23:41:52,REAL,67530444041,539,67530444580,67530444580
2025-06-18 23:41:54,REAL,67530444580,546,67530445126,67530445126
2025-06-18 23:41:56,REAL,67530445126,606,67530445732,67530445732
2025-06-18 23:41:58,REAL,67530445732,618,67530446350,67530446350
2025-06-18 23:42:00,REAL,67530446350,540,67530446890,67530446890
2025-06-18 23:42:02,REAL,67530446890,530,67530447420,67530447420
2025-06-18 23:42:04,REAL,67530447420,603,67530448023,67530448023
2025-06-18 23:42:06,REAL,67530448023,535,67530448558,67530448558
2025-06-18 23:42:08,REAL,67530448558,533,67530449091,67530449091
2025-06-18 23:42:10,REAL,67530449091,539,67530449630,67530449630
2025-06-18 23:42:12,REAL,67530449630,546,67530450176,67530450176
2025-06-18 23:42:14,REAL,67530450176,619,67530450795,67530450795
2025-06-18 23:42:16,REAL,67530450795,605,67530451400,67530451400
2025-06-18 23:42:18,REAL,67530451400,535,67530451935,67530451935
2025-06-18 23:42:20,REAL,67530451935,595,67530452530,67530452530
2025-06-18 23:42:22,REAL,67530452530,534,67530453064,67530453064
2025-06-18 23:42:24,REAL,67530453064,534,67530453598,67530453598
2025-06-18 23:42:26,REAL,67530453598,530,67530454128,67530454128
2025-06-18 23:42:28,REAL,67530454128,678,67530454806,67530454806
2025-06-18 23:42:30,REAL,67530454806,535,67530455341,67530455341
2025-06-18 23:42:32,REAL,67530455341,548,67530455889,67530455889
2025-06-18 23:42:34,REAL,67530455889,542,67530456431,67530456431
2025-06-18 23:42:36,REAL,67530456431,601,67530457032,67530457032
2025-06-18 23:42:38,REAL,67530457032,533,67530457565,67530457565
2025-06-18 23:42:40,REAL,67530457565,549,67530458114,67530458114
2025-06-18 23:42:42,REAL,67530458114,541,67530458655,67530458655
2025-06-18 23:42:44,REAL,67530458655,676,67530459331,67530459331
2025-06-18 23:42:46,REAL,67530459331,538,67530459869,67530459869
2025-06-18 23:42:48,REAL,67530459869,550,67530460419,67530460419
2025-06-18 23:42:50,REAL,67530460419,539,67530460958,67530460958
2025-06-18 23:42:52,REAL,67530460958,597,67530461555,67530461555
2025-06-18 23:42:54,REAL,67530461555,534,67530462089,67530462089
2025-06-18 23:42:56,REAL,67530462089,542,67530462631,67530462631
2025-06-18 23:42:58,REAL,67530462631,675,67530463306,67530463306
2025-06-18 23:43:00,REAL,67530463306,546,67530463852,67530463852
2025-06-18 23:43:02,REAL,67530463852,610,67530464462,67530464462
2025-06-18 23:43:04,REAL,67530464462,547,67530465009,67530465009
2025-06-18 23:43:06,REAL,67530465009,539,67530465548,67530465548
2025-06-18 23:43:08,REAL,67530465548,599,67530466147,67530466147
2025-06-18 23:43:10,REAL,67530466147,548,67530466695,67530466695
2025-06-18 23:43:12,REAL,67530466695,548,67530467243,67530467243
2025-06-18 23:43:14,REAL,67530467243,605,67530467848,67530467848
2025-06-18 23:43:16,REAL,67530467848,538,67530468386,67530468386
2025-06-18 23:43:18,REAL,67530468386,538,67530468924,67530468924
2025-06-18 23:43:20,REAL,67530468924,545,67530469469,67530469469
2025-06-18 23:43:22,REAL,67530469469,544,67530470013,67530470013
2025-06-18 23:43:24,REAL,67530470013,599,67530470612,67530470612
2025-06-18 23:43:26,REAL,67530470612,597,67530471209,67530471209
2025-06-18 23:43:28,REAL,67530471209,624,67530471833,67530471833
2025-06-18 23:43:30,REAL,67530471833,538,67530472371,67530472371
2025-06-18 23:43:32,REAL,67530472371,534,67530472905,67530472905
2025-06-18 23:43:34,REAL,67530472905,597,67530473502,67530473502
2025-06-18 23:43:36,REAL,67530473502,535,67530474037,67530474037
2025-06-18 23:43:38,REAL,67530474037,537,67530474574,67530474574
2025-06-18 23:43:40,REAL,67530474574,134896,67530609470,67530609470
2025-06-18 23:43:42,REAL,67530609470,136637,67530746107,67530746107
2025-06-18 23:43:44,REAL,67530746107,29152,67530775259,67530775259
2025-06-18 23:43:46,REAL,67530775259,28680,67530803939,67530803939
2025-06-18 23:43:48,REAL,67530803939,29001,67530832940,67530832940
2025-06-18 23:43:50,REAL,67530832940,29324,67530862264,67530862264
2025-06-18 23:43:52,REAL,67530862264,28720,67530890984,67530890984
2025-06-18 23:43:54,REAL,67530890984,28943,67530919927,67530919927
2025-06-18 23:43:56,REAL,67530919927,595,67530920522,67530920522
2025-06-18 23:43:58,REAL,67530920522,593,67530921115,67530921115
2025-06-18 23:44:00,REAL,67530921115,611,67530921726,67530921726
2025-06-18 23:44:02,REAL,67530921726,547,67530922273,67530922273
2025-06-18 23:44:04,REAL,67530922273,541,67530922814,67530922814
2025-06-18 23:44:06,REAL,67530922814,542,67530923356,67530923356
2025-06-18 23:44:08,REAL,67530923356,531,67530923887,67530923887
2025-06-18 23:44:10,REAL,67530923887,597,67530924484,67530924484
2025-06-18 23:44:12,REAL,67530924484,145599,67531070083,67531070083
2025-06-18 23:44:14,REAL,67531070083,115091,67531185174,67531185174
2025-06-18 23:44:16,REAL,67531185174,29041,67531214215,67531214215
2025-06-18 23:44:18,REAL,67531214215,28902,67531243117,67531243117
2025-06-18 23:44:20,REAL,67531243117,29281,67531272398,67531272398
2025-06-18 23:44:22,REAL,67531272398,29775,67531302173,67531302173
2025-06-18 23:44:24,REAL,67531302173,28631,67531330804,67531330804
2025-06-18 23:44:26,REAL,67531330804,27492,67531358296,67531358296
2025-06-18 23:44:28,REAL,67531358296,590,67531358886,67531358886
2025-06-18 23:44:30,REAL,67531358886,609,67531359495,67531359495
2025-06-18 23:44:32,REAL,67531359495,542,67531360037,67531360037
2025-06-18 23:44:34,REAL,67531360037,542,67531360579,67531360579
2025-06-18 23:44:36,REAL,67531360579,537,67531361116,67531361116
2025-06-18 23:44:38,REAL,67531361116,536,67531361652,67531361652
2025-06-18 23:44:40,REAL,67531361652,535,67531362187,67531362187
2025-06-18 23:44:42,REAL,67531362187,593,67531362780,67531362780
2025-06-18 23:44:44,REAL,67531362780,180717,67531543497,67531543497
2025-06-18 23:44:46,REAL,67531543497,111830,67531655327,67531655327
2025-06-18 23:44:48,REAL,67531655327,28800,67531684127,67531684127
2025-06-18 23:44:50,REAL,67531684127,28918,67531713045,67531713045
2025-06-18 23:44:52,REAL,67531713045,29195,67531742240,67531742240
2025-06-18 23:44:54,REAL,67531742240,28865,67531771105,67531771105
2025-06-18 23:44:56,REAL,67531771105,28425,67531799530,67531799530
2025-06-18 23:44:58,REAL,67531799530,25393,67531824923,67531824923
2025-06-18 23:45:00,REAL,67531824923,618,67531825541,67531825541
2025-06-18 23:45:02,REAL,67531825541,544,67531826085,67531826085
2025-06-18 23:45:04,REAL,67531826085,532,67531826617,67531826617
2025-06-18 23:45:06,REAL,67531826617,536,67531827153,67531827153
2025-06-18 23:45:08,REAL,67531827153,542,67531827695,67531827695
2025-06-18 23:45:10,REAL,67531827695,543,67531828238,67531828238
2025-06-18 23:45:12,REAL,67531828238,544,67531828782,67531828782
2025-06-18 23:45:14,REAL,67531828782,679,67531829461,67531829461
2025-06-18 23:45:16,REAL,67531829461,173395,67532002856,67532002856
2025-06-18 23:45:18,REAL,67532002856,92961,67532095817,67532095817
2025-06-18 23:45:20,REAL,67532095817,29522,67532125339,67532125339
2025-06-18 23:45:22,REAL,67532125339,29603,67532154942,67532154942
2025-06-18 23:45:24,REAL,67532154942,28499,67532183441,67532183441
2025-06-18 23:45:26,REAL,67532183441,29456,67532212897,67532212897
2025-06-18 23:45:28,REAL,67532212897,29361,67532242258,67532242258
2025-06-18 23:45:30,REAL,67532242258,23661,67532265919,67532265919
2025-06-18 23:45:32,REAL,67532265919,538,67532266457,67532266457
2025-06-18 23:45:34,REAL,67532266457,545,67532267002,67532267002
2025-06-18 23:45:36,REAL,67532267002,539,67532267541,67532267541
2025-06-18 23:45:38,REAL,67532267541,543,67532268084,67532268084
2025-06-18 23:45:40,REAL,67532268084,545,67532268629,67532268629
2025-06-18 23:45:42,REAL,67532268629,546,67532269175,67532269175
2025-06-18 23:45:44,REAL,67532269175,615,67532269790,67532269790
2025-06-18 23:45:46,REAL,67532269790,592,67532270382,67532270382
2025-06-18 23:45:48,REAL,67532270382,200094,67532470476,67532470476
2025-06-18 23:45:50,REAL,67532470476,75336,67532545812,67532545812
2025-06-18 23:45:52,REAL,67532545812,29148,67532574960,67532574960
2025-06-18 23:45:54,REAL,67532574960,28847,67532603807,67532603807
2025-06-18 23:45:56,REAL,67532603807,29238,67532633045,67532633045
2025-06-18 23:45:58,REAL,67532633045,29361,67532662406,67532662406
2025-06-18 23:46:00,REAL,67532662406,28998,67532691404,67532691404
2025-06-18 23:46:02,REAL,67532691404,22069,67532713473,67532713473
2025-06-18 23:46:04,REAL,67532713473,537,67532714010,67532714010
2025-06-18 23:46:06,REAL,67532714010,541,67532714551,67532714551
2025-06-18 23:46:08,REAL,67532714551,539,67532715090,67532715090
2025-06-18 23:46:10,REAL,67532715090,545,67532715635,67532715635
2025-06-18 23:46:12,REAL,67532715635,537,67532716172,67532716172
2025-06-18 23:46:14,REAL,67532716172,536,67532716708,67532716708
2025-06-18 23:46:16,REAL,67532716708,613,67532717321,67532717321
2025-06-18 23:46:18,REAL,67532717321,601,67532717922,67532717922
2025-06-18 23:46:20,REAL,67532717922,540,67532718462,67532718462
2025-06-18 23:46:22,REAL,67532718462,538,67532719000,67532719000
2025-06-18 23:46:24,REAL,67532719000,540,67532719540,67532719540
2025-06-18 23:46:26,REAL,67532719540,544,67532720084,67532720084
2025-06-18 23:46:28,REAL,67532720084,545,67532720629,67532720629
2025-06-18 23:46:30,REAL,67532720629,615,67532721244,67532721244
2025-06-18 23:46:32,REAL,67532721244,597,67532721841,67532721841
2025-06-18 23:46:34,REAL,67532721841,595,67532722436,67532722436
2025-06-18 23:46:36,REAL,67532722436,594,67532723030,67532723030
2025-06-18 23:46:38,REAL,67532723030,540,67532723570,67532723570
2025-06-18 23:46:40,REAL,67532723570,543,67532724113,67532724113
2025-06-18 23:46:42,REAL,67532724113,541,67532724654,67532724654
2025-06-18 23:46:44,REAL,67532724654,545,67532725199,67532725199
2025-06-18 23:46:46,REAL,67532725199,616,67532725815,67532725815
2025-06-18 23:46:48,REAL,67532725815,539,67532726354,67532726354
2025-06-18 23:46:50,REAL,67532726354,598,67532726952,67532726952
2025-06-18 23:46:52,REAL,67532726952,544,67532727496,67532727496
2025-06-18 23:46:54,REAL,67532727496,534,67532728030,67532728030
2025-06-18 23:46:56,REAL,67532728030,537,67532728567,67532728567
2025-06-18 23:46:58,REAL,67532728567,545,67532729112,67532729112
2025-06-18 23:47:00,REAL,67532729112,609,67532729721,67532729721
2025-06-18 23:47:02,REAL,67532729721,540,67532730261,67532730261
2025-06-18 23:47:04,REAL,67532730261,604,67532730865,67532730865
2025-06-18 23:47:06,REAL,67532730865,597,67532731462,67532731462
2025-06-18 23:47:08,REAL,67532731462,540,67532732002,67532732002
2025-06-18 23:47:10,REAL,67532732002,544,67532732546,67532732546
2025-06-18 23:47:12,REAL,67532732546,539,67532733085,67532733085
2025-06-18 23:47:14,REAL,67532733085,544,67532733629,67532733629
2025-06-18 23:47:16,REAL,67532733629,610,67532734239,67532734239
2025-06-18 23:47:18,REAL,67532734239,530,67532734769,67532734769
2025-06-18 23:47:20,REAL,67532734769,540,67532735309,67532735309
2025-06-18 23:47:22,REAL,67532735309,600,67532735909,67532735909
2025-06-18 23:47:24,REAL,67532735909,601,67532736510,67532736510
2025-06-18 23:47:26,REAL,67532736510,537,67532737047,67532737047
2025-06-18 23:47:28,REAL,67532737047,543,67532737590,67532737590
2025-06-18 23:47:30,REAL,67532737590,614,67532738204,67532738204
2025-06-18 23:47:32,REAL,67532738204,542,67532738746,67532738746
2025-06-18 23:47:34,REAL,67532738746,597,67532739343,67532739343
2025-06-18 23:47:36,REAL,67532739343,540,67532739883,67532739883
2025-06-18 23:47:38,REAL,67532739883,598,67532740481,67532740481
2025-06-18 23:47:40,REAL,67532740481,550,67532741031,67532741031
2025-06-18 23:47:42,REAL,67532741031,540,67532741571,67532741571
2025-06-18 23:47:44,REAL,67532741571,546,67532742117,67532742117
2025-06-18 23:47:46,REAL,67532742117,608,67532742725,67532742725
2025-06-18 23:47:48,REAL,67532742725,541,67532743266,67532743266
2025-06-18 23:47:50,REAL,67532743266,545,67532743811,67532743811
2025-06-18 23:47:52,REAL,67532743811,533,67532744344,67532744344
2025-06-18 23:47:54,REAL,67532744344,599,67532744943,67532744943
2025-06-18 23:47:56,REAL,67532744943,545,67532745488,67532745488
2025-06-18 23:47:58,REAL,67532745488,537,67532746025,67532746025
2025-06-18 23:48:00,REAL,67532746025,615,67532746640,67532746640
2025-06-18 23:48:02,REAL,67532746640,549,67532747189,67532747189
2025-06-18 23:48:04,REAL,67532747189,547,67532747736,67532747736
2025-06-18 23:48:06,REAL,67532747736,590,67532748326,67532748326
2025-06-18 23:48:08,REAL,67532748326,539,67532748865,67532748865
2025-06-18 23:48:10,REAL,67532748865,926,67532749791,67532749791
2025-06-18 23:48:12,REAL,67532749791,277140,67533026931,67533026931
2025-06-18 23:48:14,REAL,67533026931,29152,67533056083,67533056083
2025-06-18 23:48:16,REAL,67533056083,28753,67533084836,67533084836
2025-06-18 23:48:18,REAL,67533084836,29579,67533114415,67533114415
2025-06-18 23:48:20,REAL,67533114415,29250,67533143665,67533143665
2025-06-18 23:48:22,REAL,67533143665,29185,67533172850,67533172850
2025-06-18 23:48:24,REAL,67533172850,29114,67533201964,67533201964
2025-06-18 23:48:26,REAL,67533201964,13803,67533215767,67533215767
2025-06-18 23:48:28,REAL,67533215767,531,67533216298,67533216298
2025-06-18 23:48:30,REAL,67533216298,608,67533216906,67533216906
2025-06-18 23:48:32,REAL,67533216906,547,67533217453,67533217453
2025-06-18 23:48:34,REAL,67533217453,538,67533217991,67533217991
2025-06-18 23:48:36,REAL,67533217991,590,67533218581,67533218581
2025-06-18 23:48:38,REAL,67533218581,532,67533219113,67533219113
2025-06-18 23:48:40,REAL,67533219113,539,67533219652,67533219652
2025-06-18 23:48:42,REAL,67533219652,20852,67533240504,67533240504
2025-06-18 23:48:44,REAL,67533240504,244929,67533485433,67533485433
2025-06-18 23:48:46,REAL,67533485433,29697,67533515130,67533515130
2025-06-18 23:48:48,REAL,67533515130,29429,67533544559,67533544559
2025-06-18 23:48:50,REAL,67533544559,28902,67533573461,67533573461
2025-06-18 23:48:52,REAL,67533573461,29254,67533602715,67533602715
2025-06-18 23:48:54,REAL,67533602715,29735,67533632450,67533632450
2025-06-18 23:48:56,REAL,67533632450,28369,67533660819,67533660819
2025-06-18 23:48:58,REAL,67533660819,11936,67533672755,67533672755
2025-06-18 23:49:00,REAL,67533672755,615,67533673370,67533673370
2025-06-18 23:49:02,REAL,67533673370,541,67533673911,67533673911
2025-06-18 23:49:04,REAL,67533673911,535,67533674446,67533674446
2025-06-18 23:49:06,REAL,67533674446,589,67533675035,67533675035
2025-06-18 23:49:08,REAL,67533675035,539,67533675574,67533675574
2025-06-18 23:49:10,REAL,67533675574,540,67533676114,67533676114
2025-06-18 23:49:12,REAL,67533676114,542,67533676656,67533676656
2025-06-18 23:49:14,REAL,67533676656,47541,67533724197,67533724197
2025-06-18 23:49:16,REAL,67533724197,240120,67533964317,67533964317
2025-06-18 23:49:18,REAL,67533964317,29092,67533993409,67533993409
2025-06-18 23:49:20,REAL,67533993409,29531,67534022940,67534022940
2025-06-18 23:49:22,REAL,67534022940,30049,67534052989,67534052989
2025-06-18 23:49:24,REAL,67534052989,28721,67534081710,67534081710
2025-06-18 23:49:26,REAL,67534081710,29674,67534111384,67534111384
2025-06-18 23:49:28,REAL,67534111384,29444,67534140828,67534140828
2025-06-18 23:49:30,REAL,67534140828,10090,67534150918,67534150918
2025-06-18 23:49:32,REAL,67534150918,612,67534151530,67534151530
2025-06-18 23:49:34,REAL,67534151530,540,67534152070,67534152070
2025-06-18 23:49:36,REAL,67534152070,609,67534152679,67534152679
2025-06-18 23:49:38,REAL,67534152679,539,67534153218,67534153218
2025-06-18 23:49:40,REAL,67534153218,532,67534153750,67534153750
2025-06-18 23:49:42,REAL,67534153750,544,67534154294,67534154294
2025-06-18 23:49:44,REAL,67534154294,533,67534154827,67534154827
2025-06-18 23:49:46,REAL,67534154827,41928,67534196755,67534196755
2025-06-18 23:49:48,REAL,67534196755,227350,67534424105,67534424105
2025-06-18 23:49:50,REAL,67534424105,29349,67534453454,67534453454
2025-06-18 23:49:52,REAL,67534453454,29377,67534482831,67534482831
2025-06-18 23:49:54,REAL,67534482831,28983,67534511814,67534511814
2025-06-18 23:49:56,REAL,67534511814,29467,67534541281,67534541281
2025-06-18 23:49:58,REAL,67534541281,28970,67534570251,67534570251
2025-06-18 23:50:00,REAL,67534570251,29162,67534599413,67534599413
2025-06-18 23:50:02,REAL,67534599413,8230,67534607643,67534607643
2025-06-18 23:50:04,REAL,67534607643,535,67534608178,67534608178
2025-06-18 23:50:06,REAL,67534608178,537,67534608715,67534608715
2025-06-18 23:50:08,REAL,67534608715,538,67534609253,67534609253
2025-06-18 23:50:10,REAL,67534609253,549,67534609802,67534609802
2025-06-18 23:50:12,REAL,67534609802,538,67534610340,67534610340
2025-06-18 23:50:14,REAL,67534610340,538,67534610878,67534610878
2025-06-18 23:50:16,REAL,67534610878,616,67534611494,67534611494
2025-06-18 23:50:18,REAL,67534611494,72400,67534683894,67534683894
2025-06-18 23:50:20,REAL,67534683894,195252,67534879146,67534879146
2025-06-18 23:50:22,REAL,67534879146,29150,67534908296,67534908296
2025-06-18 23:50:24,REAL,67534908296,29236,67534937532,67534937532
2025-06-18 23:50:26,REAL,67534937532,29160,67534966692,67534966692
2025-06-18 23:50:28,REAL,67534966692,29170,67534995862,67534995862
2025-06-18 23:50:30,REAL,67534995862,29642,67535025504,67535025504
2025-06-18 23:50:32,REAL,67535025504,29140,67535054644,67535054644
2025-06-18 23:50:34,REAL,67535054644,6416,67535061060,67535061060
2025-06-18 23:50:36,REAL,67535061060,600,67535061660,67535061660
2025-06-18 23:50:38,REAL,67535061660,595,67535062255,67535062255
2025-06-18 23:50:40,REAL,67535062255,540,67535062795,67535062795
2025-06-18 23:50:42,REAL,67535062795,543,67535063338,67535063338
2025-06-18 23:50:44,REAL,67535063338,541,67535063879,67535063879
2025-06-18 23:50:46,REAL,67535063879,620,67535064499,67535064499
2025-06-18 23:50:48,REAL,67535064499,540,67535065039,67535065039
2025-06-18 23:50:50,REAL,67535065039,539,67535065578,67535065578
2025-06-18 23:50:52,REAL,67535065578,601,67535066179,67535066179
2025-06-18 23:50:54,REAL,67535066179,599,67535066778,67535066778
2025-06-18 23:50:56,REAL,67535066778,303,67535067081,67535067081
2025-06-18 23:50:58,REAL,67535067081,537,67535067618,67535067618
2025-06-18 23:51:00,REAL,67535067618,536,67535068154,67535068154
2025-06-18 23:51:02,REAL,67535068154,612,67535068766,67535068766
2025-06-18 23:51:04,REAL,67535068766,543,67535069309,67535069309
2025-06-18 23:51:06,REAL,67535069309,536,67535069845,67535069845
2025-06-18 23:51:08,REAL,67535069845,538,67535070383,67535070383
2025-06-18 23:51:10,REAL,67535070383,595,67535070978,67535070978
2025-06-18 23:51:12,REAL,67535070978,539,67535071517,67535071517
2025-06-18 23:51:14,REAL,67535071517,592,67535072109,67535072109
2025-06-18 23:51:16,REAL,67535072109,620,67535072729,67535072729
2025-06-18 23:51:18,REAL,67535072729,544,67535073273,67535073273
2025-06-18 23:51:20,REAL,67535073273,541,67535073814,67535073814
2025-06-18 23:51:22,REAL,67535073814,534,67535074348,67535074348
2025-06-18 23:51:24,REAL,67535074348,547,67535074895,67535074895
2025-06-18 23:51:26,REAL,67535074895,598,67535075493,67535075493
2025-06-18 23:51:28,REAL,67535075493,590,67535076083,67535076083
2025-06-18 23:51:30,REAL,67535076083,543,67535076626,67535076626
2025-06-18 23:51:32,REAL,67535076626,613,67535077239,67535077239
2025-06-18 23:51:34,REAL,67535077239,538,67535077777,67535077777
2025-06-18 23:51:36,REAL,67535077777,539,67535078316,67535078316
2025-06-18 23:51:38,REAL,67535078316,537,67535078853,67535078853
2025-06-18 23:51:40,REAL,67535078853,547,67535079400,67535079400
2025-06-18 23:51:42,REAL,67535079400,600,67535080000,67535080000
2025-06-18 23:51:44,REAL,67535080000,537,67535080537,67535080537
2025-06-18 23:51:46,REAL,67535080537,538,67535081075,67535081075
2025-06-18 23:51:48,REAL,67535081075,613,67535081688,67535081688
2025-06-18 23:51:50,REAL,67535081688,541,67535082229,67535082229
2025-06-18 23:51:52,REAL,67535082229,534,67535082763,67535082763
2025-06-18 23:51:54,REAL,67535082763,541,67535083304,67535083304
2025-06-18 23:51:56,REAL,67535083304,547,67535083851,67535083851
2025-06-18 23:51:58,REAL,67535083851,657,67535084508,67535084508
2025-06-18 23:52:00,REAL,67535084508,543,67535085051,67535085051
2025-06-18 23:52:02,REAL,67535085051,670,67535085721,67535085721
2025-06-18 23:52:04,REAL,67535085721,545,67535086266,67535086266
2025-06-18 23:52:06,REAL,67535086266,539,67535086805,67535086805
2025-06-18 23:52:08,REAL,67535086805,533,67535087338,67535087338
2025-06-18 23:52:10,REAL,67535087338,543,67535087881,67535087881
2025-06-18 23:52:12,REAL,67535087881,542,67535088423,67535088423
2025-06-18 23:52:14,REAL,67535088423,598,67535089021,67535089021
2025-06-18 23:52:16,REAL,67535089021,538,67535089559,67535089559
2025-06-18 23:52:18,REAL,67535089559,612,67535090171,67535090171
2025-06-18 23:52:20,REAL,67535090171,541,67535090712,67535090712
2025-06-18 23:52:22,REAL,67535090712,537,67535091249,67535091249
2025-06-18 23:52:24,REAL,67535091249,543,67535091792,67535091792
2025-06-18 23:52:26,REAL,67535091792,547,67535092339,67535092339
2025-06-18 23:52:28,REAL,67535092339,550,67535092889,67535092889
2025-06-18 23:52:30,REAL,67535092889,590,67535093479,67535093479
2025-06-18 23:52:32,REAL,67535093479,616,67535094095,67535094095
2025-06-18 23:52:34,REAL,67535094095,590,67535094685,67535094685
2025-06-18 23:52:36,REAL,67535094685,541,67535095226,67535095226
2025-06-18 23:52:38,REAL,67535095226,543,67535095769,67535095769
2025-06-18 23:52:40,REAL,67535095769,597,67535096366,67535096366
2025-06-18 23:52:42,REAL,67535096366,538,67535096904,67535096904
2025-06-18 23:52:44,REAL,67535096904,547,67535097451,67535097451
2025-06-18 23:52:46,REAL,67535097451,605,67535098056,67535098056
2025-06-18 23:52:48,REAL,67535098056,616,67535098672,67535098672
2025-06-18 23:52:50,REAL,67535098672,542,67535099214,67535099214
2025-06-18 23:52:52,REAL,67535099214,536,67535099750,67535099750
2025-06-18 23:52:54,REAL,67535099750,540,67535100290,67535100290
2025-06-18 23:52:56,REAL,67535100290,533,67535100823,67535100823
2025-06-18 23:52:58,REAL,67535100823,542,67535101365,67535101365
2025-06-18 23:53:00,REAL,67535101365,543,67535101908,67535101908
2025-06-18 23:53:02,REAL,67535101908,674,67535102582,67535102582
2025-06-18 23:53:04,REAL,67535102582,530,67535103112,67535103112
2025-06-18 23:53:06,REAL,67535103112,539,67535103651,67535103651
2025-06-18 23:53:08,REAL,67535103651,541,67535104192,67535104192
2025-06-18 23:53:10,REAL,67535104192,536,67535104728,67535104728
2025-06-18 23:53:12,REAL,67535104728,542,67535105270,67535105270
2025-06-18 23:53:14,REAL,67535105270,534,67535105804,67535105804
2025-06-18 23:53:16,REAL,67535105804,534,67535106338,67535106338
2025-06-18 23:53:18,REAL,67535106338,42270,67535148608,67535148608
2025-06-18 23:53:20,REAL,67535148608,235592,67535384200,67535384200
2025-06-18 23:53:22,REAL,67535384200,28808,67535413008,67535413008
2025-06-18 23:53:24,REAL,67535413008,29039,67535442047,67535442047
2025-06-18 23:53:26,REAL,67535442047,28589,67535470636,67535470636
2025-06-18 23:53:28,REAL,67535470636,29179,67535499815,67535499815
2025-06-18 23:53:30,REAL,67535499815,29064,67535528879,67535528879
2025-06-18 23:53:32,REAL,67535528879,29458,67535558337,67535558337
2025-06-18 23:53:34,REAL,67535558337,10130,67535568467,67535568467
2025-06-18 23:53:36,REAL,67535568467,535,67535569002,67535569002
2025-06-18 23:53:38,REAL,67535569002,532,67535569534,67535569534
2025-06-18 23:53:40,REAL,67535569534,539,67535570073,67535570073
2025-06-18 23:53:42,REAL,67535570073,535,67535570608,67535570608
2025-06-18 23:53:44,REAL,67535570608,545,67535571153,67535571153
2025-06-18 23:53:46,REAL,67535571153,547,67535571700,67535571700
2025-06-18 23:53:48,REAL,67535571700,619,67535572319,67535572319
2025-06-18 23:53:50,REAL,67535572319,601,67535572920,67535572920
2025-06-18 23:53:52,REAL,67535572920,549,67535573469,67535573469
2025-06-18 23:53:54,REAL,67535573469,540,67535574009,67535574009
2025-06-18 23:53:56,REAL,67535574009,547,67535574556,67535574556
2025-06-18 23:53:58,REAL,67535574556,548,67535575104,67535575104
2025-06-18 23:54:00,REAL,67535575104,540,67535575644,67535575644
2025-06-18 23:54:02,REAL,67535575644,666,67535576310,67535576310
2025-06-18 23:54:04,REAL,67535576310,593,67535576903,67535576903
2025-06-18 23:54:06,REAL,67535576903,88958,67535665861,67535665861
2025-06-18 23:54:08,REAL,67535665861,178860,67535844721,67535844721
2025-06-18 23:54:10,REAL,67535844721,29340,67535874061,67535874061
2025-06-18 23:54:12,REAL,67535874061,29223,67535903284,67535903284
2025-06-18 23:54:14,REAL,67535903284,28973,67535932257,67535932257
2025-06-18 23:54:16,REAL,67535932257,28807,67535961064,67535961064
2025-06-18 23:54:18,REAL,67535961064,29148,67535990212,67535990212
2025-06-18 23:54:20,REAL,67535990212,29327,67536019539,67536019539
2025-06-18 23:54:22,REAL,67536019539,7858,67536027397,67536027397
2025-06-18 23:54:24,REAL,67536027397,539,67536027936,67536027936
2025-06-18 23:54:26,REAL,67536027936,543,67536028479,67536028479
2025-06-18 23:54:28,REAL,67536028479,537,67536029016,67536029016
2025-06-18 23:54:30,REAL,67536029016,537,67536029553,67536029553
2025-06-18 23:54:32,REAL,67536029553,610,67536030163,67536030163
2025-06-18 23:54:34,REAL,67536030163,541,67536030704,67536030704
2025-06-18 23:54:36,REAL,67536030704,538,67536031242,67536031242
2025-06-18 23:54:38,REAL,67536031242,600,67536031842,67536031842
2025-06-18 23:54:40,REAL,67536031842,545,67536032387,67536032387
2025-06-18 23:54:42,REAL,67536032387,598,67536032985,67536032985
2025-06-18 23:54:44,REAL,67536032985,535,67536033520,67536033520
2025-06-18 23:54:46,REAL,67536033520,536,67536034056,67536034056
2025-06-18 23:54:48,REAL,67536034056,620,67536034676,67536034676
2025-06-18 23:54:50,REAL,67536034676,542,67536035218,67536035218
2025-06-18 23:54:52,REAL,67536035218,590,67536035808,67536035808
2025-06-18 23:54:54,REAL,67536035808,603,67536036411,67536036411
2025-06-18 23:54:56,REAL,67536036411,540,67536036951,67536036951
2025-06-18 23:54:58,REAL,67536036951,539,67536037490,67536037490
2025-06-18 23:55:00,REAL,67536037490,548,67536038038,67536038038
2025-06-18 23:55:02,REAL,67536038038,621,67536038659,67536038659
2025-06-18 23:55:04,REAL,67536038659,540,67536039199,67536039199
2025-06-18 23:55:06,REAL,67536039199,543,67536039742,67536039742
2025-06-18 23:55:08,REAL,67536039742,544,67536040286,67536040286
2025-06-18 23:55:10,REAL,67536040286,656,67536040942,67536040942
2025-06-18 23:55:12,REAL,67536040942,604,67536041546,67536041546
2025-06-18 23:55:14,REAL,67536041546,609,67536042155,67536042155
2025-06-18 23:55:16,REAL,67536042155,597,67536042752,67536042752
2025-06-18 23:55:18,REAL,67536042752,620,67536043372,67536043372
2025-06-18 23:55:20,REAL,67536043372,536,67536043908,67536043908
2025-06-18 23:55:22,REAL,67536043908,532,67536044440,67536044440
2025-06-18 23:55:24,REAL,67536044440,539,67536044979,67536044979
2025-06-18 23:55:26,REAL,67536044979,532,67536045511,67536045511
2025-06-18 23:55:28,REAL,67536045511,549,67536046060,67536046060
2025-06-18 23:55:30,REAL,67536046060,602,67536046662,67536046662
2025-06-18 23:55:32,REAL,67536046662,239823,67536286485,67536286485
2025-06-18 23:55:34,REAL,67536286485,37439,67536323924,67536323924
2025-06-18 23:55:36,REAL,67536323924,29528,67536353452,67536353452
2025-06-18 23:55:38,REAL,67536353452,29237,67536382689,67536382689
2025-06-18 23:55:40,REAL,67536382689,29358,67536412047,67536412047
2025-06-18 23:55:42,REAL,67536412047,28931,67536440978,67536440978
2025-06-18 23:55:44,REAL,67536440978,29009,67536469987,67536469987
2025-06-18 23:55:46,REAL,67536469987,17241,67536487228,67536487228
2025-06-18 23:55:48,REAL,67536487228,664,67536487892,67536487892
2025-06-18 23:55:50,REAL,67536487892,531,67536488423,67536488423
2025-06-18 23:55:52,REAL,67536488423,548,67536488971,67536488971
2025-06-18 23:55:54,REAL,67536488971,540,67536489511,67536489511
2025-06-18 23:55:56,REAL,67536489511,541,67536490052,67536490052
2025-06-18 23:55:58,REAL,67536490052,550,67536490602,67536490602
2025-06-18 23:56:00,REAL,67536490602,538,67536491140,67536491140
2025-06-18 23:56:02,REAL,67536491140,672,67536491812,67536491812
2025-06-18 23:56:04,REAL,67536491812,545,67536492357,67536492357
2025-06-18 23:56:06,REAL,67536492357,541,67536492898,67536492898
2025-06-18 23:56:08,REAL,67536492898,541,67536493439,67536493439
2025-06-18 23:56:10,REAL,67536493439,541,67536493980,67536493980
2025-06-18 23:56:12,REAL,67536493980,539,67536494519,67536494519
2025-06-18 23:56:14,REAL,67536494519,544,67536495063,67536495063
2025-06-18 23:56:16,REAL,67536495063,547,67536495610,67536495610
2025-06-18 23:56:18,REAL,67536495610,737,67536496347,67536496347
2025-06-18 23:56:20,REAL,67536496347,593,67536496940,67536496940
2025-06-18 23:56:22,REAL,67536496940,546,67536497486,67536497486
2025-06-18 23:56:24,REAL,67536497486,533,67536498019,67536498019
2025-06-18 23:56:26,REAL,67536498019,537,67536498556,67536498556
2025-06-18 23:56:28,REAL,67536498556,543,67536499099,67536499099
2025-06-18 23:56:30,REAL,67536499099,538,67536499637,67536499637
2025-06-18 23:56:32,REAL,67536499637,612,67536500249,67536500249
2025-06-18 23:56:34,REAL,67536500249,602,67536500851,67536500851
2025-06-18 23:56:36,REAL,67536500851,543,67536501394,67536501394
2025-06-18 23:56:38,REAL,67536501394,537,67536501931,67536501931
2025-06-18 23:56:40,REAL,67536501931,539,67536502470,67536502470
2025-06-18 23:56:42,REAL,67536502470,538,67536503008,67536503008
2025-06-18 23:56:44,REAL,67536503008,541,67536503549,67536503549
2025-06-18 23:56:46,REAL,67536503549,546,67536504095,67536504095
2025-06-18 23:56:48,REAL,67536504095,620,67536504715,67536504715
2025-06-18 23:56:50,REAL,67536504715,661,67536505376,67536505376
2025-06-18 23:56:52,REAL,67536505376,601,67536505977,67536505977
2025-06-18 23:56:54,REAL,67536505977,659,67536506636,67536506636
2025-06-18 23:56:56,REAL,67536506636,541,67536507177,67536507177
2025-06-18 23:56:58,REAL,67536507177,539,67536507716,67536507716
2025-06-18 23:57:00,REAL,67536507716,550,67536508266,67536508266
2025-06-18 23:57:02,REAL,67536508266,614,67536508880,67536508880
2025-06-18 23:57:04,REAL,67536508880,600,67536509480,67536509480
2025-06-18 23:57:06,REAL,67536509480,546,67536510026,67536510026
2025-06-18 23:57:08,REAL,67536510026,542,67536510568,67536510568
2025-06-18 23:57:10,REAL,67536510568,597,67536511165,67536511165
2025-06-18 23:57:12,REAL,67536511165,598,67536511763,67536511763
2025-06-18 23:57:14,REAL,67536511763,599,67536512362,67536512362
2025-06-18 23:57:16,REAL,67536512362,594,67536512956,67536512956
2025-06-18 23:57:18,REAL,67536512956,609,67536513565,67536513565
2025-06-18 23:57:20,REAL,67536513565,546,67536514111,67536514111
2025-06-18 23:57:22,REAL,67536514111,543,67536514654,67536514654
2025-06-18 23:57:24,REAL,67536514654,541,67536515195,67536515195
2025-06-18 23:57:26,REAL,67536515195,589,67536515784,67536515784
2025-06-18 23:57:28,REAL,67536515784,539,67536516323,67536516323
2025-06-18 23:57:30,REAL,67536516323,543,67536516866,67536516866
2025-06-18 23:57:32,REAL,67536516866,30199,67536547065,67536547065
2025-06-18 23:57:34,REAL,67536547065,228099,67536775164,67536775164
2025-06-18 23:57:36,REAL,67536775164,28402,67536803566,67536803566
2025-06-18 23:57:38,REAL,67536803566,29661,67536833227,67536833227
2025-06-18 23:57:40,REAL,67536833227,29088,67536862315,67536862315
2025-06-18 23:57:42,REAL,67536862315,29012,67536891327,67536891327
2025-06-18 23:57:44,REAL,67536891327,29648,67536920975,67536920975
2025-06-18 23:57:46,REAL,67536920975,29462,67536950437,67536950437
2025-06-18 23:57:48,REAL,67536950437,10825,67536961262,67536961262
2025-06-18 23:57:50,REAL,67536961262,539,67536961801,67536961801
2025-06-18 23:57:52,REAL,67536961801,544,67536962345,67536962345
2025-06-18 23:57:54,REAL,67536962345,544,67536962889,67536962889
2025-06-18 23:57:56,REAL,67536962889,535,67536963424,67536963424
2025-06-18 23:57:58,REAL,67536963424,546,67536963970,67536963970
2025-06-18 23:58:00,REAL,67536963970,597,67536964567,67536964567
2025-06-18 23:58:02,REAL,67536964567,541,67536965108,67536965108
2025-06-18 23:58:04,REAL,67536965108,679,67536965787,67536965787
2025-06-18 23:58:06,REAL,67536965787,545,67536966332,67536966332
2025-06-18 23:58:08,REAL,67536966332,534,67536966866,67536966866
2025-06-18 23:58:10,REAL,67536966866,543,67536967409,67536967409
2025-06-18 23:58:12,REAL,67536967409,539,67536967948,67536967948
2025-06-18 23:58:14,REAL,67536967948,548,67536968496,67536968496
2025-06-18 23:58:16,REAL,67536968496,536,67536969032,67536969032
2025-06-18 23:58:18,REAL,67536969032,672,67536969704,67536969704
2025-06-18 23:58:20,REAL,67536969704,58216,67537027920,67537027920
2025-06-18 23:58:22,REAL,67537027920,194541,67537222461,67537222461
2025-06-18 23:58:24,REAL,67537222461,29021,67537251482,67537251482
2025-06-18 23:58:26,REAL,67537251482,29271,67537280753,67537280753
2025-06-18 23:58:28,REAL,67537280753,28800,67537309553,67537309553
2025-06-18 23:58:30,REAL,67537309553,29278,67537338831,67537338831
2025-06-18 23:58:32,REAL,67537338831,29016,67537367847,67537367847
2025-06-18 23:58:34,REAL,67537367847,29488,67537397335,67537397335
2025-06-18 23:58:36,REAL,67537397335,7973,67537405308,67537405308
2025-06-18 23:58:38,REAL,67537405308,540,67537405848,67537405848
2025-06-18 23:58:40,REAL,67537405848,539,67537406387,67537406387
2025-06-18 23:58:42,REAL,67537406387,599,67537406986,67537406986
2025-06-18 23:58:44,REAL,67537406986,533,67537407519,67537407519
2025-06-18 23:58:46,REAL,67537407519,537,67537408056,67537408056
2025-06-18 23:58:48,REAL,67537408056,608,67537408664,67537408664
2025-06-18 23:58:50,REAL,67537408664,532,67537409196,67537409196
2025-06-18 23:58:52,REAL,67537409196,77352,67537486548,67537486548
2025-06-18 23:58:54,REAL,67537486548,184108,67537670656,67537670656
2025-06-18 23:58:56,REAL,67537670656,29158,67537699814,67537699814
2025-06-18 23:58:58,REAL,67537699814,29628,67537729442,67537729442
2025-06-18 23:59:00,REAL,67537729442,28713,67537758155,67537758155
2025-06-18 23:59:02,REAL,67537758155,29543,67537787698,67537787698
2025-06-18 23:59:04,REAL,67537787698,29702,67537817400,67537817400
2025-06-18 23:59:06,REAL,67537817400,29007,67537846407,67537846407
2025-06-18 23:59:08,REAL,67537846407,5872,67537852279,67537852279
2025-06-18 23:59:10,REAL,67537852279,531,67537852810,67537852810
2025-06-18 23:59:12,REAL,67537852810,542,67537853352,67537853352
2025-06-18 23:59:14,REAL,67537853352,594,67537853946,67537853946
2025-06-18 23:59:16,REAL,67537853946,539,67537854485,67537854485
2025-06-18 23:59:18,REAL,67537854485,613,67537855098,67537855098
2025-06-18 23:59:20,REAL,67537855098,534,67537855632,67537855632
2025-06-18 23:59:22,REAL,67537855632,539,67537856171,67537856171
2025-06-18 23:59:24,REAL,67537856171,660,67537856831,67537856831
2025-06-18 23:59:26,REAL,67537856831,606,67537857437,67537857437
2025-06-18 23:59:28,REAL,67537857437,600,67537858037,67537858037
2025-06-18 23:59:30,REAL,67537858037,541,67537858578,67537858578
2025-06-18 23:59:32,REAL,67537858578,534,67537859112,67537859112
2025-06-18 23:59:34,REAL,67537859112,670,67537859782,67537859782
2025-06-18 23:59:36,REAL,67537859782,547,67537860329,67537860329
2025-06-18 23:59:38,REAL,67537860329,536,67537860865,67537860865
2025-06-18 23:59:40,REAL,67537860865,547,67537861412,67537861412
2025-06-18 23:59:42,REAL,67537861412,543,67537861955,67537861955
2025-06-18 23:59:44,REAL,67537861955,596,67537862551,67537862551
2025-06-18 23:59:46,REAL,67537862551,534,67537863085,67537863085
2025-06-18 23:59:48,REAL,67537863085,542,67537863627,67537863627
2025-06-18 23:59:50,REAL,67537863627,673,67537864300,67537864300
2025-06-18 23:59:52,REAL,67537864300,544,67537864844,67537864844
2025-06-18 23:59:54,REAL,67537864844,535,67537865379,67537865379
2025-06-18 23:59:56,REAL,67537865379,592,67537865971,67537865971
2025-06-18 23:59:58,REAL,67537865971,547,67537866518,67537866518
2025-06-19 00:00:00,REAL,67537866518,606,67537867124,67537867124
2025-06-19 00:00:02,REAL,67537867124,531,67537867655,67537867655
2025-06-19 00:00:04,REAL,67537867655,622,67537868277,67537868277
2025-06-19 00:00:06,REAL,67537868277,541,67537868818,67537868818
2025-06-19 00:00:08,REAL,67537868818,543,67537869361,67537869361
2025-06-19 00:00:10,REAL,67537869361,540,67537869901,67537869901
2025-06-19 00:00:12,REAL,67537869901,537,67537870438,67537870438
2025-06-19 00:00:14,REAL,67537870438,540,67537870978,67537870978
2025-06-19 00:00:16,REAL,67537870978,601,67537871579,67537871579
2025-06-19 00:00:18,REAL,67537871579,658,67537872237,67537872237
2025-06-19 00:00:20,REAL,67537872237,672,67537872909,67537872909
2025-06-19 00:00:22,REAL,67537872909,595,67537873504,67537873504
2025-06-19 00:00:24,REAL,67537873504,541,67537874045,67537874045
2025-06-19 00:00:26,REAL,67537874045,545,67537874590,67537874590
2025-06-19 00:00:28,REAL,67537874590,548,67537875138,67537875138
2025-06-19 00:00:30,REAL,67537875138,540,67537875678,67537875678
2025-06-19 00:00:32,REAL,67537875678,537,67537876215,67537876215
2025-06-19 00:00:34,REAL,67537876215,671,67537876886,67537876886
2025-06-19 00:00:36,REAL,67537876886,543,67537877429,67537877429
2025-06-19 00:00:38,REAL,67537877429,135816,67538013245,67538013245
2025-06-19 00:00:40,REAL,67538013245,124713,67538137958,67538137958
2025-06-19 00:00:42,REAL,67538137958,29155,67538167113,67538167113
2025-06-19 00:00:44,REAL,67538167113,29180,67538196293,67538196293
2025-06-19 00:00:46,REAL,67538196293,28915,67538225208,67538225208
2025-06-19 00:00:48,REAL,67538225208,29416,67538254624,67538254624
2025-06-19 00:00:50,REAL,67538254624,29542,67538284166,67538284166
2025-06-19 00:00:52,REAL,67538284166,28669,67538312835,67538312835
2025-06-19 00:00:54,REAL,67538312835,602,67538313437,67538313437
2025-06-19 00:00:56,REAL,67538313437,535,67538313972,67538313972
2025-06-19 00:00:58,REAL,67538313972,538,67538314510,67538314510
2025-06-19 00:01:00,REAL,67538314510,588,67538315098,67538315098
2025-06-19 00:01:02,REAL,67538315098,537,67538315635,67538315635
2025-06-19 00:01:04,REAL,67538315635,618,67538316253,67538316253
2025-06-19 00:01:06,REAL,67538316253,543,67538316796,67538316796
2025-06-19 00:01:08,REAL,67538316796,603,67538317399,67538317399
2025-06-19 00:01:10,REAL,67538317399,124880,67538442279,67538442279
2025-06-19 00:01:12,REAL,67538442279,117779,67538560058,67538560058
2025-06-19 00:01:14,REAL,67538560058,28903,67538588961,67538588961
2025-06-19 00:01:16,REAL,67538588961,29056,67538618017,67538618017
2025-06-19 00:01:18,REAL,67538618017,28481,67538646498,67538646498
2025-06-19 00:01:20,REAL,67538646498,29494,67538675992,67538675992
2025-06-19 00:01:22,REAL,67538675992,29634,67538705626,67538705626
2025-06-19 00:01:24,REAL,67538705626,27100,67538732726,67538732726
2025-06-19 00:01:26,REAL,67538732726,544,67538733270,67538733270
2025-06-19 00:01:28,REAL,67538733270,540,67538733810,67538733810
2025-06-19 00:01:30,REAL,67538733810,537,67538734347,67538734347
2025-06-19 00:01:32,REAL,67538734347,595,67538734942,67538734942
2025-06-19 00:01:34,REAL,67538734942,622,67538735564,67538735564
2025-06-19 00:01:36,REAL,67538735564,542,67538736106,67538736106
2025-06-19 00:01:38,REAL,67538736106,533,67538736639,67538736639
2025-06-19 00:01:40,REAL,67538736639,596,67538737235,67538737235
2025-06-19 00:01:42,REAL,67538737235,175311,67538912546,67538912546
2025-06-19 00:01:44,REAL,67538912546,111536,67539024082,67539024082
2025-06-19 00:01:46,REAL,67539024082,29071,67539053153,67539053153
2025-06-19 00:01:48,REAL,67539053153,29373,67539082526,67539082526
2025-06-19 00:01:50,REAL,67539082526,29434,67539111960,67539111960
2025-06-19 00:01:52,REAL,67539111960,28929,67539140889,67539140889
2025-06-19 00:01:54,REAL,67539140889,29129,67539170018,67539170018
2025-06-19 00:01:56,REAL,67539170018,25070,67539195088,67539195088
2025-06-19 00:01:58,REAL,67539195088,543,67539195631,67539195631
2025-06-19 00:02:00,REAL,67539195631,541,67539196172,67539196172
2025-06-19 00:02:02,REAL,67539196172,601,67539196773,67539196773
2025-06-19 00:02:04,REAL,67539196773,669,67539197442,67539197442
2025-06-19 00:02:06,REAL,67539197442,546,67539197988,67539197988
2025-06-19 00:02:08,REAL,67539197988,532,67539198520,67539198520
2025-06-19 00:02:10,REAL,67539198520,539,67539199059,67539199059
2025-06-19 00:02:12,REAL,67539199059,592,67539199651,67539199651
2025-06-19 00:02:14,REAL,67539199651,536,67539200187,67539200187
2025-06-19 00:02:16,REAL,67539200187,543,67539200730,67539200730
2025-06-19 00:02:18,REAL,67539200730,532,67539201262,67539201262
2025-06-19 00:02:20,REAL,67539201262,609,67539201871,67539201871
2025-06-19 00:02:22,REAL,67539201871,537,67539202408,67539202408
2025-06-19 00:02:24,REAL,67539202408,592,67539203000,67539203000
2025-06-19 00:02:26,REAL,67539203000,538,67539203538,67539203538
2025-06-19 00:02:28,REAL,67539203538,599,67539204137,67539204137
2025-06-19 00:02:30,REAL,67539204137,535,67539204672,67539204672
2025-06-19 00:02:32,REAL,67539204672,530,67539205202,67539205202
2025-06-19 00:02:34,REAL,67539205202,531,67539205733,67539205733
2025-06-19 00:02:36,REAL,67539205733,610,67539206343,67539206343
2025-06-19 00:02:38,REAL,67539206343,530,67539206873,67539206873
2025-06-19 00:02:40,REAL,67539206873,537,67539207410,67539207410
2025-06-19 00:02:42,REAL,67539207410,540,67539207950,67539207950
2025-06-19 00:02:44,REAL,67539207950,662,67539208612,67539208612
2025-06-19 00:02:46,REAL,67539208612,533,67539209145,67539209145
2025-06-19 00:02:48,REAL,67539209145,546,67539209691,67539209691
2025-06-19 00:02:50,REAL,67539209691,674,67539210365,67539210365
2025-06-19 00:02:52,REAL,67539210365,532,67539210897,67539210897
2025-06-19 00:02:54,REAL,67539210897,543,67539211440,67539211440
2025-06-19 00:02:56,REAL,67539211440,530,67539211970,67539211970
2025-06-19 00:02:58,REAL,67539211970,544,67539212514,67539212514
2025-06-19 00:03:00,REAL,67539212514,606,67539213120,67539213120
2025-06-19 00:03:02,REAL,67539213120,542,67539213662,67539213662
2025-06-19 00:03:04,REAL,67539213662,535,67539214197,67539214197
2025-06-19 00:03:06,REAL,67539214197,615,67539214812,67539214812
2025-06-19 00:03:08,REAL,67539214812,541,67539215353,67539215353
2025-06-19 00:03:10,REAL,67539215353,540,67539215893,67539215893
2025-06-19 00:03:12,REAL,67539215893,547,67539216440,67539216440
2025-06-19 00:03:14,REAL,67539216440,541,67539216981,67539216981
2025-06-19 00:03:16,REAL,67539216981,658,67539217639,67539217639
2025-06-19 00:03:18,REAL,67539217639,534,67539218173,67539218173
2025-06-19 00:03:20,REAL,67539218173,621,67539218794,67539218794
2025-06-19 00:03:22,REAL,67539218794,534,67539219328,67539219328
2025-06-19 00:03:24,REAL,67539219328,546,67539219874,67539219874
2025-06-19 00:03:26,REAL,67539219874,542,67539220416,67539220416
2025-06-19 00:03:28,REAL,67539220416,539,67539220955,67539220955
2025-06-19 00:03:30,REAL,67539220955,539,67539221494,67539221494
2025-06-19 00:03:32,REAL,67539221494,591,67539222085,67539222085
2025-06-19 00:03:34,REAL,67539222085,592,67539222677,67539222677
2025-06-19 00:03:36,REAL,67539222677,616,67539223293,67539223293
2025-06-19 00:03:38,REAL,67539223293,535,67539223828,67539223828
2025-06-19 00:03:40,REAL,67539223828,543,67539224371,67539224371
2025-06-19 00:03:42,REAL,67539224371,542,67539224913,67539224913
2025-06-19 00:03:44,REAL,67539224913,532,67539225445,67539225445
2025-06-19 00:03:46,REAL,67539225445,537,67539225982,67539225982
2025-06-19 00:03:48,REAL,67539225982,598,67539226580,67539226580
2025-06-19 00:03:50,REAL,67539226580,254042,67539480622,67539480622
2025-06-19 00:03:52,REAL,67539480622,36864,67539517486,67539517486
2025-06-19 00:03:54,REAL,67539517486,29014,67539546500,67539546500
2025-06-19 00:03:56,REAL,67539546500,29273,67539575773,67539575773
2025-06-19 00:03:58,REAL,67539575773,29052,67539604825,67539604825
2025-06-19 00:04:00,REAL,67539604825,29271,67539634096,67539634096
2025-06-19 00:04:02,REAL,67539634096,29179,67539663275,67539663275
2025-06-19 00:04:04,REAL,67539663275,17871,67539681146,67539681146
2025-06-19 00:04:06,REAL,67539681146,616,67539681762,67539681762
2025-06-19 00:04:08,REAL,67539681762,542,67539682304,67539682304
2025-06-19 00:04:10,REAL,67539682304,541,67539682845,67539682845
2025-06-19 00:04:12,REAL,67539682845,533,67539683378,67539683378
2025-06-19 00:04:14,REAL,67539683378,532,67539683910,67539683910
2025-06-19 00:04:16,REAL,67539683910,544,67539684454,67539684454
2025-06-19 00:04:18,REAL,67539684454,535,67539684989,67539684989
2025-06-19 00:04:20,REAL,67539684989,730,67539685719,67539685719
2025-06-19 00:04:22,REAL,67539685719,249086,67539934805,67539934805
2025-06-19 00:04:24,REAL,67539934805,29415,67539964220,67539964220
2025-06-19 00:04:26,REAL,67539964220,28997,67539993217,67539993217
2025-06-19 00:04:28,REAL,67539993217,29282,67540022499,67540022499
2025-06-19 00:04:30,REAL,67540022499,29136,67540051635,67540051635
2025-06-19 00:04:32,REAL,67540051635,28958,67540080593,67540080593
2025-06-19 00:04:34,REAL,67540080593,29155,67540109748,67540109748
2025-06-19 00:04:36,REAL,67540109748,15943,67540125691,67540125691
2025-06-19 00:04:38,REAL,67540125691,532,67540126223,67540126223
2025-06-19 00:04:40,REAL,67540126223,533,67540126756,67540126756
2025-06-19 00:04:42,REAL,67540126756,542,67540127298,67540127298
2025-06-19 00:04:44,REAL,67540127298,606,67540127904,67540127904
2025-06-19 00:04:46,REAL,67540127904,539,67540128443,67540128443
2025-06-19 00:04:48,REAL,67540128443,540,67540128983,67540128983
2025-06-19 00:04:50,REAL,67540128983,615,67540129598,67540129598
2025-06-19 00:04:52,REAL,67540129598,670,67540130268,67540130268
2025-06-19 00:04:54,REAL,67540130268,600,67540130868,67540130868
2025-06-19 00:04:56,REAL,67540130868,546,67540131414,67540131414
2025-06-19 00:04:58,REAL,67540131414,538,67540131952,67540131952
2025-06-19 00:05:00,REAL,67540131952,534,67540132486,67540132486
2025-06-19 00:05:02,REAL,67540132486,540,67540133026,67540133026
2025-06-19 00:05:04,REAL,67540133026,594,67540133620,67540133620
2025-06-19 00:05:06,REAL,67540133620,618,67540134238,67540134238
2025-06-19 00:05:08,REAL,67540134238,602,67540134840,67540134840
2025-06-19 00:05:10,REAL,67540134840,546,67540135386,67540135386
2025-06-19 00:05:12,REAL,67540135386,541,67540135927,67540135927
2025-06-19 00:05:14,REAL,67540135927,545,67540136472,67540136472
2025-06-19 00:05:16,REAL,67540136472,546,67540137018,67540137018
2025-06-19 00:05:18,REAL,67540137018,541,67540137559,67540137559
2025-06-19 00:05:20,REAL,67540137559,623,67540138182,67540138182
2025-06-19 00:05:22,REAL,67540138182,546,67540138728,67540138728
2025-06-19 00:05:24,REAL,67540138728,598,67540139326,67540139326
2025-06-19 00:05:26,REAL,67540139326,534,67540139860,67540139860
2025-06-19 00:05:28,REAL,67540139860,594,67540140454,67540140454
2025-06-19 00:05:30,REAL,67540140454,534,67540140988,67540140988
2025-06-19 00:05:32,REAL,67540140988,534,67540141522,67540141522
2025-06-19 00:05:34,REAL,67540141522,540,67540142062,67540142062
2025-06-19 00:05:36,REAL,67540142062,612,67540142674,67540142674
2025-06-19 00:05:38,REAL,67540142674,540,67540143214,67540143214
2025-06-19 00:05:40,REAL,67540143214,20891,67540164105,67540164105
2025-06-19 00:05:42,REAL,67540164105,263117,67540427222,67540427222
2025-06-19 00:05:44,REAL,67540427222,29179,67540456401,67540456401
2025-06-19 00:05:46,REAL,67540456401,28702,67540485103,67540485103
2025-06-19 00:05:48,REAL,67540485103,29170,67540514273,67540514273
2025-06-19 00:05:50,REAL,67540514273,29904,67540544177,67540544177
2025-06-19 00:05:52,REAL,67540544177,29379,67540573556,67540573556
2025-06-19 00:05:54,REAL,67540573556,29216,67540602772,67540602772
2025-06-19 00:05:56,REAL,67540602772,11972,67540614744,67540614744
2025-06-19 00:05:58,REAL,67540614744,548,67540615292,67540615292
2025-06-19 00:06:00,REAL,67540615292,544,67540615836,67540615836
2025-06-19 00:06:02,REAL,67540615836,537,67540616373,67540616373
2025-06-19 00:06:04,REAL,67540616373,537,67540616910,67540616910
2025-06-19 00:06:06,REAL,67540616910,615,67540617525,67540617525
2025-06-19 00:06:08,REAL,67540617525,533,67540618058,67540618058
2025-06-19 00:06:10,REAL,67540618058,534,67540618592,67540618592
2025-06-19 00:06:12,REAL,67540618592,44014,67540662606,67540662606
2025-06-19 00:06:14,REAL,67540662606,235126,67540897732,67540897732
2025-06-19 00:06:16,REAL,67540897732,29261,67540926993,67540926993
2025-06-19 00:06:18,REAL,67540926993,29450,67540956443,67540956443
2025-06-19 00:06:20,REAL,67540956443,29369,67540985812,67540985812
2025-06-19 00:06:22,REAL,67540985812,29135,67541014947,67541014947
2025-06-19 00:06:24,REAL,67541014947,29784,67541044731,67541044731
2025-06-19 00:06:26,REAL,67541044731,28990,67541073721,67541073721
2025-06-19 00:06:28,REAL,67541073721,9536,67541083257,67541083257
2025-06-19 00:06:30,REAL,67541083257,532,67541083789,67541083789
2025-06-19 00:06:32,REAL,67541083789,533,67541084322,67541084322
2025-06-19 00:06:34,REAL,67541084322,541,67541084863,67541084863
2025-06-19 00:06:36,REAL,67541084863,608,67541085471,67541085471
2025-06-19 00:06:38,REAL,67541085471,540,67541086011,67541086011
2025-06-19 00:06:40,REAL,67541086011,544,67541086555,67541086555
2025-06-19 00:06:42,REAL,67541086555,545,67541087100,67541087100
2025-06-19 00:06:44,REAL,67541087100,60201,67541147301,67541147301
2025-06-19 00:06:46,REAL,67541147301,210346,67541357647,67541357647
2025-06-19 00:06:48,REAL,67541357647,29220,67541386867,67541386867
2025-06-19 00:06:50,REAL,67541386867,29215,67541416082,67541416082
2025-06-19 00:06:52,REAL,67541416082,29229,67541445311,67541445311
2025-06-19 00:06:54,REAL,67541445311,29473,67541474784,67541474784
2025-06-19 00:06:56,REAL,67541474784,29390,67541504174,67541504174
2025-06-19 00:06:58,REAL,67541504174,29046,67541533220,67541533220
2025-06-19 00:07:00,REAL,67541533220,7607,67541540827,67541540827
2025-06-19 00:07:02,REAL,67541540827,599,67541541426,67541541426
2025-06-19 00:07:04,REAL,67541541426,545,67541541971,67541541971
2025-06-19 00:07:06,REAL,67541541971,621,67541542592,67541542592
2025-06-19 00:07:08,REAL,67541542592,542,67541543134,67541543134
2025-06-19 00:07:10,REAL,67541543134,547,67541543681,67541543681
2025-06-19 00:07:12,REAL,67541543681,534,67541544215,67541544215
2025-06-19 00:07:14,REAL,67541544215,539,67541544754,67541544754
2025-06-19 00:07:16,REAL,67541544754,660,67541545414,67541545414
2025-06-19 00:07:18,REAL,67541545414,665,67541546079,67541546079
2025-06-19 00:07:20,REAL,67541546079,673,67541546752,67541546752
2025-06-19 00:07:22,REAL,67541546752,547,67541547299,67541547299
2025-06-19 00:07:24,REAL,67541547299,534,67541547833,67541547833
2025-06-19 00:07:26,REAL,67541547833,540,67541548373,67541548373
2025-06-19 00:07:28,REAL,67541548373,540,67541548913,67541548913
2025-06-19 00:07:30,REAL,67541548913,536,67541549449,67541549449
2025-06-19 00:07:32,REAL,67541549449,530,67541549979,67541549979
2025-06-19 00:07:34,REAL,67541549979,542,67541550521,67541550521
2025-06-19 00:07:36,REAL,67541550521,681,67541551202,67541551202
2025-06-19 00:07:38,REAL,67541551202,535,67541551737,67541551737
2025-06-19 00:07:40,REAL,67541551737,533,67541552270,67541552270
2025-06-19 00:07:42,REAL,67541552270,600,67541552870,67541552870
2025-06-19 00:07:44,REAL,67541552870,542,67541553412,67541553412
2025-06-19 00:07:46,REAL,67541553412,538,67541553950,67541553950
2025-06-19 00:07:48,REAL,67541553950,545,67541554495,67541554495
2025-06-19 00:07:50,REAL,67541554495,668,67541555163,67541555163
2025-06-19 00:07:52,REAL,67541555163,595,67541555758,67541555758
2025-06-19 00:07:54,REAL,67541555758,536,67541556294,67541556294
2025-06-19 00:07:56,REAL,67541556294,540,67541556834,67541556834
2025-06-19 00:07:58,REAL,67541556834,293,67541557127,67541557127
2025-06-19 00:08:00,REAL,67541557127,541,67541557668,67541557668
2025-06-19 00:08:02,REAL,67541557668,548,67541558216,67541558216
2025-06-19 00:08:04,REAL,67541558216,531,67541558747,67541558747
2025-06-19 00:08:06,REAL,67541558747,616,67541559363,67541559363
2025-06-19 00:08:08,REAL,67541559363,596,67541559959,67541559959
2025-06-19 00:08:10,REAL,67541559959,236716,67541796675,67541796675
2025-06-19 00:08:12,REAL,67541796675,36205,67541832880,67541832880
2025-06-19 00:08:14,REAL,67541832880,29360,67541862240,67541862240
2025-06-19 00:08:16,REAL,67541862240,28712,67541890952,67541890952
2025-06-19 00:08:18,REAL,67541890952,28459,67541919411,67541919411
2025-06-19 00:08:20,REAL,67541919411,28787,67541948198,67541948198
2025-06-19 00:08:22,REAL,67541948198,28968,67541977166,67541977166
2025-06-19 00:08:24,REAL,67541977166,17567,67541994733,67541994733
2025-06-19 00:08:26,REAL,67541994733,546,67541995279,67541995279
2025-06-19 00:08:28,REAL,67541995279,543,67541995822,67541995822
2025-06-19 00:08:30,REAL,67541995822,541,67541996363,67541996363
2025-06-19 00:08:32,REAL,67541996363,537,67541996900,67541996900
2025-06-19 00:08:34,REAL,67541996900,536,67541997436,67541997436
2025-06-19 00:08:36,REAL,67541997436,618,67541998054,67541998054
2025-06-19 00:08:38,REAL,67541998054,593,67541998647,67541998647
2025-06-19 00:08:40,REAL,67541998647,603,67541999250,67541999250
2025-06-19 00:08:42,REAL,67541999250,546,67541999796,67541999796
2025-06-19 00:08:44,REAL,67541999796,538,67542000334,67542000334
2025-06-19 00:08:46,REAL,67542000334,534,67542000868,67542000868
2025-06-19 00:08:48,REAL,67542000868,542,67542001410,67542001410
2025-06-19 00:08:50,REAL,67542001410,620,67542002030,67542002030
2025-06-19 00:08:52,REAL,67542002030,539,67542002569,67542002569
2025-06-19 00:08:54,REAL,67542002569,546,67542003115,67542003115
2025-06-19 00:08:56,REAL,67542003115,602,67542003717,67542003717
2025-06-19 00:08:58,REAL,67542003717,596,67542004313,67542004313
2025-06-19 00:09:00,REAL,67542004313,542,67542004855,67542004855
2025-06-19 00:09:02,REAL,67542004855,540,67542005395,67542005395
2025-06-19 00:09:04,REAL,67542005395,543,67542005938,67542005938
2025-06-19 00:09:06,REAL,67542005938,671,67542006609,67542006609
2025-06-19 00:09:08,REAL,67542006609,536,67542007145,67542007145
2025-06-19 00:09:10,REAL,67542007145,550,67542007695,67542007695
2025-06-19 00:09:12,REAL,67542007695,677,67542008372,67542008372
2025-06-19 00:09:14,REAL,67542008372,275909,67542284281,67542284281
2025-06-19 00:09:16,REAL,67542284281,29391,67542313672,67542313672
2025-06-19 00:09:18,REAL,67542313672,29128,67542342800,67542342800
2025-06-19 00:09:20,REAL,67542342800,29618,67542372418,67542372418
2025-06-19 00:09:22,REAL,67542372418,29632,67542402050,67542402050
2025-06-19 00:09:24,REAL,67542402050,29377,67542431427,67542431427
2025-06-19 00:09:26,REAL,67542431427,28938,67542460365,67542460365
2025-06-19 00:09:28,REAL,67542460365,13634,67542473999,67542473999
2025-06-19 00:09:30,REAL,67542473999,548,67542474547,67542474547
2025-06-19 00:09:32,REAL,67542474547,540,67542475087,67542475087
2025-06-19 00:09:34,REAL,67542475087,536,67542475623,67542475623
2025-06-19 00:09:36,REAL,67542475623,666,67542476289,67542476289
2025-06-19 00:09:38,REAL,67542476289,538,67542476827,67542476827
2025-06-19 00:09:40,REAL,67542476827,544,67542477371,67542477371
2025-06-19 00:09:42,REAL,67542477371,598,67542477969,67542477969
2025-06-19 00:09:44,REAL,67542477969,22700,67542500669,67542500669
2025-06-19 00:09:46,REAL,67542500669,237048,67542737717,67542737717
2025-06-19 00:09:48,REAL,67542737717,29511,67542767228,67542767228
2025-06-19 00:09:50,REAL,67542767228,29444,67542796672,67542796672
2025-06-19 00:09:52,REAL,67542796672,29259,67542825931,67542825931
2025-06-19 00:09:54,REAL,67542825931,29104,67542855035,67542855035
2025-06-19 00:09:56,REAL,67542855035,29015,67542884050,67542884050
2025-06-19 00:09:58,REAL,67542884050,28539,67542912589,67542912589
2025-06-19 00:10:00,REAL,67542912589,11692,67542924281,67542924281
2025-06-19 00:10:02,REAL,67542924281,537,67542924818,67542924818
2025-06-19 00:10:04,REAL,67542924818,541,67542925359,67542925359
2025-06-19 00:10:06,REAL,67542925359,608,67542925967,67542925967
2025-06-19 00:10:08,REAL,67542925967,586,67542926553,67542926553
2025-06-19 00:10:10,REAL,67542926553,536,67542927089,67542927089
2025-06-19 00:10:12,REAL,67542927089,590,67542927679,67542927679
2025-06-19 00:10:14,REAL,67542927679,543,67542928222,67542928222
2025-06-19 00:10:16,REAL,67542928222,599,67542928821,67542928821
2025-06-19 00:10:18,REAL,67542928821,540,67542929361,67542929361
2025-06-19 00:10:20,REAL,67542929361,613,67542929974,67542929974
2025-06-19 00:10:22,REAL,67542929974,536,67542930510,67542930510
2025-06-19 00:10:24,REAL,67542930510,540,67542931050,67542931050
2025-06-19 00:10:26,REAL,67542931050,539,67542931589,67542931589
2025-06-19 00:10:28,REAL,67542931589,540,67542932129,67542932129
2025-06-19 00:10:30,REAL,67542932129,545,67542932674,67542932674
2025-06-19 00:10:32,REAL,67542932674,37561,67542970235,67542970235
2025-06-19 00:10:34,REAL,67542970235,234212,67543204447,67543204447
2025-06-19 00:10:36,REAL,67543204447,29203,67543233650,67543233650
2025-06-19 00:10:38,REAL,67543233650,29217,67543262867,67543262867
2025-06-19 00:10:40,REAL,67543262867,28670,67543291537,67543291537
2025-06-19 00:10:42,REAL,67543291537,32024,67543323561,67543323561
2025-06-19 00:10:44,REAL,67543323561,26397,67543349958,67543349958
2025-06-19 00:10:46,REAL,67543349958,29139,67543379097,67543379097
2025-06-19 00:10:48,REAL,67543379097,8922,67543388019,67543388019
2025-06-19 00:10:50,REAL,67543388019,615,67543388634,67543388634
2025-06-19 00:10:52,REAL,67543388634,542,67543389176,67543389176
2025-06-19 00:10:54,REAL,67543389176,541,67543389717,67543389717
2025-06-19 00:10:56,REAL,67543389717,548,67543390265,67543390265
2025-06-19 00:10:58,REAL,67543390265,544,67543390809,67543390809
2025-06-19 00:11:00,REAL,67543390809,588,67543391397,67543391397
2025-06-19 00:11:02,REAL,67543391397,533,67543391930,67543391930
2025-06-19 00:11:04,REAL,67543391930,605,67543392535,67543392535
2025-06-19 00:11:06,REAL,67543392535,613,67543393148,67543393148
2025-06-19 00:11:08,REAL,67543393148,549,67543393697,67543393697
2025-06-19 00:11:10,REAL,67543393697,540,67543394237,67543394237
2025-06-19 00:11:12,REAL,67543394237,541,67543394778,67543394778
2025-06-19 00:11:14,REAL,67543394778,588,67543395366,67543395366
2025-06-19 00:11:16,REAL,67543395366,543,67543395909,67543395909
2025-06-19 00:11:18,REAL,67543395909,536,67543396445,67543396445
2025-06-19 00:11:20,REAL,67543396445,727,67543397172,67543397172
2025-06-19 00:11:22,REAL,67543397172,599,67543397771,67543397771
2025-06-19 00:11:24,REAL,67543397771,667,67543398438,67543398438
2025-06-19 00:11:26,REAL,67543398438,207601,67543606039,67543606039
2025-06-19 00:11:28,REAL,67543606039,65610,67543671649,67543671649
2025-06-19 00:11:30,REAL,67543671649,29634,67543701283,67543701283
2025-06-19 00:11:32,REAL,67543701283,29676,67543730959,67543730959
2025-06-19 00:11:34,REAL,67543730959,28769,67543759728,67543759728
2025-06-19 00:11:36,REAL,67543759728,29940,67543789668,67543789668
2025-06-19 00:11:38,REAL,67543789668,29001,67543818669,67543818669
2025-06-19 00:11:40,REAL,67543818669,20305,67543838974,67543838974
2025-06-19 00:11:42,REAL,67543838974,543,67543839517,67543839517
2025-06-19 00:11:44,REAL,67543839517,546,67543840063,67543840063
2025-06-19 00:11:46,REAL,67543840063,594,67543840657,67543840657
2025-06-19 00:11:48,REAL,67543840657,542,67543841199,67543841199
2025-06-19 00:11:50,REAL,67543841199,619,67543841818,67543841818
2025-06-19 00:11:52,REAL,67543841818,539,67543842357,67543842357
2025-06-19 00:11:54,REAL,67543842357,596,67543842953,67543842953
2025-06-19 00:11:56,REAL,67543842953,604,67543843557,67543843557
2025-06-19 00:11:58,REAL,67543843557,217228,67544060785,67544060785
2025-06-19 00:12:00,REAL,67544060785,43370,67544104155,67544104155
2025-06-19 00:12:02,REAL,67544104155,29376,67544133531,67544133531
2025-06-19 00:12:04,REAL,67544133531,29075,67544162606,67544162606
2025-06-19 00:12:06,REAL,67544162606,28759,67544191365,67544191365
2025-06-19 00:12:08,REAL,67544191365,29159,67544220524,67544220524
2025-06-19 00:12:10,REAL,67544220524,28987,67544249511,67544249511
2025-06-19 00:12:12,REAL,67544249511,18753,67544268264,67544268264
2025-06-19 00:12:14,REAL,67544268264,548,67544268812,67544268812
2025-06-19 00:12:16,REAL,67544268812,545,67544269357,67544269357
2025-06-19 00:12:18,REAL,67544269357,547,67544269904,67544269904
2025-06-19 00:12:20,REAL,67544269904,726,67544270630,67544270630
2025-06-19 00:12:22,REAL,67544270630,538,67544271168,67544271168
2025-06-19 00:12:24,REAL,67544271168,544,67544271712,67544271712
2025-06-19 00:12:26,REAL,67544271712,586,67544272298,67544272298
2025-06-19 00:12:28,REAL,67544272298,591,67544272889,67544272889
2025-06-19 00:12:30,REAL,67544272889,530,67544273419,67544273419
2025-06-19 00:12:32,REAL,67544273419,538,67544273957,67544273957
2025-06-19 00:12:34,REAL,67544273957,539,67544274496,67544274496
2025-06-19 00:12:36,REAL,67544274496,612,67544275108,67544275108
2025-06-19 00:12:38,REAL,67544275108,540,67544275648,67544275648
2025-06-19 00:12:40,REAL,67544275648,538,67544276186,67544276186
2025-06-19 00:12:42,REAL,67544276186,543,67544276729,67544276729
2025-06-19 00:12:44,REAL,67544276729,594,67544277323,67544277323
2025-06-19 00:12:46,REAL,67544277323,536,67544277859,67544277859
2025-06-19 00:12:48,REAL,67544277859,537,67544278396,67544278396
2025-06-19 00:12:50,REAL,67544278396,622,67544279018,67544279018
2025-06-19 00:12:52,REAL,67544279018,605,67544279623,67544279623
2025-06-19 00:12:54,REAL,67544279623,596,67544280219,67544280219
2025-06-19 00:12:56,REAL,67544280219,548,67544280767,67544280767
2025-06-19 00:12:58,REAL,67544280767,539,67544281306,67544281306
2025-06-19 00:13:00,REAL,67544281306,600,67544281906,67544281906
2025-06-19 00:13:02,REAL,67544281906,260419,67544542325,67544542325
2025-06-19 00:13:04,REAL,67544542325,29265,67544571590,67544571590
2025-06-19 00:13:06,REAL,67544571590,29125,67544600715,67544600715
2025-06-19 00:13:08,REAL,67544600715,29283,67544629998,67544629998
2025-06-19 00:13:10,REAL,67544629998,29104,67544659102,67544659102
2025-06-19 00:13:12,REAL,67544659102,28890,67544687992,67544687992
2025-06-19 00:13:14,REAL,67544687992,29479,67544717471,67544717471
2025-06-19 00:13:16,REAL,67544717471,14888,67544732359,67544732359
2025-06-19 00:13:18,REAL,67544732359,535,67544732894,67544732894
2025-06-19 00:13:20,REAL,67544732894,619,67544733513,67544733513
2025-06-19 00:13:22,REAL,67544733513,536,67544734049,67544734049
2025-06-19 00:13:24,REAL,67544734049,593,67544734642,67544734642
2025-06-19 00:13:26,REAL,67544734642,539,67544735181,67544735181
2025-06-19 00:13:28,REAL,67544735181,542,67544735723,67544735723
2025-06-19 00:13:30,REAL,67544735723,597,67544736320,67544736320
2025-06-19 00:13:32,REAL,67544736320,7238,67544743558,67544743558
2025-06-19 00:13:34,REAL,67544743558,265911,67545009469,67545009469
2025-06-19 00:13:36,REAL,67545009469,29791,67545039260,67545039260
2025-06-19 00:13:38,REAL,67545039260,29346,67545068606,67545068606
2025-06-19 00:13:40,REAL,67545068606,28616,67545097222,67545097222
2025-06-19 00:13:42,REAL,67545097222,29877,67545127099,67545127099
2025-06-19 00:13:44,REAL,67545127099,29180,67545156279,67545156279
2025-06-19 00:13:46,REAL,67545156279,29370,67545185649,67545185649
2025-06-19 00:13:48,REAL,67545185649,13466,67545199115,67545199115
2025-06-19 00:13:50,REAL,67545199115,546,67545199661,67545199661
2025-06-19 00:13:52,REAL,67545199661,617,67545200278,67545200278
2025-06-19 00:13:54,REAL,67545200278,539,67545200817,67545200817
2025-06-19 00:13:56,REAL,67545200817,545,67545201362,67545201362
2025-06-19 00:13:58,REAL,67545201362,597,67545201959,67545201959
2025-06-19 00:14:00,REAL,67545201959,550,67545202509,67545202509
2025-06-19 00:14:02,REAL,67545202509,599,67545203108,67545203108
2025-06-19 00:14:04,REAL,67545203108,598,67545203706,67545203706
2025-06-19 00:14:06,REAL,67545203706,614,67545204320,67545204320
2025-06-19 00:14:08,REAL,67545204320,541,67545204861,67545204861
2025-06-19 00:14:10,REAL,67545204861,538,67545205399,67545205399
2025-06-19 00:14:12,REAL,67545205399,546,67545205945,67545205945
2025-06-19 00:14:14,REAL,67545205945,532,67545206477,67545206477
2025-06-19 00:14:16,REAL,67545206477,530,67545207007,67545207007
2025-06-19 00:14:18,REAL,67545207007,538,67545207545,67545207545
2025-06-19 00:14:20,REAL,67545207545,596,67545208141,67545208141
2025-06-19 00:14:22,REAL,67545208141,612,67545208753,67545208753
2025-06-19 00:14:24,REAL,67545208753,543,67545209296,67545209296
2025-06-19 00:14:26,REAL,67545209296,532,67545209828,67545209828
2025-06-19 00:14:28,REAL,67545209828,537,67545210365,67545210365
2025-06-19 00:14:30,REAL,67545210365,599,67545210964,67545210964
2025-06-19 00:14:32,REAL,67545210964,542,67545211506,67545211506
2025-06-19 00:14:34,REAL,67545211506,593,67545212099,67545212099
2025-06-19 00:14:36,REAL,67545212099,42936,67545255035,67545255035
2025-06-19 00:14:38,REAL,67545255035,237658,67545492693,67545492693
2025-06-19 00:14:40,REAL,67545492693,28859,67545521552,67545521552
2025-06-19 00:14:42,REAL,67545521552,29265,67545550817,67545550817
2025-06-19 00:14:44,REAL,67545550817,29210,67545580027,67545580027
2025-06-19 00:14:46,REAL,67545580027,29005,67545609032,67545609032
2025-06-19 00:14:48,REAL,67545609032,29094,67545638126,67545638126
2025-06-19 00:14:50,REAL,67545638126,29105,67545667231,67545667231
2025-06-19 00:14:52,REAL,67545667231,9735,67545676966,67545676966
2025-06-19 00:14:54,REAL,67545676966,598,67545677564,67545677564
2025-06-19 00:14:56,REAL,67545677564,542,67545678106,67545678106
2025-06-19 00:14:58,REAL,67545678106,533,67545678639,67545678639
2025-06-19 00:15:00,REAL,67545678639,538,67545679177,67545679177
2025-06-19 00:15:02,REAL,67545679177,533,67545679710,67545679710
2025-06-19 00:15:04,REAL,67545679710,541,67545680251,67545680251
2025-06-19 00:15:06,REAL,67545680251,670,67545680921,67545680921
2025-06-19 00:15:08,REAL,67545680921,600,67545681521,67545681521
2025-06-19 00:15:10,REAL,67545681521,533,67545682054,67545682054
2025-06-19 00:15:12,REAL,67545682054,544,67545682598,67545682598
2025-06-19 00:15:14,REAL,67545682598,549,67545683147,67545683147
2025-06-19 00:15:16,REAL,67545683147,545,67545683692,67545683692
2025-06-19 00:15:18,REAL,67545683692,533,67545684225,67545684225
2025-06-19 00:15:20,REAL,67545684225,603,67545684828,67545684828
2025-06-19 00:15:22,REAL,67545684828,612,67545685440,67545685440
2025-06-19 00:15:24,REAL,67545685440,607,67545686047,67545686047
2025-06-19 00:15:26,REAL,67545686047,532,67545686579,67545686579
2025-06-19 00:15:28,REAL,67545686579,540,67545687119,67545687119
2025-06-19 00:15:30,REAL,67545687119,550,67545687669,67545687669
2025-06-19 00:15:32,REAL,67545687669,540,67545688209,67545688209
2025-06-19 00:15:34,REAL,67545688209,539,67545688748,67545688748
2025-06-19 00:15:36,REAL,67545688748,670,67545689418,67545689418
2025-06-19 00:15:38,REAL,67545689418,547,67545689965,67545689965
2025-06-19 00:15:40,REAL,67545689965,600,67545690565,67545690565
2025-06-19 00:15:42,REAL,67545690565,542,67545691107,67545691107
2025-06-19 00:15:44,REAL,67545691107,591,67545691698,67545691698
2025-06-19 00:15:46,REAL,67545691698,539,67545692237,67545692237
2025-06-19 00:15:48,REAL,67545692237,533,67545692770,67545692770
2025-06-19 00:15:50,REAL,67545692770,537,67545693307,67545693307
2025-06-19 00:15:52,REAL,67545693307,614,67545693921,67545693921
2025-06-19 00:15:54,REAL,67545693921,544,67545694465,67545694465
2025-06-19 00:15:56,REAL,67545694465,732,67545695197,67545695197
2025-06-19 00:15:58,REAL,67545695197,596,67545695793,67545695793
2025-06-19 00:16:00,REAL,67545695793,603,67545696396,67545696396
2025-06-19 00:16:02,REAL,67545696396,232156,67545928552,67545928552
2025-06-19 00:16:04,REAL,67545928552,59716,67545988268,67545988268
2025-06-19 00:16:06,REAL,67545988268,28861,67546017129,67546017129
2025-06-19 00:16:08,REAL,67546017129,29349,67546046478,67546046478
2025-06-19 00:16:10,REAL,67546046478,29276,67546075754,67546075754
2025-06-19 00:16:12,REAL,67546075754,29184,67546104938,67546104938
2025-06-19 00:16:14,REAL,67546104938,29077,67546134015,67546134015
2025-06-19 00:16:16,REAL,67546134015,19948,67546153963,67546153963
2025-06-19 00:16:18,REAL,67546153963,539,67546154502,67546154502
2025-06-19 00:16:20,REAL,67546154502,543,67546155045,67546155045
2025-06-19 00:16:22,REAL,67546155045,614,67546155659,67546155659
2025-06-19 00:16:24,REAL,67546155659,543,67546156202,67546156202
2025-06-19 00:16:26,REAL,67546156202,539,67546156741,67546156741
2025-06-19 00:16:28,REAL,67546156741,541,67546157282,67546157282
2025-06-19 00:16:30,REAL,67546157282,535,67546157817,67546157817
2025-06-19 00:16:32,REAL,67546157817,651,67546158468,67546158468
2025-06-19 00:16:34,REAL,67546158468,244867,67546403335,67546403335
2025-06-19 00:16:36,REAL,67546403335,43355,67546446690,67546446690
2025-06-19 00:16:38,REAL,67546446690,29027,67546475717,67546475717
2025-06-19 00:16:40,REAL,67546475717,29026,67546504743,67546504743
2025-06-19 00:16:42,REAL,67546504743,29158,67546533901,67546533901
2025-06-19 00:16:44,REAL,67546533901,30766,67546564667,67546564667
2025-06-19 00:16:46,REAL,67546564667,27577,67546592244,67546592244
2025-06-19 00:16:48,REAL,67546592244,17702,67546609946,67546609946
2025-06-19 00:16:50,REAL,67546609946,545,67546610491,67546610491
2025-06-19 00:16:52,REAL,67546610491,615,67546611106,67546611106
2025-06-19 00:16:54,REAL,67546611106,537,67546611643,67546611643
2025-06-19 00:16:56,REAL,67546611643,544,67546612187,67546612187
2025-06-19 00:16:58,REAL,67546612187,540,67546612727,67546612727
2025-06-19 00:17:00,REAL,67546612727,590,67546613317,67546613317
2025-06-19 00:17:02,REAL,67546613317,590,67546613907,67546613907
2025-06-19 00:17:04,REAL,67546613907,602,67546614509,67546614509
2025-06-19 00:17:06,REAL,67546614509,244247,67546858756,67546858756
2025-06-19 00:17:08,REAL,67546858756,29404,67546888160,67546888160
2025-06-19 00:17:10,REAL,67546888160,29058,67546917218,67546917218
2025-06-19 00:17:12,REAL,67546917218,28814,67546946032,67546946032
2025-06-19 00:17:14,REAL,67546946032,28560,67546974592,67546974592
2025-06-19 00:17:16,REAL,67546974592,29325,67547003917,67547003917
2025-06-19 00:17:18,REAL,67547003917,28988,67547032905,67547032905
2025-06-19 00:17:20,REAL,67547032905,15857,67547048762,67547048762
2025-06-19 00:17:22,REAL,67547048762,617,67547049379,67547049379
2025-06-19 00:17:24,REAL,67547049379,588,67547049967,67547049967
2025-06-19 00:17:26,REAL,67547049967,536,67547050503,67547050503
2025-06-19 00:17:28,REAL,67547050503,543,67547051046,67547051046
2025-06-19 00:17:30,REAL,67547051046,545,67547051591,67547051591
2025-06-19 00:17:32,REAL,67547051591,544,67547052135,67547052135
2025-06-19 00:17:34,REAL,67547052135,595,67547052730,67547052730
2025-06-19 00:17:36,REAL,67547052730,601,67547053331,67547053331
2025-06-19 00:17:38,REAL,67547053331,243259,67547296590,67547296590
2025-06-19 00:17:40,REAL,67547296590,28986,67547325576,67547325576
2025-06-19 00:17:42,REAL,67547325576,29169,67547354745,67547354745
2025-06-19 00:17:44,REAL,67547354745,29086,67547383831,67547383831
2025-06-19 00:17:46,REAL,67547383831,29237,67547413068,67547413068
2025-06-19 00:17:48,REAL,67547413068,29625,67547442693,67547442693
2025-06-19 00:17:50,REAL,67547442693,29189,67547471882,67547471882
2025-06-19 00:17:52,REAL,67547471882,14304,67547486186,67547486186
2025-06-19 00:17:54,REAL,67547486186,544,67547486730,67547486730
2025-06-19 00:17:56,REAL,67547486730,544,67547487274,67547487274
2025-06-19 00:17:58,REAL,67547487274,537,67547487811,67547487811
2025-06-19 00:18:00,REAL,67547487811,543,67547488354,67547488354
2025-06-19 00:18:02,REAL,67547488354,536,67547488890,67547488890
2025-06-19 00:18:04,REAL,67547488890,543,67547489433,67547489433
2025-06-19 00:18:06,REAL,67547489433,596,67547490029,67547490029
2025-06-19 00:18:08,REAL,67547490029,18068,67547508097,67547508097
2025-06-19 00:18:10,REAL,67547508097,239620,67547747717,67547747717
2025-06-19 00:18:12,REAL,67547747717,29318,67547777035,67547777035
2025-06-19 00:18:14,REAL,67547777035,29042,67547806077,67547806077
2025-06-19 00:18:16,REAL,67547806077,29509,67547835586,67547835586
2025-06-19 00:18:18,REAL,67547835586,29148,67547864734,67547864734
2025-06-19 00:18:20,REAL,67547864734,29842,67547894576,67547894576
2025-06-19 00:18:22,REAL,67547894576,29083,67547923659,67547923659
2025-06-19 00:18:24,REAL,67547923659,12193,67547935852,67547935852
2025-06-19 00:18:26,REAL,67547935852,600,67547936452,67547936452
2025-06-19 00:18:28,REAL,67547936452,598,67547937050,67547937050
2025-06-19 00:18:30,REAL,67547937050,174209,67548111259,67548111259
2025-06-19 00:18:32,REAL,67548111259,100943,67548212202,67548212202
2025-06-19 00:18:34,REAL,67548212202,29115,67548241317,67548241317
2025-06-19 00:18:36,REAL,67548241317,29054,67548270371,67548270371
2025-06-19 00:18:38,REAL,67548270371,29732,67548300103,67548300103
2025-06-19 00:18:40,REAL,67548300103,29154,67548329257,67548329257
2025-06-19 00:18:42,REAL,67548329257,29341,67548358598,67548358598
2025-06-19 00:18:44,REAL,67548358598,25853,67548384451,67548384451
2025-06-19 00:18:46,REAL,67548384451,541,67548384992,67548384992
2025-06-19 00:18:48,REAL,67548384992,541,67548385533,67548385533
2025-06-19 00:18:50,REAL,67548385533,542,67548386075,67548386075
2025-06-19 00:18:52,REAL,67548386075,610,67548386685,67548386685
2025-06-19 00:18:54,REAL,67548386685,532,67548387217,67548387217
2025-06-19 00:18:56,REAL,67548387217,539,67548387756,67548387756
2025-06-19 00:18:58,REAL,67548387756,548,67548388304,67548388304
2025-06-19 00:19:00,REAL,67548388304,606,67548388910,67548388910
2025-06-19 00:19:02,REAL,67548388910,192591,67548581501,67548581501
2025-06-19 00:19:04,REAL,67548581501,97055,67548678556,67548678556
2025-06-19 00:19:06,REAL,67548678556,29439,67548707995,67548707995
2025-06-19 00:19:08,REAL,67548707995,29223,67548737218,67548737218
2025-06-19 00:19:10,REAL,67548737218,29038,67548766256,67548766256
2025-06-19 00:19:12,REAL,67548766256,29445,67548795701,67548795701
2025-06-19 00:19:14,REAL,67548795701,29375,67548825076,67548825076
2025-06-19 00:19:16,REAL,67548825076,23793,67548848869,67548848869
2025-06-19 00:19:18,REAL,67548848869,537,67548849406,67548849406
2025-06-19 00:19:20,REAL,67548849406,537,67548849943,67548849943
2025-06-19 00:19:22,REAL,67548849943,609,67548850552,67548850552
2025-06-19 00:19:24,REAL,67548850552,547,67548851099,67548851099
2025-06-19 00:19:26,REAL,67548851099,536,67548851635,67548851635
2025-06-19 00:19:28,REAL,67548851635,595,67548852230,67548852230
2025-06-19 00:19:30,REAL,67548852230,548,67548852778,67548852778
2025-06-19 00:19:32,REAL,67548852778,600,67548853378,67548853378
2025-06-19 00:19:34,REAL,67548853378,209186,67549062564,67549062564
2025-06-19 00:19:36,REAL,67549062564,81043,67549143607,67549143607
2025-06-19 00:19:38,REAL,67549143607,29506,67549173113,67549173113
2025-06-19 00:19:40,REAL,67549173113,28948,67549202061,67549202061
2025-06-19 00:19:42,REAL,67549202061,29171,67549231232,67549231232
2025-06-19 00:19:44,REAL,67549231232,29652,67549260884,67549260884
2025-06-19 00:19:46,REAL,67549260884,29044,67549289928,67549289928
2025-06-19 00:19:48,REAL,67549289928,21872,67549311800,67549311800
2025-06-19 00:19:50,REAL,67549311800,535,67549312335,67549312335
2025-06-19 00:19:52,REAL,67549312335,545,67549312880,67549312880
2025-06-19 00:19:54,REAL,67549312880,663,67549313543,67549313543
2025-06-19 00:19:56,REAL,67549313543,539,67549314082,67549314082
2025-06-19 00:19:58,REAL,67549314082,535,67549314617,67549314617
2025-06-19 00:20:00,REAL,67549314617,547,67549315164,67549315164
2025-06-19 00:20:02,REAL,67549315164,538,67549315702,67549315702
2025-06-19 00:20:04,REAL,67549315702,595,67549316297,67549316297
2025-06-19 00:20:06,REAL,67549316297,539,67549316836,67549316836
2025-06-19 00:20:08,REAL,67549316836,609,67549317445,67549317445
2025-06-19 00:20:10,REAL,67549317445,542,67549317987,67549317987
2025-06-19 00:20:12,REAL,67549317987,597,67549318584,67549318584
2025-06-19 00:20:14,REAL,67549318584,540,67549319124,67549319124
2025-06-19 00:20:16,REAL,67549319124,537,67549319661,67549319661
2025-06-19 00:20:18,REAL,67549319661,603,67549320264,67549320264
2025-06-19 00:20:20,REAL,67549320264,605,67549320869,67549320869
2025-06-19 00:20:22,REAL,67549320869,540,67549321409,67549321409
2025-06-19 00:20:24,REAL,67549321409,609,67549322018,67549322018
2025-06-19 00:20:26,REAL,67549322018,538,67549322556,67549322556
2025-06-19 00:20:28,REAL,67549322556,541,67549323097,67549323097
2025-06-19 00:20:30,REAL,67549323097,537,67549323634,67549323634
2025-06-19 00:20:32,REAL,67549323634,534,67549324168,67549324168
2025-06-19 00:20:34,REAL,67549324168,546,67549324714,67549324714
2025-06-19 00:20:36,REAL,67549324714,607,67549325321,67549325321
2025-06-19 00:20:38,REAL,67549325321,608,67549325929,67549325929
2025-06-19 00:20:40,REAL,67549325929,545,67549326474,67549326474
2025-06-19 00:20:42,REAL,67549326474,596,67549327070,67549327070
2025-06-19 00:20:44,REAL,67549327070,541,67549327611,67549327611
2025-06-19 00:20:46,REAL,67549327611,542,67549328153,67549328153
2025-06-19 00:20:48,REAL,67549328153,534,67549328687,67549328687
2025-06-19 00:20:50,REAL,67549328687,543,67549329230,67549329230
2025-06-19 00:20:52,REAL,67549329230,658,67549329888,67549329888
2025-06-19 00:20:54,REAL,67549329888,614,67549330502,67549330502
2025-06-19 00:20:56,REAL,67549330502,538,67549331040,67549331040
2025-06-19 00:20:58,REAL,67549331040,542,67549331582,67549331582
2025-06-19 00:21:00,REAL,67549331582,539,67549332121,67549332121
2025-06-19 00:21:02,REAL,67549332121,541,67549332662,67549332662
2025-06-19 00:21:04,REAL,67549332662,537,67549333199,67549333199
2025-06-19 00:21:06,REAL,67549333199,541,67549333740,67549333740
2025-06-19 00:21:08,REAL,67549333740,738,67549334478,67549334478
2025-06-19 00:21:10,REAL,67549334478,534,67549335012,67549335012
2025-06-19 00:21:12,REAL,67549335012,544,67549335556,67549335556
2025-06-19 00:21:14,REAL,67549335556,538,67549336094,67549336094
2025-06-19 00:21:16,REAL,67549336094,538,67549336632,67549336632
2025-06-19 00:21:18,REAL,67549336632,541,67549337173,67549337173
2025-06-19 00:21:20,REAL,67549337173,546,67549337719,67549337719
2025-06-19 00:21:22,REAL,67549337719,534,67549338253,67549338253
2025-06-19 00:21:24,REAL,67549338253,678,67549338931,67549338931
2025-06-19 00:21:26,REAL,67549338931,547,67549339478,67549339478
2025-06-19 00:21:28,REAL,67549339478,541,67549340019,67549340019
2025-06-19 00:21:30,REAL,67549340019,597,67549340616,67549340616
2025-06-19 00:21:32,REAL,67549340616,589,67549341205,67549341205
2025-06-19 00:21:34,REAL,67549341205,543,67549341748,67549341748
2025-06-19 00:21:36,REAL,67549341748,541,67549342289,67549342289
2025-06-19 00:21:38,REAL,67549342289,617,67549342906,67549342906
2025-06-19 00:21:40,REAL,67549342906,594,67549343500,67549343500
2025-06-19 00:21:42,REAL,67549343500,247794,67549591294,67549591294
2025-06-19 00:21:44,REAL,67549591294,29056,67549620350,67549620350
2025-06-19 00:21:46,REAL,67549620350,28768,67549649118,67549649118
2025-06-19 00:21:48,REAL,67549649118,29110,67549678228,67549678228
2025-06-19 00:21:50,REAL,67549678228,29598,67549707826,67549707826
2025-06-19 00:21:52,REAL,67549707826,28979,67549736805,67549736805
2025-06-19 00:21:54,REAL,67549736805,29295,67549766100,67549766100
2025-06-19 00:21:56,REAL,67549766100,14696,67549780796,67549780796
2025-06-19 00:21:58,REAL,67549780796,541,67549781337,67549781337
2025-06-19 00:22:00,REAL,67549781337,542,67549781879,67549781879
2025-06-19 00:22:02,REAL,67549781879,535,67549782414,67549782414
2025-06-19 00:22:04,REAL,67549782414,536,67549782950,67549782950
2025-06-19 00:22:06,REAL,67549782950,549,67549783499,67549783499
2025-06-19 00:22:08,REAL,67549783499,613,67549784112,67549784112
2025-06-19 00:22:10,REAL,67549784112,547,67549784659,67549784659
2025-06-19 00:22:12,REAL,67549784659,13843,67549798502,67549798502
2025-06-19 00:22:14,REAL,67549798502,245281,67550043783,67550043783
2025-06-19 00:22:16,REAL,67550043783,29801,67550073584,67550073584
2025-06-19 00:22:18,REAL,67550073584,28483,67550102067,67550102067
2025-06-19 00:22:20,REAL,67550102067,29052,67550131119,67550131119
2025-06-19 00:22:22,REAL,67550131119,29176,67550160295,67550160295
2025-06-19 00:22:24,REAL,67550160295,29109,67550189404,67550189404
2025-06-19 00:22:26,REAL,67550189404,28919,67550218323,67550218323
2025-06-19 00:22:28,REAL,67550218323,12536,67550230859,67550230859
2025-06-19 00:22:30,REAL,67550230859,539,67550231398,67550231398
2025-06-19 00:22:32,REAL,67550231398,533,67550231931,67550231931
2025-06-19 00:22:34,REAL,67550231931,543,67550232474,67550232474
2025-06-19 00:22:36,REAL,67550232474,538,67550233012,67550233012
2025-06-19 00:22:38,REAL,67550233012,544,67550233556,67550233556
2025-06-19 00:22:40,REAL,67550233556,617,67550234173,67550234173
2025-06-19 00:22:42,REAL,67550234173,542,67550234715,67550234715
2025-06-19 00:22:44,REAL,67550234715,23015,67550257730,67550257730
2025-06-19 00:22:46,REAL,67550257730,206571,67550464301,67550464301
2025-06-19 00:22:48,REAL,67550464301,29177,67550493478,67550493478
2025-06-19 00:22:50,REAL,67550493478,28571,67550522049,67550522049
2025-06-19 00:22:52,REAL,67550522049,29060,67550551109,67550551109
2025-06-19 00:22:54,REAL,67550551109,29125,67550580234,67550580234
2025-06-19 00:22:56,REAL,67550580234,29107,67550609341,67550609341
2025-06-19 00:22:58,REAL,67550609341,29062,67550638403,67550638403
2025-06-19 00:23:00,REAL,67550638403,10842,67550649245,67550649245
2025-06-19 00:23:02,REAL,67550649245,536,67550649781,67550649781
2025-06-19 00:23:04,REAL,67550649781,545,67550650326,67550650326
2025-06-19 00:23:06,REAL,67550650326,541,67550650867,67550650867
2025-06-19 00:23:08,REAL,67550650867,541,67550651408,67550651408
2025-06-19 00:23:10,REAL,67550651408,615,67550652023,67550652023
2025-06-19 00:23:12,REAL,67550652023,602,67550652625,67550652625
2025-06-19 00:23:14,REAL,67550652625,542,67550653167,67550653167
2025-06-19 00:23:16,REAL,67550653167,603,67550653770,67550653770
2025-06-19 00:23:18,REAL,67550653770,533,67550654303,67550654303
2025-06-19 00:23:20,REAL,67550654303,547,67550654850,67550654850
2025-06-19 00:23:22,REAL,67550654850,547,67550655397,67550655397
2025-06-19 00:23:24,REAL,67550655397,678,67550656075,67550656075
2025-06-19 00:23:26,REAL,67550656075,535,67550656610,67550656610
2025-06-19 00:23:28,REAL,67550656610,535,67550657145,67550657145
2025-06-19 00:23:30,REAL,67550657145,546,67550657691,67550657691
2025-06-19 00:23:32,REAL,67550657691,607,67550658298,67550658298
2025-06-19 00:23:34,REAL,67550658298,604,67550658902,67550658902
2025-06-19 00:23:36,REAL,67550658902,532,67550659434,67550659434
2025-06-19 00:23:38,REAL,67550659434,540,67550659974,67550659974
2025-06-19 00:23:40,REAL,67550659974,615,67550660589,67550660589
2025-06-19 00:23:42,REAL,67550660589,542,67550661131,67550661131
2025-06-19 00:23:44,REAL,67550661131,539,67550661670,67550661670
2025-06-19 00:23:46,REAL,67550661670,539,67550662209,67550662209
2025-06-19 00:23:48,REAL,67550662209,600,67550662809,67550662809
2025-06-19 00:23:50,REAL,67550662809,543,67550663352,67550663352
2025-06-19 00:23:52,REAL,67550663352,594,67550663946,67550663946
2025-06-19 00:23:54,REAL,67550663946,616,67550664562,67550664562
2025-06-19 00:23:56,REAL,67550664562,544,67550665106,67550665106
2025-06-19 00:23:58,REAL,67550665106,543,67550665649,67550665649
2025-06-19 00:24:00,REAL,67550665649,594,67550666243,67550666243
2025-06-19 00:24:02,REAL,67550666243,542,67550666785,67550666785
2025-06-19 00:24:04,REAL,67550666785,602,67550667387,67550667387
2025-06-19 00:24:06,REAL,67550667387,532,67550667919,67550667919
2025-06-19 00:24:08,REAL,67550667919,537,67550668456,67550668456
2025-06-19 00:24:10,REAL,67550668456,613,67550669069,67550669069
2025-06-19 00:24:12,REAL,67550669069,539,67550669608,67550669608
2025-06-19 00:24:14,REAL,67550669608,543,67550670151,67550670151
2025-06-19 00:24:16,REAL,67550670151,543,67550670694,67550670694
2025-06-19 00:24:18,REAL,67550670694,532,67550671226,67550671226
2025-06-19 00:24:20,REAL,67550671226,654,67550671880,67550671880
2025-06-19 00:24:22,REAL,67550671880,654,67550672534,67550672534
2025-06-19 00:24:24,REAL,67550672534,730,67550673264,67550673264
2025-06-19 00:24:26,REAL,67550673264,540,67550673804,67550673804
2025-06-19 00:24:28,REAL,67550673804,538,67550674342,67550674342
2025-06-19 00:24:30,REAL,67550674342,547,67550674889,67550674889
2025-06-19 00:24:32,REAL,67550674889,543,67550675432,67550675432
2025-06-19 00:24:34,REAL,67550675432,534,67550675966,67550675966
2025-06-19 00:24:36,REAL,67550675966,538,67550676504,67550676504
2025-06-19 00:24:38,REAL,67550676504,548,67550677052,67550677052
2025-06-19 00:24:40,REAL,67550677052,675,67550677727,67550677727
2025-06-19 00:24:42,REAL,67550677727,530,67550678257,67550678257
2025-06-19 00:24:44,REAL,67550678257,535,67550678792,67550678792
2025-06-19 00:24:46,REAL,67550678792,548,67550679340,67550679340
2025-06-19 00:24:48,REAL,67550679340,547,67550679887,67550679887
2025-06-19 00:24:50,REAL,67550679887,604,67550680491,67550680491
2025-06-19 00:24:52,REAL,67550680491,544,67550681035,67550681035
2025-06-19 00:24:54,REAL,67550681035,369,67550681404,67550681404
2025-06-19 00:24:56,REAL,67550681404,661,67550682065,67550682065
2025-06-19 00:24:58,REAL,67550682065,537,67550682602,67550682602
2025-06-19 00:25:00,REAL,67550682602,535,67550683137,67550683137
2025-06-19 00:25:02,REAL,67550683137,538,67550683675,67550683675
2025-06-19 00:25:04,REAL,67550683675,540,67550684215,67550684215
2025-06-19 00:25:06,REAL,67550684215,537,67550684752,67550684752
2025-06-19 00:25:08,REAL,67550684752,536,67550685288,67550685288
2025-06-19 00:25:10,REAL,67550685288,612,67550685900,67550685900
2025-06-19 00:25:12,REAL,67550685900,597,67550686497,67550686497
2025-06-19 00:25:14,REAL,67550686497,541,67550687038,67550687038
2025-06-19 00:25:16,REAL,67550687038,547,67550687585,67550687585
2025-06-19 00:25:18,REAL,67550687585,601,67550688186,67550688186
2025-06-19 00:25:20,REAL,67550688186,544,67550688730,67550688730
2025-06-19 00:25:22,REAL,67550688730,534,67550689264,67550689264
2025-06-19 00:25:24,REAL,67550689264,538,67550689802,67550689802
2025-06-19 00:25:26,REAL,67550689802,615,67550690417,67550690417
2025-06-19 00:25:28,REAL,67550690417,659,67550691076,67550691076
2025-06-19 00:25:30,REAL,67550691076,537,67550691613,67550691613
2025-06-19 00:25:32,REAL,67550691613,541,67550692154,67550692154
2025-06-19 00:25:34,REAL,67550692154,546,67550692700,67550692700
2025-06-19 00:25:36,REAL,67550692700,535,67550693235,67550693235
2025-06-19 00:25:38,REAL,67550693235,541,67550693776,67550693776
2025-06-19 00:25:40,REAL,67550693776,613,67550694389,67550694389
2025-06-19 00:25:42,REAL,67550694389,544,67550694933,67550694933
2025-06-19 00:25:44,REAL,67550694933,603,67550695536,67550695536
2025-06-19 00:25:46,REAL,67550695536,535,67550696071,67550696071
2025-06-19 00:25:48,REAL,67550696071,604,67550696675,67550696675
2025-06-19 00:25:50,REAL,67550696675,538,67550697213,67550697213
2025-06-19 00:25:52,REAL,67550697213,545,67550697758,67550697758
2025-06-19 00:25:54,REAL,67550697758,540,67550698298,67550698298
2025-06-19 00:25:56,REAL,67550698298,620,67550698918,67550698918
2025-06-19 00:25:58,REAL,67550698918,538,67550699456,67550699456
2025-06-19 00:26:00,REAL,67550699456,664,67550700120,67550700120
2025-06-19 00:26:02,REAL,67550700120,547,67550700667,67550700667
2025-06-19 00:26:04,REAL,67550700667,538,67550701205,67550701205
2025-06-19 00:26:06,REAL,67550701205,536,67550701741,67550701741
2025-06-19 00:26:08,REAL,67550701741,545,67550702286,67550702286
2025-06-19 00:26:10,REAL,67550702286,610,67550702896,67550702896
2025-06-19 00:26:12,REAL,67550702896,539,67550703435,67550703435
2025-06-19 00:26:14,REAL,67550703435,547,67550703982,67550703982
2025-06-19 00:26:16,REAL,67550703982,651,67550704633,67550704633
2025-06-19 00:26:18,REAL,67550704633,541,67550705174,67550705174
2025-06-19 00:26:20,REAL,67550705174,546,67550705720,67550705720
2025-06-19 00:26:22,REAL,67550705720,542,67550706262,67550706262
2025-06-19 00:26:24,REAL,67550706262,547,67550706809,67550706809
2025-06-19 00:26:26,REAL,67550706809,618,67550707427,67550707427
2025-06-19 00:26:28,REAL,67550707427,538,67550707965,67550707965
2025-06-19 00:26:30,REAL,67550707965,540,67550708505,67550708505
2025-06-19 00:26:32,REAL,67550708505,6127,67550714632,67550714632
2025-06-19 00:26:34,REAL,67550714632,247186,67550961818,67550961818
2025-06-19 00:26:36,REAL,67550961818,29240,67550991058,67550991058
2025-06-19 00:26:38,REAL,67550991058,29224,67551020282,67551020282
2025-06-19 00:26:40,REAL,67551020282,29172,67551049454,67551049454
2025-06-19 00:26:42,REAL,67551049454,28874,67551078328,67551078328
2025-06-19 00:26:44,REAL,67551078328,28969,67551107297,67551107297
2025-06-19 00:26:46,REAL,67551107297,29917,67551137214,67551137214
2025-06-19 00:26:48,REAL,67551137214,12675,67551149889,67551149889
2025-06-19 00:26:50,REAL,67551149889,544,67551150433,67551150433
2025-06-19 00:26:52,REAL,67551150433,543,67551150976,67551150976
2025-06-19 00:26:54,REAL,67551150976,544,67551151520,67551151520
2025-06-19 00:26:56,REAL,67551151520,608,67551152128,67551152128
2025-06-19 00:26:58,REAL,67551152128,548,67551152676,67551152676
2025-06-19 00:27:00,REAL,67551152676,544,67551153220,67551153220
2025-06-19 00:27:02,REAL,67551153220,595,67551153815,67551153815
2025-06-19 00:27:04,REAL,67551153815,594,67551154409,67551154409
2025-06-19 00:27:06,REAL,67551154409,600,67551155009,67551155009
2025-06-19 00:27:08,REAL,67551155009,540,67551155549,67551155549
2025-06-19 00:27:10,REAL,67551155549,615,67551156164,67551156164
2025-06-19 00:27:12,REAL,67551156164,543,67551156707,67551156707
2025-06-19 00:27:14,REAL,67551156707,545,67551157252,67551157252
2025-06-19 00:27:16,REAL,67551157252,536,67551157788,67551157788
2025-06-19 00:27:18,REAL,67551157788,537,67551158325,67551158325
2025-06-19 00:27:20,REAL,67551158325,600,67551158925,67551158925
2025-06-19 00:27:22,REAL,67551158925,541,67551159466,67551159466
2025-06-19 00:27:24,REAL,67551159466,541,67551160007,67551160007
2025-06-19 00:27:26,REAL,67551160007,610,67551160617,67551160617
2025-06-19 00:27:28,REAL,67551160617,547,67551161164,67551161164
2025-06-19 00:27:30,REAL,67551161164,595,67551161759,67551161759
2025-06-19 00:27:32,REAL,67551161759,540,67551162299,67551162299
2025-06-19 00:27:34,REAL,67551162299,542,67551162841,67551162841
2025-06-19 00:27:36,REAL,67551162841,605,67551163446,67551163446
2025-06-19 00:27:38,REAL,67551163446,530,67551163976,67551163976
2025-06-19 00:27:40,REAL,67551163976,670,67551164646,67551164646
2025-06-19 00:27:42,REAL,67551164646,540,67551165186,67551165186
2025-06-19 00:27:44,REAL,67551165186,545,67551165731,67551165731
2025-06-19 00:27:46,REAL,67551165731,539,67551166270,67551166270
2025-06-19 00:27:48,REAL,67551166270,533,67551166803,67551166803
2025-06-19 00:27:50,REAL,67551166803,533,67551167336,67551167336
2025-06-19 00:27:52,REAL,67551167336,61338,67551228674,67551228674
2025-06-19 00:27:54,REAL,67551228674,236202,67551464876,67551464876
2025-06-19 00:27:56,REAL,67551464876,28580,67551493456,67551493456
2025-06-19 00:27:58,REAL,67551493456,29628,67551523084,67551523084
2025-06-19 00:28:00,REAL,67551523084,29296,67551552380,67551552380
2025-06-19 00:28:02,REAL,67551552380,28822,67551581202,67551581202
2025-06-19 00:28:04,REAL,67551581202,28675,67551609877,67551609877
2025-06-19 00:28:06,REAL,67551609877,28994,67551638871,67551638871
2025-06-19 00:28:08,REAL,67551638871,7902,67551646773,67551646773
2025-06-19 00:28:10,REAL,67551646773,538,67551647311,67551647311
2025-06-19 00:28:12,REAL,67551647311,670,67551647981,67551647981
2025-06-19 00:28:14,REAL,67551647981,543,67551648524,67551648524
2025-06-19 00:28:16,REAL,67551648524,540,67551649064,67551649064
2025-06-19 00:28:18,REAL,67551649064,548,67551649612,67551649612
2025-06-19 00:28:20,REAL,67551649612,539,67551650151,67551650151
2025-06-19 00:28:22,REAL,67551650151,540,67551650691,67551650691
2025-06-19 00:28:24,REAL,67551650691,663,67551651354,67551651354
2025-06-19 00:28:26,REAL,67551651354,671,67551652025,67551652025
2025-06-19 00:28:28,REAL,67551652025,610,67551652635,67551652635
2025-06-19 00:28:30,REAL,67551652635,543,67551653178,67551653178
2025-06-19 00:28:32,REAL,67551653178,601,67551653779,67551653779
2025-06-19 00:28:34,REAL,67551653779,540,67551654319,67551654319
2025-06-19 00:28:36,REAL,67551654319,536,67551654855,67551654855
2025-06-19 00:28:38,REAL,67551654855,542,67551655397,67551655397
2025-06-19 00:28:40,REAL,67551655397,531,67551655928,67551655928
2025-06-19 00:28:42,REAL,67551655928,617,67551656545,67551656545
2025-06-19 00:28:44,REAL,67551656545,657,67551657202,67551657202
2025-06-19 00:28:46,REAL,67551657202,206505,67551863707,67551863707
2025-06-19 00:28:48,REAL,67551863707,53844,67551917551,67551917551
2025-06-19 00:28:50,REAL,67551917551,29029,67551946580,67551946580
2025-06-19 00:28:52,REAL,67551946580,29388,67551975968,67551975968
2025-06-19 00:28:54,REAL,67551975968,29668,67552005636,67552005636
2025-06-19 00:28:56,REAL,67552005636,29239,67552034875,67552034875
2025-06-19 00:28:58,REAL,67552034875,29182,67552064057,67552064057
2025-06-19 00:29:00,REAL,67552064057,19483,67552083540,67552083540
2025-06-19 00:29:02,REAL,67552083540,540,67552084080,67552084080
2025-06-19 00:29:04,REAL,67552084080,550,67552084630,67552084630
2025-06-19 00:29:06,REAL,67552084630,536,67552085166,67552085166
2025-06-19 00:29:08,REAL,67552085166,540,67552085706,67552085706
2025-06-19 00:29:10,REAL,67552085706,546,67552086252,67552086252
2025-06-19 00:29:12,REAL,67552086252,615,67552086867,67552086867
2025-06-19 00:29:14,REAL,67552086867,541,67552087408,67552087408
2025-06-19 00:29:16,REAL,67552087408,597,67552088005,67552088005
2025-06-19 00:29:18,REAL,67552088005,600,67552088605,67552088605
2025-06-19 00:29:20,REAL,67552088605,599,67552089204,67552089204
2025-06-19 00:29:22,REAL,67552089204,531,67552089735,67552089735
2025-06-19 00:29:24,REAL,67552089735,543,67552090278,67552090278
2025-06-19 00:29:26,REAL,67552090278,614,67552090892,67552090892
2025-06-19 00:29:28,REAL,67552090892,540,67552091432,67552091432
2025-06-19 00:29:30,REAL,67552091432,543,67552091975,67552091975
2025-06-19 00:29:32,REAL,67552091975,601,67552092576,67552092576
2025-06-19 00:29:34,REAL,67552092576,543,67552093119,67552093119
2025-06-19 00:29:36,REAL,67552093119,539,67552093658,67552093658
2025-06-19 00:29:38,REAL,67552093658,538,67552094196,67552094196
2025-06-19 00:29:40,REAL,67552094196,537,67552094733,67552094733
2025-06-19 00:29:42,REAL,67552094733,619,67552095352,67552095352
2025-06-19 00:29:44,REAL,67552095352,543,67552095895,67552095895
2025-06-19 00:29:46,REAL,67552095895,542,67552096437,67552096437
2025-06-19 00:29:48,REAL,67552096437,594,67552097031,67552097031
2025-06-19 00:29:50,REAL,67552097031,597,67552097628,67552097628
2025-06-19 00:29:52,REAL,67552097628,655,67552098283,67552098283
2025-06-19 00:29:54,REAL,67552098283,110422,67552208705,67552208705
2025-06-19 00:29:56,REAL,67552208705,146328,67552355033,67552355033
2025-06-19 00:29:58,REAL,67552355033,29872,67552384905,67552384905
2025-06-19 00:30:00,REAL,67552384905,28911,67552413816,67552413816
2025-06-19 00:30:02,REAL,67552413816,28533,67552442349,67552442349
2025-06-19 00:30:04,REAL,67552442349,29473,67552471822,67552471822
2025-06-19 00:30:06,REAL,67552471822,28815,67552500637,67552500637
2025-06-19 00:30:08,REAL,67552500637,28984,67552529621,67552529621
2025-06-19 00:30:10,REAL,67552529621,1499,67552531120,67552531120
2025-06-19 00:30:12,REAL,67552531120,620,67552531740,67552531740
2025-06-19 00:30:14,REAL,67552531740,541,67552532281,67552532281
2025-06-19 00:30:16,REAL,67552532281,542,67552532823,67552532823
2025-06-19 00:30:18,REAL,67552532823,546,67552533369,67552533369
2025-06-19 00:30:20,REAL,67552533369,537,67552533906,67552533906
2025-06-19 00:30:22,REAL,67552533906,548,67552534454,67552534454
2025-06-19 00:30:24,REAL,67552534454,539,67552534993,67552534993
2025-06-19 00:30:26,REAL,67552534993,604,67552535597,67552535597
2025-06-19 00:30:28,REAL,67552535597,663,67552536260,67552536260
2025-06-19 00:30:30,REAL,67552536260,539,67552536799,67552536799
2025-06-19 00:30:32,REAL,67552536799,547,67552537346,67552537346
2025-06-19 00:30:34,REAL,67552537346,534,67552537880,67552537880
2025-06-19 00:30:36,REAL,67552537880,545,67552538425,67552538425
2025-06-19 00:30:38,REAL,67552538425,600,67552539025,67552539025
2025-06-19 00:30:40,REAL,67552539025,600,67552539625,67552539625
2025-06-19 00:30:42,REAL,67552539625,618,67552540243,67552540243
2025-06-19 00:30:44,REAL,67552540243,535,67552540778,67552540778
2025-06-19 00:30:46,REAL,67552540778,542,67552541320,67552541320
2025-06-19 00:30:48,REAL,67552541320,537,67552541857,67552541857
2025-06-19 00:30:50,REAL,67552541857,540,67552542397,67552542397
2025-06-19 00:30:52,REAL,67552542397,539,67552542936,67552542936
2025-06-19 00:30:54,REAL,67552542936,541,67552543477,67552543477
2025-06-19 00:30:56,REAL,67552543477,603,67552544080,67552544080
2025-06-19 00:30:58,REAL,67552544080,617,67552544697,67552544697
2025-06-19 00:31:00,REAL,67552544697,535,67552545232,67552545232
2025-06-19 00:31:02,REAL,67552545232,600,67552545832,67552545832
2025-06-19 00:31:04,REAL,67552545832,544,67552546376,67552546376
2025-06-19 00:31:06,REAL,67552546376,534,67552546910,67552546910
2025-06-19 00:31:08,REAL,67552546910,539,67552547449,67552547449
2025-06-19 00:31:10,REAL,67552547449,538,67552547987,67552547987
2025-06-19 00:31:12,REAL,67552547987,667,67552548654,67552548654
2025-06-19 00:31:14,REAL,67552548654,161610,67552710264,67552710264
2025-06-19 00:31:16,REAL,67552710264,105668,67552815932,67552815932
2025-06-19 00:31:18,REAL,67552815932,29015,67552844947,67552844947
2025-06-19 00:31:20,REAL,67552844947,29020,67552873967,67552873967
2025-06-19 00:31:22,REAL,67552873967,29045,67552903012,67552903012
2025-06-19 00:31:24,REAL,67552903012,28934,67552931946,67552931946
2025-06-19 00:31:26,REAL,67552931946,29530,67552961476,67552961476
2025-06-19 00:31:28,REAL,67552961476,25231,67552986707,67552986707
2025-06-19 00:31:30,REAL,67552986707,532,67552987239,67552987239
2025-06-19 00:31:32,REAL,67552987239,540,67552987779,67552987779
2025-06-19 00:31:34,REAL,67552987779,532,67552988311,67552988311
2025-06-19 00:31:36,REAL,67552988311,548,67552988859,67552988859
2025-06-19 00:31:38,REAL,67552988859,531,67552989390,67552989390
2025-06-19 00:31:40,REAL,67552989390,543,67552989933,67552989933
2025-06-19 00:31:42,REAL,67552989933,617,67552990550,67552990550
2025-06-19 00:31:44,REAL,67552990550,605,67552991155,67552991155
2025-06-19 00:31:46,REAL,67552991155,533,67552991688,67552991688
2025-06-19 00:31:48,REAL,67552991688,589,67552992277,67552992277
2025-06-19 00:31:50,REAL,67552992277,538,67552992815,67552992815
2025-06-19 00:31:52,REAL,67552992815,536,67552993351,67552993351
2025-06-19 00:31:54,REAL,67552993351,538,67552993889,67552993889
2025-06-19 00:31:56,REAL,67552993889,543,67552994432,67552994432
2025-06-19 00:31:58,REAL,67552994432,678,67552995110,67552995110
2025-06-19 00:32:00,REAL,67552995110,610,67552995720,67552995720
2025-06-19 00:32:02,REAL,67552995720,550,67552996270,67552996270
2025-06-19 00:32:04,REAL,67552996270,543,67552996813,67552996813
2025-06-19 00:32:06,REAL,67552996813,545,67552997358,67552997358
2025-06-19 00:32:08,REAL,67552997358,535,67552997893,67552997893
2025-06-19 00:32:10,REAL,67552997893,547,67552998440,67552998440
2025-06-19 00:32:12,REAL,67552998440,611,67552999051,67552999051
2025-06-19 00:32:14,REAL,67552999051,541,67552999592,67552999592
2025-06-19 00:32:16,REAL,67552999592,606,67553000198,67553000198
2025-06-19 00:32:18,REAL,67553000198,199489,67553199687,67553199687
2025-06-19 00:32:20,REAL,67553199687,75089,67553274776,67553274776
2025-06-19 00:32:22,REAL,67553274776,28845,67553303621,67553303621
2025-06-19 00:32:24,REAL,67553303621,28800,67553332421,67553332421
2025-06-19 00:32:26,REAL,67553332421,28880,67553361301,67553361301
2025-06-19 00:32:28,REAL,67553361301,28531,67553389832,67553389832
2025-06-19 00:32:30,REAL,67553389832,29375,67553419207,67553419207
2025-06-19 00:32:32,REAL,67553419207,21792,67553440999,67553440999
2025-06-19 00:32:34,REAL,67553440999,540,67553441539,67553441539
2025-06-19 00:32:36,REAL,67553441539,548,67553442087,67553442087
2025-06-19 00:32:38,REAL,67553442087,593,67553442680,67553442680
2025-06-19 00:32:40,REAL,67553442680,542,67553443222,67553443222
2025-06-19 00:32:42,REAL,67553443222,608,67553443830,67553443830
2025-06-19 00:32:44,REAL,67553443830,541,67553444371,67553444371
2025-06-19 00:32:46,REAL,67553444371,539,67553444910,67553444910
2025-06-19 00:32:48,REAL,67553444910,604,67553445514,67553445514
2025-06-19 00:32:50,REAL,67553445514,238772,67553684286,67553684286
2025-06-19 00:32:52,REAL,67553684286,57191,67553741477,67553741477
2025-06-19 00:32:54,REAL,67553741477,28984,67553770461,67553770461
2025-06-19 00:32:56,REAL,67553770461,29007,67553799468,67553799468
2025-06-19 00:32:58,REAL,67553799468,28616,67553828084,67553828084
2025-06-19 00:33:00,REAL,67553828084,29144,67553857228,67553857228
2025-06-19 00:33:02,REAL,67553857228,29268,67553886496,67553886496
2025-06-19 00:33:04,REAL,67553886496,20021,67553906517,67553906517
2025-06-19 00:33:06,REAL,67553906517,535,67553907052,67553907052
2025-06-19 00:33:08,REAL,67553907052,542,67553907594,67553907594
2025-06-19 00:33:10,REAL,67553907594,538,67553908132,67553908132
2025-06-19 00:33:12,REAL,67553908132,615,67553908747,67553908747
2025-06-19 00:33:14,REAL,67553908747,540,67553909287,67553909287
2025-06-19 00:33:16,REAL,67553909287,600,67553909887,67553909887
2025-06-19 00:33:18,REAL,67553909887,534,67553910421,67553910421
2025-06-19 00:33:20,REAL,67553910421,601,67553911022,67553911022
2025-06-19 00:33:22,REAL,67553911022,238182,67554149204,67554149204
2025-06-19 00:33:24,REAL,67554149204,48750,67554197954,67554197954
2025-06-19 00:33:26,REAL,67554197954,28761,67554226715,67554226715
2025-06-19 00:33:28,REAL,67554226715,29085,67554255800,67554255800
2025-06-19 00:33:30,REAL,67554255800,29408,67554285208,67554285208
2025-06-19 00:33:32,REAL,67554285208,28919,67554314127,67554314127
2025-06-19 00:33:34,REAL,67554314127,29066,67554343193,67554343193
2025-06-19 00:33:36,REAL,67554343193,18002,67554361195,67554361195
2025-06-19 00:33:38,REAL,67554361195,542,67554361737,67554361737
2025-06-19 00:33:40,REAL,67554361737,540,67554362277,67554362277
2025-06-19 00:33:42,REAL,67554362277,534,67554362811,67554362811
2025-06-19 00:33:44,REAL,67554362811,623,67554363434,67554363434
2025-06-19 00:33:46,REAL,67554363434,600,67554364034,67554364034
2025-06-19 00:33:48,REAL,67554364034,543,67554364577,67554364577
2025-06-19 00:33:50,REAL,67554364577,550,67554365127,67554365127
2025-06-19 00:33:52,REAL,67554365127,596,67554365723,67554365723
2025-06-19 00:33:54,REAL,67554365723,265656,67554631379,67554631379
2025-06-19 00:33:56,REAL,67554631379,28911,67554660290,67554660290
2025-06-19 00:33:58,REAL,67554660290,29334,67554689624,67554689624
2025-06-19 00:34:00,REAL,67554689624,29110,67554718734,67554718734
2025-06-19 00:34:02,REAL,67554718734,28501,67554747235,67554747235
2025-06-19 00:34:04,REAL,67554747235,29625,67554776860,67554776860
2025-06-19 00:34:06,REAL,67554776860,28607,67554805467,67554805467
2025-06-19 00:34:08,REAL,67554805467,16523,67554821990,67554821990
2025-06-19 00:34:10,REAL,67554821990,548,67554822538,67554822538
2025-06-19 00:34:12,REAL,67554822538,545,67554823083,67554823083
2025-06-19 00:34:14,REAL,67554823083,615,67554823698,67554823698
2025-06-19 00:34:16,REAL,67554823698,536,67554824234,67554824234
2025-06-19 00:34:18,REAL,67554824234,602,67554824836,67554824836
2025-06-19 00:34:20,REAL,67554824836,536,67554825372,67554825372
2025-06-19 00:34:22,REAL,67554825372,542,67554825914,67554825914
2025-06-19 00:34:24,REAL,67554825914,591,67554826505,67554826505
2025-06-19 00:34:26,REAL,67554826505,539,67554827044,67554827044
2025-06-19 00:34:28,REAL,67554827044,618,67554827662,67554827662
2025-06-19 00:34:30,REAL,67554827662,546,67554828208,67554828208
2025-06-19 00:34:32,REAL,67554828208,538,67554828746,67554828746
2025-06-19 00:34:34,REAL,67554828746,536,67554829282,67554829282
2025-06-19 00:34:36,REAL,67554829282,599,67554829881,67554829881
2025-06-19 00:34:38,REAL,67554829881,538,67554830419,67554830419
2025-06-19 00:34:40,REAL,67554830419,608,67554831027,67554831027
2025-06-19 00:34:42,REAL,67554831027,543,67554831570,67554831570
2025-06-19 00:34:44,REAL,67554831570,676,67554832246,67554832246
2025-06-19 00:34:46,REAL,67554832246,536,67554832782,67554832782
2025-06-19 00:34:48,REAL,67554832782,537,67554833319,67554833319
2025-06-19 00:34:50,REAL,67554833319,544,67554833863,67554833863
2025-06-19 00:34:52,REAL,67554833863,542,67554834405,67554834405
2025-06-19 00:34:54,REAL,67554834405,534,67554834939,67554834939
2025-06-19 00:34:56,REAL,67554834939,8510,67554843449,67554843449
2025-06-19 00:34:58,REAL,67554843449,265282,67555108731,67555108731
2025-06-19 00:35:00,REAL,67555108731,29157,67555137888,67555137888
2025-06-19 00:35:02,REAL,67555137888,29042,67555166930,67555166930
2025-06-19 00:35:04,REAL,67555166930,29505,67555196435,67555196435
2025-06-19 00:35:06,REAL,67555196435,29375,67555225810,67555225810
2025-06-19 00:35:08,REAL,67555225810,28869,67555254679,67555254679
2025-06-19 00:35:10,REAL,67555254679,28882,67555283561,67555283561
2025-06-19 00:35:12,REAL,67555283561,12567,67555296128,67555296128
2025-06-19 00:35:14,REAL,67555296128,612,67555296740,67555296740
2025-06-19 00:35:16,REAL,67555296740,544,67555297284,67555297284
2025-06-19 00:35:18,REAL,67555297284,591,67555297875,67555297875
2025-06-19 00:35:20,REAL,67555297875,541,67555298416,67555298416
2025-06-19 00:35:22,REAL,67555298416,599,67555299015,67555299015
2025-06-19 00:35:24,REAL,67555299015,544,67555299559,67555299559
2025-06-19 00:35:26,REAL,67555299559,540,67555300099,67555300099
2025-06-19 00:35:28,REAL,67555300099,676,67555300775,67555300775
2025-06-19 00:35:30,REAL,67555300775,543,67555301318,67555301318
2025-06-19 00:35:32,REAL,67555301318,536,67555301854,67555301854
2025-06-19 00:35:34,REAL,67555301854,539,67555302393,67555302393
2025-06-19 00:35:36,REAL,67555302393,546,67555302939,67555302939
2025-06-19 00:35:38,REAL,67555302939,536,67555303475,67555303475
2025-06-19 00:35:40,REAL,67555303475,549,67555304024,67555304024
2025-06-19 00:35:42,REAL,67555304024,544,67555304568,67555304568
2025-06-19 00:35:44,REAL,67555304568,675,67555305243,67555305243
2025-06-19 00:35:46,REAL,67555305243,588,67555305831,67555305831
2025-06-19 00:35:48,REAL,67555305831,539,67555306370,67555306370
2025-06-19 00:35:50,REAL,67555306370,542,67555306912,67555306912
2025-06-19 00:35:52,REAL,67555306912,541,67555307453,67555307453
2025-06-19 00:35:54,REAL,67555307453,535,67555307988,67555307988
2025-06-19 00:35:56,REAL,67555307988,540,67555308528,67555308528
2025-06-19 00:35:58,REAL,67555308528,534,67555309062,67555309062
2025-06-19 00:36:00,REAL,67555309062,729,67555309791,67555309791
2025-06-19 00:36:02,REAL,67555309791,540,67555310331,67555310331
2025-06-19 00:36:04,REAL,67555310331,534,67555310865,67555310865
2025-06-19 00:36:06,REAL,67555310865,547,67555311412,67555311412
2025-06-19 00:36:08,REAL,67555311412,546,67555311958,67555311958
2025-06-19 00:36:10,REAL,67555311958,535,67555312493,67555312493
2025-06-19 00:36:12,REAL,67555312493,600,67555313093,67555313093
2025-06-19 00:36:14,REAL,67555313093,614,67555313707,67555313707
2025-06-19 00:36:16,REAL,67555313707,600,67555314307,67555314307
2025-06-19 00:36:18,REAL,67555314307,536,67555314843,67555314843
2025-06-19 00:36:20,REAL,67555314843,537,67555315380,67555315380
2025-06-19 00:36:22,REAL,67555315380,545,67555315925,67555315925
2025-06-19 00:36:24,REAL,67555315925,539,67555316464,67555316464
2025-06-19 00:36:26,REAL,67555316464,544,67555317008,67555317008
2025-06-19 00:36:28,REAL,67555317008,537,67555317545,67555317545
2025-06-19 00:36:30,REAL,67555317545,607,67555318152,67555318152
2025-06-19 00:36:32,REAL,67555318152,602,67555318754,67555318754
2025-06-19 00:36:34,REAL,67555318754,544,67555319298,67555319298
2025-06-19 00:36:36,REAL,67555319298,598,67555319896,67555319896
2025-06-19 00:36:38,REAL,67555319896,542,67555320438,67555320438
2025-06-19 00:36:40,REAL,67555320438,534,67555320972,67555320972
2025-06-19 00:36:42,REAL,67555320972,537,67555321509,67555321509
2025-06-19 00:36:44,REAL,67555321509,661,67555322170,67555322170
2025-06-19 00:36:46,REAL,67555322170,542,67555322712,67555322712
2025-06-19 00:36:48,REAL,67555322712,82719,67555405431,67555405431
2025-06-19 00:36:50,REAL,67555405431,197800,67555603231,67555603231
2025-06-19 00:36:52,REAL,67555603231,29432,67555632663,67555632663
2025-06-19 00:36:54,REAL,67555632663,29618,67555662281,67555662281
2025-06-19 00:36:56,REAL,67555662281,29240,67555691521,67555691521
2025-06-19 00:36:58,REAL,67555691521,28925,67555720446,67555720446
2025-06-19 00:37:00,REAL,67555720446,29040,67555749486,67555749486
2025-06-19 00:37:02,REAL,67555749486,28988,67555778474,67555778474
2025-06-19 00:37:04,REAL,67555778474,6335,67555784809,67555784809
2025-06-19 00:37:06,REAL,67555784809,540,67555785349,67555785349
2025-06-19 00:37:08,REAL,67555785349,531,67555785880,67555785880
2025-06-19 00:37:10,REAL,67555785880,531,67555786411,67555786411
2025-06-19 00:37:12,REAL,67555786411,532,67555786943,67555786943
2025-06-19 00:37:14,REAL,67555786943,674,67555787617,67555787617
2025-06-19 00:37:16,REAL,67555787617,548,67555788165,67555788165
2025-06-19 00:37:18,REAL,67555788165,536,67555788701,67555788701
2025-06-19 00:37:20,REAL,67555788701,596,67555789297,67555789297
2025-06-19 00:37:22,REAL,67555789297,537,67555789834,67555789834
2025-06-19 00:37:24,REAL,67555789834,539,67555790373,67555790373
2025-06-19 00:37:26,REAL,67555790373,597,67555790970,67555790970
2025-06-19 00:37:28,REAL,67555790970,533,67555791503,67555791503
2025-06-19 00:37:30,REAL,67555791503,621,67555792124,67555792124
2025-06-19 00:37:32,REAL,67555792124,550,67555792674,67555792674
2025-06-19 00:37:34,REAL,67555792674,611,67555793285,67555793285
2025-06-19 00:37:36,REAL,67555793285,606,67555793891,67555793891
2025-06-19 00:37:38,REAL,67555793891,596,67555794487,67555794487
2025-06-19 00:37:40,REAL,67555794487,535,67555795022,67555795022
2025-06-19 00:37:42,REAL,67555795022,613,67555795635,67555795635
2025-06-19 00:37:44,REAL,67555795635,615,67555796250,67555796250
2025-06-19 00:37:46,REAL,67555796250,550,67555796800,67555796800
2025-06-19 00:37:48,REAL,67555796800,539,67555797339,67555797339
2025-06-19 00:37:50,REAL,67555797339,541,67555797880,67555797880
2025-06-19 00:37:52,REAL,67555797880,594,67555798474,67555798474
2025-06-19 00:37:54,REAL,67555798474,544,67555799018,67555799018
2025-06-19 00:37:56,REAL,67555799018,537,67555799555,67555799555
2025-06-19 00:37:58,REAL,67555799555,541,67555800096,67555800096
2025-06-19 00:38:00,REAL,67555800096,617,67555800713,67555800713
2025-06-19 00:38:02,REAL,67555800713,597,67555801310,67555801310
2025-06-19 00:38:04,REAL,67555801310,540,67555801850,67555801850
2025-06-19 00:38:06,REAL,67555801850,542,67555802392,67555802392
2025-06-19 00:38:08,REAL,67555802392,595,67555802987,67555802987
2025-06-19 00:38:10,REAL,67555802987,596,67555803583,67555803583
2025-06-19 00:38:12,REAL,67555803583,542,67555804125,67555804125
2025-06-19 00:38:14,REAL,67555804125,610,67555804735,67555804735
2025-06-19 00:38:16,REAL,67555804735,543,67555805278,67555805278
2025-06-19 00:38:18,REAL,67555805278,539,67555805817,67555805817
2025-06-19 00:38:20,REAL,67555805817,546,67555806363,67555806363
2025-06-19 00:38:22,REAL,67555806363,539,67555806902,67555806902
2025-06-19 00:38:24,REAL,67555806902,602,67555807504,67555807504
2025-06-19 00:38:26,REAL,67555807504,541,67555808045,67555808045
2025-06-19 00:38:28,REAL,67555808045,603,67555808648,67555808648
2025-06-19 00:38:30,REAL,67555808648,619,67555809267,67555809267
2025-06-19 00:38:32,REAL,67555809267,538,67555809805,67555809805
2025-06-19 00:38:34,REAL,67555809805,542,67555810347,67555810347
2025-06-19 00:38:36,REAL,67555810347,540,67555810887,67555810887
2025-06-19 00:38:38,REAL,67555810887,538,67555811425,67555811425
2025-06-19 00:38:40,REAL,67555811425,601,67555812026,67555812026
2025-06-19 00:38:42,REAL,67555812026,543,67555812569,67555812569
2025-06-19 00:38:44,REAL,67555812569,622,67555813191,67555813191
2025-06-19 00:38:46,REAL,67555813191,541,67555813732,67555813732
2025-06-19 00:38:48,REAL,67555813732,545,67555814277,67555814277
2025-06-19 00:38:50,REAL,67555814277,532,67555814809,67555814809
2025-06-19 00:38:52,REAL,67555814809,541,67555815350,67555815350
2025-06-19 00:38:54,REAL,67555815350,600,67555815950,67555815950
2025-06-19 00:38:56,REAL,67555815950,663,67555816613,67555816613
2025-06-19 00:38:58,REAL,67555816613,594,67555817207,67555817207
2025-06-19 00:39:00,REAL,67555817207,670,67555817877,67555817877
2025-06-19 00:39:02,REAL,67555817877,532,67555818409,67555818409
2025-06-19 00:39:04,REAL,67555818409,537,67555818946,67555818946
2025-06-19 00:39:06,REAL,67555818946,542,67555819488,67555819488
2025-06-19 00:39:08,REAL,67555819488,537,67555820025,67555820025
2025-06-19 00:39:10,REAL,67555820025,539,67555820564,67555820564
2025-06-19 00:39:12,REAL,67555820564,545,67555821109,67555821109
2025-06-19 00:39:14,REAL,67555821109,600,67555821709,67555821709
2025-06-19 00:39:16,REAL,67555821709,671,67555822380,67555822380
2025-06-19 00:39:18,REAL,67555822380,542,67555822922,67555822922
2025-06-19 00:39:20,REAL,67555822922,538,67555823460,67555823460
2025-06-19 00:39:22,REAL,67555823460,543,67555824003,67555824003
2025-06-19 00:39:24,REAL,67555824003,546,67555824549,67555824549
2025-06-19 00:39:26,REAL,67555824549,533,67555825082,67555825082
2025-06-19 00:39:28,REAL,67555825082,535,67555825617,67555825617
2025-06-19 00:39:30,REAL,67555825617,614,67555826231,67555826231
2025-06-19 00:39:32,REAL,67555826231,22368,67555848599,67555848599
2025-06-19 00:39:34,REAL,67555848599,226788,67556075387,67556075387
2025-06-19 00:39:36,REAL,67556075387,29586,67556104973,67556104973
2025-06-19 00:39:38,REAL,67556104973,29344,67556134317,67556134317
2025-06-19 00:39:40,REAL,67556134317,29123,67556163440,67556163440
2025-06-19 00:39:42,REAL,67556163440,29486,67556192926,67556192926
2025-06-19 00:39:44,REAL,67556192926,29418,67556222344,67556222344
2025-06-19 00:39:46,REAL,67556222344,29459,67556251803,67556251803
2025-06-19 00:39:48,REAL,67556251803,11657,67556263460,67556263460
2025-06-19 00:39:50,REAL,67556263460,542,67556264002,67556264002
2025-06-19 00:39:52,REAL,67556264002,545,67556264547,67556264547
2025-06-19 00:39:54,REAL,67556264547,545,67556265092,67556265092
2025-06-19 00:39:56,REAL,67556265092,537,67556265629,67556265629
2025-06-19 00:39:58,REAL,67556265629,544,67556266173,67556266173
2025-06-19 00:40:00,REAL,67556266173,613,67556266786,67556266786
2025-06-19 00:40:02,REAL,67556266786,532,67556267318,67556267318
2025-06-19 00:40:04,REAL,67556267318,599,67556267917,67556267917
2025-06-19 00:40:06,REAL,67556267917,545,67556268462,67556268462
2025-06-19 00:40:08,REAL,67556268462,545,67556269007,67556269007
2025-06-19 00:40:10,REAL,67556269007,544,67556269551,67556269551
2025-06-19 00:40:12,REAL,67556269551,535,67556270086,67556270086
2025-06-19 00:40:14,REAL,67556270086,536,67556270622,67556270622
2025-06-19 00:40:16,REAL,67556270622,616,67556271238,67556271238
2025-06-19 00:40:18,REAL,67556271238,593,67556271831,67556271831
2025-06-19 00:40:20,REAL,67556271831,663,67556272494,67556272494
2025-06-19 00:40:22,REAL,67556272494,541,67556273035,67556273035
2025-06-19 00:40:24,REAL,67556273035,534,67556273569,67556273569
2025-06-19 00:40:26,REAL,67556273569,543,67556274112,67556274112
2025-06-19 00:40:28,REAL,67556274112,539,67556274651,67556274651
2025-06-19 00:40:30,REAL,67556274651,609,67556275260,67556275260
2025-06-19 00:40:32,REAL,67556275260,535,67556275795,67556275795
2025-06-19 00:40:34,REAL,67556275795,544,67556276339,67556276339
2025-06-19 00:40:36,REAL,67556276339,598,67556276937,67556276937
2025-06-19 00:40:38,REAL,67556276937,541,67556277478,67556277478
2025-06-19 00:40:40,REAL,67556277478,543,67556278021,67556278021
2025-06-19 00:40:42,REAL,67556278021,538,67556278559,67556278559
2025-06-19 00:40:44,REAL,67556278559,543,67556279102,67556279102
2025-06-19 00:40:46,REAL,67556279102,617,67556279719,67556279719
2025-06-19 00:40:48,REAL,67556279719,537,67556280256,67556280256
2025-06-19 00:40:50,REAL,67556280256,544,67556280800,67556280800
2025-06-19 00:40:52,REAL,67556280800,591,67556281391,67556281391
2025-06-19 00:40:54,REAL,67556281391,546,67556281937,67556281937
2025-06-19 00:40:56,REAL,67556281937,596,67556282533,67556282533
2025-06-19 00:40:58,REAL,67556282533,549,67556283082,67556283082
2025-06-19 00:41:00,REAL,67556283082,619,67556283701,67556283701
2025-06-19 00:41:02,REAL,67556283701,539,67556284240,67556284240
2025-06-19 00:41:04,REAL,67556284240,533,67556284773,67556284773
2025-06-19 00:41:06,REAL,67556284773,542,67556285315,67556285315
2025-06-19 00:41:08,REAL,67556285315,661,67556285976,67556285976
2025-06-19 00:41:10,REAL,67556285976,535,67556286511,67556286511
2025-06-19 00:41:12,REAL,67556286511,536,67556287047,67556287047
2025-06-19 00:41:14,REAL,67556287047,532,67556287579,67556287579
2025-06-19 00:41:16,REAL,67556287579,621,67556288200,67556288200
2025-06-19 00:41:18,REAL,67556288200,549,67556288749,67556288749
2025-06-19 00:41:20,REAL,67556288749,543,67556289292,67556289292
2025-06-19 00:41:22,REAL,67556289292,547,67556289839,67556289839
2025-06-19 00:41:24,REAL,67556289839,596,67556290435,67556290435
2025-06-19 00:41:26,REAL,67556290435,549,67556290984,67556290984
2025-06-19 00:41:28,REAL,67556290984,546,67556291530,67556291530
2025-06-19 00:41:30,REAL,67556291530,610,67556292140,67556292140
2025-06-19 00:41:32,REAL,67556292140,589,67556292729,67556292729
2025-06-19 00:41:34,REAL,67556292729,541,67556293270,67556293270
2025-06-19 00:41:36,REAL,67556293270,535,67556293805,67556293805
2025-06-19 00:41:38,REAL,67556293805,539,67556294344,67556294344
2025-06-19 00:41:40,REAL,67556294344,592,67556294936,67556294936
2025-06-19 00:41:42,REAL,67556294936,540,67556295476,67556295476
2025-06-19 00:41:44,REAL,67556295476,545,67556296021,67556296021
2025-06-19 00:41:46,REAL,67556296021,374,67556296395,67556296395
2025-06-19 00:41:48,REAL,67556296395,545,67556296940,67556296940
2025-06-19 00:41:50,REAL,67556296940,537,67556297477,67556297477
2025-06-19 00:41:52,REAL,67556297477,550,67556298027,67556298027
2025-06-19 00:41:54,REAL,67556298027,598,67556298625,67556298625
2025-06-19 00:41:56,REAL,67556298625,604,67556299229,67556299229
2025-06-19 00:41:58,REAL,67556299229,542,67556299771,67556299771
2025-06-19 00:42:00,REAL,67556299771,620,67556300391,67556300391
2025-06-19 00:42:02,REAL,67556300391,535,67556300926,67556300926
2025-06-19 00:42:04,REAL,67556300926,541,67556301467,67556301467
2025-06-19 00:42:06,REAL,67556301467,537,67556302004,67556302004
2025-06-19 00:42:08,REAL,67556302004,530,67556302534,67556302534
2025-06-19 00:42:10,REAL,67556302534,590,67556303124,67556303124
2025-06-19 00:42:12,REAL,67556303124,606,67556303730,67556303730
2025-06-19 00:42:14,REAL,67556303730,544,67556304274,67556304274
2025-06-19 00:42:16,REAL,67556304274,613,67556304887,67556304887
2025-06-19 00:42:18,REAL,67556304887,534,67556305421,67556305421
2025-06-19 00:42:20,REAL,67556305421,546,67556305967,67556305967
2025-06-19 00:42:22,REAL,67556305967,540,67556306507,67556306507
2025-06-19 00:42:24,REAL,67556306507,531,67556307038,67556307038
2025-06-19 00:42:26,REAL,67556307038,532,67556307570,67556307570
2025-06-19 00:42:28,REAL,67556307570,111984,67556419554,67556419554
2025-06-19 00:42:30,REAL,67556419554,149753,67556569307,67556569307
2025-06-19 00:42:32,REAL,67556569307,29210,67556598517,67556598517
2025-06-19 00:42:34,REAL,67556598517,29374,67556627891,67556627891
2025-06-19 00:42:36,REAL,67556627891,28987,67556656878,67556656878
2025-06-19 00:42:38,REAL,67556656878,29741,67556686619,67556686619
2025-06-19 00:42:40,REAL,67556686619,29382,67556716001,67556716001
2025-06-19 00:42:42,REAL,67556716001,28626,67556744627,67556744627
2025-06-19 00:42:44,REAL,67556744627,1794,67556746421,67556746421
2025-06-19 00:42:46,REAL,67556746421,677,67556747098,67556747098
2025-06-19 00:42:48,REAL,67556747098,539,67556747637,67556747637
2025-06-19 00:42:50,REAL,67556747637,536,67556748173,67556748173
2025-06-19 00:42:52,REAL,67556748173,539,67556748712,67556748712
2025-06-19 00:42:54,REAL,67556748712,545,67556749257,67556749257
2025-06-19 00:42:56,REAL,67556749257,538,67556749795,67556749795
2025-06-19 00:42:58,REAL,67556749795,538,67556750333,67556750333
2025-06-19 00:43:00,REAL,67556750333,120264,67556870597,67556870597
2025-06-19 00:43:02,REAL,67556870597,143825,67557014422,67557014422
2025-06-19 00:43:04,REAL,67557014422,29321,67557043743,67557043743
2025-06-19 00:43:06,REAL,67557043743,29764,67557073507,67557073507
2025-06-19 00:43:08,REAL,67557073507,29303,67557102810,67557102810
2025-06-19 00:43:10,REAL,67557102810,28876,67557131686,67557131686
2025-06-19 00:43:12,REAL,67557131686,29180,67557160866,67557160866
2025-06-19 00:43:14,REAL,67557160866,28406,67557189272,67557189272
2025-06-19 00:43:16,REAL,67557189272,619,67557189891,67557189891
2025-06-19 00:43:18,REAL,67557189891,547,67557190438,67557190438
2025-06-19 00:43:20,REAL,67557190438,539,67557190977,67557190977
2025-06-19 00:43:22,REAL,67557190977,543,67557191520,67557191520
2025-06-19 00:43:24,REAL,67557191520,600,67557192120,67557192120
2025-06-19 00:43:26,REAL,67557192120,542,67557192662,67557192662
2025-06-19 00:43:28,REAL,67557192662,543,67557193205,67557193205
2025-06-19 00:43:30,REAL,67557193205,680,67557193885,67557193885
2025-06-19 00:43:32,REAL,67557193885,597,67557194482,67557194482
2025-06-19 00:43:34,REAL,67557194482,604,67557195086,67557195086
2025-06-19 00:43:36,REAL,67557195086,12889,67557207975,67557207975
2025-06-19 00:43:38,REAL,67557207975,278761,67557486736,67557486736
2025-06-19 00:43:40,REAL,67557486736,29458,67557516194,67557516194
2025-06-19 00:43:42,REAL,67557516194,28905,67557545099,67557545099
2025-06-19 00:43:44,REAL,67557545099,28482,67557573581,67557573581
2025-06-19 00:43:46,REAL,67557573581,29455,67557603036,67557603036
2025-06-19 00:43:48,REAL,67557603036,28828,67557631864,67557631864
2025-06-19 00:43:50,REAL,67557631864,29153,67557661017,67557661017
2025-06-19 00:43:52,REAL,67557661017,12134,67557673151,67557673151
2025-06-19 00:43:54,REAL,67557673151,598,67557673749,67557673749
2025-06-19 00:43:56,REAL,67557673749,608,67557674357,67557674357
2025-06-19 00:43:58,REAL,67557674357,537,67557674894,67557674894
2025-06-19 00:44:00,REAL,67557674894,670,67557675564,67557675564
2025-06-19 00:44:02,REAL,67557675564,542,67557676106,67557676106
2025-06-19 00:44:04,REAL,67557676106,541,67557676647,67557676647
2025-06-19 00:44:06,REAL,67557676647,545,67557677192,67557677192
2025-06-19 00:44:08,REAL,67557677192,534,67557677726,67557677726
2025-06-19 00:44:10,REAL,67557677726,532,67557678258,67557678258
2025-06-19 00:44:12,REAL,67557678258,660,67557678918,67557678918
2025-06-19 00:44:14,REAL,67557678918,542,67557679460,67557679460
2025-06-19 00:44:16,REAL,67557679460,671,67557680131,67557680131
2025-06-19 00:44:18,REAL,67557680131,534,67557680665,67557680665
2025-06-19 00:44:20,REAL,67557680665,541,67557681206,67557681206
2025-06-19 00:44:22,REAL,67557681206,542,67557681748,67557681748
2025-06-19 00:44:24,REAL,67557681748,545,67557682293,67557682293
2025-06-19 00:44:26,REAL,67557682293,539,67557682832,67557682832
2025-06-19 00:44:28,REAL,67557682832,593,67557683425,67557683425
2025-06-19 00:44:30,REAL,67557683425,621,67557684046,67557684046
2025-06-19 00:44:32,REAL,67557684046,545,67557684591,67557684591
2025-06-19 00:44:34,REAL,67557684591,533,67557685124,67557685124
2025-06-19 00:44:36,REAL,67557685124,591,67557685715,67557685715
2025-06-19 00:44:38,REAL,67557685715,543,67557686258,67557686258
2025-06-19 00:44:40,REAL,67557686258,534,67557686792,67557686792
2025-06-19 00:44:42,REAL,67557686792,536,67557687328,67557687328
2025-06-19 00:44:44,REAL,67557687328,603,67557687931,67557687931
2025-06-19 00:44:46,REAL,67557687931,618,67557688549,67557688549
2025-06-19 00:44:48,REAL,67557688549,548,67557689097,67557689097
2025-06-19 00:44:50,REAL,67557689097,542,67557689639,67557689639
2025-06-19 00:44:52,REAL,67557689639,535,67557690174,67557690174
2025-06-19 00:44:54,REAL,67557690174,589,67557690763,67557690763
2025-06-19 00:44:56,REAL,67557690763,550,67557691313,67557691313
2025-06-19 00:44:58,REAL,67557691313,537,67557691850,67557691850
2025-06-19 00:45:00,REAL,67557691850,670,67557692520,67557692520
2025-06-19 00:45:02,REAL,67557692520,543,67557693063,67557693063
2025-06-19 00:45:04,REAL,67557693063,531,67557693594,67557693594
2025-06-19 00:45:06,REAL,67557693594,533,67557694127,67557694127
2025-06-19 00:45:08,REAL,67557694127,542,67557694669,67557694669
2025-06-19 00:45:10,REAL,67557694669,534,67557695203,67557695203
2025-06-19 00:45:12,REAL,67557695203,538,67557695741,67557695741
2025-06-19 00:45:14,REAL,67557695741,596,67557696337,67557696337
2025-06-19 00:45:16,REAL,67557696337,677,67557697014,67557697014
2025-06-19 00:45:18,REAL,67557697014,209573,67557906587,67557906587
2025-06-19 00:45:20,REAL,67557906587,77889,67557984476,67557984476
2025-06-19 00:45:22,REAL,67557984476,29592,67558014068,67558014068
2025-06-19 00:45:24,REAL,67558014068,31404,67558045472,67558045472
2025-06-19 00:45:26,REAL,67558045472,26698,67558072170,67558072170
2025-06-19 00:45:28,REAL,67558072170,29225,67558101395,67558101395
2025-06-19 00:45:30,REAL,67558101395,29155,67558130550,67558130550
2025-06-19 00:45:32,REAL,67558130550,20938,67558151488,67558151488
2025-06-19 00:45:34,REAL,67558151488,599,67558152087,67558152087
2025-06-19 00:45:36,REAL,67558152087,539,67558152626,67558152626
2025-06-19 00:45:38,REAL,67558152626,546,67558153172,67558153172
2025-06-19 00:45:40,REAL,67558153172,536,67558153708,67558153708
2025-06-19 00:45:42,REAL,67558153708,534,67558154242,67558154242
2025-06-19 00:45:44,REAL,67558154242,541,67558154783,67558154783
2025-06-19 00:45:46,REAL,67558154783,616,67558155399,67558155399
2025-06-19 00:45:48,REAL,67558155399,607,67558156006,67558156006
2025-06-19 00:45:50,REAL,67558156006,242241,67558398247,67558398247
2025-06-19 00:45:52,REAL,67558398247,52292,67558450539,67558450539
2025-06-19 00:45:54,REAL,67558450539,29179,67558479718,67558479718
2025-06-19 00:45:56,REAL,67558479718,29580,67558509298,67558509298
2025-06-19 00:45:58,REAL,67558509298,29364,67558538662,67558538662
2025-06-19 00:46:00,REAL,67558538662,28881,67558567543,67558567543
2025-06-19 00:46:02,REAL,67558567543,29509,67558597052,67558597052
2025-06-19 00:46:04,REAL,67558597052,19195,67558616247,67558616247
2025-06-19 00:46:06,REAL,67558616247,549,67558616796,67558616796
2025-06-19 00:46:08,REAL,67558616796,532,67558617328,67558617328
2025-06-19 00:46:10,REAL,67558617328,538,67558617866,67558617866
2025-06-19 00:46:12,REAL,67558617866,539,67558618405,67558618405
2025-06-19 00:46:14,REAL,67558618405,538,67558618943,67558618943
2025-06-19 00:46:16,REAL,67558618943,672,67558619615,67558619615
2025-06-19 00:46:18,REAL,67558619615,536,67558620151,67558620151
2025-06-19 00:46:20,REAL,67558620151,599,67558620750,67558620750
2025-06-19 00:46:22,REAL,67558620750,550,67558621300,67558621300
2025-06-19 00:46:24,REAL,67558621300,542,67558621842,67558621842
2025-06-19 00:46:26,REAL,67558621842,541,67558622383,67558622383
2025-06-19 00:46:28,REAL,67558622383,596,67558622979,67558622979
2025-06-19 00:46:30,REAL,67558622979,537,67558623516,67558623516
2025-06-19 00:46:32,REAL,67558623516,616,67558624132,67558624132
2025-06-19 00:46:34,REAL,67558624132,534,67558624666,67558624666
2025-06-19 00:46:36,REAL,67558624666,604,67558625270,67558625270
2025-06-19 00:46:38,REAL,67558625270,586,67558625856,67558625856
2025-06-19 00:46:40,REAL,67558625856,535,67558626391,67558626391
2025-06-19 00:46:42,REAL,67558626391,534,67558626925,67558626925
2025-06-19 00:46:44,REAL,67558626925,537,67558627462,67558627462
2025-06-19 00:46:46,REAL,67558627462,610,67558628072,67558628072
2025-06-19 00:46:48,REAL,67558628072,541,67558628613,67558628613
2025-06-19 00:46:50,REAL,67558628613,543,67558629156,67558629156
2025-06-19 00:46:52,REAL,67558629156,595,67558629751,67558629751
2025-06-19 00:46:54,REAL,67558629751,597,67558630348,67558630348
2025-06-19 00:46:56,REAL,67558630348,602,67558630950,67558630950
2025-06-19 00:46:58,REAL,67558630950,655,67558631605,67558631605
2025-06-19 00:47:00,REAL,67558631605,541,67558632146,67558632146
2025-06-19 00:47:02,REAL,67558632146,615,67558632761,67558632761
2025-06-19 00:47:04,REAL,67558632761,543,67558633304,67558633304
2025-06-19 00:47:06,REAL,67558633304,538,67558633842,67558633842
2025-06-19 00:47:08,REAL,67558633842,598,67558634440,67558634440
2025-06-19 00:47:10,REAL,67558634440,541,67558634981,67558634981
2025-06-19 00:47:12,REAL,67558634981,540,67558635521,67558635521
2025-06-19 00:47:14,REAL,67558635521,598,67558636119,67558636119
2025-06-19 00:47:16,REAL,67558636119,614,67558636733,67558636733
2025-06-19 00:47:18,REAL,67558636733,542,67558637275,67558637275
2025-06-19 00:47:20,REAL,67558637275,599,67558637874,67558637874
2025-06-19 00:47:22,REAL,67558637874,539,67558638413,67558638413
2025-06-19 00:47:24,REAL,67558638413,544,67558638957,67558638957
2025-06-19 00:47:26,REAL,67558638957,540,67558639497,67558639497
2025-06-19 00:47:28,REAL,67558639497,533,67558640030,67558640030
2025-06-19 00:47:30,REAL,67558640030,595,67558640625,67558640625
2025-06-19 00:47:32,REAL,67558640625,622,67558641247,67558641247
2025-06-19 00:47:34,REAL,67558641247,538,67558641785,67558641785
2025-06-19 00:47:36,REAL,67558641785,541,67558642326,67558642326
2025-06-19 00:47:38,REAL,67558642326,542,67558642868,67558642868
2025-06-19 00:47:40,REAL,67558642868,586,67558643454,67558643454
2025-06-19 00:47:42,REAL,67558643454,544,67558643998,67558643998
2025-06-19 00:47:44,REAL,67558643998,602,67558644600,67558644600
2025-06-19 00:47:46,REAL,67558644600,665,67558645265,67558645265
2025-06-19 00:47:48,REAL,67558645265,537,67558645802,67558645802
2025-06-19 00:47:50,REAL,67558645802,540,67558646342,67558646342
2025-06-19 00:47:52,REAL,67558646342,548,67558646890,67558646890
2025-06-19 00:47:54,REAL,67558646890,533,67558647423,67558647423
2025-06-19 00:47:56,REAL,67558647423,539,67558647962,67558647962
2025-06-19 00:47:58,REAL,67558647962,539,67558648501,67558648501
2025-06-19 00:48:00,REAL,67558648501,602,67558649103,67558649103
2025-06-19 00:48:02,REAL,67558649103,154937,67558804040,67558804040
2025-06-19 00:48:04,REAL,67558804040,113003,67558917043,67558917043
2025-06-19 00:48:06,REAL,67558917043,29416,67558946459,67558946459
2025-06-19 00:48:08,REAL,67558946459,29669,67558976128,67558976128
2025-06-19 00:48:10,REAL,67558976128,29097,67559005225,67559005225
2025-06-19 00:48:12,REAL,67559005225,29443,67559034668,67559034668
2025-06-19 00:48:14,REAL,67559034668,29158,67559063826,67559063826
2025-06-19 00:48:16,REAL,67559063826,26389,67559090215,67559090215
2025-06-19 00:48:18,REAL,67559090215,538,67559090753,67559090753
2025-06-19 00:48:20,REAL,67559090753,533,67559091286,67559091286
2025-06-19 00:48:22,REAL,67559091286,591,67559091877,67559091877
2025-06-19 00:48:24,REAL,67559091877,538,67559092415,67559092415
2025-06-19 00:48:26,REAL,67559092415,546,67559092961,67559092961
2025-06-19 00:48:28,REAL,67559092961,540,67559093501,67559093501
2025-06-19 00:48:30,REAL,67559093501,541,67559094042,67559094042
2025-06-19 00:48:32,REAL,67559094042,671,67559094713,67559094713
2025-06-19 00:48:34,REAL,67559094713,182411,67559277124,67559277124
2025-06-19 00:48:36,REAL,67559277124,105544,67559382668,67559382668
2025-06-19 00:48:38,REAL,67559382668,29842,67559412510,67559412510
2025-06-19 00:48:40,REAL,67559412510,28832,67559441342,67559441342
2025-06-19 00:48:42,REAL,67559441342,29702,67559471044,67559471044
2025-06-19 00:48:44,REAL,67559471044,28963,67559500007,67559500007
2025-06-19 00:48:46,REAL,67559500007,29206,67559529213,67559529213
2025-06-19 00:48:48,REAL,67559529213,24095,67559553308,67559553308
2025-06-19 00:48:50,REAL,67559553308,541,67559553849,67559553849
2025-06-19 00:48:52,REAL,67559553849,541,67559554390,67559554390
2025-06-19 00:48:54,REAL,67559554390,539,67559554929,67559554929
2025-06-19 00:48:56,REAL,67559554929,535,67559555464,67559555464
2025-06-19 00:48:58,REAL,67559555464,542,67559556006,67559556006
2025-06-19 00:49:00,REAL,67559556006,532,67559556538,67559556538
2025-06-19 00:49:02,REAL,67559556538,614,67559557152,67559557152
2025-06-19 00:49:04,REAL,67559557152,658,67559557810,67559557810
2025-06-19 00:49:06,REAL,67559557810,544,67559558354,67559558354
2025-06-19 00:49:08,REAL,67559558354,537,67559558891,67559558891
2025-06-19 00:49:10,REAL,67559558891,546,67559559437,67559559437
2025-06-19 00:49:12,REAL,67559559437,540,67559559977,67559559977
2025-06-19 00:49:14,REAL,67559559977,547,67559560524,67559560524
2025-06-19 00:49:16,REAL,67559560524,619,67559561143,67559561143
2025-06-19 00:49:18,REAL,67559561143,548,67559561691,67559561691
2025-06-19 00:49:20,REAL,67559561691,650,67559562341,67559562341
2025-06-19 00:49:22,REAL,67559562341,542,67559562883,67559562883
2025-06-19 00:49:24,REAL,67559562883,537,67559563420,67559563420
2025-06-19 00:49:26,REAL,67559563420,601,67559564021,67559564021
2025-06-19 00:49:28,REAL,67559564021,540,67559564561,67559564561
2025-06-19 00:49:30,REAL,67559564561,547,67559565108,67559565108
2025-06-19 00:49:32,REAL,67559565108,617,67559565725,67559565725
2025-06-19 00:49:34,REAL,67559565725,547,67559566272,67559566272
2025-06-19 00:49:36,REAL,67559566272,603,67559566875,67559566875
2025-06-19 00:49:38,REAL,67559566875,543,67559567418,67559567418
2025-06-19 00:49:40,REAL,67559567418,547,67559567965,67559567965
2025-06-19 00:49:42,REAL,67559567965,540,67559568505,67559568505
2025-06-19 00:49:44,REAL,67559568505,539,67559569044,67559569044
2025-06-19 00:49:46,REAL,67559569044,664,67559569708,67559569708
2025-06-19 00:49:48,REAL,67559569708,540,67559570248,67559570248
2025-06-19 00:49:50,REAL,67559570248,536,67559570784,67559570784
2025-06-19 00:49:52,REAL,67559570784,598,67559571382,67559571382
2025-06-19 00:49:54,REAL,67559571382,543,67559571925,67559571925
2025-06-19 00:49:56,REAL,67559571925,540,67559572465,67559572465
2025-06-19 00:49:58,REAL,67559572465,541,67559573006,67559573006
2025-06-19 00:50:00,REAL,67559573006,544,67559573550,67559573550
2025-06-19 00:50:02,REAL,67559573550,611,67559574161,67559574161
2025-06-19 00:50:04,REAL,67559574161,543,67559574704,67559574704
2025-06-19 00:50:06,REAL,67559574704,539,67559575243,67559575243
2025-06-19 00:50:08,REAL,67559575243,654,67559575897,67559575897
2025-06-19 00:50:10,REAL,67559575897,605,67559576502,67559576502
2025-06-19 00:50:12,REAL,67559576502,602,67559577104,67559577104
2025-06-19 00:50:14,REAL,67559577104,667,67559577771,67559577771
2025-06-19 00:50:16,REAL,67559577771,667,67559578438,67559578438
2025-06-19 00:50:18,REAL,67559578438,605,67559579043,67559579043
2025-06-19 00:50:20,REAL,67559579043,547,67559579590,67559579590
2025-06-19 00:50:22,REAL,67559579590,593,67559580183,67559580183
2025-06-19 00:50:24,REAL,67559580183,535,67559580718,67559580718
2025-06-19 00:50:26,REAL,67559580718,540,67559581258,67559581258
2025-06-19 00:50:28,REAL,67559581258,546,67559581804,67559581804
2025-06-19 00:50:30,REAL,67559581804,541,67559582345,67559582345
2025-06-19 00:50:32,REAL,67559582345,612,67559582957,67559582957
2025-06-19 00:50:34,REAL,67559582957,600,67559583557,67559583557
2025-06-19 00:50:36,REAL,67559583557,535,67559584092,67559584092
2025-06-19 00:50:38,REAL,67559584092,547,67559584639,67559584639
2025-06-19 00:50:40,REAL,67559584639,539,67559585178,67559585178
2025-06-19 00:50:42,REAL,67559585178,544,67559585722,67559585722
2025-06-19 00:50:44,REAL,67559585722,536,67559586258,67559586258
2025-06-19 00:50:46,REAL,67559586258,690,67559586948,67559586948
2025-06-19 00:50:48,REAL,67559586948,539,67559587487,67559587487
2025-06-19 00:50:50,REAL,67559587487,609,67559588096,67559588096
2025-06-19 00:50:52,REAL,67559588096,602,67559588698,67559588698
2025-06-19 00:50:54,REAL,67559588698,658,67559589356,67559589356
2025-06-19 00:50:56,REAL,67559589356,598,67559589954,67559589954
2025-06-19 00:50:58,REAL,67559589954,546,67559590500,67559590500
2025-06-19 00:51:00,REAL,67559590500,591,67559591091,67559591091
2025-06-19 00:51:02,REAL,67559591091,613,67559591704,67559591704
2025-06-19 00:51:04,REAL,67559591704,538,67559592242,67559592242
2025-06-19 00:51:06,REAL,67559592242,539,67559592781,67559592781
2025-06-19 00:51:08,REAL,67559592781,546,67559593327,67559593327
2025-06-19 00:51:10,REAL,67559593327,536,67559593863,67559593863
2025-06-19 00:51:12,REAL,67559593863,605,67559594468,67559594468
2025-06-19 00:51:14,REAL,67559594468,538,67559595006,67559595006
2025-06-19 00:51:16,REAL,67559595006,614,67559595620,67559595620
2025-06-19 00:51:18,REAL,67559595620,541,67559596161,67559596161
2025-06-19 00:51:20,REAL,67559596161,546,67559596707,67559596707
2025-06-19 00:51:22,REAL,67559596707,548,67559597255,67559597255
2025-06-19 00:51:24,REAL,67559597255,534,67559597789,67559597789
2025-06-19 00:51:26,REAL,67559597789,543,67559598332,67559598332
2025-06-19 00:51:28,REAL,67559598332,130863,67559729195,67559729195
2025-06-19 00:51:30,REAL,67559729195,136489,67559865684,67559865684
2025-06-19 00:51:32,REAL,67559865684,28809,67559894493,67559894493
2025-06-19 00:51:34,REAL,67559894493,28848,67559923341,67559923341
2025-06-19 00:51:36,REAL,67559923341,29173,67559952514,67559952514
2025-06-19 00:51:38,REAL,67559952514,29033,67559981547,67559981547
2025-06-19 00:51:40,REAL,67559981547,29334,67560010881,67560010881
2025-06-19 00:51:42,REAL,67560010881,29244,67560040125,67560040125
2025-06-19 00:51:44,REAL,67560040125,1124,67560041249,67560041249
2025-06-19 00:51:46,REAL,67560041249,621,67560041870,67560041870
2025-06-19 00:51:48,REAL,67560041870,540,67560042410,67560042410
2025-06-19 00:51:50,REAL,67560042410,541,67560042951,67560042951
2025-06-19 00:51:52,REAL,67560042951,539,67560043490,67560043490
2025-06-19 00:51:54,REAL,67560043490,539,67560044029,67560044029
2025-06-19 00:51:56,REAL,67560044029,534,67560044563,67560044563
2025-06-19 00:51:58,REAL,67560044563,538,67560045101,67560045101
2025-06-19 00:52:00,REAL,67560045101,142230,67560187331,67560187331
2025-06-19 00:52:02,REAL,67560187331,147952,67560335283,67560335283
2025-06-19 00:52:04,REAL,67560335283,28954,67560364237,67560364237
2025-06-19 00:52:06,REAL,67560364237,29728,67560393965,67560393965
2025-06-19 00:52:08,REAL,67560393965,29126,67560423091,67560423091
2025-06-19 00:52:10,REAL,67560423091,29098,67560452189,67560452189
2025-06-19 00:52:12,REAL,67560452189,29015,67560481204,67560481204
2025-06-19 00:52:14,REAL,67560481204,27979,67560509183,67560509183
2025-06-19 00:52:16,REAL,67560509183,606,67560509789,67560509789
2025-06-19 00:52:18,REAL,67560509789,541,67560510330,67560510330
2025-06-19 00:52:20,REAL,67560510330,541,67560510871,67560510871
2025-06-19 00:52:22,REAL,67560510871,544,67560511415,67560511415
2025-06-19 00:52:24,REAL,67560511415,543,67560511958,67560511958
2025-06-19 00:52:26,REAL,67560511958,544,67560512502,67560512502
2025-06-19 00:52:28,REAL,67560512502,537,67560513039,67560513039
2025-06-19 00:52:30,REAL,67560513039,597,67560513636,67560513636
2025-06-19 00:52:32,REAL,67560513636,160010,67560673646,67560673646
2025-06-19 00:52:34,REAL,67560673646,119044,67560792690,67560792690
2025-06-19 00:52:36,REAL,67560792690,29329,67560822019,67560822019
2025-06-19 00:52:38,REAL,67560822019,29037,67560851056,67560851056
2025-06-19 00:52:40,REAL,67560851056,29241,67560880297,67560880297
2025-06-19 00:52:42,REAL,67560880297,28904,67560909201,67560909201
2025-06-19 00:52:44,REAL,67560909201,29472,67560938673,67560938673
2025-06-19 00:52:46,REAL,67560938673,26120,67560964793,67560964793
2025-06-19 00:52:48,REAL,67560964793,544,67560965337,67560965337
2025-06-19 00:52:50,REAL,67560965337,588,67560965925,67560965925
2025-06-19 00:52:52,REAL,67560965925,534,67560966459,67560966459
2025-06-19 00:52:54,REAL,67560966459,542,67560967001,67560967001
2025-06-19 00:52:56,REAL,67560967001,540,67560967541,67560967541
2025-06-19 00:52:58,REAL,67560967541,539,67560968080,67560968080
2025-06-19 00:53:00,REAL,67560968080,546,67560968626,67560968626
2025-06-19 00:53:02,REAL,67560968626,672,67560969298,67560969298
2025-06-19 00:53:04,REAL,67560969298,603,67560969901,67560969901
2025-06-19 00:53:06,REAL,67560969901,600,67560970501,67560970501
2025-06-19 00:53:08,REAL,67560970501,596,67560971097,67560971097
2025-06-19 00:53:10,REAL,67560971097,535,67560971632,67560971632
2025-06-19 00:53:12,REAL,67560971632,545,67560972177,67560972177
2025-06-19 00:53:14,REAL,67560972177,544,67560972721,67560972721
2025-06-19 00:53:16,REAL,67560972721,609,67560973330,67560973330
2025-06-19 00:53:18,REAL,67560973330,536,67560973866,67560973866
2025-06-19 00:53:20,REAL,67560973866,598,67560974464,67560974464
2025-06-19 00:53:22,REAL,67560974464,537,67560975001,67560975001
2025-06-19 00:53:24,REAL,67560975001,591,67560975592,67560975592
2025-06-19 00:53:26,REAL,67560975592,591,67560976183,67560976183
2025-06-19 00:53:28,REAL,67560976183,536,67560976719,67560976719
2025-06-19 00:53:30,REAL,67560976719,539,67560977258,67560977258
2025-06-19 00:53:32,REAL,67560977258,620,67560977878,67560977878
2025-06-19 00:53:34,REAL,67560977878,542,67560978420,67560978420
2025-06-19 00:53:36,REAL,67560978420,532,67560978952,67560978952
2025-06-19 00:53:38,REAL,67560978952,546,67560979498,67560979498
2025-06-19 00:53:40,REAL,67560979498,57258,67561036756,67561036756
2025-06-19 00:53:42,REAL,67561036756,207295,67561244051,67561244051
2025-06-19 00:53:44,REAL,67561244051,29204,67561273255,67561273255
2025-06-19 00:53:46,REAL,67561273255,28916,67561302171,67561302171
2025-06-19 00:53:48,REAL,67561302171,30157,67561332328,67561332328
2025-06-19 00:53:50,REAL,67561332328,28947,67561361275,67561361275
2025-06-19 00:53:52,REAL,67561361275,29179,67561390454,67561390454
2025-06-19 00:53:54,REAL,67561390454,28708,67561419162,67561419162
2025-06-19 00:53:56,REAL,67561419162,8139,67561427301,67561427301
2025-06-19 00:53:58,REAL,67561427301,540,67561427841,67561427841
2025-06-19 00:54:00,REAL,67561427841,542,67561428383,67561428383
2025-06-19 00:54:02,REAL,67561428383,618,67561429001,67561429001
2025-06-19 00:54:04,REAL,67561429001,595,67561429596,67561429596
2025-06-19 00:54:06,REAL,67561429596,535,67561430131,67561430131
2025-06-19 00:54:08,REAL,67561430131,542,67561430673,67561430673
2025-06-19 00:54:10,REAL,67561430673,536,67561431209,67561431209
2025-06-19 00:54:12,REAL,67561431209,70912,67561502121,67561502121
2025-06-19 00:54:14,REAL,67561502121,183498,67561685619,67561685619
2025-06-19 00:54:16,REAL,67561685619,29213,67561714832,67561714832
2025-06-19 00:54:18,REAL,67561714832,29379,67561744211,67561744211
2025-06-19 00:54:20,REAL,67561744211,29228,67561773439,67561773439
2025-06-19 00:54:22,REAL,67561773439,29246,67561802685,67561802685
2025-06-19 00:54:24,REAL,67561802685,28704,67561831389,67561831389
2025-06-19 00:54:26,REAL,67561831389,29374,67561860763,67561860763
2025-06-19 00:54:28,REAL,67561860763,6650,67561867413,67561867413
2025-06-19 00:54:30,REAL,67561867413,539,67561867952,67561867952
2025-06-19 00:54:32,REAL,67561867952,607,67561868559,67561868559
2025-06-19 00:54:34,REAL,67561868559,542,67561869101,67561869101
2025-06-19 00:54:36,REAL,67561869101,539,67561869640,67561869640
2025-06-19 00:54:38,REAL,67561869640,538,67561870178,67561870178
2025-06-19 00:54:40,REAL,67561870178,598,67561870776,67561870776
2025-06-19 00:54:42,REAL,67561870776,538,67561871314,67561871314
2025-06-19 00:54:44,REAL,67561871314,604,67561871918,67561871918
2025-06-19 00:54:46,REAL,67561871918,536,67561872454,67561872454
2025-06-19 00:54:48,REAL,67561872454,621,67561873075,67561873075
2025-06-19 00:54:50,REAL,67561873075,538,67561873613,67561873613
2025-06-19 00:54:52,REAL,67561873613,592,67561874205,67561874205
2025-06-19 00:54:54,REAL,67561874205,547,67561874752,67561874752
2025-06-19 00:54:56,REAL,67561874752,539,67561875291,67561875291
2025-06-19 00:54:58,REAL,67561875291,542,67561875833,67561875833
2025-06-19 00:55:00,REAL,67561875833,607,67561876440,67561876440
2025-06-19 00:55:02,REAL,67561876440,620,67561877060,67561877060
2025-06-19 00:55:04,REAL,67561877060,539,67561877599,67561877599
2025-06-19 00:55:06,REAL,67561877599,540,67561878139,67561878139
2025-06-19 00:55:08,REAL,67561878139,545,67561878684,67561878684
2025-06-19 00:55:10,REAL,67561878684,547,67561879231,67561879231
2025-06-19 00:55:12,REAL,67561879231,532,67561879763,67561879763
2025-06-19 00:55:14,REAL,67561879763,538,67561880301,67561880301
2025-06-19 00:55:16,REAL,67561880301,117147,67561997448,67561997448
2025-06-19 00:55:18,REAL,67561997448,163229,67562160677,67562160677
2025-06-19 00:55:20,REAL,67562160677,28941,67562189618,67562189618
2025-06-19 00:55:22,REAL,67562189618,29259,67562218877,67562218877
2025-06-19 00:55:24,REAL,67562218877,29178,67562248055,67562248055
2025-06-19 00:55:26,REAL,67562248055,29116,67562277171,67562277171
2025-06-19 00:55:28,REAL,67562277171,30077,67562307248,67562307248
2025-06-19 00:55:30,REAL,67562307248,28983,67562336231,67562336231
2025-06-19 00:55:32,REAL,67562336231,2581,67562338812,67562338812
2025-06-19 00:55:34,REAL,67562338812,537,67562339349,67562339349
2025-06-19 00:55:36,REAL,67562339349,540,67562339889,67562339889
2025-06-19 00:55:38,REAL,67562339889,539,67562340428,67562340428
2025-06-19 00:55:40,REAL,67562340428,548,67562340976,67562340976
2025-06-19 00:55:42,REAL,67562340976,540,67562341516,67562341516
2025-06-19 00:55:44,REAL,67562341516,533,67562342049,67562342049
2025-06-19 00:55:46,REAL,67562342049,538,67562342587,67562342587
2025-06-19 00:55:48,REAL,67562342587,669,67562343256,67562343256
2025-06-19 00:55:50,REAL,67562343256,540,67562343796,67562343796
2025-06-19 00:55:52,REAL,67562343796,598,67562344394,67562344394
2025-06-19 00:55:54,REAL,67562344394,544,67562344938,67562344938
2025-06-19 00:55:56,REAL,67562344938,544,67562345482,67562345482
2025-06-19 00:55:58,REAL,67562345482,592,67562346074,67562346074
2025-06-19 00:56:00,REAL,67562346074,540,67562346614,67562346614
2025-06-19 00:56:02,REAL,67562346614,613,67562347227,67562347227
2025-06-19 00:56:04,REAL,67562347227,607,67562347834,67562347834
2025-06-19 00:56:06,REAL,67562347834,540,67562348374,67562348374
2025-06-19 00:56:08,REAL,67562348374,538,67562348912,67562348912
2025-06-19 00:56:10,REAL,67562348912,541,67562349453,67562349453
2025-06-19 00:56:12,REAL,67562349453,543,67562349996,67562349996
2025-06-19 00:56:14,REAL,67562349996,538,67562350534,67562350534
2025-06-19 00:56:16,REAL,67562350534,541,67562351075,67562351075
2025-06-19 00:56:18,REAL,67562351075,619,67562351694,67562351694
2025-06-19 00:56:20,REAL,67562351694,605,67562352299,67562352299
2025-06-19 00:56:22,REAL,67562352299,535,67562352834,67562352834
2025-06-19 00:56:24,REAL,67562352834,540,67562353374,67562353374
2025-06-19 00:56:26,REAL,67562353374,593,67562353967,67562353967
2025-06-19 00:56:28,REAL,67562353967,541,67562354508,67562354508
2025-06-19 00:56:30,REAL,67562354508,535,67562355043,67562355043
2025-06-19 00:56:32,REAL,67562355043,614,67562355657,67562355657
2025-06-19 00:56:34,REAL,67562355657,603,67562356260,67562356260
2025-06-19 00:56:36,REAL,67562356260,540,67562356800,67562356800
2025-06-19 00:56:38,REAL,67562356800,542,67562357342,67562357342
2025-06-19 00:56:40,REAL,67562357342,595,67562357937,67562357937
2025-06-19 00:56:42,REAL,67562357937,532,67562358469,67562358469
2025-06-19 00:56:44,REAL,67562358469,547,67562359016,67562359016
2025-06-19 00:56:46,REAL,67562359016,544,67562359560,67562359560
2025-06-19 00:56:48,REAL,67562359560,614,67562360174,67562360174
2025-06-19 00:56:50,REAL,67562360174,597,67562360771,67562360771
2025-06-19 00:56:52,REAL,67562360771,538,67562361309,67562361309
2025-06-19 00:56:54,REAL,67562361309,532,67562361841,67562361841
2025-06-19 00:56:56,REAL,67562361841,543,67562362384,67562362384
2025-06-19 00:56:58,REAL,67562362384,540,67562362924,67562362924
2025-06-19 00:57:00,REAL,67562362924,597,67562363521,67562363521
2025-06-19 00:57:02,REAL,67562363521,607,67562364128,67562364128
2025-06-19 00:57:04,REAL,67562364128,533,67562364661,67562364661
2025-06-19 00:57:06,REAL,67562364661,596,67562365257,67562365257
2025-06-19 00:57:08,REAL,67562365257,159608,67562524865,67562524865
2025-06-19 00:57:10,REAL,67562524865,100679,67562625544,67562625544
2025-06-19 00:57:12,REAL,67562625544,29211,67562654755,67562654755
2025-06-19 00:57:14,REAL,67562654755,29197,67562683952,67562683952
2025-06-19 00:57:16,REAL,67562683952,29400,67562713352,67562713352
2025-06-19 00:57:18,REAL,67562713352,29663,67562743015,67562743015
2025-06-19 00:57:20,REAL,67562743015,29730,67562772745,67562772745
2025-06-19 00:57:22,REAL,67562772745,24772,67562797517,67562797517
2025-06-19 00:57:24,REAL,67562797517,597,67562798114,67562798114
2025-06-19 00:57:26,REAL,67562798114,600,67562798714,67562798714
2025-06-19 00:57:28,REAL,67562798714,41788,67562840502,67562840502
2025-06-19 00:57:30,REAL,67562840502,207438,67563047940,67563047940
2025-06-19 00:57:32,REAL,67563047940,29463,67563077403,67563077403
2025-06-19 00:57:34,REAL,67563077403,28711,67563106114,67563106114
2025-06-19 00:57:36,REAL,67563106114,29279,67563135393,67563135393
2025-06-19 00:57:38,REAL,67563135393,29209,67563164602,67563164602
2025-06-19 00:57:40,REAL,67563164602,29184,67563193786,67563193786
2025-06-19 00:57:42,REAL,67563193786,29073,67563222859,67563222859
2025-06-19 00:57:44,REAL,67563222859,9409,67563232268,67563232268
2025-06-19 00:57:46,REAL,67563232268,535,67563232803,67563232803
2025-06-19 00:57:48,REAL,67563232803,610,67563233413,67563233413
2025-06-19 00:57:50,REAL,67563233413,536,67563233949,67563233949
2025-06-19 00:57:52,REAL,67563233949,536,67563234485,67563234485
2025-06-19 00:57:54,REAL,67563234485,546,67563235031,67563235031
2025-06-19 00:57:56,REAL,67563235031,541,67563235572,67563235572
2025-06-19 00:57:58,REAL,67563235572,533,67563236105,67563236105
2025-06-19 00:58:00,REAL,67563236105,53555,67563289660,67563289660
2025-06-19 00:58:02,REAL,67563289660,204939,67563494599,67563494599
2025-06-19 00:58:04,REAL,67563494599,29176,67563523775,67563523775
2025-06-19 00:58:06,REAL,67563523775,29646,67563553421,67563553421
2025-06-19 00:58:08,REAL,67563553421,28887,67563582308,67563582308
2025-06-19 00:58:10,REAL,67563582308,29594,67563611902,67563611902
2025-06-19 00:58:12,REAL,67563611902,29035,67563640937,67563640937
2025-06-19 00:58:14,REAL,67563640937,29759,67563670696,67563670696
2025-06-19 00:58:16,REAL,67563670696,7579,67563678275,67563678275
2025-06-19 00:58:18,REAL,67563678275,622,67563678897,67563678897
2025-06-19 00:58:20,REAL,67563678897,542,67563679439,67563679439
2025-06-19 00:58:22,REAL,67563679439,542,67563679981,67563679981
2025-06-19 00:58:24,REAL,67563679981,535,67563680516,67563680516
2025-06-19 00:58:26,REAL,67563680516,535,67563681051,67563681051
2025-06-19 00:58:28,REAL,67563681051,545,67563681596,67563681596
2025-06-19 00:58:30,REAL,67563681596,540,67563682136,67563682136
2025-06-19 00:58:32,REAL,67563682136,82950,67563765086,67563765086
2025-06-19 00:58:34,REAL,67563765086,176573,67563941659,67563941659
2025-06-19 00:58:36,REAL,67563941659,28983,67563970642,67563970642
2025-06-19 00:58:38,REAL,67563970642,29114,67563999756,67563999756
2025-06-19 00:58:40,REAL,67563999756,29242,67564028998,67564028998
2025-06-19 00:58:42,REAL,67564028998,29913,67564058911,67564058911
2025-06-19 00:58:44,REAL,67564058911,29461,67564088372,67564088372
2025-06-19 00:58:46,REAL,67564088372,28903,67564117275,67564117275
2025-06-19 00:58:48,REAL,67564117275,5660,67564122935,67564122935
2025-06-19 00:58:50,REAL,67564122935,537,67564123472,67564123472
2025-06-19 00:58:52,REAL,67564123472,535,67564124007,67564124007
2025-06-19 00:58:54,REAL,67564124007,538,67564124545,67564124545
2025-06-19 00:58:56,REAL,67564124545,537,67564125082,67564125082
2025-06-19 00:58:58,REAL,67564125082,540,67564125622,67564125622
2025-06-19 00:59:00,REAL,67564125622,543,67564126165,67564126165
2025-06-19 00:59:02,REAL,67564126165,538,67564126703,67564126703
2025-06-19 00:59:04,REAL,67564126703,737,67564127440,67564127440
2025-06-19 00:59:06,REAL,67564127440,603,67564128043,67564128043
2025-06-19 00:59:08,REAL,67564128043,595,67564128638,67564128638
2025-06-19 00:59:10,REAL,67564128638,544,67564129182,67564129182
2025-06-19 00:59:12,REAL,67564129182,599,67564129781,67564129781
2025-06-19 00:59:14,REAL,67564129781,590,67564130371,67564130371
2025-06-19 00:59:16,REAL,67564130371,530,67564130901,67564130901
2025-06-19 00:59:18,REAL,67564130901,608,67564131509,67564131509
2025-06-19 00:59:20,REAL,67564131509,534,67564132043,67564132043
2025-06-19 00:59:22,REAL,67564132043,531,67564132574,67564132574
2025-06-19 00:59:24,REAL,67564132574,596,67564133170,67564133170
2025-06-19 00:59:26,REAL,67564133170,600,67564133770,67564133770
2025-06-19 00:59:28,REAL,67564133770,599,67564134369,67564134369
2025-06-19 00:59:30,REAL,67564134369,660,67564135029,67564135029
2025-06-19 00:59:32,REAL,67564135029,607,67564135636,67564135636
2025-06-19 00:59:34,REAL,67564135636,675,67564136311,67564136311
2025-06-19 00:59:36,REAL,67564136311,254754,67564391065,67564391065
2025-06-19 00:59:38,REAL,67564391065,34923,67564425988,67564425988
2025-06-19 00:59:40,REAL,67564425988,29112,67564455100,67564455100
2025-06-19 00:59:42,REAL,67564455100,28542,67564483642,67564483642
2025-06-19 00:59:44,REAL,67564483642,29344,67564512986,67564512986
2025-06-19 00:59:46,REAL,67564512986,29471,67564542457,67564542457
2025-06-19 00:59:48,REAL,67564542457,28951,67564571408,67564571408
2025-06-19 00:59:50,REAL,67564571408,17176,67564588584,67564588584
2025-06-19 00:59:52,REAL,67564588584,543,67564589127,67564589127
2025-06-19 00:59:54,REAL,67564589127,540,67564589667,67564589667
2025-06-19 00:59:56,REAL,67564589667,548,67564590215,67564590215
2025-06-19 00:59:58,REAL,67564590215,530,67564590745,67564590745
2025-06-19 01:00:00,REAL,67564590745,541,67564591286,67564591286
2025-06-19 01:00:02,REAL,67564591286,536,67564591822,67564591822
2025-06-19 01:00:04,REAL,67564591822,614,67564592436,67564592436
2025-06-19 01:00:06,REAL,67564592436,655,67564593091,67564593091
2025-06-19 01:00:08,REAL,67564593091,603,67564593694,67564593694
2025-06-19 01:00:10,REAL,67564593694,600,67564594294,67564594294
2025-06-19 01:00:12,REAL,67564594294,656,67564594950,67564594950
2025-06-19 01:00:14,REAL,67564594950,593,67564595543,67564595543
2025-06-19 01:00:16,REAL,67564595543,602,67564596145,67564596145
2025-06-19 01:00:18,REAL,67564596145,259977,67564856122,67564856122
2025-06-19 01:00:20,REAL,67564856122,29029,67564885151,67564885151
2025-06-19 01:00:22,REAL,67564885151,29101,67564914252,67564914252
2025-06-19 01:00:24,REAL,67564914252,28691,67564942943,67564942943
2025-06-19 01:00:26,REAL,67564942943,28916,67564971859,67564971859
2025-06-19 01:00:28,REAL,67564971859,29115,67565000974,67565000974
2025-06-19 01:00:30,REAL,67565000974,28902,67565029876,67565029876
2025-06-19 01:00:32,REAL,67565029876,15897,67565045773,67565045773
2025-06-19 01:00:34,REAL,67565045773,621,67565046394,67565046394
2025-06-19 01:00:36,REAL,67565046394,535,67565046929,67565046929
2025-06-19 01:00:38,REAL,67565046929,538,67565047467,67565047467
2025-06-19 01:00:40,REAL,67565047467,534,67565048001,67565048001
2025-06-19 01:00:42,REAL,67565048001,545,67565048546,67565048546
2025-06-19 01:00:44,REAL,67565048546,540,67565049086,67565049086
2025-06-19 01:00:46,REAL,67565049086,540,67565049626,67565049626
2025-06-19 01:00:48,REAL,67565049626,728,67565050354,67565050354
2025-06-19 01:00:50,REAL,67565050354,596,67565050950,67565050950
2025-06-19 01:00:52,REAL,67565050950,543,67565051493,67565051493
2025-06-19 01:00:54,REAL,67565051493,541,67565052034,67565052034
2025-06-19 01:00:56,REAL,67565052034,543,67565052577,67565052577
2025-06-19 01:00:58,REAL,67565052577,545,67565053122,67565053122
2025-06-19 01:01:00,REAL,67565053122,539,67565053661,67565053661
2025-06-19 01:01:02,REAL,67565053661,541,67565054202,67565054202
2025-06-19 01:01:04,REAL,67565054202,675,67565054877,67565054877
2025-06-19 01:01:06,REAL,67565054877,536,67565055413,67565055413
2025-06-19 01:01:08,REAL,67565055413,531,67565055944,67565055944
2025-06-19 01:01:10,REAL,67565055944,531,67565056475,67565056475
2025-06-19 01:01:12,REAL,67565056475,541,67565057016,67565057016
2025-06-19 01:01:14,REAL,67565057016,541,67565057557,67565057557
2025-06-19 01:01:16,REAL,67565057557,542,67565058099,67565058099
2025-06-19 01:01:18,REAL,67565058099,671,67565058770,67565058770
2025-06-19 01:01:20,REAL,67565058770,664,67565059434,67565059434
2025-06-19 01:01:22,REAL,67565059434,544,67565059978,67565059978
2025-06-19 01:01:24,REAL,67565059978,540,67565060518,67565060518
2025-06-19 01:01:26,REAL,67565060518,541,67565061059,67565061059
2025-06-19 01:01:28,REAL,67565061059,539,67565061598,67565061598
2025-06-19 01:01:30,REAL,67565061598,540,67565062138,67565062138
2025-06-19 01:01:32,REAL,67565062138,544,67565062682,67565062682
2025-06-19 01:01:34,REAL,67565062682,612,67565063294,67565063294
2025-06-19 01:01:36,REAL,67565063294,602,67565063896,67565063896
2025-06-19 01:01:38,REAL,67565063896,538,67565064434,67565064434
2025-06-19 01:01:40,REAL,67565064434,611,67565065045,67565065045
2025-06-19 01:01:42,REAL,67565065045,536,67565065581,67565065581
2025-06-19 01:01:44,REAL,67565065581,536,67565066117,67565066117
2025-06-19 01:01:46,REAL,67565066117,538,67565066655,67565066655
2025-06-19 01:01:48,REAL,67565066655,599,67565067254,67565067254
2025-06-19 01:01:50,REAL,67565067254,674,67565067928,67565067928
2025-06-19 01:01:52,REAL,67565067928,600,67565068528,67565068528
2025-06-19 01:01:54,REAL,67565068528,540,67565069068,67565069068
2025-06-19 01:01:56,REAL,67565069068,539,67565069607,67565069607
2025-06-19 01:01:58,REAL,67565069607,536,67565070143,67565070143
2025-06-19 01:02:00,REAL,67565070143,536,67565070679,67565070679
2025-06-19 01:02:02,REAL,67565070679,542,67565071221,67565071221
2025-06-19 01:02:04,REAL,67565071221,623,67565071844,67565071844
2025-06-19 01:02:06,REAL,67565071844,541,67565072385,67565072385
2025-06-19 01:02:08,REAL,67565072385,603,67565072988,67565072988
2025-06-19 01:02:10,REAL,67565072988,545,67565073533,67565073533
2025-06-19 01:02:12,REAL,67565073533,545,67565074078,67565074078
2025-06-19 01:02:14,REAL,67565074078,539,67565074617,67565074617
2025-06-19 01:02:16,REAL,67565074617,545,67565075162,67565075162
2025-06-19 01:02:18,REAL,67565075162,600,67565075762,67565075762
2025-06-19 01:02:20,REAL,67565075762,668,67565076430,67565076430
2025-06-19 01:02:22,REAL,67565076430,541,67565076971,67565076971
2025-06-19 01:02:24,REAL,67565076971,604,67565077575,67565077575
2025-06-19 01:02:26,REAL,67565077575,543,67565078118,67565078118
2025-06-19 01:02:28,REAL,67565078118,530,67565078648,67565078648
2025-06-19 01:02:30,REAL,67565078648,542,67565079190,67565079190
2025-06-19 01:02:32,REAL,67565079190,533,67565079723,67565079723
2025-06-19 01:02:34,REAL,67565079723,618,67565080341,67565080341
2025-06-19 01:02:36,REAL,67565080341,533,67565080874,67565080874
2025-06-19 01:02:38,REAL,67565080874,546,67565081420,67565081420
2025-06-19 01:02:40,REAL,67565081420,52642,67565134062,67565134062
2025-06-19 01:02:42,REAL,67565134062,205523,67565339585,67565339585
2025-06-19 01:02:44,REAL,67565339585,29203,67565368788,67565368788
2025-06-19 01:02:46,REAL,67565368788,29171,67565397959,67565397959
2025-06-19 01:02:48,REAL,67565397959,28947,67565426906,67565426906
2025-06-19 01:02:50,REAL,67565426906,28463,67565455369,67565455369
2025-06-19 01:02:52,REAL,67565455369,29369,67565484738,67565484738
2025-06-19 01:02:54,REAL,67565484738,28882,67565513620,67565513620
2025-06-19 01:02:56,REAL,67565513620,7769,67565521389,67565521389
2025-06-19 01:02:58,REAL,67565521389,534,67565521923,67565521923
2025-06-19 01:03:00,REAL,67565521923,532,67565522455,67565522455
2025-06-19 01:03:02,REAL,67565522455,542,67565522997,67565522997
2025-06-19 01:03:04,REAL,67565522997,621,67565523618,67565523618
2025-06-19 01:03:06,REAL,67565523618,534,67565524152,67565524152
2025-06-19 01:03:08,REAL,67565524152,532,67565524684,67565524684
2025-06-19 01:03:10,REAL,67565524684,547,67565525231,67565525231
2025-06-19 01:03:12,REAL,67565525231,654,67565525885,67565525885
2025-06-19 01:03:14,REAL,67565525885,535,67565526420,67565526420
2025-06-19 01:03:16,REAL,67565526420,596,67565527016,67565527016
2025-06-19 01:03:18,REAL,67565527016,542,67565527558,67565527558
2025-06-19 01:03:20,REAL,67565527558,609,67565528167,67565528167
2025-06-19 01:03:22,REAL,67565528167,540,67565528707,67565528707
2025-06-19 01:03:24,REAL,67565528707,543,67565529250,67565529250
2025-06-19 01:03:26,REAL,67565529250,540,67565529790,67565529790
2025-06-19 01:03:28,REAL,67565529790,598,67565530388,67565530388
2025-06-19 01:03:30,REAL,67565530388,537,67565530925,67565530925
2025-06-19 01:03:32,REAL,67565530925,540,67565531465,67565531465
2025-06-19 01:03:34,REAL,67565531465,616,67565532081,67565532081
2025-06-19 01:03:36,REAL,67565532081,541,67565532622,67565532622
2025-06-19 01:03:38,REAL,67565532622,537,67565533159,67565533159
2025-06-19 01:03:40,REAL,67565533159,542,67565533701,67565533701
2025-06-19 01:03:42,REAL,67565533701,601,67565534302,67565534302
2025-06-19 01:03:44,REAL,67565534302,599,67565534901,67565534901
2025-06-19 01:03:46,REAL,67565534901,597,67565535498,67565535498
2025-06-19 01:03:48,REAL,67565535498,542,67565536040,67565536040
2025-06-19 01:03:50,REAL,67565536040,624,67565536664,67565536664
2025-06-19 01:03:52,REAL,67565536664,543,67565537207,67565537207
2025-06-19 01:03:54,REAL,67565537207,539,67565537746,67565537746
2025-06-19 01:03:56,REAL,67565537746,535,67565538281,67565538281
2025-06-19 01:03:58,REAL,67565538281,548,67565538829,67565538829
2025-06-19 01:04:00,REAL,67565538829,601,67565539430,67565539430
2025-06-19 01:04:02,REAL,67565539430,540,67565539970,67565539970
2025-06-19 01:04:04,REAL,67565539970,541,67565540511,67565540511
2025-06-19 01:04:06,REAL,67565540511,624,67565541135,67565541135
2025-06-19 01:04:08,REAL,67565541135,547,67565541682,67565541682
2025-06-19 01:04:10,REAL,67565541682,534,67565542216,67565542216
2025-06-19 01:04:12,REAL,67565542216,545,67565542761,67565542761
2025-06-19 01:04:14,REAL,67565542761,598,67565543359,67565543359
2025-06-19 01:04:16,REAL,67565543359,601,67565543960,67565543960
2025-06-19 01:04:18,REAL,67565543960,542,67565544502,67565544502
2025-06-19 01:04:20,REAL,67565544502,668,67565545170,67565545170
2025-06-19 01:04:22,REAL,67565545170,542,67565545712,67565545712
2025-06-19 01:04:24,REAL,67565545712,540,67565546252,67565546252
2025-06-19 01:04:26,REAL,67565546252,534,67565546786,67565546786
2025-06-19 01:04:28,REAL,67565546786,544,67565547330,67565547330
2025-06-19 01:04:30,REAL,67565547330,540,67565547870,67565547870
2025-06-19 01:04:32,REAL,67565547870,666,67565548536,67565548536
2025-06-19 01:04:34,REAL,67565548536,592,67565549128,67565549128
2025-06-19 01:04:36,REAL,67565549128,674,67565549802,67565549802
2025-06-19 01:04:38,REAL,67565549802,225667,67565775469,67565775469
2025-06-19 01:04:40,REAL,67565775469,28702,67565804171,67565804171
2025-06-19 01:04:42,REAL,67565804171,29344,67565833515,67565833515
2025-06-19 01:04:44,REAL,67565833515,29518,67565863033,67565863033
2025-06-19 01:04:46,REAL,67565863033,29314,67565892347,67565892347
2025-06-19 01:04:48,REAL,67565892347,29725,67565922072,67565922072
2025-06-19 01:04:50,REAL,67565922072,28834,67565950906,67565950906
2025-06-19 01:04:52,REAL,67565950906,15040,67565965946,67565965946
2025-06-19 01:04:54,REAL,67565965946,539,67565966485,67565966485
2025-06-19 01:04:56,REAL,67565966485,542,67565967027,67565967027
2025-06-19 01:04:58,REAL,67565967027,537,67565967564,67565967564
2025-06-19 01:05:00,REAL,67565967564,538,67565968102,67565968102
2025-06-19 01:05:02,REAL,67565968102,534,67565968636,67565968636
2025-06-19 01:05:04,REAL,67565968636,548,67565969184,67565969184
2025-06-19 01:05:06,REAL,67565969184,617,67565969801,67565969801
2025-06-19 01:05:08,REAL,67565969801,906,67565970707,67565970707
2025-06-19 01:05:10,REAL,67565970707,229248,67566199955,67566199955
2025-06-19 01:05:12,REAL,67566199955,29281,67566229236,67566229236
2025-06-19 01:05:14,REAL,67566229236,29272,67566258508,67566258508
2025-06-19 01:05:16,REAL,67566258508,28737,67566287245,67566287245
2025-06-19 01:05:18,REAL,67566287245,29193,67566316438,67566316438
2025-06-19 01:05:20,REAL,67566316438,29117,67566345555,67566345555
2025-06-19 01:05:22,REAL,67566345555,29252,67566374807,67566374807
2025-06-19 01:05:24,REAL,67566374807,13530,67566388337,67566388337
2025-06-19 01:05:26,REAL,67566388337,534,67566388871,67566388871
2025-06-19 01:05:28,REAL,67566388871,548,67566389419,67566389419
2025-06-19 01:05:30,REAL,67566389419,538,67566389957,67566389957
2025-06-19 01:05:32,REAL,67566389957,546,67566390503,67566390503
2025-06-19 01:05:34,REAL,67566390503,544,67566391047,67566391047
2025-06-19 01:05:36,REAL,67566391047,613,67566391660,67566391660
2025-06-19 01:05:38,REAL,67566391660,538,67566392198,67566392198
2025-06-19 01:05:40,REAL,67566392198,18379,67566410577,67566410577
2025-06-19 01:05:42,REAL,67566410577,269669,67566680246,67566680246
2025-06-19 01:05:44,REAL,67566680246,28811,67566709057,67566709057
2025-06-19 01:05:46,REAL,67566709057,29667,67566738724,67566738724
2025-06-19 01:05:48,REAL,67566738724,29009,67566767733,67566767733
2025-06-19 01:05:50,REAL,67566767733,29331,67566797064,67566797064
2025-06-19 01:05:52,REAL,67566797064,28863,67566825927,67566825927
2025-06-19 01:05:54,REAL,67566825927,29501,67566855428,67566855428
2025-06-19 01:05:56,REAL,67566855428,11751,67566867179,67566867179
2025-06-19 01:05:58,REAL,67566867179,542,67566867721,67566867721
2025-06-19 01:06:00,REAL,67566867721,531,67566868252,67566868252
2025-06-19 01:06:02,REAL,67566868252,538,67566868790,67566868790
2025-06-19 01:06:04,REAL,67566868790,541,67566869331,67566869331
2025-06-19 01:06:06,REAL,67566869331,619,67566869950,67566869950
2025-06-19 01:06:08,REAL,67566869950,541,67566870491,67566870491
2025-06-19 01:06:10,REAL,67566870491,541,67566871032,67566871032
2025-06-19 01:06:12,REAL,67566871032,604,67566871636,67566871636
2025-06-19 01:06:14,REAL,67566871636,535,67566872171,67566872171
2025-06-19 01:06:16,REAL,67566872171,541,67566872712,67566872712
2025-06-19 01:06:18,REAL,67566872712,594,67566873306,67566873306
2025-06-19 01:06:20,REAL,67566873306,616,67566873922,67566873922
2025-06-19 01:06:22,REAL,67566873922,545,67566874467,67566874467
2025-06-19 01:06:24,REAL,67566874467,546,67566875013,67566875013
2025-06-19 01:06:26,REAL,67566875013,542,67566875555,67566875555
2025-06-19 01:06:28,REAL,67566875555,600,67566876155,67566876155
2025-06-19 01:06:30,REAL,67566876155,604,67566876759,67566876759
2025-06-19 01:06:32,REAL,67566876759,540,67566877299,67566877299
2025-06-19 01:06:34,REAL,67566877299,533,67566877832,67566877832
2025-06-19 01:06:36,REAL,67566877832,606,67566878438,67566878438
2025-06-19 01:06:38,REAL,67566878438,537,67566878975,67566878975
2025-06-19 01:06:40,REAL,67566878975,543,67566879518,67566879518
2025-06-19 01:06:42,REAL,67566879518,540,67566880058,67566880058
2025-06-19 01:06:44,REAL,67566880058,602,67566880660,67566880660
2025-06-19 01:06:46,REAL,67566880660,532,67566881192,67566881192
2025-06-19 01:06:48,REAL,67566881192,543,67566881735,67566881735
2025-06-19 01:06:50,REAL,67566881735,537,67566882272,67566882272
2025-06-19 01:06:52,REAL,67566882272,616,67566882888,67566882888
2025-06-19 01:06:54,REAL,67566882888,599,67566883487,67566883487
2025-06-19 01:06:56,REAL,67566883487,541,67566884028,67566884028
2025-06-19 01:06:58,REAL,67566884028,547,67566884575,67566884575
2025-06-19 01:07:00,REAL,67566884575,602,67566885177,67566885177
2025-06-19 01:07:02,REAL,67566885177,547,67566885724,67566885724
2025-06-19 01:07:04,REAL,67566885724,537,67566886261,67566886261
2025-06-19 01:07:06,REAL,67566886261,667,67566886928,67566886928
2025-06-19 01:07:08,REAL,67566886928,536,67566887464,67566887464
2025-06-19 01:07:10,REAL,67566887464,539,67566888003,67566888003
2025-06-19 01:07:12,REAL,67566888003,548,67566888551,67566888551
2025-06-19 01:07:14,REAL,67566888551,540,67566889091,67566889091
2025-06-19 01:07:16,REAL,67566889091,594,67566889685,67566889685
2025-06-19 01:07:18,REAL,67566889685,534,67566890219,67566890219
2025-06-19 01:07:20,REAL,67566890219,534,67566890753,67566890753
2025-06-19 01:07:22,REAL,67566890753,620,67566891373,67566891373
2025-06-19 01:07:24,REAL,67566891373,538,67566891911,67566891911
2025-06-19 01:07:26,REAL,67566891911,545,67566892456,67566892456
2025-06-19 01:07:28,REAL,67566892456,537,67566892993,67566892993
2025-06-19 01:07:30,REAL,67566892993,544,67566893537,67566893537
2025-06-19 01:07:32,REAL,67566893537,661,67566894198,67566894198
2025-06-19 01:07:34,REAL,67566894198,541,67566894739,67566894739
2025-06-19 01:07:36,REAL,67566894739,615,67566895354,67566895354
2025-06-19 01:07:38,REAL,67566895354,533,67566895887,67566895887
2025-06-19 01:07:40,REAL,67566895887,540,67566896427,67566896427
2025-06-19 01:07:42,REAL,67566896427,533,67566896960,67566896960
2025-06-19 01:07:44,REAL,67566896960,599,67566897559,67566897559
2025-06-19 01:07:46,REAL,67566897559,545,67566898104,67566898104
2025-06-19 01:07:48,REAL,67566898104,600,67566898704,67566898704
2025-06-19 01:07:50,REAL,67566898704,533,67566899237,67566899237
2025-06-19 01:07:52,REAL,67566899237,620,67566899857,67566899857
2025-06-19 01:07:54,REAL,67566899857,539,67566900396,67566900396
2025-06-19 01:07:56,REAL,67566900396,545,67566900941,67566900941
2025-06-19 01:07:58,REAL,67566900941,539,67566901480,67566901480
2025-06-19 01:08:00,REAL,67566901480,548,67566902028,67566902028
2025-06-19 01:08:02,REAL,67566902028,542,67566902570,67566902570
2025-06-19 01:08:04,REAL,67566902570,593,67566903163,67566903163
2025-06-19 01:08:06,REAL,67566903163,614,67566903777,67566903777
2025-06-19 01:08:08,REAL,67566903777,599,67566904376,67566904376
2025-06-19 01:08:10,REAL,67566904376,543,67566904919,67566904919
2025-06-19 01:08:12,REAL,67566904919,619,67566905538,67566905538
2025-06-19 01:08:14,REAL,67566905538,536,67566906074,67566906074
2025-06-19 01:08:16,REAL,67566906074,544,67566906618,67566906618
2025-06-19 01:08:18,REAL,67566906618,540,67566907158,67566907158
2025-06-19 01:08:20,REAL,67566907158,656,67566907814,67566907814
2025-06-19 01:08:22,REAL,67566907814,606,67566908420,67566908420
2025-06-19 01:08:24,REAL,67566908420,537,67566908957,67566908957
2025-06-19 01:08:26,REAL,67566908957,535,67566909492,67566909492
2025-06-19 01:08:28,REAL,67566909492,542,67566910034,67566910034
2025-06-19 01:08:30,REAL,67566910034,549,67566910583,67566910583
2025-06-19 01:08:32,REAL,67566910583,542,67566911125,67566911125
2025-06-19 01:08:34,REAL,67566911125,537,67566911662,67566911662
2025-06-19 01:08:36,REAL,67566911662,669,67566912331,67566912331
2025-06-19 01:08:38,REAL,67566912331,543,67566912874,67566912874
2025-06-19 01:08:40,REAL,67566912874,538,67566913412,67566913412
2025-06-19 01:08:42,REAL,67566913412,542,67566913954,67566913954
2025-06-19 01:08:44,REAL,67566913954,544,67566914498,67566914498
2025-06-19 01:08:46,REAL,67566914498,597,67566915095,67566915095
2025-06-19 01:08:48,REAL,67566915095,544,67566915639,67566915639
2025-06-19 01:08:50,REAL,67566915639,532,67566916171,67566916171
2025-06-19 01:08:52,REAL,67566916171,676,67566916847,67566916847
2025-06-19 01:08:54,REAL,67566916847,599,67566917446,67566917446
2025-06-19 01:08:56,REAL,67566917446,533,67566917979,67566917979
2025-06-19 01:08:58,REAL,67566917979,541,67566918520,67566918520
2025-06-19 01:09:00,REAL,67566918520,536,67566919056,67566919056
2025-06-19 01:09:02,REAL,67566919056,544,67566919600,67566919600
2025-06-19 01:09:04,REAL,67566919600,537,67566920137,67566920137
2025-06-19 01:09:06,REAL,67566920137,540,67566920677,67566920677
2025-06-19 01:09:08,REAL,67566920677,165066,67567085743,67567085743
2025-06-19 01:09:10,REAL,67567085743,132630,67567218373,67567218373
2025-06-19 01:09:12,REAL,67567218373,29697,67567248070,67567248070
2025-06-19 01:09:14,REAL,67567248070,29159,67567277229,67567277229
2025-06-19 01:09:16,REAL,67567277229,29141,67567306370,67567306370
2025-06-19 01:09:18,REAL,67567306370,29463,67567335833,67567335833
2025-06-19 01:09:20,REAL,67567335833,28800,67567364633,67567364633
2025-06-19 01:09:22,REAL,67567364633,28616,67567393249,67567393249
2025-06-19 01:09:24,REAL,67567393249,597,67567393846,67567393846
2025-06-19 01:09:26,REAL,67567393846,599,67567394445,67567394445
2025-06-19 01:09:28,REAL,67567394445,604,67567395049,67567395049
2025-06-19 01:09:30,REAL,67567395049,593,67567395642,67567395642
2025-06-19 01:09:32,REAL,67567395642,535,67567396177,67567396177
2025-06-19 01:09:34,REAL,67567396177,546,67567396723,67567396723
2025-06-19 01:09:36,REAL,67567396723,536,67567397259,67567397259
2025-06-19 01:09:38,REAL,67567397259,613,67567397872,67567397872
2025-06-19 01:09:40,REAL,67567397872,538,67567398410,67567398410
2025-06-19 01:09:42,REAL,67567398410,538,67567398948,67567398948
2025-06-19 01:09:44,REAL,67567398948,610,67567399558,67567399558
2025-06-19 01:09:46,REAL,67567399558,595,67567400153,67567400153
2025-06-19 01:09:48,REAL,67567400153,538,67567400691,67567400691
2025-06-19 01:09:50,REAL,67567400691,537,67567401228,67567401228
2025-06-19 01:09:52,REAL,67567401228,610,67567401838,67567401838
2025-06-19 01:09:54,REAL,67567401838,548,67567402386,67567402386
2025-06-19 01:09:56,REAL,67567402386,531,67567402917,67567402917
2025-06-19 01:09:58,REAL,67567402917,544,67567403461,67567403461
2025-06-19 01:10:00,REAL,67567403461,598,67567404059,67567404059
2025-06-19 01:10:02,REAL,67567404059,533,67567404592,67567404592
2025-06-19 01:10:04,REAL,67567404592,538,67567405130,67567405130
2025-06-19 01:10:06,REAL,67567405130,597,67567405727,67567405727
2025-06-19 01:10:08,REAL,67567405727,611,67567406338,67567406338
2025-06-19 01:10:10,REAL,67567406338,535,67567406873,67567406873
2025-06-19 01:10:12,REAL,67567406873,535,67567407408,67567407408
2025-06-19 01:10:14,REAL,67567407408,546,67567407954,67567407954
2025-06-19 01:10:16,REAL,67567407954,30893,67567438847,67567438847
2025-06-19 01:10:18,REAL,67567438847,242227,67567681074,67567681074
2025-06-19 01:10:20,REAL,67567681074,28629,67567709703,67567709703
2025-06-19 01:10:22,REAL,67567709703,29624,67567739327,67567739327
2025-06-19 01:10:24,REAL,67567739327,29384,67567768711,67567768711
2025-06-19 01:10:26,REAL,67567768711,29486,67567798197,67567798197
2025-06-19 01:10:28,REAL,67567798197,29105,67567827302,67567827302
2025-06-19 01:10:30,REAL,67567827302,28397,67567855699,67567855699
2025-06-19 01:10:32,REAL,67567855699,11075,67567866774,67567866774
2025-06-19 01:10:34,REAL,67567866774,603,67567867377,67567867377
2025-06-19 01:10:36,REAL,67567867377,607,67567867984,67567867984
2025-06-19 01:10:38,REAL,67567867984,615,67567868599,67567868599
2025-06-19 01:10:40,REAL,67567868599,544,67567869143,67567869143
2025-06-19 01:10:42,REAL,67567869143,542,67567869685,67567869685
2025-06-19 01:10:44,REAL,67567869685,535,67567870220,67567870220
2025-06-19 01:10:46,REAL,67567870220,537,67567870757,67567870757
2025-06-19 01:10:48,REAL,67567870757,539,67567871296,67567871296
2025-06-19 01:10:50,REAL,67567871296,596,67567871892,67567871892
2025-06-19 01:10:52,REAL,67567871892,671,67567872563,67567872563
2025-06-19 01:10:54,REAL,67567872563,591,67567873154,67567873154
2025-06-19 01:10:56,REAL,67567873154,548,67567873702,67567873702
2025-06-19 01:10:58,REAL,67567873702,540,67567874242,67567874242
2025-06-19 01:11:00,REAL,67567874242,545,67567874787,67567874787
2025-06-19 01:11:02,REAL,67567874787,545,67567875332,67567875332
2025-06-19 01:11:04,REAL,67567875332,534,67567875866,67567875866
2025-06-19 01:11:06,REAL,67567875866,536,67567876402,67567876402
2025-06-19 01:11:08,REAL,67567876402,671,67567877073,67567877073
2025-06-19 01:11:10,REAL,67567877073,602,67567877675,67567877675
2025-06-19 01:11:12,REAL,67567877675,602,67567878277,67567878277
2025-06-19 01:11:14,REAL,67567878277,604,67567878881,67567878881
2025-06-19 01:11:16,REAL,67567878881,541,67567879422,67567879422
2025-06-19 01:11:18,REAL,67567879422,536,67567879958,67567879958
2025-06-19 01:11:20,REAL,67567879958,543,67567880501,67567880501
2025-06-19 01:11:22,REAL,67567880501,622,67567881123,67567881123
2025-06-19 01:11:24,REAL,67567881123,539,67567881662,67567881662
2025-06-19 01:11:26,REAL,67567881662,542,67567882204,67567882204
2025-06-19 01:11:28,REAL,67567882204,538,67567882742,67567882742
2025-06-19 01:11:30,REAL,67567882742,601,67567883343,67567883343
2025-06-19 01:11:32,REAL,67567883343,598,67567883941,67567883941
2025-06-19 01:11:34,REAL,67567883941,606,67567884547,67567884547
2025-06-19 01:11:36,REAL,67567884547,536,67567885083,67567885083
2025-06-19 01:11:38,REAL,67567885083,614,67567885697,67567885697
2025-06-19 01:11:40,REAL,67567885697,537,67567886234,67567886234
2025-06-19 01:11:42,REAL,67567886234,532,67567886766,67567886766
2025-06-19 01:11:44,REAL,67567886766,538,67567887304,67567887304
2025-06-19 01:11:46,REAL,67567887304,595,67567887899,67567887899
2025-06-19 01:11:48,REAL,67567887899,539,67567888438,67567888438
2025-06-19 01:11:50,REAL,67567888438,542,67567888980,67567888980
2025-06-19 01:11:52,REAL,67567888980,540,67567889520,67567889520
2025-06-19 01:11:54,REAL,67567889520,618,67567890138,67567890138
2025-06-19 01:11:56,REAL,67567890138,544,67567890682,67567890682
2025-06-19 01:11:58,REAL,67567890682,543,67567891225,67567891225
2025-06-19 01:12:00,REAL,67567891225,548,67567891773,67567891773
2025-06-19 01:12:02,REAL,67567891773,595,67567892368,67567892368
2025-06-19 01:12:04,REAL,67567892368,540,67567892908,67567892908
2025-06-19 01:12:06,REAL,67567892908,534,67567893442,67567893442
2025-06-19 01:12:08,REAL,67567893442,618,67567894060,67567894060
2025-06-19 01:12:10,REAL,67567894060,542,67567894602,67567894602
2025-06-19 01:12:12,REAL,67567894602,595,67567895197,67567895197
2025-06-19 01:12:14,REAL,67567895197,542,67567895739,67567895739
2025-06-19 01:12:16,REAL,67567895739,597,67567896336,67567896336
2025-06-19 01:12:18,REAL,67567896336,601,67567896937,67567896937
2025-06-19 01:12:20,REAL,67567896937,535,67567897472,67567897472
2025-06-19 01:12:22,REAL,67567897472,545,67567898017,67567898017
2025-06-19 01:12:24,REAL,67567898017,612,67567898629,67567898629
2025-06-19 01:12:26,REAL,67567898629,542,67567899171,67567899171
2025-06-19 01:12:28,REAL,67567899171,541,67567899712,67567899712
2025-06-19 01:12:30,REAL,67567899712,540,67567900252,67567900252
2025-06-19 01:12:32,REAL,67567900252,531,67567900783,67567900783
2025-06-19 01:12:34,REAL,67567900783,600,67567901383,67567901383
2025-06-19 01:12:36,REAL,67567901383,541,67567901924,67567901924
2025-06-19 01:12:38,REAL,67567901924,617,67567902541,67567902541
2025-06-19 01:12:40,REAL,67567902541,531,67567903072,67567903072
2025-06-19 01:12:42,REAL,67567903072,538,67567903610,67567903610
2025-06-19 01:12:44,REAL,67567903610,610,67567904220,67567904220
2025-06-19 01:12:46,REAL,67567904220,542,67567904762,67567904762
2025-06-19 01:12:48,REAL,67567904762,540,67567905302,67567905302
2025-06-19 01:12:50,REAL,67567905302,657,67567905959,67567905959
2025-06-19 01:12:52,REAL,67567905959,535,67567906494,67567906494
2025-06-19 01:12:54,REAL,67567906494,618,67567907112,67567907112
2025-06-19 01:12:56,REAL,67567907112,536,67567907648,67567907648
2025-06-19 01:12:58,REAL,67567907648,601,67567908249,67567908249
2025-06-19 01:13:00,REAL,67567908249,542,67567908791,67567908791
2025-06-19 01:13:02,REAL,67567908791,544,67567909335,67567909335
2025-06-19 01:13:04,REAL,67567909335,537,67567909872,67567909872
2025-06-19 01:13:06,REAL,67567909872,603,67567910475,67567910475
2025-06-19 01:13:08,REAL,67567910475,613,67567911088,67567911088
2025-06-19 01:13:10,REAL,67567911088,537,67567911625,67567911625
2025-06-19 01:13:12,REAL,67567911625,541,67567912166,67567912166
2025-06-19 01:13:14,REAL,67567912166,540,67567912706,67567912706
2025-06-19 01:13:16,REAL,67567912706,546,67567913252,67567913252
2025-06-19 01:13:18,REAL,67567913252,542,67567913794,67567913794
2025-06-19 01:13:20,REAL,67567913794,546,67567914340,67567914340
2025-06-19 01:13:22,REAL,67567914340,600,67567914940,67567914940
2025-06-19 01:13:24,REAL,67567914940,613,67567915553,67567915553
2025-06-19 01:13:26,REAL,67567915553,537,67567916090,67567916090
2025-06-19 01:13:28,REAL,67567916090,600,67567916690,67567916690
2025-06-19 01:13:30,REAL,67567916690,538,67567917228,67567917228
2025-06-19 01:13:32,REAL,67567917228,533,67567917761,67567917761
2025-06-19 01:13:34,REAL,67567917761,530,67567918291,67567918291
2025-06-19 01:13:36,REAL,67567918291,537,67567918828,67567918828
2025-06-19 01:13:38,REAL,67567918828,676,67567919504,67567919504
2025-06-19 01:13:40,REAL,67567919504,540,67567920044,67567920044
2025-06-19 01:13:42,REAL,67567920044,593,67567920637,67567920637
2025-06-19 01:13:44,REAL,67567920637,533,67567921170,67567921170
2025-06-19 01:13:46,REAL,67567921170,535,67567921705,67567921705
2025-06-19 01:13:48,REAL,67567921705,545,67567922250,67567922250
2025-06-19 01:13:50,REAL,67567922250,533,67567922783,67567922783
2025-06-19 01:13:52,REAL,67567922783,540,67567923323,67567923323
2025-06-19 01:13:54,REAL,67567923323,167657,67568090980,67568090980
2025-06-19 01:13:56,REAL,67568090980,127777,67568218757,67568218757
2025-06-19 01:13:58,REAL,67568218757,29004,67568247761,67568247761
2025-06-19 01:14:00,REAL,67568247761,29207,67568276968,67568276968
2025-06-19 01:14:02,REAL,67568276968,29073,67568306041,67568306041
2025-06-19 01:14:04,REAL,67568306041,29922,67568335963,67568335963
2025-06-19 01:14:06,REAL,67568335963,29403,67568365366,67568365366
2025-06-19 01:14:08,REAL,67568365366,27661,67568393027,67568393027
2025-06-19 01:14:10,REAL,67568393027,611,67568393638,67568393638
2025-06-19 01:14:12,REAL,67568393638,539,67568394177,67568394177
2025-06-19 01:14:14,REAL,67568394177,543,67568394720,67568394720
2025-06-19 01:14:16,REAL,67568394720,539,67568395259,67568395259
2025-06-19 01:14:18,REAL,67568395259,536,67568395795,67568395795
2025-06-19 01:14:20,REAL,67568395795,543,67568396338,67568396338
2025-06-19 01:14:22,REAL,67568396338,541,67568396879,67568396879
2025-06-19 01:14:24,REAL,67568396879,679,67568397558,67568397558
2025-06-19 01:14:26,REAL,67568397558,594,67568398152,67568398152
2025-06-19 01:14:28,REAL,67568398152,539,67568398691,67568398691
2025-06-19 01:14:30,REAL,67568398691,597,67568399288,67568399288
2025-06-19 01:14:32,REAL,67568399288,535,67568399823,67568399823
2025-06-19 01:14:34,REAL,67568399823,537,67568400360,67568400360
2025-06-19 01:14:36,REAL,67568400360,540,67568400900,67568400900
2025-06-19 01:14:38,REAL,67568400900,536,67568401436,67568401436
2025-06-19 01:14:40,REAL,67568401436,671,67568402107,67568402107
2025-06-19 01:14:42,REAL,67568402107,548,67568402655,67568402655
2025-06-19 01:14:44,REAL,67568402655,542,67568403197,67568403197
2025-06-19 01:14:46,REAL,67568403197,541,67568403738,67568403738
2025-06-19 01:14:48,REAL,67568403738,538,67568404276,67568404276
2025-06-19 01:14:50,REAL,67568404276,539,67568404815,67568404815
2025-06-19 01:14:52,REAL,67568404815,536,67568405351,67568405351
2025-06-19 01:14:54,REAL,67568405351,620,67568405971,67568405971
2025-06-19 01:14:56,REAL,67568405971,607,67568406578,67568406578
2025-06-19 01:14:58,REAL,67568406578,544,67568407122,67568407122
2025-06-19 01:15:00,REAL,67568407122,546,67568407668,67568407668
2025-06-19 01:15:02,REAL,67568407668,533,67568408201,67568408201
2025-06-19 01:15:04,REAL,67568408201,545,67568408746,67568408746
2025-06-19 01:15:06,REAL,67568408746,606,67568409352,67568409352
2025-06-19 01:15:08,REAL,67568409352,590,67568409942,67568409942
2025-06-19 01:15:10,REAL,67568409942,614,67568410556,67568410556
2025-06-19 01:15:12,REAL,67568410556,600,67568411156,67568411156
2025-06-19 01:15:14,REAL,67568411156,537,67568411693,67568411693
2025-06-19 01:15:16,REAL,67568411693,541,67568412234,67568412234
2025-06-19 01:15:18,REAL,67568412234,542,67568412776,67568412776
2025-06-19 01:15:20,REAL,67568412776,537,67568413313,67568413313
2025-06-19 01:15:22,REAL,67568413313,534,67568413847,67568413847
2025-06-19 01:15:24,REAL,67568413847,617,67568414464,67568414464
2025-06-19 01:15:26,REAL,67568414464,534,67568414998,67568414998
2025-06-19 01:15:28,REAL,67568414998,601,67568415599,67568415599
2025-06-19 01:15:30,REAL,67568415599,535,67568416134,67568416134
2025-06-19 01:15:32,REAL,67568416134,540,67568416674,67568416674
2025-06-19 01:15:34,REAL,67568416674,541,67568417215,67568417215
2025-06-19 01:15:36,REAL,67568417215,537,67568417752,67568417752
2025-06-19 01:15:38,REAL,67568417752,301,67568418053,67568418053
2025-06-19 01:15:40,REAL,67568418053,610,67568418663,67568418663
2025-06-19 01:15:42,REAL,67568418663,589,67568419252,67568419252
2025-06-19 01:15:44,REAL,67568419252,605,67568419857,67568419857
2025-06-19 01:15:46,REAL,67568419857,598,67568420455,67568420455
2025-06-19 01:15:48,REAL,67568420455,548,67568421003,67568421003
2025-06-19 01:15:50,REAL,67568421003,540,67568421543,67568421543
2025-06-19 01:15:52,REAL,67568421543,550,67568422093,67568422093
2025-06-19 01:15:54,REAL,67568422093,621,67568422714,67568422714
2025-06-19 01:15:56,REAL,67568422714,542,67568423256,67568423256
2025-06-19 01:15:58,REAL,67568423256,539,67568423795,67568423795
2025-06-19 01:16:00,REAL,67568423795,593,67568424388,67568424388
2025-06-19 01:16:02,REAL,67568424388,536,67568424924,67568424924
2025-06-19 01:16:04,REAL,67568424924,532,67568425456,67568425456
2025-06-19 01:16:06,REAL,67568425456,531,67568425987,67568425987
2025-06-19 01:16:08,REAL,67568425987,545,67568426532,67568426532
2025-06-19 01:16:10,REAL,67568426532,614,67568427146,67568427146
2025-06-19 01:16:12,REAL,67568427146,535,67568427681,67568427681
2025-06-19 01:16:14,REAL,67568427681,539,67568428220,67568428220
2025-06-19 01:16:16,REAL,67568428220,653,67568428873,67568428873
2025-06-19 01:16:18,REAL,67568428873,247302,67568676175,67568676175
2025-06-19 01:16:20,REAL,67568676175,49664,67568725839,67568725839
2025-06-19 01:16:22,REAL,67568725839,29704,67568755543,67568755543
2025-06-19 01:16:24,REAL,67568755543,28754,67568784297,67568784297
2025-06-19 01:16:26,REAL,67568784297,29155,67568813452,67568813452
2025-06-19 01:16:28,REAL,67568813452,29378,67568842830,67568842830
2025-06-19 01:16:30,REAL,67568842830,28757,67568871587,67568871587
2025-06-19 01:16:32,REAL,67568871587,19518,67568891105,67568891105
2025-06-19 01:16:34,REAL,67568891105,536,67568891641,67568891641
2025-06-19 01:16:36,REAL,67568891641,540,67568892181,67568892181
2025-06-19 01:16:38,REAL,67568892181,538,67568892719,67568892719
2025-06-19 01:16:40,REAL,67568892719,613,67568893332,67568893332
2025-06-19 01:16:42,REAL,67568893332,544,67568893876,67568893876
2025-06-19 01:16:44,REAL,67568893876,531,67568894407,67568894407
2025-06-19 01:16:46,REAL,67568894407,542,67568894949,67568894949
2025-06-19 01:16:48,REAL,67568894949,592,67568895541,67568895541
2025-06-19 01:16:50,REAL,67568895541,261140,67569156681,67569156681
2025-06-19 01:16:52,REAL,67569156681,40870,67569197551,67569197551
2025-06-19 01:16:54,REAL,67569197551,29097,67569226648,67569226648
2025-06-19 01:16:56,REAL,67569226648,29288,67569255936,67569255936
2025-06-19 01:16:58,REAL,67569255936,29125,67569285061,67569285061
2025-06-19 01:17:00,REAL,67569285061,28844,67569313905,67569313905
2025-06-19 01:17:02,REAL,67569313905,29128,67569343033,67569343033
2025-06-19 01:17:04,REAL,67569343033,17780,67569360813,67569360813
2025-06-19 01:17:06,REAL,67569360813,543,67569361356,67569361356
2025-06-19 01:17:08,REAL,67569361356,542,67569361898,67569361898
2025-06-19 01:17:10,REAL,67569361898,606,67569362504,67569362504
2025-06-19 01:17:12,REAL,67569362504,535,67569363039,67569363039
2025-06-19 01:17:14,REAL,67569363039,545,67569363584,67569363584
2025-06-19 01:17:16,REAL,67569363584,538,67569364122,67569364122
2025-06-19 01:17:18,REAL,67569364122,541,67569364663,67569364663
2025-06-19 01:17:20,REAL,67569364663,604,67569365267,67569365267
2025-06-19 01:17:22,REAL,67569365267,541,67569365808,67569365808
2025-06-19 01:17:24,REAL,67569365808,588,67569366396,67569366396
2025-06-19 01:17:26,REAL,67569366396,616,67569367012,67569367012
2025-06-19 01:17:28,REAL,67569367012,534,67569367546,67569367546
2025-06-19 01:17:30,REAL,67569367546,544,67569368090,67569368090
2025-06-19 01:17:32,REAL,67569368090,533,67569368623,67569368623
2025-06-19 01:17:34,REAL,67569368623,543,67569369166,67569369166
2025-06-19 01:17:36,REAL,67569369166,604,67569369770,67569369770
2025-06-19 01:17:38,REAL,67569369770,542,67569370312,67569370312
2025-06-19 01:17:40,REAL,67569370312,679,67569370991,67569370991
2025-06-19 01:17:42,REAL,67569370991,532,67569371523,67569371523
2025-06-19 01:17:44,REAL,67569371523,542,67569372065,67569372065
2025-06-19 01:17:46,REAL,67569372065,545,67569372610,67569372610
2025-06-19 01:17:48,REAL,67569372610,543,67569373153,67569373153
2025-06-19 01:17:50,REAL,67569373153,546,67569373699,67569373699
2025-06-19 01:17:52,REAL,67569373699,594,67569374293,67569374293
2025-06-19 01:17:54,REAL,67569374293,541,67569374834,67569374834
2025-06-19 01:17:56,REAL,67569374834,615,67569375449,67569375449
2025-06-19 01:17:58,REAL,67569375449,593,67569376042,67569376042
2025-06-19 01:18:00,REAL,67569376042,542,67569376584,67569376584
2025-06-19 01:18:02,REAL,67569376584,540,67569377124,67569377124
2025-06-19 01:18:04,REAL,67569377124,535,67569377659,67569377659
2025-06-19 01:18:06,REAL,67569377659,532,67569378191,67569378191
2025-06-19 01:18:08,REAL,67569378191,597,67569378788,67569378788
2025-06-19 01:18:10,REAL,67569378788,622,67569379410,67569379410
2025-06-19 01:18:12,REAL,67569379410,541,67569379951,67569379951
2025-06-19 01:18:14,REAL,67569379951,535,67569380486,67569380486
2025-06-19 01:18:16,REAL,67569380486,541,67569381027,67569381027
2025-06-19 01:18:18,REAL,67569381027,602,67569381629,67569381629
2025-06-19 01:18:20,REAL,67569381629,542,67569382171,67569382171
2025-06-19 01:18:22,REAL,67569382171,538,67569382709,67569382709
2025-06-19 01:18:24,REAL,67569382709,663,67569383372,67569383372
2025-06-19 01:18:26,REAL,67569383372,676,67569384048,67569384048
2025-06-19 01:18:28,REAL,67569384048,606,67569384654,67569384654
2025-06-19 01:18:30,REAL,67569384654,543,67569385197,67569385197
2025-06-19 01:18:32,REAL,67569385197,535,67569385732,67569385732
2025-06-19 01:18:34,REAL,67569385732,603,67569386335,67569386335
2025-06-19 01:18:36,REAL,67569386335,531,67569386866,67569386866
2025-06-19 01:18:38,REAL,67569386866,542,67569387408,67569387408
2025-06-19 01:18:40,REAL,67569387408,620,67569388028,67569388028
2025-06-19 01:18:42,REAL,67569388028,543,67569388571,67569388571
2025-06-19 01:18:44,REAL,67569388571,599,67569389170,67569389170
2025-06-19 01:18:46,REAL,67569389170,543,67569389713,67569389713
2025-06-19 01:18:48,REAL,67569389713,541,67569390254,67569390254
2025-06-19 01:18:50,REAL,67569390254,546,67569390800,67569390800
2025-06-19 01:18:52,REAL,67569390800,537,67569391337,67569391337
2025-06-19 01:18:54,REAL,67569391337,541,67569391878,67569391878
2025-06-19 01:18:56,REAL,67569391878,613,67569392491,67569392491
2025-06-19 01:18:58,REAL,67569392491,597,67569393088,67569393088
2025-06-19 01:19:00,REAL,67569393088,604,67569393692,67569393692
2025-06-19 01:19:02,REAL,67569393692,162541,67569556233,67569556233
2025-06-19 01:19:04,REAL,67569556233,94589,67569650822,67569650822
2025-06-19 01:19:06,REAL,67569650822,29166,67569679988,67569679988
2025-06-19 01:19:08,REAL,67569679988,28479,67569708467,67569708467
2025-06-19 01:19:10,REAL,67569708467,29096,67569737563,67569737563
2025-06-19 01:19:12,REAL,67569737563,28794,67569766357,67569766357
2025-06-19 01:19:14,REAL,67569766357,28480,67569794837,67569794837
2025-06-19 01:19:16,REAL,67569794837,24464,67569819301,67569819301
2025-06-19 01:19:18,REAL,67569819301,538,67569819839,67569819839
2025-06-19 01:19:20,REAL,67569819839,540,67569820379,67569820379
2025-06-19 01:19:22,REAL,67569820379,540,67569820919,67569820919
2025-06-19 01:19:24,REAL,67569820919,541,67569821460,67569821460
2025-06-19 01:19:26,REAL,67569821460,611,67569822071,67569822071
2025-06-19 01:19:28,REAL,67569822071,605,67569822676,67569822676
2025-06-19 01:19:30,REAL,67569822676,546,67569823222,67569823222
2025-06-19 01:19:32,REAL,67569823222,601,67569823823,67569823823
2025-06-19 01:19:34,REAL,67569823823,540,67569824363,67569824363
2025-06-19 01:19:36,REAL,67569824363,599,67569824962,67569824962
2025-06-19 01:19:38,REAL,67569824962,538,67569825500,67569825500
2025-06-19 01:19:40,REAL,67569825500,534,67569826034,67569826034
2025-06-19 01:19:42,REAL,67569826034,620,67569826654,67569826654
2025-06-19 01:19:44,REAL,67569826654,540,67569827194,67569827194
2025-06-19 01:19:46,REAL,67569827194,533,67569827727,67569827727
2025-06-19 01:19:48,REAL,67569827727,602,67569828329,67569828329
2025-06-19 01:19:50,REAL,67569828329,544,67569828873,67569828873
2025-06-19 01:19:52,REAL,67569828873,538,67569829411,67569829411
2025-06-19 01:19:54,REAL,67569829411,539,67569829950,67569829950
2025-06-19 01:19:56,REAL,67569829950,677,67569830627,67569830627
2025-06-19 01:19:58,REAL,67569830627,545,67569831172,67569831172
2025-06-19 01:20:00,REAL,67569831172,537,67569831709,67569831709
2025-06-19 01:20:02,REAL,67569831709,539,67569832248,67569832248
2025-06-19 01:20:04,REAL,67569832248,601,67569832849,67569832849
2025-06-19 01:20:06,REAL,67569832849,607,67569833456,67569833456
2025-06-19 01:20:08,REAL,67569833456,601,67569834057,67569834057
2025-06-19 01:20:10,REAL,67569834057,596,67569834653,67569834653
2025-06-19 01:20:12,REAL,67569834653,611,67569835264,67569835264
2025-06-19 01:20:14,REAL,67569835264,595,67569835859,67569835859
2025-06-19 01:20:16,REAL,67569835859,540,67569836399,67569836399
2025-06-19 01:20:18,REAL,67569836399,537,67569836936,67569836936
2025-06-19 01:20:20,REAL,67569836936,538,67569837474,67569837474
2025-06-19 01:20:22,REAL,67569837474,595,67569838069,67569838069
2025-06-19 01:20:24,REAL,67569838069,539,67569838608,67569838608
2025-06-19 01:20:26,REAL,67569838608,685,67569839293,67569839293
2025-06-19 01:20:28,REAL,67569839293,531,67569839824,67569839824
2025-06-19 01:20:30,REAL,67569839824,543,67569840367,67569840367
2025-06-19 01:20:32,REAL,67569840367,541,67569840908,67569840908
2025-06-19 01:20:34,REAL,67569840908,538,67569841446,67569841446
2025-06-19 01:20:36,REAL,67569841446,530,67569841976,67569841976
2025-06-19 01:20:38,REAL,67569841976,543,67569842519,67569842519
2025-06-19 01:20:40,REAL,67569842519,540,67569843059,67569843059
2025-06-19 01:20:42,REAL,67569843059,678,67569843737,67569843737
2025-06-19 01:20:44,REAL,67569843737,540,67569844277,67569844277
2025-06-19 01:20:46,REAL,67569844277,539,67569844816,67569844816
2025-06-19 01:20:48,REAL,67569844816,606,67569845422,67569845422
2025-06-19 01:20:50,REAL,67569845422,592,67569846014,67569846014
2025-06-19 01:20:52,REAL,67569846014,541,67569846555,67569846555
2025-06-19 01:20:54,REAL,67569846555,532,67569847087,67569847087
2025-06-19 01:20:56,REAL,67569847087,608,67569847695,67569847695
2025-06-19 01:20:58,REAL,67569847695,106542,67569954237,67569954237
2025-06-19 01:21:00,REAL,67569954237,174416,67570128653,67570128653
2025-06-19 01:21:02,REAL,67570128653,29742,67570158395,67570158395
2025-06-19 01:21:04,REAL,67570158395,28565,67570186960,67570186960
2025-06-19 01:21:06,REAL,67570186960,29326,67570216286,67570216286
2025-06-19 01:21:08,REAL,67570216286,29415,67570245701,67570245701
2025-06-19 01:21:10,REAL,67570245701,29660,67570275361,67570275361
2025-06-19 01:21:12,REAL,67570275361,29081,67570304442,67570304442
2025-06-19 01:21:14,REAL,67570304442,3715,67570308157,67570308157
2025-06-19 01:21:16,REAL,67570308157,546,67570308703,67570308703
2025-06-19 01:21:18,REAL,67570308703,544,67570309247,67570309247
2025-06-19 01:21:20,REAL,67570309247,543,67570309790,67570309790
2025-06-19 01:21:22,REAL,67570309790,545,67570310335,67570310335
2025-06-19 01:21:24,REAL,67570310335,589,67570310924,67570310924
2025-06-19 01:21:26,REAL,67570310924,735,67570311659,67570311659
2025-06-19 01:21:28,REAL,67570311659,532,67570312191,67570312191
2025-06-19 01:21:30,REAL,67570312191,598,67570312789,67570312789
2025-06-19 01:21:32,REAL,67570312789,543,67570313332,67570313332
2025-06-19 01:21:34,REAL,67570313332,549,67570313881,67570313881
2025-06-19 01:21:36,REAL,67570313881,538,67570314419,67570314419
2025-06-19 01:21:38,REAL,67570314419,550,67570314969,67570314969
2025-06-19 01:21:40,REAL,67570314969,541,67570315510,67570315510
2025-06-19 01:21:42,REAL,67570315510,608,67570316118,67570316118
2025-06-19 01:21:44,REAL,67570316118,538,67570316656,67570316656
2025-06-19 01:21:46,REAL,67570316656,605,67570317261,67570317261
2025-06-19 01:21:48,REAL,67570317261,534,67570317795,67570317795
2025-06-19 01:21:50,REAL,67570317795,535,67570318330,67570318330
2025-06-19 01:21:52,REAL,67570318330,606,67570318936,67570318936
2025-06-19 01:21:54,REAL,67570318936,543,67570319479,67570319479
2025-06-19 01:21:56,REAL,67570319479,617,67570320096,67570320096
2025-06-19 01:21:58,REAL,67570320096,538,67570320634,67570320634
2025-06-19 01:22:00,REAL,67570320634,537,67570321171,67570321171
2025-06-19 01:22:02,REAL,67570321171,597,67570321768,67570321768
2025-06-19 01:22:04,REAL,67570321768,600,67570322368,67570322368
2025-06-19 01:22:06,REAL,67570322368,537,67570322905,67570322905
2025-06-19 01:22:08,REAL,67570322905,541,67570323446,67570323446
2025-06-19 01:22:10,REAL,67570323446,540,67570323986,67570323986
2025-06-19 01:22:12,REAL,67570323986,623,67570324609,67570324609
2025-06-19 01:22:14,REAL,67570324609,546,67570325155,67570325155
2025-06-19 01:22:16,REAL,67570325155,542,67570325697,67570325697
2025-06-19 01:22:18,REAL,67570325697,664,67570326361,67570326361
2025-06-19 01:22:20,REAL,67570326361,536,67570326897,67570326897
2025-06-19 01:22:22,REAL,67570326897,541,67570327438,67570327438
2025-06-19 01:22:24,REAL,67570327438,534,67570327972,67570327972
2025-06-19 01:22:26,REAL,67570327972,533,67570328505,67570328505
2025-06-19 01:22:28,REAL,67570328505,623,67570329128,67570329128
2025-06-19 01:22:30,REAL,67570329128,542,67570329670,67570329670
2025-06-19 01:22:32,REAL,67570329670,606,67570330276,67570330276
2025-06-19 01:22:34,REAL,67570330276,546,67570330822,67570330822
2025-06-19 01:22:36,REAL,67570330822,543,67570331365,67570331365
2025-06-19 01:22:38,REAL,67570331365,535,67570331900,67570331900
2025-06-19 01:22:40,REAL,67570331900,594,67570332494,67570332494
2025-06-19 01:22:42,REAL,67570332494,611,67570333105,67570333105
2025-06-19 01:22:44,REAL,67570333105,539,67570333644,67570333644
2025-06-19 01:22:46,REAL,67570333644,589,67570334233,67570334233
2025-06-19 01:22:48,REAL,67570334233,600,67570334833,67570334833
2025-06-19 01:22:50,REAL,67570334833,540,67570335373,67570335373
2025-06-19 01:22:52,REAL,67570335373,540,67570335913,67570335913
2025-06-19 01:22:54,REAL,67570335913,540,67570336453,67570336453
2025-06-19 01:22:56,REAL,67570336453,540,67570336993,67570336993
2025-06-19 01:22:58,REAL,67570336993,618,67570337611,67570337611
2025-06-19 01:23:00,REAL,67570337611,537,67570338148,67570338148
2025-06-19 01:23:02,REAL,67570338148,536,67570338684,67570338684
2025-06-19 01:23:04,REAL,67570338684,602,67570339286,67570339286
2025-06-19 01:23:06,REAL,67570339286,543,67570339829,67570339829
2025-06-19 01:23:08,REAL,67570339829,544,67570340373,67570340373
2025-06-19 01:23:10,REAL,67570340373,546,67570340919,67570340919
2025-06-19 01:23:12,REAL,67570340919,671,67570341590,67570341590
2025-06-19 01:23:14,REAL,67570341590,538,67570342128,67570342128
2025-06-19 01:23:16,REAL,67570342128,540,67570342668,67570342668
2025-06-19 01:23:18,REAL,67570342668,595,67570343263,67570343263
2025-06-19 01:23:20,REAL,67570343263,605,67570343868,67570343868
2025-06-19 01:23:22,REAL,67570343868,542,67570344410,67570344410
2025-06-19 01:23:24,REAL,67570344410,538,67570344948,67570344948
2025-06-19 01:23:26,REAL,67570344948,537,67570345485,67570345485
2025-06-19 01:23:28,REAL,67570345485,619,67570346104,67570346104
2025-06-19 01:23:30,REAL,67570346104,544,67570346648,67570346648
2025-06-19 01:23:32,REAL,67570346648,533,67570347181,67570347181
2025-06-19 01:23:34,REAL,67570347181,539,67570347720,67570347720
2025-06-19 01:23:36,REAL,67570347720,601,67570348321,67570348321
2025-06-19 01:23:38,REAL,67570348321,208452,67570556773,67570556773
2025-06-19 01:23:40,REAL,67570556773,91724,67570648497,67570648497
2025-06-19 01:23:42,REAL,67570648497,28820,67570677317,67570677317
2025-06-19 01:23:44,REAL,67570677317,29688,67570707005,67570707005
2025-06-19 01:23:46,REAL,67570707005,29067,67570736072,67570736072
2025-06-19 01:23:48,REAL,67570736072,28826,67570764898,67570764898
2025-06-19 01:23:50,REAL,67570764898,28923,67570793821,67570793821
2025-06-19 01:23:52,REAL,67570793821,23836,67570817657,67570817657
2025-06-19 01:23:54,REAL,67570817657,595,67570818252,67570818252
2025-06-19 01:23:56,REAL,67570818252,547,67570818799,67570818799
2025-06-19 01:23:58,REAL,67570818799,610,67570819409,67570819409
2025-06-19 01:24:00,REAL,67570819409,532,67570819941,67570819941
2025-06-19 01:24:02,REAL,67570819941,539,67570820480,67570820480
2025-06-19 01:24:04,REAL,67570820480,540,67570821020,67570821020
2025-06-19 01:24:06,REAL,67570821020,599,67570821619,67570821619
2025-06-19 01:24:08,REAL,67570821619,602,67570822221,67570822221
2025-06-19 01:24:10,REAL,67570822221,539,67570822760,67570822760
2025-06-19 01:24:12,REAL,67570822760,621,67570823381,67570823381
2025-06-19 01:24:14,REAL,67570823381,540,67570823921,67570823921
2025-06-19 01:24:16,REAL,67570823921,536,67570824457,67570824457
2025-06-19 01:24:18,REAL,67570824457,542,67570824999,67570824999
2025-06-19 01:24:20,REAL,67570824999,543,67570825542,67570825542
2025-06-19 01:24:22,REAL,67570825542,547,67570826089,67570826089
2025-06-19 01:24:24,REAL,67570826089,600,67570826689,67570826689
2025-06-19 01:24:26,REAL,67570826689,542,67570827231,67570827231
2025-06-19 01:24:28,REAL,67570827231,613,67570827844,67570827844
2025-06-19 01:24:30,REAL,67570827844,594,67570828438,67570828438
2025-06-19 01:24:32,REAL,67570828438,538,67570828976,67570828976
2025-06-19 01:24:34,REAL,67570828976,542,67570829518,67570829518
2025-06-19 01:24:36,REAL,67570829518,597,67570830115,67570830115
2025-06-19 01:24:38,REAL,67570830115,546,67570830661,67570830661
2025-06-19 01:24:40,REAL,67570830661,602,67570831263,67570831263
2025-06-19 01:24:42,REAL,67570831263,531,67570831794,67570831794
2025-06-19 01:24:44,REAL,67570831794,621,67570832415,67570832415
2025-06-19 01:24:46,REAL,67570832415,543,67570832958,67570832958
2025-06-19 01:24:48,REAL,67570832958,534,67570833492,67570833492
2025-06-19 01:24:50,REAL,67570833492,543,67570834035,67570834035
2025-06-19 01:24:52,REAL,67570834035,546,67570834581,67570834581
2025-06-19 01:24:54,REAL,67570834581,543,67570835124,67570835124
2025-06-19 01:24:56,REAL,67570835124,604,67570835728,67570835728
2025-06-19 01:24:58,REAL,67570835728,607,67570836335,67570836335
2025-06-19 01:25:00,REAL,67570836335,538,67570836873,67570836873
2025-06-19 01:25:02,REAL,67570836873,536,67570837409,67570837409
2025-06-19 01:25:04,REAL,67570837409,601,67570838010,67570838010
2025-06-19 01:25:06,REAL,67570838010,541,67570838551,67570838551
2025-06-19 01:25:08,REAL,67570838551,593,67570839144,67570839144
2025-06-19 01:25:10,REAL,67570839144,540,67570839684,67570839684
2025-06-19 01:25:12,REAL,67570839684,600,67570840284,67570840284
2025-06-19 01:25:14,REAL,67570840284,244123,67571084407,67571084407
2025-06-19 01:25:16,REAL,67571084407,40176,67571124583,67571124583
2025-06-19 01:25:18,REAL,67571124583,29111,67571153694,67571153694
2025-06-19 01:25:20,REAL,67571153694,29368,67571183062,67571183062
2025-06-19 01:25:22,REAL,67571183062,28717,67571211779,67571211779
2025-06-19 01:25:24,REAL,67571211779,29201,67571240980,67571240980
2025-06-19 01:25:26,REAL,67571240980,29371,67571270351,67571270351
2025-06-19 01:25:28,REAL,67571270351,17883,67571288234,67571288234
2025-06-19 01:25:30,REAL,67571288234,533,67571288767,67571288767
2025-06-19 01:25:32,REAL,67571288767,542,67571289309,67571289309
2025-06-19 01:25:34,REAL,67571289309,539,67571289848,67571289848
2025-06-19 01:25:36,REAL,67571289848,544,67571290392,67571290392
2025-06-19 01:25:38,REAL,67571290392,539,67571290931,67571290931
2025-06-19 01:25:40,REAL,67571290931,538,67571291469,67571291469
2025-06-19 01:25:42,REAL,67571291469,592,67571292061,67571292061
2025-06-19 01:25:44,REAL,67571292061,677,67571292738,67571292738
2025-06-19 01:25:46,REAL,67571292738,539,67571293277,67571293277
2025-06-19 01:25:48,REAL,67571293277,540,67571293817,67571293817
2025-06-19 01:25:50,REAL,67571293817,536,67571294353,67571294353
2025-06-19 01:25:52,REAL,67571294353,540,67571294893,67571294893
2025-06-19 01:25:54,REAL,67571294893,540,67571295433,67571295433
2025-06-19 01:25:56,REAL,67571295433,594,67571296027,67571296027
2025-06-19 01:25:58,REAL,67571296027,614,67571296641,67571296641
2025-06-19 01:26:00,REAL,67571296641,601,67571297242,67571297242
2025-06-19 01:26:02,REAL,67571297242,237380,67571534622,67571534622
2025-06-19 01:26:04,REAL,67571534622,29112,67571563734,67571563734
2025-06-19 01:26:06,REAL,67571563734,29060,67571592794,67571592794
2025-06-19 01:26:08,REAL,67571592794,29657,67571622451,67571622451
2025-06-19 01:26:10,REAL,67571622451,28765,67571651216,67571651216
2025-06-19 01:26:12,REAL,67571651216,29251,67571680467,67571680467
2025-06-19 01:26:14,REAL,67571680467,29646,67571710113,67571710113
2025-06-19 01:26:16,REAL,67571710113,15229,67571725342,67571725342
2025-06-19 01:26:18,REAL,67571725342,544,67571725886,67571725886
2025-06-19 01:26:20,REAL,67571725886,543,67571726429,67571726429
2025-06-19 01:26:22,REAL,67571726429,532,67571726961,67571726961
2025-06-19 01:26:24,REAL,67571726961,542,67571727503,67571727503
2025-06-19 01:26:26,REAL,67571727503,544,67571728047,67571728047
2025-06-19 01:26:28,REAL,67571728047,621,67571728668,67571728668
2025-06-19 01:26:30,REAL,67571728668,598,67571729266,67571729266
2025-06-19 01:26:32,REAL,67571729266,598,67571729864,67571729864
2025-06-19 01:26:34,REAL,67571729864,545,67571730409,67571730409
2025-06-19 01:26:36,REAL,67571730409,549,67571730958,67571730958
2025-06-19 01:26:38,REAL,67571730958,536,67571731494,67571731494
2025-06-19 01:26:40,REAL,67571731494,535,67571732029,67571732029
2025-06-19 01:26:42,REAL,67571732029,543,67571732572,67571732572
2025-06-19 01:26:44,REAL,67571732572,675,67571733247,67571733247
2025-06-19 01:26:46,REAL,67571733247,533,67571733780,67571733780
2025-06-19 01:26:48,REAL,67571733780,607,67571734387,67571734387
2025-06-19 01:26:50,REAL,67571734387,538,67571734925,67571734925
2025-06-19 01:26:52,REAL,67571734925,538,67571735463,67571735463
2025-06-19 01:26:54,REAL,67571735463,530,67571735993,67571735993
2025-06-19 01:26:56,REAL,67571735993,536,67571736529,67571736529
2025-06-19 01:26:58,REAL,67571736529,671,67571737200,67571737200
2025-06-19 01:27:00,REAL,67571737200,541,67571737741,67571737741
2025-06-19 01:27:02,REAL,67571737741,543,67571738284,67571738284
2025-06-19 01:27:04,REAL,67571738284,604,67571738888,67571738888
2025-06-19 01:27:06,REAL,67571738888,540,67571739428,67571739428
2025-06-19 01:27:08,REAL,67571739428,543,67571739971,67571739971
2025-06-19 01:27:10,REAL,67571739971,538,67571740509,67571740509
2025-06-19 01:27:12,REAL,67571740509,542,67571741051,67571741051
2025-06-19 01:27:14,REAL,67571741051,614,67571741665,67571741665
2025-06-19 01:27:16,REAL,67571741665,542,67571742207,67571742207
2025-06-19 01:27:18,REAL,67571742207,534,67571742741,67571742741
2025-06-19 01:27:20,REAL,67571742741,597,67571743338,67571743338
2025-06-19 01:27:22,REAL,67571743338,543,67571743881,67571743881
2025-06-19 01:27:24,REAL,67571743881,541,67571744422,67571744422
2025-06-19 01:27:26,REAL,67571744422,536,67571744958,67571744958
2025-06-19 01:27:28,REAL,67571744958,677,67571745635,67571745635
2025-06-19 01:27:30,REAL,67571745635,539,67571746174,67571746174
2025-06-19 01:27:32,REAL,67571746174,594,67571746768,67571746768
2025-06-19 01:27:34,REAL,67571746768,536,67571747304,67571747304
2025-06-19 01:27:36,REAL,67571747304,43207,67571790511,67571790511
2025-06-19 01:27:38,REAL,67571790511,216175,67572006686,67572006686
2025-06-19 01:27:40,REAL,67572006686,29992,67572036678,67572036678
2025-06-19 01:27:42,REAL,67572036678,28116,67572064794,67572064794
2025-06-19 01:27:44,REAL,67572064794,29323,67572094117,67572094117
2025-06-19 01:27:46,REAL,67572094117,29032,67572123149,67572123149
2025-06-19 01:27:48,REAL,67572123149,29390,67572152539,67572152539
2025-06-19 01:27:50,REAL,67572152539,28966,67572181505,67572181505
2025-06-19 01:27:52,REAL,67572181505,9769,67572191274,67572191274
2025-06-19 01:27:54,REAL,67572191274,535,67572191809,67572191809
2025-06-19 01:27:56,REAL,67572191809,535,67572192344,67572192344
2025-06-19 01:27:58,REAL,67572192344,541,67572192885,67572192885
2025-06-19 01:28:00,REAL,67572192885,615,67572193500,67572193500
2025-06-19 01:28:02,REAL,67572193500,540,67572194040,67572194040
2025-06-19 01:28:04,REAL,67572194040,534,67572194574,67572194574
2025-06-19 01:28:06,REAL,67572194574,604,67572195178,67572195178
2025-06-19 01:28:08,REAL,67572195178,599,67572195777,67572195777
2025-06-19 01:28:10,REAL,67572195777,550,67572196327,67572196327
2025-06-19 01:28:12,REAL,67572196327,541,67572196868,67572196868
2025-06-19 01:28:14,REAL,67572196868,622,67572197490,67572197490
2025-06-19 01:28:16,REAL,67572197490,549,67572198039,67572198039
2025-06-19 01:28:18,REAL,67572198039,544,67572198583,67572198583
2025-06-19 01:28:20,REAL,67572198583,533,67572199116,67572199116
2025-06-19 01:28:22,REAL,67572199116,597,67572199713,67572199713
2025-06-19 01:28:24,REAL,67572199713,604,67572200317,67572200317
2025-06-19 01:28:26,REAL,67572200317,544,67572200861,67572200861
2025-06-19 01:28:28,REAL,67572200861,547,67572201408,67572201408
2025-06-19 01:28:30,REAL,67572201408,623,67572202031,67572202031
2025-06-19 01:28:32,REAL,67572202031,544,67572202575,67572202575
2025-06-19 01:28:34,REAL,67572202575,595,67572203170,67572203170
2025-06-19 01:28:36,REAL,67572203170,544,67572203714,67572203714
2025-06-19 01:28:38,REAL,67572203714,545,67572204259,67572204259
2025-06-19 01:28:40,REAL,67572204259,604,67572204863,67572204863
2025-06-19 01:28:42,REAL,67572204863,538,67572205401,67572205401
2025-06-19 01:28:44,REAL,67572205401,611,67572206012,67572206012
2025-06-19 01:28:46,REAL,67572206012,539,67572206551,67572206551
2025-06-19 01:28:48,REAL,67572206551,535,67572207086,67572207086
2025-06-19 01:28:50,REAL,67572207086,537,67572207623,67572207623
2025-06-19 01:28:52,REAL,67572207623,535,67572208158,67572208158
2025-06-19 01:28:54,REAL,67572208158,541,67572208699,67572208699
2025-06-19 01:28:56,REAL,67572208699,605,67572209304,67572209304
2025-06-19 01:28:58,REAL,67572209304,540,67572209844,67572209844
2025-06-19 01:29:00,REAL,67572209844,623,67572210467,67572210467
2025-06-19 01:29:02,REAL,67572210467,535,67572211002,67572211002
2025-06-19 01:29:04,REAL,67572211002,596,67572211598,67572211598
2025-06-19 01:29:06,REAL,67572211598,541,67572212139,67572212139
2025-06-19 01:29:08,REAL,67572212139,545,67572212684,67572212684
2025-06-19 01:29:10,REAL,67572212684,541,67572213225,67572213225
2025-06-19 01:29:12,REAL,67572213225,649,67572213874,67572213874
2025-06-19 01:29:14,REAL,67572213874,614,67572214488,67572214488
2025-06-19 01:29:16,REAL,67572214488,531,67572215019,67572215019
2025-06-19 01:29:18,REAL,67572215019,542,67572215561,67572215561
2025-06-19 01:29:20,REAL,67572215561,533,67572216094,67572216094
2025-06-19 01:29:22,REAL,67572216094,541,67572216635,67572216635
2025-06-19 01:29:24,REAL,67572216635,530,67572217165,67572217165
2025-06-19 01:29:26,REAL,67572217165,533,67572217698,67572217698
2025-06-19 01:29:28,REAL,67572217698,96988,67572314686,67572314686
2025-06-19 01:29:30,REAL,67572314686,157276,67572471962,67572471962
2025-06-19 01:29:32,REAL,67572471962,29704,67572501666,67572501666
2025-06-19 01:29:34,REAL,67572501666,29057,67572530723,67572530723
2025-06-19 01:29:36,REAL,67572530723,28994,67572559717,67572559717
2025-06-19 01:29:38,REAL,67572559717,29268,67572588985,67572588985
2025-06-19 01:29:40,REAL,67572588985,28901,67572617886,67572617886
2025-06-19 01:29:42,REAL,67572617886,30161,67572648047,67572648047
2025-06-19 01:29:44,REAL,67572648047,3317,67572651364,67572651364
2025-06-19 01:29:46,REAL,67572651364,534,67572651898,67572651898
2025-06-19 01:29:48,REAL,67572651898,542,67572652440,67572652440
2025-06-19 01:29:50,REAL,67572652440,544,67572652984,67572652984
2025-06-19 01:29:52,REAL,67572652984,549,67572653533,67572653533
2025-06-19 01:29:54,REAL,67572653533,544,67572654077,67572654077
2025-06-19 01:29:56,REAL,67572654077,544,67572654621,67572654621
2025-06-19 01:29:58,REAL,67572654621,601,67572655222,67572655222
2025-06-19 01:30:00,REAL,67572655222,675,67572655897,67572655897
2025-06-19 01:30:02,REAL,67572655897,588,67572656485,67572656485
2025-06-19 01:30:04,REAL,67572656485,533,67572657018,67572657018
2025-06-19 01:30:06,REAL,67572657018,542,67572657560,67572657560
2025-06-19 01:30:08,REAL,67572657560,546,67572658106,67572658106
2025-06-19 01:30:10,REAL,67572658106,544,67572658650,67572658650
2025-06-19 01:30:12,REAL,67572658650,536,67572659186,67572659186
2025-06-19 01:30:14,REAL,67572659186,611,67572659797,67572659797
2025-06-19 01:30:16,REAL,67572659797,598,67572660395,67572660395
2025-06-19 01:30:18,REAL,67572660395,542,67572660937,67572660937
2025-06-19 01:30:20,REAL,67572660937,540,67572661477,67572661477
2025-06-19 01:30:22,REAL,67572661477,542,67572662019,67572662019
2025-06-19 01:30:24,REAL,67572662019,540,67572662559,67572662559
2025-06-19 01:30:26,REAL,67572662559,540,67572663099,67572663099
2025-06-19 01:30:28,REAL,67572663099,536,67572663635,67572663635
2025-06-19 01:30:30,REAL,67572663635,674,67572664309,67572664309
2025-06-19 01:30:32,REAL,67572664309,163016,67572827325,67572827325
2025-06-19 01:30:34,REAL,67572827325,126832,67572954157,67572954157
2025-06-19 01:30:36,REAL,67572954157,29601,67572983758,67572983758
2025-06-19 01:30:38,REAL,67572983758,29099,67573012857,67573012857
2025-06-19 01:30:40,REAL,67573012857,29422,67573042279,67573042279
2025-06-19 01:30:42,REAL,67573042279,29281,67573071560,67573071560
2025-06-19 01:30:44,REAL,67573071560,28955,67573100515,67573100515
2025-06-19 01:30:46,REAL,67573100515,27863,67573128378,67573128378
2025-06-19 01:30:48,REAL,67573128378,593,67573128971,67573128971
2025-06-19 01:30:50,REAL,67573128971,653,67573129624,67573129624
2025-06-19 01:30:52,REAL,67573129624,7854,67573137478,67573137478
2025-06-19 01:30:54,REAL,67573137478,223415,67573360893,67573360893
2025-06-19 01:30:56,REAL,67573360893,29283,67573390176,67573390176
2025-06-19 01:30:58,REAL,67573390176,28904,67573419080,67573419080
2025-06-19 01:31:00,REAL,67573419080,29653,67573448733,67573448733
2025-06-19 01:31:02,REAL,67573448733,29304,67573478037,67573478037
2025-06-19 01:31:04,REAL,67573478037,29124,67573507161,67573507161
2025-06-19 01:31:06,REAL,67573507161,29596,67573536757,67573536757
2025-06-19 01:31:08,REAL,67573536757,13189,67573549946,67573549946
2025-06-19 01:31:10,REAL,67573549946,536,67573550482,67573550482
2025-06-19 01:31:12,REAL,67573550482,542,67573551024,67573551024
2025-06-19 01:31:14,REAL,67573551024,544,67573551568,67573551568
2025-06-19 01:31:16,REAL,67573551568,625,67573552193,67573552193
2025-06-19 01:31:18,REAL,67573552193,536,67573552729,67573552729
2025-06-19 01:31:20,REAL,67573552729,543,67573553272,67573553272
2025-06-19 01:31:22,REAL,67573553272,537,67573553809,67573553809
2025-06-19 01:31:24,REAL,67573553809,26216,67573580025,67573580025
2025-06-19 01:31:26,REAL,67573580025,249412,67573829437,67573829437
2025-06-19 01:31:28,REAL,67573829437,29202,67573858639,67573858639
2025-06-19 01:31:30,REAL,67573858639,29481,67573888120,67573888120
2025-06-19 01:31:32,REAL,67573888120,28965,67573917085,67573917085
2025-06-19 01:31:34,REAL,67573917085,29436,67573946521,67573946521
2025-06-19 01:31:36,REAL,67573946521,29079,67573975600,67573975600
2025-06-19 01:31:38,REAL,67573975600,29057,67574004657,67574004657
2025-06-19 01:31:40,REAL,67574004657,11180,67574015837,67574015837
2025-06-19 01:31:42,REAL,67574015837,546,67574016383,67574016383
2025-06-19 01:31:44,REAL,67574016383,546,67574016929,67574016929
2025-06-19 01:31:46,REAL,67574016929,616,67574017545,67574017545
2025-06-19 01:31:48,REAL,67574017545,533,67574018078,67574018078
2025-06-19 01:31:50,REAL,67574018078,536,67574018614,67574018614
2025-06-19 01:31:52,REAL,67574018614,543,67574019157,67574019157
2025-06-19 01:31:54,REAL,67574019157,547,67574019704,67574019704
2025-06-19 01:31:56,REAL,67574019704,42960,67574062664,67574062664
2025-06-19 01:31:58,REAL,67574062664,219821,67574282485,67574282485
2025-06-19 01:32:00,REAL,67574282485,29322,67574311807,67574311807
2025-06-19 01:32:02,REAL,67574311807,29486,67574341293,67574341293
2025-06-19 01:32:04,REAL,67574341293,29336,67574370629,67574370629
2025-06-19 01:32:06,REAL,67574370629,28147,67574398776,67574398776
2025-06-19 01:32:08,REAL,67574398776,28720,67574427496,67574427496
2025-06-19 01:32:10,REAL,67574427496,29084,67574456580,67574456580
2025-06-19 01:32:12,REAL,67574456580,9173,67574465753,67574465753
2025-06-19 01:32:14,REAL,67574465753,537,67574466290,67574466290
2025-06-19 01:32:16,REAL,67574466290,612,67574466902,67574466902
2025-06-19 01:32:18,REAL,67574466902,533,67574467435,67574467435
2025-06-19 01:32:20,REAL,67574467435,539,67574467974,67574467974
2025-06-19 01:32:22,REAL,67574467974,300,67574468274,67574468274
2025-06-19 01:32:24,REAL,67574468274,544,67574468818,67574468818
2025-06-19 01:32:26,REAL,67574468818,547,67574469365,67574469365
2025-06-19 01:32:28,REAL,67574469365,662,67574470027,67574470027
2025-06-19 01:32:30,REAL,67574470027,667,67574470694,67574470694
2025-06-19 01:32:32,REAL,67574470694,545,67574471239,67574471239
2025-06-19 01:32:34,REAL,67574471239,532,67574471771,67574471771
2025-06-19 01:32:36,REAL,67574471771,542,67574472313,67574472313
2025-06-19 01:32:38,REAL,67574472313,544,67574472857,67574472857
2025-06-19 01:32:40,REAL,67574472857,540,67574473397,67574473397
2025-06-19 01:32:42,REAL,67574473397,785,67574474182,67574474182
2025-06-19 01:32:44,REAL,67574474182,419,67574474601,67574474601
2025-06-19 01:32:46,REAL,67574474601,679,67574475280,67574475280
2025-06-19 01:32:48,REAL,67574475280,603,67574475883,67574475883
2025-06-19 01:32:50,REAL,67574475883,546,67574476429,67574476429
2025-06-19 01:32:52,REAL,67574476429,538,67574476967,67574476967
2025-06-19 01:32:54,REAL,67574476967,538,67574477505,67574477505
2025-06-19 01:32:56,REAL,67574477505,535,67574478040,67574478040
2025-06-19 01:32:58,REAL,67574478040,590,67574478630,67574478630
2025-06-19 01:33:00,REAL,67574478630,535,67574479165,67574479165
2025-06-19 01:33:02,REAL,67574479165,618,67574479783,67574479783
2025-06-19 01:33:04,REAL,67574479783,603,67574480386,67574480386
2025-06-19 01:33:06,REAL,67574480386,596,67574480982,67574480982
2025-06-19 01:33:08,REAL,67574480982,546,67574481528,67574481528
2025-06-19 01:33:10,REAL,67574481528,533,67574482061,67574482061
2025-06-19 01:33:12,REAL,67574482061,539,67574482600,67574482600
2025-06-19 01:33:14,REAL,67574482600,540,67574483140,67574483140
2025-06-19 01:33:16,REAL,67574483140,622,67574483762,67574483762
2025-06-19 01:33:18,REAL,67574483762,549,67574484311,67574484311
2025-06-19 01:33:20,REAL,67574484311,607,67574484918,67574484918
2025-06-19 01:33:22,REAL,67574484918,540,67574485458,67574485458
2025-06-19 01:33:24,REAL,67574485458,538,67574485996,67574485996
2025-06-19 01:33:26,REAL,67574485996,544,67574486540,67574486540
2025-06-19 01:33:28,REAL,67574486540,597,67574487137,67574487137
2025-06-19 01:33:30,REAL,67574487137,542,67574487679,67574487679
2025-06-19 01:33:32,REAL,67574487679,615,67574488294,67574488294
2025-06-19 01:33:34,REAL,67574488294,539,67574488833,67574488833
2025-06-19 01:33:36,REAL,67574488833,598,67574489431,67574489431
2025-06-19 01:33:38,REAL,67574489431,238356,67574727787,67574727787
2025-06-19 01:33:40,REAL,67574727787,46713,67574774500,67574774500
2025-06-19 01:33:42,REAL,67574774500,29136,67574803636,67574803636
2025-06-19 01:33:44,REAL,67574803636,29412,67574833048,67574833048
2025-06-19 01:33:46,REAL,67574833048,29312,67574862360,67574862360
2025-06-19 01:33:48,REAL,67574862360,29560,67574891920,67574891920
2025-06-19 01:33:50,REAL,67574891920,29017,67574920937,67574920937
2025-06-19 01:33:52,REAL,67574920937,18269,67574939206,67574939206
2025-06-19 01:33:54,REAL,67574939206,543,67574939749,67574939749
2025-06-19 01:33:56,REAL,67574939749,544,67574940293,67574940293
2025-06-19 01:33:58,REAL,67574940293,541,67574940834,67574940834
2025-06-19 01:34:00,REAL,67574940834,545,67574941379,67574941379
2025-06-19 01:34:02,REAL,67574941379,619,67574941998,67574941998
2025-06-19 01:34:04,REAL,67574941998,541,67574942539,67574942539
2025-06-19 01:34:06,REAL,67574942539,536,67574943075,67574943075
2025-06-19 01:34:08,REAL,67574943075,659,67574943734,67574943734
2025-06-19 01:34:10,REAL,67574943734,263529,67575207263,67575207263
2025-06-19 01:34:12,REAL,67575207263,28874,67575236137,67575236137
2025-06-19 01:34:14,REAL,67575236137,29076,67575265213,67575265213
2025-06-19 01:34:16,REAL,67575265213,29576,67575294789,67575294789
2025-06-19 01:34:18,REAL,67575294789,29866,67575324655,67575324655
2025-06-19 01:34:20,REAL,67575324655,29231,67575353886,67575353886
2025-06-19 01:34:22,REAL,67575353886,29737,67575383623,67575383623
2025-06-19 01:34:24,REAL,67575383623,16244,67575399867,67575399867
2025-06-19 01:34:26,REAL,67575399867,538,67575400405,67575400405
2025-06-19 01:34:28,REAL,67575400405,542,67575400947,67575400947
2025-06-19 01:34:30,REAL,67575400947,532,67575401479,67575401479
2025-06-19 01:34:32,REAL,67575401479,623,67575402102,67575402102
2025-06-19 01:34:34,REAL,67575402102,543,67575402645,67575402645
2025-06-19 01:34:36,REAL,67575402645,596,67575403241,67575403241
2025-06-19 01:34:38,REAL,67575403241,547,67575403788,67575403788
2025-06-19 01:34:40,REAL,67575403788,602,67575404390,67575404390
2025-06-19 01:34:42,REAL,67575404390,541,67575404931,67575404931
2025-06-19 01:34:44,REAL,67575404931,541,67575405472,67575405472
2025-06-19 01:34:46,REAL,67575405472,618,67575406090,67575406090
2025-06-19 01:34:48,REAL,67575406090,595,67575406685,67575406685
2025-06-19 01:34:50,REAL,67575406685,540,67575407225,67575407225
2025-06-19 01:34:52,REAL,67575407225,545,67575407770,67575407770
2025-06-19 01:34:54,REAL,67575407770,539,67575408309,67575408309
2025-06-19 01:34:56,REAL,67575408309,605,67575408914,67575408914
2025-06-19 01:34:58,REAL,67575408914,543,67575409457,67575409457
2025-06-19 01:35:00,REAL,67575409457,543,67575410000,67575410000
2025-06-19 01:35:02,REAL,67575410000,619,67575410619,67575410619
2025-06-19 01:35:04,REAL,67575410619,601,67575411220,67575411220
2025-06-19 01:35:06,REAL,67575411220,541,67575411761,67575411761
2025-06-19 01:35:08,REAL,67575411761,543,67575412304,67575412304
2025-06-19 01:35:10,REAL,67575412304,538,67575412842,67575412842
2025-06-19 01:35:12,REAL,67575412842,595,67575413437,67575413437
2025-06-19 01:35:14,REAL,67575413437,538,67575413975,67575413975
2025-06-19 01:35:16,REAL,67575413975,621,67575414596,67575414596
2025-06-19 01:35:18,REAL,67575414596,538,67575415134,67575415134
2025-06-19 01:35:20,REAL,67575415134,544,67575415678,67575415678
2025-06-19 01:35:22,REAL,67575415678,599,67575416277,67575416277
2025-06-19 01:35:24,REAL,67575416277,539,67575416816,67575416816
2025-06-19 01:35:26,REAL,67575416816,543,67575417359,67575417359
2025-06-19 01:35:28,REAL,67575417359,606,67575417965,67575417965
2025-06-19 01:35:30,REAL,67575417965,541,67575418506,67575418506
2025-06-19 01:35:32,REAL,67575418506,618,67575419124,67575419124
2025-06-19 01:35:34,REAL,67575419124,596,67575419720,67575419720
2025-06-19 01:35:36,REAL,67575419720,540,67575420260,67575420260
2025-06-19 01:35:38,REAL,67575420260,542,67575420802,67575420802
2025-06-19 01:35:40,REAL,67575420802,536,67575421338,67575421338
2025-06-19 01:35:42,REAL,67575421338,544,67575421882,67575421882
2025-06-19 01:35:44,REAL,67575421882,24535,67575446417,67575446417
2025-06-19 01:35:46,REAL,67575446417,247861,67575694278,67575694278
2025-06-19 01:35:48,REAL,67575694278,29150,67575723428,67575723428
2025-06-19 01:35:50,REAL,67575723428,29506,67575752934,67575752934
2025-06-19 01:35:52,REAL,67575752934,29024,67575781958,67575781958
2025-06-19 01:35:54,REAL,67575781958,29112,67575811070,67575811070
2025-06-19 01:35:56,REAL,67575811070,29405,67575840475,67575840475
2025-06-19 01:35:58,REAL,67575840475,29161,67575869636,67575869636
2025-06-19 01:36:00,REAL,67575869636,10862,67575880498,67575880498
2025-06-19 01:36:02,REAL,67575880498,615,67575881113,67575881113
2025-06-19 01:36:04,REAL,67575881113,538,67575881651,67575881651
2025-06-19 01:36:06,REAL,67575881651,539,67575882190,67575882190
2025-06-19 01:36:08,REAL,67575882190,538,67575882728,67575882728
2025-06-19 01:36:10,REAL,67575882728,537,67575883265,67575883265
2025-06-19 01:36:12,REAL,67575883265,593,67575883858,67575883858
2025-06-19 01:36:14,REAL,67575883858,541,67575884399,67575884399
2025-06-19 01:36:16,REAL,67575884399,672,67575885071,67575885071
2025-06-19 01:36:18,REAL,67575885071,545,67575885616,67575885616
2025-06-19 01:36:20,REAL,67575885616,543,67575886159,67575886159
2025-06-19 01:36:22,REAL,67575886159,547,67575886706,67575886706
2025-06-19 01:36:24,REAL,67575886706,540,67575887246,67575887246
2025-06-19 01:36:26,REAL,67575887246,547,67575887793,67575887793
2025-06-19 01:36:28,REAL,67575887793,541,67575888334,67575888334
2025-06-19 01:36:30,REAL,67575888334,548,67575888882,67575888882
2025-06-19 01:36:32,REAL,67575888882,790,67575889672,67575889672
2025-06-19 01:36:34,REAL,67575889672,600,67575890272,67575890272
2025-06-19 01:36:36,REAL,67575890272,603,67575890875,67575890875
2025-06-19 01:36:38,REAL,67575890875,538,67575891413,67575891413
2025-06-19 01:36:40,REAL,67575891413,592,67575892005,67575892005
2025-06-19 01:36:42,REAL,67575892005,536,67575892541,67575892541
2025-06-19 01:36:44,REAL,67575892541,539,67575893080,67575893080
2025-06-19 01:36:46,REAL,67575893080,618,67575893698,67575893698
2025-06-19 01:36:48,REAL,67575893698,536,67575894234,67575894234
2025-06-19 01:36:50,REAL,67575894234,536,67575894770,67575894770
2025-06-19 01:36:52,REAL,67575894770,601,67575895371,67575895371
2025-06-19 01:36:54,REAL,67575895371,537,67575895908,67575895908
2025-06-19 01:36:56,REAL,67575895908,539,67575896447,67575896447
2025-06-19 01:36:58,REAL,67575896447,538,67575896985,67575896985
2025-06-19 01:37:00,REAL,67575896985,537,67575897522,67575897522
2025-06-19 01:37:02,REAL,67575897522,621,67575898143,67575898143
2025-06-19 01:37:04,REAL,67575898143,542,67575898685,67575898685
2025-06-19 01:37:06,REAL,67575898685,592,67575899277,67575899277
2025-06-19 01:37:08,REAL,67575899277,655,67575899932,67575899932
2025-06-19 01:37:10,REAL,67575899932,207830,67576107762,67576107762
2025-06-19 01:37:12,REAL,67576107762,58288,67576166050,67576166050
2025-06-19 01:37:14,REAL,67576166050,29642,67576195692,67576195692
2025-06-19 01:37:16,REAL,67576195692,29071,67576224763,67576224763
2025-06-19 01:37:18,REAL,67576224763,29099,67576253862,67576253862
2025-06-19 01:37:20,REAL,67576253862,29928,67576283790,67576283790
2025-06-19 01:37:22,REAL,67576283790,29601,67576313391,67576313391
2025-06-19 01:37:24,REAL,67576313391,20280,67576333671,67576333671
2025-06-19 01:37:26,REAL,67576333671,535,67576334206,67576334206
2025-06-19 01:37:28,REAL,67576334206,540,67576334746,67576334746
2025-06-19 01:37:30,REAL,67576334746,538,67576335284,67576335284
2025-06-19 01:37:32,REAL,67576335284,618,67576335902,67576335902
2025-06-19 01:37:34,REAL,67576335902,543,67576336445,67576336445
2025-06-19 01:37:36,REAL,67576336445,591,67576337036,67576337036
2025-06-19 01:37:38,REAL,67576337036,537,67576337573,67576337573
2025-06-19 01:37:40,REAL,67576337573,605,67576338178,67576338178
2025-06-19 01:37:42,REAL,67576338178,211583,67576549761,67576549761
2025-06-19 01:37:44,REAL,67576549761,53549,67576603310,67576603310
2025-06-19 01:37:46,REAL,67576603310,26772,67576630082,67576630082
2025-06-19 01:37:48,REAL,67576630082,28966,67576659048,67576659048
2025-06-19 01:37:50,REAL,67576659048,29194,67576688242,67576688242
2025-06-19 01:37:52,REAL,67576688242,29366,67576717608,67576717608
2025-06-19 01:37:54,REAL,67576717608,28817,67576746425,67576746425
2025-06-19 01:37:56,REAL,67576746425,18973,67576765398,67576765398
2025-06-19 01:37:58,REAL,67576765398,591,67576765989,67576765989
2025-06-19 01:38:00,REAL,67576765989,598,67576766587,67576766587
2025-06-19 01:38:02,REAL,67576766587,98244,67576864831,67576864831
2025-06-19 01:38:04,REAL,67576864831,156093,67577020924,67577020924
2025-06-19 01:38:06,REAL,67577020924,29404,67577050328,67577050328
2025-06-19 01:38:08,REAL,67577050328,29080,67577079408,67577079408
2025-06-19 01:38:10,REAL,67577079408,28820,67577108228,67577108228
2025-06-19 01:38:12,REAL,67577108228,29087,67577137315,67577137315
2025-06-19 01:38:14,REAL,67577137315,29017,67577166332,67577166332
2025-06-19 01:38:16,REAL,67577166332,29376,67577195708,67577195708
2025-06-19 01:38:18,REAL,67577195708,3377,67577199085,67577199085
2025-06-19 01:38:20,REAL,67577199085,534,67577199619,67577199619
2025-06-19 01:38:22,REAL,67577199619,546,67577200165,67577200165
2025-06-19 01:38:24,REAL,67577200165,545,67577200710,67577200710
2025-06-19 01:38:26,REAL,67577200710,535,67577201245,67577201245
2025-06-19 01:38:28,REAL,67577201245,550,67577201795,67577201795
2025-06-19 01:38:30,REAL,67577201795,597,67577202392,67577202392
2025-06-19 01:38:32,REAL,67577202392,611,67577203003,67577203003
2025-06-19 01:38:34,REAL,67577203003,106973,67577309976,67577309976
2025-06-19 01:38:36,REAL,67577309976,166379,67577476355,67577476355
2025-06-19 01:38:38,REAL,67577476355,29200,67577505555,67577505555
2025-06-19 01:38:40,REAL,67577505555,28790,67577534345,67577534345
2025-06-19 01:38:42,REAL,67577534345,28872,67577563217,67577563217
2025-06-19 01:38:44,REAL,67577563217,29496,67577592713,67577592713
2025-06-19 01:38:46,REAL,67577592713,28669,67577621382,67577621382
2025-06-19 01:38:48,REAL,67577621382,29867,67577651249,67577651249
2025-06-19 01:38:50,REAL,67577651249,1620,67577652869,67577652869
2025-06-19 01:38:52,REAL,67577652869,591,67577653460,67577653460
2025-06-19 01:38:54,REAL,67577653460,532,67577653992,67577653992
2025-06-19 01:38:56,REAL,67577653992,548,67577654540,67577654540
2025-06-19 01:38:58,REAL,67577654540,542,67577655082,67577655082
2025-06-19 01:39:00,REAL,67577655082,540,67577655622,67577655622
2025-06-19 01:39:02,REAL,67577655622,674,67577656296,67577656296
2025-06-19 01:39:04,REAL,67577656296,539,67577656835,67577656835
2025-06-19 01:39:06,REAL,67577656835,145400,67577802235,67577802235
2025-06-19 01:39:08,REAL,67577802235,123506,67577925741,67577925741
2025-06-19 01:39:10,REAL,67577925741,28781,67577954522,67577954522
2025-06-19 01:39:12,REAL,67577954522,29303,67577983825,67577983825
2025-06-19 01:39:14,REAL,67577983825,29118,67578012943,67578012943
2025-06-19 01:39:16,REAL,67578012943,29264,67578042207,67578042207
2025-06-19 01:39:18,REAL,67578042207,28832,67578071039,67578071039
2025-06-19 01:39:20,REAL,67578071039,28381,67578099420,67578099420
2025-06-19 01:39:22,REAL,67578099420,606,67578100026,67578100026
2025-06-19 01:39:24,REAL,67578100026,544,67578100570,67578100570
2025-06-19 01:39:26,REAL,67578100570,592,67578101162,67578101162
2025-06-19 01:39:28,REAL,67578101162,545,67578101707,67578101707
2025-06-19 01:39:30,REAL,67578101707,534,67578102241,67578102241
2025-06-19 01:39:32,REAL,67578102241,619,67578102860,67578102860
2025-06-19 01:39:34,REAL,67578102860,540,67578103400,67578103400
2025-06-19 01:39:36,REAL,67578103400,592,67578103992,67578103992
2025-06-19 01:39:38,REAL,67578103992,141621,67578245613,67578245613
2025-06-19 01:39:40,REAL,67578245613,118399,67578364012,67578364012
2025-06-19 01:39:42,REAL,67578364012,29218,67578393230,67578393230
2025-06-19 01:39:44,REAL,67578393230,29051,67578422281,67578422281
2025-06-19 01:39:46,REAL,67578422281,28843,67578451124,67578451124
2025-06-19 01:39:48,REAL,67578451124,28948,67578480072,67578480072
2025-06-19 01:39:50,REAL,67578480072,29366,67578509438,67578509438
2025-06-19 01:39:52,REAL,67578509438,26656,67578536094,67578536094
2025-06-19 01:39:54,REAL,67578536094,535,67578536629,67578536629
2025-06-19 01:39:56,REAL,67578536629,544,67578537173,67578537173
2025-06-19 01:39:58,REAL,67578537173,539,67578537712,67578537712
2025-06-19 01:40:00,REAL,67578537712,595,67578538307,67578538307
2025-06-19 01:40:02,REAL,67578538307,612,67578538919,67578538919
2025-06-19 01:40:04,REAL,67578538919,538,67578539457,67578539457
2025-06-19 01:40:06,REAL,67578539457,541,67578539998,67578539998
2025-06-19 01:40:08,REAL,67578539998,596,67578540594,67578540594
2025-06-19 01:40:10,REAL,67578540594,160667,67578701261,67578701261
2025-06-19 01:40:12,REAL,67578701261,104493,67578805754,67578805754
2025-06-19 01:40:14,REAL,67578805754,29041,67578834795,67578834795
2025-06-19 01:40:16,REAL,67578834795,28718,67578863513,67578863513
2025-06-19 01:40:18,REAL,67578863513,29344,67578892857,67578892857
2025-06-19 01:40:20,REAL,67578892857,29234,67578922091,67578922091
2025-06-19 01:40:22,REAL,67578922091,29333,67578951424,67578951424
2025-06-19 01:40:24,REAL,67578951424,24802,67578976226,67578976226
2025-06-19 01:40:26,REAL,67578976226,538,67578976764,67578976764
2025-06-19 01:40:28,REAL,67578976764,534,67578977298,67578977298
2025-06-19 01:40:30,REAL,67578977298,543,67578977841,67578977841
2025-06-19 01:40:32,REAL,67578977841,618,67578978459,67578978459
2025-06-19 01:40:34,REAL,67578978459,540,67578978999,67578978999
2025-06-19 01:40:36,REAL,67578978999,593,67578979592,67578979592
2025-06-19 01:40:38,REAL,67578979592,541,67578980133,67578980133
2025-06-19 01:40:40,REAL,67578980133,601,67578980734,67578980734
2025-06-19 01:40:42,REAL,67578980734,603,67578981337,67578981337
2025-06-19 01:40:44,REAL,67578981337,602,67578981939,67578981939
2025-06-19 01:40:46,REAL,67578981939,598,67578982537,67578982537
2025-06-19 01:40:48,REAL,67578982537,617,67578983154,67578983154
2025-06-19 01:40:50,REAL,67578983154,600,67578983754,67578983754
2025-06-19 01:40:52,REAL,67578983754,541,67578984295,67578984295
2025-06-19 01:40:54,REAL,67578984295,549,67578984844,67578984844
2025-06-19 01:40:56,REAL,67578984844,541,67578985385,67578985385
2025-06-19 01:40:58,REAL,67578985385,544,67578985929,67578985929
2025-06-19 01:41:00,REAL,67578985929,601,67578986530,67578986530
2025-06-19 01:41:02,REAL,67578986530,673,67578987203,67578987203
2025-06-19 01:41:04,REAL,67578987203,538,67578987741,67578987741
2025-06-19 01:41:06,REAL,67578987741,594,67578988335,67578988335
2025-06-19 01:41:08,REAL,67578988335,547,67578988882,67578988882
2025-06-19 01:41:10,REAL,67578988882,549,67578989431,67578989431
2025-06-19 01:41:12,REAL,67578989431,539,67578989970,67578989970
2025-06-19 01:41:14,REAL,67578989970,549,67578990519,67578990519
2025-06-19 01:41:16,REAL,67578990519,546,67578991065,67578991065
2025-06-19 01:41:18,REAL,67578991065,676,67578991741,67578991741
2025-06-19 01:41:20,REAL,67578991741,542,67578992283,67578992283
2025-06-19 01:41:22,REAL,67578992283,545,67578992828,67578992828
2025-06-19 01:41:24,REAL,67578992828,542,67578993370,67578993370
2025-06-19 01:41:26,REAL,67578993370,541,67578993911,67578993911
2025-06-19 01:41:28,REAL,67578993911,542,67578994453,67578994453
2025-06-19 01:41:30,REAL,67578994453,540,67578994993,67578994993
2025-06-19 01:41:32,REAL,67578994993,668,67578995661,67578995661
2025-06-19 01:41:34,REAL,67578995661,594,67578996255,67578996255
2025-06-19 01:41:36,REAL,67578996255,543,67578996798,67578996798
2025-06-19 01:41:38,REAL,67578996798,599,67578997397,67578997397
2025-06-19 01:41:40,REAL,67578997397,538,67578997935,67578997935
2025-06-19 01:41:42,REAL,67578997935,538,67578998473,67578998473
2025-06-19 01:41:44,REAL,67578998473,541,67578999014,67578999014
2025-06-19 01:41:46,REAL,67578999014,541,67578999555,67578999555
2025-06-19 01:41:48,REAL,67578999555,608,67579000163,67579000163
2025-06-19 01:41:50,REAL,67579000163,601,67579000764,67579000764
2025-06-19 01:41:52,REAL,67579000764,537,67579001301,67579001301
2025-06-19 01:41:54,REAL,67579001301,538,67579001839,67579001839
2025-06-19 01:41:56,REAL,67579001839,540,67579002379,67579002379
2025-06-19 01:41:58,REAL,67579002379,542,67579002921,67579002921
2025-06-19 01:42:00,REAL,67579002921,541,67579003462,67579003462
2025-06-19 01:42:02,REAL,67579003462,612,67579004074,67579004074
2025-06-19 01:42:04,REAL,67579004074,543,67579004617,67579004617
2025-06-19 01:42:06,REAL,67579004617,609,67579005226,67579005226
2025-06-19 01:42:08,REAL,67579005226,530,67579005756,67579005756
2025-06-19 01:42:10,REAL,67579005756,593,67579006349,67579006349
2025-06-19 01:42:12,REAL,67579006349,591,67579006940,67579006940
2025-06-19 01:42:14,REAL,67579006940,535,67579007475,67579007475
2025-06-19 01:42:16,REAL,67579007475,536,67579008011,67579008011
2025-06-19 01:42:18,REAL,67579008011,620,67579008631,67579008631
2025-06-19 01:42:20,REAL,67579008631,541,67579009172,67579009172
2025-06-19 01:42:22,REAL,67579009172,599,67579009771,67579009771
2025-06-19 01:42:24,REAL,67579009771,544,67579010315,67579010315
2025-06-19 01:42:26,REAL,67579010315,548,67579010863,67579010863
2025-06-19 01:42:28,REAL,67579010863,537,67579011400,67579011400
2025-06-19 01:42:30,REAL,67579011400,536,67579011936,67579011936
2025-06-19 01:42:32,REAL,67579011936,543,67579012479,67579012479
2025-06-19 01:42:34,REAL,67579012479,615,67579013094,67579013094
2025-06-19 01:42:36,REAL,67579013094,534,67579013628,67579013628
2025-06-19 01:42:38,REAL,67579013628,662,67579014290,67579014290
2025-06-19 01:42:40,REAL,67579014290,648,67579014938,67579014938
2025-06-19 01:42:42,REAL,67579014938,599,67579015537,67579015537
2025-06-19 01:42:44,REAL,67579015537,543,67579016080,67579016080
2025-06-19 01:42:46,REAL,67579016080,535,67579016615,67579016615
2025-06-19 01:42:48,REAL,67579016615,610,67579017225,67579017225
2025-06-19 01:42:50,REAL,67579017225,532,67579017757,67579017757
2025-06-19 01:42:52,REAL,67579017757,541,67579018298,67579018298
2025-06-19 01:42:54,REAL,67579018298,597,67579018895,67579018895
2025-06-19 01:42:56,REAL,67579018895,544,67579019439,67579019439
2025-06-19 01:42:58,REAL,67579019439,596,67579020035,67579020035
2025-06-19 01:43:00,REAL,67579020035,538,67579020573,67579020573
2025-06-19 01:43:02,REAL,67579020573,539,67579021112,67579021112
2025-06-19 01:43:04,REAL,67579021112,615,67579021727,67579021727
2025-06-19 01:43:06,REAL,67579021727,545,67579022272,67579022272
2025-06-19 01:43:08,REAL,67579022272,534,67579022806,67579022806
2025-06-19 01:43:10,REAL,67579022806,593,67579023399,67579023399
2025-06-19 01:43:12,REAL,67579023399,544,67579023943,67579023943
2025-06-19 01:43:14,REAL,67579023943,668,67579024611,67579024611
2025-06-19 01:43:16,REAL,67579024611,537,67579025148,67579025148
2025-06-19 01:43:18,REAL,67579025148,616,67579025764,67579025764
2025-06-19 01:43:20,REAL,67579025764,548,67579026312,67579026312
2025-06-19 01:43:22,REAL,67579026312,536,67579026848,67579026848
2025-06-19 01:43:24,REAL,67579026848,546,67579027394,67579027394
2025-06-19 01:43:26,REAL,67579027394,543,67579027937,67579027937
2025-06-19 01:43:28,REAL,67579027937,536,67579028473,67579028473
2025-06-19 01:43:30,REAL,67579028473,606,67579029079,67579029079
2025-06-19 01:43:32,REAL,67579029079,536,67579029615,67579029615
2025-06-19 01:43:34,REAL,67579029615,614,67579030229,67579030229
2025-06-19 01:43:36,REAL,67579030229,601,67579030830,67579030830
2025-06-19 01:43:38,REAL,67579030830,549,67579031379,67579031379
2025-06-19 01:43:40,REAL,67579031379,540,67579031919,67579031919
2025-06-19 01:43:42,REAL,67579031919,596,67579032515,67579032515
2025-06-19 01:43:44,REAL,67579032515,544,67579033059,67579033059
2025-06-19 01:43:46,REAL,67579033059,596,67579033655,67579033655
2025-06-19 01:43:48,REAL,67579033655,623,67579034278,67579034278
2025-06-19 01:43:50,REAL,67579034278,544,67579034822,67579034822
2025-06-19 01:43:52,REAL,67579034822,539,67579035361,67579035361
2025-06-19 01:43:54,REAL,67579035361,544,67579035905,67579035905
2025-06-19 01:43:56,REAL,67579035905,544,67579036449,67579036449
2025-06-19 01:43:58,REAL,67579036449,547,67579036996,67579036996
2025-06-19 01:44:00,REAL,67579036996,537,67579037533,67579037533
2025-06-19 01:44:02,REAL,67579037533,600,67579038133,67579038133
2025-06-19 01:44:04,REAL,67579038133,615,67579038748,67579038748
2025-06-19 01:44:06,REAL,67579038748,536,67579039284,67579039284
2025-06-19 01:44:08,REAL,67579039284,541,67579039825,67579039825
2025-06-19 01:44:10,REAL,67579039825,531,67579040356,67579040356
2025-06-19 01:44:12,REAL,67579040356,603,67579040959,67579040959
2025-06-19 01:44:14,REAL,67579040959,543,67579041502,67579041502
2025-06-19 01:44:16,REAL,67579041502,547,67579042049,67579042049
2025-06-19 01:44:18,REAL,67579042049,739,67579042788,67579042788
2025-06-19 01:44:20,REAL,67579042788,653,67579043441,67579043441
2025-06-19 01:44:22,REAL,67579043441,609,67579044050,67579044050
2025-06-19 01:44:24,REAL,67579044050,533,67579044583,67579044583
2025-06-19 01:44:26,REAL,67579044583,539,67579045122,67579045122
2025-06-19 01:44:28,REAL,67579045122,540,67579045662,67579045662
2025-06-19 01:44:30,REAL,67579045662,534,67579046196,67579046196
2025-06-19 01:44:32,REAL,67579046196,539,67579046735,67579046735
2025-06-19 01:44:34,REAL,67579046735,614,67579047349,67579047349
2025-06-19 01:44:36,REAL,67579047349,544,67579047893,67579047893
2025-06-19 01:44:38,REAL,67579047893,599,67579048492,67579048492
2025-06-19 01:44:40,REAL,67579048492,539,67579049031,67579049031
2025-06-19 01:44:42,REAL,67579049031,596,67579049627,67579049627
2025-06-19 01:44:44,REAL,67579049627,591,67579050218,67579050218
2025-06-19 01:44:46,REAL,67579050218,537,67579050755,67579050755
2025-06-19 01:44:48,REAL,67579050755,541,67579051296,67579051296
2025-06-19 01:44:50,REAL,67579051296,616,67579051912,67579051912
2025-06-19 01:44:52,REAL,67579051912,530,67579052442,67579052442
2025-06-19 01:44:54,REAL,67579052442,601,67579053043,67579053043
2025-06-19 01:44:56,REAL,67579053043,542,67579053585,67579053585
2025-06-19 01:44:58,REAL,67579053585,548,67579054133,67579054133
2025-06-19 01:45:00,REAL,67579054133,536,67579054669,67579054669
2025-06-19 01:45:02,REAL,67579054669,539,67579055208,67579055208
2025-06-19 01:45:04,REAL,67579055208,613,67579055821,67579055821
2025-06-19 01:45:06,REAL,67579055821,547,67579056368,67579056368
2025-06-19 01:45:08,REAL,67579056368,540,67579056908,67579056908
2025-06-19 01:45:10,REAL,67579056908,661,67579057569,67579057569
2025-06-19 01:45:12,REAL,67579057569,193939,67579251508,67579251508
2025-06-19 01:45:14,REAL,67579251508,76835,67579328343,67579328343
2025-06-19 01:45:16,REAL,67579328343,28763,67579357106,67579357106
2025-06-19 01:45:18,REAL,67579357106,29367,67579386473,67579386473
2025-06-19 01:45:20,REAL,67579386473,28946,67579415419,67579415419
2025-06-19 01:45:22,REAL,67579415419,29302,67579444721,67579444721
2025-06-19 01:45:24,REAL,67579444721,29128,67579473849,67579473849
2025-06-19 01:45:26,REAL,67579473849,22410,67579496259,67579496259
2025-06-19 01:45:28,REAL,67579496259,542,67579496801,67579496801
2025-06-19 01:45:30,REAL,67579496801,546,67579497347,67579497347
2025-06-19 01:45:32,REAL,67579497347,540,67579497887,67579497887
2025-06-19 01:45:34,REAL,67579497887,672,67579498559,67579498559
2025-06-19 01:45:36,REAL,67579498559,542,67579499101,67579499101
2025-06-19 01:45:38,REAL,67579499101,531,67579499632,67579499632
2025-06-19 01:45:40,REAL,67579499632,543,67579500175,67579500175
2025-06-19 01:45:42,REAL,67579500175,601,67579500776,67579500776
2025-06-19 01:45:44,REAL,67579500776,534,67579501310,67579501310
2025-06-19 01:45:46,REAL,67579501310,542,67579501852,67579501852
2025-06-19 01:45:48,REAL,67579501852,539,67579502391,67579502391
2025-06-19 01:45:50,REAL,67579502391,614,67579503005,67579503005
2025-06-19 01:45:52,REAL,67579503005,594,67579503599,67579503599
2025-06-19 01:45:54,REAL,67579503599,544,67579504143,67579504143
2025-06-19 01:45:56,REAL,67579504143,535,67579504678,67579504678
2025-06-19 01:45:58,REAL,67579504678,605,67579505283,67579505283
2025-06-19 01:46:00,REAL,67579505283,598,67579505881,67579505881
2025-06-19 01:46:02,REAL,67579505881,538,67579506419,67579506419
2025-06-19 01:46:04,REAL,67579506419,606,67579507025,67579507025
2025-06-19 01:46:06,REAL,67579507025,539,67579507564,67579507564
2025-06-19 01:46:08,REAL,67579507564,536,67579508100,67579508100
2025-06-19 01:46:10,REAL,67579508100,533,67579508633,67579508633
2025-06-19 01:46:12,REAL,67579508633,535,67579509168,67579509168
2025-06-19 01:46:14,REAL,67579509168,605,67579509773,67579509773
2025-06-19 01:46:16,REAL,67579509773,601,67579510374,67579510374
2025-06-19 01:46:18,REAL,67579510374,598,67579510972,67579510972
2025-06-19 01:46:20,REAL,67579510972,678,67579511650,67579511650
2025-06-19 01:46:22,REAL,67579511650,543,67579512193,67579512193
2025-06-19 01:46:24,REAL,67579512193,548,67579512741,67579512741
2025-06-19 01:46:26,REAL,67579512741,602,67579513343,67579513343
2025-06-19 01:46:28,REAL,67579513343,548,67579513891,67579513891
2025-06-19 01:46:30,REAL,67579513891,597,67579514488,67579514488
2025-06-19 01:46:32,REAL,67579514488,543,67579515031,67579515031
2025-06-19 01:46:34,REAL,67579515031,610,67579515641,67579515641
2025-06-19 01:46:36,REAL,67579515641,598,67579516239,67579516239
2025-06-19 01:46:38,REAL,67579516239,543,67579516782,67579516782
2025-06-19 01:46:40,REAL,67579516782,533,67579517315,67579517315
2025-06-19 01:46:42,REAL,67579517315,541,67579517856,67579517856
2025-06-19 01:46:44,REAL,67579517856,544,67579518400,67579518400
2025-06-19 01:46:46,REAL,67579518400,545,67579518945,67579518945
2025-06-19 01:46:48,REAL,67579518945,539,67579519484,67579519484
2025-06-19 01:46:50,REAL,67579519484,672,67579520156,67579520156
2025-06-19 01:46:52,REAL,67579520156,596,67579520752,67579520752
2025-06-19 01:46:54,REAL,67579520752,546,67579521298,67579521298
2025-06-19 01:46:56,REAL,67579521298,540,67579521838,67579521838
2025-06-19 01:46:58,REAL,67579521838,536,67579522374,67579522374
2025-06-19 01:47:00,REAL,67579522374,536,67579522910,67579522910
2025-06-19 01:47:02,REAL,67579522910,536,67579523446,67579523446
2025-06-19 01:47:04,REAL,67579523446,612,67579524058,67579524058
2025-06-19 01:47:06,REAL,67579524058,536,67579524594,67579524594
2025-06-19 01:47:08,REAL,67579524594,658,67579525252,67579525252
2025-06-19 01:47:10,REAL,67579525252,544,67579525796,67579525796
2025-06-19 01:47:12,REAL,67579525796,546,67579526342,67579526342
2025-06-19 01:47:14,REAL,67579526342,594,67579526936,67579526936
2025-06-19 01:47:16,REAL,67579526936,545,67579527481,67579527481
2025-06-19 01:47:18,REAL,67579527481,538,67579528019,67579528019
2025-06-19 01:47:20,REAL,67579528019,616,67579528635,67579528635
2025-06-19 01:47:22,REAL,67579528635,537,67579529172,67579529172
2025-06-19 01:47:24,REAL,67579529172,602,67579529774,67579529774
2025-06-19 01:47:26,REAL,67579529774,540,67579530314,67579530314
2025-06-19 01:47:28,REAL,67579530314,542,67579530856,67579530856
2025-06-19 01:47:30,REAL,67579530856,530,67579531386,67579531386
2025-06-19 01:47:32,REAL,67579531386,539,67579531925,67579531925
2025-06-19 01:47:34,REAL,67579531925,691,67579532616,67579532616
2025-06-19 01:47:36,REAL,67579532616,535,67579533151,67579533151
2025-06-19 01:47:38,REAL,67579533151,589,67579533740,67579533740
2025-06-19 01:47:40,REAL,67579533740,140465,67579674205,67579674205
2025-06-19 01:47:42,REAL,67579674205,135563,67579809768,67579809768
2025-06-19 01:47:44,REAL,67579809768,29580,67579839348,67579839348
2025-06-19 01:47:46,REAL,67579839348,29538,67579868886,67579868886
2025-06-19 01:47:48,REAL,67579868886,29331,67579898217,67579898217
2025-06-19 01:47:50,REAL,67579898217,28981,67579927198,67579927198
2025-06-19 01:47:52,REAL,67579927198,29565,67579956763,67579956763
2025-06-19 01:47:54,REAL,67579956763,28359,67579985122,67579985122
2025-06-19 01:47:56,REAL,67579985122,538,67579985660,67579985660
2025-06-19 01:47:58,REAL,67579985660,538,67579986198,67579986198
2025-06-19 01:48:00,REAL,67579986198,537,67579986735,67579986735
2025-06-19 01:48:02,REAL,67579986735,537,67579987272,67579987272
2025-06-19 01:48:04,REAL,67579987272,664,67579987936,67579987936
2025-06-19 01:48:06,REAL,67579987936,535,67579988471,67579988471
2025-06-19 01:48:08,REAL,67579988471,537,67579989008,67579989008
2025-06-19 01:48:10,REAL,67579989008,600,67579989608,67579989608
2025-06-19 01:48:12,REAL,67579989608,598,67579990206,67579990206
2025-06-19 01:48:14,REAL,67579990206,596,67579990802,67579990802
2025-06-19 01:48:16,REAL,67579990802,15458,67580006260,67580006260
2025-06-19 01:48:18,REAL,67580006260,248527,67580254787,67580254787
2025-06-19 01:48:20,REAL,67580254787,29182,67580283969,67580283969
2025-06-19 01:48:22,REAL,67580283969,28988,67580312957,67580312957
2025-06-19 01:48:24,REAL,67580312957,29122,67580342079,67580342079
2025-06-19 01:48:26,REAL,67580342079,29184,67580371263,67580371263
2025-06-19 01:48:28,REAL,67580371263,29308,67580400571,67580400571
2025-06-19 01:48:30,REAL,67580400571,28536,67580429107,67580429107
2025-06-19 01:48:32,REAL,67580429107,11883,67580440990,67580440990
2025-06-19 01:48:34,REAL,67580440990,613,67580441603,67580441603
2025-06-19 01:48:36,REAL,67580441603,543,67580442146,67580442146
2025-06-19 01:48:38,REAL,67580442146,540,67580442686,67580442686
2025-06-19 01:48:40,REAL,67580442686,598,67580443284,67580443284
2025-06-19 01:48:42,REAL,67580443284,540,67580443824,67580443824
2025-06-19 01:48:44,REAL,67580443824,541,67580444365,67580444365
2025-06-19 01:48:46,REAL,67580444365,539,67580444904,67580444904
2025-06-19 01:48:48,REAL,67580444904,598,67580445502,67580445502
2025-06-19 01:48:50,REAL,67580445502,617,67580446119,67580446119
2025-06-19 01:48:52,REAL,67580446119,533,67580446652,67580446652
2025-06-19 01:48:54,REAL,67580446652,543,67580447195,67580447195
2025-06-19 01:48:56,REAL,67580447195,541,67580447736,67580447736
2025-06-19 01:48:58,REAL,67580447736,541,67580448277,67580448277
2025-06-19 01:49:00,REAL,67580448277,535,67580448812,67580448812
2025-06-19 01:49:02,REAL,67580448812,535,67580449347,67580449347
2025-06-19 01:49:04,REAL,67580449347,485,67580449832,67580449832
2025-06-19 01:49:06,REAL,67580449832,595,67580450427,67580450427
2025-06-19 01:49:08,REAL,67580450427,544,67580450971,67580450971
2025-06-19 01:49:10,REAL,67580450971,548,67580451519,67580451519
2025-06-19 01:49:12,REAL,67580451519,541,67580452060,67580452060
2025-06-19 01:49:14,REAL,67580452060,540,67580452600,67580452600
2025-06-19 01:49:16,REAL,67580452600,540,67580453140,67580453140
2025-06-19 01:49:18,REAL,67580453140,548,67580453688,67580453688
2025-06-19 01:49:20,REAL,67580453688,54683,67580508371,67580508371
2025-06-19 01:49:22,REAL,67580508371,208829,67580717200,67580717200
2025-06-19 01:49:24,REAL,67580717200,28904,67580746104,67580746104
2025-06-19 01:49:26,REAL,67580746104,28975,67580775079,67580775079
2025-06-19 01:49:28,REAL,67580775079,28850,67580803929,67580803929
2025-06-19 01:49:30,REAL,67580803929,28726,67580832655,67580832655
2025-06-19 01:49:32,REAL,67580832655,29195,67580861850,67580861850
2025-06-19 01:49:34,REAL,67580861850,28805,67580890655,67580890655
2025-06-19 01:49:36,REAL,67580890655,8443,67580899098,67580899098
2025-06-19 01:49:38,REAL,67580899098,537,67580899635,67580899635
2025-06-19 01:49:40,REAL,67580899635,534,67580900169,67580900169
2025-06-19 01:49:42,REAL,67580900169,536,67580900705,67580900705
2025-06-19 01:49:44,REAL,67580900705,592,67580901297,67580901297
2025-06-19 01:49:46,REAL,67580901297,533,67580901830,67580901830
2025-06-19 01:49:48,REAL,67580901830,539,67580902369,67580902369
2025-06-19 01:49:50,REAL,67580902369,611,67580902980,67580902980
2025-06-19 01:49:52,REAL,67580902980,70320,67580973300,67580973300
2025-06-19 01:49:54,REAL,67580973300,209623,67581182923,67581182923
2025-06-19 01:49:56,REAL,67581182923,28848,67581211771,67581211771
2025-06-19 01:49:58,REAL,67581211771,29552,67581241323,67581241323
2025-06-19 01:50:00,REAL,67581241323,28910,67581270233,67581270233
2025-06-19 01:50:02,REAL,67581270233,28804,67581299037,67581299037
2025-06-19 01:50:04,REAL,67581299037,29398,67581328435,67581328435
2025-06-19 01:50:06,REAL,67581328435,28942,67581357377,67581357377
2025-06-19 01:50:08,REAL,67581357377,6445,67581363822,67581363822
2025-06-19 01:50:10,REAL,67581363822,541,67581364363,67581364363
2025-06-19 01:50:12,REAL,67581364363,546,67581364909,67581364909
2025-06-19 01:50:14,REAL,67581364909,543,67581365452,67581365452
2025-06-19 01:50:16,REAL,67581365452,541,67581365993,67581365993
2025-06-19 01:50:18,REAL,67581365993,542,67581366535,67581366535
2025-06-19 01:50:20,REAL,67581366535,617,67581367152,67581367152
2025-06-19 01:50:22,REAL,67581367152,532,67581367684,67581367684
2025-06-19 01:50:24,REAL,67581367684,653,67581368337,67581368337
2025-06-19 01:50:26,REAL,67581368337,591,67581368928,67581368928
2025-06-19 01:50:28,REAL,67581368928,546,67581369474,67581369474
2025-06-19 01:50:30,REAL,67581369474,544,67581370018,67581370018
2025-06-19 01:50:32,REAL,67581370018,530,67581370548,67581370548
2025-06-19 01:50:34,REAL,67581370548,617,67581371165,67581371165
2025-06-19 01:50:36,REAL,67581371165,540,67581371705,67581371705
2025-06-19 01:50:38,REAL,67581371705,547,67581372252,67581372252
2025-06-19 01:50:40,REAL,67581372252,593,67581372845,67581372845
2025-06-19 01:50:42,REAL,67581372845,540,67581373385,67581373385
2025-06-19 01:50:44,REAL,67581373385,538,67581373923,67581373923
2025-06-19 01:50:46,REAL,67581373923,530,67581374453,67581374453
2025-06-19 01:50:48,REAL,67581374453,544,67581374997,67581374997
2025-06-19 01:50:50,REAL,67581374997,609,67581375606,67581375606
2025-06-19 01:50:52,REAL,67581375606,550,67581376156,67581376156
2025-06-19 01:50:54,REAL,67581376156,537,67581376693,67581376693
2025-06-19 01:50:56,REAL,67581376693,657,67581377350,67581377350
2025-06-19 01:50:58,REAL,67581377350,602,67581377952,67581377952
2025-06-19 01:51:00,REAL,67581377952,592,67581378544,67581378544
2025-06-19 01:51:02,REAL,67581378544,653,67581379197,67581379197
2025-06-19 01:51:04,REAL,67581379197,616,67581379813,67581379813
2025-06-19 01:51:06,REAL,67581379813,538,67581380351,67581380351
2025-06-19 01:51:08,REAL,67581380351,535,67581380886,67581380886
2025-06-19 01:51:10,REAL,67581380886,536,67581381422,67581381422
2025-06-19 01:51:12,REAL,67581381422,544,67581381966,67581381966
2025-06-19 01:51:14,REAL,67581381966,540,67581382506,67581382506
2025-06-19 01:51:16,REAL,67581382506,604,67581383110,67581383110
2025-06-19 01:51:18,REAL,67581383110,548,67581383658,67581383658
2025-06-19 01:51:20,REAL,67581383658,618,67581384276,67581384276
2025-06-19 01:51:22,REAL,67581384276,535,67581384811,67581384811
2025-06-19 01:51:24,REAL,67581384811,536,67581385347,67581385347
2025-06-19 01:51:26,REAL,67581385347,540,67581385887,67581385887
2025-06-19 01:51:28,REAL,67581385887,537,67581386424,67581386424
2025-06-19 01:51:30,REAL,67581386424,544,67581386968,67581386968
2025-06-19 01:51:32,REAL,67581386968,603,67581387571,67581387571
2025-06-19 01:51:34,REAL,67581387571,675,67581388246,67581388246
2025-06-19 01:51:36,REAL,67581388246,589,67581388835,67581388835
2025-06-19 01:51:38,REAL,67581388835,546,67581389381,67581389381
2025-06-19 01:51:40,REAL,67581389381,537,67581389918,67581389918
2025-06-19 01:51:42,REAL,67581389918,536,67581390454,67581390454
2025-06-19 01:51:44,REAL,67581390454,544,67581390998,67581390998
2025-06-19 01:51:46,REAL,67581390998,542,67581391540,67581391540
2025-06-19 01:51:48,REAL,67581391540,600,67581392140,67581392140
2025-06-19 01:51:50,REAL,67581392140,619,67581392759,67581392759
2025-06-19 01:51:52,REAL,67581392759,542,67581393301,67581393301
2025-06-19 01:51:54,REAL,67581393301,540,67581393841,67581393841
2025-06-19 01:51:56,REAL,67581393841,531,67581394372,67581394372
2025-06-19 01:51:58,REAL,67581394372,537,67581394909,67581394909
2025-06-19 01:52:00,REAL,67581394909,535,67581395444,67581395444
2025-06-19 01:52:02,REAL,67581395444,544,67581395988,67581395988
2025-06-19 01:52:04,REAL,67581395988,727,67581396715,67581396715
2025-06-19 01:52:06,REAL,67581396715,254605,67581651320,67581651320
2025-06-19 01:52:08,REAL,67581651320,29481,67581680801,67581680801
2025-06-19 01:52:10,REAL,67581680801,28842,67581709643,67581709643
2025-06-19 01:52:12,REAL,67581709643,29068,67581738711,67581738711
2025-06-19 01:52:14,REAL,67581738711,28744,67581767455,67581767455
2025-06-19 01:52:16,REAL,67581767455,29130,67581796585,67581796585
2025-06-19 01:52:18,REAL,67581796585,29027,67581825612,67581825612
2025-06-19 01:52:20,REAL,67581825612,13449,67581839061,67581839061
2025-06-19 01:52:22,REAL,67581839061,539,67581839600,67581839600
2025-06-19 01:52:24,REAL,67581839600,535,67581840135,67581840135
2025-06-19 01:52:26,REAL,67581840135,540,67581840675,67581840675
2025-06-19 01:52:28,REAL,67581840675,534,67581841209,67581841209
2025-06-19 01:52:30,REAL,67581841209,534,67581841743,67581841743
2025-06-19 01:52:32,REAL,67581841743,545,67581842288,67581842288
2025-06-19 01:52:34,REAL,67581842288,596,67581842884,67581842884
2025-06-19 01:52:36,REAL,67581842884,678,67581843562,67581843562
2025-06-19 01:52:38,REAL,67581843562,538,67581844100,67581844100
2025-06-19 01:52:40,REAL,67581844100,543,67581844643,67581844643
2025-06-19 01:52:42,REAL,67581844643,543,67581845186,67581845186
2025-06-19 01:52:44,REAL,67581845186,537,67581845723,67581845723
2025-06-19 01:52:46,REAL,67581845723,603,67581846326,67581846326
2025-06-19 01:52:48,REAL,67581846326,539,67581846865,67581846865
2025-06-19 01:52:50,REAL,67581846865,613,67581847478,67581847478
2025-06-19 01:52:52,REAL,67581847478,596,67581848074,67581848074
2025-06-19 01:52:54,REAL,67581848074,535,67581848609,67581848609
2025-06-19 01:52:56,REAL,67581848609,546,67581849155,67581849155
2025-06-19 01:52:58,REAL,67581849155,544,67581849699,67581849699
2025-06-19 01:53:00,REAL,67581849699,542,67581850241,67581850241
2025-06-19 01:53:02,REAL,67581850241,531,67581850772,67581850772
2025-06-19 01:53:04,REAL,67581850772,542,67581851314,67581851314
2025-06-19 01:53:06,REAL,67581851314,666,67581851980,67581851980
2025-06-19 01:53:08,REAL,67581851980,664,67581852644,67581852644
2025-06-19 01:53:10,REAL,67581852644,596,67581853240,67581853240
2025-06-19 01:53:12,REAL,67581853240,603,67581853843,67581853843
2025-06-19 01:53:14,REAL,67581853843,159440,67582013283,67582013283
2025-06-19 01:53:16,REAL,67582013283,107778,67582121061,67582121061
2025-06-19 01:53:18,REAL,67582121061,28847,67582149908,67582149908
2025-06-19 01:53:20,REAL,67582149908,29640,67582179548,67582179548
2025-06-19 01:53:22,REAL,67582179548,29219,67582208767,67582208767
2025-06-19 01:53:24,REAL,67582208767,29479,67582238246,67582238246
2025-06-19 01:53:26,REAL,67582238246,28797,67582267043,67582267043
2025-06-19 01:53:28,REAL,67582267043,25054,67582292097,67582292097
2025-06-19 01:53:30,REAL,67582292097,536,67582292633,67582292633
2025-06-19 01:53:32,REAL,67582292633,532,67582293165,67582293165
2025-06-19 01:53:34,REAL,67582293165,534,67582293699,67582293699
2025-06-19 01:53:36,REAL,67582293699,666,67582294365,67582294365
2025-06-19 01:53:38,REAL,67582294365,541,67582294906,67582294906
2025-06-19 01:53:40,REAL,67582294906,541,67582295447,67582295447
2025-06-19 01:53:42,REAL,67582295447,536,67582295983,67582295983
2025-06-19 01:53:44,REAL,67582295983,599,67582296582,67582296582
2025-06-19 01:53:46,REAL,67582296582,537,67582297119,67582297119
2025-06-19 01:53:48,REAL,67582297119,538,67582297657,67582297657
2025-06-19 01:53:50,REAL,67582297657,669,67582298326,67582298326
2025-06-19 01:53:52,REAL,67582298326,550,67582298876,67582298876
2025-06-19 01:53:54,REAL,67582298876,536,67582299412,67582299412
2025-06-19 01:53:56,REAL,67582299412,539,67582299951,67582299951
2025-06-19 01:53:58,REAL,67582299951,549,67582300500,67582300500
2025-06-19 01:54:00,REAL,67582300500,604,67582301104,67582301104
2025-06-19 01:54:02,REAL,67582301104,533,67582301637,67582301637
2025-06-19 01:54:04,REAL,67582301637,548,67582302185,67582302185
2025-06-19 01:54:06,REAL,67582302185,669,67582302854,67582302854
2025-06-19 01:54:08,REAL,67582302854,545,67582303399,67582303399
2025-06-19 01:54:10,REAL,67582303399,546,67582303945,67582303945
2025-06-19 01:54:12,REAL,67582303945,538,67582304483,67582304483
2025-06-19 01:54:14,REAL,67582304483,535,67582305018,67582305018
2025-06-19 01:54:16,REAL,67582305018,596,67582305614,67582305614
2025-06-19 01:54:18,REAL,67582305614,207212,67582512826,67582512826
2025-06-19 01:54:20,REAL,67582512826,71587,67582584413,67582584413
2025-06-19 01:54:22,REAL,67582584413,28912,67582613325,67582613325
2025-06-19 01:54:24,REAL,67582613325,29215,67582642540,67582642540
2025-06-19 01:54:26,REAL,67582642540,29579,67582672119,67582672119
2025-06-19 01:54:28,REAL,67582672119,29348,67582701467,67582701467
2025-06-19 01:54:30,REAL,67582701467,28856,67582730323,67582730323
2025-06-19 01:54:32,REAL,67582730323,21267,67582751590,67582751590
2025-06-19 01:54:34,REAL,67582751590,542,67582752132,67582752132
2025-06-19 01:54:36,REAL,67582752132,614,67582752746,67582752746
2025-06-19 01:54:38,REAL,67582752746,596,67582753342,67582753342
2025-06-19 01:54:40,REAL,67582753342,539,67582753881,67582753881
2025-06-19 01:54:42,REAL,67582753881,595,67582754476,67582754476
2025-06-19 01:54:44,REAL,67582754476,542,67582755018,67582755018
2025-06-19 01:54:46,REAL,67582755018,535,67582755553,67582755553
2025-06-19 01:54:48,REAL,67582755553,605,67582756158,67582756158
2025-06-19 01:54:50,REAL,67582756158,232002,67582988160,67582988160
2025-06-19 01:54:52,REAL,67582988160,59970,67583048130,67583048130
2025-06-19 01:54:54,REAL,67583048130,29332,67583077462,67583077462
2025-06-19 01:54:56,REAL,67583077462,29202,67583106664,67583106664
2025-06-19 01:54:58,REAL,67583106664,28913,67583135577,67583135577
2025-06-19 01:55:00,REAL,67583135577,29004,67583164581,67583164581
2025-06-19 01:55:02,REAL,67583164581,29520,67583194101,67583194101
2025-06-19 01:55:04,REAL,67583194101,19494,67583213595,67583213595
2025-06-19 01:55:06,REAL,67583213595,610,67583214205,67583214205
2025-06-19 01:55:08,REAL,67583214205,594,67583214799,67583214799
2025-06-19 01:55:10,REAL,67583214799,540,67583215339,67583215339
2025-06-19 01:55:12,REAL,67583215339,535,67583215874,67583215874
2025-06-19 01:55:14,REAL,67583215874,591,67583216465,67583216465
2025-06-19 01:55:16,REAL,67583216465,543,67583217008,67583217008
2025-06-19 01:55:18,REAL,67583217008,533,67583217541,67583217541
2025-06-19 01:55:20,REAL,67583217541,594,67583218135,67583218135
2025-06-19 01:55:22,REAL,67583218135,214546,67583432681,67583432681
2025-06-19 01:55:24,REAL,67583432681,35237,67583467918,67583467918
2025-06-19 01:55:26,REAL,67583467918,28823,67583496741,67583496741
2025-06-19 01:55:28,REAL,67583496741,29311,67583526052,67583526052
2025-06-19 01:55:30,REAL,67583526052,28763,67583554815,67583554815
2025-06-19 01:55:32,REAL,67583554815,29784,67583584599,67583584599
2025-06-19 01:55:34,REAL,67583584599,29230,67583613829,67583613829
2025-06-19 01:55:36,REAL,67583613829,17141,67583630970,67583630970
2025-06-19 01:55:38,REAL,67583630970,590,67583631560,67583631560
2025-06-19 01:55:40,REAL,67583631560,537,67583632097,67583632097
2025-06-19 01:55:42,REAL,67583632097,536,67583632633,67583632633
2025-06-19 01:55:44,REAL,67583632633,537,67583633170,67583633170
2025-06-19 01:55:46,REAL,67583633170,597,67583633767,67583633767
2025-06-19 01:55:48,REAL,67583633767,538,67583634305,67583634305
2025-06-19 01:55:50,REAL,67583634305,536,67583634841,67583634841
2025-06-19 01:55:52,REAL,67583634841,669,67583635510,67583635510
2025-06-19 01:55:54,REAL,67583635510,594,67583636104,67583636104
2025-06-19 01:55:56,REAL,67583636104,604,67583636708,67583636708
2025-06-19 01:55:58,REAL,67583636708,124566,67583761274,67583761274
2025-06-19 01:56:00,REAL,67583761274,130504,67583891778,67583891778
2025-06-19 01:56:02,REAL,67583891778,28915,67583920693,67583920693
2025-06-19 01:56:04,REAL,67583920693,28974,67583949667,67583949667
2025-06-19 01:56:06,REAL,67583949667,28973,67583978640,67583978640
2025-06-19 01:56:08,REAL,67583978640,29288,67584007928,67584007928
2025-06-19 01:56:10,REAL,67584007928,29142,67584037070,67584037070
2025-06-19 01:56:12,REAL,67584037070,29442,67584066512,67584066512
2025-06-19 01:56:14,REAL,67584066512,1333,67584067845,67584067845
2025-06-19 01:56:16,REAL,67584067845,540,67584068385,67584068385
2025-06-19 01:56:18,REAL,67584068385,545,67584068930,67584068930
2025-06-19 01:56:20,REAL,67584068930,535,67584069465,67584069465
2025-06-19 01:56:22,REAL,67584069465,677,67584070142,67584070142
2025-06-19 01:56:24,REAL,67584070142,548,67584070690,67584070690
2025-06-19 01:56:26,REAL,67584070690,537,67584071227,67584071227
2025-06-19 01:56:28,REAL,67584071227,539,67584071766,67584071766
2025-06-19 01:56:30,REAL,67584071766,602,67584072368,67584072368
2025-06-19 01:56:32,REAL,67584072368,536,67584072904,67584072904
2025-06-19 01:56:34,REAL,67584072904,602,67584073506,67584073506
2025-06-19 01:56:36,REAL,67584073506,613,67584074119,67584074119
2025-06-19 01:56:38,REAL,67584074119,542,67584074661,67584074661
2025-06-19 01:56:40,REAL,67584074661,536,67584075197,67584075197
2025-06-19 01:56:42,REAL,67584075197,546,67584075743,67584075743
2025-06-19 01:56:44,REAL,67584075743,604,67584076347,67584076347
2025-06-19 01:56:46,REAL,67584076347,542,67584076889,67584076889
2025-06-19 01:56:48,REAL,67584076889,592,67584077481,67584077481
2025-06-19 01:56:50,REAL,67584077481,540,67584078021,67584078021
2025-06-19 01:56:52,REAL,67584078021,614,67584078635,67584078635
2025-06-19 01:56:54,REAL,67584078635,540,67584079175,67584079175
2025-06-19 01:56:56,REAL,67584079175,539,67584079714,67584079714
2025-06-19 01:56:58,REAL,67584079714,545,67584080259,67584080259
2025-06-19 01:57:00,REAL,67584080259,652,67584080911,67584080911
2025-06-19 01:57:02,REAL,67584080911,537,67584081448,67584081448
2025-06-19 01:57:04,REAL,67584081448,533,67584081981,67584081981
2025-06-19 01:57:06,REAL,67584081981,608,67584082589,67584082589
2025-06-19 01:57:08,REAL,67584082589,544,67584083133,67584083133
2025-06-19 01:57:10,REAL,67584083133,542,67584083675,67584083675
2025-06-19 01:57:12,REAL,67584083675,541,67584084216,67584084216
2025-06-19 01:57:14,REAL,67584084216,594,67584084810,67584084810
2025-06-19 01:57:16,REAL,67584084810,595,67584085405,67584085405
2025-06-19 01:57:18,REAL,67584085405,540,67584085945,67584085945
2025-06-19 01:57:20,REAL,67584085945,536,67584086481,67584086481
2025-06-19 01:57:22,REAL,67584086481,613,67584087094,67584087094
2025-06-19 01:57:24,REAL,67584087094,547,67584087641,67584087641
2025-06-19 01:57:26,REAL,67584087641,540,67584088181,67584088181
2025-06-19 01:57:28,REAL,67584088181,600,67584088781,67584088781
2025-06-19 01:57:30,REAL,67584088781,534,67584089315,67584089315
2025-06-19 01:57:32,REAL,67584089315,598,67584089913,67584089913
2025-06-19 01:57:34,REAL,67584089913,174821,67584264734,67584264734
2025-06-19 01:57:36,REAL,67584264734,99604,67584364338,67584364338
2025-06-19 01:57:38,REAL,67584364338,29425,67584393763,67584393763
2025-06-19 01:57:40,REAL,67584393763,28793,67584422556,67584422556
2025-06-19 01:57:42,REAL,67584422556,28981,67584451537,67584451537
2025-06-19 01:57:44,REAL,67584451537,29642,67584481179,67584481179
2025-06-19 01:57:46,REAL,67584481179,29248,67584510427,67584510427
2025-06-19 01:57:48,REAL,67584510427,24850,67584535277,67584535277
2025-06-19 01:57:50,REAL,67584535277,531,67584535808,67584535808
2025-06-19 01:57:52,REAL,67584535808,618,67584536426,67584536426
2025-06-19 01:57:54,REAL,67584536426,537,67584536963,67584536963
2025-06-19 01:57:56,REAL,67584536963,596,67584537559,67584537559
2025-06-19 01:57:58,REAL,67584537559,599,67584538158,67584538158
2025-06-19 01:58:00,REAL,67584538158,542,67584538700,67584538700
2025-06-19 01:58:02,REAL,67584538700,546,67584539246,67584539246
2025-06-19 01:58:04,REAL,67584539246,594,67584539840,67584539840
2025-06-19 01:58:06,REAL,67584539840,613,67584540453,67584540453
2025-06-19 01:58:08,REAL,67584540453,548,67584541001,67584541001
2025-06-19 01:58:10,REAL,67584541001,545,67584541546,67584541546
2025-06-19 01:58:12,REAL,67584541546,547,67584542093,67584542093
2025-06-19 01:58:14,REAL,67584542093,539,67584542632,67584542632
2025-06-19 01:58:16,REAL,67584542632,545,67584543177,67584543177
2025-06-19 01:58:18,REAL,67584543177,538,67584543715,67584543715
2025-06-19 01:58:20,REAL,67584543715,601,67584544316,67584544316
2025-06-19 01:58:22,REAL,67584544316,670,67584544986,67584544986
2025-06-19 01:58:24,REAL,67584544986,602,67584545588,67584545588
2025-06-19 01:58:26,REAL,67584545588,536,67584546124,67584546124
2025-06-19 01:58:28,REAL,67584546124,545,67584546669,67584546669
2025-06-19 01:58:30,REAL,67584546669,542,67584547211,67584547211
2025-06-19 01:58:32,REAL,67584547211,541,67584547752,67584547752
2025-06-19 01:58:34,REAL,67584547752,543,67584548295,67584548295
2025-06-19 01:58:36,REAL,67584548295,674,67584548969,67584548969
2025-06-19 01:58:38,REAL,67584548969,539,67584549508,67584549508
2025-06-19 01:58:40,REAL,67584549508,538,67584550046,67584550046
2025-06-19 01:58:42,REAL,67584550046,540,67584550586,67584550586
2025-06-19 01:58:44,REAL,67584550586,542,67584551128,67584551128
2025-06-19 01:58:46,REAL,67584551128,539,67584551667,67584551667
2025-06-19 01:58:48,REAL,67584551667,602,67584552269,67584552269
2025-06-19 01:58:50,REAL,67584552269,598,67584552867,67584552867
2025-06-19 01:58:52,REAL,67584552867,670,67584553537,67584553537
2025-06-19 01:58:54,REAL,67584553537,542,67584554079,67584554079
2025-06-19 01:58:56,REAL,67584554079,533,67584554612,67584554612
2025-06-19 01:58:58,REAL,67584554612,534,67584555146,67584555146
2025-06-19 01:59:00,REAL,67584555146,539,67584555685,67584555685
2025-06-19 01:59:02,REAL,67584555685,538,67584556223,67584556223
2025-06-19 01:59:04,REAL,67584556223,540,67584556763,67584556763
2025-06-19 01:59:06,REAL,67584556763,610,67584557373,67584557373
2025-06-19 01:59:08,REAL,67584557373,598,67584557971,67584557971
2025-06-19 01:59:10,REAL,67584557971,544,67584558515,67584558515
2025-06-19 01:59:12,REAL,67584558515,594,67584559109,67584559109
2025-06-19 01:59:14,REAL,67584559109,537,67584559646,67584559646
2025-06-19 01:59:16,REAL,67584559646,540,67584560186,67584560186
2025-06-19 01:59:18,REAL,67584560186,598,67584560784,67584560784
2025-06-19 01:59:20,REAL,67584560784,543,67584561327,67584561327
2025-06-19 01:59:22,REAL,67584561327,614,67584561941,67584561941
2025-06-19 01:59:24,REAL,67584561941,601,67584562542,67584562542
2025-06-19 01:59:26,REAL,67584562542,544,67584563086,67584563086
2025-06-19 01:59:28,REAL,67584563086,538,67584563624,67584563624
2025-06-19 01:59:30,REAL,67584563624,536,67584564160,67584564160
2025-06-19 01:59:32,REAL,67584564160,544,67584564704,67584564704
2025-06-19 01:59:34,REAL,67584564704,545,67584565249,67584565249
2025-06-19 01:59:36,REAL,67584565249,672,67584565921,67584565921
2025-06-19 01:59:38,REAL,67584565921,543,67584566464,67584566464
2025-06-19 01:59:40,REAL,67584566464,597,67584567061,67584567061
2025-06-19 01:59:42,REAL,67584567061,594,67584567655,67584567655
2025-06-19 01:59:44,REAL,67584567655,657,67584568312,67584568312
2025-06-19 01:59:46,REAL,67584568312,608,67584568920,67584568920
2025-06-19 01:59:48,REAL,67584568920,547,67584569467,67584569467
2025-06-19 01:59:50,REAL,67584569467,539,67584570006,67584570006
2025-06-19 01:59:52,REAL,67584570006,624,67584570630,67584570630
2025-06-19 01:59:54,REAL,67584570630,549,67584571179,67584571179
2025-06-19 01:59:56,REAL,67584571179,532,67584571711,67584571711
2025-06-19 01:59:58,REAL,67584571711,545,67584572256,67584572256
2025-06-19 02:00:00,REAL,67584572256,550,67584572806,67584572806
2025-06-19 02:00:02,REAL,67584572806,656,67584573462,67584573462
2025-06-19 02:00:04,REAL,67584573462,546,67584574008,67584574008
2025-06-19 02:00:06,REAL,67584574008,622,67584574630,67584574630
2025-06-19 02:00:08,REAL,67584574630,549,67584575179,67584575179
2025-06-19 02:00:10,REAL,67584575179,537,67584575716,67584575716
2025-06-19 02:00:12,REAL,67584575716,597,67584576313,67584576313
2025-06-19 02:00:14,REAL,67584576313,538,67584576851,67584576851
2025-06-19 02:00:16,REAL,67584576851,546,67584577397,67584577397
2025-06-19 02:00:18,REAL,67584577397,600,67584577997,67584577997
2025-06-19 02:00:20,REAL,67584577997,533,67584578530,67584578530
2025-06-19 02:00:22,REAL,67584578530,610,67584579140,67584579140
2025-06-19 02:00:24,REAL,67584579140,539,67584579679,67584579679
2025-06-19 02:00:26,REAL,67584579679,596,67584580275,67584580275
2025-06-19 02:00:28,REAL,67584580275,536,67584580811,67584580811
2025-06-19 02:00:30,REAL,67584580811,616,67584581427,67584581427
2025-06-19 02:00:32,REAL,67584581427,536,67584581963,67584581963
2025-06-19 02:00:34,REAL,67584581963,601,67584582564,67584582564
2025-06-19 02:00:36,REAL,67584582564,617,67584583181,67584583181
2025-06-19 02:00:38,REAL,67584583181,545,67584583726,67584583726
2025-06-19 02:00:40,REAL,67584583726,541,67584584267,67584584267
2025-06-19 02:00:42,REAL,67584584267,535,67584584802,67584584802
2025-06-19 02:00:44,REAL,67584584802,531,67584585333,67584585333
2025-06-19 02:00:46,REAL,67584585333,541,67584585874,67584585874
2025-06-19 02:00:48,REAL,67584585874,540,67584586414,67584586414
2025-06-19 02:00:50,REAL,67584586414,711,67584587125,67584587125
2025-06-19 02:00:52,REAL,67584587125,673,67584587798,67584587798
2025-06-19 02:00:54,REAL,67584587798,600,67584588398,67584588398
2025-06-19 02:00:56,REAL,67584588398,539,67584588937,67584588937
2025-06-19 02:00:58,REAL,67584588937,542,67584589479,67584589479
2025-06-19 02:01:00,REAL,67584589479,538,67584590017,67584590017
2025-06-19 02:01:02,REAL,67584590017,544,67584590561,67584590561
2025-06-19 02:01:04,REAL,67584590561,596,67584591157,67584591157
2025-06-19 02:01:06,REAL,67584591157,610,67584591767,67584591767
2025-06-19 02:01:08,REAL,67584591767,541,67584592308,67584592308
2025-06-19 02:01:10,REAL,67584592308,607,67584592915,67584592915
2025-06-19 02:01:12,REAL,67584592915,540,67584593455,67584593455
2025-06-19 02:01:14,REAL,67584593455,533,67584593988,67584593988
2025-06-19 02:01:16,REAL,67584593988,598,67584594586,67584594586
2025-06-19 02:01:18,REAL,67584594586,540,67584595126,67584595126
2025-06-19 02:01:20,REAL,67584595126,538,67584595664,67584595664
2025-06-19 02:01:22,REAL,67584595664,619,67584596283,67584596283
2025-06-19 02:01:24,REAL,67584596283,540,67584596823,67584596823
2025-06-19 02:01:26,REAL,67584596823,19853,67584616676,67584616676
2025-06-19 02:01:28,REAL,67584616676,240921,67584857597,67584857597
2025-06-19 02:01:30,REAL,67584857597,29583,67584887180,67584887180
2025-06-19 02:01:32,REAL,67584887180,29147,67584916327,67584916327
2025-06-19 02:01:34,REAL,67584916327,29147,67584945474,67584945474
2025-06-19 02:01:36,REAL,67584945474,29462,67584974936,67584974936
2025-06-19 02:01:38,REAL,67584974936,29515,67585004451,67585004451
2025-06-19 02:01:40,REAL,67585004451,29172,67585033623,67585033623
2025-06-19 02:01:42,REAL,67585033623,12149,67585045772,67585045772
2025-06-19 02:01:44,REAL,67585045772,542,67585046314,67585046314
2025-06-19 02:01:46,REAL,67585046314,539,67585046853,67585046853
2025-06-19 02:01:48,REAL,67585046853,543,67585047396,67585047396
2025-06-19 02:01:50,REAL,67585047396,541,67585047937,67585047937
2025-06-19 02:01:52,REAL,67585047937,676,67585048613,67585048613
2025-06-19 02:01:54,REAL,67585048613,545,67585049158,67585049158
2025-06-19 02:01:56,REAL,67585049158,598,67585049756,67585049756
2025-06-19 02:01:58,REAL,67585049756,664,67585050420,67585050420
2025-06-19 02:02:00,REAL,67585050420,597,67585051017,67585051017
2025-06-19 02:02:02,REAL,67585051017,602,67585051619,67585051619
2025-06-19 02:02:04,REAL,67585051619,537,67585052156,67585052156
2025-06-19 02:02:06,REAL,67585052156,617,67585052773,67585052773
2025-06-19 02:02:08,REAL,67585052773,533,67585053306,67585053306
2025-06-19 02:02:10,REAL,67585053306,540,67585053846,67585053846
2025-06-19 02:02:12,REAL,67585053846,546,67585054392,67585054392
2025-06-19 02:02:14,REAL,67585054392,535,67585054927,67585054927
2025-06-19 02:02:16,REAL,67585054927,599,67585055526,67585055526
2025-06-19 02:02:18,REAL,67585055526,600,67585056126,67585056126
2025-06-19 02:02:20,REAL,67585056126,546,67585056672,67585056672
2025-06-19 02:02:22,REAL,67585056672,608,67585057280,67585057280
2025-06-19 02:02:24,REAL,67585057280,540,67585057820,67585057820
2025-06-19 02:02:26,REAL,67585057820,537,67585058357,67585058357
2025-06-19 02:02:28,REAL,67585058357,537,67585058894,67585058894
2025-06-19 02:02:30,REAL,67585058894,544,67585059438,67585059438
2025-06-19 02:02:32,REAL,67585059438,546,67585059984,67585059984
2025-06-19 02:02:34,REAL,67585059984,597,67585060581,67585060581
2025-06-19 02:02:36,REAL,67585060581,671,67585061252,67585061252
2025-06-19 02:02:38,REAL,67585061252,657,67585061909,67585061909
2025-06-19 02:02:40,REAL,67585061909,597,67585062506,67585062506
2025-06-19 02:02:42,REAL,67585062506,542,67585063048,67585063048
2025-06-19 02:02:44,REAL,67585063048,534,67585063582,67585063582
2025-06-19 02:02:46,REAL,67585063582,595,67585064177,67585064177
2025-06-19 02:02:48,REAL,67585064177,538,67585064715,67585064715
2025-06-19 02:02:50,REAL,67585064715,609,67585065324,67585065324
2025-06-19 02:02:52,REAL,67585065324,619,67585065943,67585065943
2025-06-19 02:02:54,REAL,67585065943,545,67585066488,67585066488
2025-06-19 02:02:56,REAL,67585066488,599,67585067087,67585067087
2025-06-19 02:02:58,REAL,67585067087,540,67585067627,67585067627
2025-06-19 02:03:00,REAL,67585067627,536,67585068163,67585068163
2025-06-19 02:03:02,REAL,67585068163,541,67585068704,67585068704
2025-06-19 02:03:04,REAL,67585068704,599,67585069303,67585069303
2025-06-19 02:03:06,REAL,67585069303,609,67585069912,67585069912
2025-06-19 02:03:08,REAL,67585069912,541,67585070453,67585070453
2025-06-19 02:03:10,REAL,67585070453,540,67585070993,67585070993
2025-06-19 02:03:12,REAL,67585070993,601,67585071594,67585071594
2025-06-19 02:03:14,REAL,67585071594,543,67585072137,67585072137
2025-06-19 02:03:16,REAL,67585072137,545,67585072682,67585072682
2025-06-19 02:03:18,REAL,67585072682,546,67585073228,67585073228
2025-06-19 02:03:20,REAL,67585073228,547,67585073775,67585073775
2025-06-19 02:03:22,REAL,67585073775,616,67585074391,67585074391
2025-06-19 02:03:24,REAL,67585074391,547,67585074938,67585074938
2025-06-19 02:03:26,REAL,67585074938,537,67585075475,67585075475
2025-06-19 02:03:28,REAL,67585075475,596,67585076071,67585076071
2025-06-19 02:03:30,REAL,67585076071,597,67585076668,67585076668
2025-06-19 02:03:32,REAL,67585076668,536,67585077204,67585077204
2025-06-19 02:03:34,REAL,67585077204,540,67585077744,67585077744
2025-06-19 02:03:36,REAL,67585077744,607,67585078351,67585078351
2025-06-19 02:03:38,REAL,67585078351,602,67585078953,67585078953
2025-06-19 02:03:40,REAL,67585078953,533,67585079486,67585079486
2025-06-19 02:03:42,REAL,67585079486,538,67585080024,67585080024
2025-06-19 02:03:44,REAL,67585080024,603,67585080627,67585080627
2025-06-19 02:03:46,REAL,67585080627,538,67585081165,67585081165
2025-06-19 02:03:48,REAL,67585081165,540,67585081705,67585081705
2025-06-19 02:03:50,REAL,67585081705,545,67585082250,67585082250
2025-06-19 02:03:52,REAL,67585082250,612,67585082862,67585082862
2025-06-19 02:03:54,REAL,67585082862,595,67585083457,67585083457
2025-06-19 02:03:56,REAL,67585083457,537,67585083994,67585083994
2025-06-19 02:03:58,REAL,67585083994,545,67585084539,67585084539
2025-06-19 02:04:00,REAL,67585084539,103656,67585188195,67585188195
2025-06-19 02:04:02,REAL,67585188195,148518,67585336713,67585336713
2025-06-19 02:04:04,REAL,67585336713,29519,67585366232,67585366232
2025-06-19 02:04:06,REAL,67585366232,28949,67585395181,67585395181
2025-06-19 02:04:08,REAL,67585395181,29722,67585424903,67585424903
2025-06-19 02:04:10,REAL,67585424903,28809,67585453712,67585453712
2025-06-19 02:04:12,REAL,67585453712,29635,67585483347,67585483347
2025-06-19 02:04:14,REAL,67585483347,29467,67585512814,67585512814
2025-06-19 02:04:16,REAL,67585512814,3364,67585516178,67585516178
2025-06-19 02:04:18,REAL,67585516178,542,67585516720,67585516720
2025-06-19 02:04:20,REAL,67585516720,542,67585517262,67585517262
2025-06-19 02:04:22,REAL,67585517262,616,67585517878,67585517878
2025-06-19 02:04:24,REAL,67585517878,547,67585518425,67585518425
2025-06-19 02:04:26,REAL,67585518425,538,67585518963,67585518963
2025-06-19 02:04:28,REAL,67585518963,545,67585519508,67585519508
2025-06-19 02:04:30,REAL,67585519508,599,67585520107,67585520107
2025-06-19 02:04:32,REAL,67585520107,602,67585520709,67585520709
2025-06-19 02:04:34,REAL,67585520709,543,67585521252,67585521252
2025-06-19 02:04:36,REAL,67585521252,675,67585521927,67585521927
2025-06-19 02:04:38,REAL,67585521927,539,67585522466,67585522466
2025-06-19 02:04:40,REAL,67585522466,542,67585523008,67585523008
2025-06-19 02:04:42,REAL,67585523008,542,67585523550,67585523550
2025-06-19 02:04:44,REAL,67585523550,534,67585524084,67585524084
2025-06-19 02:04:46,REAL,67585524084,546,67585524630,67585524630
2025-06-19 02:04:48,REAL,67585524630,606,67585525236,67585525236
2025-06-19 02:04:50,REAL,67585525236,538,67585525774,67585525774
2025-06-19 02:04:52,REAL,67585525774,623,67585526397,67585526397
2025-06-19 02:04:54,REAL,67585526397,542,67585526939,67585526939
2025-06-19 02:04:56,REAL,67585526939,543,67585527482,67585527482
2025-06-19 02:04:58,REAL,67585527482,544,67585528026,67585528026
2025-06-19 02:05:00,REAL,67585528026,546,67585528572,67585528572
2025-06-19 02:05:02,REAL,67585528572,542,67585529114,67585529114
2025-06-19 02:05:04,REAL,67585529114,595,67585529709,67585529709
2025-06-19 02:05:06,REAL,67585529709,619,67585530328,67585530328
2025-06-19 02:05:08,REAL,67585530328,540,67585530868,67585530868
2025-06-19 02:05:10,REAL,67585530868,541,67585531409,67585531409
2025-06-19 02:05:12,REAL,67585531409,594,67585532003,67585532003
2025-06-19 02:05:14,REAL,67585532003,543,67585532546,67585532546
2025-06-19 02:05:16,REAL,67585532546,543,67585533089,67585533089
2025-06-19 02:05:18,REAL,67585533089,597,67585533686,67585533686
2025-06-19 02:05:20,REAL,67585533686,599,67585534285,67585534285
2025-06-19 02:05:22,REAL,67585534285,610,67585534895,67585534895
2025-06-19 02:05:24,REAL,67585534895,542,67585535437,67585535437
2025-06-19 02:05:26,REAL,67585535437,539,67585535976,67585535976
2025-06-19 02:05:28,REAL,67585535976,541,67585536517,67585536517
2025-06-19 02:05:30,REAL,67585536517,532,67585537049,67585537049
2025-06-19 02:05:32,REAL,67585537049,549,67585537598,67585537598
2025-06-19 02:05:34,REAL,67585537598,604,67585538202,67585538202
2025-06-19 02:05:36,REAL,67585538202,541,67585538743,67585538743
2025-06-19 02:05:38,REAL,67585538743,378,67585539121,67585539121
2025-06-19 02:05:40,REAL,67585539121,537,67585539658,67585539658
2025-06-19 02:05:42,REAL,67585539658,541,67585540199,67585540199
2025-06-19 02:05:44,REAL,67585540199,542,67585540741,67585540741
2025-06-19 02:05:46,REAL,67585540741,543,67585541284,67585541284
2025-06-19 02:05:48,REAL,67585541284,592,67585541876,67585541876
2025-06-19 02:05:50,REAL,67585541876,597,67585542473,67585542473
2025-06-19 02:05:52,REAL,67585542473,612,67585543085,67585543085
2025-06-19 02:05:54,REAL,67585543085,542,67585543627,67585543627
2025-06-19 02:05:56,REAL,67585543627,546,67585544173,67585544173
2025-06-19 02:05:58,REAL,67585544173,538,67585544711,67585544711
2025-06-19 02:06:00,REAL,67585544711,542,67585545253,67585545253
2025-06-19 02:06:02,REAL,67585545253,540,67585545793,67585545793
2025-06-19 02:06:04,REAL,67585545793,540,67585546333,67585546333
2025-06-19 02:06:06,REAL,67585546333,607,67585546940,67585546940
2025-06-19 02:06:08,REAL,67585546940,615,67585547555,67585547555
2025-06-19 02:06:10,REAL,67585547555,531,67585548086,67585548086
2025-06-19 02:06:12,REAL,67585548086,596,67585548682,67585548682
2025-06-19 02:06:14,REAL,67585548682,540,67585549222,67585549222
2025-06-19 02:06:16,REAL,67585549222,546,67585549768,67585549768
2025-06-19 02:06:18,REAL,67585549768,534,67585550302,67585550302
2025-06-19 02:06:20,REAL,67585550302,543,67585550845,67585550845
2025-06-19 02:06:22,REAL,67585550845,683,67585551528,67585551528
2025-06-19 02:06:24,REAL,67585551528,598,67585552126,67585552126
2025-06-19 02:06:26,REAL,67585552126,536,67585552662,67585552662
2025-06-19 02:06:28,REAL,67585552662,542,67585553204,67585553204
2025-06-19 02:06:30,REAL,67585553204,537,67585553741,67585553741
2025-06-19 02:06:32,REAL,67585553741,541,67585554282,67585554282
2025-06-19 02:06:34,REAL,67585554282,543,67585554825,67585554825
2025-06-19 02:06:36,REAL,67585554825,539,67585555364,67585555364
2025-06-19 02:06:38,REAL,67585555364,679,67585556043,67585556043
2025-06-19 02:06:40,REAL,67585556043,194310,67585750353,67585750353
2025-06-19 02:06:42,REAL,67585750353,84226,67585834579,67585834579
2025-06-19 02:06:44,REAL,67585834579,29570,67585864149,67585864149
2025-06-19 02:06:46,REAL,67585864149,29491,67585893640,67585893640
2025-06-19 02:06:48,REAL,67585893640,29132,67585922772,67585922772
2025-06-19 02:06:50,REAL,67585922772,29514,67585952286,67585952286
2025-06-19 02:06:52,REAL,67585952286,28775,67585981061,67585981061
2025-06-19 02:06:54,REAL,67585981061,23095,67586004156,67586004156
2025-06-19 02:06:56,REAL,67586004156,543,67586004699,67586004699
2025-06-19 02:06:58,REAL,67586004699,547,67586005246,67586005246
2025-06-19 02:07:00,REAL,67586005246,544,67586005790,67586005790
2025-06-19 02:07:02,REAL,67586005790,538,67586006328,67586006328
2025-06-19 02:07:04,REAL,67586006328,530,67586006858,67586006858
2025-06-19 02:07:06,REAL,67586006858,535,67586007393,67586007393
2025-06-19 02:07:08,REAL,67586007393,611,67586008004,67586008004
2025-06-19 02:07:10,REAL,67586008004,598,67586008602,67586008602
2025-06-19 02:07:12,REAL,67586008602,213632,67586222234,67586222234
2025-06-19 02:07:14,REAL,67586222234,68703,67586290937,67586290937
2025-06-19 02:07:16,REAL,67586290937,29389,67586320326,67586320326
2025-06-19 02:07:18,REAL,67586320326,28840,67586349166,67586349166
2025-06-19 02:07:20,REAL,67586349166,29014,67586378180,67586378180
2025-06-19 02:07:22,REAL,67586378180,29333,67586407513,67586407513
2025-06-19 02:07:24,REAL,67586407513,28908,67586436421,67586436421
2025-06-19 02:07:26,REAL,67586436421,20666,67586457087,67586457087
2025-06-19 02:07:28,REAL,67586457087,545,67586457632,67586457632
2025-06-19 02:07:30,REAL,67586457632,534,67586458166,67586458166
2025-06-19 02:07:32,REAL,67586458166,540,67586458706,67586458706
2025-06-19 02:07:34,REAL,67586458706,537,67586459243,67586459243
2025-06-19 02:07:36,REAL,67586459243,533,67586459776,67586459776
2025-06-19 02:07:38,REAL,67586459776,623,67586460399,67586460399
2025-06-19 02:07:40,REAL,67586460399,547,67586460946,67586460946
2025-06-19 02:07:42,REAL,67586460946,598,67586461544,67586461544
2025-06-19 02:07:44,REAL,67586461544,228362,67586689906,67586689906
2025-06-19 02:07:46,REAL,67586689906,62294,67586752200,67586752200
2025-06-19 02:07:48,REAL,67586752200,29034,67586781234,67586781234
2025-06-19 02:07:50,REAL,67586781234,29119,67586810353,67586810353
2025-06-19 02:07:52,REAL,67586810353,29378,67586839731,67586839731
2025-06-19 02:07:54,REAL,67586839731,28948,67586868679,67586868679
2025-06-19 02:07:56,REAL,67586868679,30523,67586899202,67586899202
2025-06-19 02:07:58,REAL,67586899202,17996,67586917198,67586917198
2025-06-19 02:08:00,REAL,67586917198,537,67586917735,67586917735
2025-06-19 02:08:02,REAL,67586917735,539,67586918274,67586918274
2025-06-19 02:08:04,REAL,67586918274,536,67586918810,67586918810
2025-06-19 02:08:06,REAL,67586918810,535,67586919345,67586919345
2025-06-19 02:08:08,REAL,67586919345,618,67586919963,67586919963
2025-06-19 02:08:10,REAL,67586919963,532,67586920495,67586920495
2025-06-19 02:08:12,REAL,67586920495,537,67586921032,67586921032
2025-06-19 02:08:14,REAL,67586921032,591,67586921623,67586921623
2025-06-19 02:08:16,REAL,67586921623,263219,67587184842,67587184842
2025-06-19 02:08:18,REAL,67587184842,36329,67587221171,67587221171
2025-06-19 02:08:20,REAL,67587221171,29313,67587250484,67587250484
2025-06-19 02:08:22,REAL,67587250484,29374,67587279858,67587279858
2025-06-19 02:08:24,REAL,67587279858,29221,67587309079,67587309079
2025-06-19 02:08:26,REAL,67587309079,29194,67587338273,67587338273
2025-06-19 02:08:28,REAL,67587338273,29020,67587367293,67587367293
2025-06-19 02:08:30,REAL,67587367293,16915,67587384208,67587384208
2025-06-19 02:08:32,REAL,67587384208,593,67587384801,67587384801
2025-06-19 02:08:34,REAL,67587384801,542,67587385343,67587385343
2025-06-19 02:08:36,REAL,67587385343,539,67587385882,67587385882
2025-06-19 02:08:38,REAL,67587385882,622,67587386504,67587386504
2025-06-19 02:08:40,REAL,67587386504,537,67587387041,67587387041
2025-06-19 02:08:42,REAL,67587387041,542,67587387583,67587387583
2025-06-19 02:08:44,REAL,67587387583,534,67587388117,67587388117
2025-06-19 02:08:46,REAL,67587388117,602,67587388719,67587388719
2025-06-19 02:08:48,REAL,67587388719,538,67587389257,67587389257
2025-06-19 02:08:50,REAL,67587389257,596,67587389853,67587389853
2025-06-19 02:08:52,REAL,67587389853,617,67587390470,67587390470
2025-06-19 02:08:54,REAL,67587390470,541,67587391011,67587391011
2025-06-19 02:08:56,REAL,67587391011,538,67587391549,67587391549
2025-06-19 02:08:58,REAL,67587391549,533,67587392082,67587392082
2025-06-19 02:09:00,REAL,67587392082,537,67587392619,67587392619
2025-06-19 02:09:02,REAL,67587392619,606,67587393225,67587393225
2025-06-19 02:09:04,REAL,67587393225,531,67587393756,67587393756
2025-06-19 02:09:06,REAL,67587393756,539,67587394295,67587394295
2025-06-19 02:09:08,REAL,67587394295,666,67587394961,67587394961
2025-06-19 02:09:10,REAL,67587394961,533,67587395494,67587395494
2025-06-19 02:09:12,REAL,67587395494,536,67587396030,67587396030
2025-06-19 02:09:14,REAL,67587396030,545,67587396575,67587396575
2025-06-19 02:09:16,REAL,67587396575,539,67587397114,67587397114
2025-06-19 02:09:18,REAL,67587397114,602,67587397716,67587397716
2025-06-19 02:09:20,REAL,67587397716,548,67587398264,67587398264
2025-06-19 02:09:22,REAL,67587398264,612,67587398876,67587398876
2025-06-19 02:09:24,REAL,67587398876,539,67587399415,67587399415
2025-06-19 02:09:26,REAL,67587399415,535,67587399950,67587399950
2025-06-19 02:09:28,REAL,67587399950,602,67587400552,67587400552
2025-06-19 02:09:30,REAL,67587400552,542,67587401094,67587401094
2025-06-19 02:09:32,REAL,67587401094,541,67587401635,67587401635
2025-06-19 02:09:34,REAL,67587401635,598,67587402233,67587402233
2025-06-19 02:09:36,REAL,67587402233,545,67587402778,67587402778
2025-06-19 02:09:38,REAL,67587402778,619,67587403397,67587403397
2025-06-19 02:09:40,REAL,67587403397,540,67587403937,67587403937
2025-06-19 02:09:42,REAL,67587403937,588,67587404525,67587404525
2025-06-19 02:09:44,REAL,67587404525,547,67587405072,67587405072
2025-06-19 02:09:46,REAL,67587405072,546,67587405618,67587405618
2025-06-19 02:09:48,REAL,67587405618,548,67587406166,67587406166
2025-06-19 02:09:50,REAL,67587406166,601,67587406767,67587406767
2025-06-19 02:09:52,REAL,67587406767,621,67587407388,67587407388
2025-06-19 02:09:54,REAL,67587407388,538,67587407926,67587407926
2025-06-19 02:09:56,REAL,67587407926,541,67587408467,67587408467
2025-06-19 02:09:58,REAL,67587408467,536,67587409003,67587409003
2025-06-19 02:10:00,REAL,67587409003,594,67587409597,67587409597
2025-06-19 02:10:02,REAL,67587409597,530,67587410127,67587410127
2025-06-19 02:10:04,REAL,67587410127,544,67587410671,67587410671
2025-06-19 02:10:06,REAL,67587410671,22682,67587433353,67587433353
2025-06-19 02:10:08,REAL,67587433353,226908,67587660261,67587660261
2025-06-19 02:10:10,REAL,67587660261,29327,67587689588,67587689588
2025-06-19 02:10:12,REAL,67587689588,28865,67587718453,67587718453
2025-06-19 02:10:14,REAL,67587718453,29011,67587747464,67587747464
2025-06-19 02:10:16,REAL,67587747464,29265,67587776729,67587776729
2025-06-19 02:10:18,REAL,67587776729,29690,67587806419,67587806419
2025-06-19 02:10:20,REAL,67587806419,28884,67587835303,67587835303
2025-06-19 02:10:22,REAL,67587835303,10639,67587845942,67587845942
2025-06-19 02:10:24,REAL,67587845942,544,67587846486,67587846486
2025-06-19 02:10:26,REAL,67587846486,544,67587847030,67587847030
2025-06-19 02:10:28,REAL,67587847030,535,67587847565,67587847565
2025-06-19 02:10:30,REAL,67587847565,538,67587848103,67587848103
2025-06-19 02:10:32,REAL,67587848103,544,67587848647,67587848647
2025-06-19 02:10:34,REAL,67587848647,533,67587849180,67587849180
2025-06-19 02:10:36,REAL,67587849180,541,67587849721,67587849721
2025-06-19 02:10:38,REAL,67587849721,734,67587850455,67587850455
2025-06-19 02:10:40,REAL,67587850455,544,67587850999,67587850999
2025-06-19 02:10:42,REAL,67587850999,540,67587851539,67587851539
2025-06-19 02:10:44,REAL,67587851539,533,67587852072,67587852072
2025-06-19 02:10:46,REAL,67587852072,536,67587852608,67587852608
2025-06-19 02:10:48,REAL,67587852608,545,67587853153,67587853153
2025-06-19 02:10:50,REAL,67587853153,542,67587853695,67587853695
2025-06-19 02:10:52,REAL,67587853695,617,67587854312,67587854312
2025-06-19 02:10:54,REAL,67587854312,604,67587854916,67587854916
2025-06-19 02:10:56,REAL,67587854916,544,67587855460,67587855460
2025-06-19 02:10:58,REAL,67587855460,544,67587856004,67587856004
2025-06-19 02:11:00,REAL,67587856004,544,67587856548,67587856548
2025-06-19 02:11:02,REAL,67587856548,537,67587857085,67587857085
2025-06-19 02:11:04,REAL,67587857085,588,67587857673,67587857673
2025-06-19 02:11:06,REAL,67587857673,545,67587858218,67587858218
2025-06-19 02:11:08,REAL,67587858218,622,67587858840,67587858840
2025-06-19 02:11:10,REAL,67587858840,654,67587859494,67587859494
2025-06-19 02:11:12,REAL,67587859494,649,67587860143,67587860143
2025-06-19 02:11:14,REAL,67587860143,604,67587860747,67587860747
2025-06-19 02:11:16,REAL,67587860747,548,67587861295,67587861295
2025-06-19 02:11:18,REAL,67587861295,545,67587861840,67587861840
2025-06-19 02:11:20,REAL,67587861840,532,67587862372,67587862372
2025-06-19 02:11:22,REAL,67587862372,542,67587862914,67587862914
2025-06-19 02:11:24,REAL,67587862914,613,67587863527,67587863527
2025-06-19 02:11:26,REAL,67587863527,536,67587864063,67587864063
2025-06-19 02:11:28,REAL,67587864063,540,67587864603,67587864603
2025-06-19 02:11:30,REAL,67587864603,599,67587865202,67587865202
2025-06-19 02:11:32,REAL,67587865202,602,67587865804,67587865804
2025-06-19 02:11:34,REAL,67587865804,608,67587866412,67587866412
2025-06-19 02:11:36,REAL,67587866412,594,67587867006,67587867006
2025-06-19 02:11:38,REAL,67587867006,610,67587867616,67587867616
2025-06-19 02:11:40,REAL,67587867616,545,67587868161,67587868161
2025-06-19 02:11:42,REAL,67587868161,544,67587868705,67587868705
2025-06-19 02:11:44,REAL,67587868705,602,67587869307,67587869307
2025-06-19 02:11:46,REAL,67587869307,539,67587869846,67587869846
2025-06-19 02:11:48,REAL,67587869846,540,67587870386,67587870386
2025-06-19 02:11:50,REAL,67587870386,591,67587870977,67587870977
2025-06-19 02:11:52,REAL,67587870977,662,67587871639,67587871639
2025-06-19 02:11:54,REAL,67587871639,671,67587872310,67587872310
2025-06-19 02:11:56,REAL,67587872310,600,67587872910,67587872910
2025-06-19 02:11:58,REAL,67587872910,598,67587873508,67587873508
2025-06-19 02:12:00,REAL,67587873508,602,67587874110,67587874110
2025-06-19 02:12:02,REAL,67587874110,599,67587874709,67587874709
2025-06-19 02:12:04,REAL,67587874709,534,67587875243,67587875243
2025-06-19 02:12:06,REAL,67587875243,545,67587875788,67587875788
2025-06-19 02:12:08,REAL,67587875788,618,67587876406,67587876406
2025-06-19 02:12:10,REAL,67587876406,539,67587876945,67587876945
2025-06-19 02:12:12,REAL,67587876945,534,67587877479,67587877479
2025-06-19 02:12:14,REAL,67587877479,539,67587878018,67587878018
2025-06-19 02:12:16,REAL,67587878018,597,67587878615,67587878615
2025-06-19 02:12:18,REAL,67587878615,78211,67587956826,67587956826
2025-06-19 02:12:20,REAL,67587956826,186932,67588143758,67588143758
2025-06-19 02:12:22,REAL,67588143758,29124,67588172882,67588172882
2025-06-19 02:12:24,REAL,67588172882,29328,67588202210,67588202210
2025-06-19 02:12:26,REAL,67588202210,28576,67588230786,67588230786
2025-06-19 02:12:28,REAL,67588230786,29357,67588260143,67588260143
2025-06-19 02:12:30,REAL,67588260143,29646,67588289789,67588289789
2025-06-19 02:12:32,REAL,67588289789,28588,67588318377,67588318377
2025-06-19 02:12:34,REAL,67588318377,5012,67588323389,67588323389
2025-06-19 02:12:36,REAL,67588323389,590,67588323979,67588323979
2025-06-19 02:12:38,REAL,67588323979,618,67588324597,67588324597
2025-06-19 02:12:40,REAL,67588324597,544,67588325141,67588325141
2025-06-19 02:12:42,REAL,67588325141,541,67588325682,67588325682
2025-06-19 02:12:44,REAL,67588325682,544,67588326226,67588326226
2025-06-19 02:12:46,REAL,67588326226,541,67588326767,67588326767
2025-06-19 02:12:48,REAL,67588326767,540,67588327307,67588327307
2025-06-19 02:12:50,REAL,67588327307,98900,67588426207,67588426207
2025-06-19 02:12:52,REAL,67588426207,168605,67588594812,67588594812
2025-06-19 02:12:54,REAL,67588594812,29246,67588624058,67588624058
2025-06-19 02:12:56,REAL,67588624058,29188,67588653246,67588653246
2025-06-19 02:12:58,REAL,67588653246,29343,67588682589,67588682589
2025-06-19 02:13:00,REAL,67588682589,29360,67588711949,67588711949
2025-06-19 02:13:02,REAL,67588711949,29644,67588741593,67588741593
2025-06-19 02:13:04,REAL,67588741593,29090,67588770683,67588770683
2025-06-19 02:13:06,REAL,67588770683,3137,67588773820,67588773820
2025-06-19 02:13:08,REAL,67588773820,678,67588774498,67588774498
2025-06-19 02:13:10,REAL,67588774498,602,67588775100,67588775100
2025-06-19 02:13:12,REAL,67588775100,256770,67589031870,67589031870
2025-06-19 02:13:14,REAL,67589031870,29978,67589061848,67589061848
2025-06-19 02:13:16,REAL,67589061848,29709,67589091557,67589091557
2025-06-19 02:13:18,REAL,67589091557,29119,67589120676,67589120676
2025-06-19 02:13:20,REAL,67589120676,29336,67589150012,67589150012
2025-06-19 02:13:22,REAL,67589150012,28696,67589178708,67589178708
2025-06-19 02:13:24,REAL,67589178708,29174,67589207882,67589207882
2025-06-19 02:13:26,REAL,67589207882,16750,67589224632,67589224632
2025-06-19 02:13:28,REAL,67589224632,539,67589225171,67589225171
2025-06-19 02:13:30,REAL,67589225171,541,67589225712,67589225712
2025-06-19 02:13:32,REAL,67589225712,537,67589226249,67589226249
2025-06-19 02:13:34,REAL,67589226249,534,67589226783,67589226783
2025-06-19 02:13:36,REAL,67589226783,541,67589227324,67589227324
2025-06-19 02:13:38,REAL,67589227324,610,67589227934,67589227934
2025-06-19 02:13:40,REAL,67589227934,547,67589228481,67589228481
2025-06-19 02:13:42,REAL,67589228481,652,67589229133,67589229133
2025-06-19 02:13:44,REAL,67589229133,603,67589229736,67589229736
2025-06-19 02:13:46,REAL,67589229736,541,67589230277,67589230277
2025-06-19 02:13:48,REAL,67589230277,543,67589230820,67589230820
2025-06-19 02:13:50,REAL,67589230820,541,67589231361,67589231361
2025-06-19 02:13:52,REAL,67589231361,538,67589231899,67589231899
2025-06-19 02:13:54,REAL,67589231899,612,67589232511,67589232511
2025-06-19 02:13:56,REAL,67589232511,539,67589233050,67589233050
2025-06-19 02:13:58,REAL,67589233050,598,67589233648,67589233648
2025-06-19 02:14:00,REAL,67589233648,533,67589234181,67589234181
2025-06-19 02:14:02,REAL,67589234181,542,67589234723,67589234723
2025-06-19 02:14:04,REAL,67589234723,539,67589235262,67589235262
2025-06-19 02:14:06,REAL,67589235262,544,67589235806,67589235806
2025-06-19 02:14:08,REAL,67589235806,540,67589236346,67589236346
2025-06-19 02:14:10,REAL,67589236346,675,67589237021,67589237021
2025-06-19 02:14:12,REAL,67589237021,537,67589237558,67589237558
2025-06-19 02:14:14,REAL,67589237558,597,67589238155,67589238155
2025-06-19 02:14:16,REAL,67589238155,603,67589238758,67589238758
2025-06-19 02:14:18,REAL,67589238758,538,67589239296,67589239296
2025-06-19 02:14:20,REAL,67589239296,537,67589239833,67589239833
2025-06-19 02:14:22,REAL,67589239833,538,67589240371,67589240371
2025-06-19 02:14:24,REAL,67589240371,613,67589240984,67589240984
2025-06-19 02:14:26,REAL,67589240984,536,67589241520,67589241520
2025-06-19 02:14:28,REAL,67589241520,535,67589242055,67589242055
2025-06-19 02:14:30,REAL,67589242055,597,67589242652,67589242652
2025-06-19 02:14:32,REAL,67589242652,539,67589243191,67589243191
2025-06-19 02:14:34,REAL,67589243191,540,67589243731,67589243731
2025-06-19 02:14:36,REAL,67589243731,545,67589244276,67589244276
2025-06-19 02:14:38,REAL,67589244276,545,67589244821,67589244821
2025-06-19 02:14:40,REAL,67589244821,613,67589245434,67589245434
2025-06-19 02:14:42,REAL,67589245434,541,67589245975,67589245975
2025-06-19 02:14:44,REAL,67589245975,536,67589246511,67589246511
2025-06-19 02:14:46,REAL,67589246511,596,67589247107,67589247107
2025-06-19 02:14:48,REAL,67589247107,539,67589247646,67589247646
2025-06-19 02:14:50,REAL,67589247646,544,67589248190,67589248190
2025-06-19 02:14:52,REAL,67589248190,537,67589248727,67589248727
2025-06-19 02:14:54,REAL,67589248727,611,67589249338,67589249338
2025-06-19 02:14:56,REAL,67589249338,537,67589249875,67589249875
2025-06-19 02:14:58,REAL,67589249875,600,67589250475,67589250475
2025-06-19 02:15:00,REAL,67589250475,533,67589251008,67589251008
2025-06-19 02:15:02,REAL,67589251008,609,67589251617,67589251617
2025-06-19 02:15:04,REAL,67589251617,598,67589252215,67589252215
2025-06-19 02:15:06,REAL,67589252215,541,67589252756,67589252756
2025-06-19 02:15:08,REAL,67589252756,546,67589253302,67589253302
2025-06-19 02:15:10,REAL,67589253302,614,67589253916,67589253916
2025-06-19 02:15:12,REAL,67589253916,534,67589254450,67589254450
2025-06-19 02:15:14,REAL,67589254450,532,67589254982,67589254982
2025-06-19 02:15:16,REAL,67589254982,546,67589255528,67589255528
2025-06-19 02:15:18,REAL,67589255528,661,67589256189,67589256189
2025-06-19 02:15:20,REAL,67589256189,592,67589256781,67589256781
2025-06-19 02:15:22,REAL,67589256781,601,67589257382,67589257382
2025-06-19 02:15:24,REAL,67589257382,613,67589257995,67589257995
2025-06-19 02:15:26,REAL,67589257995,544,67589258539,67589258539
2025-06-19 02:15:28,REAL,67589258539,546,67589259085,67589259085
2025-06-19 02:15:30,REAL,67589259085,533,67589259618,67589259618
2025-06-19 02:15:32,REAL,67589259618,539,67589260157,67589260157
2025-06-19 02:15:34,REAL,67589260157,541,67589260698,67589260698
2025-06-19 02:15:36,REAL,67589260698,539,67589261237,67589261237
2025-06-19 02:15:38,REAL,67589261237,600,67589261837,67589261837
2025-06-19 02:15:40,REAL,67589261837,616,67589262453,67589262453
2025-06-19 02:15:42,REAL,67589262453,545,67589262998,67589262998
2025-06-19 02:15:44,REAL,67589262998,598,67589263596,67589263596
2025-06-19 02:15:46,REAL,67589263596,546,67589264142,67589264142
2025-06-19 02:15:48,REAL,67589264142,540,67589264682,67589264682
2025-06-19 02:15:50,REAL,67589264682,540,67589265222,67589265222
2025-06-19 02:15:52,REAL,67589265222,541,67589265763,67589265763
2025-06-19 02:15:54,REAL,67589265763,721,67589266484,67589266484
2025-06-19 02:15:56,REAL,67589266484,593,67589267077,67589267077
2025-06-19 02:15:58,REAL,67589267077,596,67589267673,67589267673
2025-06-19 02:16:00,REAL,67589267673,601,67589268274,67589268274
2025-06-19 02:16:02,REAL,67589268274,543,67589268817,67589268817
2025-06-19 02:16:04,REAL,67589268817,601,67589269418,67589269418
2025-06-19 02:16:06,REAL,67589269418,545,67589269963,67589269963
2025-06-19 02:16:08,REAL,67589269963,544,67589270507,67589270507
2025-06-19 02:16:10,REAL,67589270507,618,67589271125,67589271125
2025-06-19 02:16:12,REAL,67589271125,532,67589271657,67589271657
2025-06-19 02:16:14,REAL,67589271657,592,67589272249,67589272249
2025-06-19 02:16:16,REAL,67589272249,60768,67589333017,67589333017
2025-06-19 02:16:18,REAL,67589333017,191078,67589524095,67589524095
2025-06-19 02:16:20,REAL,67589524095,28806,67589552901,67589552901
2025-06-19 02:16:22,REAL,67589552901,29220,67589582121,67589582121
2025-06-19 02:16:24,REAL,67589582121,29248,67589611369,67589611369
2025-06-19 02:16:26,REAL,67589611369,28881,67589640250,67589640250
2025-06-19 02:16:28,REAL,67589640250,29213,67589669463,67589669463
2025-06-19 02:16:30,REAL,67589669463,29177,67589698640,67589698640
2025-06-19 02:16:32,REAL,67589698640,6493,67589705133,67589705133
2025-06-19 02:16:34,REAL,67589705133,541,67589705674,67589705674
2025-06-19 02:16:36,REAL,67589705674,538,67589706212,67589706212
2025-06-19 02:16:38,REAL,67589706212,538,67589706750,67589706750
2025-06-19 02:16:40,REAL,67589706750,615,67589707365,67589707365
2025-06-19 02:16:42,REAL,67589707365,598,67589707963,67589707963
2025-06-19 02:16:44,REAL,67589707963,544,67589708507,67589708507
2025-06-19 02:16:46,REAL,67589708507,541,67589709048,67589709048
2025-06-19 02:16:48,REAL,67589709048,602,67589709650,67589709650
2025-06-19 02:16:50,REAL,67589709650,540,67589710190,67589710190
2025-06-19 02:16:52,REAL,67589710190,546,67589710736,67589710736
2025-06-19 02:16:54,REAL,67589710736,537,67589711273,67589711273
2025-06-19 02:16:56,REAL,67589711273,617,67589711890,67589711890
2025-06-19 02:16:58,REAL,67589711890,544,67589712434,67589712434
2025-06-19 02:17:00,REAL,67589712434,540,67589712974,67589712974
2025-06-19 02:17:02,REAL,67589712974,532,67589713506,67589713506
2025-06-19 02:17:04,REAL,67589713506,595,67589714101,67589714101
2025-06-19 02:17:06,REAL,67589714101,603,67589714704,67589714704
2025-06-19 02:17:08,REAL,67589714704,535,67589715239,67589715239
2025-06-19 02:17:10,REAL,67589715239,677,67589715916,67589715916
2025-06-19 02:17:12,REAL,67589715916,540,67589716456,67589716456
2025-06-19 02:17:14,REAL,67589716456,541,67589716997,67589716997
2025-06-19 02:17:16,REAL,67589716997,530,67589717527,67589717527
2025-06-19 02:17:18,REAL,67589717527,545,67589718072,67589718072
2025-06-19 02:17:20,REAL,67589718072,114375,67589832447,67589832447
2025-06-19 02:17:22,REAL,67589832447,159568,67589992015,67589992015
2025-06-19 02:17:24,REAL,67589992015,29255,67590021270,67590021270
2025-06-19 02:17:26,REAL,67590021270,29634,67590050904,67590050904
2025-06-19 02:17:28,REAL,67590050904,29066,67590079970,67590079970
2025-06-19 02:17:30,REAL,67590079970,28852,67590108822,67590108822
2025-06-19 02:17:32,REAL,67590108822,29159,67590137981,67590137981
2025-06-19 02:17:34,REAL,67590137981,29608,67590167589,67590167589
2025-06-19 02:17:36,REAL,67590167589,2992,67590170581,67590170581
2025-06-19 02:17:38,REAL,67590170581,537,67590171118,67590171118
2025-06-19 02:17:40,REAL,67590171118,671,67590171789,67590171789
2025-06-19 02:17:42,REAL,67590171789,536,67590172325,67590172325
2025-06-19 02:17:44,REAL,67590172325,544,67590172869,67590172869
2025-06-19 02:17:46,REAL,67590172869,536,67590173405,67590173405
2025-06-19 02:17:48,REAL,67590173405,543,67590173948,67590173948
2025-06-19 02:17:50,REAL,67590173948,545,67590174493,67590174493
2025-06-19 02:17:52,REAL,67590174493,598,67590175091,67590175091
2025-06-19 02:17:54,REAL,67590175091,541,67590175632,67590175632
2025-06-19 02:17:56,REAL,67590175632,610,67590176242,67590176242
2025-06-19 02:17:58,REAL,67590176242,539,67590176781,67590176781
2025-06-19 02:18:00,REAL,67590176781,545,67590177326,67590177326
2025-06-19 02:18:02,REAL,67590177326,541,67590177867,67590177867
2025-06-19 02:18:04,REAL,67590177867,545,67590178412,67590178412
2025-06-19 02:18:06,REAL,67590178412,534,67590178946,67590178946
2025-06-19 02:18:08,REAL,67590178946,650,67590179596,67590179596
2025-06-19 02:18:10,REAL,67590179596,671,67590180267,67590180267
2025-06-19 02:18:12,REAL,67590180267,545,67590180812,67590180812
2025-06-19 02:18:14,REAL,67590180812,541,67590181353,67590181353
2025-06-19 02:18:16,REAL,67590181353,540,67590181893,67590181893
2025-06-19 02:18:18,REAL,67590181893,537,67590182430,67590182430
2025-06-19 02:18:20,REAL,67590182430,536,67590182966,67590182966
2025-06-19 02:18:22,REAL,67590182966,536,67590183502,67590183502
2025-06-19 02:18:24,REAL,67590183502,146806,67590330308,67590330308
2025-06-19 02:18:26,REAL,67590330308,125728,67590456036,67590456036
2025-06-19 02:18:28,REAL,67590456036,29120,67590485156,67590485156
2025-06-19 02:18:30,REAL,67590485156,29300,67590514456,67590514456
2025-06-19 02:18:32,REAL,67590514456,29440,67590543896,67590543896
2025-06-19 02:18:34,REAL,67590543896,29268,67590573164,67590573164
2025-06-19 02:18:36,REAL,67590573164,29194,67590602358,67590602358
2025-06-19 02:18:38,REAL,67590602358,28148,67590630506,67590630506
2025-06-19 02:18:40,REAL,67590630506,674,67590631180,67590631180
2025-06-19 02:18:42,REAL,67590631180,603,67590631783,67590631783
2025-06-19 02:18:44,REAL,67590631783,594,67590632377,67590632377
2025-06-19 02:18:46,REAL,67590632377,541,67590632918,67590632918
2025-06-19 02:18:48,REAL,67590632918,541,67590633459,67590633459
2025-06-19 02:18:50,REAL,67590633459,541,67590634000,67590634000
2025-06-19 02:18:52,REAL,67590634000,541,67590634541,67590634541
2025-06-19 02:18:54,REAL,67590634541,542,67590635083,67590635083
2025-06-19 02:18:56,REAL,67590635083,612,67590635695,67590635695
2025-06-19 02:18:58,REAL,67590635695,538,67590636233,67590636233
2025-06-19 02:19:00,REAL,67590636233,25425,67590661658,67590661658
2025-06-19 02:19:02,REAL,67590661658,210999,67590872657,67590872657
2025-06-19 02:19:04,REAL,67590872657,29236,67590901893,67590901893
2025-06-19 02:19:06,REAL,67590901893,28877,67590930770,67590930770
2025-06-19 02:19:08,REAL,67590930770,29704,67590960474,67590960474
2025-06-19 02:19:10,REAL,67590960474,29091,67590989565,67590989565
2025-06-19 02:19:12,REAL,67590989565,28924,67591018489,67591018489
2025-06-19 02:19:14,REAL,67591018489,29219,67591047708,67591047708
2025-06-19 02:19:16,REAL,67591047708,11487,67591059195,67591059195
2025-06-19 02:19:18,REAL,67591059195,545,67591059740,67591059740
2025-06-19 02:19:20,REAL,67591059740,541,67591060281,67591060281
2025-06-19 02:19:22,REAL,67591060281,536,67591060817,67591060817
2025-06-19 02:19:24,REAL,67591060817,539,67591061356,67591061356
2025-06-19 02:19:26,REAL,67591061356,617,67591061973,67591061973
2025-06-19 02:19:28,REAL,67591061973,542,67591062515,67591062515
2025-06-19 02:19:30,REAL,67591062515,541,67591063056,67591063056
2025-06-19 02:19:32,REAL,67591063056,30551,67591093607,67591093607
2025-06-19 02:19:34,REAL,67591093607,238528,67591332135,67591332135
2025-06-19 02:19:36,REAL,67591332135,29212,67591361347,67591361347
2025-06-19 02:19:38,REAL,67591361347,29021,67591390368,67591390368
2025-06-19 02:19:40,REAL,67591390368,29241,67591419609,67591419609
2025-06-19 02:19:42,REAL,67591419609,29895,67591449504,67591449504
2025-06-19 02:19:44,REAL,67591449504,29298,67591478802,67591478802
2025-06-19 02:19:46,REAL,67591478802,29479,67591508281,67591508281
2025-06-19 02:19:48,REAL,67591508281,9516,67591517797,67591517797
2025-06-19 02:19:50,REAL,67591517797,539,67591518336,67591518336
2025-06-19 02:19:52,REAL,67591518336,541,67591518877,67591518877
2025-06-19 02:19:54,REAL,67591518877,536,67591519413,67591519413
2025-06-19 02:19:56,REAL,67591519413,615,67591520028,67591520028
2025-06-19 02:19:58,REAL,67591520028,534,67591520562,67591520562
2025-06-19 02:20:00,REAL,67591520562,542,67591521104,67591521104
2025-06-19 02:20:02,REAL,67591521104,539,67591521643,67591521643
2025-06-19 02:20:04,REAL,67591521643,716,67591522359,67591522359
2025-06-19 02:20:06,REAL,67591522359,600,67591522959,67591522959
2025-06-19 02:20:08,REAL,67591522959,606,67591523565,67591523565
2025-06-19 02:20:10,REAL,67591523565,677,67591524242,67591524242
2025-06-19 02:20:12,REAL,67591524242,592,67591524834,67591524834
2025-06-19 02:20:14,REAL,67591524834,662,67591525496,67591525496
2025-06-19 02:20:16,REAL,67591525496,536,67591526032,67591526032
2025-06-19 02:20:18,REAL,67591526032,532,67591526564,67591526564
2025-06-19 02:20:20,REAL,67591526564,538,67591527102,67591527102
2025-06-19 02:20:22,REAL,67591527102,540,67591527642,67591527642
2025-06-19 02:20:24,REAL,67591527642,543,67591528185,67591528185
2025-06-19 02:20:26,REAL,67591528185,620,67591528805,67591528805
2025-06-19 02:20:28,REAL,67591528805,542,67591529347,67591529347
2025-06-19 02:20:30,REAL,67591529347,595,67591529942,67591529942
2025-06-19 02:20:32,REAL,67591529942,592,67591530534,67591530534
2025-06-19 02:20:34,REAL,67591530534,537,67591531071,67591531071
2025-06-19 02:20:36,REAL,67591531071,540,67591531611,67591531611
2025-06-19 02:20:38,REAL,67591531611,533,67591532144,67591532144
2025-06-19 02:20:40,REAL,67591532144,611,67591532755,67591532755
2025-06-19 02:20:42,REAL,67591532755,536,67591533291,67591533291
2025-06-19 02:20:44,REAL,67591533291,539,67591533830,67591533830
2025-06-19 02:20:46,REAL,67591533830,658,67591534488,67591534488
2025-06-19 02:20:48,REAL,67591534488,603,67591535091,67591535091
2025-06-19 02:20:50,REAL,67591535091,605,67591535696,67591535696
2025-06-19 02:20:52,REAL,67591535696,536,67591536232,67591536232
2025-06-19 02:20:54,REAL,67591536232,542,67591536774,67591536774
2025-06-19 02:20:56,REAL,67591536774,623,67591537397,67591537397
2025-06-19 02:20:58,REAL,67591537397,600,67591537997,67591537997
2025-06-19 02:21:00,REAL,67591537997,601,67591538598,67591538598
2025-06-19 02:21:02,REAL,67591538598,534,67591539132,67591539132
2025-06-19 02:21:04,REAL,67591539132,547,67591539679,67591539679
2025-06-19 02:21:06,REAL,67591539679,599,67591540278,67591540278
2025-06-19 02:21:08,REAL,67591540278,543,67591540821,67591540821
2025-06-19 02:21:10,REAL,67591540821,541,67591541362,67591541362
2025-06-19 02:21:12,REAL,67591541362,613,67591541975,67591541975
2025-06-19 02:21:14,REAL,67591541975,537,67591542512,67591542512
2025-06-19 02:21:16,REAL,67591542512,536,67591543048,67591543048
2025-06-19 02:21:18,REAL,67591543048,538,67591543586,67591543586
2025-06-19 02:21:20,REAL,67591543586,541,67591544127,67591544127
2025-06-19 02:21:22,REAL,67591544127,601,67591544728,67591544728
2025-06-19 02:21:24,REAL,67591544728,535,67591545263,67591545263
2025-06-19 02:21:26,REAL,67591545263,681,67591545944,67591545944
2025-06-19 02:21:28,REAL,67591545944,535,67591546479,67591546479
2025-06-19 02:21:30,REAL,67591546479,539,67591547018,67591547018
2025-06-19 02:21:32,REAL,67591547018,548,67591547566,67591547566
2025-06-19 02:21:34,REAL,67591547566,545,67591548111,67591548111
2025-06-19 02:21:36,REAL,67591548111,543,67591548654,67591548654
2025-06-19 02:21:38,REAL,67591548654,599,67591549253,67591549253
2025-06-19 02:21:40,REAL,67591549253,597,67591549850,67591549850
2025-06-19 02:21:42,REAL,67591549850,616,67591550466,67591550466
2025-06-19 02:21:44,REAL,67591550466,539,67591551005,67591551005
2025-06-19 02:21:46,REAL,67591551005,546,67591551551,67591551551
2025-06-19 02:21:48,REAL,67591551551,534,67591552085,67591552085
2025-06-19 02:21:50,REAL,67591552085,597,67591552682,67591552682
2025-06-19 02:21:52,REAL,67591552682,540,67591553222,67591553222
2025-06-19 02:21:54,REAL,67591553222,608,67591553830,67591553830
2025-06-19 02:21:56,REAL,67591553830,615,67591554445,67591554445
2025-06-19 02:21:58,REAL,67591554445,543,67591554988,67591554988
2025-06-19 02:22:00,REAL,67591554988,550,67591555538,67591555538
2025-06-19 02:22:02,REAL,67591555538,535,67591556073,67591556073
2025-06-19 02:22:04,REAL,67591556073,540,67591556613,67591556613
2025-06-19 02:22:06,REAL,67591556613,539,67591557152,67591557152
2025-06-19 02:22:08,REAL,67591557152,531,67591557683,67591557683
2025-06-19 02:22:10,REAL,67591557683,604,67591558287,67591558287
2025-06-19 02:22:12,REAL,67591558287,236111,67591794398,67591794398
2025-06-19 02:22:14,REAL,67591794398,29191,67591823589,67591823589
2025-06-19 02:22:16,REAL,67591823589,29242,67591852831,67591852831
2025-06-19 02:22:18,REAL,67591852831,28953,67591881784,67591881784
2025-06-19 02:22:20,REAL,67591881784,29367,67591911151,67591911151
2025-06-19 02:22:22,REAL,67591911151,29376,67591940527,67591940527
2025-06-19 02:22:24,REAL,67591940527,29673,67591970200,67591970200
2025-06-19 02:22:26,REAL,67591970200,16253,67591986453,67591986453
2025-06-19 02:22:28,REAL,67591986453,543,67591986996,67591986996
2025-06-19 02:22:30,REAL,67591986996,539,67591987535,67591987535
2025-06-19 02:22:32,REAL,67591987535,535,67591988070,67591988070
2025-06-19 02:22:34,REAL,67591988070,534,67591988604,67591988604
2025-06-19 02:22:36,REAL,67591988604,541,67591989145,67591989145
2025-06-19 02:22:38,REAL,67591989145,603,67591989748,67591989748
2025-06-19 02:22:40,REAL,67591989748,539,67591990287,67591990287
2025-06-19 02:22:42,REAL,67591990287,675,67591990962,67591990962
2025-06-19 02:22:44,REAL,67591990962,248031,67592238993,67592238993
2025-06-19 02:22:46,REAL,67592238993,29102,67592268095,67592268095
2025-06-19 02:22:48,REAL,67592268095,29306,67592297401,67592297401
2025-06-19 02:22:50,REAL,67592297401,29183,67592326584,67592326584
2025-06-19 02:22:52,REAL,67592326584,28949,67592355533,67592355533
2025-06-19 02:22:54,REAL,67592355533,29404,67592384937,67592384937
2025-06-19 02:22:56,REAL,67592384937,29441,67592414378,67592414378
2025-06-19 02:22:58,REAL,67592414378,13746,67592428124,67592428124
2025-06-19 02:23:00,REAL,67592428124,539,67592428663,67592428663
2025-06-19 02:23:02,REAL,67592428663,540,67592429203,67592429203
2025-06-19 02:23:04,REAL,67592429203,595,67592429798,67592429798
2025-06-19 02:23:06,REAL,67592429798,531,67592430329,67592430329
2025-06-19 02:23:08,REAL,67592430329,542,67592430871,67592430871
2025-06-19 02:23:10,REAL,67592430871,538,67592431409,67592431409
2025-06-19 02:23:12,REAL,67592431409,615,67592432024,67592432024
2025-06-19 02:23:14,REAL,67592432024,17789,67592449813,67592449813
2025-06-19 02:23:16,REAL,67592449813,242505,67592692318,67592692318
2025-06-19 02:23:18,REAL,67592692318,29580,67592721898,67592721898
2025-06-19 02:23:20,REAL,67592721898,29268,67592751166,67592751166
2025-06-19 02:23:22,REAL,67592751166,29346,67592780512,67592780512
2025-06-19 02:23:24,REAL,67592780512,29354,67592809866,67592809866
2025-06-19 02:23:26,REAL,67592809866,29308,67592839174,67592839174
2025-06-19 02:23:28,REAL,67592839174,29091,67592868265,67592868265
2025-06-19 02:23:30,REAL,67592868265,12427,67592880692,67592880692
2025-06-19 02:23:32,REAL,67592880692,768,67592881460,67592881460
2025-06-19 02:23:34,REAL,67592881460,300,67592881760,67592881760
2025-06-19 02:23:36,REAL,67592881760,540,67592882300,67592882300
2025-06-19 02:23:38,REAL,67592882300,534,67592882834,67592882834
2025-06-19 02:23:40,REAL,67592882834,545,67592883379,67592883379
2025-06-19 02:23:42,REAL,67592883379,610,67592883989,67592883989
2025-06-19 02:23:44,REAL,67592883989,536,67592884525,67592884525
2025-06-19 02:23:46,REAL,67592884525,32931,67592917456,67592917456
2025-06-19 02:23:48,REAL,67592917456,232230,67593149686,67593149686
2025-06-19 02:23:50,REAL,67593149686,29131,67593178817,67593178817
2025-06-19 02:23:52,REAL,67593178817,29260,67593208077,67593208077
2025-06-19 02:23:54,REAL,67593208077,29181,67593237258,67593237258
2025-06-19 02:23:56,REAL,67593237258,29074,67593266332,67593266332
2025-06-19 02:23:58,REAL,67593266332,29347,67593295679,67593295679
2025-06-19 02:24:00,REAL,67593295679,29759,67593325438,67593325438
2025-06-19 02:24:02,REAL,67593325438,10485,67593335923,67593335923
2025-06-19 02:24:04,REAL,67593335923,540,67593336463,67593336463
2025-06-19 02:24:06,REAL,67593336463,539,67593337002,67593337002
2025-06-19 02:24:08,REAL,67593337002,543,67593337545,67593337545
2025-06-19 02:24:10,REAL,67593337545,546,67593338091,67593338091
2025-06-19 02:24:12,REAL,67593338091,617,67593338708,67593338708
2025-06-19 02:24:14,REAL,67593338708,545,67593339253,67593339253
2025-06-19 02:24:16,REAL,67593339253,533,67593339786,67593339786
2025-06-19 02:24:18,REAL,67593339786,43223,67593383009,67593383009
2025-06-19 02:24:20,REAL,67593383009,209981,67593592990,67593592990
2025-06-19 02:24:22,REAL,67593592990,28742,67593621732,67593621732
2025-06-19 02:24:24,REAL,67593621732,29326,67593651058,67593651058
2025-06-19 02:24:26,REAL,67593651058,29412,67593680470,67593680470
2025-06-19 02:24:28,REAL,67593680470,29512,67593709982,67593709982
2025-06-19 02:24:30,REAL,67593709982,29340,67593739322,67593739322
2025-06-19 02:24:32,REAL,67593739322,29502,67593768824,67593768824
2025-06-19 02:24:34,REAL,67593768824,8374,67593777198,67593777198
2025-06-19 02:24:36,REAL,67593777198,533,67593777731,67593777731
2025-06-19 02:24:38,REAL,67593777731,544,67593778275,67593778275
2025-06-19 02:24:40,REAL,67593778275,543,67593778818,67593778818
2025-06-19 02:24:42,REAL,67593778818,667,67593779485,67593779485
2025-06-19 02:24:44,REAL,67593779485,543,67593780028,67593780028
2025-06-19 02:24:46,REAL,67593780028,533,67593780561,67593780561
2025-06-19 02:24:48,REAL,67593780561,543,67593781104,67593781104
2025-06-19 02:24:50,REAL,67593781104,607,67593781711,67593781711
2025-06-19 02:24:52,REAL,67593781711,531,67593782242,67593782242
2025-06-19 02:24:54,REAL,67593782242,543,67593782785,67593782785
2025-06-19 02:24:56,REAL,67593782785,542,67593783327,67593783327
2025-06-19 02:24:58,REAL,67593783327,622,67593783949,67593783949
2025-06-19 02:25:00,REAL,67593783949,537,67593784486,67593784486
2025-06-19 02:25:02,REAL,67593784486,540,67593785026,67593785026
2025-06-19 02:25:04,REAL,67593785026,604,67593785630,67593785630
2025-06-19 02:25:06,REAL,67593785630,656,67593786286,67593786286
2025-06-19 02:25:08,REAL,67593786286,536,67593786822,67593786822
2025-06-19 02:25:10,REAL,67593786822,530,67593787352,67593787352
2025-06-19 02:25:12,REAL,67593787352,621,67593787973,67593787973
2025-06-19 02:25:14,REAL,67593787973,544,67593788517,67593788517
2025-06-19 02:25:16,REAL,67593788517,547,67593789064,67593789064
2025-06-19 02:25:18,REAL,67593789064,538,67593789602,67593789602
2025-06-19 02:25:20,REAL,67593789602,534,67593790136,67593790136
2025-06-19 02:25:22,REAL,67593790136,600,67593790736,67593790736
2025-06-19 02:25:24,REAL,67593790736,537,67593791273,67593791273
2025-06-19 02:25:26,REAL,67593791273,544,67593791817,67593791817
2025-06-19 02:25:28,REAL,67593791817,611,67593792428,67593792428
2025-06-19 02:25:30,REAL,67593792428,601,67593793029,67593793029
2025-06-19 02:25:32,REAL,67593793029,540,67593793569,67593793569
2025-06-19 02:25:34,REAL,67593793569,541,67593794110,67593794110
2025-06-19 02:25:36,REAL,67593794110,541,67593794651,67593794651
2025-06-19 02:25:38,REAL,67593794651,603,67593795254,67593795254
2025-06-19 02:25:40,REAL,67593795254,538,67593795792,67593795792
2025-06-19 02:25:42,REAL,67593795792,615,67593796407,67593796407
2025-06-19 02:25:44,REAL,67593796407,547,67593796954,67593796954
2025-06-19 02:25:46,REAL,67593796954,545,67593797499,67593797499
2025-06-19 02:25:48,REAL,67593797499,543,67593798042,67593798042
2025-06-19 02:25:50,REAL,67593798042,540,67593798582,67593798582
2025-06-19 02:25:52,REAL,67593798582,595,67593799177,67593799177
2025-06-19 02:25:54,REAL,67593799177,606,67593799783,67593799783
2025-06-19 02:25:56,REAL,67593799783,537,67593800320,67593800320
2025-06-19 02:25:58,REAL,67593800320,610,67593800930,67593800930
2025-06-19 02:26:00,REAL,67593800930,543,67593801473,67593801473
2025-06-19 02:26:02,REAL,67593801473,544,67593802017,67593802017
2025-06-19 02:26:04,REAL,67593802017,535,67593802552,67593802552
2025-06-19 02:26:06,REAL,67593802552,538,67593803090,67593803090
2025-06-19 02:26:08,REAL,67593803090,550,67593803640,67593803640
2025-06-19 02:26:10,REAL,67593803640,719,67593804359,67593804359
2025-06-19 02:26:12,REAL,67593804359,594,67593804953,67593804953
2025-06-19 02:26:14,REAL,67593804953,680,67593805633,67593805633
2025-06-19 02:26:16,REAL,67593805633,548,67593806181,67593806181
2025-06-19 02:26:18,REAL,67593806181,540,67593806721,67593806721
2025-06-19 02:26:20,REAL,67593806721,540,67593807261,67593807261
2025-06-19 02:26:22,REAL,67593807261,545,67593807806,67593807806
2025-06-19 02:26:24,REAL,67593807806,549,67593808355,67593808355
2025-06-19 02:26:26,REAL,67593808355,539,67593808894,67593808894
2025-06-19 02:26:28,REAL,67593808894,618,67593809512,67593809512
2025-06-19 02:26:30,REAL,67593809512,606,67593810118,67593810118
2025-06-19 02:26:32,REAL,67593810118,542,67593810660,67593810660
2025-06-19 02:26:34,REAL,67593810660,544,67593811204,67593811204
2025-06-19 02:26:36,REAL,67593811204,538,67593811742,67593811742
2025-06-19 02:26:38,REAL,67593811742,532,67593812274,67593812274
2025-06-19 02:26:40,REAL,67593812274,603,67593812877,67593812877
2025-06-19 02:26:42,REAL,67593812877,544,67593813421,67593813421
2025-06-19 02:26:44,REAL,67593813421,608,67593814029,67593814029
2025-06-19 02:26:46,REAL,67593814029,593,67593814622,67593814622
2025-06-19 02:26:48,REAL,67593814622,596,67593815218,67593815218
2025-06-19 02:26:50,REAL,67593815218,545,67593815763,67593815763
2025-06-19 02:26:52,REAL,67593815763,538,67593816301,67593816301
2025-06-19 02:26:54,REAL,67593816301,538,67593816839,67593816839
2025-06-19 02:26:56,REAL,67593816839,534,67593817373,67593817373
2025-06-19 02:26:58,REAL,67593817373,611,67593817984,67593817984
2025-06-19 02:27:00,REAL,67593817984,546,67593818530,67593818530
2025-06-19 02:27:02,REAL,67593818530,899,67593819429,67593819429
2025-06-19 02:27:04,REAL,67593819429,239311,67594058740,67594058740
2025-06-19 02:27:06,REAL,67594058740,28902,67594087642,67594087642
2025-06-19 02:27:08,REAL,67594087642,29404,67594117046,67594117046
2025-06-19 02:27:10,REAL,67594117046,29319,67594146365,67594146365
2025-06-19 02:27:12,REAL,67594146365,29255,67594175620,67594175620
2025-06-19 02:27:14,REAL,67594175620,29232,67594204852,67594204852
2025-06-19 02:27:16,REAL,67594204852,29039,67594233891,67594233891
2025-06-19 02:27:18,REAL,67594233891,13462,67594247353,67594247353
2025-06-19 02:27:20,REAL,67594247353,542,67594247895,67594247895
2025-06-19 02:27:22,REAL,67594247895,538,67594248433,67594248433
2025-06-19 02:27:24,REAL,67594248433,549,67594248982,67594248982
2025-06-19 02:27:26,REAL,67594248982,536,67594249518,67594249518
2025-06-19 02:27:28,REAL,67594249518,668,67594250186,67594250186
2025-06-19 02:27:30,REAL,67594250186,536,67594250722,67594250722
2025-06-19 02:27:32,REAL,67594250722,539,67594251261,67594251261
2025-06-19 02:27:34,REAL,67594251261,599,67594251860,67594251860
2025-06-19 02:27:36,REAL,67594251860,538,67594252398,67594252398
2025-06-19 02:27:38,REAL,67594252398,539,67594252937,67594252937
2025-06-19 02:27:40,REAL,67594252937,542,67594253479,67594253479
2025-06-19 02:27:42,REAL,67594253479,544,67594254023,67594254023
2025-06-19 02:27:44,REAL,67594254023,624,67594254647,67594254647
2025-06-19 02:27:46,REAL,67594254647,544,67594255191,67594255191
2025-06-19 02:27:48,REAL,67594255191,602,67594255793,67594255793
2025-06-19 02:27:50,REAL,67594255793,604,67594256397,67594256397
2025-06-19 02:27:52,REAL,67594256397,534,67594256931,67594256931
2025-06-19 02:27:54,REAL,67594256931,539,67594257470,67594257470
2025-06-19 02:27:56,REAL,67594257470,536,67594258006,67594258006
2025-06-19 02:27:58,REAL,67594258006,609,67594258615,67594258615
2025-06-19 02:28:00,REAL,67594258615,538,67594259153,67594259153
2025-06-19 02:28:02,REAL,67594259153,536,67594259689,67594259689
2025-06-19 02:28:04,REAL,67594259689,540,67594260229,67594260229
2025-06-19 02:28:06,REAL,67594260229,714,67594260943,67594260943
2025-06-19 02:28:08,REAL,67594260943,609,67594261552,67594261552
2025-06-19 02:28:10,REAL,67594261552,599,67594262151,67594262151
2025-06-19 02:28:12,REAL,67594262151,537,67594262688,67594262688
2025-06-19 02:28:14,REAL,67594262688,614,67594263302,67594263302
2025-06-19 02:28:16,REAL,67594263302,536,67594263838,67594263838
2025-06-19 02:28:18,REAL,67594263838,537,67594264375,67594264375
2025-06-19 02:28:20,REAL,67594264375,539,67594264914,67594264914
2025-06-19 02:28:22,REAL,67594264914,538,67594265452,67594265452
2025-06-19 02:28:24,REAL,67594265452,538,67594265990,67594265990
2025-06-19 02:28:26,REAL,67594265990,593,67594266583,67594266583
2025-06-19 02:28:28,REAL,67594266583,616,67594267199,67594267199
2025-06-19 02:28:30,REAL,67594267199,540,67594267739,67594267739
2025-06-19 02:28:32,REAL,67594267739,543,67594268282,67594268282
2025-06-19 02:28:34,REAL,67594268282,534,67594268816,67594268816
2025-06-19 02:28:36,REAL,67594268816,598,67594269414,67594269414
2025-06-19 02:28:38,REAL,67594269414,532,67594269946,67594269946
2025-06-19 02:28:40,REAL,67594269946,542,67594270488,67594270488
2025-06-19 02:28:42,REAL,67594270488,608,67594271096,67594271096
2025-06-19 02:28:44,REAL,67594271096,613,67594271709,67594271709
2025-06-19 02:28:46,REAL,67594271709,547,67594272256,67594272256
2025-06-19 02:28:48,REAL,67594272256,592,67594272848,67594272848
2025-06-19 02:28:50,REAL,67594272848,544,67594273392,67594273392
2025-06-19 02:28:52,REAL,67594273392,533,67594273925,67594273925
2025-06-19 02:28:54,REAL,67594273925,540,67594274465,67594274465
2025-06-19 02:28:56,REAL,67594274465,542,67594275007,67594275007
2025-06-19 02:28:58,REAL,67594275007,680,67594275687,67594275687
2025-06-19 02:29:00,REAL,67594275687,600,67594276287,67594276287
2025-06-19 02:29:02,REAL,67594276287,599,67594276886,67594276886
2025-06-19 02:29:04,REAL,67594276886,600,67594277486,67594277486
2025-06-19 02:29:06,REAL,67594277486,537,67594278023,67594278023
2025-06-19 02:29:08,REAL,67594278023,535,67594278558,67594278558
2025-06-19 02:29:10,REAL,67594278558,548,67594279106,67594279106
2025-06-19 02:29:12,REAL,67594279106,539,67594279645,67594279645
2025-06-19 02:29:14,REAL,67594279645,615,67594280260,67594280260
2025-06-19 02:29:16,REAL,67594280260,536,67594280796,67594280796
2025-06-19 02:29:18,REAL,67594280796,541,67594281337,67594281337
2025-06-19 02:29:20,REAL,67594281337,73349,67594354686,67594354686
2025-06-19 02:29:22,REAL,67594354686,182212,67594536898,67594536898
2025-06-19 02:29:24,REAL,67594536898,28719,67594565617,67594565617
2025-06-19 02:29:26,REAL,67594565617,28835,67594594452,67594594452
2025-06-19 02:29:28,REAL,67594594452,29489,67594623941,67594623941
2025-06-19 02:29:30,REAL,67594623941,29191,67594653132,67594653132
2025-06-19 02:29:32,REAL,67594653132,29801,67594682933,67594682933
2025-06-19 02:29:34,REAL,67594682933,28942,67594711875,67594711875
2025-06-19 02:29:36,REAL,67594711875,5914,67594717789,67594717789
2025-06-19 02:29:38,REAL,67594717789,541,67594718330,67594718330
2025-06-19 02:29:40,REAL,67594718330,531,67594718861,67594718861
2025-06-19 02:29:42,REAL,67594718861,535,67594719396,67594719396
2025-06-19 02:29:44,REAL,67594719396,616,67594720012,67594720012
2025-06-19 02:29:46,REAL,67594720012,543,67594720555,67594720555
2025-06-19 02:29:48,REAL,67594720555,530,67594721085,67594721085
2025-06-19 02:29:50,REAL,67594721085,538,67594721623,67594721623
2025-06-19 02:29:52,REAL,67594721623,664,67594722287,67594722287
2025-06-19 02:29:54,REAL,67594722287,594,67594722881,67594722881
2025-06-19 02:29:56,REAL,67594722881,603,67594723484,67594723484
2025-06-19 02:29:58,REAL,67594723484,600,67594724084,67594724084
2025-06-19 02:30:00,REAL,67594724084,675,67594724759,67594724759
2025-06-19 02:30:02,REAL,67594724759,88472,67594813231,67594813231
2025-06-19 02:30:04,REAL,67594813231,200433,67595013664,67595013664
2025-06-19 02:30:06,REAL,67595013664,29133,67595042797,67595042797
2025-06-19 02:30:08,REAL,67595042797,29152,67595071949,67595071949
2025-06-19 02:30:10,REAL,67595071949,29129,67595101078,67595101078
2025-06-19 02:30:12,REAL,67595101078,28996,67595130074,67595130074
2025-06-19 02:30:14,REAL,67595130074,29414,67595159488,67595159488
2025-06-19 02:30:16,REAL,67595159488,28582,67595188070,67595188070
2025-06-19 02:30:18,REAL,67595188070,4461,67595192531,67595192531
2025-06-19 02:30:20,REAL,67595192531,534,67595193065,67595193065
2025-06-19 02:30:22,REAL,67595193065,544,67595193609,67595193609
2025-06-19 02:30:24,REAL,67595193609,544,67595194153,67595194153
2025-06-19 02:30:26,REAL,67595194153,540,67595194693,67595194693
2025-06-19 02:30:28,REAL,67595194693,532,67595195225,67595195225
2025-06-19 02:30:30,REAL,67595195225,615,67595195840,67595195840
2025-06-19 02:30:32,REAL,67595195840,545,67595196385,67595196385
2025-06-19 02:30:34,REAL,67595196385,125878,67595322263,67595322263
2025-06-19 02:30:36,REAL,67595322263,165815,67595488078,67595488078
2025-06-19 02:30:38,REAL,67595488078,28621,67595516699,67595516699
2025-06-19 02:30:40,REAL,67595516699,29088,67595545787,67595545787
2025-06-19 02:30:42,REAL,67595545787,28851,67595574638,67595574638
2025-06-19 02:30:44,REAL,67595574638,29630,67595604268,67595604268
2025-06-19 02:30:46,REAL,67595604268,28701,67595632969,67595632969
2025-06-19 02:30:48,REAL,67595632969,28637,67595661606,67595661606
2025-06-19 02:30:50,REAL,67595661606,2712,67595664318,67595664318
2025-06-19 02:30:52,REAL,67595664318,539,67595664857,67595664857
2025-06-19 02:30:54,REAL,67595664857,543,67595665400,67595665400
2025-06-19 02:30:56,REAL,67595665400,534,67595665934,67595665934
2025-06-19 02:30:58,REAL,67595665934,549,67595666483,67595666483
2025-06-19 02:31:00,REAL,67595666483,618,67595667101,67595667101
2025-06-19 02:31:02,REAL,67595667101,542,67595667643,67595667643
2025-06-19 02:31:04,REAL,67595667643,542,67595668185,67595668185
2025-06-19 02:31:06,REAL,67595668185,132135,67595800320,67595800320
2025-06-19 02:31:08,REAL,67595800320,147229,67595947549,67595947549
2025-06-19 02:31:10,REAL,67595947549,29415,67595976964,67595976964
2025-06-19 02:31:12,REAL,67595976964,29018,67596005982,67596005982
2025-06-19 02:31:14,REAL,67596005982,29286,67596035268,67596035268
2025-06-19 02:31:16,REAL,67596035268,28977,67596064245,67596064245
2025-06-19 02:31:18,REAL,67596064245,28949,67596093194,67596093194
2025-06-19 02:31:20,REAL,67596093194,29309,67596122503,67596122503
2025-06-19 02:31:22,REAL,67596122503,726,67596123229,67596123229
2025-06-19 02:31:24,REAL,67596123229,543,67596123772,67596123772
2025-06-19 02:31:26,REAL,67596123772,540,67596124312,67596124312
2025-06-19 02:31:28,REAL,67596124312,534,67596124846,67596124846
2025-06-19 02:31:30,REAL,67596124846,616,67596125462,67596125462
2025-06-19 02:31:32,REAL,67596125462,539,67596126001,67596126001
2025-06-19 02:31:34,REAL,67596126001,542,67596126543,67596126543
2025-06-19 02:31:36,REAL,67596126543,549,67596127092,67596127092
2025-06-19 02:31:38,REAL,67596127092,136437,67596263529,67596263529
2025-06-19 02:31:40,REAL,67596263529,130742,67596394271,67596394271
2025-06-19 02:31:42,REAL,67596394271,29185,67596423456,67596423456
2025-06-19 02:31:44,REAL,67596423456,28973,67596452429,67596452429
2025-06-19 02:31:46,REAL,67596452429,29095,67596481524,67596481524
2025-06-19 02:31:48,REAL,67596481524,29550,67596511074,67596511074
2025-06-19 02:31:50,REAL,67596511074,29396,67596540470,67596540470
2025-06-19 02:31:52,REAL,67596540470,27473,67596567943,67596567943
2025-06-19 02:31:54,REAL,67596567943,593,67596568536,67596568536
2025-06-19 02:31:56,REAL,67596568536,601,67596569137,67596569137
2025-06-19 02:31:58,REAL,67596569137,4967,67596574104,67596574104
2025-06-19 02:32:00,REAL,67596574104,249092,67596823196,67596823196
2025-06-19 02:32:02,REAL,67596823196,29399,67596852595,67596852595
2025-06-19 02:32:04,REAL,67596852595,29181,67596881776,67596881776
2025-06-19 02:32:06,REAL,67596881776,29287,67596911063,67596911063
2025-06-19 02:32:08,REAL,67596911063,28837,67596939900,67596939900
2025-06-19 02:32:10,REAL,67596939900,28771,67596968671,67596968671
2025-06-19 02:32:12,REAL,67596968671,29089,67596997760,67596997760
2025-06-19 02:32:14,REAL,67596997760,12321,67597010081,67597010081
2025-06-19 02:32:16,REAL,67597010081,618,67597010699,67597010699
2025-06-19 02:32:18,REAL,67597010699,538,67597011237,67597011237
2025-06-19 02:32:20,REAL,67597011237,538,67597011775,67597011775
2025-06-19 02:32:22,REAL,67597011775,543,67597012318,67597012318
2025-06-19 02:32:24,REAL,67597012318,537,67597012855,67597012855
2025-06-19 02:32:26,REAL,67597012855,543,67597013398,67597013398
2025-06-19 02:32:28,REAL,67597013398,596,67597013994,67597013994
2025-06-19 02:32:30,REAL,67597013994,31566,67597045560,67597045560
2025-06-19 02:32:32,REAL,67597045560,230035,67597275595,67597275595
2025-06-19 02:32:34,REAL,67597275595,28763,67597304358,67597304358
2025-06-19 02:32:36,REAL,67597304358,28960,67597333318,67597333318
2025-06-19 02:32:38,REAL,67597333318,28983,67597362301,67597362301
2025-06-19 02:32:40,REAL,67597362301,29232,67597391533,67597391533
2025-06-19 02:32:42,REAL,67597391533,29140,67597420673,67597420673
2025-06-19 02:32:44,REAL,67597420673,28906,67597449579,67597449579
2025-06-19 02:32:46,REAL,67597449579,11193,67597460772,67597460772
2025-06-19 02:32:48,REAL,67597460772,533,67597461305,67597461305
2025-06-19 02:32:50,REAL,67597461305,535,67597461840,67597461840
2025-06-19 02:32:52,REAL,67597461840,539,67597462379,67597462379
2025-06-19 02:32:54,REAL,67597462379,541,67597462920,67597462920
2025-06-19 02:32:56,REAL,67597462920,540,67597463460,67597463460
2025-06-19 02:32:58,REAL,67597463460,531,67597463991,67597463991
2025-06-19 02:33:00,REAL,67597463991,615,67597464606,67597464606
2025-06-19 02:33:02,REAL,67597464606,34907,67597499513,67597499513
2025-06-19 02:33:04,REAL,67597499513,225690,67597725203,67597725203
2025-06-19 02:33:06,REAL,67597725203,28895,67597754098,67597754098
2025-06-19 02:33:08,REAL,67597754098,29018,67597783116,67597783116
2025-06-19 02:33:10,REAL,67597783116,29073,67597812189,67597812189
2025-06-19 02:33:12,REAL,67597812189,29276,67597841465,67597841465
2025-06-19 02:33:14,REAL,67597841465,28599,67597870064,67597870064
2025-06-19 02:33:16,REAL,67597870064,28840,67597898904,67597898904
2025-06-19 02:33:18,REAL,67597898904,8788,67597907692,67597907692
2025-06-19 02:33:20,REAL,67597907692,538,67597908230,67597908230
2025-06-19 02:33:22,REAL,67597908230,535,67597908765,67597908765
2025-06-19 02:33:24,REAL,67597908765,536,67597909301,67597909301
2025-06-19 02:33:26,REAL,67597909301,547,67597909848,67597909848
2025-06-19 02:33:28,REAL,67597909848,543,67597910391,67597910391
2025-06-19 02:33:30,REAL,67597910391,616,67597911007,67597911007
2025-06-19 02:33:32,REAL,67597911007,540,67597911547,67597911547
2025-06-19 02:33:34,REAL,67597911547,60249,67597971796,67597971796
2025-06-19 02:33:36,REAL,67597971796,206142,67598177938,67598177938
2025-06-19 02:33:38,REAL,67598177938,29907,67598207845,67598207845
2025-06-19 02:33:40,REAL,67598207845,29184,67598237029,67598237029
2025-06-19 02:33:42,REAL,67598237029,29071,67598266100,67598266100
2025-06-19 02:33:44,REAL,67598266100,29065,67598295165,67598295165
2025-06-19 02:33:46,REAL,67598295165,29910,67598325075,67598325075
2025-06-19 02:33:48,REAL,67598325075,28413,67598353488,67598353488
2025-06-19 02:33:50,REAL,67598353488,7064,67598360552,67598360552
2025-06-19 02:33:52,REAL,67598360552,533,67598361085,67598361085
2025-06-19 02:33:54,REAL,67598361085,543,67598361628,67598361628
2025-06-19 02:33:56,REAL,67598361628,542,67598362170,67598362170
2025-06-19 02:33:58,REAL,67598362170,535,67598362705,67598362705
2025-06-19 02:34:00,REAL,67598362705,613,67598363318,67598363318
2025-06-19 02:34:02,REAL,67598363318,538,67598363856,67598363856
2025-06-19 02:34:04,REAL,67598363856,545,67598364401,67598364401
2025-06-19 02:34:06,REAL,67598364401,95913,67598460314,67598460314
2025-06-19 02:34:08,REAL,67598460314,149789,67598610103,67598610103
2025-06-19 02:34:10,REAL,67598610103,29161,67598639264,67598639264
2025-06-19 02:34:12,REAL,67598639264,28982,67598668246,67598668246
2025-06-19 02:34:14,REAL,67598668246,29133,67598697379,67598697379
2025-06-19 02:34:16,REAL,67598697379,29094,67598726473,67598726473
2025-06-19 02:34:18,REAL,67598726473,28740,67598755213,67598755213
2025-06-19 02:34:20,REAL,67598755213,29118,67598784331,67598784331
2025-06-19 02:34:22,REAL,67598784331,5423,67598789754,67598789754
2025-06-19 02:34:24,REAL,67598789754,598,67598790352,67598790352
2025-06-19 02:34:26,REAL,67598790352,608,67598790960,67598790960
2025-06-19 02:34:28,REAL,67598790960,541,67598791501,67598791501
2025-06-19 02:34:30,REAL,67598791501,541,67598792042,67598792042
2025-06-19 02:34:32,REAL,67598792042,612,67598792654,67598792654
2025-06-19 02:34:34,REAL,67598792654,543,67598793197,67598793197
2025-06-19 02:34:36,REAL,67598793197,546,67598793743,67598793743
2025-06-19 02:34:38,REAL,67598793743,533,67598794276,67598794276
2025-06-19 02:34:40,REAL,67598794276,549,67598794825,67598794825
2025-06-19 02:34:42,REAL,67598794825,597,67598795422,67598795422
2025-06-19 02:34:44,REAL,67598795422,543,67598795965,67598795965
2025-06-19 02:34:46,REAL,67598795965,610,67598796575,67598796575
2025-06-19 02:34:48,REAL,67598796575,540,67598797115,67598797115
2025-06-19 02:34:50,REAL,67598797115,540,67598797655,67598797655
2025-06-19 02:34:52,REAL,67598797655,536,67598798191,67598798191
2025-06-19 02:34:54,REAL,67598798191,538,67598798729,67598798729
2025-06-19 02:34:56,REAL,67598798729,650,67598799379,67598799379
2025-06-19 02:34:58,REAL,67598799379,603,67598799982,67598799982
2025-06-19 02:35:00,REAL,67598799982,537,67598800519,67598800519
2025-06-19 02:35:02,REAL,67598800519,613,67598801132,67598801132
2025-06-19 02:35:04,REAL,67598801132,531,67598801663,67598801663
2025-06-19 02:35:06,REAL,67598801663,535,67598802198,67598802198
2025-06-19 02:35:08,REAL,67598802198,537,67598802735,67598802735
2025-06-19 02:35:10,REAL,67598802735,533,67598803268,67598803268
2025-06-19 02:35:12,REAL,67598803268,544,67598803812,67598803812
2025-06-19 02:35:14,REAL,67598803812,601,67598804413,67598804413
2025-06-19 02:35:16,REAL,67598804413,618,67598805031,67598805031
2025-06-19 02:35:18,REAL,67598805031,547,67598805578,67598805578
2025-06-19 02:35:20,REAL,67598805578,539,67598806117,67598806117
2025-06-19 02:35:22,REAL,67598806117,539,67598806656,67598806656
2025-06-19 02:35:24,REAL,67598806656,545,67598807201,67598807201
2025-06-19 02:35:26,REAL,67598807201,543,67598807744,67598807744
2025-06-19 02:35:28,REAL,67598807744,543,67598808287,67598808287
2025-06-19 02:35:30,REAL,67598808287,602,67598808889,67598808889
2025-06-19 02:35:32,REAL,67598808889,609,67598809498,67598809498
2025-06-19 02:35:34,REAL,67598809498,548,67598810046,67598810046
2025-06-19 02:35:36,REAL,67598810046,542,67598810588,67598810588
2025-06-19 02:35:38,REAL,67598810588,535,67598811123,67598811123
2025-06-19 02:35:40,REAL,67598811123,544,67598811667,67598811667
2025-06-19 02:35:42,REAL,67598811667,535,67598812202,67598812202
2025-06-19 02:35:44,REAL,67598812202,595,67598812797,67598812797
2025-06-19 02:35:46,REAL,67598812797,676,67598813473,67598813473
2025-06-19 02:35:48,REAL,67598813473,654,67598814127,67598814127
2025-06-19 02:35:50,REAL,67598814127,603,67598814730,67598814730
2025-06-19 02:35:52,REAL,67598814730,594,67598815324,67598815324
2025-06-19 02:35:54,REAL,67598815324,541,67598815865,67598815865
2025-06-19 02:35:56,REAL,67598815865,544,67598816409,67598816409
2025-06-19 02:35:58,REAL,67598816409,546,67598816955,67598816955
2025-06-19 02:36:00,REAL,67598816955,534,67598817489,67598817489
2025-06-19 02:36:02,REAL,67598817489,616,67598818105,67598818105
2025-06-19 02:36:04,REAL,67598818105,544,67598818649,67598818649
2025-06-19 02:36:06,REAL,67598818649,601,67598819250,67598819250
2025-06-19 02:36:08,REAL,67598819250,541,67598819791,67598819791
2025-06-19 02:36:10,REAL,67598819791,540,67598820331,67598820331
2025-06-19 02:36:12,REAL,67598820331,542,67598820873,67598820873
2025-06-19 02:36:14,REAL,67598820873,537,67598821410,67598821410
2025-06-19 02:36:16,REAL,67598821410,614,67598822024,67598822024
2025-06-19 02:36:18,REAL,67598822024,547,67598822571,67598822571
2025-06-19 02:36:20,REAL,67598822571,543,67598823114,67598823114
2025-06-19 02:36:22,REAL,67598823114,599,67598823713,67598823713
2025-06-19 02:36:24,REAL,67598823713,548,67598824261,67598824261
2025-06-19 02:36:26,REAL,67598824261,550,67598824811,67598824811
2025-06-19 02:36:28,REAL,67598824811,531,67598825342,67598825342
2025-06-19 02:36:30,REAL,67598825342,539,67598825881,67598825881
2025-06-19 02:36:32,REAL,67598825881,620,67598826501,67598826501
2025-06-19 02:36:34,REAL,67598826501,595,67598827096,67598827096
2025-06-19 02:36:36,REAL,67598827096,544,67598827640,67598827640
2025-06-19 02:36:38,REAL,67598827640,665,67598828305,67598828305
2025-06-19 02:36:40,REAL,67598828305,605,67598828910,67598828910
2025-06-19 02:36:42,REAL,67598828910,602,67598829512,67598829512
2025-06-19 02:36:44,REAL,67598829512,661,67598830173,67598830173
2025-06-19 02:36:46,REAL,67598830173,678,67598830851,67598830851
2025-06-19 02:36:48,REAL,67598830851,608,67598831459,67598831459
2025-06-19 02:36:50,REAL,67598831459,540,67598831999,67598831999
2025-06-19 02:36:52,REAL,67598831999,537,67598832536,67598832536
2025-06-19 02:36:54,REAL,67598832536,543,67598833079,67598833079
2025-06-19 02:36:56,REAL,67598833079,532,67598833611,67598833611
2025-06-19 02:36:58,REAL,67598833611,543,67598834154,67598834154
2025-06-19 02:37:00,REAL,67598834154,533,67598834687,67598834687
2025-06-19 02:37:02,REAL,67598834687,620,67598835307,67598835307
2025-06-19 02:37:04,REAL,67598835307,604,67598835911,67598835911
2025-06-19 02:37:06,REAL,67598835911,603,67598836514,67598836514
2025-06-19 02:37:08,REAL,67598836514,605,67598837119,67598837119
2025-06-19 02:37:10,REAL,67598837119,607,67598837726,67598837726
2025-06-19 02:37:12,REAL,67598837726,535,67598838261,67598838261
2025-06-19 02:37:14,REAL,67598838261,603,67598838864,67598838864
2025-06-19 02:37:16,REAL,67598838864,542,67598839406,67598839406
2025-06-19 02:37:18,REAL,67598839406,622,67598840028,67598840028
2025-06-19 02:37:20,REAL,67598840028,545,67598840573,67598840573
2025-06-19 02:37:22,REAL,67598840573,548,67598841121,67598841121
2025-06-19 02:37:24,REAL,67598841121,546,67598841667,67598841667
2025-06-19 02:37:26,REAL,67598841667,45352,67598887019,67598887019
2025-06-19 02:37:28,REAL,67598887019,219609,67599106628,67599106628
2025-06-19 02:37:30,REAL,67599106628,28917,67599135545,67599135545
2025-06-19 02:37:32,REAL,67599135545,28847,67599164392,67599164392
2025-06-19 02:37:34,REAL,67599164392,28997,67599193389,67599193389
2025-06-19 02:37:36,REAL,67599193389,29000,67599222389,67599222389
2025-06-19 02:37:38,REAL,67599222389,29289,67599251678,67599251678
2025-06-19 02:37:40,REAL,67599251678,28958,67599280636,67599280636
2025-06-19 02:37:42,REAL,67599280636,9327,67599289963,67599289963
2025-06-19 02:37:44,REAL,67599289963,601,67599290564,67599290564
2025-06-19 02:37:46,REAL,67599290564,604,67599291168,67599291168
2025-06-19 02:37:48,REAL,67599291168,211565,67599502733,67599502733
2025-06-19 02:37:50,REAL,67599502733,74267,67599577000,67599577000
2025-06-19 02:37:52,REAL,67599577000,29409,67599606409,67599606409
2025-06-19 02:37:54,REAL,67599606409,28844,67599635253,67599635253
2025-06-19 02:37:56,REAL,67599635253,29324,67599664577,67599664577
2025-06-19 02:37:58,REAL,67599664577,29322,67599693899,67599693899
2025-06-19 02:38:00,REAL,67599693899,29580,67599723479,67599723479
2025-06-19 02:38:02,REAL,67599723479,22546,67599746025,67599746025
2025-06-19 02:38:04,REAL,67599746025,536,67599746561,67599746561
2025-06-19 02:38:06,REAL,67599746561,538,67599747099,67599747099
2025-06-19 02:38:08,REAL,67599747099,543,67599747642,67599747642
2025-06-19 02:38:10,REAL,67599747642,546,67599748188,67599748188
2025-06-19 02:38:12,REAL,67599748188,543,67599748731,67599748731
2025-06-19 02:38:14,REAL,67599748731,544,67599749275,67599749275
2025-06-19 02:38:16,REAL,67599749275,546,67599749821,67599749821
2025-06-19 02:38:18,REAL,67599749821,668,67599750489,67599750489
2025-06-19 02:38:20,REAL,67599750489,547,67599751036,67599751036
2025-06-19 02:38:22,REAL,67599751036,539,67599751575,67599751575
2025-06-19 02:38:24,REAL,67599751575,543,67599752118,67599752118
2025-06-19 02:38:26,REAL,67599752118,539,67599752657,67599752657
2025-06-19 02:38:28,REAL,67599752657,541,67599753198,67599753198
2025-06-19 02:38:30,REAL,67599753198,542,67599753740,67599753740
2025-06-19 02:38:32,REAL,67599753740,615,67599754355,67599754355
2025-06-19 02:38:34,REAL,67599754355,591,67599754946,67599754946
2025-06-19 02:38:36,REAL,67599754946,540,67599755486,67599755486
2025-06-19 02:38:38,REAL,67599755486,649,67599756135,67599756135
2025-06-19 02:38:40,REAL,67599756135,532,67599756667,67599756667
2025-06-19 02:38:42,REAL,67599756667,541,67599757208,67599757208
2025-06-19 02:38:44,REAL,67599757208,533,67599757741,67599757741
2025-06-19 02:38:46,REAL,67599757741,545,67599758286,67599758286
2025-06-19 02:38:48,REAL,67599758286,608,67599758894,67599758894
2025-06-19 02:38:50,REAL,67599758894,592,67599759486,67599759486
2025-06-19 02:38:52,REAL,67599759486,543,67599760029,67599760029
2025-06-19 02:38:54,REAL,67599760029,536,67599760565,67599760565
2025-06-19 02:38:56,REAL,67599760565,545,67599761110,67599761110
2025-06-19 02:38:58,REAL,67599761110,530,67599761640,67599761640
2025-06-19 02:39:00,REAL,67599761640,534,67599762174,67599762174
2025-06-19 02:39:02,REAL,67599762174,613,67599762787,67599762787
2025-06-19 02:39:04,REAL,67599762787,543,67599763330,67599763330
2025-06-19 02:39:06,REAL,67599763330,358,67599763688,67599763688
2025-06-19 02:39:08,REAL,67599763688,532,67599764220,67599764220
2025-06-19 02:39:10,REAL,67599764220,536,67599764756,67599764756
2025-06-19 02:39:12,REAL,67599764756,541,67599765297,67599765297
2025-06-19 02:39:14,REAL,67599765297,536,67599765833,67599765833
2025-06-19 02:39:16,REAL,67599765833,545,67599766378,67599766378
2025-06-19 02:39:18,REAL,67599766378,671,67599767049,67599767049
2025-06-19 02:39:20,REAL,67599767049,540,67599767589,67599767589
2025-06-19 02:39:22,REAL,67599767589,599,67599768188,67599768188
2025-06-19 02:39:24,REAL,67599768188,250456,67600018644,67600018644
2025-06-19 02:39:26,REAL,67600018644,33054,67600051698,67600051698
2025-06-19 02:39:28,REAL,67600051698,29486,67600081184,67600081184
2025-06-19 02:39:30,REAL,67600081184,29551,67600110735,67600110735
2025-06-19 02:39:32,REAL,67600110735,29487,67600140222,67600140222
2025-06-19 02:39:34,REAL,67600140222,29147,67600169369,67600169369
2025-06-19 02:39:36,REAL,67600169369,29261,67600198630,67600198630
2025-06-19 02:39:38,REAL,67600198630,17239,67600215869,67600215869
2025-06-19 02:39:40,REAL,67600215869,293,67600216162,67600216162
2025-06-19 02:39:42,REAL,67600216162,538,67600216700,67600216700
2025-06-19 02:39:44,REAL,67600216700,538,67600217238,67600217238
2025-06-19 02:39:46,REAL,67600217238,538,67600217776,67600217776
2025-06-19 02:39:48,REAL,67600217776,614,67600218390,67600218390
2025-06-19 02:39:50,REAL,67600218390,540,67600218930,67600218930
2025-06-19 02:39:52,REAL,67600218930,542,67600219472,67600219472
2025-06-19 02:39:54,REAL,67600219472,601,67600220073,67600220073
2025-06-19 02:39:56,REAL,67600220073,258726,67600478799,67600478799
2025-06-19 02:39:58,REAL,67600478799,29206,67600508005,67600508005
2025-06-19 02:40:00,REAL,67600508005,29329,67600537334,67600537334
2025-06-19 02:40:02,REAL,67600537334,29289,67600566623,67600566623
2025-06-19 02:40:04,REAL,67600566623,29560,67600596183,67600596183
2025-06-19 02:40:06,REAL,67600596183,29033,67600625216,67600625216
2025-06-19 02:40:08,REAL,67600625216,29071,67600654287,67600654287
2025-06-19 02:40:10,REAL,67600654287,15267,67600669554,67600669554
2025-06-19 02:40:12,REAL,67600669554,605,67600670159,67600670159
2025-06-19 02:40:14,REAL,67600670159,595,67600670754,67600670754
2025-06-19 02:40:16,REAL,67600670754,609,67600671363,67600671363
2025-06-19 02:40:18,REAL,67600671363,612,67600671975,67600671975
2025-06-19 02:40:20,REAL,67600671975,547,67600672522,67600672522
2025-06-19 02:40:22,REAL,67600672522,593,67600673115,67600673115
2025-06-19 02:40:24,REAL,67600673115,541,67600673656,67600673656
2025-06-19 02:40:26,REAL,67600673656,540,67600674196,67600674196
2025-06-19 02:40:28,REAL,67600674196,536,67600674732,67600674732
2025-06-19 02:40:30,REAL,67600674732,543,67600675275,67600675275
2025-06-19 02:40:32,REAL,67600675275,593,67600675868,67600675868
2025-06-19 02:40:34,REAL,67600675868,619,67600676487,67600676487
2025-06-19 02:40:36,REAL,67600676487,542,67600677029,67600677029
2025-06-19 02:40:38,REAL,67600677029,543,67600677572,67600677572
2025-06-19 02:40:40,REAL,67600677572,544,67600678116,67600678116
2025-06-19 02:40:42,REAL,67600678116,590,67600678706,67600678706
2025-06-19 02:40:44,REAL,67600678706,544,67600679250,67600679250
2025-06-19 02:40:46,REAL,67600679250,598,67600679848,67600679848
2025-06-19 02:40:48,REAL,67600679848,623,67600680471,67600680471
2025-06-19 02:40:50,REAL,67600680471,596,67600681067,67600681067
2025-06-19 02:40:52,REAL,67600681067,544,67600681611,67600681611
2025-06-19 02:40:54,REAL,67600681611,540,67600682151,67600682151
2025-06-19 02:40:56,REAL,67600682151,538,67600682689,67600682689
2025-06-19 02:40:58,REAL,67600682689,537,67600683226,67600683226
2025-06-19 02:41:00,REAL,67600683226,541,67600683767,67600683767
2025-06-19 02:41:02,REAL,67600683767,594,67600684361,67600684361
2025-06-19 02:41:04,REAL,67600684361,616,67600684977,67600684977
2025-06-19 02:41:06,REAL,67600684977,538,67600685515,67600685515
2025-06-19 02:41:08,REAL,67600685515,539,67600686054,67600686054
2025-06-19 02:41:10,REAL,67600686054,541,67600686595,67600686595
2025-06-19 02:41:12,REAL,67600686595,537,67600687132,67600687132
2025-06-19 02:41:14,REAL,67600687132,537,67600687669,67600687669
2025-06-19 02:41:16,REAL,67600687669,588,67600688257,67600688257
2025-06-19 02:41:18,REAL,67600688257,670,67600688927,67600688927
2025-06-19 02:41:20,REAL,67600688927,544,67600689471,67600689471
2025-06-19 02:41:22,REAL,67600689471,531,67600690002,67600690002
2025-06-19 02:41:24,REAL,67600690002,541,67600690543,67600690543
2025-06-19 02:41:26,REAL,67600690543,601,67600691144,67600691144
2025-06-19 02:41:28,REAL,67600691144,536,67600691680,67600691680
2025-06-19 02:41:30,REAL,67600691680,535,67600692215,67600692215
2025-06-19 02:41:32,REAL,67600692215,530,67600692745,67600692745
2025-06-19 02:41:34,REAL,67600692745,673,67600693418,67600693418
2025-06-19 02:41:36,REAL,67600693418,545,67600693963,67600693963
2025-06-19 02:41:38,REAL,67600693963,543,67600694506,67600694506
2025-06-19 02:41:40,REAL,67600694506,534,67600695040,67600695040
2025-06-19 02:41:42,REAL,67600695040,593,67600695633,67600695633
2025-06-19 02:41:44,REAL,67600695633,533,67600696166,67600696166
2025-06-19 02:41:46,REAL,67600696166,600,67600696766,67600696766
2025-06-19 02:41:48,REAL,67600696766,617,67600697383,67600697383
2025-06-19 02:41:50,REAL,67600697383,597,67600697980,67600697980
2025-06-19 02:41:52,REAL,67600697980,191797,67600889777,67600889777
2025-06-19 02:41:54,REAL,67600889777,89221,67600978998,67600978998
2025-06-19 02:41:56,REAL,67600978998,29039,67601008037,67601008037
2025-06-19 02:41:58,REAL,67601008037,28883,67601036920,67601036920
2025-06-19 02:42:00,REAL,67601036920,29054,67601065974,67601065974
2025-06-19 02:42:02,REAL,67601065974,29362,67601095336,67601095336
2025-06-19 02:42:04,REAL,67601095336,29434,67601124770,67601124770
2025-06-19 02:42:06,REAL,67601124770,22738,67601147508,67601147508
2025-06-19 02:42:08,REAL,67601147508,656,67601148164,67601148164
2025-06-19 02:42:10,REAL,67601148164,672,67601148836,67601148836
2025-06-19 02:42:12,REAL,67601148836,47439,67601196275,67601196275
2025-06-19 02:42:14,REAL,67601196275,194931,67601391206,67601391206
2025-06-19 02:42:16,REAL,67601391206,29041,67601420247,67601420247
2025-06-19 02:42:18,REAL,67601420247,28818,67601449065,67601449065
2025-06-19 02:42:20,REAL,67601449065,29887,67601478952,67601478952
2025-06-19 02:42:22,REAL,67601478952,29007,67601507959,67601507959
2025-06-19 02:42:24,REAL,67601507959,28234,67601536193,67601536193
2025-06-19 02:42:26,REAL,67601536193,29070,67601565263,67601565263
2025-06-19 02:42:28,REAL,67601565263,7910,67601573173,67601573173
2025-06-19 02:42:30,REAL,67601573173,536,67601573709,67601573709
2025-06-19 02:42:32,REAL,67601573709,531,67601574240,67601574240
2025-06-19 02:42:34,REAL,67601574240,615,67601574855,67601574855
2025-06-19 02:42:36,REAL,67601574855,531,67601575386,67601575386
2025-06-19 02:42:38,REAL,67601575386,595,67601575981,67601575981
2025-06-19 02:42:40,REAL,67601575981,540,67601576521,67601576521
2025-06-19 02:42:42,REAL,67601576521,537,67601577058,67601577058
2025-06-19 02:42:44,REAL,67601577058,80961,67601658019,67601658019
2025-06-19 02:42:46,REAL,67601658019,194882,67601852901,67601852901
2025-06-19 02:42:48,REAL,67601852901,29403,67601882304,67601882304
2025-06-19 02:42:50,REAL,67601882304,29333,67601911637,67601911637
2025-06-19 02:42:52,REAL,67601911637,29229,67601940866,67601940866
2025-06-19 02:42:54,REAL,67601940866,29087,67601969953,67601969953
2025-06-19 02:42:56,REAL,67601969953,28453,67601998406,67601998406
2025-06-19 02:42:58,REAL,67601998406,28930,67602027336,67602027336
2025-06-19 02:43:00,REAL,67602027336,5952,67602033288,67602033288
2025-06-19 02:43:02,REAL,67602033288,544,67602033832,67602033832
2025-06-19 02:43:04,REAL,67602033832,611,67602034443,67602034443
2025-06-19 02:43:06,REAL,67602034443,547,67602034990,67602034990
2025-06-19 02:43:08,REAL,67602034990,541,67602035531,67602035531
2025-06-19 02:43:10,REAL,67602035531,657,67602036188,67602036188
2025-06-19 02:43:12,REAL,67602036188,533,67602036721,67602036721
2025-06-19 02:43:14,REAL,67602036721,548,67602037269,67602037269
2025-06-19 02:43:16,REAL,67602037269,81739,67602119008,67602119008
2025-06-19 02:43:18,REAL,67602119008,189290,67602308298,67602308298
2025-06-19 02:43:20,REAL,67602308298,29536,67602337834,67602337834
2025-06-19 02:43:22,REAL,67602337834,29366,67602367200,67602367200
2025-06-19 02:43:24,REAL,67602367200,29545,67602396745,67602396745
2025-06-19 02:43:26,REAL,67602396745,28633,67602425378,67602425378
2025-06-19 02:43:28,REAL,67602425378,29072,67602454450,67602454450
2025-06-19 02:43:30,REAL,67602454450,29016,67602483466,67602483466
2025-06-19 02:43:32,REAL,67602483466,4271,67602487737,67602487737
2025-06-19 02:43:34,REAL,67602487737,675,67602488412,67602488412
2025-06-19 02:43:36,REAL,67602488412,597,67602489009,67602489009
2025-06-19 02:43:38,REAL,67602489009,536,67602489545,67602489545
2025-06-19 02:43:40,REAL,67602489545,544,67602490089,67602490089
2025-06-19 02:43:42,REAL,67602490089,601,67602490690,67602490690
2025-06-19 02:43:44,REAL,67602490690,537,67602491227,67602491227
2025-06-19 02:43:46,REAL,67602491227,548,67602491775,67602491775
2025-06-19 02:43:48,REAL,67602491775,534,67602492309,67602492309
2025-06-19 02:43:50,REAL,67602492309,609,67602492918,67602492918
2025-06-19 02:43:52,REAL,67602492918,656,67602493574,67602493574
2025-06-19 02:43:54,REAL,67602493574,535,67602494109,67602494109
2025-06-19 02:43:56,REAL,67602494109,534,67602494643,67602494643
2025-06-19 02:43:58,REAL,67602494643,546,67602495189,67602495189
2025-06-19 02:44:00,REAL,67602495189,535,67602495724,67602495724
2025-06-19 02:44:02,REAL,67602495724,544,67602496268,67602496268
2025-06-19 02:44:04,REAL,67602496268,620,67602496888,67602496888
2025-06-19 02:44:06,REAL,67602496888,542,67602497430,67602497430
2025-06-19 02:44:08,REAL,67602497430,596,67602498026,67602498026
2025-06-19 02:44:10,REAL,67602498026,598,67602498624,67602498624
2025-06-19 02:44:12,REAL,67602498624,543,67602499167,67602499167
2025-06-19 02:44:14,REAL,67602499167,604,67602499771,67602499771
2025-06-19 02:44:16,REAL,67602499771,533,67602500304,67602500304
2025-06-19 02:44:18,REAL,67602500304,549,67602500853,67602500853
2025-06-19 02:44:20,REAL,67602500853,614,67602501467,67602501467
2025-06-19 02:44:22,REAL,67602501467,543,67602502010,67602502010
2025-06-19 02:44:24,REAL,67602502010,599,67602502609,67602502609
2025-06-19 02:44:26,REAL,67602502609,603,67602503212,67602503212
2025-06-19 02:44:28,REAL,67602503212,601,67602503813,67602503813
2025-06-19 02:44:30,REAL,67602503813,598,67602504411,67602504411
2025-06-19 02:44:32,REAL,67602504411,537,67602504948,67602504948
2025-06-19 02:44:34,REAL,67602504948,667,67602505615,67602505615
2025-06-19 02:44:36,REAL,67602505615,594,67602506209,67602506209
2025-06-19 02:44:38,REAL,67602506209,533,67602506742,67602506742
2025-06-19 02:44:40,REAL,67602506742,541,67602507283,67602507283
2025-06-19 02:44:42,REAL,67602507283,547,67602507830,67602507830
2025-06-19 02:44:44,REAL,67602507830,543,67602508373,67602508373
2025-06-19 02:44:46,REAL,67602508373,603,67602508976,67602508976
2025-06-19 02:44:48,REAL,67602508976,538,67602509514,67602509514
2025-06-19 02:44:50,REAL,67602509514,622,67602510136,67602510136
2025-06-19 02:44:52,REAL,67602510136,548,67602510684,67602510684
2025-06-19 02:44:54,REAL,67602510684,538,67602511222,67602511222
2025-06-19 02:44:56,REAL,67602511222,595,67602511817,67602511817
2025-06-19 02:44:58,REAL,67602511817,531,67602512348,67602512348
2025-06-19 02:45:00,REAL,67602512348,598,67602512946,67602512946
2025-06-19 02:45:02,REAL,67602512946,531,67602513477,67602513477
2025-06-19 02:45:04,REAL,67602513477,620,67602514097,67602514097
2025-06-19 02:45:06,REAL,67602514097,544,67602514641,67602514641
2025-06-19 02:45:08,REAL,67602514641,539,67602515180,67602515180
2025-06-19 02:45:10,REAL,67602515180,533,67602515713,67602515713
2025-06-19 02:45:12,REAL,67602515713,538,67602516251,67602516251
2025-06-19 02:45:14,REAL,67602516251,539,67602516790,67602516790
2025-06-19 02:45:16,REAL,67602516790,660,67602517450,67602517450
2025-06-19 02:45:18,REAL,67602517450,533,67602517983,67602517983
2025-06-19 02:45:20,REAL,67602517983,623,67602518606,67602518606
2025-06-19 02:45:22,REAL,67602518606,537,67602519143,67602519143
2025-06-19 02:45:24,REAL,67602519143,543,67602519686,67602519686
2025-06-19 02:45:26,REAL,67602519686,597,67602520283,67602520283
2025-06-19 02:45:28,REAL,67602520283,533,67602520816,67602520816
2025-06-19 02:45:30,REAL,67602520816,542,67602521358,67602521358
2025-06-19 02:45:32,REAL,67602521358,605,67602521963,67602521963
2025-06-19 02:45:34,REAL,67602521963,164004,67602685967,67602685967
2025-06-19 02:45:36,REAL,67602685967,99409,67602785376,67602785376
2025-06-19 02:45:38,REAL,67602785376,29206,67602814582,67602814582
2025-06-19 02:45:40,REAL,67602814582,28412,67602842994,67602842994
2025-06-19 02:45:42,REAL,67602842994,29442,67602872436,67602872436
2025-06-19 02:45:44,REAL,67602872436,29546,67602901982,67602901982
2025-06-19 02:45:46,REAL,67602901982,28978,67602930960,67602930960
2025-06-19 02:45:48,REAL,67602930960,25865,67602956825,67602956825
2025-06-19 02:45:50,REAL,67602956825,611,67602957436,67602957436
2025-06-19 02:45:52,REAL,67602957436,541,67602957977,67602957977
2025-06-19 02:45:54,REAL,67602957977,545,67602958522,67602958522
2025-06-19 02:45:56,REAL,67602958522,532,67602959054,67602959054
2025-06-19 02:45:58,REAL,67602959054,593,67602959647,67602959647
2025-06-19 02:46:00,REAL,67602959647,535,67602960182,67602960182
2025-06-19 02:46:02,REAL,67602960182,544,67602960726,67602960726
2025-06-19 02:46:04,REAL,67602960726,666,67602961392,67602961392
2025-06-19 02:46:06,REAL,67602961392,177229,67603138621,67603138621
2025-06-19 02:46:08,REAL,67603138621,102090,67603240711,67603240711
2025-06-19 02:46:10,REAL,67603240711,28859,67603269570,67603269570
2025-06-19 02:46:12,REAL,67603269570,29354,67603298924,67603298924
2025-06-19 02:46:14,REAL,67603298924,29482,67603328406,67603328406
2025-06-19 02:46:16,REAL,67603328406,29476,67603357882,67603357882
2025-06-19 02:46:18,REAL,67603357882,29572,67603387454,67603387454
2025-06-19 02:46:20,REAL,67603387454,24011,67603411465,67603411465
2025-06-19 02:46:22,REAL,67603411465,539,67603412004,67603412004
2025-06-19 02:46:24,REAL,67603412004,544,67603412548,67603412548
2025-06-19 02:46:26,REAL,67603412548,546,67603413094,67603413094
2025-06-19 02:46:28,REAL,67603413094,542,67603413636,67603413636
2025-06-19 02:46:30,REAL,67603413636,546,67603414182,67603414182
2025-06-19 02:46:32,REAL,67603414182,614,67603414796,67603414796
2025-06-19 02:46:34,REAL,67603414796,683,67603415479,67603415479
2025-06-19 02:46:36,REAL,67603415479,652,67603416131,67603416131
2025-06-19 02:46:38,REAL,67603416131,177571,67603593702,67603593702
2025-06-19 02:46:40,REAL,67603593702,80880,67603674582,67603674582
2025-06-19 02:46:42,REAL,67603674582,29391,67603703973,67603703973
2025-06-19 02:46:44,REAL,67603703973,29211,67603733184,67603733184
2025-06-19 02:46:46,REAL,67603733184,28904,67603762088,67603762088
2025-06-19 02:46:48,REAL,67603762088,28821,67603790909,67603790909
2025-06-19 02:46:50,REAL,67603790909,29701,67603820610,67603820610
2025-06-19 02:46:52,REAL,67603820610,22214,67603842824,67603842824
2025-06-19 02:46:54,REAL,67603842824,603,67603843427,67603843427
2025-06-19 02:46:56,REAL,67603843427,594,67603844021,67603844021
2025-06-19 02:46:58,REAL,67603844021,606,67603844627,67603844627
2025-06-19 02:47:00,REAL,67603844627,535,67603845162,67603845162
2025-06-19 02:47:02,REAL,67603845162,541,67603845703,67603845703
2025-06-19 02:47:04,REAL,67603845703,612,67603846315,67603846315
2025-06-19 02:47:06,REAL,67603846315,539,67603846854,67603846854
2025-06-19 02:47:08,REAL,67603846854,545,67603847399,67603847399
2025-06-19 02:47:10,REAL,67603847399,537,67603847936,67603847936
2025-06-19 02:47:12,REAL,67603847936,539,67603848475,67603848475
2025-06-19 02:47:14,REAL,67603848475,658,67603849133,67603849133
2025-06-19 02:47:16,REAL,67603849133,541,67603849674,67603849674
2025-06-19 02:47:18,REAL,67603849674,540,67603850214,67603850214
2025-06-19 02:47:20,REAL,67603850214,616,67603850830,67603850830
2025-06-19 02:47:22,REAL,67603850830,539,67603851369,67603851369
2025-06-19 02:47:24,REAL,67603851369,540,67603851909,67603851909
2025-06-19 02:47:26,REAL,67603851909,599,67603852508,67603852508
2025-06-19 02:47:28,REAL,67603852508,545,67603853053,67603853053
2025-06-19 02:47:30,REAL,67603853053,667,67603853720,67603853720
2025-06-19 02:47:32,REAL,67603853720,596,67603854316,67603854316
2025-06-19 02:47:34,REAL,67603854316,594,67603854910,67603854910
2025-06-19 02:47:36,REAL,67603854910,618,67603855528,67603855528
2025-06-19 02:47:38,REAL,67603855528,543,67603856071,67603856071
2025-06-19 02:47:40,REAL,67603856071,536,67603856607,67603856607
2025-06-19 02:47:42,REAL,67603856607,547,67603857154,67603857154
2025-06-19 02:47:44,REAL,67603857154,541,67603857695,67603857695
2025-06-19 02:47:46,REAL,67603857695,540,67603858235,67603858235
2025-06-19 02:47:48,REAL,67603858235,544,67603858779,67603858779
2025-06-19 02:47:50,REAL,67603858779,731,67603859510,67603859510
2025-06-19 02:47:52,REAL,67603859510,540,67603860050,67603860050
2025-06-19 02:47:54,REAL,67603860050,542,67603860592,67603860592
2025-06-19 02:47:56,REAL,67603860592,546,67603861138,67603861138
2025-06-19 02:47:58,REAL,67603861138,547,67603861685,67603861685
2025-06-19 02:48:00,REAL,67603861685,543,67603862228,67603862228
2025-06-19 02:48:02,REAL,67603862228,538,67603862766,67603862766
2025-06-19 02:48:04,REAL,67603862766,541,67603863307,67603863307
2025-06-19 02:48:06,REAL,67603863307,678,67603863985,67603863985
2025-06-19 02:48:08,REAL,67603863985,544,67603864529,67603864529
2025-06-19 02:48:10,REAL,67603864529,539,67603865068,67603865068
2025-06-19 02:48:12,REAL,67603865068,542,67603865610,67603865610
2025-06-19 02:48:14,REAL,67603865610,542,67603866152,67603866152
2025-06-19 02:48:16,REAL,67603866152,596,67603866748,67603866748
2025-06-19 02:48:18,REAL,67603866748,540,67603867288,67603867288
2025-06-19 02:48:20,REAL,67603867288,606,67603867894,67603867894
2025-06-19 02:48:22,REAL,67603867894,600,67603868494,67603868494
2025-06-19 02:48:24,REAL,67603868494,232250,67604100744,67604100744
2025-06-19 02:48:26,REAL,67604100744,29510,67604130254,67604130254
2025-06-19 02:48:28,REAL,67604130254,28778,67604159032,67604159032
2025-06-19 02:48:30,REAL,67604159032,28748,67604187780,67604187780
2025-06-19 02:48:32,REAL,67604187780,29131,67604216911,67604216911
2025-06-19 02:48:34,REAL,67604216911,29144,67604246055,67604246055
2025-06-19 02:48:36,REAL,67604246055,29619,67604275674,67604275674
2025-06-19 02:48:38,REAL,67604275674,15721,67604291395,67604291395
2025-06-19 02:48:40,REAL,67604291395,541,67604291936,67604291936
2025-06-19 02:48:42,REAL,67604291936,538,67604292474,67604292474
2025-06-19 02:48:44,REAL,67604292474,546,67604293020,67604293020
2025-06-19 02:48:46,REAL,67604293020,534,67604293554,67604293554
2025-06-19 02:48:48,REAL,67604293554,533,67604294087,67604294087
2025-06-19 02:48:50,REAL,67604294087,613,67604294700,67604294700
2025-06-19 02:48:52,REAL,67604294700,536,67604295236,67604295236
2025-06-19 02:48:54,REAL,67604295236,599,67604295835,67604295835
2025-06-19 02:48:56,REAL,67604295835,546,67604296381,67604296381
2025-06-19 02:48:58,REAL,67604296381,542,67604296923,67604296923
2025-06-19 02:49:00,REAL,67604296923,544,67604297467,67604297467
2025-06-19 02:49:02,REAL,67604297467,543,67604298010,67604298010
2025-06-19 02:49:04,REAL,67604298010,594,67604298604,67604298604
2025-06-19 02:49:06,REAL,67604298604,615,67604299219,67604299219
2025-06-19 02:49:08,REAL,67604299219,537,67604299756,67604299756
2025-06-19 02:49:10,REAL,67604299756,604,67604300360,67604300360
2025-06-19 02:49:12,REAL,67604300360,598,67604300958,67604300958
2025-06-19 02:49:14,REAL,67604300958,539,67604301497,67604301497
2025-06-19 02:49:16,REAL,67604301497,540,67604302037,67604302037
2025-06-19 02:49:18,REAL,67604302037,545,67604302582,67604302582
2025-06-19 02:49:20,REAL,67604302582,617,67604303199,67604303199
2025-06-19 02:49:22,REAL,67604303199,541,67604303740,67604303740
2025-06-19 02:49:24,REAL,67604303740,539,67604304279,67604304279
2025-06-19 02:49:26,REAL,67604304279,10790,67604315069,67604315069
2025-06-19 02:49:28,REAL,67604315069,252921,67604567990,67604567990
2025-06-19 02:49:30,REAL,67604567990,29118,67604597108,67604597108
2025-06-19 02:49:32,REAL,67604597108,28785,67604625893,67604625893
2025-06-19 02:49:34,REAL,67604625893,29428,67604655321,67604655321
2025-06-19 02:49:36,REAL,67604655321,29537,67604684858,67604684858
2025-06-19 02:49:38,REAL,67604684858,29155,67604714013,67604714013
2025-06-19 02:49:40,REAL,67604714013,28578,67604742591,67604742591
2025-06-19 02:49:42,REAL,67604742591,12781,67604755372,67604755372
2025-06-19 02:49:44,REAL,67604755372,537,67604755909,67604755909
2025-06-19 02:49:46,REAL,67604755909,532,67604756441,67604756441
2025-06-19 02:49:48,REAL,67604756441,549,67604756990,67604756990
2025-06-19 02:49:50,REAL,67604756990,611,67604757601,67604757601
2025-06-19 02:49:52,REAL,67604757601,539,67604758140,67604758140
2025-06-19 02:49:54,REAL,67604758140,549,67604758689,67604758689
2025-06-19 02:49:56,REAL,67604758689,535,67604759224,67604759224
2025-06-19 02:49:58,REAL,67604759224,595,67604759819,67604759819
2025-06-19 02:50:00,REAL,67604759819,544,67604760363,67604760363
2025-06-19 02:50:02,REAL,67604760363,541,67604760904,67604760904
2025-06-19 02:50:04,REAL,67604760904,548,67604761452,67604761452
2025-06-19 02:50:06,REAL,67604761452,620,67604762072,67604762072
2025-06-19 02:50:08,REAL,67604762072,533,67604762605,67604762605
2025-06-19 02:50:10,REAL,67604762605,538,67604763143,67604763143
2025-06-19 02:50:12,REAL,67604763143,544,67604763687,67604763687
2025-06-19 02:50:14,REAL,67604763687,656,67604764343,67604764343
2025-06-19 02:50:16,REAL,67604764343,548,67604764891,67604764891
2025-06-19 02:50:18,REAL,67604764891,594,67604765485,67604765485
2025-06-19 02:50:20,REAL,67604765485,539,67604766024,67604766024
2025-06-19 02:50:22,REAL,67604766024,618,67604766642,67604766642
2025-06-19 02:50:24,REAL,67604766642,531,67604767173,67604767173
2025-06-19 02:50:26,REAL,67604767173,539,67604767712,67604767712
2025-06-19 02:50:28,REAL,67604767712,542,67604768254,67604768254
2025-06-19 02:50:30,REAL,67604768254,596,67604768850,67604768850
2025-06-19 02:50:32,REAL,67604768850,534,67604769384,67604769384
2025-06-19 02:50:34,REAL,67604769384,536,67604769920,67604769920
2025-06-19 02:50:36,REAL,67604769920,611,67604770531,67604770531
2025-06-19 02:50:38,REAL,67604770531,540,67604771071,67604771071
2025-06-19 02:50:40,REAL,67604771071,543,67604771614,67604771614
2025-06-19 02:50:42,REAL,67604771614,541,67604772155,67604772155
2025-06-19 02:50:44,REAL,67604772155,537,67604772692,67604772692
2025-06-19 02:50:46,REAL,67604772692,607,67604773299,67604773299
2025-06-19 02:50:48,REAL,67604773299,541,67604773840,67604773840
2025-06-19 02:50:50,REAL,67604773840,535,67604774375,67604774375
2025-06-19 02:50:52,REAL,67604774375,610,67604774985,67604774985
2025-06-19 02:50:54,REAL,67604774985,603,67604775588,67604775588
2025-06-19 02:50:56,REAL,67604775588,547,67604776135,67604776135
2025-06-19 02:50:58,REAL,67604776135,543,67604776678,67604776678
2025-06-19 02:51:00,REAL,67604776678,548,67604777226,67604777226
2025-06-19 02:51:02,REAL,67604777226,662,67604777888,67604777888
2025-06-19 02:51:04,REAL,67604777888,542,67604778430,67604778430
2025-06-19 02:51:06,REAL,67604778430,610,67604779040,67604779040
2025-06-19 02:51:08,REAL,67604779040,543,67604779583,67604779583
2025-06-19 02:51:10,REAL,67604779583,537,67604780120,67604780120
2025-06-19 02:51:12,REAL,67604780120,545,67604780665,67604780665
2025-06-19 02:51:14,REAL,67604780665,540,67604781205,67604781205
2025-06-19 02:51:16,REAL,67604781205,538,67604781743,67604781743
2025-06-19 02:51:18,REAL,67604781743,606,67604782349,67604782349
2025-06-19 02:51:20,REAL,67604782349,543,67604782892,67604782892
2025-06-19 02:51:22,REAL,67604782892,611,67604783503,67604783503
2025-06-19 02:51:24,REAL,67604783503,545,67604784048,67604784048
2025-06-19 02:51:26,REAL,67604784048,531,67604784579,67604784579
2025-06-19 02:51:28,REAL,67604784579,548,67604785127,67604785127
2025-06-19 02:51:30,REAL,67604785127,539,67604785666,67604785666
2025-06-19 02:51:32,REAL,67604785666,543,67604786209,67604786209
2025-06-19 02:51:34,REAL,67604786209,663,67604786872,67604786872
2025-06-19 02:51:36,REAL,67604786872,621,67604787493,67604787493
2025-06-19 02:51:38,REAL,67604787493,538,67604788031,67604788031
2025-06-19 02:51:40,REAL,67604788031,536,67604788567,67604788567
2025-06-19 02:51:42,REAL,67604788567,540,67604789107,67604789107
2025-06-19 02:51:44,REAL,67604789107,541,67604789648,67604789648
2025-06-19 02:51:46,REAL,67604789648,536,67604790184,67604790184
2025-06-19 02:51:48,REAL,67604790184,545,67604790729,67604790729
2025-06-19 02:51:50,REAL,67604790729,90009,67604880738,67604880738
2025-06-19 02:51:52,REAL,67604880738,185174,67605065912,67605065912
2025-06-19 02:51:54,REAL,67605065912,29591,67605095503,67605095503
2025-06-19 02:51:56,REAL,67605095503,28850,67605124353,67605124353
2025-06-19 02:51:58,REAL,67605124353,28791,67605153144,67605153144
2025-06-19 02:52:00,REAL,67605153144,28891,67605182035,67605182035
2025-06-19 02:52:02,REAL,67605182035,29683,67605211718,67605211718
2025-06-19 02:52:04,REAL,67605211718,28867,67605240585,67605240585
2025-06-19 02:52:06,REAL,67605240585,4212,67605244797,67605244797
2025-06-19 02:52:08,REAL,67605244797,534,67605245331,67605245331
2025-06-19 02:52:10,REAL,67605245331,537,67605245868,67605245868
2025-06-19 02:52:12,REAL,67605245868,537,67605246405,67605246405
2025-06-19 02:52:14,REAL,67605246405,545,67605246950,67605246950
2025-06-19 02:52:16,REAL,67605246950,597,67605247547,67605247547
2025-06-19 02:52:18,REAL,67605247547,536,67605248083,67605248083
2025-06-19 02:52:20,REAL,67605248083,548,67605248631,67605248631
2025-06-19 02:52:22,REAL,67605248631,683,67605249314,67605249314
2025-06-19 02:52:24,REAL,67605249314,538,67605249852,67605249852
2025-06-19 02:52:26,REAL,67605249852,540,67605250392,67605250392
2025-06-19 02:52:28,REAL,67605250392,538,67605250930,67605250930
2025-06-19 02:52:30,REAL,67605250930,542,67605251472,67605251472
2025-06-19 02:52:32,REAL,67605251472,537,67605252009,67605252009
2025-06-19 02:52:34,REAL,67605252009,545,67605252554,67605252554
2025-06-19 02:52:36,REAL,67605252554,616,67605253170,67605253170
2025-06-19 02:52:38,REAL,67605253170,658,67605253828,67605253828
2025-06-19 02:52:40,REAL,67605253828,536,67605254364,67605254364
2025-06-19 02:52:42,REAL,67605254364,537,67605254901,67605254901
2025-06-19 02:52:44,REAL,67605254901,544,67605255445,67605255445
2025-06-19 02:52:46,REAL,67605255445,537,67605255982,67605255982
2025-06-19 02:52:48,REAL,67605255982,533,67605256515,67605256515
2025-06-19 02:52:50,REAL,67605256515,537,67605257052,67605257052
2025-06-19 02:52:52,REAL,67605257052,613,67605257665,67605257665
2025-06-19 02:52:54,REAL,67605257665,591,67605258256,67605258256
2025-06-19 02:52:56,REAL,67605258256,546,67605258802,67605258802
2025-06-19 02:52:58,REAL,67605258802,606,67605259408,67605259408
2025-06-19 02:53:00,REAL,67605259408,536,67605259944,67605259944
2025-06-19 02:53:02,REAL,67605259944,534,67605260478,67605260478
2025-06-19 02:53:04,REAL,67605260478,535,67605261013,67605261013
2025-06-19 02:53:06,REAL,67605261013,615,67605261628,67605261628
2025-06-19 02:53:08,REAL,67605261628,530,67605262158,67605262158
2025-06-19 02:53:10,REAL,67605262158,601,67605262759,67605262759
2025-06-19 02:53:12,REAL,67605262759,539,67605263298,67605263298
2025-06-19 02:53:14,REAL,67605263298,535,67605263833,67605263833
2025-06-19 02:53:16,REAL,67605263833,535,67605264368,67605264368
2025-06-19 02:53:18,REAL,67605264368,531,67605264899,67605264899
2025-06-19 02:53:20,REAL,67605264899,531,67605265430,67605265430
2025-06-19 02:53:22,REAL,67605265430,620,67605266050,67605266050
2025-06-19 02:53:24,REAL,67605266050,596,67605266646,67605266646
2025-06-19 02:53:26,REAL,67605266646,592,67605267238,67605267238
2025-06-19 02:53:28,REAL,67605267238,540,67605267778,67605267778
2025-06-19 02:53:30,REAL,67605267778,544,67605268322,67605268322
2025-06-19 02:53:32,REAL,67605268322,541,67605268863,67605268863
2025-06-19 02:53:34,REAL,67605268863,547,67605269410,67605269410
2025-06-19 02:53:36,REAL,67605269410,610,67605270020,67605270020
2025-06-19 02:53:38,REAL,67605270020,592,67605270612,67605270612
2025-06-19 02:53:40,REAL,67605270612,593,67605271205,67605271205
2025-06-19 02:53:42,REAL,67605271205,541,67605271746,67605271746
2025-06-19 02:53:44,REAL,67605271746,549,67605272295,67605272295
2025-06-19 02:53:46,REAL,67605272295,538,67605272833,67605272833
2025-06-19 02:53:48,REAL,67605272833,539,67605273372,67605273372
2025-06-19 02:53:50,REAL,67605273372,543,67605273915,67605273915
2025-06-19 02:53:52,REAL,67605273915,615,67605274530,67605274530
2025-06-19 02:53:54,REAL,67605274530,540,67605275070,67605275070
2025-06-19 02:53:56,REAL,67605275070,600,67605275670,67605275670
2025-06-19 02:53:58,REAL,67605275670,595,67605276265,67605276265
2025-06-19 02:54:00,REAL,67605276265,605,67605276870,67605276870
2025-06-19 02:54:02,REAL,67605276870,22824,67605299694,67605299694
2025-06-19 02:54:04,REAL,67605299694,232554,67605532248,67605532248
2025-06-19 02:54:06,REAL,67605532248,29493,67605561741,67605561741
2025-06-19 02:54:08,REAL,67605561741,29142,67605590883,67605590883
2025-06-19 02:54:10,REAL,67605590883,28562,67605619445,67605619445
2025-06-19 02:54:12,REAL,67605619445,29217,67605648662,67605648662
2025-06-19 02:54:14,REAL,67605648662,28760,67605677422,67605677422
2025-06-19 02:54:16,REAL,67605677422,29128,67605706550,67605706550
2025-06-19 02:54:18,REAL,67605706550,34240,67605740790,67605740790
2025-06-19 02:54:20,REAL,67605740790,236574,67605977364,67605977364
2025-06-19 02:54:22,REAL,67605977364,29325,67606006689,67606006689
2025-06-19 02:54:24,REAL,67606006689,29251,67606035940,67606035940
2025-06-19 02:54:26,REAL,67606035940,29825,67606065765,67606065765
2025-06-19 02:54:28,REAL,67606065765,29065,67606094830,67606094830
2025-06-19 02:54:30,REAL,67606094830,29467,67606124297,67606124297
2025-06-19 02:54:32,REAL,67606124297,29246,67606153543,67606153543
2025-06-19 02:54:34,REAL,67606153543,10936,67606164479,67606164479
2025-06-19 02:54:36,REAL,67606164479,618,67606165097,67606165097
2025-06-19 02:54:38,REAL,67606165097,540,67606165637,67606165637
2025-06-19 02:54:40,REAL,67606165637,533,67606166170,67606166170
2025-06-19 02:54:42,REAL,67606166170,545,67606166715,67606166715
2025-06-19 02:54:44,REAL,67606166715,544,67606167259,67606167259
2025-06-19 02:54:46,REAL,67606167259,540,67606167799,67606167799
2025-06-19 02:54:48,REAL,67606167799,536,67606168335,67606168335
2025-06-19 02:54:50,REAL,67606168335,656,67606168991,67606168991
2025-06-19 02:54:52,REAL,67606168991,667,67606169658,67606169658
2025-06-19 02:54:54,REAL,67606169658,595,67606170253,67606170253
2025-06-19 02:54:56,REAL,67606170253,542,67606170795,67606170795
2025-06-19 02:54:58,REAL,67606170795,540,67606171335,67606171335
2025-06-19 02:55:00,REAL,67606171335,592,67606171927,67606171927
2025-06-19 02:55:02,REAL,67606171927,541,67606172468,67606172468
2025-06-19 02:55:04,REAL,67606172468,540,67606173008,67606173008
2025-06-19 02:55:06,REAL,67606173008,622,67606173630,67606173630
2025-06-19 02:55:08,REAL,67606173630,540,67606174170,67606174170
2025-06-19 02:55:10,REAL,67606174170,656,67606174826,67606174826
2025-06-19 02:55:12,REAL,67606174826,189358,67606364184,67606364184
2025-06-19 02:55:14,REAL,67606364184,68408,67606432592,67606432592
2025-06-19 02:55:16,REAL,67606432592,27462,67606460054,67606460054
2025-06-19 02:55:18,REAL,67606460054,28524,67606488578,67606488578
2025-06-19 02:55:20,REAL,67606488578,29038,67606517616,67606517616
2025-06-19 02:55:22,REAL,67606517616,29102,67606546718,67606546718
2025-06-19 02:55:24,REAL,67606546718,28903,67606575621,67606575621
2025-06-19 02:55:26,REAL,67606575621,22282,67606597903,67606597903
2025-06-19 02:55:28,REAL,67606597903,537,67606598440,67606598440
2025-06-19 02:55:30,REAL,67606598440,543,67606598983,67606598983
2025-06-19 02:55:32,REAL,67606598983,540,67606599523,67606599523
2025-06-19 02:55:34,REAL,67606599523,538,67606600061,67606600061
2025-06-19 02:55:36,REAL,67606600061,545,67606600606,67606600606
2025-06-19 02:55:38,REAL,67606600606,615,67606601221,67606601221
2025-06-19 02:55:40,REAL,67606601221,542,67606601763,67606601763
2025-06-19 02:55:42,REAL,67606601763,664,67606602427,67606602427
2025-06-19 02:55:44,REAL,67606602427,237498,67606839925,67606839925
2025-06-19 02:55:46,REAL,67606839925,71786,67606911711,67606911711
2025-06-19 02:55:48,REAL,67606911711,28932,67606940643,67606940643
2025-06-19 02:55:50,REAL,67606940643,29025,67606969668,67606969668
2025-06-19 02:55:52,REAL,67606969668,29315,67606998983,67606998983
2025-06-19 02:55:54,REAL,67606998983,28885,67607027868,67607027868
2025-06-19 02:55:56,REAL,67607027868,28924,67607056792,67607056792
2025-06-19 02:55:58,REAL,67607056792,20315,67607077107,67607077107
2025-06-19 02:56:00,REAL,67607077107,545,67607077652,67607077652
2025-06-19 02:56:02,REAL,67607077652,540,67607078192,67607078192
2025-06-19 02:56:04,REAL,67607078192,533,67607078725,67607078725
2025-06-19 02:56:06,REAL,67607078725,538,67607079263,67607079263
2025-06-19 02:56:08,REAL,67607079263,615,67607079878,67607079878
2025-06-19 02:56:10,REAL,67607079878,530,67607080408,67607080408
2025-06-19 02:56:12,REAL,67607080408,536,67607080944,67607080944
2025-06-19 02:56:14,REAL,67607080944,601,67607081545,67607081545
2025-06-19 02:56:16,REAL,67607081545,248434,67607329979,67607329979
2025-06-19 02:56:18,REAL,67607329979,47449,67607377428,67607377428
2025-06-19 02:56:20,REAL,67607377428,29335,67607406763,67607406763
2025-06-19 02:56:22,REAL,67607406763,29508,67607436271,67607436271
2025-06-19 02:56:24,REAL,67607436271,29284,67607465555,67607465555
2025-06-19 02:56:26,REAL,67607465555,29553,67607495108,67607495108
2025-06-19 02:56:28,REAL,67607495108,29270,67607524378,67607524378
2025-06-19 02:56:30,REAL,67607524378,18487,67607542865,67607542865
2025-06-19 02:56:32,REAL,67607542865,542,67607543407,67607543407
2025-06-19 02:56:34,REAL,67607543407,539,67607543946,67607543946
2025-06-19 02:56:36,REAL,67607543946,544,67607544490,67607544490
2025-06-19 02:56:38,REAL,67607544490,607,67607545097,67607545097
2025-06-19 02:56:40,REAL,67607545097,538,67607545635,67607545635
2025-06-19 02:56:42,REAL,67607545635,539,67607546174,67607546174
2025-06-19 02:56:44,REAL,67607546174,546,67607546720,67607546720
2025-06-19 02:56:46,REAL,67607546720,605,67607547325,67607547325
2025-06-19 02:56:48,REAL,67607547325,541,67607547866,67607547866
2025-06-19 02:56:50,REAL,67607547866,540,67607548406,67607548406
2025-06-19 02:56:52,REAL,67607548406,613,67607549019,67607549019
2025-06-19 02:56:54,REAL,67607549019,539,67607549558,67607549558
2025-06-19 02:56:56,REAL,67607549558,540,67607550098,67607550098
2025-06-19 02:56:58,REAL,67607550098,545,67607550643,67607550643
2025-06-19 02:57:00,REAL,67607550643,542,67607551185,67607551185
2025-06-19 02:57:02,REAL,67607551185,656,67607551841,67607551841
2025-06-19 02:57:04,REAL,67607551841,538,67607552379,67607552379
2025-06-19 02:57:06,REAL,67607552379,594,67607552973,67607552973
2025-06-19 02:57:08,REAL,67607552973,617,67607553590,67607553590
2025-06-19 02:57:10,REAL,67607553590,540,67607554130,67607554130
2025-06-19 02:57:12,REAL,67607554130,540,67607554670,67607554670
2025-06-19 02:57:14,REAL,67607554670,550,67607555220,67607555220
2025-06-19 02:57:16,REAL,67607555220,534,67607555754,67607555754
2025-06-19 02:57:18,REAL,67607555754,609,67607556363,67607556363
2025-06-19 02:57:20,REAL,67607556363,595,67607556958,67607556958
2025-06-19 02:57:22,REAL,67607556958,674,67607557632,67607557632
2025-06-19 02:57:24,REAL,67607557632,602,67607558234,67607558234
2025-06-19 02:57:26,REAL,67607558234,539,67607558773,67607558773
2025-06-19 02:57:28,REAL,67607558773,533,67607559306,67607559306
2025-06-19 02:57:30,REAL,67607559306,531,67607559837,67607559837
2025-06-19 02:57:32,REAL,67607559837,540,67607560377,67607560377
2025-06-19 02:57:34,REAL,67607560377,548,67607560925,67607560925
2025-06-19 02:57:36,REAL,67607560925,532,67607561457,67607561457
2025-06-19 02:57:38,REAL,67607561457,615,67607562072,67607562072
2025-06-19 02:57:40,REAL,67607562072,132842,67607694914,67607694914
2025-06-19 02:57:42,REAL,67607694914,128072,67607822986,67607822986
2025-06-19 02:57:44,REAL,67607822986,28574,67607851560,67607851560
2025-06-19 02:57:46,REAL,67607851560,29028,67607880588,67607880588
2025-06-19 02:57:48,REAL,67607880588,28949,67607909537,67607909537
2025-06-19 02:57:50,REAL,67607909537,29201,67607938738,67607938738
2025-06-19 02:57:52,REAL,67607938738,29050,67607967788,67607967788
2025-06-19 02:57:54,REAL,67607967788,28358,67607996146,67607996146
2025-06-19 02:57:56,REAL,67607996146,605,67607996751,67607996751
2025-06-19 02:57:58,REAL,67607996751,601,67607997352,67607997352
2025-06-19 02:58:00,REAL,67607997352,600,67607997952,67607997952
2025-06-19 02:58:02,REAL,67607997952,546,67607998498,67607998498
2025-06-19 02:58:04,REAL,67607998498,540,67607999038,67607999038
2025-06-19 02:58:06,REAL,67607999038,541,67607999579,67607999579
2025-06-19 02:58:08,REAL,67607999579,616,67608000195,67608000195
2025-06-19 02:58:10,REAL,67608000195,538,67608000733,67608000733
2025-06-19 02:58:12,REAL,67608000733,544,67608001277,67608001277
2025-06-19 02:58:14,REAL,67608001277,540,67608001817,67608001817
2025-06-19 02:58:16,REAL,67608001817,599,67608002416,67608002416
2025-06-19 02:58:18,REAL,67608002416,544,67608002960,67608002960
2025-06-19 02:58:20,REAL,67608002960,601,67608003561,67608003561
2025-06-19 02:58:22,REAL,67608003561,608,67608004169,67608004169
2025-06-19 02:58:24,REAL,67608004169,541,67608004710,67608004710
2025-06-19 02:58:26,REAL,67608004710,544,67608005254,67608005254
2025-06-19 02:58:28,REAL,67608005254,537,67608005791,67608005791
2025-06-19 02:58:30,REAL,67608005791,533,67608006324,67608006324
2025-06-19 02:58:32,REAL,67608006324,25100,67608031424,67608031424
2025-06-19 02:58:34,REAL,67608031424,233475,67608264899,67608264899
2025-06-19 02:58:36,REAL,67608264899,29608,67608294507,67608294507
2025-06-19 02:58:38,REAL,67608294507,29522,67608324029,67608324029
2025-06-19 02:58:40,REAL,67608324029,29215,67608353244,67608353244
2025-06-19 02:58:42,REAL,67608353244,29527,67608382771,67608382771
2025-06-19 02:58:44,REAL,67608382771,28335,67608411106,67608411106
2025-06-19 02:58:46,REAL,67608411106,29369,67608440475,67608440475
2025-06-19 02:58:48,REAL,67608440475,11046,67608451521,67608451521
2025-06-19 02:58:50,REAL,67608451521,600,67608452121,67608452121
2025-06-19 02:58:52,REAL,67608452121,670,67608452791,67608452791
2025-06-19 02:58:54,REAL,67608452791,542,67608453333,67608453333
2025-06-19 02:58:56,REAL,67608453333,543,67608453876,67608453876
2025-06-19 02:58:58,REAL,67608453876,599,67608454475,67608454475
2025-06-19 02:59:00,REAL,67608454475,545,67608455020,67608455020
2025-06-19 02:59:02,REAL,67608455020,536,67608455556,67608455556
2025-06-19 02:59:04,REAL,67608455556,530,67608456086,67608456086
2025-06-19 02:59:06,REAL,67608456086,544,67608456630,67608456630
2025-06-19 02:59:08,REAL,67608456630,673,67608457303,67608457303
2025-06-19 02:59:10,REAL,67608457303,547,67608457850,67608457850
2025-06-19 02:59:12,REAL,67608457850,542,67608458392,67608458392
2025-06-19 02:59:14,REAL,67608458392,543,67608458935,67608458935
2025-06-19 02:59:16,REAL,67608458935,535,67608459470,67608459470
2025-06-19 02:59:18,REAL,67608459470,539,67608460009,67608460009
2025-06-19 02:59:20,REAL,67608460009,540,67608460549,67608460549
2025-06-19 02:59:22,REAL,67608460549,615,67608461164,67608461164
2025-06-19 02:59:24,REAL,67608461164,659,67608461823,67608461823
2025-06-19 02:59:26,REAL,67608461823,542,67608462365,67608462365
2025-06-19 02:59:28,REAL,67608462365,606,67608462971,67608462971
2025-06-19 02:59:30,REAL,67608462971,549,67608463520,67608463520
2025-06-19 02:59:32,REAL,67608463520,543,67608464063,67608464063
2025-06-19 02:59:34,REAL,67608464063,532,67608464595,67608464595
2025-06-19 02:59:36,REAL,67608464595,599,67608465194,67608465194
2025-06-19 02:59:38,REAL,67608465194,687,67608465881,67608465881
2025-06-19 02:59:40,REAL,67608465881,603,67608466484,67608466484
2025-06-19 02:59:42,REAL,67608466484,599,67608467083,67608467083
2025-06-19 02:59:44,REAL,67608467083,598,67608467681,67608467681
2025-06-19 02:59:46,REAL,67608467681,599,67608468280,67608468280
2025-06-19 02:59:48,REAL,67608468280,541,67608468821,67608468821
2025-06-19 02:59:50,REAL,67608468821,542,67608469363,67608469363
2025-06-19 02:59:52,REAL,67608469363,613,67608469976,67608469976
2025-06-19 02:59:54,REAL,67608469976,537,67608470513,67608470513
2025-06-19 02:59:56,REAL,67608470513,533,67608471046,67608471046
2025-06-19 02:59:58,REAL,67608471046,538,67608471584,67608471584
2025-06-19 03:00:00,REAL,67608471584,540,67608472124,67608472124
2025-06-19 03:00:02,REAL,67608472124,63146,67608535270,67608535270
2025-06-19 03:00:04,REAL,67608535270,199382,67608734652,67608734652
2025-06-19 03:00:06,REAL,67608734652,29093,67608763745,67608763745
2025-06-19 03:00:08,REAL,67608763745,29369,67608793114,67608793114
2025-06-19 03:00:10,REAL,67608793114,29529,67608822643,67608822643
2025-06-19 03:00:12,REAL,67608822643,28858,67608851501,67608851501
2025-06-19 03:00:14,REAL,67608851501,29144,67608880645,67608880645
2025-06-19 03:00:16,REAL,67608880645,31525,67608912170,67608912170
2025-06-19 03:00:18,REAL,67608912170,4337,67608916507,67608916507
2025-06-19 03:00:20,REAL,67608916507,537,67608917044,67608917044
2025-06-19 03:00:22,REAL,67608917044,547,67608917591,67608917591
2025-06-19 03:00:24,REAL,67608917591,622,67608918213,67608918213
2025-06-19 03:00:26,REAL,67608918213,542,67608918755,67608918755
2025-06-19 03:00:28,REAL,67608918755,535,67608919290,67608919290
2025-06-19 03:00:30,REAL,67608919290,536,67608919826,67608919826
2025-06-19 03:00:32,REAL,67608919826,544,67608920370,67608920370
2025-06-19 03:00:34,REAL,67608920370,664,67608921034,67608921034
2025-06-19 03:00:36,REAL,67608921034,604,67608921638,67608921638
2025-06-19 03:00:38,REAL,67608921638,677,67608922315,67608922315
2025-06-19 03:00:40,REAL,67608922315,598,67608922913,67608922913
2025-06-19 03:00:42,REAL,67608922913,602,67608923515,67608923515
2025-06-19 03:00:44,REAL,67608923515,607,67608924122,67608924122
2025-06-19 03:00:46,REAL,67608924122,543,67608924665,67608924665
2025-06-19 03:00:48,REAL,67608924665,536,67608925201,67608925201
2025-06-19 03:00:50,REAL,67608925201,544,67608925745,67608925745
2025-06-19 03:00:52,REAL,67608925745,534,67608926279,67608926279
2025-06-19 03:00:54,REAL,67608926279,730,67608927009,67608927009
2025-06-19 03:00:56,REAL,67608927009,538,67608927547,67608927547
2025-06-19 03:00:58,REAL,67608927547,537,67608928084,67608928084
2025-06-19 03:01:00,REAL,67608928084,592,67608928676,67608928676
2025-06-19 03:01:02,REAL,67608928676,544,67608929220,67608929220
2025-06-19 03:01:04,REAL,67608929220,542,67608929762,67608929762
2025-06-19 03:01:06,REAL,67608929762,538,67608930300,67608930300
2025-06-19 03:01:08,REAL,67608930300,610,67608930910,67608930910
2025-06-19 03:01:10,REAL,67608930910,549,67608931459,67608931459
2025-06-19 03:01:12,REAL,67608931459,538,67608931997,67608931997
2025-06-19 03:01:14,REAL,67608931997,538,67608932535,67608932535
2025-06-19 03:01:16,REAL,67608932535,600,67608933135,67608933135
2025-06-19 03:01:18,REAL,67608933135,534,67608933669,67608933669
2025-06-19 03:01:20,REAL,67608933669,547,67608934216,67608934216
2025-06-19 03:01:22,REAL,67608934216,537,67608934753,67608934753
2025-06-19 03:01:24,REAL,67608934753,615,67608935368,67608935368
2025-06-19 03:01:26,REAL,67608935368,541,67608935909,67608935909
2025-06-19 03:01:28,REAL,67608935909,537,67608936446,67608936446
2025-06-19 03:01:30,REAL,67608936446,539,67608936985,67608936985
2025-06-19 03:01:32,REAL,67608936985,602,67608937587,67608937587
2025-06-19 03:01:34,REAL,67608937587,597,67608938184,67608938184
2025-06-19 03:01:36,REAL,67608938184,542,67608938726,67608938726
2025-06-19 03:01:38,REAL,67608938726,617,67608939343,67608939343
2025-06-19 03:01:40,REAL,67608939343,534,67608939877,67608939877
2025-06-19 03:01:42,REAL,67608939877,541,67608940418,67608940418
2025-06-19 03:01:44,REAL,67608940418,597,67608941015,67608941015
2025-06-19 03:01:46,REAL,67608941015,540,67608941555,67608941555
2025-06-19 03:01:48,REAL,67608941555,604,67608942159,67608942159
2025-06-19 03:01:50,REAL,67608942159,538,67608942697,67608942697
2025-06-19 03:01:52,REAL,67608942697,537,67608943234,67608943234
2025-06-19 03:01:54,REAL,67608943234,621,67608943855,67608943855
2025-06-19 03:01:56,REAL,67608943855,538,67608944393,67608944393
2025-06-19 03:01:58,REAL,67608944393,548,67608944941,67608944941
2025-06-19 03:02:00,REAL,67608944941,542,67608945483,67608945483
2025-06-19 03:02:02,REAL,67608945483,532,67608946015,67608946015
2025-06-19 03:02:04,REAL,67608946015,597,67608946612,67608946612
2025-06-19 03:02:06,REAL,67608946612,597,67608947209,67608947209
2025-06-19 03:02:08,REAL,67608947209,608,67608947817,67608947817
2025-06-19 03:02:10,REAL,67608947817,537,67608948354,67608948354
2025-06-19 03:02:12,REAL,67608948354,542,67608948896,67608948896
2025-06-19 03:02:14,REAL,67608948896,542,67608949438,67608949438
2025-06-19 03:02:16,REAL,67608949438,532,67608949970,67608949970
2025-06-19 03:02:18,REAL,67608949970,542,67608950512,67608950512
2025-06-19 03:02:20,REAL,67608950512,130299,67609080811,67609080811
2025-06-19 03:02:22,REAL,67609080811,142802,67609223613,67609223613
2025-06-19 03:02:24,REAL,67609223613,29033,67609252646,67609252646
2025-06-19 03:02:26,REAL,67609252646,28912,67609281558,67609281558
2025-06-19 03:02:28,REAL,67609281558,28723,67609310281,67609310281
2025-06-19 03:02:30,REAL,67609310281,29209,67609339490,67609339490
2025-06-19 03:02:32,REAL,67609339490,29077,67609368567,67609368567
2025-06-19 03:02:34,REAL,67609368567,27733,67609396300,67609396300
2025-06-19 03:02:36,REAL,67609396300,540,67609396840,67609396840
2025-06-19 03:02:38,REAL,67609396840,673,67609397513,67609397513
2025-06-19 03:02:40,REAL,67609397513,541,67609398054,67609398054
2025-06-19 03:02:42,REAL,67609398054,537,67609398591,67609398591
2025-06-19 03:02:44,REAL,67609398591,536,67609399127,67609399127
2025-06-19 03:02:46,REAL,67609399127,541,67609399668,67609399668
2025-06-19 03:02:48,REAL,67609399668,548,67609400216,67609400216
2025-06-19 03:02:50,REAL,67609400216,596,67609400812,67609400812
2025-06-19 03:02:52,REAL,67609400812,539,67609401351,67609401351
2025-06-19 03:02:54,REAL,67609401351,613,67609401964,67609401964
2025-06-19 03:02:56,REAL,67609401964,541,67609402505,67609402505
2025-06-19 03:02:58,REAL,67609402505,531,67609403036,67609403036
2025-06-19 03:03:00,REAL,67609403036,539,67609403575,67609403575
2025-06-19 03:03:02,REAL,67609403575,538,67609404113,67609404113
2025-06-19 03:03:04,REAL,67609404113,547,67609404660,67609404660
2025-06-19 03:03:06,REAL,67609404660,595,67609405255,67609405255
2025-06-19 03:03:08,REAL,67609405255,538,67609405793,67609405793
2025-06-19 03:03:10,REAL,67609405793,619,67609406412,67609406412
2025-06-19 03:03:12,REAL,67609406412,643,67609407055,67609407055
2025-06-19 03:03:14,REAL,67609407055,550,67609407605,67609407605
2025-06-19 03:03:16,REAL,67609407605,539,67609408144,67609408144
2025-06-19 03:03:18,REAL,67609408144,535,67609408679,67609408679
2025-06-19 03:03:20,REAL,67609408679,542,67609409221,67609409221
2025-06-19 03:03:22,REAL,67609409221,593,67609409814,67609409814
2025-06-19 03:03:24,REAL,67609409814,670,67609410484,67609410484
2025-06-19 03:03:26,REAL,67609410484,600,67609411084,67609411084
2025-06-19 03:03:28,REAL,67609411084,599,67609411683,67609411683
2025-06-19 03:03:30,REAL,67609411683,542,67609412225,67609412225
2025-06-19 03:03:32,REAL,67609412225,548,67609412773,67609412773
2025-06-19 03:03:34,REAL,67609412773,543,67609413316,67609413316
2025-06-19 03:03:36,REAL,67609413316,541,67609413857,67609413857
2025-06-19 03:03:38,REAL,67609413857,539,67609414396,67609414396
2025-06-19 03:03:40,REAL,67609414396,615,67609415011,67609415011
2025-06-19 03:03:42,REAL,67609415011,542,67609415553,67609415553
2025-06-19 03:03:44,REAL,67609415553,658,67609416211,67609416211
2025-06-19 03:03:46,REAL,67609416211,546,67609416757,67609416757
2025-06-19 03:03:48,REAL,67609416757,540,67609417297,67609417297
2025-06-19 03:03:50,REAL,67609417297,536,67609417833,67609417833
2025-06-19 03:03:52,REAL,67609417833,535,67609418368,67609418368
2025-06-19 03:03:54,REAL,67609418368,620,67609418988,67609418988
2025-06-19 03:03:56,REAL,67609418988,534,67609419522,67609419522
2025-06-19 03:03:58,REAL,67609419522,540,67609420062,67609420062
2025-06-19 03:04:00,REAL,67609420062,602,67609420664,67609420664
2025-06-19 03:04:02,REAL,67609420664,542,67609421206,67609421206
2025-06-19 03:04:04,REAL,67609421206,599,67609421805,67609421805
2025-06-19 03:04:06,REAL,67609421805,536,67609422341,67609422341
2025-06-19 03:04:08,REAL,67609422341,537,67609422878,67609422878
2025-06-19 03:04:10,REAL,67609422878,614,67609423492,67609423492
2025-06-19 03:04:12,REAL,67609423492,541,67609424033,67609424033
2025-06-19 03:04:14,REAL,67609424033,544,67609424577,67609424577
2025-06-19 03:04:16,REAL,67609424577,595,67609425172,67609425172
2025-06-19 03:04:18,REAL,67609425172,590,67609425762,67609425762
2025-06-19 03:04:20,REAL,67609425762,541,67609426303,67609426303
2025-06-19 03:04:22,REAL,67609426303,536,67609426839,67609426839
2025-06-19 03:04:24,REAL,67609426839,617,67609427456,67609427456
2025-06-19 03:04:26,REAL,67609427456,538,67609427994,67609427994
2025-06-19 03:04:28,REAL,67609427994,539,67609428533,67609428533
2025-06-19 03:04:30,REAL,67609428533,534,67609429067,67609429067
2025-06-19 03:04:32,REAL,67609429067,88730,67609517797,67609517797
2025-06-19 03:04:34,REAL,67609517797,191337,67609709134,67609709134
2025-06-19 03:04:36,REAL,67609709134,29273,67609738407,67609738407
2025-06-19 03:04:38,REAL,67609738407,29318,67609767725,67609767725
2025-06-19 03:04:40,REAL,67609767725,28708,67609796433,67609796433
2025-06-19 03:04:42,REAL,67609796433,28586,67609825019,67609825019
2025-06-19 03:04:44,REAL,67609825019,28803,67609853822,67609853822
2025-06-19 03:04:46,REAL,67609853822,29763,67609883585,67609883585
2025-06-19 03:04:48,REAL,67609883585,6075,67609889660,67609889660
2025-06-19 03:04:50,REAL,67609889660,595,67609890255,67609890255
2025-06-19 03:04:52,REAL,67609890255,549,67609890804,67609890804
2025-06-19 03:04:54,REAL,67609890804,614,67609891418,67609891418
2025-06-19 03:04:56,REAL,67609891418,540,67609891958,67609891958
2025-06-19 03:04:58,REAL,67609891958,531,67609892489,67609892489
2025-06-19 03:05:00,REAL,67609892489,542,67609893031,67609893031
2025-06-19 03:05:02,REAL,67609893031,542,67609893573,67609893573
2025-06-19 03:05:04,REAL,67609893573,606,67609894179,67609894179
2025-06-19 03:05:06,REAL,67609894179,532,67609894711,67609894711
2025-06-19 03:05:08,REAL,67609894711,542,67609895253,67609895253
2025-06-19 03:05:10,REAL,67609895253,623,67609895876,67609895876
2025-06-19 03:05:12,REAL,67609895876,539,67609896415,67609896415
2025-06-19 03:05:14,REAL,67609896415,538,67609896953,67609896953
2025-06-19 03:05:16,REAL,67609896953,536,67609897489,67609897489
2025-06-19 03:05:18,REAL,67609897489,532,67609898021,67609898021
2025-06-19 03:05:20,REAL,67609898021,607,67609898628,67609898628
2025-06-19 03:05:22,REAL,67609898628,602,67609899230,67609899230
2025-06-19 03:05:24,REAL,67609899230,665,67609899895,67609899895
2025-06-19 03:05:26,REAL,67609899895,540,67609900435,67609900435
2025-06-19 03:05:28,REAL,67609900435,534,67609900969,67609900969
2025-06-19 03:05:30,REAL,67609900969,544,67609901513,67609901513
2025-06-19 03:05:32,REAL,67609901513,541,67609902054,67609902054
2025-06-19 03:05:34,REAL,67609902054,534,67609902588,67609902588
2025-06-19 03:05:36,REAL,67609902588,662,67609903250,67609903250
2025-06-19 03:05:38,REAL,67609903250,595,67609903845,67609903845
2025-06-19 03:05:40,REAL,67609903845,676,67609904521,67609904521
2025-06-19 03:05:42,REAL,67609904521,236386,67610140907,67610140907
2025-06-19 03:05:44,REAL,67610140907,32541,67610173448,67610173448
2025-06-19 03:05:46,REAL,67610173448,29215,67610202663,67610202663
2025-06-19 03:05:48,REAL,67610202663,29435,67610232098,67610232098
2025-06-19 03:05:50,REAL,67610232098,29399,67610261497,67610261497
2025-06-19 03:05:52,REAL,67610261497,29037,67610290534,67610290534
2025-06-19 03:05:54,REAL,67610290534,29572,67610320106,67610320106
2025-06-19 03:05:56,REAL,67610320106,17042,67610337148,67610337148
2025-06-19 03:05:58,REAL,67610337148,532,67610337680,67610337680
2025-06-19 03:06:00,REAL,67610337680,540,67610338220,67610338220
2025-06-19 03:06:02,REAL,67610338220,538,67610338758,67610338758
2025-06-19 03:06:04,REAL,67610338758,542,67610339300,67610339300
2025-06-19 03:06:06,REAL,67610339300,532,67610339832,67610339832
2025-06-19 03:06:08,REAL,67610339832,534,67610340366,67610340366
2025-06-19 03:06:10,REAL,67610340366,618,67610340984,67610340984
2025-06-19 03:06:12,REAL,67610340984,595,67610341579,67610341579
2025-06-19 03:06:14,REAL,67610341579,286696,67610628275,67610628275
2025-06-19 03:06:16,REAL,67610628275,29013,67610657288,67610657288
2025-06-19 03:06:18,REAL,67610657288,29568,67610686856,67610686856
2025-06-19 03:06:20,REAL,67610686856,28532,67610715388,67610715388
2025-06-19 03:06:22,REAL,67610715388,28303,67610743691,67610743691
2025-06-19 03:06:24,REAL,67610743691,29291,67610772982,67610772982
2025-06-19 03:06:26,REAL,67610772982,29077,67610802059,67610802059
2025-06-19 03:06:28,REAL,67610802059,15514,67610817573,67610817573
2025-06-19 03:06:30,REAL,67610817573,600,67610818173,67610818173
2025-06-19 03:06:32,REAL,67610818173,595,67610818768,67610818768
2025-06-19 03:06:34,REAL,67610818768,151505,67610970273,67610970273
2025-06-19 03:06:36,REAL,67610970273,148016,67611118289,67611118289
2025-06-19 03:06:38,REAL,67611118289,29459,67611147748,67611147748
2025-06-19 03:06:40,REAL,67611147748,29664,67611177412,67611177412
2025-06-19 03:06:42,REAL,67611177412,29331,67611206743,67611206743
2025-06-19 03:06:44,REAL,67611206743,29034,67611235777,67611235777
2025-06-19 03:06:46,REAL,67611235777,29153,67611264930,67611264930
2025-06-19 03:06:48,REAL,67611264930,29130,67611294060,67611294060
2025-06-19 03:06:50,REAL,67611294060,666,67611294726,67611294726
2025-06-19 03:06:52,REAL,67611294726,602,67611295328,67611295328
2025-06-19 03:06:54,REAL,67611295328,677,67611296005,67611296005
2025-06-19 03:06:56,REAL,67611296005,250912,67611546917,67611546917
2025-06-19 03:06:58,REAL,67611546917,29250,67611576167,67611576167
2025-06-19 03:07:00,REAL,67611576167,29039,67611605206,67611605206
2025-06-19 03:07:02,REAL,67611605206,29010,67611634216,67611634216
2025-06-19 03:07:04,REAL,67611634216,28584,67611662800,67611662800
2025-06-19 03:07:06,REAL,67611662800,29328,67611692128,67611692128
2025-06-19 03:07:08,REAL,67611692128,29045,67611721173,67611721173
2025-06-19 03:07:10,REAL,67611721173,14177,67611735350,67611735350
2025-06-19 03:07:12,REAL,67611735350,533,67611735883,67611735883
2025-06-19 03:07:14,REAL,67611735883,542,67611736425,67611736425
2025-06-19 03:07:16,REAL,67611736425,540,67611736965,67611736965
2025-06-19 03:07:18,REAL,67611736965,532,67611737497,67611737497
2025-06-19 03:07:20,REAL,67611737497,531,67611738028,67611738028
2025-06-19 03:07:22,REAL,67611738028,588,67611738616,67611738616
2025-06-19 03:07:24,REAL,67611738616,611,67611739227,67611739227
2025-06-19 03:07:26,REAL,67611739227,14261,67611753488,67611753488
2025-06-19 03:07:28,REAL,67611753488,238351,67611991839,67611991839
2025-06-19 03:07:30,REAL,67611991839,28830,67612020669,67612020669
2025-06-19 03:07:32,REAL,67612020669,28903,67612049572,67612049572
2025-06-19 03:07:34,REAL,67612049572,29106,67612078678,67612078678
2025-06-19 03:07:36,REAL,67612078678,28972,67612107650,67612107650
2025-06-19 03:07:38,REAL,67612107650,29490,67612137140,67612137140
2025-06-19 03:07:40,REAL,67612137140,29285,67612166425,67612166425
2025-06-19 03:07:42,REAL,67612166425,12186,67612178611,67612178611
2025-06-19 03:07:44,REAL,67612178611,538,67612179149,67612179149
2025-06-19 03:07:46,REAL,67612179149,540,67612179689,67612179689
2025-06-19 03:07:48,REAL,67612179689,537,67612180226,67612180226
2025-06-19 03:07:50,REAL,67612180226,548,67612180774,67612180774
2025-06-19 03:07:52,REAL,67612180774,538,67612181312,67612181312
2025-06-19 03:07:54,REAL,67612181312,625,67612181937,67612181937
2025-06-19 03:07:56,REAL,67612181937,538,67612182475,67612182475
2025-06-19 03:07:58,REAL,67612182475,604,67612183079,67612183079
2025-06-19 03:08:00,REAL,67612183079,543,67612183622,67612183622
2025-06-19 03:08:02,REAL,67612183622,530,67612184152,67612184152
2025-06-19 03:08:04,REAL,67612184152,600,67612184752,67612184752
2025-06-19 03:08:06,REAL,67612184752,537,67612185289,67612185289
2025-06-19 03:08:08,REAL,67612185289,550,67612185839,67612185839
2025-06-19 03:08:10,REAL,67612185839,616,67612186455,67612186455
2025-06-19 03:08:12,REAL,67612186455,541,67612186996,67612186996
2025-06-19 03:08:14,REAL,67612186996,597,67612187593,67612187593
2025-06-19 03:08:16,REAL,67612187593,588,67612188181,67612188181
2025-06-19 03:08:18,REAL,67612188181,541,67612188722,67612188722
2025-06-19 03:08:20,REAL,67612188722,545,67612189267,67612189267
2025-06-19 03:08:22,REAL,67612189267,534,67612189801,67612189801
2025-06-19 03:08:24,REAL,67612189801,618,67612190419,67612190419
2025-06-19 03:08:26,REAL,67612190419,534,67612190953,67612190953
2025-06-19 03:08:28,REAL,67612190953,535,67612191488,67612191488
2025-06-19 03:08:30,REAL,67612191488,654,67612192142,67612192142
2025-06-19 03:08:32,REAL,67612192142,603,67612192745,67612192745
2025-06-19 03:08:34,REAL,67612192745,602,67612193347,67612193347
2025-06-19 03:08:36,REAL,67612193347,539,67612193886,67612193886
2025-06-19 03:08:38,REAL,67612193886,543,67612194429,67612194429
2025-06-19 03:08:40,REAL,67612194429,618,67612195047,67612195047
2025-06-19 03:08:42,REAL,67612195047,533,67612195580,67612195580
2025-06-19 03:08:44,REAL,67612195580,538,67612196118,67612196118
2025-06-19 03:08:46,REAL,67612196118,549,67612196667,67612196667
2025-06-19 03:08:48,REAL,67612196667,591,67612197258,67612197258
2025-06-19 03:08:50,REAL,67612197258,599,67612197857,67612197857
2025-06-19 03:08:52,REAL,67612197857,200802,67612398659,67612398659
2025-06-19 03:08:54,REAL,67612398659,80440,67612479099,67612479099
2025-06-19 03:08:56,REAL,67612479099,28801,67612507900,67612507900
2025-06-19 03:08:58,REAL,67612507900,29256,67612537156,67612537156
2025-06-19 03:09:00,REAL,67612537156,29090,67612566246,67612566246
2025-06-19 03:09:02,REAL,67612566246,29524,67612595770,67612595770
2025-06-19 03:09:04,REAL,67612595770,28819,67612624589,67612624589
2025-06-19 03:09:06,REAL,67612624589,21556,67612646145,67612646145
2025-06-19 03:09:08,REAL,67612646145,608,67612646753,67612646753
2025-06-19 03:09:10,REAL,67612646753,676,67612647429,67612647429
2025-06-19 03:09:12,REAL,67612647429,71029,67612718458,67612718458
2025-06-19 03:09:14,REAL,67612718458,210498,67612928956,67612928956
2025-06-19 03:09:16,REAL,67612928956,29193,67612958149,67612958149
2025-06-19 03:09:18,REAL,67612958149,29454,67612987603,67612987603
2025-06-19 03:09:20,REAL,67612987603,29513,67613017116,67613017116
2025-06-19 03:09:22,REAL,67613017116,29428,67613046544,67613046544
2025-06-19 03:09:24,REAL,67613046544,29022,67613075566,67613075566
2025-06-19 03:09:26,REAL,67613075566,29784,67613105350,67613105350
2025-06-19 03:09:28,REAL,67613105350,6382,67613111732,67613111732
2025-06-19 03:09:30,REAL,67613111732,537,67613112269,67613112269
2025-06-19 03:09:32,REAL,67613112269,591,67613112860,67613112860
2025-06-19 03:09:34,REAL,67613112860,550,67613113410,67613113410
2025-06-19 03:09:36,REAL,67613113410,537,67613113947,67613113947
2025-06-19 03:09:38,REAL,67613113947,541,67613114488,67613114488
2025-06-19 03:09:40,REAL,67613114488,619,67613115107,67613115107
2025-06-19 03:09:42,REAL,67613115107,538,67613115645,67613115645
2025-06-19 03:09:44,REAL,67613115645,118112,67613233757,67613233757
2025-06-19 03:09:46,REAL,67613233757,187435,67613421192,67613421192
2025-06-19 03:09:48,REAL,67613421192,29597,67613450789,67613450789
2025-06-19 03:09:50,REAL,67613450789,29855,67613480644,67613480644
2025-06-19 03:09:52,REAL,67613480644,28583,67613509227,67613509227
2025-06-19 03:09:54,REAL,67613509227,28665,67613537892,67613537892
2025-06-19 03:09:56,REAL,67613537892,28957,67613566849,67613566849
2025-06-19 03:09:58,REAL,67613566849,28894,67613595743,67613595743
2025-06-19 03:10:00,REAL,67613595743,4651,67613600394,67613600394
2025-06-19 03:10:02,REAL,67613600394,541,67613600935,67613600935
2025-06-19 03:10:04,REAL,67613600935,538,67613601473,67613601473
2025-06-19 03:10:06,REAL,67613601473,530,67613602003,67613602003
2025-06-19 03:10:08,REAL,67613602003,549,67613602552,67613602552
2025-06-19 03:10:10,REAL,67613602552,615,67613603167,67613603167
2025-06-19 03:10:12,REAL,67613603167,536,67613603703,67613603703
2025-06-19 03:10:14,REAL,67613603703,587,67613604290,67613604290
2025-06-19 03:10:16,REAL,67613604290,603,67613604893,67613604893
2025-06-19 03:10:18,REAL,67613604893,547,67613605440,67613605440
2025-06-19 03:10:20,REAL,67613605440,542,67613605982,67613605982
2025-06-19 03:10:22,REAL,67613605982,536,67613606518,67613606518
2025-06-19 03:10:24,REAL,67613606518,542,67613607060,67613607060
2025-06-19 03:10:26,REAL,67613607060,613,67613607673,67613607673
2025-06-19 03:10:28,REAL,67613607673,539,67613608212,67613608212
2025-06-19 03:10:30,REAL,67613608212,545,67613608757,67613608757
2025-06-19 03:10:32,REAL,67613608757,668,67613609425,67613609425
2025-06-19 03:10:34,REAL,67613609425,663,67613610088,67613610088
2025-06-19 03:10:36,REAL,67613610088,602,67613610690,67613610690
2025-06-19 03:10:38,REAL,67613610690,532,67613611222,67613611222
2025-06-19 03:10:40,REAL,67613611222,612,67613611834,67613611834
2025-06-19 03:10:42,REAL,67613611834,542,67613612376,67613612376
2025-06-19 03:10:44,REAL,67613612376,544,67613612920,67613612920
2025-06-19 03:10:46,REAL,67613612920,543,67613613463,67613613463
2025-06-19 03:10:48,REAL,67613613463,539,67613614002,67613614002
2025-06-19 03:10:50,REAL,67613614002,533,67613614535,67613614535
2025-06-19 03:10:52,REAL,67613614535,607,67613615142,67613615142
2025-06-19 03:10:54,REAL,67613615142,545,67613615687,67613615687
2025-06-19 03:10:56,REAL,67613615687,613,67613616300,67613616300
2025-06-19 03:10:58,REAL,67613616300,601,67613616901,67613616901
2025-06-19 03:11:00,REAL,67613616901,538,67613617439,67613617439
2025-06-19 03:11:02,REAL,67613617439,535,67613617974,67613617974
2025-06-19 03:11:04,REAL,67613617974,541,67613618515,67613618515
2025-06-19 03:11:06,REAL,67613618515,539,67613619054,67613619054
2025-06-19 03:11:08,REAL,67613619054,600,67613619654,67613619654
2025-06-19 03:11:10,REAL,67613619654,613,67613620267,67613620267
2025-06-19 03:11:12,REAL,67613620267,541,67613620808,67613620808
2025-06-19 03:11:14,REAL,67613620808,538,67613621346,67613621346
2025-06-19 03:11:16,REAL,67613621346,539,67613621885,67613621885
2025-06-19 03:11:18,REAL,67613621885,596,67613622481,67613622481
2025-06-19 03:11:20,REAL,67613622481,536,67613623017,67613623017
2025-06-19 03:11:22,REAL,67613623017,542,67613623559,67613623559
2025-06-19 03:11:24,REAL,67613623559,597,67613624156,67613624156
2025-06-19 03:11:26,REAL,67613624156,618,67613624774,67613624774
2025-06-19 03:11:28,REAL,67613624774,535,67613625309,67613625309
2025-06-19 03:11:30,REAL,67613625309,539,67613625848,67613625848
2025-06-19 03:11:32,REAL,67613625848,538,67613626386,67613626386
2025-06-19 03:11:34,REAL,67613626386,537,67613626923,67613626923
2025-06-19 03:11:36,REAL,67613626923,536,67613627459,67613627459
2025-06-19 03:11:38,REAL,67613627459,536,67613627995,67613627995
2025-06-19 03:11:40,REAL,67613627995,739,67613628734,67613628734
2025-06-19 03:11:42,REAL,67613628734,544,67613629278,67613629278
2025-06-19 03:11:44,REAL,67613629278,540,67613629818,67613629818
2025-06-19 03:11:46,REAL,67613629818,543,67613630361,67613630361
2025-06-19 03:11:48,REAL,67613630361,549,67613630910,67613630910
2025-06-19 03:11:50,REAL,67613630910,533,67613631443,67613631443
2025-06-19 03:11:52,REAL,67613631443,539,67613631982,67613631982
2025-06-19 03:11:54,REAL,67613631982,537,67613632519,67613632519
2025-06-19 03:11:56,REAL,67613632519,668,67613633187,67613633187
2025-06-19 03:11:58,REAL,67613633187,542,67613633729,67613633729
2025-06-19 03:12:00,REAL,67613633729,538,67613634267,67613634267
2025-06-19 03:12:02,REAL,67613634267,546,67613634813,67613634813
2025-06-19 03:12:04,REAL,67613634813,599,67613635412,67613635412
2025-06-19 03:12:06,REAL,67613635412,544,67613635956,67613635956
2025-06-19 03:12:08,REAL,67613635956,544,67613636500,67613636500
2025-06-19 03:12:10,REAL,67613636500,617,67613637117,67613637117
2025-06-19 03:12:12,REAL,67613637117,601,67613637718,67613637718
2025-06-19 03:12:14,REAL,67613637718,533,67613638251,67613638251
2025-06-19 03:12:16,REAL,67613638251,537,67613638788,67613638788
2025-06-19 03:12:18,REAL,67613638788,537,67613639325,67613639325
2025-06-19 03:12:20,REAL,67613639325,593,67613639918,67613639918
2025-06-19 03:12:22,REAL,67613639918,540,67613640458,67613640458
2025-06-19 03:12:24,REAL,67613640458,544,67613641002,67613641002
2025-06-19 03:12:26,REAL,67613641002,616,67613641618,67613641618
2025-06-19 03:12:28,REAL,67613641618,600,67613642218,67613642218
2025-06-19 03:12:30,REAL,67613642218,538,67613642756,67613642756
2025-06-19 03:12:32,REAL,67613642756,539,67613643295,67613643295
2025-06-19 03:12:34,REAL,67613643295,538,67613643833,67613643833
2025-06-19 03:12:36,REAL,67613643833,544,67613644377,67613644377
2025-06-19 03:12:38,REAL,67613644377,534,67613644911,67613644911
2025-06-19 03:12:40,REAL,67613644911,614,67613645525,67613645525
2025-06-19 03:12:42,REAL,67613645525,541,67613646066,67613646066
2025-06-19 03:12:44,REAL,67613646066,604,67613646670,67613646670
2025-06-19 03:12:46,REAL,67613646670,540,67613647210,67613647210
2025-06-19 03:12:48,REAL,67613647210,356,67613647566,67613647566
2025-06-19 03:12:50,REAL,67613647566,542,67613648108,67613648108
2025-06-19 03:12:52,REAL,67613648108,547,67613648655,67613648655
2025-06-19 03:12:54,REAL,67613648655,540,67613649195,67613649195
2025-06-19 03:12:56,REAL,67613649195,614,67613649809,67613649809
2025-06-19 03:12:58,REAL,67613649809,545,67613650354,67613650354
2025-06-19 03:13:00,REAL,67613650354,595,67613650949,67613650949
2025-06-19 03:13:02,REAL,67613650949,587,67613651536,67613651536
2025-06-19 03:13:04,REAL,67613651536,546,67613652082,67613652082
2025-06-19 03:13:06,REAL,67613652082,544,67613652626,67613652626
2025-06-19 03:13:08,REAL,67613652626,538,67613653164,67613653164
2025-06-19 03:13:10,REAL,67613653164,608,67613653772,67613653772
2025-06-19 03:13:12,REAL,67613653772,545,67613654317,67613654317
2025-06-19 03:13:14,REAL,67613654317,538,67613654855,67613654855
2025-06-19 03:13:16,REAL,67613654855,605,67613655460,67613655460
2025-06-19 03:13:18,REAL,67613655460,541,67613656001,67613656001
2025-06-19 03:13:20,REAL,67613656001,544,67613656545,67613656545
2025-06-19 03:13:22,REAL,67613656545,537,67613657082,67613657082
2025-06-19 03:13:24,REAL,67613657082,537,67613657619,67613657619
2025-06-19 03:13:26,REAL,67613657619,613,67613658232,67613658232
2025-06-19 03:13:28,REAL,67613658232,539,67613658771,67613658771
2025-06-19 03:13:30,REAL,67613658771,544,67613659315,67613659315
2025-06-19 03:13:32,REAL,67613659315,596,67613659911,67613659911
2025-06-19 03:13:34,REAL,67613659911,596,67613660507,67613660507
2025-06-19 03:13:36,REAL,67613660507,543,67613661050,67613661050
2025-06-19 03:13:38,REAL,67613661050,545,67613661595,67613661595
2025-06-19 03:13:40,REAL,67613661595,609,67613662204,67613662204
2025-06-19 03:13:42,REAL,67613662204,597,67613662801,67613662801
2025-06-19 03:13:44,REAL,67613662801,534,67613663335,67613663335
2025-06-19 03:13:46,REAL,67613663335,537,67613663872,67613663872
2025-06-19 03:13:48,REAL,67613663872,606,67613664478,67613664478
2025-06-19 03:13:50,REAL,67613664478,540,67613665018,67613665018
2025-06-19 03:13:52,REAL,67613665018,536,67613665554,67613665554
2025-06-19 03:13:54,REAL,67613665554,535,67613666089,67613666089
2025-06-19 03:13:56,REAL,67613666089,617,67613666706,67613666706
2025-06-19 03:13:58,REAL,67613666706,540,67613667246,67613667246
2025-06-19 03:14:00,REAL,67613667246,544,67613667790,67613667790
2025-06-19 03:14:02,REAL,67613667790,538,67613668328,67613668328
2025-06-19 03:14:04,REAL,67613668328,104919,67613773247,67613773247
2025-06-19 03:14:06,REAL,67613773247,164463,67613937710,67613937710
2025-06-19 03:14:08,REAL,67613937710,28990,67613966700,67613966700
2025-06-19 03:14:10,REAL,67613966700,28943,67613995643,67613995643
2025-06-19 03:14:12,REAL,67613995643,29097,67614024740,67614024740
2025-06-19 03:14:14,REAL,67614024740,29049,67614053789,67614053789
2025-06-19 03:14:16,REAL,67614053789,29326,67614083115,67614083115
2025-06-19 03:14:18,REAL,67614083115,29151,67614112266,67614112266
2025-06-19 03:14:20,REAL,67614112266,3946,67614116212,67614116212
2025-06-19 03:14:22,REAL,67614116212,540,67614116752,67614116752
2025-06-19 03:14:24,REAL,67614116752,596,67614117348,67614117348
2025-06-19 03:14:26,REAL,67614117348,617,67614117965,67614117965
2025-06-19 03:14:28,REAL,67614117965,543,67614118508,67614118508
2025-06-19 03:14:30,REAL,67614118508,537,67614119045,67614119045
2025-06-19 03:14:32,REAL,67614119045,540,67614119585,67614119585
2025-06-19 03:14:34,REAL,67614119585,537,67614120122,67614120122
2025-06-19 03:14:36,REAL,67614120122,599,67614120721,67614120721
2025-06-19 03:14:38,REAL,67614120721,549,67614121270,67614121270
2025-06-19 03:14:40,REAL,67614121270,617,67614121887,67614121887
2025-06-19 03:14:42,REAL,67614121887,534,67614122421,67614122421
2025-06-19 03:14:44,REAL,67614122421,545,67614122966,67614122966
2025-06-19 03:14:46,REAL,67614122966,544,67614123510,67614123510
2025-06-19 03:14:48,REAL,67614123510,536,67614124046,67614124046
2025-06-19 03:14:50,REAL,67614124046,596,67614124642,67614124642
2025-06-19 03:14:52,REAL,67614124642,598,67614125240,67614125240
2025-06-19 03:14:54,REAL,67614125240,538,67614125778,67614125778
2025-06-19 03:14:56,REAL,67614125778,621,67614126399,67614126399
2025-06-19 03:14:58,REAL,67614126399,545,67614126944,67614126944
2025-06-19 03:15:00,REAL,67614126944,534,67614127478,67614127478
2025-06-19 03:15:02,REAL,67614127478,533,67614128011,67614128011
2025-06-19 03:15:04,REAL,67614128011,590,67614128601,67614128601
2025-06-19 03:15:06,REAL,67614128601,544,67614129145,67614129145
2025-06-19 03:15:08,REAL,67614129145,595,67614129740,67614129740
2025-06-19 03:15:10,REAL,67614129740,620,67614130360,67614130360
2025-06-19 03:15:12,REAL,67614130360,536,67614130896,67614130896
2025-06-19 03:15:14,REAL,67614130896,538,67614131434,67614131434
2025-06-19 03:15:16,REAL,67614131434,539,67614131973,67614131973
2025-06-19 03:15:18,REAL,67614131973,531,67614132504,67614132504
2025-06-19 03:15:20,REAL,67614132504,534,67614133038,67614133038
2025-06-19 03:15:22,REAL,67614133038,545,67614133583,67614133583
2025-06-19 03:15:24,REAL,67614133583,661,67614134244,67614134244
2025-06-19 03:15:26,REAL,67614134244,677,67614134921,67614134921
2025-06-19 03:15:28,REAL,67614134921,596,67614135517,67614135517
2025-06-19 03:15:30,REAL,67614135517,541,67614136058,67614136058
2025-06-19 03:15:32,REAL,67614136058,540,67614136598,67614136598
2025-06-19 03:15:34,REAL,67614136598,539,67614137137,67614137137
2025-06-19 03:15:36,REAL,67614137137,541,67614137678,67614137678
2025-06-19 03:15:38,REAL,67614137678,595,67614138273,67614138273
2025-06-19 03:15:40,REAL,67614138273,612,67614138885,67614138885
2025-06-19 03:15:42,REAL,67614138885,543,67614139428,67614139428
2025-06-19 03:15:44,REAL,67614139428,663,67614140091,67614140091
2025-06-19 03:15:46,REAL,67614140091,544,67614140635,67614140635
2025-06-19 03:15:48,REAL,67614140635,717,67614141352,67614141352
2025-06-19 03:15:50,REAL,67614141352,547,67614141899,67614141899
2025-06-19 03:15:52,REAL,67614141899,543,67614142442,67614142442
2025-06-19 03:15:54,REAL,67614142442,541,67614142983,67614142983
2025-06-19 03:15:56,REAL,67614142983,616,67614143599,67614143599
2025-06-19 03:15:58,REAL,67614143599,542,67614144141,67614144141
2025-06-19 03:16:00,REAL,67614144141,542,67614144683,67614144683
2025-06-19 03:16:02,REAL,67614144683,548,67614145231,67614145231
2025-06-19 03:16:04,REAL,67614145231,597,67614145828,67614145828
2025-06-19 03:16:06,REAL,67614145828,548,67614146376,67614146376
2025-06-19 03:16:08,REAL,67614146376,535,67614146911,67614146911
2025-06-19 03:16:10,REAL,67614146911,619,67614147530,67614147530
2025-06-19 03:16:12,REAL,67614147530,538,67614148068,67614148068
2025-06-19 03:16:14,REAL,67614148068,535,67614148603,67614148603
2025-06-19 03:16:16,REAL,67614148603,542,67614149145,67614149145
2025-06-19 03:16:18,REAL,67614149145,546,67614149691,67614149691
2025-06-19 03:16:20,REAL,67614149691,600,67614150291,67614150291
2025-06-19 03:16:22,REAL,67614150291,548,67614150839,67614150839
2025-06-19 03:16:24,REAL,67614150839,536,67614151375,67614151375
2025-06-19 03:16:26,REAL,67614151375,674,67614152049,67614152049
2025-06-19 03:16:28,REAL,67614152049,540,67614152589,67614152589
2025-06-19 03:16:30,REAL,67614152589,594,67614153183,67614153183
2025-06-19 03:16:32,REAL,67614153183,535,67614153718,67614153718
2025-06-19 03:16:34,REAL,67614153718,539,67614154257,67614154257
2025-06-19 03:16:36,REAL,67614154257,594,67614154851,67614154851
2025-06-19 03:16:38,REAL,67614154851,549,67614155400,67614155400
2025-06-19 03:16:40,REAL,67614155400,614,67614156014,67614156014
2025-06-19 03:16:42,REAL,67614156014,543,67614156557,67614156557
2025-06-19 03:16:44,REAL,67614156557,543,67614157100,67614157100
2025-06-19 03:16:46,REAL,67614157100,534,67614157634,67614157634
2025-06-19 03:16:48,REAL,67614157634,546,67614158180,67614158180
2025-06-19 03:16:50,REAL,67614158180,531,67614158711,67614158711
2025-06-19 03:16:52,REAL,67614158711,593,67614159304,67614159304
2025-06-19 03:16:54,REAL,67614159304,544,67614159848,67614159848
2025-06-19 03:16:56,REAL,67614159848,617,67614160465,67614160465
2025-06-19 03:16:58,REAL,67614160465,536,67614161001,67614161001
2025-06-19 03:17:00,REAL,67614161001,543,67614161544,67614161544
2025-06-19 03:17:02,REAL,67614161544,537,67614162081,67614162081
2025-06-19 03:17:04,REAL,67614162081,535,67614162616,67614162616
2025-06-19 03:17:06,REAL,67614162616,590,67614163206,67614163206
2025-06-19 03:17:08,REAL,67614163206,596,67614163802,67614163802
2025-06-19 03:17:10,REAL,67614163802,194689,67614358491,67614358491
2025-06-19 03:17:12,REAL,67614358491,82831,67614441322,67614441322
2025-06-19 03:17:14,REAL,67614441322,28864,67614470186,67614470186
2025-06-19 03:17:16,REAL,67614470186,28893,67614499079,67614499079
2025-06-19 03:17:18,REAL,67614499079,28887,67614527966,67614527966
2025-06-19 03:17:20,REAL,67614527966,29119,67614557085,67614557085
2025-06-19 03:17:22,REAL,67614557085,28921,67614586006,67614586006
2025-06-19 03:17:24,REAL,67614586006,22710,67614608716,67614608716
2025-06-19 03:17:26,REAL,67614608716,623,67614609339,67614609339
2025-06-19 03:17:28,REAL,67614609339,537,67614609876,67614609876
2025-06-19 03:17:30,REAL,67614609876,540,67614610416,67614610416
2025-06-19 03:17:32,REAL,67614610416,538,67614610954,67614610954
2025-06-19 03:17:34,REAL,67614610954,541,67614611495,67614611495
2025-06-19 03:17:36,REAL,67614611495,539,67614612034,67614612034
2025-06-19 03:17:38,REAL,67614612034,539,67614612573,67614612573
2025-06-19 03:17:40,REAL,67614612573,650,67614613223,67614613223
2025-06-19 03:17:42,REAL,67614613223,214493,67614827716,67614827716
2025-06-19 03:17:44,REAL,67614827716,55372,67614883088,67614883088
2025-06-19 03:17:46,REAL,67614883088,29115,67614912203,67614912203
2025-06-19 03:17:48,REAL,67614912203,28994,67614941197,67614941197
2025-06-19 03:17:50,REAL,67614941197,29410,67614970607,67614970607
2025-06-19 03:17:52,REAL,67614970607,28631,67614999238,67614999238
2025-06-19 03:17:54,REAL,67614999238,28914,67615028152,67615028152
2025-06-19 03:17:56,REAL,67615028152,20587,67615048739,67615048739
2025-06-19 03:17:58,REAL,67615048739,546,67615049285,67615049285
2025-06-19 03:18:00,REAL,67615049285,536,67615049821,67615049821
2025-06-19 03:18:02,REAL,67615049821,546,67615050367,67615050367
2025-06-19 03:18:04,REAL,67615050367,537,67615050904,67615050904
2025-06-19 03:18:06,REAL,67615050904,536,67615051440,67615051440
2025-06-19 03:18:08,REAL,67615051440,531,67615051971,67615051971
2025-06-19 03:18:10,REAL,67615051971,537,67615052508,67615052508
2025-06-19 03:18:12,REAL,67615052508,679,67615053187,67615053187
2025-06-19 03:18:14,REAL,67615053187,233600,67615286787,67615286787
2025-06-19 03:18:16,REAL,67615286787,43561,67615330348,67615330348
2025-06-19 03:18:18,REAL,67615330348,29573,67615359921,67615359921
2025-06-19 03:18:20,REAL,67615359921,29632,67615389553,67615389553
2025-06-19 03:18:22,REAL,67615389553,29142,67615418695,67615418695
2025-06-19 03:18:24,REAL,67615418695,29569,67615448264,67615448264
2025-06-19 03:18:26,REAL,67615448264,29101,67615477365,67615477365
2025-06-19 03:18:28,REAL,67615477365,18707,67615496072,67615496072
2025-06-19 03:18:30,REAL,67615496072,540,67615496612,67615496612
2025-06-19 03:18:32,REAL,67615496612,540,67615497152,67615497152
2025-06-19 03:18:34,REAL,67615497152,545,67615497697,67615497697
2025-06-19 03:18:36,REAL,67615497697,538,67615498235,67615498235
2025-06-19 03:18:38,REAL,67615498235,541,67615498776,67615498776
2025-06-19 03:18:40,REAL,67615498776,545,67615499321,67615499321
2025-06-19 03:18:42,REAL,67615499321,613,67615499934,67615499934
2025-06-19 03:18:44,REAL,67615499934,598,67615500532,67615500532
2025-06-19 03:18:46,REAL,67615500532,251020,67615751552,67615751552
2025-06-19 03:18:48,REAL,67615751552,34631,67615786183,67615786183
2025-06-19 03:18:50,REAL,67615786183,29119,67615815302,67615815302
2025-06-19 03:18:52,REAL,67615815302,28381,67615843683,67615843683
2025-06-19 03:18:54,REAL,67615843683,28736,67615872419,67615872419
2025-06-19 03:18:56,REAL,67615872419,29035,67615901454,67615901454
2025-06-19 03:18:58,REAL,67615901454,28622,67615930076,67615930076
2025-06-19 03:19:00,REAL,67615930076,16352,67615946428,67615946428
2025-06-19 03:19:02,REAL,67615946428,542,67615946970,67615946970
2025-06-19 03:19:04,REAL,67615946970,543,67615947513,67615947513
2025-06-19 03:19:06,REAL,67615947513,538,67615948051,67615948051
2025-06-19 03:19:08,REAL,67615948051,538,67615948589,67615948589
2025-06-19 03:19:10,REAL,67615948589,545,67615949134,67615949134
2025-06-19 03:19:12,REAL,67615949134,615,67615949749,67615949749
2025-06-19 03:19:14,REAL,67615949749,549,67615950298,67615950298
2025-06-19 03:19:16,REAL,67615950298,672,67615950970,67615950970
2025-06-19 03:19:18,REAL,67615950970,600,67615951570,67615951570
2025-06-19 03:19:20,REAL,67615951570,600,67615952170,67615952170
2025-06-19 03:19:22,REAL,67615952170,596,67615952766,67615952766
2025-06-19 03:19:24,REAL,67615952766,651,67615953417,67615953417
2025-06-19 03:19:26,REAL,67615953417,615,67615954032,67615954032
2025-06-19 03:19:28,REAL,67615954032,547,67615954579,67615954579
2025-06-19 03:19:30,REAL,67615954579,533,67615955112,67615955112
2025-06-19 03:19:32,REAL,67615955112,544,67615955656,67615955656
2025-06-19 03:19:34,REAL,67615955656,595,67615956251,67615956251
2025-06-19 03:19:36,REAL,67615956251,538,67615956789,67615956789
2025-06-19 03:19:38,REAL,67615956789,593,67615957382,67615957382
2025-06-19 03:19:40,REAL,67615957382,536,67615957918,67615957918
2025-06-19 03:19:42,REAL,67615957918,610,67615958528,67615958528
2025-06-19 03:19:44,REAL,67615958528,540,67615959068,67615959068
2025-06-19 03:19:46,REAL,67615959068,538,67615959606,67615959606
2025-06-19 03:19:48,REAL,67615959606,546,67615960152,67615960152
2025-06-19 03:19:50,REAL,67615960152,534,67615960686,67615960686
2025-06-19 03:19:52,REAL,67615960686,601,67615961287,67615961287
2025-06-19 03:19:54,REAL,67615961287,530,67615961817,67615961817
2025-06-19 03:19:56,REAL,67615961817,536,67615962353,67615962353
2025-06-19 03:19:58,REAL,67615962353,608,67615962961,67615962961
2025-06-19 03:20:00,REAL,67615962961,594,67615963555,67615963555
2025-06-19 03:20:02,REAL,67615963555,543,67615964098,67615964098
2025-06-19 03:20:04,REAL,67615964098,536,67615964634,67615964634
2025-06-19 03:20:06,REAL,67615964634,548,67615965182,67615965182
2025-06-19 03:20:08,REAL,67615965182,591,67615965773,67615965773
2025-06-19 03:20:10,REAL,67615965773,537,67615966310,67615966310
2025-06-19 03:20:12,REAL,67615966310,609,67615966919,67615966919
2025-06-19 03:20:14,REAL,67615966919,541,67615967460,67615967460
2025-06-19 03:20:16,REAL,67615967460,549,67615968009,67615968009
2025-06-19 03:20:18,REAL,67615968009,538,67615968547,67615968547
2025-06-19 03:20:20,REAL,67615968547,545,67615969092,67615969092
2025-06-19 03:20:22,REAL,67615969092,589,67615969681,67615969681
2025-06-19 03:20:24,REAL,67615969681,602,67615970283,67615970283
2025-06-19 03:20:26,REAL,67615970283,539,67615970822,67615970822
2025-06-19 03:20:28,REAL,67615970822,618,67615971440,67615971440
2025-06-19 03:20:30,REAL,67615971440,546,67615971986,67615971986
2025-06-19 03:20:32,REAL,67615971986,532,67615972518,67615972518
2025-06-19 03:20:34,REAL,67615972518,594,67615973112,67615973112
2025-06-19 03:20:36,REAL,67615973112,547,67615973659,67615973659
2025-06-19 03:20:38,REAL,67615973659,547,67615974206,67615974206
2025-06-19 03:20:40,REAL,67615974206,608,67615974814,67615974814
2025-06-19 03:20:42,REAL,67615974814,620,67615975434,67615975434
2025-06-19 03:20:44,REAL,67615975434,541,67615975975,67615975975
2025-06-19 03:20:46,REAL,67615975975,540,67615976515,67615976515
2025-06-19 03:20:48,REAL,67615976515,595,67615977110,67615977110
2025-06-19 03:20:50,REAL,67615977110,544,67615977654,67615977654
2025-06-19 03:20:52,REAL,67615977654,539,67615978193,67615978193
2025-06-19 03:20:54,REAL,67615978193,542,67615978735,67615978735
2025-06-19 03:20:56,REAL,67615978735,595,67615979330,67615979330
2025-06-19 03:20:58,REAL,67615979330,611,67615979941,67615979941
2025-06-19 03:21:00,REAL,67615979941,541,67615980482,67615980482
2025-06-19 03:21:02,REAL,67615980482,538,67615981020,67615981020
2025-06-19 03:21:04,REAL,67615981020,540,67615981560,67615981560
2025-06-19 03:21:06,REAL,67615981560,532,67615982092,67615982092
2025-06-19 03:21:08,REAL,67615982092,596,67615982688,67615982688
2025-06-19 03:21:10,REAL,67615982688,542,67615983230,67615983230
2025-06-19 03:21:12,REAL,67615983230,729,67615983959,67615983959
2025-06-19 03:21:14,REAL,67615983959,540,67615984499,67615984499
2025-06-19 03:21:16,REAL,67615984499,548,67615985047,67615985047
2025-06-19 03:21:18,REAL,67615985047,543,67615985590,67615985590
2025-06-19 03:21:20,REAL,67615985590,537,67615986127,67615986127
2025-06-19 03:21:22,REAL,67615986127,546,67615986673,67615986673
2025-06-19 03:21:24,REAL,67615986673,546,67615987219,67615987219
2025-06-19 03:21:26,REAL,67615987219,537,67615987756,67615987756
2025-06-19 03:21:28,REAL,67615987756,672,67615988428,67615988428
2025-06-19 03:21:30,REAL,67615988428,204587,67616193015,67616193015
2025-06-19 03:21:32,REAL,67616193015,75209,67616268224,67616268224
2025-06-19 03:21:34,REAL,67616268224,29397,67616297621,67616297621
2025-06-19 03:21:36,REAL,67616297621,29338,67616326959,67616326959
2025-06-19 03:21:38,REAL,67616326959,28799,67616355758,67616355758
2025-06-19 03:21:40,REAL,67616355758,28767,67616384525,67616384525
2025-06-19 03:21:42,REAL,67616384525,29259,67616413784,67616413784
2025-06-19 03:21:44,REAL,67616413784,21725,67616435509,67616435509
2025-06-19 03:21:46,REAL,67616435509,536,67616436045,67616436045
2025-06-19 03:21:48,REAL,67616436045,539,67616436584,67616436584
2025-06-19 03:21:50,REAL,67616436584,541,67616437125,67616437125
2025-06-19 03:21:52,REAL,67616437125,542,67616437667,67616437667
2025-06-19 03:21:54,REAL,67616437667,594,67616438261,67616438261
2025-06-19 03:21:56,REAL,67616438261,547,67616438808,67616438808
2025-06-19 03:21:58,REAL,67616438808,616,67616439424,67616439424
2025-06-19 03:22:00,REAL,67616439424,598,67616440022,67616440022
2025-06-19 03:22:02,REAL,67616440022,216919,67616656941,67616656941
2025-06-19 03:22:04,REAL,67616656941,68222,67616725163,67616725163
2025-06-19 03:22:06,REAL,67616725163,28850,67616754013,67616754013
2025-06-19 03:22:08,REAL,67616754013,28977,67616782990,67616782990
2025-06-19 03:22:10,REAL,67616782990,28853,67616811843,67616811843
2025-06-19 03:22:12,REAL,67616811843,29351,67616841194,67616841194
2025-06-19 03:22:14,REAL,67616841194,29255,67616870449,67616870449
2025-06-19 03:22:16,REAL,67616870449,20219,67616890668,67616890668
2025-06-19 03:22:18,REAL,67616890668,549,67616891217,67616891217
2025-06-19 03:22:20,REAL,67616891217,539,67616891756,67616891756
2025-06-19 03:22:22,REAL,67616891756,535,67616892291,67616892291
2025-06-19 03:22:24,REAL,67616892291,540,67616892831,67616892831
2025-06-19 03:22:26,REAL,67616892831,595,67616893426,67616893426
2025-06-19 03:22:28,REAL,67616893426,623,67616894049,67616894049
2025-06-19 03:22:30,REAL,67616894049,545,67616894594,67616894594
2025-06-19 03:22:32,REAL,67616894594,599,67616895193,67616895193
2025-06-19 03:22:34,REAL,67616895193,544,67616895737,67616895737
2025-06-19 03:22:36,REAL,67616895737,543,67616896280,67616896280
2025-06-19 03:22:38,REAL,67616896280,533,67616896813,67616896813
2025-06-19 03:22:40,REAL,67616896813,543,67616897356,67616897356
2025-06-19 03:22:42,REAL,67616897356,620,67616897976,67616897976
2025-06-19 03:22:44,REAL,67616897976,536,67616898512,67616898512
2025-06-19 03:22:46,REAL,67616898512,544,67616899056,67616899056
2025-06-19 03:22:48,REAL,67616899056,605,67616899661,67616899661
2025-06-19 03:22:50,REAL,67616899661,660,67616900321,67616900321
2025-06-19 03:22:52,REAL,67616900321,666,67616900987,67616900987
2025-06-19 03:22:54,REAL,67616900987,593,67616901580,67616901580
2025-06-19 03:22:56,REAL,67616901580,535,67616902115,67616902115
2025-06-19 03:22:58,REAL,67616902115,620,67616902735,67616902735
2025-06-19 03:23:00,REAL,67616902735,540,67616903275,67616903275
2025-06-19 03:23:02,REAL,67616903275,545,67616903820,67616903820
2025-06-19 03:23:04,REAL,67616903820,542,67616904362,67616904362
2025-06-19 03:23:06,REAL,67616904362,532,67616904894,67616904894
2025-06-19 03:23:08,REAL,67616904894,542,67616905436,67616905436
2025-06-19 03:23:10,REAL,67616905436,99053,67617004489,67617004489
2025-06-19 03:23:12,REAL,67617004489,176125,67617180614,67617180614
2025-06-19 03:23:14,REAL,67617180614,29411,67617210025,67617210025
2025-06-19 03:23:16,REAL,67617210025,28525,67617238550,67617238550
2025-06-19 03:23:18,REAL,67617238550,28567,67617267117,67617267117
2025-06-19 03:23:20,REAL,67617267117,29023,67617296140,67617296140
2025-06-19 03:23:22,REAL,67617296140,29356,67617325496,67617325496
2025-06-19 03:23:24,REAL,67617325496,29786,67617355282,67617355282
2025-06-19 03:23:26,REAL,67617355282,2533,67617357815,67617357815
2025-06-19 03:23:28,REAL,67617357815,607,67617358422,67617358422
2025-06-19 03:23:30,REAL,67617358422,539,67617358961,67617358961
2025-06-19 03:23:32,REAL,67617358961,539,67617359500,67617359500
2025-06-19 03:23:34,REAL,67617359500,592,67617360092,67617360092
2025-06-19 03:23:36,REAL,67617360092,534,67617360626,67617360626
2025-06-19 03:23:38,REAL,67617360626,544,67617361170,67617361170
2025-06-19 03:23:40,REAL,67617361170,543,67617361713,67617361713
2025-06-19 03:23:42,REAL,67617361713,684,67617362397,67617362397
2025-06-19 03:23:44,REAL,67617362397,532,67617362929,67617362929
2025-06-19 03:23:46,REAL,67617362929,543,67617363472,67617363472
2025-06-19 03:23:48,REAL,67617363472,532,67617364004,67617364004
2025-06-19 03:23:50,REAL,67617364004,539,67617364543,67617364543
2025-06-19 03:23:52,REAL,67617364543,541,67617365084,67617365084
2025-06-19 03:23:54,REAL,67617365084,541,67617365625,67617365625
2025-06-19 03:23:56,REAL,67617365625,539,67617366164,67617366164
2025-06-19 03:23:58,REAL,67617366164,739,67617366903,67617366903
2025-06-19 03:24:00,REAL,67617366903,592,67617367495,67617367495
2025-06-19 03:24:02,REAL,67617367495,544,67617368039,67617368039
2025-06-19 03:24:04,REAL,67617368039,538,67617368577,67617368577
2025-06-19 03:24:06,REAL,67617368577,543,67617369120,67617369120
2025-06-19 03:24:08,REAL,67617369120,541,67617369661,67617369661
2025-06-19 03:24:10,REAL,67617369661,533,67617370194,67617370194
2025-06-19 03:24:12,REAL,67617370194,668,67617370862,67617370862
2025-06-19 03:24:14,REAL,67617370862,139365,67617510227,67617510227
2025-06-19 03:24:16,REAL,67617510227,112627,67617622854,67617622854
2025-06-19 03:24:18,REAL,67617622854,28886,67617651740,67617651740
2025-06-19 03:24:20,REAL,67617651740,28754,67617680494,67617680494
2025-06-19 03:24:22,REAL,67617680494,29542,67617710036,67617710036
2025-06-19 03:24:24,REAL,67617710036,28916,67617738952,67617738952
2025-06-19 03:24:26,REAL,67617738952,30520,67617769472,67617769472
2025-06-19 03:24:28,REAL,67617769472,26512,67617795984,67617795984
2025-06-19 03:24:30,REAL,67617795984,536,67617796520,67617796520
2025-06-19 03:24:32,REAL,67617796520,589,67617797109,67617797109
2025-06-19 03:24:34,REAL,67617797109,545,67617797654,67617797654
2025-06-19 03:24:36,REAL,67617797654,539,67617798193,67617798193
2025-06-19 03:24:38,REAL,67617798193,596,67617798789,67617798789
2025-06-19 03:24:40,REAL,67617798789,540,67617799329,67617799329
2025-06-19 03:24:42,REAL,67617799329,609,67617799938,67617799938
2025-06-19 03:24:44,REAL,67617799938,601,67617800539,67617800539
2025-06-19 03:24:46,REAL,67617800539,603,67617801142,67617801142
2025-06-19 03:24:48,REAL,67617801142,606,67617801748,67617801748
2025-06-19 03:24:50,REAL,67617801748,597,67617802345,67617802345
2025-06-19 03:24:52,REAL,67617802345,544,67617802889,67617802889
2025-06-19 03:24:54,REAL,67617802889,547,67617803436,67617803436
2025-06-19 03:24:56,REAL,67617803436,542,67617803978,67617803978
2025-06-19 03:24:58,REAL,67617803978,615,67617804593,67617804593
2025-06-19 03:25:00,REAL,67617804593,534,67617805127,67617805127
2025-06-19 03:25:02,REAL,67617805127,534,67617805661,67617805661
2025-06-19 03:25:04,REAL,67617805661,603,67617806264,67617806264
2025-06-19 03:25:06,REAL,67617806264,662,67617806926,67617806926
2025-06-19 03:25:08,REAL,67617806926,537,67617807463,67617807463
2025-06-19 03:25:10,REAL,67617807463,538,67617808001,67617808001
2025-06-19 03:25:12,REAL,67617808001,617,67617808618,67617808618
2025-06-19 03:25:14,REAL,67617808618,540,67617809158,67617809158
2025-06-19 03:25:16,REAL,67617809158,541,67617809699,67617809699
2025-06-19 03:25:18,REAL,67617809699,534,67617810233,67617810233
2025-06-19 03:25:20,REAL,67617810233,539,67617810772,67617810772
2025-06-19 03:25:22,REAL,67617810772,42774,67617853546,67617853546
2025-06-19 03:25:24,REAL,67617853546,216385,67618069931,67618069931
2025-06-19 03:25:26,REAL,67618069931,30028,67618099959,67618099959
2025-06-19 03:25:28,REAL,67618099959,28766,67618128725,67618128725
2025-06-19 03:25:30,REAL,67618128725,29298,67618158023,67618158023
2025-06-19 03:25:32,REAL,67618158023,28889,67618186912,67618186912
2025-06-19 03:25:34,REAL,67618186912,29410,67618216322,67618216322
2025-06-19 03:25:36,REAL,67618216322,29573,67618245895,67618245895
2025-06-19 03:25:38,REAL,67618245895,8932,67618254827,67618254827
2025-06-19 03:25:40,REAL,67618254827,595,67618255422,67618255422
2025-06-19 03:25:42,REAL,67618255422,605,67618256027,67618256027
2025-06-19 03:25:44,REAL,67618256027,541,67618256568,67618256568
2025-06-19 03:25:46,REAL,67618256568,538,67618257106,67618257106
2025-06-19 03:25:48,REAL,67618257106,532,67618257638,67618257638
2025-06-19 03:25:50,REAL,67618257638,534,67618258172,67618258172
2025-06-19 03:25:52,REAL,67618258172,540,67618258712,67618258712
2025-06-19 03:25:54,REAL,67618258712,653,67618259365,67618259365
2025-06-19 03:25:56,REAL,67618259365,602,67618259967,67618259967
2025-06-19 03:25:58,REAL,67618259967,673,67618260640,67618260640
2025-06-19 03:26:00,REAL,67618260640,595,67618261235,67618261235
2025-06-19 03:26:02,REAL,67618261235,539,67618261774,67618261774
2025-06-19 03:26:04,REAL,67618261774,535,67618262309,67618262309
2025-06-19 03:26:06,REAL,67618262309,545,67618262854,67618262854
2025-06-19 03:26:08,REAL,67618262854,538,67618263392,67618263392
2025-06-19 03:26:10,REAL,67618263392,537,67618263929,67618263929
2025-06-19 03:26:12,REAL,67618263929,616,67618264545,67618264545
2025-06-19 03:26:14,REAL,67618264545,646,67618265191,67618265191
2025-06-19 03:26:16,REAL,67618265191,207878,67618473069,67618473069
2025-06-19 03:26:18,REAL,67618473069,67953,67618541022,67618541022
2025-06-19 03:26:20,REAL,67618541022,28703,67618569725,67618569725
2025-06-19 03:26:22,REAL,67618569725,29123,67618598848,67618598848
2025-06-19 03:26:24,REAL,67618598848,29193,67618628041,67618628041
2025-06-19 03:26:26,REAL,67618628041,29202,67618657243,67618657243
2025-06-19 03:26:28,REAL,67618657243,29056,67618686299,67618686299
2025-06-19 03:26:30,REAL,67618686299,20865,67618707164,67618707164
2025-06-19 03:26:32,REAL,67618707164,538,67618707702,67618707702
2025-06-19 03:26:34,REAL,67618707702,544,67618708246,67618708246
2025-06-19 03:26:36,REAL,67618708246,545,67618708791,67618708791
2025-06-19 03:26:38,REAL,67618708791,534,67618709325,67618709325
2025-06-19 03:26:40,REAL,67618709325,537,67618709862,67618709862
2025-06-19 03:26:42,REAL,67618709862,614,67618710476,67618710476
2025-06-19 03:26:44,REAL,67618710476,545,67618711021,67618711021
2025-06-19 03:26:46,REAL,67618711021,596,67618711617,67618711617
2025-06-19 03:26:48,REAL,67618711617,600,67618712217,67618712217
2025-06-19 03:26:50,REAL,67618712217,542,67618712759,67618712759
2025-06-19 03:26:52,REAL,67618712759,593,67618713352,67618713352
2025-06-19 03:26:54,REAL,67618713352,541,67618713893,67618713893
2025-06-19 03:26:56,REAL,67618713893,544,67618714437,67618714437
2025-06-19 03:26:58,REAL,67618714437,613,67618715050,67618715050
2025-06-19 03:27:00,REAL,67618715050,539,67618715589,67618715589
2025-06-19 03:27:02,REAL,67618715589,596,67618716185,67618716185
2025-06-19 03:27:04,REAL,67618716185,545,67618716730,67618716730
2025-06-19 03:27:06,REAL,67618716730,549,67618717279,67618717279
2025-06-19 03:27:08,REAL,67618717279,539,67618717818,67618717818
2025-06-19 03:27:10,REAL,67618717818,543,67618718361,67618718361
2025-06-19 03:27:12,REAL,67618718361,599,67618718960,67618718960
2025-06-19 03:27:14,REAL,67618718960,620,67618719580,67618719580
2025-06-19 03:27:16,REAL,67618719580,542,67618720122,67618720122
2025-06-19 03:27:18,REAL,67618720122,602,67618720724,67618720724
2025-06-19 03:27:20,REAL,67618720724,542,67618721266,67618721266
2025-06-19 03:27:22,REAL,67618721266,538,67618721804,67618721804
2025-06-19 03:27:24,REAL,67618721804,547,67618722351,67618722351
2025-06-19 03:27:26,REAL,67618722351,540,67618722891,67618722891
2025-06-19 03:27:28,REAL,67618722891,676,67618723567,67618723567
2025-06-19 03:27:30,REAL,67618723567,540,67618724107,67618724107
2025-06-19 03:27:32,REAL,67618724107,540,67618724647,67618724647
2025-06-19 03:27:34,REAL,67618724647,598,67618725245,67618725245
2025-06-19 03:27:36,REAL,67618725245,539,67618725784,67618725784
2025-06-19 03:27:38,REAL,67618725784,533,67618726317,67618726317
2025-06-19 03:27:40,REAL,67618726317,601,67618726918,67618726918
2025-06-19 03:27:42,REAL,67618726918,547,67618727465,67618727465
2025-06-19 03:27:44,REAL,67618727465,615,67618728080,67618728080
2025-06-19 03:27:46,REAL,67618728080,544,67618728624,67618728624
2025-06-19 03:27:48,REAL,67618728624,537,67618729161,67618729161
2025-06-19 03:27:50,REAL,67618729161,598,67618729759,67618729759
2025-06-19 03:27:52,REAL,67618729759,534,67618730293,67618730293
2025-06-19 03:27:54,REAL,67618730293,540,67618730833,67618730833
2025-06-19 03:27:56,REAL,67618730833,531,67618731364,67618731364
2025-06-19 03:27:58,REAL,67618731364,617,67618731981,67618731981
2025-06-19 03:28:00,REAL,67618731981,542,67618732523,67618732523
2025-06-19 03:28:02,REAL,67618732523,540,67618733063,67618733063
2025-06-19 03:28:04,REAL,67618733063,541,67618733604,67618733604
2025-06-19 03:28:06,REAL,67618733604,706,67618734310,67618734310
2025-06-19 03:28:08,REAL,67618734310,542,67618734852,67618734852
2025-06-19 03:28:10,REAL,67618734852,531,67618735383,67618735383
2025-06-19 03:28:12,REAL,67618735383,545,67618735928,67618735928
2025-06-19 03:28:14,REAL,67618735928,619,67618736547,67618736547
2025-06-19 03:28:16,REAL,67618736547,534,67618737081,67618737081
2025-06-19 03:28:18,REAL,67618737081,550,67618737631,67618737631
2025-06-19 03:28:20,REAL,67618737631,539,67618738170,67618738170
2025-06-19 03:28:22,REAL,67618738170,597,67618738767,67618738767
2025-06-19 03:28:24,REAL,67618738767,540,67618739307,67618739307
2025-06-19 03:28:26,REAL,67618739307,540,67618739847,67618739847
2025-06-19 03:28:28,REAL,67618739847,618,67618740465,67618740465
2025-06-19 03:28:30,REAL,67618740465,540,67618741005,67618741005
2025-06-19 03:28:32,REAL,67618741005,534,67618741539,67618741539
2025-06-19 03:28:34,REAL,67618741539,604,67618742143,67618742143
2025-06-19 03:28:36,REAL,67618742143,539,67618742682,67618742682
2025-06-19 03:28:38,REAL,67618742682,601,67618743283,67618743283
2025-06-19 03:28:40,REAL,67618743283,544,67618743827,67618743827
2025-06-19 03:28:42,REAL,67618743827,602,67618744429,67618744429
2025-06-19 03:28:44,REAL,67618744429,617,67618745046,67618745046
2025-06-19 03:28:46,REAL,67618745046,538,67618745584,67618745584
2025-06-19 03:28:48,REAL,67618745584,534,67618746118,67618746118
2025-06-19 03:28:50,REAL,67618746118,542,67618746660,67618746660
2025-06-19 03:28:52,REAL,67618746660,536,67618747196,67618747196
2025-06-19 03:28:54,REAL,67618747196,602,67618747798,67618747798
2025-06-19 03:28:56,REAL,67618747798,542,67618748340,67618748340
2025-06-19 03:28:58,REAL,67618748340,611,67618748951,67618748951
2025-06-19 03:29:00,REAL,67618748951,602,67618749553,67618749553
2025-06-19 03:29:02,REAL,67618749553,537,67618750090,67618750090
2025-06-19 03:29:04,REAL,67618750090,543,67618750633,67618750633
2025-06-19 03:29:06,REAL,67618750633,539,67618751172,67618751172
2025-06-19 03:29:08,REAL,67618751172,531,67618751703,67618751703
2025-06-19 03:29:10,REAL,67618751703,602,67618752305,67618752305
2025-06-19 03:29:12,REAL,67618752305,539,67618752844,67618752844
2025-06-19 03:29:14,REAL,67618752844,623,67618753467,67618753467
2025-06-19 03:29:16,REAL,67618753467,532,67618753999,67618753999
2025-06-19 03:29:18,REAL,67618753999,539,67618754538,67618754538
2025-06-19 03:29:20,REAL,67618754538,597,67618755135,67618755135
2025-06-19 03:29:22,REAL,67618755135,542,67618755677,67618755677
2025-06-19 03:29:24,REAL,67618755677,547,67618756224,67618756224
2025-06-19 03:29:26,REAL,67618756224,648,67618756872,67618756872
2025-06-19 03:29:28,REAL,67618756872,614,67618757486,67618757486
2025-06-19 03:29:30,REAL,67618757486,547,67618758033,67618758033
2025-06-19 03:29:32,REAL,67618758033,538,67618758571,67618758571
2025-06-19 03:29:34,REAL,67618758571,548,67618759119,67618759119
2025-06-19 03:29:36,REAL,67618759119,533,67618759652,67618759652
2025-06-19 03:29:38,REAL,67618759652,537,67618760189,67618760189
2025-06-19 03:29:40,REAL,67618760189,538,67618760727,67618760727
2025-06-19 03:29:42,REAL,67618760727,40101,67618800828,67618800828
2025-06-19 03:29:44,REAL,67618800828,196953,67618997781,67618997781
2025-06-19 03:29:46,REAL,67618997781,29493,67619027274,67619027274
2025-06-19 03:29:48,REAL,67619027274,29981,67619057255,67619057255
2025-06-19 03:29:50,REAL,67619057255,29331,67619086586,67619086586
2025-06-19 03:29:52,REAL,67619086586,28771,67619115357,67619115357
2025-06-19 03:29:54,REAL,67619115357,29160,67619144517,67619144517
2025-06-19 03:29:56,REAL,67619144517,29279,67619173796,67619173796
2025-06-19 03:29:58,REAL,67619173796,8858,67619182654,67619182654
2025-06-19 03:30:00,REAL,67619182654,538,67619183192,67619183192
2025-06-19 03:30:02,REAL,67619183192,538,67619183730,67619183730
2025-06-19 03:30:04,REAL,67619183730,530,67619184260,67619184260
2025-06-19 03:30:06,REAL,67619184260,541,67619184801,67619184801
2025-06-19 03:30:08,REAL,67619184801,541,67619185342,67619185342
2025-06-19 03:30:10,REAL,67619185342,616,67619185958,67619185958
2025-06-19 03:30:12,REAL,67619185958,541,67619186499,67619186499
2025-06-19 03:30:14,REAL,67619186499,737,67619187236,67619187236
2025-06-19 03:30:16,REAL,67619187236,596,67619187832,67619187832
2025-06-19 03:30:18,REAL,67619187832,598,67619188430,67619188430
2025-06-19 03:30:20,REAL,67619188430,597,67619189027,67619189027
2025-06-19 03:30:22,REAL,67619189027,546,67619189573,67619189573
2025-06-19 03:30:24,REAL,67619189573,594,67619190167,67619190167
2025-06-19 03:30:26,REAL,67619190167,545,67619190712,67619190712
2025-06-19 03:30:28,REAL,67619190712,621,67619191333,67619191333
2025-06-19 03:30:30,REAL,67619191333,536,67619191869,67619191869
2025-06-19 03:30:32,REAL,67619191869,542,67619192411,67619192411
2025-06-19 03:30:34,REAL,67619192411,596,67619193007,67619193007
2025-06-19 03:30:36,REAL,67619193007,539,67619193546,67619193546
2025-06-19 03:30:38,REAL,67619193546,539,67619194085,67619194085
2025-06-19 03:30:40,REAL,67619194085,540,67619194625,67619194625
2025-06-19 03:30:42,REAL,67619194625,542,67619195167,67619195167
2025-06-19 03:30:44,REAL,67619195167,608,67619195775,67619195775
2025-06-19 03:30:46,REAL,67619195775,591,67619196366,67619196366
2025-06-19 03:30:48,REAL,67619196366,543,67619196909,67619196909
2025-06-19 03:30:50,REAL,67619196909,600,67619197509,67619197509
2025-06-19 03:30:52,REAL,67619197509,541,67619198050,67619198050
2025-06-19 03:30:54,REAL,67619198050,539,67619198589,67619198589
2025-06-19 03:30:56,REAL,67619198589,546,67619199135,67619199135
2025-06-19 03:30:58,REAL,67619199135,619,67619199754,67619199754
2025-06-19 03:31:00,REAL,67619199754,540,67619200294,67619200294
2025-06-19 03:31:02,REAL,67619200294,544,67619200838,67619200838
2025-06-19 03:31:04,REAL,67619200838,544,67619201382,67619201382
2025-06-19 03:31:06,REAL,67619201382,594,67619201976,67619201976
2025-06-19 03:31:08,REAL,67619201976,600,67619202576,67619202576
2025-06-19 03:31:10,REAL,67619202576,548,67619203124,67619203124
2025-06-19 03:31:12,REAL,67619203124,549,67619203673,67619203673
2025-06-19 03:31:14,REAL,67619203673,678,67619204351,67619204351
2025-06-19 03:31:16,REAL,67619204351,541,67619204892,67619204892
2025-06-19 03:31:18,REAL,67619204892,544,67619205436,67619205436
2025-06-19 03:31:20,REAL,67619205436,543,67619205979,67619205979
2025-06-19 03:31:22,REAL,67619205979,594,67619206573,67619206573
2025-06-19 03:31:24,REAL,67619206573,550,67619207123,67619207123
2025-06-19 03:31:26,REAL,67619207123,537,67619207660,67619207660
2025-06-19 03:31:28,REAL,67619207660,614,67619208274,67619208274
2025-06-19 03:31:30,REAL,67619208274,539,67619208813,67619208813
2025-06-19 03:31:32,REAL,67619208813,532,67619209345,67619209345
2025-06-19 03:31:34,REAL,67619209345,540,67619209885,67619209885
2025-06-19 03:31:36,REAL,67619209885,534,67619210419,67619210419
2025-06-19 03:31:38,REAL,67619210419,602,67619211021,67619211021
2025-06-19 03:31:40,REAL,67619211021,238329,67619449350,67619449350
2025-06-19 03:31:42,REAL,67619449350,31711,67619481061,67619481061
2025-06-19 03:31:44,REAL,67619481061,29757,67619510818,67619510818
2025-06-19 03:31:46,REAL,67619510818,29222,67619540040,67619540040
2025-06-19 03:31:48,REAL,67619540040,29157,67619569197,67619569197
2025-06-19 03:31:50,REAL,67619569197,29074,67619598271,67619598271
2025-06-19 03:31:52,REAL,67619598271,29183,67619627454,67619627454
2025-06-19 03:31:54,REAL,67619627454,16824,67619644278,67619644278
2025-06-19 03:31:56,REAL,67619644278,541,67619644819,67619644819
2025-06-19 03:31:58,REAL,67619644819,618,67619645437,67619645437
2025-06-19 03:32:00,REAL,67619645437,541,67619645978,67619645978
2025-06-19 03:32:02,REAL,67619645978,541,67619646519,67619646519
2025-06-19 03:32:04,REAL,67619646519,539,67619647058,67619647058
2025-06-19 03:32:06,REAL,67619647058,539,67619647597,67619647597
2025-06-19 03:32:08,REAL,67619647597,546,67619648143,67619648143
2025-06-19 03:32:10,REAL,67619648143,661,67619648804,67619648804
2025-06-19 03:32:12,REAL,67619648804,250986,67619899790,67619899790
2025-06-19 03:32:14,REAL,67619899790,28760,67619928550,67619928550
2025-06-19 03:32:16,REAL,67619928550,29785,67619958335,67619958335
2025-06-19 03:32:18,REAL,67619958335,29487,67619987822,67619987822
2025-06-19 03:32:20,REAL,67619987822,29015,67620016837,67620016837
2025-06-19 03:32:22,REAL,67620016837,29401,67620046238,67620046238
2025-06-19 03:32:24,REAL,67620046238,28789,67620075027,67620075027
2025-06-19 03:32:26,REAL,67620075027,15222,67620090249,67620090249
2025-06-19 03:32:28,REAL,67620090249,607,67620090856,67620090856
2025-06-19 03:32:30,REAL,67620090856,535,67620091391,67620091391
2025-06-19 03:32:32,REAL,67620091391,543,67620091934,67620091934
2025-06-19 03:32:34,REAL,67620091934,542,67620092476,67620092476
2025-06-19 03:32:36,REAL,67620092476,544,67620093020,67620093020
2025-06-19 03:32:38,REAL,67620093020,541,67620093561,67620093561
2025-06-19 03:32:40,REAL,67620093561,594,67620094155,67620094155
2025-06-19 03:32:42,REAL,67620094155,597,67620094752,67620094752
2025-06-19 03:32:44,REAL,67620094752,615,67620095367,67620095367
2025-06-19 03:32:46,REAL,67620095367,547,67620095914,67620095914
2025-06-19 03:32:48,REAL,67620095914,537,67620096451,67620096451
2025-06-19 03:32:50,REAL,67620096451,542,67620096993,67620096993
2025-06-19 03:32:52,REAL,67620096993,537,67620097530,67620097530
2025-06-19 03:32:54,REAL,67620097530,593,67620098123,67620098123
2025-06-19 03:32:56,REAL,67620098123,547,67620098670,67620098670
2025-06-19 03:32:58,REAL,67620098670,678,67620099348,67620099348
2025-06-19 03:33:00,REAL,67620099348,543,67620099891,67620099891
2025-06-19 03:33:02,REAL,67620099891,542,67620100433,67620100433
2025-06-19 03:33:04,REAL,67620100433,542,67620100975,67620100975
2025-06-19 03:33:06,REAL,67620100975,535,67620101510,67620101510
2025-06-19 03:33:08,REAL,67620101510,590,67620102100,67620102100
2025-06-19 03:33:10,REAL,67620102100,535,67620102635,67620102635
2025-06-19 03:33:12,REAL,67620102635,543,67620103178,67620103178
2025-06-19 03:33:14,REAL,67620103178,31816,67620134994,67620134994
2025-06-19 03:33:16,REAL,67620134994,219102,67620354096,67620354096
2025-06-19 03:33:18,REAL,67620354096,29060,67620383156,67620383156
2025-06-19 03:33:20,REAL,67620383156,28706,67620411862,67620411862
2025-06-19 03:33:22,REAL,67620411862,29013,67620440875,67620440875
2025-06-19 03:33:24,REAL,67620440875,29156,67620470031,67620470031
2025-06-19 03:33:26,REAL,67620470031,28388,67620498419,67620498419
2025-06-19 03:33:28,REAL,67620498419,29178,67620527597,67620527597
2025-06-19 03:33:30,REAL,67620527597,11264,67620538861,67620538861
2025-06-19 03:33:32,REAL,67620538861,540,67620539401,67620539401
2025-06-19 03:33:34,REAL,67620539401,537,67620539938,67620539938
2025-06-19 03:33:36,REAL,67620539938,597,67620540535,67620540535
2025-06-19 03:33:38,REAL,67620540535,546,67620541081,67620541081
2025-06-19 03:33:40,REAL,67620541081,546,67620541627,67620541627
2025-06-19 03:33:42,REAL,67620541627,541,67620542168,67620542168
2025-06-19 03:33:44,REAL,67620542168,617,67620542785,67620542785
2025-06-19 03:33:46,REAL,67620542785,598,67620543383,67620543383
2025-06-19 03:33:48,REAL,67620543383,544,67620543927,67620543927
2025-06-19 03:33:50,REAL,67620543927,546,67620544473,67620544473
2025-06-19 03:33:52,REAL,67620544473,532,67620545005,67620545005
2025-06-19 03:33:54,REAL,67620545005,531,67620545536,67620545536
2025-06-19 03:33:56,REAL,67620545536,541,67620546077,67620546077
2025-06-19 03:33:58,REAL,67620546077,673,67620546750,67620546750
2025-06-19 03:34:00,REAL,67620546750,531,67620547281,67620547281
2025-06-19 03:34:02,REAL,67620547281,666,67620547947,67620547947
2025-06-19 03:34:04,REAL,67620547947,543,67620548490,67620548490
2025-06-19 03:34:06,REAL,67620548490,595,67620549085,67620549085
2025-06-19 03:34:08,REAL,67620549085,541,67620549626,67620549626
2025-06-19 03:34:10,REAL,67620549626,545,67620550171,67620550171
2025-06-19 03:34:12,REAL,67620550171,542,67620550713,67620550713
2025-06-19 03:34:14,REAL,67620550713,611,67620551324,67620551324
2025-06-19 03:34:16,REAL,67620551324,540,67620551864,67620551864
2025-06-19 03:34:18,REAL,67620551864,539,67620552403,67620552403
2025-06-19 03:34:20,REAL,67620552403,595,67620552998,67620552998
2025-06-19 03:34:22,REAL,67620552998,540,67620553538,67620553538
2025-06-19 03:34:24,REAL,67620553538,530,67620554068,67620554068
2025-06-19 03:34:26,REAL,67620554068,545,67620554613,67620554613
2025-06-19 03:34:28,REAL,67620554613,615,67620555228,67620555228
2025-06-19 03:34:30,REAL,67620555228,536,67620555764,67620555764
2025-06-19 03:34:32,REAL,67620555764,537,67620556301,67620556301
2025-06-19 03:34:34,REAL,67620556301,599,67620556900,67620556900
2025-06-19 03:34:36,REAL,67620556900,661,67620557561,67620557561
2025-06-19 03:34:38,REAL,67620557561,601,67620558162,67620558162
2025-06-19 03:34:40,REAL,67620558162,661,67620558823,67620558823
2025-06-19 03:34:42,REAL,67620558823,605,67620559428,67620559428
2025-06-19 03:34:44,REAL,67620559428,668,67620560096,67620560096
2025-06-19 03:34:46,REAL,67620560096,600,67620560696,67620560696
2025-06-19 03:34:48,REAL,67620560696,548,67620561244,67620561244
2025-06-19 03:34:50,REAL,67620561244,539,67620561783,67620561783
2025-06-19 03:34:52,REAL,67620561783,548,67620562331,67620562331
2025-06-19 03:34:54,REAL,67620562331,547,67620562878,67620562878
2025-06-19 03:34:56,REAL,67620562878,541,67620563419,67620563419
2025-06-19 03:34:58,REAL,67620563419,532,67620563951,67620563951
2025-06-19 03:35:00,REAL,67620563951,618,67620564569,67620564569
2025-06-19 03:35:02,REAL,67620564569,648,67620565217,67620565217
2025-06-19 03:35:04,REAL,67620565217,545,67620565762,67620565762
2025-06-19 03:35:06,REAL,67620565762,540,67620566302,67620566302
2025-06-19 03:35:08,REAL,67620566302,541,67620566843,67620566843
2025-06-19 03:35:10,REAL,67620566843,533,67620567376,67620567376
2025-06-19 03:35:12,REAL,67620567376,531,67620567907,67620567907
2025-06-19 03:35:14,REAL,67620567907,614,67620568521,67620568521
2025-06-19 03:35:16,REAL,67620568521,539,67620569060,67620569060
2025-06-19 03:35:18,REAL,67620569060,603,67620569663,67620569663
2025-06-19 03:35:20,REAL,67620569663,541,67620570204,67620570204
2025-06-19 03:35:22,REAL,67620570204,546,67620570750,67620570750
2025-06-19 03:35:24,REAL,67620570750,531,67620571281,67620571281
2025-06-19 03:35:26,REAL,67620571281,534,67620571815,67620571815
2025-06-19 03:35:28,REAL,67620571815,605,67620572420,67620572420
2025-06-19 03:35:30,REAL,67620572420,618,67620573038,67620573038
2025-06-19 03:35:32,REAL,67620573038,595,67620573633,67620573633
2025-06-19 03:35:34,REAL,67620573633,607,67620574240,67620574240
2025-06-19 03:35:36,REAL,67620574240,540,67620574780,67620574780
2025-06-19 03:35:38,REAL,67620574780,539,67620575319,67620575319
2025-06-19 03:35:40,REAL,67620575319,536,67620575855,67620575855
2025-06-19 03:35:42,REAL,67620575855,543,67620576398,67620576398
2025-06-19 03:35:44,REAL,67620576398,611,67620577009,67620577009
2025-06-19 03:35:46,REAL,67620577009,539,67620577548,67620577548
2025-06-19 03:35:48,REAL,67620577548,538,67620578086,67620578086
2025-06-19 03:35:50,REAL,67620578086,103244,67620681330,67620681330
2025-06-19 03:35:52,REAL,67620681330,160912,67620842242,67620842242
2025-06-19 03:35:54,REAL,67620842242,29725,67620871967,67620871967
2025-06-19 03:35:56,REAL,67620871967,29521,67620901488,67620901488
2025-06-19 03:35:58,REAL,67620901488,29133,67620930621,67620930621
2025-06-19 03:36:00,REAL,67620930621,29436,67620960057,67620960057
2025-06-19 03:36:02,REAL,67620960057,29423,67620989480,67620989480
2025-06-19 03:36:04,REAL,67620989480,29298,67621018778,67621018778
2025-06-19 03:36:06,REAL,67621018778,3359,67621022137,67621022137
2025-06-19 03:36:08,REAL,67621022137,549,67621022686,67621022686
2025-06-19 03:36:10,REAL,67621022686,544,67621023230,67621023230
2025-06-19 03:36:12,REAL,67621023230,540,67621023770,67621023770
2025-06-19 03:36:14,REAL,67621023770,615,67621024385,67621024385
2025-06-19 03:36:16,REAL,67621024385,541,67621024926,67621024926
2025-06-19 03:36:18,REAL,67621024926,540,67621025466,67621025466
2025-06-19 03:36:20,REAL,67621025466,541,67621026007,67621026007
2025-06-19 03:36:22,REAL,67621026007,602,67621026609,67621026609
2025-06-19 03:36:24,REAL,67621026609,543,67621027152,67621027152
2025-06-19 03:36:26,REAL,67621027152,533,67621027685,67621027685
2025-06-19 03:36:28,REAL,67621027685,595,67621028280,67621028280
2025-06-19 03:36:30,REAL,67621028280,614,67621028894,67621028894
2025-06-19 03:36:32,REAL,67621028894,538,67621029432,67621029432
2025-06-19 03:36:34,REAL,67621029432,542,67621029974,67621029974
2025-06-19 03:36:36,REAL,67621029974,542,67621030516,67621030516
2025-06-19 03:36:38,REAL,67621030516,657,67621031173,67621031173
2025-06-19 03:36:40,REAL,67621031173,547,67621031720,67621031720
2025-06-19 03:36:42,REAL,67621031720,546,67621032266,67621032266
2025-06-19 03:36:44,REAL,67621032266,621,67621032887,67621032887
2025-06-19 03:36:46,REAL,67621032887,610,67621033497,67621033497
2025-06-19 03:36:48,REAL,67621033497,545,67621034042,67621034042
2025-06-19 03:36:50,REAL,67621034042,544,67621034586,67621034586
2025-06-19 03:36:52,REAL,67621034586,540,67621035126,67621035126
2025-06-19 03:36:54,REAL,67621035126,601,67621035727,67621035727
2025-06-19 03:36:56,REAL,67621035727,536,67621036263,67621036263
2025-06-19 03:36:58,REAL,67621036263,537,67621036800,67621036800
2025-06-19 03:37:00,REAL,67621036800,614,67621037414,67621037414
2025-06-19 03:37:02,REAL,67621037414,547,67621037961,67621037961
2025-06-19 03:37:04,REAL,67621037961,546,67621038507,67621038507
2025-06-19 03:37:06,REAL,67621038507,542,67621039049,67621039049
2025-06-19 03:37:08,REAL,67621039049,602,67621039651,67621039651
2025-06-19 03:37:10,REAL,67621039651,537,67621040188,67621040188
2025-06-19 03:37:12,REAL,67621040188,538,67621040726,67621040726
2025-06-19 03:37:14,REAL,67621040726,541,67621041267,67621041267
2025-06-19 03:37:16,REAL,67621041267,665,67621041932,67621041932
2025-06-19 03:37:18,REAL,67621041932,532,67621042464,67621042464
2025-06-19 03:37:20,REAL,67621042464,548,67621043012,67621043012
2025-06-19 03:37:22,REAL,67621043012,548,67621043560,67621043560
2025-06-19 03:37:24,REAL,67621043560,606,67621044166,67621044166
2025-06-19 03:37:26,REAL,67621044166,658,67621044824,67621044824
2025-06-19 03:37:28,REAL,67621044824,596,67621045420,67621045420
2025-06-19 03:37:30,REAL,67621045420,673,67621046093,67621046093
2025-06-19 03:37:32,REAL,67621046093,539,67621046632,67621046632
2025-06-19 03:37:34,REAL,67621046632,541,67621047173,67621047173
2025-06-19 03:37:36,REAL,67621047173,540,67621047713,67621047713
2025-06-19 03:37:38,REAL,67621047713,539,67621048252,67621048252
2025-06-19 03:37:40,REAL,67621048252,534,67621048786,67621048786
2025-06-19 03:37:42,REAL,67621048786,547,67621049333,67621049333
2025-06-19 03:37:44,REAL,67621049333,534,67621049867,67621049867
2025-06-19 03:37:46,REAL,67621049867,668,67621050535,67621050535
2025-06-19 03:37:48,REAL,67621050535,545,67621051080,67621051080
2025-06-19 03:37:50,REAL,67621051080,545,67621051625,67621051625
2025-06-19 03:37:52,REAL,67621051625,540,67621052165,67621052165
2025-06-19 03:37:54,REAL,67621052165,547,67621052712,67621052712
2025-06-19 03:37:56,REAL,67621052712,546,67621053258,67621053258
2025-06-19 03:37:58,REAL,67621053258,541,67621053799,67621053799
2025-06-19 03:38:00,REAL,67621053799,616,67621054415,67621054415
2025-06-19 03:38:02,REAL,67621054415,652,67621055067,67621055067
2025-06-19 03:38:04,REAL,67621055067,545,67621055612,67621055612
2025-06-19 03:38:06,REAL,67621055612,537,67621056149,67621056149
2025-06-19 03:38:08,REAL,67621056149,545,67621056694,67621056694
2025-06-19 03:38:10,REAL,67621056694,532,67621057226,67621057226
2025-06-19 03:38:12,REAL,67621057226,545,67621057771,67621057771
2025-06-19 03:38:14,REAL,67621057771,546,67621058317,67621058317
2025-06-19 03:38:16,REAL,67621058317,666,67621058983,67621058983
2025-06-19 03:38:18,REAL,67621058983,601,67621059584,67621059584
2025-06-19 03:38:20,REAL,67621059584,545,67621060129,67621060129
2025-06-19 03:38:22,REAL,67621060129,546,67621060675,67621060675
2025-06-19 03:38:24,REAL,67621060675,545,67621061220,67621061220
2025-06-19 03:38:26,REAL,67621061220,538,67621061758,67621061758
2025-06-19 03:38:28,REAL,67621061758,544,67621062302,67621062302
2025-06-19 03:38:30,REAL,67621062302,615,67621062917,67621062917
2025-06-19 03:38:32,REAL,67621062917,540,67621063457,67621063457
2025-06-19 03:38:34,REAL,67621063457,602,67621064059,67621064059
2025-06-19 03:38:36,REAL,67621064059,545,67621064604,67621064604
2025-06-19 03:38:38,REAL,67621064604,540,67621065144,67621065144
2025-06-19 03:38:40,REAL,67621065144,537,67621065681,67621065681
2025-06-19 03:38:42,REAL,67621065681,540,67621066221,67621066221
2025-06-19 03:38:44,REAL,67621066221,548,67621066769,67621066769
2025-06-19 03:38:46,REAL,67621066769,610,67621067379,67621067379
2025-06-19 03:38:48,REAL,67621067379,539,67621067918,67621067918
2025-06-19 03:38:50,REAL,67621067918,655,67621068573,67621068573
2025-06-19 03:38:52,REAL,67621068573,541,67621069114,67621069114
2025-06-19 03:38:54,REAL,67621069114,541,67621069655,67621069655
2025-06-19 03:38:56,REAL,67621069655,541,67621070196,67621070196
2025-06-19 03:38:58,REAL,67621070196,547,67621070743,67621070743
2025-06-19 03:39:00,REAL,67621070743,623,67621071366,67621071366
2025-06-19 03:39:02,REAL,67621071366,590,67621071956,67621071956
2025-06-19 03:39:04,REAL,67621071956,543,67621072499,67621072499
2025-06-19 03:39:06,REAL,67621072499,601,67621073100,67621073100
2025-06-19 03:39:08,REAL,67621073100,545,67621073645,67621073645
2025-06-19 03:39:10,REAL,67621073645,540,67621074185,67621074185
2025-06-19 03:39:12,REAL,67621074185,543,67621074728,67621074728
2025-06-19 03:39:14,REAL,67621074728,540,67621075268,67621075268
2025-06-19 03:39:16,REAL,67621075268,607,67621075875,67621075875
2025-06-19 03:39:18,REAL,67621075875,541,67621076416,67621076416
2025-06-19 03:39:20,REAL,67621076416,544,67621076960,67621076960
2025-06-19 03:39:22,REAL,67621076960,601,67621077561,67621077561
2025-06-19 03:39:24,REAL,67621077561,542,67621078103,67621078103
2025-06-19 03:39:26,REAL,67621078103,542,67621078645,67621078645
2025-06-19 03:39:28,REAL,67621078645,534,67621079179,67621079179
2025-06-19 03:39:30,REAL,67621079179,538,67621079717,67621079717
2025-06-19 03:39:32,REAL,67621079717,617,67621080334,67621080334
2025-06-19 03:39:34,REAL,67621080334,540,67621080874,67621080874
2025-06-19 03:39:36,REAL,67621080874,593,67621081467,67621081467
2025-06-19 03:39:38,REAL,67621081467,596,67621082063,67621082063
2025-06-19 03:39:40,REAL,67621082063,536,67621082599,67621082599
2025-06-19 03:39:42,REAL,67621082599,541,67621083140,67621083140
2025-06-19 03:39:44,REAL,67621083140,540,67621083680,67621083680
2025-06-19 03:39:46,REAL,67621083680,619,67621084299,67621084299
2025-06-19 03:39:48,REAL,67621084299,537,67621084836,67621084836
2025-06-19 03:39:50,REAL,67621084836,594,67621085430,67621085430
2025-06-19 03:39:52,REAL,67621085430,537,67621085967,67621085967
2025-06-19 03:39:54,REAL,67621085967,602,67621086569,67621086569
2025-06-19 03:39:56,REAL,67621086569,538,67621087107,67621087107
2025-06-19 03:39:58,REAL,67621087107,544,67621087651,67621087651
2025-06-19 03:40:00,REAL,67621087651,537,67621088188,67621088188
2025-06-19 03:40:02,REAL,67621088188,614,67621088802,67621088802
2025-06-19 03:40:04,REAL,67621088802,550,67621089352,67621089352
2025-06-19 03:40:06,REAL,67621089352,545,67621089897,67621089897
2025-06-19 03:40:08,REAL,67621089897,539,67621090436,67621090436
2025-06-19 03:40:10,REAL,67621090436,660,67621091096,67621091096
2025-06-19 03:40:12,REAL,67621091096,604,67621091700,67621091700
2025-06-19 03:40:14,REAL,67621091700,605,67621092305,67621092305
2025-06-19 03:40:16,REAL,67621092305,674,67621092979,67621092979
2025-06-19 03:40:18,REAL,67621092979,604,67621093583,67621093583
2025-06-19 03:40:20,REAL,67621093583,602,67621094185,67621094185
2025-06-19 03:40:22,REAL,67621094185,600,67621094785,67621094785
2025-06-19 03:40:24,REAL,67621094785,544,67621095329,67621095329
2025-06-19 03:40:26,REAL,67621095329,540,67621095869,67621095869
2025-06-19 03:40:28,REAL,67621095869,541,67621096410,67621096410
2025-06-19 03:40:30,REAL,67621096410,546,67621096956,67621096956
2025-06-19 03:40:32,REAL,67621096956,619,67621097575,67621097575
2025-06-19 03:40:34,REAL,67621097575,531,67621098106,67621098106
2025-06-19 03:40:36,REAL,67621098106,109527,67621207633,67621207633
2025-06-19 03:40:38,REAL,67621207633,152527,67621360160,67621360160
2025-06-19 03:40:40,REAL,67621360160,29765,67621389925,67621389925
2025-06-19 03:40:42,REAL,67621389925,29353,67621419278,67621419278
2025-06-19 03:40:44,REAL,67621419278,29285,67621448563,67621448563
2025-06-19 03:40:46,REAL,67621448563,28890,67621477453,67621477453
2025-06-19 03:40:48,REAL,67621477453,29281,67621506734,67621506734
2025-06-19 03:40:50,REAL,67621506734,29121,67621535855,67621535855
2025-06-19 03:40:52,REAL,67621535855,2145,67621538000,67621538000
2025-06-19 03:40:54,REAL,67621538000,538,67621538538,67621538538
2025-06-19 03:40:56,REAL,67621538538,538,67621539076,67621539076
2025-06-19 03:40:58,REAL,67621539076,533,67621539609,67621539609
2025-06-19 03:41:00,REAL,67621539609,546,67621540155,67621540155
2025-06-19 03:41:02,REAL,67621540155,612,67621540767,67621540767
2025-06-19 03:41:04,REAL,67621540767,540,67621541307,67621541307
2025-06-19 03:41:06,REAL,67621541307,594,67621541901,67621541901
2025-06-19 03:41:08,REAL,67621541901,600,67621542501,67621542501
2025-06-19 03:41:10,REAL,67621542501,590,67621543091,67621543091
2025-06-19 03:41:12,REAL,67621543091,545,67621543636,67621543636
2025-06-19 03:41:14,REAL,67621543636,545,67621544181,67621544181
2025-06-19 03:41:16,REAL,67621544181,616,67621544797,67621544797
2025-06-19 03:41:18,REAL,67621544797,539,67621545336,67621545336
2025-06-19 03:41:20,REAL,67621545336,542,67621545878,67621545878
2025-06-19 03:41:22,REAL,67621545878,543,67621546421,67621546421
2025-06-19 03:41:24,REAL,67621546421,599,67621547020,67621547020
2025-06-19 03:41:26,REAL,67621547020,545,67621547565,67621547565
2025-06-19 03:41:28,REAL,67621547565,530,67621548095,67621548095
2025-06-19 03:41:30,REAL,67621548095,534,67621548629,67621548629
2025-06-19 03:41:32,REAL,67621548629,624,67621549253,67621549253
2025-06-19 03:41:34,REAL,67621549253,538,67621549791,67621549791
2025-06-19 03:41:36,REAL,67621549791,531,67621550322,67621550322
2025-06-19 03:41:38,REAL,67621550322,592,67621550914,67621550914
2025-06-19 03:41:40,REAL,67621550914,144109,67621695023,67621695023
2025-06-19 03:41:42,REAL,67621695023,145135,67621840158,67621840158
2025-06-19 03:41:44,REAL,67621840158,29137,67621869295,67621869295
2025-06-19 03:41:46,REAL,67621869295,28831,67621898126,67621898126
2025-06-19 03:41:48,REAL,67621898126,29364,67621927490,67621927490
2025-06-19 03:41:50,REAL,67621927490,29249,67621956739,67621956739
2025-06-19 03:41:52,REAL,67621956739,29255,67621985994,67621985994
2025-06-19 03:41:54,REAL,67621985994,27499,67622013493,67622013493
2025-06-19 03:41:56,REAL,67622013493,542,67622014035,67622014035
2025-06-19 03:41:58,REAL,67622014035,544,67622014579,67622014579
2025-06-19 03:42:00,REAL,67622014579,542,67622015121,67622015121
2025-06-19 03:42:02,REAL,67622015121,614,67622015735,67622015735
2025-06-19 03:42:04,REAL,67622015735,539,67622016274,67622016274
2025-06-19 03:42:06,REAL,67622016274,541,67622016815,67622016815
2025-06-19 03:42:08,REAL,67622016815,547,67622017362,67622017362
2025-06-19 03:42:10,REAL,67622017362,608,67622017970,67622017970
2025-06-19 03:42:12,REAL,67622017970,600,67622018570,67622018570
2025-06-19 03:42:14,REAL,67622018570,663,67622019233,67622019233
2025-06-19 03:42:16,REAL,67622019233,601,67622019834,67622019834
2025-06-19 03:42:18,REAL,67622019834,616,67622020450,67622020450
2025-06-19 03:42:20,REAL,67622020450,591,67622021041,67622021041
2025-06-19 03:42:22,REAL,67622021041,540,67622021581,67622021581
2025-06-19 03:42:24,REAL,67622021581,538,67622022119,67622022119
2025-06-19 03:42:26,REAL,67622022119,539,67622022658,67622022658
2025-06-19 03:42:28,REAL,67622022658,536,67622023194,67622023194
2025-06-19 03:42:30,REAL,67622023194,541,67622023735,67622023735
2025-06-19 03:42:32,REAL,67622023735,730,67622024465,67622024465
2025-06-19 03:42:34,REAL,67622024465,596,67622025061,67622025061
2025-06-19 03:42:36,REAL,67622025061,601,67622025662,67622025662
2025-06-19 03:42:38,REAL,67622025662,536,67622026198,67622026198
2025-06-19 03:42:40,REAL,67622026198,537,67622026735,67622026735
2025-06-19 03:42:42,REAL,67622026735,540,67622027275,67622027275
2025-06-19 03:42:44,REAL,67622027275,535,67622027810,67622027810
2025-06-19 03:42:46,REAL,67622027810,533,67622028343,67622028343
2025-06-19 03:42:48,REAL,67622028343,729,67622029072,67622029072
2025-06-19 03:42:50,REAL,67622029072,533,67622029605,67622029605
2025-06-19 03:42:52,REAL,67622029605,597,67622030202,67622030202
2025-06-19 03:42:54,REAL,67622030202,196234,67622226436,67622226436
2025-06-19 03:42:56,REAL,67622226436,105538,67622331974,67622331974
2025-06-19 03:42:58,REAL,67622331974,30035,67622362009,67622362009
2025-06-19 03:43:00,REAL,67622362009,29386,67622391395,67622391395
2025-06-19 03:43:02,REAL,67622391395,29049,67622420444,67622420444
2025-06-19 03:43:04,REAL,67622420444,28906,67622449350,67622449350
2025-06-19 03:43:06,REAL,67622449350,28720,67622478070,67622478070
2025-06-19 03:43:08,REAL,67622478070,23513,67622501583,67622501583
2025-06-19 03:43:10,REAL,67622501583,597,67622502180,67622502180
2025-06-19 03:43:12,REAL,67622502180,606,67622502786,67622502786
2025-06-19 03:43:14,REAL,67622502786,657,67622503443,67622503443
2025-06-19 03:43:16,REAL,67622503443,608,67622504051,67622504051
2025-06-19 03:43:18,REAL,67622504051,721,67622504772,67622504772
2025-06-19 03:43:20,REAL,67622504772,543,67622505315,67622505315
2025-06-19 03:43:22,REAL,67622505315,544,67622505859,67622505859
2025-06-19 03:43:24,REAL,67622505859,544,67622506403,67622506403
2025-06-19 03:43:26,REAL,67622506403,593,67622506996,67622506996
2025-06-19 03:43:28,REAL,67622506996,540,67622507536,67622507536
2025-06-19 03:43:30,REAL,67622507536,543,67622508079,67622508079
2025-06-19 03:43:32,REAL,67622508079,617,67622508696,67622508696
2025-06-19 03:43:34,REAL,67622508696,608,67622509304,67622509304
2025-06-19 03:43:36,REAL,67622509304,532,67622509836,67622509836
2025-06-19 03:43:38,REAL,67622509836,539,67622510375,67622510375
2025-06-19 03:43:40,REAL,67622510375,543,67622510918,67622510918
2025-06-19 03:43:42,REAL,67622510918,536,67622511454,67622511454
2025-06-19 03:43:44,REAL,67622511454,544,67622511998,67622511998
2025-06-19 03:43:46,REAL,67622511998,592,67622512590,67622512590
2025-06-19 03:43:48,REAL,67622512590,615,67622513205,67622513205
2025-06-19 03:43:50,REAL,67622513205,605,67622513810,67622513810
2025-06-19 03:43:52,REAL,67622513810,590,67622514400,67622514400
2025-06-19 03:43:54,REAL,67622514400,600,67622515000,67622515000
2025-06-19 03:43:56,REAL,67622515000,75790,67622590790,67622590790
2025-06-19 03:43:58,REAL,67622590790,196334,67622787124,67622787124
2025-06-19 03:44:00,REAL,67622787124,29396,67622816520,67622816520
2025-06-19 03:44:02,REAL,67622816520,29203,67622845723,67622845723
2025-06-19 03:44:04,REAL,67622845723,32091,67622877814,67622877814
2025-06-19 03:44:06,REAL,67622877814,26170,67622903984,67622903984
2025-06-19 03:44:08,REAL,67622903984,28929,67622932913,67622932913
2025-06-19 03:44:10,REAL,67622932913,28980,67622961893,67622961893
2025-06-19 03:44:12,REAL,67622961893,6415,67622968308,67622968308
2025-06-19 03:44:14,REAL,67622968308,590,67622968898,67622968898
2025-06-19 03:44:16,REAL,67622968898,531,67622969429,67622969429
2025-06-19 03:44:18,REAL,67622969429,613,67622970042,67622970042
2025-06-19 03:44:20,REAL,67622970042,538,67622970580,67622970580
2025-06-19 03:44:22,REAL,67622970580,546,67622971126,67622971126
2025-06-19 03:44:24,REAL,67622971126,548,67622971674,67622971674
2025-06-19 03:44:26,REAL,67622971674,545,67622972219,67622972219
2025-06-19 03:44:28,REAL,67622972219,668,67622972887,67622972887
2025-06-19 03:44:30,REAL,67622972887,599,67622973486,67622973486
2025-06-19 03:44:32,REAL,67622973486,648,67622974134,67622974134
2025-06-19 03:44:34,REAL,67622974134,611,67622974745,67622974745
2025-06-19 03:44:36,REAL,67622974745,541,67622975286,67622975286
2025-06-19 03:44:38,REAL,67622975286,543,67622975829,67622975829
2025-06-19 03:44:40,REAL,67622975829,538,67622976367,67622976367
2025-06-19 03:44:42,REAL,67622976367,539,67622976906,67622976906
2025-06-19 03:44:44,REAL,67622976906,598,67622977504,67622977504
2025-06-19 03:44:46,REAL,67622977504,542,67622978046,67622978046
2025-06-19 03:44:48,REAL,67622978046,678,67622978724,67622978724
2025-06-19 03:44:50,REAL,67622978724,597,67622979321,67622979321
2025-06-19 03:44:52,REAL,67622979321,591,67622979912,67622979912
2025-06-19 03:44:54,REAL,67622979912,90608,67623070520,67623070520
2025-06-19 03:44:56,REAL,67623070520,171650,67623242170,67623242170
2025-06-19 03:44:58,REAL,67623242170,29568,67623271738,67623271738
2025-06-19 03:45:00,REAL,67623271738,29269,67623301007,67623301007
2025-06-19 03:45:02,REAL,67623301007,28768,67623329775,67623329775
2025-06-19 03:45:04,REAL,67623329775,29541,67623359316,67623359316
2025-06-19 03:45:06,REAL,67623359316,28928,67623388244,67623388244
2025-06-19 03:45:08,REAL,67623388244,28885,67623417129,67623417129
2025-06-19 03:45:10,REAL,67623417129,3879,67623421008,67623421008
2025-06-19 03:45:12,REAL,67623421008,603,67623421611,67623421611
2025-06-19 03:45:14,REAL,67623421611,653,67623422264,67623422264
2025-06-19 03:45:16,REAL,67623422264,549,67623422813,67623422813
2025-06-19 03:45:18,REAL,67623422813,615,67623423428,67623423428
2025-06-19 03:45:20,REAL,67623423428,532,67623423960,67623423960
2025-06-19 03:45:22,REAL,67623423960,538,67623424498,67623424498
2025-06-19 03:45:24,REAL,67623424498,545,67623425043,67623425043
2025-06-19 03:45:26,REAL,67623425043,532,67623425575,67623425575
2025-06-19 03:45:28,REAL,67623425575,593,67623426168,67623426168
2025-06-19 03:45:30,REAL,67623426168,605,67623426773,67623426773
2025-06-19 03:45:32,REAL,67623426773,540,67623427313,67623427313
2025-06-19 03:45:34,REAL,67623427313,617,67623427930,67623427930
2025-06-19 03:45:36,REAL,67623427930,544,67623428474,67623428474
2025-06-19 03:45:38,REAL,67623428474,540,67623429014,67623429014
2025-06-19 03:45:40,REAL,67623429014,541,67623429555,67623429555
2025-06-19 03:45:42,REAL,67623429555,594,67623430149,67623430149
2025-06-19 03:45:44,REAL,67623430149,541,67623430690,67623430690
2025-06-19 03:45:46,REAL,67623430690,590,67623431280,67623431280
2025-06-19 03:45:48,REAL,67623431280,617,67623431897,67623431897
2025-06-19 03:45:50,REAL,67623431897,543,67623432440,67623432440
2025-06-19 03:45:52,REAL,67623432440,541,67623432981,67623432981
2025-06-19 03:45:54,REAL,67623432981,540,67623433521,67623433521
2025-06-19 03:45:56,REAL,67623433521,533,67623434054,67623434054
2025-06-19 03:45:58,REAL,67623434054,540,67623434594,67623434594
2025-06-19 03:46:00,REAL,67623434594,539,67623435133,67623435133
2025-06-19 03:46:02,REAL,67623435133,651,67623435784,67623435784
2025-06-19 03:46:04,REAL,67623435784,678,67623436462,67623436462
2025-06-19 03:46:06,REAL,67623436462,607,67623437069,67623437069
2025-06-19 03:46:08,REAL,67623437069,660,67623437729,67623437729
2025-06-19 03:46:10,REAL,67623437729,657,67623438386,67623438386
2025-06-19 03:46:12,REAL,67623438386,601,67623438987,67623438987
2025-06-19 03:46:14,REAL,67623438987,595,67623439582,67623439582
2025-06-19 03:46:16,REAL,67623439582,606,67623440188,67623440188
2025-06-19 03:46:18,REAL,67623440188,133119,67623573307,67623573307
2025-06-19 03:46:20,REAL,67623573307,134741,67623708048,67623708048
2025-06-19 03:46:22,REAL,67623708048,29394,67623737442,67623737442
2025-06-19 03:46:24,REAL,67623737442,29414,67623766856,67623766856
2025-06-19 03:46:26,REAL,67623766856,29493,67623796349,67623796349
2025-06-19 03:46:28,REAL,67623796349,28887,67623825236,67623825236
2025-06-19 03:46:30,REAL,67623825236,28797,67623854033,67623854033
2025-06-19 03:46:32,REAL,67623854033,28419,67623882452,67623882452
2025-06-19 03:46:34,REAL,67623882452,674,67623883126,67623883126
2025-06-19 03:46:36,REAL,67623883126,542,67623883668,67623883668
2025-06-19 03:46:38,REAL,67623883668,544,67623884212,67623884212
2025-06-19 03:46:40,REAL,67623884212,534,67623884746,67623884746
2025-06-19 03:46:42,REAL,67623884746,539,67623885285,67623885285
2025-06-19 03:46:44,REAL,67623885285,541,67623885826,67623885826
2025-06-19 03:46:46,REAL,67623885826,542,67623886368,67623886368
2025-06-19 03:46:48,REAL,67623886368,605,67623886973,67623886973
2025-06-19 03:46:50,REAL,67623886973,618,67623887591,67623887591
2025-06-19 03:46:52,REAL,67623887591,594,67623888185,67623888185
2025-06-19 03:46:54,REAL,67623888185,544,67623888729,67623888729
2025-06-19 03:46:56,REAL,67623888729,535,67623889264,67623889264
2025-06-19 03:46:58,REAL,67623889264,539,67623889803,67623889803
2025-06-19 03:47:00,REAL,67623889803,535,67623890338,67623890338
2025-06-19 03:47:02,REAL,67623890338,595,67623890933,67623890933
2025-06-19 03:47:04,REAL,67623890933,667,67623891600,67623891600
2025-06-19 03:47:06,REAL,67623891600,596,67623892196,67623892196
2025-06-19 03:47:08,REAL,67623892196,599,67623892795,67623892795
2025-06-19 03:47:10,REAL,67623892795,601,67623893396,67623893396
2025-06-19 03:47:12,REAL,67623893396,549,67623893945,67623893945
2025-06-19 03:47:14,REAL,67623893945,534,67623894479,67623894479
2025-06-19 03:47:16,REAL,67623894479,542,67623895021,67623895021
2025-06-19 03:47:18,REAL,67623895021,547,67623895568,67623895568
2025-06-19 03:47:20,REAL,67623895568,619,67623896187,67623896187
2025-06-19 03:47:22,REAL,67623896187,536,67623896723,67623896723
2025-06-19 03:47:24,REAL,67623896723,591,67623897314,67623897314
2025-06-19 03:47:26,REAL,67623897314,604,67623897918,67623897918
2025-06-19 03:47:28,REAL,67623897918,536,67623898454,67623898454
2025-06-19 03:47:30,REAL,67623898454,531,67623898985,67623898985
2025-06-19 03:47:32,REAL,67623898985,544,67623899529,67623899529
2025-06-19 03:47:34,REAL,67623899529,612,67623900141,67623900141
2025-06-19 03:47:36,REAL,67623900141,544,67623900685,67623900685
2025-06-19 03:47:38,REAL,67623900685,544,67623901229,67623901229
2025-06-19 03:47:40,REAL,67623901229,550,67623901779,67623901779
2025-06-19 03:47:42,REAL,67623901779,597,67623902376,67623902376
2025-06-19 03:47:44,REAL,67623902376,540,67623902916,67623902916
2025-06-19 03:47:46,REAL,67623902916,539,67623903455,67623903455
2025-06-19 03:47:48,REAL,67623903455,540,67623903995,67623903995
2025-06-19 03:47:50,REAL,67623903995,618,67623904613,67623904613
2025-06-19 03:47:52,REAL,67623904613,604,67623905217,67623905217
2025-06-19 03:47:54,REAL,67623905217,543,67623905760,67623905760
2025-06-19 03:47:56,REAL,67623905760,544,67623906304,67623906304
2025-06-19 03:47:58,REAL,67623906304,654,67623906958,67623906958
2025-06-19 03:48:00,REAL,67623906958,535,67623907493,67623907493
2025-06-19 03:48:02,REAL,67623907493,539,67623908032,67623908032
2025-06-19 03:48:04,REAL,67623908032,608,67623908640,67623908640
2025-06-19 03:48:06,REAL,67623908640,538,67623909178,67623909178
2025-06-19 03:48:08,REAL,67623909178,538,67623909716,67623909716
2025-06-19 03:48:10,REAL,67623909716,538,67623910254,67623910254
2025-06-19 03:48:12,REAL,67623910254,537,67623910791,67623910791
2025-06-19 03:48:14,REAL,67623910791,592,67623911383,67623911383
2025-06-19 03:48:16,REAL,67623911383,544,67623911927,67623911927
2025-06-19 03:48:18,REAL,67623911927,544,67623912471,67623912471
2025-06-19 03:48:20,REAL,67623912471,615,67623913086,67623913086
2025-06-19 03:48:22,REAL,67623913086,545,67623913631,67623913631
2025-06-19 03:48:24,REAL,67623913631,543,67623914174,67623914174
2025-06-19 03:48:26,REAL,67623914174,546,67623914720,67623914720
2025-06-19 03:48:28,REAL,67623914720,539,67623915259,67623915259
2025-06-19 03:48:30,REAL,67623915259,650,67623915909,67623915909
2025-06-19 03:48:32,REAL,67623915909,539,67623916448,67623916448
2025-06-19 03:48:34,REAL,67623916448,615,67623917063,67623917063
2025-06-19 03:48:36,REAL,67623917063,546,67623917609,67623917609
2025-06-19 03:48:38,REAL,67623917609,540,67623918149,67623918149
2025-06-19 03:48:40,REAL,67623918149,534,67623918683,67623918683
2025-06-19 03:48:42,REAL,67623918683,534,67623919217,67623919217
2025-06-19 03:48:44,REAL,67623919217,592,67623919809,67623919809
2025-06-19 03:48:46,REAL,67623919809,598,67623920407,67623920407
2025-06-19 03:48:48,REAL,67623920407,539,67623920946,67623920946
2025-06-19 03:48:50,REAL,67623920946,610,67623921556,67623921556
2025-06-19 03:48:52,REAL,67623921556,541,67623922097,67623922097
2025-06-19 03:48:54,REAL,67623922097,533,67623922630,67623922630
2025-06-19 03:48:56,REAL,67623922630,543,67623923173,67623923173
2025-06-19 03:48:58,REAL,67623923173,537,67623923710,67623923710
2025-06-19 03:49:00,REAL,67623923710,540,67623924250,67623924250
2025-06-19 03:49:02,REAL,67623924250,87587,67624011837,67624011837
2025-06-19 03:49:04,REAL,67624011837,198589,67624210426,67624210426
2025-06-19 03:49:06,REAL,67624210426,29643,67624240069,67624240069
2025-06-19 03:49:08,REAL,67624240069,28979,67624269048,67624269048
2025-06-19 03:49:10,REAL,67624269048,29184,67624298232,67624298232
2025-06-19 03:49:12,REAL,67624298232,29580,67624327812,67624327812
2025-06-19 03:49:14,REAL,67624327812,29281,67624357093,67624357093
2025-06-19 03:49:16,REAL,67624357093,28825,67624385918,67624385918
2025-06-19 03:49:18,REAL,67624385918,5182,67624391100,67624391100
2025-06-19 03:49:20,REAL,67624391100,624,67624391724,67624391724
2025-06-19 03:49:22,REAL,67624391724,544,67624392268,67624392268
2025-06-19 03:49:24,REAL,67624392268,544,67624392812,67624392812
2025-06-19 03:49:26,REAL,67624392812,540,67624393352,67624393352
2025-06-19 03:49:28,REAL,67624393352,542,67624393894,67624393894
2025-06-19 03:49:30,REAL,67624393894,542,67624394436,67624394436
2025-06-19 03:49:32,REAL,67624394436,536,67624394972,67624394972
2025-06-19 03:49:34,REAL,67624394972,740,67624395712,67624395712
2025-06-19 03:49:36,REAL,67624395712,711,67624396423,67624396423
2025-06-19 03:49:38,REAL,67624396423,607,67624397030,67624397030
2025-06-19 03:49:40,REAL,67624397030,539,67624397569,67624397569
2025-06-19 03:49:42,REAL,67624397569,547,67624398116,67624398116
2025-06-19 03:49:44,REAL,67624398116,543,67624398659,67624398659
2025-06-19 03:49:46,REAL,67624398659,546,67624399205,67624399205
2025-06-19 03:49:48,REAL,67624399205,549,67624399754,67624399754
2025-06-19 03:49:50,REAL,67624399754,617,67624400371,67624400371
2025-06-19 03:49:52,REAL,67624400371,536,67624400907,67624400907
2025-06-19 03:49:54,REAL,67624400907,597,67624401504,67624401504
2025-06-19 03:49:56,REAL,67624401504,613,67624402117,67624402117
2025-06-19 03:49:58,REAL,67624402117,548,67624402665,67624402665
2025-06-19 03:50:00,REAL,67624402665,541,67624403206,67624403206
2025-06-19 03:50:02,REAL,67624403206,544,67624403750,67624403750
2025-06-19 03:50:04,REAL,67624403750,613,67624404363,67624404363
2025-06-19 03:50:06,REAL,67624404363,534,67624404897,67624404897
2025-06-19 03:50:08,REAL,67624404897,602,67624405499,67624405499
2025-06-19 03:50:10,REAL,67624405499,603,67624406102,67624406102
2025-06-19 03:50:12,REAL,67624406102,535,67624406637,67624406637
2025-06-19 03:50:14,REAL,67624406637,542,67624407179,67624407179
2025-06-19 03:50:16,REAL,67624407179,537,67624407716,67624407716
2025-06-19 03:50:18,REAL,67624407716,537,67624408253,67624408253
2025-06-19 03:50:20,REAL,67624408253,615,67624408868,67624408868
2025-06-19 03:50:22,REAL,67624408868,539,67624409407,67624409407
2025-06-19 03:50:24,REAL,67624409407,541,67624409948,67624409948
2025-06-19 03:50:26,REAL,67624409948,653,67624410601,67624410601
2025-06-19 03:50:28,REAL,67624410601,594,67624411195,67624411195
2025-06-19 03:50:30,REAL,67624411195,597,67624411792,67624411792
2025-06-19 03:50:32,REAL,67624411792,134902,67624546694,67624546694
2025-06-19 03:50:34,REAL,67624546694,135897,67624682591,67624682591
2025-06-19 03:50:36,REAL,67624682591,29012,67624711603,67624711603
2025-06-19 03:50:38,REAL,67624711603,29502,67624741105,67624741105
2025-06-19 03:50:40,REAL,67624741105,28919,67624770024,67624770024
2025-06-19 03:50:42,REAL,67624770024,29240,67624799264,67624799264
2025-06-19 03:50:44,REAL,67624799264,29251,67624828515,67624828515
2025-06-19 03:50:46,REAL,67624828515,29210,67624857725,67624857725
2025-06-19 03:50:48,REAL,67624857725,651,67624858376,67624858376
2025-06-19 03:50:50,REAL,67624858376,675,67624859051,67624859051
2025-06-19 03:50:52,REAL,67624859051,678,67624859729,67624859729
2025-06-19 03:50:54,REAL,67624859729,258356,67625118085,67625118085
2025-06-19 03:50:56,REAL,67625118085,29450,67625147535,67625147535
2025-06-19 03:50:58,REAL,67625147535,28987,67625176522,67625176522
2025-06-19 03:51:00,REAL,67625176522,29435,67625205957,67625205957
2025-06-19 03:51:02,REAL,67625205957,29416,67625235373,67625235373
2025-06-19 03:51:04,REAL,67625235373,28897,67625264270,67625264270
2025-06-19 03:51:06,REAL,67625264270,28921,67625293191,67625293191
2025-06-19 03:51:08,REAL,67625293191,13663,67625306854,67625306854
2025-06-19 03:51:10,REAL,67625306854,546,67625307400,67625307400
2025-06-19 03:51:12,REAL,67625307400,543,67625307943,67625307943
2025-06-19 03:51:14,REAL,67625307943,541,67625308484,67625308484
2025-06-19 03:51:16,REAL,67625308484,547,67625309031,67625309031
2025-06-19 03:51:18,REAL,67625309031,594,67625309625,67625309625
2025-06-19 03:51:20,REAL,67625309625,615,67625310240,67625310240
2025-06-19 03:51:22,REAL,67625310240,539,67625310779,67625310779
2025-06-19 03:51:24,REAL,67625310779,599,67625311378,67625311378
2025-06-19 03:51:26,REAL,67625311378,543,67625311921,67625311921
2025-06-19 03:51:28,REAL,67625311921,537,67625312458,67625312458
2025-06-19 03:51:30,REAL,67625312458,544,67625313002,67625313002
2025-06-19 03:51:32,REAL,67625313002,542,67625313544,67625313544
2025-06-19 03:51:34,REAL,67625313544,536,67625314080,67625314080
2025-06-19 03:51:36,REAL,67625314080,669,67625314749,67625314749
2025-06-19 03:51:38,REAL,67625314749,545,67625315294,67625315294
2025-06-19 03:51:40,REAL,67625315294,606,67625315900,67625315900
2025-06-19 03:51:42,REAL,67625315900,545,67625316445,67625316445
2025-06-19 03:51:44,REAL,67625316445,536,67625316981,67625316981
2025-06-19 03:51:46,REAL,67625316981,538,67625317519,67625317519
2025-06-19 03:51:48,REAL,67625317519,540,67625318059,67625318059
2025-06-19 03:51:50,REAL,67625318059,614,67625318673,67625318673
2025-06-19 03:51:52,REAL,67625318673,537,67625319210,67625319210
2025-06-19 03:51:54,REAL,67625319210,540,67625319750,67625319750
2025-06-19 03:51:56,REAL,67625319750,29701,67625349451,67625349451
2025-06-19 03:51:58,REAL,67625349451,230636,67625580087,67625580087
2025-06-19 03:52:00,REAL,67625580087,29336,67625609423,67625609423
2025-06-19 03:52:02,REAL,67625609423,29496,67625638919,67625638919
2025-06-19 03:52:04,REAL,67625638919,28592,67625667511,67625667511
2025-06-19 03:52:06,REAL,67625667511,29799,67625697310,67625697310
2025-06-19 03:52:08,REAL,67625697310,29734,67625727044,67625727044
2025-06-19 03:52:10,REAL,67625727044,29430,67625756474,67625756474
2025-06-19 03:52:12,REAL,67625756474,10184,67625766658,67625766658
2025-06-19 03:52:14,REAL,67625766658,538,67625767196,67625767196
2025-06-19 03:52:16,REAL,67625767196,533,67625767729,67625767729
2025-06-19 03:52:18,REAL,67625767729,544,67625768273,67625768273
2025-06-19 03:52:20,REAL,67625768273,610,67625768883,67625768883
2025-06-19 03:52:22,REAL,67625768883,539,67625769422,67625769422
2025-06-19 03:52:24,REAL,67625769422,535,67625769957,67625769957
2025-06-19 03:52:26,REAL,67625769957,539,67625770496,67625770496
2025-06-19 03:52:28,REAL,67625770496,44070,67625814566,67625814566
2025-06-19 03:52:30,REAL,67625814566,237821,67626052387,67626052387
2025-06-19 03:52:32,REAL,67626052387,29338,67626081725,67626081725
2025-06-19 03:52:34,REAL,67626081725,28949,67626110674,67626110674
2025-06-19 03:52:36,REAL,67626110674,29071,67626139745,67626139745
2025-06-19 03:52:38,REAL,67626139745,29784,67626169529,67626169529
2025-06-19 03:52:40,REAL,67626169529,29562,67626199091,67626199091
2025-06-19 03:52:42,REAL,67626199091,29192,67626228283,67626228283
2025-06-19 03:52:44,REAL,67626228283,8218,67626236501,67626236501
2025-06-19 03:52:46,REAL,67626236501,541,67626237042,67626237042
2025-06-19 03:52:48,REAL,67626237042,537,67626237579,67626237579
2025-06-19 03:52:50,REAL,67626237579,620,67626238199,67626238199
2025-06-19 03:52:52,REAL,67626238199,541,67626238740,67626238740
2025-06-19 03:52:54,REAL,67626238740,543,67626239283,67626239283
2025-06-19 03:52:56,REAL,67626239283,549,67626239832,67626239832
2025-06-19 03:52:58,REAL,67626239832,542,67626240374,67626240374
2025-06-19 03:53:00,REAL,67626240374,599,67626240973,67626240973
2025-06-19 03:53:02,REAL,67626240973,542,67626241515,67626241515
2025-06-19 03:53:04,REAL,67626241515,532,67626242047,67626242047
2025-06-19 03:53:06,REAL,67626242047,670,67626242717,67626242717
2025-06-19 03:53:08,REAL,67626242717,549,67626243266,67626243266
2025-06-19 03:53:10,REAL,67626243266,545,67626243811,67626243811
2025-06-19 03:53:12,REAL,67626243811,595,67626244406,67626244406
2025-06-19 03:53:14,REAL,67626244406,545,67626244951,67626244951
2025-06-19 03:53:16,REAL,67626244951,598,67626245549,67626245549
2025-06-19 03:53:18,REAL,67626245549,546,67626246095,67626246095
2025-06-19 03:53:20,REAL,67626246095,540,67626246635,67626246635
2025-06-19 03:53:22,REAL,67626246635,613,67626247248,67626247248
2025-06-19 03:53:24,REAL,67626247248,538,67626247786,67626247786
2025-06-19 03:53:26,REAL,67626247786,536,67626248322,67626248322
2025-06-19 03:53:28,REAL,67626248322,534,67626248856,67626248856
2025-06-19 03:53:30,REAL,67626248856,540,67626249396,67626249396
2025-06-19 03:53:32,REAL,67626249396,598,67626249994,67626249994
2025-06-19 03:53:34,REAL,67626249994,592,67626250586,67626250586
2025-06-19 03:53:36,REAL,67626250586,619,67626251205,67626251205
2025-06-19 03:53:38,REAL,67626251205,539,67626251744,67626251744
2025-06-19 03:53:40,REAL,67626251744,546,67626252290,67626252290
2025-06-19 03:53:42,REAL,67626252290,546,67626252836,67626252836
2025-06-19 03:53:44,REAL,67626252836,538,67626253374,67626253374
2025-06-19 03:53:46,REAL,67626253374,541,67626253915,67626253915
2025-06-19 03:53:48,REAL,67626253915,660,67626254575,67626254575
2025-06-19 03:53:50,REAL,67626254575,605,67626255180,67626255180
2025-06-19 03:53:52,REAL,67626255180,676,67626255856,67626255856
2025-06-19 03:53:54,REAL,67626255856,542,67626256398,67626256398
2025-06-19 03:53:56,REAL,67626256398,538,67626256936,67626256936
2025-06-19 03:53:58,REAL,67626256936,591,67626257527,67626257527
2025-06-19 03:54:00,REAL,67626257527,536,67626258063,67626258063
2025-06-19 03:54:02,REAL,67626258063,543,67626258606,67626258606
2025-06-19 03:54:04,REAL,67626258606,588,67626259194,67626259194
2025-06-19 03:54:06,REAL,67626259194,613,67626259807,67626259807
2025-06-19 03:54:08,REAL,67626259807,599,67626260406,67626260406
2025-06-19 03:54:10,REAL,67626260406,536,67626260942,67626260942
2025-06-19 03:54:12,REAL,67626260942,535,67626261477,67626261477
2025-06-19 03:54:14,REAL,67626261477,535,67626262012,67626262012
2025-06-19 03:54:16,REAL,67626262012,605,67626262617,67626262617
2025-06-19 03:54:18,REAL,67626262617,533,67626263150,67626263150
2025-06-19 03:54:20,REAL,67626263150,540,67626263690,67626263690
2025-06-19 03:54:22,REAL,67626263690,616,67626264306,67626264306
2025-06-19 03:54:24,REAL,67626264306,592,67626264898,67626264898
2025-06-19 03:54:26,REAL,67626264898,539,67626265437,67626265437
2025-06-19 03:54:28,REAL,67626265437,540,67626265977,67626265977
2025-06-19 03:54:30,REAL,67626265977,541,67626266518,67626266518
2025-06-19 03:54:32,REAL,67626266518,533,67626267051,67626267051
2025-06-19 03:54:34,REAL,67626267051,600,67626267651,67626267651
2025-06-19 03:54:36,REAL,67626267651,616,67626268267,67626268267
2025-06-19 03:54:38,REAL,67626268267,540,67626268807,67626268807
2025-06-19 03:54:40,REAL,67626268807,607,67626269414,67626269414
2025-06-19 03:54:42,REAL,67626269414,593,67626270007,67626270007
2025-06-19 03:54:44,REAL,67626270007,534,67626270541,67626270541
2025-06-19 03:54:46,REAL,67626270541,542,67626271083,67626271083
2025-06-19 03:54:48,REAL,67626271083,543,67626271626,67626271626
2025-06-19 03:54:50,REAL,67626271626,549,67626272175,67626272175
2025-06-19 03:54:52,REAL,67626272175,615,67626272790,67626272790
2025-06-19 03:54:54,REAL,67626272790,542,67626273332,67626273332
2025-06-19 03:54:56,REAL,67626273332,597,67626273929,67626273929
2025-06-19 03:54:58,REAL,67626273929,532,67626274461,67626274461
2025-06-19 03:55:00,REAL,67626274461,540,67626275001,67626275001
2025-06-19 03:55:02,REAL,67626275001,597,67626275598,67626275598
2025-06-19 03:55:04,REAL,67626275598,538,67626276136,67626276136
2025-06-19 03:55:06,REAL,67626276136,612,67626276748,67626276748
2025-06-19 03:55:08,REAL,67626276748,538,67626277286,67626277286
2025-06-19 03:55:10,REAL,67626277286,542,67626277828,67626277828
2025-06-19 03:55:12,REAL,67626277828,601,67626278429,67626278429
2025-06-19 03:55:14,REAL,67626278429,540,67626278969,67626278969
2025-06-19 03:55:16,REAL,67626278969,542,67626279511,67626279511
2025-06-19 03:55:18,REAL,67626279511,542,67626280053,67626280053
2025-06-19 03:55:20,REAL,67626280053,534,67626280587,67626280587
2025-06-19 03:55:22,REAL,67626280587,614,67626281201,67626281201
2025-06-19 03:55:24,REAL,67626281201,546,67626281747,67626281747
2025-06-19 03:55:26,REAL,67626281747,530,67626282277,67626282277
2025-06-19 03:55:28,REAL,67626282277,647,67626282924,67626282924
2025-06-19 03:55:30,REAL,67626282924,548,67626283472,67626283472
2025-06-19 03:55:32,REAL,67626283472,604,67626284076,67626284076
2025-06-19 03:55:34,REAL,67626284076,539,67626284615,67626284615
2025-06-19 03:55:36,REAL,67626284615,616,67626285231,67626285231
2025-06-19 03:55:38,REAL,67626285231,546,67626285777,67626285777
2025-06-19 03:55:40,REAL,67626285777,541,67626286318,67626286318
2025-06-19 03:55:42,REAL,67626286318,535,67626286853,67626286853
2025-06-19 03:55:44,REAL,67626286853,26351,67626313204,67626313204
2025-06-19 03:55:46,REAL,67626313204,251694,67626564898,67626564898
2025-06-19 03:55:48,REAL,67626564898,29514,67626594412,67626594412
2025-06-19 03:55:50,REAL,67626594412,29422,67626623834,67626623834
2025-06-19 03:55:52,REAL,67626623834,29306,67626653140,67626653140
2025-06-19 03:55:54,REAL,67626653140,29231,67626682371,67626682371
2025-06-19 03:55:56,REAL,67626682371,29019,67626711390,67626711390
2025-06-19 03:55:58,REAL,67626711390,29571,67626740961,67626740961
2025-06-19 03:56:00,REAL,67626740961,11342,67626752303,67626752303
2025-06-19 03:56:02,REAL,67626752303,655,67626752958,67626752958
2025-06-19 03:56:04,REAL,67626752958,608,67626753566,67626753566
2025-06-19 03:56:06,REAL,67626753566,174774,67626928340,67626928340
2025-06-19 03:56:08,REAL,67626928340,110260,67627038600,67627038600
2025-06-19 03:56:10,REAL,67627038600,29095,67627067695,67627067695
2025-06-19 03:56:12,REAL,67627067695,29608,67627097303,67627097303
2025-06-19 03:56:14,REAL,67627097303,28553,67627125856,67627125856
2025-06-19 03:56:16,REAL,67627125856,29150,67627155006,67627155006
2025-06-19 03:56:18,REAL,67627155006,29047,67627184053,67627184053
2025-06-19 03:56:20,REAL,67627184053,24518,67627208571,67627208571
2025-06-19 03:56:22,REAL,67627208571,614,67627209185,67627209185
2025-06-19 03:56:24,REAL,67627209185,547,67627209732,67627209732
2025-06-19 03:56:26,REAL,67627209732,537,67627210269,67627210269
2025-06-19 03:56:28,REAL,67627210269,544,67627210813,67627210813
2025-06-19 03:56:30,REAL,67627210813,596,67627211409,67627211409
2025-06-19 03:56:32,REAL,67627211409,542,67627211951,67627211951
2025-06-19 03:56:34,REAL,67627211951,539,67627212490,67627212490
2025-06-19 03:56:36,REAL,67627212490,595,67627213085,67627213085
2025-06-19 03:56:38,REAL,67627213085,204173,67627417258,67627417258
2025-06-19 03:56:40,REAL,67627417258,73251,67627490509,67627490509
2025-06-19 03:56:42,REAL,67627490509,29019,67627519528,67627519528
2025-06-19 03:56:44,REAL,67627519528,28693,67627548221,67627548221
2025-06-19 03:56:46,REAL,67627548221,29635,67627577856,67627577856
2025-06-19 03:56:48,REAL,67627577856,28725,67627606581,67627606581
2025-06-19 03:56:50,REAL,67627606581,29675,67627636256,67627636256
2025-06-19 03:56:52,REAL,67627636256,22755,67627659011,67627659011
2025-06-19 03:56:54,REAL,67627659011,541,67627659552,67627659552
2025-06-19 03:56:56,REAL,67627659552,546,67627660098,67627660098
2025-06-19 03:56:58,REAL,67627660098,545,67627660643,67627660643
2025-06-19 03:57:00,REAL,67627660643,547,67627661190,67627661190
2025-06-19 03:57:02,REAL,67627661190,542,67627661732,67627661732
2025-06-19 03:57:04,REAL,67627661732,536,67627662268,67627662268
2025-06-19 03:57:06,REAL,67627662268,535,67627662803,67627662803
2025-06-19 03:57:08,REAL,67627662803,734,67627663537,67627663537
2025-06-19 03:57:10,REAL,67627663537,206807,67627870344,67627870344
2025-06-19 03:57:12,REAL,67627870344,62442,67627932786,67627932786
2025-06-19 03:57:14,REAL,67627932786,29105,67627961891,67627961891
2025-06-19 03:57:16,REAL,67627961891,29061,67627990952,67627990952
2025-06-19 03:57:18,REAL,67627990952,28881,67628019833,67628019833
2025-06-19 03:57:20,REAL,67628019833,29449,67628049282,67628049282
2025-06-19 03:57:22,REAL,67628049282,29234,67628078516,67628078516
2025-06-19 03:57:24,REAL,67628078516,20795,67628099311,67628099311
2025-06-19 03:57:26,REAL,67628099311,609,67628099920,67628099920
2025-06-19 03:57:28,REAL,67628099920,601,67628100521,67628100521
2025-06-19 03:57:30,REAL,67628100521,72597,67628173118,67628173118
2025-06-19 03:57:32,REAL,67628173118,170014,67628343132,67628343132
2025-06-19 03:57:34,REAL,67628343132,29213,67628372345,67628372345
2025-06-19 03:57:36,REAL,67628372345,29598,67628401943,67628401943
2025-06-19 03:57:38,REAL,67628401943,28976,67628430919,67628430919
2025-06-19 03:57:40,REAL,67628430919,29184,67628460103,67628460103
2025-06-19 03:57:42,REAL,67628460103,28973,67628489076,67628489076
2025-06-19 03:57:44,REAL,67628489076,29466,67628518542,67628518542
2025-06-19 03:57:46,REAL,67628518542,5634,67628524176,67628524176
2025-06-19 03:57:48,REAL,67628524176,545,67628524721,67628524721
2025-06-19 03:57:50,REAL,67628524721,539,67628525260,67628525260
2025-06-19 03:57:52,REAL,67628525260,617,67628525877,67628525877
2025-06-19 03:57:54,REAL,67628525877,537,67628526414,67628526414
2025-06-19 03:57:56,REAL,67628526414,541,67628526955,67628526955
2025-06-19 03:57:58,REAL,67628526955,539,67628527494,67628527494
2025-06-19 03:58:00,REAL,67628527494,538,67628528032,67628528032
2025-06-19 03:58:02,REAL,67628528032,88071,67628616103,67628616103
2025-06-19 03:58:04,REAL,67628616103,167005,67628783108,67628783108
2025-06-19 03:58:06,REAL,67628783108,28894,67628812002,67628812002
2025-06-19 03:58:08,REAL,67628812002,29257,67628841259,67628841259
2025-06-19 03:58:10,REAL,67628841259,31601,67628872860,67628872860
2025-06-19 03:58:12,REAL,67628872860,27469,67628900329,67628900329
2025-06-19 03:58:14,REAL,67628900329,28938,67628929267,67628929267
2025-06-19 03:58:16,REAL,67628929267,29247,67628958514,67628958514
2025-06-19 03:58:18,REAL,67628958514,3749,67628962263,67628962263
2025-06-19 03:58:20,REAL,67628962263,532,67628962795,67628962795
2025-06-19 03:58:22,REAL,67628962795,542,67628963337,67628963337
2025-06-19 03:58:24,REAL,67628963337,612,67628963949,67628963949
2025-06-19 03:58:26,REAL,67628963949,545,67628964494,67628964494
2025-06-19 03:58:28,REAL,67628964494,607,67628965101,67628965101
2025-06-19 03:58:30,REAL,67628965101,530,67628965631,67628965631
2025-06-19 03:58:32,REAL,67628965631,539,67628966170,67628966170
2025-06-19 03:58:34,REAL,67628966170,128063,67629094233,67629094233
2025-06-19 03:58:36,REAL,67629094233,168701,67629262934,67629262934
2025-06-19 03:58:38,REAL,67629262934,29319,67629292253,67629292253
2025-06-19 03:58:40,REAL,67629292253,29141,67629321394,67629321394
2025-06-19 03:58:42,REAL,67629321394,29107,67629350501,67629350501
2025-06-19 03:58:44,REAL,67629350501,28534,67629379035,67629379035
2025-06-19 03:58:46,REAL,67629379035,29443,67629408478,67629408478
2025-06-19 03:58:48,REAL,67629408478,28947,67629437425,67629437425
2025-06-19 03:58:50,REAL,67629437425,1877,67629439302,67629439302
2025-06-19 03:58:52,REAL,67629439302,535,67629439837,67629439837
2025-06-19 03:58:54,REAL,67629439837,608,67629440445,67629440445
2025-06-19 03:58:56,REAL,67629440445,534,67629440979,67629440979
2025-06-19 03:58:58,REAL,67629440979,598,67629441577,67629441577
2025-06-19 03:59:00,REAL,67629441577,545,67629442122,67629442122
2025-06-19 03:59:02,REAL,67629442122,548,67629442670,67629442670
2025-06-19 03:59:04,REAL,67629442670,596,67629443266,67629443266
2025-06-19 03:59:06,REAL,67629443266,137438,67629580704,67629580704
2025-06-19 03:59:08,REAL,67629580704,135168,67629715872,67629715872
2025-06-19 03:59:10,REAL,67629715872,29648,67629745520,67629745520
2025-06-19 03:59:12,REAL,67629745520,28742,67629774262,67629774262
2025-06-19 03:59:14,REAL,67629774262,28825,67629803087,67629803087
2025-06-19 03:59:16,REAL,67629803087,29095,67629832182,67629832182
2025-06-19 03:59:18,REAL,67629832182,29360,67629861542,67629861542
2025-06-19 03:59:20,REAL,67629861542,28803,67629890345,67629890345
2025-06-19 03:59:22,REAL,67629890345,590,67629890935,67629890935
2025-06-19 03:59:24,REAL,67629890935,607,67629891542,67629891542
2025-06-19 03:59:26,REAL,67629891542,537,67629892079,67629892079
2025-06-19 03:59:28,REAL,67629892079,539,67629892618,67629892618
2025-06-19 03:59:30,REAL,67629892618,548,67629893166,67629893166
2025-06-19 03:59:32,REAL,67629893166,546,67629893712,67629893712
2025-06-19 03:59:34,REAL,67629893712,546,67629894258,67629894258
2025-06-19 03:59:36,REAL,67629894258,655,67629894913,67629894913
2025-06-19 03:59:38,REAL,67629894913,145658,67630040571,67630040571
2025-06-19 03:59:40,REAL,67630040571,113701,67630154272,67630154272
2025-06-19 03:59:42,REAL,67630154272,29406,67630183678,67630183678
2025-06-19 03:59:44,REAL,67630183678,29087,67630212765,67630212765
2025-06-19 03:59:46,REAL,67630212765,28935,67630241700,67630241700
2025-06-19 03:59:48,REAL,67630241700,28632,67630270332,67630270332
2025-06-19 03:59:50,REAL,67630270332,29150,67630299482,67630299482
2025-06-19 03:59:52,REAL,67630299482,26800,67630326282,67630326282
2025-06-19 03:59:54,REAL,67630326282,617,67630326899,67630326899
2025-06-19 03:59:56,REAL,67630326899,536,67630327435,67630327435
2025-06-19 03:59:58,REAL,67630327435,536,67630327971,67630327971
2025-06-19 04:00:00,REAL,67630327971,547,67630328518,67630328518
2025-06-19 04:00:02,REAL,67630328518,540,67630329058,67630329058
2025-06-19 04:00:04,REAL,67630329058,542,67630329600,67630329600
2025-06-19 04:00:06,REAL,67630329600,544,67630330144,67630330144
2025-06-19 04:00:08,REAL,67630330144,730,67630330874,67630330874
2025-06-19 04:00:10,REAL,67630330874,537,67630331411,67630331411
2025-06-19 04:00:12,REAL,67630331411,536,67630331947,67630331947
2025-06-19 04:00:14,REAL,67630331947,533,67630332480,67630332480
2025-06-19 04:00:16,REAL,67630332480,539,67630333019,67630333019
2025-06-19 04:00:18,REAL,67630333019,530,67630333549,67630333549
2025-06-19 04:00:20,REAL,67630333549,544,67630334093,67630334093
2025-06-19 04:00:22,REAL,67630334093,539,67630334632,67630334632
2025-06-19 04:00:24,REAL,67630334632,674,67630335306,67630335306
2025-06-19 04:00:26,REAL,67630335306,542,67630335848,67630335848
2025-06-19 04:00:28,REAL,67630335848,542,67630336390,67630336390
2025-06-19 04:00:30,REAL,67630336390,544,67630336934,67630336934
2025-06-19 04:00:32,REAL,67630336934,531,67630337465,67630337465
2025-06-19 04:00:34,REAL,67630337465,546,67630338011,67630338011
2025-06-19 04:00:36,REAL,67630338011,602,67630338613,67630338613
2025-06-19 04:00:38,REAL,67630338613,621,67630339234,67630339234
2025-06-19 04:00:40,REAL,67630339234,601,67630339835,67630339835
2025-06-19 04:00:42,REAL,67630339835,542,67630340377,67630340377
2025-06-19 04:00:44,REAL,67630340377,542,67630340919,67630340919
2025-06-19 04:00:46,REAL,67630340919,546,67630341465,67630341465
2025-06-19 04:00:48,REAL,67630341465,614,67630342079,67630342079
2025-06-19 04:00:50,REAL,67630342079,545,67630342624,67630342624
2025-06-19 04:00:52,REAL,67630342624,545,67630343169,67630343169
2025-06-19 04:00:54,REAL,67630343169,621,67630343790,67630343790
2025-06-19 04:00:56,REAL,67630343790,596,67630344386,67630344386
2025-06-19 04:00:58,REAL,67630344386,595,67630344981,67630344981
2025-06-19 04:01:00,REAL,67630344981,653,67630345634,67630345634
2025-06-19 04:01:02,REAL,67630345634,608,67630346242,67630346242
2025-06-19 04:01:04,REAL,67630346242,536,67630346778,67630346778
2025-06-19 04:01:06,REAL,67630346778,538,67630347316,67630347316
2025-06-19 04:01:08,REAL,67630347316,612,67630347928,67630347928
2025-06-19 04:01:10,REAL,67630347928,535,67630348463,67630348463
2025-06-19 04:01:12,REAL,67630348463,537,67630349000,67630349000
2025-06-19 04:01:14,REAL,67630349000,543,67630349543,67630349543
2025-06-19 04:01:16,REAL,67630349543,542,67630350085,67630350085
2025-06-19 04:01:18,REAL,67630350085,596,67630350681,67630350681
2025-06-19 04:01:20,REAL,67630350681,541,67630351222,67630351222
2025-06-19 04:01:22,REAL,67630351222,537,67630351759,67630351759
2025-06-19 04:01:24,REAL,67630351759,621,67630352380,67630352380
2025-06-19 04:01:26,REAL,67630352380,601,67630352981,67630352981
2025-06-19 04:01:28,REAL,67630352981,544,67630353525,67630353525
2025-06-19 04:01:30,REAL,67630353525,536,67630354061,67630354061
2025-06-19 04:01:32,REAL,67630354061,543,67630354604,67630354604
2025-06-19 04:01:34,REAL,67630354604,608,67630355212,67630355212
2025-06-19 04:01:36,REAL,67630355212,538,67630355750,67630355750
2025-06-19 04:01:38,REAL,67630355750,614,67630356364,67630356364
2025-06-19 04:01:40,REAL,67630356364,543,67630356907,67630356907
2025-06-19 04:01:42,REAL,67630356907,534,67630357441,67630357441
2025-06-19 04:01:44,REAL,67630357441,542,67630357983,67630357983
2025-06-19 04:01:46,REAL,67630357983,539,67630358522,67630358522
2025-06-19 04:01:48,REAL,67630358522,546,67630359068,67630359068
2025-06-19 04:01:50,REAL,67630359068,599,67630359667,67630359667
2025-06-19 04:01:52,REAL,67630359667,597,67630360264,67630360264
2025-06-19 04:01:54,REAL,67630360264,623,67630360887,67630360887
2025-06-19 04:01:56,REAL,67630360887,540,67630361427,67630361427
2025-06-19 04:01:58,REAL,67630361427,546,67630361973,67630361973
2025-06-19 04:02:00,REAL,67630361973,541,67630362514,67630362514
2025-06-19 04:02:02,REAL,67630362514,539,67630363053,67630363053
2025-06-19 04:02:04,REAL,67630363053,537,67630363590,67630363590
2025-06-19 04:02:06,REAL,67630363590,607,67630364197,67630364197
2025-06-19 04:02:08,REAL,67630364197,622,67630364819,67630364819
2025-06-19 04:02:10,REAL,67630364819,534,67630365353,67630365353
2025-06-19 04:02:12,REAL,67630365353,545,67630365898,67630365898
2025-06-19 04:02:14,REAL,67630365898,601,67630366499,67630366499
2025-06-19 04:02:16,REAL,67630366499,538,67630367037,67630367037
2025-06-19 04:02:18,REAL,67630367037,546,67630367583,67630367583
2025-06-19 04:02:20,REAL,67630367583,537,67630368120,67630368120
2025-06-19 04:02:22,REAL,67630368120,605,67630368725,67630368725
2025-06-19 04:02:24,REAL,67630368725,615,67630369340,67630369340
2025-06-19 04:02:26,REAL,67630369340,536,67630369876,67630369876
2025-06-19 04:02:28,REAL,67630369876,542,67630370418,67630370418
2025-06-19 04:02:30,REAL,67630370418,544,67630370962,67630370962
2025-06-19 04:02:32,REAL,67630370962,535,67630371497,67630371497
2025-06-19 04:02:34,REAL,67630371497,539,67630372036,67630372036
2025-06-19 04:02:36,REAL,67630372036,540,67630372576,67630372576
2025-06-19 04:02:38,REAL,67630372576,735,67630373311,67630373311
2025-06-19 04:02:40,REAL,67630373311,598,67630373909,67630373909
2025-06-19 04:02:42,REAL,67630373909,661,67630374570,67630374570
2025-06-19 04:02:44,REAL,67630374570,534,67630375104,67630375104
2025-06-19 04:02:46,REAL,67630375104,598,67630375702,67630375702
2025-06-19 04:02:48,REAL,67630375702,541,67630376243,67630376243
2025-06-19 04:02:50,REAL,67630376243,541,67630376784,67630376784
2025-06-19 04:02:52,REAL,67630376784,545,67630377329,67630377329
2025-06-19 04:02:54,REAL,67630377329,616,67630377945,67630377945
2025-06-19 04:02:56,REAL,67630377945,543,67630378488,67630378488
2025-06-19 04:02:58,REAL,67630378488,607,67630379095,67630379095
2025-06-19 04:03:00,REAL,67630379095,544,67630379639,67630379639
2025-06-19 04:03:02,REAL,67630379639,536,67630380175,67630380175
2025-06-19 04:03:04,REAL,67630380175,535,67630380710,67630380710
2025-06-19 04:03:06,REAL,67630380710,549,67630381259,67630381259
2025-06-19 04:03:08,REAL,67630381259,618,67630381877,67630381877
2025-06-19 04:03:10,REAL,67630381877,541,67630382418,67630382418
2025-06-19 04:03:12,REAL,67630382418,544,67630382962,67630382962
2025-06-19 04:03:14,REAL,67630382962,357,67630383319,67630383319
2025-06-19 04:03:16,REAL,67630383319,599,67630383918,67630383918
2025-06-19 04:03:18,REAL,67630383918,546,67630384464,67630384464
2025-06-19 04:03:20,REAL,67630384464,532,67630384996,67630384996
2025-06-19 04:03:22,REAL,67630384996,543,67630385539,67630385539
2025-06-19 04:03:24,REAL,67630385539,615,67630386154,67630386154
2025-06-19 04:03:26,REAL,67630386154,536,67630386690,67630386690
2025-06-19 04:03:28,REAL,67630386690,546,67630387236,67630387236
2025-06-19 04:03:30,REAL,67630387236,606,67630387842,67630387842
2025-06-19 04:03:32,REAL,67630387842,543,67630388385,67630388385
2025-06-19 04:03:34,REAL,67630388385,596,67630388981,67630388981
2025-06-19 04:03:36,REAL,67630388981,534,67630389515,67630389515
2025-06-19 04:03:38,REAL,67630389515,621,67630390136,67630390136
2025-06-19 04:03:40,REAL,67630390136,545,67630390681,67630390681
2025-06-19 04:03:42,REAL,67630390681,541,67630391222,67630391222
2025-06-19 04:03:44,REAL,67630391222,544,67630391766,67630391766
2025-06-19 04:03:46,REAL,67630391766,605,67630392371,67630392371
2025-06-19 04:03:48,REAL,67630392371,594,67630392965,67630392965
2025-06-19 04:03:50,REAL,67630392965,536,67630393501,67630393501
2025-06-19 04:03:52,REAL,67630393501,532,67630394033,67630394033
2025-06-19 04:03:54,REAL,67630394033,609,67630394642,67630394642
2025-06-19 04:03:56,REAL,67630394642,543,67630395185,67630395185
2025-06-19 04:03:58,REAL,67630395185,541,67630395726,67630395726
2025-06-19 04:04:00,REAL,67630395726,539,67630396265,67630396265
2025-06-19 04:04:02,REAL,67630396265,593,67630396858,67630396858
2025-06-19 04:04:04,REAL,67630396858,542,67630397400,67630397400
2025-06-19 04:04:06,REAL,67630397400,542,67630397942,67630397942
2025-06-19 04:04:08,REAL,67630397942,609,67630398551,67630398551
2025-06-19 04:04:10,REAL,67630398551,538,67630399089,67630399089
2025-06-19 04:04:12,REAL,67630399089,537,67630399626,67630399626
2025-06-19 04:04:14,REAL,67630399626,545,67630400171,67630400171
2025-06-19 04:04:16,REAL,67630400171,545,67630400716,67630400716
2025-06-19 04:04:18,REAL,67630400716,665,67630401381,67630401381
2025-06-19 04:04:20,REAL,67630401381,549,67630401930,67630401930
2025-06-19 04:04:22,REAL,67630401930,543,67630402473,67630402473
2025-06-19 04:04:24,REAL,67630402473,663,67630403136,67630403136
2025-06-19 04:04:26,REAL,67630403136,537,67630403673,67630403673
2025-06-19 04:04:28,REAL,67630403673,536,67630404209,67630404209
2025-06-19 04:04:30,REAL,67630404209,534,67630404743,67630404743
2025-06-19 04:04:32,REAL,67630404743,537,67630405280,67630405280
2025-06-19 04:04:34,REAL,67630405280,598,67630405878,67630405878
2025-06-19 04:04:36,REAL,67630405878,542,67630406420,67630406420
2025-06-19 04:04:38,REAL,67630406420,616,67630407036,67630407036
2025-06-19 04:04:40,REAL,67630407036,534,67630407570,67630407570
2025-06-19 04:04:42,REAL,67630407570,540,67630408110,67630408110
2025-06-19 04:04:44,REAL,67630408110,541,67630408651,67630408651
2025-06-19 04:04:46,REAL,67630408651,539,67630409190,67630409190
2025-06-19 04:04:48,REAL,67630409190,599,67630409789,67630409789
2025-06-19 04:04:50,REAL,67630409789,593,67630410382,67630410382
2025-06-19 04:04:52,REAL,67630410382,544,67630410926,67630410926
2025-06-19 04:04:54,REAL,67630410926,616,67630411542,67630411542
2025-06-19 04:04:56,REAL,67630411542,547,67630412089,67630412089
2025-06-19 04:04:58,REAL,67630412089,539,67630412628,67630412628
2025-06-19 04:05:00,REAL,67630412628,537,67630413165,67630413165
2025-06-19 04:05:02,REAL,67630413165,545,67630413710,67630413710
2025-06-19 04:05:04,REAL,67630413710,545,67630414255,67630414255
2025-06-19 04:05:06,REAL,67630414255,603,67630414858,67630414858
2025-06-19 04:05:08,REAL,67630414858,613,67630415471,67630415471
2025-06-19 04:05:10,REAL,67630415471,544,67630416015,67630416015
2025-06-19 04:05:12,REAL,67630416015,538,67630416553,67630416553
2025-06-19 04:05:14,REAL,67630416553,543,67630417096,67630417096
2025-06-19 04:05:16,REAL,67630417096,592,67630417688,67630417688
2025-06-19 04:05:18,REAL,67630417688,535,67630418223,67630418223
2025-06-19 04:05:20,REAL,67630418223,594,67630418817,67630418817
2025-06-19 04:05:22,REAL,67630418817,604,67630419421,67630419421
2025-06-19 04:05:24,REAL,67630419421,619,67630420040,67630420040
2025-06-19 04:05:26,REAL,67630420040,547,67630420587,67630420587
2025-06-19 04:05:28,REAL,67630420587,538,67630421125,67630421125
2025-06-19 04:05:30,REAL,67630421125,541,67630421666,67630421666
2025-06-19 04:05:32,REAL,67630421666,532,67630422198,67630422198
2025-06-19 04:05:34,REAL,67630422198,535,67630422733,67630422733
2025-06-19 04:05:36,REAL,67630422733,545,67630423278,67630423278
2025-06-19 04:05:38,REAL,67630423278,70069,67630493347,67630493347
2025-06-19 04:05:40,REAL,67630493347,186297,67630679644,67630679644
2025-06-19 04:05:42,REAL,67630679644,29465,67630709109,67630709109
2025-06-19 04:05:44,REAL,67630709109,29247,67630738356,67630738356
2025-06-19 04:05:46,REAL,67630738356,29449,67630767805,67630767805
2025-06-19 04:05:48,REAL,67630767805,28922,67630796727,67630796727
2025-06-19 04:05:50,REAL,67630796727,29226,67630825953,67630825953
2025-06-19 04:05:52,REAL,67630825953,28693,67630854646,67630854646
2025-06-19 04:05:54,REAL,67630854646,6785,67630861431,67630861431
2025-06-19 04:05:56,REAL,67630861431,540,67630861971,67630861971
2025-06-19 04:05:58,REAL,67630861971,547,67630862518,67630862518
2025-06-19 04:06:00,REAL,67630862518,537,67630863055,67630863055
2025-06-19 04:06:02,REAL,67630863055,535,67630863590,67630863590
2025-06-19 04:06:04,REAL,67630863590,539,67630864129,67630864129
2025-06-19 04:06:06,REAL,67630864129,535,67630864664,67630864664
2025-06-19 04:06:08,REAL,67630864664,605,67630865269,67630865269
2025-06-19 04:06:10,REAL,67630865269,739,67630866008,67630866008
2025-06-19 04:06:12,REAL,67630866008,603,67630866611,67630866611
2025-06-19 04:06:14,REAL,67630866611,600,67630867211,67630867211
2025-06-19 04:06:16,REAL,67630867211,535,67630867746,67630867746
2025-06-19 04:06:18,REAL,67630867746,535,67630868281,67630868281
2025-06-19 04:06:20,REAL,67630868281,597,67630868878,67630868878
2025-06-19 04:06:22,REAL,67630868878,532,67630869410,67630869410
2025-06-19 04:06:24,REAL,67630869410,617,67630870027,67630870027
2025-06-19 04:06:26,REAL,67630870027,540,67630870567,67630870567
2025-06-19 04:06:28,REAL,67630870567,591,67630871158,67630871158
2025-06-19 04:06:30,REAL,67630871158,600,67630871758,67630871758
2025-06-19 04:06:32,REAL,67630871758,535,67630872293,67630872293
2025-06-19 04:06:34,REAL,67630872293,532,67630872825,67630872825
2025-06-19 04:06:36,REAL,67630872825,550,67630873375,67630873375
2025-06-19 04:06:38,REAL,67630873375,532,67630873907,67630873907
2025-06-19 04:06:40,REAL,67630873907,608,67630874515,67630874515
2025-06-19 04:06:42,REAL,67630874515,547,67630875062,67630875062
2025-06-19 04:06:44,REAL,67630875062,541,67630875603,67630875603
2025-06-19 04:06:46,REAL,67630875603,603,67630876206,67630876206
2025-06-19 04:06:48,REAL,67630876206,537,67630876743,67630876743
2025-06-19 04:06:50,REAL,67630876743,593,67630877336,67630877336
2025-06-19 04:06:52,REAL,67630877336,537,67630877873,67630877873
2025-06-19 04:06:54,REAL,67630877873,621,67630878494,67630878494
2025-06-19 04:06:56,REAL,67630878494,532,67630879026,67630879026
2025-06-19 04:06:58,REAL,67630879026,533,67630879559,67630879559
2025-06-19 04:07:00,REAL,67630879559,540,67630880099,67630880099
2025-06-19 04:07:02,REAL,67630880099,657,67630880756,67630880756
2025-06-19 04:07:04,REAL,67630880756,538,67630881294,67630881294
2025-06-19 04:07:06,REAL,67630881294,540,67630881834,67630881834
2025-06-19 04:07:08,REAL,67630881834,539,67630882373,67630882373
2025-06-19 04:07:10,REAL,67630882373,670,67630883043,67630883043
2025-06-19 04:07:12,REAL,67630883043,530,67630883573,67630883573
2025-06-19 04:07:14,REAL,67630883573,537,67630884110,67630884110
2025-06-19 04:07:16,REAL,67630884110,549,67630884659,67630884659
2025-06-19 04:07:18,REAL,67630884659,606,67630885265,67630885265
2025-06-19 04:07:20,REAL,67630885265,533,67630885798,67630885798
2025-06-19 04:07:22,REAL,67630885798,543,67630886341,67630886341
2025-06-19 04:07:24,REAL,67630886341,612,67630886953,67630886953
2025-06-19 04:07:26,REAL,67630886953,534,67630887487,67630887487
2025-06-19 04:07:28,REAL,67630887487,533,67630888020,67630888020
2025-06-19 04:07:30,REAL,67630888020,545,67630888565,67630888565
2025-06-19 04:07:32,REAL,67630888565,596,67630889161,67630889161
2025-06-19 04:07:34,REAL,67630889161,605,67630889766,67630889766
2025-06-19 04:07:36,REAL,67630889766,540,67630890306,67630890306
2025-06-19 04:07:38,REAL,67630890306,533,67630890839,67630890839
2025-06-19 04:07:40,REAL,67630890839,614,67630891453,67630891453
2025-06-19 04:07:42,REAL,67630891453,545,67630891998,67630891998
2025-06-19 04:07:44,REAL,67630891998,597,67630892595,67630892595
2025-06-19 04:07:46,REAL,67630892595,535,67630893130,67630893130
2025-06-19 04:07:48,REAL,67630893130,536,67630893666,67630893666
2025-06-19 04:07:50,REAL,67630893666,2374,67630896040,67630896040
2025-06-19 04:07:52,REAL,67630896040,249466,67631145506,67631145506
2025-06-19 04:07:54,REAL,67631145506,29259,67631174765,67631174765
2025-06-19 04:07:56,REAL,67631174765,28862,67631203627,67631203627
2025-06-19 04:07:58,REAL,67631203627,29162,67631232789,67631232789
2025-06-19 04:08:00,REAL,67631232789,29753,67631262542,67631262542
2025-06-19 04:08:02,REAL,67631262542,29060,67631291602,67631291602
2025-06-19 04:08:04,REAL,67631291602,28917,67631320519,67631320519
2025-06-19 04:08:06,REAL,67631320519,13502,67631334021,67631334021
2025-06-19 04:08:08,REAL,67631334021,535,67631334556,67631334556
2025-06-19 04:08:10,REAL,67631334556,613,67631335169,67631335169
2025-06-19 04:08:12,REAL,67631335169,602,67631335771,67631335771
2025-06-19 04:08:14,REAL,67631335771,534,67631336305,67631336305
2025-06-19 04:08:16,REAL,67631336305,548,67631336853,67631336853
2025-06-19 04:08:18,REAL,67631336853,545,67631337398,67631337398
2025-06-19 04:08:20,REAL,67631337398,538,67631337936,67631337936
2025-06-19 04:08:22,REAL,67631337936,21174,67631359110,67631359110
2025-06-19 04:08:24,REAL,67631359110,237130,67631596240,67631596240
2025-06-19 04:08:26,REAL,67631596240,29106,67631625346,67631625346
2025-06-19 04:08:28,REAL,67631625346,29045,67631654391,67631654391
2025-06-19 04:08:30,REAL,67631654391,29414,67631683805,67631683805
2025-06-19 04:08:32,REAL,67631683805,29528,67631713333,67631713333
2025-06-19 04:08:34,REAL,67631713333,28685,67631742018,67631742018
2025-06-19 04:08:36,REAL,67631742018,28793,67631770811,67631770811
2025-06-19 04:08:38,REAL,67631770811,11740,67631782551,67631782551
2025-06-19 04:08:40,REAL,67631782551,615,67631783166,67631783166
2025-06-19 04:08:42,REAL,67631783166,534,67631783700,67631783700
2025-06-19 04:08:44,REAL,67631783700,599,67631784299,67631784299
2025-06-19 04:08:46,REAL,67631784299,538,67631784837,67631784837
2025-06-19 04:08:48,REAL,67631784837,533,67631785370,67631785370
2025-06-19 04:08:50,REAL,67631785370,539,67631785909,67631785909
2025-06-19 04:08:52,REAL,67631785909,542,67631786451,67631786451
2025-06-19 04:08:54,REAL,67631786451,605,67631787056,67631787056
2025-06-19 04:08:56,REAL,67631787056,609,67631787665,67631787665
2025-06-19 04:08:58,REAL,67631787665,534,67631788199,67631788199
2025-06-19 04:09:00,REAL,67631788199,545,67631788744,67631788744
2025-06-19 04:09:02,REAL,67631788744,545,67631789289,67631789289
2025-06-19 04:09:04,REAL,67631789289,596,67631789885,67631789885
2025-06-19 04:09:06,REAL,67631789885,538,67631790423,67631790423
2025-06-19 04:09:08,REAL,67631790423,535,67631790958,67631790958
2025-06-19 04:09:10,REAL,67631790958,729,67631791687,67631791687
2025-06-19 04:09:12,REAL,67631791687,539,67631792226,67631792226
2025-06-19 04:09:14,REAL,67631792226,539,67631792765,67631792765
2025-06-19 04:09:16,REAL,67631792765,537,67631793302,67631793302
2025-06-19 04:09:18,REAL,67631793302,539,67631793841,67631793841
2025-06-19 04:09:20,REAL,67631793841,536,67631794377,67631794377
2025-06-19 04:09:22,REAL,67631794377,537,67631794914,67631794914
2025-06-19 04:09:24,REAL,67631794914,539,67631795453,67631795453
2025-06-19 04:09:26,REAL,67631795453,735,67631796188,67631796188
2025-06-19 04:09:28,REAL,67631796188,544,67631796732,67631796732
2025-06-19 04:09:30,REAL,67631796732,534,67631797266,67631797266
2025-06-19 04:09:32,REAL,67631797266,539,67631797805,67631797805
2025-06-19 04:09:34,REAL,67631797805,544,67631798349,67631798349
2025-06-19 04:09:36,REAL,67631798349,550,67631798899,67631798899
2025-06-19 04:09:38,REAL,67631798899,541,67631799440,67631799440
2025-06-19 04:09:40,REAL,67631799440,621,67631800061,67631800061
2025-06-19 04:09:42,REAL,67631800061,600,67631800661,67631800661
2025-06-19 04:09:44,REAL,67631800661,532,67631801193,67631801193
2025-06-19 04:09:46,REAL,67631801193,590,67631801783,67631801783
2025-06-19 04:09:48,REAL,67631801783,545,67631802328,67631802328
2025-06-19 04:09:50,REAL,67631802328,535,67631802863,67631802863
2025-06-19 04:09:52,REAL,67631802863,546,67631803409,67631803409
2025-06-19 04:09:54,REAL,67631803409,587,67631803996,67631803996
2025-06-19 04:09:56,REAL,67631803996,616,67631804612,67631804612
2025-06-19 04:09:58,REAL,67631804612,66238,67631870850,67631870850
2025-06-19 04:10:00,REAL,67631870850,211806,67632082656,67632082656
2025-06-19 04:10:02,REAL,67632082656,29438,67632112094,67632112094
2025-06-19 04:10:04,REAL,67632112094,28836,67632140930,67632140930
2025-06-19 04:10:06,REAL,67632140930,29551,67632170481,67632170481
2025-06-19 04:10:08,REAL,67632170481,29026,67632199507,67632199507
2025-06-19 04:10:10,REAL,67632199507,29454,67632228961,67632228961
2025-06-19 04:10:12,REAL,67632228961,29551,67632258512,67632258512
2025-06-19 04:10:14,REAL,67632258512,6168,67632264680,67632264680
2025-06-19 04:10:16,REAL,67632264680,539,67632265219,67632265219
2025-06-19 04:10:18,REAL,67632265219,547,67632265766,67632265766
2025-06-19 04:10:20,REAL,67632265766,606,67632266372,67632266372
2025-06-19 04:10:22,REAL,67632266372,535,67632266907,67632266907
2025-06-19 04:10:24,REAL,67632266907,544,67632267451,67632267451
2025-06-19 04:10:26,REAL,67632267451,608,67632268059,67632268059
2025-06-19 04:10:28,REAL,67632268059,538,67632268597,67632268597
2025-06-19 04:10:30,REAL,67632268597,90275,67632358872,67632358872
2025-06-19 04:10:32,REAL,67632358872,170168,67632529040,67632529040
2025-06-19 04:10:34,REAL,67632529040,29045,67632558085,67632558085
2025-06-19 04:10:36,REAL,67632558085,29752,67632587837,67632587837
2025-06-19 04:10:38,REAL,67632587837,29105,67632616942,67632616942
2025-06-19 04:10:40,REAL,67632616942,29021,67632645963,67632645963
2025-06-19 04:10:42,REAL,67632645963,29242,67632675205,67632675205
2025-06-19 04:10:44,REAL,67632675205,29553,67632704758,67632704758
2025-06-19 04:10:46,REAL,67632704758,4345,67632709103,67632709103
2025-06-19 04:10:48,REAL,67632709103,544,67632709647,67632709647
2025-06-19 04:10:50,REAL,67632709647,546,67632710193,67632710193
2025-06-19 04:10:52,REAL,67632710193,540,67632710733,67632710733
2025-06-19 04:10:54,REAL,67632710733,543,67632711276,67632711276
2025-06-19 04:10:56,REAL,67632711276,617,67632711893,67632711893
2025-06-19 04:10:58,REAL,67632711893,545,67632712438,67632712438
2025-06-19 04:11:00,REAL,67632712438,540,67632712978,67632712978
2025-06-19 04:11:02,REAL,67632712978,110396,67632823374,67632823374
2025-06-19 04:11:04,REAL,67632823374,162905,67632986279,67632986279
2025-06-19 04:11:06,REAL,67632986279,29062,67633015341,67633015341
2025-06-19 04:11:08,REAL,67633015341,29203,67633044544,67633044544
2025-06-19 04:11:10,REAL,67633044544,29159,67633073703,67633073703
2025-06-19 04:11:12,REAL,67633073703,28971,67633102674,67633102674
2025-06-19 04:11:14,REAL,67633102674,29440,67633132114,67633132114
2025-06-19 04:11:16,REAL,67633132114,29393,67633161507,67633161507
2025-06-19 04:11:18,REAL,67633161507,2542,67633164049,67633164049
2025-06-19 04:11:20,REAL,67633164049,594,67633164643,67633164643
2025-06-19 04:11:22,REAL,67633164643,537,67633165180,67633165180
2025-06-19 04:11:24,REAL,67633165180,539,67633165719,67633165719
2025-06-19 04:11:26,REAL,67633165719,623,67633166342,67633166342
2025-06-19 04:11:28,REAL,67633166342,541,67633166883,67633166883
2025-06-19 04:11:30,REAL,67633166883,546,67633167429,67633167429
2025-06-19 04:11:32,REAL,67633167429,532,67633167961,67633167961
2025-06-19 04:11:34,REAL,67633167961,603,67633168564,67633168564
2025-06-19 04:11:36,REAL,67633168564,533,67633169097,67633169097
2025-06-19 04:11:38,REAL,67633169097,548,67633169645,67633169645
2025-06-19 04:11:40,REAL,67633169645,613,67633170258,67633170258
2025-06-19 04:11:42,REAL,67633170258,539,67633170797,67633170797
2025-06-19 04:11:44,REAL,67633170797,550,67633171347,67633171347
2025-06-19 04:11:46,REAL,67633171347,532,67633171879,67633171879
2025-06-19 04:11:48,REAL,67633171879,542,67633172421,67633172421
2025-06-19 04:11:50,REAL,67633172421,663,67633173084,67633173084
2025-06-19 04:11:52,REAL,67633173084,538,67633173622,67633173622
2025-06-19 04:11:54,REAL,67633173622,536,67633174158,67633174158
2025-06-19 04:11:56,REAL,67633174158,612,67633174770,67633174770
2025-06-19 04:11:58,REAL,67633174770,546,67633175316,67633175316
2025-06-19 04:12:00,REAL,67633175316,543,67633175859,67633175859
2025-06-19 04:12:02,REAL,67633175859,601,67633176460,67633176460
2025-06-19 04:12:04,REAL,67633176460,599,67633177059,67633177059
2025-06-19 04:12:06,REAL,67633177059,548,67633177607,67633177607
2025-06-19 04:12:08,REAL,67633177607,537,67633178144,67633178144
2025-06-19 04:12:10,REAL,67633178144,609,67633178753,67633178753
2025-06-19 04:12:12,REAL,67633178753,533,67633179286,67633179286
2025-06-19 04:12:14,REAL,67633179286,537,67633179823,67633179823
2025-06-19 04:12:16,REAL,67633179823,534,67633180357,67633180357
2025-06-19 04:12:18,REAL,67633180357,539,67633180896,67633180896
2025-06-19 04:12:20,REAL,67633180896,607,67633181503,67633181503
2025-06-19 04:12:22,REAL,67633181503,154489,67633335992,67633335992
2025-06-19 04:12:24,REAL,67633335992,112286,67633448278,67633448278
2025-06-19 04:12:26,REAL,67633448278,29282,67633477560,67633477560
2025-06-19 04:12:28,REAL,67633477560,29417,67633506977,67633506977
2025-06-19 04:12:30,REAL,67633506977,28958,67633535935,67633535935
2025-06-19 04:12:32,REAL,67633535935,29461,67633565396,67633565396
2025-06-19 04:12:34,REAL,67633565396,29105,67633594501,67633594501
2025-06-19 04:12:36,REAL,67633594501,27018,67633621519,67633621519
2025-06-19 04:12:38,REAL,67633621519,598,67633622117,67633622117
2025-06-19 04:12:40,REAL,67633622117,738,67633622855,67633622855
2025-06-19 04:12:42,REAL,67633622855,21378,67633644233,67633644233
2025-06-19 04:12:44,REAL,67633644233,257710,67633901943,67633901943
2025-06-19 04:12:46,REAL,67633901943,29140,67633931083,67633931083
2025-06-19 04:12:48,REAL,67633931083,29021,67633960104,67633960104
2025-06-19 04:12:50,REAL,67633960104,29292,67633989396,67633989396
2025-06-19 04:12:52,REAL,67633989396,29883,67634019279,67634019279
2025-06-19 04:12:54,REAL,67634019279,29215,67634048494,67634048494
2025-06-19 04:12:56,REAL,67634048494,29269,67634077763,67634077763
2025-06-19 04:12:58,REAL,67634077763,10923,67634088686,67634088686
2025-06-19 04:13:00,REAL,67634088686,547,67634089233,67634089233
2025-06-19 04:13:02,REAL,67634089233,538,67634089771,67634089771
2025-06-19 04:13:04,REAL,67634089771,542,67634090313,67634090313
2025-06-19 04:13:06,REAL,67634090313,540,67634090853,67634090853
2025-06-19 04:13:08,REAL,67634090853,542,67634091395,67634091395
2025-06-19 04:13:10,REAL,67634091395,615,67634092010,67634092010
2025-06-19 04:13:12,REAL,67634092010,543,67634092553,67634092553
2025-06-19 04:13:14,REAL,67634092553,594,67634093147,67634093147
2025-06-19 04:13:16,REAL,67634093147,597,67634093744,67634093744
2025-06-19 04:13:18,REAL,67634093744,538,67634094282,67634094282
2025-06-19 04:13:20,REAL,67634094282,540,67634094822,67634094822
2025-06-19 04:13:22,REAL,67634094822,544,67634095366,67634095366
2025-06-19 04:13:24,REAL,67634095366,541,67634095907,67634095907
2025-06-19 04:13:26,REAL,67634095907,618,67634096525,67634096525
2025-06-19 04:13:28,REAL,67634096525,541,67634097066,67634097066
2025-06-19 04:13:30,REAL,67634097066,598,67634097664,67634097664
2025-06-19 04:13:32,REAL,67634097664,596,67634098260,67634098260
2025-06-19 04:13:34,REAL,67634098260,546,67634098806,67634098806
2025-06-19 04:13:36,REAL,67634098806,542,67634099348,67634099348
2025-06-19 04:13:38,REAL,67634099348,542,67634099890,67634099890
2025-06-19 04:13:40,REAL,67634099890,536,67634100426,67634100426
2025-06-19 04:13:42,REAL,67634100426,625,67634101051,67634101051
2025-06-19 04:13:44,REAL,67634101051,548,67634101599,67634101599
2025-06-19 04:13:46,REAL,67634101599,602,67634102201,67634102201
2025-06-19 04:13:48,REAL,67634102201,542,67634102743,67634102743
2025-06-19 04:13:50,REAL,67634102743,547,67634103290,67634103290
2025-06-19 04:13:52,REAL,67634103290,593,67634103883,67634103883
2025-06-19 04:13:54,REAL,67634103883,545,67634104428,67634104428
2025-06-19 04:13:56,REAL,67634104428,609,67634105037,67634105037
2025-06-19 04:13:58,REAL,67634105037,543,67634105580,67634105580
2025-06-19 04:14:00,REAL,67634105580,548,67634106128,67634106128
2025-06-19 04:14:02,REAL,67634106128,605,67634106733,67634106733
2025-06-19 04:14:04,REAL,67634106733,543,67634107276,67634107276
2025-06-19 04:14:06,REAL,67634107276,541,67634107817,67634107817
2025-06-19 04:14:08,REAL,67634107817,541,67634108358,67634108358
2025-06-19 04:14:10,REAL,67634108358,540,67634108898,67634108898
2025-06-19 04:14:12,REAL,67634108898,620,67634109518,67634109518
2025-06-19 04:14:14,REAL,67634109518,540,67634110058,67634110058
2025-06-19 04:14:16,REAL,67634110058,538,67634110596,67634110596
2025-06-19 04:14:18,REAL,67634110596,603,67634111199,67634111199
2025-06-19 04:14:20,REAL,67634111199,595,67634111794,67634111794
2025-06-19 04:14:22,REAL,67634111794,546,67634112340,67634112340
2025-06-19 04:14:24,REAL,67634112340,548,67634112888,67634112888
2025-06-19 04:14:26,REAL,67634112888,606,67634113494,67634113494
2025-06-19 04:14:28,REAL,67634113494,533,67634114027,67634114027
2025-06-19 04:14:30,REAL,67634114027,591,67634114618,67634114618
2025-06-19 04:14:32,REAL,67634114618,548,67634115166,67634115166
2025-06-19 04:14:34,REAL,67634115166,654,67634115820,67634115820
2025-06-19 04:14:36,REAL,67634115820,598,67634116418,67634116418
2025-06-19 04:14:38,REAL,67634116418,603,67634117021,67634117021
2025-06-19 04:14:40,REAL,67634117021,536,67634117557,67634117557
2025-06-19 04:14:42,REAL,67634117557,610,67634118167,67634118167
2025-06-19 04:14:44,REAL,67634118167,535,67634118702,67634118702
2025-06-19 04:14:46,REAL,67634118702,541,67634119243,67634119243
2025-06-19 04:14:48,REAL,67634119243,543,67634119786,67634119786
2025-06-19 04:14:50,REAL,67634119786,541,67634120327,67634120327
2025-06-19 04:14:52,REAL,67634120327,537,67634120864,67634120864
2025-06-19 04:14:54,REAL,67634120864,599,67634121463,67634121463
2025-06-19 04:14:56,REAL,67634121463,229691,67634351154,67634351154
2025-06-19 04:14:58,REAL,67634351154,45190,67634396344,67634396344
2025-06-19 04:15:00,REAL,67634396344,29105,67634425449,67634425449
2025-06-19 04:15:02,REAL,67634425449,29040,67634454489,67634454489
2025-06-19 04:15:04,REAL,67634454489,29108,67634483597,67634483597
2025-06-19 04:15:06,REAL,67634483597,29297,67634512894,67634512894
2025-06-19 04:15:08,REAL,67634512894,29262,67634542156,67634542156
2025-06-19 04:15:10,REAL,67634542156,18015,67634560171,67634560171
2025-06-19 04:15:12,REAL,67634560171,618,67634560789,67634560789
2025-06-19 04:15:14,REAL,67634560789,546,67634561335,67634561335
2025-06-19 04:15:16,REAL,67634561335,548,67634561883,67634561883
2025-06-19 04:15:18,REAL,67634561883,538,67634562421,67634562421
2025-06-19 04:15:20,REAL,67634562421,542,67634562963,67634562963
2025-06-19 04:15:22,REAL,67634562963,540,67634563503,67634563503
2025-06-19 04:15:24,REAL,67634563503,531,67634564034,67634564034
2025-06-19 04:15:26,REAL,67634564034,669,67634564703,67634564703
2025-06-19 04:15:28,REAL,67634564703,600,67634565303,67634565303
2025-06-19 04:15:30,REAL,67634565303,604,67634565907,67634565907
2025-06-19 04:15:32,REAL,67634565907,598,67634566505,67634566505
2025-06-19 04:15:34,REAL,67634566505,542,67634567047,67634567047
2025-06-19 04:15:36,REAL,67634567047,536,67634567583,67634567583
2025-06-19 04:15:38,REAL,67634567583,538,67634568121,67634568121
2025-06-19 04:15:40,REAL,67634568121,546,67634568667,67634568667
2025-06-19 04:15:42,REAL,67634568667,620,67634569287,67634569287
2025-06-19 04:15:44,REAL,67634569287,649,67634569936,67634569936
2025-06-19 04:15:46,REAL,67634569936,534,67634570470,67634570470
2025-06-19 04:15:48,REAL,67634570470,603,67634571073,67634571073
2025-06-19 04:15:50,REAL,67634571073,530,67634571603,67634571603
2025-06-19 04:15:52,REAL,67634571603,540,67634572143,67634572143
2025-06-19 04:15:54,REAL,67634572143,549,67634572692,67634572692
2025-06-19 04:15:56,REAL,67634572692,541,67634573233,67634573233
2025-06-19 04:15:58,REAL,67634573233,610,67634573843,67634573843
2025-06-19 04:16:00,REAL,67634573843,537,67634574380,67634574380
2025-06-19 04:16:02,REAL,67634574380,537,67634574917,67634574917
2025-06-19 04:16:04,REAL,67634574917,146056,67634720973,67634720973
2025-06-19 04:16:06,REAL,67634720973,127038,67634848011,67634848011
2025-06-19 04:16:08,REAL,67634848011,29347,67634877358,67634877358
2025-06-19 04:16:10,REAL,67634877358,29503,67634906861,67634906861
2025-06-19 04:16:12,REAL,67634906861,29252,67634936113,67634936113
2025-06-19 04:16:14,REAL,67634936113,28803,67634964916,67634964916
2025-06-19 04:16:16,REAL,67634964916,28877,67634993793,67634993793
2025-06-19 04:16:18,REAL,67634993793,28755,67635022548,67635022548
2025-06-19 04:16:20,REAL,67635022548,595,67635023143,67635023143
2025-06-19 04:16:22,REAL,67635023143,599,67635023742,67635023742
2025-06-19 04:16:24,REAL,67635023742,541,67635024283,67635024283
2025-06-19 04:16:26,REAL,67635024283,543,67635024826,67635024826
2025-06-19 04:16:28,REAL,67635024826,616,67635025442,67635025442
2025-06-19 04:16:30,REAL,67635025442,541,67635025983,67635025983
2025-06-19 04:16:32,REAL,67635025983,544,67635026527,67635026527
2025-06-19 04:16:34,REAL,67635026527,596,67635027123,67635027123
2025-06-19 04:16:36,REAL,67635027123,549,67635027672,67635027672
2025-06-19 04:16:38,REAL,67635027672,544,67635028216,67635028216
2025-06-19 04:16:40,REAL,67635028216,538,67635028754,67635028754
2025-06-19 04:16:42,REAL,67635028754,612,67635029366,67635029366
2025-06-19 04:16:44,REAL,67635029366,535,67635029901,67635029901
2025-06-19 04:16:46,REAL,67635029901,586,67635030487,67635030487
2025-06-19 04:16:48,REAL,67635030487,541,67635031028,67635031028
2025-06-19 04:16:50,REAL,67635031028,596,67635031624,67635031624
2025-06-19 04:16:52,REAL,67635031624,550,67635032174,67635032174
2025-06-19 04:16:54,REAL,67635032174,542,67635032716,67635032716
2025-06-19 04:16:56,REAL,67635032716,597,67635033313,67635033313
2025-06-19 04:16:58,REAL,67635033313,613,67635033926,67635033926
2025-06-19 04:17:00,REAL,67635033926,540,67635034466,67635034466
2025-06-19 04:17:02,REAL,67635034466,540,67635035006,67635035006
2025-06-19 04:17:04,REAL,67635035006,542,67635035548,67635035548
2025-06-19 04:17:06,REAL,67635035548,602,67635036150,67635036150
2025-06-19 04:17:08,REAL,67635036150,546,67635036696,67635036696
2025-06-19 04:17:10,REAL,67635036696,535,67635037231,67635037231
2025-06-19 04:17:12,REAL,67635037231,612,67635037843,67635037843
2025-06-19 04:17:14,REAL,67635037843,539,67635038382,67635038382
2025-06-19 04:17:16,REAL,67635038382,532,67635038914,67635038914
2025-06-19 04:17:18,REAL,67635038914,590,67635039504,67635039504
2025-06-19 04:17:20,REAL,67635039504,539,67635040043,67635040043
2025-06-19 04:17:22,REAL,67635040043,592,67635040635,67635040635
2025-06-19 04:17:24,REAL,67635040635,599,67635041234,67635041234
2025-06-19 04:17:26,REAL,67635041234,660,67635041894,67635041894
2025-06-19 04:17:28,REAL,67635041894,679,67635042573,67635042573
2025-06-19 04:17:30,REAL,67635042573,543,67635043116,67635043116
2025-06-19 04:17:32,REAL,67635043116,549,67635043665,67635043665
2025-06-19 04:17:34,REAL,67635043665,538,67635044203,67635044203
2025-06-19 04:17:36,REAL,67635044203,532,67635044735,67635044735
2025-06-19 04:17:38,REAL,67635044735,534,67635045269,67635045269
2025-06-19 04:17:40,REAL,67635045269,599,67635045868,67635045868
2025-06-19 04:17:42,REAL,67635045868,612,67635046480,67635046480
2025-06-19 04:17:44,REAL,67635046480,590,67635047070,67635047070
2025-06-19 04:17:46,REAL,67635047070,538,67635047608,67635047608
2025-06-19 04:17:48,REAL,67635047608,538,67635048146,67635048146
2025-06-19 04:17:50,REAL,67635048146,538,67635048684,67635048684
2025-06-19 04:17:52,REAL,67635048684,532,67635049216,67635049216
2025-06-19 04:17:54,REAL,67635049216,548,67635049764,67635049764
2025-06-19 04:17:56,REAL,67635049764,549,67635050313,67635050313
2025-06-19 04:17:58,REAL,67635050313,616,67635050929,67635050929
2025-06-19 04:18:00,REAL,67635050929,600,67635051529,67635051529
2025-06-19 04:18:02,REAL,67635051529,589,67635052118,67635052118
2025-06-19 04:18:04,REAL,67635052118,543,67635052661,67635052661
2025-06-19 04:18:06,REAL,67635052661,539,67635053200,67635053200
2025-06-19 04:18:08,REAL,67635053200,598,67635053798,67635053798
2025-06-19 04:18:10,REAL,67635053798,538,67635054336,67635054336
2025-06-19 04:18:12,REAL,67635054336,544,67635054880,67635054880
2025-06-19 04:18:14,REAL,67635054880,610,67635055490,67635055490
2025-06-19 04:18:16,REAL,67635055490,593,67635056083,67635056083
2025-06-19 04:18:18,REAL,67635056083,546,67635056629,67635056629
2025-06-19 04:18:20,REAL,67635056629,541,67635057170,67635057170
2025-06-19 04:18:22,REAL,67635057170,545,67635057715,67635057715
2025-06-19 04:18:24,REAL,67635057715,591,67635058306,67635058306
2025-06-19 04:18:26,REAL,67635058306,541,67635058847,67635058847
2025-06-19 04:18:28,REAL,67635058847,611,67635059458,67635059458
2025-06-19 04:18:30,REAL,67635059458,539,67635059997,67635059997
2025-06-19 04:18:32,REAL,67635059997,74757,67635134754,67635134754
2025-06-19 04:18:34,REAL,67635134754,194736,67635329490,67635329490
2025-06-19 04:18:36,REAL,67635329490,29456,67635358946,67635358946
2025-06-19 04:18:38,REAL,67635358946,29257,67635388203,67635388203
2025-06-19 04:18:40,REAL,67635388203,29052,67635417255,67635417255
2025-06-19 04:18:42,REAL,67635417255,29721,67635446976,67635446976
2025-06-19 04:18:44,REAL,67635446976,29369,67635476345,67635476345
2025-06-19 04:18:46,REAL,67635476345,29490,67635505835,67635505835
2025-06-19 04:18:48,REAL,67635505835,6081,67635511916,67635511916
2025-06-19 04:18:50,REAL,67635511916,532,67635512448,67635512448
2025-06-19 04:18:52,REAL,67635512448,541,67635512989,67635512989
2025-06-19 04:18:54,REAL,67635512989,541,67635513530,67635513530
2025-06-19 04:18:56,REAL,67635513530,534,67635514064,67635514064
2025-06-19 04:18:58,REAL,67635514064,613,67635514677,67635514677
2025-06-19 04:19:00,REAL,67635514677,533,67635515210,67635515210
2025-06-19 04:19:02,REAL,67635515210,541,67635515751,67635515751
2025-06-19 04:19:04,REAL,67635515751,110508,67635626259,67635626259
2025-06-19 04:19:06,REAL,67635626259,158176,67635784435,67635784435
2025-06-19 04:19:08,REAL,67635784435,28893,67635813328,67635813328
2025-06-19 04:19:10,REAL,67635813328,29113,67635842441,67635842441
2025-06-19 04:19:12,REAL,67635842441,29523,67635871964,67635871964
2025-06-19 04:19:14,REAL,67635871964,29453,67635901417,67635901417
2025-06-19 04:19:16,REAL,67635901417,29609,67635931026,67635931026
2025-06-19 04:19:18,REAL,67635931026,29170,67635960196,67635960196
2025-06-19 04:19:20,REAL,67635960196,4084,67635964280,67635964280
2025-06-19 04:19:22,REAL,67635964280,544,67635964824,67635964824
2025-06-19 04:19:24,REAL,67635964824,547,67635965371,67635965371
2025-06-19 04:19:26,REAL,67635965371,539,67635965910,67635965910
2025-06-19 04:19:28,REAL,67635965910,619,67635966529,67635966529
2025-06-19 04:19:30,REAL,67635966529,587,67635967116,67635967116
2025-06-19 04:19:32,REAL,67635967116,542,67635967658,67635967658
2025-06-19 04:19:34,REAL,67635967658,538,67635968196,67635968196
2025-06-19 04:19:36,REAL,67635968196,603,67635968799,67635968799
2025-06-19 04:19:38,REAL,67635968799,540,67635969339,67635969339
2025-06-19 04:19:40,REAL,67635969339,546,67635969885,67635969885
2025-06-19 04:19:42,REAL,67635969885,543,67635970428,67635970428
2025-06-19 04:19:44,REAL,67635970428,619,67635971047,67635971047
2025-06-19 04:19:46,REAL,67635971047,591,67635971638,67635971638
2025-06-19 04:19:48,REAL,67635971638,537,67635972175,67635972175
2025-06-19 04:19:50,REAL,67635972175,538,67635972713,67635972713
2025-06-19 04:19:52,REAL,67635972713,720,67635973433,67635973433
2025-06-19 04:19:54,REAL,67635973433,361,67635973794,67635973794
2025-06-19 04:19:56,REAL,67635973794,605,67635974399,67635974399
2025-06-19 04:19:58,REAL,67635974399,614,67635975013,67635975013
2025-06-19 04:20:00,REAL,67635975013,543,67635975556,67635975556
2025-06-19 04:20:02,REAL,67635975556,542,67635976098,67635976098
2025-06-19 04:20:04,REAL,67635976098,534,67635976632,67635976632
2025-06-19 04:20:06,REAL,67635976632,545,67635977177,67635977177
2025-06-19 04:20:08,REAL,67635977177,539,67635977716,67635977716
2025-06-19 04:20:10,REAL,67635977716,530,67635978246,67635978246
2025-06-19 04:20:12,REAL,67635978246,610,67635978856,67635978856
2025-06-19 04:20:14,REAL,67635978856,678,67635979534,67635979534
2025-06-19 04:20:16,REAL,67635979534,530,67635980064,67635980064
2025-06-19 04:20:18,REAL,67635980064,536,67635980600,67635980600
2025-06-19 04:20:20,REAL,67635980600,543,67635981143,67635981143
2025-06-19 04:20:22,REAL,67635981143,539,67635981682,67635981682
2025-06-19 04:20:24,REAL,67635981682,544,67635982226,67635982226
2025-06-19 04:20:26,REAL,67635982226,539,67635982765,67635982765
2025-06-19 04:20:28,REAL,67635982765,738,67635983503,67635983503
2025-06-19 04:20:30,REAL,67635983503,275425,67636258928,67636258928
2025-06-19 04:20:32,REAL,67636258928,29361,67636288289,67636288289
2025-06-19 04:20:34,REAL,67636288289,29277,67636317566,67636317566
2025-06-19 04:20:36,REAL,67636317566,29729,67636347295,67636347295
2025-06-19 04:20:38,REAL,67636347295,28911,67636376206,67636376206
2025-06-19 04:20:40,REAL,67636376206,28850,67636405056,67636405056
2025-06-19 04:20:42,REAL,67636405056,29362,67636434418,67636434418
2025-06-19 04:20:44,REAL,67636434418,14037,67636448455,67636448455
2025-06-19 04:20:46,REAL,67636448455,545,67636449000,67636449000
2025-06-19 04:20:48,REAL,67636449000,542,67636449542,67636449542
2025-06-19 04:20:50,REAL,67636449542,550,67636450092,67636450092
2025-06-19 04:20:52,REAL,67636450092,536,67636450628,67636450628
2025-06-19 04:20:54,REAL,67636450628,538,67636451166,67636451166
2025-06-19 04:20:56,REAL,67636451166,535,67636451701,67636451701
2025-06-19 04:20:58,REAL,67636451701,669,67636452370,67636452370
2025-06-19 04:21:00,REAL,67636452370,7810,67636460180,67636460180
2025-06-19 04:21:02,REAL,67636460180,246301,67636706481,67636706481
2025-06-19 04:21:04,REAL,67636706481,29106,67636735587,67636735587
2025-06-19 04:21:06,REAL,67636735587,29757,67636765344,67636765344
2025-06-19 04:21:08,REAL,67636765344,28519,67636793863,67636793863
2025-06-19 04:21:10,REAL,67636793863,29278,67636823141,67636823141
2025-06-19 04:21:12,REAL,67636823141,29064,67636852205,67636852205
2025-06-19 04:21:14,REAL,67636852205,29259,67636881464,67636881464
2025-06-19 04:21:16,REAL,67636881464,12433,67636893897,67636893897
2025-06-19 04:21:18,REAL,67636893897,542,67636894439,67636894439
2025-06-19 04:21:20,REAL,67636894439,596,67636895035,67636895035
2025-06-19 04:21:22,REAL,67636895035,544,67636895579,67636895579
2025-06-19 04:21:24,REAL,67636895579,540,67636896119,67636896119
2025-06-19 04:21:26,REAL,67636896119,533,67636896652,67636896652
2025-06-19 04:21:28,REAL,67636896652,621,67636897273,67636897273
2025-06-19 04:21:30,REAL,67636897273,550,67636897823,67636897823
2025-06-19 04:21:32,REAL,67636897823,33838,67636931661,67636931661
2025-06-19 04:21:34,REAL,67636931661,232007,67637163668,67637163668
2025-06-19 04:21:36,REAL,67637163668,29186,67637192854,67637192854
2025-06-19 04:21:38,REAL,67637192854,29421,67637222275,67637222275
2025-06-19 04:21:40,REAL,67637222275,29546,67637251821,67637251821
2025-06-19 04:21:42,REAL,67637251821,29582,67637281403,67637281403
2025-06-19 04:21:44,REAL,67637281403,29550,67637310953,67637310953
2025-06-19 04:21:46,REAL,67637310953,28987,67637339940,67637339940
2025-06-19 04:21:48,REAL,67637339940,10731,67637350671,67637350671
2025-06-19 04:21:50,REAL,67637350671,534,67637351205,67637351205
2025-06-19 04:21:52,REAL,67637351205,544,67637351749,67637351749
2025-06-19 04:21:54,REAL,67637351749,546,67637352295,67637352295
2025-06-19 04:21:56,REAL,67637352295,535,67637352830,67637352830
2025-06-19 04:21:58,REAL,67637352830,617,67637353447,67637353447
2025-06-19 04:22:00,REAL,67637353447,541,67637353988,67637353988
2025-06-19 04:22:02,REAL,67637353988,537,67637354525,67637354525
2025-06-19 04:22:04,REAL,67637354525,45732,67637400257,67637400257
2025-06-19 04:22:06,REAL,67637400257,204594,67637604851,67637604851
2025-06-19 04:22:08,REAL,67637604851,28914,67637633765,67637633765
2025-06-19 04:22:10,REAL,67637633765,29584,67637663349,67637663349
2025-06-19 04:22:12,REAL,67637663349,28756,67637692105,67637692105
2025-06-19 04:22:14,REAL,67637692105,29313,67637721418,67637721418
2025-06-19 04:22:16,REAL,67637721418,28985,67637750403,67637750403
2025-06-19 04:22:18,REAL,67637750403,28778,67637779181,67637779181
2025-06-19 04:22:20,REAL,67637779181,8954,67637788135,67637788135
2025-06-19 04:22:22,REAL,67637788135,541,67637788676,67637788676
2025-06-19 04:22:24,REAL,67637788676,539,67637789215,67637789215
2025-06-19 04:22:26,REAL,67637789215,548,67637789763,67637789763
2025-06-19 04:22:28,REAL,67637789763,607,67637790370,67637790370
2025-06-19 04:22:30,REAL,67637790370,601,67637790971,67637790971
2025-06-19 04:22:32,REAL,67637790971,547,67637791518,67637791518
2025-06-19 04:22:34,REAL,67637791518,537,67637792055,67637792055
2025-06-19 04:22:36,REAL,67637792055,69631,67637861686,67637861686
2025-06-19 04:22:38,REAL,67637861686,196567,67638058253,67638058253
2025-06-19 04:22:40,REAL,67638058253,29737,67638087990,67638087990
2025-06-19 04:22:42,REAL,67638087990,29193,67638117183,67638117183
2025-06-19 04:22:44,REAL,67638117183,29073,67638146256,67638146256
2025-06-19 04:22:46,REAL,67638146256,28600,67638174856,67638174856
2025-06-19 04:22:48,REAL,67638174856,28600,67638203456,67638203456
2025-06-19 04:22:50,REAL,67638203456,29868,67638233324,67638233324
2025-06-19 04:22:52,REAL,67638233324,6795,67638240119,67638240119
2025-06-19 04:22:54,REAL,67638240119,542,67638240661,67638240661
2025-06-19 04:22:56,REAL,67638240661,539,67638241200,67638241200
2025-06-19 04:22:58,REAL,67638241200,538,67638241738,67638241738
2025-06-19 04:23:00,REAL,67638241738,617,67638242355,67638242355
2025-06-19 04:23:02,REAL,67638242355,541,67638242896,67638242896
2025-06-19 04:23:04,REAL,67638242896,539,67638243435,67638243435
2025-06-19 04:23:06,REAL,67638243435,541,67638243976,67638243976
2025-06-19 04:23:08,REAL,67638243976,80669,67638324645,67638324645
2025-06-19 04:23:10,REAL,67638324645,191781,67638516426,67638516426
2025-06-19 04:23:12,REAL,67638516426,28887,67638545313,67638545313
2025-06-19 04:23:14,REAL,67638545313,29356,67638574669,67638574669
2025-06-19 04:23:16,REAL,67638574669,29751,67638604420,67638604420
2025-06-19 04:23:18,REAL,67638604420,29287,67638633707,67638633707
2025-06-19 04:23:20,REAL,67638633707,29104,67638662811,67638662811
2025-06-19 04:23:22,REAL,67638662811,28989,67638691800,67638691800
2025-06-19 04:23:24,REAL,67638691800,5276,67638697076,67638697076
2025-06-19 04:23:26,REAL,67638697076,530,67638697606,67638697606
2025-06-19 04:23:28,REAL,67638697606,539,67638698145,67638698145
2025-06-19 04:23:30,REAL,67638698145,614,67638698759,67638698759
2025-06-19 04:23:32,REAL,67638698759,543,67638699302,67638699302
2025-06-19 04:23:34,REAL,67638699302,537,67638699839,67638699839
2025-06-19 04:23:36,REAL,67638699839,548,67638700387,67638700387
2025-06-19 04:23:38,REAL,67638700387,539,67638700926,67638700926
2025-06-19 04:23:40,REAL,67638700926,599,67638701525,67638701525
2025-06-19 04:23:42,REAL,67638701525,538,67638702063,67638702063
2025-06-19 04:23:44,REAL,67638702063,615,67638702678,67638702678
2025-06-19 04:23:46,REAL,67638702678,542,67638703220,67638703220
2025-06-19 04:23:48,REAL,67638703220,588,67638703808,67638703808
2025-06-19 04:23:50,REAL,67638703808,534,67638704342,67638704342
2025-06-19 04:23:52,REAL,67638704342,539,67638704881,67638704881
2025-06-19 04:23:54,REAL,67638704881,531,67638705412,67638705412
2025-06-19 04:23:56,REAL,67638705412,597,67638706009,67638706009
2025-06-19 04:23:58,REAL,67638706009,537,67638706546,67638706546
2025-06-19 04:24:00,REAL,67638706546,609,67638707155,67638707155
2025-06-19 04:24:02,REAL,67638707155,547,67638707702,67638707702
2025-06-19 04:24:04,REAL,67638707702,544,67638708246,67638708246
2025-06-19 04:24:06,REAL,67638708246,594,67638708840,67638708840
2025-06-19 04:24:08,REAL,67638708840,535,67638709375,67638709375
2025-06-19 04:24:10,REAL,67638709375,542,67638709917,67638709917
2025-06-19 04:24:12,REAL,67638709917,596,67638710513,67638710513
2025-06-19 04:24:14,REAL,67638710513,606,67638711119,67638711119
2025-06-19 04:24:16,REAL,67638711119,541,67638711660,67638711660
2025-06-19 04:24:18,REAL,67638711660,542,67638712202,67638712202
2025-06-19 04:24:20,REAL,67638712202,538,67638712740,67638712740
2025-06-19 04:24:22,REAL,67638712740,540,67638713280,67638713280
2025-06-19 04:24:24,REAL,67638713280,536,67638713816,67638713816
2025-06-19 04:24:26,REAL,67638713816,595,67638714411,67638714411
2025-06-19 04:24:28,REAL,67638714411,142272,67638856683,67638856683
2025-06-19 04:24:30,REAL,67638856683,154013,67639010696,67639010696
2025-06-19 04:24:32,REAL,67639010696,29255,67639039951,67639039951
2025-06-19 04:24:34,REAL,67639039951,29385,67639069336,67639069336
2025-06-19 04:24:36,REAL,67639069336,28679,67639098015,67639098015
2025-06-19 04:24:38,REAL,67639098015,29695,67639127710,67639127710
2025-06-19 04:24:40,REAL,67639127710,29096,67639156806,67639156806
2025-06-19 04:24:42,REAL,67639156806,28906,67639185712,67639185712
2025-06-19 04:24:44,REAL,67639185712,673,67639186385,67639186385
2025-06-19 04:24:46,REAL,67639186385,545,67639186930,67639186930
2025-06-19 04:24:48,REAL,67639186930,535,67639187465,67639187465
2025-06-19 04:24:50,REAL,67639187465,534,67639187999,67639187999
2025-06-19 04:24:52,REAL,67639187999,591,67639188590,67639188590
2025-06-19 04:24:54,REAL,67639188590,532,67639189122,67639189122
2025-06-19 04:24:56,REAL,67639189122,541,67639189663,67639189663
2025-06-19 04:24:58,REAL,67639189663,602,67639190265,67639190265
2025-06-19 04:25:00,REAL,67639190265,611,67639190876,67639190876
2025-06-19 04:25:02,REAL,67639190876,542,67639191418,67639191418
2025-06-19 04:25:04,REAL,67639191418,549,67639191967,67639191967
2025-06-19 04:25:06,REAL,67639191967,542,67639192509,67639192509
2025-06-19 04:25:08,REAL,67639192509,598,67639193107,67639193107
2025-06-19 04:25:10,REAL,67639193107,536,67639193643,67639193643
2025-06-19 04:25:12,REAL,67639193643,541,67639194184,67639194184
2025-06-19 04:25:14,REAL,67639194184,669,67639194853,67639194853
2025-06-19 04:25:16,REAL,67639194853,541,67639195394,67639195394
2025-06-19 04:25:18,REAL,67639195394,545,67639195939,67639195939
2025-06-19 04:25:20,REAL,67639195939,539,67639196478,67639196478
2025-06-19 04:25:22,REAL,67639196478,544,67639197022,67639197022
2025-06-19 04:25:24,REAL,67639197022,546,67639197568,67639197568
2025-06-19 04:25:26,REAL,67639197568,547,67639198115,67639198115
2025-06-19 04:25:28,REAL,67639198115,538,67639198653,67639198653
2025-06-19 04:25:30,REAL,67639198653,677,67639199330,67639199330
2025-06-19 04:25:32,REAL,67639199330,547,67639199877,67639199877
2025-06-19 04:25:34,REAL,67639199877,540,67639200417,67639200417
2025-06-19 04:25:36,REAL,67639200417,537,67639200954,67639200954
2025-06-19 04:25:38,REAL,67639200954,547,67639201501,67639201501
2025-06-19 04:25:40,REAL,67639201501,591,67639202092,67639202092
2025-06-19 04:25:42,REAL,67639202092,545,67639202637,67639202637
2025-06-19 04:25:44,REAL,67639202637,539,67639203176,67639203176
2025-06-19 04:25:46,REAL,67639203176,681,67639203857,67639203857
2025-06-19 04:25:48,REAL,67639203857,654,67639204511,67639204511
2025-06-19 04:25:50,REAL,67639204511,601,67639205112,67639205112
2025-06-19 04:25:52,REAL,67639205112,600,67639205712,67639205712
2025-06-19 04:25:54,REAL,67639205712,542,67639206254,67639206254
2025-06-19 04:25:56,REAL,67639206254,534,67639206788,67639206788
2025-06-19 04:25:58,REAL,67639206788,540,67639207328,67639207328
2025-06-19 04:26:00,REAL,67639207328,612,67639207940,67639207940
2025-06-19 04:26:02,REAL,67639207940,541,67639208481,67639208481
2025-06-19 04:26:04,REAL,67639208481,541,67639209022,67639209022
2025-06-19 04:26:06,REAL,67639209022,542,67639209564,67639209564
2025-06-19 04:26:08,REAL,67639209564,47975,67639257539,67639257539
2025-06-19 04:26:10,REAL,67639257539,205376,67639462915,67639462915
2025-06-19 04:26:12,REAL,67639462915,29380,67639492295,67639492295
2025-06-19 04:26:14,REAL,67639492295,28640,67639520935,67639520935
2025-06-19 04:26:16,REAL,67639520935,29173,67639550108,67639550108
2025-06-19 04:26:18,REAL,67639550108,29584,67639579692,67639579692
2025-06-19 04:26:20,REAL,67639579692,29128,67639608820,67639608820
2025-06-19 04:26:22,REAL,67639608820,28520,67639637340,67639637340
2025-06-19 04:26:24,REAL,67639637340,9104,67639646444,67639646444
2025-06-19 04:26:26,REAL,67639646444,602,67639647046,67639647046
2025-06-19 04:26:28,REAL,67639647046,544,67639647590,67639647590
2025-06-19 04:26:30,REAL,67639647590,616,67639648206,67639648206
2025-06-19 04:26:32,REAL,67639648206,539,67639648745,67639648745
2025-06-19 04:26:34,REAL,67639648745,536,67639649281,67639649281
2025-06-19 04:26:36,REAL,67639649281,532,67639649813,67639649813
2025-06-19 04:26:38,REAL,67639649813,542,67639650355,67639650355
2025-06-19 04:26:40,REAL,67639650355,60869,67639711224,67639711224
2025-06-19 04:26:42,REAL,67639711224,196175,67639907399,67639907399
2025-06-19 04:26:44,REAL,67639907399,28794,67639936193,67639936193
2025-06-19 04:26:46,REAL,67639936193,29961,67639966154,67639966154
2025-06-19 04:26:48,REAL,67639966154,29511,67639995665,67639995665
2025-06-19 04:26:50,REAL,67639995665,29301,67640024966,67640024966
2025-06-19 04:26:52,REAL,67640024966,29732,67640054698,67640054698
2025-06-19 04:26:54,REAL,67640054698,29179,67640083877,67640083877
2025-06-19 04:26:56,REAL,67640083877,7325,67640091202,67640091202
2025-06-19 04:26:58,REAL,67640091202,542,67640091744,67640091744
2025-06-19 04:27:00,REAL,67640091744,617,67640092361,67640092361
2025-06-19 04:27:02,REAL,67640092361,544,67640092905,67640092905
2025-06-19 04:27:04,REAL,67640092905,537,67640093442,67640093442
2025-06-19 04:27:06,REAL,67640093442,541,67640093983,67640093983
2025-06-19 04:27:08,REAL,67640093983,542,67640094525,67640094525
2025-06-19 04:27:10,REAL,67640094525,548,67640095073,67640095073
2025-06-19 04:27:12,REAL,67640095073,664,67640095737,67640095737
2025-06-19 04:27:14,REAL,67640095737,652,67640096389,67640096389
2025-06-19 04:27:16,REAL,67640096389,675,67640097064,67640097064
2025-06-19 04:27:18,REAL,67640097064,241746,67640338810,67640338810
2025-06-19 04:27:20,REAL,67640338810,64371,67640403181,67640403181
2025-06-19 04:27:22,REAL,67640403181,29383,67640432564,67640432564
2025-06-19 04:27:24,REAL,67640432564,29345,67640461909,67640461909
2025-06-19 04:27:26,REAL,67640461909,29163,67640491072,67640491072
2025-06-19 04:27:28,REAL,67640491072,28785,67640519857,67640519857
2025-06-19 04:27:30,REAL,67640519857,29736,67640549593,67640549593
2025-06-19 04:27:32,REAL,67640549593,19701,67640569294,67640569294
2025-06-19 04:27:34,REAL,67640569294,549,67640569843,67640569843
2025-06-19 04:27:36,REAL,67640569843,542,67640570385,67640570385
2025-06-19 04:27:38,REAL,67640570385,536,67640570921,67640570921
2025-06-19 04:27:40,REAL,67640570921,547,67640571468,67640571468
2025-06-19 04:27:42,REAL,67640571468,540,67640572008,67640572008
2025-06-19 04:27:44,REAL,67640572008,544,67640572552,67640572552
2025-06-19 04:27:46,REAL,67640572552,620,67640573172,67640573172
2025-06-19 04:27:48,REAL,67640573172,601,67640573773,67640573773
2025-06-19 04:27:50,REAL,67640573773,246957,67640820730,67640820730
2025-06-19 04:27:52,REAL,67640820730,43407,67640864137,67640864137
2025-06-19 04:27:54,REAL,67640864137,26035,67640890172,67640890172
2025-06-19 04:27:56,REAL,67640890172,29450,67640919622,67640919622
2025-06-19 04:27:58,REAL,67640919622,28905,67640948527,67640948527
2025-06-19 04:28:00,REAL,67640948527,28701,67640977228,67640977228
2025-06-19 04:28:02,REAL,67640977228,29690,67641006918,67641006918
2025-06-19 04:28:04,REAL,67641006918,18015,67641024933,67641024933
2025-06-19 04:28:06,REAL,67641024933,537,67641025470,67641025470
2025-06-19 04:28:08,REAL,67641025470,540,67641026010,67641026010
2025-06-19 04:28:10,REAL,67641026010,540,67641026550,67641026550
2025-06-19 04:28:12,REAL,67641026550,547,67641027097,67641027097
2025-06-19 04:28:14,REAL,67641027097,534,67641027631,67641027631
2025-06-19 04:28:16,REAL,67641027631,616,67641028247,67641028247
2025-06-19 04:28:18,REAL,67641028247,538,67641028785,67641028785
2025-06-19 04:28:20,REAL,67641028785,609,67641029394,67641029394
2025-06-19 04:28:22,REAL,67641029394,272625,67641302019,67641302019
2025-06-19 04:28:24,REAL,67641302019,28960,67641330979,67641330979
2025-06-19 04:28:26,REAL,67641330979,28662,67641359641,67641359641
2025-06-19 04:28:28,REAL,67641359641,28877,67641388518,67641388518
2025-06-19 04:28:30,REAL,67641388518,29302,67641417820,67641417820
2025-06-19 04:28:32,REAL,67641417820,29414,67641447234,67641447234
2025-06-19 04:28:34,REAL,67641447234,29216,67641476450,67641476450
2025-06-19 04:28:36,REAL,67641476450,16040,67641492490,67641492490
2025-06-19 04:28:38,REAL,67641492490,544,67641493034,67641493034
2025-06-19 04:28:40,REAL,67641493034,550,67641493584,67641493584
2025-06-19 04:28:42,REAL,67641493584,540,67641494124,67641494124
2025-06-19 04:28:44,REAL,67641494124,544,67641494668,67641494668
2025-06-19 04:28:46,REAL,67641494668,617,67641495285,67641495285
2025-06-19 04:28:48,REAL,67641495285,599,67641495884,67641495884
2025-06-19 04:28:50,REAL,67641495884,537,67641496421,67641496421
2025-06-19 04:28:52,REAL,67641496421,605,67641497026,67641497026
2025-06-19 04:28:54,REAL,67641497026,267647,67641764673,67641764673
2025-06-19 04:28:56,REAL,67641764673,29740,67641794413,67641794413
2025-06-19 04:28:58,REAL,67641794413,29505,67641823918,67641823918
2025-06-19 04:29:00,REAL,67641823918,29196,67641853114,67641853114
2025-06-19 04:29:02,REAL,67641853114,29257,67641882371,67641882371
2025-06-19 04:29:04,REAL,67641882371,29020,67641911391,67641911391
2025-06-19 04:29:06,REAL,67641911391,28670,67641940061,67641940061
2025-06-19 04:29:08,REAL,67641940061,14041,67641954102,67641954102
2025-06-19 04:29:10,REAL,67641954102,535,67641954637,67641954637
2025-06-19 04:29:12,REAL,67641954637,540,67641955177,67641955177
2025-06-19 04:29:14,REAL,67641955177,540,67641955717,67641955717
2025-06-19 04:29:16,REAL,67641955717,607,67641956324,67641956324
2025-06-19 04:29:18,REAL,67641956324,541,67641956865,67641956865
2025-06-19 04:29:20,REAL,67641956865,610,67641957475,67641957475
2025-06-19 04:29:22,REAL,67641957475,534,67641958009,67641958009
2025-06-19 04:29:24,REAL,67641958009,15332,67641973341,67641973341
2025-06-19 04:29:26,REAL,67641973341,263273,67642236614,67642236614
2025-06-19 04:29:28,REAL,67642236614,28783,67642265397,67642265397
2025-06-19 04:29:30,REAL,67642265397,29129,67642294526,67642294526
2025-06-19 04:29:32,REAL,67642294526,29261,67642323787,67642323787
2025-06-19 04:29:34,REAL,67642323787,30065,67642353852,67642353852
2025-06-19 04:29:36,REAL,67642353852,29253,67642383105,67642383105
2025-06-19 04:29:38,REAL,67642383105,28785,67642411890,67642411890
2025-06-19 04:29:40,REAL,67642411890,12408,67642424298,67642424298
2025-06-19 04:29:42,REAL,67642424298,538,67642424836,67642424836
2025-06-19 04:29:44,REAL,67642424836,538,67642425374,67642425374
2025-06-19 04:29:46,REAL,67642425374,620,67642425994,67642425994
2025-06-19 04:29:48,REAL,67642425994,546,67642426540,67642426540
2025-06-19 04:29:50,REAL,67642426540,536,67642427076,67642427076
2025-06-19 04:29:52,REAL,67642427076,539,67642427615,67642427615
2025-06-19 04:29:54,REAL,67642427615,535,67642428150,67642428150
2025-06-19 04:29:56,REAL,67642428150,32483,67642460633,67642460633
2025-06-19 04:29:58,REAL,67642460633,232617,67642693250,67642693250
2025-06-19 04:30:00,REAL,67642693250,29324,67642722574,67642722574
2025-06-19 04:30:02,REAL,67642722574,29367,67642751941,67642751941
2025-06-19 04:30:04,REAL,67642751941,29551,67642781492,67642781492
2025-06-19 04:30:06,REAL,67642781492,29721,67642811213,67642811213
2025-06-19 04:30:08,REAL,67642811213,28364,67642839577,67642839577
2025-06-19 04:30:10,REAL,67642839577,29500,67642869077,67642869077
2025-06-19 04:30:12,REAL,67642869077,10713,67642879790,67642879790
2025-06-19 04:30:14,REAL,67642879790,543,67642880333,67642880333
2025-06-19 04:30:16,REAL,67642880333,615,67642880948,67642880948
2025-06-19 04:30:18,REAL,67642880948,541,67642881489,67642881489
2025-06-19 04:30:20,REAL,67642881489,546,67642882035,67642882035
2025-06-19 04:30:22,REAL,67642882035,592,67642882627,67642882627
2025-06-19 04:30:24,REAL,67642882627,541,67642883168,67642883168
2025-06-19 04:30:26,REAL,67642883168,536,67642883704,67642883704
2025-06-19 04:30:28,REAL,67642883704,58110,67642941814,67642941814
2025-06-19 04:30:30,REAL,67642941814,224205,67643166019,67643166019
2025-06-19 04:30:32,REAL,67643166019,29074,67643195093,67643195093
2025-06-19 04:30:34,REAL,67643195093,28960,67643224053,67643224053
2025-06-19 04:30:36,REAL,67643224053,29382,67643253435,67643253435
2025-06-19 04:30:38,REAL,67643253435,29483,67643282918,67643282918
2025-06-19 04:30:40,REAL,67643282918,29376,67643312294,67643312294
2025-06-19 04:30:42,REAL,67643312294,29168,67643341462,67643341462
2025-06-19 04:30:44,REAL,67643341462,9004,67643350466,67643350466
2025-06-19 04:30:46,REAL,67643350466,673,67643351139,67643351139
2025-06-19 04:30:48,REAL,67643351139,598,67643351737,67643351737
2025-06-19 04:30:50,REAL,67643351737,215305,67643567042,67643567042
2025-06-19 04:30:52,REAL,67643567042,72774,67643639816,67643639816
2025-06-19 04:30:54,REAL,67643639816,29332,67643669148,67643669148
2025-06-19 04:30:56,REAL,67643669148,29439,67643698587,67643698587
2025-06-19 04:30:58,REAL,67643698587,29025,67643727612,67643727612
2025-06-19 04:31:00,REAL,67643727612,29225,67643756837,67643756837
2025-06-19 04:31:02,REAL,67643756837,29226,67643786063,67643786063
2025-06-19 04:31:04,REAL,67643786063,21774,67643807837,67643807837
2025-06-19 04:31:06,REAL,67643807837,543,67643808380,67643808380
2025-06-19 04:31:08,REAL,67643808380,540,67643808920,67643808920
2025-06-19 04:31:10,REAL,67643808920,602,67643809522,67643809522
2025-06-19 04:31:12,REAL,67643809522,540,67643810062,67643810062
2025-06-19 04:31:14,REAL,67643810062,544,67643810606,67643810606
2025-06-19 04:31:16,REAL,67643810606,613,67643811219,67643811219
2025-06-19 04:31:18,REAL,67643811219,549,67643811768,67643811768
2025-06-19 04:31:20,REAL,67643811768,593,67643812361,67643812361
2025-06-19 04:31:22,REAL,67643812361,539,67643812900,67643812900
2025-06-19 04:31:24,REAL,67643812900,542,67643813442,67643813442
2025-06-19 04:31:26,REAL,67643813442,531,67643813973,67643813973
2025-06-19 04:31:28,REAL,67643813973,541,67643814514,67643814514
2025-06-19 04:31:30,REAL,67643814514,533,67643815047,67643815047
2025-06-19 04:31:32,REAL,67643815047,617,67643815664,67643815664
2025-06-19 04:31:34,REAL,67643815664,598,67643816262,67643816262
2025-06-19 04:31:36,REAL,67643816262,598,67643816860,67643816860
2025-06-19 04:31:38,REAL,67643816860,545,67643817405,67643817405
2025-06-19 04:31:40,REAL,67643817405,540,67643817945,67643817945
2025-06-19 04:31:42,REAL,67643817945,537,67643818482,67643818482
2025-06-19 04:31:44,REAL,67643818482,536,67643819018,67643819018
2025-06-19 04:31:46,REAL,67643819018,619,67643819637,67643819637
2025-06-19 04:31:48,REAL,67643819637,542,67643820179,67643820179
2025-06-19 04:31:50,REAL,67643820179,534,67643820713,67643820713
2025-06-19 04:31:52,REAL,67643820713,605,67643821318,67643821318
2025-06-19 04:31:54,REAL,67643821318,243681,67644064999,67644064999
2025-06-19 04:31:56,REAL,67644064999,46985,67644111984,67644111984
2025-06-19 04:31:58,REAL,67644111984,29125,67644141109,67644141109
2025-06-19 04:32:00,REAL,67644141109,29451,67644170560,67644170560
2025-06-19 04:32:02,REAL,67644170560,28993,67644199553,67644199553
2025-06-19 04:32:04,REAL,67644199553,28695,67644228248,67644228248
2025-06-19 04:32:06,REAL,67644228248,29234,67644257482,67644257482
2025-06-19 04:32:08,REAL,67644257482,18313,67644275795,67644275795
2025-06-19 04:32:10,REAL,67644275795,604,67644276399,67644276399
2025-06-19 04:32:12,REAL,67644276399,591,67644276990,67644276990
2025-06-19 04:32:14,REAL,67644276990,658,67644277648,67644277648
2025-06-19 04:32:16,REAL,67644277648,677,67644278325,67644278325
2025-06-19 04:32:18,REAL,67644278325,606,67644278931,67644278931
2025-06-19 04:32:20,REAL,67644278931,537,67644279468,67644279468
2025-06-19 04:32:22,REAL,67644279468,537,67644280005,67644280005
2025-06-19 04:32:24,REAL,67644280005,539,67644280544,67644280544
2025-06-19 04:32:26,REAL,67644280544,601,67644281145,67644281145
2025-06-19 04:32:28,REAL,67644281145,534,67644281679,67644281679
2025-06-19 04:32:30,REAL,67644281679,537,67644282216,67644282216
2025-06-19 04:32:32,REAL,67644282216,611,67644282827,67644282827
2025-06-19 04:32:34,REAL,67644282827,603,67644283430,67644283430
2025-06-19 04:32:36,REAL,67644283430,542,67644283972,67644283972
2025-06-19 04:32:38,REAL,67644283972,599,67644284571,67644284571
2025-06-19 04:32:40,REAL,67644284571,542,67644285113,67644285113
2025-06-19 04:32:42,REAL,67644285113,541,67644285654,67644285654
2025-06-19 04:32:44,REAL,67644285654,545,67644286199,67644286199
2025-06-19 04:32:46,REAL,67644286199,540,67644286739,67644286739
2025-06-19 04:32:48,REAL,67644286739,614,67644287353,67644287353
2025-06-19 04:32:50,REAL,67644287353,607,67644287960,67644287960
2025-06-19 04:32:52,REAL,67644287960,265512,67644553472,67644553472
2025-06-19 04:32:54,REAL,67644553472,29398,67644582870,67644582870
2025-06-19 04:32:56,REAL,67644582870,28677,67644611547,67644611547
2025-06-19 04:32:58,REAL,67644611547,29048,67644640595,67644640595
2025-06-19 04:33:00,REAL,67644640595,28992,67644669587,67644669587
2025-06-19 04:33:02,REAL,67644669587,28812,67644698399,67644698399
2025-06-19 04:33:04,REAL,67644698399,29656,67644728055,67644728055
2025-06-19 04:33:06,REAL,67644728055,15515,67644743570,67644743570
2025-06-19 04:33:08,REAL,67644743570,540,67644744110,67644744110
2025-06-19 04:33:10,REAL,67644744110,544,67644744654,67644744654
2025-06-19 04:33:12,REAL,67644744654,545,67644745199,67644745199
2025-06-19 04:33:14,REAL,67644745199,541,67644745740,67644745740
2025-06-19 04:33:16,REAL,67644745740,531,67644746271,67644746271
2025-06-19 04:33:18,REAL,67644746271,616,67644746887,67644746887
2025-06-19 04:33:20,REAL,67644746887,533,67644747420,67644747420
2025-06-19 04:33:22,REAL,67644747420,601,67644748021,67644748021
2025-06-19 04:33:24,REAL,67644748021,599,67644748620,67644748620
2025-06-19 04:33:26,REAL,67644748620,591,67644749211,67644749211
2025-06-19 04:33:28,REAL,67644749211,655,67644749866,67644749866
2025-06-19 04:33:30,REAL,67644749866,546,67644750412,67644750412
2025-06-19 04:33:32,REAL,67644750412,618,67644751030,67644751030
2025-06-19 04:33:34,REAL,67644751030,599,67644751629,67644751629
2025-06-19 04:33:36,REAL,67644751629,540,67644752169,67644752169
2025-06-19 04:33:38,REAL,67644752169,542,67644752711,67644752711
2025-06-19 04:33:40,REAL,67644752711,541,67644753252,67644753252
2025-06-19 04:33:42,REAL,67644753252,600,67644753852,67644753852
2025-06-19 04:33:44,REAL,67644753852,597,67644754449,67644754449
2025-06-19 04:33:46,REAL,67644754449,593,67644755042,67644755042
2025-06-19 04:33:48,REAL,67644755042,734,67644755776,67644755776
2025-06-19 04:33:50,REAL,67644755776,537,67644756313,67644756313
2025-06-19 04:33:52,REAL,67644756313,660,67644756973,67644756973
2025-06-19 04:33:54,REAL,67644756973,145622,67644902595,67644902595
2025-06-19 04:33:56,REAL,67644902595,116927,67645019522,67645019522
2025-06-19 04:33:58,REAL,67645019522,29421,67645048943,67645048943
2025-06-19 04:34:00,REAL,67645048943,28955,67645077898,67645077898
2025-06-19 04:34:02,REAL,67645077898,29299,67645107197,67645107197
2025-06-19 04:34:04,REAL,67645107197,29278,67645136475,67645136475
2025-06-19 04:34:06,REAL,67645136475,29435,67645165910,67645165910
2025-06-19 04:34:08,REAL,67645165910,27378,67645193288,67645193288
2025-06-19 04:34:10,REAL,67645193288,598,67645193886,67645193886
2025-06-19 04:34:12,REAL,67645193886,597,67645194483,67645194483
2025-06-19 04:34:14,REAL,67645194483,600,67645195083,67645195083
2025-06-19 04:34:16,REAL,67645195083,539,67645195622,67645195622
2025-06-19 04:34:18,REAL,67645195622,618,67645196240,67645196240
2025-06-19 04:34:20,REAL,67645196240,544,67645196784,67645196784
2025-06-19 04:34:22,REAL,67645196784,536,67645197320,67645197320
2025-06-19 04:34:24,REAL,67645197320,547,67645197867,67645197867
2025-06-19 04:34:26,REAL,67645197867,545,67645198412,67645198412
2025-06-19 04:34:28,REAL,67645198412,536,67645198948,67645198948
2025-06-19 04:34:30,REAL,67645198948,650,67645199598,67645199598
2025-06-19 04:34:32,REAL,67645199598,608,67645200206,67645200206
2025-06-19 04:34:34,REAL,67645200206,543,67645200749,67645200749
2025-06-19 04:34:36,REAL,67645200749,540,67645201289,67645201289
2025-06-19 04:34:38,REAL,67645201289,537,67645201826,67645201826
2025-06-19 04:34:40,REAL,67645201826,593,67645202419,67645202419
2025-06-19 04:34:42,REAL,67645202419,533,67645202952,67645202952
2025-06-19 04:34:44,REAL,67645202952,539,67645203491,67645203491
2025-06-19 04:34:46,REAL,67645203491,655,67645204146,67645204146
2025-06-19 04:34:48,REAL,67645204146,676,67645204822,67645204822
2025-06-19 04:34:50,REAL,67645204822,599,67645205421,67645205421
2025-06-19 04:34:52,REAL,67645205421,541,67645205962,67645205962
2025-06-19 04:34:54,REAL,67645205962,538,67645206500,67645206500
2025-06-19 04:34:56,REAL,67645206500,541,67645207041,67645207041
2025-06-19 04:34:58,REAL,67645207041,544,67645207585,67645207585
2025-06-19 04:35:00,REAL,67645207585,550,67645208135,67645208135
2025-06-19 04:35:02,REAL,67645208135,591,67645208726,67645208726
2025-06-19 04:35:04,REAL,67645208726,620,67645209346,67645209346
2025-06-19 04:35:06,REAL,67645209346,605,67645209951,67645209951
2025-06-19 04:35:08,REAL,67645209951,181491,67645391442,67645391442
2025-06-19 04:35:10,REAL,67645391442,88362,67645479804,67645479804
2025-06-19 04:35:12,REAL,67645479804,29331,67645509135,67645509135
2025-06-19 04:35:14,REAL,67645509135,29389,67645538524,67645538524
2025-06-19 04:35:16,REAL,67645538524,29091,67645567615,67645567615
2025-06-19 04:35:18,REAL,67645567615,29594,67645597209,67645597209
2025-06-19 04:35:20,REAL,67645597209,29337,67645626546,67645626546
2025-06-19 04:35:22,REAL,67645626546,22952,67645649498,67645649498
2025-06-19 04:35:24,REAL,67645649498,540,67645650038,67645650038
2025-06-19 04:35:26,REAL,67645650038,545,67645650583,67645650583
2025-06-19 04:35:28,REAL,67645650583,542,67645651125,67645651125
2025-06-19 04:35:30,REAL,67645651125,593,67645651718,67645651718
2025-06-19 04:35:32,REAL,67645651718,548,67645652266,67645652266
2025-06-19 04:35:34,REAL,67645652266,618,67645652884,67645652884
2025-06-19 04:35:36,REAL,67645652884,534,67645653418,67645653418
2025-06-19 04:35:38,REAL,67645653418,596,67645654014,67645654014
2025-06-19 04:35:40,REAL,67645654014,202347,67645856361,67645856361
2025-06-19 04:35:42,REAL,67645856361,90673,67645947034,67645947034
2025-06-19 04:35:44,REAL,67645947034,29788,67645976822,67645976822
2025-06-19 04:35:46,REAL,67645976822,29041,67646005863,67646005863
2025-06-19 04:35:48,REAL,67646005863,29224,67646035087,67646035087
2025-06-19 04:35:50,REAL,67646035087,29006,67646064093,67646064093
2025-06-19 04:35:52,REAL,67646064093,29582,67646093675,67646093675
2025-06-19 04:35:54,REAL,67646093675,21873,67646115548,67646115548
2025-06-19 04:35:56,REAL,67646115548,548,67646116096,67646116096
2025-06-19 04:35:58,REAL,67646116096,534,67646116630,67646116630
2025-06-19 04:36:00,REAL,67646116630,593,67646117223,67646117223
2025-06-19 04:36:02,REAL,67646117223,534,67646117757,67646117757
2025-06-19 04:36:04,REAL,67646117757,614,67646118371,67646118371
2025-06-19 04:36:06,REAL,67646118371,534,67646118905,67646118905
2025-06-19 04:36:08,REAL,67646118905,539,67646119444,67646119444
2025-06-19 04:36:10,REAL,67646119444,603,67646120047,67646120047
2025-06-19 04:36:12,REAL,67646120047,227267,67646347314,67646347314
2025-06-19 04:36:14,REAL,67646347314,52658,67646399972,67646399972
2025-06-19 04:36:16,REAL,67646399972,28748,67646428720,67646428720
2025-06-19 04:36:18,REAL,67646428720,28895,67646457615,67646457615
2025-06-19 04:36:20,REAL,67646457615,29310,67646486925,67646486925
2025-06-19 04:36:22,REAL,67646486925,29084,67646516009,67646516009
2025-06-19 04:36:24,REAL,67646516009,29330,67646545339,67646545339
2025-06-19 04:36:26,REAL,67646545339,19750,67646565089,67646565089
2025-06-19 04:36:28,REAL,67646565089,544,67646565633,67646565633
2025-06-19 04:36:30,REAL,67646565633,543,67646566176,67646566176
2025-06-19 04:36:32,REAL,67646566176,595,67646566771,67646566771
2025-06-19 04:36:34,REAL,67646566771,619,67646567390,67646567390
2025-06-19 04:36:36,REAL,67646567390,534,67646567924,67646567924
2025-06-19 04:36:38,REAL,67646567924,545,67646568469,67646568469
2025-06-19 04:36:40,REAL,67646568469,544,67646569013,67646569013
2025-06-19 04:36:42,REAL,67646569013,358,67646569371,67646569371
2025-06-19 04:36:44,REAL,67646569371,256201,67646825572,67646825572
2025-06-19 04:36:46,REAL,67646825572,41229,67646866801,67646866801
2025-06-19 04:36:48,REAL,67646866801,29333,67646896134,67646896134
2025-06-19 04:36:50,REAL,67646896134,29570,67646925704,67646925704
2025-06-19 04:36:52,REAL,67646925704,29697,67646955401,67646955401
2025-06-19 04:36:54,REAL,67646955401,29558,67646984959,67646984959
2025-06-19 04:36:56,REAL,67646984959,28778,67647013737,67647013737
2025-06-19 04:36:58,REAL,67647013737,18215,67647031952,67647031952
2025-06-19 04:37:00,REAL,67647031952,607,67647032559,67647032559
2025-06-19 04:37:02,REAL,67647032559,653,67647033212,67647033212
2025-06-19 04:37:04,REAL,67647033212,118927,67647152139,67647152139
2025-06-19 04:37:06,REAL,67647152139,152629,67647304768,67647304768
2025-06-19 04:37:08,REAL,67647304768,29548,67647334316,67647334316
2025-06-19 04:37:10,REAL,67647334316,29221,67647363537,67647363537
2025-06-19 04:37:12,REAL,67647363537,29214,67647392751,67647392751
2025-06-19 04:37:14,REAL,67647392751,28961,67647421712,67647421712
2025-06-19 04:37:16,REAL,67647421712,29150,67647450862,67647450862
2025-06-19 04:37:18,REAL,67647450862,29617,67647480479,67647480479
2025-06-19 04:37:20,REAL,67647480479,2669,67647483148,67647483148
2025-06-19 04:37:22,REAL,67647483148,537,67647483685,67647483685
2025-06-19 04:37:24,REAL,67647483685,539,67647484224,67647484224
2025-06-19 04:37:26,REAL,67647484224,780,67647485004,67647485004
2025-06-19 04:37:28,REAL,67647485004,295,67647485299,67647485299
2025-06-19 04:37:30,REAL,67647485299,537,67647485836,67647485836
2025-06-19 04:37:32,REAL,67647485836,546,67647486382,67647486382
2025-06-19 04:37:34,REAL,67647486382,666,67647487048,67647487048
2025-06-19 04:37:36,REAL,67647487048,604,67647487652,67647487652
2025-06-19 04:37:38,REAL,67647487652,538,67647488190,67647488190
2025-06-19 04:37:40,REAL,67647488190,538,67647488728,67647488728
2025-06-19 04:37:42,REAL,67647488728,543,67647489271,67647489271
2025-06-19 04:37:44,REAL,67647489271,530,67647489801,67647489801
2025-06-19 04:37:46,REAL,67647489801,533,67647490334,67647490334
2025-06-19 04:37:48,REAL,67647490334,614,67647490948,67647490948
2025-06-19 04:37:50,REAL,67647490948,539,67647491487,67647491487
2025-06-19 04:37:52,REAL,67647491487,594,67647492081,67647492081
2025-06-19 04:37:54,REAL,67647492081,591,67647492672,67647492672
2025-06-19 04:37:56,REAL,67647492672,541,67647493213,67647493213
2025-06-19 04:37:58,REAL,67647493213,547,67647493760,67647493760
2025-06-19 04:38:00,REAL,67647493760,545,67647494305,67647494305
2025-06-19 04:38:02,REAL,67647494305,533,67647494838,67647494838
2025-06-19 04:38:04,REAL,67647494838,615,67647495453,67647495453
2025-06-19 04:38:06,REAL,67647495453,545,67647495998,67647495998
2025-06-19 04:38:08,REAL,67647495998,155587,67647651585,67647651585
2025-06-19 04:38:10,REAL,67647651585,125580,67647777165,67647777165
2025-06-19 04:38:12,REAL,67647777165,29116,67647806281,67647806281
2025-06-19 04:38:14,REAL,67647806281,29091,67647835372,67647835372
2025-06-19 04:38:16,REAL,67647835372,29750,67647865122,67647865122
2025-06-19 04:38:18,REAL,67647865122,28975,67647894097,67647894097
2025-06-19 04:38:20,REAL,67647894097,29040,67647923137,67647923137
2025-06-19 04:38:22,REAL,67647923137,28070,67647951207,67647951207
2025-06-19 04:38:24,REAL,67647951207,540,67647951747,67647951747
2025-06-19 04:38:26,REAL,67647951747,540,67647952287,67647952287
2025-06-19 04:38:28,REAL,67647952287,542,67647952829,67647952829
2025-06-19 04:38:30,REAL,67647952829,549,67647953378,67647953378
2025-06-19 04:38:32,REAL,67647953378,542,67647953920,67647953920
2025-06-19 04:38:34,REAL,67647953920,619,67647954539,67647954539
2025-06-19 04:38:36,REAL,67647954539,535,67647955074,67647955074
2025-06-19 04:38:38,REAL,67647955074,600,67647955674,67647955674
2025-06-19 04:38:40,REAL,67647955674,652,67647956326,67647956326
2025-06-19 04:38:42,REAL,67647956326,603,67647956929,67647956929
2025-06-19 04:38:44,REAL,67647956929,596,67647957525,67647957525
2025-06-19 04:38:46,REAL,67647957525,548,67647958073,67647958073
2025-06-19 04:38:48,REAL,67647958073,615,67647958688,67647958688
2025-06-19 04:38:50,REAL,67647958688,540,67647959228,67647959228
2025-06-19 04:38:52,REAL,67647959228,544,67647959772,67647959772
2025-06-19 04:38:54,REAL,67647959772,540,67647960312,67647960312
2025-06-19 04:38:56,REAL,67647960312,589,67647960901,67647960901
2025-06-19 04:38:58,REAL,67647960901,549,67647961450,67647961450
2025-06-19 04:39:00,REAL,67647961450,598,67647962048,67647962048
2025-06-19 04:39:02,REAL,67647962048,541,67647962589,67647962589
2025-06-19 04:39:04,REAL,67647962589,614,67647963203,67647963203
2025-06-19 04:39:06,REAL,67647963203,549,67647963752,67647963752
2025-06-19 04:39:08,REAL,67647963752,550,67647964302,67647964302
2025-06-19 04:39:10,REAL,67647964302,540,67647964842,67647964842
2025-06-19 04:39:12,REAL,67647964842,599,67647965441,67647965441
2025-06-19 04:39:14,REAL,67647965441,542,67647965983,67647965983
2025-06-19 04:39:16,REAL,67647965983,605,67647966588,67647966588
2025-06-19 04:39:18,REAL,67647966588,610,67647967198,67647967198
2025-06-19 04:39:20,REAL,67647967198,545,67647967743,67647967743
2025-06-19 04:39:22,REAL,67647967743,545,67647968288,67647968288
2025-06-19 04:39:24,REAL,67647968288,540,67647968828,67647968828
2025-06-19 04:39:26,REAL,67647968828,544,67647969372,67647969372
2025-06-19 04:39:28,REAL,67647969372,537,67647969909,67647969909
2025-06-19 04:39:30,REAL,67647969909,540,67647970449,67647970449
2025-06-19 04:39:32,REAL,67647970449,601,67647971050,67647971050
2025-06-19 04:39:34,REAL,67647971050,619,67647971669,67647971669
2025-06-19 04:39:36,REAL,67647971669,533,67647972202,67647972202
2025-06-19 04:39:38,REAL,67647972202,542,67647972744,67647972744
2025-06-19 04:39:40,REAL,67647972744,547,67647973291,67647973291
2025-06-19 04:39:42,REAL,67647973291,536,67647973827,67647973827
2025-06-19 04:39:44,REAL,67647973827,593,67647974420,67647974420
2025-06-19 04:39:46,REAL,67647974420,605,67647975025,67647975025
2025-06-19 04:39:48,REAL,67647975025,683,67647975708,67647975708
2025-06-19 04:39:50,REAL,67647975708,532,67647976240,67647976240
2025-06-19 04:39:52,REAL,67647976240,543,67647976783,67647976783
2025-06-19 04:39:54,REAL,67647976783,534,67647977317,67647977317
2025-06-19 04:39:56,REAL,67647977317,547,67647977864,67647977864
2025-06-19 04:39:58,REAL,67647977864,548,67647978412,67647978412
2025-06-19 04:40:00,REAL,67647978412,539,67647978951,67647978951
2025-06-19 04:40:02,REAL,67647978951,543,67647979494,67647979494
2025-06-19 04:40:04,REAL,67647979494,685,67647980179,67647980179
2025-06-19 04:40:06,REAL,67647980179,540,67647980719,67647980719
2025-06-19 04:40:08,REAL,67647980719,612,67647981331,67647981331
2025-06-19 04:40:10,REAL,67647981331,538,67647981869,67647981869
2025-06-19 04:40:12,REAL,67647981869,541,67647982410,67647982410
2025-06-19 04:40:14,REAL,67647982410,544,67647982954,67647982954
2025-06-19 04:40:16,REAL,67647982954,538,67647983492,67647983492
2025-06-19 04:40:18,REAL,67647983492,669,67647984161,67647984161
2025-06-19 04:40:20,REAL,67647984161,666,67647984827,67647984827
2025-06-19 04:40:22,REAL,67647984827,593,67647985420,67647985420
2025-06-19 04:40:24,REAL,67647985420,598,67647986018,67647986018
2025-06-19 04:40:26,REAL,67647986018,542,67647986560,67647986560
2025-06-19 04:40:28,REAL,67647986560,530,67647987090,67647987090
2025-06-19 04:40:30,REAL,67647987090,531,67647987621,67647987621
2025-06-19 04:40:32,REAL,67647987621,540,67647988161,67647988161
2025-06-19 04:40:34,REAL,67647988161,667,67647988828,67647988828
2025-06-19 04:40:36,REAL,67647988828,538,67647989366,67647989366
2025-06-19 04:40:38,REAL,67647989366,542,67647989908,67647989908
2025-06-19 04:40:40,REAL,67647989908,600,67647990508,67647990508
2025-06-19 04:40:42,REAL,67647990508,547,67647991055,67647991055
2025-06-19 04:40:44,REAL,67647991055,544,67647991599,67647991599
2025-06-19 04:40:46,REAL,67647991599,541,67647992140,67647992140
2025-06-19 04:40:48,REAL,67647992140,618,67647992758,67647992758
2025-06-19 04:40:50,REAL,67647992758,545,67647993303,67647993303
2025-06-19 04:40:52,REAL,67647993303,595,67647993898,67647993898
2025-06-19 04:40:54,REAL,67647993898,536,67647994434,67647994434
2025-06-19 04:40:56,REAL,67647994434,601,67647995035,67647995035
2025-06-19 04:40:58,REAL,67647995035,603,67647995638,67647995638
2025-06-19 04:41:00,REAL,67647995638,604,67647996242,67647996242
2025-06-19 04:41:02,REAL,67647996242,604,67647996846,67647996846
2025-06-19 04:41:04,REAL,67647996846,614,67647997460,67647997460
2025-06-19 04:41:06,REAL,67647997460,541,67647998001,67647998001
2025-06-19 04:41:08,REAL,67647998001,548,67647998549,67647998549
2025-06-19 04:41:10,REAL,67647998549,540,67647999089,67647999089
2025-06-19 04:41:12,REAL,67647999089,542,67647999631,67647999631
2025-06-19 04:41:14,REAL,67647999631,531,67648000162,67648000162
2025-06-19 04:41:16,REAL,67648000162,537,67648000699,67648000699
2025-06-19 04:41:18,REAL,67648000699,671,67648001370,67648001370
2025-06-19 04:41:20,REAL,67648001370,536,67648001906,67648001906
2025-06-19 04:41:22,REAL,67648001906,593,67648002499,67648002499
2025-06-19 04:41:24,REAL,67648002499,588,67648003087,67648003087
2025-06-19 04:41:26,REAL,67648003087,542,67648003629,67648003629
2025-06-19 04:41:28,REAL,67648003629,541,67648004170,67648004170
2025-06-19 04:41:30,REAL,67648004170,542,67648004712,67648004712
2025-06-19 04:41:32,REAL,67648004712,536,67648005248,67648005248
2025-06-19 04:41:34,REAL,67648005248,674,67648005922,67648005922
2025-06-19 04:41:36,REAL,67648005922,534,67648006456,67648006456
2025-06-19 04:41:38,REAL,67648006456,540,67648006996,67648006996
2025-06-19 04:41:40,REAL,67648006996,539,67648007535,67648007535
2025-06-19 04:41:42,REAL,67648007535,542,67648008077,67648008077
2025-06-19 04:41:44,REAL,67648008077,533,67648008610,67648008610
2025-06-19 04:41:46,REAL,67648008610,537,67648009147,67648009147
2025-06-19 04:41:48,REAL,67648009147,615,67648009762,67648009762
2025-06-19 04:41:50,REAL,67648009762,131921,67648141683,67648141683
2025-06-19 04:41:52,REAL,67648141683,153139,67648294822,67648294822
2025-06-19 04:41:54,REAL,67648294822,29031,67648323853,67648323853
2025-06-19 04:41:56,REAL,67648323853,28759,67648352612,67648352612
2025-06-19 04:41:58,REAL,67648352612,28799,67648381411,67648381411
2025-06-19 04:42:00,REAL,67648381411,28989,67648410400,67648410400
2025-06-19 04:42:02,REAL,67648410400,28529,67648438929,67648438929
2025-06-19 04:42:04,REAL,67648438929,29404,67648468333,67648468333
2025-06-19 04:42:06,REAL,67648468333,1182,67648469515,67648469515
2025-06-19 04:42:08,REAL,67648469515,607,67648470122,67648470122
2025-06-19 04:42:10,REAL,67648470122,592,67648470714,67648470714
2025-06-19 04:42:12,REAL,67648470714,539,67648471253,67648471253
2025-06-19 04:42:14,REAL,67648471253,538,67648471791,67648471791
2025-06-19 04:42:16,REAL,67648471791,548,67648472339,67648472339
2025-06-19 04:42:18,REAL,67648472339,616,67648472955,67648472955
2025-06-19 04:42:20,REAL,67648472955,537,67648473492,67648473492
2025-06-19 04:42:22,REAL,67648473492,600,67648474092,67648474092
2025-06-19 04:42:24,REAL,67648474092,540,67648474632,67648474632
2025-06-19 04:42:26,REAL,67648474632,593,67648475225,67648475225
2025-06-19 04:42:28,REAL,67648475225,540,67648475765,67648475765
2025-06-19 04:42:30,REAL,67648475765,542,67648476307,67648476307
2025-06-19 04:42:32,REAL,67648476307,532,67648476839,67648476839
2025-06-19 04:42:34,REAL,67648476839,616,67648477455,67648477455
2025-06-19 04:42:36,REAL,67648477455,646,67648478101,67648478101
2025-06-19 04:42:38,REAL,67648478101,539,67648478640,67648478640
2025-06-19 04:42:40,REAL,67648478640,537,67648479177,67648479177
2025-06-19 04:42:42,REAL,67648479177,599,67648479776,67648479776
2025-06-19 04:42:44,REAL,67648479776,541,67648480317,67648480317
2025-06-19 04:42:46,REAL,67648480317,539,67648480856,67648480856
2025-06-19 04:42:48,REAL,67648480856,543,67648481399,67648481399
2025-06-19 04:42:50,REAL,67648481399,619,67648482018,67648482018
2025-06-19 04:42:52,REAL,67648482018,597,67648482615,67648482615
2025-06-19 04:42:54,REAL,67648482615,537,67648483152,67648483152
2025-06-19 04:42:56,REAL,67648483152,541,67648483693,67648483693
2025-06-19 04:42:58,REAL,67648483693,659,67648484352,67648484352
2025-06-19 04:43:00,REAL,67648484352,604,67648484956,67648484956
2025-06-19 04:43:02,REAL,67648484956,600,67648485556,67648485556
2025-06-19 04:43:04,REAL,67648485556,672,67648486228,67648486228
2025-06-19 04:43:06,REAL,67648486228,600,67648486828,67648486828
2025-06-19 04:43:08,REAL,67648486828,15294,67648502122,67648502122
2025-06-19 04:43:10,REAL,67648502122,245523,67648747645,67648747645
2025-06-19 04:43:12,REAL,67648747645,29540,67648777185,67648777185
2025-06-19 04:43:14,REAL,67648777185,29099,67648806284,67648806284
2025-06-19 04:43:16,REAL,67648806284,29464,67648835748,67648835748
2025-06-19 04:43:18,REAL,67648835748,28982,67648864730,67648864730
2025-06-19 04:43:20,REAL,67648864730,28942,67648893672,67648893672
2025-06-19 04:43:22,REAL,67648893672,28896,67648922568,67648922568
2025-06-19 04:43:24,REAL,67648922568,11909,67648934477,67648934477
2025-06-19 04:43:26,REAL,67648934477,547,67648935024,67648935024
2025-06-19 04:43:28,REAL,67648935024,539,67648935563,67648935563
2025-06-19 04:43:30,REAL,67648935563,547,67648936110,67648936110
2025-06-19 04:43:32,REAL,67648936110,544,67648936654,67648936654
2025-06-19 04:43:34,REAL,67648936654,614,67648937268,67648937268
2025-06-19 04:43:36,REAL,67648937268,540,67648937808,67648937808
2025-06-19 04:43:38,REAL,67648937808,602,67648938410,67648938410
2025-06-19 04:43:40,REAL,67648938410,658,67648939068,67648939068
2025-06-19 04:43:42,REAL,67648939068,596,67648939664,67648939664
2025-06-19 04:43:44,REAL,67648939664,592,67648940256,67648940256
2025-06-19 04:43:46,REAL,67648940256,530,67648940786,67648940786
2025-06-19 04:43:48,REAL,67648940786,545,67648941331,67648941331
2025-06-19 04:43:50,REAL,67648941331,610,67648941941,67648941941
2025-06-19 04:43:52,REAL,67648941941,541,67648942482,67648942482
2025-06-19 04:43:54,REAL,67648942482,531,67648943013,67648943013
2025-06-19 04:43:56,REAL,67648943013,535,67648943548,67648943548
2025-06-19 04:43:58,REAL,67648943548,596,67648944144,67648944144
2025-06-19 04:44:00,REAL,67648944144,600,67648944744,67648944744
2025-06-19 04:44:02,REAL,67648944744,602,67648945346,67648945346
2025-06-19 04:44:04,REAL,67648945346,676,67648946022,67648946022
2025-06-19 04:44:06,REAL,67648946022,598,67648946620,67648946620
2025-06-19 04:44:08,REAL,67648946620,540,67648947160,67648947160
2025-06-19 04:44:10,REAL,67648947160,594,67648947754,67648947754
2025-06-19 04:44:12,REAL,67648947754,540,67648948294,67648948294
2025-06-19 04:44:14,REAL,67648948294,544,67648948838,67648948838
2025-06-19 04:44:16,REAL,67648948838,547,67648949385,67648949385
2025-06-19 04:44:18,REAL,67648949385,534,67648949919,67648949919
2025-06-19 04:44:20,REAL,67648949919,618,67648950537,67648950537
2025-06-19 04:44:22,REAL,67648950537,52551,67649003088,67649003088
2025-06-19 04:44:24,REAL,67649003088,229010,67649232098,67649232098
2025-06-19 04:44:26,REAL,67649232098,29214,67649261312,67649261312
2025-06-19 04:44:28,REAL,67649261312,29085,67649290397,67649290397
2025-06-19 04:44:30,REAL,67649290397,28832,67649319229,67649319229
2025-06-19 04:44:32,REAL,67649319229,28984,67649348213,67649348213
2025-06-19 04:44:34,REAL,67649348213,29658,67649377871,67649377871
2025-06-19 04:44:36,REAL,67649377871,29186,67649407057,67649407057
2025-06-19 04:44:38,REAL,67649407057,8145,67649415202,67649415202
2025-06-19 04:44:40,REAL,67649415202,533,67649415735,67649415735
2025-06-19 04:44:42,REAL,67649415735,544,67649416279,67649416279
2025-06-19 04:44:44,REAL,67649416279,541,67649416820,67649416820
2025-06-19 04:44:46,REAL,67649416820,532,67649417352,67649417352
2025-06-19 04:44:48,REAL,67649417352,547,67649417899,67649417899
2025-06-19 04:44:50,REAL,67649417899,617,67649418516,67649418516
2025-06-19 04:44:52,REAL,67649418516,600,67649419116,67649419116
2025-06-19 04:44:54,REAL,67649419116,78495,67649497611,67649497611
2025-06-19 04:44:56,REAL,67649497611,202122,67649699733,67649699733
2025-06-19 04:44:58,REAL,67649699733,28768,67649728501,67649728501
2025-06-19 04:45:00,REAL,67649728501,28681,67649757182,67649757182
2025-06-19 04:45:02,REAL,67649757182,29146,67649786328,67649786328
2025-06-19 04:45:04,REAL,67649786328,28612,67649814940,67649814940
2025-06-19 04:45:06,REAL,67649814940,29360,67649844300,67649844300
2025-06-19 04:45:08,REAL,67649844300,29589,67649873889,67649873889
2025-06-19 04:45:10,REAL,67649873889,6127,67649880016,67649880016
2025-06-19 04:45:12,REAL,67649880016,545,67649880561,67649880561
2025-06-19 04:45:14,REAL,67649880561,538,67649881099,67649881099
2025-06-19 04:45:16,REAL,67649881099,539,67649881638,67649881638
2025-06-19 04:45:18,REAL,67649881638,541,67649882179,67649882179
2025-06-19 04:45:20,REAL,67649882179,666,67649882845,67649882845
2025-06-19 04:45:22,REAL,67649882845,534,67649883379,67649883379
2025-06-19 04:45:24,REAL,67649883379,600,67649883979,67649883979
2025-06-19 04:45:26,REAL,67649883979,90137,67649974116,67649974116
2025-06-19 04:45:28,REAL,67649974116,192413,67650166529,67650166529
2025-06-19 04:45:30,REAL,67650166529,28981,67650195510,67650195510
2025-06-19 04:45:32,REAL,67650195510,29436,67650224946,67650224946
2025-06-19 04:45:34,REAL,67650224946,28718,67650253664,67650253664
2025-06-19 04:45:36,REAL,67650253664,29170,67650282834,67650282834
2025-06-19 04:45:38,REAL,67650282834,29124,67650311958,67650311958
2025-06-19 04:45:40,REAL,67650311958,29187,67650341145,67650341145
2025-06-19 04:45:42,REAL,67650341145,4424,67650345569,67650345569
2025-06-19 04:45:44,REAL,67650345569,608,67650346177,67650346177
2025-06-19 04:45:46,REAL,67650346177,599,67650346776,67650346776
2025-06-19 04:45:48,REAL,67650346776,540,67650347316,67650347316
2025-06-19 04:45:50,REAL,67650347316,613,67650347929,67650347929
2025-06-19 04:45:52,REAL,67650347929,540,67650348469,67650348469
2025-06-19 04:45:54,REAL,67650348469,541,67650349010,67650349010
2025-06-19 04:45:56,REAL,67650349010,598,67650349608,67650349608
2025-06-19 04:45:58,REAL,67650349608,535,67650350143,67650350143
2025-06-19 04:46:00,REAL,67650350143,596,67650350739,67650350739
2025-06-19 04:46:02,REAL,67650350739,597,67650351336,67650351336
2025-06-19 04:46:04,REAL,67650351336,609,67650351945,67650351945
2025-06-19 04:46:06,REAL,67650351945,550,67650352495,67650352495
2025-06-19 04:46:08,REAL,67650352495,545,67650353040,67650353040
2025-06-19 04:46:10,REAL,67650353040,536,67650353576,67650353576
2025-06-19 04:46:12,REAL,67650353576,539,67650354115,67650354115
2025-06-19 04:46:14,REAL,67650354115,538,67650354653,67650354653
2025-06-19 04:46:16,REAL,67650354653,541,67650355194,67650355194
2025-06-19 04:46:18,REAL,67650355194,603,67650355797,67650355797
2025-06-19 04:46:20,REAL,67650355797,616,67650356413,67650356413
2025-06-19 04:46:22,REAL,67650356413,540,67650356953,67650356953
2025-06-19 04:46:24,REAL,67650356953,541,67650357494,67650357494
2025-06-19 04:46:26,REAL,67650357494,546,67650358040,67650358040
2025-06-19 04:46:28,REAL,67650358040,543,67650358583,67650358583
2025-06-19 04:46:30,REAL,67650358583,534,67650359117,67650359117
2025-06-19 04:46:32,REAL,67650359117,533,67650359650,67650359650
2025-06-19 04:46:34,REAL,67650359650,677,67650360327,67650360327
2025-06-19 04:46:36,REAL,67650360327,599,67650360926,67650360926
2025-06-19 04:46:38,REAL,67650360926,547,67650361473,67650361473
2025-06-19 04:46:40,REAL,67650361473,603,67650362076,67650362076
2025-06-19 04:46:42,REAL,67650362076,544,67650362620,67650362620
2025-06-19 04:46:44,REAL,67650362620,537,67650363157,67650363157
2025-06-19 04:46:46,REAL,67650363157,546,67650363703,67650363703
2025-06-19 04:46:48,REAL,67650363703,598,67650364301,67650364301
2025-06-19 04:46:50,REAL,67650364301,610,67650364911,67650364911
2025-06-19 04:46:52,REAL,67650364911,604,67650365515,67650365515
2025-06-19 04:46:54,REAL,67650365515,590,67650366105,67650366105
2025-06-19 04:46:56,REAL,67650366105,600,67650366705,67650366705
2025-06-19 04:46:58,REAL,67650366705,602,67650367307,67650367307
2025-06-19 04:47:00,REAL,67650367307,539,67650367846,67650367846
2025-06-19 04:47:02,REAL,67650367846,540,67650368386,67650368386
2025-06-19 04:47:04,REAL,67650368386,546,67650368932,67650368932
2025-06-19 04:47:06,REAL,67650368932,608,67650369540,67650369540
2025-06-19 04:47:08,REAL,67650369540,548,67650370088,67650370088
2025-06-19 04:47:10,REAL,67650370088,534,67650370622,67650370622
2025-06-19 04:47:12,REAL,67650370622,602,67650371224,67650371224
2025-06-19 04:47:14,REAL,67650371224,591,67650371815,67650371815
2025-06-19 04:47:16,REAL,67650371815,535,67650372350,67650372350
2025-06-19 04:47:18,REAL,67650372350,543,67650372893,67650372893
2025-06-19 04:47:20,REAL,67650372893,609,67650373502,67650373502
2025-06-19 04:47:22,REAL,67650373502,534,67650374036,67650374036
2025-06-19 04:47:24,REAL,67650374036,599,67650374635,67650374635
2025-06-19 04:47:26,REAL,67650374635,543,67650375178,67650375178
2025-06-19 04:47:28,REAL,67650375178,539,67650375717,67650375717
2025-06-19 04:47:30,REAL,67650375717,599,67650376316,67650376316
2025-06-19 04:47:32,REAL,67650376316,600,67650376916,67650376916
2025-06-19 04:47:34,REAL,67650376916,547,67650377463,67650377463
2025-06-19 04:47:36,REAL,67650377463,620,67650378083,67650378083
2025-06-19 04:47:38,REAL,67650378083,535,67650378618,67650378618
2025-06-19 04:47:40,REAL,67650378618,590,67650379208,67650379208
2025-06-19 04:47:42,REAL,67650379208,537,67650379745,67650379745
2025-06-19 04:47:44,REAL,67650379745,539,67650380284,67650380284
2025-06-19 04:47:46,REAL,67650380284,539,67650380823,67650380823
2025-06-19 04:47:48,REAL,67650380823,596,67650381419,67650381419
2025-06-19 04:47:50,REAL,67650381419,615,67650382034,67650382034
2025-06-19 04:47:52,REAL,67650382034,540,67650382574,67650382574
2025-06-19 04:47:54,REAL,67650382574,547,67650383121,67650383121
2025-06-19 04:47:56,REAL,67650383121,530,67650383651,67650383651
2025-06-19 04:47:58,REAL,67650383651,541,67650384192,67650384192
2025-06-19 04:48:00,REAL,67650384192,546,67650384738,67650384738
2025-06-19 04:48:02,REAL,67650384738,537,67650385275,67650385275
2025-06-19 04:48:04,REAL,67650385275,597,67650385872,67650385872
2025-06-19 04:48:06,REAL,67650385872,670,67650386542,67650386542
2025-06-19 04:48:08,REAL,67650386542,544,67650387086,67650387086
2025-06-19 04:48:10,REAL,67650387086,537,67650387623,67650387623
2025-06-19 04:48:12,REAL,67650387623,546,67650388169,67650388169
2025-06-19 04:48:14,REAL,67650388169,541,67650388710,67650388710
2025-06-19 04:48:16,REAL,67650388710,530,67650389240,67650389240
2025-06-19 04:48:18,REAL,67650389240,542,67650389782,67650389782
2025-06-19 04:48:20,REAL,67650389782,673,67650390455,67650390455
2025-06-19 04:48:22,REAL,67650390455,602,67650391057,67650391057
2025-06-19 04:48:24,REAL,67650391057,601,67650391658,67650391658
2025-06-19 04:48:26,REAL,67650391658,660,67650392318,67650392318
2025-06-19 04:48:28,REAL,67650392318,599,67650392917,67650392917
2025-06-19 04:48:30,REAL,67650392917,660,67650393577,67650393577
2025-06-19 04:48:32,REAL,67650393577,591,67650394168,67650394168
2025-06-19 04:48:34,REAL,67650394168,539,67650394707,67650394707
2025-06-19 04:48:36,REAL,67650394707,623,67650395330,67650395330
2025-06-19 04:48:38,REAL,67650395330,538,67650395868,67650395868
2025-06-19 04:48:40,REAL,67650395868,541,67650396409,67650396409
2025-06-19 04:48:42,REAL,67650396409,540,67650396949,67650396949
2025-06-19 04:48:44,REAL,67650396949,539,67650397488,67650397488
2025-06-19 04:48:46,REAL,67650397488,539,67650398027,67650398027
2025-06-19 04:48:48,REAL,67650398027,601,67650398628,67650398628
2025-06-19 04:48:50,REAL,67650398628,666,67650399294,67650399294
2025-06-19 04:48:52,REAL,67650399294,547,67650399841,67650399841
2025-06-19 04:48:54,REAL,67650399841,536,67650400377,67650400377
2025-06-19 04:48:56,REAL,67650400377,541,67650400918,67650400918
2025-06-19 04:48:58,REAL,67650400918,543,67650401461,67650401461
2025-06-19 04:49:00,REAL,67650401461,537,67650401998,67650401998
2025-06-19 04:49:02,REAL,67650401998,540,67650402538,67650402538
2025-06-19 04:49:04,REAL,67650402538,601,67650403139,67650403139
2025-06-19 04:49:06,REAL,67650403139,619,67650403758,67650403758
2025-06-19 04:49:08,REAL,67650403758,545,67650404303,67650404303
2025-06-19 04:49:10,REAL,67650404303,541,67650404844,67650404844
2025-06-19 04:49:12,REAL,67650404844,544,67650405388,67650405388
2025-06-19 04:49:14,REAL,67650405388,541,67650405929,67650405929
2025-06-19 04:49:16,REAL,67650405929,539,67650406468,67650406468
2025-06-19 04:49:18,REAL,67650406468,540,67650407008,67650407008
2025-06-19 04:49:20,REAL,67650407008,681,67650407689,67650407689
2025-06-19 04:49:22,REAL,67650407689,597,67650408286,67650408286
2025-06-19 04:49:24,REAL,67650408286,545,67650408831,67650408831
2025-06-19 04:49:26,REAL,67650408831,545,67650409376,67650409376
2025-06-19 04:49:28,REAL,67650409376,537,67650409913,67650409913
2025-06-19 04:49:30,REAL,67650409913,533,67650410446,67650410446
2025-06-19 04:49:32,REAL,67650410446,596,67650411042,67650411042
2025-06-19 04:49:34,REAL,67650411042,548,67650411590,67650411590
2025-06-19 04:49:36,REAL,67650411590,678,67650412268,67650412268
2025-06-19 04:49:38,REAL,67650412268,541,67650412809,67650412809
2025-06-19 04:49:40,REAL,67650412809,532,67650413341,67650413341
2025-06-19 04:49:42,REAL,67650413341,541,67650413882,67650413882
2025-06-19 04:49:44,REAL,67650413882,545,67650414427,67650414427
2025-06-19 04:49:46,REAL,67650414427,541,67650414968,67650414968
2025-06-19 04:49:48,REAL,67650414968,537,67650415505,67650415505
2025-06-19 04:49:50,REAL,67650415505,537,67650416042,67650416042
2025-06-19 04:49:52,REAL,67650416042,671,67650416713,67650416713
2025-06-19 04:49:54,REAL,67650416713,192999,67650609712,67650609712
2025-06-19 04:49:56,REAL,67650609712,64419,67650674131,67650674131
2025-06-19 04:49:58,REAL,67650674131,29064,67650703195,67650703195
2025-06-19 04:50:00,REAL,67650703195,29102,67650732297,67650732297
2025-06-19 04:50:02,REAL,67650732297,29408,67650761705,67650761705
2025-06-19 04:50:04,REAL,67650761705,29134,67650790839,67650790839
2025-06-19 04:50:06,REAL,67650790839,29395,67650820234,67650820234
2025-06-19 04:50:08,REAL,67650820234,20229,67650840463,67650840463
2025-06-19 04:50:10,REAL,67650840463,542,67650841005,67650841005
2025-06-19 04:50:12,REAL,67650841005,544,67650841549,67650841549
2025-06-19 04:50:14,REAL,67650841549,532,67650842081,67650842081
2025-06-19 04:50:16,REAL,67650842081,605,67650842686,67650842686
2025-06-19 04:50:18,REAL,67650842686,545,67650843231,67650843231
2025-06-19 04:50:20,REAL,67650843231,539,67650843770,67650843770
2025-06-19 04:50:22,REAL,67650843770,608,67650844378,67650844378
2025-06-19 04:50:24,REAL,67650844378,596,67650844974,67650844974
2025-06-19 04:50:26,REAL,67650844974,247822,67651092796,67651092796
2025-06-19 04:50:28,REAL,67651092796,45523,67651138319,67651138319
2025-06-19 04:50:30,REAL,67651138319,29280,67651167599,67651167599
2025-06-19 04:50:32,REAL,67651167599,29175,67651196774,67651196774
2025-06-19 04:50:34,REAL,67651196774,29374,67651226148,67651226148
2025-06-19 04:50:36,REAL,67651226148,29556,67651255704,67651255704
2025-06-19 04:50:38,REAL,67651255704,29242,67651284946,67651284946
2025-06-19 04:50:40,REAL,67651284946,17967,67651302913,67651302913
2025-06-19 04:50:42,REAL,67651302913,538,67651303451,67651303451
2025-06-19 04:50:44,REAL,67651303451,542,67651303993,67651303993
2025-06-19 04:50:46,REAL,67651303993,544,67651304537,67651304537
2025-06-19 04:50:48,REAL,67651304537,535,67651305072,67651305072
2025-06-19 04:50:50,REAL,67651305072,550,67651305622,67651305622
2025-06-19 04:50:52,REAL,67651305622,615,67651306237,67651306237
2025-06-19 04:50:54,REAL,67651306237,537,67651306774,67651306774
2025-06-19 04:50:56,REAL,67651306774,608,67651307382,67651307382
2025-06-19 04:50:58,REAL,67651307382,237393,67651544775,67651544775
2025-06-19 04:51:00,REAL,67651544775,29122,67651573897,67651573897
2025-06-19 04:51:02,REAL,67651573897,28942,67651602839,67651602839
2025-06-19 04:51:04,REAL,67651602839,29891,67651632730,67651632730
2025-06-19 04:51:06,REAL,67651632730,28948,67651661678,67651661678
2025-06-19 04:51:08,REAL,67651661678,29219,67651690897,67651690897
2025-06-19 04:51:10,REAL,67651690897,29495,67651720392,67651720392
2025-06-19 04:51:12,REAL,67651720392,16358,67651736750,67651736750
2025-06-19 04:51:14,REAL,67651736750,546,67651737296,67651737296
2025-06-19 04:51:16,REAL,67651737296,548,67651737844,67651737844
2025-06-19 04:51:18,REAL,67651737844,542,67651738386,67651738386
2025-06-19 04:51:20,REAL,67651738386,547,67651738933,67651738933
2025-06-19 04:51:22,REAL,67651738933,668,67651739601,67651739601
2025-06-19 04:51:24,REAL,67651739601,532,67651740133,67651740133
2025-06-19 04:51:26,REAL,67651740133,539,67651740672,67651740672
2025-06-19 04:51:28,REAL,67651740672,598,67651741270,67651741270
2025-06-19 04:51:30,REAL,67651741270,545,67651741815,67651741815
2025-06-19 04:51:32,REAL,67651741815,539,67651742354,67651742354
2025-06-19 04:51:34,REAL,67651742354,536,67651742890,67651742890
2025-06-19 04:51:36,REAL,67651742890,606,67651743496,67651743496
2025-06-19 04:51:38,REAL,67651743496,542,67651744038,67651744038
2025-06-19 04:51:40,REAL,67651744038,538,67651744576,67651744576
2025-06-19 04:51:42,REAL,67651744576,596,67651745172,67651745172
2025-06-19 04:51:44,REAL,67651745172,600,67651745772,67651745772
2025-06-19 04:51:46,REAL,67651745772,546,67651746318,67651746318
2025-06-19 04:51:48,REAL,67651746318,542,67651746860,67651746860
2025-06-19 04:51:50,REAL,67651746860,595,67651747455,67651747455
2025-06-19 04:51:52,REAL,67651747455,616,67651748071,67651748071
2025-06-19 04:51:54,REAL,67651748071,538,67651748609,67651748609
2025-06-19 04:51:56,REAL,67651748609,545,67651749154,67651749154
2025-06-19 04:51:58,REAL,67651749154,533,67651749687,67651749687
2025-06-19 04:52:00,REAL,67651749687,657,67651750344,67651750344
2025-06-19 04:52:02,REAL,67651750344,548,67651750892,67651750892
2025-06-19 04:52:04,REAL,67651750892,661,67651751553,67651751553
2025-06-19 04:52:06,REAL,67651751553,151576,67651903129,67651903129
2025-06-19 04:52:08,REAL,67651903129,125121,67652028250,67652028250
2025-06-19 04:52:10,REAL,67652028250,29365,67652057615,67652057615
2025-06-19 04:52:12,REAL,67652057615,29086,67652086701,67652086701
2025-06-19 04:52:14,REAL,67652086701,28648,67652115349,67652115349
2025-06-19 04:52:16,REAL,67652115349,29029,67652144378,67652144378
2025-06-19 04:52:18,REAL,67652144378,29107,67652173485,67652173485
2025-06-19 04:52:20,REAL,67652173485,26558,67652200043,67652200043
2025-06-19 04:52:22,REAL,67652200043,675,67652200718,67652200718
2025-06-19 04:52:24,REAL,67652200718,604,67652201322,67652201322
2025-06-19 04:52:26,REAL,67652201322,720,67652202042,67652202042
2025-06-19 04:52:28,REAL,67652202042,602,67652202644,67652202644
2025-06-19 04:52:30,REAL,67652202644,596,67652203240,67652203240
2025-06-19 04:52:32,REAL,67652203240,598,67652203838,67652203838
2025-06-19 04:52:34,REAL,67652203838,541,67652204379,67652204379
2025-06-19 04:52:36,REAL,67652204379,538,67652204917,67652204917
2025-06-19 04:52:38,REAL,67652204917,609,67652205526,67652205526
2025-06-19 04:52:40,REAL,67652205526,540,67652206066,67652206066
2025-06-19 04:52:42,REAL,67652206066,540,67652206606,67652206606
2025-06-19 04:52:44,REAL,67652206606,540,67652207146,67652207146
2025-06-19 04:52:46,REAL,67652207146,602,67652207748,67652207748
2025-06-19 04:52:48,REAL,67652207748,542,67652208290,67652208290
2025-06-19 04:52:50,REAL,67652208290,532,67652208822,67652208822
2025-06-19 04:52:52,REAL,67652208822,616,67652209438,67652209438
2025-06-19 04:52:54,REAL,67652209438,541,67652209979,67652209979
2025-06-19 04:52:56,REAL,67652209979,537,67652210516,67652210516
2025-06-19 04:52:58,REAL,67652210516,547,67652211063,67652211063
2025-06-19 04:53:00,REAL,67652211063,652,67652211715,67652211715
2025-06-19 04:53:02,REAL,67652211715,595,67652212310,67652212310
2025-06-19 04:53:04,REAL,67652212310,610,67652212920,67652212920
2025-06-19 04:53:06,REAL,67652212920,539,67652213459,67652213459
2025-06-19 04:53:08,REAL,67652213459,615,67652214074,67652214074
2025-06-19 04:53:10,REAL,67652214074,531,67652214605,67652214605
2025-06-19 04:53:12,REAL,67652214605,548,67652215153,67652215153
2025-06-19 04:53:14,REAL,67652215153,604,67652215757,67652215757
2025-06-19 04:53:16,REAL,67652215757,613,67652216370,67652216370
2025-06-19 04:53:18,REAL,67652216370,600,67652216970,67652216970
2025-06-19 04:53:20,REAL,67652216970,541,67652217511,67652217511
2025-06-19 04:53:22,REAL,67652217511,617,67652218128,67652218128
2025-06-19 04:53:24,REAL,67652218128,543,67652218671,67652218671
2025-06-19 04:53:26,REAL,67652218671,352,67652219023,67652219023
2025-06-19 04:53:28,REAL,67652219023,546,67652219569,67652219569
2025-06-19 04:53:30,REAL,67652219569,540,67652220109,67652220109
2025-06-19 04:53:32,REAL,67652220109,548,67652220657,67652220657
2025-06-19 04:53:34,REAL,67652220657,592,67652221249,67652221249
2025-06-19 04:53:36,REAL,67652221249,601,67652221850,67652221850
2025-06-19 04:53:38,REAL,67652221850,619,67652222469,67652222469
2025-06-19 04:53:40,REAL,67652222469,540,67652223009,67652223009
2025-06-19 04:53:42,REAL,67652223009,539,67652223548,67652223548
2025-06-19 04:53:44,REAL,67652223548,539,67652224087,67652224087
2025-06-19 04:53:46,REAL,67652224087,540,67652224627,67652224627
2025-06-19 04:53:48,REAL,67652224627,532,67652225159,67652225159
2025-06-19 04:53:50,REAL,67652225159,596,67652225755,67652225755
2025-06-19 04:53:52,REAL,67652225755,207591,67652433346,67652433346
2025-06-19 04:53:54,REAL,67652433346,75693,67652509039,67652509039
2025-06-19 04:53:56,REAL,67652509039,28921,67652537960,67652537960
2025-06-19 04:53:58,REAL,67652537960,29561,67652567521,67652567521
2025-06-19 04:54:00,REAL,67652567521,28944,67652596465,67652596465
2025-06-19 04:54:02,REAL,67652596465,28759,67652625224,67652625224
2025-06-19 04:54:04,REAL,67652625224,29121,67652654345,67652654345
2025-06-19 04:54:06,REAL,67652654345,21706,67652676051,67652676051
2025-06-19 04:54:08,REAL,67652676051,614,67652676665,67652676665
2025-06-19 04:54:10,REAL,67652676665,599,67652677264,67652677264
2025-06-19 04:54:12,REAL,67652677264,542,67652677806,67652677806
2025-06-19 04:54:14,REAL,67652677806,540,67652678346,67652678346
2025-06-19 04:54:16,REAL,67652678346,542,67652678888,67652678888
2025-06-19 04:54:18,REAL,67652678888,537,67652679425,67652679425
2025-06-19 04:54:20,REAL,67652679425,604,67652680029,67652680029
2025-06-19 04:54:22,REAL,67652680029,673,67652680702,67652680702
2025-06-19 04:54:24,REAL,67652680702,605,67652681307,67652681307
2025-06-19 04:54:26,REAL,67652681307,603,67652681910,67652681910
2025-06-19 04:54:28,REAL,67652681910,598,67652682508,67652682508
2025-06-19 04:54:30,REAL,67652682508,531,67652683039,67652683039
2025-06-19 04:54:32,REAL,67652683039,534,67652683573,67652683573
2025-06-19 04:54:34,REAL,67652683573,534,67652684107,67652684107
2025-06-19 04:54:36,REAL,67652684107,543,67652684650,67652684650
2025-06-19 04:54:38,REAL,67652684650,612,67652685262,67652685262
2025-06-19 04:54:40,REAL,67652685262,545,67652685807,67652685807
2025-06-19 04:54:42,REAL,67652685807,532,67652686339,67652686339
2025-06-19 04:54:44,REAL,67652686339,650,67652686989,67652686989
2025-06-19 04:54:46,REAL,67652686989,544,67652687533,67652687533
2025-06-19 04:54:48,REAL,67652687533,595,67652688128,67652688128
2025-06-19 04:54:50,REAL,67652688128,539,67652688667,67652688667
2025-06-19 04:54:52,REAL,67652688667,624,67652689291,67652689291
2025-06-19 04:54:54,REAL,67652689291,547,67652689838,67652689838
2025-06-19 04:54:56,REAL,67652689838,539,67652690377,67652690377
2025-06-19 04:54:58,REAL,67652690377,538,67652690915,67652690915
2025-06-19 04:55:00,REAL,67652690915,596,67652691511,67652691511
2025-06-19 04:55:02,REAL,67652691511,548,67652692059,67652692059
2025-06-19 04:55:04,REAL,67652692059,541,67652692600,67652692600
2025-06-19 04:55:06,REAL,67652692600,538,67652693138,67652693138
2025-06-19 04:55:08,REAL,67652693138,623,67652693761,67652693761
2025-06-19 04:55:10,REAL,67652693761,536,67652694297,67652694297
2025-06-19 04:55:12,REAL,67652694297,541,67652694838,67652694838
2025-06-19 04:55:14,REAL,67652694838,605,67652695443,67652695443
2025-06-19 04:55:16,REAL,67652695443,661,67652696104,67652696104
2025-06-19 04:55:18,REAL,67652696104,598,67652696702,67652696702
2025-06-19 04:55:20,REAL,67652696702,661,67652697363,67652697363
2025-06-19 04:55:22,REAL,67652697363,620,67652697983,67652697983
2025-06-19 04:55:24,REAL,67652697983,539,67652698522,67652698522
2025-06-19 04:55:26,REAL,67652698522,540,67652699062,67652699062
2025-06-19 04:55:28,REAL,67652699062,538,67652699600,67652699600
2025-06-19 04:55:30,REAL,67652699600,533,67652700133,67652700133
2025-06-19 04:55:32,REAL,67652700133,532,67652700665,67652700665
2025-06-19 04:55:34,REAL,67652700665,548,67652701213,67652701213
2025-06-19 04:55:36,REAL,67652701213,599,67652701812,67652701812
2025-06-19 04:55:38,REAL,67652701812,244989,67652946801,67652946801
2025-06-19 04:55:40,REAL,67652946801,28495,67652975296,67652975296
2025-06-19 04:55:42,REAL,67652975296,29693,67653004989,67653004989
2025-06-19 04:55:44,REAL,67653004989,29547,67653034536,67653034536
2025-06-19 04:55:46,REAL,67653034536,29309,67653063845,67653063845
2025-06-19 04:55:48,REAL,67653063845,29264,67653093109,67653093109
2025-06-19 04:55:50,REAL,67653093109,29415,67653122524,67653122524
2025-06-19 04:55:52,REAL,67653122524,15751,67653138275,67653138275
2025-06-19 04:55:54,REAL,67653138275,600,67653138875,67653138875
2025-06-19 04:55:56,REAL,67653138875,534,67653139409,67653139409
2025-06-19 04:55:58,REAL,67653139409,531,67653139940,67653139940
2025-06-19 04:56:00,REAL,67653139940,542,67653140482,67653140482
2025-06-19 04:56:02,REAL,67653140482,545,67653141027,67653141027
2025-06-19 04:56:04,REAL,67653141027,540,67653141567,67653141567
2025-06-19 04:56:06,REAL,67653141567,588,67653142155,67653142155
2025-06-19 04:56:08,REAL,67653142155,671,67653142826,67653142826
2025-06-19 04:56:10,REAL,67653142826,544,67653143370,67653143370
2025-06-19 04:56:12,REAL,67653143370,537,67653143907,67653143907
2025-06-19 04:56:14,REAL,67653143907,544,67653144451,67653144451
2025-06-19 04:56:16,REAL,67653144451,539,67653144990,67653144990
2025-06-19 04:56:18,REAL,67653144990,539,67653145529,67653145529
2025-06-19 04:56:20,REAL,67653145529,538,67653146067,67653146067
2025-06-19 04:56:22,REAL,67653146067,620,67653146687,67653146687
2025-06-19 04:56:24,REAL,67653146687,4306,67653150993,67653150993
2025-06-19 04:56:26,REAL,67653150993,259845,67653410838,67653410838
2025-06-19 04:56:28,REAL,67653410838,29374,67653440212,67653440212
2025-06-19 04:56:30,REAL,67653440212,29812,67653470024,67653470024
2025-06-19 04:56:32,REAL,67653470024,28908,67653498932,67653498932
2025-06-19 04:56:34,REAL,67653498932,29370,67653528302,67653528302
2025-06-19 04:56:36,REAL,67653528302,29260,67653557562,67653557562
2025-06-19 04:56:38,REAL,67653557562,29273,67653586835,67653586835
2025-06-19 04:56:40,REAL,67653586835,12824,67653599659,67653599659
2025-06-19 04:56:42,REAL,67653599659,536,67653600195,67653600195
2025-06-19 04:56:44,REAL,67653600195,536,67653600731,67653600731
2025-06-19 04:56:46,REAL,67653600731,531,67653601262,67653601262
2025-06-19 04:56:48,REAL,67653601262,532,67653601794,67653601794
2025-06-19 04:56:50,REAL,67653601794,543,67653602337,67653602337
2025-06-19 04:56:52,REAL,67653602337,667,67653603004,67653603004
2025-06-19 04:56:54,REAL,67653603004,538,67653603542,67653603542
2025-06-19 04:56:56,REAL,67653603542,654,67653604196,67653604196
2025-06-19 04:56:58,REAL,67653604196,592,67653604788,67653604788
2025-06-19 04:57:00,REAL,67653604788,591,67653605379,67653605379
2025-06-19 04:57:02,REAL,67653605379,535,67653605914,67653605914
2025-06-19 04:57:04,REAL,67653605914,588,67653606502,67653606502
2025-06-19 04:57:06,REAL,67653606502,541,67653607043,67653607043
2025-06-19 04:57:08,REAL,67653607043,617,67653607660,67653607660
2025-06-19 04:57:10,REAL,67653607660,546,67653608206,67653608206
2025-06-19 04:57:12,REAL,67653608206,546,67653608752,67653608752
2025-06-19 04:57:14,REAL,67653608752,545,67653609297,67653609297
2025-06-19 04:57:16,REAL,67653609297,602,67653609899,67653609899
2025-06-19 04:57:18,REAL,67653609899,532,67653610431,67653610431
2025-06-19 04:57:20,REAL,67653610431,597,67653611028,67653611028
2025-06-19 04:57:22,REAL,67653611028,532,67653611560,67653611560
2025-06-19 04:57:24,REAL,67653611560,611,67653612171,67653612171
2025-06-19 04:57:26,REAL,67653612171,542,67653612713,67653612713
2025-06-19 04:57:28,REAL,67653612713,539,67653613252,67653613252
2025-06-19 04:57:30,REAL,67653613252,542,67653613794,67653613794
2025-06-19 04:57:32,REAL,67653613794,596,67653614390,67653614390
2025-06-19 04:57:34,REAL,67653614390,533,67653614923,67653614923
2025-06-19 04:57:36,REAL,67653614923,542,67653615465,67653615465
2025-06-19 04:57:38,REAL,67653615465,616,67653616081,67653616081
2025-06-19 04:57:40,REAL,67653616081,547,67653616628,67653616628
2025-06-19 04:57:42,REAL,67653616628,536,67653617164,67653617164
2025-06-19 04:57:44,REAL,67653617164,546,67653617710,67653617710
2025-06-19 04:57:46,REAL,67653617710,590,67653618300,67653618300
2025-06-19 04:57:48,REAL,67653618300,655,67653618955,67653618955
2025-06-19 04:57:50,REAL,67653618955,203822,67653822777,67653822777
2025-06-19 04:57:52,REAL,67653822777,79312,67653902089,67653902089
2025-06-19 04:57:54,REAL,67653902089,29602,67653931691,67653931691
2025-06-19 04:57:56,REAL,67653931691,29207,67653960898,67653960898
2025-06-19 04:57:58,REAL,67653960898,29455,67653990353,67653990353
2025-06-19 04:58:00,REAL,67653990353,28603,67654018956,67654018956
2025-06-19 04:58:02,REAL,67654018956,28777,67654047733,67654047733
2025-06-19 04:58:04,REAL,67654047733,22736,67654070469,67654070469
2025-06-19 04:58:06,REAL,67654070469,545,67654071014,67654071014
2025-06-19 04:58:08,REAL,67654071014,621,67654071635,67654071635
2025-06-19 04:58:10,REAL,67654071635,535,67654072170,67654072170
2025-06-19 04:58:12,REAL,67654072170,547,67654072717,67654072717
2025-06-19 04:58:14,REAL,67654072717,541,67654073258,67654073258
2025-06-19 04:58:16,REAL,67654073258,590,67654073848,67654073848
2025-06-19 04:58:18,REAL,67654073848,541,67654074389,67654074389
2025-06-19 04:58:20,REAL,67654074389,603,67654074992,67654074992
2025-06-19 04:58:22,REAL,67654074992,544,67654075536,67654075536
2025-06-19 04:58:24,REAL,67654075536,610,67654076146,67654076146
2025-06-19 04:58:26,REAL,67654076146,537,67654076683,67654076683
2025-06-19 04:58:28,REAL,67654076683,546,67654077229,67654077229
2025-06-19 04:58:30,REAL,67654077229,597,67654077826,67654077826
2025-06-19 04:58:32,REAL,67654077826,539,67654078365,67654078365
2025-06-19 04:58:34,REAL,67654078365,540,67654078905,67654078905
2025-06-19 04:58:36,REAL,67654078905,607,67654079512,67654079512
2025-06-19 04:58:38,REAL,67654079512,685,67654080197,67654080197
2025-06-19 04:58:40,REAL,67654080197,598,67654080795,67654080795
2025-06-19 04:58:42,REAL,67654080795,598,67654081393,67654081393
2025-06-19 04:58:44,REAL,67654081393,600,67654081993,67654081993
2025-06-19 04:58:46,REAL,67654081993,535,67654082528,67654082528
2025-06-19 04:58:48,REAL,67654082528,538,67654083066,67654083066
2025-06-19 04:58:50,REAL,67654083066,540,67654083606,67654083606
2025-06-19 04:58:52,REAL,67654083606,547,67654084153,67654084153
2025-06-19 04:58:54,REAL,67654084153,623,67654084776,67654084776
2025-06-19 04:58:56,REAL,67654084776,530,67654085306,67654085306
2025-06-19 04:58:58,REAL,67654085306,602,67654085908,67654085908
2025-06-19 04:59:00,REAL,67654085908,541,67654086449,67654086449
2025-06-19 04:59:02,REAL,67654086449,534,67654086983,67654086983
2025-06-19 04:59:04,REAL,67654086983,531,67654087514,67654087514
2025-06-19 04:59:06,REAL,67654087514,545,67654088059,67654088059
2025-06-19 04:59:08,REAL,67654088059,617,67654088676,67654088676
2025-06-19 04:59:10,REAL,67654088676,543,67654089219,67654089219
2025-06-19 04:59:12,REAL,67654089219,596,67654089815,67654089815
2025-06-19 04:59:14,REAL,67654089815,726,67654090541,67654090541
2025-06-19 04:59:16,REAL,67654090541,606,67654091147,67654091147
2025-06-19 04:59:18,REAL,67654091147,595,67654091742,67654091742
2025-06-19 04:59:20,REAL,67654091742,543,67654092285,67654092285
2025-06-19 04:59:22,REAL,67654092285,535,67654092820,67654092820
2025-06-19 04:59:24,REAL,67654092820,618,67654093438,67654093438
2025-06-19 04:59:26,REAL,67654093438,537,67654093975,67654093975
2025-06-19 04:59:28,REAL,67654093975,538,67654094513,67654094513
2025-06-19 04:59:30,REAL,67654094513,539,67654095052,67654095052
2025-06-19 04:59:32,REAL,67654095052,544,67654095596,67654095596
2025-06-19 04:59:34,REAL,67654095596,603,67654096199,67654096199
2025-06-19 04:59:36,REAL,67654096199,238570,67654334769,67654334769
2025-06-19 04:59:38,REAL,67654334769,34237,67654369006,67654369006
2025-06-19 04:59:40,REAL,67654369006,28979,67654397985,67654397985
2025-06-19 04:59:42,REAL,67654397985,28788,67654426773,67654426773
2025-06-19 04:59:44,REAL,67654426773,28953,67654455726,67654455726
2025-06-19 04:59:46,REAL,67654455726,29113,67654484839,67654484839
2025-06-19 04:59:48,REAL,67654484839,29316,67654514155,67654514155
2025-06-19 04:59:50,REAL,67654514155,17094,67654531249,67654531249
2025-06-19 04:59:52,REAL,67654531249,544,67654531793,67654531793
2025-06-19 04:59:54,REAL,67654531793,612,67654532405,67654532405
2025-06-19 04:59:56,REAL,67654532405,534,67654532939,67654532939
2025-06-19 04:59:58,REAL,67654532939,538,67654533477,67654533477
2025-06-19 05:00:00,REAL,67654533477,589,67654534066,67654534066
2025-06-19 05:00:02,REAL,67654534066,601,67654534667,67654534667
2025-06-19 05:00:04,REAL,67654534667,536,67654535203,67654535203
2025-06-19 05:00:06,REAL,67654535203,605,67654535808,67654535808
2025-06-19 05:00:08,REAL,67654535808,598,67654536406,67654536406
2025-06-19 05:00:10,REAL,67654536406,677,67654537083,67654537083
2025-06-19 05:00:12,REAL,67654537083,592,67654537675,67654537675
2025-06-19 05:00:14,REAL,67654537675,533,67654538208,67654538208
2025-06-19 05:00:16,REAL,67654538208,541,67654538749,67654538749
2025-06-19 05:00:18,REAL,67654538749,544,67654539293,67654539293
2025-06-19 05:00:20,REAL,67654539293,548,67654539841,67654539841
2025-06-19 05:00:22,REAL,67654539841,534,67654540375,67654540375
2025-06-19 05:00:24,REAL,67654540375,617,67654540992,67654540992
2025-06-19 05:00:26,REAL,67654540992,539,67654541531,67654541531
2025-06-19 05:00:28,REAL,67654541531,600,67654542131,67654542131
2025-06-19 05:00:30,REAL,67654542131,597,67654542728,67654542728
2025-06-19 05:00:32,REAL,67654542728,537,67654543265,67654543265
2025-06-19 05:00:34,REAL,67654543265,545,67654543810,67654543810
2025-06-19 05:00:36,REAL,67654543810,538,67654544348,67654544348
2025-06-19 05:00:38,REAL,67654544348,545,67654544893,67654544893
2025-06-19 05:00:40,REAL,67654544893,616,67654545509,67654545509
2025-06-19 05:00:42,REAL,67654545509,602,67654546111,67654546111
2025-06-19 05:00:44,REAL,67654546111,607,67654546718,67654546718
2025-06-19 05:00:46,REAL,67654546718,539,67654547257,67654547257
2025-06-19 05:00:48,REAL,67654547257,539,67654547796,67654547796
2025-06-19 05:00:50,REAL,67654547796,534,67654548330,67654548330
2025-06-19 05:00:52,REAL,67654548330,540,67654548870,67654548870
2025-06-19 05:00:54,REAL,67654548870,620,67654549490,67654549490
2025-06-19 05:00:56,REAL,67654549490,598,67654550088,67654550088
2025-06-19 05:00:58,REAL,67654550088,595,67654550683,67654550683
2025-06-19 05:01:00,REAL,67654550683,542,67654551225,67654551225
2025-06-19 05:01:02,REAL,67654551225,546,67654551771,67654551771
2025-06-19 05:01:04,REAL,67654551771,533,67654552304,67654552304
2025-06-19 05:01:06,REAL,67654552304,538,67654552842,67654552842
2025-06-19 05:01:08,REAL,67654552842,540,67654553382,67654553382
2025-06-19 05:01:10,REAL,67654553382,613,67654553995,67654553995
2025-06-19 05:01:12,REAL,67654553995,544,67654554539,67654554539
2025-06-19 05:01:14,REAL,67654554539,594,67654555133,67654555133
2025-06-19 05:01:16,REAL,67654555133,547,67654555680,67654555680
2025-06-19 05:01:18,REAL,67654555680,550,67654556230,67654556230
2025-06-19 05:01:20,REAL,67654556230,543,67654556773,67654556773
2025-06-19 05:01:22,REAL,67654556773,602,67654557375,67654557375
2025-06-19 05:01:24,REAL,67654557375,615,67654557990,67654557990
2025-06-19 05:01:26,REAL,67654557990,539,67654558529,67654558529
2025-06-19 05:01:28,REAL,67654558529,598,67654559127,67654559127
2025-06-19 05:01:30,REAL,67654559127,605,67654559732,67654559732
2025-06-19 05:01:32,REAL,67654559732,606,67654560338,67654560338
2025-06-19 05:01:34,REAL,67654560338,606,67654560944,67654560944
2025-06-19 05:01:36,REAL,67654560944,596,67654561540,67654561540
2025-06-19 05:01:38,REAL,67654561540,532,67654562072,67654562072
2025-06-19 05:01:40,REAL,67654562072,613,67654562685,67654562685
2025-06-19 05:01:42,REAL,67654562685,545,67654563230,67654563230
2025-06-19 05:01:44,REAL,67654563230,594,67654563824,67654563824
2025-06-19 05:01:46,REAL,67654563824,547,67654564371,67654564371
2025-06-19 05:01:48,REAL,67654564371,539,67654564910,67654564910
2025-06-19 05:01:50,REAL,67654564910,539,67654565449,67654565449
2025-06-19 05:01:52,REAL,67654565449,44236,67654609685,67654609685
2025-06-19 05:01:54,REAL,67654609685,216341,67654826026,67654826026
2025-06-19 05:01:56,REAL,67654826026,29309,67654855335,67654855335
2025-06-19 05:01:58,REAL,67654855335,29468,67654884803,67654884803
2025-06-19 05:02:00,REAL,67654884803,28824,67654913627,67654913627
2025-06-19 05:02:02,REAL,67654913627,29169,67654942796,67654942796
2025-06-19 05:02:04,REAL,67654942796,28987,67654971783,67654971783
2025-06-19 05:02:06,REAL,67654971783,28829,67655000612,67655000612
2025-06-19 05:02:08,REAL,67655000612,9764,67655010376,67655010376
2025-06-19 05:02:10,REAL,67655010376,675,67655011051,67655011051
2025-06-19 05:02:12,REAL,67655011051,660,67655011711,67655011711
2025-06-19 05:02:14,REAL,67655011711,598,67655012309,67655012309
2025-06-19 05:02:16,REAL,67655012309,546,67655012855,67655012855
2025-06-19 05:02:18,REAL,67655012855,540,67655013395,67655013395
2025-06-19 05:02:20,REAL,67655013395,540,67655013935,67655013935
2025-06-19 05:02:22,REAL,67655013935,543,67655014478,67655014478
2025-06-19 05:02:24,REAL,67655014478,615,67655015093,67655015093
2025-06-19 05:02:26,REAL,67655015093,542,67655015635,67655015635
2025-06-19 05:02:28,REAL,67655015635,603,67655016238,67655016238
2025-06-19 05:02:30,REAL,67655016238,598,67655016836,67655016836
2025-06-19 05:02:32,REAL,67655016836,602,67655017438,67655017438
2025-06-19 05:02:34,REAL,67655017438,665,67655018103,67655018103
2025-06-19 05:02:36,REAL,67655018103,544,67655018647,67655018647
2025-06-19 05:02:38,REAL,67655018647,543,67655019190,67655019190
2025-06-19 05:02:40,REAL,67655019190,620,67655019810,67655019810
2025-06-19 05:02:42,REAL,67655019810,549,67655020359,67655020359
2025-06-19 05:02:44,REAL,67655020359,539,67655020898,67655020898
2025-06-19 05:02:46,REAL,67655020898,542,67655021440,67655021440
2025-06-19 05:02:48,REAL,67655021440,536,67655021976,67655021976
2025-06-19 05:02:50,REAL,67655021976,602,67655022578,67655022578
2025-06-19 05:02:52,REAL,67655022578,541,67655023119,67655023119
2025-06-19 05:02:54,REAL,67655023119,616,67655023735,67655023735
2025-06-19 05:02:56,REAL,67655023735,599,67655024334,67655024334
2025-06-19 05:02:58,REAL,67655024334,549,67655024883,67655024883
2025-06-19 05:03:00,REAL,67655024883,539,67655025422,67655025422
2025-06-19 05:03:02,REAL,67655025422,548,67655025970,67655025970
2025-06-19 05:03:04,REAL,67655025970,601,67655026571,67655026571
2025-06-19 05:03:06,REAL,67655026571,599,67655027170,67655027170
2025-06-19 05:03:08,REAL,67655027170,546,67655027716,67655027716
2025-06-19 05:03:10,REAL,67655027716,614,67655028330,67655028330
2025-06-19 05:03:12,REAL,67655028330,547,67655028877,67655028877
2025-06-19 05:03:14,REAL,67655028877,540,67655029417,67655029417
2025-06-19 05:03:16,REAL,67655029417,595,67655030012,67655030012
2025-06-19 05:03:18,REAL,67655030012,532,67655030544,67655030544
2025-06-19 05:03:20,REAL,67655030544,541,67655031085,67655031085
2025-06-19 05:03:22,REAL,67655031085,80688,67655111773,67655111773
2025-06-19 05:03:24,REAL,67655111773,181601,67655293374,67655293374
2025-06-19 05:03:26,REAL,67655293374,29063,67655322437,67655322437
2025-06-19 05:03:28,REAL,67655322437,29123,67655351560,67655351560
2025-06-19 05:03:30,REAL,67655351560,29345,67655380905,67655380905
2025-06-19 05:03:32,REAL,67655380905,29244,67655410149,67655410149
2025-06-19 05:03:34,REAL,67655410149,28708,67655438857,67655438857
2025-06-19 05:03:36,REAL,67655438857,29318,67655468175,67655468175
2025-06-19 05:03:38,REAL,67655468175,5156,67655473331,67655473331
2025-06-19 05:03:40,REAL,67655473331,616,67655473947,67655473947
2025-06-19 05:03:42,REAL,67655473947,543,67655474490,67655474490
2025-06-19 05:03:44,REAL,67655474490,592,67655475082,67655475082
2025-06-19 05:03:46,REAL,67655475082,547,67655475629,67655475629
2025-06-19 05:03:48,REAL,67655475629,536,67655476165,67655476165
2025-06-19 05:03:50,REAL,67655476165,535,67655476700,67655476700
2025-06-19 05:03:52,REAL,67655476700,548,67655477248,67655477248
2025-06-19 05:03:54,REAL,67655477248,95769,67655573017,67655573017
2025-06-19 05:03:56,REAL,67655573017,142646,67655715663,67655715663
2025-06-19 05:03:58,REAL,67655715663,28940,67655744603,67655744603
2025-06-19 05:04:00,REAL,67655744603,29164,67655773767,67655773767
2025-06-19 05:04:02,REAL,67655773767,29119,67655802886,67655802886
2025-06-19 05:04:04,REAL,67655802886,28676,67655831562,67655831562
2025-06-19 05:04:06,REAL,67655831562,30183,67655861745,67655861745
2025-06-19 05:04:08,REAL,67655861745,29040,67655890785,67655890785
2025-06-19 05:04:10,REAL,67655890785,3438,67655894223,67655894223
2025-06-19 05:04:12,REAL,67655894223,538,67655894761,67655894761
2025-06-19 05:04:14,REAL,67655894761,542,67655895303,67655895303
2025-06-19 05:04:16,REAL,67655895303,600,67655895903,67655895903
2025-06-19 05:04:18,REAL,67655895903,538,67655896441,67655896441
2025-06-19 05:04:20,REAL,67655896441,548,67655896989,67655896989
2025-06-19 05:04:22,REAL,67655896989,543,67655897532,67655897532
2025-06-19 05:04:24,REAL,67655897532,537,67655898069,67655898069
2025-06-19 05:04:26,REAL,67655898069,678,67655898747,67655898747
2025-06-19 05:04:28,REAL,67655898747,538,67655899285,67655899285
2025-06-19 05:04:30,REAL,67655899285,536,67655899821,67655899821
2025-06-19 05:04:32,REAL,67655899821,547,67655900368,67655900368
2025-06-19 05:04:34,REAL,67655900368,535,67655900903,67655900903
2025-06-19 05:04:36,REAL,67655900903,598,67655901501,67655901501
2025-06-19 05:04:38,REAL,67655901501,543,67655902044,67655902044
2025-06-19 05:04:40,REAL,67655902044,616,67655902660,67655902660
2025-06-19 05:04:42,REAL,67655902660,600,67655903260,67655903260
2025-06-19 05:04:44,REAL,67655903260,544,67655903804,67655903804
2025-06-19 05:04:46,REAL,67655903804,597,67655904401,67655904401
2025-06-19 05:04:48,REAL,67655904401,537,67655904938,67655904938
2025-06-19 05:04:50,REAL,67655904938,542,67655905480,67655905480
2025-06-19 05:04:52,REAL,67655905480,548,67655906028,67655906028
2025-06-19 05:04:54,REAL,67655906028,539,67655906567,67655906567
2025-06-19 05:04:56,REAL,67655906567,608,67655907175,67655907175
2025-06-19 05:04:58,REAL,67655907175,656,67655907831,67655907831
2025-06-19 05:05:00,REAL,67655907831,535,67655908366,67655908366
2025-06-19 05:05:02,REAL,67655908366,539,67655908905,67655908905
2025-06-19 05:05:04,REAL,67655908905,545,67655909450,67655909450
2025-06-19 05:05:06,REAL,67655909450,544,67655909994,67655909994
2025-06-19 05:05:08,REAL,67655909994,538,67655910532,67655910532
2025-06-19 05:05:10,REAL,67655910532,613,67655911145,67655911145
2025-06-19 05:05:12,REAL,67655911145,599,67655911744,67655911744
2025-06-19 05:05:14,REAL,67655911744,543,67655912287,67655912287
2025-06-19 05:05:16,REAL,67655912287,533,67655912820,67655912820
2025-06-19 05:05:18,REAL,67655912820,594,67655913414,67655913414
2025-06-19 05:05:20,REAL,67655913414,538,67655913952,67655913952
2025-06-19 05:05:22,REAL,67655913952,540,67655914492,67655914492
2025-06-19 05:05:24,REAL,67655914492,536,67655915028,67655915028
2025-06-19 05:05:26,REAL,67655915028,617,67655915645,67655915645
2025-06-19 05:05:28,REAL,67655915645,602,67655916247,67655916247
2025-06-19 05:05:30,REAL,67655916247,541,67655916788,67655916788
2025-06-19 05:05:32,REAL,67655916788,543,67655917331,67655917331
2025-06-19 05:05:34,REAL,67655917331,534,67655917865,67655917865
2025-06-19 05:05:36,REAL,67655917865,548,67655918413,67655918413
2025-06-19 05:05:38,REAL,67655918413,600,67655919013,67655919013
2025-06-19 05:05:40,REAL,67655919013,671,67655919684,67655919684
2025-06-19 05:05:42,REAL,67655919684,540,67655920224,67655920224
2025-06-19 05:05:44,REAL,67655920224,605,67655920829,67655920829
2025-06-19 05:05:46,REAL,67655920829,537,67655921366,67655921366
2025-06-19 05:05:48,REAL,67655921366,538,67655921904,67655921904
2025-06-19 05:05:50,REAL,67655921904,536,67655922440,67655922440
2025-06-19 05:05:52,REAL,67655922440,535,67655922975,67655922975
2025-06-19 05:05:54,REAL,67655922975,539,67655923514,67655923514
2025-06-19 05:05:56,REAL,67655923514,610,67655924124,67655924124
2025-06-19 05:05:58,REAL,67655924124,540,67655924664,67655924664
2025-06-19 05:06:00,REAL,67655924664,591,67655925255,67655925255
2025-06-19 05:06:02,REAL,67655925255,651,67655925906,67655925906
2025-06-19 05:06:04,REAL,67655925906,600,67655926506,67655926506
2025-06-19 05:06:06,REAL,67655926506,602,67655927108,67655927108
2025-06-19 05:06:08,REAL,67655927108,532,67655927640,67655927640
2025-06-19 05:06:10,REAL,67655927640,623,67655928263,67655928263
2025-06-19 05:06:12,REAL,67655928263,531,67655928794,67655928794
2025-06-19 05:06:14,REAL,67655928794,543,67655929337,67655929337
2025-06-19 05:06:16,REAL,67655929337,543,67655929880,67655929880
2025-06-19 05:06:18,REAL,67655929880,534,67655930414,67655930414
2025-06-19 05:06:20,REAL,67655930414,541,67655930955,67655930955
2025-06-19 05:06:22,REAL,67655930955,36413,67655967368,67655967368
2025-06-19 05:06:24,REAL,67655967368,232954,67656200322,67656200322
2025-06-19 05:06:26,REAL,67656200322,29414,67656229736,67656229736
2025-06-19 05:06:28,REAL,67656229736,28568,67656258304,67656258304
2025-06-19 05:06:30,REAL,67656258304,29759,67656288063,67656288063
2025-06-19 05:06:32,REAL,67656288063,29470,67656317533,67656317533
2025-06-19 05:06:34,REAL,67656317533,29637,67656347170,67656347170
2025-06-19 05:06:36,REAL,67656347170,28937,67656376107,67656376107
2025-06-19 05:06:38,REAL,67656376107,9352,67656385459,67656385459
2025-06-19 05:06:40,REAL,67656385459,540,67656385999,67656385999
2025-06-19 05:06:42,REAL,67656385999,611,67656386610,67656386610
2025-06-19 05:06:44,REAL,67656386610,535,67656387145,67656387145
2025-06-19 05:06:46,REAL,67656387145,538,67656387683,67656387683
2025-06-19 05:06:48,REAL,67656387683,542,67656388225,67656388225
2025-06-19 05:06:50,REAL,67656388225,596,67656388821,67656388821
2025-06-19 05:06:52,REAL,67656388821,545,67656389366,67656389366
2025-06-19 05:06:54,REAL,67656389366,596,67656389962,67656389962
2025-06-19 05:06:56,REAL,67656389962,621,67656390583,67656390583
2025-06-19 05:06:58,REAL,67656390583,531,67656391114,67656391114
2025-06-19 05:07:00,REAL,67656391114,547,67656391661,67656391661
2025-06-19 05:07:02,REAL,67656391661,550,67656392211,67656392211
2025-06-19 05:07:04,REAL,67656392211,537,67656392748,67656392748
2025-06-19 05:07:06,REAL,67656392748,538,67656393286,67656393286
2025-06-19 05:07:08,REAL,67656393286,534,67656393820,67656393820
2025-06-19 05:07:10,REAL,67656393820,603,67656394423,67656394423
2025-06-19 05:07:12,REAL,67656394423,611,67656395034,67656395034
2025-06-19 05:07:14,REAL,67656395034,544,67656395578,67656395578
2025-06-19 05:07:16,REAL,67656395578,541,67656396119,67656396119
2025-06-19 05:07:18,REAL,67656396119,596,67656396715,67656396715
2025-06-19 05:07:20,REAL,67656396715,605,67656397320,67656397320
2025-06-19 05:07:22,REAL,67656397320,530,67656397850,67656397850
2025-06-19 05:07:24,REAL,67656397850,541,67656398391,67656398391
2025-06-19 05:07:26,REAL,67656398391,670,67656399061,67656399061
2025-06-19 05:07:28,REAL,67656399061,534,67656399595,67656399595
2025-06-19 05:07:30,REAL,67656399595,539,67656400134,67656400134
2025-06-19 05:07:32,REAL,67656400134,542,67656400676,67656400676
2025-06-19 05:07:34,REAL,67656400676,537,67656401213,67656401213
2025-06-19 05:07:36,REAL,67656401213,542,67656401755,67656401755
2025-06-19 05:07:38,REAL,67656401755,540,67656402295,67656402295
2025-06-19 05:07:40,REAL,67656402295,541,67656402836,67656402836
2025-06-19 05:07:42,REAL,67656402836,675,67656403511,67656403511
2025-06-19 05:07:44,REAL,67656403511,591,67656404102,67656404102
2025-06-19 05:07:46,REAL,67656404102,545,67656404647,67656404647
2025-06-19 05:07:48,REAL,67656404647,537,67656405184,67656405184
2025-06-19 05:07:50,REAL,67656405184,539,67656405723,67656405723
2025-06-19 05:07:52,REAL,67656405723,543,67656406266,67656406266
2025-06-19 05:07:54,REAL,67656406266,539,67656406805,67656406805
2025-06-19 05:07:56,REAL,67656406805,661,67656407466,67656407466
2025-06-19 05:07:58,REAL,67656407466,596,67656408062,67656408062
2025-06-19 05:08:00,REAL,67656408062,547,67656408609,67656408609
2025-06-19 05:08:02,REAL,67656408609,534,67656409143,67656409143
2025-06-19 05:08:04,REAL,67656409143,544,67656409687,67656409687
2025-06-19 05:08:06,REAL,67656409687,546,67656410233,67656410233
2025-06-19 05:08:08,REAL,67656410233,535,67656410768,67656410768
2025-06-19 05:08:10,REAL,67656410768,531,67656411299,67656411299
2025-06-19 05:08:12,REAL,67656411299,669,67656411968,67656411968
2025-06-19 05:08:14,REAL,67656411968,117689,67656529657,67656529657
2025-06-19 05:08:16,REAL,67656529657,157569,67656687226,67656687226
2025-06-19 05:08:18,REAL,67656687226,29175,67656716401,67656716401
2025-06-19 05:08:20,REAL,67656716401,28977,67656745378,67656745378
2025-06-19 05:08:22,REAL,67656745378,28613,67656773991,67656773991
2025-06-19 05:08:24,REAL,67656773991,29234,67656803225,67656803225
2025-06-19 05:08:26,REAL,67656803225,29467,67656832692,67656832692
2025-06-19 05:08:28,REAL,67656832692,28592,67656861284,67656861284
2025-06-19 05:08:30,REAL,67656861284,3005,67656864289,67656864289
2025-06-19 05:08:32,REAL,67656864289,594,67656864883,67656864883
2025-06-19 05:08:34,REAL,67656864883,538,67656865421,67656865421
2025-06-19 05:08:36,REAL,67656865421,535,67656865956,67656865956
2025-06-19 05:08:38,REAL,67656865956,538,67656866494,67656866494
2025-06-19 05:08:40,REAL,67656866494,533,67656867027,67656867027
2025-06-19 05:08:42,REAL,67656867027,678,67656867705,67656867705
2025-06-19 05:08:44,REAL,67656867705,536,67656868241,67656868241
2025-06-19 05:08:46,REAL,67656868241,601,67656868842,67656868842
2025-06-19 05:08:48,REAL,67656868842,546,67656869388,67656869388
2025-06-19 05:08:50,REAL,67656869388,532,67656869920,67656869920
2025-06-19 05:08:52,REAL,67656869920,539,67656870459,67656870459
2025-06-19 05:08:54,REAL,67656870459,535,67656870994,67656870994
2025-06-19 05:08:56,REAL,67656870994,610,67656871604,67656871604
2025-06-19 05:08:58,REAL,67656871604,538,67656872142,67656872142
2025-06-19 05:09:00,REAL,67656872142,543,67656872685,67656872685
2025-06-19 05:09:02,REAL,67656872685,602,67656873287,67656873287
2025-06-19 05:09:04,REAL,67656873287,533,67656873820,67656873820
2025-06-19 05:09:06,REAL,67656873820,548,67656874368,67656874368
2025-06-19 05:09:08,REAL,67656874368,595,67656874963,67656874963
2025-06-19 05:09:10,REAL,67656874963,593,67656875556,67656875556
2025-06-19 05:09:12,REAL,67656875556,616,67656876172,67656876172
2025-06-19 05:09:14,REAL,67656876172,548,67656876720,67656876720
2025-06-19 05:09:16,REAL,67656876720,541,67656877261,67656877261
2025-06-19 05:09:18,REAL,67656877261,601,67656877862,67656877862
2025-06-19 05:09:20,REAL,67656877862,544,67656878406,67656878406
2025-06-19 05:09:22,REAL,67656878406,538,67656878944,67656878944
2025-06-19 05:09:24,REAL,67656878944,545,67656879489,67656879489
2025-06-19 05:09:26,REAL,67656879489,541,67656880030,67656880030
2025-06-19 05:09:28,REAL,67656880030,607,67656880637,67656880637
2025-06-19 05:09:30,REAL,67656880637,533,67656881170,67656881170
2025-06-19 05:09:32,REAL,67656881170,602,67656881772,67656881772
2025-06-19 05:09:34,REAL,67656881772,174654,67657056426,67657056426
2025-06-19 05:09:36,REAL,67657056426,117302,67657173728,67657173728
2025-06-19 05:09:38,REAL,67657173728,29046,67657202774,67657202774
2025-06-19 05:09:40,REAL,67657202774,29009,67657231783,67657231783
2025-06-19 05:09:42,REAL,67657231783,29369,67657261152,67657261152
2025-06-19 05:09:44,REAL,67657261152,28911,67657290063,67657290063
2025-06-19 05:09:46,REAL,67657290063,28844,67657318907,67657318907
2025-06-19 05:09:48,REAL,67657318907,26739,67657345646,67657345646
2025-06-19 05:09:50,REAL,67657345646,539,67657346185,67657346185
2025-06-19 05:09:52,REAL,67657346185,539,67657346724,67657346724
2025-06-19 05:09:54,REAL,67657346724,548,67657347272,67657347272
2025-06-19 05:09:56,REAL,67657347272,539,67657347811,67657347811
2025-06-19 05:09:58,REAL,67657347811,620,67657348431,67657348431
2025-06-19 05:10:00,REAL,67657348431,541,67657348972,67657348972
2025-06-19 05:10:02,REAL,67657348972,594,67657349566,67657349566
2025-06-19 05:10:04,REAL,67657349566,604,67657350170,67657350170
2025-06-19 05:10:06,REAL,67657350170,597,67657350767,67657350767
2025-06-19 05:10:08,REAL,67657350767,600,67657351367,67657351367
2025-06-19 05:10:10,REAL,67657351367,600,67657351967,67657351967
2025-06-19 05:10:12,REAL,67657351967,616,67657352583,67657352583
2025-06-19 05:10:14,REAL,67657352583,300,67657352883,67657352883
2025-06-19 05:10:16,REAL,67657352883,549,67657353432,67657353432
2025-06-19 05:10:18,REAL,67657353432,531,67657353963,67657353963
2025-06-19 05:10:20,REAL,67657353963,537,67657354500,67657354500
2025-06-19 05:10:22,REAL,67657354500,605,67657355105,67657355105
2025-06-19 05:10:24,REAL,67657355105,541,67657355646,67657355646
2025-06-19 05:10:26,REAL,67657355646,594,67657356240,67657356240
2025-06-19 05:10:28,REAL,67657356240,614,67657356854,67657356854
2025-06-19 05:10:30,REAL,67657356854,602,67657357456,67657357456
2025-06-19 05:10:32,REAL,67657357456,550,67657358006,67657358006
2025-06-19 05:10:34,REAL,67657358006,538,67657358544,67657358544
2025-06-19 05:10:36,REAL,67657358544,546,67657359090,67657359090
2025-06-19 05:10:38,REAL,67657359090,538,67657359628,67657359628
2025-06-19 05:10:40,REAL,67657359628,541,67657360169,67657360169
2025-06-19 05:10:42,REAL,67657360169,33036,67657393205,67657393205
2025-06-19 05:10:44,REAL,67657393205,208010,67657601215,67657601215
2025-06-19 05:10:46,REAL,67657601215,29109,67657630324,67657630324
2025-06-19 05:10:48,REAL,67657630324,29550,67657659874,67657659874
2025-06-19 05:10:50,REAL,67657659874,28928,67657688802,67657688802
2025-06-19 05:10:52,REAL,67657688802,29254,67657718056,67657718056
2025-06-19 05:10:54,REAL,67657718056,29649,67657747705,67657747705
2025-06-19 05:10:56,REAL,67657747705,29234,67657776939,67657776939
2025-06-19 05:10:58,REAL,67657776939,9322,67657786261,67657786261
2025-06-19 05:11:00,REAL,67657786261,539,67657786800,67657786800
2025-06-19 05:11:02,REAL,67657786800,536,67657787336,67657787336
2025-06-19 05:11:04,REAL,67657787336,548,67657787884,67657787884
2025-06-19 05:11:06,REAL,67657787884,533,67657788417,67657788417
2025-06-19 05:11:08,REAL,67657788417,539,67657788956,67657788956
2025-06-19 05:11:10,REAL,67657788956,587,67657789543,67657789543
2025-06-19 05:11:12,REAL,67657789543,612,67657790155,67657790155
2025-06-19 05:11:14,REAL,67657790155,595,67657790750,67657790750
2025-06-19 05:11:16,REAL,67657790750,539,67657791289,67657791289
2025-06-19 05:11:18,REAL,67657791289,535,67657791824,67657791824
2025-06-19 05:11:20,REAL,67657791824,546,67657792370,67657792370
2025-06-19 05:11:22,REAL,67657792370,545,67657792915,67657792915
2025-06-19 05:11:24,REAL,67657792915,531,67657793446,67657793446
2025-06-19 05:11:26,REAL,67657793446,533,67657793979,67657793979
2025-06-19 05:11:28,REAL,67657793979,620,67657794599,67657794599
2025-06-19 05:11:30,REAL,67657794599,595,67657795194,67657795194
2025-06-19 05:11:32,REAL,67657795194,595,67657795789,67657795789
2025-06-19 05:11:34,REAL,67657795789,543,67657796332,67657796332
2025-06-19 05:11:36,REAL,67657796332,537,67657796869,67657796869
2025-06-19 05:11:38,REAL,67657796869,595,67657797464,67657797464
2025-06-19 05:11:40,REAL,67657797464,542,67657798006,67657798006
2025-06-19 05:11:42,REAL,67657798006,612,67657798618,67657798618
2025-06-19 05:11:44,REAL,67657798618,542,67657799160,67657799160
2025-06-19 05:11:46,REAL,67657799160,659,67657799819,67657799819
2025-06-19 05:11:48,REAL,67657799819,602,67657800421,67657800421
2025-06-19 05:11:50,REAL,67657800421,605,67657801026,67657801026
2025-06-19 05:11:52,REAL,67657801026,531,67657801557,67657801557
2025-06-19 05:11:54,REAL,67657801557,543,67657802100,67657802100
2025-06-19 05:11:56,REAL,67657802100,548,67657802648,67657802648
2025-06-19 05:11:58,REAL,67657802648,618,67657803266,67657803266
2025-06-19 05:12:00,REAL,67657803266,532,67657803798,67657803798
2025-06-19 05:12:02,REAL,67657803798,541,67657804339,67657804339
2025-06-19 05:12:04,REAL,67657804339,602,67657804941,67657804941
2025-06-19 05:12:06,REAL,67657804941,596,67657805537,67657805537
2025-06-19 05:12:08,REAL,67657805537,534,67657806071,67657806071
2025-06-19 05:12:10,REAL,67657806071,840,67657806911,67657806911
2025-06-19 05:12:12,REAL,67657806911,299,67657807210,67657807210
2025-06-19 05:12:14,REAL,67657807210,618,67657807828,67657807828
2025-06-19 05:12:16,REAL,67657807828,545,67657808373,67657808373
2025-06-19 05:12:18,REAL,67657808373,544,67657808917,67657808917
2025-06-19 05:12:20,REAL,67657808917,531,67657809448,67657809448
2025-06-19 05:12:22,REAL,67657809448,601,67657810049,67657810049
2025-06-19 05:12:24,REAL,67657810049,543,67657810592,67657810592
2025-06-19 05:12:26,REAL,67657810592,536,67657811128,67657811128
2025-06-19 05:12:28,REAL,67657811128,611,67657811739,67657811739
2025-06-19 05:12:30,REAL,67657811739,594,67657812333,67657812333
2025-06-19 05:12:32,REAL,67657812333,547,67657812880,67657812880
2025-06-19 05:12:34,REAL,67657812880,535,67657813415,67657813415
2025-06-19 05:12:36,REAL,67657813415,547,67657813962,67657813962
2025-06-19 05:12:38,REAL,67657813962,596,67657814558,67657814558
2025-06-19 05:12:40,REAL,67657814558,537,67657815095,67657815095
2025-06-19 05:12:42,REAL,67657815095,545,67657815640,67657815640
2025-06-19 05:12:44,REAL,67657815640,620,67657816260,67657816260
2025-06-19 05:12:46,REAL,67657816260,544,67657816804,67657816804
2025-06-19 05:12:48,REAL,67657816804,530,67657817334,67657817334
2025-06-19 05:12:50,REAL,67657817334,540,67657817874,67657817874
2025-06-19 05:12:52,REAL,67657817874,537,67657818411,67657818411
2025-06-19 05:12:54,REAL,67657818411,658,67657819069,67657819069
2025-06-19 05:12:56,REAL,67657819069,604,67657819673,67657819673
2025-06-19 05:12:58,REAL,67657819673,737,67657820410,67657820410
2025-06-19 05:13:00,REAL,67657820410,596,67657821006,67657821006
2025-06-19 05:13:02,REAL,67657821006,537,67657821543,67657821543
2025-06-19 05:13:04,REAL,67657821543,543,67657822086,67657822086
2025-06-19 05:13:06,REAL,67657822086,538,67657822624,67657822624
2025-06-19 05:13:08,REAL,67657822624,543,67657823167,67657823167
2025-06-19 05:13:10,REAL,67657823167,539,67657823706,67657823706
2025-06-19 05:13:12,REAL,67657823706,546,67657824252,67657824252
2025-06-19 05:13:14,REAL,67657824252,605,67657824857,67657824857
2025-06-19 05:13:16,REAL,67657824857,602,67657825459,67657825459
2025-06-19 05:13:18,REAL,67657825459,538,67657825997,67657825997
2025-06-19 05:13:20,REAL,67657825997,537,67657826534,67657826534
2025-06-19 05:13:22,REAL,67657826534,533,67657827067,67657827067
2025-06-19 05:13:24,REAL,67657827067,599,67657827666,67657827666
2025-06-19 05:13:26,REAL,67657827666,537,67657828203,67657828203
2025-06-19 05:13:28,REAL,67657828203,616,67657828819,67657828819
2025-06-19 05:13:30,REAL,67657828819,540,67657829359,67657829359
2025-06-19 05:13:32,REAL,67657829359,596,67657829955,67657829955
2025-06-19 05:13:34,REAL,67657829955,540,67657830495,67657830495
2025-06-19 05:13:36,REAL,67657830495,545,67657831040,67657831040
2025-06-19 05:13:38,REAL,67657831040,544,67657831584,67657831584
2025-06-19 05:13:40,REAL,67657831584,539,67657832123,67657832123
2025-06-19 05:13:42,REAL,67657832123,596,67657832719,67657832719
2025-06-19 05:13:44,REAL,67657832719,622,67657833341,67657833341
2025-06-19 05:13:46,REAL,67657833341,604,67657833945,67657833945
2025-06-19 05:13:48,REAL,67657833945,597,67657834542,67657834542
2025-06-19 05:13:50,REAL,67657834542,655,67657835197,67657835197
2025-06-19 05:13:52,REAL,67657835197,605,67657835802,67657835802
2025-06-19 05:13:54,REAL,67657835802,533,67657836335,67657836335
2025-06-19 05:13:56,REAL,67657836335,542,67657836877,67657836877
2025-06-19 05:13:58,REAL,67657836877,616,67657837493,67657837493
2025-06-19 05:14:00,REAL,67657837493,536,67657838029,67657838029
2025-06-19 05:14:02,REAL,67657838029,541,67657838570,67657838570
2025-06-19 05:14:04,REAL,67657838570,545,67657839115,67657839115
2025-06-19 05:14:06,REAL,67657839115,543,67657839658,67657839658
2025-06-19 05:14:08,REAL,67657839658,15355,67657855013,67657855013
2025-06-19 05:14:10,REAL,67657855013,263511,67658118524,67658118524
2025-06-19 05:14:12,REAL,67658118524,29163,67658147687,67658147687
2025-06-19 05:14:14,REAL,67658147687,29277,67658176964,67658176964
2025-06-19 05:14:16,REAL,67658176964,29664,67658206628,67658206628
2025-06-19 05:14:18,REAL,67658206628,29042,67658235670,67658235670
2025-06-19 05:14:20,REAL,67658235670,28724,67658264394,67658264394
2025-06-19 05:14:22,REAL,67658264394,29387,67658293781,67658293781
2025-06-19 05:14:24,REAL,67658293781,11651,67658305432,67658305432
2025-06-19 05:14:26,REAL,67658305432,533,67658305965,67658305965
2025-06-19 05:14:28,REAL,67658305965,674,67658306639,67658306639
2025-06-19 05:14:30,REAL,67658306639,537,67658307176,67658307176
2025-06-19 05:14:32,REAL,67658307176,543,67658307719,67658307719
2025-06-19 05:14:34,REAL,67658307719,543,67658308262,67658308262
2025-06-19 05:14:36,REAL,67658308262,588,67658308850,67658308850
2025-06-19 05:14:38,REAL,67658308850,541,67658309391,67658309391
2025-06-19 05:14:40,REAL,67658309391,660,67658310051,67658310051
2025-06-19 05:14:42,REAL,67658310051,593,67658310644,67658310644
2025-06-19 05:14:44,REAL,67658310644,669,67658311313,67658311313
2025-06-19 05:14:46,REAL,67658311313,610,67658311923,67658311923
2025-06-19 05:14:48,REAL,67658311923,603,67658312526,67658312526
2025-06-19 05:14:50,REAL,67658312526,608,67658313134,67658313134
2025-06-19 05:14:52,REAL,67658313134,539,67658313673,67658313673
2025-06-19 05:14:54,REAL,67658313673,534,67658314207,67658314207
2025-06-19 05:14:56,REAL,67658314207,539,67658314746,67658314746
2025-06-19 05:14:58,REAL,67658314746,544,67658315290,67658315290
2025-06-19 05:15:00,REAL,67658315290,614,67658315904,67658315904
2025-06-19 05:15:02,REAL,67658315904,599,67658316503,67658316503
2025-06-19 05:15:04,REAL,67658316503,535,67658317038,67658317038
2025-06-19 05:15:06,REAL,67658317038,602,67658317640,67658317640
2025-06-19 05:15:08,REAL,67658317640,537,67658318177,67658318177
2025-06-19 05:15:10,REAL,67658318177,532,67658318709,67658318709
2025-06-19 05:15:12,REAL,67658318709,538,67658319247,67658319247
2025-06-19 05:15:14,REAL,67658319247,610,67658319857,67658319857
2025-06-19 05:15:16,REAL,67658319857,599,67658320456,67658320456
2025-06-19 05:15:18,REAL,67658320456,540,67658320996,67658320996
2025-06-19 05:15:20,REAL,67658320996,545,67658321541,67658321541
2025-06-19 05:15:22,REAL,67658321541,593,67658322134,67658322134
2025-06-19 05:15:24,REAL,67658322134,540,67658322674,67658322674
2025-06-19 05:15:26,REAL,67658322674,546,67658323220,67658323220
2025-06-19 05:15:28,REAL,67658323220,595,67658323815,67658323815
2025-06-19 05:15:30,REAL,67658323815,619,67658324434,67658324434
2025-06-19 05:15:32,REAL,67658324434,549,67658324983,67658324983
2025-06-19 05:15:34,REAL,67658324983,533,67658325516,67658325516
2025-06-19 05:15:36,REAL,67658325516,540,67658326056,67658326056
2025-06-19 05:15:38,REAL,67658326056,64567,67658390623,67658390623
2025-06-19 05:15:40,REAL,67658390623,218880,67658609503,67658609503
2025-06-19 05:15:42,REAL,67658609503,29333,67658638836,67658638836
2025-06-19 05:15:44,REAL,67658638836,29031,67658667867,67658667867
2025-06-19 05:15:46,REAL,67658667867,29450,67658697317,67658697317
2025-06-19 05:15:48,REAL,67658697317,28977,67658726294,67658726294
2025-06-19 05:15:50,REAL,67658726294,28842,67658755136,67658755136
2025-06-19 05:15:52,REAL,67658755136,29287,67658784423,67658784423
2025-06-19 05:15:54,REAL,67658784423,7693,67658792116,67658792116
2025-06-19 05:15:56,REAL,67658792116,544,67658792660,67658792660
2025-06-19 05:15:58,REAL,67658792660,539,67658793199,67658793199
2025-06-19 05:16:00,REAL,67658793199,607,67658793806,67658793806
2025-06-19 05:16:02,REAL,67658793806,593,67658794399,67658794399
2025-06-19 05:16:04,REAL,67658794399,598,67658794997,67658794997
2025-06-19 05:16:06,REAL,67658794997,538,67658795535,67658795535
2025-06-19 05:16:08,REAL,67658795535,541,67658796076,67658796076
2025-06-19 05:16:10,REAL,67658796076,601,67658796677,67658796677
2025-06-19 05:16:12,REAL,67658796677,536,67658797213,67658797213
2025-06-19 05:16:14,REAL,67658797213,612,67658797825,67658797825
2025-06-19 05:16:16,REAL,67658797825,546,67658798371,67658798371
2025-06-19 05:16:18,REAL,67658798371,535,67658798906,67658798906
2025-06-19 05:16:20,REAL,67658798906,535,67658799441,67658799441
2025-06-19 05:16:22,REAL,67658799441,543,67658799984,67658799984
2025-06-19 05:16:24,REAL,67658799984,537,67658800521,67658800521
2025-06-19 05:16:26,REAL,67658800521,661,67658801182,67658801182
2025-06-19 05:16:28,REAL,67658801182,597,67658801779,67658801779
2025-06-19 05:16:30,REAL,67658801779,668,67658802447,67658802447
2025-06-19 05:16:32,REAL,67658802447,542,67658802989,67658802989
2025-06-19 05:16:34,REAL,67658802989,545,67658803534,67658803534
2025-06-19 05:16:36,REAL,67658803534,538,67658804072,67658804072
2025-06-19 05:16:38,REAL,67658804072,547,67658804619,67658804619
2025-06-19 05:16:40,REAL,67658804619,597,67658805216,67658805216
2025-06-19 05:16:42,REAL,67658805216,547,67658805763,67658805763
2025-06-19 05:16:44,REAL,67658805763,614,67658806377,67658806377
2025-06-19 05:16:46,REAL,67658806377,596,67658806973,67658806973
2025-06-19 05:16:48,REAL,67658806973,239911,67659046884,67659046884
2025-06-19 05:16:50,REAL,67659046884,42587,67659089471,67659089471
2025-06-19 05:16:52,REAL,67659089471,29423,67659118894,67659118894
2025-06-19 05:16:54,REAL,67659118894,29302,67659148196,67659148196
2025-06-19 05:16:56,REAL,67659148196,28816,67659177012,67659177012
2025-06-19 05:16:58,REAL,67659177012,29779,67659206791,67659206791
2025-06-19 05:17:00,REAL,67659206791,29711,67659236502,67659236502
2025-06-19 05:17:02,REAL,67659236502,18415,67659254917,67659254917
2025-06-19 05:17:04,REAL,67659254917,601,67659255518,67659255518
2025-06-19 05:17:06,REAL,67659255518,598,67659256116,67659256116
2025-06-19 05:17:08,REAL,67659256116,601,67659256717,67659256717
2025-06-19 05:17:10,REAL,67659256717,550,67659257267,67659257267
2025-06-19 05:17:12,REAL,67659257267,542,67659257809,67659257809
2025-06-19 05:17:14,REAL,67659257809,692,67659258501,67659258501
2025-06-19 05:17:16,REAL,67659258501,533,67659259034,67659259034
2025-06-19 05:17:18,REAL,67659259034,539,67659259573,67659259573
2025-06-19 05:17:20,REAL,67659259573,539,67659260112,67659260112
2025-06-19 05:17:22,REAL,67659260112,599,67659260711,67659260711
2025-06-19 05:17:24,REAL,67659260711,601,67659261312,67659261312
2025-06-19 05:17:26,REAL,67659261312,539,67659261851,67659261851
2025-06-19 05:17:28,REAL,67659261851,542,67659262393,67659262393
2025-06-19 05:17:30,REAL,67659262393,619,67659263012,67659263012
2025-06-19 05:17:32,REAL,67659263012,538,67659263550,67659263550
2025-06-19 05:17:34,REAL,67659263550,531,67659264081,67659264081
2025-06-19 05:17:36,REAL,67659264081,600,67659264681,67659264681
2025-06-19 05:17:38,REAL,67659264681,535,67659265216,67659265216
2025-06-19 05:17:40,REAL,67659265216,599,67659265815,67659265815
2025-06-19 05:17:42,REAL,67659265815,536,67659266351,67659266351
2025-06-19 05:17:44,REAL,67659266351,615,67659266966,67659266966
2025-06-19 05:17:46,REAL,67659266966,540,67659267506,67659267506
2025-06-19 05:17:48,REAL,67659267506,534,67659268040,67659268040
2025-06-19 05:17:50,REAL,67659268040,533,67659268573,67659268573
2025-06-19 05:17:52,REAL,67659268573,546,67659269119,67659269119
2025-06-19 05:17:54,REAL,67659269119,538,67659269657,67659269657
2025-06-19 05:17:56,REAL,67659269657,606,67659270263,67659270263
2025-06-19 05:17:58,REAL,67659270263,603,67659270866,67659270866
2025-06-19 05:18:00,REAL,67659270866,621,67659271487,67659271487
2025-06-19 05:18:02,REAL,67659271487,539,67659272026,67659272026
2025-06-19 05:18:04,REAL,67659272026,592,67659272618,67659272618
2025-06-19 05:18:06,REAL,67659272618,547,67659273165,67659273165
2025-06-19 05:18:08,REAL,67659273165,537,67659273702,67659273702
2025-06-19 05:18:10,REAL,67659273702,539,67659274241,67659274241
2025-06-19 05:18:12,REAL,67659274241,605,67659274846,67659274846
2025-06-19 05:18:14,REAL,67659274846,614,67659275460,67659275460
2025-06-19 05:18:16,REAL,67659275460,535,67659275995,67659275995
2025-06-19 05:18:18,REAL,67659275995,542,67659276537,67659276537
2025-06-19 05:18:20,REAL,67659276537,540,67659277077,67659277077
2025-06-19 05:18:22,REAL,67659277077,545,67659277622,67659277622
2025-06-19 05:18:24,REAL,67659277622,531,67659278153,67659278153
2025-06-19 05:18:26,REAL,67659278153,601,67659278754,67659278754
2025-06-19 05:18:28,REAL,67659278754,130293,67659409047,67659409047
2025-06-19 05:18:30,REAL,67659409047,122709,67659531756,67659531756
2025-06-19 05:18:32,REAL,67659531756,29390,67659561146,67659561146
2025-06-19 05:18:34,REAL,67659561146,30023,67659591169,67659591169
2025-06-19 05:18:36,REAL,67659591169,29651,67659620820,67659620820
2025-06-19 05:18:38,REAL,67659620820,28857,67659649677,67659649677
2025-06-19 05:18:40,REAL,67659649677,29023,67659678700,67659678700
2025-06-19 05:18:42,REAL,67659678700,27055,67659705755,67659705755
2025-06-19 05:18:44,REAL,67659705755,608,67659706363,67659706363
2025-06-19 05:18:46,REAL,67659706363,543,67659706906,67659706906
2025-06-19 05:18:48,REAL,67659706906,544,67659707450,67659707450
2025-06-19 05:18:50,REAL,67659707450,542,67659707992,67659707992
2025-06-19 05:18:52,REAL,67659707992,538,67659708530,67659708530
2025-06-19 05:18:54,REAL,67659708530,546,67659709076,67659709076
2025-06-19 05:18:56,REAL,67659709076,599,67659709675,67659709675
2025-06-19 05:18:58,REAL,67659709675,600,67659710275,67659710275
2025-06-19 05:19:00,REAL,67659710275,680,67659710955,67659710955
2025-06-19 05:19:02,REAL,67659710955,598,67659711553,67659711553
2025-06-19 05:19:04,REAL,67659711553,715,67659712268,67659712268
2025-06-19 05:19:06,REAL,67659712268,599,67659712867,67659712867
2025-06-19 05:19:08,REAL,67659712867,594,67659713461,67659713461
2025-06-19 05:19:10,REAL,67659713461,535,67659713996,67659713996
2025-06-19 05:19:12,REAL,67659713996,539,67659714535,67659714535
2025-06-19 05:19:14,REAL,67659714535,541,67659715076,67659715076
2025-06-19 05:19:16,REAL,67659715076,615,67659715691,67659715691
2025-06-19 05:19:18,REAL,67659715691,540,67659716231,67659716231
2025-06-19 05:19:20,REAL,67659716231,540,67659716771,67659716771
2025-06-19 05:19:22,REAL,67659716771,591,67659717362,67659717362
2025-06-19 05:19:24,REAL,67659717362,604,67659717966,67659717966
2025-06-19 05:19:26,REAL,67659717966,161367,67659879333,67659879333
2025-06-19 05:19:28,REAL,67659879333,109188,67659988521,67659988521
2025-06-19 05:19:30,REAL,67659988521,29434,67660017955,67660017955
2025-06-19 05:19:32,REAL,67660017955,29255,67660047210,67660047210
2025-06-19 05:19:34,REAL,67660047210,28609,67660075819,67660075819
2025-06-19 05:19:36,REAL,67660075819,29499,67660105318,67660105318
2025-06-19 05:19:38,REAL,67660105318,29369,67660134687,67660134687
2025-06-19 05:19:40,REAL,67660134687,25111,67660159798,67660159798
2025-06-19 05:19:42,REAL,67660159798,544,67660160342,67660160342
2025-06-19 05:19:44,REAL,67660160342,538,67660160880,67660160880
2025-06-19 05:19:46,REAL,67660160880,614,67660161494,67660161494
2025-06-19 05:19:48,REAL,67660161494,544,67660162038,67660162038
2025-06-19 05:19:50,REAL,67660162038,604,67660162642,67660162642
2025-06-19 05:19:52,REAL,67660162642,543,67660163185,67660163185
2025-06-19 05:19:54,REAL,67660163185,546,67660163731,67660163731
2025-06-19 05:19:56,REAL,67660163731,601,67660164332,67660164332
2025-06-19 05:19:58,REAL,67660164332,542,67660164874,67660164874
2025-06-19 05:20:00,REAL,67660164874,674,67660165548,67660165548
2025-06-19 05:20:02,REAL,67660165548,545,67660166093,67660166093
2025-06-19 05:20:04,REAL,67660166093,535,67660166628,67660166628
2025-06-19 05:20:06,REAL,67660166628,550,67660167178,67660167178
2025-06-19 05:20:08,REAL,67660167178,537,67660167715,67660167715
2025-06-19 05:20:10,REAL,67660167715,541,67660168256,67660168256
2025-06-19 05:20:12,REAL,67660168256,595,67660168851,67660168851
2025-06-19 05:20:14,REAL,67660168851,534,67660169385,67660169385
2025-06-19 05:20:16,REAL,67660169385,664,67660170049,67660170049
2025-06-19 05:20:18,REAL,67660170049,537,67660170586,67660170586
2025-06-19 05:20:20,REAL,67660170586,538,67660171124,67660171124
2025-06-19 05:20:22,REAL,67660171124,535,67660171659,67660171659
2025-06-19 05:20:24,REAL,67660171659,535,67660172194,67660172194
2025-06-19 05:20:26,REAL,67660172194,536,67660172730,67660172730
2025-06-19 05:20:28,REAL,67660172730,601,67660173331,67660173331
2025-06-19 05:20:30,REAL,67660173331,676,67660174007,67660174007
2025-06-19 05:20:32,REAL,67660174007,600,67660174607,67660174607
2025-06-19 05:20:34,REAL,67660174607,606,67660175213,67660175213
2025-06-19 05:20:36,REAL,67660175213,536,67660175749,67660175749
2025-06-19 05:20:38,REAL,67660175749,593,67660176342,67660176342
2025-06-19 05:20:40,REAL,67660176342,541,67660176883,67660176883
2025-06-19 05:20:42,REAL,67660176883,594,67660177477,67660177477
2025-06-19 05:20:44,REAL,67660177477,537,67660178014,67660178014
2025-06-19 05:20:46,REAL,67660178014,616,67660178630,67660178630
2025-06-19 05:20:48,REAL,67660178630,540,67660179170,67660179170
2025-06-19 05:20:50,REAL,67660179170,600,67660179770,67660179770
2025-06-19 05:20:52,REAL,67660179770,537,67660180307,67660180307
2025-06-19 05:20:54,REAL,67660180307,546,67660180853,67660180853
2025-06-19 05:20:56,REAL,67660180853,540,67660181393,67660181393
2025-06-19 05:20:58,REAL,67660181393,536,67660181929,67660181929
2025-06-19 05:21:00,REAL,67660181929,618,67660182547,67660182547
2025-06-19 05:21:02,REAL,67660182547,535,67660183082,67660183082
2025-06-19 05:21:04,REAL,67660183082,539,67660183621,67660183621
2025-06-19 05:21:06,REAL,67660183621,80583,67660264204,67660264204
2025-06-19 05:21:08,REAL,67660264204,195112,67660459316,67660459316
2025-06-19 05:21:10,REAL,67660459316,29179,67660488495,67660488495
2025-06-19 05:21:12,REAL,67660488495,29231,67660517726,67660517726
2025-06-19 05:21:14,REAL,67660517726,29106,67660546832,67660546832
2025-06-19 05:21:16,REAL,67660546832,29621,67660576453,67660576453
2025-06-19 05:21:18,REAL,67660576453,29182,67660605635,67660605635
2025-06-19 05:21:20,REAL,67660605635,29670,67660635305,67660635305
2025-06-19 05:21:22,REAL,67660635305,5109,67660640414,67660640414
2025-06-19 05:21:24,REAL,67660640414,541,67660640955,67660640955
2025-06-19 05:21:26,REAL,67660640955,533,67660641488,67660641488
2025-06-19 05:21:28,REAL,67660641488,542,67660642030,67660642030
2025-06-19 05:21:30,REAL,67660642030,612,67660642642,67660642642
2025-06-19 05:21:32,REAL,67660642642,540,67660643182,67660643182
2025-06-19 05:21:34,REAL,67660643182,545,67660643727,67660643727
2025-06-19 05:21:36,REAL,67660643727,599,67660644326,67660644326
2025-06-19 05:21:38,REAL,67660644326,606,67660644932,67660644932
2025-06-19 05:21:40,REAL,67660644932,544,67660645476,67660645476
2025-06-19 05:21:42,REAL,67660645476,593,67660646069,67660646069
2025-06-19 05:21:44,REAL,67660646069,545,67660646614,67660646614
2025-06-19 05:21:46,REAL,67660646614,616,67660647230,67660647230
2025-06-19 05:21:48,REAL,67660647230,544,67660647774,67660647774
2025-06-19 05:21:50,REAL,67660647774,540,67660648314,67660648314
2025-06-19 05:21:52,REAL,67660648314,540,67660648854,67660648854
2025-06-19 05:21:54,REAL,67660648854,663,67660649517,67660649517
2025-06-19 05:21:56,REAL,67660649517,591,67660650108,67660650108
2025-06-19 05:21:58,REAL,67660650108,603,67660650711,67660650711
2025-06-19 05:22:00,REAL,67660650711,240825,67660891536,67660891536
2025-06-19 05:22:02,REAL,67660891536,31465,67660923001,67660923001
2025-06-19 05:22:04,REAL,67660923001,29256,67660952257,67660952257
2025-06-19 05:22:06,REAL,67660952257,29400,67660981657,67660981657
2025-06-19 05:22:08,REAL,67660981657,29296,67661010953,67661010953
2025-06-19 05:22:10,REAL,67661010953,29291,67661040244,67661040244
2025-06-19 05:22:12,REAL,67661040244,29024,67661069268,67661069268
2025-06-19 05:22:14,REAL,67661069268,17141,67661086409,67661086409
2025-06-19 05:22:16,REAL,67661086409,672,67661087081,67661087081
2025-06-19 05:22:18,REAL,67661087081,593,67661087674,67661087674
2025-06-19 05:22:20,REAL,67661087674,123749,67661211423,67661211423
2025-06-19 05:22:22,REAL,67661211423,144837,67661356260,67661356260
2025-06-19 05:22:24,REAL,67661356260,29270,67661385530,67661385530
2025-06-19 05:22:26,REAL,67661385530,28615,67661414145,67661414145
2025-06-19 05:22:28,REAL,67661414145,28820,67661442965,67661442965
2025-06-19 05:22:30,REAL,67661442965,28942,67661471907,67661471907
2025-06-19 05:22:32,REAL,67661471907,29629,67661501536,67661501536
2025-06-19 05:22:34,REAL,67661501536,28808,67661530344,67661530344
2025-06-19 05:22:36,REAL,67661530344,1398,67661531742,67661531742
2025-06-19 05:22:38,REAL,67661531742,543,67661532285,67661532285
2025-06-19 05:22:40,REAL,67661532285,546,67661532831,67661532831
2025-06-19 05:22:42,REAL,67661532831,545,67661533376,67661533376
2025-06-19 05:22:44,REAL,67661533376,537,67661533913,67661533913
2025-06-19 05:22:46,REAL,67661533913,620,67661534533,67661534533
2025-06-19 05:22:48,REAL,67661534533,539,67661535072,67661535072
2025-06-19 05:22:50,REAL,67661535072,596,67661535668,67661535668
2025-06-19 05:22:52,REAL,67661535668,144668,67661680336,67661680336
2025-06-19 05:22:54,REAL,67661680336,130990,67661811326,67661811326
2025-06-19 05:22:56,REAL,67661811326,28762,67661840088,67661840088
2025-06-19 05:22:58,REAL,67661840088,28988,67661869076,67661869076
2025-06-19 05:23:00,REAL,67661869076,28840,67661897916,67661897916
2025-06-19 05:23:02,REAL,67661897916,29260,67661927176,67661927176
2025-06-19 05:23:04,REAL,67661927176,29024,67661956200,67661956200
2025-06-19 05:23:06,REAL,67661956200,27883,67661984083,67661984083
2025-06-19 05:23:08,REAL,67661984083,534,67661984617,67661984617
2025-06-19 05:23:10,REAL,67661984617,540,67661985157,67661985157
2025-06-19 05:23:12,REAL,67661985157,536,67661985693,67661985693
2025-06-19 05:23:14,REAL,67661985693,537,67661986230,67661986230
2025-06-19 05:23:16,REAL,67661986230,612,67661986842,67661986842
2025-06-19 05:23:18,REAL,67661986842,541,67661987383,67661987383
2025-06-19 05:23:20,REAL,67661987383,546,67661987929,67661987929
2025-06-19 05:23:22,REAL,67661987929,654,67661988583,67661988583
2025-06-19 05:23:24,REAL,67661988583,533,67661989116,67661989116
2025-06-19 05:23:26,REAL,67661989116,537,67661989653,67661989653
2025-06-19 05:23:28,REAL,67661989653,539,67661990192,67661990192
2025-06-19 05:23:30,REAL,67661990192,599,67661990791,67661990791
2025-06-19 05:23:32,REAL,67661990791,619,67661991410,67661991410
2025-06-19 05:23:34,REAL,67661991410,542,67661991952,67661991952
2025-06-19 05:23:36,REAL,67661991952,541,67661992493,67661992493
2025-06-19 05:23:38,REAL,67661992493,603,67661993096,67661993096
2025-06-19 05:23:40,REAL,67661993096,609,67661993705,67661993705
2025-06-19 05:23:42,REAL,67661993705,602,67661994307,67661994307
2025-06-19 05:23:44,REAL,67661994307,606,67661994913,67661994913
2025-06-19 05:23:46,REAL,67661994913,531,67661995444,67661995444
2025-06-19 05:23:48,REAL,67661995444,618,67661996062,67661996062
2025-06-19 05:23:50,REAL,67661996062,540,67661996602,67661996602
2025-06-19 05:23:52,REAL,67661996602,596,67661997198,67661997198
2025-06-19 05:23:54,REAL,67661997198,534,67661997732,67661997732
2025-06-19 05:23:56,REAL,67661997732,543,67661998275,67661998275
2025-06-19 05:23:58,REAL,67661998275,548,67661998823,67661998823
2025-06-19 05:24:00,REAL,67661998823,592,67661999415,67661999415
2025-06-19 05:24:02,REAL,67661999415,676,67662000091,67662000091
2025-06-19 05:24:04,REAL,67662000091,540,67662000631,67662000631
2025-06-19 05:24:06,REAL,67662000631,545,67662001176,67662001176
2025-06-19 05:24:08,REAL,67662001176,545,67662001721,67662001721
2025-06-19 05:24:10,REAL,67662001721,540,67662002261,67662002261
2025-06-19 05:24:12,REAL,67662002261,537,67662002798,67662002798
2025-06-19 05:24:14,REAL,67662002798,538,67662003336,67662003336
2025-06-19 05:24:16,REAL,67662003336,600,67662003936,67662003936
2025-06-19 05:24:18,REAL,67662003936,612,67662004548,67662004548
2025-06-19 05:24:20,REAL,67662004548,540,67662005088,67662005088
2025-06-19 05:24:22,REAL,67662005088,537,67662005625,67662005625
2025-06-19 05:24:24,REAL,67662005625,597,67662006222,67662006222
2025-06-19 05:24:26,REAL,67662006222,543,67662006765,67662006765
2025-06-19 05:24:28,REAL,67662006765,533,67662007298,67662007298
2025-06-19 05:24:30,REAL,67662007298,534,67662007832,67662007832
2025-06-19 05:24:32,REAL,67662007832,54826,67662062658,67662062658
2025-06-19 05:24:34,REAL,67662062658,203186,67662265844,67662265844
2025-06-19 05:24:36,REAL,67662265844,28878,67662294722,67662294722
2025-06-19 05:24:38,REAL,67662294722,28933,67662323655,67662323655
2025-06-19 05:24:40,REAL,67662323655,29095,67662352750,67662352750
2025-06-19 05:24:42,REAL,67662352750,28924,67662381674,67662381674
2025-06-19 05:24:44,REAL,67662381674,29412,67662411086,67662411086
2025-06-19 05:24:46,REAL,67662411086,28948,67662440034,67662440034
2025-06-19 05:24:48,REAL,67662440034,9090,67662449124,67662449124
2025-06-19 05:24:50,REAL,67662449124,546,67662449670,67662449670
2025-06-19 05:24:52,REAL,67662449670,541,67662450211,67662450211
2025-06-19 05:24:54,REAL,67662450211,545,67662450756,67662450756
2025-06-19 05:24:56,REAL,67662450756,535,67662451291,67662451291
2025-06-19 05:24:58,REAL,67662451291,545,67662451836,67662451836
2025-06-19 05:25:00,REAL,67662451836,540,67662452376,67662452376
2025-06-19 05:25:02,REAL,67662452376,678,67662453054,67662453054
2025-06-19 05:25:04,REAL,67662453054,69162,67662522216,67662522216
2025-06-19 05:25:06,REAL,67662522216,196830,67662719046,67662719046
2025-06-19 05:25:08,REAL,67662719046,28855,67662747901,67662747901
2025-06-19 05:25:10,REAL,67662747901,28971,67662776872,67662776872
2025-06-19 05:25:12,REAL,67662776872,28953,67662805825,67662805825
2025-06-19 05:25:14,REAL,67662805825,29486,67662835311,67662835311
2025-06-19 05:25:16,REAL,67662835311,29257,67662864568,67662864568
2025-06-19 05:25:18,REAL,67662864568,28584,67662893152,67662893152
2025-06-19 05:25:20,REAL,67662893152,7001,67662900153,67662900153
2025-06-19 05:25:22,REAL,67662900153,537,67662900690,67662900690
2025-06-19 05:25:24,REAL,67662900690,539,67662901229,67662901229
2025-06-19 05:25:26,REAL,67662901229,539,67662901768,67662901768
2025-06-19 05:25:28,REAL,67662901768,542,67662902310,67662902310
2025-06-19 05:25:30,REAL,67662902310,537,67662902847,67662902847
2025-06-19 05:25:32,REAL,67662902847,613,67662903460,67662903460
2025-06-19 05:25:34,REAL,67662903460,653,67662904113,67662904113
2025-06-19 05:25:36,REAL,67662904113,602,67662904715,67662904715
2025-06-19 05:25:38,REAL,67662904715,537,67662905252,67662905252
2025-06-19 05:25:40,REAL,67662905252,539,67662905791,67662905791
2025-06-19 05:25:42,REAL,67662905791,550,67662906341,67662906341
2025-06-19 05:25:44,REAL,67662906341,535,67662906876,67662906876
2025-06-19 05:25:46,REAL,67662906876,540,67662907416,67662907416
2025-06-19 05:25:48,REAL,67662907416,613,67662908029,67662908029
2025-06-19 05:25:50,REAL,67662908029,535,67662908564,67662908564
2025-06-19 05:25:52,REAL,67662908564,594,67662909158,67662909158
2025-06-19 05:25:54,REAL,67662909158,540,67662909698,67662909698
2025-06-19 05:25:56,REAL,67662909698,606,67662910304,67662910304
2025-06-19 05:25:58,REAL,67662910304,542,67662910846,67662910846
2025-06-19 05:26:00,REAL,67662910846,540,67662911386,67662911386
2025-06-19 05:26:02,REAL,67662911386,609,67662911995,67662911995
2025-06-19 05:26:04,REAL,67662911995,597,67662912592,67662912592
2025-06-19 05:26:06,REAL,67662912592,594,67662913186,67662913186
2025-06-19 05:26:08,REAL,67662913186,609,67662913795,67662913795
2025-06-19 05:26:10,REAL,67662913795,542,67662914337,67662914337
2025-06-19 05:26:12,REAL,67662914337,541,67662914878,67662914878
2025-06-19 05:26:14,REAL,67662914878,542,67662915420,67662915420
2025-06-19 05:26:16,REAL,67662915420,534,67662915954,67662915954
2025-06-19 05:26:18,REAL,67662915954,607,67662916561,67662916561
2025-06-19 05:26:20,REAL,67662916561,544,67662917105,67662917105
2025-06-19 05:26:22,REAL,67662917105,546,67662917651,67662917651
2025-06-19 05:26:24,REAL,67662917651,660,67662918311,67662918311
2025-06-19 05:26:26,REAL,67662918311,592,67662918903,67662918903
2025-06-19 05:26:28,REAL,67662918903,594,67662919497,67662919497
2025-06-19 05:26:30,REAL,67662919497,279297,67663198794,67663198794
2025-06-19 05:26:32,REAL,67663198794,33727,67663232521,67663232521
2025-06-19 05:26:34,REAL,67663232521,29371,67663261892,67663261892
2025-06-19 05:26:36,REAL,67663261892,29282,67663291174,67663291174
2025-06-19 05:26:38,REAL,67663291174,29490,67663320664,67663320664
2025-06-19 05:26:40,REAL,67663320664,28848,67663349512,67663349512
2025-06-19 05:26:42,REAL,67663349512,29276,67663378788,67663378788
2025-06-19 05:26:44,REAL,67663378788,17098,67663395886,67663395886
2025-06-19 05:26:46,REAL,67663395886,544,67663396430,67663396430
2025-06-19 05:26:48,REAL,67663396430,610,67663397040,67663397040
2025-06-19 05:26:50,REAL,67663397040,542,67663397582,67663397582
2025-06-19 05:26:52,REAL,67663397582,533,67663398115,67663398115
2025-06-19 05:26:54,REAL,67663398115,350,67663398465,67663398465
2025-06-19 05:26:56,REAL,67663398465,542,67663399007,67663399007
2025-06-19 05:26:58,REAL,67663399007,540,67663399547,67663399547
2025-06-19 05:27:00,REAL,67663399547,598,67663400145,67663400145
2025-06-19 05:27:02,REAL,67663400145,268753,67663668898,67663668898
2025-06-19 05:27:04,REAL,67663668898,29346,67663698244,67663698244
2025-06-19 05:27:06,REAL,67663698244,29516,67663727760,67663727760
2025-06-19 05:27:08,REAL,67663727760,29349,67663757109,67663757109
2025-06-19 05:27:10,REAL,67663757109,28877,67663785986,67663785986
2025-06-19 05:27:12,REAL,67663785986,29212,67663815198,67663815198
2025-06-19 05:27:14,REAL,67663815198,29498,67663844696,67663844696
2025-06-19 05:27:16,REAL,67663844696,15089,67663859785,67663859785
2025-06-19 05:27:18,REAL,67663859785,615,67663860400,67663860400
2025-06-19 05:27:20,REAL,67663860400,537,67663860937,67663860937
2025-06-19 05:27:22,REAL,67663860937,541,67663861478,67663861478
2025-06-19 05:27:24,REAL,67663861478,541,67663862019,67663862019
2025-06-19 05:27:26,REAL,67663862019,598,67663862617,67663862617
2025-06-19 05:27:28,REAL,67663862617,536,67663863153,67663863153
2025-06-19 05:27:30,REAL,67663863153,532,67663863685,67663863685
2025-06-19 05:27:32,REAL,67663863685,4371,67663868056,67663868056
2025-06-19 05:27:34,REAL,67663868056,274192,67664142248,67664142248
2025-06-19 05:27:36,REAL,67664142248,29247,67664171495,67664171495
2025-06-19 05:27:38,REAL,67664171495,29573,67664201068,67664201068
2025-06-19 05:27:40,REAL,67664201068,29251,67664230319,67664230319
2025-06-19 05:27:42,REAL,67664230319,29112,67664259431,67664259431
2025-06-19 05:27:44,REAL,67664259431,29764,67664289195,67664289195
2025-06-19 05:27:46,REAL,67664289195,29606,67664318801,67664318801
2025-06-19 05:27:48,REAL,67664318801,13477,67664332278,67664332278
2025-06-19 05:27:50,REAL,67664332278,544,67664332822,67664332822
2025-06-19 05:27:52,REAL,67664332822,546,67664333368,67664333368
2025-06-19 05:27:54,REAL,67664333368,538,67664333906,67664333906
2025-06-19 05:27:56,REAL,67664333906,532,67664334438,67664334438
2025-06-19 05:27:58,REAL,67664334438,601,67664335039,67664335039
2025-06-19 05:28:00,REAL,67664335039,543,67664335582,67664335582
2025-06-19 05:28:02,REAL,67664335582,621,67664336203,67664336203
2025-06-19 05:28:04,REAL,67664336203,590,67664336793,67664336793
2025-06-19 05:28:06,REAL,67664336793,542,67664337335,67664337335
2025-06-19 05:28:08,REAL,67664337335,540,67664337875,67664337875
2025-06-19 05:28:10,REAL,67664337875,602,67664338477,67664338477
2025-06-19 05:28:12,REAL,67664338477,539,67664339016,67664339016
2025-06-19 05:28:14,REAL,67664339016,539,67664339555,67664339555
2025-06-19 05:28:16,REAL,67664339555,543,67664340098,67664340098
2025-06-19 05:28:18,REAL,67664340098,685,67664340783,67664340783
2025-06-19 05:28:20,REAL,67664340783,600,67664341383,67664341383
2025-06-19 05:28:22,REAL,67664341383,595,67664341978,67664341978
2025-06-19 05:28:24,REAL,67664341978,540,67664342518,67664342518
2025-06-19 05:28:26,REAL,67664342518,537,67664343055,67664343055
2025-06-19 05:28:28,REAL,67664343055,538,67664343593,67664343593
2025-06-19 05:28:30,REAL,67664343593,535,67664344128,67664344128
2025-06-19 05:28:32,REAL,67664344128,542,67664344670,67664344670
2025-06-19 05:28:34,REAL,67664344670,613,67664345283,67664345283
2025-06-19 05:28:36,REAL,67664345283,663,67664345946,67664345946
2025-06-19 05:28:38,REAL,67664345946,599,67664346545,67664346545
2025-06-19 05:28:40,REAL,67664346545,603,67664347148,67664347148
2025-06-19 05:28:42,REAL,67664347148,170798,67664517946,67664517946
2025-06-19 05:28:44,REAL,67664517946,105666,67664623612,67664623612
2025-06-19 05:28:46,REAL,67664623612,29343,67664652955,67664652955
2025-06-19 05:28:48,REAL,67664652955,29023,67664681978,67664681978
2025-06-19 05:28:50,REAL,67664681978,28964,67664710942,67664710942
2025-06-19 05:28:52,REAL,67664710942,29223,67664740165,67664740165
2025-06-19 05:28:54,REAL,67664740165,29086,67664769251,67664769251
2025-06-19 05:28:56,REAL,67664769251,24043,67664793294,67664793294
2025-06-19 05:28:58,REAL,67664793294,545,67664793839,67664793839
2025-06-19 05:29:00,REAL,67664793839,547,67664794386,67664794386
2025-06-19 05:29:02,REAL,67664794386,543,67664794929,67664794929
2025-06-19 05:29:04,REAL,67664794929,619,67664795548,67664795548
2025-06-19 05:29:06,REAL,67664795548,541,67664796089,67664796089
2025-06-19 05:29:08,REAL,67664796089,535,67664796624,67664796624
2025-06-19 05:29:10,REAL,67664796624,538,67664797162,67664797162
2025-06-19 05:29:12,REAL,67664797162,656,67664797818,67664797818
2025-06-19 05:29:14,REAL,67664797818,538,67664798356,67664798356
2025-06-19 05:29:16,REAL,67664798356,601,67664798957,67664798957
2025-06-19 05:29:18,REAL,67664798957,615,67664799572,67664799572
2025-06-19 05:29:20,REAL,67664799572,541,67664800113,67664800113
2025-06-19 05:29:22,REAL,67664800113,543,67664800656,67664800656
2025-06-19 05:29:24,REAL,67664800656,544,67664801200,67664801200
2025-06-19 05:29:26,REAL,67664801200,546,67664801746,67664801746
2025-06-19 05:29:28,REAL,67664801746,610,67664802356,67664802356
2025-06-19 05:29:30,REAL,67664802356,532,67664802888,67664802888
2025-06-19 05:29:32,REAL,67664802888,541,67664803429,67664803429
2025-06-19 05:29:34,REAL,67664803429,611,67664804040,67664804040
2025-06-19 05:29:36,REAL,67664804040,595,67664804635,67664804635
2025-06-19 05:29:38,REAL,67664804635,544,67664805179,67664805179
2025-06-19 05:29:40,REAL,67664805179,538,67664805717,67664805717
2025-06-19 05:29:42,REAL,67664805717,548,67664806265,67664806265
2025-06-19 05:29:44,REAL,67664806265,591,67664806856,67664806856
2025-06-19 05:29:46,REAL,67664806856,540,67664807396,67664807396
2025-06-19 05:29:48,REAL,67664807396,674,67664808070,67664808070
2025-06-19 05:29:50,REAL,67664808070,542,67664808612,67664808612
2025-06-19 05:29:52,REAL,67664808612,537,67664809149,67664809149
2025-06-19 05:29:54,REAL,67664809149,545,67664809694,67664809694
2025-06-19 05:29:56,REAL,67664809694,542,67664810236,67664810236
2025-06-19 05:29:58,REAL,67664810236,535,67664810771,67664810771
2025-06-19 05:30:00,REAL,67664810771,599,67664811370,67664811370
2025-06-19 05:30:02,REAL,67664811370,238320,67665049690,67665049690
2025-06-19 05:30:04,REAL,67665049690,53598,67665103288,67665103288
2025-06-19 05:30:06,REAL,67665103288,29167,67665132455,67665132455
2025-06-19 05:30:08,REAL,67665132455,28940,67665161395,67665161395
2025-06-19 05:30:10,REAL,67665161395,29084,67665190479,67665190479
2025-06-19 05:30:12,REAL,67665190479,28916,67665219395,67665219395
2025-06-19 05:30:14,REAL,67665219395,29055,67665248450,67665248450
2025-06-19 05:30:16,REAL,67665248450,20252,67665268702,67665268702
2025-06-19 05:30:18,REAL,67665268702,619,67665269321,67665269321
2025-06-19 05:30:20,REAL,67665269321,601,67665269922,67665269922
2025-06-19 05:30:22,REAL,67665269922,545,67665270467,67665270467
2025-06-19 05:30:24,REAL,67665270467,544,67665271011,67665271011
2025-06-19 05:30:26,REAL,67665271011,598,67665271609,67665271609
2025-06-19 05:30:28,REAL,67665271609,538,67665272147,67665272147
2025-06-19 05:30:30,REAL,67665272147,543,67665272690,67665272690
2025-06-19 05:30:32,REAL,67665272690,603,67665273293,67665273293
2025-06-19 05:30:34,REAL,67665273293,247455,67665520748,67665520748
2025-06-19 05:30:36,REAL,67665520748,35217,67665555965,67665555965
2025-06-19 05:30:38,REAL,67665555965,28783,67665584748,67665584748
2025-06-19 05:30:40,REAL,67665584748,29416,67665614164,67665614164
2025-06-19 05:30:42,REAL,67665614164,29445,67665643609,67665643609
2025-06-19 05:30:44,REAL,67665643609,29226,67665672835,67665672835
2025-06-19 05:30:46,REAL,67665672835,29235,67665702070,67665702070
2025-06-19 05:30:48,REAL,67665702070,17851,67665719921,67665719921
2025-06-19 05:30:50,REAL,67665719921,598,67665720519,67665720519
2025-06-19 05:30:52,REAL,67665720519,599,67665721118,67665721118
2025-06-19 05:30:54,REAL,67665721118,656,67665721774,67665721774
2025-06-19 05:30:56,REAL,67665721774,546,67665722320,67665722320
2025-06-19 05:30:58,REAL,67665722320,596,67665722916,67665722916
2025-06-19 05:31:00,REAL,67665722916,540,67665723456,67665723456
2025-06-19 05:31:02,REAL,67665723456,543,67665723999,67665723999
2025-06-19 05:31:04,REAL,67665723999,625,67665724624,67665724624
2025-06-19 05:31:06,REAL,67665724624,531,67665725155,67665725155
2025-06-19 05:31:08,REAL,67665725155,541,67665725696,67665725696
2025-06-19 05:31:10,REAL,67665725696,595,67665726291,67665726291
2025-06-19 05:31:12,REAL,67665726291,530,67665726821,67665726821
2025-06-19 05:31:14,REAL,67665726821,539,67665727360,67665727360
2025-06-19 05:31:16,REAL,67665727360,539,67665727899,67665727899
2025-06-19 05:31:18,REAL,67665727899,611,67665728510,67665728510
2025-06-19 05:31:20,REAL,67665728510,541,67665729051,67665729051
2025-06-19 05:31:22,REAL,67665729051,595,67665729646,67665729646
2025-06-19 05:31:24,REAL,67665729646,545,67665730191,67665730191
2025-06-19 05:31:26,REAL,67665730191,662,67665730853,67665730853
2025-06-19 05:31:28,REAL,67665730853,549,67665731402,67665731402
2025-06-19 05:31:30,REAL,67665731402,539,67665731941,67665731941
2025-06-19 05:31:32,REAL,67665731941,544,67665732485,67665732485
2025-06-19 05:31:34,REAL,67665732485,619,67665733104,67665733104
2025-06-19 05:31:36,REAL,67665733104,542,67665733646,67665733646
2025-06-19 05:31:38,REAL,67665733646,542,67665734188,67665734188
2025-06-19 05:31:40,REAL,67665734188,538,67665734726,67665734726
2025-06-19 05:31:42,REAL,67665734726,596,67665735322,67665735322
2025-06-19 05:31:44,REAL,67665735322,545,67665735867,67665735867
2025-06-19 05:31:46,REAL,67665735867,536,67665736403,67665736403
2025-06-19 05:31:48,REAL,67665736403,617,67665737020,67665737020
2025-06-19 05:31:50,REAL,67665737020,537,67665737557,67665737557
2025-06-19 05:31:52,REAL,67665737557,535,67665738092,67665738092
2025-06-19 05:31:54,REAL,67665738092,535,67665738627,67665738627
2025-06-19 05:31:56,REAL,67665738627,608,67665739235,67665739235
2025-06-19 05:31:58,REAL,67665739235,131630,67665870865,67665870865
2025-06-19 05:32:00,REAL,67665870865,123520,67665994385,67665994385
2025-06-19 05:32:02,REAL,67665994385,29312,67666023697,67666023697
2025-06-19 05:32:04,REAL,67666023697,28963,67666052660,67666052660
2025-06-19 05:32:06,REAL,67666052660,29245,67666081905,67666081905
2025-06-19 05:32:08,REAL,67666081905,29076,67666110981,67666110981
2025-06-19 05:32:10,REAL,67666110981,29166,67666140147,67666140147
2025-06-19 05:32:12,REAL,67666140147,27549,67666167696,67666167696
2025-06-19 05:32:14,REAL,67666167696,540,67666168236,67666168236
2025-06-19 05:32:16,REAL,67666168236,531,67666168767,67666168767
2025-06-19 05:32:18,REAL,67666168767,621,67666169388,67666169388
2025-06-19 05:32:20,REAL,67666169388,549,67666169937,67666169937
2025-06-19 05:32:22,REAL,67666169937,548,67666170485,67666170485
2025-06-19 05:32:24,REAL,67666170485,547,67666171032,67666171032
2025-06-19 05:32:26,REAL,67666171032,546,67666171578,67666171578
2025-06-19 05:32:28,REAL,67666171578,595,67666172173,67666172173
2025-06-19 05:32:30,REAL,67666172173,160471,67666332644,67666332644
2025-06-19 05:32:32,REAL,67666332644,126799,67666459443,67666459443
2025-06-19 05:32:34,REAL,67666459443,28986,67666488429,67666488429
2025-06-19 05:32:36,REAL,67666488429,29364,67666517793,67666517793
2025-06-19 05:32:38,REAL,67666517793,28755,67666546548,67666546548
2025-06-19 05:32:40,REAL,67666546548,28903,67666575451,67666575451
2025-06-19 05:32:42,REAL,67666575451,29633,67666605084,67666605084
2025-06-19 05:32:44,REAL,67666605084,26025,67666631109,67666631109
2025-06-19 05:32:46,REAL,67666631109,595,67666631704,67666631704
2025-06-19 05:32:48,REAL,67666631704,679,67666632383,67666632383
2025-06-19 05:32:50,REAL,67666632383,23764,67666656147,67666656147
2025-06-19 05:32:52,REAL,67666656147,232859,67666889006,67666889006
2025-06-19 05:32:54,REAL,67666889006,29472,67666918478,67666918478
2025-06-19 05:32:56,REAL,67666918478,29206,67666947684,67666947684
2025-06-19 05:32:58,REAL,67666947684,29270,67666976954,67666976954
2025-06-19 05:33:00,REAL,67666976954,28897,67667005851,67667005851
2025-06-19 05:33:02,REAL,67667005851,29456,67667035307,67667035307
2025-06-19 05:33:04,REAL,67667035307,29607,67667064914,67667064914
2025-06-19 05:33:06,REAL,67667064914,10775,67667075689,67667075689
2025-06-19 05:33:08,REAL,67667075689,535,67667076224,67667076224
2025-06-19 05:33:10,REAL,67667076224,544,67667076768,67667076768
2025-06-19 05:33:12,REAL,67667076768,536,67667077304,67667077304
2025-06-19 05:33:14,REAL,67667077304,544,67667077848,67667077848
2025-06-19 05:33:16,REAL,67667077848,594,67667078442,67667078442
2025-06-19 05:33:18,REAL,67667078442,609,67667079051,67667079051
2025-06-19 05:33:20,REAL,67667079051,537,67667079588,67667079588
2025-06-19 05:33:22,REAL,67667079588,41040,67667120628,67667120628
2025-06-19 05:33:24,REAL,67667120628,194847,67667315475,67667315475
2025-06-19 05:33:26,REAL,67667315475,29154,67667344629,67667344629
2025-06-19 05:33:28,REAL,67667344629,28834,67667373463,67667373463
2025-06-19 05:33:30,REAL,67667373463,29192,67667402655,67667402655
2025-06-19 05:33:32,REAL,67667402655,28959,67667431614,67667431614
2025-06-19 05:33:34,REAL,67667431614,29910,67667461524,67667461524
2025-06-19 05:33:36,REAL,67667461524,29334,67667490858,67667490858
2025-06-19 05:33:38,REAL,67667490858,8931,67667499789,67667499789
2025-06-19 05:33:40,REAL,67667499789,532,67667500321,67667500321
2025-06-19 05:33:42,REAL,67667500321,546,67667500867,67667500867
2025-06-19 05:33:44,REAL,67667500867,539,67667501406,67667501406
2025-06-19 05:33:46,REAL,67667501406,543,67667501949,67667501949
2025-06-19 05:33:48,REAL,67667501949,619,67667502568,67667502568
2025-06-19 05:33:50,REAL,67667502568,545,67667503113,67667503113
2025-06-19 05:33:52,REAL,67667503113,541,67667503654,67667503654
2025-06-19 05:33:54,REAL,67667503654,70518,67667574172,67667574172
2025-06-19 05:33:56,REAL,67667574172,220673,67667794845,67667794845
2025-06-19 05:33:58,REAL,67667794845,28702,67667823547,67667823547
2025-06-19 05:34:00,REAL,67667823547,28831,67667852378,67667852378
2025-06-19 05:34:02,REAL,67667852378,29150,67667881528,67667881528
2025-06-19 05:34:04,REAL,67667881528,29127,67667910655,67667910655
2025-06-19 05:34:06,REAL,67667910655,29223,67667939878,67667939878
2025-06-19 05:34:08,REAL,67667939878,28712,67667968590,67667968590
2025-06-19 05:34:10,REAL,67667968590,7137,67667975727,67667975727
2025-06-19 05:34:12,REAL,67667975727,540,67667976267,67667976267
2025-06-19 05:34:14,REAL,67667976267,535,67667976802,67667976802
2025-06-19 05:34:16,REAL,67667976802,538,67667977340,67667977340
2025-06-19 05:34:18,REAL,67667977340,545,67667977885,67667977885
2025-06-19 05:34:20,REAL,67667977885,615,67667978500,67667978500
2025-06-19 05:34:22,REAL,67667978500,537,67667979037,67667979037
2025-06-19 05:34:24,REAL,67667979037,544,67667979581,67667979581
2025-06-19 05:34:26,REAL,67667979581,94454,67668074035,67668074035
2025-06-19 05:34:28,REAL,67668074035,187925,67668261960,67668261960
2025-06-19 05:34:30,REAL,67668261960,28869,67668290829,67668290829
2025-06-19 05:34:32,REAL,67668290829,29562,67668320391,67668320391
2025-06-19 05:34:34,REAL,67668320391,29340,67668349731,67668349731
2025-06-19 05:34:36,REAL,67668349731,29167,67668378898,67668378898
2025-06-19 05:34:38,REAL,67668378898,28888,67668407786,67668407786
2025-06-19 05:34:40,REAL,67668407786,29084,67668436870,67668436870
2025-06-19 05:34:42,REAL,67668436870,5072,67668441942,67668441942
2025-06-19 05:34:44,REAL,67668441942,539,67668442481,67668442481
2025-06-19 05:34:46,REAL,67668442481,539,67668443020,67668443020
2025-06-19 05:34:48,REAL,67668443020,533,67668443553,67668443553
2025-06-19 05:34:50,REAL,67668443553,675,67668444228,67668444228
2025-06-19 05:34:52,REAL,67668444228,547,67668444775,67668444775
2025-06-19 05:34:54,REAL,67668444775,540,67668445315,67668445315
2025-06-19 05:34:56,REAL,67668445315,542,67668445857,67668445857
2025-06-19 05:34:58,REAL,67668445857,663,67668446520,67668446520
2025-06-19 05:35:00,REAL,67668446520,597,67668447117,67668447117
2025-06-19 05:35:02,REAL,67668447117,602,67668447719,67668447719
2025-06-19 05:35:04,REAL,67668447719,612,67668448331,67668448331
2025-06-19 05:35:06,REAL,67668448331,548,67668448879,67668448879
2025-06-19 05:35:08,REAL,67668448879,591,67668449470,67668449470
2025-06-19 05:35:10,REAL,67668449470,548,67668450018,67668450018
2025-06-19 05:35:12,REAL,67668450018,542,67668450560,67668450560
2025-06-19 05:35:14,REAL,67668450560,544,67668451104,67668451104
2025-06-19 05:35:16,REAL,67668451104,543,67668451647,67668451647
2025-06-19 05:35:18,REAL,67668451647,600,67668452247,67668452247
2025-06-19 05:35:20,REAL,67668452247,608,67668452855,67668452855
2025-06-19 05:35:22,REAL,67668452855,533,67668453388,67668453388
2025-06-19 05:35:24,REAL,67668453388,537,67668453925,67668453925
2025-06-19 05:35:26,REAL,67668453925,544,67668454469,67668454469
2025-06-19 05:35:28,REAL,67668454469,544,67668455013,67668455013
2025-06-19 05:35:30,REAL,67668455013,544,67668455557,67668455557
2025-06-19 05:35:32,REAL,67668455557,535,67668456092,67668456092
2025-06-19 05:35:34,REAL,67668456092,677,67668456769,67668456769
2025-06-19 05:35:36,REAL,67668456769,532,67668457301,67668457301
2025-06-19 05:35:38,REAL,67668457301,602,67668457903,67668457903
2025-06-19 05:35:40,REAL,67668457903,540,67668458443,67668458443
2025-06-19 05:35:42,REAL,67668458443,535,67668458978,67668458978
2025-06-19 05:35:44,REAL,67668458978,597,67668459575,67668459575
2025-06-19 05:35:46,REAL,67668459575,543,67668460118,67668460118
2025-06-19 05:35:48,REAL,67668460118,530,67668460648,67668460648
2025-06-19 05:35:50,REAL,67668460648,681,67668461329,67668461329
2025-06-19 05:35:52,REAL,67668461329,260331,67668721660,67668721660
2025-06-19 05:35:54,REAL,67668721660,28602,67668750262,67668750262
2025-06-19 05:35:56,REAL,67668750262,29701,67668779963,67668779963
2025-06-19 05:35:58,REAL,67668779963,29044,67668809007,67668809007
2025-06-19 05:36:00,REAL,67668809007,29100,67668838107,67668838107
2025-06-19 05:36:02,REAL,67668838107,28689,67668866796,67668866796
2025-06-19 05:36:04,REAL,67668866796,29628,67668896424,67668896424
2025-06-19 05:36:06,REAL,67668896424,14974,67668911398,67668911398
2025-06-19 05:36:08,REAL,67668911398,548,67668911946,67668911946
2025-06-19 05:36:10,REAL,67668911946,547,67668912493,67668912493
2025-06-19 05:36:12,REAL,67668912493,546,67668913039,67668913039
2025-06-19 05:36:14,REAL,67668913039,537,67668913576,67668913576
2025-06-19 05:36:16,REAL,67668913576,547,67668914123,67668914123
2025-06-19 05:36:18,REAL,67668914123,534,67668914657,67668914657
2025-06-19 05:36:20,REAL,67668914657,617,67668915274,67668915274
2025-06-19 05:36:22,REAL,67668915274,8038,67668923312,67668923312
2025-06-19 05:36:24,REAL,67668923312,276555,67669199867,67669199867
2025-06-19 05:36:26,REAL,67669199867,29351,67669229218,67669229218
2025-06-19 05:36:28,REAL,67669229218,28957,67669258175,67669258175
2025-06-19 05:36:30,REAL,67669258175,28564,67669286739,67669286739
2025-06-19 05:36:32,REAL,67669286739,29572,67669316311,67669316311
2025-06-19 05:36:34,REAL,67669316311,28981,67669345292,67669345292
2025-06-19 05:36:36,REAL,67669345292,29015,67669374307,67669374307
2025-06-19 05:36:38,REAL,67669374307,13312,67669387619,67669387619
2025-06-19 05:36:40,REAL,67669387619,539,67669388158,67669388158
2025-06-19 05:36:42,REAL,67669388158,547,67669388705,67669388705
2025-06-19 05:36:44,REAL,67669388705,547,67669389252,67669389252
2025-06-19 05:36:46,REAL,67669389252,546,67669389798,67669389798
2025-06-19 05:36:48,REAL,67669389798,538,67669390336,67669390336
2025-06-19 05:36:50,REAL,67669390336,617,67669390953,67669390953
2025-06-19 05:36:52,REAL,67669390953,542,67669391495,67669391495
2025-06-19 05:36:54,REAL,67669391495,23995,67669415490,67669415490
2025-06-19 05:36:56,REAL,67669415490,254032,67669669522,67669669522
2025-06-19 05:36:58,REAL,67669669522,29100,67669698622,67669698622
2025-06-19 05:37:00,REAL,67669698622,29017,67669727639,67669727639
2025-06-19 05:37:02,REAL,67669727639,29704,67669757343,67669757343
2025-06-19 05:37:04,REAL,67669757343,28517,67669785860,67669785860
2025-06-19 05:37:06,REAL,67669785860,29320,67669815180,67669815180
2025-06-19 05:37:08,REAL,67669815180,29416,67669844596,67669844596
2025-06-19 05:37:10,REAL,67669844596,11505,67669856101,67669856101
2025-06-19 05:37:12,REAL,67669856101,596,67669856697,67669856697
2025-06-19 05:37:14,REAL,67669856697,541,67669857238,67669857238
2025-06-19 05:37:16,REAL,67669857238,541,67669857779,67669857779
2025-06-19 05:37:18,REAL,67669857779,539,67669858318,67669858318
2025-06-19 05:37:20,REAL,67669858318,607,67669858925,67669858925
2025-06-19 05:37:22,REAL,67669858925,537,67669859462,67669859462
2025-06-19 05:37:24,REAL,67669859462,599,67669860061,67669860061
2025-06-19 05:37:26,REAL,67669860061,602,67669860663,67669860663
2025-06-19 05:37:28,REAL,67669860663,549,67669861212,67669861212
2025-06-19 05:37:30,REAL,67669861212,541,67669861753,67669861753
2025-06-19 05:37:32,REAL,67669861753,532,67669862285,67669862285
2025-06-19 05:37:34,REAL,67669862285,549,67669862834,67669862834
2025-06-19 05:37:36,REAL,67669862834,611,67669863445,67669863445
2025-06-19 05:37:38,REAL,67669863445,540,67669863985,67669863985
2025-06-19 05:37:40,REAL,67669863985,543,67669864528,67669864528
2025-06-19 05:37:42,REAL,67669864528,600,67669865128,67669865128
2025-06-19 05:37:44,REAL,67669865128,535,67669865663,67669865663
2025-06-19 05:37:46,REAL,67669865663,539,67669866202,67669866202
2025-06-19 05:37:48,REAL,67669866202,546,67669866748,67669866748
2025-06-19 05:37:50,REAL,67669866748,622,67669867370,67669867370
2025-06-19 05:37:52,REAL,67669867370,539,67669867909,67669867909
2025-06-19 05:37:54,REAL,67669867909,593,67669868502,67669868502
2025-06-19 05:37:56,REAL,67669868502,545,67669869047,67669869047
2025-06-19 05:37:58,REAL,67669869047,608,67669869655,67669869655
2025-06-19 05:38:00,REAL,67669869655,586,67669870241,67669870241
2025-06-19 05:38:02,REAL,67669870241,543,67669870784,67669870784
2025-06-19 05:38:04,REAL,67669870784,534,67669871318,67669871318
2025-06-19 05:38:06,REAL,67669871318,620,67669871938,67669871938
2025-06-19 05:38:08,REAL,67669871938,542,67669872480,67669872480
2025-06-19 05:38:10,REAL,67669872480,533,67669873013,67669873013
2025-06-19 05:38:12,REAL,67669873013,530,67669873543,67669873543
2025-06-19 05:38:14,REAL,67669873543,604,67669874147,67669874147
2025-06-19 05:38:16,REAL,67669874147,540,67669874687,67669874687
2025-06-19 05:38:18,REAL,67669874687,536,67669875223,67669875223
2025-06-19 05:38:20,REAL,67669875223,613,67669875836,67669875836
2025-06-19 05:38:22,REAL,67669875836,596,67669876432,67669876432
2025-06-19 05:38:24,REAL,67669876432,537,67669876969,67669876969
2025-06-19 05:38:26,REAL,67669876969,542,67669877511,67669877511
2025-06-19 05:38:28,REAL,67669877511,547,67669878058,67669878058
2025-06-19 05:38:30,REAL,67669878058,666,67669878724,67669878724
2025-06-19 05:38:32,REAL,67669878724,600,67669879324,67669879324
2025-06-19 05:38:34,REAL,67669879324,602,67669879926,67669879926
2025-06-19 05:38:36,REAL,67669879926,617,67669880543,67669880543
2025-06-19 05:38:38,REAL,67669880543,540,67669881083,67669881083
2025-06-19 05:38:40,REAL,67669881083,537,67669881620,67669881620
2025-06-19 05:38:42,REAL,67669881620,539,67669882159,67669882159
2025-06-19 05:38:44,REAL,67669882159,600,67669882759,67669882759
2025-06-19 05:38:46,REAL,67669882759,542,67669883301,67669883301
2025-06-19 05:38:48,REAL,67669883301,544,67669883845,67669883845
2025-06-19 05:38:50,REAL,67669883845,681,67669884526,67669884526
2025-06-19 05:38:52,REAL,67669884526,259083,67670143609,67670143609
2025-06-19 05:38:54,REAL,67670143609,44556,67670188165,67670188165
2025-06-19 05:38:56,REAL,67670188165,29392,67670217557,67670217557
2025-06-19 05:38:58,REAL,67670217557,28948,67670246505,67670246505
2025-06-19 05:39:00,REAL,67670246505,29102,67670275607,67670275607
2025-06-19 05:39:02,REAL,67670275607,28870,67670304477,67670304477
2025-06-19 05:39:04,REAL,67670304477,29256,67670333733,67670333733
2025-06-19 05:39:06,REAL,67670333733,19033,67670352766,67670352766
2025-06-19 05:39:08,REAL,67670352766,549,67670353315,67670353315
2025-06-19 05:39:10,REAL,67670353315,541,67670353856,67670353856
2025-06-19 05:39:12,REAL,67670353856,534,67670354390,67670354390
2025-06-19 05:39:14,REAL,67670354390,550,67670354940,67670354940
2025-06-19 05:39:16,REAL,67670354940,539,67670355479,67670355479
2025-06-19 05:39:18,REAL,67670355479,542,67670356021,67670356021
2025-06-19 05:39:20,REAL,67670356021,602,67670356623,67670356623
2025-06-19 05:39:22,REAL,67670356623,680,67670357303,67670357303
2025-06-19 05:39:24,REAL,67670357303,270197,67670627500,67670627500
2025-06-19 05:39:26,REAL,67670627500,35107,67670662607,67670662607
2025-06-19 05:39:28,REAL,67670662607,28995,67670691602,67670691602
2025-06-19 05:39:30,REAL,67670691602,29462,67670721064,67670721064
2025-06-19 05:39:32,REAL,67670721064,29423,67670750487,67670750487
2025-06-19 05:39:34,REAL,67670750487,29320,67670779807,67670779807
2025-06-19 05:39:36,REAL,67670779807,29091,67670808898,67670808898
2025-06-19 05:39:38,REAL,67670808898,16927,67670825825,67670825825
2025-06-19 05:39:40,REAL,67670825825,602,67670826427,67670826427
2025-06-19 05:39:42,REAL,67670826427,604,67670827031,67670827031
2025-06-19 05:39:44,REAL,67670827031,666,67670827697,67670827697
2025-06-19 05:39:46,REAL,67670827697,598,67670828295,67670828295
2025-06-19 05:39:48,REAL,67670828295,603,67670828898,67670828898
2025-06-19 05:39:50,REAL,67670828898,544,67670829442,67670829442
2025-06-19 05:39:52,REAL,67670829442,668,67670830110,67670830110
2025-06-19 05:39:54,REAL,67670830110,550,67670830660,67670830660
2025-06-19 05:39:56,REAL,67670830660,539,67670831199,67670831199
2025-06-19 05:39:58,REAL,67670831199,550,67670831749,67670831749
2025-06-19 05:40:00,REAL,67670831749,530,67670832279,67670832279
2025-06-19 05:40:02,REAL,67670832279,534,67670832813,67670832813
2025-06-19 05:40:04,REAL,67670832813,602,67670833415,67670833415
2025-06-19 05:40:06,REAL,67670833415,233046,67671066461,67671066461
2025-06-19 05:40:08,REAL,67671066461,28812,67671095273,67671095273
2025-06-19 05:40:10,REAL,67671095273,29840,67671125113,67671125113
2025-06-19 05:40:12,REAL,67671125113,28643,67671153756,67671153756
2025-06-19 05:40:14,REAL,67671153756,28769,67671182525,67671182525
2025-06-19 05:40:16,REAL,67671182525,28497,67671211022,67671211022
2025-06-19 05:40:18,REAL,67671211022,28900,67671239922,67671239922
2025-06-19 05:40:20,REAL,67671239922,15854,67671255776,67671255776
2025-06-19 05:40:22,REAL,67671255776,675,67671256451,67671256451
2025-06-19 05:40:24,REAL,67671256451,590,67671257041,67671257041
2025-06-19 05:40:26,REAL,67671257041,600,67671257641,67671257641
2025-06-19 05:40:28,REAL,67671257641,539,67671258180,67671258180
2025-06-19 05:40:30,REAL,67671258180,531,67671258711,67671258711
2025-06-19 05:40:32,REAL,67671258711,534,67671259245,67671259245
2025-06-19 05:40:34,REAL,67671259245,590,67671259835,67671259835
2025-06-19 05:40:36,REAL,67671259835,616,67671260451,67671260451
2025-06-19 05:40:38,REAL,67671260451,547,67671260998,67671260998
2025-06-19 05:40:40,REAL,67671260998,541,67671261539,67671261539
2025-06-19 05:40:42,REAL,67671261539,592,67671262131,67671262131
2025-06-19 05:40:44,REAL,67671262131,535,67671262666,67671262666
2025-06-19 05:40:46,REAL,67671262666,540,67671263206,67671263206
2025-06-19 05:40:48,REAL,67671263206,537,67671263743,67671263743
2025-06-19 05:40:50,REAL,67671263743,540,67671264283,67671264283
2025-06-19 05:40:52,REAL,67671264283,620,67671264903,67671264903
2025-06-19 05:40:54,REAL,67671264903,543,67671265446,67671265446
2025-06-19 05:40:56,REAL,67671265446,601,67671266047,67671266047
2025-06-19 05:40:58,REAL,67671266047,544,67671266591,67671266591
2025-06-19 05:41:00,REAL,67671266591,594,67671267185,67671267185
2025-06-19 05:41:02,REAL,67671267185,543,67671267728,67671267728
2025-06-19 05:41:04,REAL,67671267728,549,67671268277,67671268277
2025-06-19 05:41:06,REAL,67671268277,588,67671268865,67671268865
2025-06-19 05:41:08,REAL,67671268865,609,67671269474,67671269474
2025-06-19 05:41:10,REAL,67671269474,534,67671270008,67671270008
2025-06-19 05:41:12,REAL,67671270008,602,67671270610,67671270610
2025-06-19 05:41:14,REAL,67671270610,542,67671271152,67671271152
2025-06-19 05:41:16,REAL,67671271152,534,67671271686,67671271686
2025-06-19 05:41:18,REAL,67671271686,537,67671272223,67671272223
2025-06-19 05:41:20,REAL,67671272223,536,67671272759,67671272759
2025-06-19 05:41:22,REAL,67671272759,608,67671273367,67671273367
2025-06-19 05:41:24,REAL,67671273367,542,67671273909,67671273909
2025-06-19 05:41:26,REAL,67671273909,544,67671274453,67671274453
2025-06-19 05:41:28,REAL,67671274453,605,67671275058,67671275058
2025-06-19 05:41:30,REAL,67671275058,541,67671275599,67671275599
2025-06-19 05:41:32,REAL,67671275599,535,67671276134,67671276134
2025-06-19 05:41:34,REAL,67671276134,540,67671276674,67671276674
2025-06-19 05:41:36,REAL,67671276674,601,67671277275,67671277275
2025-06-19 05:41:38,REAL,67671277275,611,67671277886,67671277886
2025-06-19 05:41:40,REAL,67671277886,537,67671278423,67671278423
2025-06-19 05:41:42,REAL,67671278423,543,67671278966,67671278966
2025-06-19 05:41:44,REAL,67671278966,600,67671279566,67671279566
2025-06-19 05:41:46,REAL,67671279566,658,67671280224,67671280224
2025-06-19 05:41:48,REAL,67671280224,603,67671280827,67671280827
2025-06-19 05:41:50,REAL,67671280827,595,67671281422,67671281422
2025-06-19 05:41:52,REAL,67671281422,618,67671282040,67671282040
2025-06-19 05:41:54,REAL,67671282040,539,67671282579,67671282579
2025-06-19 05:41:56,REAL,67671282579,542,67671283121,67671283121
2025-06-19 05:41:58,REAL,67671283121,539,67671283660,67671283660
2025-06-19 05:42:00,REAL,67671283660,547,67671284207,67671284207
2025-06-19 05:42:02,REAL,67671284207,543,67671284750,67671284750
2025-06-19 05:42:04,REAL,67671284750,535,67671285285,67671285285
2025-06-19 05:42:06,REAL,67671285285,603,67671285888,67671285888
2025-06-19 05:42:08,REAL,67671285888,608,67671286496,67671286496
2025-06-19 05:42:10,REAL,67671286496,538,67671287034,67671287034
2025-06-19 05:42:12,REAL,67671287034,539,67671287573,67671287573
2025-06-19 05:42:14,REAL,67671287573,544,67671288117,67671288117
2025-06-19 05:42:16,REAL,67671288117,600,67671288717,67671288717
2025-06-19 05:42:18,REAL,67671288717,544,67671289261,67671289261
2025-06-19 05:42:20,REAL,67671289261,537,67671289798,67671289798
2025-06-19 05:42:22,REAL,67671289798,684,67671290482,67671290482
2025-06-19 05:42:24,REAL,67671290482,536,67671291018,67671291018
2025-06-19 05:42:26,REAL,67671291018,540,67671291558,67671291558
2025-06-19 05:42:28,REAL,67671291558,550,67671292108,67671292108
2025-06-19 05:42:30,REAL,67671292108,589,67671292697,67671292697
2025-06-19 05:42:32,REAL,67671292697,537,67671293234,67671293234
2025-06-19 05:42:34,REAL,67671293234,537,67671293771,67671293771
2025-06-19 05:42:36,REAL,67671293771,541,67671294312,67671294312
2025-06-19 05:42:38,REAL,67671294312,64048,67671358360,67671358360
2025-06-19 05:42:40,REAL,67671358360,179496,67671537856,67671537856
2025-06-19 05:42:42,REAL,67671537856,29351,67671567207,67671567207
2025-06-19 05:42:44,REAL,67671567207,29286,67671596493,67671596493
2025-06-19 05:42:46,REAL,67671596493,29044,67671625537,67671625537
2025-06-19 05:42:48,REAL,67671625537,29518,67671655055,67671655055
2025-06-19 05:42:50,REAL,67671655055,29150,67671684205,67671684205
2025-06-19 05:42:52,REAL,67671684205,28970,67671713175,67671713175
2025-06-19 05:42:54,REAL,67671713175,7251,67671720426,67671720426
2025-06-19 05:42:56,REAL,67671720426,536,67671720962,67671720962
2025-06-19 05:42:58,REAL,67671720962,531,67671721493,67671721493
2025-06-19 05:43:00,REAL,67671721493,546,67671722039,67671722039
2025-06-19 05:43:02,REAL,67671722039,538,67671722577,67671722577
2025-06-19 05:43:04,REAL,67671722577,532,67671723109,67671723109
2025-06-19 05:43:06,REAL,67671723109,535,67671723644,67671723644
2025-06-19 05:43:08,REAL,67671723644,605,67671724249,67671724249
2025-06-19 05:43:10,REAL,67671724249,595,67671724844,67671724844
2025-06-19 05:43:12,REAL,67671724844,538,67671725382,67671725382
2025-06-19 05:43:14,REAL,67671725382,541,67671725923,67671725923
2025-06-19 05:43:16,REAL,67671725923,597,67671726520,67671726520
2025-06-19 05:43:18,REAL,67671726520,535,67671727055,67671727055
2025-06-19 05:43:20,REAL,67671727055,545,67671727600,67671727600
2025-06-19 05:43:22,REAL,67671727600,669,67671728269,67671728269
2025-06-19 05:43:24,REAL,67671728269,541,67671728810,67671728810
2025-06-19 05:43:26,REAL,67671728810,604,67671729414,67671729414
2025-06-19 05:43:28,REAL,67671729414,536,67671729950,67671729950
2025-06-19 05:43:30,REAL,67671729950,543,67671730493,67671730493
2025-06-19 05:43:32,REAL,67671730493,535,67671731028,67671731028
2025-06-19 05:43:34,REAL,67671731028,549,67671731577,67671731577
2025-06-19 05:43:36,REAL,67671731577,299,67671731876,67671731876
2025-06-19 05:43:38,REAL,67671731876,615,67671732491,67671732491
2025-06-19 05:43:40,REAL,67671732491,544,67671733035,67671733035
2025-06-19 05:43:42,REAL,67671733035,594,67671733629,67671733629
2025-06-19 05:43:44,REAL,67671733629,541,67671734170,67671734170
2025-06-19 05:43:46,REAL,67671734170,542,67671734712,67671734712
2025-06-19 05:43:48,REAL,67671734712,534,67671735246,67671735246
2025-06-19 05:43:50,REAL,67671735246,588,67671735834,67671735834
2025-06-19 05:43:52,REAL,67671735834,610,67671736444,67671736444
2025-06-19 05:43:54,REAL,67671736444,531,67671736975,67671736975
2025-06-19 05:43:56,REAL,67671736975,541,67671737516,67671737516
2025-06-19 05:43:58,REAL,67671737516,97144,67671834660,67671834660
2025-06-19 05:44:00,REAL,67671834660,156266,67671990926,67671990926
2025-06-19 05:44:02,REAL,67671990926,29202,67672020128,67672020128
2025-06-19 05:44:04,REAL,67672020128,28867,67672048995,67672048995
2025-06-19 05:44:06,REAL,67672048995,29537,67672078532,67672078532
2025-06-19 05:44:08,REAL,67672078532,29017,67672107549,67672107549
2025-06-19 05:44:10,REAL,67672107549,29755,67672137304,67672137304
2025-06-19 05:44:12,REAL,67672137304,28887,67672166191,67672166191
2025-06-19 05:44:14,REAL,67672166191,2707,67672168898,67672168898
2025-06-19 05:44:16,REAL,67672168898,534,67672169432,67672169432
2025-06-19 05:44:18,REAL,67672169432,541,67672169973,67672169973
2025-06-19 05:44:20,REAL,67672169973,544,67672170517,67672170517
2025-06-19 05:44:22,REAL,67672170517,538,67672171055,67672171055
2025-06-19 05:44:24,REAL,67672171055,677,67672171732,67672171732
2025-06-19 05:44:26,REAL,67672171732,538,67672172270,67672172270
2025-06-19 05:44:28,REAL,67672172270,540,67672172810,67672172810
2025-06-19 05:44:30,REAL,67672172810,130061,67672302871,67672302871
2025-06-19 05:44:32,REAL,67672302871,138134,67672441005,67672441005
2025-06-19 05:44:34,REAL,67672441005,29266,67672470271,67672470271
2025-06-19 05:44:36,REAL,67672470271,29127,67672499398,67672499398
2025-06-19 05:44:38,REAL,67672499398,29101,67672528499,67672528499
2025-06-19 05:44:40,REAL,67672528499,29504,67672558003,67672558003
2025-06-19 05:44:42,REAL,67672558003,29027,67672587030,67672587030
2025-06-19 05:44:44,REAL,67672587030,29758,67672616788,67672616788
2025-06-19 05:44:46,REAL,67672616788,725,67672617513,67672617513
2025-06-19 05:44:48,REAL,67672617513,538,67672618051,67672618051
2025-06-19 05:44:50,REAL,67672618051,538,67672618589,67672618589
2025-06-19 05:44:52,REAL,67672618589,549,67672619138,67672619138
2025-06-19 05:44:54,REAL,67672619138,615,67672619753,67672619753
2025-06-19 05:44:56,REAL,67672619753,544,67672620297,67672620297
2025-06-19 05:44:58,REAL,67672620297,544,67672620841,67672620841
2025-06-19 05:45:00,REAL,67672620841,603,67672621444,67672621444
2025-06-19 05:45:02,REAL,67672621444,147899,67672769343,67672769343
2025-06-19 05:45:04,REAL,67672769343,131293,67672900636,67672900636
2025-06-19 05:45:06,REAL,67672900636,29198,67672929834,67672929834
2025-06-19 05:45:08,REAL,67672929834,28805,67672958639,67672958639
2025-06-19 05:45:10,REAL,67672958639,29316,67672987955,67672987955
2025-06-19 05:45:12,REAL,67672987955,28803,67673016758,67673016758
2025-06-19 05:45:14,REAL,67673016758,29483,67673046241,67673046241
2025-06-19 05:45:16,REAL,67673046241,27291,67673073532,67673073532
2025-06-19 05:45:18,REAL,67673073532,540,67673074072,67673074072
2025-06-19 05:45:20,REAL,67673074072,542,67673074614,67673074614
2025-06-19 05:45:22,REAL,67673074614,544,67673075158,67673075158
2025-06-19 05:45:24,REAL,67673075158,618,67673075776,67673075776
2025-06-19 05:45:26,REAL,67673075776,539,67673076315,67673076315
2025-06-19 05:45:28,REAL,67673076315,547,67673076862,67673076862
2025-06-19 05:45:30,REAL,67673076862,540,67673077402,67673077402
2025-06-19 05:45:32,REAL,67673077402,595,67673077997,67673077997
2025-06-19 05:45:34,REAL,67673077997,168930,67673246927,67673246927
2025-06-19 05:45:36,REAL,67673246927,115193,67673362120,67673362120
2025-06-19 05:45:38,REAL,67673362120,28799,67673390919,67673390919
2025-06-19 05:45:40,REAL,67673390919,29701,67673420620,67673420620
2025-06-19 05:45:42,REAL,67673420620,29119,67673449739,67673449739
2025-06-19 05:45:44,REAL,67673449739,29118,67673478857,67673478857
2025-06-19 05:45:46,REAL,67673478857,29403,67673508260,67673508260
2025-06-19 05:45:48,REAL,67673508260,25682,67673533942,67673533942
2025-06-19 05:45:50,REAL,67673533942,547,67673534489,67673534489
2025-06-19 05:45:52,REAL,67673534489,540,67673535029,67673535029
2025-06-19 05:45:54,REAL,67673535029,613,67673535642,67673535642
2025-06-19 05:45:56,REAL,67673535642,543,67673536185,67673536185
2025-06-19 05:45:58,REAL,67673536185,548,67673536733,67673536733
2025-06-19 05:46:00,REAL,67673536733,548,67673537281,67673537281
2025-06-19 05:46:02,REAL,67673537281,543,67673537824,67673537824
2025-06-19 05:46:04,REAL,67673537824,596,67673538420,67673538420
2025-06-19 05:46:06,REAL,67673538420,544,67673538964,67673538964
2025-06-19 05:46:08,REAL,67673538964,617,67673539581,67673539581
2025-06-19 05:46:10,REAL,67673539581,590,67673540171,67673540171
2025-06-19 05:46:12,REAL,67673540171,540,67673540711,67673540711
2025-06-19 05:46:14,REAL,67673540711,541,67673541252,67673541252
2025-06-19 05:46:16,REAL,67673541252,596,67673541848,67673541848
2025-06-19 05:46:18,REAL,67673541848,542,67673542390,67673542390
2025-06-19 05:46:20,REAL,67673542390,596,67673542986,67673542986
2025-06-19 05:46:22,REAL,67673542986,541,67673543527,67673543527
2025-06-19 05:46:24,REAL,67673543527,854,67673544381,67673544381
2025-06-19 05:46:26,REAL,67673544381,297,67673544678,67673544678
2025-06-19 05:46:28,REAL,67673544678,537,67673545215,67673545215
2025-06-19 05:46:30,REAL,67673545215,542,67673545757,67673545757
2025-06-19 05:46:32,REAL,67673545757,533,67673546290,67673546290
2025-06-19 05:46:34,REAL,67673546290,532,67673546822,67673546822
2025-06-19 05:46:36,REAL,67673546822,597,67673547419,67673547419
2025-06-19 05:46:38,REAL,67673547419,196295,67673743714,67673743714
2025-06-19 05:46:40,REAL,67673743714,73009,67673816723,67673816723
2025-06-19 05:46:42,REAL,67673816723,28948,67673845671,67673845671
2025-06-19 05:46:44,REAL,67673845671,29745,67673875416,67673875416
2025-06-19 05:46:46,REAL,67673875416,29117,67673904533,67673904533
2025-06-19 05:46:48,REAL,67673904533,29606,67673934139,67673934139
2025-06-19 05:46:50,REAL,67673934139,28996,67673963135,67673963135
2025-06-19 05:46:52,REAL,67673963135,22163,67673985298,67673985298
2025-06-19 05:46:54,REAL,67673985298,673,67673985971,67673985971
2025-06-19 05:46:56,REAL,67673985971,597,67673986568,67673986568
2025-06-19 05:46:58,REAL,67673986568,75249,67674061817,67674061817
2025-06-19 05:47:00,REAL,67674061817,201483,67674263300,67674263300
2025-06-19 05:47:02,REAL,67674263300,28435,67674291735,67674291735
2025-06-19 05:47:04,REAL,67674291735,29645,67674321380,67674321380
2025-06-19 05:47:06,REAL,67674321380,29289,67674350669,67674350669
2025-06-19 05:47:08,REAL,67674350669,29487,67674380156,67674380156
2025-06-19 05:47:10,REAL,67674380156,29112,67674409268,67674409268
2025-06-19 05:47:12,REAL,67674409268,28675,67674437943,67674437943
2025-06-19 05:47:14,REAL,67674437943,7128,67674445071,67674445071
2025-06-19 05:47:16,REAL,67674445071,546,67674445617,67674445617
2025-06-19 05:47:18,REAL,67674445617,599,67674446216,67674446216
2025-06-19 05:47:20,REAL,67674446216,548,67674446764,67674446764
2025-06-19 05:47:22,REAL,67674446764,540,67674447304,67674447304
2025-06-19 05:47:24,REAL,67674447304,616,67674447920,67674447920
2025-06-19 05:47:26,REAL,67674447920,544,67674448464,67674448464
2025-06-19 05:47:28,REAL,67674448464,588,67674449052,67674449052
2025-06-19 05:47:30,REAL,67674449052,594,67674449646,67674449646
2025-06-19 05:47:32,REAL,67674449646,537,67674450183,67674450183
2025-06-19 05:47:34,REAL,67674450183,530,67674450713,67674450713
2025-06-19 05:47:36,REAL,67674450713,545,67674451258,67674451258
2025-06-19 05:47:38,REAL,67674451258,537,67674451795,67674451795
2025-06-19 05:47:40,REAL,67674451795,617,67674452412,67674452412
2025-06-19 05:47:42,REAL,67674452412,548,67674452960,67674452960
2025-06-19 05:47:44,REAL,67674452960,539,67674453499,67674453499
2025-06-19 05:47:46,REAL,67674453499,594,67674454093,67674454093
2025-06-19 05:47:48,REAL,67674454093,548,67674454641,67674454641
2025-06-19 05:47:50,REAL,67674454641,548,67674455189,67674455189
2025-06-19 05:47:52,REAL,67674455189,544,67674455733,67674455733
2025-06-19 05:47:54,REAL,67674455733,669,67674456402,67674456402
2025-06-19 05:47:56,REAL,67674456402,603,67674457005,67674457005
2025-06-19 05:47:58,REAL,67674457005,536,67674457541,67674457541
2025-06-19 05:48:00,REAL,67674457541,541,67674458082,67674458082
2025-06-19 05:48:02,REAL,67674458082,111674,67674569756,67674569756
2025-06-19 05:48:04,REAL,67674569756,154415,67674724171,67674724171
2025-06-19 05:48:06,REAL,67674724171,29040,67674753211,67674753211
2025-06-19 05:48:08,REAL,67674753211,29151,67674782362,67674782362
2025-06-19 05:48:10,REAL,67674782362,29610,67674811972,67674811972
2025-06-19 05:48:12,REAL,67674811972,29012,67674840984,67674840984
2025-06-19 05:48:14,REAL,67674840984,29544,67674870528,67674870528
2025-06-19 05:48:16,REAL,67674870528,29094,67674899622,67674899622
2025-06-19 05:48:18,REAL,67674899622,3599,67674903221,67674903221
2025-06-19 05:48:20,REAL,67674903221,536,67674903757,67674903757
2025-06-19 05:48:22,REAL,67674903757,542,67674904299,67674904299
2025-06-19 05:48:24,REAL,67674904299,611,67674904910,67674904910
2025-06-19 05:48:26,REAL,67674904910,547,67674905457,67674905457
2025-06-19 05:48:28,REAL,67674905457,601,67674906058,67674906058
2025-06-19 05:48:30,REAL,67674906058,592,67674906650,67674906650
2025-06-19 05:48:32,REAL,67674906650,538,67674907188,67674907188
2025-06-19 05:48:34,REAL,67674907188,659,67674907847,67674907847
2025-06-19 05:48:36,REAL,67674907847,607,67674908454,67674908454
2025-06-19 05:48:38,REAL,67674908454,603,67674909057,67674909057
2025-06-19 05:48:40,REAL,67674909057,611,67674909668,67674909668
2025-06-19 05:48:42,REAL,67674909668,536,67674910204,67674910204
2025-06-19 05:48:44,REAL,67674910204,538,67674910742,67674910742
2025-06-19 05:48:46,REAL,67674910742,536,67674911278,67674911278
2025-06-19 05:48:48,REAL,67674911278,539,67674911817,67674911817
2025-06-19 05:48:50,REAL,67674911817,534,67674912351,67674912351
2025-06-19 05:48:52,REAL,67674912351,538,67674912889,67674912889
2025-06-19 05:48:54,REAL,67674912889,596,67674913485,67674913485
2025-06-19 05:48:56,REAL,67674913485,265129,67675178614,67675178614
2025-06-19 05:48:58,REAL,67675178614,28880,67675207494,67675207494
2025-06-19 05:49:00,REAL,67675207494,28879,67675236373,67675236373
2025-06-19 05:49:02,REAL,67675236373,29198,67675265571,67675265571
2025-06-19 05:49:04,REAL,67675265571,29399,67675294970,67675294970
2025-06-19 05:49:06,REAL,67675294970,28991,67675323961,67675323961
2025-06-19 05:49:08,REAL,67675323961,29265,67675353226,67675353226
2025-06-19 05:49:10,REAL,67675353226,15102,67675368328,67675368328
2025-06-19 05:49:12,REAL,67675368328,536,67675368864,67675368864
2025-06-19 05:49:14,REAL,67675368864,539,67675369403,67675369403
2025-06-19 05:49:16,REAL,67675369403,543,67675369946,67675369946
2025-06-19 05:49:18,REAL,67675369946,543,67675370489,67675370489
2025-06-19 05:49:20,REAL,67675370489,535,67675371024,67675371024
2025-06-19 05:49:22,REAL,67675371024,595,67675371619,67675371619
2025-06-19 05:49:24,REAL,67675371619,545,67675372164,67675372164
2025-06-19 05:49:26,REAL,67675372164,5526,67675377690,67675377690
2025-06-19 05:49:28,REAL,67675377690,257585,67675635275,67675635275
2025-06-19 05:49:30,REAL,67675635275,29121,67675664396,67675664396
2025-06-19 05:49:32,REAL,67675664396,28426,67675692822,67675692822
2025-06-19 05:49:34,REAL,67675692822,28592,67675721414,67675721414
2025-06-19 05:49:36,REAL,67675721414,28909,67675750323,67675750323
2025-06-19 05:49:38,REAL,67675750323,29157,67675779480,67675779480
2025-06-19 05:49:40,REAL,67675779480,29377,67675808857,67675808857
2025-06-19 05:49:42,REAL,67675808857,13275,67675822132,67675822132
2025-06-19 05:49:44,REAL,67675822132,535,67675822667,67675822667
2025-06-19 05:49:46,REAL,67675822667,539,67675823206,67675823206
2025-06-19 05:49:48,REAL,67675823206,546,67675823752,67675823752
2025-06-19 05:49:50,REAL,67675823752,541,67675824293,67675824293
2025-06-19 05:49:52,REAL,67675824293,545,67675824838,67675824838
2025-06-19 05:49:54,REAL,67675824838,595,67675825433,67675825433
2025-06-19 05:49:56,REAL,67675825433,610,67675826043,67675826043
2025-06-19 05:49:58,REAL,67675826043,31899,67675857942,67675857942
2025-06-19 05:50:00,REAL,67675857942,245385,67676103327,67676103327
2025-06-19 05:50:02,REAL,67676103327,28967,67676132294,67676132294
2025-06-19 05:50:04,REAL,67676132294,29120,67676161414,67676161414
2025-06-19 05:50:06,REAL,67676161414,28879,67676190293,67676190293
2025-06-19 05:50:08,REAL,67676190293,29291,67676219584,67676219584
2025-06-19 05:50:10,REAL,67676219584,29447,67676249031,67676249031
2025-06-19 05:50:12,REAL,67676249031,29399,67676278430,67676278430
2025-06-19 05:50:14,REAL,67676278430,11559,67676289989,67676289989
2025-06-19 05:50:16,REAL,67676289989,545,67676290534,67676290534
2025-06-19 05:50:18,REAL,67676290534,545,67676291079,67676291079
2025-06-19 05:50:20,REAL,67676291079,531,67676291610,67676291610
2025-06-19 05:50:22,REAL,67676291610,539,67676292149,67676292149
2025-06-19 05:50:24,REAL,67676292149,540,67676292689,67676292689
2025-06-19 05:50:26,REAL,67676292689,669,67676293358,67676293358
2025-06-19 05:50:28,REAL,67676293358,546,67676293904,67676293904
2025-06-19 05:50:30,REAL,67676293904,592,67676294496,67676294496
2025-06-19 05:50:32,REAL,67676294496,535,67676295031,67676295031
2025-06-19 05:50:34,REAL,67676295031,538,67676295569,67676295569
2025-06-19 05:50:36,REAL,67676295569,536,67676296105,67676296105
2025-06-19 05:50:38,REAL,67676296105,547,67676296652,67676296652
2025-06-19 05:50:40,REAL,67676296652,605,67676297257,67676297257
2025-06-19 05:50:42,REAL,67676297257,538,67676297795,67676297795
2025-06-19 05:50:44,REAL,67676297795,546,67676298341,67676298341
2025-06-19 05:50:46,REAL,67676298341,668,67676299009,67676299009
2025-06-19 05:50:48,REAL,67676299009,655,67676299664,67676299664
2025-06-19 05:50:50,REAL,67676299664,599,67676300263,67676300263
2025-06-19 05:50:52,REAL,67676300263,540,67676300803,67676300803
2025-06-19 05:50:54,REAL,67676300803,602,67676301405,67676301405
2025-06-19 05:50:56,REAL,67676301405,621,67676302026,67676302026
2025-06-19 05:50:58,REAL,67676302026,537,67676302563,67676302563
2025-06-19 05:51:00,REAL,67676302563,542,67676303105,67676303105
2025-06-19 05:51:02,REAL,67676303105,538,67676303643,67676303643
2025-06-19 05:51:04,REAL,67676303643,546,67676304189,67676304189
2025-06-19 05:51:06,REAL,67676304189,598,67676304787,67676304787
2025-06-19 05:51:08,REAL,67676304787,543,67676305330,67676305330
2025-06-19 05:51:10,REAL,67676305330,541,67676305871,67676305871
2025-06-19 05:51:12,REAL,67676305871,615,67676306486,67676306486
2025-06-19 05:51:14,REAL,67676306486,530,67676307016,67676307016
2025-06-19 05:51:16,REAL,67676307016,542,67676307558,67676307558
2025-06-19 05:51:18,REAL,67676307558,533,67676308091,67676308091
2025-06-19 05:51:20,REAL,67676308091,540,67676308631,67676308631
2025-06-19 05:51:22,REAL,67676308631,712,67676309343,67676309343
2025-06-19 05:51:24,REAL,67676309343,537,67676309880,67676309880
2025-06-19 05:51:26,REAL,67676309880,615,67676310495,67676310495
2025-06-19 05:51:28,REAL,67676310495,533,67676311028,67676311028
2025-06-19 05:51:30,REAL,67676311028,537,67676311565,67676311565
2025-06-19 05:51:32,REAL,67676311565,541,67676312106,67676312106
2025-06-19 05:51:34,REAL,67676312106,542,67676312648,67676312648
2025-06-19 05:51:36,REAL,67676312648,536,67676313184,67676313184
2025-06-19 05:51:38,REAL,67676313184,607,67676313791,67676313791
2025-06-19 05:51:40,REAL,67676313791,543,67676314334,67676314334
2025-06-19 05:51:42,REAL,67676314334,609,67676314943,67676314943
2025-06-19 05:51:44,REAL,67676314943,549,67676315492,67676315492
2025-06-19 05:51:46,REAL,67676315492,543,67676316035,67676316035
2025-06-19 05:51:48,REAL,67676316035,532,67676316567,67676316567
2025-06-19 05:51:50,REAL,67676316567,542,67676317109,67676317109
2025-06-19 05:51:52,REAL,67676317109,541,67676317650,67676317650
2025-06-19 05:51:54,REAL,67676317650,599,67676318249,67676318249
2025-06-19 05:51:56,REAL,67676318249,610,67676318859,67676318859
2025-06-19 05:51:58,REAL,67676318859,597,67676319456,67676319456
2025-06-19 05:52:00,REAL,67676319456,542,67676319998,67676319998
2025-06-19 05:52:02,REAL,67676319998,537,67676320535,67676320535
2025-06-19 05:52:04,REAL,67676320535,536,67676321071,67676321071
2025-06-19 05:52:06,REAL,67676321071,544,67676321615,67676321615
2025-06-19 05:52:08,REAL,67676321615,543,67676322158,67676322158
2025-06-19 05:52:10,REAL,67676322158,660,67676322818,67676322818
2025-06-19 05:52:12,REAL,67676322818,612,67676323430,67676323430
2025-06-19 05:52:14,REAL,67676323430,531,67676323961,67676323961
2025-06-19 05:52:16,REAL,67676323961,547,67676324508,67676324508
2025-06-19 05:52:18,REAL,67676324508,538,67676325046,67676325046
2025-06-19 05:52:20,REAL,67676325046,536,67676325582,67676325582
2025-06-19 05:52:22,REAL,67676325582,537,67676326119,67676326119
2025-06-19 05:52:24,REAL,67676326119,545,67676326664,67676326664
2025-06-19 05:52:26,REAL,67676326664,685,67676327349,67676327349
2025-06-19 05:52:28,REAL,67676327349,604,67676327953,67676327953
2025-06-19 05:52:30,REAL,67676327953,606,67676328559,67676328559
2025-06-19 05:52:32,REAL,67676328559,600,67676329159,67676329159
2025-06-19 05:52:34,REAL,67676329159,594,67676329753,67676329753
2025-06-19 05:52:36,REAL,67676329753,547,67676330300,67676330300
2025-06-19 05:52:38,REAL,67676330300,545,67676330845,67676330845
2025-06-19 05:52:40,REAL,67676330845,543,67676331388,67676331388
2025-06-19 05:52:42,REAL,67676331388,618,67676332006,67676332006
2025-06-19 05:52:44,REAL,67676332006,541,67676332547,67676332547
2025-06-19 05:52:46,REAL,67676332547,543,67676333090,67676333090
2025-06-19 05:52:48,REAL,67676333090,606,67676333696,67676333696
2025-06-19 05:52:50,REAL,67676333696,544,67676334240,67676334240
2025-06-19 05:52:52,REAL,67676334240,537,67676334777,67676334777
2025-06-19 05:52:54,REAL,67676334777,544,67676335321,67676335321
2025-06-19 05:52:56,REAL,67676335321,620,67676335941,67676335941
2025-06-19 05:52:58,REAL,67676335941,596,67676336537,67676336537
2025-06-19 05:53:00,REAL,67676336537,540,67676337077,67676337077
2025-06-19 05:53:02,REAL,67676337077,545,67676337622,67676337622
2025-06-19 05:53:04,REAL,67676337622,655,67676338277,67676338277
2025-06-19 05:53:06,REAL,67676338277,602,67676338879,67676338879
2025-06-19 05:53:08,REAL,67676338879,605,67676339484,67676339484
2025-06-19 05:53:10,REAL,67676339484,597,67676340081,67676340081
2025-06-19 05:53:12,REAL,67676340081,615,67676340696,67676340696
2025-06-19 05:53:14,REAL,67676340696,536,67676341232,67676341232
2025-06-19 05:53:16,REAL,67676341232,549,67676341781,67676341781
2025-06-19 05:53:18,REAL,67676341781,537,67676342318,67676342318
2025-06-19 05:53:20,REAL,67676342318,545,67676342863,67676342863
2025-06-19 05:53:22,REAL,67676342863,544,67676343407,67676343407
2025-06-19 05:53:24,REAL,67676343407,599,67676344006,67676344006
2025-06-19 05:53:26,REAL,67676344006,613,67676344619,67676344619
2025-06-19 05:53:28,REAL,67676344619,532,67676345151,67676345151
2025-06-19 05:53:30,REAL,67676345151,533,67676345684,67676345684
2025-06-19 05:53:32,REAL,67676345684,532,67676346216,67676346216
2025-06-19 05:53:34,REAL,67676346216,540,67676346756,67676346756
2025-06-19 05:53:36,REAL,67676346756,540,67676347296,67676347296
2025-06-19 05:53:38,REAL,67676347296,548,67676347844,67676347844
2025-06-19 05:53:40,REAL,67676347844,592,67676348436,67676348436
2025-06-19 05:53:42,REAL,67676348436,614,67676349050,67676349050
2025-06-19 05:53:44,REAL,67676349050,537,67676349587,67676349587
2025-06-19 05:53:46,REAL,67676349587,592,67676350179,67676350179
2025-06-19 05:53:48,REAL,67676350179,596,67676350775,67676350775
2025-06-19 05:53:50,REAL,67676350775,545,67676351320,67676351320
2025-06-19 05:53:52,REAL,67676351320,541,67676351861,67676351861
2025-06-19 05:53:54,REAL,67676351861,542,67676352403,67676352403
2025-06-19 05:53:56,REAL,67676352403,10683,67676363086,67676363086
2025-06-19 05:53:58,REAL,67676363086,231539,67676594625,67676594625
2025-06-19 05:54:00,REAL,67676594625,29571,67676624196,67676624196
2025-06-19 05:54:02,REAL,67676624196,29192,67676653388,67676653388
2025-06-19 05:54:04,REAL,67676653388,29057,67676682445,67676682445
2025-06-19 05:54:06,REAL,67676682445,29160,67676711605,67676711605
2025-06-19 05:54:08,REAL,67676711605,28960,67676740565,67676740565
2025-06-19 05:54:10,REAL,67676740565,29260,67676769825,67676769825
2025-06-19 05:54:12,REAL,67676769825,12678,67676782503,67676782503
2025-06-19 05:54:14,REAL,67676782503,539,67676783042,67676783042
2025-06-19 05:54:16,REAL,67676783042,536,67676783578,67676783578
2025-06-19 05:54:18,REAL,67676783578,540,67676784118,67676784118
2025-06-19 05:54:20,REAL,67676784118,535,67676784653,67676784653
2025-06-19 05:54:22,REAL,67676784653,545,67676785198,67676785198
2025-06-19 05:54:24,REAL,67676785198,601,67676785799,67676785799
2025-06-19 05:54:26,REAL,67676785799,610,67676786409,67676786409
2025-06-19 05:54:28,REAL,67676786409,661,67676787070,67676787070
2025-06-19 05:54:30,REAL,67676787070,599,67676787669,67676787669
2025-06-19 05:54:32,REAL,67676787669,602,67676788271,67676788271
2025-06-19 05:54:34,REAL,67676788271,531,67676788802,67676788802
2025-06-19 05:54:36,REAL,67676788802,541,67676789343,67676789343
2025-06-19 05:54:38,REAL,67676789343,533,67676789876,67676789876
2025-06-19 05:54:40,REAL,67676789876,542,67676790418,67676790418
2025-06-19 05:54:42,REAL,67676790418,619,67676791037,67676791037
2025-06-19 05:54:44,REAL,67676791037,595,67676791632,67676791632
2025-06-19 05:54:46,REAL,67676791632,537,67676792169,67676792169
2025-06-19 05:54:48,REAL,67676792169,607,67676792776,67676792776
2025-06-19 05:54:50,REAL,67676792776,187656,67676980432,67676980432
2025-06-19 05:54:52,REAL,67676980432,92089,67677072521,67677072521
2025-06-19 05:54:54,REAL,67677072521,29473,67677101994,67677101994
2025-06-19 05:54:56,REAL,67677101994,29434,67677131428,67677131428
2025-06-19 05:54:58,REAL,67677131428,28891,67677160319,67677160319
2025-06-19 05:55:00,REAL,67677160319,30100,67677190419,67677190419
2025-06-19 05:55:02,REAL,67677190419,29373,67677219792,67677219792
2025-06-19 05:55:04,REAL,67677219792,23505,67677243297,67677243297
2025-06-19 05:55:06,REAL,67677243297,550,67677243847,67677243847
2025-06-19 05:55:08,REAL,67677243847,543,67677244390,67677244390
2025-06-19 05:55:10,REAL,67677244390,536,67677244926,67677244926
2025-06-19 05:55:12,REAL,67677244926,622,67677245548,67677245548
2025-06-19 05:55:14,REAL,67677245548,535,67677246083,67677246083
2025-06-19 05:55:16,REAL,67677246083,541,67677246624,67677246624
2025-06-19 05:55:18,REAL,67677246624,540,67677247164,67677247164
2025-06-19 05:55:20,REAL,67677247164,604,67677247768,67677247768
2025-06-19 05:55:22,REAL,67677247768,177932,67677425700,67677425700
2025-06-19 05:55:24,REAL,67677425700,76345,67677502045,67677502045
2025-06-19 05:55:26,REAL,67677502045,29385,67677531430,67677531430
2025-06-19 05:55:28,REAL,67677531430,31293,67677562723,67677562723
2025-06-19 05:55:30,REAL,67677562723,25941,67677588664,67677588664
2025-06-19 05:55:32,REAL,67677588664,29062,67677617726,67677617726
2025-06-19 05:55:34,REAL,67677617726,29917,67677647643,67677647643
2025-06-19 05:55:36,REAL,67677647643,21366,67677669009,67677669009
2025-06-19 05:55:38,REAL,67677669009,592,67677669601,67677669601
2025-06-19 05:55:40,REAL,67677669601,548,67677670149,67677670149
2025-06-19 05:55:42,REAL,67677670149,625,67677670774,67677670774
2025-06-19 05:55:44,REAL,67677670774,549,67677671323,67677671323
2025-06-19 05:55:46,REAL,67677671323,544,67677671867,67677671867
2025-06-19 05:55:48,REAL,67677671867,540,67677672407,67677672407
2025-06-19 05:55:50,REAL,67677672407,539,67677672946,67677672946
2025-06-19 05:55:52,REAL,67677672946,598,67677673544,67677673544
2025-06-19 05:55:54,REAL,67677673544,247470,67677921014,67677921014
2025-06-19 05:55:56,REAL,67677921014,52182,67677973196,67677973196
2025-06-19 05:55:58,REAL,67677973196,28635,67678001831,67678001831
2025-06-19 05:56:00,REAL,67678001831,29717,67678031548,67678031548
2025-06-19 05:56:02,REAL,67678031548,28496,67678060044,67678060044
2025-06-19 05:56:04,REAL,67678060044,29208,67678089252,67678089252
2025-06-19 05:56:06,REAL,67678089252,30007,67678119259,67678119259
2025-06-19 05:56:08,REAL,67678119259,20024,67678139283,67678139283
2025-06-19 05:56:10,REAL,67678139283,537,67678139820,67678139820
2025-06-19 05:56:12,REAL,67678139820,609,67678140429,67678140429
2025-06-19 05:56:14,REAL,67678140429,604,67678141033,67678141033
2025-06-19 05:56:16,REAL,67678141033,541,67678141574,67678141574
2025-06-19 05:56:18,REAL,67678141574,539,67678142113,67678142113
2025-06-19 05:56:20,REAL,67678142113,541,67678142654,67678142654
2025-06-19 05:56:22,REAL,67678142654,536,67678143190,67678143190
2025-06-19 05:56:24,REAL,67678143190,603,67678143793,67678143793
2025-06-19 05:56:26,REAL,67678143793,612,67678144405,67678144405
2025-06-19 05:56:28,REAL,67678144405,610,67678145015,67678145015
2025-06-19 05:56:30,REAL,67678145015,544,67678145559,67678145559
2025-06-19 05:56:32,REAL,67678145559,542,67678146101,67678146101
2025-06-19 05:56:34,REAL,67678146101,537,67678146638,67678146638
2025-06-19 05:56:36,REAL,67678146638,545,67678147183,67678147183
2025-06-19 05:56:38,REAL,67678147183,538,67678147721,67678147721
2025-06-19 05:56:40,REAL,67678147721,604,67678148325,67678148325
2025-06-19 05:56:42,REAL,67678148325,675,67678149000,67678149000
2025-06-19 05:56:44,REAL,67678149000,536,67678149536,67678149536
2025-06-19 05:56:46,REAL,67678149536,545,67678150081,67678150081
2025-06-19 05:56:48,REAL,67678150081,536,67678150617,67678150617
2025-06-19 05:56:50,REAL,67678150617,538,67678151155,67678151155
2025-06-19 05:56:52,REAL,67678151155,595,67678151750,67678151750
2025-06-19 05:56:54,REAL,67678151750,535,67678152285,67678152285
2025-06-19 05:56:56,REAL,67678152285,602,67678152887,67678152887
2025-06-19 05:56:58,REAL,67678152887,672,67678153559,67678153559
2025-06-19 05:57:00,REAL,67678153559,608,67678154167,67678154167
2025-06-19 05:57:02,REAL,67678154167,106766,67678260933,67678260933
2025-06-19 05:57:04,REAL,67678260933,160207,67678421140,67678421140
2025-06-19 05:57:06,REAL,67678421140,29002,67678450142,67678450142
2025-06-19 05:57:08,REAL,67678450142,28807,67678478949,67678478949
2025-06-19 05:57:10,REAL,67678478949,29540,67678508489,67678508489
2025-06-19 05:57:12,REAL,67678508489,28882,67678537371,67678537371
2025-06-19 05:57:14,REAL,67678537371,29082,67678566453,67678566453
2025-06-19 05:57:16,REAL,67678566453,29206,67678595659,67678595659
2025-06-19 05:57:18,REAL,67678595659,1981,67678597640,67678597640
2025-06-19 05:57:20,REAL,67678597640,546,67678598186,67678598186
2025-06-19 05:57:22,REAL,67678598186,547,67678598733,67678598733
2025-06-19 05:57:24,REAL,67678598733,538,67678599271,67678599271
2025-06-19 05:57:26,REAL,67678599271,538,67678599809,67678599809
2025-06-19 05:57:28,REAL,67678599809,609,67678600418,67678600418
2025-06-19 05:57:30,REAL,67678600418,602,67678601020,67678601020
2025-06-19 05:57:32,REAL,67678601020,545,67678601565,67678601565
2025-06-19 05:57:34,REAL,67678601565,665,67678602230,67678602230
2025-06-19 05:57:36,REAL,67678602230,596,67678602826,67678602826
2025-06-19 05:57:38,REAL,67678602826,603,67678603429,67678603429
2025-06-19 05:57:40,REAL,67678603429,605,67678604034,67678604034
2025-06-19 05:57:42,REAL,67678604034,682,67678604716,67678604716
2025-06-19 05:57:44,REAL,67678604716,610,67678605326,67678605326
2025-06-19 05:57:46,REAL,67678605326,549,67678605875,67678605875
2025-06-19 05:57:48,REAL,67678605875,541,67678606416,67678606416
2025-06-19 05:57:50,REAL,67678606416,596,67678607012,67678607012
2025-06-19 05:57:52,REAL,67678607012,541,67678607553,67678607553
2025-06-19 05:57:54,REAL,67678607553,538,67678608091,67678608091
2025-06-19 05:57:56,REAL,67678608091,537,67678608628,67678608628
2025-06-19 05:57:58,REAL,67678608628,609,67678609237,67678609237
2025-06-19 05:58:00,REAL,67678609237,152300,67678761537,67678761537
2025-06-19 05:58:02,REAL,67678761537,132113,67678893650,67678893650
2025-06-19 05:58:04,REAL,67678893650,29213,67678922863,67678922863
2025-06-19 05:58:06,REAL,67678922863,29219,67678952082,67678952082
2025-06-19 05:58:08,REAL,67678952082,28781,67678980863,67678980863
2025-06-19 05:58:10,REAL,67678980863,29530,67679010393,67679010393
2025-06-19 05:58:12,REAL,67679010393,29390,67679039783,67679039783
2025-06-19 05:58:14,REAL,67679039783,28365,67679068148,67679068148
2025-06-19 05:58:16,REAL,67679068148,538,67679068686,67679068686
2025-06-19 05:58:18,REAL,67679068686,536,67679069222,67679069222
2025-06-19 05:58:20,REAL,67679069222,541,67679069763,67679069763
2025-06-19 05:58:22,REAL,67679069763,538,67679070301,67679070301
2025-06-19 05:58:24,REAL,67679070301,537,67679070838,67679070838
2025-06-19 05:58:26,REAL,67679070838,534,67679071372,67679071372
2025-06-19 05:58:28,REAL,67679071372,667,67679072039,67679072039
2025-06-19 05:58:30,REAL,67679072039,599,67679072638,67679072638
2025-06-19 05:58:32,REAL,67679072638,142959,67679215597,67679215597
2025-06-19 05:58:34,REAL,67679215597,122503,67679338100,67679338100
2025-06-19 05:58:36,REAL,67679338100,29289,67679367389,67679367389
2025-06-19 05:58:38,REAL,67679367389,28953,67679396342,67679396342
2025-06-19 05:58:40,REAL,67679396342,29128,67679425470,67679425470
2025-06-19 05:58:42,REAL,67679425470,29380,67679454850,67679454850
2025-06-19 05:58:44,REAL,67679454850,28892,67679483742,67679483742
2025-06-19 05:58:46,REAL,67679483742,26316,67679510058,67679510058
2025-06-19 05:58:48,REAL,67679510058,596,67679510654,67679510654
2025-06-19 05:58:50,REAL,67679510654,658,67679511312,67679511312
2025-06-19 05:58:52,REAL,67679511312,21749,67679533061,67679533061
2025-06-19 05:58:54,REAL,67679533061,244263,67679777324,67679777324
2025-06-19 05:58:56,REAL,67679777324,29080,67679806404,67679806404
2025-06-19 05:58:58,REAL,67679806404,29278,67679835682,67679835682
2025-06-19 05:59:00,REAL,67679835682,28585,67679864267,67679864267
2025-06-19 05:59:02,REAL,67679864267,29378,67679893645,67679893645
2025-06-19 05:59:04,REAL,67679893645,29083,67679922728,67679922728
2025-06-19 05:59:06,REAL,67679922728,28743,67679951471,67679951471
2025-06-19 05:59:08,REAL,67679951471,11650,67679963121,67679963121
2025-06-19 05:59:10,REAL,67679963121,539,67679963660,67679963660
2025-06-19 05:59:12,REAL,67679963660,670,67679964330,67679964330
2025-06-19 05:59:14,REAL,67679964330,538,67679964868,67679964868
2025-06-19 05:59:16,REAL,67679964868,535,67679965403,67679965403
2025-06-19 05:59:18,REAL,67679965403,540,67679965943,67679965943
2025-06-19 05:59:20,REAL,67679965943,545,67679966488,67679966488
2025-06-19 05:59:22,REAL,67679966488,546,67679967034,67679967034
2025-06-19 05:59:24,REAL,67679967034,604,67679967638,67679967638
2025-06-19 05:59:26,REAL,67679967638,533,67679968171,67679968171
2025-06-19 05:59:28,REAL,67679968171,619,67679968790,67679968790
2025-06-19 05:59:30,REAL,67679968790,544,67679969334,67679969334
2025-06-19 05:59:32,REAL,67679969334,541,67679969875,67679969875
2025-06-19 05:59:34,REAL,67679969875,596,67679970471,67679970471
2025-06-19 05:59:36,REAL,67679970471,534,67679971005,67679971005
2025-06-19 05:59:38,REAL,67679971005,541,67679971546,67679971546
2025-06-19 05:59:40,REAL,67679971546,661,67679972207,67679972207
2025-06-19 05:59:42,REAL,67679972207,662,67679972869,67679972869
2025-06-19 05:59:44,REAL,67679972869,680,67679973549,67679973549
2025-06-19 05:59:46,REAL,67679973549,534,67679974083,67679974083
2025-06-19 05:59:48,REAL,67679974083,539,67679974622,67679974622
2025-06-19 05:59:50,REAL,67679974622,540,67679975162,67679975162
2025-06-19 05:59:52,REAL,67679975162,541,67679975703,67679975703
2025-06-19 05:59:54,REAL,67679975703,540,67679976243,67679976243
2025-06-19 05:59:56,REAL,67679976243,589,67679976832,67679976832
2025-06-19 05:59:58,REAL,67679976832,611,67679977443,67679977443
2025-06-19 06:00:00,REAL,67679977443,598,67679978041,67679978041
2025-06-19 06:00:02,REAL,67679978041,540,67679978581,67679978581
2025-06-19 06:00:04,REAL,67679978581,535,67679979116,67679979116
2025-06-19 06:00:06,REAL,67679979116,533,67679979649,67679979649
2025-06-19 06:00:08,REAL,67679979649,537,67679980186,67679980186
2025-06-19 06:00:10,REAL,67679980186,540,67679980726,67679980726
2025-06-19 06:00:12,REAL,67679980726,545,67679981271,67679981271
2025-06-19 06:00:14,REAL,67679981271,619,67679981890,67679981890
2025-06-19 06:00:16,REAL,67679981890,603,67679982493,67679982493
2025-06-19 06:00:18,REAL,67679982493,601,67679983094,67679983094
2025-06-19 06:00:20,REAL,67679983094,532,67679983626,67679983626
2025-06-19 06:00:22,REAL,67679983626,540,67679984166,67679984166
2025-06-19 06:00:24,REAL,67679984166,544,67679984710,67679984710
2025-06-19 06:00:26,REAL,67679984710,543,67679985253,67679985253
2025-06-19 06:00:28,REAL,67679985253,425,67679985678,67679985678
2025-06-19 06:00:30,REAL,67679985678,542,67679986220,67679986220
2025-06-19 06:00:32,REAL,67679986220,604,67679986824,67679986824
2025-06-19 06:00:34,REAL,67679986824,539,67679987363,67679987363
2025-06-19 06:00:36,REAL,67679987363,541,67679987904,67679987904
2025-06-19 06:00:38,REAL,67679987904,535,67679988439,67679988439
2025-06-19 06:00:40,REAL,67679988439,591,67679989030,67679989030
2025-06-19 06:00:42,REAL,67679989030,540,67679989570,67679989570
2025-06-19 06:00:44,REAL,67679989570,610,67679990180,67679990180
2025-06-19 06:00:46,REAL,67679990180,542,67679990722,67679990722
2025-06-19 06:00:48,REAL,67679990722,599,67679991321,67679991321
2025-06-19 06:00:50,REAL,67679991321,542,67679991863,67679991863
2025-06-19 06:00:52,REAL,67679991863,537,67679992400,67679992400
2025-06-19 06:00:54,REAL,67679992400,540,67679992940,67679992940
2025-06-19 06:00:56,REAL,67679992940,543,67679993483,67679993483
2025-06-19 06:00:58,REAL,67679993483,611,67679994094,67679994094
2025-06-19 06:01:00,REAL,67679994094,536,67679994630,67679994630
2025-06-19 06:01:02,REAL,67679994630,596,67679995226,67679995226
2025-06-19 06:01:04,REAL,67679995226,604,67679995830,67679995830
2025-06-19 06:01:06,REAL,67679995830,213460,67680209290,67680209290
2025-06-19 06:01:08,REAL,67680209290,47317,67680256607,67680256607
2025-06-19 06:01:10,REAL,67680256607,29728,67680286335,67680286335
2025-06-19 06:01:12,REAL,67680286335,29112,67680315447,67680315447
2025-06-19 06:01:14,REAL,67680315447,29163,67680344610,67680344610
2025-06-19 06:01:16,REAL,67680344610,28862,67680373472,67680373472
2025-06-19 06:01:18,REAL,67680373472,29502,67680402974,67680402974
2025-06-19 06:01:20,REAL,67680402974,18252,67680421226,67680421226
2025-06-19 06:01:22,REAL,67680421226,544,67680421770,67680421770
2025-06-19 06:01:24,REAL,67680421770,601,67680422371,67680422371
2025-06-19 06:01:26,REAL,67680422371,534,67680422905,67680422905
2025-06-19 06:01:28,REAL,67680422905,620,67680423525,67680423525
2025-06-19 06:01:30,REAL,67680423525,541,67680424066,67680424066
2025-06-19 06:01:32,REAL,67680424066,547,67680424613,67680424613
2025-06-19 06:01:34,REAL,67680424613,536,67680425149,67680425149
2025-06-19 06:01:36,REAL,67680425149,597,67680425746,67680425746
2025-06-19 06:01:38,REAL,67680425746,535,67680426281,67680426281
2025-06-19 06:01:40,REAL,67680426281,545,67680426826,67680426826
2025-06-19 06:01:42,REAL,67680426826,550,67680427376,67680427376
2025-06-19 06:01:44,REAL,67680427376,620,67680427996,67680427996
2025-06-19 06:01:46,REAL,67680427996,598,67680428594,67680428594
2025-06-19 06:01:48,REAL,67680428594,549,67680429143,67680429143
2025-06-19 06:01:50,REAL,67680429143,537,67680429680,67680429680
2025-06-19 06:01:52,REAL,67680429680,648,67680430328,67680430328
2025-06-19 06:01:54,REAL,67680430328,593,67680430921,67680430921
2025-06-19 06:01:56,REAL,67680430921,591,67680431512,67680431512
2025-06-19 06:01:58,REAL,67680431512,122363,67680553875,67680553875
2025-06-19 06:02:00,REAL,67680553875,150449,67680704324,67680704324
2025-06-19 06:02:02,REAL,67680704324,29347,67680733671,67680733671
2025-06-19 06:02:04,REAL,67680733671,29074,67680762745,67680762745
2025-06-19 06:02:06,REAL,67680762745,29305,67680792050,67680792050
2025-06-19 06:02:08,REAL,67680792050,29471,67680821521,67680821521
2025-06-19 06:02:10,REAL,67680821521,28794,67680850315,67680850315
2025-06-19 06:02:12,REAL,67680850315,29313,67680879628,67680879628
2025-06-19 06:02:14,REAL,67680879628,1028,67680880656,67680880656
2025-06-19 06:02:16,REAL,67680880656,541,67680881197,67680881197
2025-06-19 06:02:18,REAL,67680881197,541,67680881738,67680881738
2025-06-19 06:02:20,REAL,67680881738,539,67680882277,67680882277
2025-06-19 06:02:22,REAL,67680882277,535,67680882812,67680882812
2025-06-19 06:02:24,REAL,67680882812,546,67680883358,67680883358
2025-06-19 06:02:26,REAL,67680883358,603,67680883961,67680883961
2025-06-19 06:02:28,REAL,67680883961,532,67680884493,67680884493
2025-06-19 06:02:30,REAL,67680884493,732,67680885225,67680885225
2025-06-19 06:02:32,REAL,67680885225,548,67680885773,67680885773
2025-06-19 06:02:34,REAL,67680885773,537,67680886310,67680886310
2025-06-19 06:02:36,REAL,67680886310,536,67680886846,67680886846
2025-06-19 06:02:38,REAL,67680886846,548,67680887394,67680887394
2025-06-19 06:02:40,REAL,67680887394,538,67680887932,67680887932
2025-06-19 06:02:42,REAL,67680887932,545,67680888477,67680888477
2025-06-19 06:02:44,REAL,67680888477,679,67680889156,67680889156
2025-06-19 06:02:46,REAL,67680889156,531,67680889687,67680889687
2025-06-19 06:02:48,REAL,67680889687,546,67680890233,67680890233
2025-06-19 06:02:50,REAL,67680890233,543,67680890776,67680890776
2025-06-19 06:02:52,REAL,67680890776,594,67680891370,67680891370
2025-06-19 06:02:54,REAL,67680891370,592,67680891962,67680891962
2025-06-19 06:02:56,REAL,67680891962,539,67680892501,67680892501
2025-06-19 06:02:58,REAL,67680892501,546,67680893047,67680893047
2025-06-19 06:03:00,REAL,67680893047,679,67680893726,67680893726
2025-06-19 06:03:02,REAL,67680893726,538,67680894264,67680894264
2025-06-19 06:03:04,REAL,67680894264,543,67680894807,67680894807
2025-06-19 06:03:06,REAL,67680894807,532,67680895339,67680895339
2025-06-19 06:03:08,REAL,67680895339,538,67680895877,67680895877
2025-06-19 06:03:10,REAL,67680895877,543,67680896420,67680896420
2025-06-19 06:03:12,REAL,67680896420,540,67680896960,67680896960
2025-06-19 06:03:14,REAL,67680896960,621,67680897581,67680897581
2025-06-19 06:03:16,REAL,67680897581,607,67680898188,67680898188
2025-06-19 06:03:18,REAL,67680898188,536,67680898724,67680898724
2025-06-19 06:03:20,REAL,67680898724,543,67680899267,67680899267
2025-06-19 06:03:22,REAL,67680899267,600,67680899867,67680899867
2025-06-19 06:03:24,REAL,67680899867,544,67680900411,67680900411
2025-06-19 06:03:26,REAL,67680900411,539,67680900950,67680900950
2025-06-19 06:03:28,REAL,67680900950,536,67680901486,67680901486
2025-06-19 06:03:30,REAL,67680901486,612,67680902098,67680902098
2025-06-19 06:03:32,REAL,67680902098,590,67680902688,67680902688
2025-06-19 06:03:34,REAL,67680902688,543,67680903231,67680903231
2025-06-19 06:03:36,REAL,67680903231,540,67680903771,67680903771
2025-06-19 06:03:38,REAL,67680903771,546,67680904317,67680904317
2025-06-19 06:03:40,REAL,67680904317,544,67680904861,67680904861
2025-06-19 06:03:42,REAL,67680904861,597,67680905458,67680905458
2025-06-19 06:03:44,REAL,67680905458,620,67680906078,67680906078
2025-06-19 06:03:46,REAL,67680906078,539,67680906617,67680906617
2025-06-19 06:03:48,REAL,67680906617,601,67680907218,67680907218
2025-06-19 06:03:50,REAL,67680907218,659,67680907877,67680907877
2025-06-19 06:03:52,REAL,67680907877,610,67680908487,67680908487
2025-06-19 06:03:54,REAL,67680908487,601,67680909088,67680909088
2025-06-19 06:03:56,REAL,67680909088,548,67680909636,67680909636
2025-06-19 06:03:58,REAL,67680909636,542,67680910178,67680910178
2025-06-19 06:04:00,REAL,67680910178,618,67680910796,67680910796
2025-06-19 06:04:02,REAL,67680910796,539,67680911335,67680911335
2025-06-19 06:04:04,REAL,67680911335,541,67680911876,67680911876
2025-06-19 06:04:06,REAL,67680911876,548,67680912424,67680912424
2025-06-19 06:04:08,REAL,67680912424,542,67680912966,67680912966
2025-06-19 06:04:10,REAL,67680912966,42520,67680955486,67680955486
2025-06-19 06:04:12,REAL,67680955486,218155,67681173641,67681173641
2025-06-19 06:04:14,REAL,67681173641,28615,67681202256,67681202256
2025-06-19 06:04:16,REAL,67681202256,29564,67681231820,67681231820
2025-06-19 06:04:18,REAL,67681231820,29083,67681260903,67681260903
2025-06-19 06:04:20,REAL,67681260903,29241,67681290144,67681290144
2025-06-19 06:04:22,REAL,67681290144,29005,67681319149,67681319149
2025-06-19 06:04:24,REAL,67681319149,29204,67681348353,67681348353
2025-06-19 06:04:26,REAL,67681348353,8303,67681356656,67681356656
2025-06-19 06:04:28,REAL,67681356656,541,67681357197,67681357197
2025-06-19 06:04:30,REAL,67681357197,610,67681357807,67681357807
2025-06-19 06:04:32,REAL,67681357807,598,67681358405,67681358405
2025-06-19 06:04:34,REAL,67681358405,547,67681358952,67681358952
2025-06-19 06:04:36,REAL,67681358952,535,67681359487,67681359487
2025-06-19 06:04:38,REAL,67681359487,598,67681360085,67681360085
2025-06-19 06:04:40,REAL,67681360085,537,67681360622,67681360622
2025-06-19 06:04:42,REAL,67681360622,593,67681361215,67681361215
2025-06-19 06:04:44,REAL,67681361215,538,67681361753,67681361753
2025-06-19 06:04:46,REAL,67681361753,616,67681362369,67681362369
2025-06-19 06:04:48,REAL,67681362369,541,67681362910,67681362910
2025-06-19 06:04:50,REAL,67681362910,546,67681363456,67681363456
2025-06-19 06:04:52,REAL,67681363456,532,67681363988,67681363988
2025-06-19 06:04:54,REAL,67681363988,533,67681364521,67681364521
2025-06-19 06:04:56,REAL,67681364521,532,67681365053,67681365053
2025-06-19 06:04:58,REAL,67681365053,597,67681365650,67681365650
2025-06-19 06:05:00,REAL,67681365650,611,67681366261,67681366261
2025-06-19 06:05:02,REAL,67681366261,533,67681366794,67681366794
2025-06-19 06:05:04,REAL,67681366794,531,67681367325,67681367325
2025-06-19 06:05:06,REAL,67681367325,599,67681367924,67681367924
2025-06-19 06:05:08,REAL,67681367924,533,67681368457,67681368457
2025-06-19 06:05:10,REAL,67681368457,544,67681369001,67681369001
2025-06-19 06:05:12,REAL,67681369001,543,67681369544,67681369544
2025-06-19 06:05:14,REAL,67681369544,597,67681370141,67681370141
2025-06-19 06:05:16,REAL,67681370141,608,67681370749,67681370749
2025-06-19 06:05:18,REAL,67681370749,546,67681371295,67681371295
2025-06-19 06:05:20,REAL,67681371295,536,67681371831,67681371831
2025-06-19 06:05:22,REAL,67681371831,536,67681372367,67681372367
2025-06-19 06:05:24,REAL,67681372367,594,67681372961,67681372961
2025-06-19 06:05:26,REAL,67681372961,548,67681373509,67681373509
2025-06-19 06:05:28,REAL,67681373509,537,67681374046,67681374046
2025-06-19 06:05:30,REAL,67681374046,671,67681374717,67681374717
2025-06-19 06:05:32,REAL,67681374717,542,67681375259,67681375259
2025-06-19 06:05:34,REAL,67681375259,540,67681375799,67681375799
2025-06-19 06:05:36,REAL,67681375799,590,67681376389,67681376389
2025-06-19 06:05:38,REAL,67681376389,550,67681376939,67681376939
2025-06-19 06:05:40,REAL,67681376939,536,67681377475,67681377475
2025-06-19 06:05:42,REAL,67681377475,542,67681378017,67681378017
2025-06-19 06:05:44,REAL,67681378017,546,67681378563,67681378563
2025-06-19 06:05:46,REAL,67681378563,676,67681379239,67681379239
2025-06-19 06:05:48,REAL,67681379239,539,67681379778,67681379778
2025-06-19 06:05:50,REAL,67681379778,540,67681380318,67681380318
2025-06-19 06:05:52,REAL,67681380318,539,67681380857,67681380857
2025-06-19 06:05:54,REAL,67681380857,539,67681381396,67681381396
2025-06-19 06:05:56,REAL,67681381396,540,67681381936,67681381936
2025-06-19 06:05:58,REAL,67681381936,545,67681382481,67681382481
2025-06-19 06:06:00,REAL,67681382481,619,67681383100,67681383100
2025-06-19 06:06:02,REAL,67681383100,598,67681383698,67681383698
2025-06-19 06:06:04,REAL,67681383698,594,67681384292,67681384292
2025-06-19 06:06:06,REAL,67681384292,536,67681384828,67681384828
2025-06-19 06:06:08,REAL,67681384828,539,67681385367,67681385367
2025-06-19 06:06:10,REAL,67681385367,547,67681385914,67681385914
2025-06-19 06:06:12,REAL,67681385914,540,67681386454,67681386454
2025-06-19 06:06:14,REAL,67681386454,596,67681387050,67681387050
2025-06-19 06:06:16,REAL,67681387050,612,67681387662,67681387662
2025-06-19 06:06:18,REAL,67681387662,591,67681388253,67681388253
2025-06-19 06:06:20,REAL,67681388253,539,67681388792,67681388792
2025-06-19 06:06:22,REAL,67681388792,538,67681389330,67681389330
2025-06-19 06:06:24,REAL,67681389330,545,67681389875,67681389875
2025-06-19 06:06:26,REAL,67681389875,550,67681390425,67681390425
2025-06-19 06:06:28,REAL,67681390425,541,67681390966,67681390966
2025-06-19 06:06:30,REAL,67681390966,613,67681391579,67681391579
2025-06-19 06:06:32,REAL,67681391579,596,67681392175,67681392175
2025-06-19 06:06:34,REAL,67681392175,595,67681392770,67681392770
2025-06-19 06:06:36,REAL,67681392770,550,67681393320,67681393320
2025-06-19 06:06:38,REAL,67681393320,537,67681393857,67681393857
2025-06-19 06:06:40,REAL,67681393857,538,67681394395,67681394395
2025-06-19 06:06:42,REAL,67681394395,538,67681394933,67681394933
2025-06-19 06:06:44,REAL,67681394933,548,67681395481,67681395481
2025-06-19 06:06:46,REAL,67681395481,618,67681396099,67681396099
2025-06-19 06:06:48,REAL,67681396099,548,67681396647,67681396647
2025-06-19 06:06:50,REAL,67681396647,606,67681397253,67681397253
2025-06-19 06:06:52,REAL,67681397253,534,67681397787,67681397787
2025-06-19 06:06:54,REAL,67681397787,539,67681398326,67681398326
2025-06-19 06:06:56,REAL,67681398326,537,67681398863,67681398863
2025-06-19 06:06:58,REAL,67681398863,535,67681399398,67681399398
2025-06-19 06:07:00,REAL,67681399398,542,67681399940,67681399940
2025-06-19 06:07:02,REAL,67681399940,616,67681400556,67681400556
2025-06-19 06:07:04,REAL,67681400556,649,67681401205,67681401205
2025-06-19 06:07:06,REAL,67681401205,535,67681401740,67681401740
2025-06-19 06:07:08,REAL,67681401740,543,67681402283,67681402283
2025-06-19 06:07:10,REAL,67681402283,535,67681402818,67681402818
2025-06-19 06:07:12,REAL,67681402818,532,67681403350,67681403350
2025-06-19 06:07:14,REAL,67681403350,547,67681403897,67681403897
2025-06-19 06:07:16,REAL,67681403897,618,67681404515,67681404515
2025-06-19 06:07:18,REAL,67681404515,545,67681405060,67681405060
2025-06-19 06:07:20,REAL,67681405060,601,67681405661,67681405661
2025-06-19 06:07:22,REAL,67681405661,605,67681406266,67681406266
2025-06-19 06:07:24,REAL,67681406266,533,67681406799,67681406799
2025-06-19 06:07:26,REAL,67681406799,542,67681407341,67681407341
2025-06-19 06:07:28,REAL,67681407341,542,67681407883,67681407883
2025-06-19 06:07:30,REAL,67681407883,534,67681408417,67681408417
2025-06-19 06:07:32,REAL,67681408417,615,67681409032,67681409032
2025-06-19 06:07:34,REAL,67681409032,543,67681409575,67681409575
2025-06-19 06:07:36,REAL,67681409575,594,67681410169,67681410169
2025-06-19 06:07:38,REAL,67681410169,541,67681410710,67681410710
2025-06-19 06:07:40,REAL,67681410710,545,67681411255,67681411255
2025-06-19 06:07:42,REAL,67681411255,542,67681411797,67681411797
2025-06-19 06:07:44,REAL,67681411797,537,67681412334,67681412334
2025-06-19 06:07:46,REAL,67681412334,620,67681412954,67681412954
2025-06-19 06:07:48,REAL,67681412954,543,67681413497,67681413497
2025-06-19 06:07:50,REAL,67681413497,541,67681414038,67681414038
2025-06-19 06:07:52,REAL,67681414038,598,67681414636,67681414636
2025-06-19 06:07:54,REAL,67681414636,535,67681415171,67681415171
2025-06-19 06:07:56,REAL,67681415171,596,67681415767,67681415767
2025-06-19 06:07:58,REAL,67681415767,544,67681416311,67681416311
2025-06-19 06:08:00,REAL,67681416311,538,67681416849,67681416849
2025-06-19 06:08:02,REAL,67681416849,622,67681417471,67681417471
2025-06-19 06:08:04,REAL,67681417471,540,67681418011,67681418011
2025-06-19 06:08:06,REAL,67681418011,534,67681418545,67681418545
2025-06-19 06:08:08,REAL,67681418545,599,67681419144,67681419144
2025-06-19 06:08:10,REAL,67681419144,664,67681419808,67681419808
2025-06-19 06:08:12,REAL,67681419808,604,67681420412,67681420412
2025-06-19 06:08:14,REAL,67681420412,601,67681421013,67681421013
2025-06-19 06:08:16,REAL,67681421013,612,67681421625,67681421625
2025-06-19 06:08:18,REAL,67681421625,541,67681422166,67681422166
2025-06-19 06:08:20,REAL,67681422166,538,67681422704,67681422704
2025-06-19 06:08:22,REAL,67681422704,539,67681423243,67681423243
2025-06-19 06:08:24,REAL,67681423243,549,67681423792,67681423792
2025-06-19 06:08:26,REAL,67681423792,539,67681424331,67681424331
2025-06-19 06:08:28,REAL,67681424331,545,67681424876,67681424876
2025-06-19 06:08:30,REAL,67681424876,651,67681425527,67681425527
2025-06-19 06:08:32,REAL,67681425527,666,67681426193,67681426193
2025-06-19 06:08:34,REAL,67681426193,603,67681426796,67681426796
2025-06-19 06:08:36,REAL,67681426796,596,67681427392,67681427392
2025-06-19 06:08:38,REAL,67681427392,600,67681427992,67681427992
2025-06-19 06:08:40,REAL,67681427992,594,67681428586,67681428586
2025-06-19 06:08:42,REAL,67681428586,542,67681429128,67681429128
2025-06-19 06:08:44,REAL,67681429128,545,67681429673,67681429673
2025-06-19 06:08:46,REAL,67681429673,672,67681430345,67681430345
2025-06-19 06:08:48,REAL,67681430345,534,67681430879,67681430879
2025-06-19 06:08:50,REAL,67681430879,540,67681431419,67681431419
2025-06-19 06:08:52,REAL,67681431419,535,67681431954,67681431954
2025-06-19 06:08:54,REAL,67681431954,546,67681432500,67681432500
2025-06-19 06:08:56,REAL,67681432500,605,67681433105,67681433105
2025-06-19 06:08:58,REAL,67681433105,534,67681433639,67681433639
2025-06-19 06:09:00,REAL,67681433639,588,67681434227,67681434227
2025-06-19 06:09:02,REAL,67681434227,614,67681434841,67681434841
2025-06-19 06:09:04,REAL,67681434841,538,67681435379,67681435379
2025-06-19 06:09:06,REAL,67681435379,538,67681435917,67681435917
2025-06-19 06:09:08,REAL,67681435917,545,67681436462,67681436462
2025-06-19 06:09:10,REAL,67681436462,542,67681437004,67681437004
2025-06-19 06:09:12,REAL,67681437004,601,67681437605,67681437605
2025-06-19 06:09:14,REAL,67681437605,539,67681438144,67681438144
2025-06-19 06:09:16,REAL,67681438144,608,67681438752,67681438752
2025-06-19 06:09:18,REAL,67681438752,530,67681439282,67681439282
2025-06-19 06:09:20,REAL,67681439282,542,67681439824,67681439824
2025-06-19 06:09:22,REAL,67681439824,545,67681440369,67681440369
2025-06-19 06:09:24,REAL,67681440369,540,67681440909,67681440909
2025-06-19 06:09:26,REAL,67681440909,547,67681441456,67681441456
2025-06-19 06:09:28,REAL,67681441456,68366,67681509822,67681509822
2025-06-19 06:09:30,REAL,67681509822,203086,67681712908,67681712908
2025-06-19 06:09:32,REAL,67681712908,29088,67681741996,67681741996
2025-06-19 06:09:34,REAL,67681741996,29409,67681771405,67681771405
2025-06-19 06:09:36,REAL,67681771405,28716,67681800121,67681800121
2025-06-19 06:09:38,REAL,67681800121,29307,67681829428,67681829428
2025-06-19 06:09:40,REAL,67681829428,28849,67681858277,67681858277
2025-06-19 06:09:42,REAL,67681858277,28765,67681887042,67681887042
2025-06-19 06:09:44,REAL,67681887042,6149,67681893191,67681893191
2025-06-19 06:09:46,REAL,67681893191,613,67681893804,67681893804
2025-06-19 06:09:48,REAL,67681893804,544,67681894348,67681894348
2025-06-19 06:09:50,REAL,67681894348,532,67681894880,67681894880
2025-06-19 06:09:52,REAL,67681894880,543,67681895423,67681895423
2025-06-19 06:09:54,REAL,67681895423,543,67681895966,67681895966
2025-06-19 06:09:56,REAL,67681895966,535,67681896501,67681896501
2025-06-19 06:09:58,REAL,67681896501,535,67681897036,67681897036
2025-06-19 06:10:00,REAL,67681897036,106070,67682003106,67682003106
2025-06-19 06:10:02,REAL,67682003106,166379,67682169485,67682169485
2025-06-19 06:10:04,REAL,67682169485,28934,67682198419,67682198419
2025-06-19 06:10:06,REAL,67682198419,29182,67682227601,67682227601
2025-06-19 06:10:08,REAL,67682227601,29284,67682256885,67682256885
2025-06-19 06:10:10,REAL,67682256885,29183,67682286068,67682286068
2025-06-19 06:10:12,REAL,67682286068,29043,67682315111,67682315111
2025-06-19 06:10:14,REAL,67682315111,28726,67682343837,67682343837
2025-06-19 06:10:16,REAL,67682343837,4128,67682347965,67682347965
2025-06-19 06:10:18,REAL,67682347965,546,67682348511,67682348511
2025-06-19 06:10:20,REAL,67682348511,535,67682349046,67682349046
2025-06-19 06:10:22,REAL,67682349046,544,67682349590,67682349590
2025-06-19 06:10:24,REAL,67682349590,539,67682350129,67682350129
2025-06-19 06:10:26,REAL,67682350129,536,67682350665,67682350665
2025-06-19 06:10:28,REAL,67682350665,592,67682351257,67682351257
2025-06-19 06:10:30,REAL,67682351257,547,67682351804,67682351804
2025-06-19 06:10:32,REAL,67682351804,736,67682352540,67682352540
2025-06-19 06:10:34,REAL,67682352540,598,67682353138,67682353138
2025-06-19 06:10:36,REAL,67682353138,599,67682353737,67682353737
2025-06-19 06:10:38,REAL,67682353737,596,67682354333,67682354333
2025-06-19 06:10:40,REAL,67682354333,595,67682354928,67682354928
2025-06-19 06:10:42,REAL,67682354928,106410,67682461338,67682461338
2025-06-19 06:10:44,REAL,67682461338,163267,67682624605,67682624605
2025-06-19 06:10:46,REAL,67682624605,29084,67682653689,67682653689
2025-06-19 06:10:48,REAL,67682653689,29139,67682682828,67682682828
2025-06-19 06:10:50,REAL,67682682828,29203,67682712031,67682712031
2025-06-19 06:10:52,REAL,67682712031,29005,67682741036,67682741036
2025-06-19 06:10:54,REAL,67682741036,29408,67682770444,67682770444
2025-06-19 06:10:56,REAL,67682770444,29226,67682799670,67682799670
2025-06-19 06:10:58,REAL,67682799670,2524,67682802194,67682802194
2025-06-19 06:11:00,REAL,67682802194,535,67682802729,67682802729
2025-06-19 06:11:02,REAL,67682802729,609,67682803338,67682803338
2025-06-19 06:11:04,REAL,67682803338,539,67682803877,67682803877
2025-06-19 06:11:06,REAL,67682803877,539,67682804416,67682804416
2025-06-19 06:11:08,REAL,67682804416,545,67682804961,67682804961
2025-06-19 06:11:10,REAL,67682804961,537,67682805498,67682805498
2025-06-19 06:11:12,REAL,67682805498,539,67682806037,67682806037
2025-06-19 06:11:14,REAL,67682806037,607,67682806644,67682806644
2025-06-19 06:11:16,REAL,67682806644,541,67682807185,67682807185
2025-06-19 06:11:18,REAL,67682807185,613,67682807798,67682807798
2025-06-19 06:11:20,REAL,67682807798,606,67682808404,67682808404
2025-06-19 06:11:22,REAL,67682808404,542,67682808946,67682808946
2025-06-19 06:11:24,REAL,67682808946,541,67682809487,67682809487
2025-06-19 06:11:26,REAL,67682809487,543,67682810030,67682810030
2025-06-19 06:11:28,REAL,67682810030,537,67682810567,67682810567
2025-06-19 06:11:30,REAL,67682810567,597,67682811164,67682811164
2025-06-19 06:11:32,REAL,67682811164,671,67682811835,67682811835
2025-06-19 06:11:34,REAL,67682811835,543,67682812378,67682812378
2025-06-19 06:11:36,REAL,67682812378,533,67682812911,67682812911
2025-06-19 06:11:38,REAL,67682812911,541,67682813452,67682813452
2025-06-19 06:11:40,REAL,67682813452,544,67682813996,67682813996
2025-06-19 06:11:42,REAL,67682813996,539,67682814535,67682814535
2025-06-19 06:11:44,REAL,67682814535,604,67682815139,67682815139
2025-06-19 06:11:46,REAL,67682815139,539,67682815678,67682815678
2025-06-19 06:11:48,REAL,67682815678,611,67682816289,67682816289
2025-06-19 06:11:50,REAL,67682816289,544,67682816833,67682816833
2025-06-19 06:11:52,REAL,67682816833,532,67682817365,67682817365
2025-06-19 06:11:54,REAL,67682817365,545,67682817910,67682817910
2025-06-19 06:11:56,REAL,67682817910,533,67682818443,67682818443
2025-06-19 06:11:58,REAL,67682818443,538,67682818981,67682818981
2025-06-19 06:12:00,REAL,67682818981,594,67682819575,67682819575
2025-06-19 06:12:02,REAL,67682819575,673,67682820248,67682820248
2025-06-19 06:12:04,REAL,67682820248,597,67682820845,67682820845
2025-06-19 06:12:06,REAL,67682820845,604,67682821449,67682821449
2025-06-19 06:12:08,REAL,67682821449,541,67682821990,67682821990
2025-06-19 06:12:10,REAL,67682821990,531,67682822521,67682822521
2025-06-19 06:12:12,REAL,67682822521,604,67682823125,67682823125
2025-06-19 06:12:14,REAL,67682823125,531,67682823656,67682823656
2025-06-19 06:12:16,REAL,67682823656,540,67682824196,67682824196
2025-06-19 06:12:18,REAL,67682824196,620,67682824816,67682824816
2025-06-19 06:12:20,REAL,67682824816,606,67682825422,67682825422
2025-06-19 06:12:22,REAL,67682825422,22448,67682847870,67682847870
2025-06-19 06:12:24,REAL,67682847870,231022,67683078892,67683078892
2025-06-19 06:12:26,REAL,67683078892,29016,67683107908,67683107908
2025-06-19 06:12:28,REAL,67683107908,29286,67683137194,67683137194
2025-06-19 06:12:30,REAL,67683137194,29364,67683166558,67683166558
2025-06-19 06:12:32,REAL,67683166558,29321,67683195879,67683195879
2025-06-19 06:12:34,REAL,67683195879,29051,67683224930,67683224930
2025-06-19 06:12:36,REAL,67683224930,28880,67683253810,67683253810
2025-06-19 06:12:38,REAL,67683253810,10998,67683264808,67683264808
2025-06-19 06:12:40,REAL,67683264808,535,67683265343,67683265343
2025-06-19 06:12:42,REAL,67683265343,543,67683265886,67683265886
2025-06-19 06:12:44,REAL,67683265886,544,67683266430,67683266430
2025-06-19 06:12:46,REAL,67683266430,531,67683266961,67683266961
2025-06-19 06:12:48,REAL,67683266961,614,67683267575,67683267575
2025-06-19 06:12:50,REAL,67683267575,549,67683268124,67683268124
2025-06-19 06:12:52,REAL,67683268124,545,67683268669,67683268669
2025-06-19 06:12:54,REAL,67683268669,604,67683269273,67683269273
2025-06-19 06:12:56,REAL,67683269273,533,67683269806,67683269806
2025-06-19 06:12:58,REAL,67683269806,598,67683270404,67683270404
2025-06-19 06:13:00,REAL,67683270404,545,67683270949,67683270949
2025-06-19 06:13:02,REAL,67683270949,668,67683271617,67683271617
2025-06-19 06:13:04,REAL,67683271617,533,67683272150,67683272150
2025-06-19 06:13:06,REAL,67683272150,547,67683272697,67683272697
2025-06-19 06:13:08,REAL,67683272697,535,67683273232,67683273232
2025-06-19 06:13:10,REAL,67683273232,603,67683273835,67683273835
2025-06-19 06:13:12,REAL,67683273835,535,67683274370,67683274370
2025-06-19 06:13:14,REAL,67683274370,531,67683274901,67683274901
2025-06-19 06:13:16,REAL,67683274901,541,67683275442,67683275442
2025-06-19 06:13:18,REAL,67683275442,620,67683276062,67683276062
2025-06-19 06:13:20,REAL,67683276062,542,67683276604,67683276604
2025-06-19 06:13:22,REAL,67683276604,538,67683277142,67683277142
2025-06-19 06:13:24,REAL,67683277142,545,67683277687,67683277687
2025-06-19 06:13:26,REAL,67683277687,54900,67683332587,67683332587
2025-06-19 06:13:28,REAL,67683332587,178697,67683511284,67683511284
2025-06-19 06:13:30,REAL,67683511284,28954,67683540238,67683540238
2025-06-19 06:13:32,REAL,67683540238,29042,67683569280,67683569280
2025-06-19 06:13:34,REAL,67683569280,29530,67683598810,67683598810
2025-06-19 06:13:36,REAL,67683598810,29918,67683628728,67683628728
2025-06-19 06:13:38,REAL,67683628728,29084,67683657812,67683657812
2025-06-19 06:13:40,REAL,67683657812,29126,67683686938,67683686938
2025-06-19 06:13:42,REAL,67683686938,7733,67683694671,67683694671
2025-06-19 06:13:44,REAL,67683694671,542,67683695213,67683695213
2025-06-19 06:13:46,REAL,67683695213,545,67683695758,67683695758
2025-06-19 06:13:48,REAL,67683695758,618,67683696376,67683696376
2025-06-19 06:13:50,REAL,67683696376,547,67683696923,67683696923
2025-06-19 06:13:52,REAL,67683696923,600,67683697523,67683697523
2025-06-19 06:13:54,REAL,67683697523,543,67683698066,67683698066
2025-06-19 06:13:56,REAL,67683698066,546,67683698612,67683698612
2025-06-19 06:13:58,REAL,67683698612,83959,67683782571,67683782571
2025-06-19 06:14:00,REAL,67683782571,190373,67683972944,67683972944
2025-06-19 06:14:02,REAL,67683972944,28920,67684001864,67684001864
2025-06-19 06:14:04,REAL,67684001864,29453,67684031317,67684031317
2025-06-19 06:14:06,REAL,67684031317,29306,67684060623,67684060623
2025-06-19 06:14:08,REAL,67684060623,29470,67684090093,67684090093
2025-06-19 06:14:10,REAL,67684090093,29271,67684119364,67684119364
2025-06-19 06:14:12,REAL,67684119364,28529,67684147893,67684147893
2025-06-19 06:14:14,REAL,67684147893,5598,67684153491,67684153491
2025-06-19 06:14:16,REAL,67684153491,663,67684154154,67684154154
2025-06-19 06:14:18,REAL,67684154154,677,67684154831,67684154831
2025-06-19 06:14:20,REAL,67684154831,603,67684155434,67684155434
2025-06-19 06:14:22,REAL,67684155434,598,67684156032,67684156032
2025-06-19 06:14:24,REAL,67684156032,659,67684156691,67684156691
2025-06-19 06:14:26,REAL,67684156691,603,67684157294,67684157294
2025-06-19 06:14:28,REAL,67684157294,601,67684157895,67684157895
2025-06-19 06:14:30,REAL,67684157895,546,67684158441,67684158441
2025-06-19 06:14:32,REAL,67684158441,546,67684158987,67684158987
2025-06-19 06:14:34,REAL,67684158987,609,67684159596,67684159596
2025-06-19 06:14:36,REAL,67684159596,601,67684160197,67684160197
2025-06-19 06:14:38,REAL,67684160197,539,67684160736,67684160736
2025-06-19 06:14:40,REAL,67684160736,598,67684161334,67684161334
2025-06-19 06:14:42,REAL,67684161334,538,67684161872,67684161872
2025-06-19 06:14:44,REAL,67684161872,605,67684162477,67684162477
2025-06-19 06:14:46,REAL,67684162477,543,67684163020,67684163020
2025-06-19 06:14:48,REAL,67684163020,611,67684163631,67684163631
2025-06-19 06:14:50,REAL,67684163631,548,67684164179,67684164179
2025-06-19 06:14:52,REAL,67684164179,538,67684164717,67684164717
2025-06-19 06:14:54,REAL,67684164717,531,67684165248,67684165248
2025-06-19 06:14:56,REAL,67684165248,543,67684165791,67684165791
2025-06-19 06:14:58,REAL,67684165791,537,67684166328,67684166328
2025-06-19 06:15:00,REAL,67684166328,600,67684166928,67684166928
2025-06-19 06:15:02,REAL,67684166928,541,67684167469,67684167469
2025-06-19 06:15:04,REAL,67684167469,615,67684168084,67684168084
2025-06-19 06:15:06,REAL,67684168084,596,67684168680,67684168680
2025-06-19 06:15:08,REAL,67684168680,543,67684169223,67684169223
2025-06-19 06:15:10,REAL,67684169223,534,67684169757,67684169757
2025-06-19 06:15:12,REAL,67684169757,533,67684170290,67684170290
2025-06-19 06:15:14,REAL,67684170290,594,67684170884,67684170884
2025-06-19 06:15:16,REAL,67684170884,602,67684171486,67684171486
2025-06-19 06:15:18,REAL,67684171486,609,67684172095,67684172095
2025-06-19 06:15:20,REAL,67684172095,530,67684172625,67684172625
2025-06-19 06:15:22,REAL,67684172625,535,67684173160,67684173160
2025-06-19 06:15:24,REAL,67684173160,543,67684173703,67684173703
2025-06-19 06:15:26,REAL,67684173703,549,67684174252,67684174252
2025-06-19 06:15:28,REAL,67684174252,538,67684174790,67684174790
2025-06-19 06:15:30,REAL,67684174790,602,67684175392,67684175392
2025-06-19 06:15:32,REAL,67684175392,598,67684175990,67684175990
2025-06-19 06:15:34,REAL,67684175990,684,67684176674,67684176674
2025-06-19 06:15:36,REAL,67684176674,608,67684177282,67684177282
2025-06-19 06:15:38,REAL,67684177282,600,67684177882,67684177882
2025-06-19 06:15:40,REAL,67684177882,539,67684178421,67684178421
2025-06-19 06:15:42,REAL,67684178421,545,67684178966,67684178966
2025-06-19 06:15:44,REAL,67684178966,537,67684179503,67684179503
2025-06-19 06:15:46,REAL,67684179503,543,67684180046,67684180046
2025-06-19 06:15:48,REAL,67684180046,614,67684180660,67684180660
2025-06-19 06:15:50,REAL,67684180660,596,67684181256,67684181256
2025-06-19 06:15:52,REAL,67684181256,548,67684181804,67684181804
2025-06-19 06:15:54,REAL,67684181804,598,67684182402,67684182402
2025-06-19 06:15:56,REAL,67684182402,595,67684182997,67684182997
2025-06-19 06:15:58,REAL,67684182997,541,67684183538,67684183538
2025-06-19 06:16:00,REAL,67684183538,538,67684184076,67684184076
2025-06-19 06:16:02,REAL,67684184076,536,67684184612,67684184612
2025-06-19 06:16:04,REAL,67684184612,613,67684185225,67684185225
2025-06-19 06:16:06,REAL,67684185225,537,67684185762,67684185762
2025-06-19 06:16:08,REAL,67684185762,542,67684186304,67684186304
2025-06-19 06:16:10,REAL,67684186304,601,67684186905,67684186905
2025-06-19 06:16:12,REAL,67684186905,539,67684187444,67684187444
2025-06-19 06:16:14,REAL,67684187444,538,67684187982,67684187982
2025-06-19 06:16:16,REAL,67684187982,542,67684188524,67684188524
2025-06-19 06:16:18,REAL,67684188524,667,67684189191,67684189191
2025-06-19 06:16:20,REAL,67684189191,540,67684189731,67684189731
2025-06-19 06:16:22,REAL,67684189731,534,67684190265,67684190265
2025-06-19 06:16:24,REAL,67684190265,597,67684190862,67684190862
2025-06-19 06:16:26,REAL,67684190862,148860,67684339722,67684339722
2025-06-19 06:16:28,REAL,67684339722,123560,67684463282,67684463282
2025-06-19 06:16:30,REAL,67684463282,29430,67684492712,67684492712
2025-06-19 06:16:32,REAL,67684492712,29121,67684521833,67684521833
2025-06-19 06:16:34,REAL,67684521833,29548,67684551381,67684551381
2025-06-19 06:16:36,REAL,67684551381,29222,67684580603,67684580603
2025-06-19 06:16:38,REAL,67684580603,29680,67684610283,67684610283
2025-06-19 06:16:40,REAL,67684610283,26947,67684637230,67684637230
2025-06-19 06:16:42,REAL,67684637230,538,67684637768,67684637768
2025-06-19 06:16:44,REAL,67684637768,602,67684638370,67684638370
2025-06-19 06:16:46,REAL,67684638370,537,67684638907,67684638907
2025-06-19 06:16:48,REAL,67684638907,625,67684639532,67684639532
2025-06-19 06:16:50,REAL,67684639532,547,67684640079,67684640079
2025-06-19 06:16:52,REAL,67684640079,537,67684640616,67684640616
2025-06-19 06:16:54,REAL,67684640616,545,67684641161,67684641161
2025-06-19 06:16:56,REAL,67684641161,600,67684641761,67684641761
2025-06-19 06:16:58,REAL,67684641761,536,67684642297,67684642297
2025-06-19 06:17:00,REAL,67684642297,542,67684642839,67684642839
2025-06-19 06:17:02,REAL,67684642839,544,67684643383,67684643383
2025-06-19 06:17:04,REAL,67684643383,671,67684644054,67684644054
2025-06-19 06:17:06,REAL,67684644054,541,67684644595,67684644595
2025-06-19 06:17:08,REAL,67684644595,593,67684645188,67684645188
2025-06-19 06:17:10,REAL,67684645188,544,67684645732,67684645732
2025-06-19 06:17:12,REAL,67684645732,595,67684646327,67684646327
2025-06-19 06:17:14,REAL,67684646327,544,67684646871,67684646871
2025-06-19 06:17:16,REAL,67684646871,537,67684647408,67684647408
2025-06-19 06:17:18,REAL,67684647408,374,67684647782,67684647782
2025-06-19 06:17:20,REAL,67684647782,539,67684648321,67684648321
2025-06-19 06:17:22,REAL,67684648321,543,67684648864,67684648864
2025-06-19 06:17:24,REAL,67684648864,550,67684649414,67684649414
2025-06-19 06:17:26,REAL,67684649414,602,67684650016,67684650016
2025-06-19 06:17:28,REAL,67684650016,595,67684650611,67684650611
2025-06-19 06:17:30,REAL,67684650611,536,67684651147,67684651147
2025-06-19 06:17:32,REAL,67684651147,550,67684651697,67684651697
2025-06-19 06:17:34,REAL,67684651697,672,67684652369,67684652369
2025-06-19 06:17:36,REAL,67684652369,536,67684652905,67684652905
2025-06-19 06:17:38,REAL,67684652905,531,67684653436,67684653436
2025-06-19 06:17:40,REAL,67684653436,537,67684653973,67684653973
2025-06-19 06:17:42,REAL,67684653973,545,67684654518,67684654518
2025-06-19 06:17:44,REAL,67684654518,600,67684655118,67684655118
2025-06-19 06:17:46,REAL,67684655118,547,67684655665,67684655665
2025-06-19 06:17:48,REAL,67684655665,676,67684656341,67684656341
2025-06-19 06:17:50,REAL,67684656341,537,67684656878,67684656878
2025-06-19 06:17:52,REAL,67684656878,543,67684657421,67684657421
2025-06-19 06:17:54,REAL,67684657421,546,67684657967,67684657967
2025-06-19 06:17:56,REAL,67684657967,542,67684658509,67684658509
2025-06-19 06:17:58,REAL,67684658509,588,67684659097,67684659097
2025-06-19 06:18:00,REAL,67684659097,595,67684659692,67684659692
2025-06-19 06:18:02,REAL,67684659692,544,67684660236,67684660236
2025-06-19 06:18:04,REAL,67684660236,606,67684660842,67684660842
2025-06-19 06:18:06,REAL,67684660842,538,67684661380,67684661380
2025-06-19 06:18:08,REAL,67684661380,536,67684661916,67684661916
2025-06-19 06:18:10,REAL,67684661916,540,67684662456,67684662456
2025-06-19 06:18:12,REAL,67684662456,595,67684663051,67684663051
2025-06-19 06:18:14,REAL,67684663051,535,67684663586,67684663586
2025-06-19 06:18:16,REAL,67684663586,607,67684664193,67684664193
2025-06-19 06:18:18,REAL,67684664193,612,67684664805,67684664805
2025-06-19 06:18:20,REAL,67684664805,538,67684665343,67684665343
2025-06-19 06:18:22,REAL,67684665343,592,67684665935,67684665935
2025-06-19 06:18:24,REAL,67684665935,534,67684666469,67684666469
2025-06-19 06:18:26,REAL,67684666469,541,67684667010,67684667010
2025-06-19 06:18:28,REAL,67684667010,544,67684667554,67684667554
2025-06-19 06:18:30,REAL,67684667554,540,67684668094,67684668094
2025-06-19 06:18:32,REAL,67684668094,607,67684668701,67684668701
2025-06-19 06:18:34,REAL,67684668701,622,67684669323,67684669323
2025-06-19 06:18:36,REAL,67684669323,598,67684669921,67684669921
2025-06-19 06:18:38,REAL,67684669921,786,67684670707,67684670707
2025-06-19 06:18:40,REAL,67684670707,299,67684671006,67684671006
2025-06-19 06:18:42,REAL,67684671006,534,67684671540,67684671540
2025-06-19 06:18:44,REAL,67684671540,546,67684672086,67684672086
2025-06-19 06:18:46,REAL,67684672086,591,67684672677,67684672677
2025-06-19 06:18:48,REAL,67684672677,594,67684673271,67684673271
2025-06-19 06:18:50,REAL,67684673271,620,67684673891,67684673891
2025-06-19 06:18:52,REAL,67684673891,547,67684674438,67684674438
2025-06-19 06:18:54,REAL,67684674438,539,67684674977,67684674977
2025-06-19 06:18:56,REAL,67684674977,539,67684675516,67684675516
2025-06-19 06:18:58,REAL,67684675516,588,67684676104,67684676104
2025-06-19 06:19:00,REAL,67684676104,545,67684676649,67684676649
2025-06-19 06:19:02,REAL,67684676649,537,67684677186,67684677186
2025-06-19 06:19:04,REAL,67684677186,681,67684677867,67684677867
2025-06-19 06:19:06,REAL,67684677867,543,67684678410,67684678410
2025-06-19 06:19:08,REAL,67684678410,540,67684678950,67684678950
2025-06-19 06:19:10,REAL,67684678950,535,67684679485,67684679485
2025-06-19 06:19:12,REAL,67684679485,600,67684680085,67684680085
2025-06-19 06:19:14,REAL,67684680085,531,67684680616,67684680616
2025-06-19 06:19:16,REAL,67684680616,535,67684681151,67684681151
2025-06-19 06:19:18,REAL,67684681151,537,67684681688,67684681688
2025-06-19 06:19:20,REAL,67684681688,675,67684682363,67684682363
2025-06-19 06:19:22,REAL,67684682363,600,67684682963,67684682963
2025-06-19 06:19:24,REAL,67684682963,537,67684683500,67684683500
2025-06-19 06:19:26,REAL,67684683500,536,67684684036,67684684036
2025-06-19 06:19:28,REAL,67684684036,541,67684684577,67684684577
2025-06-19 06:19:30,REAL,67684684577,546,67684685123,67684685123
2025-06-19 06:19:32,REAL,67684685123,533,67684685656,67684685656
2025-06-19 06:19:34,REAL,67684685656,616,67684686272,67684686272
2025-06-19 06:19:36,REAL,67684686272,654,67684686926,67684686926
2025-06-19 06:19:38,REAL,67684686926,538,67684687464,67684687464
2025-06-19 06:19:40,REAL,67684687464,539,67684688003,67684688003
2025-06-19 06:19:42,REAL,67684688003,534,67684688537,67684688537
2025-06-19 06:19:44,REAL,67684688537,540,67684689077,67684689077
2025-06-19 06:19:46,REAL,67684689077,593,67684689670,67684689670
2025-06-19 06:19:48,REAL,67684689670,537,67684690207,67684690207
2025-06-19 06:19:50,REAL,67684690207,616,67684690823,67684690823
2025-06-19 06:19:52,REAL,67684690823,603,67684691426,67684691426
2025-06-19 06:19:54,REAL,67684691426,272656,67684964082,67684964082
2025-06-19 06:19:56,REAL,67684964082,29399,67684993481,67684993481
2025-06-19 06:19:58,REAL,67684993481,29502,67685022983,67685022983
2025-06-19 06:20:00,REAL,67685022983,29294,67685052277,67685052277
2025-06-19 06:20:02,REAL,67685052277,29650,67685081927,67685081927
2025-06-19 06:20:04,REAL,67685081927,29225,67685111152,67685111152
2025-06-19 06:20:06,REAL,67685111152,29224,67685140376,67685140376
2025-06-19 06:20:08,REAL,67685140376,15422,67685155798,67685155798
2025-06-19 06:20:10,REAL,67685155798,532,67685156330,67685156330
2025-06-19 06:20:12,REAL,67685156330,543,67685156873,67685156873
2025-06-19 06:20:14,REAL,67685156873,539,67685157412,67685157412
2025-06-19 06:20:16,REAL,67685157412,594,67685158006,67685158006
2025-06-19 06:20:18,REAL,67685158006,534,67685158540,67685158540
2025-06-19 06:20:20,REAL,67685158540,612,67685159152,67685159152
2025-06-19 06:20:22,REAL,67685159152,546,67685159698,67685159698
2025-06-19 06:20:24,REAL,67685159698,597,67685160295,67685160295
2025-06-19 06:20:26,REAL,67685160295,603,67685160898,67685160898
2025-06-19 06:20:28,REAL,67685160898,656,67685161554,67685161554
2025-06-19 06:20:30,REAL,67685161554,661,67685162215,67685162215
2025-06-19 06:20:32,REAL,67685162215,590,67685162805,67685162805
2025-06-19 06:20:34,REAL,67685162805,1501,67685164306,67685164306
2025-06-19 06:20:36,REAL,67685164306,280185,67685444491,67685444491
2025-06-19 06:20:38,REAL,67685444491,29572,67685474063,67685474063
2025-06-19 06:20:40,REAL,67685474063,28865,67685502928,67685502928
2025-06-19 06:20:42,REAL,67685502928,29055,67685531983,67685531983
2025-06-19 06:20:44,REAL,67685531983,28907,67685560890,67685560890
2025-06-19 06:20:46,REAL,67685560890,29243,67685590133,67685590133
2025-06-19 06:20:48,REAL,67685590133,29307,67685619440,67685619440
2025-06-19 06:20:50,REAL,67685619440,13863,67685633303,67685633303
2025-06-19 06:20:52,REAL,67685633303,595,67685633898,67685633898
2025-06-19 06:20:54,REAL,67685633898,538,67685634436,67685634436
2025-06-19 06:20:56,REAL,67685634436,538,67685634974,67685634974
2025-06-19 06:20:58,REAL,67685634974,586,67685635560,67685635560
2025-06-19 06:21:00,REAL,67685635560,537,67685636097,67685636097
2025-06-19 06:21:02,REAL,67685636097,538,67685636635,67685636635
2025-06-19 06:21:04,REAL,67685636635,613,67685637248,67685637248
2025-06-19 06:21:06,REAL,67685637248,22407,67685659655,67685659655
2025-06-19 06:21:08,REAL,67685659655,255302,67685914957,67685914957
2025-06-19 06:21:10,REAL,67685914957,29367,67685944324,67685944324
2025-06-19 06:21:12,REAL,67685944324,28907,67685973231,67685973231
2025-06-19 06:21:14,REAL,67685973231,28731,67686001962,67686001962
2025-06-19 06:21:16,REAL,67686001962,28590,67686030552,67686030552
2025-06-19 06:21:18,REAL,67686030552,29186,67686059738,67686059738
2025-06-19 06:21:20,REAL,67686059738,28972,67686088710,67686088710
2025-06-19 06:21:22,REAL,67686088710,11499,67686100209,67686100209
2025-06-19 06:21:24,REAL,67686100209,544,67686100753,67686100753
2025-06-19 06:21:26,REAL,67686100753,531,67686101284,67686101284
2025-06-19 06:21:28,REAL,67686101284,546,67686101830,67686101830
2025-06-19 06:21:30,REAL,67686101830,599,67686102429,67686102429
2025-06-19 06:21:32,REAL,67686102429,534,67686102963,67686102963
2025-06-19 06:21:34,REAL,67686102963,620,67686103583,67686103583
2025-06-19 06:21:36,REAL,67686103583,543,67686104126,67686104126
2025-06-19 06:21:38,REAL,67686104126,601,67686104727,67686104727
2025-06-19 06:21:40,REAL,67686104727,595,67686105322,67686105322
2025-06-19 06:21:42,REAL,67686105322,541,67686105863,67686105863
2025-06-19 06:21:44,REAL,67686105863,545,67686106408,67686106408
2025-06-19 06:21:46,REAL,67686106408,539,67686106947,67686106947
2025-06-19 06:21:48,REAL,67686106947,542,67686107489,67686107489
2025-06-19 06:21:50,REAL,67686107489,614,67686108103,67686108103
2025-06-19 06:21:52,REAL,67686108103,603,67686108706,67686108706
2025-06-19 06:21:54,REAL,67686108706,607,67686109313,67686109313
2025-06-19 06:21:56,REAL,67686109313,543,67686109856,67686109856
2025-06-19 06:21:58,REAL,67686109856,546,67686110402,67686110402
2025-06-19 06:22:00,REAL,67686110402,542,67686110944,67686110944
2025-06-19 06:22:02,REAL,67686110944,533,67686111477,67686111477
2025-06-19 06:22:04,REAL,67686111477,624,67686112101,67686112101
2025-06-19 06:22:06,REAL,67686112101,599,67686112700,67686112700
2025-06-19 06:22:08,REAL,67686112700,542,67686113242,67686113242
2025-06-19 06:22:10,REAL,67686113242,657,67686113899,67686113899
2025-06-19 06:22:12,REAL,67686113899,601,67686114500,67686114500
2025-06-19 06:22:14,REAL,67686114500,601,67686115101,67686115101
2025-06-19 06:22:16,REAL,67686115101,193746,67686308847,67686308847
2025-06-19 06:22:18,REAL,67686308847,75495,67686384342,67686384342
2025-06-19 06:22:20,REAL,67686384342,29285,67686413627,67686413627
2025-06-19 06:22:22,REAL,67686413627,28744,67686442371,67686442371
2025-06-19 06:22:24,REAL,67686442371,29136,67686471507,67686471507
2025-06-19 06:22:26,REAL,67686471507,29065,67686500572,67686500572
2025-06-19 06:22:28,REAL,67686500572,29156,67686529728,67686529728
2025-06-19 06:22:30,REAL,67686529728,22304,67686552032,67686552032
2025-06-19 06:22:32,REAL,67686552032,539,67686552571,67686552571
2025-06-19 06:22:34,REAL,67686552571,615,67686553186,67686553186
2025-06-19 06:22:36,REAL,67686553186,535,67686553721,67686553721
2025-06-19 06:22:38,REAL,67686553721,537,67686554258,67686554258
2025-06-19 06:22:40,REAL,67686554258,547,67686554805,67686554805
2025-06-19 06:22:42,REAL,67686554805,541,67686555346,67686555346
2025-06-19 06:22:44,REAL,67686555346,543,67686555889,67686555889
2025-06-19 06:22:46,REAL,67686555889,675,67686556564,67686556564
2025-06-19 06:22:48,REAL,67686556564,238028,67686794592,67686794592
2025-06-19 06:22:50,REAL,67686794592,67969,67686862561,67686862561
2025-06-19 06:22:52,REAL,67686862561,29091,67686891652,67686891652
2025-06-19 06:22:54,REAL,67686891652,29506,67686921158,67686921158
2025-06-19 06:22:56,REAL,67686921158,29276,67686950434,67686950434
2025-06-19 06:22:58,REAL,67686950434,28815,67686979249,67686979249
2025-06-19 06:23:00,REAL,67686979249,29166,67687008415,67687008415
2025-06-19 06:23:02,REAL,67687008415,20224,67687028639,67687028639
2025-06-19 06:23:04,REAL,67687028639,618,67687029257,67687029257
2025-06-19 06:23:06,REAL,67687029257,541,67687029798,67687029798
2025-06-19 06:23:08,REAL,67687029798,545,67687030343,67687030343
2025-06-19 06:23:10,REAL,67687030343,550,67687030893,67687030893
2025-06-19 06:23:12,REAL,67687030893,532,67687031425,67687031425
2025-06-19 06:23:14,REAL,67687031425,537,67687031962,67687031962
2025-06-19 06:23:16,REAL,67687031962,543,67687032505,67687032505
2025-06-19 06:23:18,REAL,67687032505,600,67687033105,67687033105
2025-06-19 06:23:20,REAL,67687033105,621,67687033726,67687033726
2025-06-19 06:23:22,REAL,67687033726,544,67687034270,67687034270
2025-06-19 06:23:24,REAL,67687034270,547,67687034817,67687034817
2025-06-19 06:23:26,REAL,67687034817,538,67687035355,67687035355
2025-06-19 06:23:28,REAL,67687035355,545,67687035900,67687035900
2025-06-19 06:23:30,REAL,67687035900,533,67687036433,67687036433
2025-06-19 06:23:32,REAL,67687036433,548,67687036981,67687036981
2025-06-19 06:23:34,REAL,67687036981,605,67687037586,67687037586
2025-06-19 06:23:36,REAL,67687037586,662,67687038248,67687038248
2025-06-19 06:23:38,REAL,67687038248,543,67687038791,67687038791
2025-06-19 06:23:40,REAL,67687038791,540,67687039331,67687039331
2025-06-19 06:23:42,REAL,67687039331,601,67687039932,67687039932
2025-06-19 06:23:44,REAL,67687039932,540,67687040472,67687040472
2025-06-19 06:23:46,REAL,67687040472,535,67687041007,67687041007
2025-06-19 06:23:48,REAL,67687041007,534,67687041541,67687041541
2025-06-19 06:23:50,REAL,67687041541,668,67687042209,67687042209
2025-06-19 06:23:52,REAL,67687042209,593,67687042802,67687042802
2025-06-19 06:23:54,REAL,67687042802,590,67687043392,67687043392
2025-06-19 06:23:56,REAL,67687043392,603,67687043995,67687043995
2025-06-19 06:23:58,REAL,67687043995,539,67687044534,67687044534
2025-06-19 06:24:00,REAL,67687044534,542,67687045076,67687045076
2025-06-19 06:24:02,REAL,67687045076,548,67687045624,67687045624
2025-06-19 06:24:04,REAL,67687045624,539,67687046163,67687046163
2025-06-19 06:24:06,REAL,67687046163,614,67687046777,67687046777
2025-06-19 06:24:08,REAL,67687046777,532,67687047309,67687047309
2025-06-19 06:24:10,REAL,67687047309,545,67687047854,67687047854
2025-06-19 06:24:12,REAL,67687047854,662,67687048516,67687048516
2025-06-19 06:24:14,REAL,67687048516,604,67687049120,67687049120
2025-06-19 06:24:16,REAL,67687049120,602,67687049722,67687049722
2025-06-19 06:24:18,REAL,67687049722,544,67687050266,67687050266
2025-06-19 06:24:20,REAL,67687050266,619,67687050885,67687050885
2025-06-19 06:24:22,REAL,67687050885,537,67687051422,67687051422
2025-06-19 06:24:24,REAL,67687051422,540,67687051962,67687051962
2025-06-19 06:24:26,REAL,67687051962,598,67687052560,67687052560
2025-06-19 06:24:28,REAL,67687052560,586,67687053146,67687053146
2025-06-19 06:24:30,REAL,67687053146,543,67687053689,67687053689
2025-06-19 06:24:32,REAL,67687053689,599,67687054288,67687054288
2025-06-19 06:24:34,REAL,67687054288,540,67687054828,67687054828
2025-06-19 06:24:36,REAL,67687054828,612,67687055440,67687055440
2025-06-19 06:24:38,REAL,67687055440,531,67687055971,67687055971
2025-06-19 06:24:40,REAL,67687055971,542,67687056513,67687056513
2025-06-19 06:24:42,REAL,67687056513,543,67687057056,67687057056
2025-06-19 06:24:44,REAL,67687057056,546,67687057602,67687057602
2025-06-19 06:24:46,REAL,67687057602,540,67687058142,67687058142
2025-06-19 06:24:48,REAL,67687058142,609,67687058751,67687058751
2025-06-19 06:24:50,REAL,67687058751,615,67687059366,67687059366
2025-06-19 06:24:52,REAL,67687059366,544,67687059910,67687059910
2025-06-19 06:24:54,REAL,67687059910,614,67687060524,67687060524
2025-06-19 06:24:56,REAL,67687060524,534,67687061058,67687061058
2025-06-19 06:24:58,REAL,67687061058,543,67687061601,67687061601
2025-06-19 06:25:00,REAL,67687061601,540,67687062141,67687062141
2025-06-19 06:25:02,REAL,67687062141,538,67687062679,67687062679
2025-06-19 06:25:04,REAL,67687062679,597,67687063276,67687063276
2025-06-19 06:25:06,REAL,67687063276,618,67687063894,67687063894
2025-06-19 06:25:08,REAL,67687063894,545,67687064439,67687064439
2025-06-19 06:25:10,REAL,67687064439,541,67687064980,67687064980
2025-06-19 06:25:12,REAL,67687064980,536,67687065516,67687065516
2025-06-19 06:25:14,REAL,67687065516,593,67687066109,67687066109
2025-06-19 06:25:16,REAL,67687066109,589,67687066698,67687066698
2025-06-19 06:25:18,REAL,67687066698,545,67687067243,67687067243
2025-06-19 06:25:20,REAL,67687067243,743,67687067986,67687067986
2025-06-19 06:25:22,REAL,67687067986,606,67687068592,67687068592
2025-06-19 06:25:24,REAL,67687068592,595,67687069187,67687069187
2025-06-19 06:25:26,REAL,67687069187,534,67687069721,67687069721
2025-06-19 06:25:28,REAL,67687069721,542,67687070263,67687070263
2025-06-19 06:25:30,REAL,67687070263,532,67687070795,67687070795
2025-06-19 06:25:32,REAL,67687070795,539,67687071334,67687071334
2025-06-19 06:25:34,REAL,67687071334,542,67687071876,67687071876
2025-06-19 06:25:36,REAL,67687071876,611,67687072487,67687072487
2025-06-19 06:25:38,REAL,67687072487,544,67687073031,67687073031
2025-06-19 06:25:40,REAL,67687073031,599,67687073630,67687073630
2025-06-19 06:25:42,REAL,67687073630,536,67687074166,67687074166
2025-06-19 06:25:44,REAL,67687074166,541,67687074707,67687074707
2025-06-19 06:25:46,REAL,67687074707,546,67687075253,67687075253
2025-06-19 06:25:48,REAL,67687075253,546,67687075799,67687075799
2025-06-19 06:25:50,REAL,67687075799,542,67687076341,67687076341
2025-06-19 06:25:52,REAL,67687076341,612,67687076953,67687076953
2025-06-19 06:25:54,REAL,67687076953,543,67687077496,67687077496
2025-06-19 06:25:56,REAL,67687077496,605,67687078101,67687078101
2025-06-19 06:25:58,REAL,67687078101,543,67687078644,67687078644
2025-06-19 06:26:00,REAL,67687078644,545,67687079189,67687079189
2025-06-19 06:26:02,REAL,67687079189,592,67687079781,67687079781
2025-06-19 06:26:04,REAL,67687079781,600,67687080381,67687080381
2025-06-19 06:26:06,REAL,67687080381,616,67687080997,67687080997
2025-06-19 06:26:08,REAL,67687080997,540,67687081537,67687081537
2025-06-19 06:26:10,REAL,67687081537,541,67687082078,67687082078
2025-06-19 06:26:12,REAL,67687082078,600,67687082678,67687082678
2025-06-19 06:26:14,REAL,67687082678,532,67687083210,67687083210
2025-06-19 06:26:16,REAL,67687083210,545,67687083755,67687083755
2025-06-19 06:26:18,REAL,67687083755,546,67687084301,67687084301
2025-06-19 06:26:20,REAL,67687084301,545,67687084846,67687084846
2025-06-19 06:26:22,REAL,67687084846,623,67687085469,67687085469
2025-06-19 06:26:24,REAL,67687085469,537,67687086006,67687086006
2025-06-19 06:26:26,REAL,67687086006,542,67687086548,67687086548
2025-06-19 06:26:28,REAL,67687086548,595,67687087143,67687087143
2025-06-19 06:26:30,REAL,67687087143,543,67687087686,67687087686
2025-06-19 06:26:32,REAL,67687087686,542,67687088228,67687088228
2025-06-19 06:26:34,REAL,67687088228,541,67687088769,67687088769
2025-06-19 06:26:36,REAL,67687088769,616,67687089385,67687089385
2025-06-19 06:26:38,REAL,67687089385,537,67687089922,67687089922
2025-06-19 06:26:40,REAL,67687089922,543,67687090465,67687090465
2025-06-19 06:26:42,REAL,67687090465,542,67687091007,67687091007
2025-06-19 06:26:44,REAL,67687091007,600,67687091607,67687091607
2025-06-19 06:26:46,REAL,67687091607,533,67687092140,67687092140
2025-06-19 06:26:48,REAL,67687092140,548,67687092688,67687092688
2025-06-19 06:26:50,REAL,67687092688,593,67687093281,67687093281
2025-06-19 06:26:52,REAL,67687093281,672,67687093953,67687093953
2025-06-19 06:26:54,REAL,67687093953,534,67687094487,67687094487
2025-06-19 06:26:56,REAL,67687094487,531,67687095018,67687095018
2025-06-19 06:26:58,REAL,67687095018,538,67687095556,67687095556
2025-06-19 06:27:00,REAL,67687095556,597,67687096153,67687096153
2025-06-19 06:27:02,REAL,67687096153,537,67687096690,67687096690
2025-06-19 06:27:04,REAL,67687096690,543,67687097233,67687097233
2025-06-19 06:27:06,REAL,67687097233,617,67687097850,67687097850
2025-06-19 06:27:08,REAL,67687097850,546,67687098396,67687098396
2025-06-19 06:27:10,REAL,67687098396,531,67687098927,67687098927
2025-06-19 06:27:12,REAL,67687098927,543,67687099470,67687099470
2025-06-19 06:27:14,REAL,67687099470,538,67687100008,67687100008
2025-06-19 06:27:16,REAL,67687100008,601,67687100609,67687100609
2025-06-19 06:27:18,REAL,67687100609,206110,67687306719,67687306719
2025-06-19 06:27:20,REAL,67687306719,53097,67687359816,67687359816
2025-06-19 06:27:22,REAL,67687359816,29262,67687389078,67687389078
2025-06-19 06:27:24,REAL,67687389078,28737,67687417815,67687417815
2025-06-19 06:27:26,REAL,67687417815,29079,67687446894,67687446894
2025-06-19 06:27:28,REAL,67687446894,29353,67687476247,67687476247
2025-06-19 06:27:30,REAL,67687476247,29257,67687505504,67687505504
2025-06-19 06:27:32,REAL,67687505504,19964,67687525468,67687525468
2025-06-19 06:27:34,REAL,67687525468,538,67687526006,67687526006
2025-06-19 06:27:36,REAL,67687526006,673,67687526679,67687526679
2025-06-19 06:27:38,REAL,67687526679,543,67687527222,67687527222
2025-06-19 06:27:40,REAL,67687527222,539,67687527761,67687527761
2025-06-19 06:27:42,REAL,67687527761,538,67687528299,67687528299
2025-06-19 06:27:44,REAL,67687528299,542,67687528841,67687528841
2025-06-19 06:27:46,REAL,67687528841,544,67687529385,67687529385
2025-06-19 06:27:48,REAL,67687529385,602,67687529987,67687529987
2025-06-19 06:27:50,REAL,67687529987,600,67687530587,67687530587
2025-06-19 06:27:52,REAL,67687530587,672,67687531259,67687531259
2025-06-19 06:27:54,REAL,67687531259,598,67687531857,67687531857
2025-06-19 06:27:56,REAL,67687531857,535,67687532392,67687532392
2025-06-19 06:27:58,REAL,67687532392,550,67687532942,67687532942
2025-06-19 06:28:00,REAL,67687532942,540,67687533482,67687533482
2025-06-19 06:28:02,REAL,67687533482,592,67687534074,67687534074
2025-06-19 06:28:04,REAL,67687534074,543,67687534617,67687534617
2025-06-19 06:28:06,REAL,67687534617,617,67687535234,67687535234
2025-06-19 06:28:08,REAL,67687535234,540,67687535774,67687535774
2025-06-19 06:28:10,REAL,67687535774,604,67687536378,67687536378
2025-06-19 06:28:12,REAL,67687536378,533,67687536911,67687536911
2025-06-19 06:28:14,REAL,67687536911,536,67687537447,67687537447
2025-06-19 06:28:16,REAL,67687537447,535,67687537982,67687537982
2025-06-19 06:28:18,REAL,67687537982,542,67687538524,67687538524
2025-06-19 06:28:20,REAL,67687538524,532,67687539056,67687539056
2025-06-19 06:28:22,REAL,67687539056,617,67687539673,67687539673
2025-06-19 06:28:24,REAL,67687539673,591,67687540264,67687540264
2025-06-19 06:28:26,REAL,67687540264,598,67687540862,67687540862
2025-06-19 06:28:28,REAL,67687540862,538,67687541400,67687541400
2025-06-19 06:28:30,REAL,67687541400,544,67687541944,67687541944
2025-06-19 06:28:32,REAL,67687541944,543,67687542487,67687542487
2025-06-19 06:28:34,REAL,67687542487,540,67687543027,67687543027
2025-06-19 06:28:36,REAL,67687543027,617,67687543644,67687543644
2025-06-19 06:28:38,REAL,67687543644,540,67687544184,67687544184
2025-06-19 06:28:40,REAL,67687544184,543,67687544727,67687544727
2025-06-19 06:28:42,REAL,67687544727,601,67687545328,67687545328
2025-06-19 06:28:44,REAL,67687545328,538,67687545866,67687545866
2025-06-19 06:28:46,REAL,67687545866,537,67687546403,67687546403
2025-06-19 06:28:48,REAL,67687546403,596,67687546999,67687546999
2025-06-19 06:28:50,REAL,67687546999,535,67687547534,67687547534
2025-06-19 06:28:52,REAL,67687547534,619,67687548153,67687548153
2025-06-19 06:28:54,REAL,67687548153,599,67687548752,67687548752
2025-06-19 06:28:56,REAL,67687548752,538,67687549290,67687549290
2025-06-19 06:28:58,REAL,67687549290,594,67687549884,67687549884
2025-06-19 06:29:00,REAL,67687549884,545,67687550429,67687550429
2025-06-19 06:29:02,REAL,67687550429,537,67687550966,67687550966
2025-06-19 06:29:04,REAL,67687550966,539,67687551505,67687551505
2025-06-19 06:29:06,REAL,67687551505,620,67687552125,67687552125
2025-06-19 06:29:08,REAL,67687552125,532,67687552657,67687552657
2025-06-19 06:29:10,REAL,67687552657,540,67687553197,67687553197
2025-06-19 06:29:12,REAL,67687553197,541,67687553738,67687553738
2025-06-19 06:29:14,REAL,67687553738,598,67687554336,67687554336
2025-06-19 06:29:16,REAL,67687554336,539,67687554875,67687554875
2025-06-19 06:29:18,REAL,67687554875,541,67687555416,67687555416
2025-06-19 06:29:20,REAL,67687555416,535,67687555951,67687555951
2025-06-19 06:29:22,REAL,67687555951,619,67687556570,67687556570
2025-06-19 06:29:24,REAL,67687556570,538,67687557108,67687557108
2025-06-19 06:29:26,REAL,67687557108,538,67687557646,67687557646
2025-06-19 06:29:28,REAL,67687557646,660,67687558306,67687558306
2025-06-19 06:29:30,REAL,67687558306,134688,67687692994,67687692994
2025-06-19 06:29:32,REAL,67687692994,108800,67687801794,67687801794
2025-06-19 06:29:34,REAL,67687801794,28856,67687830650,67687830650
2025-06-19 06:29:36,REAL,67687830650,28673,67687859323,67687859323
2025-06-19 06:29:38,REAL,67687859323,29307,67687888630,67687888630
2025-06-19 06:29:40,REAL,67687888630,29220,67687917850,67687917850
2025-06-19 06:29:42,REAL,67687917850,28979,67687946829,67687946829
2025-06-19 06:29:44,REAL,67687946829,27182,67687974011,67687974011
2025-06-19 06:29:46,REAL,67687974011,600,67687974611,67687974611
2025-06-19 06:29:48,REAL,67687974611,602,67687975213,67687975213
2025-06-19 06:29:50,REAL,67687975213,656,67687975869,67687975869
2025-06-19 06:29:52,REAL,67687975869,679,67687976548,67687976548
2025-06-19 06:29:54,REAL,67687976548,595,67687977143,67687977143
2025-06-19 06:29:56,REAL,67687977143,594,67687977737,67687977737
2025-06-19 06:29:58,REAL,67687977737,605,67687978342,67687978342
2025-06-19 06:30:00,REAL,67687978342,20697,67687999039,67687999039
2025-06-19 06:30:02,REAL,67687999039,233280,67688232319,67688232319
2025-06-19 06:30:04,REAL,67688232319,29424,67688261743,67688261743
2025-06-19 06:30:06,REAL,67688261743,29276,67688291019,67688291019
2025-06-19 06:30:08,REAL,67688291019,29210,67688320229,67688320229
2025-06-19 06:30:10,REAL,67688320229,29298,67688349527,67688349527
2025-06-19 06:30:12,REAL,67688349527,29305,67688378832,67688378832
2025-06-19 06:30:14,REAL,67688378832,29003,67688407835,67688407835
2025-06-19 06:30:16,REAL,67688407835,11577,67688419412,67688419412
2025-06-19 06:30:18,REAL,67688419412,601,67688420013,67688420013
2025-06-19 06:30:20,REAL,67688420013,604,67688420617,67688420617
2025-06-19 06:30:22,REAL,67688420617,619,67688421236,67688421236
2025-06-19 06:30:24,REAL,67688421236,536,67688421772,67688421772
2025-06-19 06:30:26,REAL,67688421772,540,67688422312,67688422312
2025-06-19 06:30:28,REAL,67688422312,539,67688422851,67688422851
2025-06-19 06:30:30,REAL,67688422851,545,67688423396,67688423396
2025-06-19 06:30:32,REAL,67688423396,546,67688423942,67688423942
2025-06-19 06:30:34,REAL,67688423942,598,67688424540,67688424540
2025-06-19 06:30:36,REAL,67688424540,674,67688425214,67688425214
2025-06-19 06:30:38,REAL,67688425214,604,67688425818,67688425818
2025-06-19 06:30:40,REAL,67688425818,603,67688426421,67688426421
2025-06-19 06:30:42,REAL,67688426421,604,67688427025,67688427025
2025-06-19 06:30:44,REAL,67688427025,592,67688427617,67688427617
2025-06-19 06:30:46,REAL,67688427617,535,67688428152,67688428152
2025-06-19 06:30:48,REAL,67688428152,536,67688428688,67688428688
2025-06-19 06:30:50,REAL,67688428688,543,67688429231,67688429231
2025-06-19 06:30:52,REAL,67688429231,619,67688429850,67688429850
2025-06-19 06:30:54,REAL,67688429850,546,67688430396,67688430396
2025-06-19 06:30:56,REAL,67688430396,541,67688430937,67688430937
2025-06-19 06:30:58,REAL,67688430937,599,67688431536,67688431536
2025-06-19 06:31:00,REAL,67688431536,542,67688432078,67688432078
2025-06-19 06:31:02,REAL,67688432078,532,67688432610,67688432610
2025-06-19 06:31:04,REAL,67688432610,542,67688433152,67688433152
2025-06-19 06:31:06,REAL,67688433152,599,67688433751,67688433751
2025-06-19 06:31:08,REAL,67688433751,615,67688434366,67688434366
2025-06-19 06:31:10,REAL,67688434366,546,67688434912,67688434912
2025-06-19 06:31:12,REAL,67688434912,542,67688435454,67688435454
2025-06-19 06:31:14,REAL,67688435454,664,67688436118,67688436118
2025-06-19 06:31:16,REAL,67688436118,597,67688436715,67688436715
2025-06-19 06:31:18,REAL,67688436715,599,67688437314,67688437314
2025-06-19 06:31:20,REAL,67688437314,542,67688437856,67688437856
2025-06-19 06:31:22,REAL,67688437856,612,67688438468,67688438468
2025-06-19 06:31:24,REAL,67688438468,547,67688439015,67688439015
2025-06-19 06:31:26,REAL,67688439015,590,67688439605,67688439605
2025-06-19 06:31:28,REAL,67688439605,544,67688440149,67688440149
2025-06-19 06:31:30,REAL,67688440149,544,67688440693,67688440693
2025-06-19 06:31:32,REAL,67688440693,543,67688441236,67688441236
2025-06-19 06:31:34,REAL,67688441236,600,67688441836,67688441836
2025-06-19 06:31:36,REAL,67688441836,538,67688442374,67688442374
2025-06-19 06:31:38,REAL,67688442374,618,67688442992,67688442992
2025-06-19 06:31:40,REAL,67688442992,596,67688443588,67688443588
2025-06-19 06:31:42,REAL,67688443588,549,67688444137,67688444137
2025-06-19 06:31:44,REAL,67688444137,546,67688444683,67688444683
2025-06-19 06:31:46,REAL,67688444683,549,67688445232,67688445232
2025-06-19 06:31:48,REAL,67688445232,534,67688445766,67688445766
2025-06-19 06:31:50,REAL,67688445766,599,67688446365,67688446365
2025-06-19 06:31:52,REAL,67688446365,615,67688446980,67688446980
2025-06-19 06:31:54,REAL,67688446980,543,67688447523,67688447523
2025-06-19 06:31:56,REAL,67688447523,544,67688448067,67688448067
2025-06-19 06:31:58,REAL,67688448067,544,67688448611,67688448611
2025-06-19 06:32:00,REAL,67688448611,537,67688449148,67688449148
2025-06-19 06:32:02,REAL,67688449148,545,67688449693,67688449693
2025-06-19 06:32:04,REAL,67688449693,547,67688450240,67688450240
2025-06-19 06:32:06,REAL,67688450240,595,67688450835,67688450835
2025-06-19 06:32:08,REAL,67688450835,616,67688451451,67688451451
2025-06-19 06:32:10,REAL,67688451451,587,67688452038,67688452038
2025-06-19 06:32:12,REAL,67688452038,603,67688452641,67688452641
2025-06-19 06:32:14,REAL,67688452641,537,67688453178,67688453178
2025-06-19 06:32:16,REAL,67688453178,539,67688453717,67688453717
2025-06-19 06:32:18,REAL,67688453717,538,67688454255,67688454255
2025-06-19 06:32:20,REAL,67688454255,547,67688454802,67688454802
2025-06-19 06:32:22,REAL,67688454802,679,67688455481,67688455481
2025-06-19 06:32:24,REAL,67688455481,539,67688456020,67688456020
2025-06-19 06:32:26,REAL,67688456020,543,67688456563,67688456563
2025-06-19 06:32:28,REAL,67688456563,538,67688457101,67688457101
2025-06-19 06:32:30,REAL,67688457101,543,67688457644,67688457644
2025-06-19 06:32:32,REAL,67688457644,537,67688458181,67688458181
2025-06-19 06:32:34,REAL,67688458181,539,67688458720,67688458720
2025-06-19 06:32:36,REAL,67688458720,542,67688459262,67688459262
2025-06-19 06:32:38,REAL,67688459262,677,67688459939,67688459939
2025-06-19 06:32:40,REAL,67688459939,535,67688460474,67688460474
2025-06-19 06:32:42,REAL,67688460474,536,67688461010,67688461010
2025-06-19 06:32:44,REAL,67688461010,595,67688461605,67688461605
2025-06-19 06:32:46,REAL,67688461605,542,67688462147,67688462147
2025-06-19 06:32:48,REAL,67688462147,531,67688462678,67688462678
2025-06-19 06:32:50,REAL,67688462678,536,67688463214,67688463214
2025-06-19 06:32:52,REAL,67688463214,622,67688463836,67688463836
2025-06-19 06:32:54,REAL,67688463836,604,67688464440,67688464440
2025-06-19 06:32:56,REAL,67688464440,588,67688465028,67688465028
2025-06-19 06:32:58,REAL,67688465028,543,67688465571,67688465571
2025-06-19 06:33:00,REAL,67688465571,544,67688466115,67688466115
2025-06-19 06:33:02,REAL,67688466115,542,67688466657,67688466657
2025-06-19 06:33:04,REAL,67688466657,536,67688467193,67688467193
2025-06-19 06:33:06,REAL,67688467193,543,67688467736,67688467736
2025-06-19 06:33:08,REAL,67688467736,612,67688468348,67688468348
2025-06-19 06:33:10,REAL,67688468348,592,67688468940,67688468940
2025-06-19 06:33:12,REAL,67688468940,544,67688469484,67688469484
2025-06-19 06:33:14,REAL,67688469484,546,67688470030,67688470030
2025-06-19 06:33:16,REAL,67688470030,545,67688470575,67688470575
2025-06-19 06:33:18,REAL,67688470575,593,67688471168,67688471168
2025-06-19 06:33:20,REAL,67688471168,546,67688471714,67688471714
2025-06-19 06:33:22,REAL,67688471714,545,67688472259,67688472259
2025-06-19 06:33:24,REAL,67688472259,619,67688472878,67688472878
2025-06-19 06:33:26,REAL,67688472878,596,67688473474,67688473474
2025-06-19 06:33:28,REAL,67688473474,539,67688474013,67688474013
2025-06-19 06:33:30,REAL,67688474013,535,67688474548,67688474548
2025-06-19 06:33:32,REAL,67688474548,538,67688475086,67688475086
2025-06-19 06:33:34,REAL,67688475086,534,67688475620,67688475620
2025-06-19 06:33:36,REAL,67688475620,549,67688476169,67688476169
2025-06-19 06:33:38,REAL,67688476169,618,67688476787,67688476787
2025-06-19 06:33:40,REAL,67688476787,595,67688477382,67688477382
2025-06-19 06:33:42,REAL,67688477382,597,67688477979,67688477979
2025-06-19 06:33:44,REAL,67688477979,539,67688478518,67688478518
2025-06-19 06:33:46,REAL,67688478518,594,67688479112,67688479112
2025-06-19 06:33:48,REAL,67688479112,534,67688479646,67688479646
2025-06-19 06:33:50,REAL,67688479646,547,67688480193,67688480193
2025-06-19 06:33:52,REAL,67688480193,539,67688480732,67688480732
2025-06-19 06:33:54,REAL,67688480732,618,67688481350,67688481350
2025-06-19 06:33:56,REAL,67688481350,544,67688481894,67688481894
2025-06-19 06:33:58,REAL,67688481894,363,67688482257,67688482257
2025-06-19 06:34:00,REAL,67688482257,546,67688482803,67688482803
2025-06-19 06:34:02,REAL,67688482803,545,67688483348,67688483348
2025-06-19 06:34:04,REAL,67688483348,545,67688483893,67688483893
2025-06-19 06:34:06,REAL,67688483893,543,67688484436,67688484436
2025-06-19 06:34:08,REAL,67688484436,621,67688485057,67688485057
2025-06-19 06:34:10,REAL,67688485057,539,67688485596,67688485596
2025-06-19 06:34:12,REAL,67688485596,535,67688486131,67688486131
2025-06-19 06:34:14,REAL,67688486131,9139,67688495270,67688495270
2025-06-19 06:34:16,REAL,67688495270,224596,67688719866,67688719866
2025-06-19 06:34:18,REAL,67688719866,28755,67688748621,67688748621
2025-06-19 06:34:20,REAL,67688748621,28814,67688777435,67688777435
2025-06-19 06:34:22,REAL,67688777435,28933,67688806368,67688806368
2025-06-19 06:34:24,REAL,67688806368,28954,67688835322,67688835322
2025-06-19 06:34:26,REAL,67688835322,29407,67688864729,67688864729
2025-06-19 06:34:28,REAL,67688864729,29271,67688894000,67688894000
2025-06-19 06:34:30,REAL,67688894000,12834,67688906834,67688906834
2025-06-19 06:34:32,REAL,67688906834,535,67688907369,67688907369
2025-06-19 06:34:34,REAL,67688907369,542,67688907911,67688907911
2025-06-19 06:34:36,REAL,67688907911,544,67688908455,67688908455
2025-06-19 06:34:38,REAL,67688908455,614,67688909069,67688909069
2025-06-19 06:34:40,REAL,67688909069,540,67688909609,67688909609
2025-06-19 06:34:42,REAL,67688909609,593,67688910202,67688910202
2025-06-19 06:34:44,REAL,67688910202,543,67688910745,67688910745
2025-06-19 06:34:46,REAL,67688910745,596,67688911341,67688911341
2025-06-19 06:34:48,REAL,67688911341,535,67688911876,67688911876
2025-06-19 06:34:50,REAL,67688911876,540,67688912416,67688912416
2025-06-19 06:34:52,REAL,67688912416,540,67688912956,67688912956
2025-06-19 06:34:54,REAL,67688912956,608,67688913564,67688913564
2025-06-19 06:34:56,REAL,67688913564,544,67688914108,67688914108
2025-06-19 06:34:58,REAL,67688914108,540,67688914648,67688914648
2025-06-19 06:35:00,REAL,67688914648,605,67688915253,67688915253
2025-06-19 06:35:02,REAL,67688915253,603,67688915856,67688915856
2025-06-19 06:35:04,REAL,67688915856,548,67688916404,67688916404
2025-06-19 06:35:06,REAL,67688916404,544,67688916948,67688916948
2025-06-19 06:35:08,REAL,67688916948,614,67688917562,67688917562
2025-06-19 06:35:10,REAL,67688917562,595,67688918157,67688918157
2025-06-19 06:35:12,REAL,67688918157,542,67688918699,67688918699
2025-06-19 06:35:14,REAL,67688918699,545,67688919244,67688919244
2025-06-19 06:35:16,REAL,67688919244,543,67688919787,67688919787
2025-06-19 06:35:18,REAL,67688919787,594,67688920381,67688920381
2025-06-19 06:35:20,REAL,67688920381,548,67688920929,67688920929
2025-06-19 06:35:22,REAL,67688920929,546,67688921475,67688921475
2025-06-19 06:35:24,REAL,67688921475,615,67688922090,67688922090
2025-06-19 06:35:26,REAL,67688922090,543,67688922633,67688922633
2025-06-19 06:35:28,REAL,67688922633,548,67688923181,67688923181
2025-06-19 06:35:30,REAL,67688923181,541,67688923722,67688923722
2025-06-19 06:35:32,REAL,67688923722,543,67688924265,67688924265
2025-06-19 06:35:34,REAL,67688924265,591,67688924856,67688924856
2025-06-19 06:35:36,REAL,67688924856,531,67688925387,67688925387
2025-06-19 06:35:38,REAL,67688925387,670,67688926057,67688926057
2025-06-19 06:35:40,REAL,67688926057,539,67688926596,67688926596
2025-06-19 06:35:42,REAL,67688926596,539,67688927135,67688927135
2025-06-19 06:35:44,REAL,67688927135,541,67688927676,67688927676
2025-06-19 06:35:46,REAL,67688927676,595,67688928271,67688928271
2025-06-19 06:35:48,REAL,67688928271,547,67688928818,67688928818
2025-06-19 06:35:50,REAL,67688928818,666,67688929484,67688929484
2025-06-19 06:35:52,REAL,67688929484,599,67688930083,67688930083
2025-06-19 06:35:54,REAL,67688930083,670,67688930753,67688930753
2025-06-19 06:35:56,REAL,67688930753,544,67688931297,67688931297
2025-06-19 06:35:58,REAL,67688931297,532,67688931829,67688931829
2025-06-19 06:36:00,REAL,67688931829,542,67688932371,67688932371
2025-06-19 06:36:02,REAL,67688932371,604,67688932975,67688932975
2025-06-19 06:36:04,REAL,67688932975,535,67688933510,67688933510
2025-06-19 06:36:06,REAL,67688933510,595,67688934105,67688934105
2025-06-19 06:36:08,REAL,67688934105,540,67688934645,67688934645
2025-06-19 06:36:10,REAL,67688934645,671,67688935316,67688935316
2025-06-19 06:36:12,REAL,67688935316,549,67688935865,67688935865
2025-06-19 06:36:14,REAL,67688935865,537,67688936402,67688936402
2025-06-19 06:36:16,REAL,67688936402,540,67688936942,67688936942
2025-06-19 06:36:18,REAL,67688936942,546,67688937488,67688937488
2025-06-19 06:36:20,REAL,67688937488,534,67688938022,67688938022
2025-06-19 06:36:22,REAL,67688938022,535,67688938557,67688938557
2025-06-19 06:36:24,REAL,67688938557,621,67688939178,67688939178
2025-06-19 06:36:26,REAL,67688939178,599,67688939777,67688939777
2025-06-19 06:36:28,REAL,67688939777,598,67688940375,67688940375
2025-06-19 06:36:30,REAL,67688940375,653,67688941028,67688941028
2025-06-19 06:36:32,REAL,67688941028,597,67688941625,67688941625
2025-06-19 06:36:34,REAL,67688941625,602,67688942227,67688942227
2025-06-19 06:36:36,REAL,67688942227,538,67688942765,67688942765
2025-06-19 06:36:38,REAL,67688942765,542,67688943307,67688943307
2025-06-19 06:36:40,REAL,67688943307,618,67688943925,67688943925
2025-06-19 06:36:42,REAL,67688943925,547,67688944472,67688944472
2025-06-19 06:36:44,REAL,67688944472,542,67688945014,67688945014
2025-06-19 06:36:46,REAL,67688945014,537,67688945551,67688945551
2025-06-19 06:36:48,REAL,67688945551,595,67688946146,67688946146
2025-06-19 06:36:50,REAL,67688946146,533,67688946679,67688946679
2025-06-19 06:36:52,REAL,67688946679,541,67688947220,67688947220
2025-06-19 06:36:54,REAL,67688947220,616,67688947836,67688947836
2025-06-19 06:36:56,REAL,67688947836,540,67688948376,67688948376
2025-06-19 06:36:58,REAL,67688948376,539,67688948915,67688948915
2025-06-19 06:37:00,REAL,67688948915,592,67688949507,67688949507
2025-06-19 06:37:02,REAL,67688949507,539,67688950046,67688950046
2025-06-19 06:37:04,REAL,67688950046,598,67688950644,67688950644
2025-06-19 06:37:06,REAL,67688950644,541,67688951185,67688951185
2025-06-19 06:37:08,REAL,67688951185,543,67688951728,67688951728
2025-06-19 06:37:10,REAL,67688951728,609,67688952337,67688952337
2025-06-19 06:37:12,REAL,67688952337,544,67688952881,67688952881
2025-06-19 06:37:14,REAL,67688952881,544,67688953425,67688953425
2025-06-19 06:37:16,REAL,67688953425,591,67688954016,67688954016
2025-06-19 06:37:18,REAL,67688954016,541,67688954557,67688954557
2025-06-19 06:37:20,REAL,67688954557,597,67688955154,67688955154
2025-06-19 06:37:22,REAL,67688955154,547,67688955701,67688955701
2025-06-19 06:37:24,REAL,67688955701,607,67688956308,67688956308
2025-06-19 06:37:26,REAL,67688956308,542,67688956850,67688956850
2025-06-19 06:37:28,REAL,67688956850,549,67688957399,67688957399
2025-06-19 06:37:30,REAL,67688957399,595,67688957994,67688957994
2025-06-19 06:37:32,REAL,67688957994,536,67688958530,67688958530
2025-06-19 06:37:34,REAL,67688958530,537,67688959067,67688959067
2025-06-19 06:37:36,REAL,67688959067,602,67688959669,67688959669
2025-06-19 06:37:38,REAL,67688959669,543,67688960212,67688960212
2025-06-19 06:37:40,REAL,67688960212,618,67688960830,67688960830
2025-06-19 06:37:42,REAL,67688960830,540,67688961370,67688961370
2025-06-19 06:37:44,REAL,67688961370,548,67688961918,67688961918
2025-06-19 06:37:46,REAL,67688961918,536,67688962454,67688962454
2025-06-19 06:37:48,REAL,67688962454,541,67688962995,67688962995
2025-06-19 06:37:50,REAL,67688962995,538,67688963533,67688963533
2025-06-19 06:37:52,REAL,67688963533,598,67688964131,67688964131
2025-06-19 06:37:54,REAL,67688964131,620,67688964751,67688964751
2025-06-19 06:37:56,REAL,67688964751,542,67688965293,67688965293
2025-06-19 06:37:58,REAL,67688965293,593,67688965886,67688965886
2025-06-19 06:38:00,REAL,67688965886,599,67688966485,67688966485
2025-06-19 06:38:02,REAL,67688966485,534,67688967019,67688967019
2025-06-19 06:38:04,REAL,67688967019,545,67688967564,67688967564
2025-06-19 06:38:06,REAL,67688967564,542,67688968106,67688968106
2025-06-19 06:38:08,REAL,67688968106,599,67688968705,67688968705
2025-06-19 06:38:10,REAL,67688968705,614,67688969319,67688969319
2025-06-19 06:38:12,REAL,67688969319,539,67688969858,67688969858
2025-06-19 06:38:14,REAL,67688969858,539,67688970397,67688970397
2025-06-19 06:38:16,REAL,67688970397,547,67688970944,67688970944
2025-06-19 06:38:18,REAL,67688970944,544,67688971488,67688971488
2025-06-19 06:38:20,REAL,67688971488,536,67688972024,67688972024
2025-06-19 06:38:22,REAL,67688972024,594,67688972618,67688972618
2025-06-19 06:38:24,REAL,67688972618,619,67688973237,67688973237
2025-06-19 06:38:26,REAL,67688973237,540,67688973777,67688973777
2025-06-19 06:38:28,REAL,67688973777,547,67688974324,67688974324
2025-06-19 06:38:30,REAL,67688974324,544,67688974868,67688974868
2025-06-19 06:38:32,REAL,67688974868,595,67688975463,67688975463
2025-06-19 06:38:34,REAL,67688975463,540,67688976003,67688976003
2025-06-19 06:38:36,REAL,67688976003,540,67688976543,67688976543
2025-06-19 06:38:38,REAL,67688976543,597,67688977140,67688977140
2025-06-19 06:38:40,REAL,67688977140,155189,67689132329,67689132329
2025-06-19 06:38:42,REAL,67689132329,113891,67689246220,67689246220
2025-06-19 06:38:44,REAL,67689246220,28984,67689275204,67689275204
2025-06-19 06:38:46,REAL,67689275204,29316,67689304520,67689304520
2025-06-19 06:38:48,REAL,67689304520,29271,67689333791,67689333791
2025-06-19 06:38:50,REAL,67689333791,29229,67689363020,67689363020
2025-06-19 06:38:52,REAL,67689363020,29107,67689392127,67689392127
2025-06-19 06:38:54,REAL,67689392127,26050,67689418177,67689418177
2025-06-19 06:38:56,REAL,67689418177,534,67689418711,67689418711
2025-06-19 06:38:58,REAL,67689418711,545,67689419256,67689419256
2025-06-19 06:39:00,REAL,67689419256,545,67689419801,67689419801
2025-06-19 06:39:02,REAL,67689419801,535,67689420336,67689420336
2025-06-19 06:39:04,REAL,67689420336,547,67689420883,67689420883
2025-06-19 06:39:06,REAL,67689420883,592,67689421475,67689421475
2025-06-19 06:39:08,REAL,67689421475,546,67689422021,67689422021
2025-06-19 06:39:10,REAL,67689422021,668,67689422689,67689422689
2025-06-19 06:39:12,REAL,67689422689,532,67689423221,67689423221
2025-06-19 06:39:14,REAL,67689423221,546,67689423767,67689423767
2025-06-19 06:39:16,REAL,67689423767,548,67689424315,67689424315
2025-06-19 06:39:18,REAL,67689424315,534,67689424849,67689424849
2025-06-19 06:39:20,REAL,67689424849,541,67689425390,67689425390
2025-06-19 06:39:22,REAL,67689425390,542,67689425932,67689425932
2025-06-19 06:39:24,REAL,67689425932,671,67689426603,67689426603
2025-06-19 06:39:26,REAL,67689426603,598,67689427201,67689427201
2025-06-19 06:39:28,REAL,67689427201,594,67689427795,67689427795
2025-06-19 06:39:30,REAL,67689427795,592,67689428387,67689428387
2025-06-19 06:39:32,REAL,67689428387,602,67689428989,67689428989
2025-06-19 06:39:34,REAL,67689428989,531,67689429520,67689429520
2025-06-19 06:39:36,REAL,67689429520,543,67689430063,67689430063
2025-06-19 06:39:38,REAL,67689430063,548,67689430611,67689430611
2025-06-19 06:39:40,REAL,67689430611,662,67689431273,67689431273
2025-06-19 06:39:42,REAL,67689431273,539,67689431812,67689431812
2025-06-19 06:39:44,REAL,67689431812,546,67689432358,67689432358
2025-06-19 06:39:46,REAL,67689432358,549,67689432907,67689432907
2025-06-19 06:39:48,REAL,67689432907,599,67689433506,67689433506
2025-06-19 06:39:50,REAL,67689433506,543,67689434049,67689434049
2025-06-19 06:39:52,REAL,67689434049,537,67689434586,67689434586
2025-06-19 06:39:54,REAL,67689434586,615,67689435201,67689435201
2025-06-19 06:39:56,REAL,67689435201,538,67689435739,67689435739
2025-06-19 06:39:58,REAL,67689435739,540,67689436279,67689436279
2025-06-19 06:40:00,REAL,67689436279,548,67689436827,67689436827
2025-06-19 06:40:02,REAL,67689436827,538,67689437365,67689437365
2025-06-19 06:40:04,REAL,67689437365,596,67689437961,67689437961
2025-06-19 06:40:06,REAL,67689437961,541,67689438502,67689438502
2025-06-19 06:40:08,REAL,67689438502,536,67689439038,67689439038
2025-06-19 06:40:10,REAL,67689439038,667,67689439705,67689439705
2025-06-19 06:40:12,REAL,67689439705,540,67689440245,67689440245
2025-06-19 06:40:14,REAL,67689440245,601,67689440846,67689440846
2025-06-19 06:40:16,REAL,67689440846,535,67689441381,67689441381
2025-06-19 06:40:18,REAL,67689441381,539,67689441920,67689441920
2025-06-19 06:40:20,REAL,67689441920,67221,67689509141,67689509141
2025-06-19 06:40:22,REAL,67689509141,202988,67689712129,67689712129
2025-06-19 06:40:24,REAL,67689712129,28797,67689740926,67689740926
2025-06-19 06:40:26,REAL,67689740926,29347,67689770273,67689770273
2025-06-19 06:40:28,REAL,67689770273,28795,67689799068,67689799068
2025-06-19 06:40:30,REAL,67689799068,29422,67689828490,67689828490
2025-06-19 06:40:32,REAL,67689828490,28816,67689857306,67689857306
2025-06-19 06:40:34,REAL,67689857306,29454,67689886760,67689886760
2025-06-19 06:40:36,REAL,67689886760,6404,67689893164,67689893164
2025-06-19 06:40:38,REAL,67689893164,537,67689893701,67689893701
2025-06-19 06:40:40,REAL,67689893701,615,67689894316,67689894316
2025-06-19 06:40:42,REAL,67689894316,544,67689894860,67689894860
2025-06-19 06:40:44,REAL,67689894860,541,67689895401,67689895401
2025-06-19 06:40:46,REAL,67689895401,530,67689895931,67689895931
2025-06-19 06:40:48,REAL,67689895931,536,67689896467,67689896467
2025-06-19 06:40:50,REAL,67689896467,597,67689897064,67689897064
2025-06-19 06:40:52,REAL,67689897064,598,67689897662,67689897662
2025-06-19 06:40:54,REAL,67689897662,537,67689898199,67689898199
2025-06-19 06:40:56,REAL,67689898199,617,67689898816,67689898816
2025-06-19 06:40:58,REAL,67689898816,545,67689899361,67689899361
2025-06-19 06:41:00,REAL,67689899361,532,67689899893,67689899893
2025-06-19 06:41:02,REAL,67689899893,532,67689900425,67689900425
2025-06-19 06:41:04,REAL,67689900425,595,67689901020,67689901020
2025-06-19 06:41:06,REAL,67689901020,544,67689901564,67689901564
2025-06-19 06:41:08,REAL,67689901564,602,67689902166,67689902166
2025-06-19 06:41:10,REAL,67689902166,624,67689902790,67689902790
2025-06-19 06:41:12,REAL,67689902790,549,67689903339,67689903339
2025-06-19 06:41:14,REAL,67689903339,547,67689903886,67689903886
2025-06-19 06:41:16,REAL,67689903886,541,67689904427,67689904427
2025-06-19 06:41:18,REAL,67689904427,540,67689904967,67689904967
2025-06-19 06:41:20,REAL,67689904967,538,67689905505,67689905505
2025-06-19 06:41:22,REAL,67689905505,544,67689906049,67689906049
2025-06-19 06:41:24,REAL,67689906049,658,67689906707,67689906707
2025-06-19 06:41:26,REAL,67689906707,614,67689907321,67689907321
2025-06-19 06:41:28,REAL,67689907321,535,67689907856,67689907856
2025-06-19 06:41:30,REAL,67689907856,542,67689908398,67689908398
2025-06-19 06:41:32,REAL,67689908398,538,67689908936,67689908936
2025-06-19 06:41:34,REAL,67689908936,546,67689909482,67689909482
2025-06-19 06:41:36,REAL,67689909482,535,67689910017,67689910017
2025-06-19 06:41:38,REAL,67689910017,537,67689910554,67689910554
2025-06-19 06:41:40,REAL,67689910554,677,67689911231,67689911231
2025-06-19 06:41:42,REAL,67689911231,542,67689911773,67689911773
2025-06-19 06:41:44,REAL,67689911773,538,67689912311,67689912311
2025-06-19 06:41:46,REAL,67689912311,543,67689912854,67689912854
2025-06-19 06:41:48,REAL,67689912854,539,67689913393,67689913393
2025-06-19 06:41:50,REAL,67689913393,594,67689913987,67689913987
2025-06-19 06:41:52,REAL,67689913987,547,67689914534,67689914534
2025-06-19 06:41:54,REAL,67689914534,536,67689915070,67689915070
2025-06-19 06:41:56,REAL,67689915070,671,67689915741,67689915741
2025-06-19 06:41:58,REAL,67689915741,540,67689916281,67689916281
2025-06-19 06:42:00,REAL,67689916281,600,67689916881,67689916881
2025-06-19 06:42:02,REAL,67689916881,547,67689917428,67689917428
2025-06-19 06:42:04,REAL,67689917428,547,67689917975,67689917975
2025-06-19 06:42:06,REAL,67689917975,541,67689918516,67689918516
2025-06-19 06:42:08,REAL,67689918516,541,67689919057,67689919057
2025-06-19 06:42:10,REAL,67689919057,614,67689919671,67689919671
2025-06-19 06:42:12,REAL,67689919671,604,67689920275,67689920275
2025-06-19 06:42:14,REAL,67689920275,543,67689920818,67689920818
2025-06-19 06:42:16,REAL,67689920818,531,67689921349,67689921349
2025-06-19 06:42:18,REAL,67689921349,546,67689921895,67689921895
2025-06-19 06:42:20,REAL,67689921895,545,67689922440,67689922440
2025-06-19 06:42:22,REAL,67689922440,543,67689922983,67689922983
2025-06-19 06:42:24,REAL,67689922983,549,67689923532,67689923532
2025-06-19 06:42:26,REAL,67689923532,609,67689924141,67689924141
2025-06-19 06:42:28,REAL,67689924141,604,67689924745,67689924745
2025-06-19 06:42:30,REAL,67689924745,550,67689925295,67689925295
2025-06-19 06:42:32,REAL,67689925295,534,67689925829,67689925829
2025-06-19 06:42:34,REAL,67689925829,595,67689926424,67689926424
2025-06-19 06:42:36,REAL,67689926424,545,67689926969,67689926969
2025-06-19 06:42:38,REAL,67689926969,598,67689927567,67689927567
2025-06-19 06:42:40,REAL,67689927567,614,67689928181,67689928181
2025-06-19 06:42:42,REAL,67689928181,601,67689928782,67689928782
2025-06-19 06:42:44,REAL,67689928782,541,67689929323,67689929323
2025-06-19 06:42:46,REAL,67689929323,538,67689929861,67689929861
2025-06-19 06:42:48,REAL,67689929861,547,67689930408,67689930408
2025-06-19 06:42:50,REAL,67689930408,531,67689930939,67689930939
2025-06-19 06:42:52,REAL,67689930939,542,67689931481,67689931481
2025-06-19 06:42:54,REAL,67689931481,535,67689932016,67689932016
2025-06-19 06:42:56,REAL,67689932016,616,67689932632,67689932632
2025-06-19 06:42:58,REAL,67689932632,605,67689933237,67689933237
2025-06-19 06:43:00,REAL,67689933237,546,67689933783,67689933783
2025-06-19 06:43:02,REAL,67689933783,535,67689934318,67689934318
2025-06-19 06:43:04,REAL,67689934318,535,67689934853,67689934853
2025-06-19 06:43:06,REAL,67689934853,539,67689935392,67689935392
2025-06-19 06:43:08,REAL,67689935392,597,67689935989,67689935989
2025-06-19 06:43:10,REAL,67689935989,540,67689936529,67689936529
2025-06-19 06:43:12,REAL,67689936529,621,67689937150,67689937150
2025-06-19 06:43:14,REAL,67689937150,591,67689937741,67689937741
2025-06-19 06:43:16,REAL,67689937741,537,67689938278,67689938278
2025-06-19 06:43:18,REAL,67689938278,536,67689938814,67689938814
2025-06-19 06:43:20,REAL,67689938814,540,67689939354,67689939354
2025-06-19 06:43:22,REAL,67689939354,536,67689939890,67689939890
2025-06-19 06:43:24,REAL,67689939890,541,67689940431,67689940431
2025-06-19 06:43:26,REAL,67689940431,612,67689941043,67689941043
2025-06-19 06:43:28,REAL,67689941043,593,67689941636,67689941636
2025-06-19 06:43:30,REAL,67689941636,601,67689942237,67689942237
2025-06-19 06:43:32,REAL,67689942237,595,67689942832,67689942832
2025-06-19 06:43:34,REAL,67689942832,598,67689943430,67689943430
2025-06-19 06:43:36,REAL,67689943430,662,67689944092,67689944092
2025-06-19 06:43:38,REAL,67689944092,596,67689944688,67689944688
2025-06-19 06:43:40,REAL,67689944688,601,67689945289,67689945289
2025-06-19 06:43:42,REAL,67689945289,172317,67690117606,67690117606
2025-06-19 06:43:44,REAL,67690117606,104615,67690222221,67690222221
2025-06-19 06:43:46,REAL,67690222221,29276,67690251497,67690251497
2025-06-19 06:43:48,REAL,67690251497,29305,67690280802,67690280802
2025-06-19 06:43:50,REAL,67690280802,29337,67690310139,67690310139
2025-06-19 06:43:52,REAL,67690310139,28524,67690338663,67690338663
2025-06-19 06:43:54,REAL,67690338663,29160,67690367823,67690367823
2025-06-19 06:43:56,REAL,67690367823,24258,67690392081,67690392081
2025-06-19 06:43:58,REAL,67690392081,539,67690392620,67690392620
2025-06-19 06:44:00,REAL,67690392620,543,67690393163,67690393163
2025-06-19 06:44:02,REAL,67690393163,540,67690393703,67690393703
2025-06-19 06:44:04,REAL,67690393703,542,67690394245,67690394245
2025-06-19 06:44:06,REAL,67690394245,535,67690394780,67690394780
2025-06-19 06:44:08,REAL,67690394780,541,67690395321,67690395321
2025-06-19 06:44:10,REAL,67690395321,549,67690395870,67690395870
2025-06-19 06:44:12,REAL,67690395870,733,67690396603,67690396603
2025-06-19 06:44:14,REAL,67690396603,540,67690397143,67690397143
2025-06-19 06:44:16,REAL,67690397143,549,67690397692,67690397692
2025-06-19 06:44:18,REAL,67690397692,546,67690398238,67690398238
2025-06-19 06:44:20,REAL,67690398238,544,67690398782,67690398782
2025-06-19 06:44:22,REAL,67690398782,537,67690399319,67690399319
2025-06-19 06:44:24,REAL,67690399319,538,67690399857,67690399857
2025-06-19 06:44:26,REAL,67690399857,610,67690400467,67690400467
2025-06-19 06:44:28,REAL,67690400467,601,67690401068,67690401068
2025-06-19 06:44:30,REAL,67690401068,595,67690401663,67690401663
2025-06-19 06:44:32,REAL,67690401663,538,67690402201,67690402201
2025-06-19 06:44:34,REAL,67690402201,532,67690402733,67690402733
2025-06-19 06:44:36,REAL,67690402733,546,67690403279,67690403279
2025-06-19 06:44:38,REAL,67690403279,540,67690403819,67690403819
2025-06-19 06:44:40,REAL,67690403819,533,67690404352,67690404352
2025-06-19 06:44:42,REAL,67690404352,665,67690405017,67690405017
2025-06-19 06:44:44,REAL,67690405017,599,67690405616,67690405616
2025-06-19 06:44:46,REAL,67690405616,604,67690406220,67690406220
2025-06-19 06:44:48,REAL,67690406220,600,67690406820,67690406820
2025-06-19 06:44:50,REAL,67690406820,89602,67690496422,67690496422
2025-06-19 06:44:52,REAL,67690496422,204295,67690700717,67690700717
2025-06-19 06:44:54,REAL,67690700717,29164,67690729881,67690729881
2025-06-19 06:44:56,REAL,67690729881,29030,67690758911,67690758911
2025-06-19 06:44:58,REAL,67690758911,29089,67690788000,67690788000
2025-06-19 06:45:00,REAL,67690788000,29919,67690817919,67690817919
2025-06-19 06:45:02,REAL,67690817919,29106,67690847025,67690847025
2025-06-19 06:45:04,REAL,67690847025,29179,67690876204,67690876204
2025-06-19 06:45:06,REAL,67690876204,5952,67690882156,67690882156
2025-06-19 06:45:08,REAL,67690882156,600,67690882756,67690882756
2025-06-19 06:45:10,REAL,67690882756,600,67690883356,67690883356
2025-06-19 06:45:12,REAL,67690883356,672,67690884028,67690884028
2025-06-19 06:45:14,REAL,67690884028,531,67690884559,67690884559
2025-06-19 06:45:16,REAL,67690884559,541,67690885100,67690885100
2025-06-19 06:45:18,REAL,67690885100,534,67690885634,67690885634
2025-06-19 06:45:20,REAL,67690885634,543,67690886177,67690886177
2025-06-19 06:45:22,REAL,67690886177,533,67690886710,67690886710
2025-06-19 06:45:24,REAL,67690886710,535,67690887245,67690887245
2025-06-19 06:45:26,REAL,67690887245,595,67690887840,67690887840
2025-06-19 06:45:28,REAL,67690887840,612,67690888452,67690888452
2025-06-19 06:45:30,REAL,67690888452,538,67690888990,67690888990
2025-06-19 06:45:32,REAL,67690888990,539,67690889529,67690889529
2025-06-19 06:45:34,REAL,67690889529,539,67690890068,67690890068
2025-06-19 06:45:36,REAL,67690890068,547,67690890615,67690890615
2025-06-19 06:45:38,REAL,67690890615,536,67690891151,67690891151
2025-06-19 06:45:40,REAL,67690891151,644,67690891795,67690891795
2025-06-19 06:45:42,REAL,67690891795,676,67690892471,67690892471
2025-06-19 06:45:44,REAL,67690892471,541,67690893012,67690893012
2025-06-19 06:45:46,REAL,67690893012,543,67690893555,67690893555
2025-06-19 06:45:48,REAL,67690893555,538,67690894093,67690894093
2025-06-19 06:45:50,REAL,67690894093,535,67690894628,67690894628
2025-06-19 06:45:52,REAL,67690894628,543,67690895171,67690895171
2025-06-19 06:45:54,REAL,67690895171,545,67690895716,67690895716
2025-06-19 06:45:56,REAL,67690895716,548,67690896264,67690896264
2025-06-19 06:45:58,REAL,67690896264,671,67690896935,67690896935
2025-06-19 06:46:00,REAL,67690896935,537,67690897472,67690897472
2025-06-19 06:46:02,REAL,67690897472,530,67690898002,67690898002
2025-06-19 06:46:04,REAL,67690898002,547,67690898549,67690898549
2025-06-19 06:46:06,REAL,67690898549,539,67690899088,67690899088
2025-06-19 06:46:08,REAL,67690899088,547,67690899635,67690899635
2025-06-19 06:46:10,REAL,67690899635,591,67690900226,67690900226
2025-06-19 06:46:12,REAL,67690900226,621,67690900847,67690900847
2025-06-19 06:46:14,REAL,67690900847,598,67690901445,67690901445
2025-06-19 06:46:16,REAL,67690901445,532,67690901977,67690901977
2025-06-19 06:46:18,REAL,67690901977,533,67690902510,67690902510
2025-06-19 06:46:20,REAL,67690902510,542,67690903052,67690903052
2025-06-19 06:46:22,REAL,67690903052,550,67690903602,67690903602
2025-06-19 06:46:24,REAL,67690903602,541,67690904143,67690904143
2025-06-19 06:46:26,REAL,67690904143,542,67690904685,67690904685
2025-06-19 06:46:28,REAL,67690904685,620,67690905305,67690905305
2025-06-19 06:46:30,REAL,67690905305,664,67690905969,67690905969
2025-06-19 06:46:32,REAL,67690905969,548,67690906517,67690906517
2025-06-19 06:46:34,REAL,67690906517,543,67690907060,67690907060
2025-06-19 06:46:36,REAL,67690907060,544,67690907604,67690907604
2025-06-19 06:46:38,REAL,67690907604,548,67690908152,67690908152
2025-06-19 06:46:40,REAL,67690908152,590,67690908742,67690908742
2025-06-19 06:46:42,REAL,67690908742,612,67690909354,67690909354
2025-06-19 06:46:44,REAL,67690909354,545,67690909899,67690909899
2025-06-19 06:46:46,REAL,67690909899,598,67690910497,67690910497
2025-06-19 06:46:48,REAL,67690910497,538,67690911035,67690911035
2025-06-19 06:46:50,REAL,67690911035,608,67690911643,67690911643
2025-06-19 06:46:52,REAL,67690911643,534,67690912177,67690912177
2025-06-19 06:46:54,REAL,67690912177,538,67690912715,67690912715
2025-06-19 06:46:56,REAL,67690912715,540,67690913255,67690913255
2025-06-19 06:46:58,REAL,67690913255,620,67690913875,67690913875
2025-06-19 06:47:00,REAL,67690913875,532,67690914407,67690914407
2025-06-19 06:47:02,REAL,67690914407,601,67690915008,67690915008
2025-06-19 06:47:04,REAL,67690915008,544,67690915552,67690915552
2025-06-19 06:47:06,REAL,67690915552,537,67690916089,67690916089
2025-06-19 06:47:08,REAL,67690916089,598,67690916687,67690916687
2025-06-19 06:47:10,REAL,67690916687,539,67690917226,67690917226
2025-06-19 06:47:12,REAL,67690917226,620,67690917846,67690917846
2025-06-19 06:47:14,REAL,67690917846,536,67690918382,67690918382
2025-06-19 06:47:16,REAL,67690918382,537,67690918919,67690918919
2025-06-19 06:47:18,REAL,67690918919,655,67690919574,67690919574
2025-06-19 06:47:20,REAL,67690919574,537,67690920111,67690920111
2025-06-19 06:47:22,REAL,67690920111,542,67690920653,67690920653
2025-06-19 06:47:24,REAL,67690920653,544,67690921197,67690921197
2025-06-19 06:47:26,REAL,67690921197,550,67690921747,67690921747
2025-06-19 06:47:28,REAL,67690921747,612,67690922359,67690922359
2025-06-19 06:47:30,REAL,67690922359,543,67690922902,67690922902
2025-06-19 06:47:32,REAL,67690922902,532,67690923434,67690923434
2025-06-19 06:47:34,REAL,67690923434,658,67690924092,67690924092
2025-06-19 06:47:36,REAL,67690924092,594,67690924686,67690924686
2025-06-19 06:47:38,REAL,67690924686,607,67690925293,67690925293
2025-06-19 06:47:40,REAL,67690925293,162063,67691087356,67691087356
2025-06-19 06:47:42,REAL,67691087356,114007,67691201363,67691201363
2025-06-19 06:47:44,REAL,67691201363,29141,67691230504,67691230504
2025-06-19 06:47:46,REAL,67691230504,28913,67691259417,67691259417
2025-06-19 06:47:48,REAL,67691259417,29013,67691288430,67691288430
2025-06-19 06:47:50,REAL,67691288430,29004,67691317434,67691317434
2025-06-19 06:47:52,REAL,67691317434,29193,67691346627,67691346627
2025-06-19 06:47:54,REAL,67691346627,26226,67691372853,67691372853
2025-06-19 06:47:56,REAL,67691372853,604,67691373457,67691373457
2025-06-19 06:47:58,REAL,67691373457,673,67691374130,67691374130
2025-06-19 06:48:00,REAL,67691374130,603,67691374733,67691374733
2025-06-19 06:48:02,REAL,67691374733,542,67691375275,67691375275
2025-06-19 06:48:04,REAL,67691375275,542,67691375817,67691375817
2025-06-19 06:48:06,REAL,67691375817,539,67691376356,67691376356
2025-06-19 06:48:08,REAL,67691376356,651,67691377007,67691377007
2025-06-19 06:48:10,REAL,67691377007,535,67691377542,67691377542
2025-06-19 06:48:12,REAL,67691377542,543,67691378085,67691378085
2025-06-19 06:48:14,REAL,67691378085,609,67691378694,67691378694
2025-06-19 06:48:16,REAL,67691378694,602,67691379296,67691379296
2025-06-19 06:48:18,REAL,67691379296,544,67691379840,67691379840
2025-06-19 06:48:20,REAL,67691379840,542,67691380382,67691380382
2025-06-19 06:48:22,REAL,67691380382,538,67691380920,67691380920
2025-06-19 06:48:24,REAL,67691380920,541,67691381461,67691381461
2025-06-19 06:48:26,REAL,67691381461,542,67691382003,67691382003
2025-06-19 06:48:28,REAL,67691382003,670,67691382673,67691382673
2025-06-19 06:48:30,REAL,67691382673,535,67691383208,67691383208
2025-06-19 06:48:32,REAL,67691383208,601,67691383809,67691383809
2025-06-19 06:48:34,REAL,67691383809,542,67691384351,67691384351
2025-06-19 06:48:36,REAL,67691384351,544,67691384895,67691384895
2025-06-19 06:48:38,REAL,67691384895,539,67691385434,67691385434
2025-06-19 06:48:40,REAL,67691385434,541,67691385975,67691385975
2025-06-19 06:48:42,REAL,67691385975,536,67691386511,67691386511
2025-06-19 06:48:44,REAL,67691386511,618,67691387129,67691387129
2025-06-19 06:48:46,REAL,67691387129,543,67691387672,67691387672
2025-06-19 06:48:48,REAL,67691387672,596,67691388268,67691388268
2025-06-19 06:48:50,REAL,67691388268,592,67691388860,67691388860
2025-06-19 06:48:52,REAL,67691388860,535,67691389395,67691389395
2025-06-19 06:48:54,REAL,67691389395,535,67691389930,67691389930
2025-06-19 06:48:56,REAL,67691389930,599,67691390529,67691390529
2025-06-19 06:48:58,REAL,67691390529,607,67691391136,67691391136
2025-06-19 06:49:00,REAL,67691391136,547,67691391683,67691391683
2025-06-19 06:49:02,REAL,67691391683,544,67691392227,67691392227
2025-06-19 06:49:04,REAL,67691392227,729,67691392956,67691392956
2025-06-19 06:49:06,REAL,67691392956,591,67691393547,67691393547
2025-06-19 06:49:08,REAL,67691393547,602,67691394149,67691394149
2025-06-19 06:49:10,REAL,67691394149,214304,67691608453,67691608453
2025-06-19 06:49:12,REAL,67691608453,67242,67691675695,67691675695
2025-06-19 06:49:14,REAL,67691675695,29404,67691705099,67691705099
2025-06-19 06:49:16,REAL,67691705099,28906,67691734005,67691734005
2025-06-19 06:49:18,REAL,67691734005,29239,67691763244,67691763244
2025-06-19 06:49:20,REAL,67691763244,28877,67691792121,67691792121
2025-06-19 06:49:22,REAL,67691792121,29198,67691821319,67691821319
2025-06-19 06:49:24,REAL,67691821319,21546,67691842865,67691842865
2025-06-19 06:49:26,REAL,67691842865,541,67691843406,67691843406
2025-06-19 06:49:28,REAL,67691843406,613,67691844019,67691844019
2025-06-19 06:49:30,REAL,67691844019,596,67691844615,67691844615
2025-06-19 06:49:32,REAL,67691844615,540,67691845155,67691845155
2025-06-19 06:49:34,REAL,67691845155,546,67691845701,67691845701
2025-06-19 06:49:36,REAL,67691845701,547,67691846248,67691846248
2025-06-19 06:49:38,REAL,67691846248,541,67691846789,67691846789
2025-06-19 06:49:40,REAL,67691846789,595,67691847384,67691847384
2025-06-19 06:49:42,REAL,67691847384,231479,67692078863,67692078863
2025-06-19 06:49:44,REAL,67692078863,58694,67692137557,67692137557
2025-06-19 06:49:46,REAL,67692137557,29353,67692166910,67692166910
2025-06-19 06:49:48,REAL,67692166910,29420,67692196330,67692196330
2025-06-19 06:49:50,REAL,67692196330,29047,67692225377,67692225377
2025-06-19 06:49:52,REAL,67692225377,29233,67692254610,67692254610
2025-06-19 06:49:54,REAL,67692254610,28869,67692283479,67692283479
2025-06-19 06:49:56,REAL,67692283479,19636,67692303115,67692303115
2025-06-19 06:49:58,REAL,67692303115,548,67692303663,67692303663
2025-06-19 06:50:00,REAL,67692303663,610,67692304273,67692304273
2025-06-19 06:50:02,REAL,67692304273,594,67692304867,67692304867
2025-06-19 06:50:04,REAL,67692304867,539,67692305406,67692305406
2025-06-19 06:50:06,REAL,67692305406,540,67692305946,67692305946
2025-06-19 06:50:08,REAL,67692305946,539,67692306485,67692306485
2025-06-19 06:50:10,REAL,67692306485,547,67692307032,67692307032
2025-06-19 06:50:12,REAL,67692307032,592,67692307624,67692307624
2025-06-19 06:50:14,REAL,67692307624,242517,67692550141,67692550141
2025-06-19 06:50:16,REAL,67692550141,44265,67692594406,67692594406
2025-06-19 06:50:18,REAL,67692594406,29726,67692624132,67692624132
2025-06-19 06:50:20,REAL,67692624132,29330,67692653462,67692653462
2025-06-19 06:50:22,REAL,67692653462,28755,67692682217,67692682217
2025-06-19 06:50:24,REAL,67692682217,28899,67692711116,67692711116
2025-06-19 06:50:26,REAL,67692711116,29100,67692740216,67692740216
2025-06-19 06:50:28,REAL,67692740216,17715,67692757931,67692757931
2025-06-19 06:50:30,REAL,67692757931,671,67692758602,67692758602
2025-06-19 06:50:32,REAL,67692758602,537,67692759139,67692759139
2025-06-19 06:50:34,REAL,67692759139,595,67692759734,67692759734
2025-06-19 06:50:36,REAL,67692759734,544,67692760278,67692760278
2025-06-19 06:50:38,REAL,67692760278,543,67692760821,67692760821
2025-06-19 06:50:40,REAL,67692760821,537,67692761358,67692761358
2025-06-19 06:50:42,REAL,67692761358,540,67692761898,67692761898
2025-06-19 06:50:44,REAL,67692761898,436,67692762334,67692762334
2025-06-19 06:50:46,REAL,67692762334,600,67692762934,67692762934
2025-06-19 06:50:48,REAL,67692762934,597,67692763531,67692763531
2025-06-19 06:50:50,REAL,67692763531,606,67692764137,67692764137
2025-06-19 06:50:52,REAL,67692764137,541,67692764678,67692764678
2025-06-19 06:50:54,REAL,67692764678,540,67692765218,67692765218
2025-06-19 06:50:56,REAL,67692765218,591,67692765809,67692765809
2025-06-19 06:50:58,REAL,67692765809,535,67692766344,67692766344
2025-06-19 06:51:00,REAL,67692766344,621,67692766965,67692766965
2025-06-19 06:51:02,REAL,67692766965,532,67692767497,67692767497
2025-06-19 06:51:04,REAL,67692767497,533,67692768030,67692768030
2025-06-19 06:51:06,REAL,67692768030,118058,67692886088,67692886088
2025-06-19 06:51:08,REAL,67692886088,150310,67693036398,67693036398
2025-06-19 06:51:10,REAL,67693036398,28883,67693065281,67693065281
2025-06-19 06:51:12,REAL,67693065281,28611,67693093892,67693093892
2025-06-19 06:51:14,REAL,67693093892,29067,67693122959,67693122959
2025-06-19 06:51:16,REAL,67693122959,29394,67693152353,67693152353
2025-06-19 06:51:18,REAL,67693152353,29296,67693181649,67693181649
2025-06-19 06:51:20,REAL,67693181649,29130,67693210779,67693210779
2025-06-19 06:51:22,REAL,67693210779,1210,67693211989,67693211989
2025-06-19 06:51:24,REAL,67693211989,542,67693212531,67693212531
2025-06-19 06:51:26,REAL,67693212531,545,67693213076,67693213076
2025-06-19 06:51:28,REAL,67693213076,595,67693213671,67693213671
2025-06-19 06:51:30,REAL,67693213671,605,67693214276,67693214276
2025-06-19 06:51:32,REAL,67693214276,544,67693214820,67693214820
2025-06-19 06:51:34,REAL,67693214820,535,67693215355,67693215355
2025-06-19 06:51:36,REAL,67693215355,536,67693215891,67693215891
2025-06-19 06:51:38,REAL,67693215891,146638,67693362529,67693362529
2025-06-19 06:51:40,REAL,67693362529,140050,67693502579,67693502579
2025-06-19 06:51:42,REAL,67693502579,28779,67693531358,67693531358
2025-06-19 06:51:44,REAL,67693531358,29361,67693560719,67693560719
2025-06-19 06:51:46,REAL,67693560719,29770,67693590489,67693590489
2025-06-19 06:51:48,REAL,67693590489,28839,67693619328,67693619328
2025-06-19 06:51:50,REAL,67693619328,29088,67693648416,67693648416
2025-06-19 06:51:52,REAL,67693648416,28029,67693676445,67693676445
2025-06-19 06:51:54,REAL,67693676445,545,67693676990,67693676990
2025-06-19 06:51:56,REAL,67693676990,547,67693677537,67693677537
2025-06-19 06:51:58,REAL,67693677537,542,67693678079,67693678079
2025-06-19 06:52:00,REAL,67693678079,676,67693678755,67693678755
2025-06-19 06:52:02,REAL,67693678755,546,67693679301,67693679301
2025-06-19 06:52:04,REAL,67693679301,594,67693679895,67693679895
2025-06-19 06:52:06,REAL,67693679895,549,67693680444,67693680444
2025-06-19 06:52:08,REAL,67693680444,597,67693681041,67693681041
2025-06-19 06:52:10,REAL,67693681041,595,67693681636,67693681636
2025-06-19 06:52:12,REAL,67693681636,605,67693682241,67693682241
2025-06-19 06:52:14,REAL,67693682241,736,67693682977,67693682977
2025-06-19 06:52:16,REAL,67693682977,598,67693683575,67693683575
2025-06-19 06:52:18,REAL,67693683575,596,67693684171,67693684171
2025-06-19 06:52:20,REAL,67693684171,589,67693684760,67693684760
2025-06-19 06:52:22,REAL,67693684760,543,67693685303,67693685303
2025-06-19 06:52:24,REAL,67693685303,538,67693685841,67693685841
2025-06-19 06:52:26,REAL,67693685841,538,67693686379,67693686379
2025-06-19 06:52:28,REAL,67693686379,537,67693686916,67693686916
2025-06-19 06:52:30,REAL,67693686916,612,67693687528,67693687528
2025-06-19 06:52:32,REAL,67693687528,537,67693688065,67693688065
2025-06-19 06:52:34,REAL,67693688065,606,67693688671,67693688671
2025-06-19 06:52:36,REAL,67693688671,536,67693689207,67693689207
2025-06-19 06:52:38,REAL,67693689207,545,67693689752,67693689752
2025-06-19 06:52:40,REAL,67693689752,531,67693690283,67693690283
2025-06-19 06:52:42,REAL,67693690283,534,67693690817,67693690817
2025-06-19 06:52:44,REAL,67693690817,614,67693691431,67693691431
2025-06-19 06:52:46,REAL,67693691431,543,67693691974,67693691974
2025-06-19 06:52:48,REAL,67693691974,542,67693692516,67693692516
2025-06-19 06:52:50,REAL,67693692516,649,67693693165,67693693165
2025-06-19 06:52:52,REAL,67693693165,838,67693694003,67693694003
2025-06-19 06:52:54,REAL,67693694003,296,67693694299,67693694299
2025-06-19 06:52:56,REAL,67693694299,545,67693694844,67693694844
2025-06-19 06:52:58,REAL,67693694844,539,67693695383,67693695383
2025-06-19 06:53:00,REAL,67693695383,611,67693695994,67693695994
2025-06-19 06:53:02,REAL,67693695994,533,67693696527,67693696527
2025-06-19 06:53:04,REAL,67693696527,544,67693697071,67693697071
2025-06-19 06:53:06,REAL,67693697071,607,67693697678,67693697678
2025-06-19 06:53:08,REAL,67693697678,197750,67693895428,67693895428
2025-06-19 06:53:10,REAL,67693895428,76932,67693972360,67693972360
2025-06-19 06:53:12,REAL,67693972360,29054,67694001414,67694001414
2025-06-19 06:53:14,REAL,67694001414,29129,67694030543,67694030543
2025-06-19 06:53:16,REAL,67694030543,29149,67694059692,67694059692
2025-06-19 06:53:18,REAL,67694059692,29191,67694088883,67694088883
2025-06-19 06:53:20,REAL,67694088883,29567,67694118450,67694118450
2025-06-19 06:53:22,REAL,67694118450,23712,67694142162,67694142162
2025-06-19 06:53:24,REAL,67694142162,547,67694142709,67694142709
2025-06-19 06:53:26,REAL,67694142709,534,67694143243,67694143243
2025-06-19 06:53:28,REAL,67694143243,536,67694143779,67694143779
2025-06-19 06:53:30,REAL,67694143779,615,67694144394,67694144394
2025-06-19 06:53:32,REAL,67694144394,539,67694144933,67694144933
2025-06-19 06:53:34,REAL,67694144933,539,67694145472,67694145472
2025-06-19 06:53:36,REAL,67694145472,537,67694146009,67694146009
2025-06-19 06:53:38,REAL,67694146009,715,67694146724,67694146724
2025-06-19 06:53:40,REAL,67694146724,205624,67694352348,67694352348
2025-06-19 06:53:42,REAL,67694352348,81164,67694433512,67694433512
2025-06-19 06:53:44,REAL,67694433512,28897,67694462409,67694462409
2025-06-19 06:53:46,REAL,67694462409,28951,67694491360,67694491360
2025-06-19 06:53:48,REAL,67694491360,29255,67694520615,67694520615
2025-06-19 06:53:50,REAL,67694520615,29242,67694549857,67694549857
2025-06-19 06:53:52,REAL,67694549857,29490,67694579347,67694579347
2025-06-19 06:53:54,REAL,67694579347,21698,67694601045,67694601045
2025-06-19 06:53:56,REAL,67694601045,542,67694601587,67694601587
2025-06-19 06:53:58,REAL,67694601587,534,67694602121,67694602121
2025-06-19 06:54:00,REAL,67694602121,615,67694602736,67694602736
2025-06-19 06:54:02,REAL,67694602736,531,67694603267,67694603267
2025-06-19 06:54:04,REAL,67694603267,532,67694603799,67694603799
2025-06-19 06:54:06,REAL,67694603799,540,67694604339,67694604339
2025-06-19 06:54:08,REAL,67694604339,541,67694604880,67694604880
2025-06-19 06:54:10,REAL,67694604880,659,67694605539,67694605539
2025-06-19 06:54:12,REAL,67694605539,544,67694606083,67694606083
2025-06-19 06:54:14,REAL,67694606083,537,67694606620,67694606620
2025-06-19 06:54:16,REAL,67694606620,668,67694607288,67694607288
2025-06-19 06:54:18,REAL,67694607288,535,67694607823,67694607823
2025-06-19 06:54:20,REAL,67694607823,533,67694608356,67694608356
2025-06-19 06:54:22,REAL,67694608356,542,67694608898,67694608898
2025-06-19 06:54:24,REAL,67694608898,540,67694609438,67694609438
2025-06-19 06:54:26,REAL,67694609438,601,67694610039,67694610039
2025-06-19 06:54:28,REAL,67694610039,542,67694610581,67694610581
2025-06-19 06:54:30,REAL,67694610581,612,67694611193,67694611193
2025-06-19 06:54:32,REAL,67694611193,542,67694611735,67694611735
2025-06-19 06:54:34,REAL,67694611735,541,67694612276,67694612276
2025-06-19 06:54:36,REAL,67694612276,543,67694612819,67694612819
2025-06-19 06:54:38,REAL,67694612819,534,67694613353,67694613353
2025-06-19 06:54:40,REAL,67694613353,538,67694613891,67694613891
2025-06-19 06:54:42,REAL,67694613891,652,67694614543,67694614543
2025-06-19 06:54:44,REAL,67694614543,270345,67694884888,67694884888
2025-06-19 06:54:46,REAL,67694884888,45159,67694930047,67694930047
2025-06-19 06:54:48,REAL,67694930047,29336,67694959383,67694959383
2025-06-19 06:54:50,REAL,67694959383,29338,67694988721,67694988721
2025-06-19 06:54:52,REAL,67694988721,29106,67695017827,67695017827
2025-06-19 06:54:54,REAL,67695017827,29126,67695046953,67695046953
2025-06-19 06:54:56,REAL,67695046953,29221,67695076174,67695076174
2025-06-19 06:54:58,REAL,67695076174,17995,67695094169,67695094169
2025-06-19 06:55:00,REAL,67695094169,672,67695094841,67695094841
2025-06-19 06:55:02,REAL,67695094841,596,67695095437,67695095437
2025-06-19 06:55:04,REAL,67695095437,595,67695096032,67695096032
2025-06-19 06:55:06,REAL,67695096032,542,67695096574,67695096574
2025-06-19 06:55:08,REAL,67695096574,533,67695097107,67695097107
2025-06-19 06:55:10,REAL,67695097107,543,67695097650,67695097650
2025-06-19 06:55:12,REAL,67695097650,533,67695098183,67695098183
2025-06-19 06:55:14,REAL,67695098183,595,67695098778,67695098778
2025-06-19 06:55:16,REAL,67695098778,610,67695099388,67695099388
2025-06-19 06:55:18,REAL,67695099388,530,67695099918,67695099918
2025-06-19 06:55:20,REAL,67695099918,657,67695100575,67695100575
2025-06-19 06:55:22,REAL,67695100575,604,67695101179,67695101179
2025-06-19 06:55:24,REAL,67695101179,599,67695101778,67695101778
2025-06-19 06:55:26,REAL,67695101778,602,67695102380,67695102380
2025-06-19 06:55:28,REAL,67695102380,607,67695102987,67695102987
2025-06-19 06:55:30,REAL,67695102987,598,67695103585,67695103585
2025-06-19 06:55:32,REAL,67695103585,612,67695104197,67695104197
2025-06-19 06:55:34,REAL,67695104197,599,67695104796,67695104796
2025-06-19 06:55:36,REAL,67695104796,541,67695105337,67695105337
2025-06-19 06:55:38,REAL,67695105337,548,67695105885,67695105885
2025-06-19 06:55:40,REAL,67695105885,538,67695106423,67695106423
2025-06-19 06:55:42,REAL,67695106423,543,67695106966,67695106966
2025-06-19 06:55:44,REAL,67695106966,539,67695107505,67695107505
2025-06-19 06:55:46,REAL,67695107505,733,67695108238,67695108238
2025-06-19 06:55:48,REAL,67695108238,538,67695108776,67695108776
2025-06-19 06:55:50,REAL,67695108776,538,67695109314,67695109314
2025-06-19 06:55:52,REAL,67695109314,536,67695109850,67695109850
2025-06-19 06:55:54,REAL,67695109850,541,67695110391,67695110391
2025-06-19 06:55:56,REAL,67695110391,536,67695110927,67695110927
2025-06-19 06:55:58,REAL,67695110927,539,67695111466,67695111466
2025-06-19 06:56:00,REAL,67695111466,540,67695112006,67695112006
2025-06-19 06:56:02,REAL,67695112006,685,67695112691,67695112691
2025-06-19 06:56:04,REAL,67695112691,547,67695113238,67695113238
2025-06-19 06:56:06,REAL,67695113238,541,67695113779,67695113779
2025-06-19 06:56:08,REAL,67695113779,541,67695114320,67695114320
2025-06-19 06:56:10,REAL,67695114320,547,67695114867,67695114867
2025-06-19 06:56:12,REAL,67695114867,547,67695115414,67695115414
2025-06-19 06:56:14,REAL,67695115414,593,67695116007,67695116007
2025-06-19 06:56:16,REAL,67695116007,671,67695116678,67695116678
2025-06-19 06:56:18,REAL,67695116678,608,67695117286,67695117286
2025-06-19 06:56:20,REAL,67695117286,544,67695117830,67695117830
2025-06-19 06:56:22,REAL,67695117830,530,67695118360,67695118360
2025-06-19 06:56:24,REAL,67695118360,542,67695118902,67695118902
2025-06-19 06:56:26,REAL,67695118902,543,67695119445,67695119445
2025-06-19 06:56:28,REAL,67695119445,540,67695119985,67695119985
2025-06-19 06:56:30,REAL,67695119985,543,67695120528,67695120528
2025-06-19 06:56:32,REAL,67695120528,675,67695121203,67695121203
2025-06-19 06:56:34,REAL,67695121203,546,67695121749,67695121749
2025-06-19 06:56:36,REAL,67695121749,544,67695122293,67695122293
2025-06-19 06:56:38,REAL,67695122293,537,67695122830,67695122830
2025-06-19 06:56:40,REAL,67695122830,538,67695123368,67695123368
2025-06-19 06:56:42,REAL,67695123368,540,67695123908,67695123908
2025-06-19 06:56:44,REAL,67695123908,540,67695124448,67695124448
2025-06-19 06:56:46,REAL,67695124448,613,67695125061,67695125061
2025-06-19 06:56:48,REAL,67695125061,595,67695125656,67695125656
2025-06-19 06:56:50,REAL,67695125656,597,67695126253,67695126253
2025-06-19 06:56:52,REAL,67695126253,598,67695126851,67695126851
2025-06-19 06:56:54,REAL,67695126851,535,67695127386,67695127386
2025-06-19 06:56:56,REAL,67695127386,538,67695127924,67695127924
2025-06-19 06:56:58,REAL,67695127924,546,67695128470,67695128470
2025-06-19 06:57:00,REAL,67695128470,540,67695129010,67695129010
2025-06-19 06:57:02,REAL,67695129010,616,67695129626,67695129626
2025-06-19 06:57:04,REAL,67695129626,607,67695130233,67695130233
2025-06-19 06:57:06,REAL,67695130233,535,67695130768,67695130768
2025-06-19 06:57:08,REAL,67695130768,540,67695131308,67695131308
2025-06-19 06:57:10,REAL,67695131308,544,67695131852,67695131852
2025-06-19 06:57:12,REAL,67695131852,537,67695132389,67695132389
2025-06-19 06:57:14,REAL,67695132389,540,67695132929,67695132929
2025-06-19 06:57:16,REAL,67695132929,615,67695133544,67695133544
2025-06-19 06:57:18,REAL,67695133544,543,67695134087,67695134087
2025-06-19 06:57:20,REAL,67695134087,601,67695134688,67695134688
2025-06-19 06:57:22,REAL,67695134688,597,67695135285,67695135285
2025-06-19 06:57:24,REAL,67695135285,534,67695135819,67695135819
2025-06-19 06:57:26,REAL,67695135819,530,67695136349,67695136349
2025-06-19 06:57:28,REAL,67695136349,546,67695136895,67695136895
2025-06-19 06:57:30,REAL,67695136895,538,67695137433,67695137433
2025-06-19 06:57:32,REAL,67695137433,668,67695138101,67695138101
2025-06-19 06:57:34,REAL,67695138101,540,67695138641,67695138641
2025-06-19 06:57:36,REAL,67695138641,601,67695139242,67695139242
2025-06-19 06:57:38,REAL,67695139242,542,67695139784,67695139784
2025-06-19 06:57:40,REAL,67695139784,541,67695140325,67695140325
2025-06-19 06:57:42,REAL,67695140325,544,67695140869,67695140869
2025-06-19 06:57:44,REAL,67695140869,548,67695141417,67695141417
2025-06-19 06:57:46,REAL,67695141417,538,67695141955,67695141955
2025-06-19 06:57:48,REAL,67695141955,616,67695142571,67695142571
2025-06-19 06:57:50,REAL,67695142571,543,67695143114,67695143114
2025-06-19 06:57:52,REAL,67695143114,607,67695143721,67695143721
2025-06-19 06:57:54,REAL,67695143721,539,67695144260,67695144260
2025-06-19 06:57:56,REAL,67695144260,539,67695144799,67695144799
2025-06-19 06:57:58,REAL,67695144799,541,67695145340,67695145340
2025-06-19 06:58:00,REAL,67695145340,540,67695145880,67695145880
2025-06-19 06:58:02,REAL,67695145880,618,67695146498,67695146498
2025-06-19 06:58:04,REAL,67695146498,536,67695147034,67695147034
2025-06-19 06:58:06,REAL,67695147034,600,67695147634,67695147634
2025-06-19 06:58:08,REAL,67695147634,599,67695148233,67695148233
2025-06-19 06:58:10,REAL,67695148233,663,67695148896,67695148896
2025-06-19 06:58:12,REAL,67695148896,592,67695149488,67695149488
2025-06-19 06:58:14,REAL,67695149488,604,67695150092,67695150092
2025-06-19 06:58:16,REAL,67695150092,532,67695150624,67695150624
2025-06-19 06:58:18,REAL,67695150624,617,67695151241,67695151241
2025-06-19 06:58:20,REAL,67695151241,540,67695151781,67695151781
2025-06-19 06:58:22,REAL,67695151781,541,67695152322,67695152322
2025-06-19 06:58:24,REAL,67695152322,548,67695152870,67695152870
2025-06-19 06:58:26,REAL,67695152870,540,67695153410,67695153410
2025-06-19 06:58:28,REAL,67695153410,539,67695153949,67695153949
2025-06-19 06:58:30,REAL,67695153949,600,67695154549,67695154549
2025-06-19 06:58:32,REAL,67695154549,616,67695155165,67695155165
2025-06-19 06:58:34,REAL,67695155165,537,67695155702,67695155702
2025-06-19 06:58:36,REAL,67695155702,537,67695156239,67695156239
2025-06-19 06:58:38,REAL,67695156239,538,67695156777,67695156777
2025-06-19 06:58:40,REAL,67695156777,538,67695157315,67695157315
2025-06-19 06:58:42,REAL,67695157315,543,67695157858,67695157858
2025-06-19 06:58:44,REAL,67695157858,539,67695158397,67695158397
2025-06-19 06:58:46,REAL,67695158397,663,67695159060,67695159060
2025-06-19 06:58:48,REAL,67695159060,675,67695159735,67695159735
2025-06-19 06:58:50,REAL,67695159735,652,67695160387,67695160387
2025-06-19 06:58:52,REAL,67695160387,548,67695160935,67695160935
2025-06-19 06:58:54,REAL,67695160935,535,67695161470,67695161470
2025-06-19 06:58:56,REAL,67695161470,596,67695162066,67695162066
2025-06-19 06:58:58,REAL,67695162066,538,67695162604,67695162604
2025-06-19 06:59:00,REAL,67695162604,538,67695163142,67695163142
2025-06-19 06:59:02,REAL,67695163142,614,67695163756,67695163756
2025-06-19 06:59:04,REAL,67695163756,541,67695164297,67695164297
2025-06-19 06:59:06,REAL,67695164297,605,67695164902,67695164902
2025-06-19 06:59:08,REAL,67695164902,538,67695165440,67695165440
2025-06-19 06:59:10,REAL,67695165440,531,67695165971,67695165971
2025-06-19 06:59:12,REAL,67695165971,548,67695166519,67695166519
2025-06-19 06:59:14,REAL,67695166519,544,67695167063,67695167063
2025-06-19 06:59:16,REAL,67695167063,539,67695167602,67695167602
2025-06-19 06:59:18,REAL,67695167602,610,67695168212,67695168212
2025-06-19 06:59:20,REAL,67695168212,539,67695168751,67695168751
2025-06-19 06:59:22,REAL,67695168751,594,67695169345,67695169345
2025-06-19 06:59:24,REAL,67695169345,531,67695169876,67695169876
2025-06-19 06:59:26,REAL,67695169876,539,67695170415,67695170415
2025-06-19 06:59:28,REAL,67695170415,532,67695170947,67695170947
2025-06-19 06:59:30,REAL,67695170947,542,67695171489,67695171489
2025-06-19 06:59:32,REAL,67695171489,611,67695172100,67695172100
2025-06-19 06:59:34,REAL,67695172100,592,67695172692,67695172692
2025-06-19 06:59:36,REAL,67695172692,550,67695173242,67695173242
2025-06-19 06:59:38,REAL,67695173242,602,67695173844,67695173844
2025-06-19 06:59:40,REAL,67695173844,550,67695174394,67695174394
2025-06-19 06:59:42,REAL,67695174394,590,67695174984,67695174984
2025-06-19 06:59:44,REAL,67695174984,540,67695175524,67695175524
2025-06-19 06:59:46,REAL,67695175524,550,67695176074,67695176074
2025-06-19 06:59:48,REAL,67695176074,618,67695176692,67695176692
2025-06-19 06:59:50,REAL,67695176692,534,67695177226,67695177226
2025-06-19 06:59:52,REAL,67695177226,539,67695177765,67695177765
2025-06-19 06:59:54,REAL,67695177765,605,67695178370,67695178370
2025-06-19 06:59:56,REAL,67695178370,612,67695178982,67695178982
2025-06-19 06:59:58,REAL,67695178982,543,67695179525,67695179525
2025-06-19 07:00:00,REAL,67695179525,539,67695180064,67695180064
2025-06-19 07:00:02,REAL,67695180064,540,67695180604,67695180604
2025-06-19 07:00:04,REAL,67695180604,620,67695181224,67695181224
2025-06-19 07:00:06,REAL,67695181224,543,67695181767,67695181767
2025-06-19 07:00:08,REAL,67695181767,535,67695182302,67695182302
2025-06-19 07:00:10,REAL,67695182302,597,67695182899,67695182899
2025-06-19 07:00:12,REAL,67695182899,603,67695183502,67695183502
2025-06-19 07:00:14,REAL,67695183502,597,67695184099,67695184099
2025-06-19 07:00:16,REAL,67695184099,598,67695184697,67695184697
2025-06-19 07:00:18,REAL,67695184697,609,67695185306,67695185306
2025-06-19 07:00:20,REAL,67695185306,596,67695185902,67695185902
2025-06-19 07:00:22,REAL,67695185902,536,67695186438,67695186438
2025-06-19 07:00:24,REAL,67695186438,532,67695186970,67695186970
2025-06-19 07:00:26,REAL,67695186970,533,67695187503,67695187503
2025-06-19 07:00:28,REAL,67695187503,534,67695188037,67695188037
2025-06-19 07:00:30,REAL,67695188037,599,67695188636,67695188636
2025-06-19 07:00:32,REAL,67695188636,140406,67695329042,67695329042
2025-06-19 07:00:34,REAL,67695329042,134126,67695463168,67695463168
2025-06-19 07:00:36,REAL,67695463168,28911,67695492079,67695492079
2025-06-19 07:00:38,REAL,67695492079,29142,67695521221,67695521221
2025-06-19 07:00:40,REAL,67695521221,29057,67695550278,67695550278
2025-06-19 07:00:42,REAL,67695550278,29217,67695579495,67695579495
2025-06-19 07:00:44,REAL,67695579495,29077,67695608572,67695608572
2025-06-19 07:00:46,REAL,67695608572,28552,67695637124,67695637124
2025-06-19 07:00:48,REAL,67695637124,612,67695637736,67695637736
2025-06-19 07:00:50,REAL,67695637736,534,67695638270,67695638270
2025-06-19 07:00:52,REAL,67695638270,544,67695638814,67695638814
2025-06-19 07:00:54,REAL,67695638814,543,67695639357,67695639357
2025-06-19 07:00:56,REAL,67695639357,545,67695639902,67695639902
2025-06-19 07:00:58,REAL,67695639902,537,67695640439,67695640439
2025-06-19 07:01:00,REAL,67695640439,540,67695640979,67695640979
2025-06-19 07:01:02,REAL,67695640979,599,67695641578,67695641578
2025-06-19 07:01:04,REAL,67695641578,621,67695642199,67695642199
2025-06-19 07:01:06,REAL,67695642199,544,67695642743,67695642743
2025-06-19 07:01:08,REAL,67695642743,544,67695643287,67695643287
2025-06-19 07:01:10,REAL,67695643287,539,67695643826,67695643826
2025-06-19 07:01:12,REAL,67695643826,546,67695644372,67695644372
2025-06-19 07:01:14,REAL,67695644372,538,67695644910,67695644910
2025-06-19 07:01:16,REAL,67695644910,645,67695645555,67695645555
2025-06-19 07:01:18,REAL,67695645555,677,67695646232,67695646232
2025-06-19 07:01:20,REAL,67695646232,536,67695646768,67695646768
2025-06-19 07:01:22,REAL,67695646768,544,67695647312,67695647312
2025-06-19 07:01:24,REAL,67695647312,543,67695647855,67695647855
2025-06-19 07:01:26,REAL,67695647855,547,67695648402,67695648402
2025-06-19 07:01:28,REAL,67695648402,538,67695648940,67695648940
2025-06-19 07:01:30,REAL,67695648940,538,67695649478,67695649478
2025-06-19 07:01:32,REAL,67695649478,547,67695650025,67695650025
2025-06-19 07:01:34,REAL,67695650025,672,67695650697,67695650697
2025-06-19 07:01:36,REAL,67695650697,540,67695651237,67695651237
2025-06-19 07:01:38,REAL,67695651237,542,67695651779,67695651779
2025-06-19 07:01:40,REAL,67695651779,545,67695652324,67695652324
2025-06-19 07:01:42,REAL,67695652324,539,67695652863,67695652863
2025-06-19 07:01:44,REAL,67695652863,538,67695653401,67695653401
2025-06-19 07:01:46,REAL,67695653401,538,67695653939,67695653939
2025-06-19 07:01:48,REAL,67695653939,612,67695654551,67695654551
2025-06-19 07:01:50,REAL,67695654551,602,67695655153,67695655153
2025-06-19 07:01:52,REAL,67695655153,537,67695655690,67695655690
2025-06-19 07:01:54,REAL,67695655690,532,67695656222,67695656222
2025-06-19 07:01:56,REAL,67695656222,541,67695656763,67695656763
2025-06-19 07:01:58,REAL,67695656763,610,67695657373,67695657373
2025-06-19 07:02:00,REAL,67695657373,596,67695657969,67695657969
2025-06-19 07:02:02,REAL,67695657969,547,67695658516,67695658516
2025-06-19 07:02:04,REAL,67695658516,666,67695659182,67695659182
2025-06-19 07:02:06,REAL,67695659182,606,67695659788,67695659788
2025-06-19 07:02:08,REAL,67695659788,543,67695660331,67695660331
2025-06-19 07:02:10,REAL,67695660331,535,67695660866,67695660866
2025-06-19 07:02:12,REAL,67695660866,535,67695661401,67695661401
2025-06-19 07:02:14,REAL,67695661401,544,67695661945,67695661945
2025-06-19 07:02:16,REAL,67695661945,542,67695662487,67695662487
2025-06-19 07:02:18,REAL,67695662487,537,67695663024,67695663024
2025-06-19 07:02:20,REAL,67695663024,612,67695663636,67695663636
2025-06-19 07:02:22,REAL,67695663636,605,67695664241,67695664241
2025-06-19 07:02:24,REAL,67695664241,227528,67695891769,67695891769
2025-06-19 07:02:26,REAL,67695891769,92243,67695984012,67695984012
2025-06-19 07:02:28,REAL,67695984012,25983,67696009995,67696009995
2025-06-19 07:02:30,REAL,67696009995,29415,67696039410,67696039410
2025-06-19 07:02:32,REAL,67696039410,29103,67696068513,67696068513
2025-06-19 07:02:34,REAL,67696068513,28978,67696097491,67696097491
2025-06-19 07:02:36,REAL,67696097491,29671,67696127162,67696127162
2025-06-19 07:02:38,REAL,67696127162,21778,67696148940,67696148940
2025-06-19 07:02:40,REAL,67696148940,547,67696149487,67696149487
2025-06-19 07:02:42,REAL,67696149487,544,67696150031,67696150031
2025-06-19 07:02:44,REAL,67696150031,540,67696150571,67696150571
2025-06-19 07:02:46,REAL,67696150571,537,67696151108,67696151108
2025-06-19 07:02:48,REAL,67696151108,536,67696151644,67696151644
2025-06-19 07:02:50,REAL,67696151644,673,67696152317,67696152317
2025-06-19 07:02:52,REAL,67696152317,603,67696152920,67696152920
2025-06-19 07:02:54,REAL,67696152920,597,67696153517,67696153517
2025-06-19 07:02:56,REAL,67696153517,540,67696154057,67696154057
2025-06-19 07:02:58,REAL,67696154057,537,67696154594,67696154594
2025-06-19 07:03:00,REAL,67696154594,535,67696155129,67696155129
2025-06-19 07:03:02,REAL,67696155129,536,67696155665,67696155665
2025-06-19 07:03:04,REAL,67696155665,620,67696156285,67696156285
2025-06-19 07:03:06,REAL,67696156285,548,67696156833,67696156833
2025-06-19 07:03:08,REAL,67696156833,539,67696157372,67696157372
2025-06-19 07:03:10,REAL,67696157372,599,67696157971,67696157971
2025-06-19 07:03:12,REAL,67696157971,536,67696158507,67696158507
2025-06-19 07:03:14,REAL,67696158507,540,67696159047,67696159047
2025-06-19 07:03:16,REAL,67696159047,538,67696159585,67696159585
2025-06-19 07:03:18,REAL,67696159585,530,67696160115,67696160115
2025-06-19 07:03:20,REAL,67696160115,668,67696160783,67696160783
2025-06-19 07:03:22,REAL,67696160783,541,67696161324,67696161324
2025-06-19 07:03:24,REAL,67696161324,541,67696161865,67696161865
2025-06-19 07:03:26,REAL,67696161865,601,67696162466,67696162466
2025-06-19 07:03:28,REAL,67696162466,533,67696162999,67696162999
2025-06-19 07:03:30,REAL,67696162999,544,67696163543,67696163543
2025-06-19 07:03:32,REAL,67696163543,543,67696164086,67696164086
2025-06-19 07:03:34,REAL,67696164086,614,67696164700,67696164700
2025-06-19 07:03:36,REAL,67696164700,542,67696165242,67696165242
2025-06-19 07:03:38,REAL,67696165242,586,67696165828,67696165828
2025-06-19 07:03:40,REAL,67696165828,535,67696166363,67696166363
2025-06-19 07:03:42,REAL,67696166363,600,67696166963,67696166963
2025-06-19 07:03:44,REAL,67696166963,602,67696167565,67696167565
2025-06-19 07:03:46,REAL,67696167565,604,67696168169,67696168169
2025-06-19 07:03:48,REAL,67696168169,653,67696168822,67696168822
2025-06-19 07:03:50,REAL,67696168822,614,67696169436,67696169436
2025-06-19 07:03:52,REAL,67696169436,550,67696169986,67696169986
2025-06-19 07:03:54,REAL,67696169986,537,67696170523,67696170523
2025-06-19 07:03:56,REAL,67696170523,541,67696171064,67696171064
2025-06-19 07:03:58,REAL,67696171064,535,67696171599,67696171599
2025-06-19 07:04:00,REAL,67696171599,540,67696172139,67696172139
2025-06-19 07:04:02,REAL,67696172139,545,67696172684,67696172684
2025-06-19 07:04:04,REAL,67696172684,743,67696173427,67696173427
2025-06-19 07:04:06,REAL,67696173427,601,67696174028,67696174028
2025-06-19 07:04:08,REAL,67696174028,606,67696174634,67696174634
2025-06-19 07:04:10,REAL,67696174634,606,67696175240,67696175240
2025-06-19 07:04:12,REAL,67696175240,592,67696175832,67696175832
2025-06-19 07:04:14,REAL,67696175832,594,67696176426,67696176426
2025-06-19 07:04:16,REAL,67696176426,546,67696176972,67696176972
2025-06-19 07:04:18,REAL,67696176972,591,67696177563,67696177563
2025-06-19 07:04:20,REAL,67696177563,610,67696178173,67696178173
2025-06-19 07:04:22,REAL,67696178173,592,67696178765,67696178765
2025-06-19 07:04:24,REAL,67696178765,539,67696179304,67696179304
2025-06-19 07:04:26,REAL,67696179304,538,67696179842,67696179842
2025-06-19 07:04:28,REAL,67696179842,537,67696180379,67696180379
2025-06-19 07:04:30,REAL,67696180379,122597,67696302976,67696302976
2025-06-19 07:04:32,REAL,67696302976,177854,67696480830,67696480830
2025-06-19 07:04:34,REAL,67696480830,29194,67696510024,67696510024
2025-06-19 07:04:36,REAL,67696510024,29310,67696539334,67696539334
2025-06-19 07:04:38,REAL,67696539334,28807,67696568141,67696568141
2025-06-19 07:04:40,REAL,67696568141,29302,67696597443,67696597443
2025-06-19 07:04:42,REAL,67696597443,29371,67696626814,67696626814
2025-06-19 07:04:44,REAL,67696626814,29257,67696656071,67696656071
2025-06-19 07:04:46,REAL,67696656071,1139,67696657210,67696657210
2025-06-19 07:04:48,REAL,67696657210,531,67696657741,67696657741
2025-06-19 07:04:50,REAL,67696657741,614,67696658355,67696658355
2025-06-19 07:04:52,REAL,67696658355,536,67696658891,67696658891
2025-06-19 07:04:54,REAL,67696658891,541,67696659432,67696659432
2025-06-19 07:04:56,REAL,67696659432,539,67696659971,67696659971
2025-06-19 07:04:58,REAL,67696659971,599,67696660570,67696660570
2025-06-19 07:05:00,REAL,67696660570,540,67696661110,67696661110
2025-06-19 07:05:02,REAL,67696661110,147519,67696808629,67696808629
2025-06-19 07:05:04,REAL,67696808629,110413,67696919042,67696919042
2025-06-19 07:05:06,REAL,67696919042,28995,67696948037,67696948037
2025-06-19 07:05:08,REAL,67696948037,29084,67696977121,67696977121
2025-06-19 07:05:10,REAL,67696977121,29047,67697006168,67697006168
2025-06-19 07:05:12,REAL,67697006168,29076,67697035244,67697035244
2025-06-19 07:05:14,REAL,67697035244,28533,67697063777,67697063777
2025-06-19 07:05:16,REAL,67697063777,27864,67697091641,67697091641
2025-06-19 07:05:18,REAL,67697091641,540,67697092181,67697092181
2025-06-19 07:05:20,REAL,67697092181,614,67697092795,67697092795
2025-06-19 07:05:22,REAL,67697092795,540,67697093335,67697093335
2025-06-19 07:05:24,REAL,67697093335,535,67697093870,67697093870
2025-06-19 07:05:26,REAL,67697093870,533,67697094403,67697094403
2025-06-19 07:05:28,REAL,67697094403,545,67697094948,67697094948
2025-06-19 07:05:30,REAL,67697094948,601,67697095549,67697095549
2025-06-19 07:05:32,REAL,67697095549,598,67697096147,67697096147
2025-06-19 07:05:34,REAL,67697096147,599,67697096746,67697096746
2025-06-19 07:05:36,REAL,67697096746,675,67697097421,67697097421
2025-06-19 07:05:38,REAL,67697097421,599,67697098020,67697098020
2025-06-19 07:05:40,REAL,67697098020,533,67697098553,67697098553
2025-06-19 07:05:42,REAL,67697098553,533,67697099086,67697099086
2025-06-19 07:05:44,REAL,67697099086,538,67697099624,67697099624
2025-06-19 07:05:46,REAL,67697099624,547,67697100171,67697100171
2025-06-19 07:05:48,REAL,67697100171,598,67697100769,67697100769
2025-06-19 07:05:50,REAL,67697100769,616,67697101385,67697101385
2025-06-19 07:05:52,REAL,67697101385,533,67697101918,67697101918
2025-06-19 07:05:54,REAL,67697101918,601,67697102519,67697102519
2025-06-19 07:05:56,REAL,67697102519,545,67697103064,67697103064
2025-06-19 07:05:58,REAL,67697103064,543,67697103607,67697103607
2025-06-19 07:06:00,REAL,67697103607,599,67697104206,67697104206
2025-06-19 07:06:02,REAL,67697104206,540,67697104746,67697104746
2025-06-19 07:06:04,REAL,67697104746,547,67697105293,67697105293
2025-06-19 07:06:06,REAL,67697105293,621,67697105914,67697105914
2025-06-19 07:06:08,REAL,67697105914,547,67697106461,67697106461
2025-06-19 07:06:10,REAL,67697106461,594,67697107055,67697107055
2025-06-19 07:06:12,REAL,67697107055,533,67697107588,67697107588
2025-06-19 07:06:14,REAL,67697107588,537,67697108125,67697108125
2025-06-19 07:06:16,REAL,67697108125,542,67697108667,67697108667
2025-06-19 07:06:18,REAL,67697108667,543,67697109210,67697109210
2025-06-19 07:06:20,REAL,67697109210,613,67697109823,67697109823
2025-06-19 07:06:22,REAL,67697109823,530,67697110353,67697110353
2025-06-19 07:06:24,REAL,67697110353,539,67697110892,67697110892
2025-06-19 07:06:26,REAL,67697110892,605,67697111497,67697111497
2025-06-19 07:06:28,REAL,67697111497,537,67697112034,67697112034
2025-06-19 07:06:30,REAL,67697112034,658,67697112692,67697112692
2025-06-19 07:06:32,REAL,67697112692,533,67697113225,67697113225
2025-06-19 07:06:34,REAL,67697113225,540,67697113765,67697113765
2025-06-19 07:06:36,REAL,67697113765,608,67697114373,67697114373
2025-06-19 07:06:38,REAL,67697114373,542,67697114915,67697114915
2025-06-19 07:06:40,REAL,67697114915,544,67697115459,67697115459
2025-06-19 07:06:42,REAL,67697115459,597,67697116056,67697116056
2025-06-19 07:06:44,REAL,67697116056,539,67697116595,67697116595
2025-06-19 07:06:46,REAL,67697116595,537,67697117132,67697117132
2025-06-19 07:06:48,REAL,67697117132,541,67697117673,67697117673
2025-06-19 07:06:50,REAL,67697117673,616,67697118289,67697118289
2025-06-19 07:06:52,REAL,67697118289,542,67697118831,67697118831
2025-06-19 07:06:54,REAL,67697118831,546,67697119377,67697119377
2025-06-19 07:06:56,REAL,67697119377,546,67697119923,67697119923
2025-06-19 07:06:58,REAL,67697119923,719,67697120642,67697120642
2025-06-19 07:07:00,REAL,67697120642,606,67697121248,67697121248
2025-06-19 07:07:02,REAL,67697121248,598,67697121846,67697121846
2025-06-19 07:07:04,REAL,67697121846,539,67697122385,67697122385
2025-06-19 07:07:06,REAL,67697122385,615,67697123000,67697123000
2025-06-19 07:07:08,REAL,67697123000,534,67697123534,67697123534
2025-06-19 07:07:10,REAL,67697123534,537,67697124071,67697124071
2025-06-19 07:07:12,REAL,67697124071,538,67697124609,67697124609
2025-06-19 07:07:14,REAL,67697124609,597,67697125206,67697125206
2025-06-19 07:07:16,REAL,67697125206,538,67697125744,67697125744
2025-06-19 07:07:18,REAL,67697125744,597,67697126341,67697126341
2025-06-19 07:07:20,REAL,67697126341,616,67697126957,67697126957
2025-06-19 07:07:22,REAL,67697126957,535,67697127492,67697127492
2025-06-19 07:07:24,REAL,67697127492,548,67697128040,67697128040
2025-06-19 07:07:26,REAL,67697128040,349,67697128389,67697128389
2025-06-19 07:07:28,REAL,67697128389,538,67697128927,67697128927
2025-06-19 07:07:30,REAL,67697128927,536,67697129463,67697129463
2025-06-19 07:07:32,REAL,67697129463,536,67697129999,67697129999
2025-06-19 07:07:34,REAL,67697129999,602,67697130601,67697130601
2025-06-19 07:07:36,REAL,67697130601,223956,67697354557,67697354557
2025-06-19 07:07:38,REAL,67697354557,54946,67697409503,67697409503
2025-06-19 07:07:40,REAL,67697409503,29315,67697438818,67697438818
2025-06-19 07:07:42,REAL,67697438818,29234,67697468052,67697468052
2025-06-19 07:07:44,REAL,67697468052,29077,67697497129,67697497129
2025-06-19 07:07:46,REAL,67697497129,28962,67697526091,67697526091
2025-06-19 07:07:48,REAL,67697526091,29207,67697555298,67697555298
2025-06-19 07:07:50,REAL,67697555298,19088,67697574386,67697574386
2025-06-19 07:07:52,REAL,67697574386,542,67697574928,67697574928
2025-06-19 07:07:54,REAL,67697574928,537,67697575465,67697575465
2025-06-19 07:07:56,REAL,67697575465,594,67697576059,67697576059
2025-06-19 07:07:58,REAL,67697576059,536,67697576595,67697576595
2025-06-19 07:08:00,REAL,67697576595,543,67697577138,67697577138
2025-06-19 07:08:02,REAL,67697577138,548,67697577686,67697577686
2025-06-19 07:08:04,REAL,67697577686,534,67697578220,67697578220
2025-06-19 07:08:06,REAL,67697578220,669,67697578889,67697578889
2025-06-19 07:08:08,REAL,67697578889,600,67697579489,67697579489
2025-06-19 07:08:10,REAL,67697579489,594,67697580083,67697580083
2025-06-19 07:08:12,REAL,67697580083,602,67697580685,67697580685
2025-06-19 07:08:14,REAL,67697580685,536,67697581221,67697581221
2025-06-19 07:08:16,REAL,67697581221,593,67697581814,67697581814
2025-06-19 07:08:18,REAL,67697581814,550,67697582364,67697582364
2025-06-19 07:08:20,REAL,67697582364,613,67697582977,67697582977
2025-06-19 07:08:22,REAL,67697582977,545,67697583522,67697583522
2025-06-19 07:08:24,REAL,67697583522,538,67697584060,67697584060
2025-06-19 07:08:26,REAL,67697584060,537,67697584597,67697584597
2025-06-19 07:08:28,REAL,67697584597,659,67697585256,67697585256
2025-06-19 07:08:30,REAL,67697585256,596,67697585852,67697585852
2025-06-19 07:08:32,REAL,67697585852,595,67697586447,67697586447
2025-06-19 07:08:34,REAL,67697586447,543,67697586990,67697586990
2025-06-19 07:08:36,REAL,67697586990,616,67697587606,67697587606
2025-06-19 07:08:38,REAL,67697587606,544,67697588150,67697588150
2025-06-19 07:08:40,REAL,67697588150,595,67697588745,67697588745
2025-06-19 07:08:42,REAL,67697588745,544,67697589289,67697589289
2025-06-19 07:08:44,REAL,67697589289,539,67697589828,67697589828
2025-06-19 07:08:46,REAL,67697589828,537,67697590365,67697590365
2025-06-19 07:08:48,REAL,67697590365,594,67697590959,67697590959
2025-06-19 07:08:50,REAL,67697590959,226805,67697817764,67697817764
2025-06-19 07:08:52,REAL,67697817764,29493,67697847257,67697847257
2025-06-19 07:08:54,REAL,67697847257,29073,67697876330,67697876330
2025-06-19 07:08:56,REAL,67697876330,29249,67697905579,67697905579
2025-06-19 07:08:58,REAL,67697905579,29461,67697935040,67697935040
2025-06-19 07:09:00,REAL,67697935040,29030,67697964070,67697964070
2025-06-19 07:09:02,REAL,67697964070,29097,67697993167,67697993167
2025-06-19 07:09:04,REAL,67697993167,15610,67698008777,67698008777
2025-06-19 07:09:06,REAL,67698008777,617,67698009394,67698009394
2025-06-19 07:09:08,REAL,67698009394,538,67698009932,67698009932
2025-06-19 07:09:10,REAL,67698009932,534,67698010466,67698010466
2025-06-19 07:09:12,REAL,67698010466,535,67698011001,67698011001
2025-06-19 07:09:14,REAL,67698011001,599,67698011600,67698011600
2025-06-19 07:09:16,REAL,67698011600,537,67698012137,67698012137
2025-06-19 07:09:18,REAL,67698012137,543,67698012680,67698012680
2025-06-19 07:09:20,REAL,67698012680,747,67698013427,67698013427
2025-06-19 07:09:22,REAL,67698013427,249669,67698263096,67698263096
2025-06-19 07:09:24,REAL,67698263096,28901,67698291997,67698291997
2025-06-19 07:09:26,REAL,67698291997,28932,67698320929,67698320929
2025-06-19 07:09:28,REAL,67698320929,29121,67698350050,67698350050
2025-06-19 07:09:30,REAL,67698350050,29213,67698379263,67698379263
2025-06-19 07:09:32,REAL,67698379263,29528,67698408791,67698408791
2025-06-19 07:09:34,REAL,67698408791,29512,67698438303,67698438303
2025-06-19 07:09:36,REAL,67698438303,13600,67698451903,67698451903
2025-06-19 07:09:38,REAL,67698451903,536,67698452439,67698452439
2025-06-19 07:09:40,REAL,67698452439,546,67698452985,67698452985
2025-06-19 07:09:42,REAL,67698452985,538,67698453523,67698453523
2025-06-19 07:09:44,REAL,67698453523,537,67698454060,67698454060
2025-06-19 07:09:46,REAL,67698454060,536,67698454596,67698454596
2025-06-19 07:09:48,REAL,67698454596,602,67698455198,67698455198
2025-06-19 07:09:50,REAL,67698455198,549,67698455747,67698455747
2025-06-19 07:09:52,REAL,67698455747,730,67698456477,67698456477
2025-06-19 07:09:54,REAL,67698456477,594,67698457071,67698457071
2025-06-19 07:09:56,REAL,67698457071,599,67698457670,67698457670
2025-06-19 07:09:58,REAL,67698457670,547,67698458217,67698458217
2025-06-19 07:10:00,REAL,67698458217,603,67698458820,67698458820
2025-06-19 07:10:02,REAL,67698458820,544,67698459364,67698459364
2025-06-19 07:10:04,REAL,67698459364,544,67698459908,67698459908
2025-06-19 07:10:06,REAL,67698459908,617,67698460525,67698460525
2025-06-19 07:10:08,REAL,67698460525,540,67698461065,67698461065
2025-06-19 07:10:10,REAL,67698461065,542,67698461607,67698461607
2025-06-19 07:10:12,REAL,67698461607,601,67698462208,67698462208
2025-06-19 07:10:14,REAL,67698462208,599,67698462807,67698462807
2025-06-19 07:10:16,REAL,67698462807,604,67698463411,67698463411
2025-06-19 07:10:18,REAL,67698463411,664,67698464075,67698464075
2025-06-19 07:10:20,REAL,67698464075,594,67698464669,67698464669
2025-06-19 07:10:22,REAL,67698464669,674,67698465343,67698465343
2025-06-19 07:10:24,REAL,67698465343,598,67698465941,67698465941
2025-06-19 07:10:26,REAL,67698465941,547,67698466488,67698466488
2025-06-19 07:10:28,REAL,67698466488,540,67698467028,67698467028
2025-06-19 07:10:30,REAL,67698467028,546,67698467574,67698467574
2025-06-19 07:10:32,REAL,67698467574,539,67698468113,67698468113
2025-06-19 07:10:34,REAL,67698468113,532,67698468645,67698468645
2025-06-19 07:10:36,REAL,67698468645,620,67698469265,67698469265
2025-06-19 07:10:38,REAL,67698469265,662,67698469927,67698469927
2025-06-19 07:10:40,REAL,67698469927,546,67698470473,67698470473
2025-06-19 07:10:42,REAL,67698470473,537,67698471010,67698471010
2025-06-19 07:10:44,REAL,67698471010,533,67698471543,67698471543
2025-06-19 07:10:46,REAL,67698471543,533,67698472076,67698472076
2025-06-19 07:10:48,REAL,67698472076,541,67698472617,67698472617
2025-06-19 07:10:50,REAL,67698472617,535,67698473152,67698473152
2025-06-19 07:10:52,REAL,67698473152,610,67698473762,67698473762
2025-06-19 07:10:54,REAL,67698473762,598,67698474360,67698474360
2025-06-19 07:10:56,REAL,67698474360,187509,67698661869,67698661869
2025-06-19 07:10:58,REAL,67698661869,94360,67698756229,67698756229
2025-06-19 07:11:00,REAL,67698756229,28924,67698785153,67698785153
2025-06-19 07:11:02,REAL,67698785153,29747,67698814900,67698814900
2025-06-19 07:11:04,REAL,67698814900,29272,67698844172,67698844172
2025-06-19 07:11:06,REAL,67698844172,29053,67698873225,67698873225
2025-06-19 07:11:08,REAL,67698873225,28976,67698902201,67698902201
2025-06-19 07:11:10,REAL,67698902201,23773,67698925974,67698925974
2025-06-19 07:11:12,REAL,67698925974,538,67698926512,67698926512
2025-06-19 07:11:14,REAL,67698926512,540,67698927052,67698927052
2025-06-19 07:11:16,REAL,67698927052,540,67698927592,67698927592
2025-06-19 07:11:18,REAL,67698927592,540,67698928132,67698928132
2025-06-19 07:11:20,REAL,67698928132,537,67698928669,67698928669
2025-06-19 07:11:22,REAL,67698928669,614,67698929283,67698929283
2025-06-19 07:11:24,REAL,67698929283,547,67698929830,67698929830
2025-06-19 07:11:26,REAL,67698929830,601,67698930431,67698930431
2025-06-19 07:11:28,REAL,67698930431,195306,67699125737,67699125737
2025-06-19 07:11:30,REAL,67699125737,84594,67699210331,67699210331
2025-06-19 07:11:32,REAL,67699210331,28491,67699238822,67699238822
2025-06-19 07:11:34,REAL,67699238822,29500,67699268322,67699268322
2025-06-19 07:11:36,REAL,67699268322,29231,67699297553,67699297553
2025-06-19 07:11:38,REAL,67699297553,29377,67699326930,67699326930
2025-06-19 07:11:40,REAL,67699326930,28588,67699355518,67699355518
2025-06-19 07:11:42,REAL,67699355518,22051,67699377569,67699377569
2025-06-19 07:11:44,REAL,67699377569,540,67699378109,67699378109
2025-06-19 07:11:46,REAL,67699378109,542,67699378651,67699378651
2025-06-19 07:11:48,REAL,67699378651,539,67699379190,67699379190
2025-06-19 07:11:50,REAL,67699379190,534,67699379724,67699379724
2025-06-19 07:11:52,REAL,67699379724,619,67699380343,67699380343
2025-06-19 07:11:54,REAL,67699380343,534,67699380877,67699380877
2025-06-19 07:11:56,REAL,67699380877,544,67699381421,67699381421
2025-06-19 07:11:58,REAL,67699381421,604,67699382025,67699382025
2025-06-19 07:12:00,REAL,67699382025,535,67699382560,67699382560
2025-06-19 07:12:02,REAL,67699382560,534,67699383094,67699383094
2025-06-19 07:12:04,REAL,67699383094,535,67699383629,67699383629
2025-06-19 07:12:06,REAL,67699383629,590,67699384219,67699384219
2025-06-19 07:12:08,REAL,67699384219,666,67699384885,67699384885
2025-06-19 07:12:10,REAL,67699384885,531,67699385416,67699385416
2025-06-19 07:12:12,REAL,67699385416,531,67699385947,67699385947
2025-06-19 07:12:14,REAL,67699385947,601,67699386548,67699386548
2025-06-19 07:12:16,REAL,67699386548,601,67699387149,67699387149
2025-06-19 07:12:18,REAL,67699387149,602,67699387751,67699387751
2025-06-19 07:12:20,REAL,67699387751,604,67699388355,67699388355
2025-06-19 07:12:22,REAL,67699388355,611,67699388966,67699388966
2025-06-19 07:12:24,REAL,67699388966,535,67699389501,67699389501
2025-06-19 07:12:26,REAL,67699389501,544,67699390045,67699390045
2025-06-19 07:12:28,REAL,67699390045,540,67699390585,67699390585
2025-06-19 07:12:30,REAL,67699390585,540,67699391125,67699391125
2025-06-19 07:12:32,REAL,67699391125,536,67699391661,67699391661
2025-06-19 07:12:34,REAL,67699391661,540,67699392201,67699392201
2025-06-19 07:12:36,REAL,67699392201,595,67699392796,67699392796
2025-06-19 07:12:38,REAL,67699392796,609,67699393405,67699393405
2025-06-19 07:12:40,REAL,67699393405,540,67699393945,67699393945
2025-06-19 07:12:42,REAL,67699393945,596,67699394541,67699394541
2025-06-19 07:12:44,REAL,67699394541,543,67699395084,67699395084
2025-06-19 07:12:46,REAL,67699395084,602,67699395686,67699395686
2025-06-19 07:12:48,REAL,67699395686,544,67699396230,67699396230
2025-06-19 07:12:50,REAL,67699396230,539,67699396769,67699396769
2025-06-19 07:12:52,REAL,67699396769,670,67699397439,67699397439
2025-06-19 07:12:54,REAL,67699397439,541,67699397980,67699397980
2025-06-19 07:12:56,REAL,67699397980,543,67699398523,67699398523
2025-06-19 07:12:58,REAL,67699398523,538,67699399061,67699399061
2025-06-19 07:13:00,REAL,67699399061,533,67699399594,67699399594
2025-06-19 07:13:02,REAL,67699399594,544,67699400138,67699400138
2025-06-19 07:13:04,REAL,67699400138,540,67699400678,67699400678
2025-06-19 07:13:06,REAL,67699400678,539,67699401217,67699401217
2025-06-19 07:13:08,REAL,67699401217,676,67699401893,67699401893
2025-06-19 07:13:10,REAL,67699401893,538,67699402431,67699402431
2025-06-19 07:13:12,REAL,67699402431,598,67699403029,67699403029
2025-06-19 07:13:14,REAL,67699403029,546,67699403575,67699403575
2025-06-19 07:13:16,REAL,67699403575,547,67699404122,67699404122
2025-06-19 07:13:18,REAL,67699404122,587,67699404709,67699404709
2025-06-19 07:13:20,REAL,67699404709,538,67699405247,67699405247
2025-06-19 07:13:22,REAL,67699405247,615,67699405862,67699405862
2025-06-19 07:13:24,REAL,67699405862,602,67699406464,67699406464
2025-06-19 07:13:26,REAL,67699406464,534,67699406998,67699406998
2025-06-19 07:13:28,REAL,67699406998,547,67699407545,67699407545
2025-06-19 07:13:30,REAL,67699407545,543,67699408088,67699408088
2025-06-19 07:13:32,REAL,67699408088,544,67699408632,67699408632
2025-06-19 07:13:34,REAL,67699408632,534,67699409166,67699409166
2025-06-19 07:13:36,REAL,67699409166,548,67699409714,67699409714
2025-06-19 07:13:38,REAL,67699409714,677,67699410391,67699410391
2025-06-19 07:13:40,REAL,67699410391,603,67699410994,67699410994
2025-06-19 07:13:42,REAL,67699410994,540,67699411534,67699411534
2025-06-19 07:13:44,REAL,67699411534,537,67699412071,67699412071
2025-06-19 07:13:46,REAL,67699412071,538,67699412609,67699412609
2025-06-19 07:13:48,REAL,67699412609,536,67699413145,67699413145
2025-06-19 07:13:50,REAL,67699413145,537,67699413682,67699413682
2025-06-19 07:13:52,REAL,67699413682,668,67699414350,67699414350
2025-06-19 07:13:54,REAL,67699414350,541,67699414891,67699414891
2025-06-19 07:13:56,REAL,67699414891,594,67699415485,67699415485
2025-06-19 07:13:58,REAL,67699415485,546,67699416031,67699416031
2025-06-19 07:14:00,REAL,67699416031,543,67699416574,67699416574
2025-06-19 07:14:02,REAL,67699416574,544,67699417118,67699417118
2025-06-19 07:14:04,REAL,67699417118,539,67699417657,67699417657
2025-06-19 07:14:06,REAL,67699417657,593,67699418250,67699418250
2025-06-19 07:14:08,REAL,67699418250,612,67699418862,67699418862
2025-06-19 07:14:10,REAL,67699418862,602,67699419464,67699419464
2025-06-19 07:14:12,REAL,67699419464,540,67699420004,67699420004
2025-06-19 07:14:14,REAL,67699420004,538,67699420542,67699420542
2025-06-19 07:14:16,REAL,67699420542,599,67699421141,67699421141
2025-06-19 07:14:18,REAL,67699421141,535,67699421676,67699421676
2025-06-19 07:14:20,REAL,67699421676,543,67699422219,67699422219
2025-06-19 07:14:22,REAL,67699422219,617,67699422836,67699422836
2025-06-19 07:14:24,REAL,67699422836,537,67699423373,67699423373
2025-06-19 07:14:26,REAL,67699423373,594,67699423967,67699423967
2025-06-19 07:14:28,REAL,67699423967,179277,67699603244,67699603244
2025-06-19 07:14:30,REAL,67699603244,127841,67699731085,67699731085
2025-06-19 07:14:32,REAL,67699731085,28877,67699759962,67699759962
2025-06-19 07:14:34,REAL,67699759962,29132,67699789094,67699789094
2025-06-19 07:14:36,REAL,67699789094,28653,67699817747,67699817747
2025-06-19 07:14:38,REAL,67699817747,28530,67699846277,67699846277
2025-06-19 07:14:40,REAL,67699846277,29220,67699875497,67699875497
2025-06-19 07:14:42,REAL,67699875497,25825,67699901322,67699901322
2025-06-19 07:14:44,REAL,67699901322,533,67699901855,67699901855
2025-06-19 07:14:46,REAL,67699901855,542,67699902397,67699902397
2025-06-19 07:14:48,REAL,67699902397,536,67699902933,67699902933
2025-06-19 07:14:50,REAL,67699902933,542,67699903475,67699903475
2025-06-19 07:14:52,REAL,67699903475,674,67699904149,67699904149
2025-06-19 07:14:54,REAL,67699904149,545,67699904694,67699904694
2025-06-19 07:14:56,REAL,67699904694,548,67699905242,67699905242
2025-06-19 07:14:58,REAL,67699905242,605,67699905847,67699905847
2025-06-19 07:15:00,REAL,67699905847,540,67699906387,67699906387
2025-06-19 07:15:02,REAL,67699906387,543,67699906930,67699906930
2025-06-19 07:15:04,REAL,67699906930,596,67699907526,67699907526
2025-06-19 07:15:06,REAL,67699907526,537,67699908063,67699908063
2025-06-19 07:15:08,REAL,67699908063,611,67699908674,67699908674
2025-06-19 07:15:10,REAL,67699908674,537,67699909211,67699909211
2025-06-19 07:15:12,REAL,67699909211,539,67699909750,67699909750
2025-06-19 07:15:14,REAL,67699909750,676,67699910426,67699910426
2025-06-19 07:15:16,REAL,67699910426,539,67699910965,67699910965
2025-06-19 07:15:18,REAL,67699910965,604,67699911569,67699911569
2025-06-19 07:15:20,REAL,67699911569,546,67699912115,67699912115
2025-06-19 07:15:22,REAL,67699912115,617,67699912732,67699912732
2025-06-19 07:15:24,REAL,67699912732,540,67699913272,67699913272
2025-06-19 07:15:26,REAL,67699913272,594,67699913866,67699913866
2025-06-19 07:15:28,REAL,67699913866,531,67699914397,67699914397
2025-06-19 07:15:30,REAL,67699914397,593,67699914990,67699914990
2025-06-19 07:15:32,REAL,67699914990,168692,67700083682,67700083682
2025-06-19 07:15:34,REAL,67700083682,74243,67700157925,67700157925
2025-06-19 07:15:36,REAL,67700157925,29162,67700187087,67700187087
2025-06-19 07:15:38,REAL,67700187087,28947,67700216034,67700216034
2025-06-19 07:15:40,REAL,67700216034,29383,67700245417,67700245417
2025-06-19 07:15:42,REAL,67700245417,28920,67700274337,67700274337
2025-06-19 07:15:44,REAL,67700274337,29150,67700303487,67700303487
2025-06-19 07:15:46,REAL,67700303487,22158,67700325645,67700325645
2025-06-19 07:15:48,REAL,67700325645,539,67700326184,67700326184
2025-06-19 07:15:50,REAL,67700326184,598,67700326782,67700326782
2025-06-19 07:15:52,REAL,67700326782,615,67700327397,67700327397
2025-06-19 07:15:54,REAL,67700327397,546,67700327943,67700327943
2025-06-19 07:15:56,REAL,67700327943,597,67700328540,67700328540
2025-06-19 07:15:58,REAL,67700328540,538,67700329078,67700329078
2025-06-19 07:16:00,REAL,67700329078,538,67700329616,67700329616
2025-06-19 07:16:02,REAL,67700329616,606,67700330222,67700330222
2025-06-19 07:16:04,REAL,67700330222,540,67700330762,67700330762
2025-06-19 07:16:06,REAL,67700330762,537,67700331299,67700331299
2025-06-19 07:16:08,REAL,67700331299,617,67700331916,67700331916
2025-06-19 07:16:10,REAL,67700331916,534,67700332450,67700332450
2025-06-19 07:16:12,REAL,67700332450,541,67700332991,67700332991
2025-06-19 07:16:14,REAL,67700332991,588,67700333579,67700333579
2025-06-19 07:16:16,REAL,67700333579,538,67700334117,67700334117
2025-06-19 07:16:18,REAL,67700334117,591,67700334708,67700334708
2025-06-19 07:16:20,REAL,67700334708,600,67700335308,67700335308
2025-06-19 07:16:22,REAL,67700335308,730,67700336038,67700336038
2025-06-19 07:16:24,REAL,67700336038,601,67700336639,67700336639
2025-06-19 07:16:26,REAL,67700336639,548,67700337187,67700337187
2025-06-19 07:16:28,REAL,67700337187,534,67700337721,67700337721
2025-06-19 07:16:30,REAL,67700337721,538,67700338259,67700338259
2025-06-19 07:16:32,REAL,67700338259,530,67700338789,67700338789
2025-06-19 07:16:34,REAL,67700338789,541,67700339330,67700339330
2025-06-19 07:16:36,REAL,67700339330,537,67700339867,67700339867
2025-06-19 07:16:38,REAL,67700339867,664,67700340531,67700340531
2025-06-19 07:16:40,REAL,67700340531,660,67700341191,67700341191
2025-06-19 07:16:42,REAL,67700341191,595,67700341786,67700341786
2025-06-19 07:16:44,REAL,67700341786,601,67700342387,67700342387
2025-06-19 07:16:46,REAL,67700342387,533,67700342920,67700342920
2025-06-19 07:16:48,REAL,67700342920,600,67700343520,67700343520
2025-06-19 07:16:50,REAL,67700343520,532,67700344052,67700344052
2025-06-19 07:16:52,REAL,67700344052,619,67700344671,67700344671
2025-06-19 07:16:54,REAL,67700344671,535,67700345206,67700345206
2025-06-19 07:16:56,REAL,67700345206,548,67700345754,67700345754
2025-06-19 07:16:58,REAL,67700345754,534,67700346288,67700346288
2025-06-19 07:17:00,REAL,67700346288,652,67700346940,67700346940
2025-06-19 07:17:02,REAL,67700346940,539,67700347479,67700347479
2025-06-19 07:17:04,REAL,67700347479,540,67700348019,67700348019
2025-06-19 07:17:06,REAL,67700348019,537,67700348556,67700348556
2025-06-19 07:17:08,REAL,67700348556,619,67700349175,67700349175
2025-06-19 07:17:10,REAL,67700349175,539,67700349714,67700349714
2025-06-19 07:17:12,REAL,67700349714,547,67700350261,67700350261
2025-06-19 07:17:14,REAL,67700350261,591,67700350852,67700350852
2025-06-19 07:17:16,REAL,67700350852,591,67700351443,67700351443
2025-06-19 07:17:18,REAL,67700351443,599,67700352042,67700352042
2025-06-19 07:17:20,REAL,67700352042,594,67700352636,67700352636
2025-06-19 07:17:22,REAL,67700352636,741,67700353377,67700353377
2025-06-19 07:17:24,REAL,67700353377,655,67700354032,67700354032
2025-06-19 07:17:26,REAL,67700354032,598,67700354630,67700354630
2025-06-19 07:17:28,REAL,67700354630,243192,67700597822,67700597822
2025-06-19 07:17:30,REAL,67700597822,29854,67700627676,67700627676
2025-06-19 07:17:32,REAL,67700627676,28905,67700656581,67700656581
2025-06-19 07:17:34,REAL,67700656581,29194,67700685775,67700685775
2025-06-19 07:17:36,REAL,67700685775,29090,67700714865,67700714865
2025-06-19 07:17:38,REAL,67700714865,29302,67700744167,67700744167
2025-06-19 07:17:40,REAL,67700744167,29158,67700773325,67700773325
2025-06-19 07:17:42,REAL,67700773325,16767,67700790092,67700790092
2025-06-19 07:17:44,REAL,67700790092,540,67700790632,67700790632
2025-06-19 07:17:46,REAL,67700790632,534,67700791166,67700791166
2025-06-19 07:17:48,REAL,67700791166,604,67700791770,67700791770
2025-06-19 07:17:50,REAL,67700791770,543,67700792313,67700792313
2025-06-19 07:17:52,REAL,67700792313,612,67700792925,67700792925
2025-06-19 07:17:54,REAL,67700792925,547,67700793472,67700793472
2025-06-19 07:17:56,REAL,67700793472,541,67700794013,67700794013
2025-06-19 07:17:58,REAL,67700794013,600,67700794613,67700794613
2025-06-19 07:18:00,REAL,67700794613,253143,67701047756,67701047756
2025-06-19 07:18:02,REAL,67701047756,29767,67701077523,67701077523
2025-06-19 07:18:04,REAL,67701077523,28804,67701106327,67701106327
2025-06-19 07:18:06,REAL,67701106327,29256,67701135583,67701135583
2025-06-19 07:18:08,REAL,67701135583,29359,67701164942,67701164942
2025-06-19 07:18:10,REAL,67701164942,29124,67701194066,67701194066
2025-06-19 07:18:12,REAL,67701194066,28842,67701222908,67701222908
2025-06-19 07:18:14,REAL,67701222908,14810,67701237718,67701237718
2025-06-19 07:18:16,REAL,67701237718,530,67701238248,67701238248
2025-06-19 07:18:18,REAL,67701238248,541,67701238789,67701238789
2025-06-19 07:18:20,REAL,67701238789,531,67701239320,67701239320
2025-06-19 07:18:22,REAL,67701239320,615,67701239935,67701239935
2025-06-19 07:18:24,REAL,67701239935,543,67701240478,67701240478
2025-06-19 07:18:26,REAL,67701240478,539,67701241017,67701241017
2025-06-19 07:18:28,REAL,67701241017,544,67701241561,67701241561
2025-06-19 07:18:30,REAL,67701241561,605,67701242166,67701242166
2025-06-19 07:18:32,REAL,67701242166,598,67701242764,67701242764
2025-06-19 07:18:34,REAL,67701242764,709,67701243473,67701243473
2025-06-19 07:18:36,REAL,67701243473,534,67701244007,67701244007
2025-06-19 07:18:38,REAL,67701244007,622,67701244629,67701244629
2025-06-19 07:18:40,REAL,67701244629,536,67701245165,67701245165
2025-06-19 07:18:42,REAL,67701245165,540,67701245705,67701245705
2025-06-19 07:18:44,REAL,67701245705,541,67701246246,67701246246
2025-06-19 07:18:46,REAL,67701246246,543,67701246789,67701246789
2025-06-19 07:18:48,REAL,67701246789,542,67701247331,67701247331
2025-06-19 07:18:50,REAL,67701247331,657,67701247988,67701247988
2025-06-19 07:18:52,REAL,67701247988,544,67701248532,67701248532
2025-06-19 07:18:54,REAL,67701248532,616,67701249148,67701249148
2025-06-19 07:18:56,REAL,67701249148,544,67701249692,67701249692
2025-06-19 07:18:58,REAL,67701249692,534,67701250226,67701250226
2025-06-19 07:19:00,REAL,67701250226,532,67701250758,67701250758
2025-06-19 07:19:02,REAL,67701250758,542,67701251300,67701251300
2025-06-19 07:19:04,REAL,67701251300,538,67701251838,67701251838
2025-06-19 07:19:06,REAL,67701251838,600,67701252438,67701252438
2025-06-19 07:19:08,REAL,67701252438,617,67701253055,67701253055
2025-06-19 07:19:10,REAL,67701253055,603,67701253658,67701253658
2025-06-19 07:19:12,REAL,67701253658,539,67701254197,67701254197
2025-06-19 07:19:14,REAL,67701254197,533,67701254730,67701254730
2025-06-19 07:19:16,REAL,67701254730,540,67701255270,67701255270
2025-06-19 07:19:18,REAL,67701255270,545,67701255815,67701255815
2025-06-19 07:19:20,REAL,67701255815,542,67701256357,67701256357
2025-06-19 07:19:22,REAL,67701256357,595,67701256952,67701256952
2025-06-19 07:19:24,REAL,67701256952,612,67701257564,67701257564
2025-06-19 07:19:26,REAL,67701257564,535,67701258099,67701258099
2025-06-19 07:19:28,REAL,67701258099,539,67701258638,67701258638
2025-06-19 07:19:30,REAL,67701258638,547,67701259185,67701259185
2025-06-19 07:19:32,REAL,67701259185,542,67701259727,67701259727
2025-06-19 07:19:34,REAL,67701259727,542,67701260269,67701260269
2025-06-19 07:19:36,REAL,67701260269,536,67701260805,67701260805
2025-06-19 07:19:38,REAL,67701260805,676,67701261481,67701261481
2025-06-19 07:19:40,REAL,67701261481,188160,67701449641,67701449641
2025-06-19 07:19:42,REAL,67701449641,95192,67701544833,67701544833
2025-06-19 07:19:44,REAL,67701544833,29375,67701574208,67701574208
2025-06-19 07:19:46,REAL,67701574208,28997,67701603205,67701603205
2025-06-19 07:19:48,REAL,67701603205,29162,67701632367,67701632367
2025-06-19 07:19:50,REAL,67701632367,28976,67701661343,67701661343
2025-06-19 07:19:52,REAL,67701661343,29359,67701690702,67701690702
2025-06-19 07:19:54,REAL,67701690702,24394,67701715096,67701715096
2025-06-19 07:19:56,REAL,67701715096,599,67701715695,67701715695
2025-06-19 07:19:58,REAL,67701715695,596,67701716291,67701716291
2025-06-19 07:20:00,REAL,67701716291,652,67701716943,67701716943
2025-06-19 07:20:02,REAL,67701716943,599,67701717542,67701717542
2025-06-19 07:20:04,REAL,67701717542,597,67701718139,67701718139
2025-06-19 07:20:06,REAL,67701718139,547,67701718686,67701718686
2025-06-19 07:20:08,REAL,67701718686,620,67701719306,67701719306
2025-06-19 07:20:10,REAL,67701719306,532,67701719838,67701719838
2025-06-19 07:20:12,REAL,67701719838,541,67701720379,67701720379
2025-06-19 07:20:14,REAL,67701720379,543,67701720922,67701720922
2025-06-19 07:20:16,REAL,67701720922,545,67701721467,67701721467
2025-06-19 07:20:18,REAL,67701721467,539,67701722006,67701722006
2025-06-19 07:20:20,REAL,67701722006,599,67701722605,67701722605
2025-06-19 07:20:22,REAL,67701722605,187677,67701910282,67701910282
2025-06-19 07:20:24,REAL,67701910282,85697,67701995979,67701995979
2025-06-19 07:20:26,REAL,67701995979,28371,67702024350,67702024350
2025-06-19 07:20:28,REAL,67702024350,29365,67702053715,67702053715
2025-06-19 07:20:30,REAL,67702053715,29397,67702083112,67702083112
2025-06-19 07:20:32,REAL,67702083112,29025,67702112137,67702112137
2025-06-19 07:20:34,REAL,67702112137,29253,67702141390,67702141390
2025-06-19 07:20:36,REAL,67702141390,22132,67702163522,67702163522
2025-06-19 07:20:38,REAL,67702163522,620,67702164142,67702164142
2025-06-19 07:20:40,REAL,67702164142,540,67702164682,67702164682
2025-06-19 07:20:42,REAL,67702164682,543,67702165225,67702165225
2025-06-19 07:20:44,REAL,67702165225,544,67702165769,67702165769
2025-06-19 07:20:46,REAL,67702165769,540,67702166309,67702166309
2025-06-19 07:20:48,REAL,67702166309,545,67702166854,67702166854
2025-06-19 07:20:50,REAL,67702166854,544,67702167398,67702167398
2025-06-19 07:20:52,REAL,67702167398,594,67702167992,67702167992
2025-06-19 07:20:54,REAL,67702167992,215248,67702383240,67702383240
2025-06-19 07:20:56,REAL,67702383240,64623,67702447863,67702447863
2025-06-19 07:20:58,REAL,67702447863,29375,67702477238,67702477238
2025-06-19 07:21:00,REAL,67702477238,29323,67702506561,67702506561
2025-06-19 07:21:02,REAL,67702506561,29633,67702536194,67702536194
2025-06-19 07:21:04,REAL,67702536194,29989,67702566183,67702566183
2025-06-19 07:21:06,REAL,67702566183,27854,67702594037,67702594037
2025-06-19 07:21:08,REAL,67702594037,20648,67702614685,67702614685
2025-06-19 07:21:10,REAL,67702614685,621,67702615306,67702615306
2025-06-19 07:21:12,REAL,67702615306,539,67702615845,67702615845
2025-06-19 07:21:14,REAL,67702615845,541,67702616386,67702616386
2025-06-19 07:21:16,REAL,67702616386,534,67702616920,67702616920
2025-06-19 07:21:18,REAL,67702616920,541,67702617461,67702617461
2025-06-19 07:21:20,REAL,67702617461,546,67702618007,67702618007
2025-06-19 07:21:22,REAL,67702618007,543,67702618550,67702618550
2025-06-19 07:21:24,REAL,67702618550,676,67702619226,67702619226
2025-06-19 07:21:26,REAL,67702619226,546,67702619772,67702619772
2025-06-19 07:21:28,REAL,67702619772,545,67702620317,67702620317
2025-06-19 07:21:30,REAL,67702620317,536,67702620853,67702620853
2025-06-19 07:21:32,REAL,67702620853,533,67702621386,67702621386
2025-06-19 07:21:34,REAL,67702621386,541,67702621927,67702621927
2025-06-19 07:21:36,REAL,67702621927,537,67702622464,67702622464
2025-06-19 07:21:38,REAL,67702622464,539,67702623003,67702623003
2025-06-19 07:21:40,REAL,67702623003,736,67702623739,67702623739
2025-06-19 07:21:42,REAL,67702623739,544,67702624283,67702624283
2025-06-19 07:21:44,REAL,67702624283,591,67702624874,67702624874
2025-06-19 07:21:46,REAL,67702624874,539,67702625413,67702625413
2025-06-19 07:21:48,REAL,67702625413,535,67702625948,67702625948
2025-06-19 07:21:50,REAL,67702625948,543,67702626491,67702626491
2025-06-19 07:21:52,REAL,67702626491,546,67702627037,67702627037
2025-06-19 07:21:54,REAL,67702627037,617,67702627654,67702627654
2025-06-19 07:21:56,REAL,67702627654,596,67702628250,67702628250
2025-06-19 07:21:58,REAL,67702628250,268867,67702897117,67702897117
2025-06-19 07:22:00,REAL,67702897117,35676,67702932793,67702932793
2025-06-19 07:22:02,REAL,67702932793,29265,67702962058,67702962058
2025-06-19 07:22:04,REAL,67702962058,28801,67702990859,67702990859
2025-06-19 07:22:06,REAL,67702990859,29237,67703020096,67703020096
2025-06-19 07:22:08,REAL,67703020096,29364,67703049460,67703049460
2025-06-19 07:22:10,REAL,67703049460,29445,67703078905,67703078905
2025-06-19 07:22:12,REAL,67703078905,17129,67703096034,67703096034
2025-06-19 07:22:14,REAL,67703096034,600,67703096634,67703096634
2025-06-19 07:22:16,REAL,67703096634,656,67703097290,67703097290
2025-06-19 07:22:18,REAL,67703097290,655,67703097945,67703097945
2025-06-19 07:22:20,REAL,67703097945,606,67703098551,67703098551
2025-06-19 07:22:22,REAL,67703098551,599,67703099150,67703099150
2025-06-19 07:22:24,REAL,67703099150,614,67703099764,67703099764
2025-06-19 07:22:26,REAL,67703099764,546,67703100310,67703100310
2025-06-19 07:22:28,REAL,67703100310,546,67703100856,67703100856
2025-06-19 07:22:30,REAL,67703100856,540,67703101396,67703101396
2025-06-19 07:22:32,REAL,67703101396,535,67703101931,67703101931
2025-06-19 07:22:34,REAL,67703101931,540,67703102471,67703102471
2025-06-19 07:22:36,REAL,67703102471,543,67703103014,67703103014
2025-06-19 07:22:38,REAL,67703103014,606,67703103620,67703103620
2025-06-19 07:22:40,REAL,67703103620,274578,67703378198,67703378198
2025-06-19 07:22:42,REAL,67703378198,29183,67703407381,67703407381
2025-06-19 07:22:44,REAL,67703407381,29486,67703436867,67703436867
2025-06-19 07:22:46,REAL,67703436867,28744,67703465611,67703465611
2025-06-19 07:22:48,REAL,67703465611,29762,67703495373,67703495373
2025-06-19 07:22:50,REAL,67703495373,29192,67703524565,67703524565
2025-06-19 07:22:52,REAL,67703524565,29451,67703554016,67703554016
2025-06-19 07:22:54,REAL,67703554016,15654,67703569670,67703569670
2025-06-19 07:22:56,REAL,67703569670,537,67703570207,67703570207
2025-06-19 07:22:58,REAL,67703570207,536,67703570743,67703570743
2025-06-19 07:23:00,REAL,67703570743,545,67703571288,67703571288
2025-06-19 07:23:02,REAL,67703571288,542,67703571830,67703571830
2025-06-19 07:23:04,REAL,67703571830,536,67703572366,67703572366
2025-06-19 07:23:06,REAL,67703572366,548,67703572914,67703572914
2025-06-19 07:23:08,REAL,67703572914,546,67703573460,67703573460
2025-06-19 07:23:10,REAL,67703573460,668,67703574128,67703574128
2025-06-19 07:23:12,REAL,67703574128,604,67703574732,67703574732
2025-06-19 07:23:14,REAL,67703574732,597,67703575329,67703575329
2025-06-19 07:23:16,REAL,67703575329,594,67703575923,67703575923
2025-06-19 07:23:18,REAL,67703575923,536,67703576459,67703576459
2025-06-19 07:23:20,REAL,67703576459,539,67703576998,67703576998
2025-06-19 07:23:22,REAL,67703576998,544,67703577542,67703577542
2025-06-19 07:23:24,REAL,67703577542,614,67703578156,67703578156
2025-06-19 07:23:26,REAL,67703578156,545,67703578701,67703578701
2025-06-19 07:23:28,REAL,67703578701,546,67703579247,67703579247
2025-06-19 07:23:30,REAL,67703579247,707,67703579954,67703579954
2025-06-19 07:23:32,REAL,67703579954,602,67703580556,67703580556
2025-06-19 07:23:34,REAL,67703580556,600,67703581156,67703581156
2025-06-19 07:23:36,REAL,67703581156,601,67703581757,67703581757
2025-06-19 07:23:38,REAL,67703581757,544,67703582301,67703582301
2025-06-19 07:23:40,REAL,67703582301,612,67703582913,67703582913
2025-06-19 07:23:42,REAL,67703582913,537,67703583450,67703583450
2025-06-19 07:23:44,REAL,67703583450,531,67703583981,67703583981
2025-06-19 07:23:46,REAL,67703583981,547,67703584528,67703584528
2025-06-19 07:23:48,REAL,67703584528,546,67703585074,67703585074
2025-06-19 07:23:50,REAL,67703585074,534,67703585608,67703585608
2025-06-19 07:23:52,REAL,67703585608,605,67703586213,67703586213
2025-06-19 07:23:54,REAL,67703586213,535,67703586748,67703586748
2025-06-19 07:23:56,REAL,67703586748,615,67703587363,67703587363
2025-06-19 07:23:58,REAL,67703587363,549,67703587912,67703587912
2025-06-19 07:24:00,REAL,67703587912,535,67703588447,67703588447
2025-06-19 07:24:02,REAL,67703588447,545,67703588992,67703588992
2025-06-19 07:24:04,REAL,67703588992,541,67703589533,67703589533
2025-06-19 07:24:06,REAL,67703589533,656,67703590189,67703590189
2025-06-19 07:24:08,REAL,67703590189,354,67703590543,67703590543
2025-06-19 07:24:10,REAL,67703590543,613,67703591156,67703591156
2025-06-19 07:24:12,REAL,67703591156,533,67703591689,67703591689
2025-06-19 07:24:14,REAL,67703591689,532,67703592221,67703592221
2025-06-19 07:24:16,REAL,67703592221,542,67703592763,67703592763
2025-06-19 07:24:18,REAL,67703592763,547,67703593310,67703593310
2025-06-19 07:24:20,REAL,67703593310,539,67703593849,67703593849
2025-06-19 07:24:22,REAL,67703593849,542,67703594391,67703594391
2025-06-19 07:24:24,REAL,67703594391,41175,67703635566,67703635566
2025-06-19 07:24:26,REAL,67703635566,244859,67703880425,67703880425
2025-06-19 07:24:28,REAL,67703880425,29543,67703909968,67703909968
2025-06-19 07:24:30,REAL,67703909968,29768,67703939736,67703939736
2025-06-19 07:24:32,REAL,67703939736,29516,67703969252,67703969252
2025-06-19 07:24:34,REAL,67703969252,29632,67703998884,67703998884
2025-06-19 07:24:36,REAL,67703998884,29233,67704028117,67704028117
2025-06-19 07:24:38,REAL,67704028117,29307,67704057424,67704057424
2025-06-19 07:24:40,REAL,67704057424,9536,67704066960,67704066960
2025-06-19 07:24:42,REAL,67704066960,601,67704067561,67704067561
2025-06-19 07:24:44,REAL,67704067561,650,67704068211,67704068211
2025-06-19 07:24:46,REAL,67704068211,603,67704068814,67704068814
2025-06-19 07:24:48,REAL,67704068814,603,67704069417,67704069417
2025-06-19 07:24:50,REAL,67704069417,597,67704070014,67704070014
2025-06-19 07:24:52,REAL,67704070014,544,67704070558,67704070558
2025-06-19 07:24:54,REAL,67704070558,537,67704071095,67704071095
2025-06-19 07:24:56,REAL,67704071095,615,67704071710,67704071710
2025-06-19 07:24:58,REAL,67704071710,542,67704072252,67704072252
2025-06-19 07:25:00,REAL,67704072252,533,67704072785,67704072785
2025-06-19 07:25:02,REAL,67704072785,601,67704073386,67704073386
2025-06-19 07:25:04,REAL,67704073386,538,67704073924,67704073924
2025-06-19 07:25:06,REAL,67704073924,604,67704074528,67704074528
2025-06-19 07:25:08,REAL,67704074528,541,67704075069,67704075069
2025-06-19 07:25:10,REAL,67704075069,616,67704075685,67704075685
2025-06-19 07:25:12,REAL,67704075685,548,67704076233,67704076233
2025-06-19 07:25:14,REAL,67704076233,540,67704076773,67704076773
2025-06-19 07:25:16,REAL,67704076773,548,67704077321,67704077321
2025-06-19 07:25:18,REAL,67704077321,539,67704077860,67704077860
2025-06-19 07:25:20,REAL,67704077860,597,67704078457,67704078457
2025-06-19 07:25:22,REAL,67704078457,657,67704079114,67704079114
2025-06-19 07:25:24,REAL,67704079114,596,67704079710,67704079710
2025-06-19 07:25:26,REAL,67704079710,676,67704080386,67704080386
2025-06-19 07:25:28,REAL,67704080386,544,67704080930,67704080930
2025-06-19 07:25:30,REAL,67704080930,535,67704081465,67704081465
2025-06-19 07:25:32,REAL,67704081465,539,67704082004,67704082004
2025-06-19 07:25:34,REAL,67704082004,543,67704082547,67704082547
2025-06-19 07:25:36,REAL,67704082547,837,67704083384,67704083384
2025-06-19 07:25:38,REAL,67704083384,295,67704083679,67704083679
2025-06-19 07:25:40,REAL,67704083679,611,67704084290,67704084290
2025-06-19 07:25:42,REAL,67704084290,601,67704084891,67704084891
2025-06-19 07:25:44,REAL,67704084891,202765,67704287656,67704287656
2025-06-19 07:25:46,REAL,67704287656,69020,67704356676,67704356676
2025-06-19 07:25:48,REAL,67704356676,28650,67704385326,67704385326
2025-06-19 07:25:50,REAL,67704385326,29383,67704414709,67704414709
2025-06-19 07:25:52,REAL,67704414709,28835,67704443544,67704443544
2025-06-19 07:25:54,REAL,67704443544,28920,67704472464,67704472464
2025-06-19 07:25:56,REAL,67704472464,29667,67704502131,67704502131
2025-06-19 07:25:58,REAL,67704502131,21241,67704523372,67704523372
2025-06-19 07:26:00,REAL,67704523372,540,67704523912,67704523912
2025-06-19 07:26:02,REAL,67704523912,537,67704524449,67704524449
2025-06-19 07:26:04,REAL,67704524449,610,67704525059,67704525059
2025-06-19 07:26:06,REAL,67704525059,534,67704525593,67704525593
2025-06-19 07:26:08,REAL,67704525593,543,67704526136,67704526136
2025-06-19 07:26:10,REAL,67704526136,618,67704526754,67704526754
2025-06-19 07:26:12,REAL,67704526754,535,67704527289,67704527289
2025-06-19 07:26:14,REAL,67704527289,601,67704527890,67704527890
2025-06-19 07:26:16,REAL,67704527890,533,67704528423,67704528423
2025-06-19 07:26:18,REAL,67704528423,592,67704529015,67704529015
2025-06-19 07:26:20,REAL,67704529015,537,67704529552,67704529552
2025-06-19 07:26:22,REAL,67704529552,539,67704530091,67704530091
2025-06-19 07:26:24,REAL,67704530091,537,67704530628,67704530628
2025-06-19 07:26:26,REAL,67704530628,613,67704531241,67704531241
2025-06-19 07:26:28,REAL,67704531241,538,67704531779,67704531779
2025-06-19 07:26:30,REAL,67704531779,605,67704532384,67704532384
2025-06-19 07:26:32,REAL,67704532384,259296,67704791680,67704791680
2025-06-19 07:26:34,REAL,67704791680,36753,67704828433,67704828433
2025-06-19 07:26:36,REAL,67704828433,29004,67704857437,67704857437
2025-06-19 07:26:38,REAL,67704857437,28830,67704886267,67704886267
2025-06-19 07:26:40,REAL,67704886267,28817,67704915084,67704915084
2025-06-19 07:26:42,REAL,67704915084,29567,67704944651,67704944651
2025-06-19 07:26:44,REAL,67704944651,29226,67704973877,67704973877
2025-06-19 07:26:46,REAL,67704973877,17805,67704991682,67704991682
2025-06-19 07:26:48,REAL,67704991682,533,67704992215,67704992215
2025-06-19 07:26:50,REAL,67704992215,539,67704992754,67704992754
2025-06-19 07:26:52,REAL,67704992754,541,67704993295,67704993295
2025-06-19 07:26:54,REAL,67704993295,539,67704993834,67704993834
2025-06-19 07:26:56,REAL,67704993834,614,67704994448,67704994448
2025-06-19 07:26:58,REAL,67704994448,534,67704994982,67704994982
2025-06-19 07:27:00,REAL,67704994982,545,67704995527,67704995527
2025-06-19 07:27:02,REAL,67704995527,606,67704996133,67704996133
2025-06-19 07:27:04,REAL,67704996133,541,67704996674,67704996674
2025-06-19 07:27:06,REAL,67704996674,590,67704997264,67704997264
2025-06-19 07:27:08,REAL,67704997264,541,67704997805,67704997805
2025-06-19 07:27:10,REAL,67704997805,610,67704998415,67704998415
2025-06-19 07:27:12,REAL,67704998415,596,67704999011,67704999011
2025-06-19 07:27:14,REAL,67704999011,537,67704999548,67704999548
2025-06-19 07:27:16,REAL,67704999548,540,67705000088,67705000088
2025-06-19 07:27:18,REAL,67705000088,596,67705000684,67705000684
2025-06-19 07:27:20,REAL,67705000684,544,67705001228,67705001228
2025-06-19 07:27:22,REAL,67705001228,531,67705001759,67705001759
2025-06-19 07:27:24,REAL,67705001759,539,67705002298,67705002298
2025-06-19 07:27:26,REAL,67705002298,613,67705002911,67705002911
2025-06-19 07:27:28,REAL,67705002911,541,67705003452,67705003452
2025-06-19 07:27:30,REAL,67705003452,542,67705003994,67705003994
2025-06-19 07:27:32,REAL,67705003994,545,67705004539,67705004539
2025-06-19 07:27:34,REAL,67705004539,591,67705005130,67705005130
2025-06-19 07:27:36,REAL,67705005130,547,67705005677,67705005677
2025-06-19 07:27:38,REAL,67705005677,532,67705006209,67705006209
2025-06-19 07:27:40,REAL,67705006209,593,67705006802,67705006802
2025-06-19 07:27:42,REAL,67705006802,614,67705007416,67705007416
2025-06-19 07:27:44,REAL,67705007416,541,67705007957,67705007957
2025-06-19 07:27:46,REAL,67705007957,535,67705008492,67705008492
2025-06-19 07:27:48,REAL,67705008492,595,67705009087,67705009087
2025-06-19 07:27:50,REAL,67705009087,2383,67705011470,67705011470
2025-06-19 07:27:52,REAL,67705011470,242562,67705254032,67705254032
2025-06-19 07:27:54,REAL,67705254032,29198,67705283230,67705283230
2025-06-19 07:27:56,REAL,67705283230,29379,67705312609,67705312609
2025-06-19 07:27:58,REAL,67705312609,29496,67705342105,67705342105
2025-06-19 07:28:00,REAL,67705342105,29332,67705371437,67705371437
2025-06-19 07:28:02,REAL,67705371437,29413,67705400850,67705400850
2025-06-19 07:28:04,REAL,67705400850,29617,67705430467,67705430467
2025-06-19 07:28:06,REAL,67705430467,13339,67705443806,67705443806
2025-06-19 07:28:08,REAL,67705443806,601,67705444407,67705444407
2025-06-19 07:28:10,REAL,67705444407,596,67705445003,67705445003
2025-06-19 07:28:12,REAL,67705445003,163119,67705608122,67705608122
2025-06-19 07:28:14,REAL,67705608122,119706,67705727828,67705727828
2025-06-19 07:28:16,REAL,67705727828,28530,67705756358,67705756358
2025-06-19 07:28:18,REAL,67705756358,29339,67705785697,67705785697
2025-06-19 07:28:20,REAL,67705785697,29235,67705814932,67705814932
2025-06-19 07:28:22,REAL,67705814932,29427,67705844359,67705844359
2025-06-19 07:28:24,REAL,67705844359,28892,67705873251,67705873251
2025-06-19 07:28:26,REAL,67705873251,26853,67705900104,67705900104
2025-06-19 07:28:28,REAL,67705900104,534,67705900638,67705900638
2025-06-19 07:28:30,REAL,67705900638,545,67705901183,67705901183
2025-06-19 07:28:32,REAL,67705901183,535,67705901718,67705901718
2025-06-19 07:28:34,REAL,67705901718,541,67705902259,67705902259
2025-06-19 07:28:36,REAL,67705902259,546,67705902805,67705902805
2025-06-19 07:28:38,REAL,67705902805,548,67705903353,67705903353
2025-06-19 07:28:40,REAL,67705903353,543,67705903896,67705903896
2025-06-19 07:28:42,REAL,67705903896,673,67705904569,67705904569
2025-06-19 07:28:44,REAL,67705904569,188812,67706093381,67706093381
2025-06-19 07:28:46,REAL,67706093381,111765,67706205146,67706205146
2025-06-19 07:28:48,REAL,67706205146,29021,67706234167,67706234167
2025-06-19 07:28:50,REAL,67706234167,28774,67706262941,67706262941
2025-06-19 07:28:52,REAL,67706262941,29020,67706291961,67706291961
2025-06-19 07:28:54,REAL,67706291961,28989,67706320950,67706320950
2025-06-19 07:28:56,REAL,67706320950,28504,67706349454,67706349454
2025-06-19 07:28:58,REAL,67706349454,24739,67706374193,67706374193
2025-06-19 07:29:00,REAL,67706374193,596,67706374789,67706374789
2025-06-19 07:29:02,REAL,67706374789,600,67706375389,67706375389
2025-06-19 07:29:04,REAL,67706375389,43608,67706418997,67706418997
2025-06-19 07:29:06,REAL,67706418997,194769,67706613766,67706613766
2025-06-19 07:29:08,REAL,67706613766,29055,67706642821,67706642821
2025-06-19 07:29:10,REAL,67706642821,29560,67706672381,67706672381
2025-06-19 07:29:12,REAL,67706672381,29103,67706701484,67706701484
2025-06-19 07:29:14,REAL,67706701484,29186,67706730670,67706730670
2025-06-19 07:29:16,REAL,67706730670,29362,67706760032,67706760032
2025-06-19 07:29:18,REAL,67706760032,29354,67706789386,67706789386
2025-06-19 07:29:20,REAL,67706789386,9401,67706798787,67706798787
2025-06-19 07:29:22,REAL,67706798787,600,67706799387,67706799387
2025-06-19 07:29:24,REAL,67706799387,601,67706799988,67706799988
2025-06-19 07:29:26,REAL,67706799988,671,67706800659,67706800659
2025-06-19 07:29:28,REAL,67706800659,599,67706801258,67706801258
2025-06-19 07:29:30,REAL,67706801258,656,67706801914,67706801914
2025-06-19 07:29:32,REAL,67706801914,595,67706802509,67706802509
2025-06-19 07:29:34,REAL,67706802509,599,67706803108,67706803108
2025-06-19 07:29:36,REAL,67706803108,542,67706803650,67706803650
2025-06-19 07:29:38,REAL,67706803650,539,67706804189,67706804189
2025-06-19 07:29:40,REAL,67706804189,597,67706804786,67706804786
2025-06-19 07:29:42,REAL,67706804786,612,67706805398,67706805398
2025-06-19 07:29:44,REAL,67706805398,546,67706805944,67706805944
2025-06-19 07:29:46,REAL,67706805944,539,67706806483,67706806483
2025-06-19 07:29:48,REAL,67706806483,540,67706807023,67706807023
2025-06-19 07:29:50,REAL,67706807023,599,67706807622,67706807622
2025-06-19 07:29:52,REAL,67706807622,539,67706808161,67706808161
2025-06-19 07:29:54,REAL,67706808161,541,67706808702,67706808702
2025-06-19 07:29:56,REAL,67706808702,617,67706809319,67706809319
2025-06-19 07:29:58,REAL,67706809319,546,67706809865,67706809865
2025-06-19 07:30:00,REAL,67706809865,533,67706810398,67706810398
2025-06-19 07:30:02,REAL,67706810398,604,67706811002,67706811002
2025-06-19 07:30:04,REAL,67706811002,543,67706811545,67706811545
2025-06-19 07:30:06,REAL,67706811545,607,67706812152,67706812152
2025-06-19 07:30:08,REAL,67706812152,545,67706812697,67706812697
2025-06-19 07:30:10,REAL,67706812697,532,67706813229,67706813229
2025-06-19 07:30:12,REAL,67706813229,615,67706813844,67706813844
2025-06-19 07:30:14,REAL,67706813844,595,67706814439,67706814439
2025-06-19 07:30:16,REAL,67706814439,548,67706814987,67706814987
2025-06-19 07:30:18,REAL,67706814987,539,67706815526,67706815526
2025-06-19 07:30:20,REAL,67706815526,546,67706816072,67706816072
2025-06-19 07:30:22,REAL,67706816072,600,67706816672,67706816672
2025-06-19 07:30:24,REAL,67706816672,602,67706817274,67706817274
2025-06-19 07:30:26,REAL,67706817274,674,67706817948,67706817948
2025-06-19 07:30:28,REAL,67706817948,609,67706818557,67706818557
2025-06-19 07:30:30,REAL,67706818557,537,67706819094,67706819094
2025-06-19 07:30:32,REAL,67706819094,532,67706819626,67706819626
2025-06-19 07:30:34,REAL,67706819626,543,67706820169,67706820169
2025-06-19 07:30:36,REAL,67706820169,536,67706820705,67706820705
2025-06-19 07:30:38,REAL,67706820705,538,67706821243,67706821243
2025-06-19 07:30:40,REAL,67706821243,535,67706821778,67706821778
2025-06-19 07:30:42,REAL,67706821778,612,67706822390,67706822390
2025-06-19 07:30:44,REAL,67706822390,596,67706822986,67706822986
2025-06-19 07:30:46,REAL,67706822986,543,67706823529,67706823529
2025-06-19 07:30:48,REAL,67706823529,599,67706824128,67706824128
2025-06-19 07:30:50,REAL,67706824128,542,67706824670,67706824670
2025-06-19 07:30:52,REAL,67706824670,604,67706825274,67706825274
2025-06-19 07:30:54,REAL,67706825274,537,67706825811,67706825811
2025-06-19 07:30:56,REAL,67706825811,618,67706826429,67706826429
2025-06-19 07:30:58,REAL,67706826429,538,67706826967,67706826967
2025-06-19 07:31:00,REAL,67706826967,652,67706827619,67706827619
2025-06-19 07:31:02,REAL,67706827619,601,67706828220,67706828220
2025-06-19 07:31:04,REAL,67706828220,604,67706828824,67706828824
2025-06-19 07:31:06,REAL,67706828824,546,67706829370,67706829370
2025-06-19 07:31:08,REAL,67706829370,532,67706829902,67706829902
2025-06-19 07:31:10,REAL,67706829902,549,67706830451,67706830451
2025-06-19 07:31:12,REAL,67706830451,617,67706831068,67706831068
2025-06-19 07:31:14,REAL,67706831068,542,67706831610,67706831610
2025-06-19 07:31:16,REAL,67706831610,548,67706832158,67706832158
2025-06-19 07:31:18,REAL,67706832158,540,67706832698,67706832698
2025-06-19 07:31:20,REAL,67706832698,592,67706833290,67706833290
2025-06-19 07:31:22,REAL,67706833290,600,67706833890,67706833890
2025-06-19 07:31:24,REAL,67706833890,661,67706834551,67706834551
2025-06-19 07:31:26,REAL,67706834551,678,67706835229,67706835229
2025-06-19 07:31:28,REAL,67706835229,536,67706835765,67706835765
2025-06-19 07:31:30,REAL,67706835765,534,67706836299,67706836299
2025-06-19 07:31:32,REAL,67706836299,536,67706836835,67706836835
2025-06-19 07:31:34,REAL,67706836835,546,67706837381,67706837381
2025-06-19 07:31:36,REAL,67706837381,538,67706837919,67706837919
2025-06-19 07:31:38,REAL,67706837919,550,67706838469,67706838469
2025-06-19 07:31:40,REAL,67706838469,535,67706839004,67706839004
2025-06-19 07:31:42,REAL,67706839004,734,67706839738,67706839738
2025-06-19 07:31:44,REAL,67706839738,655,67706840393,67706840393
2025-06-19 07:31:46,REAL,67706840393,592,67706840985,67706840985
2025-06-19 07:31:48,REAL,67706840985,606,67706841591,67706841591
2025-06-19 07:31:50,REAL,67706841591,601,67706842192,67706842192
2025-06-19 07:31:52,REAL,67706842192,597,67706842789,67706842789
2025-06-19 07:31:54,REAL,67706842789,541,67706843330,67706843330
2025-06-19 07:31:56,REAL,67706843330,614,67706843944,67706843944
2025-06-19 07:31:58,REAL,67706843944,600,67706844544,67706844544
2025-06-19 07:32:00,REAL,67706844544,535,67706845079,67706845079
2025-06-19 07:32:02,REAL,67706845079,545,67706845624,67706845624
2025-06-19 07:32:04,REAL,67706845624,541,67706846165,67706846165
2025-06-19 07:32:06,REAL,67706846165,533,67706846698,67706846698
2025-06-19 07:32:08,REAL,67706846698,601,67706847299,67706847299
2025-06-19 07:32:10,REAL,67706847299,534,67706847833,67706847833
2025-06-19 07:32:12,REAL,67706847833,612,67706848445,67706848445
2025-06-19 07:32:14,REAL,67706848445,539,67706848984,67706848984
2025-06-19 07:32:16,REAL,67706848984,543,67706849527,67706849527
2025-06-19 07:32:18,REAL,67706849527,541,67706850068,67706850068
2025-06-19 07:32:20,REAL,67706850068,534,67706850602,67706850602
2025-06-19 07:32:22,REAL,67706850602,541,67706851143,67706851143
2025-06-19 07:32:24,REAL,67706851143,140207,67706991350,67706991350
2025-06-19 07:32:26,REAL,67706991350,152500,67707143850,67707143850
2025-06-19 07:32:28,REAL,67707143850,29351,67707173201,67707173201
2025-06-19 07:32:30,REAL,67707173201,28905,67707202106,67707202106
2025-06-19 07:32:32,REAL,67707202106,29383,67707231489,67707231489
2025-06-19 07:32:34,REAL,67707231489,29158,67707260647,67707260647
2025-06-19 07:32:36,REAL,67707260647,28628,67707289275,67707289275
2025-06-19 07:32:38,REAL,67707289275,28929,67707318204,67707318204
2025-06-19 07:32:40,REAL,67707318204,602,67707318806,67707318806
2025-06-19 07:32:42,REAL,67707318806,607,67707319413,67707319413
2025-06-19 07:32:44,REAL,67707319413,536,67707319949,67707319949
2025-06-19 07:32:46,REAL,67707319949,541,67707320490,67707320490
2025-06-19 07:32:48,REAL,67707320490,535,67707321025,67707321025
2025-06-19 07:32:50,REAL,67707321025,538,67707321563,67707321563
2025-06-19 07:32:52,REAL,67707321563,546,67707322109,67707322109
2025-06-19 07:32:54,REAL,67707322109,601,67707322710,67707322710
2025-06-19 07:32:56,REAL,67707322710,591,67707323301,67707323301
2025-06-19 07:32:58,REAL,67707323301,732,67707324033,67707324033
2025-06-19 07:33:00,REAL,67707324033,608,67707324641,67707324641
2025-06-19 07:33:02,REAL,67707324641,548,67707325189,67707325189
2025-06-19 07:33:04,REAL,67707325189,549,67707325738,67707325738
2025-06-19 07:33:06,REAL,67707325738,544,67707326282,67707326282
2025-06-19 07:33:08,REAL,67707326282,546,67707326828,67707326828
2025-06-19 07:33:10,REAL,67707326828,539,67707327367,67707327367
2025-06-19 07:33:12,REAL,67707327367,614,67707327981,67707327981
2025-06-19 07:33:14,REAL,67707327981,539,67707328520,67707328520
2025-06-19 07:33:16,REAL,67707328520,16260,67707344780,67707344780
2025-06-19 07:33:18,REAL,67707344780,230758,67707575538,67707575538
2025-06-19 07:33:20,REAL,67707575538,29730,67707605268,67707605268
2025-06-19 07:33:22,REAL,67707605268,29471,67707634739,67707634739
2025-06-19 07:33:24,REAL,67707634739,29278,67707664017,67707664017
2025-06-19 07:33:26,REAL,67707664017,28597,67707692614,67707692614
2025-06-19 07:33:28,REAL,67707692614,29197,67707721811,67707721811
2025-06-19 07:33:30,REAL,67707721811,29300,67707751111,67707751111
2025-06-19 07:33:32,REAL,67707751111,12343,67707763454,67707763454
2025-06-19 07:33:34,REAL,67707763454,602,67707764056,67707764056
2025-06-19 07:33:36,REAL,67707764056,599,67707764655,67707764655
2025-06-19 07:33:38,REAL,67707764655,603,67707765258,67707765258
2025-06-19 07:33:40,REAL,67707765258,598,67707765856,67707765856
2025-06-19 07:33:42,REAL,67707765856,734,67707766590,67707766590
2025-06-19 07:33:44,REAL,67707766590,597,67707767187,67707767187
2025-06-19 07:33:46,REAL,67707767187,594,67707767781,67707767781
2025-06-19 07:33:48,REAL,67707767781,168374,67707936155,67707936155
2025-06-19 07:33:50,REAL,67707936155,109998,67708046153,67708046153
2025-06-19 07:33:52,REAL,67708046153,29091,67708075244,67708075244
2025-06-19 07:33:54,REAL,67708075244,29241,67708104485,67708104485
2025-06-19 07:33:56,REAL,67708104485,29106,67708133591,67708133591
2025-06-19 07:33:58,REAL,67708133591,28830,67708162421,67708162421
2025-06-19 07:34:00,REAL,67708162421,29624,67708192045,67708192045
2025-06-19 07:34:02,REAL,67708192045,24787,67708216832,67708216832
2025-06-19 07:34:04,REAL,67708216832,536,67708217368,67708217368
2025-06-19 07:34:06,REAL,67708217368,549,67708217917,67708217917
2025-06-19 07:34:08,REAL,67708217917,542,67708218459,67708218459
2025-06-19 07:34:10,REAL,67708218459,603,67708219062,67708219062
2025-06-19 07:34:12,REAL,67708219062,542,67708219604,67708219604
2025-06-19 07:34:14,REAL,67708219604,615,67708220219,67708220219
2025-06-19 07:34:16,REAL,67708220219,548,67708220767,67708220767
2025-06-19 07:34:18,REAL,67708220767,608,67708221375,67708221375
2025-06-19 07:34:20,REAL,67708221375,187800,67708409175,67708409175
2025-06-19 07:34:22,REAL,67708409175,93475,67708502650,67708502650
2025-06-19 07:34:24,REAL,67708502650,29211,67708531861,67708531861
2025-06-19 07:34:26,REAL,67708531861,28689,67708560550,67708560550
2025-06-19 07:34:28,REAL,67708560550,29173,67708589723,67708589723
2025-06-19 07:34:30,REAL,67708589723,29108,67708618831,67708618831
2025-06-19 07:34:32,REAL,67708618831,29259,67708648090,67708648090
2025-06-19 07:34:34,REAL,67708648090,23163,67708671253,67708671253
2025-06-19 07:34:36,REAL,67708671253,537,67708671790,67708671790
2025-06-19 07:34:38,REAL,67708671790,538,67708672328,67708672328
2025-06-19 07:34:40,REAL,67708672328,541,67708672869,67708672869
2025-06-19 07:34:42,REAL,67708672869,548,67708673417,67708673417
2025-06-19 07:34:44,REAL,67708673417,614,67708674031,67708674031
2025-06-19 07:34:46,REAL,67708674031,594,67708674625,67708674625
2025-06-19 07:34:48,REAL,67708674625,535,67708675160,67708675160
2025-06-19 07:34:50,REAL,67708675160,595,67708675755,67708675755
2025-06-19 07:34:52,REAL,67708675755,187560,67708863315,67708863315
2025-06-19 07:34:54,REAL,67708863315,74654,67708937969,67708937969
2025-06-19 07:34:56,REAL,67708937969,29069,67708967038,67708967038
2025-06-19 07:34:58,REAL,67708967038,29458,67708996496,67708996496
2025-06-19 07:35:00,REAL,67708996496,29574,67709026070,67709026070
2025-06-19 07:35:02,REAL,67709026070,28973,67709055043,67709055043
2025-06-19 07:35:04,REAL,67709055043,29045,67709084088,67709084088
2025-06-19 07:35:06,REAL,67709084088,21721,67709105809,67709105809
2025-06-19 07:35:08,REAL,67709105809,539,67709106348,67709106348
2025-06-19 07:35:10,REAL,67709106348,542,67709106890,67709106890
2025-06-19 07:35:12,REAL,67709106890,532,67709107422,67709107422
2025-06-19 07:35:14,REAL,67709107422,621,67709108043,67709108043
2025-06-19 07:35:16,REAL,67709108043,534,67709108577,67709108577
2025-06-19 07:35:18,REAL,67709108577,536,67709109113,67709109113
2025-06-19 07:35:20,REAL,67709109113,593,67709109706,67709109706
2025-06-19 07:35:22,REAL,67709109706,602,67709110308,67709110308
2025-06-19 07:35:24,REAL,67709110308,222274,67709332582,67709332582
2025-06-19 07:35:26,REAL,67709332582,65453,67709398035,67709398035
2025-06-19 07:35:28,REAL,67709398035,29108,67709427143,67709427143
2025-06-19 07:35:30,REAL,67709427143,29010,67709456153,67709456153
2025-06-19 07:35:32,REAL,67709456153,28863,67709485016,67709485016
2025-06-19 07:35:34,REAL,67709485016,29364,67709514380,67709514380
2025-06-19 07:35:36,REAL,67709514380,29554,67709543934,67709543934
2025-06-19 07:35:38,REAL,67709543934,20178,67709564112,67709564112
2025-06-19 07:35:40,REAL,67709564112,531,67709564643,67709564643
2025-06-19 07:35:42,REAL,67709564643,545,67709565188,67709565188
2025-06-19 07:35:44,REAL,67709565188,619,67709565807,67709565807
2025-06-19 07:35:46,REAL,67709565807,542,67709566349,67709566349
2025-06-19 07:35:48,REAL,67709566349,543,67709566892,67709566892
2025-06-19 07:35:50,REAL,67709566892,530,67709567422,67709567422
2025-06-19 07:35:52,REAL,67709567422,535,67709567957,67709567957
2025-06-19 07:35:54,REAL,67709567957,598,67709568555,67709568555
2025-06-19 07:35:56,REAL,67709568555,240471,67709809026,67709809026
2025-06-19 07:35:58,REAL,67709809026,44819,67709853845,67709853845
2025-06-19 07:36:00,REAL,67709853845,29662,67709883507,67709883507
2025-06-19 07:36:02,REAL,67709883507,29480,67709912987,67709912987
2025-06-19 07:36:04,REAL,67709912987,29836,67709942823,67709942823
2025-06-19 07:36:06,REAL,67709942823,28956,67709971779,67709971779
2025-06-19 07:36:08,REAL,67709971779,29688,67710001467,67710001467
2025-06-19 07:36:10,REAL,67710001467,17960,67710019427,67710019427
2025-06-19 07:36:12,REAL,67710019427,605,67710020032,67710020032
2025-06-19 07:36:14,REAL,67710020032,680,67710020712,67710020712
2025-06-19 07:36:16,REAL,67710020712,105313,67710126025,67710126025
2025-06-19 07:36:18,REAL,67710126025,177591,67710303616,67710303616
2025-06-19 07:36:20,REAL,67710303616,28909,67710332525,67710332525
2025-06-19 07:36:22,REAL,67710332525,29096,67710361621,67710361621
2025-06-19 07:36:24,REAL,67710361621,29294,67710390915,67710390915
2025-06-19 07:36:26,REAL,67710390915,29019,67710419934,67710419934
2025-06-19 07:36:28,REAL,67710419934,29202,67710449136,67710449136
2025-06-19 07:36:30,REAL,67710449136,29270,67710478406,67710478406
2025-06-19 07:36:32,REAL,67710478406,2732,67710481138,67710481138
2025-06-19 07:36:34,REAL,67710481138,537,67710481675,67710481675
2025-06-19 07:36:36,REAL,67710481675,541,67710482216,67710482216
2025-06-19 07:36:38,REAL,67710482216,538,67710482754,67710482754
2025-06-19 07:36:40,REAL,67710482754,544,67710483298,67710483298
2025-06-19 07:36:42,REAL,67710483298,544,67710483842,67710483842
2025-06-19 07:36:44,REAL,67710483842,623,67710484465,67710484465
2025-06-19 07:36:46,REAL,67710484465,538,67710485003,67710485003
2025-06-19 07:36:48,REAL,67710485003,120249,67710605252,67710605252
2025-06-19 07:36:50,REAL,67710605252,135443,67710740695,67710740695
2025-06-19 07:36:52,REAL,67710740695,29440,67710770135,67710770135
2025-06-19 07:36:54,REAL,67710770135,29551,67710799686,67710799686
2025-06-19 07:36:56,REAL,67710799686,29068,67710828754,67710828754
2025-06-19 07:36:58,REAL,67710828754,29031,67710857785,67710857785
2025-06-19 07:37:00,REAL,67710857785,29167,67710886952,67710886952
2025-06-19 07:37:02,REAL,67710886952,29620,67710916572,67710916572
2025-06-19 07:37:04,REAL,67710916572,942,67710917514,67710917514
2025-06-19 07:37:06,REAL,67710917514,651,67710918165,67710918165
2025-06-19 07:37:08,REAL,67710918165,600,67710918765,67710918765
2025-06-19 07:37:10,REAL,67710918765,597,67710919362,67710919362
2025-06-19 07:37:12,REAL,67710919362,596,67710919958,67710919958
2025-06-19 07:37:14,REAL,67710919958,676,67710920634,67710920634
2025-06-19 07:37:16,REAL,67710920634,536,67710921170,67710921170
2025-06-19 07:37:18,REAL,67710921170,543,67710921713,67710921713
2025-06-19 07:37:20,REAL,67710921713,543,67710922256,67710922256
2025-06-19 07:37:22,REAL,67710922256,542,67710922798,67710922798
2025-06-19 07:37:24,REAL,67710922798,538,67710923336,67710923336
2025-06-19 07:37:26,REAL,67710923336,538,67710923874,67710923874
2025-06-19 07:37:28,REAL,67710923874,544,67710924418,67710924418
2025-06-19 07:37:30,REAL,67710924418,732,67710925150,67710925150
2025-06-19 07:37:32,REAL,67710925150,592,67710925742,67710925742
2025-06-19 07:37:34,REAL,67710925742,654,67710926396,67710926396
2025-06-19 07:37:36,REAL,67710926396,531,67710926927,67710926927
2025-06-19 07:37:38,REAL,67710926927,543,67710927470,67710927470
2025-06-19 07:37:40,REAL,67710927470,540,67710928010,67710928010
2025-06-19 07:37:42,REAL,67710928010,602,67710928612,67710928612
2025-06-19 07:37:44,REAL,67710928612,612,67710929224,67710929224
2025-06-19 07:37:46,REAL,67710929224,545,67710929769,67710929769
2025-06-19 07:37:48,REAL,67710929769,536,67710930305,67710930305
2025-06-19 07:37:50,REAL,67710930305,666,67710930971,67710930971
2025-06-19 07:37:52,REAL,67710930971,596,67710931567,67710931567
2025-06-19 07:37:54,REAL,67710931567,605,67710932172,67710932172
2025-06-19 07:37:56,REAL,67710932172,605,67710932777,67710932777
2025-06-19 07:37:58,REAL,67710932777,606,67710933383,67710933383
2025-06-19 07:38:00,REAL,67710933383,683,67710934066,67710934066
2025-06-19 07:38:02,REAL,67710934066,540,67710934606,67710934606
2025-06-19 07:38:04,REAL,67710934606,539,67710935145,67710935145
2025-06-19 07:38:06,REAL,67710935145,534,67710935679,67710935679
2025-06-19 07:38:08,REAL,67710935679,540,67710936219,67710936219
2025-06-19 07:38:10,REAL,67710936219,537,67710936756,67710936756
2025-06-19 07:38:12,REAL,67710936756,540,67710937296,67710937296
2025-06-19 07:38:14,REAL,67710937296,613,67710937909,67710937909
2025-06-19 07:38:16,REAL,67710937909,599,67710938508,67710938508
2025-06-19 07:38:18,REAL,67710938508,649,67710939157,67710939157
2025-06-19 07:38:20,REAL,67710939157,548,67710939705,67710939705
2025-06-19 07:38:22,REAL,67710939705,540,67710940245,67710940245
2025-06-19 07:38:24,REAL,67710940245,533,67710940778,67710940778
2025-06-19 07:38:26,REAL,67710940778,539,67710941317,67710941317
2025-06-19 07:38:28,REAL,67710941317,542,67710941859,67710941859
2025-06-19 07:38:30,REAL,67710941859,616,67710942475,67710942475
2025-06-19 07:38:32,REAL,67710942475,664,67710943139,67710943139
2025-06-19 07:38:34,REAL,67710943139,599,67710943738,67710943738
2025-06-19 07:38:36,REAL,67710943738,605,67710944343,67710944343
2025-06-19 07:38:38,REAL,67710944343,544,67710944887,67710944887
2025-06-19 07:38:40,REAL,67710944887,541,67710945428,67710945428
2025-06-19 07:38:42,REAL,67710945428,540,67710945968,67710945968
2025-06-19 07:38:44,REAL,67710945968,595,67710946563,67710946563
2025-06-19 07:38:46,REAL,67710946563,609,67710947172,67710947172
2025-06-19 07:38:48,REAL,67710947172,540,67710947712,67710947712
2025-06-19 07:38:50,REAL,67710947712,544,67710948256,67710948256
2025-06-19 07:38:52,REAL,67710948256,600,67710948856,67710948856
2025-06-19 07:38:54,REAL,67710948856,534,67710949390,67710949390
2025-06-19 07:38:56,REAL,67710949390,542,67710949932,67710949932
2025-06-19 07:38:58,REAL,67710949932,544,67710950476,67710950476
2025-06-19 07:39:00,REAL,67710950476,675,67710951151,67710951151
2025-06-19 07:39:02,REAL,67710951151,540,67710951691,67710951691
2025-06-19 07:39:04,REAL,67710951691,532,67710952223,67710952223
2025-06-19 07:39:06,REAL,67710952223,534,67710952757,67710952757
2025-06-19 07:39:08,REAL,67710952757,610,67710953367,67710953367
2025-06-19 07:39:10,REAL,67710953367,195387,67711148754,67711148754
2025-06-19 07:39:12,REAL,67711148754,89859,67711238613,67711238613
2025-06-19 07:39:14,REAL,67711238613,29359,67711267972,67711267972
2025-06-19 07:39:16,REAL,67711267972,29218,67711297190,67711297190
2025-06-19 07:39:18,REAL,67711297190,29299,67711326489,67711326489
2025-06-19 07:39:20,REAL,67711326489,28961,67711355450,67711355450
2025-06-19 07:39:22,REAL,67711355450,28651,67711384101,67711384101
2025-06-19 07:39:24,REAL,67711384101,23794,67711407895,67711407895
2025-06-19 07:39:26,REAL,67711407895,547,67711408442,67711408442
2025-06-19 07:39:28,REAL,67711408442,532,67711408974,67711408974
2025-06-19 07:39:30,REAL,67711408974,615,67711409589,67711409589
2025-06-19 07:39:32,REAL,67711409589,542,67711410131,67711410131
2025-06-19 07:39:34,REAL,67711410131,542,67711410673,67711410673
2025-06-19 07:39:36,REAL,67711410673,598,67711411271,67711411271
2025-06-19 07:39:38,REAL,67711411271,532,67711411803,67711411803
2025-06-19 07:39:40,REAL,67711411803,600,67711412403,67711412403
2025-06-19 07:39:42,REAL,67711412403,600,67711413003,67711413003
2025-06-19 07:39:44,REAL,67711413003,655,67711413658,67711413658
2025-06-19 07:39:46,REAL,67711413658,672,67711414330,67711414330
2025-06-19 07:39:48,REAL,67711414330,537,67711414867,67711414867
2025-06-19 07:39:50,REAL,67711414867,542,67711415409,67711415409
2025-06-19 07:39:52,REAL,67711415409,548,67711415957,67711415957
2025-06-19 07:39:54,REAL,67711415957,539,67711416496,67711416496
2025-06-19 07:39:56,REAL,67711416496,538,67711417034,67711417034
2025-06-19 07:39:58,REAL,67711417034,536,67711417570,67711417570
2025-06-19 07:40:00,REAL,67711417570,673,67711418243,67711418243
2025-06-19 07:40:02,REAL,67711418243,595,67711418838,67711418838
2025-06-19 07:40:04,REAL,67711418838,548,67711419386,67711419386
2025-06-19 07:40:06,REAL,67711419386,540,67711419926,67711419926
2025-06-19 07:40:08,REAL,67711419926,534,67711420460,67711420460
2025-06-19 07:40:10,REAL,67711420460,549,67711421009,67711421009
2025-06-19 07:40:12,REAL,67711421009,541,67711421550,67711421550
2025-06-19 07:40:14,REAL,67711421550,532,67711422082,67711422082
2025-06-19 07:40:16,REAL,67711422082,620,67711422702,67711422702
2025-06-19 07:40:18,REAL,67711422702,665,67711423367,67711423367
2025-06-19 07:40:20,REAL,67711423367,598,67711423965,67711423965
2025-06-19 07:40:22,REAL,67711423965,598,67711424563,67711424563
2025-06-19 07:40:24,REAL,67711424563,599,67711425162,67711425162
2025-06-19 07:40:26,REAL,67711425162,655,67711425817,67711425817
2025-06-19 07:40:28,REAL,67711425817,663,67711426480,67711426480
2025-06-19 07:40:30,REAL,67711426480,616,67711427096,67711427096
2025-06-19 07:40:32,REAL,67711427096,541,67711427637,67711427637
2025-06-19 07:40:34,REAL,67711427637,545,67711428182,67711428182
2025-06-19 07:40:36,REAL,67711428182,547,67711428729,67711428729
2025-06-19 07:40:38,REAL,67711428729,540,67711429269,67711429269
2025-06-19 07:40:40,REAL,67711429269,537,67711429806,67711429806
2025-06-19 07:40:42,REAL,67711429806,550,67711430356,67711430356
2025-06-19 07:40:44,REAL,67711430356,605,67711430961,67711430961
2025-06-19 07:40:46,REAL,67711430961,620,67711431581,67711431581
2025-06-19 07:40:48,REAL,67711431581,542,67711432123,67711432123
2025-06-19 07:40:50,REAL,67711432123,302,67711432425,67711432425
2025-06-19 07:40:52,REAL,67711432425,598,67711433023,67711433023
2025-06-19 07:40:54,REAL,67711433023,545,67711433568,67711433568
2025-06-19 07:40:56,REAL,67711433568,543,67711434111,67711434111
2025-06-19 07:40:58,REAL,67711434111,543,67711434654,67711434654
2025-06-19 07:41:00,REAL,67711434654,729,67711435383,67711435383
2025-06-19 07:41:02,REAL,67711435383,596,67711435979,67711435979
2025-06-19 07:41:04,REAL,67711435979,600,67711436579,67711436579
2025-06-19 07:41:06,REAL,67711436579,542,67711437121,67711437121
2025-06-19 07:41:08,REAL,67711437121,540,67711437661,67711437661
2025-06-19 07:41:10,REAL,67711437661,592,67711438253,67711438253
2025-06-19 07:41:12,REAL,67711438253,543,67711438796,67711438796
2025-06-19 07:41:14,REAL,67711438796,545,67711439341,67711439341
2025-06-19 07:41:16,REAL,67711439341,623,67711439964,67711439964
2025-06-19 07:41:18,REAL,67711439964,598,67711440562,67711440562
2025-06-19 07:41:20,REAL,67711440562,592,67711441154,67711441154
2025-06-19 07:41:22,REAL,67711441154,600,67711441754,67711441754
2025-06-19 07:41:24,REAL,67711441754,608,67711442362,67711442362
2025-06-19 07:41:26,REAL,67711442362,597,67711442959,67711442959
2025-06-19 07:41:28,REAL,67711442959,536,67711443495,67711443495
2025-06-19 07:41:30,REAL,67711443495,539,67711444034,67711444034
2025-06-19 07:41:32,REAL,67711444034,612,67711444646,67711444646
2025-06-19 07:41:34,REAL,67711444646,536,67711445182,67711445182
2025-06-19 07:41:36,REAL,67711445182,541,67711445723,67711445723
2025-06-19 07:41:38,REAL,67711445723,543,67711446266,67711446266
2025-06-19 07:41:40,REAL,67711446266,539,67711446805,67711446805
2025-06-19 07:41:42,REAL,67711446805,715,67711447520,67711447520
2025-06-19 07:41:44,REAL,67711447520,598,67711448118,67711448118
2025-06-19 07:41:46,REAL,67711448118,677,67711448795,67711448795
2025-06-19 07:41:48,REAL,67711448795,537,67711449332,67711449332
2025-06-19 07:41:50,REAL,67711449332,537,67711449869,67711449869
2025-06-19 07:41:52,REAL,67711449869,546,67711450415,67711450415
2025-06-19 07:41:54,REAL,67711450415,596,67711451011,67711451011
2025-06-19 07:41:56,REAL,67711451011,540,67711451551,67711451551
2025-06-19 07:41:58,REAL,67711451551,543,67711452094,67711452094
2025-06-19 07:42:00,REAL,67711452094,537,67711452631,67711452631
2025-06-19 07:42:02,REAL,67711452631,667,67711453298,67711453298
2025-06-19 07:42:04,REAL,67711453298,234835,67711688133,67711688133
2025-06-19 07:42:06,REAL,67711688133,30086,67711718219,67711718219
2025-06-19 07:42:08,REAL,67711718219,28775,67711746994,67711746994
2025-06-19 07:42:10,REAL,67711746994,28773,67711775767,67711775767
2025-06-19 07:42:12,REAL,67711775767,28911,67711804678,67711804678
2025-06-19 07:42:14,REAL,67711804678,29474,67711834152,67711834152
2025-06-19 07:42:16,REAL,67711834152,29086,67711863238,67711863238
2025-06-19 07:42:18,REAL,67711863238,15491,67711878729,67711878729
2025-06-19 07:42:20,REAL,67711878729,592,67711879321,67711879321
2025-06-19 07:42:22,REAL,67711879321,598,67711879919,67711879919
2025-06-19 07:42:24,REAL,67711879919,119605,67711999524,67711999524
2025-06-19 07:42:26,REAL,67711999524,136150,67712135674,67712135674
2025-06-19 07:42:28,REAL,67712135674,28991,67712164665,67712164665
2025-06-19 07:42:30,REAL,67712164665,29270,67712193935,67712193935
2025-06-19 07:42:32,REAL,67712193935,29239,67712223174,67712223174
2025-06-19 07:42:34,REAL,67712223174,28840,67712252014,67712252014
2025-06-19 07:42:36,REAL,67712252014,29538,67712281552,67712281552
2025-06-19 07:42:38,REAL,67712281552,27983,67712309535,67712309535
2025-06-19 07:42:40,REAL,67712309535,601,67712310136,67712310136
2025-06-19 07:42:42,REAL,67712310136,547,67712310683,67712310683
2025-06-19 07:42:44,REAL,67712310683,540,67712311223,67712311223
2025-06-19 07:42:46,REAL,67712311223,615,67712311838,67712311838
2025-06-19 07:42:48,REAL,67712311838,599,67712312437,67712312437
2025-06-19 07:42:50,REAL,67712312437,545,67712312982,67712312982
2025-06-19 07:42:52,REAL,67712312982,541,67712313523,67712313523
2025-06-19 07:42:54,REAL,67712313523,594,67712314117,67712314117
2025-06-19 07:42:56,REAL,67712314117,146645,67712460762,67712460762
2025-06-19 07:42:58,REAL,67712460762,121141,67712581903,67712581903
2025-06-19 07:43:00,REAL,67712581903,29121,67712611024,67712611024
2025-06-19 07:43:02,REAL,67712611024,29352,67712640376,67712640376
2025-06-19 07:43:04,REAL,67712640376,29401,67712669777,67712669777
2025-06-19 07:43:06,REAL,67712669777,28666,67712698443,67712698443
2025-06-19 07:43:08,REAL,67712698443,29329,67712727772,67712727772
2025-06-19 07:43:10,REAL,67712727772,26726,67712754498,67712754498
2025-06-19 07:43:12,REAL,67712754498,544,67712755042,67712755042
2025-06-19 07:43:14,REAL,67712755042,538,67712755580,67712755580
2025-06-19 07:43:16,REAL,67712755580,538,67712756118,67712756118
2025-06-19 07:43:18,REAL,67712756118,622,67712756740,67712756740
2025-06-19 07:43:20,REAL,67712756740,604,67712757344,67712757344
2025-06-19 07:43:22,REAL,67712757344,539,67712757883,67712757883
2025-06-19 07:43:24,REAL,67712757883,540,67712758423,67712758423
2025-06-19 07:43:26,REAL,67712758423,606,67712759029,67712759029
2025-06-19 07:43:28,REAL,67712759029,161789,67712920818,67712920818
2025-06-19 07:43:30,REAL,67712920818,99230,67713020048,67713020048
2025-06-19 07:43:32,REAL,67713020048,29660,67713049708,67713049708
2025-06-19 07:43:34,REAL,67713049708,28992,67713078700,67713078700
2025-06-19 07:43:36,REAL,67713078700,28996,67713107696,67713107696
2025-06-19 07:43:38,REAL,67713107696,28710,67713136406,67713136406
2025-06-19 07:43:40,REAL,67713136406,29185,67713165591,67713165591
2025-06-19 07:43:42,REAL,67713165591,25174,67713190765,67713190765
2025-06-19 07:43:44,REAL,67713190765,600,67713191365,67713191365
2025-06-19 07:43:46,REAL,67713191365,603,67713191968,67713191968
2025-06-19 07:43:48,REAL,67713191968,42920,67713234888,67713234888
2025-06-19 07:43:50,REAL,67713234888,233110,67713467998,67713467998
2025-06-19 07:43:52,REAL,67713467998,29001,67713496999,67713496999
2025-06-19 07:43:54,REAL,67713496999,29144,67713526143,67713526143
2025-06-19 07:43:56,REAL,67713526143,29419,67713555562,67713555562
2025-06-19 07:43:58,REAL,67713555562,28747,67713584309,67713584309
2025-06-19 07:44:00,REAL,67713584309,29221,67713613530,67713613530
2025-06-19 07:44:02,REAL,67713613530,29090,67713642620,67713642620
2025-06-19 07:44:04,REAL,67713642620,9698,67713652318,67713652318
2025-06-19 07:44:06,REAL,67713652318,602,67713652920,67713652920
2025-06-19 07:44:08,REAL,67713652920,604,67713653524,67713653524
2025-06-19 07:44:10,REAL,67713653524,600,67713654124,67713654124
2025-06-19 07:44:12,REAL,67713654124,602,67713654726,67713654726
2025-06-19 07:44:14,REAL,67713654726,602,67713655328,67713655328
2025-06-19 07:44:16,REAL,67713655328,532,67713655860,67713655860
2025-06-19 07:44:18,REAL,67713655860,614,67713656474,67713656474
2025-06-19 07:44:20,REAL,67713656474,545,67713657019,67713657019
2025-06-19 07:44:22,REAL,67713657019,537,67713657556,67713657556
2025-06-19 07:44:24,REAL,67713657556,540,67713658096,67713658096
2025-06-19 07:44:26,REAL,67713658096,544,67713658640,67713658640
2025-06-19 07:44:28,REAL,67713658640,598,67713659238,67713659238
2025-06-19 07:44:30,REAL,67713659238,661,67713659899,67713659899
2025-06-19 07:44:32,REAL,67713659899,670,67713660569,67713660569
2025-06-19 07:44:34,REAL,67713660569,596,67713661165,67713661165
2025-06-19 07:44:36,REAL,67713661165,544,67713661709,67713661709
2025-06-19 07:44:38,REAL,67713661709,589,67713662298,67713662298
2025-06-19 07:44:40,REAL,67713662298,542,67713662840,67713662840
2025-06-19 07:44:42,REAL,67713662840,550,67713663390,67713663390
2025-06-19 07:44:44,REAL,67713663390,537,67713663927,67713663927
2025-06-19 07:44:46,REAL,67713663927,544,67713664471,67713664471
2025-06-19 07:44:48,REAL,67713664471,614,67713665085,67713665085
2025-06-19 07:44:50,REAL,67713665085,590,67713665675,67713665675
2025-06-19 07:44:52,REAL,67713665675,544,67713666219,67713666219
2025-06-19 07:44:54,REAL,67713666219,542,67713666761,67713666761
2025-06-19 07:44:56,REAL,67713666761,536,67713667297,67713667297
2025-06-19 07:44:58,REAL,67713667297,547,67713667844,67713667844
2025-06-19 07:45:00,REAL,67713667844,541,67713668385,67713668385
2025-06-19 07:45:02,REAL,67713668385,612,67713668997,67713668997
2025-06-19 07:45:04,REAL,67713668997,539,67713669536,67713669536
2025-06-19 07:45:06,REAL,67713669536,598,67713670134,67713670134
2025-06-19 07:45:08,REAL,67713670134,605,67713670739,67713670739
2025-06-19 07:45:10,REAL,67713670739,536,67713671275,67713671275
2025-06-19 07:45:12,REAL,67713671275,595,67713671870,67713671870
2025-06-19 07:45:14,REAL,67713671870,540,67713672410,67713672410
2025-06-19 07:45:16,REAL,67713672410,536,67713672946,67713672946
2025-06-19 07:45:18,REAL,67713672946,609,67713673555,67713673555
2025-06-19 07:45:20,REAL,67713673555,541,67713674096,67713674096
2025-06-19 07:45:22,REAL,67713674096,605,67713674701,67713674701
2025-06-19 07:45:24,REAL,67713674701,537,67713675238,67713675238
2025-06-19 07:45:26,REAL,67713675238,534,67713675772,67713675772
2025-06-19 07:45:28,REAL,67713675772,540,67713676312,67713676312
2025-06-19 07:45:30,REAL,67713676312,539,67713676851,67713676851
2025-06-19 07:45:32,REAL,67713676851,611,67713677462,67713677462
2025-06-19 07:45:34,REAL,67713677462,537,67713677999,67713677999
2025-06-19 07:45:36,REAL,67713677999,534,67713678533,67713678533
2025-06-19 07:45:38,REAL,67713678533,602,67713679135,67713679135
2025-06-19 07:45:40,REAL,67713679135,605,67713679740,67713679740
2025-06-19 07:45:42,REAL,67713679740,600,67713680340,67713680340
2025-06-19 07:45:44,REAL,67713680340,594,67713680934,67713680934
2025-06-19 07:45:46,REAL,67713680934,590,67713681524,67713681524
2025-06-19 07:45:48,REAL,67713681524,680,67713682204,67713682204
2025-06-19 07:45:50,REAL,67713682204,539,67713682743,67713682743
2025-06-19 07:45:52,REAL,67713682743,534,67713683277,67713683277
2025-06-19 07:45:54,REAL,67713683277,542,67713683819,67713683819
2025-06-19 07:45:56,REAL,67713683819,532,67713684351,67713684351
2025-06-19 07:45:58,REAL,67713684351,538,67713684889,67713684889
2025-06-19 07:46:00,REAL,67713684889,112436,67713797325,67713797325
2025-06-19 07:46:02,REAL,67713797325,160374,67713957699,67713957699
2025-06-19 07:46:04,REAL,67713957699,29413,67713987112,67713987112
2025-06-19 07:46:06,REAL,67713987112,29550,67714016662,67714016662
2025-06-19 07:46:08,REAL,67714016662,28807,67714045469,67714045469
2025-06-19 07:46:10,REAL,67714045469,28756,67714074225,67714074225
2025-06-19 07:46:12,REAL,67714074225,29069,67714103294,67714103294
2025-06-19 07:46:14,REAL,67714103294,28909,67714132203,67714132203
2025-06-19 07:46:16,REAL,67714132203,3142,67714135345,67714135345
2025-06-19 07:46:18,REAL,67714135345,618,67714135963,67714135963
2025-06-19 07:46:20,REAL,67714135963,544,67714136507,67714136507
2025-06-19 07:46:22,REAL,67714136507,593,67714137100,67714137100
2025-06-19 07:46:24,REAL,67714137100,534,67714137634,67714137634
2025-06-19 07:46:26,REAL,67714137634,535,67714138169,67714138169
2025-06-19 07:46:28,REAL,67714138169,544,67714138713,67714138713
2025-06-19 07:46:30,REAL,67714138713,544,67714139257,67714139257
2025-06-19 07:46:32,REAL,67714139257,736,67714139993,67714139993
2025-06-19 07:46:34,REAL,67714139993,610,67714140603,67714140603
2025-06-19 07:46:36,REAL,67714140603,603,67714141206,67714141206
2025-06-19 07:46:38,REAL,67714141206,598,67714141804,67714141804
2025-06-19 07:46:40,REAL,67714141804,535,67714142339,67714142339
2025-06-19 07:46:42,REAL,67714142339,538,67714142877,67714142877
2025-06-19 07:46:44,REAL,67714142877,536,67714143413,67714143413
2025-06-19 07:46:46,REAL,67714143413,544,67714143957,67714143957
2025-06-19 07:46:48,REAL,67714143957,625,67714144582,67714144582
2025-06-19 07:46:50,REAL,67714144582,545,67714145127,67714145127
2025-06-19 07:46:52,REAL,67714145127,601,67714145728,67714145728
2025-06-19 07:46:54,REAL,67714145728,597,67714146325,67714146325
2025-06-19 07:46:56,REAL,67714146325,538,67714146863,67714146863
2025-06-19 07:46:58,REAL,67714146863,531,67714147394,67714147394
2025-06-19 07:47:00,REAL,67714147394,547,67714147941,67714147941
2025-06-19 07:47:02,REAL,67714147941,610,67714148551,67714148551
2025-06-19 07:47:04,REAL,67714148551,539,67714149090,67714149090
2025-06-19 07:47:06,REAL,67714149090,531,67714149621,67714149621
2025-06-19 07:47:08,REAL,67714149621,593,67714150214,67714150214
2025-06-19 07:47:10,REAL,67714150214,249040,67714399254,67714399254
2025-06-19 07:47:12,REAL,67714399254,28610,67714427864,67714427864
2025-06-19 07:47:14,REAL,67714427864,29070,67714456934,67714456934
2025-06-19 07:47:16,REAL,67714456934,28784,67714485718,67714485718
2025-06-19 07:47:18,REAL,67714485718,29141,67714514859,67714514859
2025-06-19 07:47:20,REAL,67714514859,28505,67714543364,67714543364
2025-06-19 07:47:22,REAL,67714543364,28851,67714572215,67714572215
2025-06-19 07:47:24,REAL,67714572215,14252,67714586467,67714586467
2025-06-19 07:47:26,REAL,67714586467,530,67714586997,67714586997
2025-06-19 07:47:28,REAL,67714586997,541,67714587538,67714587538
2025-06-19 07:47:30,REAL,67714587538,596,67714588134,67714588134
2025-06-19 07:47:32,REAL,67714588134,614,67714588748,67714588748
2025-06-19 07:47:34,REAL,67714588748,532,67714589280,67714589280
2025-06-19 07:47:36,REAL,67714589280,541,67714589821,67714589821
2025-06-19 07:47:38,REAL,67714589821,542,67714590363,67714590363
2025-06-19 07:47:40,REAL,67714590363,16249,67714606612,67714606612
2025-06-19 07:47:42,REAL,67714606612,244212,67714850824,67714850824
2025-06-19 07:47:44,REAL,67714850824,29111,67714879935,67714879935
2025-06-19 07:47:46,REAL,67714879935,30854,67714910789,67714910789
2025-06-19 07:47:48,REAL,67714910789,27321,67714938110,67714938110
2025-06-19 07:47:50,REAL,67714938110,29179,67714967289,67714967289
2025-06-19 07:47:52,REAL,67714967289,29207,67714996496,67714996496
2025-06-19 07:47:54,REAL,67714996496,29343,67715025839,67715025839
2025-06-19 07:47:56,REAL,67715025839,12626,67715038465,67715038465
2025-06-19 07:47:58,REAL,67715038465,535,67715039000,67715039000
2025-06-19 07:48:00,REAL,67715039000,541,67715039541,67715039541
2025-06-19 07:48:02,REAL,67715039541,608,67715040149,67715040149
2025-06-19 07:48:04,REAL,67715040149,668,67715040817,67715040817
2025-06-19 07:48:06,REAL,67715040817,538,67715041355,67715041355
2025-06-19 07:48:08,REAL,67715041355,543,67715041898,67715041898
2025-06-19 07:48:10,REAL,67715041898,540,67715042438,67715042438
2025-06-19 07:48:12,REAL,67715042438,36504,67715078942,67715078942
2025-06-19 07:48:14,REAL,67715078942,251027,67715329969,67715329969
2025-06-19 07:48:16,REAL,67715329969,28785,67715358754,67715358754
2025-06-19 07:48:18,REAL,67715358754,28870,67715387624,67715387624
2025-06-19 07:48:20,REAL,67715387624,29773,67715417397,67715417397
2025-06-19 07:48:22,REAL,67715417397,30134,67715447531,67715447531
2025-06-19 07:48:24,REAL,67715447531,28753,67715476284,67715476284
2025-06-19 07:48:26,REAL,67715476284,29472,67715505756,67715505756
2025-06-19 07:48:28,REAL,67715505756,10649,67715516405,67715516405
2025-06-19 07:48:30,REAL,67715516405,598,67715517003,67715517003
2025-06-19 07:48:32,REAL,67715517003,658,67715517661,67715517661
2025-06-19 07:48:34,REAL,67715517661,191061,67715708722,67715708722
2025-06-19 07:48:36,REAL,67715708722,106553,67715815275,67715815275
2025-06-19 07:48:38,REAL,67715815275,29360,67715844635,67715844635
2025-06-19 07:48:40,REAL,67715844635,29008,67715873643,67715873643
2025-06-19 07:48:42,REAL,67715873643,29103,67715902746,67715902746
2025-06-19 07:48:44,REAL,67715902746,28772,67715931518,67715931518
2025-06-19 07:48:46,REAL,67715931518,29271,67715960789,67715960789
2025-06-19 07:48:48,REAL,67715960789,24662,67715985451,67715985451
2025-06-19 07:48:50,REAL,67715985451,539,67715985990,67715985990
2025-06-19 07:48:52,REAL,67715985990,541,67715986531,67715986531
2025-06-19 07:48:54,REAL,67715986531,543,67715987074,67715987074
2025-06-19 07:48:56,REAL,67715987074,541,67715987615,67715987615
2025-06-19 07:48:58,REAL,67715987615,537,67715988152,67715988152
2025-06-19 07:49:00,REAL,67715988152,542,67715988694,67715988694
2025-06-19 07:49:02,REAL,67715988694,540,67715989234,67715989234
2025-06-19 07:49:04,REAL,67715989234,671,67715989905,67715989905
2025-06-19 07:49:06,REAL,67715989905,592,67715990497,67715990497
2025-06-19 07:49:08,REAL,67715990497,599,67715991096,67715991096
2025-06-19 07:49:10,REAL,67715991096,600,67715991696,67715991696
2025-06-19 07:49:12,REAL,67715991696,597,67715992293,67715992293
2025-06-19 07:49:14,REAL,67715992293,538,67715992831,67715992831
2025-06-19 07:49:16,REAL,67715992831,539,67715993370,67715993370
2025-06-19 07:49:18,REAL,67715993370,623,67715993993,67715993993
2025-06-19 07:49:20,REAL,67715993993,606,67715994599,67715994599
2025-06-19 07:49:22,REAL,67715994599,545,67715995144,67715995144
2025-06-19 07:49:24,REAL,67715995144,537,67715995681,67715995681
2025-06-19 07:49:26,REAL,67715995681,595,67715996276,67715996276
2025-06-19 07:49:28,REAL,67715996276,536,67715996812,67715996812
2025-06-19 07:49:30,REAL,67715996812,538,67715997350,67715997350
2025-06-19 07:49:32,REAL,67715997350,542,67715997892,67715997892
2025-06-19 07:49:34,REAL,67715997892,624,67715998516,67715998516
2025-06-19 07:49:36,REAL,67715998516,594,67715999110,67715999110
2025-06-19 07:49:38,REAL,67715999110,543,67715999653,67715999653
2025-06-19 07:49:40,REAL,67715999653,539,67716000192,67716000192
2025-06-19 07:49:42,REAL,67716000192,606,67716000798,67716000798
2025-06-19 07:49:44,REAL,67716000798,542,67716001340,67716001340
2025-06-19 07:49:46,REAL,67716001340,540,67716001880,67716001880
2025-06-19 07:49:48,REAL,67716001880,615,67716002495,67716002495
2025-06-19 07:49:50,REAL,67716002495,547,67716003042,67716003042
2025-06-19 07:49:52,REAL,67716003042,538,67716003580,67716003580
2025-06-19 07:49:54,REAL,67716003580,534,67716004114,67716004114
2025-06-19 07:49:56,REAL,67716004114,543,67716004657,67716004657
2025-06-19 07:49:58,REAL,67716004657,659,67716005316,67716005316
2025-06-19 07:50:00,REAL,67716005316,594,67716005910,67716005910
2025-06-19 07:50:02,REAL,67716005910,665,67716006575,67716006575
2025-06-19 07:50:04,REAL,67716006575,224164,67716230739,67716230739
2025-06-19 07:50:06,REAL,67716230739,45091,67716275830,67716275830
2025-06-19 07:50:08,REAL,67716275830,29490,67716305320,67716305320
2025-06-19 07:50:10,REAL,67716305320,29181,67716334501,67716334501
2025-06-19 07:50:12,REAL,67716334501,29338,67716363839,67716363839
2025-06-19 07:50:14,REAL,67716363839,28995,67716392834,67716392834
2025-06-19 07:50:16,REAL,67716392834,29196,67716422030,67716422030
2025-06-19 07:50:18,REAL,67716422030,19771,67716441801,67716441801
2025-06-19 07:50:20,REAL,67716441801,541,67716442342,67716442342
2025-06-19 07:50:22,REAL,67716442342,535,67716442877,67716442877
2025-06-19 07:50:24,REAL,67716442877,542,67716443419,67716443419
2025-06-19 07:50:26,REAL,67716443419,541,67716443960,67716443960
2025-06-19 07:50:28,REAL,67716443960,595,67716444555,67716444555
2025-06-19 07:50:30,REAL,67716444555,536,67716445091,67716445091
2025-06-19 07:50:32,REAL,67716445091,538,67716445629,67716445629
2025-06-19 07:50:34,REAL,67716445629,673,67716446302,67716446302
2025-06-19 07:50:36,REAL,67716446302,607,67716446909,67716446909
2025-06-19 07:50:38,REAL,67716446909,596,67716447505,67716447505
2025-06-19 07:50:40,REAL,67716447505,598,67716448103,67716448103
2025-06-19 07:50:42,REAL,67716448103,546,67716448649,67716448649
2025-06-19 07:50:44,REAL,67716448649,549,67716449198,67716449198
2025-06-19 07:50:46,REAL,67716449198,538,67716449736,67716449736
2025-06-19 07:50:48,REAL,67716449736,618,67716450354,67716450354
2025-06-19 07:50:50,REAL,67716450354,602,67716450956,67716450956
2025-06-19 07:50:52,REAL,67716450956,541,67716451497,67716451497
2025-06-19 07:50:54,REAL,67716451497,590,67716452087,67716452087
2025-06-19 07:50:56,REAL,67716452087,652,67716452739,67716452739
2025-06-19 07:50:58,REAL,67716452739,602,67716453341,67716453341
2025-06-19 07:51:00,REAL,67716453341,598,67716453939,67716453939
2025-06-19 07:51:02,REAL,67716453939,602,67716454541,67716454541
2025-06-19 07:51:04,REAL,67716454541,679,67716455220,67716455220
2025-06-19 07:51:06,REAL,67716455220,107254,67716562474,67716562474
2025-06-19 07:51:08,REAL,67716562474,154385,67716716859,67716716859
2025-06-19 07:51:10,REAL,67716716859,29306,67716746165,67716746165
2025-06-19 07:51:12,REAL,67716746165,29297,67716775462,67716775462
2025-06-19 07:51:14,REAL,67716775462,29062,67716804524,67716804524
2025-06-19 07:51:16,REAL,67716804524,29131,67716833655,67716833655
2025-06-19 07:51:18,REAL,67716833655,29591,67716863246,67716863246
2025-06-19 07:51:20,REAL,67716863246,29946,67716893192,67716893192
2025-06-19 07:51:22,REAL,67716893192,2882,67716896074,67716896074
2025-06-19 07:51:24,REAL,67716896074,536,67716896610,67716896610
2025-06-19 07:51:26,REAL,67716896610,539,67716897149,67716897149
2025-06-19 07:51:28,REAL,67716897149,541,67716897690,67716897690
2025-06-19 07:51:30,REAL,67716897690,536,67716898226,67716898226
2025-06-19 07:51:32,REAL,67716898226,547,67716898773,67716898773
2025-06-19 07:51:34,REAL,67716898773,612,67716899385,67716899385
2025-06-19 07:51:36,REAL,67716899385,532,67716899917,67716899917
2025-06-19 07:51:38,REAL,67716899917,657,67716900574,67716900574
2025-06-19 07:51:40,REAL,67716900574,600,67716901174,67716901174
2025-06-19 07:51:42,REAL,67716901174,601,67716901775,67716901775
2025-06-19 07:51:44,REAL,67716901775,601,67716902376,67716902376
2025-06-19 07:51:46,REAL,67716902376,594,67716902970,67716902970
2025-06-19 07:51:48,REAL,67716902970,119540,67717022510,67717022510
2025-06-19 07:51:50,REAL,67717022510,153909,67717176419,67717176419
2025-06-19 07:51:52,REAL,67717176419,29103,67717205522,67717205522
2025-06-19 07:51:54,REAL,67717205522,29027,67717234549,67717234549
2025-06-19 07:51:56,REAL,67717234549,28990,67717263539,67717263539
2025-06-19 07:51:58,REAL,67717263539,29809,67717293348,67717293348
2025-06-19 07:52:00,REAL,67717293348,28937,67717322285,67717322285
2025-06-19 07:52:02,REAL,67717322285,29850,67717352135,67717352135
2025-06-19 07:52:04,REAL,67717352135,1198,67717353333,67717353333
2025-06-19 07:52:06,REAL,67717353333,539,67717353872,67717353872
2025-06-19 07:52:08,REAL,67717353872,542,67717354414,67717354414
2025-06-19 07:52:10,REAL,67717354414,541,67717354955,67717354955
2025-06-19 07:52:12,REAL,67717354955,545,67717355500,67717355500
2025-06-19 07:52:14,REAL,67717355500,588,67717356088,67717356088
2025-06-19 07:52:16,REAL,67717356088,535,67717356623,67717356623
2025-06-19 07:52:18,REAL,67717356623,543,67717357166,67717357166
2025-06-19 07:52:20,REAL,67717357166,144901,67717502067,67717502067
2025-06-19 07:52:22,REAL,67717502067,136437,67717638504,67717638504
2025-06-19 07:52:24,REAL,67717638504,29444,67717667948,67717667948
2025-06-19 07:52:26,REAL,67717667948,29023,67717696971,67717696971
2025-06-19 07:52:28,REAL,67717696971,28931,67717725902,67717725902
2025-06-19 07:52:30,REAL,67717725902,29066,67717754968,67717754968
2025-06-19 07:52:32,REAL,67717754968,29298,67717784266,67717784266
2025-06-19 07:52:34,REAL,67717784266,28226,67717812492,67717812492
2025-06-19 07:52:36,REAL,67717812492,595,67717813087,67717813087
2025-06-19 07:52:38,REAL,67717813087,659,67717813746,67717813746
2025-06-19 07:52:40,REAL,67717813746,663,67717814409,67717814409
2025-06-19 07:52:42,REAL,67717814409,547,67717814956,67717814956
2025-06-19 07:52:44,REAL,67717814956,661,67717815617,67717815617
2025-06-19 07:52:46,REAL,67717815617,596,67717816213,67717816213
2025-06-19 07:52:48,REAL,67717816213,602,67717816815,67717816815
2025-06-19 07:52:50,REAL,67717816815,678,67717817493,67717817493
2025-06-19 07:52:52,REAL,67717817493,597,67717818090,67717818090
2025-06-19 07:52:54,REAL,67717818090,662,67717818752,67717818752
2025-06-19 07:52:56,REAL,67717818752,538,67717819290,67717819290
2025-06-19 07:52:58,REAL,67717819290,545,67717819835,67717819835
2025-06-19 07:53:00,REAL,67717819835,542,67717820377,67717820377
2025-06-19 07:53:02,REAL,67717820377,540,67717820917,67717820917
2025-06-19 07:53:04,REAL,67717820917,666,67717821583,67717821583
2025-06-19 07:53:06,REAL,67717821583,531,67717822114,67717822114
2025-06-19 07:53:08,REAL,67717822114,595,67717822709,67717822709
2025-06-19 07:53:10,REAL,67717822709,600,67717823309,67717823309
2025-06-19 07:53:12,REAL,67717823309,533,67717823842,67717823842
2025-06-19 07:53:14,REAL,67717823842,545,67717824387,67717824387
2025-06-19 07:53:16,REAL,67717824387,545,67717824932,67717824932
2025-06-19 07:53:18,REAL,67717824932,541,67717825473,67717825473
2025-06-19 07:53:20,REAL,67717825473,619,67717826092,67717826092
2025-06-19 07:53:22,REAL,67717826092,537,67717826629,67717826629
2025-06-19 07:53:24,REAL,67717826629,537,67717827166,67717827166
2025-06-19 07:53:26,REAL,67717827166,599,67717827765,67717827765
2025-06-19 07:53:28,REAL,67717827765,536,67717828301,67717828301
2025-06-19 07:53:30,REAL,67717828301,600,67717828901,67717828901
2025-06-19 07:53:32,REAL,67717828901,536,67717829437,67717829437
2025-06-19 07:53:34,REAL,67717829437,607,67717830044,67717830044
2025-06-19 07:53:36,REAL,67717830044,535,67717830579,67717830579
2025-06-19 07:53:38,REAL,67717830579,534,67717831113,67717831113
2025-06-19 07:53:40,REAL,67717831113,534,67717831647,67717831647
2025-06-19 07:53:42,REAL,67717831647,663,67717832310,67717832310
2025-06-19 07:53:44,REAL,67717832310,157491,67717989801,67717989801
2025-06-19 07:53:46,REAL,67717989801,98099,67718087900,67718087900
2025-06-19 07:53:48,REAL,67718087900,28906,67718116806,67718116806
2025-06-19 07:53:50,REAL,67718116806,28763,67718145569,67718145569
2025-06-19 07:53:52,REAL,67718145569,28917,67718174486,67718174486
2025-06-19 07:53:54,REAL,67718174486,28952,67718203438,67718203438
2025-06-19 07:53:56,REAL,67718203438,29221,67718232659,67718232659
2025-06-19 07:53:58,REAL,67718232659,25042,67718257701,67718257701
2025-06-19 07:54:00,REAL,67718257701,601,67718258302,67718258302
2025-06-19 07:54:02,REAL,67718258302,601,67718258903,67718258903
2025-06-19 07:54:04,REAL,67718258903,653,67718259556,67718259556
2025-06-19 07:54:06,REAL,67718259556,683,67718260239,67718260239
2025-06-19 07:54:08,REAL,67718260239,596,67718260835,67718260835
2025-06-19 07:54:10,REAL,67718260835,538,67718261373,67718261373
2025-06-19 07:54:12,REAL,67718261373,537,67718261910,67718261910
2025-06-19 07:54:14,REAL,67718261910,540,67718262450,67718262450
2025-06-19 07:54:16,REAL,67718262450,599,67718263049,67718263049
2025-06-19 07:54:18,REAL,67718263049,545,67718263594,67718263594
2025-06-19 07:54:20,REAL,67718263594,667,67718264261,67718264261
2025-06-19 07:54:22,REAL,67718264261,541,67718264802,67718264802
2025-06-19 07:54:24,REAL,67718264802,604,67718265406,67718265406
2025-06-19 07:54:26,REAL,67718265406,175205,67718440611,67718440611
2025-06-19 07:54:28,REAL,67718440611,90183,67718530794,67718530794
2025-06-19 07:54:30,REAL,67718530794,29382,67718560176,67718560176
2025-06-19 07:54:32,REAL,67718560176,29107,67718589283,67718589283
2025-06-19 07:54:34,REAL,67718589283,29268,67718618551,67718618551
2025-06-19 07:54:36,REAL,67718618551,29733,67718648284,67718648284
2025-06-19 07:54:38,REAL,67718648284,28766,67718677050,67718677050
2025-06-19 07:54:40,REAL,67718677050,23045,67718700095,67718700095
2025-06-19 07:54:42,REAL,67718700095,599,67718700694,67718700694
2025-06-19 07:54:44,REAL,67718700694,601,67718701295,67718701295
2025-06-19 07:54:46,REAL,67718701295,64266,67718765561,67718765561
2025-06-19 07:54:48,REAL,67718765561,211409,67718976970,67718976970
2025-06-19 07:54:50,REAL,67718976970,29245,67719006215,67719006215
2025-06-19 07:54:52,REAL,67719006215,29299,67719035514,67719035514
2025-06-19 07:54:54,REAL,67719035514,28354,67719063868,67719063868
2025-06-19 07:54:56,REAL,67719063868,29279,67719093147,67719093147
2025-06-19 07:54:58,REAL,67719093147,29029,67719122176,67719122176
2025-06-19 07:55:00,REAL,67719122176,29102,67719151278,67719151278
2025-06-19 07:55:02,REAL,67719151278,7872,67719159150,67719159150
2025-06-19 07:55:04,REAL,67719159150,537,67719159687,67719159687
2025-06-19 07:55:06,REAL,67719159687,611,67719160298,67719160298
2025-06-19 07:55:08,REAL,67719160298,540,67719160838,67719160838
2025-06-19 07:55:10,REAL,67719160838,597,67719161435,67719161435
2025-06-19 07:55:12,REAL,67719161435,539,67719161974,67719161974
2025-06-19 07:55:14,REAL,67719161974,548,67719162522,67719162522
2025-06-19 07:55:16,REAL,67719162522,538,67719163060,67719163060
2025-06-19 07:55:18,REAL,67719163060,666,67719163726,67719163726
2025-06-19 07:55:20,REAL,67719163726,727,67719164453,67719164453
2025-06-19 07:55:22,REAL,67719164453,601,67719165054,67719165054
2025-06-19 07:55:24,REAL,67719165054,540,67719165594,67719165594
2025-06-19 07:55:26,REAL,67719165594,535,67719166129,67719166129
2025-06-19 07:55:28,REAL,67719166129,539,67719166668,67719166668
2025-06-19 07:55:30,REAL,67719166668,538,67719167206,67719167206
2025-06-19 07:55:32,REAL,67719167206,539,67719167745,67719167745
2025-06-19 07:55:34,REAL,67719167745,548,67719168293,67719168293
2025-06-19 07:55:36,REAL,67719168293,671,67719168964,67719168964
2025-06-19 07:55:38,REAL,67719168964,603,67719169567,67719169567
2025-06-19 07:55:40,REAL,67719169567,536,67719170103,67719170103
2025-06-19 07:55:42,REAL,67719170103,532,67719170635,67719170635
2025-06-19 07:55:44,REAL,67719170635,543,67719171178,67719171178
2025-06-19 07:55:46,REAL,67719171178,548,67719171726,67719171726
2025-06-19 07:55:48,REAL,67719171726,544,67719172270,67719172270
2025-06-19 07:55:50,REAL,67719172270,615,67719172885,67719172885
2025-06-19 07:55:52,REAL,67719172885,590,67719173475,67719173475
2025-06-19 07:55:54,REAL,67719173475,609,67719174084,67719174084
2025-06-19 07:55:56,REAL,67719174084,543,67719174627,67719174627
2025-06-19 07:55:58,REAL,67719174627,542,67719175169,67719175169
2025-06-19 07:56:00,REAL,67719175169,596,67719175765,67719175765
2025-06-19 07:56:02,REAL,67719175765,543,67719176308,67719176308
2025-06-19 07:56:04,REAL,67719176308,540,67719176848,67719176848
2025-06-19 07:56:06,REAL,67719176848,610,67719177458,67719177458
2025-06-19 07:56:08,REAL,67719177458,533,67719177991,67719177991
2025-06-19 07:56:10,REAL,67719177991,599,67719178590,67719178590
2025-06-19 07:56:12,REAL,67719178590,244683,67719423273,67719423273
2025-06-19 07:56:14,REAL,67719423273,36925,67719460198,67719460198
2025-06-19 07:56:16,REAL,67719460198,28860,67719489058,67719489058
2025-06-19 07:56:18,REAL,67719489058,28420,67719517478,67719517478
2025-06-19 07:56:20,REAL,67719517478,32170,67719549648,67719549648
2025-06-19 07:56:22,REAL,67719549648,26268,67719575916,67719575916
2025-06-19 07:56:24,REAL,67719575916,29331,67719605247,67719605247
2025-06-19 07:56:26,REAL,67719605247,17709,67719622956,67719622956
2025-06-19 07:56:28,REAL,67719622956,535,67719623491,67719623491
2025-06-19 07:56:30,REAL,67719623491,541,67719624032,67719624032
2025-06-19 07:56:32,REAL,67719624032,531,67719624563,67719624563
2025-06-19 07:56:34,REAL,67719624563,532,67719625095,67719625095
2025-06-19 07:56:36,REAL,67719625095,617,67719625712,67719625712
2025-06-19 07:56:38,REAL,67719625712,530,67719626242,67719626242
2025-06-19 07:56:40,REAL,67719626242,537,67719626779,67719626779
2025-06-19 07:56:42,REAL,67719626779,601,67719627380,67719627380
2025-06-19 07:56:44,REAL,67719627380,659,67719628039,67719628039
2025-06-19 07:56:46,REAL,67719628039,543,67719628582,67719628582
2025-06-19 07:56:48,REAL,67719628582,589,67719629171,67719629171
2025-06-19 07:56:50,REAL,67719629171,539,67719629710,67719629710
2025-06-19 07:56:52,REAL,67719629710,613,67719630323,67719630323
2025-06-19 07:56:54,REAL,67719630323,547,67719630870,67719630870
2025-06-19 07:56:56,REAL,67719630870,544,67719631414,67719631414
2025-06-19 07:56:58,REAL,67719631414,536,67719631950,67719631950
2025-06-19 07:57:00,REAL,67719631950,596,67719632546,67719632546
2025-06-19 07:57:02,REAL,67719632546,599,67719633145,67719633145
2025-06-19 07:57:04,REAL,67719633145,543,67719633688,67719633688
2025-06-19 07:57:06,REAL,67719633688,610,67719634298,67719634298
2025-06-19 07:57:08,REAL,67719634298,549,67719634847,67719634847
2025-06-19 07:57:10,REAL,67719634847,544,67719635391,67719635391
2025-06-19 07:57:12,REAL,67719635391,537,67719635928,67719635928
2025-06-19 07:57:14,REAL,67719635928,592,67719636520,67719636520
2025-06-19 07:57:16,REAL,67719636520,606,67719637126,67719637126
2025-06-19 07:57:18,REAL,67719637126,600,67719637726,67719637726
2025-06-19 07:57:20,REAL,67719637726,599,67719638325,67719638325
2025-06-19 07:57:22,REAL,67719638325,614,67719638939,67719638939
2025-06-19 07:57:24,REAL,67719638939,540,67719639479,67719639479
2025-06-19 07:57:26,REAL,67719639479,542,67719640021,67719640021
2025-06-19 07:57:28,REAL,67719640021,537,67719640558,67719640558
2025-06-19 07:57:30,REAL,67719640558,535,67719641093,67719641093
2025-06-19 07:57:32,REAL,67719641093,294,67719641387,67719641387
2025-06-19 07:57:34,REAL,67719641387,534,67719641921,67719641921
2025-06-19 07:57:36,REAL,67719641921,750,67719642671,67719642671
2025-06-19 07:57:38,REAL,67719642671,256778,67719899449,67719899449
2025-06-19 07:57:40,REAL,67719899449,28968,67719928417,67719928417
2025-06-19 07:57:42,REAL,67719928417,29167,67719957584,67719957584
2025-06-19 07:57:44,REAL,67719957584,29072,67719986656,67719986656
2025-06-19 07:57:46,REAL,67719986656,29823,67720016479,67720016479
2025-06-19 07:57:48,REAL,67720016479,28991,67720045470,67720045470
2025-06-19 07:57:50,REAL,67720045470,29373,67720074843,67720074843
2025-06-19 07:57:52,REAL,67720074843,13624,67720088467,67720088467
2025-06-19 07:57:54,REAL,67720088467,542,67720089009,67720089009
2025-06-19 07:57:56,REAL,67720089009,549,67720089558,67720089558
2025-06-19 07:57:58,REAL,67720089558,537,67720090095,67720090095
2025-06-19 07:58:00,REAL,67720090095,540,67720090635,67720090635
2025-06-19 07:58:02,REAL,67720090635,599,67720091234,67720091234
2025-06-19 07:58:04,REAL,67720091234,537,67720091771,67720091771
2025-06-19 07:58:06,REAL,67720091771,621,67720092392,67720092392
2025-06-19 07:58:08,REAL,67720092392,601,67720092993,67720092993
2025-06-19 07:58:10,REAL,67720092993,599,67720093592,67720093592
2025-06-19 07:58:12,REAL,67720093592,533,67720094125,67720094125
2025-06-19 07:58:14,REAL,67720094125,543,67720094668,67720094668
2025-06-19 07:58:16,REAL,67720094668,536,67720095204,67720095204
2025-06-19 07:58:18,REAL,67720095204,540,67720095744,67720095744
2025-06-19 07:58:20,REAL,67720095744,541,67720096285,67720096285
2025-06-19 07:58:22,REAL,67720096285,615,67720096900,67720096900
2025-06-19 07:58:24,REAL,67720096900,603,67720097503,67720097503
2025-06-19 07:58:26,REAL,67720097503,541,67720098044,67720098044
2025-06-19 07:58:28,REAL,67720098044,592,67720098636,67720098636
2025-06-19 07:58:30,REAL,67720098636,546,67720099182,67720099182
2025-06-19 07:58:32,REAL,67720099182,538,67720099720,67720099720
2025-06-19 07:58:34,REAL,67720099720,541,67720100261,67720100261
2025-06-19 07:58:36,REAL,67720100261,612,67720100873,67720100873
2025-06-19 07:58:38,REAL,67720100873,538,67720101411,67720101411
2025-06-19 07:58:40,REAL,67720101411,607,67720102018,67720102018
2025-06-19 07:58:42,REAL,67720102018,538,67720102556,67720102556
2025-06-19 07:58:44,REAL,67720102556,540,67720103096,67720103096
2025-06-19 07:58:46,REAL,67720103096,539,67720103635,67720103635
2025-06-19 07:58:48,REAL,67720103635,596,67720104231,67720104231
2025-06-19 07:58:50,REAL,67720104231,546,67720104777,67720104777
2025-06-19 07:58:52,REAL,67720104777,679,67720105456,67720105456
2025-06-19 07:58:54,REAL,67720105456,537,67720105993,67720105993
2025-06-19 07:58:56,REAL,67720105993,608,67720106601,67720106601
2025-06-19 07:58:58,REAL,67720106601,534,67720107135,67720107135
2025-06-19 07:59:00,REAL,67720107135,538,67720107673,67720107673
2025-06-19 07:59:02,REAL,67720107673,549,67720108222,67720108222
2025-06-19 07:59:04,REAL,67720108222,537,67720108759,67720108759
2025-06-19 07:59:06,REAL,67720108759,615,67720109374,67720109374
2025-06-19 07:59:08,REAL,67720109374,548,67720109922,67720109922
2025-06-19 07:59:10,REAL,67720109922,539,67720110461,67720110461
2025-06-19 07:59:12,REAL,67720110461,662,67720111123,67720111123
2025-06-19 07:59:14,REAL,67720111123,595,67720111718,67720111718
2025-06-19 07:59:16,REAL,67720111718,652,67720112370,67720112370
2025-06-19 07:59:18,REAL,67720112370,540,67720112910,67720112910
2025-06-19 07:59:20,REAL,67720112910,531,67720113441,67720113441
2025-06-19 07:59:22,REAL,67720113441,616,67720114057,67720114057
2025-06-19 07:59:24,REAL,67720114057,531,67720114588,67720114588
2025-06-19 07:59:26,REAL,67720114588,540,67720115128,67720115128
2025-06-19 07:59:28,REAL,67720115128,591,67720115719,67720115719
2025-06-19 07:59:30,REAL,67720115719,536,67720116255,67720116255
2025-06-19 07:59:32,REAL,67720116255,603,67720116858,67720116858
2025-06-19 07:59:34,REAL,67720116858,605,67720117463,67720117463
2025-06-19 07:59:36,REAL,67720117463,673,67720118136,67720118136
2025-06-19 07:59:38,REAL,67720118136,723,67720118859,67720118859
2025-06-19 07:59:40,REAL,67720118859,599,67720119458,67720119458
2025-06-19 07:59:42,REAL,67720119458,592,67720120050,67720120050
2025-06-19 07:59:44,REAL,67720120050,539,67720120589,67720120589
2025-06-19 07:59:46,REAL,67720120589,539,67720121128,67720121128
2025-06-19 07:59:48,REAL,67720121128,533,67720121661,67720121661
2025-06-19 07:59:50,REAL,67720121661,534,67720122195,67720122195
2025-06-19 07:59:52,REAL,67720122195,619,67720122814,67720122814
2025-06-19 07:59:54,REAL,67720122814,544,67720123358,67720123358
2025-06-19 07:59:56,REAL,67720123358,546,67720123904,67720123904
2025-06-19 07:59:58,REAL,67720123904,593,67720124497,67720124497
2025-06-19 08:00:00,REAL,67720124497,591,67720125088,67720125088
2025-06-19 08:00:02,REAL,67720125088,533,67720125621,67720125621
2025-06-19 08:00:04,REAL,67720125621,544,67720126165,67720126165
2025-06-19 08:00:06,REAL,67720126165,669,67720126834,67720126834
2025-06-19 08:00:08,REAL,67720126834,538,67720127372,67720127372
2025-06-19 08:00:10,REAL,67720127372,539,67720127911,67720127911
2025-06-19 08:00:12,REAL,67720127911,546,67720128457,67720128457
2025-06-19 08:00:14,REAL,67720128457,606,67720129063,67720129063
2025-06-19 08:00:16,REAL,67720129063,239728,67720368791,67720368791
2025-06-19 08:00:18,REAL,67720368791,62992,67720431783,67720431783
2025-06-19 08:00:20,REAL,67720431783,29499,67720461282,67720461282
2025-06-19 08:00:22,REAL,67720461282,29177,67720490459,67720490459
2025-06-19 08:00:24,REAL,67720490459,28999,67720519458,67720519458
2025-06-19 08:00:26,REAL,67720519458,29071,67720548529,67720548529
2025-06-19 08:00:28,REAL,67720548529,29375,67720577904,67720577904
2025-06-19 08:00:30,REAL,67720577904,20068,67720597972,67720597972
2025-06-19 08:00:32,REAL,67720597972,539,67720598511,67720598511
2025-06-19 08:00:34,REAL,67720598511,540,67720599051,67720599051
2025-06-19 08:00:36,REAL,67720599051,621,67720599672,67720599672
2025-06-19 08:00:38,REAL,67720599672,531,67720600203,67720600203
2025-06-19 08:00:40,REAL,67720600203,540,67720600743,67720600743
2025-06-19 08:00:42,REAL,67720600743,535,67720601278,67720601278
2025-06-19 08:00:44,REAL,67720601278,589,67720601867,67720601867
2025-06-19 08:00:46,REAL,67720601867,601,67720602468,67720602468
2025-06-19 08:00:48,REAL,67720602468,537,67720603005,67720603005
2025-06-19 08:00:50,REAL,67720603005,540,67720603545,67720603545
2025-06-19 08:00:52,REAL,67720603545,619,67720604164,67720604164
2025-06-19 08:00:54,REAL,67720604164,597,67720604761,67720604761
2025-06-19 08:00:56,REAL,67720604761,532,67720605293,67720605293
2025-06-19 08:00:58,REAL,67720605293,543,67720605836,67720605836
2025-06-19 08:01:00,REAL,67720605836,546,67720606382,67720606382
2025-06-19 08:01:02,REAL,67720606382,596,67720606978,67720606978
2025-06-19 08:01:04,REAL,67720606978,596,67720607574,67720607574
2025-06-19 08:01:06,REAL,67720607574,731,67720608305,67720608305
2025-06-19 08:01:08,REAL,67720608305,596,67720608901,67720608901
2025-06-19 08:01:10,REAL,67720608901,543,67720609444,67720609444
2025-06-19 08:01:12,REAL,67720609444,543,67720609987,67720609987
2025-06-19 08:01:14,REAL,67720609987,536,67720610523,67720610523
2025-06-19 08:01:16,REAL,67720610523,535,67720611058,67720611058
2025-06-19 08:01:18,REAL,67720611058,535,67720611593,67720611593
2025-06-19 08:01:20,REAL,67720611593,536,67720612129,67720612129
2025-06-19 08:01:22,REAL,67720612129,617,67720612746,67720612746
2025-06-19 08:01:24,REAL,67720612746,601,67720613347,67720613347
2025-06-19 08:01:26,REAL,67720613347,537,67720613884,67720613884
2025-06-19 08:01:28,REAL,67720613884,596,67720614480,67720614480
2025-06-19 08:01:30,REAL,67720614480,539,67720615019,67720615019
2025-06-19 08:01:32,REAL,67720615019,591,67720615610,67720615610
2025-06-19 08:01:34,REAL,67720615610,536,67720616146,67720616146
2025-06-19 08:01:36,REAL,67720616146,614,67720616760,67720616760
2025-06-19 08:01:38,REAL,67720616760,540,67720617300,67720617300
2025-06-19 08:01:40,REAL,67720617300,601,67720617901,67720617901
2025-06-19 08:01:42,REAL,67720617901,537,67720618438,67720618438
2025-06-19 08:01:44,REAL,67720618438,540,67720618978,67720618978
2025-06-19 08:01:46,REAL,67720618978,536,67720619514,67720619514
2025-06-19 08:01:48,REAL,67720619514,545,67720620059,67720620059
2025-06-19 08:01:50,REAL,67720620059,596,67720620655,67720620655
2025-06-19 08:01:52,REAL,67720620655,614,67720621269,67720621269
2025-06-19 08:01:54,REAL,67720621269,544,67720621813,67720621813
2025-06-19 08:01:56,REAL,67720621813,600,67720622413,67720622413
2025-06-19 08:01:58,REAL,67720622413,547,67720622960,67720622960
2025-06-19 08:02:00,REAL,67720622960,536,67720623496,67720623496
2025-06-19 08:02:02,REAL,67720623496,543,67720624039,67720624039
2025-06-19 08:02:04,REAL,67720624039,540,67720624579,67720624579
2025-06-19 08:02:06,REAL,67720624579,614,67720625193,67720625193
2025-06-19 08:02:08,REAL,67720625193,542,67720625735,67720625735
2025-06-19 08:02:10,REAL,67720625735,531,67720626266,67720626266
2025-06-19 08:02:12,REAL,67720626266,717,67720626983,67720626983
2025-06-19 08:02:14,REAL,67720626983,543,67720627526,67720627526
2025-06-19 08:02:16,REAL,67720627526,533,67720628059,67720628059
2025-06-19 08:02:18,REAL,67720628059,538,67720628597,67720628597
2025-06-19 08:02:20,REAL,67720628597,533,67720629130,67720629130
2025-06-19 08:02:22,REAL,67720629130,614,67720629744,67720629744
2025-06-19 08:02:24,REAL,67720629744,538,67720630282,67720630282
2025-06-19 08:02:26,REAL,67720630282,592,67720630874,67720630874
2025-06-19 08:02:28,REAL,67720630874,157492,67720788366,67720788366
2025-06-19 08:02:30,REAL,67720788366,128726,67720917092,67720917092
2025-06-19 08:02:32,REAL,67720917092,29241,67720946333,67720946333
2025-06-19 08:02:34,REAL,67720946333,29164,67720975497,67720975497
2025-06-19 08:02:36,REAL,67720975497,28926,67721004423,67721004423
2025-06-19 08:02:38,REAL,67721004423,29163,67721033586,67721033586
2025-06-19 08:02:40,REAL,67721033586,29277,67721062863,67721062863
2025-06-19 08:02:42,REAL,67721062863,26945,67721089808,67721089808
2025-06-19 08:02:44,REAL,67721089808,541,67721090349,67721090349
2025-06-19 08:02:46,REAL,67721090349,537,67721090886,67721090886
2025-06-19 08:02:48,REAL,67721090886,537,67721091423,67721091423
2025-06-19 08:02:50,REAL,67721091423,536,67721091959,67721091959
2025-06-19 08:02:52,REAL,67721091959,613,67721092572,67721092572
2025-06-19 08:02:54,REAL,67721092572,549,67721093121,67721093121
2025-06-19 08:02:56,REAL,67721093121,600,67721093721,67721093721
2025-06-19 08:02:58,REAL,67721093721,599,67721094320,67721094320
2025-06-19 08:03:00,REAL,67721094320,546,67721094866,67721094866
2025-06-19 08:03:02,REAL,67721094866,547,67721095413,67721095413
2025-06-19 08:03:04,REAL,67721095413,541,67721095954,67721095954
2025-06-19 08:03:06,REAL,67721095954,593,67721096547,67721096547
2025-06-19 08:03:08,REAL,67721096547,614,67721097161,67721097161
2025-06-19 08:03:10,REAL,67721097161,539,67721097700,67721097700
2025-06-19 08:03:12,REAL,67721097700,540,67721098240,67721098240
2025-06-19 08:03:14,REAL,67721098240,596,67721098836,67721098836
2025-06-19 08:03:16,REAL,67721098836,543,67721099379,67721099379
2025-06-19 08:03:18,REAL,67721099379,665,67721100044,67721100044
2025-06-19 08:03:20,REAL,67721100044,541,67721100585,67721100585
2025-06-19 08:03:22,REAL,67721100585,614,67721101199,67721101199
2025-06-19 08:03:24,REAL,67721101199,538,67721101737,67721101737
2025-06-19 08:03:26,REAL,67721101737,545,67721102282,67721102282
2025-06-19 08:03:28,REAL,67721102282,538,67721102820,67721102820
2025-06-19 08:03:30,REAL,67721102820,604,67721103424,67721103424
2025-06-19 08:03:32,REAL,67721103424,178785,67721282209,67721282209
2025-06-19 08:03:34,REAL,67721282209,92703,67721374912,67721374912
2025-06-19 08:03:36,REAL,67721374912,29119,67721404031,67721404031
2025-06-19 08:03:38,REAL,67721404031,29222,67721433253,67721433253
2025-06-19 08:03:40,REAL,67721433253,29256,67721462509,67721462509
2025-06-19 08:03:42,REAL,67721462509,28943,67721491452,67721491452
2025-06-19 08:03:44,REAL,67721491452,29713,67721521165,67721521165
2025-06-19 08:03:46,REAL,67721521165,23944,67721545109,67721545109
2025-06-19 08:03:48,REAL,67721545109,599,67721545708,67721545708
2025-06-19 08:03:50,REAL,67721545708,600,67721546308,67721546308
2025-06-19 08:03:52,REAL,67721546308,54635,67721600943,67721600943
2025-06-19 08:03:54,REAL,67721600943,215451,67721816394,67721816394
2025-06-19 08:03:56,REAL,67721816394,28777,67721845171,67721845171
2025-06-19 08:03:58,REAL,67721845171,29045,67721874216,67721874216
2025-06-19 08:04:00,REAL,67721874216,29022,67721903238,67721903238
2025-06-19 08:04:02,REAL,67721903238,29271,67721932509,67721932509
2025-06-19 08:04:04,REAL,67721932509,28988,67721961497,67721961497
2025-06-19 08:04:06,REAL,67721961497,28917,67721990414,67721990414
2025-06-19 08:04:08,REAL,67721990414,7830,67721998244,67721998244
2025-06-19 08:04:10,REAL,67721998244,543,67721998787,67721998787
2025-06-19 08:04:12,REAL,67721998787,533,67721999320,67721999320
2025-06-19 08:04:14,REAL,67721999320,540,67721999860,67721999860
2025-06-19 08:04:16,REAL,67721999860,530,67722000390,67722000390
2025-06-19 08:04:18,REAL,67722000390,545,67722000935,67722000935
2025-06-19 08:04:20,REAL,67722000935,548,67722001483,67722001483
2025-06-19 08:04:22,REAL,67722001483,613,67722002096,67722002096
2025-06-19 08:04:24,REAL,67722002096,661,67722002757,67722002757
2025-06-19 08:04:26,REAL,67722002757,604,67722003361,67722003361
2025-06-19 08:04:28,REAL,67722003361,666,67722004027,67722004027
2025-06-19 08:04:30,REAL,67722004027,536,67722004563,67722004563
2025-06-19 08:04:32,REAL,67722004563,541,67722005104,67722005104
2025-06-19 08:04:34,REAL,67722005104,546,67722005650,67722005650
2025-06-19 08:04:36,REAL,67722005650,536,67722006186,67722006186
2025-06-19 08:04:38,REAL,67722006186,674,67722006860,67722006860
2025-06-19 08:04:40,REAL,67722006860,543,67722007403,67722007403
2025-06-19 08:04:42,REAL,67722007403,537,67722007940,67722007940
2025-06-19 08:04:44,REAL,67722007940,597,67722008537,67722008537
2025-06-19 08:04:46,REAL,67722008537,218423,67722226960,67722226960
2025-06-19 08:04:48,REAL,67722226960,61856,67722288816,67722288816
2025-06-19 08:04:50,REAL,67722288816,29043,67722317859,67722317859
2025-06-19 08:04:52,REAL,67722317859,29099,67722346958,67722346958
2025-06-19 08:04:54,REAL,67722346958,30824,67722377782,67722377782
2025-06-19 08:04:56,REAL,67722377782,28023,67722405805,67722405805
2025-06-19 08:04:58,REAL,67722405805,28865,67722434670,67722434670
2025-06-19 08:05:00,REAL,67722434670,19838,67722454508,67722454508
2025-06-19 08:05:02,REAL,67722454508,600,67722455108,67722455108
2025-06-19 08:05:04,REAL,67722455108,596,67722455704,67722455704
2025-06-19 08:05:06,REAL,67722455704,596,67722456300,67722456300
2025-06-19 08:05:08,REAL,67722456300,608,67722456908,67722456908
2025-06-19 08:05:10,REAL,67722456908,541,67722457449,67722457449
2025-06-19 08:05:12,REAL,67722457449,602,67722458051,67722458051
2025-06-19 08:05:14,REAL,67722458051,537,67722458588,67722458588
2025-06-19 08:05:16,REAL,67722458588,544,67722459132,67722459132
2025-06-19 08:05:18,REAL,67722459132,541,67722459673,67722459673
2025-06-19 08:05:20,REAL,67722459673,543,67722460216,67722460216
2025-06-19 08:05:22,REAL,67722460216,659,67722460875,67722460875
2025-06-19 08:05:24,REAL,67722460875,612,67722461487,67722461487
2025-06-19 08:05:26,REAL,67722461487,543,67722462030,67722462030
2025-06-19 08:05:28,REAL,67722462030,541,67722462571,67722462571
2025-06-19 08:05:30,REAL,67722462571,530,67722463101,67722463101
2025-06-19 08:05:32,REAL,67722463101,542,67722463643,67722463643
2025-06-19 08:05:34,REAL,67722463643,549,67722464192,67722464192
2025-06-19 08:05:36,REAL,67722464192,540,67722464732,67722464732
2025-06-19 08:05:38,REAL,67722464732,679,67722465411,67722465411
2025-06-19 08:05:40,REAL,67722465411,543,67722465954,67722465954
2025-06-19 08:05:42,REAL,67722465954,547,67722466501,67722466501
2025-06-19 08:05:44,REAL,67722466501,544,67722467045,67722467045
2025-06-19 08:05:46,REAL,67722467045,547,67722467592,67722467592
2025-06-19 08:05:48,REAL,67722467592,596,67722468188,67722468188
2025-06-19 08:05:50,REAL,67722468188,544,67722468732,67722468732
2025-06-19 08:05:52,REAL,67722468732,541,67722469273,67722469273
2025-06-19 08:05:54,REAL,67722469273,729,67722470002,67722470002
2025-06-19 08:05:56,REAL,67722470002,657,67722470659,67722470659
2025-06-19 08:05:58,REAL,67722470659,595,67722471254,67722471254
2025-06-19 08:06:00,REAL,67722471254,593,67722471847,67722471847
2025-06-19 08:06:02,REAL,67722471847,599,67722472446,67722472446
2025-06-19 08:06:04,REAL,67722472446,594,67722473040,67722473040
2025-06-19 08:06:06,REAL,67722473040,534,67722473574,67722473574
2025-06-19 08:06:08,REAL,67722473574,613,67722474187,67722474187
2025-06-19 08:06:10,REAL,67722474187,534,67722474721,67722474721
2025-06-19 08:06:12,REAL,67722474721,542,67722475263,67722475263
2025-06-19 08:06:14,REAL,67722475263,535,67722475798,67722475798
2025-06-19 08:06:16,REAL,67722475798,533,67722476331,67722476331
2025-06-19 08:06:18,REAL,67722476331,545,67722476876,67722476876
2025-06-19 08:06:20,REAL,67722476876,116958,67722593834,67722593834
2025-06-19 08:06:22,REAL,67722593834,154188,67722748022,67722748022
2025-06-19 08:06:24,REAL,67722748022,29219,67722777241,67722777241
2025-06-19 08:06:26,REAL,67722777241,29483,67722806724,67722806724
2025-06-19 08:06:28,REAL,67722806724,29088,67722835812,67722835812
2025-06-19 08:06:30,REAL,67722835812,28865,67722864677,67722864677
2025-06-19 08:06:32,REAL,67722864677,29500,67722894177,67722894177
2025-06-19 08:06:34,REAL,67722894177,29077,67722923254,67722923254
2025-06-19 08:06:36,REAL,67722923254,889,67722924143,67722924143
2025-06-19 08:06:38,REAL,67722924143,617,67722924760,67722924760
2025-06-19 08:06:40,REAL,67722924760,540,67722925300,67722925300
2025-06-19 08:06:42,REAL,67722925300,543,67722925843,67722925843
2025-06-19 08:06:44,REAL,67722925843,543,67722926386,67722926386
2025-06-19 08:06:46,REAL,67722926386,545,67722926931,67722926931
2025-06-19 08:06:48,REAL,67722926931,534,67722927465,67722927465
2025-06-19 08:06:50,REAL,67722927465,530,67722927995,67722927995
2025-06-19 08:06:52,REAL,67722927995,170086,67723098081,67723098081
2025-06-19 08:06:54,REAL,67723098081,137492,67723235573,67723235573
2025-06-19 08:06:56,REAL,67723235573,28966,67723264539,67723264539
2025-06-19 08:06:58,REAL,67723264539,29151,67723293690,67723293690
2025-06-19 08:07:00,REAL,67723293690,29418,67723323108,67723323108
2025-06-19 08:07:02,REAL,67723323108,28928,67723352036,67723352036
2025-06-19 08:07:04,REAL,67723352036,28865,67723380901,67723380901
2025-06-19 08:07:06,REAL,67723380901,27538,67723408439,67723408439
2025-06-19 08:07:08,REAL,67723408439,616,67723409055,67723409055
2025-06-19 08:07:10,REAL,67723409055,533,67723409588,67723409588
2025-06-19 08:07:12,REAL,67723409588,537,67723410125,67723410125
2025-06-19 08:07:14,REAL,67723410125,537,67723410662,67723410662
2025-06-19 08:07:16,REAL,67723410662,540,67723411202,67723411202
2025-06-19 08:07:18,REAL,67723411202,531,67723411733,67723411733
2025-06-19 08:07:20,REAL,67723411733,540,67723412273,67723412273
2025-06-19 08:07:22,REAL,67723412273,600,67723412873,67723412873
2025-06-19 08:07:24,REAL,67723412873,619,67723413492,67723413492
2025-06-19 08:07:26,REAL,67723413492,598,67723414090,67723414090
2025-06-19 08:07:28,REAL,67723414090,544,67723414634,67723414634
2025-06-19 08:07:30,REAL,67723414634,609,67723415243,67723415243
2025-06-19 08:07:32,REAL,67723415243,590,67723415833,67723415833
2025-06-19 08:07:34,REAL,67723415833,536,67723416369,67723416369
2025-06-19 08:07:36,REAL,67723416369,532,67723416901,67723416901
2025-06-19 08:07:38,REAL,67723416901,596,67723417497,67723417497
2025-06-19 08:07:40,REAL,67723417497,614,67723418111,67723418111
2025-06-19 08:07:42,REAL,67723418111,542,67723418653,67723418653
2025-06-19 08:07:44,REAL,67723418653,542,67723419195,67723419195
2025-06-19 08:07:46,REAL,67723419195,533,67723419728,67723419728
2025-06-19 08:07:48,REAL,67723419728,532,67723420260,67723420260
2025-06-19 08:07:50,REAL,67723420260,532,67723420792,67723420792
2025-06-19 08:07:52,REAL,67723420792,540,67723421332,67723421332
2025-06-19 08:07:54,REAL,67723421332,674,67723422006,67723422006
2025-06-19 08:07:56,REAL,67723422006,533,67723422539,67723422539
2025-06-19 08:07:58,REAL,67723422539,541,67723423080,67723423080
2025-06-19 08:08:00,REAL,67723423080,593,67723423673,67723423673
2025-06-19 08:08:02,REAL,67723423673,538,67723424211,67723424211
2025-06-19 08:08:04,REAL,67723424211,546,67723424757,67723424757
2025-06-19 08:08:06,REAL,67723424757,594,67723425351,67723425351
2025-06-19 08:08:08,REAL,67723425351,544,67723425895,67723425895
2025-06-19 08:08:10,REAL,67723425895,669,67723426564,67723426564
2025-06-19 08:08:12,REAL,67723426564,209813,67723636377,67723636377
2025-06-19 08:08:14,REAL,67723636377,101192,67723737569,67723737569
2025-06-19 08:08:16,REAL,67723737569,29271,67723766840,67723766840
2025-06-19 08:08:18,REAL,67723766840,28880,67723795720,67723795720
2025-06-19 08:08:20,REAL,67723795720,29841,67723825561,67723825561
2025-06-19 08:08:22,REAL,67723825561,29000,67723854561,67723854561
2025-06-19 08:08:24,REAL,67723854561,29402,67723883963,67723883963
2025-06-19 08:08:26,REAL,67723883963,22948,67723906911,67723906911
2025-06-19 08:08:28,REAL,67723906911,540,67723907451,67723907451
2025-06-19 08:08:30,REAL,67723907451,537,67723907988,67723907988
2025-06-19 08:08:32,REAL,67723907988,545,67723908533,67723908533
2025-06-19 08:08:34,REAL,67723908533,533,67723909066,67723909066
2025-06-19 08:08:36,REAL,67723909066,543,67723909609,67723909609
2025-06-19 08:08:38,REAL,67723909609,531,67723910140,67723910140
2025-06-19 08:08:40,REAL,67723910140,676,67723910816,67723910816
2025-06-19 08:08:42,REAL,67723910816,600,67723911416,67723911416
2025-06-19 08:08:44,REAL,67723911416,602,67723912018,67723912018
2025-06-19 08:08:46,REAL,67723912018,604,67723912622,67723912622
2025-06-19 08:08:48,REAL,67723912622,603,67723913225,67723913225
2025-06-19 08:08:50,REAL,67723913225,532,67723913757,67723913757
2025-06-19 08:08:52,REAL,67723913757,540,67723914297,67723914297
2025-06-19 08:08:54,REAL,67723914297,610,67723914907,67723914907
2025-06-19 08:08:56,REAL,67723914907,593,67723915500,67723915500
2025-06-19 08:08:58,REAL,67723915500,536,67723916036,67723916036
2025-06-19 08:09:00,REAL,67723916036,540,67723916576,67723916576
2025-06-19 08:09:02,REAL,67723916576,538,67723917114,67723917114
2025-06-19 08:09:04,REAL,67723917114,600,67723917714,67723917714
2025-06-19 08:09:06,REAL,67723917714,548,67723918262,67723918262
2025-06-19 08:09:08,REAL,67723918262,530,67723918792,67723918792
2025-06-19 08:09:10,REAL,67723918792,613,67723919405,67723919405
2025-06-19 08:09:12,REAL,67723919405,542,67723919947,67723919947
2025-06-19 08:09:14,REAL,67723919947,549,67723920496,67723920496
2025-06-19 08:09:16,REAL,67723920496,589,67723921085,67723921085
2025-06-19 08:09:18,REAL,67723921085,532,67723921617,67723921617
2025-06-19 08:09:20,REAL,67723921617,596,67723922213,67723922213
2025-06-19 08:09:22,REAL,67723922213,539,67723922752,67723922752
2025-06-19 08:09:24,REAL,67723922752,623,67723923375,67723923375
2025-06-19 08:09:26,REAL,67723923375,536,67723923911,67723923911
2025-06-19 08:09:28,REAL,67723923911,544,67723924455,67723924455
2025-06-19 08:09:30,REAL,67723924455,546,67723925001,67723925001
2025-06-19 08:09:32,REAL,67723925001,533,67723925534,67723925534
2025-06-19 08:09:34,REAL,67723925534,534,67723926068,67723926068
2025-06-19 08:09:36,REAL,67723926068,659,67723926727,67723926727
2025-06-19 08:09:38,REAL,67723926727,598,67723927325,67723927325
2025-06-19 08:09:40,REAL,67723927325,731,67723928056,67723928056
2025-06-19 08:09:42,REAL,67723928056,599,67723928655,67723928655
2025-06-19 08:09:44,REAL,67723928655,547,67723929202,67723929202
2025-06-19 08:09:46,REAL,67723929202,547,67723929749,67723929749
2025-06-19 08:09:48,REAL,67723929749,548,67723930297,67723930297
2025-06-19 08:09:50,REAL,67723930297,537,67723930834,67723930834
2025-06-19 08:09:52,REAL,67723930834,532,67723931366,67723931366
2025-06-19 08:09:54,REAL,67723931366,616,67723931982,67723931982
2025-06-19 08:09:56,REAL,67723931982,600,67723932582,67723932582
2025-06-19 08:09:58,REAL,67723932582,541,67723933123,67723933123
2025-06-19 08:10:00,REAL,67723933123,538,67723933661,67723933661
2025-06-19 08:10:02,REAL,67723933661,548,67723934209,67723934209
2025-06-19 08:10:04,REAL,67723934209,591,67723934800,67723934800
2025-06-19 08:10:06,REAL,67723934800,543,67723935343,67723935343
2025-06-19 08:10:08,REAL,67723935343,540,67723935883,67723935883
2025-06-19 08:10:10,REAL,67723935883,618,67723936501,67723936501
2025-06-19 08:10:12,REAL,67723936501,609,67723937110,67723937110
2025-06-19 08:10:14,REAL,67723937110,597,67723937707,67723937707
2025-06-19 08:10:16,REAL,67723937707,601,67723938308,67723938308
2025-06-19 08:10:18,REAL,67723938308,662,67723938970,67723938970
2025-06-19 08:10:20,REAL,67723938970,599,67723939569,67723939569
2025-06-19 08:10:22,REAL,67723939569,609,67723940178,67723940178
2025-06-19 08:10:24,REAL,67723940178,608,67723940786,67723940786
2025-06-19 08:10:26,REAL,67723940786,595,67723941381,67723941381
2025-06-19 08:10:28,REAL,67723941381,546,67723941927,67723941927
2025-06-19 08:10:30,REAL,67723941927,592,67723942519,67723942519
2025-06-19 08:10:32,REAL,67723942519,537,67723943056,67723943056
2025-06-19 08:10:34,REAL,67723943056,543,67723943599,67723943599
2025-06-19 08:10:36,REAL,67723943599,540,67723944139,67723944139
2025-06-19 08:10:38,REAL,67723944139,596,67723944735,67723944735
2025-06-19 08:10:40,REAL,67723944735,605,67723945340,67723945340
2025-06-19 08:10:42,REAL,67723945340,538,67723945878,67723945878
2025-06-19 08:10:44,REAL,67723945878,534,67723946412,67723946412
2025-06-19 08:10:46,REAL,67723946412,542,67723946954,67723946954
2025-06-19 08:10:48,REAL,67723946954,547,67723947501,67723947501
2025-06-19 08:10:50,REAL,67723947501,545,67723948046,67723948046
2025-06-19 08:10:52,REAL,67723948046,533,67723948579,67723948579
2025-06-19 08:10:54,REAL,67723948579,732,67723949311,67723949311
2025-06-19 08:10:56,REAL,67723949311,272222,67724221533,67724221533
2025-06-19 08:10:58,REAL,67724221533,29185,67724250718,67724250718
2025-06-19 08:11:00,REAL,67724250718,28921,67724279639,67724279639
2025-06-19 08:11:02,REAL,67724279639,28790,67724308429,67724308429
2025-06-19 08:11:04,REAL,67724308429,29202,67724337631,67724337631
2025-06-19 08:11:06,REAL,67724337631,29181,67724366812,67724366812
2025-06-19 08:11:08,REAL,67724366812,28935,67724395747,67724395747
2025-06-19 08:11:10,REAL,67724395747,15352,67724411099,67724411099
2025-06-19 08:11:12,REAL,67724411099,605,67724411704,67724411704
2025-06-19 08:11:14,REAL,67724411704,597,67724412301,67724412301
2025-06-19 08:11:16,REAL,67724412301,664,67724412965,67724412965
2025-06-19 08:11:18,REAL,67724412965,540,67724413505,67724413505
2025-06-19 08:11:20,REAL,67724413505,539,67724414044,67724414044
2025-06-19 08:11:22,REAL,67724414044,540,67724414584,67724414584
2025-06-19 08:11:24,REAL,67724414584,616,67724415200,67724415200
2025-06-19 08:11:26,REAL,67724415200,533,67724415733,67724415733
2025-06-19 08:11:28,REAL,67724415733,533,67724416266,67724416266
2025-06-19 08:11:30,REAL,67724416266,537,67724416803,67724416803
2025-06-19 08:11:32,REAL,67724416803,592,67724417395,67724417395
2025-06-19 08:11:34,REAL,67724417395,545,67724417940,67724417940
2025-06-19 08:11:36,REAL,67724417940,540,67724418480,67724418480
2025-06-19 08:11:38,REAL,67724418480,541,67724419021,67724419021
2025-06-19 08:11:40,REAL,67724419021,724,67724419745,67724419745
2025-06-19 08:11:42,REAL,67724419745,532,67724420277,67724420277
2025-06-19 08:11:44,REAL,67724420277,534,67724420811,67724420811
2025-06-19 08:11:46,REAL,67724420811,604,67724421415,67724421415
2025-06-19 08:11:48,REAL,67724421415,161567,67724582982,67724582982
2025-06-19 08:11:50,REAL,67724582982,107133,67724690115,67724690115
2025-06-19 08:11:52,REAL,67724690115,29619,67724719734,67724719734
2025-06-19 08:11:54,REAL,67724719734,29058,67724748792,67724748792
2025-06-19 08:11:56,REAL,67724748792,28833,67724777625,67724777625
2025-06-19 08:11:58,REAL,67724777625,28916,67724806541,67724806541
2025-06-19 08:12:00,REAL,67724806541,29015,67724835556,67724835556
2025-06-19 08:12:02,REAL,67724835556,26958,67724862514,67724862514
2025-06-19 08:12:04,REAL,67724862514,662,67724863176,67724863176
2025-06-19 08:12:06,REAL,67724863176,602,67724863778,67724863778
2025-06-19 08:12:08,REAL,67724863778,22546,67724886324,67724886324
2025-06-19 08:12:10,REAL,67724886324,239689,67725126013,67725126013
2025-06-19 08:12:12,REAL,67725126013,28605,67725154618,67725154618
2025-06-19 08:12:14,REAL,67725154618,28712,67725183330,67725183330
2025-06-19 08:12:16,REAL,67725183330,29619,67725212949,67725212949
2025-06-19 08:12:18,REAL,67725212949,28787,67725241736,67725241736
2025-06-19 08:12:20,REAL,67725241736,28852,67725270588,67725270588
2025-06-19 08:12:22,REAL,67725270588,28656,67725299244,67725299244
2025-06-19 08:12:24,REAL,67725299244,11474,67725310718,67725310718
2025-06-19 08:12:26,REAL,67725310718,611,67725311329,67725311329
2025-06-19 08:12:28,REAL,67725311329,544,67725311873,67725311873
2025-06-19 08:12:30,REAL,67725311873,598,67725312471,67725312471
2025-06-19 08:12:32,REAL,67725312471,545,67725313016,67725313016
2025-06-19 08:12:34,REAL,67725313016,542,67725313558,67725313558
2025-06-19 08:12:36,REAL,67725313558,534,67725314092,67725314092
2025-06-19 08:12:38,REAL,67725314092,541,67725314633,67725314633
2025-06-19 08:12:40,REAL,67725314633,732,67725315365,67725315365
2025-06-19 08:12:42,REAL,67725315365,597,67725315962,67725315962
2025-06-19 08:12:44,REAL,67725315962,602,67725316564,67725316564
2025-06-19 08:12:46,REAL,67725316564,599,67725317163,67725317163
2025-06-19 08:12:48,REAL,67725317163,608,67725317771,67725317771
2025-06-19 08:12:50,REAL,67725317771,604,67725318375,67725318375
2025-06-19 08:12:52,REAL,67725318375,540,67725318915,67725318915
2025-06-19 08:12:54,REAL,67725318915,642,67725319557,67725319557
2025-06-19 08:12:56,REAL,67725319557,611,67725320168,67725320168
2025-06-19 08:12:58,REAL,67725320168,537,67725320705,67725320705
2025-06-19 08:13:00,REAL,67725320705,537,67725321242,67725321242
2025-06-19 08:13:02,REAL,67725321242,539,67725321781,67725321781
2025-06-19 08:13:04,REAL,67725321781,548,67725322329,67725322329
2025-06-19 08:13:06,REAL,67725322329,601,67725322930,67725322930
2025-06-19 08:13:08,REAL,67725322930,536,67725323466,67725323466
2025-06-19 08:13:10,REAL,67725323466,613,67725324079,67725324079
2025-06-19 08:13:12,REAL,67725324079,539,67725324618,67725324618
2025-06-19 08:13:14,REAL,67725324618,544,67725325162,67725325162
2025-06-19 08:13:16,REAL,67725325162,542,67725325704,67725325704
2025-06-19 08:13:18,REAL,67725325704,596,67725326300,67725326300
2025-06-19 08:13:20,REAL,67725326300,532,67725326832,67725326832
2025-06-19 08:13:22,REAL,67725326832,600,67725327432,67725327432
2025-06-19 08:13:24,REAL,67725327432,549,67725327981,67725327981
2025-06-19 08:13:26,REAL,67725327981,613,67725328594,67725328594
2025-06-19 08:13:28,REAL,67725328594,543,67725329137,67725329137
2025-06-19 08:13:30,REAL,67725329137,544,67725329681,67725329681
2025-06-19 08:13:32,REAL,67725329681,542,67725330223,67725330223
2025-06-19 08:13:34,REAL,67725330223,540,67725330763,67725330763
2025-06-19 08:13:36,REAL,67725330763,538,67725331301,67725331301
2025-06-19 08:13:38,REAL,67725331301,606,67725331907,67725331907
2025-06-19 08:13:40,REAL,67725331907,678,67725332585,67725332585
2025-06-19 08:13:42,REAL,67725332585,597,67725333182,67725333182
2025-06-19 08:13:44,REAL,67725333182,547,67725333729,67725333729
2025-06-19 08:13:46,REAL,67725333729,541,67725334270,67725334270
2025-06-19 08:13:48,REAL,67725334270,541,67725334811,67725334811
2025-06-19 08:13:50,REAL,67725334811,540,67725335351,67725335351
2025-06-19 08:13:52,REAL,67725335351,539,67725335890,67725335890
2025-06-19 08:13:54,REAL,67725335890,601,67725336491,67725336491
2025-06-19 08:13:56,REAL,67725336491,613,67725337104,67725337104
2025-06-19 08:13:58,REAL,67725337104,549,67725337653,67725337653
2025-06-19 08:14:00,REAL,67725337653,531,67725338184,67725338184
2025-06-19 08:14:02,REAL,67725338184,541,67725338725,67725338725
2025-06-19 08:14:04,REAL,67725338725,537,67725339262,67725339262
2025-06-19 08:14:06,REAL,67725339262,540,67725339802,67725339802
2025-06-19 08:14:08,REAL,67725339802,586,67725340388,67725340388
2025-06-19 08:14:10,REAL,67725340388,78504,67725418892,67725418892
2025-06-19 08:14:12,REAL,67725418892,168568,67725587460,67725587460
2025-06-19 08:14:14,REAL,67725587460,28431,67725615891,67725615891
2025-06-19 08:14:16,REAL,67725615891,28645,67725644536,67725644536
2025-06-19 08:14:18,REAL,67725644536,29297,67725673833,67725673833
2025-06-19 08:14:20,REAL,67725673833,29110,67725702943,67725702943
2025-06-19 08:14:22,REAL,67725702943,29528,67725732471,67725732471
2025-06-19 08:14:24,REAL,67725732471,28983,67725761454,67725761454
2025-06-19 08:14:26,REAL,67725761454,5534,67725766988,67725766988
2025-06-19 08:14:28,REAL,67725766988,602,67725767590,67725767590
2025-06-19 08:14:30,REAL,67725767590,599,67725768189,67725768189
2025-06-19 08:14:32,REAL,67725768189,539,67725768728,67725768728
2025-06-19 08:14:34,REAL,67725768728,538,67725769266,67725769266
2025-06-19 08:14:36,REAL,67725769266,590,67725769856,67725769856
2025-06-19 08:14:38,REAL,67725769856,533,67725770389,67725770389
2025-06-19 08:14:40,REAL,67725770389,620,67725771009,67725771009
2025-06-19 08:14:42,REAL,67725771009,544,67725771553,67725771553
2025-06-19 08:14:44,REAL,67725771553,539,67725772092,67725772092
2025-06-19 08:14:46,REAL,67725772092,594,67725772686,67725772686
2025-06-19 08:14:48,REAL,67725772686,533,67725773219,67725773219
2025-06-19 08:14:50,REAL,67725773219,599,67725773818,67725773818
2025-06-19 08:14:52,REAL,67725773818,537,67725774355,67725774355
2025-06-19 08:14:54,REAL,67725774355,541,67725774896,67725774896
2025-06-19 08:14:56,REAL,67725774896,618,67725775514,67725775514
2025-06-19 08:14:58,REAL,67725775514,546,67725776060,67725776060
2025-06-19 08:15:00,REAL,67725776060,540,67725776600,67725776600
2025-06-19 08:15:02,REAL,67725776600,607,67725777207,67725777207
2025-06-19 08:15:04,REAL,67725777207,650,67725777857,67725777857
2025-06-19 08:15:06,REAL,67725777857,603,67725778460,67725778460
2025-06-19 08:15:08,REAL,67725778460,665,67725779125,67725779125
2025-06-19 08:15:10,REAL,67725779125,675,67725779800,67725779800
2025-06-19 08:15:12,REAL,67725779800,602,67725780402,67725780402
2025-06-19 08:15:14,REAL,67725780402,250533,67726030935,67726030935
2025-06-19 08:15:16,REAL,67726030935,33047,67726063982,67726063982
2025-06-19 08:15:18,REAL,67726063982,29613,67726093595,67726093595
2025-06-19 08:15:20,REAL,67726093595,29546,67726123141,67726123141
2025-06-19 08:15:22,REAL,67726123141,29284,67726152425,67726152425
2025-06-19 08:15:24,REAL,67726152425,29080,67726181505,67726181505
2025-06-19 08:15:26,REAL,67726181505,29324,67726210829,67726210829
2025-06-19 08:15:28,REAL,67726210829,16746,67726227575,67726227575
2025-06-19 08:15:30,REAL,67726227575,596,67726228171,67726228171
2025-06-19 08:15:32,REAL,67726228171,604,67726228775,67726228775
2025-06-19 08:15:34,REAL,67726228775,125506,67726354281,67726354281
2025-06-19 08:15:36,REAL,67726354281,132540,67726486821,67726486821
2025-06-19 08:15:38,REAL,67726486821,29007,67726515828,67726515828
2025-06-19 08:15:40,REAL,67726515828,29152,67726544980,67726544980
2025-06-19 08:15:42,REAL,67726544980,28474,67726573454,67726573454
2025-06-19 08:15:44,REAL,67726573454,28784,67726602238,67726602238
2025-06-19 08:15:46,REAL,67726602238,29292,67726631530,67726631530
2025-06-19 08:15:48,REAL,67726631530,29382,67726660912,67726660912
2025-06-19 08:15:50,REAL,67726660912,1398,67726662310,67726662310
2025-06-19 08:15:52,REAL,67726662310,532,67726662842,67726662842
2025-06-19 08:15:54,REAL,67726662842,535,67726663377,67726663377
2025-06-19 08:15:56,REAL,67726663377,611,67726663988,67726663988
2025-06-19 08:15:58,REAL,67726663988,541,67726664529,67726664529
2025-06-19 08:16:00,REAL,67726664529,547,67726665076,67726665076
2025-06-19 08:16:02,REAL,67726665076,605,67726665681,67726665681
2025-06-19 08:16:04,REAL,67726665681,540,67726666221,67726666221
2025-06-19 08:16:06,REAL,67726666221,604,67726666825,67726666825
2025-06-19 08:16:08,REAL,67726666825,546,67726667371,67726667371
2025-06-19 08:16:10,REAL,67726667371,537,67726667908,67726667908
2025-06-19 08:16:12,REAL,67726667908,676,67726668584,67726668584
2025-06-19 08:16:14,REAL,67726668584,540,67726669124,67726669124
2025-06-19 08:16:16,REAL,67726669124,540,67726669664,67726669664
2025-06-19 08:16:18,REAL,67726669664,539,67726670203,67726670203
2025-06-19 08:16:20,REAL,67726670203,606,67726670809,67726670809
2025-06-19 08:16:22,REAL,67726670809,543,67726671352,67726671352
2025-06-19 08:16:24,REAL,67726671352,536,67726671888,67726671888
2025-06-19 08:16:26,REAL,67726671888,605,67726672493,67726672493
2025-06-19 08:16:28,REAL,67726672493,540,67726673033,67726673033
2025-06-19 08:16:30,REAL,67726673033,598,67726673631,67726673631
2025-06-19 08:16:32,REAL,67726673631,545,67726674176,67726674176
2025-06-19 08:16:34,REAL,67726674176,540,67726674716,67726674716
2025-06-19 08:16:36,REAL,67726674716,602,67726675318,67726675318
2025-06-19 08:16:38,REAL,67726675318,542,67726675860,67726675860
2025-06-19 08:16:40,REAL,67726675860,541,67726676401,67726676401
2025-06-19 08:16:42,REAL,67726676401,616,67726677017,67726677017
2025-06-19 08:16:44,REAL,67726677017,542,67726677559,67726677559
2025-06-19 08:16:46,REAL,67726677559,547,67726678106,67726678106
2025-06-19 08:16:48,REAL,67726678106,540,67726678646,67726678646
2025-06-19 08:16:50,REAL,67726678646,533,67726679179,67726679179
2025-06-19 08:16:52,REAL,67726679179,657,67726679836,67726679836
2025-06-19 08:16:54,REAL,67726679836,594,67726680430,67726680430
2025-06-19 08:16:56,REAL,67726680430,674,67726681104,67726681104
2025-06-19 08:16:58,REAL,67726681104,660,67726681764,67726681764
2025-06-19 08:17:00,REAL,67726681764,664,67726682428,67726682428
2025-06-19 08:17:02,REAL,67726682428,591,67726683019,67726683019
2025-06-19 08:17:04,REAL,67726683019,540,67726683559,67726683559
2025-06-19 08:17:06,REAL,67726683559,550,67726684109,67726684109
2025-06-19 08:17:08,REAL,67726684109,536,67726684645,67726684645
2025-06-19 08:17:10,REAL,67726684645,540,67726685185,67726685185
2025-06-19 08:17:12,REAL,67726685185,612,67726685797,67726685797
2025-06-19 08:17:14,REAL,67726685797,541,67726686338,67726686338
2025-06-19 08:17:16,REAL,67726686338,540,67726686878,67726686878
2025-06-19 08:17:18,REAL,67726686878,601,67726687479,67726687479
2025-06-19 08:17:20,REAL,67726687479,537,67726688016,67726688016
2025-06-19 08:17:22,REAL,67726688016,537,67726688553,67726688553
2025-06-19 08:17:24,REAL,67726688553,541,67726689094,67726689094
2025-06-19 08:17:26,REAL,67726689094,610,67726689704,67726689704
2025-06-19 08:17:28,REAL,67726689704,602,67726690306,67726690306
2025-06-19 08:17:30,REAL,67726690306,603,67726690909,67726690909
2025-06-19 08:17:32,REAL,67726690909,548,67726691457,67726691457
2025-06-19 08:17:34,REAL,67726691457,610,67726692067,67726692067
2025-06-19 08:17:36,REAL,67726692067,538,67726692605,67726692605
2025-06-19 08:17:38,REAL,67726692605,539,67726693144,67726693144
2025-06-19 08:17:40,REAL,67726693144,533,67726693677,67726693677
2025-06-19 08:17:42,REAL,67726693677,615,67726694292,67726694292
2025-06-19 08:17:44,REAL,67726694292,538,67726694830,67726694830
2025-06-19 08:17:46,REAL,67726694830,544,67726695374,67726695374
2025-06-19 08:17:48,REAL,67726695374,540,67726695914,67726695914
2025-06-19 08:17:50,REAL,67726695914,602,67726696516,67726696516
2025-06-19 08:17:52,REAL,67726696516,181947,67726878463,67726878463
2025-06-19 08:17:54,REAL,67726878463,90134,67726968597,67726968597
2025-06-19 08:17:56,REAL,67726968597,29470,67726998067,67726998067
2025-06-19 08:17:58,REAL,67726998067,29166,67727027233,67727027233
2025-06-19 08:18:00,REAL,67727027233,30849,67727058082,67727058082
2025-06-19 08:18:02,REAL,67727058082,27028,67727085110,67727085110
2025-06-19 08:18:04,REAL,67727085110,29467,67727114577,67727114577
2025-06-19 08:18:06,REAL,67727114577,22845,67727137422,67727137422
2025-06-19 08:18:08,REAL,67727137422,542,67727137964,67727137964
2025-06-19 08:18:10,REAL,67727137964,543,67727138507,67727138507
2025-06-19 08:18:12,REAL,67727138507,618,67727139125,67727139125
2025-06-19 08:18:14,REAL,67727139125,542,67727139667,67727139667
2025-06-19 08:18:16,REAL,67727139667,541,67727140208,67727140208
2025-06-19 08:18:18,REAL,67727140208,530,67727140738,67727140738
2025-06-19 08:18:20,REAL,67727140738,540,67727141278,67727141278
2025-06-19 08:18:22,REAL,67727141278,601,67727141879,67727141879
2025-06-19 08:18:24,REAL,67727141879,214092,67727355971,67727355971
2025-06-19 08:18:26,REAL,67727355971,75848,67727431819,67727431819
2025-06-19 08:18:28,REAL,67727431819,29075,67727460894,67727460894
2025-06-19 08:18:30,REAL,67727460894,29352,67727490246,67727490246
2025-06-19 08:18:32,REAL,67727490246,28603,67727518849,67727518849
2025-06-19 08:18:34,REAL,67727518849,28774,67727547623,67727547623
2025-06-19 08:18:36,REAL,67727547623,29476,67727577099,67727577099
2025-06-19 08:18:38,REAL,67727577099,21021,67727598120,67727598120
2025-06-19 08:18:40,REAL,67727598120,540,67727598660,67727598660
2025-06-19 08:18:42,REAL,67727598660,607,67727599267,67727599267
2025-06-19 08:18:44,REAL,67727599267,534,67727599801,67727599801
2025-06-19 08:18:46,REAL,67727599801,536,67727600337,67727600337
2025-06-19 08:18:48,REAL,67727600337,538,67727600875,67727600875
2025-06-19 08:18:50,REAL,67727600875,545,67727601420,67727601420
2025-06-19 08:18:52,REAL,67727601420,541,67727601961,67727601961
2025-06-19 08:18:54,REAL,67727601961,605,67727602566,67727602566
2025-06-19 08:18:56,REAL,67727602566,653,67727603219,67727603219
2025-06-19 08:18:58,REAL,67727603219,673,67727603892,67727603892
2025-06-19 08:19:00,REAL,67727603892,604,67727604496,67727604496
2025-06-19 08:19:02,REAL,67727604496,547,67727605043,67727605043
2025-06-19 08:19:04,REAL,67727605043,598,67727605641,67727605641
2025-06-19 08:19:06,REAL,67727605641,545,67727606186,67727606186
2025-06-19 08:19:08,REAL,67727606186,543,67727606729,67727606729
2025-06-19 08:19:10,REAL,67727606729,540,67727607269,67727607269
2025-06-19 08:19:12,REAL,67727607269,611,67727607880,67727607880
2025-06-19 08:19:14,REAL,67727607880,531,67727608411,67727608411
2025-06-19 08:19:16,REAL,67727608411,595,67727609006,67727609006
2025-06-19 08:19:18,REAL,67727609006,547,67727609553,67727609553
2025-06-19 08:19:20,REAL,67727609553,538,67727610091,67727610091
2025-06-19 08:19:22,REAL,67727610091,544,67727610635,67727610635
2025-06-19 08:19:24,REAL,67727610635,538,67727611173,67727611173
2025-06-19 08:19:26,REAL,67727611173,532,67727611705,67727611705
2025-06-19 08:19:28,REAL,67727611705,677,67727612382,67727612382
2025-06-19 08:19:30,REAL,67727612382,548,67727612930,67727612930
2025-06-19 08:19:32,REAL,67727612930,604,67727613534,67727613534
2025-06-19 08:19:34,REAL,67727613534,538,67727614072,67727614072
2025-06-19 08:19:36,REAL,67727614072,540,67727614612,67727614612
2025-06-19 08:19:38,REAL,67727614612,541,67727615153,67727615153
2025-06-19 08:19:40,REAL,67727615153,541,67727615694,67727615694
2025-06-19 08:19:42,REAL,67727615694,616,67727616310,67727616310
2025-06-19 08:19:44,REAL,67727616310,537,67727616847,67727616847
2025-06-19 08:19:46,REAL,67727616847,599,67727617446,67727617446
2025-06-19 08:19:48,REAL,67727617446,604,67727618050,67727618050
2025-06-19 08:19:50,REAL,67727618050,547,67727618597,67727618597
2025-06-19 08:19:52,REAL,67727618597,547,67727619144,67727619144
2025-06-19 08:19:54,REAL,67727619144,541,67727619685,67727619685
2025-06-19 08:19:56,REAL,67727619685,538,67727620223,67727620223
2025-06-19 08:19:58,REAL,67727620223,616,67727620839,67727620839
2025-06-19 08:20:00,REAL,67727620839,544,67727621383,67727621383
2025-06-19 08:20:02,REAL,67727621383,548,67727621931,67727621931
2025-06-19 08:20:04,REAL,67727621931,656,67727622587,67727622587
2025-06-19 08:20:06,REAL,67727622587,536,67727623123,67727623123
2025-06-19 08:20:08,REAL,67727623123,542,67727623665,67727623665
2025-06-19 08:20:10,REAL,67727623665,537,67727624202,67727624202
2025-06-19 08:20:12,REAL,67727624202,535,67727624737,67727624737
2025-06-19 08:20:14,REAL,67727624737,614,67727625351,67727625351
2025-06-19 08:20:16,REAL,67727625351,540,67727625891,67727625891
2025-06-19 08:20:18,REAL,67727625891,531,67727626422,67727626422
2025-06-19 08:20:20,REAL,67727626422,662,67727627084,67727627084
2025-06-19 08:20:22,REAL,67727627084,595,67727627679,67727627679
2025-06-19 08:20:24,REAL,67727627679,604,67727628283,67727628283
2025-06-19 08:20:26,REAL,67727628283,595,67727628878,67727628878
2025-06-19 08:20:28,REAL,67727628878,614,67727629492,67727629492
2025-06-19 08:20:30,REAL,67727629492,544,67727630036,67727630036
2025-06-19 08:20:32,REAL,67727630036,540,67727630576,67727630576
2025-06-19 08:20:34,REAL,67727630576,539,67727631115,67727631115
2025-06-19 08:20:36,REAL,67727631115,548,67727631663,67727631663
2025-06-19 08:20:38,REAL,67727631663,602,67727632265,67727632265
2025-06-19 08:20:40,REAL,67727632265,597,67727632862,67727632862
2025-06-19 08:20:42,REAL,67727632862,592,67727633454,67727633454
2025-06-19 08:20:44,REAL,67727633454,677,67727634131,67727634131
2025-06-19 08:20:46,REAL,67727634131,665,67727634796,67727634796
2025-06-19 08:20:48,REAL,67727634796,543,67727635339,67727635339
2025-06-19 08:20:50,REAL,67727635339,544,67727635883,67727635883
2025-06-19 08:20:52,REAL,67727635883,541,67727636424,67727636424
2025-06-19 08:20:54,REAL,67727636424,541,67727636965,67727636965
2025-06-19 08:20:56,REAL,67727636965,543,67727637508,67727637508
2025-06-19 08:20:58,REAL,67727637508,611,67727638119,67727638119
2025-06-19 08:21:00,REAL,67727638119,604,67727638723,67727638723
2025-06-19 08:21:02,REAL,67727638723,151674,67727790397,67727790397
2025-06-19 08:21:04,REAL,67727790397,121647,67727912044,67727912044
2025-06-19 08:21:06,REAL,67727912044,29034,67727941078,67727941078
2025-06-19 08:21:08,REAL,67727941078,29227,67727970305,67727970305
2025-06-19 08:21:10,REAL,67727970305,29096,67727999401,67727999401
2025-06-19 08:21:12,REAL,67727999401,29357,67728028758,67728028758
2025-06-19 08:21:14,REAL,67728028758,29965,67728058723,67728058723
2025-06-19 08:21:16,REAL,67728058723,27210,67728085933,67728085933
2025-06-19 08:21:18,REAL,67728085933,594,67728086527,67728086527
2025-06-19 08:21:20,REAL,67728086527,600,67728087127,67728087127
2025-06-19 08:21:22,REAL,67728087127,16892,67728104019,67728104019
2025-06-19 08:21:24,REAL,67728104019,234676,67728338695,67728338695
2025-06-19 08:21:26,REAL,67728338695,29076,67728367771,67728367771
2025-06-19 08:21:28,REAL,67728367771,29559,67728397330,67728397330
2025-06-19 08:21:30,REAL,67728397330,29436,67728426766,67728426766
2025-06-19 08:21:32,REAL,67728426766,29186,67728455952,67728455952
2025-06-19 08:21:34,REAL,67728455952,29748,67728485700,67728485700
2025-06-19 08:21:36,REAL,67728485700,29685,67728515385,67728515385
2025-06-19 08:21:38,REAL,67728515385,11813,67728527198,67728527198
2025-06-19 08:21:40,REAL,67728527198,546,67728527744,67728527744
2025-06-19 08:21:42,REAL,67728527744,544,67728528288,67728528288
2025-06-19 08:21:44,REAL,67728528288,620,67728528908,67728528908
2025-06-19 08:21:46,REAL,67728528908,538,67728529446,67728529446
2025-06-19 08:21:48,REAL,67728529446,589,67728530035,67728530035
2025-06-19 08:21:50,REAL,67728530035,536,67728530571,67728530571
2025-06-19 08:21:52,REAL,67728530571,540,67728531111,67728531111
2025-06-19 08:21:54,REAL,67728531111,37335,67728568446,67728568446
2025-06-19 08:21:56,REAL,67728568446,241184,67728809630,67728809630
2025-06-19 08:21:58,REAL,67728809630,29156,67728838786,67728838786
2025-06-19 08:22:00,REAL,67728838786,28936,67728867722,67728867722
2025-06-19 08:22:02,REAL,67728867722,32450,67728900172,67728900172
2025-06-19 08:22:04,REAL,67728900172,25914,67728926086,67728926086
2025-06-19 08:22:06,REAL,67728926086,29258,67728955344,67728955344
2025-06-19 08:22:08,REAL,67728955344,29543,67728984887,67728984887
2025-06-19 08:22:10,REAL,67728984887,9749,67728994636,67728994636
2025-06-19 08:22:12,REAL,67728994636,546,67728995182,67728995182
2025-06-19 08:22:14,REAL,67728995182,612,67728995794,67728995794
2025-06-19 08:22:16,REAL,67728995794,538,67728996332,67728996332
2025-06-19 08:22:18,REAL,67728996332,542,67728996874,67728996874
2025-06-19 08:22:20,REAL,67728996874,531,67728997405,67728997405
2025-06-19 08:22:22,REAL,67728997405,602,67728998007,67728998007
2025-06-19 08:22:24,REAL,67728998007,543,67728998550,67728998550
2025-06-19 08:22:26,REAL,67728998550,601,67728999151,67728999151
2025-06-19 08:22:28,REAL,67728999151,622,67728999773,67728999773
2025-06-19 08:22:30,REAL,67728999773,541,67729000314,67729000314
2025-06-19 08:22:32,REAL,67729000314,538,67729000852,67729000852
2025-06-19 08:22:34,REAL,67729000852,540,67729001392,67729001392
2025-06-19 08:22:36,REAL,67729001392,597,67729001989,67729001989
2025-06-19 08:22:38,REAL,67729001989,535,67729002524,67729002524
2025-06-19 08:22:40,REAL,67729002524,545,67729003069,67729003069
2025-06-19 08:22:42,REAL,67729003069,599,67729003668,67729003668
2025-06-19 08:22:44,REAL,67729003668,621,67729004289,67729004289
2025-06-19 08:22:46,REAL,67729004289,534,67729004823,67729004823
2025-06-19 08:22:48,REAL,67729004823,549,67729005372,67729005372
2025-06-19 08:22:50,REAL,67729005372,536,67729005908,67729005908
2025-06-19 08:22:52,REAL,67729005908,540,67729006448,67729006448
2025-06-19 08:22:54,REAL,67729006448,544,67729006992,67729006992
2025-06-19 08:22:56,REAL,67729006992,538,67729007530,67729007530
2025-06-19 08:22:58,REAL,67729007530,733,67729008263,67729008263
2025-06-19 08:23:00,REAL,67729008263,539,67729008802,67729008802
2025-06-19 08:23:02,REAL,67729008802,541,67729009343,67729009343
2025-06-19 08:23:04,REAL,67729009343,538,67729009881,67729009881
2025-06-19 08:23:06,REAL,67729009881,543,67729010424,67729010424
2025-06-19 08:23:08,REAL,67729010424,537,67729010961,67729010961
2025-06-19 08:23:10,REAL,67729010961,537,67729011498,67729011498
2025-06-19 08:23:12,REAL,67729011498,539,67729012037,67729012037
2025-06-19 08:23:14,REAL,67729012037,683,67729012720,67729012720
2025-06-19 08:23:16,REAL,67729012720,589,67729013309,67729013309
2025-06-19 08:23:18,REAL,67729013309,536,67729013845,67729013845
2025-06-19 08:23:20,REAL,67729013845,545,67729014390,67729014390
2025-06-19 08:23:22,REAL,67729014390,542,67729014932,67729014932
2025-06-19 08:23:24,REAL,67729014932,539,67729015471,67729015471
2025-06-19 08:23:26,REAL,67729015471,535,67729016006,67729016006
2025-06-19 08:23:28,REAL,67729016006,613,67729016619,67729016619
2025-06-19 08:23:30,REAL,67729016619,95350,67729111969,67729111969
2025-06-19 08:23:32,REAL,67729111969,180051,67729292020,67729292020
2025-06-19 08:23:34,REAL,67729292020,29213,67729321233,67729321233
2025-06-19 08:23:36,REAL,67729321233,28822,67729350055,67729350055
2025-06-19 08:23:38,REAL,67729350055,29290,67729379345,67729379345
2025-06-19 08:23:40,REAL,67729379345,29129,67729408474,67729408474
2025-06-19 08:23:42,REAL,67729408474,28920,67729437394,67729437394
2025-06-19 08:23:44,REAL,67729437394,29320,67729466714,67729466714
2025-06-19 08:23:46,REAL,67729466714,4223,67729470937,67729470937
2025-06-19 08:23:48,REAL,67729470937,541,67729471478,67729471478
2025-06-19 08:23:50,REAL,67729471478,541,67729472019,67729472019
2025-06-19 08:23:52,REAL,67729472019,540,67729472559,67729472559
2025-06-19 08:23:54,REAL,67729472559,545,67729473104,67729473104
2025-06-19 08:23:56,REAL,67729473104,535,67729473639,67729473639
2025-06-19 08:23:58,REAL,67729473639,615,67729474254,67729474254
2025-06-19 08:24:00,REAL,67729474254,548,67729474802,67729474802
2025-06-19 08:24:02,REAL,67729474802,599,67729475401,67729475401
2025-06-19 08:24:04,REAL,67729475401,599,67729476000,67729476000
2025-06-19 08:24:06,REAL,67729476000,548,67729476548,67729476548
2025-06-19 08:24:08,REAL,67729476548,533,67729477081,67729477081
2025-06-19 08:24:10,REAL,67729477081,599,67729477680,67729477680
2025-06-19 08:24:12,REAL,67729477680,542,67729478222,67729478222
2025-06-19 08:24:14,REAL,67729478222,622,67729478844,67729478844
2025-06-19 08:24:16,REAL,67729478844,543,67729479387,67729479387
2025-06-19 08:24:18,REAL,67729479387,601,67729479988,67729479988
2025-06-19 08:24:20,REAL,67729479988,532,67729480520,67729480520
2025-06-19 08:24:22,REAL,67729480520,550,67729481070,67729481070
2025-06-19 08:24:24,REAL,67729481070,547,67729481617,67729481617
2025-06-19 08:24:26,REAL,67729481617,541,67729482158,67729482158
2025-06-19 08:24:28,REAL,67729482158,615,67729482773,67729482773
2025-06-19 08:24:30,REAL,67729482773,534,67729483307,67729483307
2025-06-19 08:24:32,REAL,67729483307,540,67729483847,67729483847
2025-06-19 08:24:34,REAL,67729483847,140737,67729624584,67729624584
2025-06-19 08:24:36,REAL,67729624584,128009,67729752593,67729752593
2025-06-19 08:24:38,REAL,67729752593,29035,67729781628,67729781628
2025-06-19 08:24:40,REAL,67729781628,29073,67729810701,67729810701
2025-06-19 08:24:42,REAL,67729810701,29685,67729840386,67729840386
2025-06-19 08:24:44,REAL,67729840386,29127,67729869513,67729869513
2025-06-19 08:24:46,REAL,67729869513,29072,67729898585,67729898585
2025-06-19 08:24:48,REAL,67729898585,29500,67729928085,67729928085
2025-06-19 08:24:50,REAL,67729928085,730,67729928815,67729928815
2025-06-19 08:24:52,REAL,67729928815,602,67729929417,67729929417
2025-06-19 08:24:54,REAL,67729929417,657,67729930074,67729930074
2025-06-19 08:24:56,REAL,67729930074,536,67729930610,67729930610
2025-06-19 08:24:58,REAL,67729930610,606,67729931216,67729931216
2025-06-19 08:25:00,REAL,67729931216,538,67729931754,67729931754
2025-06-19 08:25:02,REAL,67729931754,534,67729932288,67729932288
2025-06-19 08:25:04,REAL,67729932288,607,67729932895,67729932895
2025-06-19 08:25:06,REAL,67729932895,538,67729933433,67729933433
2025-06-19 08:25:08,REAL,67729933433,537,67729933970,67729933970
2025-06-19 08:25:10,REAL,67729933970,591,67729934561,67729934561
2025-06-19 08:25:12,REAL,67729934561,537,67729935098,67729935098
2025-06-19 08:25:14,REAL,67729935098,670,67729935768,67729935768
2025-06-19 08:25:16,REAL,67729935768,534,67729936302,67729936302
2025-06-19 08:25:18,REAL,67729936302,540,67729936842,67729936842
2025-06-19 08:25:20,REAL,67729936842,532,67729937374,67729937374
2025-06-19 08:25:22,REAL,67729937374,539,67729937913,67729937913
2025-06-19 08:25:24,REAL,67729937913,542,67729938455,67729938455
2025-06-19 08:25:26,REAL,67729938455,657,67729939112,67729939112
2025-06-19 08:25:28,REAL,67729939112,684,67729939796,67729939796
2025-06-19 08:25:30,REAL,67729939796,598,67729940394,67729940394
2025-06-19 08:25:32,REAL,67729940394,538,67729940932,67729940932
2025-06-19 08:25:34,REAL,67729940932,538,67729941470,67729941470
2025-06-19 08:25:36,REAL,67729941470,540,67729942010,67729942010
2025-06-19 08:25:38,REAL,67729942010,548,67729942558,67729942558
2025-06-19 08:25:40,REAL,67729942558,542,67729943100,67729943100
2025-06-19 08:25:42,REAL,67729943100,537,67729943637,67729943637
2025-06-19 08:25:44,REAL,67729943637,674,67729944311,67729944311
2025-06-19 08:25:46,REAL,67729944311,600,67729944911,67729944911
2025-06-19 08:25:48,REAL,67729944911,546,67729945457,67729945457
2025-06-19 08:25:50,REAL,67729945457,534,67729945991,67729945991
2025-06-19 08:25:52,REAL,67729945991,539,67729946530,67729946530
2025-06-19 08:25:54,REAL,67729946530,590,67729947120,67729947120
2025-06-19 08:25:56,REAL,67729947120,544,67729947664,67729947664
2025-06-19 08:25:58,REAL,67729947664,623,67729948287,67729948287
2025-06-19 08:26:00,REAL,67729948287,536,67729948823,67729948823
2025-06-19 08:26:02,REAL,67729948823,597,67729949420,67729949420
2025-06-19 08:26:04,REAL,67729949420,593,67729950013,67729950013
2025-06-19 08:26:06,REAL,67729950013,602,67729950615,67729950615
2025-06-19 08:26:08,REAL,67729950615,667,67729951282,67729951282
2025-06-19 08:26:10,REAL,67729951282,600,67729951882,67729951882
2025-06-19 08:26:12,REAL,67729951882,606,67729952488,67729952488
2025-06-19 08:26:14,REAL,67729952488,673,67729953161,67729953161
2025-06-19 08:26:16,REAL,67729953161,602,67729953763,67729953763
2025-06-19 08:26:18,REAL,67729953763,656,67729954419,67729954419
2025-06-19 08:26:20,REAL,67729954419,597,67729955016,67729955016
2025-06-19 08:26:22,REAL,67729955016,598,67729955614,67729955614
2025-06-19 08:26:24,REAL,67729955614,609,67729956223,67729956223
2025-06-19 08:26:26,REAL,67729956223,603,67729956826,67729956826
2025-06-19 08:26:28,REAL,67729956826,598,67729957424,67729957424
2025-06-19 08:26:30,REAL,67729957424,614,67729958038,67729958038
2025-06-19 08:26:32,REAL,67729958038,543,67729958581,67729958581
2025-06-19 08:26:34,REAL,67729958581,601,67729959182,67729959182
2025-06-19 08:26:36,REAL,67729959182,597,67729959779,67729959779
2025-06-19 08:26:38,REAL,67729959779,539,67729960318,67729960318
2025-06-19 08:26:40,REAL,67729960318,542,67729960860,67729960860
2025-06-19 08:26:42,REAL,67729960860,541,67729961401,67729961401
2025-06-19 08:26:44,REAL,67729961401,668,67729962069,67729962069
2025-06-19 08:26:46,REAL,67729962069,540,67729962609,67729962609
2025-06-19 08:26:48,REAL,67729962609,540,67729963149,67729963149
2025-06-19 08:26:50,REAL,67729963149,536,67729963685,67729963685
2025-06-19 08:26:52,REAL,67729963685,536,67729964221,67729964221
2025-06-19 08:26:54,REAL,67729964221,535,67729964756,67729964756
2025-06-19 08:26:56,REAL,67729964756,532,67729965288,67729965288
2025-06-19 08:26:58,REAL,67729965288,541,67729965829,67729965829
2025-06-19 08:27:00,REAL,67729965829,665,67729966494,67729966494
2025-06-19 08:27:02,REAL,67729966494,546,67729967040,67729967040
2025-06-19 08:27:04,REAL,67729967040,538,67729967578,67729967578
2025-06-19 08:27:06,REAL,67729967578,538,67729968116,67729968116
2025-06-19 08:27:08,REAL,67729968116,543,67729968659,67729968659
2025-06-19 08:27:10,REAL,67729968659,534,67729969193,67729969193
2025-06-19 08:27:12,REAL,67729969193,548,67729969741,67729969741
2025-06-19 08:27:14,REAL,67729969741,672,67729970413,67729970413
2025-06-19 08:27:16,REAL,67729970413,603,67729971016,67729971016
2025-06-19 08:27:18,REAL,67729971016,543,67729971559,67729971559
2025-06-19 08:27:20,REAL,67729971559,537,67729972096,67729972096
2025-06-19 08:27:22,REAL,67729972096,532,67729972628,67729972628
2025-06-19 08:27:24,REAL,67729972628,539,67729973167,67729973167
2025-06-19 08:27:26,REAL,67729973167,544,67729973711,67729973711
2025-06-19 08:27:28,REAL,67729973711,606,67729974317,67729974317
2025-06-19 08:27:30,REAL,67729974317,617,67729974934,67729974934
2025-06-19 08:27:32,REAL,67729974934,599,67729975533,67729975533
2025-06-19 08:27:34,REAL,67729975533,534,67729976067,67729976067
2025-06-19 08:27:36,REAL,67729976067,547,67729976614,67729976614
2025-06-19 08:27:38,REAL,67729976614,540,67729977154,67729977154
2025-06-19 08:27:40,REAL,67729977154,550,67729977704,67729977704
2025-06-19 08:27:42,REAL,67729977704,538,67729978242,67729978242
2025-06-19 08:27:44,REAL,67729978242,608,67729978850,67729978850
2025-06-19 08:27:46,REAL,67729978850,543,67729979393,67729979393
2025-06-19 08:27:48,REAL,67729979393,656,67729980049,67729980049
2025-06-19 08:27:50,REAL,67729980049,603,67729980652,67729980652
2025-06-19 08:27:52,REAL,67729980652,597,67729981249,67729981249
2025-06-19 08:27:54,REAL,67729981249,597,67729981846,67729981846
2025-06-19 08:27:56,REAL,67729981846,548,67729982394,67729982394
2025-06-19 08:27:58,REAL,67729982394,537,67729982931,67729982931
2025-06-19 08:28:00,REAL,67729982931,620,67729983551,67729983551
2025-06-19 08:28:02,REAL,67729983551,539,67729984090,67729984090
2025-06-19 08:28:04,REAL,67729984090,547,67729984637,67729984637
2025-06-19 08:28:06,REAL,67729984637,532,67729985169,67729985169
2025-06-19 08:28:08,REAL,67729985169,595,67729985764,67729985764
2025-06-19 08:28:10,REAL,67729985764,231149,67730216913,67730216913
2025-06-19 08:28:12,REAL,67730216913,55123,67730272036,67730272036
2025-06-19 08:28:14,REAL,67730272036,29089,67730301125,67730301125
2025-06-19 08:28:16,REAL,67730301125,29125,67730330250,67730330250
2025-06-19 08:28:18,REAL,67730330250,29498,67730359748,67730359748
2025-06-19 08:28:20,REAL,67730359748,29054,67730388802,67730388802
2025-06-19 08:28:22,REAL,67730388802,29550,67730418352,67730418352
2025-06-19 08:28:24,REAL,67730418352,18971,67730437323,67730437323
2025-06-19 08:28:26,REAL,67730437323,596,67730437919,67730437919
2025-06-19 08:28:28,REAL,67730437919,605,67730438524,67730438524
2025-06-19 08:28:30,REAL,67730438524,90454,67730528978,67730528978
2025-06-19 08:28:32,REAL,67730528978,167279,67730696257,67730696257
2025-06-19 08:28:34,REAL,67730696257,29108,67730725365,67730725365
2025-06-19 08:28:36,REAL,67730725365,29605,67730754970,67730754970
2025-06-19 08:28:38,REAL,67730754970,29905,67730784875,67730784875
2025-06-19 08:28:40,REAL,67730784875,28744,67730813619,67730813619
2025-06-19 08:28:42,REAL,67730813619,29101,67730842720,67730842720
2025-06-19 08:28:44,REAL,67730842720,29457,67730872177,67730872177
2025-06-19 08:28:46,REAL,67730872177,3874,67730876051,67730876051
2025-06-19 08:28:48,REAL,67730876051,541,67730876592,67730876592
2025-06-19 08:28:50,REAL,67730876592,538,67730877130,67730877130
2025-06-19 08:28:52,REAL,67730877130,536,67730877666,67730877666
2025-06-19 08:28:54,REAL,67730877666,531,67730878197,67730878197
2025-06-19 08:28:56,REAL,67730878197,538,67730878735,67730878735
2025-06-19 08:28:58,REAL,67730878735,534,67730879269,67730879269
2025-06-19 08:29:00,REAL,67730879269,615,67730879884,67730879884
2025-06-19 08:29:02,REAL,67730879884,114187,67730994071,67730994071
2025-06-19 08:29:04,REAL,67730994071,137528,67731131599,67731131599
2025-06-19 08:29:06,REAL,67731131599,28992,67731160591,67731160591
2025-06-19 08:29:08,REAL,67731160591,29324,67731189915,67731189915
2025-06-19 08:29:10,REAL,67731189915,29735,67731219650,67731219650
2025-06-19 08:29:12,REAL,67731219650,29181,67731248831,67731248831
2025-06-19 08:29:14,REAL,67731248831,29784,67731278615,67731278615
2025-06-19 08:29:16,REAL,67731278615,28690,67731307305,67731307305
2025-06-19 08:29:18,REAL,67731307305,1955,67731309260,67731309260
2025-06-19 08:29:20,REAL,67731309260,545,67731309805,67731309805
2025-06-19 08:29:22,REAL,67731309805,537,67731310342,67731310342
2025-06-19 08:29:24,REAL,67731310342,530,67731310872,67731310872
2025-06-19 08:29:26,REAL,67731310872,546,67731311418,67731311418
2025-06-19 08:29:28,REAL,67731311418,606,67731312024,67731312024
2025-06-19 08:29:30,REAL,67731312024,614,67731312638,67731312638
2025-06-19 08:29:32,REAL,67731312638,538,67731313176,67731313176
2025-06-19 08:29:34,REAL,67731313176,127281,67731440457,67731440457
2025-06-19 08:29:36,REAL,67731440457,141853,67731582310,67731582310
2025-06-19 08:29:38,REAL,67731582310,29235,67731611545,67731611545
2025-06-19 08:29:40,REAL,67731611545,29524,67731641069,67731641069
2025-06-19 08:29:42,REAL,67731641069,29143,67731670212,67731670212
2025-06-19 08:29:44,REAL,67731670212,29231,67731699443,67731699443
2025-06-19 08:29:46,REAL,67731699443,29325,67731728768,67731728768
2025-06-19 08:29:48,REAL,67731728768,28451,67731757219,67731757219
2025-06-19 08:29:50,REAL,67731757219,595,67731757814,67731757814
2025-06-19 08:29:52,REAL,67731757814,543,67731758357,67731758357
2025-06-19 08:29:54,REAL,67731758357,542,67731758899,67731758899
2025-06-19 08:29:56,REAL,67731758899,533,67731759432,67731759432
2025-06-19 08:29:58,REAL,67731759432,530,67731759962,67731759962
2025-06-19 08:30:00,REAL,67731759962,619,67731760581,67731760581
2025-06-19 08:30:02,REAL,67731760581,599,67731761180,67731761180
2025-06-19 08:30:04,REAL,67731761180,600,67731761780,67731761780
2025-06-19 08:30:06,REAL,67731761780,597,67731762377,67731762377
2025-06-19 08:30:08,REAL,67731762377,538,67731762915,67731762915
2025-06-19 08:30:10,REAL,67731762915,541,67731763456,67731763456
2025-06-19 08:30:12,REAL,67731763456,536,67731763992,67731763992
2025-06-19 08:30:14,REAL,67731763992,536,67731764528,67731764528
2025-06-19 08:30:16,REAL,67731764528,617,67731765145,67731765145
2025-06-19 08:30:18,REAL,67731765145,534,67731765679,67731765679
2025-06-19 08:30:20,REAL,67731765679,600,67731766279,67731766279
2025-06-19 08:30:22,REAL,67731766279,546,67731766825,67731766825
2025-06-19 08:30:24,REAL,67731766825,535,67731767360,67731767360
2025-06-19 08:30:26,REAL,67731767360,603,67731767963,67731767963
2025-06-19 08:30:28,REAL,67731767963,539,67731768502,67731768502
2025-06-19 08:30:30,REAL,67731768502,608,67731769110,67731769110
2025-06-19 08:30:32,REAL,67731769110,534,67731769644,67731769644
2025-06-19 08:30:34,REAL,67731769644,540,67731770184,67731770184
2025-06-19 08:30:36,REAL,67731770184,543,67731770727,67731770727
2025-06-19 08:30:38,REAL,67731770727,168687,67731939414,67731939414
2025-06-19 08:30:40,REAL,67731939414,94892,67732034306,67732034306
2025-06-19 08:30:42,REAL,67732034306,29574,67732063880,67732063880
2025-06-19 08:30:44,REAL,67732063880,29311,67732093191,67732093191
2025-06-19 08:30:46,REAL,67732093191,29196,67732122387,67732122387
2025-06-19 08:30:48,REAL,67732122387,28714,67732151101,67732151101
2025-06-19 08:30:50,REAL,67732151101,29416,67732180517,67732180517
2025-06-19 08:30:52,REAL,67732180517,25230,67732205747,67732205747
2025-06-19 08:30:54,REAL,67732205747,542,67732206289,67732206289
2025-06-19 08:30:56,REAL,67732206289,538,67732206827,67732206827
2025-06-19 08:30:58,REAL,67732206827,536,67732207363,67732207363
2025-06-19 08:31:00,REAL,67732207363,615,67732207978,67732207978
2025-06-19 08:31:02,REAL,67732207978,538,67732208516,67732208516
2025-06-19 08:31:04,REAL,67732208516,540,67732209056,67732209056
2025-06-19 08:31:06,REAL,67732209056,540,67732209596,67732209596
2025-06-19 08:31:08,REAL,67732209596,598,67732210194,67732210194
2025-06-19 08:31:10,REAL,67732210194,181184,67732391378,67732391378
2025-06-19 08:31:12,REAL,67732391378,81951,67732473329,67732473329
2025-06-19 08:31:14,REAL,67732473329,29049,67732502378,67732502378
2025-06-19 08:31:16,REAL,67732502378,29051,67732531429,67732531429
2025-06-19 08:31:18,REAL,67732531429,29324,67732560753,67732560753
2025-06-19 08:31:20,REAL,67732560753,29514,67732590267,67732590267
2025-06-19 08:31:22,REAL,67732590267,29619,67732619886,67732619886
2025-06-19 08:31:24,REAL,67732619886,23349,67732643235,67732643235
2025-06-19 08:31:26,REAL,67732643235,547,67732643782,67732643782
2025-06-19 08:31:28,REAL,67732643782,538,67732644320,67732644320
2025-06-19 08:31:30,REAL,67732644320,615,67732644935,67732644935
2025-06-19 08:31:32,REAL,67732644935,547,67732645482,67732645482
2025-06-19 08:31:34,REAL,67732645482,537,67732646019,67732646019
2025-06-19 08:31:36,REAL,67732646019,537,67732646556,67732646556
2025-06-19 08:31:38,REAL,67732646556,533,67732647089,67732647089
2025-06-19 08:31:40,REAL,67732647089,647,67732647736,67732647736
2025-06-19 08:31:42,REAL,67732647736,654,67732648390,67732648390
2025-06-19 08:31:44,REAL,67732648390,600,67732648990,67732648990
2025-06-19 08:31:46,REAL,67732648990,669,67732649659,67732649659
2025-06-19 08:31:48,REAL,67732649659,532,67732650191,67732650191
2025-06-19 08:31:50,REAL,67732650191,543,67732650734,67732650734
2025-06-19 08:31:52,REAL,67732650734,535,67732651269,67732651269
2025-06-19 08:31:54,REAL,67732651269,547,67732651816,67732651816
2025-06-19 08:31:56,REAL,67732651816,542,67732652358,67732652358
2025-06-19 08:31:58,REAL,67732652358,540,67732652898,67732652898
2025-06-19 08:32:00,REAL,67732652898,619,67732653517,67732653517
2025-06-19 08:32:02,REAL,67732653517,606,67732654123,67732654123
2025-06-19 08:32:04,REAL,67732654123,596,67732654719,67732654719
2025-06-19 08:32:06,REAL,67732654719,538,67732655257,67732655257
2025-06-19 08:32:08,REAL,67732655257,540,67732655797,67732655797
2025-06-19 08:32:10,REAL,67732655797,542,67732656339,67732656339
2025-06-19 08:32:12,REAL,67732656339,543,67732656882,67732656882
2025-06-19 08:32:14,REAL,67732656882,540,67732657422,67732657422
2025-06-19 08:32:16,REAL,67732657422,668,67732658090,67732658090
2025-06-19 08:32:18,REAL,67732658090,602,67732658692,67732658692
2025-06-19 08:32:20,REAL,67732658692,549,67732659241,67732659241
2025-06-19 08:32:22,REAL,67732659241,536,67732659777,67732659777
2025-06-19 08:32:24,REAL,67732659777,543,67732660320,67732660320
2025-06-19 08:32:26,REAL,67732660320,542,67732660862,67732660862
2025-06-19 08:32:28,REAL,67732660862,601,67732661463,67732661463
2025-06-19 08:32:30,REAL,67732661463,615,67732662078,67732662078
2025-06-19 08:32:32,REAL,67732662078,544,67732662622,67732662622
2025-06-19 08:32:34,REAL,67732662622,655,67732663277,67732663277
2025-06-19 08:32:36,REAL,67732663277,598,67732663875,67732663875
2025-06-19 08:32:38,REAL,67732663875,599,67732664474,67732664474
2025-06-19 08:32:40,REAL,67732664474,535,67732665009,67732665009
2025-06-19 08:32:42,REAL,67732665009,543,67732665552,67732665552
2025-06-19 08:32:44,REAL,67732665552,543,67732666095,67732666095
2025-06-19 08:32:46,REAL,67732666095,613,67732666708,67732666708
2025-06-19 08:32:48,REAL,67732666708,591,67732667299,67732667299
2025-06-19 08:32:50,REAL,67732667299,538,67732667837,67732667837
2025-06-19 08:32:52,REAL,67732667837,543,67732668380,67732668380
2025-06-19 08:32:54,REAL,67732668380,649,67732669029,67732669029
2025-06-19 08:32:56,REAL,67732669029,250225,67732919254,67732919254
2025-06-19 08:32:58,REAL,67732919254,40546,67732959800,67732959800
2025-06-19 08:33:00,REAL,67732959800,29373,67732989173,67732989173
2025-06-19 08:33:02,REAL,67732989173,29044,67733018217,67733018217
2025-06-19 08:33:04,REAL,67733018217,29643,67733047860,67733047860
2025-06-19 08:33:06,REAL,67733047860,28988,67733076848,67733076848
2025-06-19 08:33:08,REAL,67733076848,29190,67733106038,67733106038
2025-06-19 08:33:10,REAL,67733106038,17629,67733123667,67733123667
2025-06-19 08:33:12,REAL,67733123667,544,67733124211,67733124211
2025-06-19 08:33:14,REAL,67733124211,546,67733124757,67733124757
2025-06-19 08:33:16,REAL,67733124757,615,67733125372,67733125372
2025-06-19 08:33:18,REAL,67733125372,598,67733125970,67733125970
2025-06-19 08:33:20,REAL,67733125970,534,67733126504,67733126504
2025-06-19 08:33:22,REAL,67733126504,546,67733127050,67733127050
2025-06-19 08:33:24,REAL,67733127050,544,67733127594,67733127594
2025-06-19 08:33:26,REAL,67733127594,595,67733128189,67733128189
2025-06-19 08:33:28,REAL,67733128189,595,67733128784,67733128784
2025-06-19 08:33:30,REAL,67733128784,546,67733129330,67733129330
2025-06-19 08:33:32,REAL,67733129330,620,67733129950,67733129950
2025-06-19 08:33:34,REAL,67733129950,541,67733130491,67733130491
2025-06-19 08:33:36,REAL,67733130491,547,67733131038,67733131038
2025-06-19 08:33:38,REAL,67733131038,540,67733131578,67733131578
2025-06-19 08:33:40,REAL,67733131578,549,67733132127,67733132127
2025-06-19 08:33:42,REAL,67733132127,661,67733132788,67733132788
2025-06-19 08:33:44,REAL,67733132788,541,67733133329,67733133329
2025-06-19 08:33:46,REAL,67733133329,611,67733133940,67733133940
2025-06-19 08:33:48,REAL,67733133940,540,67733134480,67733134480
2025-06-19 08:33:50,REAL,67733134480,533,67733135013,67733135013
2025-06-19 08:33:52,REAL,67733135013,534,67733135547,67733135547
2025-06-19 08:33:54,REAL,67733135547,544,67733136091,67733136091
2025-06-19 08:33:56,REAL,67733136091,543,67733136634,67733136634
2025-06-19 08:33:58,REAL,67733136634,600,67733137234,67733137234
2025-06-19 08:34:00,REAL,67733137234,597,67733137831,67733137831
2025-06-19 08:34:02,REAL,67733137831,619,67733138450,67733138450
2025-06-19 08:34:04,REAL,67733138450,541,67733138991,67733138991
2025-06-19 08:34:06,REAL,67733138991,547,67733139538,67733139538
2025-06-19 08:34:08,REAL,67733139538,599,67733140137,67733140137
2025-06-19 08:34:10,REAL,67733140137,543,67733140680,67733140680
2025-06-19 08:34:12,REAL,67733140680,538,67733141218,67733141218
2025-06-19 08:34:14,REAL,67733141218,5431,67733146649,67733146649
2025-06-19 08:34:16,REAL,67733146649,228288,67733374937,67733374937
2025-06-19 08:34:18,REAL,67733374937,29208,67733404145,67733404145
2025-06-19 08:34:20,REAL,67733404145,28553,67733432698,67733432698
2025-06-19 08:34:22,REAL,67733432698,29556,67733462254,67733462254
2025-06-19 08:34:24,REAL,67733462254,29098,67733491352,67733491352
2025-06-19 08:34:26,REAL,67733491352,29018,67733520370,67733520370
2025-06-19 08:34:28,REAL,67733520370,29077,67733549447,67733549447
2025-06-19 08:34:30,REAL,67733549447,13283,67733562730,67733562730
2025-06-19 08:34:32,REAL,67733562730,671,67733563401,67733563401
2025-06-19 08:34:34,REAL,67733563401,537,67733563938,67733563938
2025-06-19 08:34:36,REAL,67733563938,542,67733564480,67733564480
2025-06-19 08:34:38,REAL,67733564480,543,67733565023,67733565023
2025-06-19 08:34:40,REAL,67733565023,542,67733565565,67733565565
2025-06-19 08:34:42,REAL,67733565565,597,67733566162,67733566162
2025-06-19 08:34:44,REAL,67733566162,542,67733566704,67733566704
2025-06-19 08:34:46,REAL,67733566704,677,67733567381,67733567381
2025-06-19 08:34:48,REAL,67733567381,546,67733567927,67733567927
2025-06-19 08:34:50,REAL,67733567927,533,67733568460,67733568460
2025-06-19 08:34:52,REAL,67733568460,539,67733568999,67733568999
2025-06-19 08:34:54,REAL,67733568999,549,67733569548,67733569548
2025-06-19 08:34:56,REAL,67733569548,539,67733570087,67733570087
2025-06-19 08:34:58,REAL,67733570087,592,67733570679,67733570679
2025-06-19 08:35:00,REAL,67733570679,541,67733571220,67733571220
2025-06-19 08:35:02,REAL,67733571220,673,67733571893,67733571893
2025-06-19 08:35:04,REAL,67733571893,539,67733572432,67733572432
2025-06-19 08:35:06,REAL,67733572432,533,67733572965,67733572965
2025-06-19 08:35:08,REAL,67733572965,540,67733573505,67733573505
2025-06-19 08:35:10,REAL,67733573505,543,67733574048,67733574048
2025-06-19 08:35:12,REAL,67733574048,600,67733574648,67733574648
2025-06-19 08:35:14,REAL,67733574648,543,67733575191,67733575191
2025-06-19 08:35:16,REAL,67733575191,538,67733575729,67733575729
2025-06-19 08:35:18,REAL,67733575729,671,67733576400,67733576400
2025-06-19 08:35:20,REAL,67733576400,540,67733576940,67733576940
2025-06-19 08:35:22,REAL,67733576940,541,67733577481,67733577481
2025-06-19 08:35:24,REAL,67733577481,603,67733578084,67733578084
2025-06-19 08:35:26,REAL,67733578084,539,67733578623,67733578623
2025-06-19 08:35:28,REAL,67733578623,532,67733579155,67733579155
2025-06-19 08:35:30,REAL,67733579155,539,67733579694,67733579694
2025-06-19 08:35:32,REAL,67733579694,609,67733580303,67733580303
2025-06-19 08:35:34,REAL,67733580303,598,67733580901,67733580901
2025-06-19 08:35:36,REAL,67733580901,543,67733581444,67733581444
2025-06-19 08:35:38,REAL,67733581444,534,67733581978,67733581978
2025-06-19 08:35:40,REAL,67733581978,596,67733582574,67733582574
2025-06-19 08:35:42,REAL,67733582574,550,67733583124,67733583124
2025-06-19 08:35:44,REAL,67733583124,536,67733583660,67733583660
2025-06-19 08:35:46,REAL,67733583660,538,67733584198,67733584198
2025-06-19 08:35:48,REAL,67733584198,619,67733584817,67733584817
2025-06-19 08:35:50,REAL,67733584817,718,67733585535,67733585535
2025-06-19 08:35:52,REAL,67733585535,606,67733586141,67733586141
2025-06-19 08:35:54,REAL,67733586141,596,67733586737,67733586737
2025-06-19 08:35:56,REAL,67733586737,536,67733587273,67733587273
2025-06-19 08:35:58,REAL,67733587273,544,67733587817,67733587817
2025-06-19 08:36:00,REAL,67733587817,534,67733588351,67733588351
2025-06-19 08:36:02,REAL,67733588351,607,67733588958,67733588958
2025-06-19 08:36:04,REAL,67733588958,547,67733589505,67733589505
2025-06-19 08:36:06,REAL,67733589505,540,67733590045,67733590045
2025-06-19 08:36:08,REAL,67733590045,597,67733590642,67733590642
2025-06-19 08:36:10,REAL,67733590642,598,67733591240,67733591240
2025-06-19 08:36:12,REAL,67733591240,547,67733591787,67733591787
2025-06-19 08:36:14,REAL,67733591787,542,67733592329,67733592329
2025-06-19 08:36:16,REAL,67733592329,597,67733592926,67733592926
2025-06-19 08:36:18,REAL,67733592926,619,67733593545,67733593545
2025-06-19 08:36:20,REAL,67733593545,538,67733594083,67733594083
2025-06-19 08:36:22,REAL,67733594083,541,67733594624,67733594624
2025-06-19 08:36:24,REAL,67733594624,532,67733595156,67733595156
2025-06-19 08:36:26,REAL,67733595156,597,67733595753,67733595753
2025-06-19 08:36:28,REAL,67733595753,202073,67733797826,67733797826
2025-06-19 08:36:30,REAL,67733797826,56709,67733854535,67733854535
2025-06-19 08:36:32,REAL,67733854535,29289,67733883824,67733883824
2025-06-19 08:36:34,REAL,67733883824,29068,67733912892,67733912892
2025-06-19 08:36:36,REAL,67733912892,29313,67733942205,67733942205
2025-06-19 08:36:38,REAL,67733942205,29410,67733971615,67733971615
2025-06-19 08:36:40,REAL,67733971615,28865,67734000480,67734000480
2025-06-19 08:36:42,REAL,67734000480,20058,67734020538,67734020538
2025-06-19 08:36:44,REAL,67734020538,541,67734021079,67734021079
2025-06-19 08:36:46,REAL,67734021079,538,67734021617,67734021617
2025-06-19 08:36:48,REAL,67734021617,614,67734022231,67734022231
2025-06-19 08:36:50,REAL,67734022231,536,67734022767,67734022767
2025-06-19 08:36:52,REAL,67734022767,533,67734023300,67734023300
2025-06-19 08:36:54,REAL,67734023300,535,67734023835,67734023835
2025-06-19 08:36:56,REAL,67734023835,593,67734024428,67734024428
2025-06-19 08:36:58,REAL,67734024428,600,67734025028,67734025028
2025-06-19 08:37:00,REAL,67734025028,605,67734025633,67734025633
2025-06-19 08:37:02,REAL,67734025633,675,67734026308,67734026308
2025-06-19 08:37:04,REAL,67734026308,663,67734026971,67734026971
2025-06-19 08:37:06,REAL,67734026971,595,67734027566,67734027566
2025-06-19 08:37:08,REAL,67734027566,650,67734028216,67734028216
2025-06-19 08:37:10,REAL,67734028216,596,67734028812,67734028812
2025-06-19 08:37:12,REAL,67734028812,600,67734029412,67734029412
2025-06-19 08:37:14,REAL,67734029412,597,67734030009,67734030009
2025-06-19 08:37:16,REAL,67734030009,535,67734030544,67734030544
2025-06-19 08:37:18,REAL,67734030544,613,67734031157,67734031157
2025-06-19 08:37:20,REAL,67734031157,540,67734031697,67734031697
2025-06-19 08:37:22,REAL,67734031697,536,67734032233,67734032233
2025-06-19 08:37:24,REAL,67734032233,593,67734032826,67734032826
2025-06-19 08:37:26,REAL,67734032826,539,67734033365,67734033365
2025-06-19 08:37:28,REAL,67734033365,547,67734033912,67734033912
2025-06-19 08:37:30,REAL,67734033912,659,67734034571,67734034571
2025-06-19 08:37:32,REAL,67734034571,599,67734035170,67734035170
2025-06-19 08:37:34,REAL,67734035170,738,67734035908,67734035908
2025-06-19 08:37:36,REAL,67734035908,603,67734036511,67734036511
2025-06-19 08:37:38,REAL,67734036511,600,67734037111,67734037111
2025-06-19 08:37:40,REAL,67734037111,102526,67734139637,67734139637
2025-06-19 08:37:42,REAL,67734139637,161421,67734301058,67734301058
2025-06-19 08:37:44,REAL,67734301058,29231,67734330289,67734330289
2025-06-19 08:37:46,REAL,67734330289,29131,67734359420,67734359420
2025-06-19 08:37:48,REAL,67734359420,28923,67734388343,67734388343
2025-06-19 08:37:50,REAL,67734388343,29100,67734417443,67734417443
2025-06-19 08:37:52,REAL,67734417443,28783,67734446226,67734446226
2025-06-19 08:37:54,REAL,67734446226,29020,67734475246,67734475246
2025-06-19 08:37:56,REAL,67734475246,3187,67734478433,67734478433
2025-06-19 08:37:58,REAL,67734478433,596,67734479029,67734479029
2025-06-19 08:38:00,REAL,67734479029,545,67734479574,67734479574
2025-06-19 08:38:02,REAL,67734479574,543,67734480117,67734480117
2025-06-19 08:38:04,REAL,67734480117,608,67734480725,67734480725
2025-06-19 08:38:06,REAL,67734480725,538,67734481263,67734481263
2025-06-19 08:38:08,REAL,67734481263,596,67734481859,67734481859
2025-06-19 08:38:10,REAL,67734481859,537,67734482396,67734482396
2025-06-19 08:38:12,REAL,67734482396,126079,67734608475,67734608475
2025-06-19 08:38:14,REAL,67734608475,133789,67734742264,67734742264
2025-06-19 08:38:16,REAL,67734742264,29515,67734771779,67734771779
2025-06-19 08:38:18,REAL,67734771779,28791,67734800570,67734800570
2025-06-19 08:38:20,REAL,67734800570,28912,67734829482,67734829482
2025-06-19 08:38:22,REAL,67734829482,29533,67734859015,67734859015
2025-06-19 08:38:24,REAL,67734859015,29219,67734888234,67734888234
2025-06-19 08:38:26,REAL,67734888234,29188,67734917422,67734917422
2025-06-19 08:38:28,REAL,67734917422,1430,67734918852,67734918852
2025-06-19 08:38:30,REAL,67734918852,546,67734919398,67734919398
2025-06-19 08:38:32,REAL,67734919398,536,67734919934,67734919934
2025-06-19 08:38:34,REAL,67734919934,622,67734920556,67734920556
2025-06-19 08:38:36,REAL,67734920556,543,67734921099,67734921099
2025-06-19 08:38:38,REAL,67734921099,546,67734921645,67734921645
2025-06-19 08:38:40,REAL,67734921645,599,67734922244,67734922244
2025-06-19 08:38:42,REAL,67734922244,543,67734922787,67734922787
2025-06-19 08:38:44,REAL,67734922787,665,67734923452,67734923452
2025-06-19 08:38:46,REAL,67734923452,603,67734924055,67734924055
2025-06-19 08:38:48,REAL,67734924055,675,67734924730,67734924730
2025-06-19 08:38:50,REAL,67734924730,602,67734925332,67734925332
2025-06-19 08:38:52,REAL,67734925332,535,67734925867,67734925867
2025-06-19 08:38:54,REAL,67734925867,542,67734926409,67734926409
2025-06-19 08:38:56,REAL,67734926409,535,67734926944,67734926944
2025-06-19 08:38:58,REAL,67734926944,540,67734927484,67734927484
2025-06-19 08:39:00,REAL,67734927484,538,67734928022,67734928022
2025-06-19 08:39:02,REAL,67734928022,546,67734928568,67734928568
2025-06-19 08:39:04,REAL,67734928568,7209,67734935777,67734935777
2025-06-19 08:39:06,REAL,67734935777,237827,67735173604,67735173604
2025-06-19 08:39:08,REAL,67735173604,28972,67735202576,67735202576
2025-06-19 08:39:10,REAL,67735202576,32296,67735234872,67735234872
2025-06-19 08:39:12,REAL,67735234872,25879,67735260751,67735260751
2025-06-19 08:39:14,REAL,67735260751,29398,67735290149,67735290149
2025-06-19 08:39:16,REAL,67735290149,28735,67735318884,67735318884
2025-06-19 08:39:18,REAL,67735318884,29430,67735348314,67735348314
2025-06-19 08:39:20,REAL,67735348314,13123,67735361437,67735361437
2025-06-19 08:39:22,REAL,67735361437,538,67735361975,67735361975
2025-06-19 08:39:24,REAL,67735361975,542,67735362517,67735362517
2025-06-19 08:39:26,REAL,67735362517,536,67735363053,67735363053
2025-06-19 08:39:28,REAL,67735363053,540,67735363593,67735363593
2025-06-19 08:39:30,REAL,67735363593,537,67735364130,67735364130
2025-06-19 08:39:32,REAL,67735364130,537,67735364667,67735364667
2025-06-19 08:39:34,REAL,67735364667,624,67735365291,67735365291
2025-06-19 08:39:36,REAL,67735365291,656,67735365947,67735365947
2025-06-19 08:39:38,REAL,67735365947,598,67735366545,67735366545
2025-06-19 08:39:40,REAL,67735366545,594,67735367139,67735367139
2025-06-19 08:39:42,REAL,67735367139,601,67735367740,67735367740
2025-06-19 08:39:44,REAL,67735367740,600,67735368340,67735368340
2025-06-19 08:39:46,REAL,67735368340,31760,67735400100,67735400100
2025-06-19 08:39:48,REAL,67735400100,240264,67735640364,67735640364
2025-06-19 08:39:50,REAL,67735640364,29189,67735669553,67735669553
2025-06-19 08:39:52,REAL,67735669553,29104,67735698657,67735698657
2025-06-19 08:39:54,REAL,67735698657,28900,67735727557,67735727557
2025-06-19 08:39:56,REAL,67735727557,29213,67735756770,67735756770
2025-06-19 08:39:58,REAL,67735756770,28903,67735785673,67735785673
2025-06-19 08:40:00,REAL,67735785673,29421,67735815094,67735815094
2025-06-19 08:40:02,REAL,67735815094,11269,67735826363,67735826363
2025-06-19 08:40:04,REAL,67735826363,673,67735827036,67735827036
2025-06-19 08:40:06,REAL,67735827036,599,67735827635,67735827635
2025-06-19 08:40:08,REAL,67735827635,533,67735828168,67735828168
2025-06-19 08:40:10,REAL,67735828168,540,67735828708,67735828708
2025-06-19 08:40:12,REAL,67735828708,538,67735829246,67735829246
2025-06-19 08:40:14,REAL,67735829246,536,67735829782,67735829782
2025-06-19 08:40:16,REAL,67735829782,543,67735830325,67735830325
2025-06-19 08:40:18,REAL,67735830325,616,67735830941,67735830941
2025-06-19 08:40:20,REAL,67735830941,590,67735831531,67735831531
2025-06-19 08:40:22,REAL,67735831531,593,67735832124,67735832124
2025-06-19 08:40:24,REAL,67735832124,603,67735832727,67735832727
2025-06-19 08:40:26,REAL,67735832727,601,67735833328,67735833328
2025-06-19 08:40:28,REAL,67735833328,597,67735833925,67735833925
2025-06-19 08:40:30,REAL,67735833925,537,67735834462,67735834462
2025-06-19 08:40:32,REAL,67735834462,598,67735835060,67735835060
2025-06-19 08:40:34,REAL,67735835060,683,67735835743,67735835743
2025-06-19 08:40:36,REAL,67735835743,543,67735836286,67735836286
2025-06-19 08:40:38,REAL,67735836286,534,67735836820,67735836820
2025-06-19 08:40:40,REAL,67735836820,548,67735837368,67735837368
2025-06-19 08:40:42,REAL,67735837368,535,67735837903,67735837903
2025-06-19 08:40:44,REAL,67735837903,598,67735838501,67735838501
2025-06-19 08:40:46,REAL,67735838501,543,67735839044,67735839044
2025-06-19 08:40:48,REAL,67735839044,548,67735839592,67735839592
2025-06-19 08:40:50,REAL,67735839592,671,67735840263,67735840263
2025-06-19 08:40:52,REAL,67735840263,537,67735840800,67735840800
2025-06-19 08:40:54,REAL,67735840800,545,67735841345,67735841345
2025-06-19 08:40:56,REAL,67735841345,535,67735841880,67735841880
2025-06-19 08:40:58,REAL,67735841880,542,67735842422,67735842422
2025-06-19 08:41:00,REAL,67735842422,596,67735843018,67735843018
2025-06-19 08:41:02,REAL,67735843018,533,67735843551,67735843551
2025-06-19 08:41:04,REAL,67735843551,615,67735844166,67735844166
2025-06-19 08:41:06,REAL,67735844166,539,67735844705,67735844705
2025-06-19 08:41:08,REAL,67735844705,538,67735845243,67735845243
2025-06-19 08:41:10,REAL,67735845243,536,67735845779,67735845779
2025-06-19 08:41:12,REAL,67735845779,541,67735846320,67735846320
2025-06-19 08:41:14,REAL,67735846320,545,67735846865,67735846865
2025-06-19 08:41:16,REAL,67735846865,661,67735847526,67735847526
2025-06-19 08:41:18,REAL,67735847526,658,67735848184,67735848184
2025-06-19 08:41:20,REAL,67735848184,679,67735848863,67735848863
2025-06-19 08:41:22,REAL,67735848863,600,67735849463,67735849463
2025-06-19 08:41:24,REAL,67735849463,536,67735849999,67735849999
2025-06-19 08:41:26,REAL,67735849999,544,67735850543,67735850543
2025-06-19 08:41:28,REAL,67735850543,536,67735851079,67735851079
2025-06-19 08:41:30,REAL,67735851079,538,67735851617,67735851617
2025-06-19 08:41:32,REAL,67735851617,540,67735852157,67735852157
2025-06-19 08:41:34,REAL,67735852157,621,67735852778,67735852778
2025-06-19 08:41:36,REAL,67735852778,599,67735853377,67735853377
2025-06-19 08:41:38,REAL,67735853377,541,67735853918,67735853918
2025-06-19 08:41:40,REAL,67735853918,539,67735854457,67735854457
2025-06-19 08:41:42,REAL,67735854457,541,67735854998,67735854998
2025-06-19 08:41:44,REAL,67735854998,540,67735855538,67735855538
2025-06-19 08:41:46,REAL,67735855538,533,67735856071,67735856071
2025-06-19 08:41:48,REAL,67735856071,535,67735856606,67735856606
2025-06-19 08:41:50,REAL,67735856606,615,67735857221,67735857221
2025-06-19 08:41:52,REAL,67735857221,602,67735857823,67735857823
2025-06-19 08:41:54,REAL,67735857823,649,67735858472,67735858472
2025-06-19 08:41:56,REAL,67735858472,602,67735859074,67735859074
2025-06-19 08:41:58,REAL,67735859074,596,67735859670,67735859670
2025-06-19 08:42:00,REAL,67735859670,540,67735860210,67735860210
2025-06-19 08:42:02,REAL,67735860210,598,67735860808,67735860808
2025-06-19 08:42:04,REAL,67735860808,619,67735861427,67735861427
2025-06-19 08:42:06,REAL,67735861427,542,67735861969,67735861969
2025-06-19 08:42:08,REAL,67735861969,533,67735862502,67735862502
2025-06-19 08:42:10,REAL,67735862502,538,67735863040,67735863040
2025-06-19 08:42:12,REAL,67735863040,547,67735863587,67735863587
2025-06-19 08:42:14,REAL,67735863587,91470,67735955057,67735955057
2025-06-19 08:42:16,REAL,67735955057,149911,67736104968,67736104968
2025-06-19 08:42:18,REAL,67736104968,28578,67736133546,67736133546
2025-06-19 08:42:20,REAL,67736133546,29128,67736162674,67736162674
2025-06-19 08:42:22,REAL,67736162674,29118,67736191792,67736191792
2025-06-19 08:42:24,REAL,67736191792,29622,67736221414,67736221414
2025-06-19 08:42:26,REAL,67736221414,29394,67736250808,67736250808
2025-06-19 08:42:28,REAL,67736250808,29355,67736280163,67736280163
2025-06-19 08:42:30,REAL,67736280163,4148,67736284311,67736284311
2025-06-19 08:42:32,REAL,67736284311,606,67736284917,67736284917
2025-06-19 08:42:34,REAL,67736284917,677,67736285594,67736285594
2025-06-19 08:42:36,REAL,67736285594,538,67736286132,67736286132
2025-06-19 08:42:38,REAL,67736286132,535,67736286667,67736286667
2025-06-19 08:42:40,REAL,67736286667,541,67736287208,67736287208
2025-06-19 08:42:42,REAL,67736287208,544,67736287752,67736287752
2025-06-19 08:42:44,REAL,67736287752,542,67736288294,67736288294
2025-06-19 08:42:46,REAL,67736288294,546,67736288840,67736288840
2025-06-19 08:42:48,REAL,67736288840,541,67736289381,67736289381
2025-06-19 08:42:50,REAL,67736289381,682,67736290063,67736290063
2025-06-19 08:42:52,REAL,67736290063,536,67736290599,67736290599
2025-06-19 08:42:54,REAL,67736290599,550,67736291149,67736291149
2025-06-19 08:42:56,REAL,67736291149,539,67736291688,67736291688
2025-06-19 08:42:58,REAL,67736291688,658,67736292346,67736292346
2025-06-19 08:43:00,REAL,67736292346,542,67736292888,67736292888
2025-06-19 08:43:02,REAL,67736292888,546,67736293434,67736293434
2025-06-19 08:43:04,REAL,67736293434,608,67736294042,67736294042
2025-06-19 08:43:06,REAL,67736294042,604,67736294646,67736294646
2025-06-19 08:43:08,REAL,67736294646,539,67736295185,67736295185
2025-06-19 08:43:10,REAL,67736295185,540,67736295725,67736295725
2025-06-19 08:43:12,REAL,67736295725,544,67736296269,67736296269
2025-06-19 08:43:14,REAL,67736296269,536,67736296805,67736296805
2025-06-19 08:43:16,REAL,67736296805,545,67736297350,67736297350
2025-06-19 08:43:18,REAL,67736297350,541,67736297891,67736297891
2025-06-19 08:43:20,REAL,67736297891,618,67736298509,67736298509
2025-06-19 08:43:22,REAL,67736298509,606,67736299115,67736299115
2025-06-19 08:43:24,REAL,67736299115,544,67736299659,67736299659
2025-06-19 08:43:26,REAL,67736299659,544,67736300203,67736300203
2025-06-19 08:43:28,REAL,67736300203,544,67736300747,67736300747
2025-06-19 08:43:30,REAL,67736300747,597,67736301344,67736301344
2025-06-19 08:43:32,REAL,67736301344,546,67736301890,67736301890
2025-06-19 08:43:34,REAL,67736301890,542,67736302432,67736302432
2025-06-19 08:43:36,REAL,67736302432,614,67736303046,67736303046
2025-06-19 08:43:38,REAL,67736303046,601,67736303647,67736303647
2025-06-19 08:43:40,REAL,67736303647,543,67736304190,67736304190
2025-06-19 08:43:42,REAL,67736304190,543,67736304733,67736304733
2025-06-19 08:43:44,REAL,67736304733,544,67736305277,67736305277
2025-06-19 08:43:46,REAL,67736305277,596,67736305873,67736305873
2025-06-19 08:43:48,REAL,67736305873,547,67736306420,67736306420
2025-06-19 08:43:50,REAL,67736306420,612,67736307032,67736307032
2025-06-19 08:43:52,REAL,67736307032,534,67736307566,67736307566
2025-06-19 08:43:54,REAL,67736307566,602,67736308168,67736308168
2025-06-19 08:43:56,REAL,67736308168,540,67736308708,67736308708
2025-06-19 08:43:58,REAL,67736308708,546,67736309254,67736309254
2025-06-19 08:44:00,REAL,67736309254,600,67736309854,67736309854
2025-06-19 08:44:02,REAL,67736309854,542,67736310396,67736310396
2025-06-19 08:44:04,REAL,67736310396,542,67736310938,67736310938
2025-06-19 08:44:06,REAL,67736310938,612,67736311550,67736311550
2025-06-19 08:44:08,REAL,67736311550,542,67736312092,67736312092
2025-06-19 08:44:10,REAL,67736312092,599,67736312691,67736312691
2025-06-19 08:44:12,REAL,67736312691,535,67736313226,67736313226
2025-06-19 08:44:14,REAL,67736313226,545,67736313771,67736313771
2025-06-19 08:44:16,REAL,67736313771,593,67736314364,67736314364
2025-06-19 08:44:18,REAL,67736314364,545,67736314909,67736314909
2025-06-19 08:44:20,REAL,67736314909,614,67736315523,67736315523
2025-06-19 08:44:22,REAL,67736315523,548,67736316071,67736316071
2025-06-19 08:44:24,REAL,67736316071,547,67736316618,67736316618
2025-06-19 08:44:26,REAL,67736316618,603,67736317221,67736317221
2025-06-19 08:44:28,REAL,67736317221,535,67736317756,67736317756
2025-06-19 08:44:30,REAL,67736317756,537,67736318293,67736318293
2025-06-19 08:44:32,REAL,67736318293,602,67736318895,67736318895
2025-06-19 08:44:34,REAL,67736318895,543,67736319438,67736319438
2025-06-19 08:44:36,REAL,67736319438,613,67736320051,67736320051
2025-06-19 08:44:38,REAL,67736320051,543,67736320594,67736320594
2025-06-19 08:44:40,REAL,67736320594,534,67736321128,67736321128
2025-06-19 08:44:42,REAL,67736321128,597,67736321725,67736321725
2025-06-19 08:44:44,REAL,67736321725,546,67736322271,67736322271
2025-06-19 08:44:46,REAL,67736322271,589,67736322860,67736322860
2025-06-19 08:44:48,REAL,67736322860,539,67736323399,67736323399
2025-06-19 08:44:50,REAL,67736323399,614,67736324013,67736324013
2025-06-19 08:44:52,REAL,67736324013,547,67736324560,67736324560
2025-06-19 08:44:54,REAL,67736324560,596,67736325156,67736325156
2025-06-19 08:44:56,REAL,67736325156,536,67736325692,67736325692
2025-06-19 08:44:58,REAL,67736325692,606,67736326298,67736326298
2025-06-19 08:45:00,REAL,67736326298,541,67736326839,67736326839
2025-06-19 08:45:02,REAL,67736326839,534,67736327373,67736327373
2025-06-19 08:45:04,REAL,67736327373,533,67736327906,67736327906
2025-06-19 08:45:06,REAL,67736327906,618,67736328524,67736328524
2025-06-19 08:45:08,REAL,67736328524,543,67736329067,67736329067
2025-06-19 08:45:10,REAL,67736329067,548,67736329615,67736329615
2025-06-19 08:45:12,REAL,67736329615,540,67736330155,67736330155
2025-06-19 08:45:14,REAL,67736330155,658,67736330813,67736330813
2025-06-19 08:45:16,REAL,67736330813,593,67736331406,67736331406
2025-06-19 08:45:18,REAL,67736331406,539,67736331945,67736331945
2025-06-19 08:45:20,REAL,67736331945,621,67736332566,67736332566
2025-06-19 08:45:22,REAL,67736332566,544,67736333110,67736333110
2025-06-19 08:45:24,REAL,67736333110,536,67736333646,67736333646
2025-06-19 08:45:26,REAL,67736333646,543,67736334189,67736334189
2025-06-19 08:45:28,REAL,67736334189,541,67736334730,67736334730
2025-06-19 08:45:30,REAL,67736334730,600,67736335330,67736335330
2025-06-19 08:45:32,REAL,67736335330,539,67736335869,67736335869
2025-06-19 08:45:34,REAL,67736335869,542,67736336411,67736336411
2025-06-19 08:45:36,REAL,67736336411,614,67736337025,67736337025
2025-06-19 08:45:38,REAL,67736337025,597,67736337622,67736337622
2025-06-19 08:45:40,REAL,67736337622,543,67736338165,67736338165
2025-06-19 08:45:42,REAL,67736338165,531,67736338696,67736338696
2025-06-19 08:45:44,REAL,67736338696,600,67736339296,67736339296
2025-06-19 08:45:46,REAL,67736339296,60417,67736399713,67736399713
2025-06-19 08:45:48,REAL,67736399713,179419,67736579132,67736579132
2025-06-19 08:45:50,REAL,67736579132,29396,67736608528,67736608528
2025-06-19 08:45:52,REAL,67736608528,29164,67736637692,67736637692
2025-06-19 08:45:54,REAL,67736637692,29438,67736667130,67736667130
2025-06-19 08:45:56,REAL,67736667130,29244,67736696374,67736696374
2025-06-19 08:45:58,REAL,67736696374,29774,67736726148,67736726148
2025-06-19 08:46:00,REAL,67736726148,29030,67736755178,67736755178
2025-06-19 08:46:02,REAL,67736755178,6229,67736761407,67736761407
2025-06-19 08:46:04,REAL,67736761407,536,67736761943,67736761943
2025-06-19 08:46:06,REAL,67736761943,621,67736762564,67736762564
2025-06-19 08:46:08,REAL,67736762564,538,67736763102,67736763102
2025-06-19 08:46:10,REAL,67736763102,546,67736763648,67736763648
2025-06-19 08:46:12,REAL,67736763648,540,67736764188,67736764188
2025-06-19 08:46:14,REAL,67736764188,588,67736764776,67736764776
2025-06-19 08:46:16,REAL,67736764776,534,67736765310,67736765310
2025-06-19 08:46:18,REAL,67736765310,602,67736765912,67736765912
2025-06-19 08:46:20,REAL,67736765912,608,67736766520,67736766520
2025-06-19 08:46:22,REAL,67736766520,542,67736767062,67736767062
2025-06-19 08:46:24,REAL,67736767062,593,67736767655,67736767655
2025-06-19 08:46:26,REAL,67736767655,532,67736768187,67736768187
2025-06-19 08:46:28,REAL,67736768187,535,67736768722,67736768722
2025-06-19 08:46:30,REAL,67736768722,546,67736769268,67736769268
2025-06-19 08:46:32,REAL,67736769268,535,67736769803,67736769803
2025-06-19 08:46:34,REAL,67736769803,606,67736770409,67736770409
2025-06-19 08:46:36,REAL,67736770409,611,67736771020,67736771020
2025-06-19 08:46:38,REAL,67736771020,545,67736771565,67736771565
2025-06-19 08:46:40,REAL,67736771565,541,67736772106,67736772106
2025-06-19 08:46:42,REAL,67736772106,544,67736772650,67736772650
2025-06-19 08:46:44,REAL,67736772650,590,67736773240,67736773240
2025-06-19 08:46:46,REAL,67736773240,538,67736773778,67736773778
2025-06-19 08:46:48,REAL,67736773778,597,67736774375,67736774375
2025-06-19 08:46:50,REAL,67736774375,675,67736775050,67736775050
2025-06-19 08:46:52,REAL,67736775050,543,67736775593,67736775593
2025-06-19 08:46:54,REAL,67736775593,545,67736776138,67736776138
2025-06-19 08:46:56,REAL,67736776138,539,67736776677,67736776677
2025-06-19 08:46:58,REAL,67736776677,541,67736777218,67736777218
2025-06-19 08:47:00,REAL,67736777218,535,67736777753,67736777753
2025-06-19 08:47:02,REAL,67736777753,534,67736778287,67736778287
2025-06-19 08:47:04,REAL,67736778287,540,67736778827,67736778827
2025-06-19 08:47:06,REAL,67736778827,670,67736779497,67736779497
2025-06-19 08:47:08,REAL,67736779497,537,67736780034,67736780034
2025-06-19 08:47:10,REAL,67736780034,589,67736780623,67736780623
2025-06-19 08:47:12,REAL,67736780623,542,67736781165,67736781165
2025-06-19 08:47:14,REAL,67736781165,597,67736781762,67736781762
2025-06-19 08:47:16,REAL,67736781762,540,67736782302,67736782302
2025-06-19 08:47:18,REAL,67736782302,545,67736782847,67736782847
2025-06-19 08:47:20,REAL,67736782847,614,67736783461,67736783461
2025-06-19 08:47:22,REAL,67736783461,599,67736784060,67736784060
2025-06-19 08:47:24,REAL,67736784060,532,67736784592,67736784592
2025-06-19 08:47:26,REAL,67736784592,535,67736785127,67736785127
2025-06-19 08:47:28,REAL,67736785127,530,67736785657,67736785657
2025-06-19 08:47:30,REAL,67736785657,542,67736786199,67736786199
2025-06-19 08:47:32,REAL,67736786199,595,67736786794,67736786794
2025-06-19 08:47:34,REAL,67736786794,543,67736787337,67736787337
2025-06-19 08:47:36,REAL,67736787337,613,67736787950,67736787950
2025-06-19 08:47:38,REAL,67736787950,603,67736788553,67736788553
2025-06-19 08:47:40,REAL,67736788553,538,67736789091,67736789091
2025-06-19 08:47:42,REAL,67736789091,533,67736789624,67736789624
2025-06-19 08:47:44,REAL,67736789624,597,67736790221,67736790221
2025-06-19 08:47:46,REAL,67736790221,540,67736790761,67736790761
2025-06-19 08:47:48,REAL,67736790761,537,67736791298,67736791298
2025-06-19 08:47:50,REAL,67736791298,608,67736791906,67736791906
2025-06-19 08:47:52,REAL,67736791906,601,67736792507,67736792507
2025-06-19 08:47:54,REAL,67736792507,149739,67736942246,67736942246
2025-06-19 08:47:56,REAL,67736942246,125285,67737067531,67737067531
2025-06-19 08:47:58,REAL,67737067531,29311,67737096842,67737096842
2025-06-19 08:48:00,REAL,67737096842,28890,67737125732,67737125732
2025-06-19 08:48:02,REAL,67737125732,29279,67737155011,67737155011
2025-06-19 08:48:04,REAL,67737155011,29222,67737184233,67737184233
2025-06-19 08:48:06,REAL,67737184233,28920,67737213153,67737213153
2025-06-19 08:48:08,REAL,67737213153,27264,67737240417,67737240417
2025-06-19 08:48:10,REAL,67737240417,540,67737240957,67737240957
2025-06-19 08:48:12,REAL,67737240957,539,67737241496,67737241496
2025-06-19 08:48:14,REAL,67737241496,541,67737242037,67737242037
2025-06-19 08:48:16,REAL,67737242037,534,67737242571,67737242571
2025-06-19 08:48:18,REAL,67737242571,606,67737243177,67737243177
2025-06-19 08:48:20,REAL,67737243177,608,67737243785,67737243785
2025-06-19 08:48:22,REAL,67737243785,597,67737244382,67737244382
2025-06-19 08:48:24,REAL,67737244382,604,67737244986,67737244986
2025-06-19 08:48:26,REAL,67737244986,540,67737245526,67737245526
2025-06-19 08:48:28,REAL,67737245526,541,67737246067,67737246067
2025-06-19 08:48:30,REAL,67737246067,542,67737246609,67737246609
2025-06-19 08:48:32,REAL,67737246609,549,67737247158,67737247158
2025-06-19 08:48:34,REAL,67737247158,542,67737247700,67737247700
2025-06-19 08:48:36,REAL,67737247700,619,67737248319,67737248319
2025-06-19 08:48:38,REAL,67737248319,540,67737248859,67737248859
2025-06-19 08:48:40,REAL,67737248859,662,67737249521,67737249521
2025-06-19 08:48:42,REAL,67737249521,536,67737250057,67737250057
2025-06-19 08:48:44,REAL,67737250057,541,67737250598,67737250598
2025-06-19 08:48:46,REAL,67737250598,545,67737251143,67737251143
2025-06-19 08:48:48,REAL,67737251143,534,67737251677,67737251677
2025-06-19 08:48:50,REAL,67737251677,608,67737252285,67737252285
2025-06-19 08:48:52,REAL,67737252285,548,67737252833,67737252833
2025-06-19 08:48:54,REAL,67737252833,548,67737253381,67737253381
2025-06-19 08:48:56,REAL,67737253381,601,67737253982,67737253982
2025-06-19 08:48:58,REAL,67737253982,539,67737254521,67737254521
2025-06-19 08:49:00,REAL,67737254521,595,67737255116,67737255116
2025-06-19 08:49:02,REAL,67737255116,599,67737255715,67737255715
2025-06-19 08:49:04,REAL,67737255715,543,67737256258,67737256258
2025-06-19 08:49:06,REAL,67737256258,619,67737256877,67737256877
2025-06-19 08:49:08,REAL,67737256877,541,67737257418,67737257418
2025-06-19 08:49:10,REAL,67737257418,541,67737257959,67737257959
2025-06-19 08:49:12,REAL,67737257959,678,67737258637,67737258637
2025-06-19 08:49:14,REAL,67737258637,194850,67737453487,67737453487
2025-06-19 08:49:16,REAL,67737453487,71581,67737525068,67737525068
2025-06-19 08:49:18,REAL,67737525068,28732,67737553800,67737553800
2025-06-19 08:49:20,REAL,67737553800,29786,67737583586,67737583586
2025-06-19 08:49:22,REAL,67737583586,29223,67737612809,67737612809
2025-06-19 08:49:24,REAL,67737612809,28976,67737641785,67737641785
2025-06-19 08:49:26,REAL,67737641785,28852,67737670637,67737670637
2025-06-19 08:49:28,REAL,67737670637,22783,67737693420,67737693420
2025-06-19 08:49:30,REAL,67737693420,544,67737693964,67737693964
2025-06-19 08:49:32,REAL,67737693964,535,67737694499,67737694499
2025-06-19 08:49:34,REAL,67737694499,539,67737695038,67737695038
2025-06-19 08:49:36,REAL,67737695038,619,67737695657,67737695657
2025-06-19 08:49:38,REAL,67737695657,535,67737696192,67737696192
2025-06-19 08:49:40,REAL,67737696192,541,67737696733,67737696733
2025-06-19 08:49:42,REAL,67737696733,533,67737697266,67737697266
2025-06-19 08:49:44,REAL,67737697266,601,67737697867,67737697867
2025-06-19 08:49:46,REAL,67737697867,203848,67737901715,67737901715
2025-06-19 08:49:48,REAL,67737901715,68192,67737969907,67737969907
2025-06-19 08:49:50,REAL,67737969907,29053,67737998960,67737998960
2025-06-19 08:49:52,REAL,67737998960,29189,67738028149,67738028149
2025-06-19 08:49:54,REAL,67738028149,29149,67738057298,67738057298
2025-06-19 08:49:56,REAL,67738057298,29024,67738086322,67738086322
2025-06-19 08:49:58,REAL,67738086322,29396,67738115718,67738115718
2025-06-19 08:50:00,REAL,67738115718,21271,67738136989,67738136989
2025-06-19 08:50:02,REAL,67738136989,605,67738137594,67738137594
2025-06-19 08:50:04,REAL,67738137594,599,67738138193,67738138193
2025-06-19 08:50:06,REAL,67738138193,83766,67738221959,67738221959
2025-06-19 08:50:08,REAL,67738221959,172415,67738394374,67738394374
2025-06-19 08:50:10,REAL,67738394374,28684,67738423058,67738423058
2025-06-19 08:50:12,REAL,67738423058,29052,67738452110,67738452110
2025-06-19 08:50:14,REAL,67738452110,29150,67738481260,67738481260
2025-06-19 08:50:16,REAL,67738481260,29273,67738510533,67738510533
2025-06-19 08:50:18,REAL,67738510533,29129,67738539662,67738539662
2025-06-19 08:50:20,REAL,67738539662,28703,67738568365,67738568365
2025-06-19 08:50:22,REAL,67738568365,5710,67738574075,67738574075
2025-06-19 08:50:24,REAL,67738574075,540,67738574615,67738574615
2025-06-19 08:50:26,REAL,67738574615,541,67738575156,67738575156
2025-06-19 08:50:28,REAL,67738575156,541,67738575697,67738575697
2025-06-19 08:50:30,REAL,67738575697,546,67738576243,67738576243
2025-06-19 08:50:32,REAL,67738576243,535,67738576778,67738576778
2025-06-19 08:50:34,REAL,67738576778,540,67738577318,67738577318
2025-06-19 08:50:36,REAL,67738577318,621,67738577939,67738577939
2025-06-19 08:50:38,REAL,67738577939,108825,67738686764,67738686764
2025-06-19 08:50:40,REAL,67738686764,158695,67738845459,67738845459
2025-06-19 08:50:42,REAL,67738845459,28582,67738874041,67738874041
2025-06-19 08:50:44,REAL,67738874041,29530,67738903571,67738903571
2025-06-19 08:50:46,REAL,67738903571,29547,67738933118,67738933118
2025-06-19 08:50:48,REAL,67738933118,29312,67738962430,67738962430
2025-06-19 08:50:50,REAL,67738962430,28733,67738991163,67738991163
2025-06-19 08:50:52,REAL,67738991163,28855,67739020018,67739020018
2025-06-19 08:50:54,REAL,67739020018,3748,67739023766,67739023766
2025-06-19 08:50:56,REAL,67739023766,540,67739024306,67739024306
2025-06-19 08:50:58,REAL,67739024306,541,67739024847,67739024847
2025-06-19 08:51:00,REAL,67739024847,540,67739025387,67739025387
2025-06-19 08:51:02,REAL,67739025387,540,67739025927,67739025927
2025-06-19 08:51:04,REAL,67739025927,546,67739026473,67739026473
2025-06-19 08:51:06,REAL,67739026473,613,67739027086,67739027086
2025-06-19 08:51:08,REAL,67739027086,536,67739027622,67739027622
2025-06-19 08:51:10,REAL,67739027622,110200,67739137822,67739137822
2025-06-19 08:51:12,REAL,67739137822,155633,67739293455,67739293455
2025-06-19 08:51:14,REAL,67739293455,28975,67739322430,67739322430
2025-06-19 08:51:16,REAL,67739322430,29763,67739352193,67739352193
2025-06-19 08:51:18,REAL,67739352193,28702,67739380895,67739380895
2025-06-19 08:51:20,REAL,67739380895,29141,67739410036,67739410036
2025-06-19 08:51:22,REAL,67739410036,29211,67739439247,67739439247
2025-06-19 08:51:24,REAL,67739439247,28867,67739468114,67739468114
2025-06-19 08:51:26,REAL,67739468114,1957,67739470071,67739470071
2025-06-19 08:51:28,REAL,67739470071,600,67739470671,67739470671
2025-06-19 08:51:30,REAL,67739470671,536,67739471207,67739471207
2025-06-19 08:51:32,REAL,67739471207,534,67739471741,67739471741
2025-06-19 08:51:34,REAL,67739471741,540,67739472281,67739472281
2025-06-19 08:51:36,REAL,67739472281,614,67739472895,67739472895
2025-06-19 08:51:38,REAL,67739472895,542,67739473437,67739473437
2025-06-19 08:51:40,REAL,67739473437,543,67739473980,67739473980
2025-06-19 08:51:42,REAL,67739473980,133090,67739607070,67739607070
2025-06-19 08:51:44,REAL,67739607070,132760,67739739830,67739739830
2025-06-19 08:51:46,REAL,67739739830,29508,67739769338,67739769338
2025-06-19 08:51:48,REAL,67739769338,29641,67739798979,67739798979
2025-06-19 08:51:50,REAL,67739798979,29230,67739828209,67739828209
2025-06-19 08:51:52,REAL,67739828209,29165,67739857374,67739857374
2025-06-19 08:51:54,REAL,67739857374,29559,67739886933,67739886933
2025-06-19 08:51:56,REAL,67739886933,28477,67739915410,67739915410
2025-06-19 08:51:58,REAL,67739915410,601,67739916011,67739916011
2025-06-19 08:52:00,REAL,67739916011,541,67739916552,67739916552
2025-06-19 08:52:02,REAL,67739916552,537,67739917089,67739917089
2025-06-19 08:52:04,REAL,67739917089,544,67739917633,67739917633
2025-06-19 08:52:06,REAL,67739917633,612,67739918245,67739918245
2025-06-19 08:52:08,REAL,67739918245,548,67739918793,67739918793
2025-06-19 08:52:10,REAL,67739918793,594,67739919387,67739919387
2025-06-19 08:52:12,REAL,67739919387,600,67739919987,67739919987
2025-06-19 08:52:14,REAL,67739919987,172881,67740092868,67740092868
2025-06-19 08:52:16,REAL,67740092868,122197,67740215065,67740215065
2025-06-19 08:52:18,REAL,67740215065,28613,67740243678,67740243678
2025-06-19 08:52:20,REAL,67740243678,29140,67740272818,67740272818
2025-06-19 08:52:22,REAL,67740272818,29594,67740302412,67740302412
2025-06-19 08:52:24,REAL,67740302412,29586,67740331998,67740331998
2025-06-19 08:52:26,REAL,67740331998,28410,67740360408,67740360408
2025-06-19 08:52:28,REAL,67740360408,26973,67740387381,67740387381
2025-06-19 08:52:30,REAL,67740387381,591,67740387972,67740387972
2025-06-19 08:52:32,REAL,67740387972,603,67740388575,67740388575
2025-06-19 08:52:34,REAL,67740388575,13827,67740402402,67740402402
2025-06-19 08:52:36,REAL,67740402402,259777,67740662179,67740662179
2025-06-19 08:52:38,REAL,67740662179,29453,67740691632,67740691632
2025-06-19 08:52:40,REAL,67740691632,28881,67740720513,67740720513
2025-06-19 08:52:42,REAL,67740720513,28881,67740749394,67740749394
2025-06-19 08:52:44,REAL,67740749394,29344,67740778738,67740778738
2025-06-19 08:52:46,REAL,67740778738,29576,67740808314,67740808314
2025-06-19 08:52:48,REAL,67740808314,29438,67740837752,67740837752
2025-06-19 08:52:50,REAL,67740837752,11643,67740849395,67740849395
2025-06-19 08:52:52,REAL,67740849395,675,67740850070,67740850070
2025-06-19 08:52:54,REAL,67740850070,655,67740850725,67740850725
2025-06-19 08:52:56,REAL,67740850725,543,67740851268,67740851268
2025-06-19 08:52:58,REAL,67740851268,538,67740851806,67740851806
2025-06-19 08:53:00,REAL,67740851806,549,67740852355,67740852355
2025-06-19 08:53:02,REAL,67740852355,539,67740852894,67740852894
2025-06-19 08:53:04,REAL,67740852894,548,67740853442,67740853442
2025-06-19 08:53:06,REAL,67740853442,619,67740854061,67740854061
2025-06-19 08:53:08,REAL,67740854061,532,67740854593,67740854593
2025-06-19 08:53:10,REAL,67740854593,597,67740855190,67740855190
2025-06-19 08:53:12,REAL,67740855190,541,67740855731,67740855731
2025-06-19 08:53:14,REAL,67740855731,592,67740856323,67740856323
2025-06-19 08:53:16,REAL,67740856323,536,67740856859,67740856859
2025-06-19 08:53:18,REAL,67740856859,542,67740857401,67740857401
2025-06-19 08:53:20,REAL,67740857401,538,67740857939,67740857939
2025-06-19 08:53:22,REAL,67740857939,610,67740858549,67740858549
2025-06-19 08:53:24,REAL,67740858549,541,67740859090,67740859090
2025-06-19 08:53:26,REAL,67740859090,606,67740859696,67740859696
2025-06-19 08:53:28,REAL,67740859696,546,67740860242,67740860242
2025-06-19 08:53:30,REAL,67740860242,537,67740860779,67740860779
2025-06-19 08:53:32,REAL,67740860779,536,67740861315,67740861315
2025-06-19 08:53:34,REAL,67740861315,540,67740861855,67740861855
2025-06-19 08:53:36,REAL,67740861855,666,67740862521,67740862521
2025-06-19 08:53:38,REAL,67740862521,544,67740863065,67740863065
2025-06-19 08:53:40,REAL,67740863065,537,67740863602,67740863602
2025-06-19 08:53:42,REAL,67740863602,597,67740864199,67740864199
2025-06-19 08:53:44,REAL,67740864199,539,67740864738,67740864738
2025-06-19 08:53:46,REAL,67740864738,545,67740865283,67740865283
2025-06-19 08:53:48,REAL,67740865283,539,67740865822,67740865822
2025-06-19 08:53:50,REAL,67740865822,543,67740866365,67740866365
2025-06-19 08:53:52,REAL,67740866365,613,67740866978,67740866978
2025-06-19 08:53:54,REAL,67740866978,540,67740867518,67740867518
2025-06-19 08:53:56,REAL,67740867518,536,67740868054,67740868054
2025-06-19 08:53:58,REAL,67740868054,595,67740868649,67740868649
2025-06-19 08:54:00,REAL,67740868649,665,67740869314,67740869314
2025-06-19 08:54:02,REAL,67740869314,597,67740869911,67740869911
2025-06-19 08:54:04,REAL,67740869911,595,67740870506,67740870506
2025-06-19 08:54:06,REAL,67740870506,544,67740871050,67740871050
2025-06-19 08:54:08,REAL,67740871050,616,67740871666,67740871666
2025-06-19 08:54:10,REAL,67740871666,548,67740872214,67740872214
2025-06-19 08:54:12,REAL,67740872214,534,67740872748,67740872748
2025-06-19 08:54:14,REAL,67740872748,541,67740873289,67740873289
2025-06-19 08:54:16,REAL,67740873289,542,67740873831,67740873831
2025-06-19 08:54:18,REAL,67740873831,540,67740874371,67740874371
2025-06-19 08:54:20,REAL,67740874371,654,67740875025,67740875025
2025-06-19 08:54:22,REAL,67740875025,608,67740875633,67740875633
2025-06-19 08:54:24,REAL,67740875633,535,67740876168,67740876168
2025-06-19 08:54:26,REAL,67740876168,541,67740876709,67740876709
2025-06-19 08:54:28,REAL,67740876709,541,67740877250,67740877250
2025-06-19 08:54:30,REAL,67740877250,542,67740877792,67740877792
2025-06-19 08:54:32,REAL,67740877792,534,67740878326,67740878326
2025-06-19 08:54:34,REAL,67740878326,544,67740878870,67740878870
2025-06-19 08:54:36,REAL,67740878870,662,67740879532,67740879532
2025-06-19 08:54:38,REAL,67740879532,675,67740880207,67740880207
2025-06-19 08:54:40,REAL,67740880207,605,67740880812,67740880812
2025-06-19 08:54:42,REAL,67740880812,539,67740881351,67740881351
2025-06-19 08:54:44,REAL,67740881351,603,67740881954,67740881954
2025-06-19 08:54:46,REAL,67740881954,543,67740882497,67740882497
2025-06-19 08:54:48,REAL,67740882497,549,67740883046,67740883046
2025-06-19 08:54:50,REAL,67740883046,543,67740883589,67740883589
2025-06-19 08:54:52,REAL,67740883589,620,67740884209,67740884209
2025-06-19 08:54:54,REAL,67740884209,541,67740884750,67740884750
2025-06-19 08:54:56,REAL,67740884750,604,67740885354,67740885354
2025-06-19 08:54:58,REAL,67740885354,544,67740885898,67740885898
2025-06-19 08:55:00,REAL,67740885898,534,67740886432,67740886432
2025-06-19 08:55:02,REAL,67740886432,593,67740887025,67740887025
2025-06-19 08:55:04,REAL,67740887025,542,67740887567,67740887567
2025-06-19 08:55:06,REAL,67740887567,539,67740888106,67740888106
2025-06-19 08:55:08,REAL,67740888106,615,67740888721,67740888721
2025-06-19 08:55:10,REAL,67740888721,544,67740889265,67740889265
2025-06-19 08:55:12,REAL,67740889265,603,67740889868,67740889868
2025-06-19 08:55:14,REAL,67740889868,604,67740890472,67740890472
2025-06-19 08:55:16,REAL,67740890472,594,67740891066,67740891066
2025-06-19 08:55:18,REAL,67740891066,599,67740891665,67740891665
2025-06-19 08:55:20,REAL,67740891665,535,67740892200,67740892200
2025-06-19 08:55:22,REAL,67740892200,539,67740892739,67740892739
2025-06-19 08:55:24,REAL,67740892739,618,67740893357,67740893357
2025-06-19 08:55:26,REAL,67740893357,534,67740893891,67740893891
2025-06-19 08:55:28,REAL,67740893891,541,67740894432,67740894432
2025-06-19 08:55:30,REAL,67740894432,595,67740895027,67740895027
2025-06-19 08:55:32,REAL,67740895027,539,67740895566,67740895566
2025-06-19 08:55:34,REAL,67740895566,591,67740896157,67740896157
2025-06-19 08:55:36,REAL,67740896157,538,67740896695,67740896695
2025-06-19 08:55:38,REAL,67740896695,618,67740897313,67740897313
2025-06-19 08:55:40,REAL,67740897313,588,67740897901,67740897901
2025-06-19 08:55:42,REAL,67740897901,620,67740898521,67740898521
2025-06-19 08:55:44,REAL,67740898521,536,67740899057,67740899057
2025-06-19 08:55:46,REAL,67740899057,548,67740899605,67740899605
2025-06-19 08:55:48,REAL,67740899605,539,67740900144,67740900144
2025-06-19 08:55:50,REAL,67740900144,599,67740900743,67740900743
2025-06-19 08:55:52,REAL,67740900743,546,67740901289,67740901289
2025-06-19 08:55:54,REAL,67740901289,611,67740901900,67740901900
2025-06-19 08:55:56,REAL,67740901900,543,67740902443,67740902443
2025-06-19 08:55:58,REAL,67740902443,546,67740902989,67740902989
2025-06-19 08:56:00,REAL,67740902989,546,67740903535,67740903535
2025-06-19 08:56:02,REAL,67740903535,545,67740904080,67740904080
2025-06-19 08:56:04,REAL,67740904080,540,67740904620,67740904620
2025-06-19 08:56:06,REAL,67740904620,610,67740905230,67740905230
2025-06-19 08:56:08,REAL,67740905230,614,67740905844,67740905844
2025-06-19 08:56:10,REAL,67740905844,535,67740906379,67740906379
2025-06-19 08:56:12,REAL,67740906379,547,67740906926,67740906926
2025-06-19 08:56:14,REAL,67740906926,595,67740907521,67740907521
2025-06-19 08:56:16,REAL,67740907521,604,67740908125,67740908125
2025-06-19 08:56:18,REAL,67740908125,539,67740908664,67740908664
2025-06-19 08:56:20,REAL,67740908664,544,67740909208,67740909208
2025-06-19 08:56:22,REAL,67740909208,662,67740909870,67740909870
2025-06-19 08:56:24,REAL,67740909870,676,67740910546,67740910546
2025-06-19 08:56:26,REAL,67740910546,602,67740911148,67740911148
2025-06-19 08:56:28,REAL,67740911148,531,67740911679,67740911679
2025-06-19 08:56:30,REAL,67740911679,535,67740912214,67740912214
2025-06-19 08:56:32,REAL,67740912214,533,67740912747,67740912747
2025-06-19 08:56:34,REAL,67740912747,540,67740913287,67740913287
2025-06-19 08:56:36,REAL,67740913287,544,67740913831,67740913831
2025-06-19 08:56:38,REAL,67740913831,617,67740914448,67740914448
2025-06-19 08:56:40,REAL,67740914448,543,67740914991,67740914991
2025-06-19 08:56:42,REAL,67740914991,602,67740915593,67740915593
2025-06-19 08:56:44,REAL,67740915593,530,67740916123,67740916123
2025-06-19 08:56:46,REAL,67740916123,531,67740916654,67740916654
2025-06-19 08:56:48,REAL,67740916654,536,67740917190,67740917190
2025-06-19 08:56:50,REAL,67740917190,533,67740917723,67740917723
2025-06-19 08:56:52,REAL,67740917723,602,67740918325,67740918325
2025-06-19 08:56:54,REAL,67740918325,623,67740918948,67740918948
2025-06-19 08:56:56,REAL,67740918948,545,67740919493,67740919493
2025-06-19 08:56:58,REAL,67740919493,600,67740920093,67740920093
2025-06-19 08:57:00,REAL,67740920093,596,67740920689,67740920689
2025-06-19 08:57:02,REAL,67740920689,533,67740921222,67740921222
2025-06-19 08:57:04,REAL,67740921222,544,67740921766,67740921766
2025-06-19 08:57:06,REAL,67740921766,543,67740922309,67740922309
2025-06-19 08:57:08,REAL,67740922309,614,67740922923,67740922923
2025-06-19 08:57:10,REAL,67740922923,536,67740923459,67740923459
2025-06-19 08:57:12,REAL,67740923459,540,67740923999,67740923999
2025-06-19 08:57:14,REAL,67740923999,21650,67740945649,67740945649
2025-06-19 08:57:16,REAL,67740945649,268958,67741214607,67741214607
2025-06-19 08:57:18,REAL,67741214607,28814,67741243421,67741243421
2025-06-19 08:57:20,REAL,67741243421,29210,67741272631,67741272631
2025-06-19 08:57:22,REAL,67741272631,29311,67741301942,67741301942
2025-06-19 08:57:24,REAL,67741301942,29237,67741331179,67741331179
2025-06-19 08:57:26,REAL,67741331179,28803,67741359982,67741359982
2025-06-19 08:57:28,REAL,67741359982,28957,67741388939,67741388939
2025-06-19 08:57:30,REAL,67741388939,11451,67741400390,67741400390
2025-06-19 08:57:32,REAL,67741400390,541,67741400931,67741400931
2025-06-19 08:57:34,REAL,67741400931,536,67741401467,67741401467
2025-06-19 08:57:36,REAL,67741401467,547,67741402014,67741402014
2025-06-19 08:57:38,REAL,67741402014,610,67741402624,67741402624
2025-06-19 08:57:40,REAL,67741402624,548,67741403172,67741403172
2025-06-19 08:57:42,REAL,67741403172,550,67741403722,67741403722
2025-06-19 08:57:44,REAL,67741403722,540,67741404262,67741404262
2025-06-19 08:57:46,REAL,67741404262,596,67741404858,67741404858
2025-06-19 08:57:48,REAL,67741404858,539,67741405397,67741405397
2025-06-19 08:57:50,REAL,67741405397,540,67741405937,67741405937
2025-06-19 08:57:52,REAL,67741405937,540,67741406477,67741406477
2025-06-19 08:57:54,REAL,67741406477,610,67741407087,67741407087
2025-06-19 08:57:56,REAL,67741407087,544,67741407631,67741407631
2025-06-19 08:57:58,REAL,67741407631,543,67741408174,67741408174
2025-06-19 08:58:00,REAL,67741408174,602,67741408776,67741408776
2025-06-19 08:58:02,REAL,67741408776,600,67741409376,67741409376
2025-06-19 08:58:04,REAL,67741409376,542,67741409918,67741409918
2025-06-19 08:58:06,REAL,67741409918,597,67741410515,67741410515
2025-06-19 08:58:08,REAL,67741410515,546,67741411061,67741411061
2025-06-19 08:58:10,REAL,67741411061,615,67741411676,67741411676
2025-06-19 08:58:12,REAL,67741411676,544,67741412220,67741412220
2025-06-19 08:58:14,REAL,67741412220,540,67741412760,67741412760
2025-06-19 08:58:16,REAL,67741412760,536,67741413296,67741413296
2025-06-19 08:58:18,REAL,67741413296,59315,67741472611,67741472611
2025-06-19 08:58:20,REAL,67741472611,219610,67741692221,67741692221
2025-06-19 08:58:22,REAL,67741692221,29478,67741721699,67741721699
2025-06-19 08:58:24,REAL,67741721699,28998,67741750697,67741750697
2025-06-19 08:58:26,REAL,67741750697,28832,67741779529,67741779529
2025-06-19 08:58:28,REAL,67741779529,29165,67741808694,67741808694
2025-06-19 08:58:30,REAL,67741808694,29359,67741838053,67741838053
2025-06-19 08:58:32,REAL,67741838053,29453,67741867506,67741867506
2025-06-19 08:58:34,REAL,67741867506,8063,67741875569,67741875569
2025-06-19 08:58:36,REAL,67741875569,600,67741876169,67741876169
2025-06-19 08:58:38,REAL,67741876169,602,67741876771,67741876771
2025-06-19 08:58:40,REAL,67741876771,615,67741877386,67741877386
2025-06-19 08:58:42,REAL,67741877386,540,67741877926,67741877926
2025-06-19 08:58:44,REAL,67741877926,593,67741878519,67741878519
2025-06-19 08:58:46,REAL,67741878519,532,67741879051,67741879051
2025-06-19 08:58:48,REAL,67741879051,543,67741879594,67741879594
2025-06-19 08:58:50,REAL,67741879594,537,67741880131,67741880131
2025-06-19 08:58:52,REAL,67741880131,540,67741880671,67741880671
2025-06-19 08:58:54,REAL,67741880671,674,67741881345,67741881345
2025-06-19 08:58:56,REAL,67741881345,545,67741881890,67741881890
2025-06-19 08:58:58,REAL,67741881890,542,67741882432,67741882432
2025-06-19 08:59:00,REAL,67741882432,547,67741882979,67741882979
2025-06-19 08:59:02,REAL,67741882979,550,67741883529,67741883529
2025-06-19 08:59:04,REAL,67741883529,599,67741884128,67741884128
2025-06-19 08:59:06,REAL,67741884128,541,67741884669,67741884669
2025-06-19 08:59:08,REAL,67741884669,548,67741885217,67741885217
2025-06-19 08:59:10,REAL,67741885217,672,67741885889,67741885889
2025-06-19 08:59:12,REAL,67741885889,533,67741886422,67741886422
2025-06-19 08:59:14,REAL,67741886422,548,67741886970,67741886970
2025-06-19 08:59:16,REAL,67741886970,543,67741887513,67741887513
2025-06-19 08:59:18,REAL,67741887513,533,67741888046,67741888046
2025-06-19 08:59:20,REAL,67741888046,593,67741888639,67741888639
2025-06-19 08:59:22,REAL,67741888639,539,67741889178,67741889178
2025-06-19 08:59:24,REAL,67741889178,624,67741889802,67741889802
2025-06-19 08:59:26,REAL,67741889802,600,67741890402,67741890402
2025-06-19 08:59:28,REAL,67741890402,537,67741890939,67741890939
2025-06-19 08:59:30,REAL,67741890939,540,67741891479,67741891479
2025-06-19 08:59:32,REAL,67741891479,544,67741892023,67741892023
2025-06-19 08:59:34,REAL,67741892023,543,67741892566,67741892566
2025-06-19 08:59:36,REAL,67741892566,537,67741893103,67741893103
2025-06-19 08:59:38,REAL,67741893103,536,67741893639,67741893639
2025-06-19 08:59:40,REAL,67741893639,622,67741894261,67741894261
2025-06-19 08:59:42,REAL,67741894261,601,67741894862,67741894862
2025-06-19 08:59:44,REAL,67741894862,590,67741895452,67741895452
2025-06-19 08:59:46,REAL,67741895452,538,67741895990,67741895990
2025-06-19 08:59:48,REAL,67741895990,539,67741896529,67741896529
2025-06-19 08:59:50,REAL,67741896529,546,67741897075,67741897075
2025-06-19 08:59:52,REAL,67741897075,546,67741897621,67741897621
2025-06-19 08:59:54,REAL,67741897621,547,67741898168,67741898168
2025-06-19 08:59:56,REAL,67741898168,612,67741898780,67741898780
2025-06-19 08:59:58,REAL,67741898780,607,67741899387,67741899387
2025-06-19 09:00:00,REAL,67741899387,598,67741899985,67741899985
2025-06-19 09:00:02,REAL,67741899985,599,67741900584,67741900584
2025-06-19 09:00:04,REAL,67741900584,602,67741901186,67741901186
2025-06-19 09:00:06,REAL,67741901186,596,67741901782,67741901782
2025-06-19 09:00:08,REAL,67741901782,539,67741902321,67741902321
2025-06-19 09:00:10,REAL,67741902321,622,67741902943,67741902943
2025-06-19 09:00:12,REAL,67741902943,535,67741903478,67741903478
2025-06-19 09:00:14,REAL,67741903478,536,67741904014,67741904014
2025-06-19 09:00:16,REAL,67741904014,541,67741904555,67741904555
2025-06-19 09:00:18,REAL,67741904555,542,67741905097,67741905097
2025-06-19 09:00:20,REAL,67741905097,607,67741905704,67741905704
2025-06-19 09:00:22,REAL,67741905704,593,67741906297,67741906297
2025-06-19 09:00:24,REAL,67741906297,616,67741906913,67741906913
2025-06-19 09:00:26,REAL,67741906913,544,67741907457,67741907457
2025-06-19 09:00:28,REAL,67741907457,538,67741907995,67741907995
2025-06-19 09:00:30,REAL,67741907995,540,67741908535,67741908535
2025-06-19 09:00:32,REAL,67741908535,535,67741909070,67741909070
2025-06-19 09:00:34,REAL,67741909070,543,67741909613,67741909613
2025-06-19 09:00:36,REAL,67741909613,131525,67742041138,67742041138
2025-06-19 09:00:38,REAL,67742041138,144869,67742186007,67742186007
2025-06-19 09:00:40,REAL,67742186007,29148,67742215155,67742215155
2025-06-19 09:00:42,REAL,67742215155,28700,67742243855,67742243855
2025-06-19 09:00:44,REAL,67742243855,28894,67742272749,67742272749
2025-06-19 09:00:46,REAL,67742272749,29164,67742301913,67742301913
2025-06-19 09:00:48,REAL,67742301913,28982,67742330895,67742330895
2025-06-19 09:00:50,REAL,67742330895,28748,67742359643,67742359643
2025-06-19 09:00:52,REAL,67742359643,664,67742360307,67742360307
2025-06-19 09:00:54,REAL,67742360307,674,67742360981,67742360981
2025-06-19 09:00:56,REAL,67742360981,598,67742361579,67742361579
2025-06-19 09:00:58,REAL,67742361579,534,67742362113,67742362113
2025-06-19 09:01:00,REAL,67742362113,535,67742362648,67742362648
2025-06-19 09:01:02,REAL,67742362648,531,67742363179,67742363179
2025-06-19 09:01:04,REAL,67742363179,539,67742363718,67742363718
2025-06-19 09:01:06,REAL,67742363718,537,67742364255,67742364255
2025-06-19 09:01:08,REAL,67742364255,541,67742364796,67742364796
2025-06-19 09:01:10,REAL,67742364796,618,67742365414,67742365414
2025-06-19 09:01:12,REAL,67742365414,606,67742366020,67742366020
2025-06-19 09:01:14,REAL,67742366020,594,67742366614,67742366614
2025-06-19 09:01:16,REAL,67742366614,544,67742367158,67742367158
2025-06-19 09:01:18,REAL,67742367158,536,67742367694,67742367694
2025-06-19 09:01:20,REAL,67742367694,534,67742368228,67742368228
2025-06-19 09:01:22,REAL,67742368228,535,67742368763,67742368763
2025-06-19 09:01:24,REAL,67742368763,608,67742369371,67742369371
2025-06-19 09:01:26,REAL,67742369371,538,67742369909,67742369909
2025-06-19 09:01:28,REAL,67742369909,15450,67742385359,67742385359
2025-06-19 09:01:30,REAL,67742385359,245823,67742631182,67742631182
2025-06-19 09:01:32,REAL,67742631182,29278,67742660460,67742660460
2025-06-19 09:01:34,REAL,67742660460,29326,67742689786,67742689786
2025-06-19 09:01:36,REAL,67742689786,29156,67742718942,67742718942
2025-06-19 09:01:38,REAL,67742718942,29172,67742748114,67742748114
2025-06-19 09:01:40,REAL,67742748114,28843,67742776957,67742776957
2025-06-19 09:01:42,REAL,67742776957,28824,67742805781,67742805781
2025-06-19 09:01:44,REAL,67742805781,12146,67742817927,67742817927
2025-06-19 09:01:46,REAL,67742817927,544,67742818471,67742818471
2025-06-19 09:01:48,REAL,67742818471,535,67742819006,67742819006
2025-06-19 09:01:50,REAL,67742819006,545,67742819551,67742819551
2025-06-19 09:01:52,REAL,67742819551,545,67742820096,67742820096
2025-06-19 09:01:54,REAL,67742820096,611,67742820707,67742820707
2025-06-19 09:01:56,REAL,67742820707,539,67742821246,67742821246
2025-06-19 09:01:58,REAL,67742821246,531,67742821777,67742821777
2025-06-19 09:02:00,REAL,67742821777,25310,67742847087,67742847087
2025-06-19 09:02:02,REAL,67742847087,209813,67743056900,67743056900
2025-06-19 09:02:04,REAL,67743056900,29374,67743086274,67743086274
2025-06-19 09:02:06,REAL,67743086274,29069,67743115343,67743115343
2025-06-19 09:02:08,REAL,67743115343,29314,67743144657,67743144657
2025-06-19 09:02:10,REAL,67743144657,29653,67743174310,67743174310
2025-06-19 09:02:12,REAL,67743174310,28825,67743203135,67743203135
2025-06-19 09:02:14,REAL,67743203135,29486,67743232621,67743232621
2025-06-19 09:02:16,REAL,67743232621,10094,67743242715,67743242715
2025-06-19 09:02:18,REAL,67743242715,548,67743243263,67743243263
2025-06-19 09:02:20,REAL,67743243263,586,67743243849,67743243849
2025-06-19 09:02:22,REAL,67743243849,544,67743244393,67743244393
2025-06-19 09:02:24,REAL,67743244393,543,67743244936,67743244936
2025-06-19 09:02:26,REAL,67743244936,615,67743245551,67743245551
2025-06-19 09:02:28,REAL,67743245551,540,67743246091,67743246091
2025-06-19 09:02:30,REAL,67743246091,537,67743246628,67743246628
2025-06-19 09:02:32,REAL,67743246628,595,67743247223,67743247223
2025-06-19 09:02:34,REAL,67743247223,535,67743247758,67743247758
2025-06-19 09:02:36,REAL,67743247758,543,67743248301,67743248301
2025-06-19 09:02:38,REAL,67743248301,536,67743248837,67743248837
2025-06-19 09:02:40,REAL,67743248837,680,67743249517,67743249517
2025-06-19 09:02:42,REAL,67743249517,540,67743250057,67743250057
2025-06-19 09:02:44,REAL,67743250057,535,67743250592,67743250592
2025-06-19 09:02:46,REAL,67743250592,533,67743251125,67743251125
2025-06-19 09:02:48,REAL,67743251125,659,67743251784,67743251784
2025-06-19 09:02:50,REAL,67743251784,600,67743252384,67743252384
2025-06-19 09:02:52,REAL,67743252384,600,67743252984,67743252984
2025-06-19 09:02:54,REAL,67743252984,542,67743253526,67743253526
2025-06-19 09:02:56,REAL,67743253526,612,67743254138,67743254138
2025-06-19 09:02:58,REAL,67743254138,539,67743254677,67743254677
2025-06-19 09:03:00,REAL,67743254677,533,67743255210,67743255210
2025-06-19 09:03:02,REAL,67743255210,546,67743255756,67743255756
2025-06-19 09:03:04,REAL,67743255756,539,67743256295,67743256295
2025-06-19 09:03:06,REAL,67743256295,602,67743256897,67743256897
2025-06-19 09:03:08,REAL,67743256897,606,67743257503,67743257503
2025-06-19 09:03:10,REAL,67743257503,614,67743258117,67743258117
2025-06-19 09:03:12,REAL,67743258117,534,67743258651,67743258651
2025-06-19 09:03:14,REAL,67743258651,540,67743259191,67743259191
2025-06-19 09:03:16,REAL,67743259191,532,67743259723,67743259723
2025-06-19 09:03:18,REAL,67743259723,539,67743260262,67743260262
2025-06-19 09:03:20,REAL,67743260262,595,67743260857,67743260857
2025-06-19 09:03:22,REAL,67743260857,544,67743261401,67743261401
2025-06-19 09:03:24,REAL,67743261401,600,67743262001,67743262001
2025-06-19 09:03:26,REAL,67743262001,624,67743262625,67743262625
2025-06-19 09:03:28,REAL,67743262625,541,67743263166,67743263166
2025-06-19 09:03:30,REAL,67743263166,542,67743263708,67743263708
2025-06-19 09:03:32,REAL,67743263708,539,67743264247,67743264247
2025-06-19 09:03:34,REAL,67743264247,533,67743264780,67743264780
2025-06-19 09:03:36,REAL,67743264780,540,67743265320,67743265320
2025-06-19 09:03:38,REAL,67743265320,538,67743265858,67743265858
2025-06-19 09:03:40,REAL,67743265858,679,67743266537,67743266537
2025-06-19 09:03:42,REAL,67743266537,548,67743267085,67743267085
2025-06-19 09:03:44,REAL,67743267085,548,67743267633,67743267633
2025-06-19 09:03:46,REAL,67743267633,544,67743268177,67743268177
2025-06-19 09:03:48,REAL,67743268177,539,67743268716,67743268716
2025-06-19 09:03:50,REAL,67743268716,537,67743269253,67743269253
2025-06-19 09:03:52,REAL,67743269253,596,67743269849,67743269849
2025-06-19 09:03:54,REAL,67743269849,545,67743270394,67743270394
2025-06-19 09:03:56,REAL,67743270394,679,67743271073,67743271073
2025-06-19 09:03:58,REAL,67743271073,598,67743271671,67743271671
2025-06-19 09:04:00,REAL,67743271671,540,67743272211,67743272211
2025-06-19 09:04:02,REAL,67743272211,539,67743272750,67743272750
2025-06-19 09:04:04,REAL,67743272750,547,67743273297,67743273297
2025-06-19 09:04:06,REAL,67743273297,547,67743273844,67743273844
2025-06-19 09:04:08,REAL,67743273844,537,67743274381,67743274381
2025-06-19 09:04:10,REAL,67743274381,614,67743274995,67743274995
2025-06-19 09:04:12,REAL,67743274995,600,67743275595,67743275595
2025-06-19 09:04:14,REAL,67743275595,265169,67743540764,67743540764
2025-06-19 09:04:16,REAL,67743540764,33067,67743573831,67743573831
2025-06-19 09:04:18,REAL,67743573831,29294,67743603125,67743603125
2025-06-19 09:04:20,REAL,67743603125,29517,67743632642,67743632642
2025-06-19 09:04:22,REAL,67743632642,30013,67743662655,67743662655
2025-06-19 09:04:24,REAL,67743662655,29394,67743692049,67743692049
2025-06-19 09:04:26,REAL,67743692049,29817,67743721866,67743721866
2025-06-19 09:04:28,REAL,67743721866,16955,67743738821,67743738821
2025-06-19 09:04:30,REAL,67743738821,603,67743739424,67743739424
2025-06-19 09:04:32,REAL,67743739424,598,67743740022,67743740022
2025-06-19 09:04:34,REAL,67743740022,658,67743740680,67743740680
2025-06-19 09:04:36,REAL,67743740680,413,67743741093,67743741093
2025-06-19 09:04:38,REAL,67743741093,603,67743741696,67743741696
2025-06-19 09:04:40,REAL,67743741696,617,67743742313,67743742313
2025-06-19 09:04:42,REAL,67743742313,539,67743742852,67743742852
2025-06-19 09:04:44,REAL,67743742852,533,67743743385,67743743385
2025-06-19 09:04:46,REAL,67743743385,544,67743743929,67743743929
2025-06-19 09:04:48,REAL,67743743929,537,67743744466,67743744466
2025-06-19 09:04:50,REAL,67743744466,532,67743744998,67743744998
2025-06-19 09:04:52,REAL,67743744998,793,67743745791,67743745791
2025-06-19 09:04:54,REAL,67743745791,361,67743746152,67743746152
2025-06-19 09:04:56,REAL,67743746152,618,67743746770,67743746770
2025-06-19 09:04:58,REAL,67743746770,588,67743747358,67743747358
2025-06-19 09:05:00,REAL,67743747358,542,67743747900,67743747900
2025-06-19 09:05:02,REAL,67743747900,544,67743748444,67743748444
2025-06-19 09:05:04,REAL,67743748444,543,67743748987,67743748987
2025-06-19 09:05:06,REAL,67743748987,547,67743749534,67743749534
2025-06-19 09:05:08,REAL,67743749534,539,67743750073,67743750073
2025-06-19 09:05:10,REAL,67743750073,593,67743750666,67743750666
2025-06-19 09:05:12,REAL,67743750666,276496,67744027162,67744027162
2025-06-19 09:05:14,REAL,67744027162,29470,67744056632,67744056632
2025-06-19 09:05:16,REAL,67744056632,29591,67744086223,67744086223
2025-06-19 09:05:18,REAL,67744086223,29117,67744115340,67744115340
2025-06-19 09:05:20,REAL,67744115340,29559,67744144899,67744144899
2025-06-19 09:05:22,REAL,67744144899,28930,67744173829,67744173829
2025-06-19 09:05:24,REAL,67744173829,30597,67744204426,67744204426
2025-06-19 09:05:26,REAL,67744204426,14286,67744218712,67744218712
2025-06-19 09:05:28,REAL,67744218712,538,67744219250,67744219250
2025-06-19 09:05:30,REAL,67744219250,545,67744219795,67744219795
2025-06-19 09:05:32,REAL,67744219795,534,67744220329,67744220329
2025-06-19 09:05:34,REAL,67744220329,538,67744220867,67744220867
2025-06-19 09:05:36,REAL,67744220867,546,67744221413,67744221413
2025-06-19 09:05:38,REAL,67744221413,540,67744221953,67744221953
2025-06-19 09:05:40,REAL,67744221953,542,67744222495,67744222495
2025-06-19 09:05:42,REAL,67744222495,680,67744223175,67744223175
2025-06-19 09:05:44,REAL,67744223175,543,67744223718,67744223718
2025-06-19 09:05:46,REAL,67744223718,596,67744224314,67744224314
2025-06-19 09:05:48,REAL,67744224314,532,67744224846,67744224846
2025-06-19 09:05:50,REAL,67744224846,531,67744225377,67744225377
2025-06-19 09:05:52,REAL,67744225377,544,67744225921,67744225921
2025-06-19 09:05:54,REAL,67744225921,543,67744226464,67744226464
2025-06-19 09:05:56,REAL,67744226464,673,67744227137,67744227137
2025-06-19 09:05:58,REAL,67744227137,603,67744227740,67744227740
2025-06-19 09:06:00,REAL,67744227740,536,67744228276,67744228276
2025-06-19 09:06:02,REAL,67744228276,533,67744228809,67744228809
2025-06-19 09:06:04,REAL,67744228809,537,67744229346,67744229346
2025-06-19 09:06:06,REAL,67744229346,533,67744229879,67744229879
2025-06-19 09:06:08,REAL,67744229879,537,67744230416,67744230416
2025-06-19 09:06:10,REAL,67744230416,536,67744230952,67744230952
2025-06-19 09:06:12,REAL,67744230952,615,67744231567,67744231567
2025-06-19 09:06:14,REAL,67744231567,24210,67744255777,67744255777
2025-06-19 09:06:16,REAL,67744255777,256044,67744511821,67744511821
2025-06-19 09:06:18,REAL,67744511821,29369,67744541190,67744541190
2025-06-19 09:06:20,REAL,67744541190,29200,67744570390,67744570390
2025-06-19 09:06:22,REAL,67744570390,29261,67744599651,67744599651
2025-06-19 09:06:24,REAL,67744599651,28687,67744628338,67744628338
2025-06-19 09:06:26,REAL,67744628338,29210,67744657548,67744657548
2025-06-19 09:06:28,REAL,67744657548,29253,67744686801,67744686801
2025-06-19 09:06:30,REAL,67744686801,10610,67744697411,67744697411
2025-06-19 09:06:32,REAL,67744697411,540,67744697951,67744697951
2025-06-19 09:06:34,REAL,67744697951,549,67744698500,67744698500
2025-06-19 09:06:36,REAL,67744698500,533,67744699033,67744699033
2025-06-19 09:06:38,REAL,67744699033,546,67744699579,67744699579
2025-06-19 09:06:40,REAL,67744699579,540,67744700119,67744700119
2025-06-19 09:06:42,REAL,67744700119,619,67744700738,67744700738
2025-06-19 09:06:44,REAL,67744700738,544,67744701282,67744701282
2025-06-19 09:06:46,REAL,67744701282,661,67744701943,67744701943
2025-06-19 09:06:48,REAL,67744701943,593,67744702536,67744702536
2025-06-19 09:06:50,REAL,67744702536,602,67744703138,67744703138
2025-06-19 09:06:52,REAL,67744703138,599,67744703737,67744703737
2025-06-19 09:06:54,REAL,67744703737,595,67744704332,67744704332
2025-06-19 09:06:56,REAL,67744704332,655,67744704987,67744704987
2025-06-19 09:06:58,REAL,67744704987,616,67744705603,67744705603
2025-06-19 09:07:00,REAL,67744705603,597,67744706200,67744706200
2025-06-19 09:07:02,REAL,67744706200,539,67744706739,67744706739
2025-06-19 09:07:04,REAL,67744706739,539,67744707278,67744707278
2025-06-19 09:07:06,REAL,67744707278,536,67744707814,67744707814
2025-06-19 09:07:08,REAL,67744707814,538,67744708352,67744708352
2025-06-19 09:07:10,REAL,67744708352,541,67744708893,67744708893
2025-06-19 09:07:12,REAL,67744708893,673,67744709566,67744709566
2025-06-19 09:07:14,REAL,67744709566,541,67744710107,67744710107
2025-06-19 09:07:16,REAL,67744710107,536,67744710643,67744710643
2025-06-19 09:07:18,REAL,67744710643,540,67744711183,67744711183
2025-06-19 09:07:20,REAL,67744711183,542,67744711725,67744711725
2025-06-19 09:07:22,REAL,67744711725,549,67744712274,67744712274
2025-06-19 09:07:24,REAL,67744712274,539,67744712813,67744712813
2025-06-19 09:07:26,REAL,67744712813,540,67744713353,67744713353
2025-06-19 09:07:28,REAL,67744713353,63263,67744776616,67744776616
2025-06-19 09:07:30,REAL,67744776616,192738,67744969354,67744969354
2025-06-19 09:07:32,REAL,67744969354,29185,67744998539,67744998539
2025-06-19 09:07:34,REAL,67744998539,28898,67745027437,67745027437
2025-06-19 09:07:36,REAL,67745027437,29260,67745056697,67745056697
2025-06-19 09:07:38,REAL,67745056697,28934,67745085631,67745085631
2025-06-19 09:07:40,REAL,67745085631,29332,67745114963,67745114963
2025-06-19 09:07:42,REAL,67745114963,29597,67745144560,67745144560
2025-06-19 09:07:44,REAL,67745144560,7404,67745151964,67745151964
2025-06-19 09:07:46,REAL,67745151964,539,67745152503,67745152503
2025-06-19 09:07:48,REAL,67745152503,537,67745153040,67745153040
2025-06-19 09:07:50,REAL,67745153040,543,67745153583,67745153583
2025-06-19 09:07:52,REAL,67745153583,535,67745154118,67745154118
2025-06-19 09:07:54,REAL,67745154118,540,67745154658,67745154658
2025-06-19 09:07:56,REAL,67745154658,541,67745155199,67745155199
2025-06-19 09:07:58,REAL,67745155199,618,67745155817,67745155817
2025-06-19 09:08:00,REAL,67745155817,605,67745156422,67745156422
2025-06-19 09:08:02,REAL,67745156422,537,67745156959,67745156959
2025-06-19 09:08:04,REAL,67745156959,599,67745157558,67745157558
2025-06-19 09:08:06,REAL,67745157558,537,67745158095,67745158095
2025-06-19 09:08:08,REAL,67745158095,546,67745158641,67745158641
2025-06-19 09:08:10,REAL,67745158641,537,67745159178,67745159178
2025-06-19 09:08:12,REAL,67745159178,605,67745159783,67745159783
2025-06-19 09:08:14,REAL,67745159783,602,67745160385,67745160385
2025-06-19 09:08:16,REAL,67745160385,662,67745161047,67745161047
2025-06-19 09:08:18,REAL,67745161047,603,67745161650,67745161650
2025-06-19 09:08:20,REAL,67745161650,599,67745162249,67745162249
2025-06-19 09:08:22,REAL,67745162249,535,67745162784,67745162784
2025-06-19 09:08:24,REAL,67745162784,542,67745163326,67745163326
2025-06-19 09:08:26,REAL,67745163326,546,67745163872,67745163872
2025-06-19 09:08:28,REAL,67745163872,618,67745164490,67745164490
2025-06-19 09:08:30,REAL,67745164490,539,67745165029,67745165029
2025-06-19 09:08:32,REAL,67745165029,542,67745165571,67745165571
2025-06-19 09:08:34,REAL,67745165571,531,67745166102,67745166102
2025-06-19 09:08:36,REAL,67745166102,607,67745166709,67745166709
2025-06-19 09:08:38,REAL,67745166709,594,67745167303,67745167303
2025-06-19 09:08:40,REAL,67745167303,651,67745167954,67745167954
2025-06-19 09:08:42,REAL,67745167954,743,67745168697,67745168697
2025-06-19 09:08:44,REAL,67745168697,598,67745169295,67745169295
2025-06-19 09:08:46,REAL,67745169295,595,67745169890,67745169890
2025-06-19 09:08:48,REAL,67745169890,544,67745170434,67745170434
2025-06-19 09:08:50,REAL,67745170434,535,67745170969,67745170969
2025-06-19 09:08:52,REAL,67745170969,536,67745171505,67745171505
2025-06-19 09:08:54,REAL,67745171505,539,67745172044,67745172044
2025-06-19 09:08:56,REAL,67745172044,541,67745172585,67745172585
2025-06-19 09:08:58,REAL,67745172585,672,67745173257,67745173257
2025-06-19 09:09:00,REAL,67745173257,542,67745173799,67745173799
2025-06-19 09:09:02,REAL,67745173799,599,67745174398,67745174398
2025-06-19 09:09:04,REAL,67745174398,238557,67745412955,67745412955
2025-06-19 09:09:06,REAL,67745412955,32300,67745445255,67745445255
2025-06-19 09:09:08,REAL,67745445255,29067,67745474322,67745474322
2025-06-19 09:09:10,REAL,67745474322,29617,67745503939,67745503939
2025-06-19 09:09:12,REAL,67745503939,29583,67745533522,67745533522
2025-06-19 09:09:14,REAL,67745533522,29735,67745563257,67745563257
2025-06-19 09:09:16,REAL,67745563257,29203,67745592460,67745592460
2025-06-19 09:09:18,REAL,67745592460,17498,67745609958,67745609958
2025-06-19 09:09:20,REAL,67745609958,539,67745610497,67745610497
2025-06-19 09:09:22,REAL,67745610497,543,67745611040,67745611040
2025-06-19 09:09:24,REAL,67745611040,539,67745611579,67745611579
2025-06-19 09:09:26,REAL,67745611579,547,67745612126,67745612126
2025-06-19 09:09:28,REAL,67745612126,614,67745612740,67745612740
2025-06-19 09:09:30,REAL,67745612740,537,67745613277,67745613277
2025-06-19 09:09:32,REAL,67745613277,542,67745613819,67745613819
2025-06-19 09:09:34,REAL,67745613819,663,67745614482,67745614482
2025-06-19 09:09:36,REAL,67745614482,537,67745615019,67745615019
2025-06-19 09:09:38,REAL,67745615019,540,67745615559,67745615559
2025-06-19 09:09:40,REAL,67745615559,544,67745616103,67745616103
2025-06-19 09:09:42,REAL,67745616103,537,67745616640,67745616640
2025-06-19 09:09:44,REAL,67745616640,618,67745617258,67745617258
2025-06-19 09:09:46,REAL,67745617258,546,67745617804,67745617804
2025-06-19 09:09:48,REAL,67745617804,535,67745618339,67745618339
2025-06-19 09:09:50,REAL,67745618339,654,67745618993,67745618993
2025-06-19 09:09:52,REAL,67745618993,545,67745619538,67745619538
2025-06-19 09:09:54,REAL,67745619538,545,67745620083,67745620083
2025-06-19 09:09:56,REAL,67745620083,549,67745620632,67745620632
2025-06-19 09:09:58,REAL,67745620632,624,67745621256,67745621256
2025-06-19 09:10:00,REAL,67745621256,539,67745621795,67745621795
2025-06-19 09:10:02,REAL,67745621795,546,67745622341,67745622341
2025-06-19 09:10:04,REAL,67745622341,604,67745622945,67745622945
2025-06-19 09:10:06,REAL,67745622945,597,67745623542,67745623542
2025-06-19 09:10:08,REAL,67745623542,543,67745624085,67745624085
2025-06-19 09:10:10,REAL,67745624085,538,67745624623,67745624623
2025-06-19 09:10:12,REAL,67745624623,537,67745625160,67745625160
2025-06-19 09:10:14,REAL,67745625160,606,67745625766,67745625766
2025-06-19 09:10:16,REAL,67745625766,539,67745626305,67745626305
2025-06-19 09:10:18,REAL,67745626305,537,67745626842,67745626842
2025-06-19 09:10:20,REAL,67745626842,535,67745627377,67745627377
2025-06-19 09:10:22,REAL,67745627377,10261,67745637638,67745637638
2025-06-19 09:10:24,REAL,67745637638,254587,67745892225,67745892225
2025-06-19 09:10:26,REAL,67745892225,29085,67745921310,67745921310
2025-06-19 09:10:28,REAL,67745921310,28955,67745950265,67745950265
2025-06-19 09:10:30,REAL,67745950265,29426,67745979691,67745979691
2025-06-19 09:10:32,REAL,67745979691,29222,67746008913,67746008913
2025-06-19 09:10:34,REAL,67746008913,29411,67746038324,67746038324
2025-06-19 09:10:36,REAL,67746038324,29211,67746067535,67746067535
2025-06-19 09:10:38,REAL,67746067535,12420,67746079955,67746079955
2025-06-19 09:10:40,REAL,67746079955,536,67746080491,67746080491
2025-06-19 09:10:42,REAL,67746080491,542,67746081033,67746081033
2025-06-19 09:10:44,REAL,67746081033,609,67746081642,67746081642
2025-06-19 09:10:46,REAL,67746081642,542,67746082184,67746082184
2025-06-19 09:10:48,REAL,67746082184,547,67746082731,67746082731
2025-06-19 09:10:50,REAL,67746082731,543,67746083274,67746083274
2025-06-19 09:10:52,REAL,67746083274,536,67746083810,67746083810
2025-06-19 09:10:54,REAL,67746083810,769,67746084579,67746084579
2025-06-19 09:10:56,REAL,67746084579,601,67746085180,67746085180
2025-06-19 09:10:58,REAL,67746085180,669,67746085849,67746085849
2025-06-19 09:11:00,REAL,67746085849,607,67746086456,67746086456
2025-06-19 09:11:02,REAL,67746086456,601,67746087057,67746087057
2025-06-19 09:11:04,REAL,67746087057,657,67746087714,67746087714
2025-06-19 09:11:06,REAL,67746087714,598,67746088312,67746088312
2025-06-19 09:11:08,REAL,67746088312,604,67746088916,67746088916
2025-06-19 09:11:10,REAL,67746088916,534,67746089450,67746089450
2025-06-19 09:11:12,REAL,67746089450,534,67746089984,67746089984
2025-06-19 09:11:14,REAL,67746089984,619,67746090603,67746090603
2025-06-19 09:11:16,REAL,67746090603,540,67746091143,67746091143
2025-06-19 09:11:18,REAL,67746091143,544,67746091687,67746091687
2025-06-19 09:11:20,REAL,67746091687,539,67746092226,67746092226
2025-06-19 09:11:22,REAL,67746092226,535,67746092761,67746092761
2025-06-19 09:11:24,REAL,67746092761,660,67746093421,67746093421
2025-06-19 09:11:26,REAL,67746093421,534,67746093955,67746093955
2025-06-19 09:11:28,REAL,67746093955,670,67746094625,67746094625
2025-06-19 09:11:30,REAL,67746094625,545,67746095170,67746095170
2025-06-19 09:11:32,REAL,67746095170,531,67746095701,67746095701
2025-06-19 09:11:34,REAL,67746095701,531,67746096232,67746096232
2025-06-19 09:11:36,REAL,67746096232,535,67746096767,67746096767
2025-06-19 09:11:38,REAL,67746096767,546,67746097313,67746097313
2025-06-19 09:11:40,REAL,67746097313,607,67746097920,67746097920
2025-06-19 09:11:42,REAL,67746097920,533,67746098453,67746098453
2025-06-19 09:11:44,REAL,67746098453,610,67746099063,67746099063
2025-06-19 09:11:46,REAL,67746099063,535,67746099598,67746099598
2025-06-19 09:11:48,REAL,67746099598,532,67746100130,67746100130
2025-06-19 09:11:50,REAL,67746100130,535,67746100665,67746100665
2025-06-19 09:11:52,REAL,67746100665,541,67746101206,67746101206
2025-06-19 09:11:54,REAL,67746101206,594,67746101800,67746101800
2025-06-19 09:11:56,REAL,67746101800,599,67746102399,67746102399
2025-06-19 09:11:58,REAL,67746102399,605,67746103004,67746103004
2025-06-19 09:12:00,REAL,67746103004,603,67746103607,67746103607
2025-06-19 09:12:02,REAL,67746103607,544,67746104151,67746104151
2025-06-19 09:12:04,REAL,67746104151,542,67746104693,67746104693
2025-06-19 09:12:06,REAL,67746104693,532,67746105225,67746105225
2025-06-19 09:12:08,REAL,67746105225,534,67746105759,67746105759
2025-06-19 09:12:10,REAL,67746105759,545,67746106304,67746106304
2025-06-19 09:12:12,REAL,67746106304,596,67746106900,67746106900
2025-06-19 09:12:14,REAL,67746106900,617,67746107517,67746107517
2025-06-19 09:12:16,REAL,67746107517,542,67746108059,67746108059
2025-06-19 09:12:18,REAL,67746108059,539,67746108598,67746108598
2025-06-19 09:12:20,REAL,67746108598,543,67746109141,67746109141
2025-06-19 09:12:22,REAL,67746109141,538,67746109679,67746109679
2025-06-19 09:12:24,REAL,67746109679,537,67746110216,67746110216
2025-06-19 09:12:26,REAL,67746110216,599,67746110815,67746110815
2025-06-19 09:12:28,REAL,67746110815,681,67746111496,67746111496
2025-06-19 09:12:30,REAL,67746111496,542,67746112038,67746112038
2025-06-19 09:12:32,REAL,67746112038,591,67746112629,67746112629
2025-06-19 09:12:34,REAL,67746112629,538,67746113167,67746113167
2025-06-19 09:12:36,REAL,67746113167,544,67746113711,67746113711
2025-06-19 09:12:38,REAL,67746113711,542,67746114253,67746114253
2025-06-19 09:12:40,REAL,67746114253,545,67746114798,67746114798
2025-06-19 09:12:42,REAL,67746114798,539,67746115337,67746115337
2025-06-19 09:12:44,REAL,67746115337,684,67746116021,67746116021
2025-06-19 09:12:46,REAL,67746116021,543,67746116564,67746116564
2025-06-19 09:12:48,REAL,67746116564,534,67746117098,67746117098
2025-06-19 09:12:50,REAL,67746117098,538,67746117636,67746117636
2025-06-19 09:12:52,REAL,67746117636,543,67746118179,67746118179
2025-06-19 09:12:54,REAL,67746118179,544,67746118723,67746118723
2025-06-19 09:12:56,REAL,67746118723,596,67746119319,67746119319
2025-06-19 09:12:58,REAL,67746119319,622,67746119941,67746119941
2025-06-19 09:13:00,REAL,67746119941,594,67746120535,67746120535
2025-06-19 09:13:02,REAL,67746120535,537,67746121072,67746121072
2025-06-19 09:13:04,REAL,67746121072,546,67746121618,67746121618
2025-06-19 09:13:06,REAL,67746121618,600,67746122218,67746122218
2025-06-19 09:13:08,REAL,67746122218,537,67746122755,67746122755
2025-06-19 09:13:10,REAL,67746122755,535,67746123290,67746123290
2025-06-19 09:13:12,REAL,67746123290,534,67746123824,67746123824
2025-06-19 09:13:14,REAL,67746123824,613,67746124437,67746124437
2025-06-19 09:13:16,REAL,67746124437,598,67746125035,67746125035
2025-06-19 09:13:18,REAL,67746125035,538,67746125573,67746125573
2025-06-19 09:13:20,REAL,67746125573,540,67746126113,67746126113
2025-06-19 09:13:22,REAL,67746126113,544,67746126657,67746126657
2025-06-19 09:13:24,REAL,67746126657,544,67746127201,67746127201
2025-06-19 09:13:26,REAL,67746127201,550,67746127751,67746127751
2025-06-19 09:13:28,REAL,67746127751,671,67746128422,67746128422
2025-06-19 09:13:30,REAL,67746128422,540,67746128962,67746128962
2025-06-19 09:13:32,REAL,67746128962,602,67746129564,67746129564
2025-06-19 09:13:34,REAL,67746129564,538,67746130102,67746130102
2025-06-19 09:13:36,REAL,67746130102,538,67746130640,67746130640
2025-06-19 09:13:38,REAL,67746130640,594,67746131234,67746131234
2025-06-19 09:13:40,REAL,67746131234,540,67746131774,67746131774
2025-06-19 09:13:42,REAL,67746131774,536,67746132310,67746132310
2025-06-19 09:13:44,REAL,67746132310,621,67746132931,67746132931
2025-06-19 09:13:46,REAL,67746132931,538,67746133469,67746133469
2025-06-19 09:13:48,REAL,67746133469,595,67746134064,67746134064
2025-06-19 09:13:50,REAL,67746134064,536,67746134600,67746134600
2025-06-19 09:13:52,REAL,67746134600,538,67746135138,67746135138
2025-06-19 09:13:54,REAL,67746135138,536,67746135674,67746135674
2025-06-19 09:13:56,REAL,67746135674,546,67746136220,67746136220
2025-06-19 09:13:58,REAL,67746136220,604,67746136824,67746136824
2025-06-19 09:14:00,REAL,67746136824,615,67746137439,67746137439
2025-06-19 09:14:02,REAL,67746137439,538,67746137977,67746137977
2025-06-19 09:14:04,REAL,67746137977,608,67746138585,67746138585
2025-06-19 09:14:06,REAL,67746138585,257210,67746395795,67746395795
2025-06-19 09:14:08,REAL,67746395795,29180,67746424975,67746424975
2025-06-19 09:14:10,REAL,67746424975,29287,67746454262,67746454262
2025-06-19 09:14:12,REAL,67746454262,29044,67746483306,67746483306
2025-06-19 09:14:14,REAL,67746483306,29408,67746512714,67746512714
2025-06-19 09:14:16,REAL,67746512714,29367,67746542081,67746542081
2025-06-19 09:14:18,REAL,67746542081,28948,67746571029,67746571029
2025-06-19 09:14:20,REAL,67746571029,15331,67746586360,67746586360
2025-06-19 09:14:22,REAL,67746586360,542,67746586902,67746586902
2025-06-19 09:14:24,REAL,67746586902,532,67746587434,67746587434
2025-06-19 09:14:26,REAL,67746587434,535,67746587969,67746587969
2025-06-19 09:14:28,REAL,67746587969,548,67746588517,67746588517
2025-06-19 09:14:30,REAL,67746588517,609,67746589126,67746589126
2025-06-19 09:14:32,REAL,67746589126,545,67746589671,67746589671
2025-06-19 09:14:34,REAL,67746589671,540,67746590211,67746590211
2025-06-19 09:14:36,REAL,67746590211,597,67746590808,67746590808
2025-06-19 09:14:38,REAL,67746590808,547,67746591355,67746591355
2025-06-19 09:14:40,REAL,67746591355,592,67746591947,67746591947
2025-06-19 09:14:42,REAL,67746591947,543,67746592490,67746592490
2025-06-19 09:14:44,REAL,67746592490,679,67746593169,67746593169
2025-06-19 09:14:46,REAL,67746593169,538,67746593707,67746593707
2025-06-19 09:14:48,REAL,67746593707,543,67746594250,67746594250
2025-06-19 09:14:50,REAL,67746594250,549,67746594799,67746594799
2025-06-19 09:14:52,REAL,67746594799,599,67746595398,67746595398
2025-06-19 09:14:54,REAL,67746595398,541,67746595939,67746595939
2025-06-19 09:14:56,REAL,67746595939,536,67746596475,67746596475
2025-06-19 09:14:58,REAL,67746596475,544,67746597019,67746597019
2025-06-19 09:15:00,REAL,67746597019,615,67746597634,67746597634
2025-06-19 09:15:02,REAL,67746597634,543,67746598177,67746598177
2025-06-19 09:15:04,REAL,67746598177,543,67746598720,67746598720
2025-06-19 09:15:06,REAL,67746598720,589,67746599309,67746599309
2025-06-19 09:15:08,REAL,67746599309,664,67746599973,67746599973
2025-06-19 09:15:10,REAL,67746599973,606,67746600579,67746600579
2025-06-19 09:15:12,REAL,67746600579,596,67746601175,67746601175
2025-06-19 09:15:14,REAL,67746601175,748,67746601923,67746601923
2025-06-19 09:15:16,REAL,67746601923,657,67746602580,67746602580
2025-06-19 09:15:18,REAL,67746602580,602,67746603182,67746603182
2025-06-19 09:15:20,REAL,67746603182,538,67746603720,67746603720
2025-06-19 09:15:22,REAL,67746603720,612,67746604332,67746604332
2025-06-19 09:15:24,REAL,67746604332,550,67746604882,67746604882
2025-06-19 09:15:26,REAL,67746604882,536,67746605418,67746605418
2025-06-19 09:15:28,REAL,67746605418,541,67746605959,67746605959
2025-06-19 09:15:30,REAL,67746605959,665,67746606624,67746606624
2025-06-19 09:15:32,REAL,67746606624,540,67746607164,67746607164
2025-06-19 09:15:34,REAL,67746607164,30433,67746637597,67746637597
2025-06-19 09:15:36,REAL,67746637597,212991,67746850588,67746850588
2025-06-19 09:15:38,REAL,67746850588,29651,67746880239,67746880239
2025-06-19 09:15:40,REAL,67746880239,28614,67746908853,67746908853
2025-06-19 09:15:42,REAL,67746908853,29192,67746938045,67746938045
2025-06-19 09:15:44,REAL,67746938045,29337,67746967382,67746967382
2025-06-19 09:15:46,REAL,67746967382,29306,67746996688,67746996688
2025-06-19 09:15:48,REAL,67746996688,28519,67747025207,67747025207
2025-06-19 09:15:50,REAL,67747025207,10843,67747036050,67747036050
2025-06-19 09:15:52,REAL,67747036050,533,67747036583,67747036583
2025-06-19 09:15:54,REAL,67747036583,600,67747037183,67747037183
2025-06-19 09:15:56,REAL,67747037183,537,67747037720,67747037720
2025-06-19 09:15:58,REAL,67747037720,537,67747038257,67747038257
2025-06-19 09:16:00,REAL,67747038257,614,67747038871,67747038871
2025-06-19 09:16:02,REAL,67747038871,540,67747039411,67747039411
2025-06-19 09:16:04,REAL,67747039411,542,67747039953,67747039953
2025-06-19 09:16:06,REAL,67747039953,595,67747040548,67747040548
2025-06-19 09:16:08,REAL,67747040548,537,67747041085,67747041085
2025-06-19 09:16:10,REAL,67747041085,592,67747041677,67747041677
2025-06-19 09:16:12,REAL,67747041677,543,67747042220,67747042220
2025-06-19 09:16:14,REAL,67747042220,624,67747042844,67747042844
2025-06-19 09:16:16,REAL,67747042844,536,67747043380,67747043380
2025-06-19 09:16:18,REAL,67747043380,596,67747043976,67747043976
2025-06-19 09:16:20,REAL,67747043976,546,67747044522,67747044522
2025-06-19 09:16:22,REAL,67747044522,666,67747045188,67747045188
2025-06-19 09:16:24,REAL,67747045188,601,67747045789,67747045789
2025-06-19 09:16:26,REAL,67747045789,603,67747046392,67747046392
2025-06-19 09:16:28,REAL,67747046392,538,67747046930,67747046930
2025-06-19 09:16:30,REAL,67747046930,617,67747047547,67747047547
2025-06-19 09:16:32,REAL,67747047547,546,67747048093,67747048093
2025-06-19 09:16:34,REAL,67747048093,535,67747048628,67747048628
2025-06-19 09:16:36,REAL,67747048628,535,67747049163,67747049163
2025-06-19 09:16:38,REAL,67747049163,535,67747049698,67747049698
2025-06-19 09:16:40,REAL,67747049698,535,67747050233,67747050233
2025-06-19 09:16:42,REAL,67747050233,658,67747050891,67747050891
2025-06-19 09:16:44,REAL,67747050891,675,67747051566,67747051566
2025-06-19 09:16:46,REAL,67747051566,657,67747052223,67747052223
2025-06-19 09:16:48,REAL,67747052223,601,67747052824,67747052824
2025-06-19 09:16:50,REAL,67747052824,536,67747053360,67747053360
2025-06-19 09:16:52,REAL,67747053360,541,67747053901,67747053901
2025-06-19 09:16:54,REAL,67747053901,536,67747054437,67747054437
2025-06-19 09:16:56,REAL,67747054437,533,67747054970,67747054970
2025-06-19 09:16:58,REAL,67747054970,538,67747055508,67747055508
2025-06-19 09:17:00,REAL,67747055508,620,67747056128,67747056128
2025-06-19 09:17:02,REAL,67747056128,535,67747056663,67747056663
2025-06-19 09:17:04,REAL,67747056663,75962,67747132625,67747132625
2025-06-19 09:17:06,REAL,67747132625,180688,67747313313,67747313313
2025-06-19 09:17:08,REAL,67747313313,28907,67747342220,67747342220
2025-06-19 09:17:10,REAL,67747342220,28957,67747371177,67747371177
2025-06-19 09:17:12,REAL,67747371177,29607,67747400784,67747400784
2025-06-19 09:17:14,REAL,67747400784,29527,67747430311,67747430311
2025-06-19 09:17:16,REAL,67747430311,29337,67747459648,67747459648
2025-06-19 09:17:18,REAL,67747459648,28734,67747488382,67747488382
2025-06-19 09:17:20,REAL,67747488382,6190,67747494572,67747494572
2025-06-19 09:17:22,REAL,67747494572,534,67747495106,67747495106
2025-06-19 09:17:24,REAL,67747495106,536,67747495642,67747495642
2025-06-19 09:17:26,REAL,67747495642,545,67747496187,67747496187
2025-06-19 09:17:28,REAL,67747496187,546,67747496733,67747496733
2025-06-19 09:17:30,REAL,67747496733,625,67747497358,67747497358
2025-06-19 09:17:32,REAL,67747497358,602,67747497960,67747497960
2025-06-19 09:17:34,REAL,67747497960,541,67747498501,67747498501
2025-06-19 09:17:36,REAL,67747498501,97883,67747596384,67747596384
2025-06-19 09:17:38,REAL,67747596384,184452,67747780836,67747780836
2025-06-19 09:17:40,REAL,67747780836,28622,67747809458,67747809458
2025-06-19 09:17:42,REAL,67747809458,29034,67747838492,67747838492
2025-06-19 09:17:44,REAL,67747838492,29140,67747867632,67747867632
2025-06-19 09:17:46,REAL,67747867632,29130,67747896762,67747896762
2025-06-19 09:17:48,REAL,67747896762,29417,67747926179,67747926179
2025-06-19 09:17:50,REAL,67747926179,29541,67747955720,67747955720
2025-06-19 09:17:52,REAL,67747955720,3887,67747959607,67747959607
2025-06-19 09:17:54,REAL,67747959607,589,67747960196,67747960196
2025-06-19 09:17:56,REAL,67747960196,539,67747960735,67747960735
2025-06-19 09:17:58,REAL,67747960735,545,67747961280,67747961280
2025-06-19 09:18:00,REAL,67747961280,615,67747961895,67747961895
2025-06-19 09:18:02,REAL,67747961895,544,67747962439,67747962439
2025-06-19 09:18:04,REAL,67747962439,536,67747962975,67747962975
2025-06-19 09:18:06,REAL,67747962975,537,67747963512,67747963512
2025-06-19 09:18:08,REAL,67747963512,660,67747964172,67747964172
2025-06-19 09:18:10,REAL,67747964172,594,67747964766,67747964766
2025-06-19 09:18:12,REAL,67747964766,651,67747965417,67747965417
2025-06-19 09:18:14,REAL,67747965417,685,67747966102,67747966102
2025-06-19 09:18:16,REAL,67747966102,600,67747966702,67747966702
2025-06-19 09:18:18,REAL,67747966702,665,67747967367,67747967367
2025-06-19 09:18:20,REAL,67747967367,549,67747967916,67747967916
2025-06-19 09:18:22,REAL,67747967916,539,67747968455,67747968455
2025-06-19 09:18:24,REAL,67747968455,536,67747968991,67747968991
2025-06-19 09:18:26,REAL,67747968991,542,67747969533,67747969533
2025-06-19 09:18:28,REAL,67747969533,547,67747970080,67747970080
2025-06-19 09:18:30,REAL,67747970080,608,67747970688,67747970688
2025-06-19 09:18:32,REAL,67747970688,541,67747971229,67747971229
2025-06-19 09:18:34,REAL,67747971229,596,67747971825,67747971825
2025-06-19 09:18:36,REAL,67747971825,545,67747972370,67747972370
2025-06-19 09:18:38,REAL,67747972370,538,67747972908,67747972908
2025-06-19 09:18:40,REAL,67747972908,543,67747973451,67747973451
2025-06-19 09:18:42,REAL,67747973451,598,67747974049,67747974049
2025-06-19 09:18:44,REAL,67747974049,546,67747974595,67747974595
2025-06-19 09:18:46,REAL,67747974595,675,67747975270,67747975270
2025-06-19 09:18:48,REAL,67747975270,532,67747975802,67747975802
2025-06-19 09:18:50,REAL,67747975802,600,67747976402,67747976402
2025-06-19 09:18:52,REAL,67747976402,533,67747976935,67747976935
2025-06-19 09:18:54,REAL,67747976935,546,67747977481,67747977481
2025-06-19 09:18:56,REAL,67747977481,546,67747978027,67747978027
2025-06-19 09:18:58,REAL,67747978027,532,67747978559,67747978559
2025-06-19 09:19:00,REAL,67747978559,615,67747979174,67747979174
2025-06-19 09:19:02,REAL,67747979174,536,67747979710,67747979710
2025-06-19 09:19:04,REAL,67747979710,542,67747980252,67747980252
2025-06-19 09:19:06,REAL,67747980252,657,67747980909,67747980909
2025-06-19 09:19:08,REAL,67747980909,543,67747981452,67747981452
2025-06-19 09:19:10,REAL,67747981452,543,67747981995,67747981995
2025-06-19 09:19:12,REAL,67747981995,537,67747982532,67747982532
2025-06-19 09:19:14,REAL,67747982532,548,67747983080,67747983080
2025-06-19 09:19:16,REAL,67747983080,614,67747983694,67747983694
2025-06-19 09:19:18,REAL,67747983694,537,67747984231,67747984231
2025-06-19 09:19:20,REAL,67747984231,544,67747984775,67747984775
2025-06-19 09:19:22,REAL,67747984775,707,67747985482,67747985482
2025-06-19 09:19:24,REAL,67747985482,601,67747986083,67747986083
2025-06-19 09:19:26,REAL,67747986083,603,67747986686,67747986686
2025-06-19 09:19:28,REAL,67747986686,541,67747987227,67747987227
2025-06-19 09:19:30,REAL,67747987227,674,67747987901,67747987901
2025-06-19 09:19:32,REAL,67747987901,540,67747988441,67747988441
2025-06-19 09:19:34,REAL,67747988441,546,67747988987,67747988987
2025-06-19 09:19:36,REAL,67747988987,533,67747989520,67747989520
2025-06-19 09:19:38,REAL,67747989520,547,67747990067,67747990067
2025-06-19 09:19:40,REAL,67747990067,540,67747990607,67747990607
2025-06-19 09:19:42,REAL,67747990607,601,67747991208,67747991208
2025-06-19 09:19:44,REAL,67747991208,544,67747991752,67747991752
2025-06-19 09:19:46,REAL,67747991752,608,67747992360,67747992360
2025-06-19 09:19:48,REAL,67747992360,536,67747992896,67747992896
2025-06-19 09:19:50,REAL,67747992896,542,67747993438,67747993438
2025-06-19 09:19:52,REAL,67747993438,547,67747993985,67747993985
2025-06-19 09:19:54,REAL,67747993985,589,67747994574,67747994574
2025-06-19 09:19:56,REAL,67747994574,595,67747995169,67747995169
2025-06-19 09:19:58,REAL,67747995169,602,67747995771,67747995771
2025-06-19 09:20:00,REAL,67747995771,541,67747996312,67747996312
2025-06-19 09:20:02,REAL,67747996312,610,67747996922,67747996922
2025-06-19 09:20:04,REAL,67747996922,547,67747997469,67747997469
2025-06-19 09:20:06,REAL,67747997469,539,67747998008,67747998008
2025-06-19 09:20:08,REAL,67747998008,532,67747998540,67747998540
2025-06-19 09:20:10,REAL,67747998540,538,67747999078,67747999078
2025-06-19 09:20:12,REAL,67747999078,537,67747999615,67747999615
2025-06-19 09:20:14,REAL,67747999615,33850,67748033465,67748033465
2025-06-19 09:20:16,REAL,67748033465,241487,67748274952,67748274952
2025-06-19 09:20:18,REAL,67748274952,29287,67748304239,67748304239
2025-06-19 09:20:20,REAL,67748304239,29018,67748333257,67748333257
2025-06-19 09:20:22,REAL,67748333257,29201,67748362458,67748362458
2025-06-19 09:20:24,REAL,67748362458,29406,67748391864,67748391864
2025-06-19 09:20:26,REAL,67748391864,28977,67748420841,67748420841
2025-06-19 09:20:28,REAL,67748420841,29355,67748450196,67748450196
2025-06-19 09:20:30,REAL,67748450196,10319,67748460515,67748460515
2025-06-19 09:20:32,REAL,67748460515,614,67748461129,67748461129
2025-06-19 09:20:34,REAL,67748461129,537,67748461666,67748461666
2025-06-19 09:20:36,REAL,67748461666,535,67748462201,67748462201
2025-06-19 09:20:38,REAL,67748462201,536,67748462737,67748462737
2025-06-19 09:20:40,REAL,67748462737,544,67748463281,67748463281
2025-06-19 09:20:42,REAL,67748463281,544,67748463825,67748463825
2025-06-19 09:20:44,REAL,67748463825,543,67748464368,67748464368
2025-06-19 09:20:46,REAL,67748464368,737,67748465105,67748465105
2025-06-19 09:20:48,REAL,67748465105,593,67748465698,67748465698
2025-06-19 09:20:50,REAL,67748465698,712,67748466410,67748466410
2025-06-19 09:20:52,REAL,67748466410,602,67748467012,67748467012
2025-06-19 09:20:54,REAL,67748467012,596,67748467608,67748467608
2025-06-19 09:20:56,REAL,67748467608,655,67748468263,67748468263
2025-06-19 09:20:58,REAL,67748468263,601,67748468864,67748468864
2025-06-19 09:21:00,REAL,67748468864,598,67748469462,67748469462
2025-06-19 09:21:02,REAL,67748469462,200655,67748670117,67748670117
2025-06-19 09:21:04,REAL,67748670117,92674,67748762791,67748762791
2025-06-19 09:21:06,REAL,67748762791,29561,67748792352,67748792352
2025-06-19 09:21:08,REAL,67748792352,28739,67748821091,67748821091
2025-06-19 09:21:10,REAL,67748821091,29305,67748850396,67748850396
2025-06-19 09:21:12,REAL,67748850396,28688,67748879084,67748879084
2025-06-19 09:21:14,REAL,67748879084,29189,67748908273,67748908273
2025-06-19 09:21:16,REAL,67748908273,22850,67748931123,67748931123
2025-06-19 09:21:18,REAL,67748931123,531,67748931654,67748931654
2025-06-19 09:21:20,REAL,67748931654,543,67748932197,67748932197
2025-06-19 09:21:22,REAL,67748932197,539,67748932736,67748932736
2025-06-19 09:21:24,REAL,67748932736,539,67748933275,67748933275
2025-06-19 09:21:26,REAL,67748933275,539,67748933814,67748933814
2025-06-19 09:21:28,REAL,67748933814,297,67748934111,67748934111
2025-06-19 09:21:30,REAL,67748934111,534,67748934645,67748934645
2025-06-19 09:21:32,REAL,67748934645,676,67748935321,67748935321
2025-06-19 09:21:34,REAL,67748935321,213202,67749148523,67749148523
2025-06-19 09:21:36,REAL,67749148523,71293,67749219816,67749219816
2025-06-19 09:21:38,REAL,67749219816,29116,67749248932,67749248932
2025-06-19 09:21:40,REAL,67749248932,29208,67749278140,67749278140
2025-06-19 09:21:42,REAL,67749278140,28932,67749307072,67749307072
2025-06-19 09:21:44,REAL,67749307072,29035,67749336107,67749336107
2025-06-19 09:21:46,REAL,67749336107,29241,67749365348,67749365348
2025-06-19 09:21:48,REAL,67749365348,20843,67749386191,67749386191
2025-06-19 09:21:50,REAL,67749386191,537,67749386728,67749386728
2025-06-19 09:21:52,REAL,67749386728,544,67749387272,67749387272
2025-06-19 09:21:54,REAL,67749387272,538,67749387810,67749387810
2025-06-19 09:21:56,REAL,67749387810,540,67749388350,67749388350
2025-06-19 09:21:58,REAL,67749388350,536,67749388886,67749388886
2025-06-19 09:22:00,REAL,67749388886,533,67749389419,67749389419
2025-06-19 09:22:02,REAL,67749389419,616,67749390035,67749390035
2025-06-19 09:22:04,REAL,67749390035,597,67749390632,67749390632
2025-06-19 09:22:06,REAL,67749390632,592,67749391224,67749391224
2025-06-19 09:22:08,REAL,67749391224,656,67749391880,67749391880
2025-06-19 09:22:10,REAL,67749391880,653,67749392533,67749392533
2025-06-19 09:22:12,REAL,67749392533,546,67749393079,67749393079
2025-06-19 09:22:14,REAL,67749393079,549,67749393628,67749393628
2025-06-19 09:22:16,REAL,67749393628,621,67749394249,67749394249
2025-06-19 09:22:18,REAL,67749394249,543,67749394792,67749394792
2025-06-19 09:22:20,REAL,67749394792,540,67749395332,67749395332
2025-06-19 09:22:22,REAL,67749395332,541,67749395873,67749395873
2025-06-19 09:22:24,REAL,67749395873,549,67749396422,67749396422
2025-06-19 09:22:26,REAL,67749396422,661,67749397083,67749397083
2025-06-19 09:22:28,REAL,67749397083,592,67749397675,67749397675
2025-06-19 09:22:30,REAL,67749397675,839,67749398514,67749398514
2025-06-19 09:22:32,REAL,67749398514,437,67749398951,67749398951
2025-06-19 09:22:34,REAL,67749398951,607,67749399558,67749399558
2025-06-19 09:22:36,REAL,67749399558,662,67749400220,67749400220
2025-06-19 09:22:38,REAL,67749400220,540,67749400760,67749400760
2025-06-19 09:22:40,REAL,67749400760,542,67749401302,67749401302
2025-06-19 09:22:42,REAL,67749401302,547,67749401849,67749401849
2025-06-19 09:22:44,REAL,67749401849,597,67749402446,67749402446
2025-06-19 09:22:46,REAL,67749402446,612,67749403058,67749403058
2025-06-19 09:22:48,REAL,67749403058,537,67749403595,67749403595
2025-06-19 09:22:50,REAL,67749403595,540,67749404135,67749404135
2025-06-19 09:22:52,REAL,67749404135,655,67749404790,67749404790
2025-06-19 09:22:54,REAL,67749404790,605,67749405395,67749405395
2025-06-19 09:22:56,REAL,67749405395,602,67749405997,67749405997
2025-06-19 09:22:58,REAL,67749405997,600,67749406597,67749406597
2025-06-19 09:23:00,REAL,67749406597,593,67749407190,67749407190
2025-06-19 09:23:02,REAL,67749407190,110489,67749517679,67749517679
2025-06-19 09:23:04,REAL,67749517679,194221,67749711900,67749711900
2025-06-19 09:23:06,REAL,67749711900,29161,67749741061,67749741061
2025-06-19 09:23:08,REAL,67749741061,28901,67749769962,67749769962
2025-06-19 09:23:10,REAL,67749769962,29052,67749799014,67749799014
2025-06-19 09:23:12,REAL,67749799014,29102,67749828116,67749828116
2025-06-19 09:23:14,REAL,67749828116,29418,67749857534,67749857534
2025-06-19 09:23:16,REAL,67749857534,28395,67749885929,67749885929
2025-06-19 09:23:18,REAL,67749885929,3291,67749889220,67749889220
2025-06-19 09:23:20,REAL,67749889220,531,67749889751,67749889751
2025-06-19 09:23:22,REAL,67749889751,533,67749890284,67749890284
2025-06-19 09:23:24,REAL,67749890284,548,67749890832,67749890832
2025-06-19 09:23:26,REAL,67749890832,542,67749891374,67749891374
2025-06-19 09:23:28,REAL,67749891374,596,67749891970,67749891970
2025-06-19 09:23:30,REAL,67749891970,537,67749892507,67749892507
2025-06-19 09:23:32,REAL,67749892507,615,67749893122,67749893122
2025-06-19 09:23:34,REAL,67749893122,609,67749893731,67749893731
2025-06-19 09:23:36,REAL,67749893731,545,67749894276,67749894276
2025-06-19 09:23:38,REAL,67749894276,600,67749894876,67749894876
2025-06-19 09:23:40,REAL,67749894876,546,67749895422,67749895422
2025-06-19 09:23:42,REAL,67749895422,533,67749895955,67749895955
2025-06-19 09:23:44,REAL,67749895955,535,67749896490,67749896490
2025-06-19 09:23:46,REAL,67749896490,616,67749897106,67749897106
2025-06-19 09:23:48,REAL,67749897106,539,67749897645,67749897645
2025-06-19 09:23:50,REAL,67749897645,599,67749898244,67749898244
2025-06-19 09:23:52,REAL,67749898244,538,67749898782,67749898782
2025-06-19 09:23:54,REAL,67749898782,540,67749899322,67749899322
2025-06-19 09:23:56,REAL,67749899322,593,67749899915,67749899915
2025-06-19 09:23:58,REAL,67749899915,542,67749900457,67749900457
2025-06-19 09:24:00,REAL,67749900457,545,67749901002,67749901002
2025-06-19 09:24:02,REAL,67749901002,614,67749901616,67749901616
2025-06-19 09:24:04,REAL,67749901616,545,67749902161,67749902161
2025-06-19 09:24:06,REAL,67749902161,126785,67750028946,67750028946
2025-06-19 09:24:08,REAL,67750028946,120207,67750149153,67750149153
2025-06-19 09:24:10,REAL,67750149153,29059,67750178212,67750178212
2025-06-19 09:24:12,REAL,67750178212,29220,67750207432,67750207432
2025-06-19 09:24:14,REAL,67750207432,29269,67750236701,67750236701
2025-06-19 09:24:16,REAL,67750236701,29375,67750266076,67750266076
2025-06-19 09:24:18,REAL,67750266076,29576,67750295652,67750295652
2025-06-19 09:24:20,REAL,67750295652,28086,67750323738,67750323738
2025-06-19 09:24:22,REAL,67750323738,592,67750324330,67750324330
2025-06-19 09:24:24,REAL,67750324330,533,67750324863,67750324863
2025-06-19 09:24:26,REAL,67750324863,537,67750325400,67750325400
2025-06-19 09:24:28,REAL,67750325400,539,67750325939,67750325939
2025-06-19 09:24:30,REAL,67750325939,544,67750326483,67750326483
2025-06-19 09:24:32,REAL,67750326483,606,67750327089,67750327089
2025-06-19 09:24:34,REAL,67750327089,541,67750327630,67750327630
2025-06-19 09:24:36,REAL,67750327630,599,67750328229,67750328229
2025-06-19 09:24:38,REAL,67750328229,600,67750328829,67750328829
2025-06-19 09:24:40,REAL,67750328829,602,67750329431,67750329431
2025-06-19 09:24:42,REAL,67750329431,593,67750330024,67750330024
2025-06-19 09:24:44,REAL,67750330024,544,67750330568,67750330568
2025-06-19 09:24:46,REAL,67750330568,671,67750331239,67750331239
2025-06-19 09:24:48,REAL,67750331239,600,67750331839,67750331839
2025-06-19 09:24:50,REAL,67750331839,545,67750332384,67750332384
2025-06-19 09:24:52,REAL,67750332384,534,67750332918,67750332918
2025-06-19 09:24:54,REAL,67750332918,541,67750333459,67750333459
2025-06-19 09:24:56,REAL,67750333459,534,67750333993,67750333993
2025-06-19 09:24:58,REAL,67750333993,594,67750334587,67750334587
2025-06-19 09:25:00,REAL,67750334587,533,67750335120,67750335120
2025-06-19 09:25:02,REAL,67750335120,620,67750335740,67750335740
2025-06-19 09:25:04,REAL,67750335740,530,67750336270,67750336270
2025-06-19 09:25:06,REAL,67750336270,541,67750336811,67750336811
2025-06-19 09:25:08,REAL,67750336811,540,67750337351,67750337351
2025-06-19 09:25:10,REAL,67750337351,535,67750337886,67750337886
2025-06-19 09:25:12,REAL,67750337886,541,67750338427,67750338427
2025-06-19 09:25:14,REAL,67750338427,600,67750339027,67750339027
2025-06-19 09:25:16,REAL,67750339027,671,67750339698,67750339698
2025-06-19 09:25:18,REAL,67750339698,543,67750340241,67750340241
2025-06-19 09:25:20,REAL,67750340241,541,67750340782,67750340782
2025-06-19 09:25:22,REAL,67750340782,538,67750341320,67750341320
2025-06-19 09:25:24,REAL,67750341320,601,67750341921,67750341921
2025-06-19 09:25:26,REAL,67750341921,540,67750342461,67750342461
2025-06-19 09:25:28,REAL,67750342461,541,67750343002,67750343002
2025-06-19 09:25:30,REAL,67750343002,600,67750343602,67750343602
2025-06-19 09:25:32,REAL,67750343602,614,67750344216,67750344216
2025-06-19 09:25:34,REAL,67750344216,540,67750344756,67750344756
2025-06-19 09:25:36,REAL,67750344756,535,67750345291,67750345291
2025-06-19 09:25:38,REAL,67750345291,545,67750345836,67750345836
2025-06-19 09:25:40,REAL,67750345836,530,67750346366,67750346366
2025-06-19 09:25:42,REAL,67750346366,539,67750346905,67750346905
2025-06-19 09:25:44,REAL,67750346905,601,67750347506,67750347506
2025-06-19 09:25:46,REAL,67750347506,680,67750348186,67750348186
2025-06-19 09:25:48,REAL,67750348186,545,67750348731,67750348731
2025-06-19 09:25:50,REAL,67750348731,550,67750349281,67750349281
2025-06-19 09:25:52,REAL,67750349281,534,67750349815,67750349815
2025-06-19 09:25:54,REAL,67750349815,544,67750350359,67750350359
2025-06-19 09:25:56,REAL,67750350359,535,67750350894,67750350894
2025-06-19 09:25:58,REAL,67750350894,544,67750351438,67750351438
2025-06-19 09:26:00,REAL,67750351438,536,67750351974,67750351974
2025-06-19 09:26:02,REAL,67750351974,795,67750352769,67750352769
2025-06-19 09:26:04,REAL,67750352769,606,67750353375,67750353375
2025-06-19 09:26:06,REAL,67750353375,593,67750353968,67750353968
2025-06-19 09:26:08,REAL,67750353968,594,67750354562,67750354562
2025-06-19 09:26:10,REAL,67750354562,657,67750355219,67750355219
2025-06-19 09:26:12,REAL,67750355219,602,67750355821,67750355821
2025-06-19 09:26:14,REAL,67750355821,531,67750356352,67750356352
2025-06-19 09:26:16,REAL,67750356352,619,67750356971,67750356971
2025-06-19 09:26:18,REAL,67750356971,546,67750357517,67750357517
2025-06-19 09:26:20,REAL,67750357517,548,67750358065,67750358065
2025-06-19 09:26:22,REAL,67750358065,544,67750358609,67750358609
2025-06-19 09:26:24,REAL,67750358609,532,67750359141,67750359141
2025-06-19 09:26:26,REAL,67750359141,531,67750359672,67750359672
2025-06-19 09:26:28,REAL,67750359672,61927,67750421599,67750421599
2025-06-19 09:26:30,REAL,67750421599,204350,67750625949,67750625949
2025-06-19 09:26:32,REAL,67750625949,32664,67750658613,67750658613
2025-06-19 09:26:34,REAL,67750658613,25611,67750684224,67750684224
2025-06-19 09:26:36,REAL,67750684224,29254,67750713478,67750713478
2025-06-19 09:26:38,REAL,67750713478,29007,67750742485,67750742485
2025-06-19 09:26:40,REAL,67750742485,29435,67750771920,67750771920
2025-06-19 09:26:42,REAL,67750771920,29724,67750801644,67750801644
2025-06-19 09:26:44,REAL,67750801644,6635,67750808279,67750808279
2025-06-19 09:26:46,REAL,67750808279,617,67750808896,67750808896
2025-06-19 09:26:48,REAL,67750808896,545,67750809441,67750809441
2025-06-19 09:26:50,REAL,67750809441,541,67750809982,67750809982
2025-06-19 09:26:52,REAL,67750809982,539,67750810521,67750810521
2025-06-19 09:26:54,REAL,67750810521,541,67750811062,67750811062
2025-06-19 09:26:56,REAL,67750811062,537,67750811599,67750811599
2025-06-19 09:26:58,REAL,67750811599,539,67750812138,67750812138
2025-06-19 09:27:00,REAL,67750812138,93957,67750906095,67750906095
2025-06-19 09:27:02,REAL,67750906095,172804,67751078899,67751078899
2025-06-19 09:27:04,REAL,67751078899,28976,67751107875,67751107875
2025-06-19 09:27:06,REAL,67751107875,29340,67751137215,67751137215
2025-06-19 09:27:08,REAL,67751137215,29115,67751166330,67751166330
2025-06-19 09:27:10,REAL,67751166330,29192,67751195522,67751195522
2025-06-19 09:27:12,REAL,67751195522,28983,67751224505,67751224505
2025-06-19 09:27:14,REAL,67751224505,28968,67751253473,67751253473
2025-06-19 09:27:16,REAL,67751253473,5092,67751258565,67751258565
2025-06-19 09:27:18,REAL,67751258565,603,67751259168,67751259168
2025-06-19 09:27:20,REAL,67751259168,597,67751259765,67751259765
2025-06-19 09:27:22,REAL,67751259765,607,67751260372,67751260372
2025-06-19 09:27:24,REAL,67751260372,599,67751260971,67751260971
2025-06-19 09:27:26,REAL,67751260971,599,67751261570,67751261570
2025-06-19 09:27:28,REAL,67751261570,536,67751262106,67751262106
2025-06-19 09:27:30,REAL,67751262106,535,67751262641,67751262641
2025-06-19 09:27:32,REAL,67751262641,672,67751263313,67751263313
2025-06-19 09:27:34,REAL,67751263313,539,67751263852,67751263852
2025-06-19 09:27:36,REAL,67751263852,540,67751264392,67751264392
2025-06-19 09:27:38,REAL,67751264392,548,67751264940,67751264940
2025-06-19 09:27:40,REAL,67751264940,590,67751265530,67751265530
2025-06-19 09:27:42,REAL,67751265530,93199,67751358729,67751358729
2025-06-19 09:27:44,REAL,67751358729,155530,67751514259,67751514259
2025-06-19 09:27:46,REAL,67751514259,28798,67751543057,67751543057
2025-06-19 09:27:48,REAL,67751543057,28997,67751572054,67751572054
2025-06-19 09:27:50,REAL,67751572054,29225,67751601279,67751601279
2025-06-19 09:27:52,REAL,67751601279,29359,67751630638,67751630638
2025-06-19 09:27:54,REAL,67751630638,29764,67751660402,67751660402
2025-06-19 09:27:56,REAL,67751660402,29264,67751689666,67751689666
2025-06-19 09:27:58,REAL,67751689666,3549,67751693215,67751693215
2025-06-19 09:28:00,REAL,67751693215,652,67751693867,67751693867
2025-06-19 09:28:02,REAL,67751693867,674,67751694541,67751694541
2025-06-19 09:28:04,REAL,67751694541,538,67751695079,67751695079
2025-06-19 09:28:06,REAL,67751695079,543,67751695622,67751695622
2025-06-19 09:28:08,REAL,67751695622,542,67751696164,67751696164
2025-06-19 09:28:10,REAL,67751696164,538,67751696702,67751696702
2025-06-19 09:28:12,REAL,67751696702,540,67751697242,67751697242
2025-06-19 09:28:14,REAL,67751697242,545,67751697787,67751697787
2025-06-19 09:28:16,REAL,67751697787,615,67751698402,67751698402
2025-06-19 09:28:18,REAL,67751698402,603,67751699005,67751699005
2025-06-19 09:28:20,REAL,67751699005,253953,67751952958,67751952958
2025-06-19 09:28:22,REAL,67751952958,29132,67751982090,67751982090
2025-06-19 09:28:24,REAL,67751982090,29389,67752011479,67752011479
2025-06-19 09:28:26,REAL,67752011479,29050,67752040529,67752040529
2025-06-19 09:28:28,REAL,67752040529,29233,67752069762,67752069762
2025-06-19 09:28:30,REAL,67752069762,29153,67752098915,67752098915
2025-06-19 09:28:32,REAL,67752098915,28946,67752127861,67752127861
2025-06-19 09:28:34,REAL,67752127861,15697,67752143558,67752143558
2025-06-19 09:28:36,REAL,67752143558,597,67752144155,67752144155
2025-06-19 09:28:38,REAL,67752144155,597,67752144752,67752144752
2025-06-19 09:28:40,REAL,67752144752,610,67752145362,67752145362
2025-06-19 09:28:42,REAL,67752145362,534,67752145896,67752145896
2025-06-19 09:28:44,REAL,67752145896,541,67752146437,67752146437
2025-06-19 09:28:46,REAL,67752146437,538,67752146975,67752146975
2025-06-19 09:28:48,REAL,67752146975,619,67752147594,67752147594
2025-06-19 09:28:50,REAL,67752147594,538,67752148132,67752148132
2025-06-19 09:28:52,REAL,67752148132,541,67752148673,67752148673
2025-06-19 09:28:54,REAL,67752148673,589,67752149262,67752149262
2025-06-19 09:28:56,REAL,67752149262,667,67752149929,67752149929
2025-06-19 09:28:58,REAL,67752149929,660,67752150589,67752150589
2025-06-19 09:29:00,REAL,67752150589,595,67752151184,67752151184
2025-06-19 09:29:02,REAL,67752151184,678,67752151862,67752151862
2025-06-19 09:29:04,REAL,67752151862,598,67752152460,67752152460
2025-06-19 09:29:06,REAL,67752152460,130005,67752282465,67752282465
2025-06-19 09:29:08,REAL,67752282465,143172,67752425637,67752425637
2025-06-19 09:29:10,REAL,67752425637,29318,67752454955,67752454955
2025-06-19 09:29:12,REAL,67752454955,29069,67752484024,67752484024
2025-06-19 09:29:14,REAL,67752484024,28684,67752512708,67752512708
2025-06-19 09:29:16,REAL,67752512708,29024,67752541732,67752541732
2025-06-19 09:29:18,REAL,67752541732,29014,67752570746,67752570746
2025-06-19 09:29:20,REAL,67752570746,28700,67752599446,67752599446
2025-06-19 09:29:22,REAL,67752599446,605,67752600051,67752600051
2025-06-19 09:29:24,REAL,67752600051,541,67752600592,67752600592
2025-06-19 09:29:26,REAL,67752600592,532,67752601124,67752601124
2025-06-19 09:29:28,REAL,67752601124,539,67752601663,67752601663
2025-06-19 09:29:30,REAL,67752601663,537,67752602200,67752602200
2025-06-19 09:29:32,REAL,67752602200,624,67752602824,67752602824
2025-06-19 09:29:34,REAL,67752602824,539,67752603363,67752603363
2025-06-19 09:29:36,REAL,67752603363,607,67752603970,67752603970
2025-06-19 09:29:38,REAL,67752603970,543,67752604513,67752604513
2025-06-19 09:29:40,REAL,67752604513,538,67752605051,67752605051
2025-06-19 09:29:42,REAL,67752605051,539,67752605590,67752605590
2025-06-19 09:29:44,REAL,67752605590,543,67752606133,67752606133
2025-06-19 09:29:46,REAL,67752606133,536,67752606669,67752606669
2025-06-19 09:29:48,REAL,67752606669,672,67752607341,67752607341
2025-06-19 09:29:50,REAL,67752607341,547,67752607888,67752607888
2025-06-19 09:29:52,REAL,67752607888,602,67752608490,67752608490
2025-06-19 09:29:54,REAL,67752608490,550,67752609040,67752609040
2025-06-19 09:29:56,REAL,67752609040,605,67752609645,67752609645
2025-06-19 09:29:58,REAL,67752609645,540,67752610185,67752610185
2025-06-19 09:30:00,REAL,67752610185,532,67752610717,67752610717
2025-06-19 09:30:02,REAL,67752610717,617,67752611334,67752611334
2025-06-19 09:30:04,REAL,67752611334,545,67752611879,67752611879
2025-06-19 09:30:06,REAL,67752611879,544,67752612423,67752612423
2025-06-19 09:30:08,REAL,67752612423,603,67752613026,67752613026
2025-06-19 09:30:10,REAL,67752613026,535,67752613561,67752613561
2025-06-19 09:30:12,REAL,67752613561,541,67752614102,67752614102
2025-06-19 09:30:14,REAL,67752614102,541,67752614643,67752614643
2025-06-19 09:30:16,REAL,67752614643,540,67752615183,67752615183
2025-06-19 09:30:18,REAL,67752615183,608,67752615791,67752615791
2025-06-19 09:30:20,REAL,67752615791,547,67752616338,67752616338
2025-06-19 09:30:22,REAL,67752616338,596,67752616934,67752616934
2025-06-19 09:30:24,REAL,67752616934,595,67752617529,67752617529
2025-06-19 09:30:26,REAL,67752617529,534,67752618063,67752618063
2025-06-19 09:30:28,REAL,67752618063,538,67752618601,67752618601
2025-06-19 09:30:30,REAL,67752618601,534,67752619135,67752619135
2025-06-19 09:30:32,REAL,67752619135,545,67752619680,67752619680
2025-06-19 09:30:34,REAL,67752619680,622,67752620302,67752620302
2025-06-19 09:30:36,REAL,67752620302,543,67752620845,67752620845
2025-06-19 09:30:38,REAL,67752620845,542,67752621387,67752621387
2025-06-19 09:30:40,REAL,67752621387,608,67752621995,67752621995
2025-06-19 09:30:42,REAL,67752621995,539,67752622534,67752622534
2025-06-19 09:30:44,REAL,67752622534,535,67752623069,67752623069
2025-06-19 09:30:46,REAL,67752623069,547,67752623616,67752623616
2025-06-19 09:30:48,REAL,67752623616,668,67752624284,67752624284
2025-06-19 09:30:50,REAL,67752624284,540,67752624824,67752624824
2025-06-19 09:30:52,REAL,67752624824,541,67752625365,67752625365
2025-06-19 09:30:54,REAL,67752625365,547,67752625912,67752625912
2025-06-19 09:30:56,REAL,67752625912,596,67752626508,67752626508
2025-06-19 09:30:58,REAL,67752626508,603,67752627111,67752627111
2025-06-19 09:31:00,REAL,67752627111,534,67752627645,67752627645
2025-06-19 09:31:02,REAL,67752627645,542,67752628187,67752628187
2025-06-19 09:31:04,REAL,67752628187,622,67752628809,67752628809
2025-06-19 09:31:06,REAL,67752628809,544,67752629353,67752629353
2025-06-19 09:31:08,REAL,67752629353,545,67752629898,67752629898
2025-06-19 09:31:10,REAL,67752629898,541,67752630439,67752630439
2025-06-19 09:31:12,REAL,67752630439,607,67752631046,67752631046
2025-06-19 09:31:14,REAL,67752631046,539,67752631585,67752631585
2025-06-19 09:31:16,REAL,67752631585,545,67752632130,67752632130
2025-06-19 09:31:18,REAL,67752632130,619,67752632749,67752632749
2025-06-19 09:31:20,REAL,67752632749,538,67752633287,67752633287
2025-06-19 09:31:22,REAL,67752633287,540,67752633827,67752633827
2025-06-19 09:31:24,REAL,67752633827,534,67752634361,67752634361
2025-06-19 09:31:26,REAL,67752634361,531,67752634892,67752634892
2025-06-19 09:31:28,REAL,67752634892,610,67752635502,67752635502
2025-06-19 09:31:30,REAL,67752635502,538,67752636040,67752636040
2025-06-19 09:31:32,REAL,67752636040,541,67752636581,67752636581
2025-06-19 09:31:34,REAL,67752636581,614,67752637195,67752637195
2025-06-19 09:31:36,REAL,67752637195,598,67752637793,67752637793
2025-06-19 09:31:38,REAL,67752637793,601,67752638394,67752638394
2025-06-19 09:31:40,REAL,67752638394,540,67752638934,67752638934
2025-06-19 09:31:42,REAL,67752638934,532,67752639466,67752639466
2025-06-19 09:31:44,REAL,67752639466,604,67752640070,67752640070
2025-06-19 09:31:46,REAL,67752640070,606,67752640676,67752640676
2025-06-19 09:31:48,REAL,67752640676,684,67752641360,67752641360
2025-06-19 09:31:50,REAL,67752641360,590,67752641950,67752641950
2025-06-19 09:31:52,REAL,67752641950,550,67752642500,67752642500
2025-06-19 09:31:54,REAL,67752642500,535,67752643035,67752643035
2025-06-19 09:31:56,REAL,67752643035,542,67752643577,67752643577
2025-06-19 09:31:58,REAL,67752643577,541,67752644118,67752644118
2025-06-19 09:32:00,REAL,67752644118,536,67752644654,67752644654
2025-06-19 09:32:02,REAL,67752644654,537,67752645191,67752645191
2025-06-19 09:32:04,REAL,67752645191,619,67752645810,67752645810
2025-06-19 09:32:06,REAL,67752645810,653,67752646463,67752646463
2025-06-19 09:32:08,REAL,67752646463,603,67752647066,67752647066
2025-06-19 09:32:10,REAL,67752647066,602,67752647668,67752647668
2025-06-19 09:32:12,REAL,67752647668,651,67752648319,67752648319
2025-06-19 09:32:14,REAL,67752648319,598,67752648917,67752648917
2025-06-19 09:32:16,REAL,67752648917,598,67752649515,67752649515
2025-06-19 09:32:18,REAL,67752649515,611,67752650126,67752650126
2025-06-19 09:32:20,REAL,67752650126,540,67752650666,67752650666
2025-06-19 09:32:22,REAL,67752650666,544,67752651210,67752651210
2025-06-19 09:32:24,REAL,67752651210,539,67752651749,67752651749
2025-06-19 09:32:26,REAL,67752651749,548,67752652297,67752652297
2025-06-19 09:32:28,REAL,67752652297,531,67752652828,67752652828
2025-06-19 09:32:30,REAL,67752652828,599,67752653427,67752653427
2025-06-19 09:32:32,REAL,67752653427,605,67752654032,67752654032
2025-06-19 09:32:34,REAL,67752654032,609,67752654641,67752654641
2025-06-19 09:32:36,REAL,67752654641,539,67752655180,67752655180
2025-06-19 09:32:38,REAL,67752655180,544,67752655724,67752655724
2025-06-19 09:32:40,REAL,67752655724,541,67752656265,67752656265
2025-06-19 09:32:42,REAL,67752656265,535,67752656800,67752656800
2025-06-19 09:32:44,REAL,67752656800,538,67752657338,67752657338
2025-06-19 09:32:46,REAL,67752657338,548,67752657886,67752657886
2025-06-19 09:32:48,REAL,67752657886,103197,67752761083,67752761083
2025-06-19 09:32:50,REAL,67752761083,159355,67752920438,67752920438
2025-06-19 09:32:52,REAL,67752920438,29598,67752950036,67752950036
2025-06-19 09:32:54,REAL,67752950036,29151,67752979187,67752979187
2025-06-19 09:32:56,REAL,67752979187,28706,67753007893,67753007893
2025-06-19 09:32:58,REAL,67753007893,29109,67753037002,67753037002
2025-06-19 09:33:00,REAL,67753037002,29227,67753066229,67753066229
2025-06-19 09:33:02,REAL,67753066229,28894,67753095123,67753095123
2025-06-19 09:33:04,REAL,67753095123,3094,67753098217,67753098217
2025-06-19 09:33:06,REAL,67753098217,539,67753098756,67753098756
2025-06-19 09:33:08,REAL,67753098756,546,67753099302,67753099302
2025-06-19 09:33:10,REAL,67753099302,539,67753099841,67753099841
2025-06-19 09:33:12,REAL,67753099841,546,67753100387,67753100387
2025-06-19 09:33:14,REAL,67753100387,538,67753100925,67753100925
2025-06-19 09:33:16,REAL,67753100925,545,67753101470,67753101470
2025-06-19 09:33:18,REAL,67753101470,535,67753102005,67753102005
2025-06-19 09:33:20,REAL,67753102005,736,67753102741,67753102741
2025-06-19 09:33:22,REAL,67753102741,592,67753103333,67753103333
2025-06-19 09:33:24,REAL,67753103333,604,67753103937,67753103937
2025-06-19 09:33:26,REAL,67753103937,662,67753104599,67753104599
2025-06-19 09:33:28,REAL,67753104599,599,67753105198,67753105198
2025-06-19 09:33:30,REAL,67753105198,598,67753105796,67753105796
2025-06-19 09:33:32,REAL,67753105796,534,67753106330,67753106330
2025-06-19 09:33:34,REAL,67753106330,617,67753106947,67753106947
2025-06-19 09:33:36,REAL,67753106947,548,67753107495,67753107495
2025-06-19 09:33:38,REAL,67753107495,542,67753108037,67753108037
2025-06-19 09:33:40,REAL,67753108037,595,67753108632,67753108632
2025-06-19 09:33:42,REAL,67753108632,538,67753109170,67753109170
2025-06-19 09:33:44,REAL,67753109170,546,67753109716,67753109716
2025-06-19 09:33:46,REAL,67753109716,111212,67753220928,67753220928
2025-06-19 09:33:48,REAL,67753220928,134251,67753355179,67753355179
2025-06-19 09:33:50,REAL,67753355179,28562,67753383741,67753383741
2025-06-19 09:33:52,REAL,67753383741,29112,67753412853,67753412853
2025-06-19 09:33:54,REAL,67753412853,28713,67753441566,67753441566
2025-06-19 09:33:56,REAL,67753441566,29585,67753471151,67753471151
2025-06-19 09:33:58,REAL,67753471151,28716,67753499867,67753499867
2025-06-19 09:34:00,REAL,67753499867,29196,67753529063,67753529063
2025-06-19 09:34:02,REAL,67753529063,721,67753529784,67753529784
2025-06-19 09:34:04,REAL,67753529784,613,67753530397,67753530397
2025-06-19 09:34:06,REAL,67753530397,538,67753530935,67753530935
2025-06-19 09:34:08,REAL,67753530935,541,67753531476,67753531476
2025-06-19 09:34:10,REAL,67753531476,540,67753532016,67753532016
2025-06-19 09:34:12,REAL,67753532016,531,67753532547,67753532547
2025-06-19 09:34:14,REAL,67753532547,546,67753533093,67753533093
2025-06-19 09:34:16,REAL,67753533093,601,67753533694,67753533694
2025-06-19 09:34:18,REAL,67753533694,600,67753534294,67753534294
2025-06-19 09:34:20,REAL,67753534294,677,67753534971,67753534971
2025-06-19 09:34:22,REAL,67753534971,594,67753535565,67753535565
2025-06-19 09:34:24,REAL,67753535565,546,67753536111,67753536111
2025-06-19 09:34:26,REAL,67753536111,532,67753536643,67753536643
2025-06-19 09:34:28,REAL,67753536643,544,67753537187,67753537187
2025-06-19 09:34:30,REAL,67753537187,590,67753537777,67753537777
2025-06-19 09:34:32,REAL,67753537777,543,67753538320,67753538320
2025-06-19 09:34:34,REAL,67753538320,615,67753538935,67753538935
2025-06-19 09:34:36,REAL,67753538935,541,67753539476,67753539476
2025-06-19 09:34:38,REAL,67753539476,655,67753540131,67753540131
2025-06-19 09:34:40,REAL,67753540131,539,67753540670,67753540670
2025-06-19 09:34:42,REAL,67753540670,535,67753541205,67753541205
2025-06-19 09:34:44,REAL,67753541205,537,67753541742,67753541742
2025-06-19 09:34:46,REAL,67753541742,543,67753542285,67753542285
2025-06-19 09:34:48,REAL,67753542285,535,67753542820,67753542820
2025-06-19 09:34:50,REAL,67753542820,620,67753543440,67753543440
2025-06-19 09:34:52,REAL,67753543440,542,67753543982,67753543982
2025-06-19 09:34:54,REAL,67753543982,596,67753544578,67753544578
2025-06-19 09:34:56,REAL,67753544578,588,67753545166,67753545166
2025-06-19 09:34:58,REAL,67753545166,536,67753545702,67753545702
2025-06-19 09:35:00,REAL,67753545702,544,67753546246,67753546246
2025-06-19 09:35:02,REAL,67753546246,545,67753546791,67753546791
2025-06-19 09:35:04,REAL,67753546791,532,67753547323,67753547323
2025-06-19 09:35:06,REAL,67753547323,620,67753547943,67753547943
2025-06-19 09:35:08,REAL,67753547943,540,67753548483,67753548483
2025-06-19 09:35:10,REAL,67753548483,592,67753549075,67753549075
2025-06-19 09:35:12,REAL,67753549075,539,67753549614,67753549614
2025-06-19 09:35:14,REAL,67753549614,592,67753550206,67753550206
2025-06-19 09:35:16,REAL,67753550206,545,67753550751,67753550751
2025-06-19 09:35:18,REAL,67753550751,536,67753551287,67753551287
2025-06-19 09:35:20,REAL,67753551287,607,67753551894,67753551894
2025-06-19 09:35:22,REAL,67753551894,536,67753552430,67753552430
2025-06-19 09:35:24,REAL,67753552430,596,67753553026,67753553026
2025-06-19 09:35:26,REAL,67753553026,608,67753553634,67753553634
2025-06-19 09:35:28,REAL,67753553634,542,67753554176,67753554176
2025-06-19 09:35:30,REAL,67753554176,546,67753554722,67753554722
2025-06-19 09:35:32,REAL,67753554722,538,67753555260,67753555260
2025-06-19 09:35:34,REAL,67753555260,540,67753555800,67753555800
2025-06-19 09:35:36,REAL,67753555800,613,67753556413,67753556413
2025-06-19 09:35:38,REAL,67753556413,539,67753556952,67753556952
2025-06-19 09:35:40,REAL,67753556952,534,67753557486,67753557486
2025-06-19 09:35:42,REAL,67753557486,48548,67753606034,67753606034
2025-06-19 09:35:44,REAL,67753606034,213336,67753819370,67753819370
2025-06-19 09:35:46,REAL,67753819370,29557,67753848927,67753848927
2025-06-19 09:35:48,REAL,67753848927,28857,67753877784,67753877784
2025-06-19 09:35:50,REAL,67753877784,29179,67753906963,67753906963
2025-06-19 09:35:52,REAL,67753906963,29515,67753936478,67753936478
2025-06-19 09:35:54,REAL,67753936478,29273,67753965751,67753965751
2025-06-19 09:35:56,REAL,67753965751,29041,67753994792,67753994792
2025-06-19 09:35:58,REAL,67753994792,8568,67754003360,67754003360
2025-06-19 09:36:00,REAL,67754003360,536,67754003896,67754003896
2025-06-19 09:36:02,REAL,67754003896,537,67754004433,67754004433
2025-06-19 09:36:04,REAL,67754004433,540,67754004973,67754004973
2025-06-19 09:36:06,REAL,67754004973,614,67754005587,67754005587
2025-06-19 09:36:08,REAL,67754005587,539,67754006126,67754006126
2025-06-19 09:36:10,REAL,67754006126,599,67754006725,67754006725
2025-06-19 09:36:12,REAL,67754006725,540,67754007265,67754007265
2025-06-19 09:36:14,REAL,67754007265,656,67754007921,67754007921
2025-06-19 09:36:16,REAL,67754007921,536,67754008457,67754008457
2025-06-19 09:36:18,REAL,67754008457,544,67754009001,67754009001
2025-06-19 09:36:20,REAL,67754009001,619,67754009620,67754009620
2025-06-19 09:36:22,REAL,67754009620,546,67754010166,67754010166
2025-06-19 09:36:24,REAL,67754010166,542,67754010708,67754010708
2025-06-19 09:36:26,REAL,67754010708,534,67754011242,67754011242
2025-06-19 09:36:28,REAL,67754011242,546,67754011788,67754011788
2025-06-19 09:36:30,REAL,67754011788,594,67754012382,67754012382
2025-06-19 09:36:32,REAL,67754012382,536,67754012918,67754012918
2025-06-19 09:36:34,REAL,67754012918,542,67754013460,67754013460
2025-06-19 09:36:36,REAL,67754013460,674,67754014134,67754014134
2025-06-19 09:36:38,REAL,67754014134,533,67754014667,67754014667
2025-06-19 09:36:40,REAL,67754014667,539,67754015206,67754015206
2025-06-19 09:36:42,REAL,67754015206,539,67754015745,67754015745
2025-06-19 09:36:44,REAL,67754015745,597,67754016342,67754016342
2025-06-19 09:36:46,REAL,67754016342,596,67754016938,67754016938
2025-06-19 09:36:48,REAL,67754016938,537,67754017475,67754017475
2025-06-19 09:36:50,REAL,67754017475,612,67754018087,67754018087
2025-06-19 09:36:52,REAL,67754018087,549,67754018636,67754018636
2025-06-19 09:36:54,REAL,67754018636,537,67754019173,67754019173
2025-06-19 09:36:56,REAL,67754019173,539,67754019712,67754019712
2025-06-19 09:36:58,REAL,67754019712,542,67754020254,67754020254
2025-06-19 09:37:00,REAL,67754020254,540,67754020794,67754020794
2025-06-19 09:37:02,REAL,67754020794,662,67754021456,67754021456
2025-06-19 09:37:04,REAL,67754021456,530,67754021986,67754021986
2025-06-19 09:37:06,REAL,67754021986,622,67754022608,67754022608
2025-06-19 09:37:08,REAL,67754022608,549,67754023157,67754023157
2025-06-19 09:37:10,REAL,67754023157,535,67754023692,67754023692
2025-06-19 09:37:12,REAL,67754023692,601,67754024293,67754024293
2025-06-19 09:37:14,REAL,67754024293,535,67754024828,67754024828
2025-06-19 09:37:16,REAL,67754024828,533,67754025361,67754025361
2025-06-19 09:37:18,REAL,67754025361,657,67754026018,67754026018
2025-06-19 09:37:20,REAL,67754026018,670,67754026688,67754026688
2025-06-19 09:37:22,REAL,67754026688,604,67754027292,67754027292
2025-06-19 09:37:24,REAL,67754027292,544,67754027836,67754027836
2025-06-19 09:37:26,REAL,67754027836,542,67754028378,67754028378
2025-06-19 09:37:28,REAL,67754028378,549,67754028927,67754028927
2025-06-19 09:37:30,REAL,67754028927,594,67754029521,67754029521
2025-06-19 09:37:32,REAL,67754029521,533,67754030054,67754030054
2025-06-19 09:37:34,REAL,67754030054,536,67754030590,67754030590
2025-06-19 09:37:36,REAL,67754030590,611,67754031201,67754031201
2025-06-19 09:37:38,REAL,67754031201,603,67754031804,67754031804
2025-06-19 09:37:40,REAL,67754031804,539,67754032343,67754032343
2025-06-19 09:37:42,REAL,67754032343,593,67754032936,67754032936
2025-06-19 09:37:44,REAL,67754032936,540,67754033476,67754033476
2025-06-19 09:37:46,REAL,67754033476,547,67754034023,67754034023
2025-06-19 09:37:48,REAL,67754034023,550,67754034573,67754034573
2025-06-19 09:37:50,REAL,67754034573,606,67754035179,67754035179
2025-06-19 09:37:52,REAL,67754035179,545,67754035724,67754035724
2025-06-19 09:37:54,REAL,67754035724,599,67754036323,67754036323
2025-06-19 09:37:56,REAL,67754036323,654,67754036977,67754036977
2025-06-19 09:37:58,REAL,67754036977,603,67754037580,67754037580
2025-06-19 09:38:00,REAL,67754037580,600,67754038180,67754038180
2025-06-19 09:38:02,REAL,67754038180,531,67754038711,67754038711
2025-06-19 09:38:04,REAL,67754038711,538,67754039249,67754039249
2025-06-19 09:38:06,REAL,67754039249,614,67754039863,67754039863
2025-06-19 09:38:08,REAL,67754039863,546,67754040409,67754040409
2025-06-19 09:38:10,REAL,67754040409,534,67754040943,67754040943
2025-06-19 09:38:12,REAL,67754040943,592,67754041535,67754041535
2025-06-19 09:38:14,REAL,67754041535,549,67754042084,67754042084
2025-06-19 09:38:16,REAL,67754042084,606,67754042690,67754042690
2025-06-19 09:38:18,REAL,67754042690,535,67754043225,67754043225
2025-06-19 09:38:20,REAL,67754043225,370,67754043595,67754043595
2025-06-19 09:38:22,REAL,67754043595,597,67754044192,67754044192
2025-06-19 09:38:24,REAL,67754044192,538,67754044730,67754044730
2025-06-19 09:38:26,REAL,67754044730,544,67754045274,67754045274
2025-06-19 09:38:28,REAL,67754045274,544,67754045818,67754045818
2025-06-19 09:38:30,REAL,67754045818,541,67754046359,67754046359
2025-06-19 09:38:32,REAL,67754046359,601,67754046960,67754046960
2025-06-19 09:38:34,REAL,67754046960,546,67754047506,67754047506
2025-06-19 09:38:36,REAL,67754047506,616,67754048122,67754048122
2025-06-19 09:38:38,REAL,67754048122,770,67754048892,67754048892
2025-06-19 09:38:40,REAL,67754048892,354,67754049246,67754049246
2025-06-19 09:38:42,REAL,67754049246,539,67754049785,67754049785
2025-06-19 09:38:44,REAL,67754049785,548,67754050333,67754050333
2025-06-19 09:38:46,REAL,67754050333,598,67754050931,67754050931
2025-06-19 09:38:48,REAL,67754050931,545,67754051476,67754051476
2025-06-19 09:38:50,REAL,67754051476,594,67754052070,67754052070
2025-06-19 09:38:52,REAL,67754052070,617,67754052687,67754052687
2025-06-19 09:38:54,REAL,67754052687,541,67754053228,67754053228
2025-06-19 09:38:56,REAL,67754053228,550,67754053778,67754053778
2025-06-19 09:38:58,REAL,67754053778,543,67754054321,67754054321
2025-06-19 09:39:00,REAL,67754054321,543,67754054864,67754054864
2025-06-19 09:39:02,REAL,67754054864,591,67754055455,67754055455
2025-06-19 09:39:04,REAL,67754055455,596,67754056051,67754056051
2025-06-19 09:39:06,REAL,67754056051,676,67754056727,67754056727
2025-06-19 09:39:08,REAL,67754056727,591,67754057318,67754057318
2025-06-19 09:39:10,REAL,67754057318,589,67754057907,67754057907
2025-06-19 09:39:12,REAL,67754057907,542,67754058449,67754058449
2025-06-19 09:39:14,REAL,67754058449,540,67754058989,67754058989
2025-06-19 09:39:16,REAL,67754058989,594,67754059583,67754059583
2025-06-19 09:39:18,REAL,67754059583,530,67754060113,67754060113
2025-06-19 09:39:20,REAL,67754060113,535,67754060648,67754060648
2025-06-19 09:39:22,REAL,67754060648,616,67754061264,67754061264
2025-06-19 09:39:24,REAL,67754061264,596,67754061860,67754061860
2025-06-19 09:39:26,REAL,67754061860,546,67754062406,67754062406
2025-06-19 09:39:28,REAL,67754062406,530,67754062936,67754062936
2025-06-19 09:39:30,REAL,67754062936,546,67754063482,67754063482
2025-06-19 09:39:32,REAL,67754063482,536,67754064018,67754064018
2025-06-19 09:39:34,REAL,67754064018,548,67754064566,67754064566
2025-06-19 09:39:36,REAL,67754064566,612,67754065178,67754065178
2025-06-19 09:39:38,REAL,67754065178,536,67754065714,67754065714
2025-06-19 09:39:40,REAL,67754065714,713,67754066427,67754066427
2025-06-19 09:39:42,REAL,67754066427,651,67754067078,67754067078
2025-06-19 09:39:44,REAL,67754067078,601,67754067679,67754067679
2025-06-19 09:39:46,REAL,67754067679,605,67754068284,67754068284
2025-06-19 09:39:48,REAL,67754068284,591,67754068875,67754068875
2025-06-19 09:39:50,REAL,67754068875,594,67754069469,67754069469
2025-06-19 09:39:52,REAL,67754069469,607,67754070076,67754070076
2025-06-19 09:39:54,REAL,67754070076,546,67754070622,67754070622
2025-06-19 09:39:56,REAL,67754070622,531,67754071153,67754071153
2025-06-19 09:39:58,REAL,67754071153,540,67754071693,67754071693
2025-06-19 09:40:00,REAL,67754071693,549,67754072242,67754072242
2025-06-19 09:40:02,REAL,67754072242,539,67754072781,67754072781
2025-06-19 09:40:04,REAL,67754072781,540,67754073321,67754073321
2025-06-19 09:40:06,REAL,67754073321,742,67754074063,67754074063
2025-06-19 09:40:08,REAL,67754074063,652,67754074715,67754074715
2025-06-19 09:40:10,REAL,67754074715,594,67754075309,67754075309
2025-06-19 09:40:12,REAL,67754075309,659,67754075968,67754075968
2025-06-19 09:40:14,REAL,67754075968,605,67754076573,67754076573
2025-06-19 09:40:16,REAL,67754076573,664,67754077237,67754077237
2025-06-19 09:40:18,REAL,67754077237,595,67754077832,67754077832
2025-06-19 09:40:20,REAL,67754077832,603,67754078435,67754078435
2025-06-19 09:40:22,REAL,67754078435,671,67754079106,67754079106
2025-06-19 09:40:24,REAL,67754079106,599,67754079705,67754079705
2025-06-19 09:40:26,REAL,67754079705,606,67754080311,67754080311
2025-06-19 09:40:28,REAL,67754080311,549,67754080860,67754080860
2025-06-19 09:40:30,REAL,67754080860,542,67754081402,67754081402
2025-06-19 09:40:32,REAL,67754081402,544,67754081946,67754081946
2025-06-19 09:40:34,REAL,67754081946,597,67754082543,67754082543
2025-06-19 09:40:36,REAL,67754082543,616,67754083159,67754083159
2025-06-19 09:40:38,REAL,67754083159,541,67754083700,67754083700
2025-06-19 09:40:40,REAL,67754083700,536,67754084236,67754084236
2025-06-19 09:40:42,REAL,67754084236,596,67754084832,67754084832
2025-06-19 09:40:44,REAL,67754084832,543,67754085375,67754085375
2025-06-19 09:40:46,REAL,67754085375,591,67754085966,67754085966
2025-06-19 09:40:48,REAL,67754085966,537,67754086503,67754086503
2025-06-19 09:40:50,REAL,67754086503,543,67754087046,67754087046
2025-06-19 09:40:52,REAL,67754087046,614,67754087660,67754087660
2025-06-19 09:40:54,REAL,67754087660,538,67754088198,67754088198
2025-06-19 09:40:56,REAL,67754088198,541,67754088739,67754088739
2025-06-19 09:40:58,REAL,67754088739,602,67754089341,67754089341
2025-06-19 09:41:00,REAL,67754089341,593,67754089934,67754089934
2025-06-19 09:41:02,REAL,67754089934,541,67754090475,67754090475
2025-06-19 09:41:04,REAL,67754090475,539,67754091014,67754091014
2025-06-19 09:41:06,REAL,67754091014,613,67754091627,67754091627
2025-06-19 09:41:08,REAL,67754091627,545,67754092172,67754092172
2025-06-19 09:41:10,REAL,67754092172,538,67754092710,67754092710
2025-06-19 09:41:12,REAL,67754092710,537,67754093247,67754093247
2025-06-19 09:41:14,REAL,67754093247,602,67754093849,67754093849
2025-06-19 09:41:16,REAL,67754093849,538,67754094387,67754094387
2025-06-19 09:41:18,REAL,67754094387,538,67754094925,67754094925
2025-06-19 09:41:20,REAL,67754094925,547,67754095472,67754095472
2025-06-19 09:41:22,REAL,67754095472,665,67754096137,67754096137
2025-06-19 09:41:24,REAL,67754096137,542,67754096679,67754096679
2025-06-19 09:41:26,REAL,67754096679,603,67754097282,67754097282
2025-06-19 09:41:28,REAL,67754097282,544,67754097826,67754097826
2025-06-19 09:41:30,REAL,67754097826,595,67754098421,67754098421
2025-06-19 09:41:32,REAL,67754098421,536,67754098957,67754098957
2025-06-19 09:41:34,REAL,67754098957,543,67754099500,67754099500
2025-06-19 09:41:36,REAL,67754099500,619,67754100119,67754100119
2025-06-19 09:41:38,REAL,67754100119,541,67754100660,67754100660
2025-06-19 09:41:40,REAL,67754100660,543,67754101203,67754101203
2025-06-19 09:41:42,REAL,67754101203,537,67754101740,67754101740
2025-06-19 09:41:44,REAL,67754101740,540,67754102280,67754102280
2025-06-19 09:41:46,REAL,67754102280,91180,67754193460,67754193460
2025-06-19 09:41:48,REAL,67754193460,169710,67754363170,67754363170
2025-06-19 09:41:50,REAL,67754363170,29375,67754392545,67754392545
2025-06-19 09:41:52,REAL,67754392545,29285,67754421830,67754421830
2025-06-19 09:41:54,REAL,67754421830,28636,67754450466,67754450466
2025-06-19 09:41:56,REAL,67754450466,29309,67754479775,67754479775
2025-06-19 09:41:58,REAL,67754479775,29038,67754508813,67754508813
2025-06-19 09:42:00,REAL,67754508813,29111,67754537924,67754537924
2025-06-19 09:42:02,REAL,67754537924,4924,67754542848,67754542848
2025-06-19 09:42:04,REAL,67754542848,542,67754543390,67754543390
2025-06-19 09:42:06,REAL,67754543390,618,67754544008,67754544008
2025-06-19 09:42:08,REAL,67754544008,539,67754544547,67754544547
2025-06-19 09:42:10,REAL,67754544547,549,67754545096,67754545096
2025-06-19 09:42:12,REAL,67754545096,603,67754545699,67754545699
2025-06-19 09:42:14,REAL,67754545699,539,67754546238,67754546238
2025-06-19 09:42:16,REAL,67754546238,536,67754546774,67754546774
2025-06-19 09:42:18,REAL,67754546774,597,67754547371,67754547371
2025-06-19 09:42:20,REAL,67754547371,532,67754547903,67754547903
2025-06-19 09:42:22,REAL,67754547903,617,67754548520,67754548520
2025-06-19 09:42:24,REAL,67754548520,540,67754549060,67754549060
2025-06-19 09:42:26,REAL,67754549060,543,67754549603,67754549603
2025-06-19 09:42:28,REAL,67754549603,534,67754550137,67754550137
2025-06-19 09:42:30,REAL,67754550137,539,67754550676,67754550676
2025-06-19 09:42:32,REAL,67754550676,593,67754551269,67754551269
2025-06-19 09:42:34,REAL,67754551269,601,67754551870,67754551870
2025-06-19 09:42:36,REAL,67754551870,537,67754552407,67754552407
2025-06-19 09:42:38,REAL,67754552407,667,67754553074,67754553074
2025-06-19 09:42:40,REAL,67754553074,542,67754553616,67754553616
2025-06-19 09:42:42,REAL,67754553616,545,67754554161,67754554161
2025-06-19 09:42:44,REAL,67754554161,547,67754554708,67754554708
2025-06-19 09:42:46,REAL,67754554708,534,67754555242,67754555242
2025-06-19 09:42:48,REAL,67754555242,537,67754555779,67754555779
2025-06-19 09:42:50,REAL,67754555779,600,67754556379,67754556379
2025-06-19 09:42:52,REAL,67754556379,619,67754556998,67754556998
2025-06-19 09:42:54,REAL,67754556998,543,67754557541,67754557541
2025-06-19 09:42:56,REAL,67754557541,548,67754558089,67754558089
2025-06-19 09:42:58,REAL,67754558089,549,67754558638,67754558638
2025-06-19 09:43:00,REAL,67754558638,540,67754559178,67754559178
2025-06-19 09:43:02,REAL,67754559178,548,67754559726,67754559726
2025-06-19 09:43:04,REAL,67754559726,590,67754560316,67754560316
2025-06-19 09:43:06,REAL,67754560316,651,67754560967,67754560967
2025-06-19 09:43:08,REAL,67754560967,616,67754561583,67754561583
2025-06-19 09:43:10,REAL,67754561583,535,67754562118,67754562118
2025-06-19 09:43:12,REAL,67754562118,546,67754562664,67754562664
2025-06-19 09:43:14,REAL,67754562664,539,67754563203,67754563203
2025-06-19 09:43:16,REAL,67754563203,530,67754563733,67754563733
2025-06-19 09:43:18,REAL,67754563733,539,67754564272,67754564272
2025-06-19 09:43:20,REAL,67754564272,539,67754564811,67754564811
2025-06-19 09:43:22,REAL,67754564811,672,67754565483,67754565483
2025-06-19 09:43:24,REAL,67754565483,542,67754566025,67754566025
2025-06-19 09:43:26,REAL,67754566025,548,67754566573,67754566573
2025-06-19 09:43:28,REAL,67754566573,542,67754567115,67754567115
2025-06-19 09:43:30,REAL,67754567115,601,67754567716,67754567716
2025-06-19 09:43:32,REAL,67754567716,541,67754568257,67754568257
2025-06-19 09:43:34,REAL,67754568257,539,67754568796,67754568796
2025-06-19 09:43:36,REAL,67754568796,601,67754569397,67754569397
2025-06-19 09:43:38,REAL,67754569397,615,67754570012,67754570012
2025-06-19 09:43:40,REAL,67754570012,604,67754570616,67754570616
2025-06-19 09:43:42,REAL,67754570616,544,67754571160,67754571160
2025-06-19 09:43:44,REAL,67754571160,542,67754571702,67754571702
2025-06-19 09:43:46,REAL,67754571702,537,67754572239,67754572239
2025-06-19 09:43:48,REAL,67754572239,542,67754572781,67754572781
2025-06-19 09:43:50,REAL,67754572781,546,67754573327,67754573327
2025-06-19 09:43:52,REAL,67754573327,682,67754574009,67754574009
2025-06-19 09:43:54,REAL,67754574009,610,67754574619,67754574619
2025-06-19 09:43:56,REAL,67754574619,595,67754575214,67754575214
2025-06-19 09:43:58,REAL,67754575214,537,67754575751,67754575751
2025-06-19 09:44:00,REAL,67754575751,538,67754576289,67754576289
2025-06-19 09:44:02,REAL,67754576289,547,67754576836,67754576836
2025-06-19 09:44:04,REAL,67754576836,539,67754577375,67754577375
2025-06-19 09:44:06,REAL,67754577375,534,67754577909,67754577909
2025-06-19 09:44:08,REAL,67754577909,680,67754578589,67754578589
2025-06-19 09:44:10,REAL,67754578589,153791,67754732380,67754732380
2025-06-19 09:44:12,REAL,67754732380,93216,67754825596,67754825596
2025-06-19 09:44:14,REAL,67754825596,28979,67754854575,67754854575
2025-06-19 09:44:16,REAL,67754854575,29453,67754884028,67754884028
2025-06-19 09:44:18,REAL,67754884028,28765,67754912793,67754912793
2025-06-19 09:44:20,REAL,67754912793,28949,67754941742,67754941742
2025-06-19 09:44:22,REAL,67754941742,28945,67754970687,67754970687
2025-06-19 09:44:24,REAL,67754970687,25119,67754995806,67754995806
2025-06-19 09:44:26,REAL,67754995806,539,67754996345,67754996345
2025-06-19 09:44:28,REAL,67754996345,540,67754996885,67754996885
2025-06-19 09:44:30,REAL,67754996885,547,67754997432,67754997432
2025-06-19 09:44:32,REAL,67754997432,548,67754997980,67754997980
2025-06-19 09:44:34,REAL,67754997980,540,67754998520,67754998520
2025-06-19 09:44:36,REAL,67754998520,538,67754999058,67754999058
2025-06-19 09:44:38,REAL,67754999058,621,67754999679,67754999679
2025-06-19 09:44:40,REAL,67754999679,593,67755000272,67755000272
2025-06-19 09:44:42,REAL,67755000272,192780,67755193052,67755193052
2025-06-19 09:44:44,REAL,67755193052,86659,67755279711,67755279711
2025-06-19 09:44:46,REAL,67755279711,29191,67755308902,67755308902
2025-06-19 09:44:48,REAL,67755308902,29027,67755337929,67755337929
2025-06-19 09:44:50,REAL,67755337929,29447,67755367376,67755367376
2025-06-19 09:44:52,REAL,67755367376,29167,67755396543,67755396543
2025-06-19 09:44:54,REAL,67755396543,28755,67755425298,67755425298
2025-06-19 09:44:56,REAL,67755425298,23525,67755448823,67755448823
2025-06-19 09:44:58,REAL,67755448823,540,67755449363,67755449363
2025-06-19 09:45:00,REAL,67755449363,538,67755449901,67755449901
2025-06-19 09:45:02,REAL,67755449901,545,67755450446,67755450446
2025-06-19 09:45:04,REAL,67755450446,541,67755450987,67755450987
2025-06-19 09:45:06,REAL,67755450987,537,67755451524,67755451524
2025-06-19 09:45:08,REAL,67755451524,609,67755452133,67755452133
2025-06-19 09:45:10,REAL,67755452133,536,67755452669,67755452669
2025-06-19 09:45:12,REAL,67755452669,604,67755453273,67755453273
2025-06-19 09:45:14,REAL,67755453273,190551,67755643824,67755643824
2025-06-19 09:45:16,REAL,67755643824,80108,67755723932,67755723932
2025-06-19 09:45:18,REAL,67755723932,28745,67755752677,67755752677
2025-06-19 09:45:20,REAL,67755752677,29499,67755782176,67755782176
2025-06-19 09:45:22,REAL,67755782176,29246,67755811422,67755811422
2025-06-19 09:45:24,REAL,67755811422,29351,67755840773,67755840773
2025-06-19 09:45:26,REAL,67755840773,29301,67755870074,67755870074
2025-06-19 09:45:28,REAL,67755870074,21279,67755891353,67755891353
2025-06-19 09:45:30,REAL,67755891353,538,67755891891,67755891891
2025-06-19 09:45:32,REAL,67755891891,541,67755892432,67755892432
2025-06-19 09:45:34,REAL,67755892432,548,67755892980,67755892980
2025-06-19 09:45:36,REAL,67755892980,537,67755893517,67755893517
2025-06-19 09:45:38,REAL,67755893517,616,67755894133,67755894133
2025-06-19 09:45:40,REAL,67755894133,534,67755894667,67755894667
2025-06-19 09:45:42,REAL,67755894667,534,67755895201,67755895201
2025-06-19 09:45:44,REAL,67755895201,605,67755895806,67755895806
2025-06-19 09:45:46,REAL,67755895806,591,67755896397,67755896397
2025-06-19 09:45:48,REAL,67755896397,594,67755896991,67755896991
2025-06-19 09:45:50,REAL,67755896991,603,67755897594,67755897594
2025-06-19 09:45:52,REAL,67755897594,544,67755898138,67755898138
2025-06-19 09:45:54,REAL,67755898138,616,67755898754,67755898754
2025-06-19 09:45:56,REAL,67755898754,547,67755899301,67755899301
2025-06-19 09:45:58,REAL,67755899301,545,67755899846,67755899846
2025-06-19 09:46:00,REAL,67755899846,588,67755900434,67755900434
2025-06-19 09:46:02,REAL,67755900434,548,67755900982,67755900982
2025-06-19 09:46:04,REAL,67755900982,598,67755901580,67755901580
2025-06-19 09:46:06,REAL,67755901580,608,67755902188,67755902188
2025-06-19 09:46:08,REAL,67755902188,609,67755902797,67755902797
2025-06-19 09:46:10,REAL,67755902797,538,67755903335,67755903335
2025-06-19 09:46:12,REAL,67755903335,533,67755903868,67755903868
2025-06-19 09:46:14,REAL,67755903868,541,67755904409,67755904409
2025-06-19 09:46:16,REAL,67755904409,536,67755904945,67755904945
2025-06-19 09:46:18,REAL,67755904945,539,67755905484,67755905484
2025-06-19 09:46:20,REAL,67755905484,544,67755906028,67755906028
2025-06-19 09:46:22,REAL,67755906028,661,67755906689,67755906689
2025-06-19 09:46:24,REAL,67755906689,673,67755907362,67755907362
2025-06-19 09:46:26,REAL,67755907362,596,67755907958,67755907958
2025-06-19 09:46:28,REAL,67755907958,546,67755908504,67755908504
2025-06-19 09:46:30,REAL,67755908504,543,67755909047,67755909047
2025-06-19 09:46:32,REAL,67755909047,544,67755909591,67755909591
2025-06-19 09:46:34,REAL,67755909591,540,67755910131,67755910131
2025-06-19 09:46:36,REAL,67755910131,536,67755910667,67755910667
2025-06-19 09:46:38,REAL,67755910667,618,67755911285,67755911285
2025-06-19 09:46:40,REAL,67755911285,604,67755911889,67755911889
2025-06-19 09:46:42,REAL,67755911889,605,67755912494,67755912494
2025-06-19 09:46:44,REAL,67755912494,534,67755913028,67755913028
2025-06-19 09:46:46,REAL,67755913028,534,67755913562,67755913562
2025-06-19 09:46:48,REAL,67755913562,594,67755914156,67755914156
2025-06-19 09:46:50,REAL,67755914156,536,67755914692,67755914692
2025-06-19 09:46:52,REAL,67755914692,541,67755915233,67755915233
2025-06-19 09:46:54,REAL,67755915233,615,67755915848,67755915848
2025-06-19 09:46:56,REAL,67755915848,548,67755916396,67755916396
2025-06-19 09:46:58,REAL,67755916396,601,67755916997,67755916997
2025-06-19 09:47:00,REAL,67755916997,532,67755917529,67755917529
2025-06-19 09:47:02,REAL,67755917529,536,67755918065,67755918065
2025-06-19 09:47:04,REAL,67755918065,534,67755918599,67755918599
2025-06-19 09:47:06,REAL,67755918599,537,67755919136,67755919136
2025-06-19 09:47:08,REAL,67755919136,540,67755919676,67755919676
2025-06-19 09:47:10,REAL,67755919676,616,67755920292,67755920292
2025-06-19 09:47:12,REAL,67755920292,544,67755920836,67755920836
2025-06-19 09:47:14,REAL,67755920836,601,67755921437,67755921437
2025-06-19 09:47:16,REAL,67755921437,601,67755922038,67755922038
2025-06-19 09:47:18,REAL,67755922038,658,67755922696,67755922696
2025-06-19 09:47:20,REAL,67755922696,596,67755923292,67755923292
2025-06-19 09:47:22,REAL,67755923292,541,67755923833,67755923833
2025-06-19 09:47:24,REAL,67755923833,620,67755924453,67755924453
2025-06-19 09:47:26,REAL,67755924453,531,67755924984,67755924984
2025-06-19 09:47:28,REAL,67755924984,542,67755925526,67755925526
2025-06-19 09:47:30,REAL,67755925526,532,67755926058,67755926058
2025-06-19 09:47:32,REAL,67755926058,533,67755926591,67755926591
2025-06-19 09:47:34,REAL,67755926591,600,67755927191,67755927191
2025-06-19 09:47:36,REAL,67755927191,659,67755927850,67755927850
2025-06-19 09:47:38,REAL,67755927850,598,67755928448,67755928448
2025-06-19 09:47:40,REAL,67755928448,679,67755929127,67755929127
2025-06-19 09:47:42,REAL,67755929127,601,67755929728,67755929728
2025-06-19 09:47:44,REAL,67755929728,601,67755930329,67755930329
2025-06-19 09:47:46,REAL,67755930329,605,67755930934,67755930934
2025-06-19 09:47:48,REAL,67755930934,543,67755931477,67755931477
2025-06-19 09:47:50,REAL,67755931477,542,67755932019,67755932019
2025-06-19 09:47:52,REAL,67755932019,535,67755932554,67755932554
2025-06-19 09:47:54,REAL,67755932554,676,67755933230,67755933230
2025-06-19 09:47:56,REAL,67755933230,542,67755933772,67755933772
2025-06-19 09:47:58,REAL,67755933772,537,67755934309,67755934309
2025-06-19 09:48:00,REAL,67755934309,535,67755934844,67755934844
2025-06-19 09:48:02,REAL,67755934844,663,67755935507,67755935507
2025-06-19 09:48:04,REAL,67755935507,591,67755936098,67755936098
2025-06-19 09:48:06,REAL,67755936098,599,67755936697,67755936697
2025-06-19 09:48:08,REAL,67755936697,590,67755937287,67755937287
2025-06-19 09:48:10,REAL,67755937287,684,67755937971,67755937971
2025-06-19 09:48:12,REAL,67755937971,129658,67756067629,67756067629
2025-06-19 09:48:14,REAL,67756067629,142000,67756209629,67756209629
2025-06-19 09:48:16,REAL,67756209629,29291,67756238920,67756238920
2025-06-19 09:48:18,REAL,67756238920,29282,67756268202,67756268202
2025-06-19 09:48:20,REAL,67756268202,29018,67756297220,67756297220
2025-06-19 09:48:22,REAL,67756297220,29266,67756326486,67756326486
2025-06-19 09:48:24,REAL,67756326486,29372,67756355858,67756355858
2025-06-19 09:48:26,REAL,67756355858,28162,67756384020,67756384020
2025-06-19 09:48:28,REAL,67756384020,550,67756384570,67756384570
2025-06-19 09:48:30,REAL,67756384570,533,67756385103,67756385103
2025-06-19 09:48:32,REAL,67756385103,595,67756385698,67756385698
2025-06-19 09:48:34,REAL,67756385698,539,67756386237,67756386237
2025-06-19 09:48:36,REAL,67756386237,544,67756386781,67756386781
2025-06-19 09:48:38,REAL,67756386781,536,67756387317,67756387317
2025-06-19 09:48:40,REAL,67756387317,613,67756387930,67756387930
2025-06-19 09:48:42,REAL,67756387930,596,67756388526,67756388526
2025-06-19 09:48:44,REAL,67756388526,145886,67756534412,67756534412
2025-06-19 09:48:46,REAL,67756534412,124368,67756658780,67756658780
2025-06-19 09:48:48,REAL,67756658780,29239,67756688019,67756688019
2025-06-19 09:48:50,REAL,67756688019,29516,67756717535,67756717535
2025-06-19 09:48:52,REAL,67756717535,29390,67756746925,67756746925
2025-06-19 09:48:54,REAL,67756746925,29054,67756775979,67756775979
2025-06-19 09:48:56,REAL,67756775979,29835,67756805814,67756805814
2025-06-19 09:48:58,REAL,67756805814,26007,67756831821,67756831821
2025-06-19 09:49:00,REAL,67756831821,546,67756832367,67756832367
2025-06-19 09:49:02,REAL,67756832367,548,67756832915,67756832915
2025-06-19 09:49:04,REAL,67756832915,546,67756833461,67756833461
2025-06-19 09:49:06,REAL,67756833461,541,67756834002,67756834002
2025-06-19 09:49:08,REAL,67756834002,598,67756834600,67756834600
2025-06-19 09:49:10,REAL,67756834600,615,67756835215,67756835215
2025-06-19 09:49:12,REAL,67756835215,535,67756835750,67756835750
2025-06-19 09:49:14,REAL,67756835750,608,67756836358,67756836358
2025-06-19 09:49:16,REAL,67756836358,193784,67757030142,67757030142
2025-06-19 09:49:18,REAL,67757030142,87129,67757117271,67757117271
2025-06-19 09:49:20,REAL,67757117271,29721,67757146992,67757146992
2025-06-19 09:49:22,REAL,67757146992,29541,67757176533,67757176533
2025-06-19 09:49:24,REAL,67757176533,29303,67757205836,67757205836
2025-06-19 09:49:26,REAL,67757205836,29426,67757235262,67757235262
2025-06-19 09:49:28,REAL,67757235262,29304,67757264566,67757264566
2025-06-19 09:49:30,REAL,67757264566,24102,67757288668,67757288668
2025-06-19 09:49:32,REAL,67757288668,539,67757289207,67757289207
2025-06-19 09:49:34,REAL,67757289207,541,67757289748,67757289748
2025-06-19 09:49:36,REAL,67757289748,534,67757290282,67757290282
2025-06-19 09:49:38,REAL,67757290282,537,67757290819,67757290819
2025-06-19 09:49:40,REAL,67757290819,618,67757291437,67757291437
2025-06-19 09:49:42,REAL,67757291437,540,67757291977,67757291977
2025-06-19 09:49:44,REAL,67757291977,536,67757292513,67757292513
2025-06-19 09:49:46,REAL,67757292513,654,67757293167,67757293167
2025-06-19 09:49:48,REAL,67757293167,604,67757293771,67757293771
2025-06-19 09:49:50,REAL,67757293771,595,67757294366,67757294366
2025-06-19 09:49:52,REAL,67757294366,602,67757294968,67757294968
2025-06-19 09:49:54,REAL,67757294968,619,67757295587,67757295587
2025-06-19 09:49:56,REAL,67757295587,541,67757296128,67757296128
2025-06-19 09:49:58,REAL,67757296128,594,67757296722,67757296722
2025-06-19 09:50:00,REAL,67757296722,541,67757297263,67757297263
2025-06-19 09:50:02,REAL,67757297263,542,67757297805,67757297805
2025-06-19 09:50:04,REAL,67757297805,544,67757298349,67757298349
2025-06-19 09:50:06,REAL,67757298349,533,67757298882,67757298882
2025-06-19 09:50:08,REAL,67757298882,667,67757299549,67757299549
2025-06-19 09:50:10,REAL,67757299549,666,67757300215,67757300215
2025-06-19 09:50:12,REAL,67757300215,602,67757300817,67757300817
2025-06-19 09:50:14,REAL,67757300817,190328,67757491145,67757491145
2025-06-19 09:50:16,REAL,67757491145,69687,67757560832,67757560832
2025-06-19 09:50:18,REAL,67757560832,28981,67757589813,67757589813
2025-06-19 09:50:20,REAL,67757589813,29438,67757619251,67757619251
2025-06-19 09:50:22,REAL,67757619251,29012,67757648263,67757648263
2025-06-19 09:50:24,REAL,67757648263,29082,67757677345,67757677345
2025-06-19 09:50:26,REAL,67757677345,28991,67757706336,67757706336
2025-06-19 09:50:28,REAL,67757706336,22393,67757728729,67757728729
2025-06-19 09:50:30,REAL,67757728729,596,67757729325,67757729325
2025-06-19 09:50:32,REAL,67757729325,602,67757729927,67757729927
2025-06-19 09:50:34,REAL,67757729927,65967,67757795894,67757795894
2025-06-19 09:50:36,REAL,67757795894,231740,67758027634,67758027634
2025-06-19 09:50:38,REAL,67758027634,29414,67758057048,67758057048
2025-06-19 09:50:40,REAL,67758057048,29061,67758086109,67758086109
2025-06-19 09:50:42,REAL,67758086109,28790,67758114899,67758114899
2025-06-19 09:50:44,REAL,67758114899,29169,67758144068,67758144068
2025-06-19 09:50:46,REAL,67758144068,29027,67758173095,67758173095
2025-06-19 09:50:48,REAL,67758173095,29138,67758202233,67758202233
2025-06-19 09:50:50,REAL,67758202233,6666,67758208899,67758208899
2025-06-19 09:50:52,REAL,67758208899,534,67758209433,67758209433
2025-06-19 09:50:54,REAL,67758209433,616,67758210049,67758210049
2025-06-19 09:50:56,REAL,67758210049,534,67758210583,67758210583
2025-06-19 09:50:58,REAL,67758210583,541,67758211124,67758211124
2025-06-19 09:51:00,REAL,67758211124,541,67758211665,67758211665
2025-06-19 09:51:02,REAL,67758211665,539,67758212204,67758212204
2025-06-19 09:51:04,REAL,67758212204,539,67758212743,67758212743
2025-06-19 09:51:06,REAL,67758212743,660,67758213403,67758213403
2025-06-19 09:51:08,REAL,67758213403,596,67758213999,67758213999
2025-06-19 09:51:10,REAL,67758213999,672,67758214671,67758214671
2025-06-19 09:51:12,REAL,67758214671,547,67758215218,67758215218
2025-06-19 09:51:14,REAL,67758215218,533,67758215751,67758215751
2025-06-19 09:51:16,REAL,67758215751,655,67758216406,67758216406
2025-06-19 09:51:18,REAL,67758216406,539,67758216945,67758216945
2025-06-19 09:51:20,REAL,67758216945,545,67758217490,67758217490
2025-06-19 09:51:22,REAL,67758217490,538,67758218028,67758218028
2025-06-19 09:51:24,REAL,67758218028,617,67758218645,67758218645
2025-06-19 09:51:26,REAL,67758218645,593,67758219238,67758219238
2025-06-19 09:51:28,REAL,67758219238,246960,67758466198,67758466198
2025-06-19 09:51:30,REAL,67758466198,47935,67758514133,67758514133
2025-06-19 09:51:32,REAL,67758514133,29318,67758543451,67758543451
2025-06-19 09:51:34,REAL,67758543451,29296,67758572747,67758572747
2025-06-19 09:51:36,REAL,67758572747,29205,67758601952,67758601952
2025-06-19 09:51:38,REAL,67758601952,29248,67758631200,67758631200
2025-06-19 09:51:40,REAL,67758631200,29020,67758660220,67758660220
2025-06-19 09:51:42,REAL,67758660220,18111,67758678331,67758678331
2025-06-19 09:51:44,REAL,67758678331,590,67758678921,67758678921
2025-06-19 09:51:46,REAL,67758678921,534,67758679455,67758679455
2025-06-19 09:51:48,REAL,67758679455,543,67758679998,67758679998
2025-06-19 09:51:50,REAL,67758679998,540,67758680538,67758680538
2025-06-19 09:51:52,REAL,67758680538,540,67758681078,67758681078
2025-06-19 09:51:54,REAL,67758681078,612,67758681690,67758681690
2025-06-19 09:51:56,REAL,67758681690,540,67758682230,67758682230
2025-06-19 09:51:58,REAL,67758682230,590,67758682820,67758682820
2025-06-19 09:52:00,REAL,67758682820,542,67758683362,67758683362
2025-06-19 09:52:02,REAL,67758683362,535,67758683897,67758683897
2025-06-19 09:52:04,REAL,67758683897,540,67758684437,67758684437
2025-06-19 09:52:06,REAL,67758684437,544,67758684981,67758684981
2025-06-19 09:52:08,REAL,67758684981,603,67758685584,67758685584
2025-06-19 09:52:10,REAL,67758685584,625,67758686209,67758686209
2025-06-19 09:52:12,REAL,67758686209,595,67758686804,67758686804
2025-06-19 09:52:14,REAL,67758686804,590,67758687394,67758687394
2025-06-19 09:52:16,REAL,67758687394,543,67758687937,67758687937
2025-06-19 09:52:18,REAL,67758687937,534,67758688471,67758688471
2025-06-19 09:52:20,REAL,67758688471,541,67758689012,67758689012
2025-06-19 09:52:22,REAL,67758689012,537,67758689549,67758689549
2025-06-19 09:52:24,REAL,67758689549,539,67758690088,67758690088
2025-06-19 09:52:26,REAL,67758690088,619,67758690707,67758690707
2025-06-19 09:52:28,REAL,67758690707,547,67758691254,67758691254
2025-06-19 09:52:30,REAL,67758691254,601,67758691855,67758691855
2025-06-19 09:52:32,REAL,67758691855,546,67758692401,67758692401
2025-06-19 09:52:34,REAL,67758692401,618,67758693019,67758693019
2025-06-19 09:52:36,REAL,67758693019,596,67758693615,67758693615
2025-06-19 09:52:38,REAL,67758693615,535,67758694150,67758694150
2025-06-19 09:52:40,REAL,67758694150,617,67758694767,67758694767
2025-06-19 09:52:42,REAL,67758694767,541,67758695308,67758695308
2025-06-19 09:52:44,REAL,67758695308,537,67758695845,67758695845
2025-06-19 09:52:46,REAL,67758695845,600,67758696445,67758696445
2025-06-19 09:52:48,REAL,67758696445,536,67758696981,67758696981
2025-06-19 09:52:50,REAL,67758696981,544,67758697525,67758697525
2025-06-19 09:52:52,REAL,67758697525,596,67758698121,67758698121
2025-06-19 09:52:54,REAL,67758698121,535,67758698656,67758698656
2025-06-19 09:52:56,REAL,67758698656,617,67758699273,67758699273
2025-06-19 09:52:58,REAL,67758699273,546,67758699819,67758699819
2025-06-19 09:53:00,REAL,67758699819,547,67758700366,67758700366
2025-06-19 09:53:02,REAL,67758700366,604,67758700970,67758700970
2025-06-19 09:53:04,REAL,67758700970,596,67758701566,67758701566
2025-06-19 09:53:06,REAL,67758701566,533,67758702099,67758702099
2025-06-19 09:53:08,REAL,67758702099,542,67758702641,67758702641
2025-06-19 09:53:10,REAL,67758702641,620,67758703261,67758703261
2025-06-19 09:53:12,REAL,67758703261,535,67758703796,67758703796
2025-06-19 09:53:14,REAL,67758703796,540,67758704336,67758704336
2025-06-19 09:53:16,REAL,67758704336,536,67758704872,67758704872
2025-06-19 09:53:18,REAL,67758704872,607,67758705479,67758705479
2025-06-19 09:53:20,REAL,67758705479,537,67758706016,67758706016
2025-06-19 09:53:22,REAL,67758706016,542,67758706558,67758706558
2025-06-19 09:53:24,REAL,67758706558,537,67758707095,67758707095
2025-06-19 09:53:26,REAL,67758707095,613,67758707708,67758707708
2025-06-19 09:53:28,REAL,67758707708,531,67758708239,67758708239
2025-06-19 09:53:30,REAL,67758708239,603,67758708842,67758708842
2025-06-19 09:53:32,REAL,67758708842,534,67758709376,67758709376
2025-06-19 09:53:34,REAL,67758709376,656,67758710032,67758710032
2025-06-19 09:53:36,REAL,67758710032,540,67758710572,67758710572
2025-06-19 09:53:38,REAL,67758710572,545,67758711117,67758711117
2025-06-19 09:53:40,REAL,67758711117,611,67758711728,67758711728
2025-06-19 09:53:42,REAL,67758711728,544,67758712272,67758712272
2025-06-19 09:53:44,REAL,67758712272,550,67758712822,67758712822
2025-06-19 09:53:46,REAL,67758712822,544,67758713366,67758713366
2025-06-19 09:53:48,REAL,67758713366,540,67758713906,67758713906
2025-06-19 09:53:50,REAL,67758713906,607,67758714513,67758714513
2025-06-19 09:53:52,REAL,67758714513,536,67758715049,67758715049
2025-06-19 09:53:54,REAL,67758715049,547,67758715596,67758715596
2025-06-19 09:53:56,REAL,67758715596,619,67758716215,67758716215
2025-06-19 09:53:58,REAL,67758716215,588,67758716803,67758716803
2025-06-19 09:54:00,REAL,67758716803,537,67758717340,67758717340
2025-06-19 09:54:02,REAL,67758717340,541,67758717881,67758717881
2025-06-19 09:54:04,REAL,67758717881,544,67758718425,67758718425
2025-06-19 09:54:06,REAL,67758718425,597,67758719022,67758719022
2025-06-19 09:54:08,REAL,67758719022,539,67758719561,67758719561
2025-06-19 09:54:10,REAL,67758719561,618,67758720179,67758720179
2025-06-19 09:54:12,REAL,67758720179,541,67758720720,67758720720
2025-06-19 09:54:14,REAL,67758720720,543,67758721263,67758721263
2025-06-19 09:54:16,REAL,67758721263,537,67758721800,67758721800
2025-06-19 09:54:18,REAL,67758721800,597,67758722397,67758722397
2025-06-19 09:54:20,REAL,67758722397,536,67758722933,67758722933
2025-06-19 09:54:22,REAL,67758722933,607,67758723540,67758723540
2025-06-19 09:54:24,REAL,67758723540,591,67758724131,67758724131
2025-06-19 09:54:26,REAL,67758724131,613,67758724744,67758724744
2025-06-19 09:54:28,REAL,67758724744,542,67758725286,67758725286
2025-06-19 09:54:30,REAL,67758725286,537,67758725823,67758725823
2025-06-19 09:54:32,REAL,67758725823,532,67758726355,67758726355
2025-06-19 09:54:34,REAL,67758726355,537,67758726892,67758726892
2025-06-19 09:54:36,REAL,67758726892,542,67758727434,67758727434
2025-06-19 09:54:38,REAL,67758727434,73508,67758800942,67758800942
2025-06-19 09:54:40,REAL,67758800942,216172,67759017114,67759017114
2025-06-19 09:54:42,REAL,67759017114,29230,67759046344,67759046344
2025-06-19 09:54:44,REAL,67759046344,29360,67759075704,67759075704
2025-06-19 09:54:46,REAL,67759075704,28812,67759104516,67759104516
2025-06-19 09:54:48,REAL,67759104516,29096,67759133612,67759133612
2025-06-19 09:54:50,REAL,67759133612,28997,67759162609,67759162609
2025-06-19 09:54:52,REAL,67759162609,28944,67759191553,67759191553
2025-06-19 09:54:54,REAL,67759191553,7276,67759198829,67759198829
2025-06-19 09:54:56,REAL,67759198829,676,67759199505,67759199505
2025-06-19 09:54:58,REAL,67759199505,606,67759200111,67759200111
2025-06-19 09:55:00,REAL,67759200111,543,67759200654,67759200654
2025-06-19 09:55:02,REAL,67759200654,540,67759201194,67759201194
2025-06-19 09:55:04,REAL,67759201194,544,67759201738,67759201738
2025-06-19 09:55:06,REAL,67759201738,535,67759202273,67759202273
2025-06-19 09:55:08,REAL,67759202273,533,67759202806,67759202806
2025-06-19 09:55:10,REAL,67759202806,530,67759203336,67759203336
2025-06-19 09:55:12,REAL,67759203336,620,67759203956,67759203956
2025-06-19 09:55:14,REAL,67759203956,359,67759204315,67759204315
2025-06-19 09:55:16,REAL,67759204315,535,67759204850,67759204850
2025-06-19 09:55:18,REAL,67759204850,542,67759205392,67759205392
2025-06-19 09:55:20,REAL,67759205392,592,67759205984,67759205984
2025-06-19 09:55:22,REAL,67759205984,537,67759206521,67759206521
2025-06-19 09:55:24,REAL,67759206521,539,67759207060,67759207060
2025-06-19 09:55:26,REAL,67759207060,617,67759207677,67759207677
2025-06-19 09:55:28,REAL,67759207677,600,67759208277,67759208277
2025-06-19 09:55:30,REAL,67759208277,606,67759208883,67759208883
2025-06-19 09:55:32,REAL,67759208883,537,67759209420,67759209420
2025-06-19 09:55:34,REAL,67759209420,538,67759209958,67759209958
2025-06-19 09:55:36,REAL,67759209958,540,67759210498,67759210498
2025-06-19 09:55:38,REAL,67759210498,543,67759211041,67759211041
2025-06-19 09:55:40,REAL,67759211041,531,67759211572,67759211572
2025-06-19 09:55:42,REAL,67759211572,617,67759212189,67759212189
2025-06-19 09:55:44,REAL,67759212189,538,67759212727,67759212727
2025-06-19 09:55:46,REAL,67759212727,605,67759213332,67759213332
2025-06-19 09:55:48,REAL,67759213332,223868,67759437200,67759437200
2025-06-19 09:55:50,REAL,67759437200,37302,67759474502,67759474502
2025-06-19 09:55:52,REAL,67759474502,28661,67759503163,67759503163
2025-06-19 09:55:54,REAL,67759503163,29430,67759532593,67759532593
2025-06-19 09:55:56,REAL,67759532593,29106,67759561699,67759561699
2025-06-19 09:55:58,REAL,67759561699,29756,67759591455,67759591455
2025-06-19 09:56:00,REAL,67759591455,29775,67759621230,67759621230
2025-06-19 09:56:02,REAL,67759621230,17873,67759639103,67759639103
2025-06-19 09:56:04,REAL,67759639103,597,67759639700,67759639700
2025-06-19 09:56:06,REAL,67759639700,598,67759640298,67759640298
2025-06-19 09:56:08,REAL,67759640298,93359,67759733657,67759733657
2025-06-19 09:56:10,REAL,67759733657,144645,67759878302,67759878302
2025-06-19 09:56:12,REAL,67759878302,28700,67759907002,67759907002
2025-06-19 09:56:14,REAL,67759907002,28984,67759935986,67759935986
2025-06-19 09:56:16,REAL,67759935986,29297,67759965283,67759965283
2025-06-19 09:56:18,REAL,67759965283,29603,67759994886,67759994886
2025-06-19 09:56:20,REAL,67759994886,29094,67760023980,67760023980
2025-06-19 09:56:22,REAL,67760023980,29727,67760053707,67760053707
2025-06-19 09:56:24,REAL,67760053707,2305,67760056012,67760056012
2025-06-19 09:56:26,REAL,67760056012,601,67760056613,67760056613
2025-06-19 09:56:28,REAL,67760056613,684,67760057297,67760057297
2025-06-19 09:56:30,REAL,67760057297,546,67760057843,67760057843
2025-06-19 09:56:32,REAL,67760057843,539,67760058382,67760058382
2025-06-19 09:56:34,REAL,67760058382,541,67760058923,67760058923
2025-06-19 09:56:36,REAL,67760058923,539,67760059462,67760059462
2025-06-19 09:56:38,REAL,67760059462,540,67760060002,67760060002
2025-06-19 09:56:40,REAL,67760060002,539,67760060541,67760060541
2025-06-19 09:56:42,REAL,67760060541,616,67760061157,67760061157
2025-06-19 09:56:44,REAL,67760061157,600,67760061757,67760061757
2025-06-19 09:56:46,REAL,67760061757,544,67760062301,67760062301
2025-06-19 09:56:48,REAL,67760062301,548,67760062849,67760062849
2025-06-19 09:56:50,REAL,67760062849,534,67760063383,67760063383
2025-06-19 09:56:52,REAL,67760063383,609,67760063992,67760063992
2025-06-19 09:56:54,REAL,67760063992,599,67760064591,67760064591
2025-06-19 09:56:56,REAL,67760064591,546,67760065137,67760065137
2025-06-19 09:56:58,REAL,67760065137,669,67760065806,67760065806
2025-06-19 09:57:00,REAL,67760065806,609,67760066415,67760066415
2025-06-19 09:57:02,REAL,67760066415,536,67760066951,67760066951
2025-06-19 09:57:04,REAL,67760066951,540,67760067491,67760067491
2025-06-19 09:57:06,REAL,67760067491,540,67760068031,67760068031
2025-06-19 09:57:08,REAL,67760068031,546,67760068577,67760068577
2025-06-19 09:57:10,REAL,67760068577,533,67760069110,67760069110
2025-06-19 09:57:12,REAL,67760069110,610,67760069720,67760069720
2025-06-19 09:57:14,REAL,67760069720,543,67760070263,67760070263
2025-06-19 09:57:16,REAL,67760070263,601,67760070864,67760070864
2025-06-19 09:57:18,REAL,67760070864,540,67760071404,67760071404
2025-06-19 09:57:20,REAL,67760071404,536,67760071940,67760071940
2025-06-19 09:57:22,REAL,67760071940,547,67760072487,67760072487
2025-06-19 09:57:24,REAL,67760072487,599,67760073086,67760073086
2025-06-19 09:57:26,REAL,67760073086,538,67760073624,67760073624
2025-06-19 09:57:28,REAL,67760073624,606,67760074230,67760074230
2025-06-19 09:57:30,REAL,67760074230,536,67760074766,67760074766
2025-06-19 09:57:32,REAL,67760074766,19360,67760094126,67760094126
2025-06-19 09:57:34,REAL,67760094126,256839,67760350965,67760350965
2025-06-19 09:57:36,REAL,67760350965,28809,67760379774,67760379774
2025-06-19 09:57:38,REAL,67760379774,29085,67760408859,67760408859
2025-06-19 09:57:40,REAL,67760408859,28745,67760437604,67760437604
2025-06-19 09:57:42,REAL,67760437604,29128,67760466732,67760466732
2025-06-19 09:57:44,REAL,67760466732,29201,67760495933,67760495933
2025-06-19 09:57:46,REAL,67760495933,29093,67760525026,67760525026
2025-06-19 09:57:48,REAL,67760525026,11564,67760536590,67760536590
2025-06-19 09:57:50,REAL,67760536590,534,67760537124,67760537124
2025-06-19 09:57:52,REAL,67760537124,541,67760537665,67760537665
2025-06-19 09:57:54,REAL,67760537665,538,67760538203,67760538203
2025-06-19 09:57:56,REAL,67760538203,595,67760538798,67760538798
2025-06-19 09:57:58,REAL,67760538798,611,67760539409,67760539409
2025-06-19 09:58:00,REAL,67760539409,537,67760539946,67760539946
2025-06-19 09:58:02,REAL,67760539946,531,67760540477,67760540477
2025-06-19 09:58:04,REAL,67760540477,653,67760541130,67760541130
2025-06-19 09:58:06,REAL,67760541130,601,67760541731,67760541731
2025-06-19 09:58:08,REAL,67760541731,598,67760542329,67760542329
2025-06-19 09:58:10,REAL,67760542329,531,67760542860,67760542860
2025-06-19 09:58:12,REAL,67760542860,614,67760543474,67760543474
2025-06-19 09:58:14,REAL,67760543474,541,67760544015,67760544015
2025-06-19 09:58:16,REAL,67760544015,538,67760544553,67760544553
2025-06-19 09:58:18,REAL,67760544553,778,67760545331,67760545331
2025-06-19 09:58:20,REAL,67760545331,297,67760545628,67760545628
2025-06-19 09:58:22,REAL,67760545628,598,67760546226,67760546226
2025-06-19 09:58:24,REAL,67760546226,602,67760546828,67760546828
2025-06-19 09:58:26,REAL,67760546828,590,67760547418,67760547418
2025-06-19 09:58:28,REAL,67760547418,613,67760548031,67760548031
2025-06-19 09:58:30,REAL,67760548031,542,67760548573,67760548573
2025-06-19 09:58:32,REAL,67760548573,539,67760549112,67760549112
2025-06-19 09:58:34,REAL,67760549112,548,67760549660,67760549660
2025-06-19 09:58:36,REAL,67760549660,541,67760550201,67760550201
2025-06-19 09:58:38,REAL,67760550201,530,67760550731,67760550731
2025-06-19 09:58:40,REAL,67760550731,594,67760551325,67760551325
2025-06-19 09:58:42,REAL,67760551325,620,67760551945,67760551945
2025-06-19 09:58:44,REAL,67760551945,539,67760552484,67760552484
2025-06-19 09:58:46,REAL,67760552484,547,67760553031,67760553031
2025-06-19 09:58:48,REAL,67760553031,542,67760553573,67760553573
2025-06-19 09:58:50,REAL,67760553573,550,67760554123,67760554123
2025-06-19 09:58:52,REAL,67760554123,536,67760554659,67760554659
2025-06-19 09:58:54,REAL,67760554659,542,67760555201,67760555201
2025-06-19 09:58:56,REAL,67760555201,652,67760555853,67760555853
2025-06-19 09:58:58,REAL,67760555853,611,67760556464,67760556464
2025-06-19 09:59:00,REAL,67760556464,542,67760557006,67760557006
2025-06-19 09:59:02,REAL,67760557006,537,67760557543,67760557543
2025-06-19 09:59:04,REAL,67760557543,543,67760558086,67760558086
2025-06-19 09:59:06,REAL,67760558086,535,67760558621,67760558621
2025-06-19 09:59:08,REAL,67760558621,538,67760559159,67760559159
2025-06-19 09:59:10,REAL,67760559159,550,67760559709,67760559709
2025-06-19 09:59:12,REAL,67760559709,739,67760560448,67760560448
2025-06-19 09:59:14,REAL,67760560448,540,67760560988,67760560988
2025-06-19 09:59:16,REAL,67760560988,541,67760561529,67760561529
2025-06-19 09:59:18,REAL,67760561529,548,67760562077,67760562077
2025-06-19 09:59:20,REAL,67760562077,545,67760562622,67760562622
2025-06-19 09:59:22,REAL,67760562622,548,67760563170,67760563170
2025-06-19 09:59:24,REAL,67760563170,542,67760563712,67760563712
2025-06-19 09:59:26,REAL,67760563712,536,67760564248,67760564248
2025-06-19 09:59:28,REAL,67760564248,729,67760564977,67760564977
2025-06-19 09:59:30,REAL,67760564977,533,67760565510,67760565510
2025-06-19 09:59:32,REAL,67760565510,541,67760566051,67760566051
2025-06-19 09:59:34,REAL,67760566051,538,67760566589,67760566589
2025-06-19 09:59:36,REAL,67760566589,535,67760567124,67760567124
2025-06-19 09:59:38,REAL,67760567124,538,67760567662,67760567662
2025-06-19 09:59:40,REAL,67760567662,535,67760568197,67760568197
2025-06-19 09:59:42,REAL,67760568197,617,67760568814,67760568814
2025-06-19 09:59:44,REAL,67760568814,602,67760569416,67760569416
2025-06-19 09:59:46,REAL,67760569416,541,67760569957,67760569957
2025-06-19 09:59:48,REAL,67760569957,544,67760570501,67760570501
2025-06-19 09:59:50,REAL,67760570501,538,67760571039,67760571039
2025-06-19 09:59:52,REAL,67760571039,545,67760571584,67760571584
2025-06-19 09:59:54,REAL,67760571584,542,67760572126,67760572126
2025-06-19 09:59:56,REAL,67760572126,549,67760572675,67760572675
2025-06-19 09:59:58,REAL,67760572675,666,67760573341,67760573341
2025-06-19 10:00:00,REAL,67760573341,662,67760574003,67760574003
2025-06-19 10:00:02,REAL,67760574003,539,67760574542,67760574542
2025-06-19 10:00:04,REAL,67760574542,539,67760575081,67760575081
2025-06-19 10:00:06,REAL,67760575081,542,67760575623,67760575623
2025-06-19 10:00:08,REAL,67760575623,547,67760576170,67760576170
2025-06-19 10:00:10,REAL,67760576170,544,67760576714,67760576714
2025-06-19 10:00:12,REAL,67760576714,618,67760577332,67760577332
2025-06-19 10:00:14,REAL,67760577332,540,67760577872,67760577872
2025-06-19 10:00:16,REAL,67760577872,598,67760578470,67760578470
2025-06-19 10:00:18,REAL,67760578470,542,67760579012,67760579012
2025-06-19 10:00:20,REAL,67760579012,541,67760579553,67760579553
2025-06-19 10:00:22,REAL,67760579553,536,67760580089,67760580089
2025-06-19 10:00:24,REAL,67760580089,542,67760580631,67760580631
2025-06-19 10:00:26,REAL,67760580631,545,67760581176,67760581176
2025-06-19 10:00:28,REAL,67760581176,677,67760581853,67760581853
2025-06-19 10:00:30,REAL,67760581853,548,67760582401,67760582401
2025-06-19 10:00:32,REAL,67760582401,596,67760582997,67760582997
2025-06-19 10:00:34,REAL,67760582997,539,67760583536,67760583536
2025-06-19 10:00:36,REAL,67760583536,542,67760584078,67760584078
2025-06-19 10:00:38,REAL,67760584078,541,67760584619,67760584619
2025-06-19 10:00:40,REAL,67760584619,539,67760585158,67760585158
2025-06-19 10:00:42,REAL,67760585158,538,67760585696,67760585696
2025-06-19 10:00:44,REAL,67760585696,619,67760586315,67760586315
2025-06-19 10:00:46,REAL,67760586315,541,67760586856,67760586856
2025-06-19 10:00:48,REAL,67760586856,653,67760587509,67760587509
2025-06-19 10:00:50,REAL,67760587509,282389,67760869898,67760869898
2025-06-19 10:00:52,REAL,67760869898,29355,67760899253,67760899253
2025-06-19 10:00:54,REAL,67760899253,29474,67760928727,67760928727
2025-06-19 10:00:56,REAL,67760928727,29039,67760957766,67760957766
2025-06-19 10:00:58,REAL,67760957766,29074,67760986840,67760986840
2025-06-19 10:01:00,REAL,67760986840,29663,67761016503,67761016503
2025-06-19 10:01:02,REAL,67761016503,29204,67761045707,67761045707
2025-06-19 10:01:04,REAL,67761045707,15635,67761061342,67761061342
2025-06-19 10:01:06,REAL,67761061342,537,67761061879,67761061879
2025-06-19 10:01:08,REAL,67761061879,540,67761062419,67761062419
2025-06-19 10:01:10,REAL,67761062419,545,67761062964,67761062964
2025-06-19 10:01:12,REAL,67761062964,545,67761063509,67761063509
2025-06-19 10:01:14,REAL,67761063509,612,67761064121,67761064121
2025-06-19 10:01:16,REAL,67761064121,604,67761064725,67761064725
2025-06-19 10:01:18,REAL,67761064725,534,67761065259,67761065259
2025-06-19 10:01:20,REAL,67761065259,592,67761065851,67761065851
2025-06-19 10:01:22,REAL,67761065851,542,67761066393,67761066393
2025-06-19 10:01:24,REAL,67761066393,538,67761066931,67761066931
2025-06-19 10:01:26,REAL,67761066931,542,67761067473,67761067473
2025-06-19 10:01:28,REAL,67761067473,615,67761068088,67761068088
2025-06-19 10:01:30,REAL,67761068088,548,67761068636,67761068636
2025-06-19 10:01:32,REAL,67761068636,541,67761069177,67761069177
2025-06-19 10:01:34,REAL,67761069177,548,67761069725,67761069725
2025-06-19 10:01:36,REAL,67761069725,724,67761070449,67761070449
2025-06-19 10:01:38,REAL,67761070449,593,67761071042,67761071042
2025-06-19 10:01:40,REAL,67761071042,663,67761071705,67761071705
2025-06-19 10:01:42,REAL,67761071705,534,67761072239,67761072239
2025-06-19 10:01:44,REAL,67761072239,616,67761072855,67761072855
2025-06-19 10:01:46,REAL,67761072855,534,67761073389,67761073389
2025-06-19 10:01:48,REAL,67761073389,548,67761073937,67761073937
2025-06-19 10:01:50,REAL,67761073937,545,67761074482,67761074482
2025-06-19 10:01:52,REAL,67761074482,534,67761075016,67761075016
2025-06-19 10:01:54,REAL,67761075016,542,67761075558,67761075558
2025-06-19 10:01:56,REAL,67761075558,608,67761076166,67761076166
2025-06-19 10:01:58,REAL,67761076166,606,67761076772,67761076772
2025-06-19 10:02:00,REAL,67761076772,539,67761077311,67761077311
2025-06-19 10:02:02,REAL,67761077311,645,67761077956,67761077956
2025-06-19 10:02:04,REAL,67761077956,544,67761078500,67761078500
2025-06-19 10:02:06,REAL,67761078500,541,67761079041,67761079041
2025-06-19 10:02:08,REAL,67761079041,539,67761079580,67761079580
2025-06-19 10:02:10,REAL,67761079580,533,67761080113,67761080113
2025-06-19 10:02:12,REAL,67761080113,596,67761080709,67761080709
2025-06-19 10:02:14,REAL,67761080709,167869,67761248578,67761248578
2025-06-19 10:02:16,REAL,67761248578,98798,67761347376,67761347376
2025-06-19 10:02:18,REAL,67761347376,29205,67761376581,67761376581
2025-06-19 10:02:20,REAL,67761376581,29885,67761406466,67761406466
2025-06-19 10:02:22,REAL,67761406466,29279,67761435745,67761435745
2025-06-19 10:02:24,REAL,67761435745,29253,67761464998,67761464998
2025-06-19 10:02:26,REAL,67761464998,29213,67761494211,67761494211
2025-06-19 10:02:28,REAL,67761494211,25371,67761519582,67761519582
2025-06-19 10:02:30,REAL,67761519582,539,67761520121,67761520121
2025-06-19 10:02:32,REAL,67761520121,543,67761520664,67761520664
2025-06-19 10:02:34,REAL,67761520664,542,67761521206,67761521206
2025-06-19 10:02:36,REAL,67761521206,533,67761521739,67761521739
2025-06-19 10:02:38,REAL,67761521739,543,67761522282,67761522282
2025-06-19 10:02:40,REAL,67761522282,537,67761522819,67761522819
2025-06-19 10:02:42,REAL,67761522819,536,67761523355,67761523355
2025-06-19 10:02:44,REAL,67761523355,682,67761524037,67761524037
2025-06-19 10:02:46,REAL,67761524037,547,67761524584,67761524584
2025-06-19 10:02:48,REAL,67761524584,541,67761525125,67761525125
2025-06-19 10:02:50,REAL,67761525125,604,67761525729,67761525729
2025-06-19 10:02:52,REAL,67761525729,543,67761526272,67761526272
2025-06-19 10:02:54,REAL,67761526272,544,67761526816,67761526816
2025-06-19 10:02:56,REAL,67761526816,535,67761527351,67761527351
2025-06-19 10:02:58,REAL,67761527351,621,67761527972,67761527972
2025-06-19 10:03:00,REAL,67761527972,653,67761528625,67761528625
2025-06-19 10:03:02,REAL,67761528625,601,67761529226,67761529226
2025-06-19 10:03:04,REAL,67761529226,601,67761529827,67761529827
2025-06-19 10:03:06,REAL,67761529827,661,67761530488,67761530488
2025-06-19 10:03:08,REAL,67761530488,601,67761531089,67761531089
2025-06-19 10:03:10,REAL,67761531089,608,67761531697,67761531697
2025-06-19 10:03:12,REAL,67761531697,656,67761532353,67761532353
2025-06-19 10:03:14,REAL,67761532353,670,67761533023,67761533023
2025-06-19 10:03:16,REAL,67761533023,598,67761533621,67761533621
2025-06-19 10:03:18,REAL,67761533621,534,67761534155,67761534155
2025-06-19 10:03:20,REAL,67761534155,535,67761534690,67761534690
2025-06-19 10:03:22,REAL,67761534690,541,67761535231,67761535231
2025-06-19 10:03:24,REAL,67761535231,542,67761535773,67761535773
2025-06-19 10:03:26,REAL,67761535773,540,67761536313,67761536313
2025-06-19 10:03:28,REAL,67761536313,618,67761536931,67761536931
2025-06-19 10:03:30,REAL,67761536931,542,67761537473,67761537473
2025-06-19 10:03:32,REAL,67761537473,50990,67761588463,67761588463
2025-06-19 10:03:34,REAL,67761588463,191691,67761780154,67761780154
2025-06-19 10:03:36,REAL,67761780154,29182,67761809336,67761809336
2025-06-19 10:03:38,REAL,67761809336,28994,67761838330,67761838330
2025-06-19 10:03:40,REAL,67761838330,29355,67761867685,67761867685
2025-06-19 10:03:42,REAL,67761867685,28953,67761896638,67761896638
2025-06-19 10:03:44,REAL,67761896638,29496,67761926134,67761926134
2025-06-19 10:03:46,REAL,67761926134,29363,67761955497,67761955497
2025-06-19 10:03:48,REAL,67761955497,7443,67761962940,67761962940
2025-06-19 10:03:50,REAL,67761962940,548,67761963488,67761963488
2025-06-19 10:03:52,REAL,67761963488,538,67761964026,67761964026
2025-06-19 10:03:54,REAL,67761964026,539,67761964565,67761964565
2025-06-19 10:03:56,REAL,67761964565,534,67761965099,67761965099
2025-06-19 10:03:58,REAL,67761965099,621,67761965720,67761965720
2025-06-19 10:04:00,REAL,67761965720,592,67761966312,67761966312
2025-06-19 10:04:02,REAL,67761966312,545,67761966857,67761966857
2025-06-19 10:04:04,REAL,67761966857,599,67761967456,67761967456
2025-06-19 10:04:06,REAL,67761967456,544,67761968000,67761968000
2025-06-19 10:04:08,REAL,67761968000,534,67761968534,67761968534
2025-06-19 10:04:10,REAL,67761968534,545,67761969079,67761969079
2025-06-19 10:04:12,REAL,67761969079,546,67761969625,67761969625
2025-06-19 10:04:14,REAL,67761969625,622,67761970247,67761970247
2025-06-19 10:04:16,REAL,67761970247,535,67761970782,67761970782
2025-06-19 10:04:18,REAL,67761970782,544,67761971326,67761971326
2025-06-19 10:04:20,REAL,67761971326,658,67761971984,67761971984
2025-06-19 10:04:22,REAL,67761971984,547,67761972531,67761972531
2025-06-19 10:04:24,REAL,67761972531,595,67761973126,67761973126
2025-06-19 10:04:26,REAL,67761973126,546,67761973672,67761973672
2025-06-19 10:04:28,REAL,67761973672,619,67761974291,67761974291
2025-06-19 10:04:30,REAL,67761974291,534,67761974825,67761974825
2025-06-19 10:04:32,REAL,67761974825,532,67761975357,67761975357
2025-06-19 10:04:34,REAL,67761975357,531,67761975888,67761975888
2025-06-19 10:04:36,REAL,67761975888,606,67761976494,67761976494
2025-06-19 10:04:38,REAL,67761976494,542,67761977036,67761977036
2025-06-19 10:04:40,REAL,67761977036,540,67761977576,67761977576
2025-06-19 10:04:42,REAL,67761977576,540,67761978116,67761978116
2025-06-19 10:04:44,REAL,67761978116,612,67761978728,67761978728
2025-06-19 10:04:46,REAL,67761978728,596,67761979324,67761979324
2025-06-19 10:04:48,REAL,67761979324,534,67761979858,67761979858
2025-06-19 10:04:50,REAL,67761979858,543,67761980401,67761980401
2025-06-19 10:04:52,REAL,67761980401,597,67761980998,67761980998
2025-06-19 10:04:54,REAL,67761980998,538,67761981536,67761981536
2025-06-19 10:04:56,REAL,67761981536,540,67761982076,67761982076
2025-06-19 10:04:58,REAL,67761982076,535,67761982611,67761982611
2025-06-19 10:05:00,REAL,67761982611,612,67761983223,67761983223
2025-06-19 10:05:02,REAL,67761983223,538,67761983761,67761983761
2025-06-19 10:05:04,REAL,67761983761,540,67761984301,67761984301
2025-06-19 10:05:06,REAL,67761984301,542,67761984843,67761984843
2025-06-19 10:05:08,REAL,67761984843,720,67761985563,67761985563
2025-06-19 10:05:10,REAL,67761985563,664,67761986227,67761986227
2025-06-19 10:05:12,REAL,67761986227,599,67761986826,67761986826
2025-06-19 10:05:14,REAL,67761986826,673,67761987499,67761987499
2025-06-19 10:05:16,REAL,67761987499,597,67761988096,67761988096
2025-06-19 10:05:18,REAL,67761988096,119573,67762107669,67762107669
2025-06-19 10:05:20,REAL,67762107669,170670,67762278339,67762278339
2025-06-19 10:05:22,REAL,67762278339,28963,67762307302,67762307302
2025-06-19 10:05:24,REAL,67762307302,28969,67762336271,67762336271
2025-06-19 10:05:26,REAL,67762336271,29177,67762365448,67762365448
2025-06-19 10:05:28,REAL,67762365448,29508,67762394956,67762394956
2025-06-19 10:05:30,REAL,67762394956,29064,67762424020,67762424020
2025-06-19 10:05:32,REAL,67762424020,29175,67762453195,67762453195
2025-06-19 10:05:34,REAL,67762453195,2081,67762455276,67762455276
2025-06-19 10:05:36,REAL,67762455276,545,67762455821,67762455821
2025-06-19 10:05:38,REAL,67762455821,607,67762456428,67762456428
2025-06-19 10:05:40,REAL,67762456428,544,67762456972,67762456972
2025-06-19 10:05:42,REAL,67762456972,539,67762457511,67762457511
2025-06-19 10:05:44,REAL,67762457511,617,67762458128,67762458128
2025-06-19 10:05:46,REAL,67762458128,547,67762458675,67762458675
2025-06-19 10:05:48,REAL,67762458675,592,67762459267,67762459267
2025-06-19 10:05:50,REAL,67762459267,661,67762459928,67762459928
2025-06-19 10:05:52,REAL,67762459928,595,67762460523,67762460523
2025-06-19 10:05:54,REAL,67762460523,607,67762461130,67762461130
2025-06-19 10:05:56,REAL,67762461130,535,67762461665,67762461665
2025-06-19 10:05:58,REAL,67762461665,537,67762462202,67762462202
2025-06-19 10:06:00,REAL,67762462202,669,67762462871,67762462871
2025-06-19 10:06:02,REAL,67762462871,546,67762463417,67762463417
2025-06-19 10:06:04,REAL,67762463417,539,67762463956,67762463956
2025-06-19 10:06:06,REAL,67762463956,539,67762464495,67762464495
2025-06-19 10:06:08,REAL,67762464495,547,67762465042,67762465042
2025-06-19 10:06:10,REAL,67762465042,599,67762465641,67762465641
2025-06-19 10:06:12,REAL,67762465641,541,67762466182,67762466182
2025-06-19 10:06:14,REAL,67762466182,623,67762466805,67762466805
2025-06-19 10:06:16,REAL,67762466805,543,67762467348,67762467348
2025-06-19 10:06:18,REAL,67762467348,546,67762467894,67762467894
2025-06-19 10:06:20,REAL,67762467894,539,67762468433,67762468433
2025-06-19 10:06:22,REAL,67762468433,543,67762468976,67762468976
2025-06-19 10:06:24,REAL,67762468976,535,67762469511,67762469511
2025-06-19 10:06:26,REAL,67762469511,659,67762470170,67762470170
2025-06-19 10:06:28,REAL,67762470170,538,67762470708,67762470708
2025-06-19 10:06:30,REAL,67762470708,609,67762471317,67762471317
2025-06-19 10:06:32,REAL,67762471317,531,67762471848,67762471848
2025-06-19 10:06:34,REAL,67762471848,532,67762472380,67762472380
2025-06-19 10:06:36,REAL,67762472380,539,67762472919,67762472919
2025-06-19 10:06:38,REAL,67762472919,540,67762473459,67762473459
2025-06-19 10:06:40,REAL,67762473459,547,67762474006,67762474006
2025-06-19 10:06:42,REAL,67762474006,13470,67762487476,67762487476
2025-06-19 10:06:44,REAL,67762487476,225596,67762713072,67762713072
2025-06-19 10:06:46,REAL,67762713072,28536,67762741608,67762741608
2025-06-19 10:06:48,REAL,67762741608,29145,67762770753,67762770753
2025-06-19 10:06:50,REAL,67762770753,29475,67762800228,67762800228
2025-06-19 10:06:52,REAL,67762800228,29279,67762829507,67762829507
2025-06-19 10:06:54,REAL,67762829507,29142,67762858649,67762858649
2025-06-19 10:06:56,REAL,67762858649,29384,67762888033,67762888033
2025-06-19 10:06:58,REAL,67762888033,12100,67762900133,67762900133
2025-06-19 10:07:00,REAL,67762900133,618,67762900751,67762900751
2025-06-19 10:07:02,REAL,67762900751,540,67762901291,67762901291
2025-06-19 10:07:04,REAL,67762901291,543,67762901834,67762901834
2025-06-19 10:07:06,REAL,67762901834,599,67762902433,67762902433
2025-06-19 10:07:08,REAL,67762902433,540,67762902973,67762902973
2025-06-19 10:07:10,REAL,67762902973,549,67762903522,67762903522
2025-06-19 10:07:12,REAL,67762903522,532,67762904054,67762904054
2025-06-19 10:07:14,REAL,67762904054,659,67762904713,67762904713
2025-06-19 10:07:16,REAL,67762904713,668,67762905381,67762905381
2025-06-19 10:07:18,REAL,67762905381,595,67762905976,67762905976
2025-06-19 10:07:20,REAL,67762905976,605,67762906581,67762906581
2025-06-19 10:07:22,REAL,67762906581,600,67762907181,67762907181
2025-06-19 10:07:24,REAL,67762907181,717,67762907898,67762907898
2025-06-19 10:07:26,REAL,67762907898,599,67762908497,67762908497
2025-06-19 10:07:28,REAL,67762908497,608,67762909105,67762909105
2025-06-19 10:07:30,REAL,67762909105,681,67762909786,67762909786
2025-06-19 10:07:32,REAL,67762909786,599,67762910385,67762910385
2025-06-19 10:07:34,REAL,67762910385,658,67762911043,67762911043
2025-06-19 10:07:36,REAL,67762911043,598,67762911641,67762911641
2025-06-19 10:07:38,REAL,67762911641,592,67762912233,67762912233
2025-06-19 10:07:40,REAL,67762912233,540,67762912773,67762912773
2025-06-19 10:07:42,REAL,67762912773,544,67762913317,67762913317
2025-06-19 10:07:44,REAL,67762913317,597,67762913914,67762913914
2025-06-19 10:07:46,REAL,67762913914,619,67762914533,67762914533
2025-06-19 10:07:48,REAL,67762914533,544,67762915077,67762915077
2025-06-19 10:07:50,REAL,67762915077,533,67762915610,67762915610
2025-06-19 10:07:52,REAL,67762915610,537,67762916147,67762916147
2025-06-19 10:07:54,REAL,67762916147,610,67762916757,67762916757
2025-06-19 10:07:56,REAL,67762916757,591,67762917348,67762917348
2025-06-19 10:07:58,REAL,67762917348,597,67762917945,67762917945
2025-06-19 10:08:00,REAL,67762917945,27601,67762945546,67762945546
2025-06-19 10:08:02,REAL,67762945546,206175,67763151721,67763151721
2025-06-19 10:08:04,REAL,67763151721,28925,67763180646,67763180646
2025-06-19 10:08:06,REAL,67763180646,29148,67763209794,67763209794
2025-06-19 10:08:08,REAL,67763209794,29145,67763238939,67763238939
2025-06-19 10:08:10,REAL,67763238939,28965,67763267904,67763267904
2025-06-19 10:08:12,REAL,67763267904,29069,67763296973,67763296973
2025-06-19 10:08:14,REAL,67763296973,28859,67763325832,67763325832
2025-06-19 10:08:16,REAL,67763325832,10396,67763336228,67763336228
2025-06-19 10:08:18,REAL,67763336228,594,67763336822,67763336822
2025-06-19 10:08:20,REAL,67763336822,593,67763337415,67763337415
2025-06-19 10:08:22,REAL,67763337415,598,67763338013,67763338013
2025-06-19 10:08:24,REAL,67763338013,662,67763338675,67763338675
2025-06-19 10:08:26,REAL,67763338675,669,67763339344,67763339344
2025-06-19 10:08:28,REAL,67763339344,600,67763339944,67763339944
2025-06-19 10:08:30,REAL,67763339944,682,67763340626,67763340626
2025-06-19 10:08:32,REAL,67763340626,598,67763341224,67763341224
2025-06-19 10:08:34,REAL,67763341224,605,67763341829,67763341829
2025-06-19 10:08:36,REAL,67763341829,42938,67763384767,67763384767
2025-06-19 10:08:38,REAL,67763384767,216734,67763601501,67763601501
2025-06-19 10:08:40,REAL,67763601501,28932,67763630433,67763630433
2025-06-19 10:08:42,REAL,67763630433,28698,67763659131,67763659131
2025-06-19 10:08:44,REAL,67763659131,28932,67763688063,67763688063
2025-06-19 10:08:46,REAL,67763688063,29287,67763717350,67763717350
2025-06-19 10:08:48,REAL,67763717350,29450,67763746800,67763746800
2025-06-19 10:08:50,REAL,67763746800,28802,67763775602,67763775602
2025-06-19 10:08:52,REAL,67763775602,9165,67763784767,67763784767
2025-06-19 10:08:54,REAL,67763784767,538,67763785305,67763785305
2025-06-19 10:08:56,REAL,67763785305,546,67763785851,67763785851
2025-06-19 10:08:58,REAL,67763785851,541,67763786392,67763786392
2025-06-19 10:09:00,REAL,67763786392,541,67763786933,67763786933
2025-06-19 10:09:02,REAL,67763786933,614,67763787547,67763787547
2025-06-19 10:09:04,REAL,67763787547,594,67763788141,67763788141
2025-06-19 10:09:06,REAL,67763788141,541,67763788682,67763788682
2025-06-19 10:09:08,REAL,67763788682,604,67763789286,67763789286
2025-06-19 10:09:10,REAL,67763789286,536,67763789822,67763789822
2025-06-19 10:09:12,REAL,67763789822,533,67763790355,67763790355
2025-06-19 10:09:14,REAL,67763790355,538,67763790893,67763790893
2025-06-19 10:09:16,REAL,67763790893,613,67763791506,67763791506
2025-06-19 10:09:18,REAL,67763791506,544,67763792050,67763792050
2025-06-19 10:09:20,REAL,67763792050,593,67763792643,67763792643
2025-06-19 10:09:22,REAL,67763792643,535,67763793178,67763793178
2025-06-19 10:09:24,REAL,67763793178,596,67763793774,67763793774
2025-06-19 10:09:26,REAL,67763793774,540,67763794314,67763794314
2025-06-19 10:09:28,REAL,67763794314,541,67763794855,67763794855
2025-06-19 10:09:30,REAL,67763794855,540,67763795395,67763795395
2025-06-19 10:09:32,REAL,67763795395,612,67763796007,67763796007
2025-06-19 10:09:34,REAL,67763796007,540,67763796547,67763796547
2025-06-19 10:09:36,REAL,67763796547,538,67763797085,67763797085
2025-06-19 10:09:38,REAL,67763797085,534,67763797619,67763797619
2025-06-19 10:09:40,REAL,67763797619,647,67763798266,67763798266
2025-06-19 10:09:42,REAL,67763798266,543,67763798809,67763798809
2025-06-19 10:09:44,REAL,67763798809,536,67763799345,67763799345
2025-06-19 10:09:46,REAL,67763799345,611,67763799956,67763799956
2025-06-19 10:09:48,REAL,67763799956,532,67763800488,67763800488
2025-06-19 10:09:50,REAL,67763800488,543,67763801031,67763801031
2025-06-19 10:09:52,REAL,67763801031,535,67763801566,67763801566
2025-06-19 10:09:54,REAL,67763801566,537,67763802103,67763802103
2025-06-19 10:09:56,REAL,67763802103,661,67763802764,67763802764
2025-06-19 10:09:58,REAL,67763802764,607,67763803371,67763803371
2025-06-19 10:10:00,REAL,67763803371,597,67763803968,67763803968
2025-06-19 10:10:02,REAL,67763803968,616,67763804584,67763804584
2025-06-19 10:10:04,REAL,67763804584,594,67763805178,67763805178
2025-06-19 10:10:06,REAL,67763805178,537,67763805715,67763805715
2025-06-19 10:10:08,REAL,67763805715,542,67763806257,67763806257
2025-06-19 10:10:10,REAL,67763806257,541,67763806798,67763806798
2025-06-19 10:10:12,REAL,67763806798,539,67763807337,67763807337
2025-06-19 10:10:14,REAL,67763807337,535,67763807872,67763807872
2025-06-19 10:10:16,REAL,67763807872,672,67763808544,67763808544
2025-06-19 10:10:18,REAL,67763808544,541,67763809085,67763809085
2025-06-19 10:10:20,REAL,67763809085,595,67763809680,67763809680
2025-06-19 10:10:22,REAL,67763809680,540,67763810220,67763810220
2025-06-19 10:10:24,REAL,67763810220,540,67763810760,67763810760
2025-06-19 10:10:26,REAL,67763810760,535,67763811295,67763811295
2025-06-19 10:10:28,REAL,67763811295,543,67763811838,67763811838
2025-06-19 10:10:30,REAL,67763811838,538,67763812376,67763812376
2025-06-19 10:10:32,REAL,67763812376,675,67763813051,67763813051
2025-06-19 10:10:34,REAL,67763813051,539,67763813590,67763813590
2025-06-19 10:10:36,REAL,67763813590,534,67763814124,67763814124
2025-06-19 10:10:38,REAL,67763814124,532,67763814656,67763814656
2025-06-19 10:10:40,REAL,67763814656,543,67763815199,67763815199
2025-06-19 10:10:42,REAL,67763815199,543,67763815742,67763815742
2025-06-19 10:10:44,REAL,67763815742,601,67763816343,67763816343
2025-06-19 10:10:46,REAL,67763816343,614,67763816957,67763816957
2025-06-19 10:10:48,REAL,67763816957,597,67763817554,67763817554
2025-06-19 10:10:50,REAL,67763817554,541,67763818095,67763818095
2025-06-19 10:10:52,REAL,67763818095,546,67763818641,67763818641
2025-06-19 10:10:54,REAL,67763818641,543,67763819184,67763819184
2025-06-19 10:10:56,REAL,67763819184,536,67763819720,67763819720
2025-06-19 10:10:58,REAL,67763819720,604,67763820324,67763820324
2025-06-19 10:11:00,REAL,67763820324,542,67763820866,67763820866
2025-06-19 10:11:02,REAL,67763820866,617,67763821483,67763821483
2025-06-19 10:11:04,REAL,67763821483,599,67763822082,67763822082
2025-06-19 10:11:06,REAL,67763822082,540,67763822622,67763822622
2025-06-19 10:11:08,REAL,67763822622,532,67763823154,67763823154
2025-06-19 10:11:10,REAL,67763823154,544,67763823698,67763823698
2025-06-19 10:11:12,REAL,67763823698,535,67763824233,67763824233
2025-06-19 10:11:14,REAL,67763824233,547,67763824780,67763824780
2025-06-19 10:11:16,REAL,67763824780,605,67763825385,67763825385
2025-06-19 10:11:18,REAL,67763825385,540,67763825925,67763825925
2025-06-19 10:11:20,REAL,67763825925,598,67763826523,67763826523
2025-06-19 10:11:22,REAL,67763826523,545,67763827068,67763827068
2025-06-19 10:11:24,REAL,67763827068,546,67763827614,67763827614
2025-06-19 10:11:26,REAL,67763827614,597,67763828211,67763828211
2025-06-19 10:11:28,REAL,67763828211,547,67763828758,67763828758
2025-06-19 10:11:30,REAL,67763828758,536,67763829294,67763829294
2025-06-19 10:11:32,REAL,67763829294,615,67763829909,67763829909
2025-06-19 10:11:34,REAL,67763829909,597,67763830506,67763830506
2025-06-19 10:11:36,REAL,67763830506,603,67763831109,67763831109
2025-06-19 10:11:38,REAL,67763831109,603,67763831712,67763831712
2025-06-19 10:11:40,REAL,67763831712,596,67763832308,67763832308
2025-06-19 10:11:42,REAL,67763832308,601,67763832909,67763832909
2025-06-19 10:11:44,REAL,67763832909,542,67763833451,67763833451
2025-06-19 10:11:46,REAL,67763833451,294,67763833745,67763833745
2025-06-19 10:11:48,REAL,67763833745,617,67763834362,67763834362
2025-06-19 10:11:50,REAL,67763834362,542,67763834904,67763834904
2025-06-19 10:11:52,REAL,67763834904,536,67763835440,67763835440
2025-06-19 10:11:54,REAL,67763835440,543,67763835983,67763835983
2025-06-19 10:11:56,REAL,67763835983,599,67763836582,67763836582
2025-06-19 10:11:58,REAL,67763836582,609,67763837191,67763837191
2025-06-19 10:12:00,REAL,67763837191,597,67763837788,67763837788
2025-06-19 10:12:02,REAL,67763837788,672,67763838460,67763838460
2025-06-19 10:12:04,REAL,67763838460,535,67763838995,67763838995
2025-06-19 10:12:06,REAL,67763838995,589,67763839584,67763839584
2025-06-19 10:12:08,REAL,67763839584,540,67763840124,67763840124
2025-06-19 10:12:10,REAL,67763840124,535,67763840659,67763840659
2025-06-19 10:12:12,REAL,67763840659,605,67763841264,67763841264
2025-06-19 10:12:14,REAL,67763841264,544,67763841808,67763841808
2025-06-19 10:12:16,REAL,67763841808,543,67763842351,67763842351
2025-06-19 10:12:18,REAL,67763842351,33588,67763875939,67763875939
2025-06-19 10:12:20,REAL,67763875939,244496,67764120435,67764120435
2025-06-19 10:12:22,REAL,67764120435,29283,67764149718,67764149718
2025-06-19 10:12:24,REAL,67764149718,29619,67764179337,67764179337
2025-06-19 10:12:26,REAL,67764179337,29080,67764208417,67764208417
2025-06-19 10:12:28,REAL,67764208417,29171,67764237588,67764237588
2025-06-19 10:12:30,REAL,67764237588,29198,67764266786,67764266786
2025-06-19 10:12:32,REAL,67764266786,29645,67764296431,67764296431
2025-06-19 10:12:34,REAL,67764296431,11126,67764307557,67764307557
2025-06-19 10:12:36,REAL,67764307557,600,67764308157,67764308157
2025-06-19 10:12:38,REAL,67764308157,598,67764308755,67764308755
2025-06-19 10:12:40,REAL,67764308755,548,67764309303,67764309303
2025-06-19 10:12:42,REAL,67764309303,544,67764309847,67764309847
2025-06-19 10:12:44,REAL,67764309847,546,67764310393,67764310393
2025-06-19 10:12:46,REAL,67764310393,548,67764310941,67764310941
2025-06-19 10:12:48,REAL,67764310941,669,67764311610,67764311610
2025-06-19 10:12:50,REAL,67764311610,543,67764312153,67764312153
2025-06-19 10:12:52,REAL,67764312153,544,67764312697,67764312697
2025-06-19 10:12:54,REAL,67764312697,599,67764313296,67764313296
2025-06-19 10:12:56,REAL,67764313296,538,67764313834,67764313834
2025-06-19 10:12:58,REAL,67764313834,538,67764314372,67764314372
2025-06-19 10:13:00,REAL,67764314372,601,67764314973,67764314973
2025-06-19 10:13:02,REAL,67764314973,612,67764315585,67764315585
2025-06-19 10:13:04,REAL,67764315585,544,67764316129,67764316129
2025-06-19 10:13:06,REAL,67764316129,537,67764316666,67764316666
2025-06-19 10:13:08,REAL,67764316666,541,67764317207,67764317207
2025-06-19 10:13:10,REAL,67764317207,606,67764317813,67764317813
2025-06-19 10:13:12,REAL,67764317813,600,67764318413,67764318413
2025-06-19 10:13:14,REAL,67764318413,602,67764319015,67764319015
2025-06-19 10:13:16,REAL,67764319015,660,67764319675,67764319675
2025-06-19 10:13:18,REAL,67764319675,667,67764320342,67764320342
2025-06-19 10:13:20,REAL,67764320342,599,67764320941,67764320941
2025-06-19 10:13:22,REAL,67764320941,201105,67764522046,67764522046
2025-06-19 10:13:24,REAL,67764522046,86938,67764608984,67764608984
2025-06-19 10:13:26,REAL,67764608984,29359,67764638343,67764638343
2025-06-19 10:13:28,REAL,67764638343,28931,67764667274,67764667274
2025-06-19 10:13:30,REAL,67764667274,28994,67764696268,67764696268
2025-06-19 10:13:32,REAL,67764696268,29274,67764725542,67764725542
2025-06-19 10:13:34,REAL,67764725542,29645,67764755187,67764755187
2025-06-19 10:13:36,REAL,67764755187,23497,67764778684,67764778684
2025-06-19 10:13:38,REAL,67764778684,540,67764779224,67764779224
2025-06-19 10:13:40,REAL,67764779224,538,67764779762,67764779762
2025-06-19 10:13:42,REAL,67764779762,545,67764780307,67764780307
2025-06-19 10:13:44,REAL,67764780307,545,67764780852,67764780852
2025-06-19 10:13:46,REAL,67764780852,549,67764781401,67764781401
2025-06-19 10:13:48,REAL,67764781401,609,67764782010,67764782010
2025-06-19 10:13:50,REAL,67764782010,536,67764782546,67764782546
2025-06-19 10:13:52,REAL,67764782546,599,67764783145,67764783145
2025-06-19 10:13:54,REAL,67764783145,196503,67764979648,67764979648
2025-06-19 10:13:56,REAL,67764979648,61401,67765041049,67765041049
2025-06-19 10:13:58,REAL,67765041049,29079,67765070128,67765070128
2025-06-19 10:14:00,REAL,67765070128,29406,67765099534,67765099534
2025-06-19 10:14:02,REAL,67765099534,29103,67765128637,67765128637
2025-06-19 10:14:04,REAL,67765128637,29500,67765158137,67765158137
2025-06-19 10:14:06,REAL,67765158137,29045,67765187182,67765187182
2025-06-19 10:14:08,REAL,67765187182,21763,67765208945,67765208945
2025-06-19 10:14:10,REAL,67765208945,537,67765209482,67765209482
2025-06-19 10:14:12,REAL,67765209482,612,67765210094,67765210094
2025-06-19 10:14:14,REAL,67765210094,546,67765210640,67765210640
2025-06-19 10:14:16,REAL,67765210640,538,67765211178,67765211178
2025-06-19 10:14:18,REAL,67765211178,620,67765211798,67765211798
2025-06-19 10:14:20,REAL,67765211798,541,67765212339,67765212339
2025-06-19 10:14:22,REAL,67765212339,546,67765212885,67765212885
2025-06-19 10:14:24,REAL,67765212885,591,67765213476,67765213476
2025-06-19 10:14:26,REAL,67765213476,603,67765214079,67765214079
2025-06-19 10:14:28,REAL,67765214079,601,67765214680,67765214680
2025-06-19 10:14:30,REAL,67765214680,598,67765215278,67765215278
2025-06-19 10:14:32,REAL,67765215278,546,67765215824,67765215824
2025-06-19 10:14:34,REAL,67765215824,613,67765216437,67765216437
2025-06-19 10:14:36,REAL,67765216437,646,67765217083,67765217083
2025-06-19 10:14:38,REAL,67765217083,537,67765217620,67765217620
2025-06-19 10:14:40,REAL,67765217620,535,67765218155,67765218155
2025-06-19 10:14:42,REAL,67765218155,540,67765218695,67765218695
2025-06-19 10:14:44,REAL,67765218695,545,67765219240,67765219240
2025-06-19 10:14:46,REAL,67765219240,601,67765219841,67765219841
2025-06-19 10:14:48,REAL,67765219841,618,67765220459,67765220459
2025-06-19 10:14:50,REAL,67765220459,541,67765221000,67765221000
2025-06-19 10:14:52,REAL,67765221000,537,67765221537,67765221537
2025-06-19 10:14:54,REAL,67765221537,537,67765222074,67765222074
2025-06-19 10:14:56,REAL,67765222074,537,67765222611,67765222611
2025-06-19 10:14:58,REAL,67765222611,542,67765223153,67765223153
2025-06-19 10:15:00,REAL,67765223153,531,67765223684,67765223684
2025-06-19 10:15:02,REAL,67765223684,604,67765224288,67765224288
2025-06-19 10:15:04,REAL,67765224288,620,67765224908,67765224908
2025-06-19 10:15:06,REAL,67765224908,539,67765225447,67765225447
2025-06-19 10:15:08,REAL,67765225447,540,67765225987,67765225987
2025-06-19 10:15:10,REAL,67765225987,542,67765226529,67765226529
2025-06-19 10:15:12,REAL,67765226529,542,67765227071,67765227071
2025-06-19 10:15:14,REAL,67765227071,593,67765227664,67765227664
2025-06-19 10:15:16,REAL,67765227664,597,67765228261,67765228261
2025-06-19 10:15:18,REAL,67765228261,670,67765228931,67765228931
2025-06-19 10:15:20,REAL,67765228931,541,67765229472,67765229472
2025-06-19 10:15:22,REAL,67765229472,540,67765230012,67765230012
2025-06-19 10:15:24,REAL,67765230012,541,67765230553,67765230553
2025-06-19 10:15:26,REAL,67765230553,549,67765231102,67765231102
2025-06-19 10:15:28,REAL,67765231102,544,67765231646,67765231646
2025-06-19 10:15:30,REAL,67765231646,541,67765232187,67765232187
2025-06-19 10:15:32,REAL,67765232187,539,67765232726,67765232726
2025-06-19 10:15:34,REAL,67765232726,734,67765233460,67765233460
2025-06-19 10:15:36,REAL,67765233460,602,67765234062,67765234062
2025-06-19 10:15:38,REAL,67765234062,603,67765234665,67765234665
2025-06-19 10:15:40,REAL,67765234665,543,67765235208,67765235208
2025-06-19 10:15:42,REAL,67765235208,545,67765235753,67765235753
2025-06-19 10:15:44,REAL,67765235753,540,67765236293,67765236293
2025-06-19 10:15:46,REAL,67765236293,539,67765236832,67765236832
2025-06-19 10:15:48,REAL,67765236832,540,67765237372,67765237372
2025-06-19 10:15:50,REAL,67765237372,673,67765238045,67765238045
2025-06-19 10:15:52,REAL,67765238045,535,67765238580,67765238580
2025-06-19 10:15:54,REAL,67765238580,594,67765239174,67765239174
2025-06-19 10:15:56,REAL,67765239174,649,67765239823,67765239823
2025-06-19 10:15:58,REAL,67765239823,606,67765240429,67765240429
2025-06-19 10:16:00,REAL,67765240429,594,67765241023,67765241023
2025-06-19 10:16:02,REAL,67765241023,537,67765241560,67765241560
2025-06-19 10:16:04,REAL,67765241560,607,67765242167,67765242167
2025-06-19 10:16:06,REAL,67765242167,539,67765242706,67765242706
2025-06-19 10:16:08,REAL,67765242706,530,67765243236,67765243236
2025-06-19 10:16:10,REAL,67765243236,541,67765243777,67765243777
2025-06-19 10:16:12,REAL,67765243777,542,67765244319,67765244319
2025-06-19 10:16:14,REAL,67765244319,588,67765244907,67765244907
2025-06-19 10:16:16,REAL,67765244907,145139,67765390046,67765390046
2025-06-19 10:16:18,REAL,67765390046,130534,67765520580,67765520580
2025-06-19 10:16:20,REAL,67765520580,29334,67765549914,67765549914
2025-06-19 10:16:22,REAL,67765549914,29140,67765579054,67765579054
2025-06-19 10:16:24,REAL,67765579054,29382,67765608436,67765608436
2025-06-19 10:16:26,REAL,67765608436,29122,67765637558,67765637558
2025-06-19 10:16:28,REAL,67765637558,28880,67765666438,67765666438
2025-06-19 10:16:30,REAL,67765666438,28186,67765694624,67765694624
2025-06-19 10:16:32,REAL,67765694624,535,67765695159,67765695159
2025-06-19 10:16:34,REAL,67765695159,613,67765695772,67765695772
2025-06-19 10:16:36,REAL,67765695772,544,67765696316,67765696316
2025-06-19 10:16:38,REAL,67765696316,539,67765696855,67765696855
2025-06-19 10:16:40,REAL,67765696855,596,67765697451,67765697451
2025-06-19 10:16:42,REAL,67765697451,542,67765697993,67765697993
2025-06-19 10:16:44,REAL,67765697993,543,67765698536,67765698536
2025-06-19 10:16:46,REAL,67765698536,597,67765699133,67765699133
2025-06-19 10:16:48,REAL,67765699133,173193,67765872326,67765872326
2025-06-19 10:16:50,REAL,67765872326,133294,67766005620,67766005620
2025-06-19 10:16:52,REAL,67766005620,28946,67766034566,67766034566
2025-06-19 10:16:54,REAL,67766034566,29032,67766063598,67766063598
2025-06-19 10:16:56,REAL,67766063598,28924,67766092522,67766092522
2025-06-19 10:16:58,REAL,67766092522,29290,67766121812,67766121812
2025-06-19 10:17:00,REAL,67766121812,28928,67766150740,67766150740
2025-06-19 10:17:02,REAL,67766150740,25957,67766176697,67766176697
2025-06-19 10:17:04,REAL,67766176697,675,67766177372,67766177372
2025-06-19 10:17:06,REAL,67766177372,535,67766177907,67766177907
2025-06-19 10:17:08,REAL,67766177907,540,67766178447,67766178447
2025-06-19 10:17:10,REAL,67766178447,540,67766178987,67766178987
2025-06-19 10:17:12,REAL,67766178987,534,67766179521,67766179521
2025-06-19 10:17:14,REAL,67766179521,549,67766180070,67766180070
2025-06-19 10:17:16,REAL,67766180070,548,67766180618,67766180618
2025-06-19 10:17:18,REAL,67766180618,603,67766181221,67766181221
2025-06-19 10:17:20,REAL,67766181221,182044,67766363265,67766363265
2025-06-19 10:17:22,REAL,67766363265,101509,67766464774,67766464774
2025-06-19 10:17:24,REAL,67766464774,29228,67766494002,67766494002
2025-06-19 10:17:26,REAL,67766494002,29314,67766523316,67766523316
2025-06-19 10:17:28,REAL,67766523316,29547,67766552863,67766552863
2025-06-19 10:17:30,REAL,67766552863,28557,67766581420,67766581420
2025-06-19 10:17:32,REAL,67766581420,29319,67766610739,67766610739
2025-06-19 10:17:34,REAL,67766610739,24413,67766635152,67766635152
2025-06-19 10:17:36,REAL,67766635152,545,67766635697,67766635697
2025-06-19 10:17:38,REAL,67766635697,545,67766636242,67766636242
2025-06-19 10:17:40,REAL,67766636242,540,67766636782,67766636782
2025-06-19 10:17:42,REAL,67766636782,532,67766637314,67766637314
2025-06-19 10:17:44,REAL,67766637314,532,67766637846,67766637846
2025-06-19 10:17:46,REAL,67766637846,541,67766638387,67766638387
2025-06-19 10:17:48,REAL,67766638387,537,67766638924,67766638924
2025-06-19 10:17:50,REAL,67766638924,678,67766639602,67766639602
2025-06-19 10:17:52,REAL,67766639602,595,67766640197,67766640197
2025-06-19 10:17:54,REAL,67766640197,550,67766640747,67766640747
2025-06-19 10:17:56,REAL,67766640747,537,67766641284,67766641284
2025-06-19 10:17:58,REAL,67766641284,541,67766641825,67766641825
2025-06-19 10:18:00,REAL,67766641825,540,67766642365,67766642365
2025-06-19 10:18:02,REAL,67766642365,539,67766642904,67766642904
2025-06-19 10:18:04,REAL,67766642904,599,67766643503,67766643503
2025-06-19 10:18:06,REAL,67766643503,673,67766644176,67766644176
2025-06-19 10:18:08,REAL,67766644176,543,67766644719,67766644719
2025-06-19 10:18:10,REAL,67766644719,544,67766645263,67766645263
2025-06-19 10:18:12,REAL,67766645263,543,67766645806,67766645806
2025-06-19 10:18:14,REAL,67766645806,536,67766646342,67766646342
2025-06-19 10:18:16,REAL,67766646342,604,67766646946,67766646946
2025-06-19 10:18:18,REAL,67766646946,545,67766647491,67766647491
2025-06-19 10:18:20,REAL,67766647491,619,67766648110,67766648110
2025-06-19 10:18:22,REAL,67766648110,600,67766648710,67766648710
2025-06-19 10:18:24,REAL,67766648710,207994,67766856704,67766856704
2025-06-19 10:18:26,REAL,67766856704,63575,67766920279,67766920279
2025-06-19 10:18:28,REAL,67766920279,28568,67766948847,67766948847
2025-06-19 10:18:30,REAL,67766948847,28898,67766977745,67766977745
2025-06-19 10:18:32,REAL,67766977745,29379,67767007124,67767007124
2025-06-19 10:18:34,REAL,67767007124,29182,67767036306,67767036306
2025-06-19 10:18:36,REAL,67767036306,29658,67767065964,67767065964
2025-06-19 10:18:38,REAL,67767065964,20871,67767086835,67767086835
2025-06-19 10:18:40,REAL,67767086835,650,67767087485,67767087485
2025-06-19 10:18:42,REAL,67767087485,597,67767088082,67767088082
2025-06-19 10:18:44,REAL,67767088082,86680,67767174762,67767174762
2025-06-19 10:18:46,REAL,67767174762,167386,67767342148,67767342148
2025-06-19 10:18:48,REAL,67767342148,29488,67767371636,67767371636
2025-06-19 10:18:50,REAL,67767371636,29058,67767400694,67767400694
2025-06-19 10:18:52,REAL,67767400694,29050,67767429744,67767429744
2025-06-19 10:18:54,REAL,67767429744,29219,67767458963,67767458963
2025-06-19 10:18:56,REAL,67767458963,29074,67767488037,67767488037
2025-06-19 10:18:58,REAL,67767488037,29950,67767517987,67767517987
2025-06-19 10:19:00,REAL,67767517987,5406,67767523393,67767523393
2025-06-19 10:19:02,REAL,67767523393,595,67767523988,67767523988
2025-06-19 10:19:04,REAL,67767523988,540,67767524528,67767524528
2025-06-19 10:19:06,REAL,67767524528,611,67767525139,67767525139
2025-06-19 10:19:08,REAL,67767525139,542,67767525681,67767525681
2025-06-19 10:19:10,REAL,67767525681,534,67767526215,67767526215
2025-06-19 10:19:12,REAL,67767526215,541,67767526756,67767526756
2025-06-19 10:19:14,REAL,67767526756,543,67767527299,67767527299
2025-06-19 10:19:16,REAL,67767527299,95716,67767623015,67767623015
2025-06-19 10:19:18,REAL,67767623015,151418,67767774433,67767774433
2025-06-19 10:19:20,REAL,67767774433,29657,67767804090,67767804090
2025-06-19 10:19:22,REAL,67767804090,29273,67767833363,67767833363
2025-06-19 10:19:24,REAL,67767833363,29206,67767862569,67767862569
2025-06-19 10:19:26,REAL,67767862569,29138,67767891707,67767891707
2025-06-19 10:19:28,REAL,67767891707,29551,67767921258,67767921258
2025-06-19 10:19:30,REAL,67767921258,28995,67767950253,67767950253
2025-06-19 10:19:32,REAL,67767950253,3612,67767953865,67767953865
2025-06-19 10:19:34,REAL,67767953865,546,67767954411,67767954411
2025-06-19 10:19:36,REAL,67767954411,618,67767955029,67767955029
2025-06-19 10:19:38,REAL,67767955029,544,67767955573,67767955573
2025-06-19 10:19:40,REAL,67767955573,545,67767956118,67767956118
2025-06-19 10:19:42,REAL,67767956118,538,67767956656,67767956656
2025-06-19 10:19:44,REAL,67767956656,541,67767957197,67767957197
2025-06-19 10:19:46,REAL,67767957197,541,67767957738,67767957738
2025-06-19 10:19:48,REAL,67767957738,119860,67768077598,67768077598
2025-06-19 10:19:50,REAL,67768077598,142462,67768220060,67768220060
2025-06-19 10:19:52,REAL,67768220060,29600,67768249660,67768249660
2025-06-19 10:19:54,REAL,67768249660,29152,67768278812,67768278812
2025-06-19 10:19:56,REAL,67768278812,29214,67768308026,67768308026
2025-06-19 10:19:58,REAL,67768308026,32778,67768340804,67768340804
2025-06-19 10:20:00,REAL,67768340804,25871,67768366675,67768366675
2025-06-19 10:20:02,REAL,67768366675,28863,67768395538,67768395538
2025-06-19 10:20:04,REAL,67768395538,1679,67768397217,67768397217
2025-06-19 10:20:06,REAL,67768397217,621,67768397838,67768397838
2025-06-19 10:20:08,REAL,67768397838,535,67768398373,67768398373
2025-06-19 10:20:10,REAL,67768398373,541,67768398914,67768398914
2025-06-19 10:20:12,REAL,67768398914,540,67768399454,67768399454
2025-06-19 10:20:14,REAL,67768399454,533,67768399987,67768399987
2025-06-19 10:20:16,REAL,67768399987,596,67768400583,67768400583
2025-06-19 10:20:18,REAL,67768400583,601,67768401184,67768401184
2025-06-19 10:20:20,REAL,67768401184,146179,67768547363,67768547363
2025-06-19 10:20:22,REAL,67768547363,151606,67768698969,67768698969
2025-06-19 10:20:24,REAL,67768698969,29086,67768728055,67768728055
2025-06-19 10:20:26,REAL,67768728055,29075,67768757130,67768757130
2025-06-19 10:20:28,REAL,67768757130,29077,67768786207,67768786207
2025-06-19 10:20:30,REAL,67768786207,29396,67768815603,67768815603
2025-06-19 10:20:32,REAL,67768815603,29669,67768845272,67768845272
2025-06-19 10:20:34,REAL,67768845272,28919,67768874191,67768874191
2025-06-19 10:20:36,REAL,67768874191,673,67768874864,67768874864
2025-06-19 10:20:38,REAL,67768874864,543,67768875407,67768875407
2025-06-19 10:20:40,REAL,67768875407,536,67768875943,67768875943
2025-06-19 10:20:42,REAL,67768875943,543,67768876486,67768876486
2025-06-19 10:20:44,REAL,67768876486,535,67768877021,67768877021
2025-06-19 10:20:46,REAL,67768877021,538,67768877559,67768877559
2025-06-19 10:20:48,REAL,67768877559,604,67768878163,67768878163
2025-06-19 10:20:50,REAL,67768878163,599,67768878762,67768878762
2025-06-19 10:20:52,REAL,67768878762,612,67768879374,67768879374
2025-06-19 10:20:54,REAL,67768879374,607,67768879981,67768879981
2025-06-19 10:20:56,REAL,67768879981,540,67768880521,67768880521
2025-06-19 10:20:58,REAL,67768880521,536,67768881057,67768881057
2025-06-19 10:21:00,REAL,67768881057,545,67768881602,67768881602
2025-06-19 10:21:02,REAL,67768881602,547,67768882149,67768882149
2025-06-19 10:21:04,REAL,67768882149,543,67768882692,67768882692
2025-06-19 10:21:06,REAL,67768882692,724,67768883416,67768883416
2025-06-19 10:21:08,REAL,67768883416,180038,67769063454,67769063454
2025-06-19 10:21:10,REAL,67769063454,115678,67769179132,67769179132
2025-06-19 10:21:12,REAL,67769179132,29375,67769208507,67769208507
2025-06-19 10:21:14,REAL,67769208507,30042,67769238549,67769238549
2025-06-19 10:21:16,REAL,67769238549,28521,67769267070,67769267070
2025-06-19 10:21:18,REAL,67769267070,29318,67769296388,67769296388
2025-06-19 10:21:20,REAL,67769296388,29161,67769325549,67769325549
2025-06-19 10:21:22,REAL,67769325549,25313,67769350862,67769350862
2025-06-19 10:21:24,REAL,67769350862,545,67769351407,67769351407
2025-06-19 10:21:26,REAL,67769351407,542,67769351949,67769351949
2025-06-19 10:21:28,REAL,67769351949,539,67769352488,67769352488
2025-06-19 10:21:30,REAL,67769352488,544,67769353032,67769353032
2025-06-19 10:21:32,REAL,67769353032,541,67769353573,67769353573
2025-06-19 10:21:34,REAL,67769353573,537,67769354110,67769354110
2025-06-19 10:21:36,REAL,67769354110,676,67769354786,67769354786
2025-06-19 10:21:38,REAL,67769354786,600,67769355386,67769355386
2025-06-19 10:21:40,REAL,67769355386,537,67769355923,67769355923
2025-06-19 10:21:42,REAL,67769355923,534,67769356457,67769356457
2025-06-19 10:21:44,REAL,67769356457,535,67769356992,67769356992
2025-06-19 10:21:46,REAL,67769356992,544,67769357536,67769357536
2025-06-19 10:21:48,REAL,67769357536,540,67769358076,67769358076
2025-06-19 10:21:50,REAL,67769358076,544,67769358620,67769358620
2025-06-19 10:21:52,REAL,67769358620,615,67769359235,67769359235
2025-06-19 10:21:54,REAL,67769359235,653,67769359888,67769359888
2025-06-19 10:21:56,REAL,67769359888,536,67769360424,67769360424
2025-06-19 10:21:58,REAL,67769360424,539,67769360963,67769360963
2025-06-19 10:22:00,REAL,67769360963,535,67769361498,67769361498
2025-06-19 10:22:02,REAL,67769361498,540,67769362038,67769362038
2025-06-19 10:22:04,REAL,67769362038,541,67769362579,67769362579
2025-06-19 10:22:06,REAL,67769362579,592,67769363171,67769363171
2025-06-19 10:22:08,REAL,67769363171,617,67769363788,67769363788
2025-06-19 10:22:10,REAL,67769363788,596,67769364384,67769364384
2025-06-19 10:22:12,REAL,67769364384,538,67769364922,67769364922
2025-06-19 10:22:14,REAL,67769364922,535,67769365457,67769365457
2025-06-19 10:22:16,REAL,67769365457,534,67769365991,67769365991
2025-06-19 10:22:18,REAL,67769365991,544,67769366535,67769366535
2025-06-19 10:22:20,REAL,67769366535,545,67769367080,67769367080
2025-06-19 10:22:22,REAL,67769367080,620,67769367700,67769367700
2025-06-19 10:22:24,REAL,67769367700,538,67769368238,67769368238
2025-06-19 10:22:26,REAL,67769368238,599,67769368837,67769368837
2025-06-19 10:22:28,REAL,67769368837,533,67769369370,67769369370
2025-06-19 10:22:30,REAL,67769369370,545,67769369915,67769369915
2025-06-19 10:22:32,REAL,67769369915,541,67769370456,67769370456
2025-06-19 10:22:34,REAL,67769370456,592,67769371048,67769371048
2025-06-19 10:22:36,REAL,67769371048,545,67769371593,67769371593
2025-06-19 10:22:38,REAL,67769371593,613,67769372206,67769372206
2025-06-19 10:22:40,REAL,67769372206,537,67769372743,67769372743
2025-06-19 10:22:42,REAL,67769372743,598,67769373341,67769373341
2025-06-19 10:22:44,REAL,67769373341,226081,67769599422,67769599422
2025-06-19 10:22:46,REAL,67769599422,65361,67769664783,67769664783
2025-06-19 10:22:48,REAL,67769664783,29018,67769693801,67769693801
2025-06-19 10:22:50,REAL,67769693801,29024,67769722825,67769722825
2025-06-19 10:22:52,REAL,67769722825,29766,67769752591,67769752591
2025-06-19 10:22:54,REAL,67769752591,29383,67769781974,67769781974
2025-06-19 10:22:56,REAL,67769781974,28511,67769810485,67769810485
2025-06-19 10:22:58,REAL,67769810485,20271,67769830756,67769830756
2025-06-19 10:23:00,REAL,67769830756,543,67769831299,67769831299
2025-06-19 10:23:02,REAL,67769831299,540,67769831839,67769831839
2025-06-19 10:23:04,REAL,67769831839,539,67769832378,67769832378
2025-06-19 10:23:06,REAL,67769832378,532,67769832910,67769832910
2025-06-19 10:23:08,REAL,67769832910,607,67769833517,67769833517
2025-06-19 10:23:10,REAL,67769833517,537,67769834054,67769834054
2025-06-19 10:23:12,REAL,67769834054,590,67769834644,67769834644
2025-06-19 10:23:14,REAL,67769834644,604,67769835248,67769835248
2025-06-19 10:23:16,REAL,67769835248,599,67769835847,67769835847
2025-06-19 10:23:18,REAL,67769835847,604,67769836451,67769836451
2025-06-19 10:23:20,REAL,67769836451,663,67769837114,67769837114
2025-06-19 10:23:22,REAL,67769837114,671,67769837785,67769837785
2025-06-19 10:23:24,REAL,67769837785,597,67769838382,67769838382
2025-06-19 10:23:26,REAL,67769838382,258832,67770097214,67770097214
2025-06-19 10:23:28,REAL,67770097214,53649,67770150863,67770150863
2025-06-19 10:23:30,REAL,67770150863,29520,67770180383,67770180383
2025-06-19 10:23:32,REAL,67770180383,29606,67770209989,67770209989
2025-06-19 10:23:34,REAL,67770209989,29458,67770239447,67770239447
2025-06-19 10:23:36,REAL,67770239447,28702,67770268149,67770268149
2025-06-19 10:23:38,REAL,67770268149,29555,67770297704,67770297704
2025-06-19 10:23:40,REAL,67770297704,18319,67770316023,67770316023
2025-06-19 10:23:42,REAL,67770316023,535,67770316558,67770316558
2025-06-19 10:23:44,REAL,67770316558,532,67770317090,67770317090
2025-06-19 10:23:46,REAL,67770317090,537,67770317627,67770317627
2025-06-19 10:23:48,REAL,67770317627,541,67770318168,67770318168
2025-06-19 10:23:50,REAL,67770318168,534,67770318702,67770318702
2025-06-19 10:23:52,REAL,67770318702,612,67770319314,67770319314
2025-06-19 10:23:54,REAL,67770319314,598,67770319912,67770319912
2025-06-19 10:23:56,REAL,67770319912,601,67770320513,67770320513
2025-06-19 10:23:58,REAL,67770320513,541,67770321054,67770321054
2025-06-19 10:24:00,REAL,67770321054,548,67770321602,67770321602
2025-06-19 10:24:02,REAL,67770321602,548,67770322150,67770322150
2025-06-19 10:24:04,REAL,67770322150,530,67770322680,67770322680
2025-06-19 10:24:06,REAL,67770322680,537,67770323217,67770323217
2025-06-19 10:24:08,REAL,67770323217,615,67770323832,67770323832
2025-06-19 10:24:10,REAL,67770323832,542,67770324374,67770324374
2025-06-19 10:24:12,REAL,67770324374,601,67770324975,67770324975
2025-06-19 10:24:14,REAL,67770324975,544,67770325519,67770325519
2025-06-19 10:24:16,REAL,67770325519,532,67770326051,67770326051
2025-06-19 10:24:18,REAL,67770326051,540,67770326591,67770326591
2025-06-19 10:24:20,REAL,67770326591,536,67770327127,67770327127
2025-06-19 10:24:22,REAL,67770327127,655,67770327782,67770327782
2025-06-19 10:24:24,REAL,67770327782,620,67770328402,67770328402
2025-06-19 10:24:26,REAL,67770328402,539,67770328941,67770328941
2025-06-19 10:24:28,REAL,67770328941,594,67770329535,67770329535
2025-06-19 10:24:30,REAL,67770329535,281461,67770610996,67770610996
2025-06-19 10:24:32,REAL,67770610996,29709,67770640705,67770640705
2025-06-19 10:24:34,REAL,67770640705,29590,67770670295,67770670295
2025-06-19 10:24:36,REAL,67770670295,29123,67770699418,67770699418
2025-06-19 10:24:38,REAL,67770699418,29433,67770728851,67770728851
2025-06-19 10:24:40,REAL,67770728851,29455,67770758306,67770758306
2025-06-19 10:24:42,REAL,67770758306,29167,67770787473,67770787473
2025-06-19 10:24:44,REAL,67770787473,15227,67770802700,67770802700
2025-06-19 10:24:46,REAL,67770802700,535,67770803235,67770803235
2025-06-19 10:24:48,REAL,67770803235,537,67770803772,67770803772
2025-06-19 10:24:50,REAL,67770803772,545,67770804317,67770804317
2025-06-19 10:24:52,REAL,67770804317,594,67770804911,67770804911
2025-06-19 10:24:54,REAL,67770804911,608,67770805519,67770805519
2025-06-19 10:24:56,REAL,67770805519,542,67770806061,67770806061
2025-06-19 10:24:58,REAL,67770806061,537,67770806598,67770806598
2025-06-19 10:25:00,REAL,67770806598,3249,67770809847,67770809847
2025-06-19 10:25:02,REAL,67770809847,270143,67771079990,67771079990
2025-06-19 10:25:04,REAL,67771079990,29134,67771109124,67771109124
2025-06-19 10:25:06,REAL,67771109124,28919,67771138043,67771138043
2025-06-19 10:25:08,REAL,67771138043,29296,67771167339,67771167339
2025-06-19 10:25:10,REAL,67771167339,29078,67771196417,67771196417
2025-06-19 10:25:12,REAL,67771196417,29226,67771225643,67771225643
2025-06-19 10:25:14,REAL,67771225643,29152,67771254795,67771254795
2025-06-19 10:25:16,REAL,67771254795,13222,67771268017,67771268017
2025-06-19 10:25:18,REAL,67771268017,543,67771268560,67771268560
2025-06-19 10:25:20,REAL,67771268560,544,67771269104,67771269104
2025-06-19 10:25:22,REAL,67771269104,533,67771269637,67771269637
2025-06-19 10:25:24,REAL,67771269637,670,67771270307,67771270307
2025-06-19 10:25:26,REAL,67771270307,538,67771270845,67771270845
2025-06-19 10:25:28,REAL,67771270845,531,67771271376,67771271376
2025-06-19 10:25:30,REAL,67771271376,539,67771271915,67771271915
2025-06-19 10:25:32,REAL,67771271915,662,67771272577,67771272577
2025-06-19 10:25:34,REAL,67771272577,593,67771273170,67771273170
2025-06-19 10:25:36,REAL,67771273170,598,67771273768,67771273768
2025-06-19 10:25:38,REAL,67771273768,621,67771274389,67771274389
2025-06-19 10:25:40,REAL,67771274389,540,67771274929,67771274929
2025-06-19 10:25:42,REAL,67771274929,539,67771275468,67771275468
2025-06-19 10:25:44,REAL,67771275468,539,67771276007,67771276007
2025-06-19 10:25:46,REAL,67771276007,533,67771276540,67771276540
2025-06-19 10:25:48,REAL,67771276540,602,67771277142,67771277142
2025-06-19 10:25:50,REAL,67771277142,531,67771277673,67771277673
2025-06-19 10:25:52,REAL,67771277673,604,67771278277,67771278277
2025-06-19 10:25:54,REAL,67771278277,152638,67771430915,67771430915
2025-06-19 10:25:56,REAL,67771430915,108935,67771539850,67771539850
2025-06-19 10:25:58,REAL,67771539850,29900,67771569750,67771569750
2025-06-19 10:26:00,REAL,67771569750,29050,67771598800,67771598800
2025-06-19 10:26:02,REAL,67771598800,29355,67771628155,67771628155
2025-06-19 10:26:04,REAL,67771628155,28995,67771657150,67771657150
2025-06-19 10:26:06,REAL,67771657150,29150,67771686300,67771686300
2025-06-19 10:26:08,REAL,67771686300,24629,67771710929,67771710929
2025-06-19 10:26:10,REAL,67771710929,677,67771711606,67771711606
2025-06-19 10:26:12,REAL,67771711606,600,67771712206,67771712206
2025-06-19 10:26:14,REAL,67771712206,46105,67771758311,67771758311
2025-06-19 10:26:16,REAL,67771758311,224591,67771982902,67771982902
2025-06-19 10:26:18,REAL,67771982902,29500,67772012402,67772012402
2025-06-19 10:26:20,REAL,67772012402,29314,67772041716,67772041716
2025-06-19 10:26:22,REAL,67772041716,29388,67772071104,67772071104
2025-06-19 10:26:24,REAL,67772071104,29787,67772100891,67772100891
2025-06-19 10:26:26,REAL,67772100891,29158,67772130049,67772130049
2025-06-19 10:26:28,REAL,67772130049,29302,67772159351,67772159351
2025-06-19 10:26:30,REAL,67772159351,9418,67772168769,67772168769
2025-06-19 10:26:32,REAL,67772168769,537,67772169306,67772169306
2025-06-19 10:26:34,REAL,67772169306,546,67772169852,67772169852
2025-06-19 10:26:36,REAL,67772169852,534,67772170386,67772170386
2025-06-19 10:26:38,REAL,67772170386,587,67772170973,67772170973
2025-06-19 10:26:40,REAL,67772170973,615,67772171588,67772171588
2025-06-19 10:26:42,REAL,67772171588,549,67772172137,67772172137
2025-06-19 10:26:44,REAL,67772172137,589,67772172726,67772172726
2025-06-19 10:26:46,REAL,67772172726,654,67772173380,67772173380
2025-06-19 10:26:48,REAL,67772173380,599,67772173979,67772173979
2025-06-19 10:26:50,REAL,67772173979,604,67772174583,67772174583
2025-06-19 10:26:52,REAL,67772174583,540,67772175123,67772175123
2025-06-19 10:26:54,REAL,67772175123,618,67772175741,67772175741
2025-06-19 10:26:56,REAL,67772175741,542,67772176283,67772176283
2025-06-19 10:26:58,REAL,67772176283,538,67772176821,67772176821
2025-06-19 10:27:00,REAL,67772176821,535,67772177356,67772177356
2025-06-19 10:27:02,REAL,67772177356,598,67772177954,67772177954
2025-06-19 10:27:04,REAL,67772177954,536,67772178490,67772178490
2025-06-19 10:27:06,REAL,67772178490,653,67772179143,67772179143
2025-06-19 10:27:08,REAL,67772179143,209935,67772389078,67772389078
2025-06-19 10:27:10,REAL,67772389078,59552,67772448630,67772448630
2025-06-19 10:27:12,REAL,67772448630,28871,67772477501,67772477501
2025-06-19 10:27:14,REAL,67772477501,29450,67772506951,67772506951
2025-06-19 10:27:16,REAL,67772506951,29304,67772536255,67772536255
2025-06-19 10:27:18,REAL,67772536255,28878,67772565133,67772565133
2025-06-19 10:27:20,REAL,67772565133,28588,67772593721,67772593721
2025-06-19 10:27:22,REAL,67772593721,21053,67772614774,67772614774
2025-06-19 10:27:24,REAL,67772614774,612,67772615386,67772615386
2025-06-19 10:27:26,REAL,67772615386,540,67772615926,67772615926
2025-06-19 10:27:28,REAL,67772615926,600,67772616526,67772616526
2025-06-19 10:27:30,REAL,67772616526,597,67772617123,67772617123
2025-06-19 10:27:32,REAL,67772617123,536,67772617659,67772617659
2025-06-19 10:27:34,REAL,67772617659,538,67772618197,67772618197
2025-06-19 10:27:36,REAL,67772618197,546,67772618743,67772618743
2025-06-19 10:27:38,REAL,67772618743,597,67772619340,67772619340
2025-06-19 10:27:40,REAL,67772619340,673,67772620013,67772620013
2025-06-19 10:27:42,REAL,67772620013,593,67772620606,67772620606
2025-06-19 10:27:44,REAL,67772620606,597,67772621203,67772621203
2025-06-19 10:27:46,REAL,67772621203,537,67772621740,67772621740
2025-06-19 10:27:48,REAL,67772621740,537,67772622277,67772622277
2025-06-19 10:27:50,REAL,67772622277,589,67772622866,67772622866
2025-06-19 10:27:52,REAL,67772622866,549,67772623415,67772623415
2025-06-19 10:27:54,REAL,67772623415,667,67772624082,67772624082
2025-06-19 10:27:56,REAL,67772624082,534,67772624616,67772624616
2025-06-19 10:27:58,REAL,67772624616,545,67772625161,67772625161
2025-06-19 10:28:00,REAL,67772625161,106853,67772732014,67772732014
2025-06-19 10:28:02,REAL,67772732014,173390,67772905404,67772905404
2025-06-19 10:28:04,REAL,67772905404,27269,67772932673,67772932673
2025-06-19 10:28:06,REAL,67772932673,29641,67772962314,67772962314
2025-06-19 10:28:08,REAL,67772962314,29592,67772991906,67772991906
2025-06-19 10:28:10,REAL,67772991906,29314,67773021220,67773021220
2025-06-19 10:28:12,REAL,67773021220,28859,67773050079,67773050079
2025-06-19 10:28:14,REAL,67773050079,28941,67773079020,67773079020
2025-06-19 10:28:16,REAL,67773079020,3714,67773082734,67773082734
2025-06-19 10:28:18,REAL,67773082734,605,67773083339,67773083339
2025-06-19 10:28:20,REAL,67773083339,605,67773083944,67773083944
2025-06-19 10:28:22,REAL,67773083944,250083,67773334027,67773334027
2025-06-19 10:28:24,REAL,67773334027,37141,67773371168,67773371168
2025-06-19 10:28:26,REAL,67773371168,29513,67773400681,67773400681
2025-06-19 10:28:28,REAL,67773400681,28926,67773429607,67773429607
2025-06-19 10:28:30,REAL,67773429607,29342,67773458949,67773458949
2025-06-19 10:28:32,REAL,67773458949,28688,67773487637,67773487637
2025-06-19 10:28:34,REAL,67773487637,28991,67773516628,67773516628
2025-06-19 10:28:36,REAL,67773516628,16881,67773533509,67773533509
2025-06-19 10:28:38,REAL,67773533509,545,67773534054,67773534054
2025-06-19 10:28:40,REAL,67773534054,619,67773534673,67773534673
2025-06-19 10:28:42,REAL,67773534673,540,67773535213,67773535213
2025-06-19 10:28:44,REAL,67773535213,593,67773535806,67773535806
2025-06-19 10:28:46,REAL,67773535806,536,67773536342,67773536342
2025-06-19 10:28:48,REAL,67773536342,534,67773536876,67773536876
2025-06-19 10:28:50,REAL,67773536876,535,67773537411,67773537411
2025-06-19 10:28:52,REAL,67773537411,598,67773538009,67773538009
2025-06-19 10:28:54,REAL,67773538009,234927,67773772936,67773772936
2025-06-19 10:28:56,REAL,67773772936,28635,67773801571,67773801571
2025-06-19 10:28:58,REAL,67773801571,29357,67773830928,67773830928
2025-06-19 10:29:00,REAL,67773830928,29219,67773860147,67773860147
2025-06-19 10:29:02,REAL,67773860147,29624,67773889771,67773889771
2025-06-19 10:29:04,REAL,67773889771,28910,67773918681,67773918681
2025-06-19 10:29:06,REAL,67773918681,28731,67773947412,67773947412
2025-06-19 10:29:08,REAL,67773947412,15210,67773962622,67773962622
2025-06-19 10:29:10,REAL,67773962622,621,67773963243,67773963243
2025-06-19 10:29:12,REAL,67773963243,537,67773963780,67773963780
2025-06-19 10:29:14,REAL,67773963780,537,67773964317,67773964317
2025-06-19 10:29:16,REAL,67773964317,597,67773964914,67773964914
2025-06-19 10:29:18,REAL,67773964914,601,67773965515,67773965515
2025-06-19 10:29:20,REAL,67773965515,543,67773966058,67773966058
2025-06-19 10:29:22,REAL,67773966058,535,67773966593,67773966593
2025-06-19 10:29:24,REAL,67773966593,6476,67773973069,67773973069
2025-06-19 10:29:26,REAL,67773973069,246821,67774219890,67774219890
2025-06-19 10:29:28,REAL,67774219890,29723,67774249613,67774249613
2025-06-19 10:29:30,REAL,67774249613,28919,67774278532,67774278532
2025-06-19 10:29:32,REAL,67774278532,29233,67774307765,67774307765
2025-06-19 10:29:34,REAL,67774307765,29304,67774337069,67774337069
2025-06-19 10:29:36,REAL,67774337069,29182,67774366251,67774366251
2025-06-19 10:29:38,REAL,67774366251,29546,67774395797,67774395797
2025-06-19 10:29:40,REAL,67774395797,13410,67774409207,67774409207
2025-06-19 10:29:42,REAL,67774409207,545,67774409752,67774409752
2025-06-19 10:29:44,REAL,67774409752,540,67774410292,67774410292
2025-06-19 10:29:46,REAL,67774410292,543,67774410835,67774410835
2025-06-19 10:29:48,REAL,67774410835,597,67774411432,67774411432
2025-06-19 10:29:50,REAL,67774411432,530,67774411962,67774411962
2025-06-19 10:29:52,REAL,67774411962,543,67774412505,67774412505
2025-06-19 10:29:54,REAL,67774412505,614,67774413119,67774413119
2025-06-19 10:29:56,REAL,67774413119,661,67774413780,67774413780
2025-06-19 10:29:58,REAL,67774413780,597,67774414377,67774414377
2025-06-19 10:30:00,REAL,67774414377,594,67774414971,67774414971
2025-06-19 10:30:02,REAL,67774414971,594,67774415565,67774415565
2025-06-19 10:30:04,REAL,67774415565,540,67774416105,67774416105
2025-06-19 10:30:06,REAL,67774416105,537,67774416642,67774416642
2025-06-19 10:30:08,REAL,67774416642,541,67774417183,67774417183
2025-06-19 10:30:10,REAL,67774417183,614,67774417797,67774417797
2025-06-19 10:30:12,REAL,67774417797,536,67774418333,67774418333
2025-06-19 10:30:14,REAL,67774418333,536,67774418869,67774418869
2025-06-19 10:30:16,REAL,67774418869,607,67774419476,67774419476
2025-06-19 10:30:18,REAL,67774419476,191143,67774610619,67774610619
2025-06-19 10:30:20,REAL,67774610619,102035,67774712654,67774712654
2025-06-19 10:30:22,REAL,67774712654,29438,67774742092,67774742092
2025-06-19 10:30:24,REAL,67774742092,29663,67774771755,67774771755
2025-06-19 10:30:26,REAL,67774771755,29778,67774801533,67774801533
2025-06-19 10:30:28,REAL,67774801533,29257,67774830790,67774830790
2025-06-19 10:30:30,REAL,67774830790,28928,67774859718,67774859718
2025-06-19 10:30:32,REAL,67774859718,24711,67774884429,67774884429
2025-06-19 10:30:34,REAL,67774884429,599,67774885028,67774885028
2025-06-19 10:30:36,REAL,67774885028,603,67774885631,67774885631
2025-06-19 10:30:38,REAL,67774885631,599,67774886230,67774886230
2025-06-19 10:30:40,REAL,67774886230,621,67774886851,67774886851
2025-06-19 10:30:42,REAL,67774886851,544,67774887395,67774887395
2025-06-19 10:30:44,REAL,67774887395,536,67774887931,67774887931
2025-06-19 10:30:46,REAL,67774887931,543,67774888474,67774888474
2025-06-19 10:30:48,REAL,67774888474,542,67774889016,67774889016
2025-06-19 10:30:50,REAL,67774889016,543,67774889559,67774889559
2025-06-19 10:30:52,REAL,67774889559,541,67774890100,67774890100
2025-06-19 10:30:54,REAL,67774890100,728,67774890828,67774890828
2025-06-19 10:30:56,REAL,67774890828,541,67774891369,67774891369
2025-06-19 10:30:58,REAL,67774891369,599,67774891968,67774891968
2025-06-19 10:31:00,REAL,67774891968,534,67774892502,67774892502
2025-06-19 10:31:02,REAL,67774892502,540,67774893042,67774893042
2025-06-19 10:31:04,REAL,67774893042,536,67774893578,67774893578
2025-06-19 10:31:06,REAL,67774893578,541,67774894119,67774894119
2025-06-19 10:31:08,REAL,67774894119,534,67774894653,67774894653
2025-06-19 10:31:10,REAL,67774894653,671,67774895324,67774895324
2025-06-19 10:31:12,REAL,67774895324,537,67774895861,67774895861
2025-06-19 10:31:14,REAL,67774895861,531,67774896392,67774896392
2025-06-19 10:31:16,REAL,67774896392,538,67774896930,67774896930
2025-06-19 10:31:18,REAL,67774896930,542,67774897472,67774897472
2025-06-19 10:31:20,REAL,67774897472,540,67774898012,67774898012
2025-06-19 10:31:22,REAL,67774898012,534,67774898546,67774898546
2025-06-19 10:31:24,REAL,67774898546,674,67774899220,67774899220
2025-06-19 10:31:26,REAL,67774899220,64650,67774963870,67774963870
2025-06-19 10:31:28,REAL,67774963870,183889,67775147759,67775147759
2025-06-19 10:31:30,REAL,67775147759,29447,67775177206,67775177206
2025-06-19 10:31:32,REAL,67775177206,29336,67775206542,67775206542
2025-06-19 10:31:34,REAL,67775206542,28935,67775235477,67775235477
2025-06-19 10:31:36,REAL,67775235477,29079,67775264556,67775264556
2025-06-19 10:31:38,REAL,67775264556,28471,67775293027,67775293027
2025-06-19 10:31:40,REAL,67775293027,29682,67775322709,67775322709
2025-06-19 10:31:42,REAL,67775322709,6580,67775329289,67775329289
2025-06-19 10:31:44,REAL,67775329289,537,67775329826,67775329826
2025-06-19 10:31:46,REAL,67775329826,609,67775330435,67775330435
2025-06-19 10:31:48,REAL,67775330435,540,67775330975,67775330975
2025-06-19 10:31:50,REAL,67775330975,545,67775331520,67775331520
2025-06-19 10:31:52,REAL,67775331520,538,67775332058,67775332058
2025-06-19 10:31:54,REAL,67775332058,679,67775332737,67775332737
2025-06-19 10:31:56,REAL,67775332737,539,67775333276,67775333276
2025-06-19 10:31:58,REAL,67775333276,661,67775333937,67775333937
2025-06-19 10:32:00,REAL,67775333937,602,67775334539,67775334539
2025-06-19 10:32:02,REAL,67775334539,664,67775335203,67775335203
2025-06-19 10:32:04,REAL,67775335203,599,67775335802,67775335802
2025-06-19 10:32:06,REAL,67775335802,597,67775336399,67775336399
2025-06-19 10:32:08,REAL,67775336399,80543,67775416942,67775416942
2025-06-19 10:32:10,REAL,67775416942,165536,67775582478,67775582478
2025-06-19 10:32:12,REAL,67775582478,29166,67775611644,67775611644
2025-06-19 10:32:14,REAL,67775611644,28628,67775640272,67775640272
2025-06-19 10:32:16,REAL,67775640272,28877,67775669149,67775669149
2025-06-19 10:32:18,REAL,67775669149,29523,67775698672,67775698672
2025-06-19 10:32:20,REAL,67775698672,29402,67775728074,67775728074
2025-06-19 10:32:22,REAL,67775728074,29657,67775757731,67775757731
2025-06-19 10:32:24,REAL,67775757731,5049,67775762780,67775762780
2025-06-19 10:32:26,REAL,67775762780,670,67775763450,67775763450
2025-06-19 10:32:28,REAL,67775763450,539,67775763989,67775763989
2025-06-19 10:32:30,REAL,67775763989,541,67775764530,67775764530
2025-06-19 10:32:32,REAL,67775764530,541,67775765071,67775765071
2025-06-19 10:32:34,REAL,67775765071,549,67775765620,67775765620
2025-06-19 10:32:36,REAL,67775765620,538,67775766158,67775766158
2025-06-19 10:32:38,REAL,67775766158,546,67775766704,67775766704
2025-06-19 10:32:40,REAL,67775766704,119413,67775886117,67775886117
2025-06-19 10:32:42,REAL,67775886117,160396,67776046513,67776046513
2025-06-19 10:32:44,REAL,67776046513,29077,67776075590,67776075590
2025-06-19 10:32:46,REAL,67776075590,28805,67776104395,67776104395
2025-06-19 10:32:48,REAL,67776104395,29499,67776133894,67776133894
2025-06-19 10:32:50,REAL,67776133894,29642,67776163536,67776163536
2025-06-19 10:32:52,REAL,67776163536,28814,67776192350,67776192350
2025-06-19 10:32:54,REAL,67776192350,28933,67776221283,67776221283
2025-06-19 10:32:56,REAL,67776221283,3212,67776224495,67776224495
2025-06-19 10:32:58,REAL,67776224495,537,67776225032,67776225032
2025-06-19 10:33:00,REAL,67776225032,532,67776225564,67776225564
2025-06-19 10:33:02,REAL,67776225564,543,67776226107,67776226107
2025-06-19 10:33:04,REAL,67776226107,543,67776226650,67776226650
2025-06-19 10:33:06,REAL,67776226650,547,67776227197,67776227197
2025-06-19 10:33:08,REAL,67776227197,546,67776227743,67776227743
2025-06-19 10:33:10,REAL,67776227743,623,67776228366,67776228366
2025-06-19 10:33:12,REAL,67776228366,608,67776228974,67776228974
2025-06-19 10:33:14,REAL,67776228974,544,67776229518,67776229518
2025-06-19 10:33:16,REAL,67776229518,589,67776230107,67776230107
2025-06-19 10:33:18,REAL,67776230107,535,67776230642,67776230642
2025-06-19 10:33:20,REAL,67776230642,548,67776231190,67776231190
2025-06-19 10:33:22,REAL,67776231190,549,67776231739,67776231739
2025-06-19 10:33:24,REAL,67776231739,548,67776232287,67776232287
2025-06-19 10:33:26,REAL,67776232287,662,67776232949,67776232949
2025-06-19 10:33:28,REAL,67776232949,592,67776233541,67776233541
2025-06-19 10:33:30,REAL,67776233541,546,67776234087,67776234087
2025-06-19 10:33:32,REAL,67776234087,537,67776234624,67776234624
2025-06-19 10:33:34,REAL,67776234624,543,67776235167,67776235167
2025-06-19 10:33:36,REAL,67776235167,540,67776235707,67776235707
2025-06-19 10:33:38,REAL,67776235707,540,67776236247,67776236247
2025-06-19 10:33:40,REAL,67776236247,608,67776236855,67776236855
2025-06-19 10:33:42,REAL,67776236855,541,67776237396,67776237396
2025-06-19 10:33:44,REAL,67776237396,138244,67776375640,67776375640
2025-06-19 10:33:46,REAL,67776375640,124822,67776500462,67776500462
2025-06-19 10:33:48,REAL,67776500462,29592,67776530054,67776530054
2025-06-19 10:33:50,REAL,67776530054,29544,67776559598,67776559598
2025-06-19 10:33:52,REAL,67776559598,29331,67776588929,67776588929
2025-06-19 10:33:54,REAL,67776588929,29451,67776618380,67776618380
2025-06-19 10:33:56,REAL,67776618380,29548,67776647928,67776647928
2025-06-19 10:33:58,REAL,67776647928,28649,67776676577,67776676577
2025-06-19 10:34:00,REAL,67776676577,537,67776677114,67776677114
2025-06-19 10:34:02,REAL,67776677114,539,67776677653,67776677653
2025-06-19 10:34:04,REAL,67776677653,541,67776678194,67776678194
2025-06-19 10:34:06,REAL,67776678194,550,67776678744,67776678744
2025-06-19 10:34:08,REAL,67776678744,537,67776679281,67776679281
2025-06-19 10:34:10,REAL,67776679281,609,67776679890,67776679890
2025-06-19 10:34:12,REAL,67776679890,541,67776680431,67776680431
2025-06-19 10:34:14,REAL,67776680431,597,67776681028,67776681028
2025-06-19 10:34:16,REAL,67776681028,534,67776681562,67776681562
2025-06-19 10:34:18,REAL,67776681562,597,67776682159,67776682159
2025-06-19 10:34:20,REAL,67776682159,546,67776682705,67776682705
2025-06-19 10:34:22,REAL,67776682705,547,67776683252,67776683252
2025-06-19 10:34:24,REAL,67776683252,539,67776683791,67776683791
2025-06-19 10:34:26,REAL,67776683791,670,67776684461,67776684461
2025-06-19 10:34:28,REAL,67776684461,548,67776685009,67776685009
2025-06-19 10:34:30,REAL,67776685009,600,67776685609,67776685609
2025-06-19 10:34:32,REAL,67776685609,595,67776686204,67776686204
2025-06-19 10:34:34,REAL,67776686204,608,67776686812,67776686812
2025-06-19 10:34:36,REAL,67776686812,30478,67776717290,67776717290
2025-06-19 10:34:38,REAL,67776717290,230235,67776947525,67776947525
2025-06-19 10:34:40,REAL,67776947525,29377,67776976902,67776976902
2025-06-19 10:34:42,REAL,67776976902,29634,67777006536,67777006536
2025-06-19 10:34:44,REAL,67777006536,28706,67777035242,67777035242
2025-06-19 10:34:46,REAL,67777035242,29605,67777064847,67777064847
2025-06-19 10:34:48,REAL,67777064847,29342,67777094189,67777094189
2025-06-19 10:34:50,REAL,67777094189,28757,67777122946,67777122946
2025-06-19 10:34:52,REAL,67777122946,10843,67777133789,67777133789
2025-06-19 10:34:54,REAL,67777133789,545,67777134334,67777134334
2025-06-19 10:34:56,REAL,67777134334,669,67777135003,67777135003
2025-06-19 10:34:58,REAL,67777135003,545,67777135548,67777135548
2025-06-19 10:35:00,REAL,67777135548,543,67777136091,67777136091
2025-06-19 10:35:02,REAL,67777136091,537,67777136628,67777136628
2025-06-19 10:35:04,REAL,67777136628,544,67777137172,67777137172
2025-06-19 10:35:06,REAL,67777137172,545,67777137717,67777137717
2025-06-19 10:35:08,REAL,67777137717,598,67777138315,67777138315
2025-06-19 10:35:10,REAL,67777138315,607,67777138922,67777138922
2025-06-19 10:35:12,REAL,67777138922,548,67777139470,67777139470
2025-06-19 10:35:14,REAL,67777139470,538,67777140008,67777140008
2025-06-19 10:35:16,REAL,67777140008,548,67777140556,67777140556
2025-06-19 10:35:18,REAL,67777140556,541,67777141097,67777141097
2025-06-19 10:35:20,REAL,67777141097,600,67777141697,67777141697
2025-06-19 10:35:22,REAL,67777141697,537,67777142234,67777142234
2025-06-19 10:35:24,REAL,67777142234,601,67777142835,67777142835
2025-06-19 10:35:26,REAL,67777142835,661,67777143496,67777143496
2025-06-19 10:35:28,REAL,67777143496,542,67777144038,67777144038
2025-06-19 10:35:30,REAL,67777144038,535,67777144573,67777144573
2025-06-19 10:35:32,REAL,67777144573,542,67777145115,67777145115
2025-06-19 10:35:34,REAL,67777145115,539,67777145654,67777145654
2025-06-19 10:35:36,REAL,67777145654,546,67777146200,67777146200
2025-06-19 10:35:38,REAL,67777146200,542,67777146742,67777146742
2025-06-19 10:35:40,REAL,67777146742,740,67777147482,67777147482
2025-06-19 10:35:42,REAL,67777147482,602,67777148084,67777148084
2025-06-19 10:35:44,REAL,67777148084,599,67777148683,67777148683
2025-06-19 10:35:46,REAL,67777148683,538,67777149221,67777149221
2025-06-19 10:35:48,REAL,67777149221,542,67777149763,67777149763
2025-06-19 10:35:50,REAL,67777149763,538,67777150301,67777150301
2025-06-19 10:35:52,REAL,67777150301,548,67777150849,67777150849
2025-06-19 10:35:54,REAL,67777150849,538,67777151387,67777151387
2025-06-19 10:35:56,REAL,67777151387,615,67777152002,67777152002
2025-06-19 10:35:58,REAL,67777152002,595,67777152597,67777152597
2025-06-19 10:36:00,REAL,67777152597,604,67777153201,67777153201
2025-06-19 10:36:02,REAL,67777153201,599,67777153800,67777153800
2025-06-19 10:36:04,REAL,67777153800,608,67777154408,67777154408
2025-06-19 10:36:06,REAL,67777154408,650,67777155058,67777155058
2025-06-19 10:36:08,REAL,67777155058,539,67777155597,67777155597
2025-06-19 10:36:10,REAL,67777155597,535,67777156132,67777156132
2025-06-19 10:36:12,REAL,67777156132,621,67777156753,67777156753
2025-06-19 10:36:14,REAL,67777156753,543,67777157296,67777157296
2025-06-19 10:36:16,REAL,67777157296,542,67777157838,67777157838
2025-06-19 10:36:18,REAL,67777157838,537,67777158375,67777158375
2025-06-19 10:36:20,REAL,67777158375,544,67777158919,67777158919
2025-06-19 10:36:22,REAL,67777158919,654,67777159573,67777159573
2025-06-19 10:36:24,REAL,67777159573,602,67777160175,67777160175
2025-06-19 10:36:26,REAL,67777160175,673,67777160848,67777160848
2025-06-19 10:36:28,REAL,67777160848,543,67777161391,67777161391
2025-06-19 10:36:30,REAL,67777161391,546,67777161937,67777161937
2025-06-19 10:36:32,REAL,67777161937,540,67777162477,67777162477
2025-06-19 10:36:34,REAL,67777162477,589,67777163066,67777163066
2025-06-19 10:36:36,REAL,67777163066,538,67777163604,67777163604
2025-06-19 10:36:38,REAL,67777163604,540,67777164144,67777164144
2025-06-19 10:36:40,REAL,67777164144,534,67777164678,67777164678
2025-06-19 10:36:42,REAL,67777164678,670,67777165348,67777165348
2025-06-19 10:36:44,REAL,67777165348,244966,67777410314,67777410314
2025-06-19 10:36:46,REAL,67777410314,43118,67777453432,67777453432
2025-06-19 10:36:48,REAL,67777453432,29877,67777483309,67777483309
2025-06-19 10:36:50,REAL,67777483309,29245,67777512554,67777512554
2025-06-19 10:36:52,REAL,67777512554,28766,67777541320,67777541320
2025-06-19 10:36:54,REAL,67777541320,29299,67777570619,67777570619
2025-06-19 10:36:56,REAL,67777570619,28922,67777599541,67777599541
2025-06-19 10:36:58,REAL,67777599541,18686,67777618227,67777618227
2025-06-19 10:37:00,REAL,67777618227,539,67777618766,67777618766
2025-06-19 10:37:02,REAL,67777618766,534,67777619300,67777619300
2025-06-19 10:37:04,REAL,67777619300,544,67777619844,67777619844
2025-06-19 10:37:06,REAL,67777619844,532,67777620376,67777620376
2025-06-19 10:37:08,REAL,67777620376,598,67777620974,67777620974
2025-06-19 10:37:10,REAL,67777620974,534,67777621508,67777621508
2025-06-19 10:37:12,REAL,67777621508,623,67777622131,67777622131
2025-06-19 10:37:14,REAL,67777622131,606,67777622737,67777622737
2025-06-19 10:37:16,REAL,67777622737,537,67777623274,67777623274
2025-06-19 10:37:18,REAL,67777623274,539,67777623813,67777623813
2025-06-19 10:37:20,REAL,67777623813,535,67777624348,67777624348
2025-06-19 10:37:22,REAL,67777624348,544,67777624892,67777624892
2025-06-19 10:37:24,REAL,67777624892,540,67777625432,67777625432
2025-06-19 10:37:26,REAL,67777625432,610,67777626042,67777626042
2025-06-19 10:37:28,REAL,67777626042,593,67777626635,67777626635
2025-06-19 10:37:30,REAL,67777626635,596,67777627231,67777627231
2025-06-19 10:37:32,REAL,67777627231,543,67777627774,67777627774
2025-06-19 10:37:34,REAL,67777627774,538,67777628312,67777628312
2025-06-19 10:37:36,REAL,67777628312,537,67777628849,67777628849
2025-06-19 10:37:38,REAL,67777628849,534,67777629383,67777629383
2025-06-19 10:37:40,REAL,67777629383,592,67777629975,67777629975
2025-06-19 10:37:42,REAL,67777629975,616,67777630591,67777630591
2025-06-19 10:37:44,REAL,67777630591,531,67777631122,67777631122
2025-06-19 10:37:46,REAL,67777631122,594,67777631716,67777631716
2025-06-19 10:37:48,REAL,67777631716,538,67777632254,67777632254
2025-06-19 10:37:50,REAL,67777632254,544,67777632798,67777632798
2025-06-19 10:37:52,REAL,67777632798,533,67777633331,67777633331
2025-06-19 10:37:54,REAL,67777633331,546,67777633877,67777633877
2025-06-19 10:37:56,REAL,67777633877,610,67777634487,67777634487
2025-06-19 10:37:58,REAL,67777634487,540,67777635027,67777635027
2025-06-19 10:38:00,REAL,67777635027,538,67777635565,67777635565
2025-06-19 10:38:02,REAL,67777635565,602,67777636167,67777636167
2025-06-19 10:38:04,REAL,67777636167,610,67777636777,67777636777
2025-06-19 10:38:06,REAL,67777636777,593,67777637370,67777637370
2025-06-19 10:38:08,REAL,67777637370,598,67777637968,67777637968
2025-06-19 10:38:10,REAL,67777637968,542,67777638510,67777638510
2025-06-19 10:38:12,REAL,67777638510,668,67777639178,67777639178
2025-06-19 10:38:14,REAL,67777639178,539,67777639717,67777639717
2025-06-19 10:38:16,REAL,67777639717,602,67777640319,67777640319
2025-06-19 10:38:18,REAL,67777640319,544,67777640863,67777640863
2025-06-19 10:38:20,REAL,67777640863,536,67777641399,67777641399
2025-06-19 10:38:22,REAL,67777641399,599,67777641998,67777641998
2025-06-19 10:38:24,REAL,67777641998,538,67777642536,67777642536
2025-06-19 10:38:26,REAL,67777642536,623,67777643159,67777643159
2025-06-19 10:38:28,REAL,67777643159,540,67777643699,67777643699
2025-06-19 10:38:30,REAL,67777643699,539,67777644238,67777644238
2025-06-19 10:38:32,REAL,67777644238,539,67777644777,67777644777
2025-06-19 10:38:34,REAL,67777644777,544,67777645321,67777645321
2025-06-19 10:38:36,REAL,67777645321,540,67777645861,67777645861
2025-06-19 10:38:38,REAL,67777645861,602,67777646463,67777646463
2025-06-19 10:38:40,REAL,67777646463,540,67777647003,67777647003
2025-06-19 10:38:42,REAL,67777647003,616,67777647619,67777647619
2025-06-19 10:38:44,REAL,67777647619,542,67777648161,67777648161
2025-06-19 10:38:46,REAL,67777648161,540,67777648701,67777648701
2025-06-19 10:38:48,REAL,67777648701,539,67777649240,67777649240
2025-06-19 10:38:50,REAL,67777649240,601,67777649841,67777649841
2025-06-19 10:38:52,REAL,67777649841,547,67777650388,67777650388
2025-06-19 10:38:54,REAL,67777650388,599,67777650987,67777650987
2025-06-19 10:38:56,REAL,67777650987,618,67777651605,67777651605
2025-06-19 10:38:58,REAL,67777651605,600,67777652205,67777652205
2025-06-19 10:39:00,REAL,67777652205,540,67777652745,67777652745
2025-06-19 10:39:02,REAL,67777652745,547,67777653292,67777653292
2025-06-19 10:39:04,REAL,67777653292,549,67777653841,67777653841
2025-06-19 10:39:06,REAL,67777653841,545,67777654386,67777654386
2025-06-19 10:39:08,REAL,67777654386,535,67777654921,67777654921
2025-06-19 10:39:10,REAL,67777654921,590,67777655511,67777655511
2025-06-19 10:39:12,REAL,67777655511,614,67777656125,67777656125
2025-06-19 10:39:14,REAL,67777656125,538,67777656663,67777656663
2025-06-19 10:39:16,REAL,67777656663,534,67777657197,67777657197
2025-06-19 10:39:18,REAL,67777657197,540,67777657737,67777657737
2025-06-19 10:39:20,REAL,67777657737,540,67777658277,67777658277
2025-06-19 10:39:22,REAL,67777658277,536,67777658813,67777658813
2025-06-19 10:39:24,REAL,67777658813,593,67777659406,67777659406
2025-06-19 10:39:26,REAL,67777659406,601,67777660007,67777660007
2025-06-19 10:39:28,REAL,67777660007,613,67777660620,67777660620
2025-06-19 10:39:30,REAL,67777660620,540,67777661160,67777661160
2025-06-19 10:39:32,REAL,67777661160,533,67777661693,67777661693
2025-06-19 10:39:34,REAL,67777661693,538,67777662231,67777662231
2025-06-19 10:39:36,REAL,67777662231,538,67777662769,67777662769
2025-06-19 10:39:38,REAL,67777662769,543,67777663312,67777663312
2025-06-19 10:39:40,REAL,67777663312,542,67777663854,67777663854
2025-06-19 10:39:42,REAL,67777663854,730,67777664584,67777664584
2025-06-19 10:39:44,REAL,67777664584,540,67777665124,67777665124
2025-06-19 10:39:46,REAL,67777665124,544,67777665668,67777665668
2025-06-19 10:39:48,REAL,67777665668,534,67777666202,67777666202
2025-06-19 10:39:50,REAL,67777666202,548,67777666750,67777666750
2025-06-19 10:39:52,REAL,67777666750,549,67777667299,67777667299
2025-06-19 10:39:54,REAL,67777667299,538,67777667837,67777667837
2025-06-19 10:39:56,REAL,67777667837,548,67777668385,67777668385
2025-06-19 10:39:58,REAL,67777668385,732,67777669117,67777669117
2025-06-19 10:40:00,REAL,67777669117,547,67777669664,67777669664
2025-06-19 10:40:02,REAL,67777669664,537,67777670201,67777670201
2025-06-19 10:40:04,REAL,67777670201,537,67777670738,67777670738
2025-06-19 10:40:06,REAL,67777670738,542,67777671280,67777671280
2025-06-19 10:40:08,REAL,67777671280,545,67777671825,67777671825
2025-06-19 10:40:10,REAL,67777671825,539,67777672364,67777672364
2025-06-19 10:40:12,REAL,67777672364,615,67777672979,67777672979
2025-06-19 10:40:14,REAL,67777672979,601,67777673580,67777673580
2025-06-19 10:40:16,REAL,67777673580,191737,67777865317,67777865317
2025-06-19 10:40:18,REAL,67777865317,66845,67777932162,67777932162
2025-06-19 10:40:20,REAL,67777932162,29614,67777961776,67777961776
2025-06-19 10:40:22,REAL,67777961776,29209,67777990985,67777990985
2025-06-19 10:40:24,REAL,67777990985,29269,67778020254,67778020254
2025-06-19 10:40:26,REAL,67778020254,29226,67778049480,67778049480
2025-06-19 10:40:28,REAL,67778049480,29719,67778079199,67778079199
2025-06-19 10:40:30,REAL,67778079199,20824,67778100023,67778100023
2025-06-19 10:40:32,REAL,67778100023,538,67778100561,67778100561
2025-06-19 10:40:34,REAL,67778100561,532,67778101093,67778101093
2025-06-19 10:40:36,REAL,67778101093,547,67778101640,67778101640
2025-06-19 10:40:38,REAL,67778101640,539,67778102179,67778102179
2025-06-19 10:40:40,REAL,67778102179,548,67778102727,67778102727
2025-06-19 10:40:42,REAL,67778102727,619,67778103346,67778103346
2025-06-19 10:40:44,REAL,67778103346,541,67778103887,67778103887
2025-06-19 10:40:46,REAL,67778103887,596,67778104483,67778104483
2025-06-19 10:40:48,REAL,67778104483,545,67778105028,67778105028
2025-06-19 10:40:50,REAL,67778105028,535,67778105563,67778105563
2025-06-19 10:40:52,REAL,67778105563,594,67778106157,67778106157
2025-06-19 10:40:54,REAL,67778106157,544,67778106701,67778106701
2025-06-19 10:40:56,REAL,67778106701,534,67778107235,67778107235
2025-06-19 10:40:58,REAL,67778107235,615,67778107850,67778107850
2025-06-19 10:41:00,REAL,67778107850,542,67778108392,67778108392
2025-06-19 10:41:02,REAL,67778108392,601,67778108993,67778108993
2025-06-19 10:41:04,REAL,67778108993,603,67778109596,67778109596
2025-06-19 10:41:06,REAL,67778109596,653,67778110249,67778110249
2025-06-19 10:41:08,REAL,67778110249,604,67778110853,67778110853
2025-06-19 10:41:10,REAL,67778110853,547,67778111400,67778111400
2025-06-19 10:41:12,REAL,67778111400,611,67778112011,67778112011
2025-06-19 10:41:14,REAL,67778112011,547,67778112558,67778112558
2025-06-19 10:41:16,REAL,67778112558,541,67778113099,67778113099
2025-06-19 10:41:18,REAL,67778113099,543,67778113642,67778113642
2025-06-19 10:41:20,REAL,67778113642,537,67778114179,67778114179
2025-06-19 10:41:22,REAL,67778114179,537,67778114716,67778114716
2025-06-19 10:41:24,REAL,67778114716,593,67778115309,67778115309
2025-06-19 10:41:26,REAL,67778115309,534,67778115843,67778115843
2025-06-19 10:41:28,REAL,67778115843,620,67778116463,67778116463
2025-06-19 10:41:30,REAL,67778116463,599,67778117062,67778117062
2025-06-19 10:41:32,REAL,67778117062,536,67778117598,67778117598
2025-06-19 10:41:34,REAL,67778117598,540,67778118138,67778118138
2025-06-19 10:41:36,REAL,67778118138,536,67778118674,67778118674
2025-06-19 10:41:38,REAL,67778118674,589,67778119263,67778119263
2025-06-19 10:41:40,REAL,67778119263,596,67778119859,67778119859
2025-06-19 10:41:42,REAL,67778119859,608,67778120467,67778120467
2025-06-19 10:41:44,REAL,67778120467,539,67778121006,67778121006
2025-06-19 10:41:46,REAL,67778121006,543,67778121549,67778121549
2025-06-19 10:41:48,REAL,67778121549,536,67778122085,67778122085
2025-06-19 10:41:50,REAL,67778122085,539,67778122624,67778122624
2025-06-19 10:41:52,REAL,67778122624,539,67778123163,67778123163
2025-06-19 10:41:54,REAL,67778123163,533,67778123696,67778123696
2025-06-19 10:41:56,REAL,67778123696,127526,67778251222,67778251222
2025-06-19 10:41:58,REAL,67778251222,156771,67778407993,67778407993
2025-06-19 10:42:00,REAL,67778407993,29531,67778437524,67778437524
2025-06-19 10:42:02,REAL,67778437524,29637,67778467161,67778467161
2025-06-19 10:42:04,REAL,67778467161,29506,67778496667,67778496667
2025-06-19 10:42:06,REAL,67778496667,29091,67778525758,67778525758
2025-06-19 10:42:08,REAL,67778525758,28870,67778554628,67778554628
2025-06-19 10:42:10,REAL,67778554628,28745,67778583373,67778583373
2025-06-19 10:42:12,REAL,67778583373,1006,67778584379,67778584379
2025-06-19 10:42:14,REAL,67778584379,533,67778584912,67778584912
2025-06-19 10:42:16,REAL,67778584912,544,67778585456,67778585456
2025-06-19 10:42:18,REAL,67778585456,539,67778585995,67778585995
2025-06-19 10:42:20,REAL,67778585995,531,67778586526,67778586526
2025-06-19 10:42:22,REAL,67778586526,538,67778587064,67778587064
2025-06-19 10:42:24,REAL,67778587064,548,67778587612,67778587612
2025-06-19 10:42:26,REAL,67778587612,544,67778588156,67778588156
2025-06-19 10:42:28,REAL,67778588156,737,67778588893,67778588893
2025-06-19 10:42:30,REAL,67778588893,600,67778589493,67778589493
2025-06-19 10:42:32,REAL,67778589493,601,67778590094,67778590094
2025-06-19 10:42:34,REAL,67778590094,539,67778590633,67778590633
2025-06-19 10:42:36,REAL,67778590633,600,67778591233,67778591233
2025-06-19 10:42:38,REAL,67778591233,534,67778591767,67778591767
2025-06-19 10:42:40,REAL,67778591767,530,67778592297,67778592297
2025-06-19 10:42:42,REAL,67778592297,615,67778592912,67778592912
2025-06-19 10:42:44,REAL,67778592912,589,67778593501,67778593501
2025-06-19 10:42:46,REAL,67778593501,546,67778594047,67778594047
2025-06-19 10:42:48,REAL,67778594047,657,67778594704,67778594704
2025-06-19 10:42:50,REAL,67778594704,600,67778595304,67778595304
2025-06-19 10:42:52,REAL,67778595304,599,67778595903,67778595903
2025-06-19 10:42:54,REAL,67778595903,535,67778596438,67778596438
2025-06-19 10:42:56,REAL,67778596438,536,67778596974,67778596974
2025-06-19 10:42:58,REAL,67778596974,613,67778597587,67778597587
2025-06-19 10:43:00,REAL,67778597587,534,67778598121,67778598121
2025-06-19 10:43:02,REAL,67778598121,532,67778598653,67778598653
2025-06-19 10:43:04,REAL,67778598653,534,67778599187,67778599187
2025-06-19 10:43:06,REAL,67778599187,543,67778599730,67778599730
2025-06-19 10:43:08,REAL,67778599730,603,67778600333,67778600333
2025-06-19 10:43:10,REAL,67778600333,543,67778600876,67778600876
2025-06-19 10:43:12,REAL,67778600876,675,67778601551,67778601551
2025-06-19 10:43:14,REAL,67778601551,535,67778602086,67778602086
2025-06-19 10:43:16,REAL,67778602086,600,67778602686,67778602686
2025-06-19 10:43:18,REAL,67778602686,541,67778603227,67778603227
2025-06-19 10:43:20,REAL,67778603227,545,67778603772,67778603772
2025-06-19 10:43:22,REAL,67778603772,541,67778604313,67778604313
2025-06-19 10:43:24,REAL,67778604313,610,67778604923,67778604923
2025-06-19 10:43:26,REAL,67778604923,539,67778605462,67778605462
2025-06-19 10:43:28,REAL,67778605462,609,67778606071,67778606071
2025-06-19 10:43:30,REAL,67778606071,547,67778606618,67778606618
2025-06-19 10:43:32,REAL,67778606618,530,67778607148,67778607148
2025-06-19 10:43:34,REAL,67778607148,534,67778607682,67778607682
2025-06-19 10:43:36,REAL,67778607682,550,67778608232,67778608232
2025-06-19 10:43:38,REAL,67778608232,534,67778608766,67778608766
2025-06-19 10:43:40,REAL,67778608766,595,67778609361,67778609361
2025-06-19 10:43:42,REAL,67778609361,597,67778609958,67778609958
2025-06-19 10:43:44,REAL,67778609958,678,67778610636,67778610636
2025-06-19 10:43:46,REAL,67778610636,661,67778611297,67778611297
2025-06-19 10:43:48,REAL,67778611297,599,67778611896,67778611896
2025-06-19 10:43:50,REAL,67778611896,706,67778612602,67778612602
2025-06-19 10:43:52,REAL,67778612602,594,67778613196,67778613196
2025-06-19 10:43:54,REAL,67778613196,604,67778613800,67778613800
2025-06-19 10:43:56,REAL,67778613800,592,67778614392,67778614392
2025-06-19 10:43:58,REAL,67778614392,612,67778615004,67778615004
2025-06-19 10:44:00,REAL,67778615004,549,67778615553,67778615553
2025-06-19 10:44:02,REAL,67778615553,537,67778616090,67778616090
2025-06-19 10:44:04,REAL,67778616090,534,67778616624,67778616624
2025-06-19 10:44:06,REAL,67778616624,547,67778617171,67778617171
2025-06-19 10:44:08,REAL,67778617171,542,67778617713,67778617713
2025-06-19 10:44:10,REAL,67778617713,540,67778618253,67778618253
2025-06-19 10:44:12,REAL,67778618253,597,67778618850,67778618850
2025-06-19 10:44:14,REAL,67778618850,623,67778619473,67778619473
2025-06-19 10:44:16,REAL,67778619473,541,67778620014,67778620014
2025-06-19 10:44:18,REAL,67778620014,548,67778620562,67778620562
2025-06-19 10:44:20,REAL,67778620562,543,67778621105,67778621105
2025-06-19 10:44:22,REAL,67778621105,598,67778621703,67778621703
2025-06-19 10:44:24,REAL,67778621703,543,67778622246,67778622246
2025-06-19 10:44:26,REAL,67778622246,533,67778622779,67778622779
2025-06-19 10:44:28,REAL,67778622779,727,67778623506,67778623506
2025-06-19 10:44:30,REAL,67778623506,533,67778624039,67778624039
2025-06-19 10:44:32,REAL,67778624039,538,67778624577,67778624577
2025-06-19 10:44:34,REAL,67778624577,544,67778625121,67778625121
2025-06-19 10:44:36,REAL,67778625121,545,67778625666,67778625666
2025-06-19 10:44:38,REAL,67778625666,541,67778626207,67778626207
2025-06-19 10:44:40,REAL,67778626207,536,67778626743,67778626743
2025-06-19 10:44:42,REAL,67778626743,540,67778627283,67778627283
2025-06-19 10:44:44,REAL,67778627283,733,67778628016,67778628016
2025-06-19 10:44:46,REAL,67778628016,593,67778628609,67778628609
2025-06-19 10:44:48,REAL,67778628609,606,67778629215,67778629215
2025-06-19 10:44:50,REAL,67778629215,542,67778629757,67778629757
2025-06-19 10:44:52,REAL,67778629757,542,67778630299,67778630299
2025-06-19 10:44:54,REAL,67778630299,545,67778630844,67778630844
2025-06-19 10:44:56,REAL,67778630844,597,67778631441,67778631441
2025-06-19 10:44:58,REAL,67778631441,623,67778632064,67778632064
2025-06-19 10:45:00,REAL,67778632064,543,67778632607,67778632607
2025-06-19 10:45:02,REAL,67778632607,546,67778633153,67778633153
2025-06-19 10:45:04,REAL,67778633153,604,67778633757,67778633757
2025-06-19 10:45:06,REAL,67778633757,532,67778634289,67778634289
2025-06-19 10:45:08,REAL,67778634289,539,67778634828,67778634828
2025-06-19 10:45:10,REAL,67778634828,534,67778635362,67778635362
2025-06-19 10:45:12,REAL,67778635362,303,67778635665,67778635665
2025-06-19 10:45:14,REAL,67778635665,613,67778636278,67778636278
2025-06-19 10:45:16,REAL,67778636278,596,67778636874,67778636874
2025-06-19 10:45:18,REAL,67778636874,547,67778637421,67778637421
2025-06-19 10:45:20,REAL,67778637421,595,67778638016,67778638016
2025-06-19 10:45:22,REAL,67778638016,547,67778638563,67778638563
2025-06-19 10:45:24,REAL,67778638563,537,67778639100,67778639100
2025-06-19 10:45:26,REAL,67778639100,546,67778639646,67778639646
2025-06-19 10:45:28,REAL,67778639646,663,67778640309,67778640309
2025-06-19 10:45:30,REAL,67778640309,537,67778640846,67778640846
2025-06-19 10:45:32,REAL,67778640846,538,67778641384,67778641384
2025-06-19 10:45:34,REAL,67778641384,538,67778641922,67778641922
2025-06-19 10:45:36,REAL,67778641922,600,67778642522,67778642522
2025-06-19 10:45:38,REAL,67778642522,608,67778643130,67778643130
2025-06-19 10:45:40,REAL,67778643130,604,67778643734,67778643734
2025-06-19 10:45:42,REAL,67778643734,606,67778644340,67778644340
2025-06-19 10:45:44,REAL,67778644340,607,67778644947,67778644947
2025-06-19 10:45:46,REAL,67778644947,540,67778645487,67778645487
2025-06-19 10:45:48,REAL,67778645487,532,67778646019,67778646019
2025-06-19 10:45:50,REAL,67778646019,541,67778646560,67778646560
2025-06-19 10:45:52,REAL,67778646560,547,67778647107,67778647107
2025-06-19 10:45:54,REAL,67778647107,536,67778647643,67778647643
2025-06-19 10:45:56,REAL,67778647643,539,67778648182,67778648182
2025-06-19 10:45:58,REAL,67778648182,110748,67778758930,67778758930
2025-06-19 10:46:00,REAL,67778758930,142355,67778901285,67778901285
2025-06-19 10:46:02,REAL,67778901285,29522,67778930807,67778930807
2025-06-19 10:46:04,REAL,67778930807,29219,67778960026,67778960026
2025-06-19 10:46:06,REAL,67778960026,28814,67778988840,67778988840
2025-06-19 10:46:08,REAL,67778988840,29525,67779018365,67779018365
2025-06-19 10:46:10,REAL,67779018365,29239,67779047604,67779047604
2025-06-19 10:46:12,REAL,67779047604,29487,67779077091,67779077091
2025-06-19 10:46:14,REAL,67779077091,2859,67779079950,67779079950
2025-06-19 10:46:16,REAL,67779079950,604,67779080554,67779080554
2025-06-19 10:46:18,REAL,67779080554,592,67779081146,67779081146
2025-06-19 10:46:20,REAL,67779081146,597,67779081743,67779081743
2025-06-19 10:46:22,REAL,67779081743,593,67779082336,67779082336
2025-06-19 10:46:24,REAL,67779082336,599,67779082935,67779082935
2025-06-19 10:46:26,REAL,67779082935,587,67779083522,67779083522
2025-06-19 10:46:28,REAL,67779083522,533,67779084055,67779084055
2025-06-19 10:46:30,REAL,67779084055,616,67779084671,67779084671
2025-06-19 10:46:32,REAL,67779084671,539,67779085210,67779085210
2025-06-19 10:46:34,REAL,67779085210,548,67779085758,67779085758
2025-06-19 10:46:36,REAL,67779085758,532,67779086290,67779086290
2025-06-19 10:46:38,REAL,67779086290,532,67779086822,67779086822
2025-06-19 10:46:40,REAL,67779086822,135418,67779222240,67779222240
2025-06-19 10:46:42,REAL,67779222240,140976,67779363216,67779363216
2025-06-19 10:46:44,REAL,67779363216,28866,67779392082,67779392082
2025-06-19 10:46:46,REAL,67779392082,29419,67779421501,67779421501
2025-06-19 10:46:48,REAL,67779421501,29744,67779451245,67779451245
2025-06-19 10:46:50,REAL,67779451245,29272,67779480517,67779480517
2025-06-19 10:46:52,REAL,67779480517,28784,67779509301,67779509301
2025-06-19 10:46:54,REAL,67779509301,28801,67779538102,67779538102
2025-06-19 10:46:56,REAL,67779538102,1389,67779539491,67779539491
2025-06-19 10:46:58,REAL,67779539491,534,67779540025,67779540025
2025-06-19 10:47:00,REAL,67779540025,617,67779540642,67779540642
2025-06-19 10:47:02,REAL,67779540642,538,67779541180,67779541180
2025-06-19 10:47:04,REAL,67779541180,538,67779541718,67779541718
2025-06-19 10:47:06,REAL,67779541718,535,67779542253,67779542253
2025-06-19 10:47:08,REAL,67779542253,545,67779542798,67779542798
2025-06-19 10:47:10,REAL,67779542798,547,67779543345,67779543345
2025-06-19 10:47:12,REAL,67779543345,142612,67779685957,67779685957
2025-06-19 10:47:14,REAL,67779685957,116248,67779802205,67779802205
2025-06-19 10:47:16,REAL,67779802205,28928,67779831133,67779831133
2025-06-19 10:47:18,REAL,67779831133,29032,67779860165,67779860165
2025-06-19 10:47:20,REAL,67779860165,28885,67779889050,67779889050
2025-06-19 10:47:22,REAL,67779889050,29879,67779918929,67779918929
2025-06-19 10:47:24,REAL,67779918929,28761,67779947690,67779947690
2025-06-19 10:47:26,REAL,67779947690,28158,67779975848,67779975848
2025-06-19 10:47:28,REAL,67779975848,545,67779976393,67779976393
2025-06-19 10:47:30,REAL,67779976393,621,67779977014,67779977014
2025-06-19 10:47:32,REAL,67779977014,547,67779977561,67779977561
2025-06-19 10:47:34,REAL,67779977561,540,67779978101,67779978101
2025-06-19 10:47:36,REAL,67779978101,537,67779978638,67779978638
2025-06-19 10:47:38,REAL,67779978638,533,67779979171,67779979171
2025-06-19 10:47:40,REAL,67779979171,540,67779979711,67779979711
2025-06-19 10:47:42,REAL,67779979711,548,67779980259,67779980259
2025-06-19 10:47:44,REAL,67779980259,721,67779980980,67779980980
2025-06-19 10:47:46,REAL,67779980980,544,67779981524,67779981524
2025-06-19 10:47:48,REAL,67779981524,541,67779982065,67779982065
2025-06-19 10:47:50,REAL,67779982065,546,67779982611,67779982611
2025-06-19 10:47:52,REAL,67779982611,540,67779983151,67779983151
2025-06-19 10:47:54,REAL,67779983151,544,67779983695,67779983695
2025-06-19 10:47:56,REAL,67779983695,533,67779984228,67779984228
2025-06-19 10:47:58,REAL,67779984228,602,67779984830,67779984830
2025-06-19 10:48:00,REAL,67779984830,612,67779985442,67779985442
2025-06-19 10:48:02,REAL,67779985442,595,67779986037,67779986037
2025-06-19 10:48:04,REAL,67779986037,536,67779986573,67779986573
2025-06-19 10:48:06,REAL,67779986573,544,67779987117,67779987117
2025-06-19 10:48:08,REAL,67779987117,548,67779987665,67779987665
2025-06-19 10:48:10,REAL,67779987665,592,67779988257,67779988257
2025-06-19 10:48:12,REAL,67779988257,538,67779988795,67779988795
2025-06-19 10:48:14,REAL,67779988795,596,67779989391,67779989391
2025-06-19 10:48:16,REAL,67779989391,620,67779990011,67779990011
2025-06-19 10:48:18,REAL,67779990011,547,67779990558,67779990558
2025-06-19 10:48:20,REAL,67779990558,537,67779991095,67779991095
2025-06-19 10:48:22,REAL,67779991095,539,67779991634,67779991634
2025-06-19 10:48:24,REAL,67779991634,545,67779992179,67779992179
2025-06-19 10:48:26,REAL,67779992179,543,67779992722,67779992722
2025-06-19 10:48:28,REAL,67779992722,535,67779993257,67779993257
2025-06-19 10:48:30,REAL,67779993257,672,67779993929,67779993929
2025-06-19 10:48:32,REAL,67779993929,595,67779994524,67779994524
2025-06-19 10:48:34,REAL,67779994524,659,67779995183,67779995183
2025-06-19 10:48:36,REAL,67779995183,600,67779995783,67779995783
2025-06-19 10:48:38,REAL,67779995783,532,67779996315,67779996315
2025-06-19 10:48:40,REAL,67779996315,540,67779996855,67779996855
2025-06-19 10:48:42,REAL,67779996855,536,67779997391,67779997391
2025-06-19 10:48:44,REAL,67779997391,543,67779997934,67779997934
2025-06-19 10:48:46,REAL,67779997934,611,67779998545,67779998545
2025-06-19 10:48:48,REAL,67779998545,544,67779999089,67779999089
2025-06-19 10:48:50,REAL,67779999089,540,67779999629,67779999629
2025-06-19 10:48:52,REAL,67779999629,716,67780000345,67780000345
2025-06-19 10:48:54,REAL,67780000345,603,67780000948,67780000948
2025-06-19 10:48:56,REAL,67780000948,607,67780001555,67780001555
2025-06-19 10:48:58,REAL,67780001555,547,67780002102,67780002102
2025-06-19 10:49:00,REAL,67780002102,668,67780002770,67780002770
2025-06-19 10:49:02,REAL,67780002770,543,67780003313,67780003313
2025-06-19 10:49:04,REAL,67780003313,537,67780003850,67780003850
2025-06-19 10:49:06,REAL,67780003850,543,67780004393,67780004393
2025-06-19 10:49:08,REAL,67780004393,544,67780004937,67780004937
2025-06-19 10:49:10,REAL,67780004937,541,67780005478,67780005478
2025-06-19 10:49:12,REAL,67780005478,602,67780006080,67780006080
2025-06-19 10:49:14,REAL,67780006080,542,67780006622,67780006622
2025-06-19 10:49:16,REAL,67780006622,615,67780007237,67780007237
2025-06-19 10:49:18,REAL,67780007237,537,67780007774,67780007774
2025-06-19 10:49:20,REAL,67780007774,541,67780008315,67780008315
2025-06-19 10:49:22,REAL,67780008315,539,67780008854,67780008854
2025-06-19 10:49:24,REAL,67780008854,536,67780009390,67780009390
2025-06-19 10:49:26,REAL,67780009390,665,67780010055,67780010055
2025-06-19 10:49:28,REAL,67780010055,602,67780010657,67780010657
2025-06-19 10:49:30,REAL,67780010657,673,67780011330,67780011330
2025-06-19 10:49:32,REAL,67780011330,610,67780011940,67780011940
2025-06-19 10:49:34,REAL,67780011940,664,67780012604,67780012604
2025-06-19 10:49:36,REAL,67780012604,601,67780013205,67780013205
2025-06-19 10:49:38,REAL,67780013205,606,67780013811,67780013811
2025-06-19 10:49:40,REAL,67780013811,594,67780014405,67780014405
2025-06-19 10:49:42,REAL,67780014405,544,67780014949,67780014949
2025-06-19 10:49:44,REAL,67780014949,540,67780015489,67780015489
2025-06-19 10:49:46,REAL,67780015489,614,67780016103,67780016103
2025-06-19 10:49:48,REAL,67780016103,539,67780016642,67780016642
2025-06-19 10:49:50,REAL,67780016642,539,67780017181,67780017181
2025-06-19 10:49:52,REAL,67780017181,593,67780017774,67780017774
2025-06-19 10:49:54,REAL,67780017774,603,67780018377,67780018377
2025-06-19 10:49:56,REAL,67780018377,536,67780018913,67780018913
2025-06-19 10:49:58,REAL,67780018913,541,67780019454,67780019454
2025-06-19 10:50:00,REAL,67780019454,536,67780019990,67780019990
2025-06-19 10:50:02,REAL,67780019990,614,67780020604,67780020604
2025-06-19 10:50:04,REAL,67780020604,538,67780021142,67780021142
2025-06-19 10:50:06,REAL,67780021142,542,67780021684,67780021684
2025-06-19 10:50:08,REAL,67780021684,534,67780022218,67780022218
2025-06-19 10:50:10,REAL,67780022218,598,67780022816,67780022816
2025-06-19 10:50:12,REAL,67780022816,595,67780023411,67780023411
2025-06-19 10:50:14,REAL,67780023411,592,67780024003,67780024003
2025-06-19 10:50:16,REAL,67780024003,733,67780024736,67780024736
2025-06-19 10:50:18,REAL,67780024736,537,67780025273,67780025273
2025-06-19 10:50:20,REAL,67780025273,534,67780025807,67780025807
2025-06-19 10:50:22,REAL,67780025807,536,67780026343,67780026343
2025-06-19 10:50:24,REAL,67780026343,542,67780026885,67780026885
2025-06-19 10:50:26,REAL,67780026885,538,67780027423,67780027423
2025-06-19 10:50:28,REAL,67780027423,538,67780027961,67780027961
2025-06-19 10:50:30,REAL,67780027961,595,67780028556,67780028556
2025-06-19 10:50:32,REAL,67780028556,670,67780029226,67780029226
2025-06-19 10:50:34,REAL,67780029226,537,67780029763,67780029763
2025-06-19 10:50:36,REAL,67780029763,536,67780030299,67780030299
2025-06-19 10:50:38,REAL,67780030299,540,67780030839,67780030839
2025-06-19 10:50:40,REAL,67780030839,538,67780031377,67780031377
2025-06-19 10:50:42,REAL,67780031377,531,67780031908,67780031908
2025-06-19 10:50:44,REAL,67780031908,598,67780032506,67780032506
2025-06-19 10:50:46,REAL,67780032506,611,67780033117,67780033117
2025-06-19 10:50:48,REAL,67780033117,604,67780033721,67780033721
2025-06-19 10:50:50,REAL,67780033721,542,67780034263,67780034263
2025-06-19 10:50:52,REAL,67780034263,539,67780034802,67780034802
2025-06-19 10:50:54,REAL,67780034802,534,67780035336,67780035336
2025-06-19 10:50:56,REAL,67780035336,604,67780035940,67780035940
2025-06-19 10:50:58,REAL,67780035940,544,67780036484,67780036484
2025-06-19 10:51:00,REAL,67780036484,542,67780037026,67780037026
2025-06-19 10:51:02,REAL,67780037026,615,67780037641,67780037641
2025-06-19 10:51:04,REAL,67780037641,115766,67780153407,67780153407
2025-06-19 10:51:06,REAL,67780153407,153620,67780307027,67780307027
2025-06-19 10:51:08,REAL,67780307027,29582,67780336609,67780336609
2025-06-19 10:51:10,REAL,67780336609,28773,67780365382,67780365382
2025-06-19 10:51:12,REAL,67780365382,28821,67780394203,67780394203
2025-06-19 10:51:14,REAL,67780394203,29406,67780423609,67780423609
2025-06-19 10:51:16,REAL,67780423609,29734,67780453343,67780453343
2025-06-19 10:51:18,REAL,67780453343,29304,67780482647,67780482647
2025-06-19 10:51:20,REAL,67780482647,2222,67780484869,67780484869
2025-06-19 10:51:22,REAL,67780484869,545,67780485414,67780485414
2025-06-19 10:51:24,REAL,67780485414,543,67780485957,67780485957
2025-06-19 10:51:26,REAL,67780485957,533,67780486490,67780486490
2025-06-19 10:51:28,REAL,67780486490,532,67780487022,67780487022
2025-06-19 10:51:30,REAL,67780487022,534,67780487556,67780487556
2025-06-19 10:51:32,REAL,67780487556,746,67780488302,67780488302
2025-06-19 10:51:34,REAL,67780488302,536,67780488838,67780488838
2025-06-19 10:51:36,REAL,67780488838,593,67780489431,67780489431
2025-06-19 10:51:38,REAL,67780489431,538,67780489969,67780489969
2025-06-19 10:51:40,REAL,67780489969,541,67780490510,67780490510
2025-06-19 10:51:42,REAL,67780490510,544,67780491054,67780491054
2025-06-19 10:51:44,REAL,67780491054,593,67780491647,67780491647
2025-06-19 10:51:46,REAL,67780491647,611,67780492258,67780492258
2025-06-19 10:51:48,REAL,67780492258,539,67780492797,67780492797
2025-06-19 10:51:50,REAL,67780492797,546,67780493343,67780493343
2025-06-19 10:51:52,REAL,67780493343,598,67780493941,67780493941
2025-06-19 10:51:54,REAL,67780493941,542,67780494483,67780494483
2025-06-19 10:51:56,REAL,67780494483,544,67780495027,67780495027
2025-06-19 10:51:58,REAL,67780495027,536,67780495563,67780495563
2025-06-19 10:52:00,REAL,67780495563,591,67780496154,67780496154
2025-06-19 10:52:02,REAL,67780496154,621,67780496775,67780496775
2025-06-19 10:52:04,REAL,67780496775,530,67780497305,67780497305
2025-06-19 10:52:06,REAL,67780497305,597,67780497902,67780497902
2025-06-19 10:52:08,REAL,67780497902,542,67780498444,67780498444
2025-06-19 10:52:10,REAL,67780498444,544,67780498988,67780498988
2025-06-19 10:52:12,REAL,67780498988,541,67780499529,67780499529
2025-06-19 10:52:14,REAL,67780499529,542,67780500071,67780500071
2025-06-19 10:52:16,REAL,67780500071,597,67780500668,67780500668
2025-06-19 10:52:18,REAL,67780500668,615,67780501283,67780501283
2025-06-19 10:52:20,REAL,67780501283,545,67780501828,67780501828
2025-06-19 10:52:22,REAL,67780501828,604,67780502432,67780502432
2025-06-19 10:52:24,REAL,67780502432,547,67780502979,67780502979
2025-06-19 10:52:26,REAL,67780502979,598,67780503577,67780503577
2025-06-19 10:52:28,REAL,67780503577,543,67780504120,67780504120
2025-06-19 10:52:30,REAL,67780504120,541,67780504661,67780504661
2025-06-19 10:52:32,REAL,67780504661,611,67780505272,67780505272
2025-06-19 10:52:34,REAL,67780505272,542,67780505814,67780505814
2025-06-19 10:52:36,REAL,67780505814,530,67780506344,67780506344
2025-06-19 10:52:38,REAL,67780506344,600,67780506944,67780506944
2025-06-19 10:52:40,REAL,67780506944,155463,67780662407,67780662407
2025-06-19 10:52:42,REAL,67780662407,97229,67780759636,67780759636
2025-06-19 10:52:44,REAL,67780759636,28880,67780788516,67780788516
2025-06-19 10:52:46,REAL,67780788516,29076,67780817592,67780817592
2025-06-19 10:52:48,REAL,67780817592,29795,67780847387,67780847387
2025-06-19 10:52:50,REAL,67780847387,28592,67780875979,67780875979
2025-06-19 10:52:52,REAL,67780875979,29068,67780905047,67780905047
2025-06-19 10:52:54,REAL,67780905047,25369,67780930416,67780930416
2025-06-19 10:52:56,REAL,67780930416,532,67780930948,67780930948
2025-06-19 10:52:58,REAL,67780930948,548,67780931496,67780931496
2025-06-19 10:53:00,REAL,67780931496,538,67780932034,67780932034
2025-06-19 10:53:02,REAL,67780932034,621,67780932655,67780932655
2025-06-19 10:53:04,REAL,67780932655,543,67780933198,67780933198
2025-06-19 10:53:06,REAL,67780933198,592,67780933790,67780933790
2025-06-19 10:53:08,REAL,67780933790,537,67780934327,67780934327
2025-06-19 10:53:10,REAL,67780934327,594,67780934921,67780934921
2025-06-19 10:53:12,REAL,67780934921,192347,67781127268,67781127268
2025-06-19 10:53:14,REAL,67781127268,93218,67781220486,67781220486
2025-06-19 10:53:16,REAL,67781220486,28969,67781249455,67781249455
2025-06-19 10:53:18,REAL,67781249455,29102,67781278557,67781278557
2025-06-19 10:53:20,REAL,67781278557,29608,67781308165,67781308165
2025-06-19 10:53:22,REAL,67781308165,29639,67781337804,67781337804
2025-06-19 10:53:24,REAL,67781337804,29167,67781366971,67781366971
2025-06-19 10:53:26,REAL,67781366971,23602,67781390573,67781390573
2025-06-19 10:53:28,REAL,67781390573,533,67781391106,67781391106
2025-06-19 10:53:30,REAL,67781391106,541,67781391647,67781391647
2025-06-19 10:53:32,REAL,67781391647,617,67781392264,67781392264
2025-06-19 10:53:34,REAL,67781392264,545,67781392809,67781392809
2025-06-19 10:53:36,REAL,67781392809,544,67781393353,67781393353
2025-06-19 10:53:38,REAL,67781393353,599,67781393952,67781393952
2025-06-19 10:53:40,REAL,67781393952,542,67781394494,67781394494
2025-06-19 10:53:42,REAL,67781394494,592,67781395086,67781395086
2025-06-19 10:53:44,REAL,67781395086,599,67781395685,67781395685
2025-06-19 10:53:46,REAL,67781395685,595,67781396280,67781396280
2025-06-19 10:53:48,REAL,67781396280,739,67781397019,67781397019
2025-06-19 10:53:50,REAL,67781397019,548,67781397567,67781397567
2025-06-19 10:53:52,REAL,67781397567,539,67781398106,67781398106
2025-06-19 10:53:54,REAL,67781398106,547,67781398653,67781398653
2025-06-19 10:53:56,REAL,67781398653,544,67781399197,67781399197
2025-06-19 10:53:58,REAL,67781399197,541,67781399738,67781399738
2025-06-19 10:54:00,REAL,67781399738,534,67781400272,67781400272
2025-06-19 10:54:02,REAL,67781400272,624,67781400896,67781400896
2025-06-19 10:54:04,REAL,67781400896,59973,67781460869,67781460869
2025-06-19 10:54:06,REAL,67781460869,217848,67781678717,67781678717
2025-06-19 10:54:08,REAL,67781678717,28731,67781707448,67781707448
2025-06-19 10:54:10,REAL,67781707448,29724,67781737172,67781737172
2025-06-19 10:54:12,REAL,67781737172,29117,67781766289,67781766289
2025-06-19 10:54:14,REAL,67781766289,29381,67781795670,67781795670
2025-06-19 10:54:16,REAL,67781795670,28865,67781824535,67781824535
2025-06-19 10:54:18,REAL,67781824535,29974,67781854509,67781854509
2025-06-19 10:54:20,REAL,67781854509,6288,67781860797,67781860797
2025-06-19 10:54:22,REAL,67781860797,592,67781861389,67781861389
2025-06-19 10:54:24,REAL,67781861389,602,67781861991,67781861991
2025-06-19 10:54:26,REAL,67781861991,214924,67782076915,67782076915
2025-06-19 10:54:28,REAL,67782076915,49970,67782126885,67782126885
2025-06-19 10:54:30,REAL,67782126885,28856,67782155741,67782155741
2025-06-19 10:54:32,REAL,67782155741,28753,67782184494,67782184494
2025-06-19 10:54:34,REAL,67782184494,29119,67782213613,67782213613
2025-06-19 10:54:36,REAL,67782213613,29196,67782242809,67782242809
2025-06-19 10:54:38,REAL,67782242809,29095,67782271904,67782271904
2025-06-19 10:54:40,REAL,67782271904,19764,67782291668,67782291668
2025-06-19 10:54:42,REAL,67782291668,603,67782292271,67782292271
2025-06-19 10:54:44,REAL,67782292271,599,67782292870,67782292870
2025-06-19 10:54:46,REAL,67782292870,598,67782293468,67782293468
2025-06-19 10:54:48,REAL,67782293468,667,67782294135,67782294135
2025-06-19 10:54:50,REAL,67782294135,540,67782294675,67782294675
2025-06-19 10:54:52,REAL,67782294675,533,67782295208,67782295208
2025-06-19 10:54:54,REAL,67782295208,599,67782295807,67782295807
2025-06-19 10:54:56,REAL,67782295807,543,67782296350,67782296350
2025-06-19 10:54:58,REAL,67782296350,537,67782296887,67782296887
2025-06-19 10:55:00,REAL,67782296887,536,67782297423,67782297423
2025-06-19 10:55:02,REAL,67782297423,658,67782298081,67782298081
2025-06-19 10:55:04,REAL,67782298081,682,67782298763,67782298763
2025-06-19 10:55:06,REAL,67782298763,605,67782299368,67782299368
2025-06-19 10:55:08,REAL,67782299368,543,67782299911,67782299911
2025-06-19 10:55:10,REAL,67782299911,535,67782300446,67782300446
2025-06-19 10:55:12,REAL,67782300446,540,67782300986,67782300986
2025-06-19 10:55:14,REAL,67782300986,540,67782301526,67782301526
2025-06-19 10:55:16,REAL,67782301526,536,67782302062,67782302062
2025-06-19 10:55:18,REAL,67782302062,614,67782302676,67782302676
2025-06-19 10:55:20,REAL,67782302676,599,67782303275,67782303275
2025-06-19 10:55:22,REAL,67782303275,596,67782303871,67782303871
2025-06-19 10:55:24,REAL,67782303871,597,67782304468,67782304468
2025-06-19 10:55:26,REAL,67782304468,661,67782305129,67782305129
2025-06-19 10:55:28,REAL,67782305129,602,67782305731,67782305731
2025-06-19 10:55:30,REAL,67782305731,547,67782306278,67782306278
2025-06-19 10:55:32,REAL,67782306278,537,67782306815,67782306815
2025-06-19 10:55:34,REAL,67782306815,618,67782307433,67782307433
2025-06-19 10:55:36,REAL,67782307433,536,67782307969,67782307969
2025-06-19 10:55:38,REAL,67782307969,536,67782308505,67782308505
2025-06-19 10:55:40,REAL,67782308505,543,67782309048,67782309048
2025-06-19 10:55:42,REAL,67782309048,536,67782309584,67782309584
2025-06-19 10:55:44,REAL,67782309584,602,67782310186,67782310186
2025-06-19 10:55:46,REAL,67782310186,543,67782310729,67782310729
2025-06-19 10:55:48,REAL,67782310729,622,67782311351,67782311351
2025-06-19 10:55:50,REAL,67782311351,534,67782311885,67782311885
2025-06-19 10:55:52,REAL,67782311885,538,67782312423,67782312423
2025-06-19 10:55:54,REAL,67782312423,532,67782312955,67782312955
2025-06-19 10:55:56,REAL,67782312955,539,67782313494,67782313494
2025-06-19 10:55:58,REAL,67782313494,530,67782314024,67782314024
2025-06-19 10:56:00,REAL,67782314024,717,67782314741,67782314741
2025-06-19 10:56:02,REAL,67782314741,656,67782315397,67782315397
2025-06-19 10:56:04,REAL,67782315397,672,67782316069,67782316069
2025-06-19 10:56:06,REAL,67782316069,542,67782316611,67782316611
2025-06-19 10:56:08,REAL,67782316611,542,67782317153,67782317153
2025-06-19 10:56:10,REAL,67782317153,541,67782317694,67782317694
2025-06-19 10:56:12,REAL,67782317694,538,67782318232,67782318232
2025-06-19 10:56:14,REAL,67782318232,533,67782318765,67782318765
2025-06-19 10:56:16,REAL,67782318765,534,67782319299,67782319299
2025-06-19 10:56:18,REAL,67782319299,611,67782319910,67782319910
2025-06-19 10:56:20,REAL,67782319910,601,67782320511,67782320511
2025-06-19 10:56:22,REAL,67782320511,533,67782321044,67782321044
2025-06-19 10:56:24,REAL,67782321044,536,67782321580,67782321580
2025-06-19 10:56:26,REAL,67782321580,543,67782322123,67782322123
2025-06-19 10:56:28,REAL,67782322123,536,67782322659,67782322659
2025-06-19 10:56:30,REAL,67782322659,541,67782323200,67782323200
2025-06-19 10:56:32,REAL,67782323200,533,67782323733,67782323733
2025-06-19 10:56:34,REAL,67782323733,625,67782324358,67782324358
2025-06-19 10:56:36,REAL,67782324358,653,67782325011,67782325011
2025-06-19 10:56:38,REAL,67782325011,537,67782325548,67782325548
2025-06-19 10:56:40,REAL,67782325548,598,67782326146,67782326146
2025-06-19 10:56:42,REAL,67782326146,543,67782326689,67782326689
2025-06-19 10:56:44,REAL,67782326689,534,67782327223,67782327223
2025-06-19 10:56:46,REAL,67782327223,544,67782327767,67782327767
2025-06-19 10:56:48,REAL,67782327767,537,67782328304,67782328304
2025-06-19 10:56:50,REAL,67782328304,612,67782328916,67782328916
2025-06-19 10:56:52,REAL,67782328916,658,67782329574,67782329574
2025-06-19 10:56:54,REAL,67782329574,598,67782330172,67782330172
2025-06-19 10:56:56,REAL,67782330172,596,67782330768,67782330768
2025-06-19 10:56:58,REAL,67782330768,603,67782331371,67782331371
2025-06-19 10:57:00,REAL,67782331371,597,67782331968,67782331968
2025-06-19 10:57:02,REAL,67782331968,600,67782332568,67782332568
2025-06-19 10:57:04,REAL,67782332568,623,67782333191,67782333191
2025-06-19 10:57:06,REAL,67782333191,541,67782333732,67782333732
2025-06-19 10:57:08,REAL,67782333732,599,67782334331,67782334331
2025-06-19 10:57:10,REAL,67782334331,546,67782334877,67782334877
2025-06-19 10:57:12,REAL,67782334877,541,67782335418,67782335418
2025-06-19 10:57:14,REAL,67782335418,548,67782335966,67782335966
2025-06-19 10:57:16,REAL,67782335966,550,67782336516,67782336516
2025-06-19 10:57:18,REAL,67782336516,597,67782337113,67782337113
2025-06-19 10:57:20,REAL,67782337113,671,67782337784,67782337784
2025-06-19 10:57:22,REAL,67782337784,544,67782338328,67782338328
2025-06-19 10:57:24,REAL,67782338328,539,67782338867,67782338867
2025-06-19 10:57:26,REAL,67782338867,533,67782339400,67782339400
2025-06-19 10:57:28,REAL,67782339400,543,67782339943,67782339943
2025-06-19 10:57:30,REAL,67782339943,538,67782340481,67782340481
2025-06-19 10:57:32,REAL,67782340481,544,67782341025,67782341025
2025-06-19 10:57:34,REAL,67782341025,26036,67782367061,67782367061
2025-06-19 10:57:36,REAL,67782367061,217565,67782584626,67782584626
2025-06-19 10:57:38,REAL,67782584626,28810,67782613436,67782613436
2025-06-19 10:57:40,REAL,67782613436,29293,67782642729,67782642729
2025-06-19 10:57:42,REAL,67782642729,29337,67782672066,67782672066
2025-06-19 10:57:44,REAL,67782672066,29065,67782701131,67782701131
2025-06-19 10:57:46,REAL,67782701131,29373,67782730504,67782730504
2025-06-19 10:57:48,REAL,67782730504,29760,67782760264,67782760264
2025-06-19 10:57:50,REAL,67782760264,10582,67782770846,67782770846
2025-06-19 10:57:52,REAL,67782770846,538,67782771384,67782771384
2025-06-19 10:57:54,REAL,67782771384,534,67782771918,67782771918
2025-06-19 10:57:56,REAL,67782771918,540,67782772458,67782772458
2025-06-19 10:57:58,REAL,67782772458,543,67782773001,67782773001
2025-06-19 10:58:00,REAL,67782773001,599,67782773600,67782773600
2025-06-19 10:58:02,REAL,67782773600,530,67782774130,67782774130
2025-06-19 10:58:04,REAL,67782774130,621,67782774751,67782774751
2025-06-19 10:58:06,REAL,67782774751,52943,67782827694,67782827694
2025-06-19 10:58:08,REAL,67782827694,194188,67783021882,67783021882
2025-06-19 10:58:10,REAL,67783021882,29245,67783051127,67783051127
2025-06-19 10:58:12,REAL,67783051127,28988,67783080115,67783080115
2025-06-19 10:58:14,REAL,67783080115,29325,67783109440,67783109440
2025-06-19 10:58:16,REAL,67783109440,29725,67783139165,67783139165
2025-06-19 10:58:18,REAL,67783139165,29100,67783168265,67783168265
2025-06-19 10:58:20,REAL,67783168265,29172,67783197437,67783197437
2025-06-19 10:58:22,REAL,67783197437,8470,67783205907,67783205907
2025-06-19 10:58:24,REAL,67783205907,533,67783206440,67783206440
2025-06-19 10:58:26,REAL,67783206440,533,67783206973,67783206973
2025-06-19 10:58:28,REAL,67783206973,544,67783207517,67783207517
2025-06-19 10:58:30,REAL,67783207517,547,67783208064,67783208064
2025-06-19 10:58:32,REAL,67783208064,541,67783208605,67783208605
2025-06-19 10:58:34,REAL,67783208605,609,67783209214,67783209214
2025-06-19 10:58:36,REAL,67783209214,545,67783209759,67783209759
2025-06-19 10:58:38,REAL,67783209759,665,67783210424,67783210424
2025-06-19 10:58:40,REAL,67783210424,651,67783211075,67783211075
2025-06-19 10:58:42,REAL,67783211075,649,67783211724,67783211724
2025-06-19 10:58:44,REAL,67783211724,549,67783212273,67783212273
2025-06-19 10:58:46,REAL,67783212273,542,67783212815,67783212815
2025-06-19 10:58:48,REAL,67783212815,546,67783213361,67783213361
2025-06-19 10:58:50,REAL,67783213361,614,67783213975,67783213975
2025-06-19 10:58:52,REAL,67783213975,548,67783214523,67783214523
2025-06-19 10:58:54,REAL,67783214523,540,67783215063,67783215063
2025-06-19 10:58:56,REAL,67783215063,539,67783215602,67783215602
2025-06-19 10:58:58,REAL,67783215602,604,67783216206,67783216206
2025-06-19 10:59:00,REAL,67783216206,603,67783216809,67783216809
2025-06-19 10:59:02,REAL,67783216809,604,67783217413,67783217413
2025-06-19 10:59:04,REAL,67783217413,598,67783218011,67783218011
2025-06-19 10:59:06,REAL,67783218011,620,67783218631,67783218631
2025-06-19 10:59:08,REAL,67783218631,547,67783219178,67783219178
2025-06-19 10:59:10,REAL,67783219178,544,67783219722,67783219722
2025-06-19 10:59:12,REAL,67783219722,550,67783220272,67783220272
2025-06-19 10:59:14,REAL,67783220272,538,67783220810,67783220810
2025-06-19 10:59:16,REAL,67783220810,600,67783221410,67783221410
2025-06-19 10:59:18,REAL,67783221410,538,67783221948,67783221948
2025-06-19 10:59:20,REAL,67783221948,668,67783222616,67783222616
2025-06-19 10:59:22,REAL,67783222616,544,67783223160,67783223160
2025-06-19 10:59:24,REAL,67783223160,593,67783223753,67783223753
2025-06-19 10:59:26,REAL,67783223753,532,67783224285,67783224285
2025-06-19 10:59:28,REAL,67783224285,540,67783224825,67783224825
2025-06-19 10:59:30,REAL,67783224825,540,67783225365,67783225365
2025-06-19 10:59:32,REAL,67783225365,539,67783225904,67783225904
2025-06-19 10:59:34,REAL,67783225904,539,67783226443,67783226443
2025-06-19 10:59:36,REAL,67783226443,737,67783227180,67783227180
2025-06-19 10:59:38,REAL,67783227180,607,67783227787,67783227787
2025-06-19 10:59:40,REAL,67783227787,604,67783228391,67783228391
2025-06-19 10:59:42,REAL,67783228391,542,67783228933,67783228933
2025-06-19 10:59:44,REAL,67783228933,533,67783229466,67783229466
2025-06-19 10:59:46,REAL,67783229466,543,67783230009,67783230009
2025-06-19 10:59:48,REAL,67783230009,536,67783230545,67783230545
2025-06-19 10:59:50,REAL,67783230545,619,67783231164,67783231164
2025-06-19 10:59:52,REAL,67783231164,597,67783231761,67783231761
2025-06-19 10:59:54,REAL,67783231761,537,67783232298,67783232298
2025-06-19 10:59:56,REAL,67783232298,596,67783232894,67783232894
2025-06-19 10:59:58,REAL,67783232894,550,67783233444,67783233444
2025-06-19 11:00:00,REAL,67783233444,542,67783233986,67783233986
2025-06-19 11:00:02,REAL,67783233986,539,67783234525,67783234525
2025-06-19 11:00:04,REAL,67783234525,596,67783235121,67783235121
2025-06-19 11:00:06,REAL,67783235121,614,67783235735,67783235735
2025-06-19 11:00:08,REAL,67783235735,540,67783236275,67783236275
2025-06-19 11:00:10,REAL,67783236275,530,67783236805,67783236805
2025-06-19 11:00:12,REAL,67783236805,602,67783237407,67783237407
2025-06-19 11:00:14,REAL,67783237407,669,67783238076,67783238076
2025-06-19 11:00:16,REAL,67783238076,607,67783238683,67783238683
2025-06-19 11:00:18,REAL,67783238683,595,67783239278,67783239278
2025-06-19 11:00:20,REAL,67783239278,617,67783239895,67783239895
2025-06-19 11:00:22,REAL,67783239895,544,67783240439,67783240439
2025-06-19 11:00:24,REAL,67783240439,546,67783240985,67783240985
2025-06-19 11:00:26,REAL,67783240985,540,67783241525,67783241525
2025-06-19 11:00:28,REAL,67783241525,530,67783242055,67783242055
2025-06-19 11:00:30,REAL,67783242055,537,67783242592,67783242592
2025-06-19 11:00:32,REAL,67783242592,538,67783243130,67783243130
2025-06-19 11:00:34,REAL,67783243130,109769,67783352899,67783352899
2025-06-19 11:00:36,REAL,67783352899,135142,67783488041,67783488041
2025-06-19 11:00:38,REAL,67783488041,29374,67783517415,67783517415
2025-06-19 11:00:40,REAL,67783517415,29045,67783546460,67783546460
2025-06-19 11:00:42,REAL,67783546460,29264,67783575724,67783575724
2025-06-19 11:00:44,REAL,67783575724,29619,67783605343,67783605343
2025-06-19 11:00:46,REAL,67783605343,28780,67783634123,67783634123
2025-06-19 11:00:48,REAL,67783634123,29099,67783663222,67783663222
2025-06-19 11:00:50,REAL,67783663222,732,67783663954,67783663954
2025-06-19 11:00:52,REAL,67783663954,532,67783664486,67783664486
2025-06-19 11:00:54,REAL,67783664486,534,67783665020,67783665020
2025-06-19 11:00:56,REAL,67783665020,541,67783665561,67783665561
2025-06-19 11:00:58,REAL,67783665561,543,67783666104,67783666104
2025-06-19 11:01:00,REAL,67783666104,544,67783666648,67783666648
2025-06-19 11:01:02,REAL,67783666648,539,67783667187,67783667187
2025-06-19 11:01:04,REAL,67783667187,597,67783667784,67783667784
2025-06-19 11:01:06,REAL,67783667784,159785,67783827569,67783827569
2025-06-19 11:01:08,REAL,67783827569,126761,67783954330,67783954330
2025-06-19 11:01:10,REAL,67783954330,29538,67783983868,67783983868
2025-06-19 11:01:12,REAL,67783983868,29702,67784013570,67784013570
2025-06-19 11:01:14,REAL,67784013570,29946,67784043516,67784043516
2025-06-19 11:01:16,REAL,67784043516,29025,67784072541,67784072541
2025-06-19 11:01:18,REAL,67784072541,31848,67784104389,67784104389
2025-06-19 11:01:20,REAL,67784104389,24701,67784129090,67784129090
2025-06-19 11:01:22,REAL,67784129090,621,67784129711,67784129711
2025-06-19 11:01:24,REAL,67784129711,540,67784130251,67784130251
2025-06-19 11:01:26,REAL,67784130251,533,67784130784,67784130784
2025-06-19 11:01:28,REAL,67784130784,543,67784131327,67784131327
2025-06-19 11:01:30,REAL,67784131327,546,67784131873,67784131873
2025-06-19 11:01:32,REAL,67784131873,548,67784132421,67784132421
2025-06-19 11:01:34,REAL,67784132421,535,67784132956,67784132956
2025-06-19 11:01:36,REAL,67784132956,736,67784133692,67784133692
2025-06-19 11:01:38,REAL,67784133692,160841,67784294533,67784294533
2025-06-19 11:01:40,REAL,67784294533,102438,67784396971,67784396971
2025-06-19 11:01:42,REAL,67784396971,29465,67784426436,67784426436
2025-06-19 11:01:44,REAL,67784426436,29108,67784455544,67784455544
2025-06-19 11:01:46,REAL,67784455544,28740,67784484284,67784484284
2025-06-19 11:01:48,REAL,67784484284,29076,67784513360,67784513360
2025-06-19 11:01:50,REAL,67784513360,29521,67784542881,67784542881
2025-06-19 11:01:52,REAL,67784542881,25906,67784568787,67784568787
2025-06-19 11:01:54,REAL,67784568787,542,67784569329,67784569329
2025-06-19 11:01:56,REAL,67784569329,539,67784569868,67784569868
2025-06-19 11:01:58,REAL,67784569868,541,67784570409,67784570409
2025-06-19 11:02:00,REAL,67784570409,296,67784570705,67784570705
2025-06-19 11:02:02,REAL,67784570705,533,67784571238,67784571238
2025-06-19 11:02:04,REAL,67784571238,533,67784571771,67784571771
2025-06-19 11:02:06,REAL,67784571771,612,67784572383,67784572383
2025-06-19 11:02:08,REAL,67784572383,594,67784572977,67784572977
2025-06-19 11:02:10,REAL,67784572977,545,67784573522,67784573522
2025-06-19 11:02:12,REAL,67784573522,541,67784574063,67784574063
2025-06-19 11:02:14,REAL,67784574063,542,67784574605,67784574605
2025-06-19 11:02:16,REAL,67784574605,531,67784575136,67784575136
2025-06-19 11:02:18,REAL,67784575136,540,67784575676,67784575676
2025-06-19 11:02:20,REAL,67784575676,540,67784576216,67784576216
2025-06-19 11:02:22,REAL,67784576216,617,67784576833,67784576833
2025-06-19 11:02:24,REAL,67784576833,671,67784577504,67784577504
2025-06-19 11:02:26,REAL,67784577504,535,67784578039,67784578039
2025-06-19 11:02:28,REAL,67784578039,653,67784578692,67784578692
2025-06-19 11:02:30,REAL,67784578692,540,67784579232,67784579232
2025-06-19 11:02:32,REAL,67784579232,544,67784579776,67784579776
2025-06-19 11:02:34,REAL,67784579776,543,67784580319,67784580319
2025-06-19 11:02:36,REAL,67784580319,614,67784580933,67784580933
2025-06-19 11:02:38,REAL,67784580933,548,67784581481,67784581481
2025-06-19 11:02:40,REAL,67784581481,596,67784582077,67784582077
2025-06-19 11:02:42,REAL,67784582077,532,67784582609,67784582609
2025-06-19 11:02:44,REAL,67784582609,542,67784583151,67784583151
2025-06-19 11:02:46,REAL,67784583151,541,67784583692,67784583692
2025-06-19 11:02:48,REAL,67784583692,550,67784584242,67784584242
2025-06-19 11:02:50,REAL,67784584242,536,67784584778,67784584778
2025-06-19 11:02:52,REAL,67784584778,616,67784585394,67784585394
2025-06-19 11:02:54,REAL,67784585394,535,67784585929,67784585929
2025-06-19 11:02:56,REAL,67784585929,606,67784586535,67784586535
2025-06-19 11:02:58,REAL,67784586535,540,67784587075,67784587075
2025-06-19 11:03:00,REAL,67784587075,543,67784587618,67784587618
2025-06-19 11:03:02,REAL,67784587618,543,67784588161,67784588161
2025-06-19 11:03:04,REAL,67784588161,544,67784588705,67784588705
2025-06-19 11:03:06,REAL,67784588705,613,67784589318,67784589318
2025-06-19 11:03:08,REAL,67784589318,537,67784589855,67784589855
2025-06-19 11:03:10,REAL,67784589855,541,67784590396,67784590396
2025-06-19 11:03:12,REAL,67784590396,595,67784590991,67784590991
2025-06-19 11:03:14,REAL,67784590991,599,67784591590,67784591590
2025-06-19 11:03:16,REAL,67784591590,599,67784592189,67784592189
2025-06-19 11:03:18,REAL,67784592189,711,67784592900,67784592900
2025-06-19 11:03:20,REAL,67784592900,660,67784593560,67784593560
2025-06-19 11:03:22,REAL,67784593560,671,67784594231,67784594231
2025-06-19 11:03:24,REAL,67784594231,547,67784594778,67784594778
2025-06-19 11:03:26,REAL,67784594778,546,67784595324,67784595324
2025-06-19 11:03:28,REAL,67784595324,549,67784595873,67784595873
2025-06-19 11:03:30,REAL,67784595873,542,67784596415,67784596415
2025-06-19 11:03:32,REAL,67784596415,536,67784596951,67784596951
2025-06-19 11:03:34,REAL,67784596951,546,67784597497,67784597497
2025-06-19 11:03:36,REAL,67784597497,616,67784598113,67784598113
2025-06-19 11:03:38,REAL,67784598113,600,67784598713,67784598713
2025-06-19 11:03:40,REAL,67784598713,534,67784599247,67784599247
2025-06-19 11:03:42,REAL,67784599247,537,67784599784,67784599784
2025-06-19 11:03:44,REAL,67784599784,544,67784600328,67784600328
2025-06-19 11:03:46,REAL,67784600328,546,67784600874,67784600874
2025-06-19 11:03:48,REAL,67784600874,542,67784601416,67784601416
2025-06-19 11:03:50,REAL,67784601416,549,67784601965,67784601965
2025-06-19 11:03:52,REAL,67784601965,613,67784602578,67784602578
2025-06-19 11:03:54,REAL,67784602578,603,67784603181,67784603181
2025-06-19 11:03:56,REAL,67784603181,229239,67784832420,67784832420
2025-06-19 11:03:58,REAL,67784832420,50524,67784882944,67784882944
2025-06-19 11:04:00,REAL,67784882944,29776,67784912720,67784912720
2025-06-19 11:04:02,REAL,67784912720,29518,67784942238,67784942238
2025-06-19 11:04:04,REAL,67784942238,28748,67784970986,67784970986
2025-06-19 11:04:06,REAL,67784970986,29168,67785000154,67785000154
2025-06-19 11:04:08,REAL,67785000154,29296,67785029450,67785029450
2025-06-19 11:04:10,REAL,67785029450,18804,67785048254,67785048254
2025-06-19 11:04:12,REAL,67785048254,542,67785048796,67785048796
2025-06-19 11:04:14,REAL,67785048796,538,67785049334,67785049334
2025-06-19 11:04:16,REAL,67785049334,542,67785049876,67785049876
2025-06-19 11:04:18,REAL,67785049876,539,67785050415,67785050415
2025-06-19 11:04:20,REAL,67785050415,543,67785050958,67785050958
2025-06-19 11:04:22,REAL,67785050958,622,67785051580,67785051580
2025-06-19 11:04:24,REAL,67785051580,537,67785052117,67785052117
2025-06-19 11:04:26,REAL,67785052117,596,67785052713,67785052713
2025-06-19 11:04:28,REAL,67785052713,257591,67785310304,67785310304
2025-06-19 11:04:30,REAL,67785310304,31573,67785341877,67785341877
2025-06-19 11:04:32,REAL,67785341877,28836,67785370713,67785370713
2025-06-19 11:04:34,REAL,67785370713,29295,67785400008,67785400008
2025-06-19 11:04:36,REAL,67785400008,28840,67785428848,67785428848
2025-06-19 11:04:38,REAL,67785428848,28798,67785457646,67785457646
2025-06-19 11:04:40,REAL,67785457646,29177,67785486823,67785486823
2025-06-19 11:04:42,REAL,67785486823,16514,67785503337,67785503337
2025-06-19 11:04:44,REAL,67785503337,598,67785503935,67785503935
2025-06-19 11:04:46,REAL,67785503935,600,67785504535,67785504535
2025-06-19 11:04:48,REAL,67785504535,122863,67785627398,67785627398
2025-06-19 11:04:50,REAL,67785627398,142739,67785770137,67785770137
2025-06-19 11:04:52,REAL,67785770137,28848,67785798985,67785798985
2025-06-19 11:04:54,REAL,67785798985,29144,67785828129,67785828129
2025-06-19 11:04:56,REAL,67785828129,29978,67785858107,67785858107
2025-06-19 11:04:58,REAL,67785858107,28880,67785886987,67785886987
2025-06-19 11:05:00,REAL,67785886987,28863,67785915850,67785915850
2025-06-19 11:05:02,REAL,67785915850,29499,67785945349,67785945349
2025-06-19 11:05:04,REAL,67785945349,1335,67785946684,67785946684
2025-06-19 11:05:06,REAL,67785946684,544,67785947228,67785947228
2025-06-19 11:05:08,REAL,67785947228,610,67785947838,67785947838
2025-06-19 11:05:10,REAL,67785947838,545,67785948383,67785948383
2025-06-19 11:05:12,REAL,67785948383,539,67785948922,67785948922
2025-06-19 11:05:14,REAL,67785948922,541,67785949463,67785949463
2025-06-19 11:05:16,REAL,67785949463,534,67785949997,67785949997
2025-06-19 11:05:18,REAL,67785949997,533,67785950530,67785950530
2025-06-19 11:05:20,REAL,67785950530,140505,67786091035,67786091035
2025-06-19 11:05:22,REAL,67786091035,121668,67786212703,67786212703
2025-06-19 11:05:24,REAL,67786212703,28853,67786241556,67786241556
2025-06-19 11:05:26,REAL,67786241556,29413,67786270969,67786270969
2025-06-19 11:05:28,REAL,67786270969,29016,67786299985,67786299985
2025-06-19 11:05:30,REAL,67786299985,29258,67786329243,67786329243
2025-06-19 11:05:32,REAL,67786329243,28462,67786357705,67786357705
2025-06-19 11:05:34,REAL,67786357705,27886,67786385591,67786385591
2025-06-19 11:05:36,REAL,67786385591,542,67786386133,67786386133
2025-06-19 11:05:38,REAL,67786386133,614,67786386747,67786386747
2025-06-19 11:05:40,REAL,67786386747,545,67786387292,67786387292
2025-06-19 11:05:42,REAL,67786387292,541,67786387833,67786387833
2025-06-19 11:05:44,REAL,67786387833,540,67786388373,67786388373
2025-06-19 11:05:46,REAL,67786388373,534,67786388907,67786388907
2025-06-19 11:05:48,REAL,67786388907,531,67786389438,67786389438
2025-06-19 11:05:50,REAL,67786389438,592,67786390030,67786390030
2025-06-19 11:05:52,REAL,67786390030,172859,67786562889,67786562889
2025-06-19 11:05:54,REAL,67786562889,108597,67786671486,67786671486
2025-06-19 11:05:56,REAL,67786671486,29541,67786701027,67786701027
2025-06-19 11:05:58,REAL,67786701027,29246,67786730273,67786730273
2025-06-19 11:06:00,REAL,67786730273,29740,67786760013,67786760013
2025-06-19 11:06:02,REAL,67786760013,28829,67786788842,67786788842
2025-06-19 11:06:04,REAL,67786788842,29164,67786818006,67786818006
2025-06-19 11:06:06,REAL,67786818006,26134,67786844140,67786844140
2025-06-19 11:06:08,REAL,67786844140,677,67786844817,67786844817
2025-06-19 11:06:10,REAL,67786844817,601,67786845418,67786845418
2025-06-19 11:06:12,REAL,67786845418,34963,67786880381,67786880381
2025-06-19 11:06:14,REAL,67786880381,229881,67787110262,67787110262
2025-06-19 11:06:16,REAL,67787110262,29347,67787139609,67787139609
2025-06-19 11:06:18,REAL,67787139609,29259,67787168868,67787168868
2025-06-19 11:06:20,REAL,67787168868,29072,67787197940,67787197940
2025-06-19 11:06:22,REAL,67787197940,29408,67787227348,67787227348
2025-06-19 11:06:24,REAL,67787227348,28578,67787255926,67787255926
2025-06-19 11:06:26,REAL,67787255926,29266,67787285192,67787285192
2025-06-19 11:06:28,REAL,67787285192,11140,67787296332,67787296332
2025-06-19 11:06:30,REAL,67787296332,537,67787296869,67787296869
2025-06-19 11:06:32,REAL,67787296869,544,67787297413,67787297413
2025-06-19 11:06:34,REAL,67787297413,545,67787297958,67787297958
2025-06-19 11:06:36,REAL,67787297958,543,67787298501,67787298501
2025-06-19 11:06:38,REAL,67787298501,613,67787299114,67787299114
2025-06-19 11:06:40,REAL,67787299114,545,67787299659,67787299659
2025-06-19 11:06:42,REAL,67787299659,541,67787300200,67787300200
2025-06-19 11:06:44,REAL,67787300200,47278,67787347478,67787347478
2025-06-19 11:06:46,REAL,67787347478,203173,67787550651,67787550651
2025-06-19 11:06:48,REAL,67787550651,29637,67787580288,67787580288
2025-06-19 11:06:50,REAL,67787580288,29490,67787609778,67787609778
2025-06-19 11:06:52,REAL,67787609778,29420,67787639198,67787639198
2025-06-19 11:06:54,REAL,67787639198,29072,67787668270,67787668270
2025-06-19 11:06:56,REAL,67787668270,28934,67787697204,67787697204
2025-06-19 11:06:58,REAL,67787697204,29235,67787726439,67787726439
2025-06-19 11:07:00,REAL,67787726439,9289,67787735728,67787735728
2025-06-19 11:07:02,REAL,67787735728,597,67787736325,67787736325
2025-06-19 11:07:04,REAL,67787736325,598,67787736923,67787736923
2025-06-19 11:07:06,REAL,67787736923,206468,67787943391,67787943391
2025-06-19 11:07:08,REAL,67787943391,80109,67788023500,67788023500
2025-06-19 11:07:10,REAL,67788023500,29117,67788052617,67788052617
2025-06-19 11:07:12,REAL,67788052617,29042,67788081659,67788081659
2025-06-19 11:07:14,REAL,67788081659,29112,67788110771,67788110771
2025-06-19 11:07:16,REAL,67788110771,29435,67788140206,67788140206
2025-06-19 11:07:18,REAL,67788140206,28816,67788169022,67788169022
2025-06-19 11:07:20,REAL,67788169022,22788,67788191810,67788191810
2025-06-19 11:07:22,REAL,67788191810,545,67788192355,67788192355
2025-06-19 11:07:24,REAL,67788192355,611,67788192966,67788192966
2025-06-19 11:07:26,REAL,67788192966,539,67788193505,67788193505
2025-06-19 11:07:28,REAL,67788193505,546,67788194051,67788194051
2025-06-19 11:07:30,REAL,67788194051,542,67788194593,67788194593
2025-06-19 11:07:32,REAL,67788194593,538,67788195131,67788195131
2025-06-19 11:07:34,REAL,67788195131,601,67788195732,67788195732
2025-06-19 11:07:36,REAL,67788195732,601,67788196333,67788196333
2025-06-19 11:07:38,REAL,67788196333,618,67788196951,67788196951
2025-06-19 11:07:40,REAL,67788196951,533,67788197484,67788197484
2025-06-19 11:07:42,REAL,67788197484,533,67788198017,67788198017
2025-06-19 11:07:44,REAL,67788198017,538,67788198555,67788198555
2025-06-19 11:07:46,REAL,67788198555,596,67788199151,67788199151
2025-06-19 11:07:48,REAL,67788199151,543,67788199694,67788199694
2025-06-19 11:07:50,REAL,67788199694,542,67788200236,67788200236
2025-06-19 11:07:52,REAL,67788200236,594,67788200830,67788200830
2025-06-19 11:07:54,REAL,67788200830,617,67788201447,67788201447
2025-06-19 11:07:56,REAL,67788201447,539,67788201986,67788201986
2025-06-19 11:07:58,REAL,67788201986,534,67788202520,67788202520
2025-06-19 11:08:00,REAL,67788202520,531,67788203051,67788203051
2025-06-19 11:08:02,REAL,67788203051,540,67788203591,67788203591
2025-06-19 11:08:04,REAL,67788203591,534,67788204125,67788204125
2025-06-19 11:08:06,REAL,67788204125,545,67788204670,67788204670
2025-06-19 11:08:08,REAL,67788204670,673,67788205343,67788205343
2025-06-19 11:08:10,REAL,67788205343,535,67788205878,67788205878
2025-06-19 11:08:12,REAL,67788205878,542,67788206420,67788206420
2025-06-19 11:08:14,REAL,67788206420,546,67788206966,67788206966
2025-06-19 11:08:16,REAL,67788206966,534,67788207500,67788207500
2025-06-19 11:08:18,REAL,67788207500,541,67788208041,67788208041
2025-06-19 11:08:20,REAL,67788208041,533,67788208574,67788208574
2025-06-19 11:08:22,REAL,67788208574,544,67788209118,67788209118
2025-06-19 11:08:24,REAL,67788209118,739,67788209857,67788209857
2025-06-19 11:08:26,REAL,67788209857,601,67788210458,67788210458
2025-06-19 11:08:28,REAL,67788210458,544,67788211002,67788211002
2025-06-19 11:08:30,REAL,67788211002,537,67788211539,67788211539
2025-06-19 11:08:32,REAL,67788211539,543,67788212082,67788212082
2025-06-19 11:08:34,REAL,67788212082,544,67788212626,67788212626
2025-06-19 11:08:36,REAL,67788212626,540,67788213166,67788213166
2025-06-19 11:08:38,REAL,67788213166,620,67788213786,67788213786
2025-06-19 11:08:40,REAL,67788213786,597,67788214383,67788214383
2025-06-19 11:08:42,REAL,67788214383,536,67788214919,67788214919
2025-06-19 11:08:44,REAL,67788214919,543,67788215462,67788215462
2025-06-19 11:08:46,REAL,67788215462,543,67788216005,67788216005
2025-06-19 11:08:48,REAL,67788216005,539,67788216544,67788216544
2025-06-19 11:08:50,REAL,67788216544,538,67788217082,67788217082
2025-06-19 11:08:52,REAL,67788217082,543,67788217625,67788217625
2025-06-19 11:08:54,REAL,67788217625,622,67788218247,67788218247
2025-06-19 11:08:56,REAL,67788218247,594,67788218841,67788218841
2025-06-19 11:08:58,REAL,67788218841,544,67788219385,67788219385
2025-06-19 11:09:00,REAL,67788219385,541,67788219926,67788219926
2025-06-19 11:09:02,REAL,67788219926,537,67788220463,67788220463
2025-06-19 11:09:04,REAL,67788220463,542,67788221005,67788221005
2025-06-19 11:09:06,REAL,67788221005,596,67788221601,67788221601
2025-06-19 11:09:08,REAL,67788221601,623,67788222224,67788222224
2025-06-19 11:09:10,REAL,67788222224,549,67788222773,67788222773
2025-06-19 11:09:12,REAL,67788222773,594,67788223367,67788223367
2025-06-19 11:09:14,REAL,67788223367,596,67788223963,67788223963
2025-06-19 11:09:16,REAL,67788223963,603,67788224566,67788224566
2025-06-19 11:09:18,REAL,67788224566,720,67788225286,67788225286
2025-06-19 11:09:20,REAL,67788225286,592,67788225878,67788225878
2025-06-19 11:09:22,REAL,67788225878,597,67788226475,67788226475
2025-06-19 11:09:24,REAL,67788226475,679,67788227154,67788227154
2025-06-19 11:09:26,REAL,67788227154,602,67788227756,67788227756
2025-06-19 11:09:28,REAL,67788227756,663,67788228419,67788228419
2025-06-19 11:09:30,REAL,67788228419,600,67788229019,67788229019
2025-06-19 11:09:32,REAL,67788229019,608,67788229627,67788229627
2025-06-19 11:09:34,REAL,67788229627,537,67788230164,67788230164
2025-06-19 11:09:36,REAL,67788230164,546,67788230710,67788230710
2025-06-19 11:09:38,REAL,67788230710,535,67788231245,67788231245
2025-06-19 11:09:40,REAL,67788231245,611,67788231856,67788231856
2025-06-19 11:09:42,REAL,67788231856,536,67788232392,67788232392
2025-06-19 11:09:44,REAL,67788232392,540,67788232932,67788232932
2025-06-19 11:09:46,REAL,67788232932,594,67788233526,67788233526
2025-06-19 11:09:48,REAL,67788233526,601,67788234127,67788234127
2025-06-19 11:09:50,REAL,67788234127,534,67788234661,67788234661
2025-06-19 11:09:52,REAL,67788234661,538,67788235199,67788235199
2025-06-19 11:09:54,REAL,67788235199,620,67788235819,67788235819
2025-06-19 11:09:56,REAL,67788235819,531,67788236350,67788236350
2025-06-19 11:09:58,REAL,67788236350,545,67788236895,67788236895
2025-06-19 11:10:00,REAL,67788236895,537,67788237432,67788237432
2025-06-19 11:10:02,REAL,67788237432,537,67788237969,67788237969
2025-06-19 11:10:04,REAL,67788237969,602,67788238571,67788238571
2025-06-19 11:10:06,REAL,67788238571,276449,67788515020,67788515020
2025-06-19 11:10:08,REAL,67788515020,29863,67788544883,67788544883
2025-06-19 11:10:10,REAL,67788544883,29703,67788574586,67788574586
2025-06-19 11:10:12,REAL,67788574586,29478,67788604064,67788604064
2025-06-19 11:10:14,REAL,67788604064,28543,67788632607,67788632607
2025-06-19 11:10:16,REAL,67788632607,29642,67788662249,67788662249
2025-06-19 11:10:18,REAL,67788662249,29351,67788691600,67788691600
2025-06-19 11:10:20,REAL,67788691600,14253,67788705853,67788705853
2025-06-19 11:10:22,REAL,67788705853,538,67788706391,67788706391
2025-06-19 11:10:24,REAL,67788706391,616,67788707007,67788707007
2025-06-19 11:10:26,REAL,67788707007,530,67788707537,67788707537
2025-06-19 11:10:28,REAL,67788707537,538,67788708075,67788708075
2025-06-19 11:10:30,REAL,67788708075,547,67788708622,67788708622
2025-06-19 11:10:32,REAL,67788708622,540,67788709162,67788709162
2025-06-19 11:10:34,REAL,67788709162,538,67788709700,67788709700
2025-06-19 11:10:36,REAL,67788709700,13343,67788723043,67788723043
2025-06-19 11:10:38,REAL,67788723043,219232,67788942275,67788942275
2025-06-19 11:10:40,REAL,67788942275,29434,67788971709,67788971709
2025-06-19 11:10:42,REAL,67788971709,29527,67789001236,67789001236
2025-06-19 11:10:44,REAL,67789001236,28844,67789030080,67789030080
2025-06-19 11:10:46,REAL,67789030080,29423,67789059503,67789059503
2025-06-19 11:10:48,REAL,67789059503,29827,67789089330,67789089330
2025-06-19 11:10:50,REAL,67789089330,28657,67789117987,67789117987
2025-06-19 11:10:52,REAL,67789117987,12222,67789130209,67789130209
2025-06-19 11:10:54,REAL,67789130209,679,67789130888,67789130888
2025-06-19 11:10:56,REAL,67789130888,604,67789131492,67789131492
2025-06-19 11:10:58,REAL,67789131492,175223,67789306715,67789306715
2025-06-19 11:11:00,REAL,67789306715,109521,67789416236,67789416236
2025-06-19 11:11:02,REAL,67789416236,28939,67789445175,67789445175
2025-06-19 11:11:04,REAL,67789445175,28937,67789474112,67789474112
2025-06-19 11:11:06,REAL,67789474112,29242,67789503354,67789503354
2025-06-19 11:11:08,REAL,67789503354,29090,67789532444,67789532444
2025-06-19 11:11:10,REAL,67789532444,29126,67789561570,67789561570
2025-06-19 11:11:12,REAL,67789561570,25444,67789587014,67789587014
2025-06-19 11:11:14,REAL,67789587014,540,67789587554,67789587554
2025-06-19 11:11:16,REAL,67789587554,538,67789588092,67789588092
2025-06-19 11:11:18,REAL,67789588092,546,67789588638,67789588638
2025-06-19 11:11:20,REAL,67789588638,541,67789589179,67789589179
2025-06-19 11:11:22,REAL,67789589179,541,67789589720,67789589720
2025-06-19 11:11:24,REAL,67789589720,608,67789590328,67789590328
2025-06-19 11:11:26,REAL,67789590328,539,67789590867,67789590867
2025-06-19 11:11:28,REAL,67789590867,604,67789591471,67789591471
2025-06-19 11:11:30,REAL,67789591471,161836,67789753307,67789753307
2025-06-19 11:11:32,REAL,67789753307,99521,67789852828,67789852828
2025-06-19 11:11:34,REAL,67789852828,29190,67789882018,67789882018
2025-06-19 11:11:36,REAL,67789882018,28708,67789910726,67789910726
2025-06-19 11:11:38,REAL,67789910726,29225,67789939951,67789939951
2025-06-19 11:11:40,REAL,67789939951,28849,67789968800,67789968800
2025-06-19 11:11:42,REAL,67789968800,29264,67789998064,67789998064
2025-06-19 11:11:44,REAL,67789998064,24417,67790022481,67790022481
2025-06-19 11:11:46,REAL,67790022481,545,67790023026,67790023026
2025-06-19 11:11:48,REAL,67790023026,539,67790023565,67790023565
2025-06-19 11:11:50,REAL,67790023565,537,67790024102,67790024102
2025-06-19 11:11:52,REAL,67790024102,545,67790024647,67790024647
2025-06-19 11:11:54,REAL,67790024647,610,67790025257,67790025257
2025-06-19 11:11:56,REAL,67790025257,540,67790025797,67790025797
2025-06-19 11:11:58,REAL,67790025797,547,67790026344,67790026344
2025-06-19 11:12:00,REAL,67790026344,599,67790026943,67790026943
2025-06-19 11:12:02,REAL,67790026943,590,67790027533,67790027533
2025-06-19 11:12:04,REAL,67790027533,652,67790028185,67790028185
2025-06-19 11:12:06,REAL,67790028185,592,67790028777,67790028777
2025-06-19 11:12:08,REAL,67790028777,594,67790029371,67790029371
2025-06-19 11:12:10,REAL,67790029371,613,67790029984,67790029984
2025-06-19 11:12:12,REAL,67790029984,542,67790030526,67790030526
2025-06-19 11:12:14,REAL,67790030526,545,67790031071,67790031071
2025-06-19 11:12:16,REAL,67790031071,547,67790031618,67790031618
2025-06-19 11:12:18,REAL,67790031618,535,67790032153,67790032153
2025-06-19 11:12:20,REAL,67790032153,541,67790032694,67790032694
2025-06-19 11:12:22,REAL,67790032694,71505,67790104199,67790104199
2025-06-19 11:12:24,REAL,67790104199,201083,67790305282,67790305282
2025-06-19 11:12:26,REAL,67790305282,28549,67790333831,67790333831
2025-06-19 11:12:28,REAL,67790333831,29606,67790363437,67790363437
2025-06-19 11:12:30,REAL,67790363437,28892,67790392329,67790392329
2025-06-19 11:12:32,REAL,67790392329,29318,67790421647,67790421647
2025-06-19 11:12:34,REAL,67790421647,29203,67790450850,67790450850
2025-06-19 11:12:36,REAL,67790450850,29363,67790480213,67790480213
2025-06-19 11:12:38,REAL,67790480213,6645,67790486858,67790486858
2025-06-19 11:12:40,REAL,67790486858,621,67790487479,67790487479
2025-06-19 11:12:42,REAL,67790487479,546,67790488025,67790488025
2025-06-19 11:12:44,REAL,67790488025,544,67790488569,67790488569
2025-06-19 11:12:46,REAL,67790488569,533,67790489102,67790489102
2025-06-19 11:12:48,REAL,67790489102,537,67790489639,67790489639
2025-06-19 11:12:50,REAL,67790489639,548,67790490187,67790490187
2025-06-19 11:12:52,REAL,67790490187,539,67790490726,67790490726
2025-06-19 11:12:54,REAL,67790490726,741,67790491467,67790491467
2025-06-19 11:12:56,REAL,67790491467,599,67790492066,67790492066
2025-06-19 11:12:58,REAL,67790492066,602,67790492668,67790492668
2025-06-19 11:13:00,REAL,67790492668,663,67790493331,67790493331
2025-06-19 11:13:02,REAL,67790493331,595,67790493926,67790493926
2025-06-19 11:13:04,REAL,67790493926,661,67790494587,67790494587
2025-06-19 11:13:06,REAL,67790494587,603,67790495190,67790495190
2025-06-19 11:13:08,REAL,67790495190,603,67790495793,67790495793
2025-06-19 11:13:10,REAL,67790495793,664,67790496457,67790496457
2025-06-19 11:13:12,REAL,67790496457,532,67790496989,67790496989
2025-06-19 11:13:14,REAL,67790496989,543,67790497532,67790497532
2025-06-19 11:13:16,REAL,67790497532,543,67790498075,67790498075
2025-06-19 11:13:18,REAL,67790498075,544,67790498619,67790498619
2025-06-19 11:13:20,REAL,67790498619,542,67790499161,67790499161
2025-06-19 11:13:22,REAL,67790499161,542,67790499703,67790499703
2025-06-19 11:13:24,REAL,67790499703,600,67790500303,67790500303
2025-06-19 11:13:26,REAL,67790500303,612,67790500915,67790500915
2025-06-19 11:13:28,REAL,67790500915,540,67790501455,67790501455
2025-06-19 11:13:30,REAL,67790501455,550,67790502005,67790502005
2025-06-19 11:13:32,REAL,67790502005,539,67790502544,67790502544
2025-06-19 11:13:34,REAL,67790502544,542,67790503086,67790503086
2025-06-19 11:13:36,REAL,67790503086,543,67790503629,67790503629
2025-06-19 11:13:38,REAL,67790503629,545,67790504174,67790504174
2025-06-19 11:13:40,REAL,67790504174,734,67790504908,67790504908
2025-06-19 11:13:42,REAL,67790504908,602,67790505510,67790505510
2025-06-19 11:13:44,REAL,67790505510,662,67790506172,67790506172
2025-06-19 11:13:46,REAL,67790506172,668,67790506840,67790506840
2025-06-19 11:13:48,REAL,67790506840,598,67790507438,67790507438
2025-06-19 11:13:50,REAL,67790507438,604,67790508042,67790508042
2025-06-19 11:13:52,REAL,67790508042,548,67790508590,67790508590
2025-06-19 11:13:54,REAL,67790508590,544,67790509134,67790509134
2025-06-19 11:13:56,REAL,67790509134,615,67790509749,67790509749
2025-06-19 11:13:58,REAL,67790509749,544,67790510293,67790510293
2025-06-19 11:14:00,REAL,67790510293,541,67790510834,67790510834
2025-06-19 11:14:02,REAL,67790510834,539,67790511373,67790511373
2025-06-19 11:14:04,REAL,67790511373,534,67790511907,67790511907
2025-06-19 11:14:06,REAL,67790511907,594,67790512501,67790512501
2025-06-19 11:14:08,REAL,67790512501,246463,67790758964,67790758964
2025-06-19 11:14:10,REAL,67790758964,29356,67790788320,67790788320
2025-06-19 11:14:12,REAL,67790788320,29231,67790817551,67790817551
2025-06-19 11:14:14,REAL,67790817551,29587,67790847138,67790847138
2025-06-19 11:14:16,REAL,67790847138,28660,67790875798,67790875798
2025-06-19 11:14:18,REAL,67790875798,29091,67790904889,67790904889
2025-06-19 11:14:20,REAL,67790904889,29026,67790933915,67790933915
2025-06-19 11:14:22,REAL,67790933915,16587,67790950502,67790950502
2025-06-19 11:14:24,REAL,67790950502,542,67790951044,67790951044
2025-06-19 11:14:26,REAL,67790951044,624,67790951668,67790951668
2025-06-19 11:14:28,REAL,67790951668,540,67790952208,67790952208
2025-06-19 11:14:30,REAL,67790952208,539,67790952747,67790952747
2025-06-19 11:14:32,REAL,67790952747,534,67790953281,67790953281
2025-06-19 11:14:34,REAL,67790953281,533,67790953814,67790953814
2025-06-19 11:14:36,REAL,67790953814,539,67790954353,67790954353
2025-06-19 11:14:38,REAL,67790954353,601,67790954954,67790954954
2025-06-19 11:14:40,REAL,67790954954,621,67790955575,67790955575
2025-06-19 11:14:42,REAL,67790955575,542,67790956117,67790956117
2025-06-19 11:14:44,REAL,67790956117,534,67790956651,67790956651
2025-06-19 11:14:46,REAL,67790956651,589,67790957240,67790957240
2025-06-19 11:14:48,REAL,67790957240,597,67790957837,67790957837
2025-06-19 11:14:50,REAL,67790957837,545,67790958382,67790958382
2025-06-19 11:14:52,REAL,67790958382,540,67790958922,67790958922
2025-06-19 11:14:54,REAL,67790958922,599,67790959521,67790959521
2025-06-19 11:14:56,REAL,67790959521,618,67790960139,67790960139
2025-06-19 11:14:58,REAL,67790960139,533,67790960672,67790960672
2025-06-19 11:15:00,REAL,67790960672,540,67790961212,67790961212
2025-06-19 11:15:02,REAL,67790961212,539,67790961751,67790961751
2025-06-19 11:15:04,REAL,67790961751,540,67790962291,67790962291
2025-06-19 11:15:06,REAL,67790962291,532,67790962823,67790962823
2025-06-19 11:15:08,REAL,67790962823,538,67790963361,67790963361
2025-06-19 11:15:10,REAL,67790963361,679,67790964040,67790964040
2025-06-19 11:15:12,REAL,67790964040,547,67790964587,67790964587
2025-06-19 11:15:14,REAL,67790964587,543,67790965130,67790965130
2025-06-19 11:15:16,REAL,67790965130,536,67790965666,67790965666
2025-06-19 11:15:18,REAL,67790965666,536,67790966202,67790966202
2025-06-19 11:15:20,REAL,67790966202,534,67790966736,67790966736
2025-06-19 11:15:22,REAL,67790966736,591,67790967327,67790967327
2025-06-19 11:15:24,REAL,67790967327,549,67790967876,67790967876
2025-06-19 11:15:26,REAL,67790967876,791,67790968667,67790968667
2025-06-19 11:15:28,REAL,67790968667,596,67790969263,67790969263
2025-06-19 11:15:30,REAL,67790969263,600,67790969863,67790969863
2025-06-19 11:15:32,REAL,67790969863,539,67790970402,67790970402
2025-06-19 11:15:34,REAL,67790970402,535,67790970937,67790970937
2025-06-19 11:15:36,REAL,67790970937,540,67790971477,67790971477
2025-06-19 11:15:38,REAL,67790971477,538,67790972015,67790972015
2025-06-19 11:15:40,REAL,67790972015,614,67790972629,67790972629
2025-06-19 11:15:42,REAL,67790972629,538,67790973167,67790973167
2025-06-19 11:15:44,REAL,67790973167,541,67790973708,67790973708
2025-06-19 11:15:46,REAL,67790973708,594,67790974302,67790974302
2025-06-19 11:15:48,REAL,67790974302,604,67790974906,67790974906
2025-06-19 11:15:50,REAL,67790974906,592,67790975498,67790975498
2025-06-19 11:15:52,REAL,67790975498,603,67790976101,67790976101
2025-06-19 11:15:54,REAL,67790976101,540,67790976641,67790976641
2025-06-19 11:15:56,REAL,67790976641,671,67790977312,67790977312
2025-06-19 11:15:58,REAL,67790977312,542,67790977854,67790977854
2025-06-19 11:16:00,REAL,67790977854,544,67790978398,67790978398
2025-06-19 11:16:02,REAL,67790978398,539,67790978937,67790978937
2025-06-19 11:16:04,REAL,67790978937,536,67790979473,67790979473
2025-06-19 11:16:06,REAL,67790979473,540,67790980013,67790980013
2025-06-19 11:16:08,REAL,67790980013,598,67790980611,67790980611
2025-06-19 11:16:10,REAL,67790980611,673,67790981284,67790981284
2025-06-19 11:16:12,REAL,67790981284,542,67790981826,67790981826
2025-06-19 11:16:14,REAL,67790981826,534,67790982360,67790982360
2025-06-19 11:16:16,REAL,67790982360,538,67790982898,67790982898
2025-06-19 11:16:18,REAL,67790982898,543,67790983441,67790983441
2025-06-19 11:16:20,REAL,67790983441,541,67790983982,67790983982
2025-06-19 11:16:22,REAL,67790983982,540,67790984522,67790984522
2025-06-19 11:16:24,REAL,67790984522,651,67790985173,67790985173
2025-06-19 11:16:26,REAL,67790985173,735,67790985908,67790985908
2025-06-19 11:16:28,REAL,67790985908,600,67790986508,67790986508
2025-06-19 11:16:30,REAL,67790986508,596,67790987104,67790987104
2025-06-19 11:16:32,REAL,67790987104,594,67790987698,67790987698
2025-06-19 11:16:34,REAL,67790987698,600,67790988298,67790988298
2025-06-19 11:16:36,REAL,67790988298,550,67790988848,67790988848
2025-06-19 11:16:38,REAL,67790988848,541,67790989389,67790989389
2025-06-19 11:16:40,REAL,67790989389,620,67790990009,67790990009
2025-06-19 11:16:42,REAL,67790990009,550,67790990559,67790990559
2025-06-19 11:16:44,REAL,67790990559,545,67790991104,67790991104
2025-06-19 11:16:46,REAL,67790991104,545,67790991649,67790991649
2025-06-19 11:16:48,REAL,67790991649,540,67790992189,67790992189
2025-06-19 11:16:50,REAL,67790992189,593,67790992782,67790992782
2025-06-19 11:16:52,REAL,67790992782,532,67790993314,67790993314
2025-06-19 11:16:54,REAL,67790993314,606,67790993920,67790993920
2025-06-19 11:16:56,REAL,67790993920,666,67790994586,67790994586
2025-06-19 11:16:58,REAL,67790994586,545,67790995131,67790995131
2025-06-19 11:17:00,REAL,67790995131,538,67790995669,67790995669
2025-06-19 11:17:02,REAL,67790995669,537,67790996206,67790996206
2025-06-19 11:17:04,REAL,67790996206,540,67790996746,67790996746
2025-06-19 11:17:06,REAL,67790996746,600,67790997346,67790997346
2025-06-19 11:17:08,REAL,67790997346,539,67790997885,67790997885
2025-06-19 11:17:10,REAL,67790997885,614,67790998499,67790998499
2025-06-19 11:17:12,REAL,67790998499,542,67790999041,67790999041
2025-06-19 11:17:14,REAL,67790999041,542,67790999583,67790999583
2025-06-19 11:17:16,REAL,67790999583,537,67791000120,67791000120
2025-06-19 11:17:18,REAL,67791000120,545,67791000665,67791000665
2025-06-19 11:17:20,REAL,67791000665,537,67791001202,67791001202
2025-06-19 11:17:22,REAL,67791001202,598,67791001800,67791001800
2025-06-19 11:17:24,REAL,67791001800,533,67791002333,67791002333
2025-06-19 11:17:26,REAL,67791002333,673,67791003006,67791003006
2025-06-19 11:17:28,REAL,67791003006,545,67791003551,67791003551
2025-06-19 11:17:30,REAL,67791003551,540,67791004091,67791004091
2025-06-19 11:17:32,REAL,67791004091,543,67791004634,67791004634
2025-06-19 11:17:34,REAL,67791004634,601,67791005235,67791005235
2025-06-19 11:17:36,REAL,67791005235,590,67791005825,67791005825
2025-06-19 11:17:38,REAL,67791005825,604,67791006429,67791006429
2025-06-19 11:17:40,REAL,67791006429,624,67791007053,67791007053
2025-06-19 11:17:42,REAL,67791007053,544,67791007597,67791007597
2025-06-19 11:17:44,REAL,67791007597,544,67791008141,67791008141
2025-06-19 11:17:46,REAL,67791008141,534,67791008675,67791008675
2025-06-19 11:17:48,REAL,67791008675,536,67791009211,67791009211
2025-06-19 11:17:50,REAL,67791009211,545,67791009756,67791009756
2025-06-19 11:17:52,REAL,67791009756,539,67791010295,67791010295
2025-06-19 11:17:54,REAL,67791010295,661,67791010956,67791010956
2025-06-19 11:17:56,REAL,67791010956,679,67791011635,67791011635
2025-06-19 11:17:58,REAL,67791011635,657,67791012292,67791012292
2025-06-19 11:18:00,REAL,67791012292,598,67791012890,67791012890
2025-06-19 11:18:02,REAL,67791012890,598,67791013488,67791013488
2025-06-19 11:18:04,REAL,67791013488,659,67791014147,67791014147
2025-06-19 11:18:06,REAL,67791014147,596,67791014743,67791014743
2025-06-19 11:18:08,REAL,67791014743,597,67791015340,67791015340
2025-06-19 11:18:10,REAL,67791015340,601,67791015941,67791015941
2025-06-19 11:18:12,REAL,67791015941,679,67791016620,67791016620
2025-06-19 11:18:14,REAL,67791016620,599,67791017219,67791017219
2025-06-19 11:18:16,REAL,67791017219,538,67791017757,67791017757
2025-06-19 11:18:18,REAL,67791017757,540,67791018297,67791018297
2025-06-19 11:18:20,REAL,67791018297,595,67791018892,67791018892
2025-06-19 11:18:22,REAL,67791018892,543,67791019435,67791019435
2025-06-19 11:18:24,REAL,67791019435,549,67791019984,67791019984
2025-06-19 11:18:26,REAL,67791019984,622,67791020606,67791020606
2025-06-19 11:18:28,REAL,67791020606,595,67791021201,67791021201
2025-06-19 11:18:30,REAL,67791021201,602,67791021803,67791021803
2025-06-19 11:18:32,REAL,67791021803,537,67791022340,67791022340
2025-06-19 11:18:34,REAL,67791022340,541,67791022881,67791022881
2025-06-19 11:18:36,REAL,67791022881,537,67791023418,67791023418
2025-06-19 11:18:38,REAL,67791023418,536,67791023954,67791023954
2025-06-19 11:18:40,REAL,67791023954,532,67791024486,67791024486
2025-06-19 11:18:42,REAL,67791024486,620,67791025106,67791025106
2025-06-19 11:18:44,REAL,67791025106,546,67791025652,67791025652
2025-06-19 11:18:46,REAL,67791025652,357,67791026009,67791026009
2025-06-19 11:18:48,REAL,67791026009,537,67791026546,67791026546
2025-06-19 11:18:50,REAL,67791026546,545,67791027091,67791027091
2025-06-19 11:18:52,REAL,67791027091,540,67791027631,67791027631
2025-06-19 11:18:54,REAL,67791027631,541,67791028172,67791028172
2025-06-19 11:18:56,REAL,67791028172,610,67791028782,67791028782
2025-06-19 11:18:58,REAL,67791028782,543,67791029325,67791029325
2025-06-19 11:19:00,REAL,67791029325,599,67791029924,67791029924
2025-06-19 11:19:02,REAL,67791029924,659,67791030583,67791030583
2025-06-19 11:19:04,REAL,67791030583,544,67791031127,67791031127
2025-06-19 11:19:06,REAL,67791031127,542,67791031669,67791031669
2025-06-19 11:19:08,REAL,67791031669,535,67791032204,67791032204
2025-06-19 11:19:10,REAL,67791032204,547,67791032751,67791032751
2025-06-19 11:19:12,REAL,67791032751,617,67791033368,67791033368
2025-06-19 11:19:14,REAL,67791033368,540,67791033908,67791033908
2025-06-19 11:19:16,REAL,67791033908,534,67791034442,67791034442
2025-06-19 11:19:18,REAL,67791034442,660,67791035102,67791035102
2025-06-19 11:19:20,REAL,67791035102,601,67791035703,67791035703
2025-06-19 11:19:22,REAL,67791035703,602,67791036305,67791036305
2025-06-19 11:19:24,REAL,67791036305,601,67791036906,67791036906
2025-06-19 11:19:26,REAL,67791036906,671,67791037577,67791037577
2025-06-19 11:19:28,REAL,67791037577,608,67791038185,67791038185
2025-06-19 11:19:30,REAL,67791038185,594,67791038779,67791038779
2025-06-19 11:19:32,REAL,67791038779,539,67791039318,67791039318
2025-06-19 11:19:34,REAL,67791039318,532,67791039850,67791039850
2025-06-19 11:19:36,REAL,67791039850,538,67791040388,67791040388
2025-06-19 11:19:38,REAL,67791040388,540,67791040928,67791040928
2025-06-19 11:19:40,REAL,67791040928,544,67791041472,67791041472
2025-06-19 11:19:42,REAL,67791041472,614,67791042086,67791042086
2025-06-19 11:19:44,REAL,67791042086,661,67791042747,67791042747
2025-06-19 11:19:46,REAL,67791042747,647,67791043394,67791043394
2025-06-19 11:19:48,REAL,67791043394,602,67791043996,67791043996
2025-06-19 11:19:50,REAL,67791043996,602,67791044598,67791044598
2025-06-19 11:19:52,REAL,67791044598,604,67791045202,67791045202
2025-06-19 11:19:54,REAL,67791045202,670,67791045872,67791045872
2025-06-19 11:19:56,REAL,67791045872,548,67791046420,67791046420
2025-06-19 11:19:58,REAL,67791046420,607,67791047027,67791047027
2025-06-19 11:20:00,REAL,67791047027,605,67791047632,67791047632
2025-06-19 11:20:02,REAL,67791047632,539,67791048171,67791048171
2025-06-19 11:20:04,REAL,67791048171,547,67791048718,67791048718
2025-06-19 11:20:06,REAL,67791048718,542,67791049260,67791049260
2025-06-19 11:20:08,REAL,67791049260,534,67791049794,67791049794
2025-06-19 11:20:10,REAL,67791049794,606,67791050400,67791050400
2025-06-19 11:20:12,REAL,67791050400,621,67791051021,67791051021
2025-06-19 11:20:14,REAL,67791051021,533,67791051554,67791051554
2025-06-19 11:20:16,REAL,67791051554,547,67791052101,67791052101
2025-06-19 11:20:18,REAL,67791052101,547,67791052648,67791052648
2025-06-19 11:20:20,REAL,67791052648,547,67791053195,67791053195
2025-06-19 11:20:22,REAL,67791053195,541,67791053736,67791053736
2025-06-19 11:20:24,REAL,67791053736,538,67791054274,67791054274
2025-06-19 11:20:26,REAL,67791054274,660,67791054934,67791054934
2025-06-19 11:20:28,REAL,67791054934,735,67791055669,67791055669
2025-06-19 11:20:30,REAL,67791055669,599,67791056268,67791056268
2025-06-19 11:20:32,REAL,67791056268,270023,67791326291,67791326291
2025-06-19 11:20:34,REAL,67791326291,29380,67791355671,67791355671
2025-06-19 11:20:36,REAL,67791355671,29106,67791384777,67791384777
2025-06-19 11:20:38,REAL,67791384777,28630,67791413407,67791413407
2025-06-19 11:20:40,REAL,67791413407,28884,67791442291,67791442291
2025-06-19 11:20:42,REAL,67791442291,29271,67791471562,67791471562
2025-06-19 11:20:44,REAL,67791471562,29041,67791500603,67791500603
2025-06-19 11:20:46,REAL,67791500603,18652,67791519255,67791519255
2025-06-19 11:20:48,REAL,67791519255,233510,67791752765,67791752765
2025-06-19 11:20:50,REAL,67791752765,29102,67791781867,67791781867
2025-06-19 11:20:52,REAL,67791781867,28899,67791810766,67791810766
2025-06-19 11:20:54,REAL,67791810766,29550,67791840316,67791840316
2025-06-19 11:20:56,REAL,67791840316,28948,67791869264,67791869264
2025-06-19 11:20:58,REAL,67791869264,29083,67791898347,67791898347
2025-06-19 11:21:00,REAL,67791898347,29041,67791927388,67791927388
2025-06-19 11:21:02,REAL,67791927388,13027,67791940415,67791940415
2025-06-19 11:21:04,REAL,67791940415,546,67791940961,67791940961
2025-06-19 11:21:06,REAL,67791940961,535,67791941496,67791941496
2025-06-19 11:21:08,REAL,67791941496,536,67791942032,67791942032
2025-06-19 11:21:10,REAL,67791942032,539,67791942571,67791942571
2025-06-19 11:21:12,REAL,67791942571,614,67791943185,67791943185
2025-06-19 11:21:14,REAL,67791943185,545,67791943730,67791943730
2025-06-19 11:21:16,REAL,67791943730,547,67791944277,67791944277
2025-06-19 11:21:18,REAL,67791944277,600,67791944877,67791944877
2025-06-19 11:21:20,REAL,67791944877,541,67791945418,67791945418
2025-06-19 11:21:22,REAL,67791945418,588,67791946006,67791946006
2025-06-19 11:21:24,REAL,67791946006,535,67791946541,67791946541
2025-06-19 11:21:26,REAL,67791946541,545,67791947086,67791947086
2025-06-19 11:21:28,REAL,67791947086,851,67791947937,67791947937
2025-06-19 11:21:30,REAL,67791947937,303,67791948240,67791948240
2025-06-19 11:21:32,REAL,67791948240,535,67791948775,67791948775
2025-06-19 11:21:34,REAL,67791948775,603,67791949378,67791949378
2025-06-19 11:21:36,REAL,67791949378,535,67791949913,67791949913
2025-06-19 11:21:38,REAL,67791949913,548,67791950461,67791950461
2025-06-19 11:21:40,REAL,67791950461,593,67791951054,67791951054
2025-06-19 11:21:42,REAL,67791951054,540,67791951594,67791951594
2025-06-19 11:21:44,REAL,67791951594,621,67791952215,67791952215
2025-06-19 11:21:46,REAL,67791952215,542,67791952757,67791952757
2025-06-19 11:21:48,REAL,67791952757,542,67791953299,67791953299
2025-06-19 11:21:50,REAL,67791953299,595,67791953894,67791953894
2025-06-19 11:21:52,REAL,67791953894,546,67791954440,67791954440
2025-06-19 11:21:54,REAL,67791954440,541,67791954981,67791954981
2025-06-19 11:21:56,REAL,67791954981,595,67791955576,67791955576
2025-06-19 11:21:58,REAL,67791955576,621,67791956197,67791956197
2025-06-19 11:22:00,REAL,67791956197,540,67791956737,67791956737
2025-06-19 11:22:02,REAL,67791956737,532,67791957269,67791957269
2025-06-19 11:22:04,REAL,67791957269,544,67791957813,67791957813
2025-06-19 11:22:06,REAL,67791957813,60724,67792018537,67792018537
2025-06-19 11:22:08,REAL,67792018537,211568,67792230105,67792230105
2025-06-19 11:22:10,REAL,67792230105,28951,67792259056,67792259056
2025-06-19 11:22:12,REAL,67792259056,29225,67792288281,67792288281
2025-06-19 11:22:14,REAL,67792288281,29586,67792317867,67792317867
2025-06-19 11:22:16,REAL,67792317867,29384,67792347251,67792347251
2025-06-19 11:22:18,REAL,67792347251,29256,67792376507,67792376507
2025-06-19 11:22:20,REAL,67792376507,29091,67792405598,67792405598
2025-06-19 11:22:22,REAL,67792405598,8376,67792413974,67792413974
2025-06-19 11:22:24,REAL,67792413974,547,67792414521,67792414521
2025-06-19 11:22:26,REAL,67792414521,542,67792415063,67792415063
2025-06-19 11:22:28,REAL,67792415063,618,67792415681,67792415681
2025-06-19 11:22:30,REAL,67792415681,541,67792416222,67792416222
2025-06-19 11:22:32,REAL,67792416222,534,67792416756,67792416756
2025-06-19 11:22:34,REAL,67792416756,543,67792417299,67792417299
2025-06-19 11:22:36,REAL,67792417299,538,67792417837,67792417837
2025-06-19 11:22:38,REAL,67792417837,604,67792418441,67792418441
2025-06-19 11:22:40,REAL,67792418441,592,67792419033,67792419033
2025-06-19 11:22:42,REAL,67792419033,546,67792419579,67792419579
2025-06-19 11:22:44,REAL,67792419579,610,67792420189,67792420189
2025-06-19 11:22:46,REAL,67792420189,540,67792420729,67792420729
2025-06-19 11:22:48,REAL,67792420729,533,67792421262,67792421262
2025-06-19 11:22:50,REAL,67792421262,544,67792421806,67792421806
2025-06-19 11:22:52,REAL,67792421806,539,67792422345,67792422345
2025-06-19 11:22:54,REAL,67792422345,596,67792422941,67792422941
2025-06-19 11:22:56,REAL,67792422941,541,67792423482,67792423482
2025-06-19 11:22:58,REAL,67792423482,619,67792424101,67792424101
2025-06-19 11:23:00,REAL,67792424101,545,67792424646,67792424646
2025-06-19 11:23:02,REAL,67792424646,596,67792425242,67792425242
2025-06-19 11:23:04,REAL,67792425242,549,67792425791,67792425791
2025-06-19 11:23:06,REAL,67792425791,544,67792426335,67792426335
2025-06-19 11:23:08,REAL,67792426335,544,67792426879,67792426879
2025-06-19 11:23:10,REAL,67792426879,667,67792427546,67792427546
2025-06-19 11:23:12,REAL,67792427546,601,67792428147,67792428147
2025-06-19 11:23:14,REAL,67792428147,674,67792428821,67792428821
2025-06-19 11:23:16,REAL,67792428821,651,67792429472,67792429472
2025-06-19 11:23:18,REAL,67792429472,608,67792430080,67792430080
2025-06-19 11:23:20,REAL,67792430080,661,67792430741,67792430741
2025-06-19 11:23:22,REAL,67792430741,603,67792431344,67792431344
2025-06-19 11:23:24,REAL,67792431344,595,67792431939,67792431939
2025-06-19 11:23:26,REAL,67792431939,534,67792432473,67792432473
2025-06-19 11:23:28,REAL,67792432473,613,67792433086,67792433086
2025-06-19 11:23:30,REAL,67792433086,530,67792433616,67792433616
2025-06-19 11:23:32,REAL,67792433616,539,67792434155,67792434155
2025-06-19 11:23:34,REAL,67792434155,549,67792434704,67792434704
2025-06-19 11:23:36,REAL,67792434704,536,67792435240,67792435240
2025-06-19 11:23:38,REAL,67792435240,532,67792435772,67792435772
2025-06-19 11:23:40,REAL,67792435772,603,67792436375,67792436375
2025-06-19 11:23:42,REAL,67792436375,253705,67792690080,67792690080
2025-06-19 11:23:44,REAL,67792690080,46608,67792736688,67792736688
2025-06-19 11:23:46,REAL,67792736688,29312,67792766000,67792766000
2025-06-19 11:23:48,REAL,67792766000,29323,67792795323,67792795323
2025-06-19 11:23:50,REAL,67792795323,28991,67792824314,67792824314
2025-06-19 11:23:52,REAL,67792824314,28998,67792853312,67792853312
2025-06-19 11:23:54,REAL,67792853312,28638,67792881950,67792881950
2025-06-19 11:23:56,REAL,67792881950,18004,67792899954,67792899954
2025-06-19 11:23:58,REAL,67792899954,536,67792900490,67792900490
2025-06-19 11:24:00,REAL,67792900490,608,67792901098,67792901098
2025-06-19 11:24:02,REAL,67792901098,536,67792901634,67792901634
2025-06-19 11:24:04,REAL,67792901634,536,67792902170,67792902170
2025-06-19 11:24:06,REAL,67792902170,547,67792902717,67792902717
2025-06-19 11:24:08,REAL,67792902717,544,67792903261,67792903261
2025-06-19 11:24:10,REAL,67792903261,535,67792903796,67792903796
2025-06-19 11:24:12,REAL,67792903796,606,67792904402,67792904402
2025-06-19 11:24:14,REAL,67792904402,250018,67793154420,67793154420
2025-06-19 11:24:16,REAL,67793154420,29261,67793183681,67793183681
2025-06-19 11:24:18,REAL,67793183681,29112,67793212793,67793212793
2025-06-19 11:24:20,REAL,67793212793,29069,67793241862,67793241862
2025-06-19 11:24:22,REAL,67793241862,29365,67793271227,67793271227
2025-06-19 11:24:24,REAL,67793271227,29673,67793300900,67793300900
2025-06-19 11:24:26,REAL,67793300900,28788,67793329688,67793329688
2025-06-19 11:24:28,REAL,67793329688,16394,67793346082,67793346082
2025-06-19 11:24:30,REAL,67793346082,680,67793346762,67793346762
2025-06-19 11:24:32,REAL,67793346762,603,67793347365,67793347365
2025-06-19 11:24:34,REAL,67793347365,600,67793347965,67793347965
2025-06-19 11:24:36,REAL,67793347965,549,67793348514,67793348514
2025-06-19 11:24:38,REAL,67793348514,540,67793349054,67793349054
2025-06-19 11:24:40,REAL,67793349054,538,67793349592,67793349592
2025-06-19 11:24:42,REAL,67793349592,536,67793350128,67793350128
2025-06-19 11:24:44,REAL,67793350128,617,67793350745,67793350745
2025-06-19 11:24:46,REAL,67793350745,544,67793351289,67793351289
2025-06-19 11:24:48,REAL,67793351289,598,67793351887,67793351887
2025-06-19 11:24:50,REAL,67793351887,597,67793352484,67793352484
2025-06-19 11:24:52,REAL,67793352484,538,67793353022,67793353022
2025-06-19 11:24:54,REAL,67793353022,532,67793353554,67793353554
2025-06-19 11:24:56,REAL,67793353554,538,67793354092,67793354092
2025-06-19 11:24:58,REAL,67793354092,548,67793354640,67793354640
2025-06-19 11:25:00,REAL,67793354640,613,67793355253,67793355253
2025-06-19 11:25:02,REAL,67793355253,543,67793355796,67793355796
2025-06-19 11:25:04,REAL,67793355796,534,67793356330,67793356330
2025-06-19 11:25:06,REAL,67793356330,652,67793356982,67793356982
2025-06-19 11:25:08,REAL,67793356982,546,67793357528,67793357528
2025-06-19 11:25:10,REAL,67793357528,540,67793358068,67793358068
2025-06-19 11:25:12,REAL,67793358068,543,67793358611,67793358611
2025-06-19 11:25:14,REAL,67793358611,611,67793359222,67793359222
2025-06-19 11:25:16,REAL,67793359222,541,67793359763,67793359763
2025-06-19 11:25:18,REAL,67793359763,536,67793360299,67793360299
2025-06-19 11:25:20,REAL,67793360299,600,67793360899,67793360899
2025-06-19 11:25:22,REAL,67793360899,594,67793361493,67793361493
2025-06-19 11:25:24,REAL,67793361493,534,67793362027,67793362027
2025-06-19 11:25:26,REAL,67793362027,534,67793362561,67793362561
2025-06-19 11:25:28,REAL,67793362561,544,67793363105,67793363105
2025-06-19 11:25:30,REAL,67793363105,616,67793363721,67793363721
2025-06-19 11:25:32,REAL,67793363721,540,67793364261,67793364261
2025-06-19 11:25:34,REAL,67793364261,534,67793364795,67793364795
2025-06-19 11:25:36,REAL,67793364795,608,67793365403,67793365403
2025-06-19 11:25:38,REAL,67793365403,130930,67793496333,67793496333
2025-06-19 11:25:40,REAL,67793496333,122635,67793618968,67793618968
2025-06-19 11:25:42,REAL,67793618968,29859,67793648827,67793648827
2025-06-19 11:25:44,REAL,67793648827,29491,67793678318,67793678318
2025-06-19 11:25:46,REAL,67793678318,29269,67793707587,67793707587
2025-06-19 11:25:48,REAL,67793707587,29368,67793736955,67793736955
2025-06-19 11:25:50,REAL,67793736955,28690,67793765645,67793765645
2025-06-19 11:25:52,REAL,67793765645,26455,67793792100,67793792100
2025-06-19 11:25:54,REAL,67793792100,550,67793792650,67793792650
2025-06-19 11:25:56,REAL,67793792650,537,67793793187,67793793187
2025-06-19 11:25:58,REAL,67793793187,541,67793793728,67793793728
2025-06-19 11:26:00,REAL,67793793728,621,67793794349,67793794349
2025-06-19 11:26:02,REAL,67793794349,601,67793794950,67793794950
2025-06-19 11:26:04,REAL,67793794950,533,67793795483,67793795483
2025-06-19 11:26:06,REAL,67793795483,540,67793796023,67793796023
2025-06-19 11:26:08,REAL,67793796023,599,67793796622,67793796622
2025-06-19 11:26:10,REAL,67793796622,538,67793797160,67793797160
2025-06-19 11:26:12,REAL,67793797160,538,67793797698,67793797698
2025-06-19 11:26:14,REAL,67793797698,613,67793798311,67793798311
2025-06-19 11:26:16,REAL,67793798311,547,67793798858,67793798858
2025-06-19 11:26:18,REAL,67793798858,547,67793799405,67793799405
2025-06-19 11:26:20,REAL,67793799405,537,67793799942,67793799942
2025-06-19 11:26:22,REAL,67793799942,537,67793800479,67793800479
2025-06-19 11:26:24,REAL,67793800479,602,67793801081,67793801081
2025-06-19 11:26:26,REAL,67793801081,588,67793801669,67793801669
2025-06-19 11:26:28,REAL,67793801669,596,67793802265,67793802265
2025-06-19 11:26:30,REAL,67793802265,613,67793802878,67793802878
2025-06-19 11:26:32,REAL,67793802878,538,67793803416,67793803416
2025-06-19 11:26:34,REAL,67793803416,550,67793803966,67793803966
2025-06-19 11:26:36,REAL,67793803966,541,67793804507,67793804507
2025-06-19 11:26:38,REAL,67793804507,537,67793805044,67793805044
2025-06-19 11:26:40,REAL,67793805044,594,67793805638,67793805638
2025-06-19 11:26:42,REAL,67793805638,184623,67793990261,67793990261
2025-06-19 11:26:44,REAL,67793990261,85717,67794075978,67794075978
2025-06-19 11:26:46,REAL,67794075978,28797,67794104775,67794104775
2025-06-19 11:26:48,REAL,67794104775,28692,67794133467,67794133467
2025-06-19 11:26:50,REAL,67794133467,29373,67794162840,67794162840
2025-06-19 11:26:52,REAL,67794162840,29225,67794192065,67794192065
2025-06-19 11:26:54,REAL,67794192065,29117,67794221182,67794221182
2025-06-19 11:26:56,REAL,67794221182,22957,67794244139,67794244139
2025-06-19 11:26:58,REAL,67794244139,594,67794244733,67794244733
2025-06-19 11:27:00,REAL,67794244733,671,67794245404,67794245404
2025-06-19 11:27:02,REAL,67794245404,658,67794246062,67794246062
2025-06-19 11:27:04,REAL,67794246062,653,67794246715,67794246715
2025-06-19 11:27:06,REAL,67794246715,654,67794247369,67794247369
2025-06-19 11:27:08,REAL,67794247369,182875,67794430244,67794430244
2025-06-19 11:27:10,REAL,67794430244,67076,67794497320,67794497320
2025-06-19 11:27:12,REAL,67794497320,28800,67794526120,67794526120
2025-06-19 11:27:14,REAL,67794526120,28901,67794555021,67794555021
2025-06-19 11:27:16,REAL,67794555021,29694,67794584715,67794584715
2025-06-19 11:27:18,REAL,67794584715,28924,67794613639,67794613639
2025-06-19 11:27:20,REAL,67794613639,29083,67794642722,67794642722
2025-06-19 11:27:22,REAL,67794642722,22202,67794664924,67794664924
2025-06-19 11:27:24,REAL,67794664924,605,67794665529,67794665529
2025-06-19 11:27:26,REAL,67794665529,600,67794666129,67794666129
2025-06-19 11:27:28,REAL,67794666129,67427,67794733556,67794733556
2025-06-19 11:27:30,REAL,67794733556,201116,67794934672,67794934672
2025-06-19 11:27:32,REAL,67794934672,29547,67794964219,67794964219
2025-06-19 11:27:34,REAL,67794964219,29599,67794993818,67794993818
2025-06-19 11:27:36,REAL,67794993818,29586,67795023404,67795023404
2025-06-19 11:27:38,REAL,67795023404,28907,67795052311,67795052311
2025-06-19 11:27:40,REAL,67795052311,29428,67795081739,67795081739
2025-06-19 11:27:42,REAL,67795081739,29476,67795111215,67795111215
2025-06-19 11:27:44,REAL,67795111215,7125,67795118340,67795118340
2025-06-19 11:27:46,REAL,67795118340,613,67795118953,67795118953
2025-06-19 11:27:48,REAL,67795118953,545,67795119498,67795119498
2025-06-19 11:27:50,REAL,67795119498,534,67795120032,67795120032
2025-06-19 11:27:52,REAL,67795120032,593,67795120625,67795120625
2025-06-19 11:27:54,REAL,67795120625,538,67795121163,67795121163
2025-06-19 11:27:56,REAL,67795121163,543,67795121706,67795121706
2025-06-19 11:27:58,REAL,67795121706,536,67795122242,67795122242
2025-06-19 11:28:00,REAL,67795122242,77911,67795200153,67795200153
2025-06-19 11:28:02,REAL,67795200153,188858,67795389011,67795389011
2025-06-19 11:28:04,REAL,67795389011,29165,67795418176,67795418176
2025-06-19 11:28:06,REAL,67795418176,28781,67795446957,67795446957
2025-06-19 11:28:08,REAL,67795446957,28928,67795475885,67795475885
2025-06-19 11:28:10,REAL,67795475885,29641,67795505526,67795505526
2025-06-19 11:28:12,REAL,67795505526,29169,67795534695,67795534695
2025-06-19 11:28:14,REAL,67795534695,29226,67795563921,67795563921
2025-06-19 11:28:16,REAL,67795563921,5226,67795569147,67795569147
2025-06-19 11:28:18,REAL,67795569147,603,67795569750,67795569750
2025-06-19 11:28:20,REAL,67795569750,537,67795570287,67795570287
2025-06-19 11:28:22,REAL,67795570287,544,67795570831,67795570831
2025-06-19 11:28:24,REAL,67795570831,597,67795571428,67795571428
2025-06-19 11:28:26,REAL,67795571428,540,67795571968,67795571968
2025-06-19 11:28:28,REAL,67795571968,539,67795572507,67795572507
2025-06-19 11:28:30,REAL,67795572507,620,67795573127,67795573127
2025-06-19 11:28:32,REAL,67795573127,117625,67795690752,67795690752
2025-06-19 11:28:34,REAL,67795690752,188980,67795879732,67795879732
2025-06-19 11:28:36,REAL,67795879732,29110,67795908842,67795908842
2025-06-19 11:28:38,REAL,67795908842,28969,67795937811,67795937811
2025-06-19 11:28:40,REAL,67795937811,28593,67795966404,67795966404
2025-06-19 11:28:42,REAL,67795966404,29134,67795995538,67795995538
2025-06-19 11:28:44,REAL,67795995538,29541,67796025079,67796025079
2025-06-19 11:28:46,REAL,67796025079,29296,67796054375,67796054375
2025-06-19 11:28:48,REAL,67796054375,3206,67796057581,67796057581
2025-06-19 11:28:50,REAL,67796057581,541,67796058122,67796058122
2025-06-19 11:28:52,REAL,67796058122,537,67796058659,67796058659
2025-06-19 11:28:54,REAL,67796058659,594,67796059253,67796059253
2025-06-19 11:28:56,REAL,67796059253,605,67796059858,67796059858
2025-06-19 11:28:58,REAL,67796059858,543,67796060401,67796060401
2025-06-19 11:29:00,REAL,67796060401,619,67796061020,67796061020
2025-06-19 11:29:02,REAL,67796061020,540,67796061560,67796061560
2025-06-19 11:29:04,REAL,67796061560,111488,67796173048,67796173048
2025-06-19 11:29:06,REAL,67796173048,135101,67796308149,67796308149
2025-06-19 11:29:08,REAL,67796308149,28908,67796337057,67796337057
2025-06-19 11:29:10,REAL,67796337057,29045,67796366102,67796366102
2025-06-19 11:29:12,REAL,67796366102,29178,67796395280,67796395280
2025-06-19 11:29:14,REAL,67796395280,29545,67796424825,67796424825
2025-06-19 11:29:16,REAL,67796424825,29021,67796453846,67796453846
2025-06-19 11:29:18,REAL,67796453846,28760,67796482606,67796482606
2025-06-19 11:29:20,REAL,67796482606,1296,67796483902,67796483902
2025-06-19 11:29:22,REAL,67796483902,533,67796484435,67796484435
2025-06-19 11:29:24,REAL,67796484435,533,67796484968,67796484968
2025-06-19 11:29:26,REAL,67796484968,534,67796485502,67796485502
2025-06-19 11:29:28,REAL,67796485502,603,67796486105,67796486105
2025-06-19 11:29:30,REAL,67796486105,612,67796486717,67796486717
2025-06-19 11:29:32,REAL,67796486717,587,67796487304,67796487304
2025-06-19 11:29:34,REAL,67796487304,548,67796487852,67796487852
2025-06-19 11:29:36,REAL,67796487852,125725,67796613577,67796613577
2025-06-19 11:29:38,REAL,67796613577,135299,67796748876,67796748876
2025-06-19 11:29:40,REAL,67796748876,28919,67796777795,67796777795
2025-06-19 11:29:42,REAL,67796777795,28918,67796806713,67796806713
2025-06-19 11:29:44,REAL,67796806713,29139,67796835852,67796835852
2025-06-19 11:29:46,REAL,67796835852,28864,67796864716,67796864716
2025-06-19 11:29:48,REAL,67796864716,29551,67796894267,67796894267
2025-06-19 11:29:50,REAL,67796894267,28056,67796922323,67796922323
2025-06-19 11:29:52,REAL,67796922323,534,67796922857,67796922857
2025-06-19 11:29:54,REAL,67796922857,541,67796923398,67796923398
2025-06-19 11:29:56,REAL,67796923398,540,67796923938,67796923938
2025-06-19 11:29:58,REAL,67796923938,540,67796924478,67796924478
2025-06-19 11:30:00,REAL,67796924478,669,67796925147,67796925147
2025-06-19 11:30:02,REAL,67796925147,544,67796925691,67796925691
2025-06-19 11:30:04,REAL,67796925691,545,67796926236,67796926236
2025-06-19 11:30:06,REAL,67796926236,600,67796926836,67796926836
2025-06-19 11:30:08,REAL,67796926836,661,67796927497,67796927497
2025-06-19 11:30:10,REAL,67796927497,601,67796928098,67796928098
2025-06-19 11:30:12,REAL,67796928098,597,67796928695,67796928695
2025-06-19 11:30:14,REAL,67796928695,531,67796929226,67796929226
2025-06-19 11:30:16,REAL,67796929226,616,67796929842,67796929842
2025-06-19 11:30:18,REAL,67796929842,540,67796930382,67796930382
2025-06-19 11:30:20,REAL,67796930382,543,67796930925,67796930925
2025-06-19 11:30:22,REAL,67796930925,544,67796931469,67796931469
2025-06-19 11:30:24,REAL,67796931469,603,67796932072,67796932072
2025-06-19 11:30:26,REAL,67796932072,544,67796932616,67796932616
2025-06-19 11:30:28,REAL,67796932616,28059,67796960675,67796960675
2025-06-19 11:30:30,REAL,67796960675,214460,67797175135,67797175135
2025-06-19 11:30:32,REAL,67797175135,29508,67797204643,67797204643
2025-06-19 11:30:34,REAL,67797204643,29241,67797233884,67797233884
2025-06-19 11:30:36,REAL,67797233884,29323,67797263207,67797263207
2025-06-19 11:30:38,REAL,67797263207,28448,67797291655,67797291655
2025-06-19 11:30:40,REAL,67797291655,28838,67797320493,67797320493
2025-06-19 11:30:42,REAL,67797320493,28899,67797349392,67797349392
2025-06-19 11:30:44,REAL,67797349392,11009,67797360401,67797360401
2025-06-19 11:30:46,REAL,67797360401,671,67797361072,67797361072
2025-06-19 11:30:48,REAL,67797361072,612,67797361684,67797361684
2025-06-19 11:30:50,REAL,67797361684,537,67797362221,67797362221
2025-06-19 11:30:52,REAL,67797362221,541,67797362762,67797362762
2025-06-19 11:30:54,REAL,67797362762,533,67797363295,67797363295
2025-06-19 11:30:56,REAL,67797363295,601,67797363896,67797363896
2025-06-19 11:30:58,REAL,67797363896,535,67797364431,67797364431
2025-06-19 11:31:00,REAL,67797364431,655,67797365086,67797365086
2025-06-19 11:31:02,REAL,67797365086,675,67797365761,67797365761
2025-06-19 11:31:04,REAL,67797365761,599,67797366360,67797366360
2025-06-19 11:31:06,REAL,67797366360,537,67797366897,67797366897
2025-06-19 11:31:08,REAL,67797366897,545,67797367442,67797367442
2025-06-19 11:31:10,REAL,67797367442,538,67797367980,67797367980
2025-06-19 11:31:12,REAL,67797367980,532,67797368512,67797368512
2025-06-19 11:31:14,REAL,67797368512,546,67797369058,67797369058
2025-06-19 11:31:16,REAL,67797369058,612,67797369670,67797369670
2025-06-19 11:31:18,REAL,67797369670,539,67797370209,67797370209
2025-06-19 11:31:20,REAL,67797370209,604,67797370813,67797370813
2025-06-19 11:31:22,REAL,67797370813,190405,67797561218,67797561218
2025-06-19 11:31:24,REAL,67797561218,102076,67797663294,67797663294
2025-06-19 11:31:26,REAL,67797663294,29042,67797692336,67797692336
2025-06-19 11:31:28,REAL,67797692336,29482,67797721818,67797721818
2025-06-19 11:31:30,REAL,67797721818,28996,67797750814,67797750814
2025-06-19 11:31:32,REAL,67797750814,28631,67797779445,67797779445
2025-06-19 11:31:34,REAL,67797779445,29619,67797809064,67797809064
2025-06-19 11:31:36,REAL,67797809064,22747,67797831811,67797831811
2025-06-19 11:31:38,REAL,67797831811,536,67797832347,67797832347
2025-06-19 11:31:40,REAL,67797832347,540,67797832887,67797832887
2025-06-19 11:31:42,REAL,67797832887,541,67797833428,67797833428
2025-06-19 11:31:44,REAL,67797833428,536,67797833964,67797833964
2025-06-19 11:31:46,REAL,67797833964,623,67797834587,67797834587
2025-06-19 11:31:48,REAL,67797834587,535,67797835122,67797835122
2025-06-19 11:31:50,REAL,67797835122,542,67797835664,67797835664
2025-06-19 11:31:52,REAL,67797835664,647,67797836311,67797836311
2025-06-19 11:31:54,REAL,67797836311,201001,67798037312,67798037312
2025-06-19 11:31:56,REAL,67798037312,71847,67798109159,67798109159
2025-06-19 11:31:58,REAL,67798109159,28526,67798137685,67798137685
2025-06-19 11:32:00,REAL,67798137685,29256,67798166941,67798166941
2025-06-19 11:32:02,REAL,67798166941,29252,67798196193,67798196193
2025-06-19 11:32:04,REAL,67798196193,29308,67798225501,67798225501
2025-06-19 11:32:06,REAL,67798225501,29260,67798254761,67798254761
2025-06-19 11:32:08,REAL,67798254761,21096,67798275857,67798275857
2025-06-19 11:32:10,REAL,67798275857,543,67798276400,67798276400
2025-06-19 11:32:12,REAL,67798276400,537,67798276937,67798276937
2025-06-19 11:32:14,REAL,67798276937,545,67798277482,67798277482
2025-06-19 11:32:16,REAL,67798277482,532,67798278014,67798278014
2025-06-19 11:32:18,REAL,67798278014,613,67798278627,67798278627
2025-06-19 11:32:20,REAL,67798278627,543,67798279170,67798279170
2025-06-19 11:32:22,REAL,67798279170,601,67798279771,67798279771
2025-06-19 11:32:24,REAL,67798279771,599,67798280370,67798280370
2025-06-19 11:32:26,REAL,67798280370,531,67798280901,67798280901
2025-06-19 11:32:28,REAL,67798280901,544,67798281445,67798281445
2025-06-19 11:32:30,REAL,67798281445,542,67798281987,67798281987
2025-06-19 11:32:32,REAL,67798281987,609,67798282596,67798282596
2025-06-19 11:32:34,REAL,67798282596,531,67798283127,67798283127
2025-06-19 11:32:36,REAL,67798283127,540,67798283667,67798283667
2025-06-19 11:32:38,REAL,67798283667,536,67798284203,67798284203
2025-06-19 11:32:40,REAL,67798284203,597,67798284800,67798284800
2025-06-19 11:32:42,REAL,67798284800,543,67798285343,67798285343
2025-06-19 11:32:44,REAL,67798285343,595,67798285938,67798285938
2025-06-19 11:32:46,REAL,67798285938,531,67798286469,67798286469
2025-06-19 11:32:48,REAL,67798286469,611,67798287080,67798287080
2025-06-19 11:32:50,REAL,67798287080,596,67798287676,67798287676
2025-06-19 11:32:52,REAL,67798287676,543,67798288219,67798288219
2025-06-19 11:32:54,REAL,67798288219,536,67798288755,67798288755
2025-06-19 11:32:56,REAL,67798288755,592,67798289347,67798289347
2025-06-19 11:32:58,REAL,67798289347,230606,67798519953,67798519953
2025-06-19 11:33:00,REAL,67798519953,38214,67798558167,67798558167
2025-06-19 11:33:02,REAL,67798558167,29396,67798587563,67798587563
2025-06-19 11:33:04,REAL,67798587563,29205,67798616768,67798616768
2025-06-19 11:33:06,REAL,67798616768,28941,67798645709,67798645709
2025-06-19 11:33:08,REAL,67798645709,29250,67798674959,67798674959
2025-06-19 11:33:10,REAL,67798674959,29787,67798704746,67798704746
2025-06-19 11:33:12,REAL,67798704746,17118,67798721864,67798721864
2025-06-19 11:33:14,REAL,67798721864,544,67798722408,67798722408
2025-06-19 11:33:16,REAL,67798722408,540,67798722948,67798722948
2025-06-19 11:33:18,REAL,67798722948,614,67798723562,67798723562
2025-06-19 11:33:20,REAL,67798723562,537,67798724099,67798724099
2025-06-19 11:33:22,REAL,67798724099,540,67798724639,67798724639
2025-06-19 11:33:24,REAL,67798724639,602,67798725241,67798725241
2025-06-19 11:33:26,REAL,67798725241,605,67798725846,67798725846
2025-06-19 11:33:28,REAL,67798725846,595,67798726441,67798726441
2025-06-19 11:33:30,REAL,67798726441,540,67798726981,67798726981
2025-06-19 11:33:32,REAL,67798726981,612,67798727593,67798727593
2025-06-19 11:33:34,REAL,67798727593,535,67798728128,67798728128
2025-06-19 11:33:36,REAL,67798728128,546,67798728674,67798728674
2025-06-19 11:33:38,REAL,67798728674,537,67798729211,67798729211
2025-06-19 11:33:40,REAL,67798729211,535,67798729746,67798729746
2025-06-19 11:33:42,REAL,67798729746,542,67798730288,67798730288
2025-06-19 11:33:44,REAL,67798730288,596,67798730884,67798730884
2025-06-19 11:33:46,REAL,67798730884,533,67798731417,67798731417
2025-06-19 11:33:48,REAL,67798731417,613,67798732030,67798732030
2025-06-19 11:33:50,REAL,67798732030,537,67798732567,67798732567
2025-06-19 11:33:52,REAL,67798732567,541,67798733108,67798733108
2025-06-19 11:33:54,REAL,67798733108,601,67798733709,67798733709
2025-06-19 11:33:56,REAL,67798733709,548,67798734257,67798734257
2025-06-19 11:33:58,REAL,67798734257,536,67798734793,67798734793
2025-06-19 11:34:00,REAL,67798734793,596,67798735389,67798735389
2025-06-19 11:34:02,REAL,67798735389,669,67798736058,67798736058
2025-06-19 11:34:04,REAL,67798736058,535,67798736593,67798736593
2025-06-19 11:34:06,REAL,67798736593,539,67798737132,67798737132
2025-06-19 11:34:08,REAL,67798737132,544,67798737676,67798737676
2025-06-19 11:34:10,REAL,67798737676,548,67798738224,67798738224
2025-06-19 11:34:12,REAL,67798738224,544,67798738768,67798738768
2025-06-19 11:34:14,REAL,67798738768,537,67798739305,67798739305
2025-06-19 11:34:16,REAL,67798739305,603,67798739908,67798739908
2025-06-19 11:34:18,REAL,67798739908,620,67798740528,67798740528
2025-06-19 11:34:20,REAL,67798740528,543,67798741071,67798741071
2025-06-19 11:34:22,REAL,67798741071,545,67798741616,67798741616
2025-06-19 11:34:24,REAL,67798741616,595,67798742211,67798742211
2025-06-19 11:34:26,REAL,67798742211,549,67798742760,67798742760
2025-06-19 11:34:28,REAL,67798742760,534,67798743294,67798743294
2025-06-19 11:34:30,REAL,67798743294,541,67798743835,67798743835
2025-06-19 11:34:32,REAL,67798743835,677,67798744512,67798744512
2025-06-19 11:34:34,REAL,67798744512,541,67798745053,67798745053
2025-06-19 11:34:36,REAL,67798745053,548,67798745601,67798745601
2025-06-19 11:34:38,REAL,67798745601,538,67798746139,67798746139
2025-06-19 11:34:40,REAL,67798746139,536,67798746675,67798746675
2025-06-19 11:34:42,REAL,67798746675,601,67798747276,67798747276
2025-06-19 11:34:44,REAL,67798747276,536,67798747812,67798747812
2025-06-19 11:34:46,REAL,67798747812,541,67798748353,67798748353
2025-06-19 11:34:48,REAL,67798748353,19768,67798768121,67798768121
2025-06-19 11:34:50,REAL,67798768121,216342,67798984463,67798984463
2025-06-19 11:34:52,REAL,67798984463,29095,67799013558,67799013558
2025-06-19 11:34:54,REAL,67799013558,29147,67799042705,67799042705
2025-06-19 11:34:56,REAL,67799042705,29132,67799071837,67799071837
2025-06-19 11:34:58,REAL,67799071837,29181,67799101018,67799101018
2025-06-19 11:35:00,REAL,67799101018,28685,67799129703,67799129703
2025-06-19 11:35:02,REAL,67799129703,29279,67799158982,67799158982
2025-06-19 11:35:04,REAL,67799158982,10945,67799169927,67799169927
2025-06-19 11:35:06,REAL,67799169927,600,67799170527,67799170527
2025-06-19 11:35:08,REAL,67799170527,675,67799171202,67799171202
2025-06-19 11:35:10,REAL,67799171202,538,67799171740,67799171740
2025-06-19 11:35:12,REAL,67799171740,539,67799172279,67799172279
2025-06-19 11:35:14,REAL,67799172279,537,67799172816,67799172816
2025-06-19 11:35:16,REAL,67799172816,539,67799173355,67799173355
2025-06-19 11:35:18,REAL,67799173355,622,67799173977,67799173977
2025-06-19 11:35:20,REAL,67799173977,600,67799174577,67799174577
2025-06-19 11:35:22,REAL,67799174577,598,67799175175,67799175175
2025-06-19 11:35:24,REAL,67799175175,597,67799175772,67799175772
2025-06-19 11:35:26,REAL,67799175772,293,67799176065,67799176065
2025-06-19 11:35:28,REAL,67799176065,538,67799176603,67799176603
2025-06-19 11:35:30,REAL,67799176603,542,67799177145,67799177145
2025-06-19 11:35:32,REAL,67799177145,618,67799177763,67799177763
2025-06-19 11:35:34,REAL,67799177763,540,67799178303,67799178303
2025-06-19 11:35:36,REAL,67799178303,543,67799178846,67799178846
2025-06-19 11:35:38,REAL,67799178846,539,67799179385,67799179385
2025-06-19 11:35:40,REAL,67799179385,604,67799179989,67799179989
2025-06-19 11:35:42,REAL,67799179989,602,67799180591,67799180591
2025-06-19 11:35:44,REAL,67799180591,596,67799181187,67799181187
2025-06-19 11:35:46,REAL,67799181187,602,67799181789,67799181789
2025-06-19 11:35:48,REAL,67799181789,614,67799182403,67799182403
2025-06-19 11:35:50,REAL,67799182403,598,67799183001,67799183001
2025-06-19 11:35:52,REAL,67799183001,543,67799183544,67799183544
2025-06-19 11:35:54,REAL,67799183544,531,67799184075,67799184075
2025-06-19 11:35:56,REAL,67799184075,542,67799184617,67799184617
2025-06-19 11:35:58,REAL,67799184617,545,67799185162,67799185162
2025-06-19 11:36:00,REAL,67799185162,542,67799185704,67799185704
2025-06-19 11:36:02,REAL,67799185704,669,67799186373,67799186373
2025-06-19 11:36:04,REAL,67799186373,600,67799186973,67799186973
2025-06-19 11:36:06,REAL,67799186973,542,67799187515,67799187515
2025-06-19 11:36:08,REAL,67799187515,537,67799188052,67799188052
2025-06-19 11:36:10,REAL,67799188052,542,67799188594,67799188594
2025-06-19 11:36:12,REAL,67799188594,539,67799189133,67799189133
2025-06-19 11:36:14,REAL,67799189133,546,67799189679,67799189679
2025-06-19 11:36:16,REAL,67799189679,593,67799190272,67799190272
2025-06-19 11:36:18,REAL,67799190272,675,67799190947,67799190947
2025-06-19 11:36:20,REAL,67799190947,532,67799191479,67799191479
2025-06-19 11:36:22,REAL,67799191479,547,67799192026,67799192026
2025-06-19 11:36:24,REAL,67799192026,538,67799192564,67799192564
2025-06-19 11:36:26,REAL,67799192564,542,67799193106,67799193106
2025-06-19 11:36:28,REAL,67799193106,545,67799193651,67799193651
2025-06-19 11:36:30,REAL,67799193651,540,67799194191,67799194191
2025-06-19 11:36:32,REAL,67799194191,549,67799194740,67799194740
2025-06-19 11:36:34,REAL,67799194740,676,67799195416,67799195416
2025-06-19 11:36:36,REAL,67799195416,543,67799195959,67799195959
2025-06-19 11:36:38,REAL,67799195959,536,67799196495,67799196495
2025-06-19 11:36:40,REAL,67799196495,542,67799197037,67799197037
2025-06-19 11:36:42,REAL,67799197037,538,67799197575,67799197575
2025-06-19 11:36:44,REAL,67799197575,595,67799198170,67799198170
2025-06-19 11:36:46,REAL,67799198170,544,67799198714,67799198714
2025-06-19 11:36:48,REAL,67799198714,608,67799199322,67799199322
2025-06-19 11:36:50,REAL,67799199322,658,67799199980,67799199980
2025-06-19 11:36:52,REAL,67799199980,539,67799200519,67799200519
2025-06-19 11:36:54,REAL,67799200519,535,67799201054,67799201054
2025-06-19 11:36:56,REAL,67799201054,536,67799201590,67799201590
2025-06-19 11:36:58,REAL,67799201590,532,67799202122,67799202122
2025-06-19 11:37:00,REAL,67799202122,542,67799202664,67799202664
2025-06-19 11:37:02,REAL,67799202664,537,67799203201,67799203201
2025-06-19 11:37:04,REAL,67799203201,618,67799203819,67799203819
2025-06-19 11:37:06,REAL,67799203819,87201,67799291020,67799291020
2025-06-19 11:37:08,REAL,67799291020,185065,67799476085,67799476085
2025-06-19 11:37:10,REAL,67799476085,28974,67799505059,67799505059
2025-06-19 11:37:12,REAL,67799505059,29452,67799534511,67799534511
2025-06-19 11:37:14,REAL,67799534511,29094,67799563605,67799563605
2025-06-19 11:37:16,REAL,67799563605,29484,67799593089,67799593089
2025-06-19 11:37:18,REAL,67799593089,29754,67799622843,67799622843
2025-06-19 11:37:20,REAL,67799622843,29154,67799651997,67799651997
2025-06-19 11:37:22,REAL,67799651997,4024,67799656021,67799656021
2025-06-19 11:37:24,REAL,67799656021,604,67799656625,67799656625
2025-06-19 11:37:26,REAL,67799656625,600,67799657225,67799657225
2025-06-19 11:37:28,REAL,67799657225,592,67799657817,67799657817
2025-06-19 11:37:30,REAL,67799657817,598,67799658415,67799658415
2025-06-19 11:37:32,REAL,67799658415,601,67799659016,67799659016
2025-06-19 11:37:34,REAL,67799659016,672,67799659688,67799659688
2025-06-19 11:37:36,REAL,67799659688,531,67799660219,67799660219
2025-06-19 11:37:38,REAL,67799660219,601,67799660820,67799660820
2025-06-19 11:37:40,REAL,67799660820,538,67799661358,67799661358
2025-06-19 11:37:42,REAL,67799661358,533,67799661891,67799661891
2025-06-19 11:37:44,REAL,67799661891,542,67799662433,67799662433
2025-06-19 11:37:46,REAL,67799662433,539,67799662972,67799662972
2025-06-19 11:37:48,REAL,67799662972,665,67799663637,67799663637
2025-06-19 11:37:50,REAL,67799663637,543,67799664180,67799664180
2025-06-19 11:37:52,REAL,67799664180,536,67799664716,67799664716
2025-06-19 11:37:54,REAL,67799664716,538,67799665254,67799665254
2025-06-19 11:37:56,REAL,67799665254,539,67799665793,67799665793
2025-06-19 11:37:58,REAL,67799665793,538,67799666331,67799666331
2025-06-19 11:38:00,REAL,67799666331,602,67799666933,67799666933
2025-06-19 11:38:02,REAL,67799666933,537,67799667470,67799667470
2025-06-19 11:38:04,REAL,67799667470,670,67799668140,67799668140
2025-06-19 11:38:06,REAL,67799668140,538,67799668678,67799668678
2025-06-19 11:38:08,REAL,67799668678,541,67799669219,67799669219
2025-06-19 11:38:10,REAL,67799669219,546,67799669765,67799669765
2025-06-19 11:38:12,REAL,67799669765,536,67799670301,67799670301
2025-06-19 11:38:14,REAL,67799670301,540,67799670841,67799670841
2025-06-19 11:38:16,REAL,67799670841,540,67799671381,67799671381
2025-06-19 11:38:18,REAL,67799671381,613,67799671994,67799671994
2025-06-19 11:38:20,REAL,67799671994,664,67799672658,67799672658
2025-06-19 11:38:22,REAL,67799672658,598,67799673256,67799673256
2025-06-19 11:38:24,REAL,67799673256,654,67799673910,67799673910
2025-06-19 11:38:26,REAL,67799673910,594,67799674504,67799674504
2025-06-19 11:38:28,REAL,67799674504,662,67799675166,67799675166
2025-06-19 11:38:30,REAL,67799675166,663,67799675829,67799675829
2025-06-19 11:38:32,REAL,67799675829,594,67799676423,67799676423
2025-06-19 11:38:34,REAL,67799676423,682,67799677105,67799677105
2025-06-19 11:38:36,REAL,67799677105,250203,67799927308,67799927308
2025-06-19 11:38:38,REAL,67799927308,29024,67799956332,67799956332
2025-06-19 11:38:40,REAL,67799956332,29409,67799985741,67799985741
2025-06-19 11:38:42,REAL,67799985741,29120,67800014861,67800014861
2025-06-19 11:38:44,REAL,67800014861,29343,67800044204,67800044204
2025-06-19 11:38:46,REAL,67800044204,28812,67800073016,67800073016
2025-06-19 11:38:48,REAL,67800073016,29021,67800102037,67800102037
2025-06-19 11:38:50,REAL,67800102037,14658,67800116695,67800116695
2025-06-19 11:38:52,REAL,67800116695,548,67800117243,67800117243
2025-06-19 11:38:54,REAL,67800117243,533,67800117776,67800117776
2025-06-19 11:38:56,REAL,67800117776,538,67800118314,67800118314
2025-06-19 11:38:58,REAL,67800118314,538,67800118852,67800118852
2025-06-19 11:39:00,REAL,67800118852,545,67800119397,67800119397
2025-06-19 11:39:02,REAL,67800119397,597,67800119994,67800119994
2025-06-19 11:39:04,REAL,67800119994,614,67800120608,67800120608
2025-06-19 11:39:06,REAL,67800120608,599,67800121207,67800121207
2025-06-19 11:39:08,REAL,67800121207,602,67800121809,67800121809
2025-06-19 11:39:10,REAL,67800121809,663,67800122472,67800122472
2025-06-19 11:39:12,REAL,67800122472,596,67800123068,67800123068
2025-06-19 11:39:14,REAL,67800123068,547,67800123615,67800123615
2025-06-19 11:39:16,REAL,67800123615,538,67800124153,67800124153
2025-06-19 11:39:18,REAL,67800124153,611,67800124764,67800124764
2025-06-19 11:39:20,REAL,67800124764,540,67800125304,67800125304
2025-06-19 11:39:22,REAL,67800125304,539,67800125843,67800125843
2025-06-19 11:39:24,REAL,67800125843,535,67800126378,67800126378
2025-06-19 11:39:26,REAL,67800126378,594,67800126972,67800126972
2025-06-19 11:39:28,REAL,67800126972,656,67800127628,67800127628
2025-06-19 11:39:30,REAL,67800127628,601,67800128229,67800128229
2025-06-19 11:39:32,REAL,67800128229,607,67800128836,67800128836
2025-06-19 11:39:34,REAL,67800128836,624,67800129460,67800129460
2025-06-19 11:39:36,REAL,67800129460,542,67800130002,67800130002
2025-06-19 11:39:38,REAL,67800130002,547,67800130549,67800130549
2025-06-19 11:39:40,REAL,67800130549,541,67800131090,67800131090
2025-06-19 11:39:42,REAL,67800131090,542,67800131632,67800131632
2025-06-19 11:39:44,REAL,67800131632,534,67800132166,67800132166
2025-06-19 11:39:46,REAL,67800132166,547,67800132713,67800132713
2025-06-19 11:39:48,REAL,67800132713,742,67800133455,67800133455
2025-06-19 11:39:50,REAL,67800133455,603,67800134058,67800134058
2025-06-19 11:39:52,REAL,67800134058,596,67800134654,67800134654
2025-06-19 11:39:54,REAL,67800134654,534,67800135188,67800135188
2025-06-19 11:39:56,REAL,67800135188,602,67800135790,67800135790
2025-06-19 11:39:58,REAL,67800135790,599,67800136389,67800136389
2025-06-19 11:40:00,REAL,67800136389,541,67800136930,67800136930
2025-06-19 11:40:02,REAL,67800136930,541,67800137471,67800137471
2025-06-19 11:40:04,REAL,67800137471,623,67800138094,67800138094
2025-06-19 11:40:06,REAL,67800138094,547,67800138641,67800138641
2025-06-19 11:40:08,REAL,67800138641,592,67800139233,67800139233
2025-06-19 11:40:10,REAL,67800139233,542,67800139775,67800139775
2025-06-19 11:40:12,REAL,67800139775,536,67800140311,67800140311
2025-06-19 11:40:14,REAL,67800140311,533,67800140844,67800140844
2025-06-19 11:40:16,REAL,67800140844,542,67800141386,67800141386
2025-06-19 11:40:18,REAL,67800141386,535,67800141921,67800141921
2025-06-19 11:40:20,REAL,67800141921,621,67800142542,67800142542
2025-06-19 11:40:22,REAL,67800142542,545,67800143087,67800143087
2025-06-19 11:40:24,REAL,67800143087,655,67800143742,67800143742
2025-06-19 11:40:26,REAL,67800143742,607,67800144349,67800144349
2025-06-19 11:40:28,REAL,67800144349,606,67800144955,67800144955
2025-06-19 11:40:30,REAL,67800144955,594,67800145549,67800145549
2025-06-19 11:40:32,REAL,67800145549,533,67800146082,67800146082
2025-06-19 11:40:34,REAL,67800146082,616,67800146698,67800146698
2025-06-19 11:40:36,REAL,67800146698,530,67800147228,67800147228
2025-06-19 11:40:38,REAL,67800147228,547,67800147775,67800147775
2025-06-19 11:40:40,REAL,67800147775,537,67800148312,67800148312
2025-06-19 11:40:42,REAL,67800148312,544,67800148856,67800148856
2025-06-19 11:40:44,REAL,67800148856,539,67800149395,67800149395
2025-06-19 11:40:46,REAL,67800149395,660,67800150055,67800150055
2025-06-19 11:40:48,REAL,67800150055,548,67800150603,67800150603
2025-06-19 11:40:50,REAL,67800150603,670,67800151273,67800151273
2025-06-19 11:40:52,REAL,67800151273,538,67800151811,67800151811
2025-06-19 11:40:54,REAL,67800151811,535,67800152346,67800152346
2025-06-19 11:40:56,REAL,67800152346,535,67800152881,67800152881
2025-06-19 11:40:58,REAL,67800152881,539,67800153420,67800153420
2025-06-19 11:41:00,REAL,67800153420,536,67800153956,67800153956
2025-06-19 11:41:02,REAL,67800153956,610,67800154566,67800154566
2025-06-19 11:41:04,REAL,67800154566,613,67800155179,67800155179
2025-06-19 11:41:06,REAL,67800155179,537,67800155716,67800155716
2025-06-19 11:41:08,REAL,67800155716,541,67800156257,67800156257
2025-06-19 11:41:10,REAL,67800156257,543,67800156800,67800156800
2025-06-19 11:41:12,REAL,67800156800,546,67800157346,67800157346
2025-06-19 11:41:14,REAL,67800157346,533,67800157879,67800157879
2025-06-19 11:41:16,REAL,67800157879,543,67800158422,67800158422
2025-06-19 11:41:18,REAL,67800158422,598,67800159020,67800159020
2025-06-19 11:41:20,REAL,67800159020,668,67800159688,67800159688
2025-06-19 11:41:22,REAL,67800159688,540,67800160228,67800160228
2025-06-19 11:41:24,REAL,67800160228,540,67800160768,67800160768
2025-06-19 11:41:26,REAL,67800160768,537,67800161305,67800161305
2025-06-19 11:41:28,REAL,67800161305,531,67800161836,67800161836
2025-06-19 11:41:30,REAL,67800161836,536,67800162372,67800162372
2025-06-19 11:41:32,REAL,67800162372,601,67800162973,67800162973
2025-06-19 11:41:34,REAL,67800162973,679,67800163652,67800163652
2025-06-19 11:41:36,REAL,67800163652,544,67800164196,67800164196
2025-06-19 11:41:38,REAL,67800164196,541,67800164737,67800164737
2025-06-19 11:41:40,REAL,67800164737,537,67800165274,67800165274
2025-06-19 11:41:42,REAL,67800165274,545,67800165819,67800165819
2025-06-19 11:41:44,REAL,67800165819,546,67800166365,67800166365
2025-06-19 11:41:46,REAL,67800166365,540,67800166905,67800166905
2025-06-19 11:41:48,REAL,67800166905,590,67800167495,67800167495
2025-06-19 11:41:50,REAL,67800167495,739,67800168234,67800168234
2025-06-19 11:41:52,REAL,67800168234,603,67800168837,67800168837
2025-06-19 11:41:54,REAL,67800168837,598,67800169435,67800169435
2025-06-19 11:41:56,REAL,67800169435,592,67800170027,67800170027
2025-06-19 11:41:58,REAL,67800170027,654,67800170681,67800170681
2025-06-19 11:42:00,REAL,67800170681,654,67800171335,67800171335
2025-06-19 11:42:02,REAL,67800171335,604,67800171939,67800171939
2025-06-19 11:42:04,REAL,67800171939,677,67800172616,67800172616
2025-06-19 11:42:06,REAL,67800172616,534,67800173150,67800173150
2025-06-19 11:42:08,REAL,67800173150,538,67800173688,67800173688
2025-06-19 11:42:10,REAL,67800173688,539,67800174227,67800174227
2025-06-19 11:42:12,REAL,67800174227,540,67800174767,67800174767
2025-06-19 11:42:14,REAL,67800174767,541,67800175308,67800175308
2025-06-19 11:42:16,REAL,67800175308,594,67800175902,67800175902
2025-06-19 11:42:18,REAL,67800175902,542,67800176444,67800176444
2025-06-19 11:42:20,REAL,67800176444,669,67800177113,67800177113
2025-06-19 11:42:22,REAL,67800177113,596,67800177709,67800177709
2025-06-19 11:42:24,REAL,67800177709,531,67800178240,67800178240
2025-06-19 11:42:26,REAL,67800178240,543,67800178783,67800178783
2025-06-19 11:42:28,REAL,67800178783,539,67800179322,67800179322
2025-06-19 11:42:30,REAL,67800179322,539,67800179861,67800179861
2025-06-19 11:42:32,REAL,67800179861,532,67800180393,67800180393
2025-06-19 11:42:34,REAL,67800180393,537,67800180930,67800180930
2025-06-19 11:42:36,REAL,67800180930,672,67800181602,67800181602
2025-06-19 11:42:38,REAL,67800181602,597,67800182199,67800182199
2025-06-19 11:42:40,REAL,67800182199,597,67800182796,67800182796
2025-06-19 11:42:42,REAL,67800182796,660,67800183456,67800183456
2025-06-19 11:42:44,REAL,67800183456,595,67800184051,67800184051
2025-06-19 11:42:46,REAL,67800184051,704,67800184755,67800184755
2025-06-19 11:42:48,REAL,67800184755,603,67800185358,67800185358
2025-06-19 11:42:50,REAL,67800185358,682,67800186040,67800186040
2025-06-19 11:42:52,REAL,67800186040,670,67800186710,67800186710
2025-06-19 11:42:54,REAL,67800186710,600,67800187310,67800187310
2025-06-19 11:42:56,REAL,67800187310,600,67800187910,67800187910
2025-06-19 11:42:58,REAL,67800187910,544,67800188454,67800188454
2025-06-19 11:43:00,REAL,67800188454,548,67800189002,67800189002
2025-06-19 11:43:02,REAL,67800189002,535,67800189537,67800189537
2025-06-19 11:43:04,REAL,67800189537,548,67800190085,67800190085
2025-06-19 11:43:06,REAL,67800190085,612,67800190697,67800190697
2025-06-19 11:43:08,REAL,67800190697,542,67800191239,67800191239
2025-06-19 11:43:10,REAL,67800191239,599,67800191838,67800191838
2025-06-19 11:43:12,REAL,67800191838,594,67800192432,67800192432
2025-06-19 11:43:14,REAL,67800192432,664,67800193096,67800193096
2025-06-19 11:43:16,REAL,67800193096,607,67800193703,67800193703
2025-06-19 11:43:18,REAL,67800193703,609,67800194312,67800194312
2025-06-19 11:43:20,REAL,67800194312,620,67800194932,67800194932
2025-06-19 11:43:22,REAL,67800194932,547,67800195479,67800195479
2025-06-19 11:43:24,REAL,67800195479,537,67800196016,67800196016
2025-06-19 11:43:26,REAL,67800196016,543,67800196559,67800196559
2025-06-19 11:43:28,REAL,67800196559,540,67800197099,67800197099
2025-06-19 11:43:30,REAL,67800197099,545,67800197644,67800197644
2025-06-19 11:43:32,REAL,67800197644,532,67800198176,67800198176
2025-06-19 11:43:34,REAL,67800198176,601,67800198777,67800198777
2025-06-19 11:43:36,REAL,67800198777,674,67800199451,67800199451
2025-06-19 11:43:38,REAL,67800199451,546,67800199997,67800199997
2025-06-19 11:43:40,REAL,67800199997,536,67800200533,67800200533
2025-06-19 11:43:42,REAL,67800200533,595,67800201128,67800201128
2025-06-19 11:43:44,REAL,67800201128,544,67800201672,67800201672
2025-06-19 11:43:46,REAL,67800201672,543,67800202215,67800202215
2025-06-19 11:43:48,REAL,67800202215,538,67800202753,67800202753
2025-06-19 11:43:50,REAL,67800202753,673,67800203426,67800203426
2025-06-19 11:43:52,REAL,67800203426,540,67800203966,67800203966
2025-06-19 11:43:54,REAL,67800203966,546,67800204512,67800204512
2025-06-19 11:43:56,REAL,67800204512,539,67800205051,67800205051
2025-06-19 11:43:58,REAL,67800205051,550,67800205601,67800205601
2025-06-19 11:44:00,REAL,67800205601,591,67800206192,67800206192
2025-06-19 11:44:02,REAL,67800206192,532,67800206724,67800206724
2025-06-19 11:44:04,REAL,67800206724,610,67800207334,67800207334
2025-06-19 11:44:06,REAL,67800207334,673,67800208007,67800208007
2025-06-19 11:44:08,REAL,67800208007,539,67800208546,67800208546
2025-06-19 11:44:10,REAL,67800208546,596,67800209142,67800209142
2025-06-19 11:44:12,REAL,67800209142,546,67800209688,67800209688
2025-06-19 11:44:14,REAL,67800209688,536,67800210224,67800210224
2025-06-19 11:44:16,REAL,67800210224,541,67800210765,67800210765
2025-06-19 11:44:18,REAL,67800210765,540,67800211305,67800211305
2025-06-19 11:44:20,REAL,67800211305,600,67800211905,67800211905
2025-06-19 11:44:22,REAL,67800211905,608,67800212513,67800212513
2025-06-19 11:44:24,REAL,67800212513,653,67800213166,67800213166
2025-06-19 11:44:26,REAL,67800213166,533,67800213699,67800213699
2025-06-19 11:44:28,REAL,67800213699,539,67800214238,67800214238
2025-06-19 11:44:30,REAL,67800214238,541,67800214779,67800214779
2025-06-19 11:44:32,REAL,67800214779,540,67800215319,67800215319
2025-06-19 11:44:34,REAL,67800215319,542,67800215861,67800215861
2025-06-19 11:44:36,REAL,67800215861,681,67800216542,67800216542
2025-06-19 11:44:38,REAL,67800216542,598,67800217140,67800217140
2025-06-19 11:44:40,REAL,67800217140,549,67800217689,67800217689
2025-06-19 11:44:42,REAL,67800217689,542,67800218231,67800218231
2025-06-19 11:44:44,REAL,67800218231,543,67800218774,67800218774
2025-06-19 11:44:46,REAL,67800218774,547,67800219321,67800219321
2025-06-19 11:44:48,REAL,67800219321,657,67800219978,67800219978
2025-06-19 11:44:50,REAL,67800219978,543,67800220521,67800220521
2025-06-19 11:44:52,REAL,67800220521,673,67800221194,67800221194
2025-06-19 11:44:54,REAL,67800221194,544,67800221738,67800221738
2025-06-19 11:44:56,REAL,67800221738,544,67800222282,67800222282
2025-06-19 11:44:58,REAL,67800222282,536,67800222818,67800222818
2025-06-19 11:45:00,REAL,67800222818,539,67800223357,67800223357
2025-06-19 11:45:02,REAL,67800223357,537,67800223894,67800223894
2025-06-19 11:45:04,REAL,67800223894,544,67800224438,67800224438
2025-06-19 11:45:06,REAL,67800224438,675,67800225113,67800225113
2025-06-19 11:45:08,REAL,67800225113,598,67800225711,67800225711
2025-06-19 11:45:10,REAL,67800225711,547,67800226258,67800226258
2025-06-19 11:45:12,REAL,67800226258,545,67800226803,67800226803
2025-06-19 11:45:14,REAL,67800226803,600,67800227403,67800227403
2025-06-19 11:45:16,REAL,67800227403,543,67800227946,67800227946
2025-06-19 11:45:18,REAL,67800227946,537,67800228483,67800228483
2025-06-19 11:45:20,REAL,67800228483,541,67800229024,67800229024
2025-06-19 11:45:22,REAL,67800229024,611,67800229635,67800229635
2025-06-19 11:45:24,REAL,67800229635,591,67800230226,67800230226
2025-06-19 11:45:26,REAL,67800230226,598,67800230824,67800230824
2025-06-19 11:45:28,REAL,67800230824,592,67800231416,67800231416
2025-06-19 11:45:30,REAL,67800231416,599,67800232015,67800232015
2025-06-19 11:45:32,REAL,67800232015,541,67800232556,67800232556
2025-06-19 11:45:34,REAL,67800232556,604,67800233160,67800233160
2025-06-19 11:45:36,REAL,67800233160,614,67800233774,67800233774
2025-06-19 11:45:38,REAL,67800233774,591,67800234365,67800234365
2025-06-19 11:45:40,REAL,67800234365,543,67800234908,67800234908
2025-06-19 11:45:42,REAL,67800234908,540,67800235448,67800235448
2025-06-19 11:45:44,REAL,67800235448,543,67800235991,67800235991
2025-06-19 11:45:46,REAL,67800235991,653,67800236644,67800236644
2025-06-19 11:45:48,REAL,67800236644,595,67800237239,67800237239
2025-06-19 11:45:50,REAL,67800237239,605,67800237844,67800237844
2025-06-19 11:45:52,REAL,67800237844,682,67800238526,67800238526
2025-06-19 11:45:54,REAL,67800238526,599,67800239125,67800239125
2025-06-19 11:45:56,REAL,67800239125,654,67800239779,67800239779
2025-06-19 11:45:58,REAL,67800239779,605,67800240384,67800240384
2025-06-19 11:46:00,REAL,67800240384,602,67800240986,67800240986
2025-06-19 11:46:02,REAL,67800240986,536,67800241522,67800241522
2025-06-19 11:46:04,REAL,67800241522,600,67800242122,67800242122
2025-06-19 11:46:06,REAL,67800242122,624,67800242746,67800242746
2025-06-19 11:46:08,REAL,67800242746,540,67800243286,67800243286
2025-06-19 11:46:10,REAL,67800243286,541,67800243827,67800243827
2025-06-19 11:46:12,REAL,67800243827,546,67800244373,67800244373
2025-06-19 11:46:14,REAL,67800244373,548,67800244921,67800244921
2025-06-19 11:46:16,REAL,67800244921,656,67800245577,67800245577
2025-06-19 11:46:18,REAL,67800245577,541,67800246118,67800246118
2025-06-19 11:46:20,REAL,67800246118,546,67800246664,67800246664
2025-06-19 11:46:22,REAL,67800246664,612,67800247276,67800247276
2025-06-19 11:46:24,REAL,67800247276,544,67800247820,67800247820
2025-06-19 11:46:26,REAL,67800247820,543,67800248363,67800248363
2025-06-19 11:46:28,REAL,67800248363,537,67800248900,67800248900
2025-06-19 11:46:30,REAL,67800248900,595,67800249495,67800249495
2025-06-19 11:46:32,REAL,67800249495,601,67800250096,67800250096
2025-06-19 11:46:34,REAL,67800250096,225939,67800476035,67800476035
2025-06-19 11:46:36,REAL,67800476035,70518,67800546553,67800546553
2025-06-19 11:46:38,REAL,67800546553,29162,67800575715,67800575715
2025-06-19 11:46:40,REAL,67800575715,29301,67800605016,67800605016
2025-06-19 11:46:42,REAL,67800605016,29233,67800634249,67800634249
2025-06-19 11:46:44,REAL,67800634249,28866,67800663115,67800663115
2025-06-19 11:46:46,REAL,67800663115,29034,67800692149,67800692149
2025-06-19 11:46:48,REAL,67800692149,20197,67800712346,67800712346
2025-06-19 11:46:50,REAL,67800712346,598,67800712944,67800712944
2025-06-19 11:46:52,REAL,67800712944,673,67800713617,67800713617
2025-06-19 11:46:54,REAL,67800713617,88577,67800802194,67800802194
2025-06-19 11:46:56,REAL,67800802194,178455,67800980649,67800980649
2025-06-19 11:46:58,REAL,67800980649,29216,67801009865,67801009865
2025-06-19 11:47:00,REAL,67801009865,29443,67801039308,67801039308
2025-06-19 11:47:02,REAL,67801039308,29151,67801068459,67801068459
2025-06-19 11:47:04,REAL,67801068459,29234,67801097693,67801097693
2025-06-19 11:47:06,REAL,67801097693,29549,67801127242,67801127242
2025-06-19 11:47:08,REAL,67801127242,29295,67801156537,67801156537
2025-06-19 11:47:10,REAL,67801156537,5236,67801161773,67801161773
2025-06-19 11:47:12,REAL,67801161773,539,67801162312,67801162312
2025-06-19 11:47:14,REAL,67801162312,533,67801162845,67801162845
2025-06-19 11:47:16,REAL,67801162845,543,67801163388,67801163388
2025-06-19 11:47:18,REAL,67801163388,536,67801163924,67801163924
2025-06-19 11:47:20,REAL,67801163924,543,67801164467,67801164467
2025-06-19 11:47:22,REAL,67801164467,621,67801165088,67801165088
2025-06-19 11:47:24,REAL,67801165088,604,67801165692,67801165692
2025-06-19 11:47:26,REAL,67801165692,661,67801166353,67801166353
2025-06-19 11:47:28,REAL,67801166353,600,67801166953,67801166953
2025-06-19 11:47:30,REAL,67801166953,600,67801167553,67801167553
2025-06-19 11:47:32,REAL,67801167553,537,67801168090,67801168090
2025-06-19 11:47:34,REAL,67801168090,539,67801168629,67801168629
2025-06-19 11:47:36,REAL,67801168629,596,67801169225,67801169225
2025-06-19 11:47:38,REAL,67801169225,616,67801169841,67801169841
2025-06-19 11:47:40,REAL,67801169841,537,67801170378,67801170378
2025-06-19 11:47:42,REAL,67801170378,531,67801170909,67801170909
2025-06-19 11:47:44,REAL,67801170909,542,67801171451,67801171451
2025-06-19 11:47:46,REAL,67801171451,597,67801172048,67801172048
2025-06-19 11:47:48,REAL,67801172048,594,67801172642,67801172642
2025-06-19 11:47:50,REAL,67801172642,601,67801173243,67801173243
2025-06-19 11:47:52,REAL,67801173243,711,67801173954,67801173954
2025-06-19 11:47:54,REAL,67801173954,671,67801174625,67801174625
2025-06-19 11:47:56,REAL,67801174625,597,67801175222,67801175222
2025-06-19 11:47:58,REAL,67801175222,540,67801175762,67801175762
2025-06-19 11:48:00,REAL,67801175762,534,67801176296,67801176296
2025-06-19 11:48:02,REAL,67801176296,544,67801176840,67801176840
2025-06-19 11:48:04,REAL,67801176840,540,67801177380,67801177380
2025-06-19 11:48:06,REAL,67801177380,546,67801177926,67801177926
2025-06-19 11:48:08,REAL,67801177926,611,67801178537,67801178537
2025-06-19 11:48:10,REAL,67801178537,536,67801179073,67801179073
2025-06-19 11:48:12,REAL,67801179073,593,67801179666,67801179666
2025-06-19 11:48:14,REAL,67801179666,606,67801180272,67801180272
2025-06-19 11:48:16,REAL,67801180272,656,67801180928,67801180928
2025-06-19 11:48:18,REAL,67801180928,658,67801181586,67801181586
2025-06-19 11:48:20,REAL,67801181586,538,67801182124,67801182124
2025-06-19 11:48:22,REAL,67801182124,546,67801182670,67801182670
2025-06-19 11:48:24,REAL,67801182670,615,67801183285,67801183285
2025-06-19 11:48:26,REAL,67801183285,543,67801183828,67801183828
2025-06-19 11:48:28,REAL,67801183828,547,67801184375,67801184375
2025-06-19 11:48:30,REAL,67801184375,544,67801184919,67801184919
2025-06-19 11:48:32,REAL,67801184919,534,67801185453,67801185453
2025-06-19 11:48:34,REAL,67801185453,604,67801186057,67801186057
2025-06-19 11:48:36,REAL,67801186057,545,67801186602,67801186602
2025-06-19 11:48:38,REAL,67801186602,609,67801187211,67801187211
2025-06-19 11:48:40,REAL,67801187211,541,67801187752,67801187752
2025-06-19 11:48:42,REAL,67801187752,538,67801188290,67801188290
2025-06-19 11:48:44,REAL,67801188290,597,67801188887,67801188887
2025-06-19 11:48:46,REAL,67801188887,539,67801189426,67801189426
2025-06-19 11:48:48,REAL,67801189426,540,67801189966,67801189966
2025-06-19 11:48:50,REAL,67801189966,662,67801190628,67801190628
2025-06-19 11:48:52,REAL,67801190628,602,67801191230,67801191230
2025-06-19 11:48:54,REAL,67801191230,683,67801191913,67801191913
2025-06-19 11:48:56,REAL,67801191913,540,67801192453,67801192453
2025-06-19 11:48:58,REAL,67801192453,539,67801192992,67801192992
2025-06-19 11:49:00,REAL,67801192992,595,67801193587,67801193587
2025-06-19 11:49:02,REAL,67801193587,538,67801194125,67801194125
2025-06-19 11:49:04,REAL,67801194125,530,67801194655,67801194655
2025-06-19 11:49:06,REAL,67801194655,541,67801195196,67801195196
2025-06-19 11:49:08,REAL,67801195196,614,67801195810,67801195810
2025-06-19 11:49:10,REAL,67801195810,596,67801196406,67801196406
2025-06-19 11:49:12,REAL,67801196406,589,67801196995,67801196995
2025-06-19 11:49:14,REAL,67801196995,541,67801197536,67801197536
2025-06-19 11:49:16,REAL,67801197536,539,67801198075,67801198075
2025-06-19 11:49:18,REAL,67801198075,535,67801198610,67801198610
2025-06-19 11:49:20,REAL,67801198610,544,67801199154,67801199154
2025-06-19 11:49:22,REAL,67801199154,547,67801199701,67801199701
2025-06-19 11:49:24,REAL,67801199701,607,67801200308,67801200308
2025-06-19 11:49:26,REAL,67801200308,666,67801200974,67801200974
2025-06-19 11:49:28,REAL,67801200974,606,67801201580,67801201580
2025-06-19 11:49:30,REAL,67801201580,601,67801202181,67801202181
2025-06-19 11:49:32,REAL,67801202181,591,67801202772,67801202772
2025-06-19 11:49:34,REAL,67801202772,604,67801203376,67801203376
2025-06-19 11:49:36,REAL,67801203376,593,67801203969,67801203969
2025-06-19 11:49:38,REAL,67801203969,665,67801204634,67801204634
2025-06-19 11:49:40,REAL,67801204634,602,67801205236,67801205236
2025-06-19 11:49:42,REAL,67801205236,537,67801205773,67801205773
2025-06-19 11:49:44,REAL,67801205773,533,67801206306,67801206306
2025-06-19 11:49:46,REAL,67801206306,544,67801206850,67801206850
2025-06-19 11:49:48,REAL,67801206850,543,67801207393,67801207393
2025-06-19 11:49:50,REAL,67801207393,533,67801207926,67801207926
2025-06-19 11:49:52,REAL,67801207926,654,67801208580,67801208580
2025-06-19 11:49:54,REAL,67801208580,676,67801209256,67801209256
2025-06-19 11:49:56,REAL,67801209256,601,67801209857,67801209857
2025-06-19 11:49:58,REAL,67801209857,536,67801210393,67801210393
2025-06-19 11:50:00,REAL,67801210393,546,67801210939,67801210939
2025-06-19 11:50:02,REAL,67801210939,547,67801211486,67801211486
2025-06-19 11:50:04,REAL,67801211486,546,67801212032,67801212032
2025-06-19 11:50:06,REAL,67801212032,591,67801212623,67801212623
2025-06-19 11:50:08,REAL,67801212623,538,67801213161,67801213161
2025-06-19 11:50:10,REAL,67801213161,617,67801213778,67801213778
2025-06-19 11:50:12,REAL,67801213778,604,67801214382,67801214382
2025-06-19 11:50:14,REAL,67801214382,537,67801214919,67801214919
2025-06-19 11:50:16,REAL,67801214919,539,67801215458,67801215458
2025-06-19 11:50:18,REAL,67801215458,537,67801215995,67801215995
2025-06-19 11:50:20,REAL,67801215995,544,67801216539,67801216539
2025-06-19 11:50:22,REAL,67801216539,606,67801217145,67801217145
2025-06-19 11:50:24,REAL,67801217145,611,67801217756,67801217756
2025-06-19 11:50:26,REAL,67801217756,547,67801218303,67801218303
2025-06-19 11:50:28,REAL,67801218303,604,67801218907,67801218907
2025-06-19 11:50:30,REAL,67801218907,595,67801219502,67801219502
2025-06-19 11:50:32,REAL,67801219502,612,67801220114,67801220114
2025-06-19 11:50:34,REAL,67801220114,531,67801220645,67801220645
2025-06-19 11:50:36,REAL,67801220645,539,67801221184,67801221184
2025-06-19 11:50:38,REAL,67801221184,538,67801221722,67801221722
2025-06-19 11:50:40,REAL,67801221722,614,67801222336,67801222336
2025-06-19 11:50:42,REAL,67801222336,530,67801222866,67801222866
2025-06-19 11:50:44,REAL,67801222866,594,67801223460,67801223460
2025-06-19 11:50:46,REAL,67801223460,199682,67801423142,67801423142
2025-06-19 11:50:48,REAL,67801423142,91271,67801514413,67801514413
2025-06-19 11:50:50,REAL,67801514413,28954,67801543367,67801543367
2025-06-19 11:50:52,REAL,67801543367,29166,67801572533,67801572533
2025-06-19 11:50:54,REAL,67801572533,29586,67801602119,67801602119
2025-06-19 11:50:56,REAL,67801602119,29405,67801631524,67801631524
2025-06-19 11:50:58,REAL,67801631524,29860,67801661384,67801661384
2025-06-19 11:51:00,REAL,67801661384,22999,67801684383,67801684383
2025-06-19 11:51:02,REAL,67801684383,538,67801684921,67801684921
2025-06-19 11:51:04,REAL,67801684921,535,67801685456,67801685456
2025-06-19 11:51:06,REAL,67801685456,546,67801686002,67801686002
2025-06-19 11:51:08,REAL,67801686002,532,67801686534,67801686534
2025-06-19 11:51:10,REAL,67801686534,613,67801687147,67801687147
2025-06-19 11:51:12,REAL,67801687147,543,67801687690,67801687690
2025-06-19 11:51:14,REAL,67801687690,595,67801688285,67801688285
2025-06-19 11:51:16,REAL,67801688285,591,67801688876,67801688876
2025-06-19 11:51:18,REAL,67801688876,548,67801689424,67801689424
2025-06-19 11:51:20,REAL,67801689424,539,67801689963,67801689963
2025-06-19 11:51:22,REAL,67801689963,535,67801690498,67801690498
2025-06-19 11:51:24,REAL,67801690498,620,67801691118,67801691118
2025-06-19 11:51:26,REAL,67801691118,535,67801691653,67801691653
2025-06-19 11:51:28,REAL,67801691653,538,67801692191,67801692191
2025-06-19 11:51:30,REAL,67801692191,538,67801692729,67801692729
2025-06-19 11:51:32,REAL,67801692729,598,67801693327,67801693327
2025-06-19 11:51:34,REAL,67801693327,534,67801693861,67801693861
2025-06-19 11:51:36,REAL,67801693861,539,67801694400,67801694400
2025-06-19 11:51:38,REAL,67801694400,536,67801694936,67801694936
2025-06-19 11:51:40,REAL,67801694936,609,67801695545,67801695545
2025-06-19 11:51:42,REAL,67801695545,596,67801696141,67801696141
2025-06-19 11:51:44,REAL,67801696141,594,67801696735,67801696735
2025-06-19 11:51:46,REAL,67801696735,542,67801697277,67801697277
2025-06-19 11:51:48,REAL,67801697277,597,67801697874,67801697874
2025-06-19 11:51:50,REAL,67801697874,603,67801698477,67801698477
2025-06-19 11:51:52,REAL,67801698477,601,67801699078,67801699078
2025-06-19 11:51:54,REAL,67801699078,675,67801699753,67801699753
2025-06-19 11:51:56,REAL,67801699753,543,67801700296,67801700296
2025-06-19 11:51:58,REAL,67801700296,547,67801700843,67801700843
2025-06-19 11:52:00,REAL,67801700843,541,67801701384,67801701384
2025-06-19 11:52:02,REAL,67801701384,546,67801701930,67801701930
2025-06-19 11:52:04,REAL,67801701930,537,67801702467,67801702467
2025-06-19 11:52:06,REAL,67801702467,534,67801703001,67801703001
2025-06-19 11:52:08,REAL,67801703001,545,67801703546,67801703546
2025-06-19 11:52:10,REAL,67801703546,788,67801704334,67801704334
2025-06-19 11:52:12,REAL,67801704334,602,67801704936,67801704936
2025-06-19 11:52:14,REAL,67801704936,608,67801705544,67801705544
2025-06-19 11:52:16,REAL,67801705544,303,67801705847,67801705847
2025-06-19 11:52:18,REAL,67801705847,536,67801706383,67801706383
2025-06-19 11:52:20,REAL,67801706383,537,67801706920,67801706920
2025-06-19 11:52:22,REAL,67801706920,545,67801707465,67801707465
2025-06-19 11:52:24,REAL,67801707465,611,67801708076,67801708076
2025-06-19 11:52:26,REAL,67801708076,537,67801708613,67801708613
2025-06-19 11:52:28,REAL,67801708613,594,67801709207,67801709207
2025-06-19 11:52:30,REAL,67801709207,602,67801709809,67801709809
2025-06-19 11:52:32,REAL,67801709809,598,67801710407,67801710407
2025-06-19 11:52:34,REAL,67801710407,599,67801711006,67801711006
2025-06-19 11:52:36,REAL,67801711006,605,67801711611,67801711611
2025-06-19 11:52:38,REAL,67801711611,542,67801712153,67801712153
2025-06-19 11:52:40,REAL,67801712153,681,67801712834,67801712834
2025-06-19 11:52:42,REAL,67801712834,539,67801713373,67801713373
2025-06-19 11:52:44,REAL,67801713373,540,67801713913,67801713913
2025-06-19 11:52:46,REAL,67801713913,546,67801714459,67801714459
2025-06-19 11:52:48,REAL,67801714459,543,67801715002,67801715002
2025-06-19 11:52:50,REAL,67801715002,543,67801715545,67801715545
2025-06-19 11:52:52,REAL,67801715545,609,67801716154,67801716154
2025-06-19 11:52:54,REAL,67801716154,621,67801716775,67801716775
2025-06-19 11:52:56,REAL,67801716775,543,67801717318,67801717318
2025-06-19 11:52:58,REAL,67801717318,540,67801717858,67801717858
2025-06-19 11:53:00,REAL,67801717858,534,67801718392,67801718392
2025-06-19 11:53:02,REAL,67801718392,549,67801718941,67801718941
2025-06-19 11:53:04,REAL,67801718941,548,67801719489,67801719489
2025-06-19 11:53:06,REAL,67801719489,539,67801720028,67801720028
2025-06-19 11:53:08,REAL,67801720028,646,67801720674,67801720674
2025-06-19 11:53:10,REAL,67801720674,616,67801721290,67801721290
2025-06-19 11:53:12,REAL,67801721290,542,67801721832,67801721832
2025-06-19 11:53:14,REAL,67801721832,589,67801722421,67801722421
2025-06-19 11:53:16,REAL,67801722421,538,67801722959,67801722959
2025-06-19 11:53:18,REAL,67801722959,533,67801723492,67801723492
2025-06-19 11:53:20,REAL,67801723492,544,67801724036,67801724036
2025-06-19 11:53:22,REAL,67801724036,536,67801724572,67801724572
2025-06-19 11:53:24,REAL,67801724572,727,67801725299,67801725299
2025-06-19 11:53:26,REAL,67801725299,600,67801725899,67801725899
2025-06-19 11:53:28,REAL,67801725899,597,67801726496,67801726496
2025-06-19 11:53:30,REAL,67801726496,540,67801727036,67801727036
2025-06-19 11:53:32,REAL,67801727036,539,67801727575,67801727575
2025-06-19 11:53:34,REAL,67801727575,532,67801728107,67801728107
2025-06-19 11:53:36,REAL,67801728107,600,67801728707,67801728707
2025-06-19 11:53:38,REAL,67801728707,542,67801729249,67801729249
2025-06-19 11:53:40,REAL,67801729249,621,67801729870,67801729870
2025-06-19 11:53:42,REAL,67801729870,539,67801730409,67801730409
2025-06-19 11:53:44,REAL,67801730409,835,67801731244,67801731244
2025-06-19 11:53:46,REAL,67801731244,301,67801731545,67801731545
2025-06-19 11:53:48,REAL,67801731545,540,67801732085,67801732085
2025-06-19 11:53:50,REAL,67801732085,541,67801732626,67801732626
2025-06-19 11:53:52,REAL,67801732626,539,67801733165,67801733165
2025-06-19 11:53:54,REAL,67801733165,621,67801733786,67801733786
2025-06-19 11:53:56,REAL,67801733786,533,67801734319,67801734319
2025-06-19 11:53:58,REAL,67801734319,589,67801734908,67801734908
2025-06-19 11:54:00,REAL,67801734908,601,67801735509,67801735509
2025-06-19 11:54:02,REAL,67801735509,536,67801736045,67801736045
2025-06-19 11:54:04,REAL,67801736045,531,67801736576,67801736576
2025-06-19 11:54:06,REAL,67801736576,587,67801737163,67801737163
2025-06-19 11:54:08,REAL,67801737163,534,67801737697,67801737697
2025-06-19 11:54:10,REAL,67801737697,615,67801738312,67801738312
2025-06-19 11:54:12,REAL,67801738312,538,67801738850,67801738850
2025-06-19 11:54:14,REAL,67801738850,541,67801739391,67801739391
2025-06-19 11:54:16,REAL,67801739391,667,67801740058,67801740058
2025-06-19 11:54:18,REAL,67801740058,594,67801740652,67801740652
2025-06-19 11:54:20,REAL,67801740652,605,67801741257,67801741257
2025-06-19 11:54:22,REAL,67801741257,165903,67801907160,67801907160
2025-06-19 11:54:24,REAL,67801907160,118888,67802026048,67802026048
2025-06-19 11:54:26,REAL,67802026048,28896,67802054944,67802054944
2025-06-19 11:54:28,REAL,67802054944,28690,67802083634,67802083634
2025-06-19 11:54:30,REAL,67802083634,29173,67802112807,67802112807
2025-06-19 11:54:32,REAL,67802112807,29282,67802142089,67802142089
2025-06-19 11:54:34,REAL,67802142089,29262,67802171351,67802171351
2025-06-19 11:54:36,REAL,67802171351,25740,67802197091,67802197091
2025-06-19 11:54:38,REAL,67802197091,531,67802197622,67802197622
2025-06-19 11:54:40,REAL,67802197622,618,67802198240,67802198240
2025-06-19 11:54:42,REAL,67802198240,535,67802198775,67802198775
2025-06-19 11:54:44,REAL,67802198775,594,67802199369,67802199369
2025-06-19 11:54:46,REAL,67802199369,546,67802199915,67802199915
2025-06-19 11:54:48,REAL,67802199915,540,67802200455,67802200455
2025-06-19 11:54:50,REAL,67802200455,597,67802201052,67802201052
2025-06-19 11:54:52,REAL,67802201052,600,67802201652,67802201652
2025-06-19 11:54:54,REAL,67802201652,615,67802202267,67802202267
2025-06-19 11:54:56,REAL,67802202267,536,67802202803,67802202803
2025-06-19 11:54:58,REAL,67802202803,541,67802203344,67802203344
2025-06-19 11:55:00,REAL,67802203344,539,67802203883,67802203883
2025-06-19 11:55:02,REAL,67802203883,544,67802204427,67802204427
2025-06-19 11:55:04,REAL,67802204427,547,67802204974,67802204974
2025-06-19 11:55:06,REAL,67802204974,544,67802205518,67802205518
2025-06-19 11:55:08,REAL,67802205518,601,67802206119,67802206119
2025-06-19 11:55:10,REAL,67802206119,669,67802206788,67802206788
2025-06-19 11:55:12,REAL,67802206788,598,67802207386,67802207386
2025-06-19 11:55:14,REAL,67802207386,594,67802207980,67802207980
2025-06-19 11:55:16,REAL,67802207980,598,67802208578,67802208578
2025-06-19 11:55:18,REAL,67802208578,539,67802209117,67802209117
2025-06-19 11:55:20,REAL,67802209117,541,67802209658,67802209658
2025-06-19 11:55:22,REAL,67802209658,541,67802210199,67802210199
2025-06-19 11:55:24,REAL,67802210199,542,67802210741,67802210741
2025-06-19 11:55:26,REAL,67802210741,611,67802211352,67802211352
2025-06-19 11:55:28,REAL,67802211352,590,67802211942,67802211942
2025-06-19 11:55:30,REAL,67802211942,660,67802212602,67802212602
2025-06-19 11:55:32,REAL,67802212602,594,67802213196,67802213196
2025-06-19 11:55:34,REAL,67802213196,593,67802213789,67802213789
2025-06-19 11:55:36,REAL,67802213789,538,67802214327,67802214327
2025-06-19 11:55:38,REAL,67802214327,541,67802214868,67802214868
2025-06-19 11:55:40,REAL,67802214868,621,67802215489,67802215489
2025-06-19 11:55:42,REAL,67802215489,546,67802216035,67802216035
2025-06-19 11:55:44,REAL,67802216035,545,67802216580,67802216580
2025-06-19 11:55:46,REAL,67802216580,593,67802217173,67802217173
2025-06-19 11:55:48,REAL,67802217173,548,67802217721,67802217721
2025-06-19 11:55:50,REAL,67802217721,607,67802218328,67802218328
2025-06-19 11:55:52,REAL,67802218328,542,67802218870,67802218870
2025-06-19 11:55:54,REAL,67802218870,538,67802219408,67802219408
2025-06-19 11:55:56,REAL,67802219408,617,67802220025,67802220025
2025-06-19 11:55:58,REAL,67802220025,543,67802220568,67802220568
2025-06-19 11:56:00,REAL,67802220568,544,67802221112,67802221112
2025-06-19 11:56:02,REAL,67802221112,544,67802221656,67802221656
2025-06-19 11:56:04,REAL,67802221656,542,67802222198,67802222198
2025-06-19 11:56:06,REAL,67802222198,598,67802222796,67802222796
2025-06-19 11:56:08,REAL,67802222796,216521,67802439317,67802439317
2025-06-19 11:56:10,REAL,67802439317,61392,67802500709,67802500709
2025-06-19 11:56:12,REAL,67802500709,28716,67802529425,67802529425
2025-06-19 11:56:14,REAL,67802529425,29222,67802558647,67802558647
2025-06-19 11:56:16,REAL,67802558647,29352,67802587999,67802587999
2025-06-19 11:56:18,REAL,67802587999,29196,67802617195,67802617195
2025-06-19 11:56:20,REAL,67802617195,29877,67802647072,67802647072
2025-06-19 11:56:22,REAL,67802647072,20549,67802667621,67802667621
2025-06-19 11:56:24,REAL,67802667621,543,67802668164,67802668164
2025-06-19 11:56:26,REAL,67802668164,610,67802668774,67802668774
2025-06-19 11:56:28,REAL,67802668774,541,67802669315,67802669315
2025-06-19 11:56:30,REAL,67802669315,539,67802669854,67802669854
2025-06-19 11:56:32,REAL,67802669854,541,67802670395,67802670395
2025-06-19 11:56:34,REAL,67802670395,547,67802670942,67802670942
2025-06-19 11:56:36,REAL,67802670942,544,67802671486,67802671486
2025-06-19 11:56:38,REAL,67802671486,596,67802672082,67802672082
2025-06-19 11:56:40,REAL,67802672082,614,67802672696,67802672696
2025-06-19 11:56:42,REAL,67802672696,605,67802673301,67802673301
2025-06-19 11:56:44,REAL,67802673301,542,67802673843,67802673843
2025-06-19 11:56:46,REAL,67802673843,543,67802674386,67802674386
2025-06-19 11:56:48,REAL,67802674386,545,67802674931,67802674931
2025-06-19 11:56:50,REAL,67802674931,535,67802675466,67802675466
2025-06-19 11:56:52,REAL,67802675466,539,67802676005,67802676005
2025-06-19 11:56:54,REAL,67802676005,600,67802676605,67802676605
2025-06-19 11:56:56,REAL,67802676605,681,67802677286,67802677286
2025-06-19 11:56:58,REAL,67802677286,594,67802677880,67802677880
2025-06-19 11:57:00,REAL,67802677880,660,67802678540,67802678540
2025-06-19 11:57:02,REAL,67802678540,659,67802679199,67802679199
2025-06-19 11:57:04,REAL,67802679199,601,67802679800,67802679800
2025-06-19 11:57:06,REAL,67802679800,534,67802680334,67802680334
2025-06-19 11:57:08,REAL,67802680334,540,67802680874,67802680874
2025-06-19 11:57:10,REAL,67802680874,609,67802681483,67802681483
2025-06-19 11:57:12,REAL,67802681483,545,67802682028,67802682028
2025-06-19 11:57:14,REAL,67802682028,548,67802682576,67802682576
2025-06-19 11:57:16,REAL,67802682576,544,67802683120,67802683120
2025-06-19 11:57:18,REAL,67802683120,531,67802683651,67802683651
2025-06-19 11:57:20,REAL,67802683651,664,67802684315,67802684315
2025-06-19 11:57:22,REAL,67802684315,593,67802684908,67802684908
2025-06-19 11:57:24,REAL,67802684908,604,67802685512,67802685512
2025-06-19 11:57:26,REAL,67802685512,679,67802686191,67802686191
2025-06-19 11:57:28,REAL,67802686191,541,67802686732,67802686732
2025-06-19 11:57:30,REAL,67802686732,535,67802687267,67802687267
2025-06-19 11:57:32,REAL,67802687267,546,67802687813,67802687813
2025-06-19 11:57:34,REAL,67802687813,537,67802688350,67802688350
2025-06-19 11:57:36,REAL,67802688350,549,67802688899,67802688899
2025-06-19 11:57:38,REAL,67802688899,534,67802689433,67802689433
2025-06-19 11:57:40,REAL,67802689433,616,67802690049,67802690049
2025-06-19 11:57:42,REAL,67802690049,606,67802690655,67802690655
2025-06-19 11:57:44,REAL,67802690655,542,67802691197,67802691197
2025-06-19 11:57:46,REAL,67802691197,543,67802691740,67802691740
2025-06-19 11:57:48,REAL,67802691740,536,67802692276,67802692276
2025-06-19 11:57:50,REAL,67802692276,535,67802692811,67802692811
2025-06-19 11:57:52,REAL,67802692811,597,67802693408,67802693408
2025-06-19 11:57:54,REAL,67802693408,538,67802693946,67802693946
2025-06-19 11:57:56,REAL,67802693946,672,67802694618,67802694618
2025-06-19 11:57:58,REAL,67802694618,119658,67802814276,67802814276
2025-06-19 11:58:00,REAL,67802814276,167271,67802981547,67802981547
2025-06-19 11:58:02,REAL,67802981547,29174,67803010721,67803010721
2025-06-19 11:58:04,REAL,67803010721,28867,67803039588,67803039588
2025-06-19 11:58:06,REAL,67803039588,29419,67803069007,67803069007
2025-06-19 11:58:08,REAL,67803069007,29169,67803098176,67803098176
2025-06-19 11:58:10,REAL,67803098176,29112,67803127288,67803127288
2025-06-19 11:58:12,REAL,67803127288,29077,67803156365,67803156365
2025-06-19 11:58:14,REAL,67803156365,663,67803157028,67803157028
2025-06-19 11:58:16,REAL,67803157028,544,67803157572,67803157572
2025-06-19 11:58:18,REAL,67803157572,536,67803158108,67803158108
2025-06-19 11:58:20,REAL,67803158108,545,67803158653,67803158653
2025-06-19 11:58:22,REAL,67803158653,540,67803159193,67803159193
2025-06-19 11:58:24,REAL,67803159193,538,67803159731,67803159731
2025-06-19 11:58:26,REAL,67803159731,616,67803160347,67803160347
2025-06-19 11:58:28,REAL,67803160347,600,67803160947,67803160947
2025-06-19 11:58:30,REAL,67803160947,133276,67803294223,67803294223
2025-06-19 11:58:32,REAL,67803294223,135999,67803430222,67803430222
2025-06-19 11:58:34,REAL,67803430222,30051,67803460273,67803460273
2025-06-19 11:58:36,REAL,67803460273,29003,67803489276,67803489276
2025-06-19 11:58:38,REAL,67803489276,28967,67803518243,67803518243
2025-06-19 11:58:40,REAL,67803518243,29540,67803547783,67803547783
2025-06-19 11:58:42,REAL,67803547783,28607,67803576390,67803576390
2025-06-19 11:58:44,REAL,67803576390,27503,67803603893,67803603893
2025-06-19 11:58:46,REAL,67803603893,545,67803604438,67803604438
2025-06-19 11:58:48,REAL,67803604438,545,67803604983,67803604983
2025-06-19 11:58:50,REAL,67803604983,534,67803605517,67803605517
2025-06-19 11:58:52,REAL,67803605517,531,67803606048,67803606048
2025-06-19 11:58:54,REAL,67803606048,539,67803606587,67803606587
2025-06-19 11:58:56,REAL,67803606587,611,67803607198,67803607198
2025-06-19 11:58:58,REAL,67803607198,547,67803607745,67803607745
2025-06-19 11:59:00,REAL,67803607745,592,67803608337,67803608337
2025-06-19 11:59:02,REAL,67803608337,595,67803608932,67803608932
2025-06-19 11:59:04,REAL,67803608932,597,67803609529,67803609529
2025-06-19 11:59:06,REAL,67803609529,658,67803610187,67803610187
2025-06-19 11:59:08,REAL,67803610187,534,67803610721,67803610721
2025-06-19 11:59:10,REAL,67803610721,613,67803611334,67803611334
2025-06-19 11:59:12,REAL,67803611334,535,67803611869,67803611869
2025-06-19 11:59:14,REAL,67803611869,613,67803612482,67803612482
2025-06-19 11:59:16,REAL,67803612482,549,67803613031,67803613031
2025-06-19 11:59:18,REAL,67803613031,548,67803613579,67803613579
2025-06-19 11:59:20,REAL,67803613579,541,67803614120,67803614120
2025-06-19 11:59:22,REAL,67803614120,596,67803614716,67803614716
2025-06-19 11:59:24,REAL,67803614716,538,67803615254,67803615254
2025-06-19 11:59:26,REAL,67803615254,608,67803615862,67803615862
2025-06-19 11:59:28,REAL,67803615862,534,67803616396,67803616396
2025-06-19 11:59:30,REAL,67803616396,594,67803616990,67803616990
2025-06-19 11:59:32,REAL,67803616990,540,67803617530,67803617530
2025-06-19 11:59:34,REAL,67803617530,548,67803618078,67803618078
2025-06-19 11:59:36,REAL,67803618078,539,67803618617,67803618617
2025-06-19 11:59:38,REAL,67803618617,605,67803619222,67803619222
2025-06-19 11:59:40,REAL,67803619222,544,67803619766,67803619766
2025-06-19 11:59:42,REAL,67803619766,666,67803620432,67803620432
2025-06-19 11:59:44,REAL,67803620432,539,67803620971,67803620971
2025-06-19 11:59:46,REAL,67803620971,545,67803621516,67803621516
2025-06-19 11:59:48,REAL,67803621516,544,67803622060,67803622060
2025-06-19 11:59:50,REAL,67803622060,537,67803622597,67803622597
2025-06-19 11:59:52,REAL,67803622597,540,67803623137,67803623137
2025-06-19 11:59:54,REAL,67803623137,658,67803623795,67803623795
2025-06-19 11:59:56,REAL,67803623795,675,67803624470,67803624470
2025-06-19 11:59:58,REAL,67803624470,602,67803625072,67803625072
2025-06-19 12:00:00,REAL,67803625072,532,67803625604,67803625604
2025-06-19 12:00:02,REAL,67803625604,539,67803626143,67803626143
2025-06-19 12:00:04,REAL,67803626143,536,67803626679,67803626679
2025-06-19 12:00:06,REAL,67803626679,534,67803627213,67803627213
2025-06-19 12:00:08,REAL,67803627213,544,67803627757,67803627757
2025-06-19 12:00:10,REAL,67803627757,543,67803628300,67803628300
2025-06-19 12:00:12,REAL,67803628300,610,67803628910,67803628910
2025-06-19 12:00:14,REAL,67803628910,596,67803629506,67803629506
2025-06-19 12:00:16,REAL,67803629506,543,67803630049,67803630049
2025-06-19 12:00:18,REAL,67803630049,648,67803630697,67803630697
2025-06-19 12:00:20,REAL,67803630697,536,67803631233,67803631233
2025-06-19 12:00:22,REAL,67803631233,544,67803631777,67803631777
2025-06-19 12:00:24,REAL,67803631777,536,67803632313,67803632313
2025-06-19 12:00:26,REAL,67803632313,610,67803632923,67803632923
2025-06-19 12:00:28,REAL,67803632923,537,67803633460,67803633460
2025-06-19 12:00:30,REAL,67803633460,596,67803634056,67803634056
2025-06-19 12:00:32,REAL,67803634056,603,67803634659,67803634659
2025-06-19 12:00:34,REAL,67803634659,600,67803635259,67803635259
2025-06-19 12:00:36,REAL,67803635259,595,67803635854,67803635854
2025-06-19 12:00:38,REAL,67803635854,538,67803636392,67803636392
2025-06-19 12:00:40,REAL,67803636392,540,67803636932,67803636932
2025-06-19 12:00:42,REAL,67803636932,608,67803637540,67803637540
2025-06-19 12:00:44,REAL,67803637540,540,67803638080,67803638080
2025-06-19 12:00:46,REAL,67803638080,542,67803638622,67803638622
2025-06-19 12:00:48,REAL,67803638622,541,67803639163,67803639163
2025-06-19 12:00:50,REAL,67803639163,532,67803639695,67803639695
2025-06-19 12:00:52,REAL,67803639695,599,67803640294,67803640294
2025-06-19 12:00:54,REAL,67803640294,540,67803640834,67803640834
2025-06-19 12:00:56,REAL,67803640834,620,67803641454,67803641454
2025-06-19 12:00:58,REAL,67803641454,541,67803641995,67803641995
2025-06-19 12:01:00,REAL,67803641995,533,67803642528,67803642528
2025-06-19 12:01:02,REAL,67803642528,542,67803643070,67803643070
2025-06-19 12:01:04,REAL,67803643070,540,67803643610,67803643610
2025-06-19 12:01:06,REAL,67803643610,601,67803644211,67803644211
2025-06-19 12:01:08,REAL,67803644211,661,67803644872,67803644872
2025-06-19 12:01:10,REAL,67803644872,539,67803645411,67803645411
2025-06-19 12:01:12,REAL,67803645411,615,67803646026,67803646026
2025-06-19 12:01:14,REAL,67803646026,544,67803646570,67803646570
2025-06-19 12:01:16,REAL,67803646570,537,67803647107,67803647107
2025-06-19 12:01:18,REAL,67803647107,542,67803647649,67803647649
2025-06-19 12:01:20,REAL,67803647649,541,67803648190,67803648190
2025-06-19 12:01:22,REAL,67803648190,540,67803648730,67803648730
2025-06-19 12:01:24,REAL,67803648730,598,67803649328,67803649328
2025-06-19 12:01:26,REAL,67803649328,622,67803649950,67803649950
2025-06-19 12:01:28,REAL,67803649950,531,67803650481,67803650481
2025-06-19 12:01:30,REAL,67803650481,538,67803651019,67803651019
2025-06-19 12:01:32,REAL,67803651019,539,67803651558,67803651558
2025-06-19 12:01:34,REAL,67803651558,542,67803652100,67803652100
2025-06-19 12:01:36,REAL,67803652100,534,67803652634,67803652634
2025-06-19 12:01:38,REAL,67803652634,535,67803653169,67803653169
2025-06-19 12:01:40,REAL,67803653169,102845,67803756014,67803756014
2025-06-19 12:01:42,REAL,67803756014,176867,67803932881,67803932881
2025-06-19 12:01:44,REAL,67803932881,29013,67803961894,67803961894
2025-06-19 12:01:46,REAL,67803961894,28820,67803990714,67803990714
2025-06-19 12:01:48,REAL,67803990714,28616,67804019330,67804019330
2025-06-19 12:01:50,REAL,67804019330,28837,67804048167,67804048167
2025-06-19 12:01:52,REAL,67804048167,29610,67804077777,67804077777
2025-06-19 12:01:54,REAL,67804077777,29317,67804107094,67804107094
2025-06-19 12:01:56,REAL,67804107094,2632,67804109726,67804109726
2025-06-19 12:01:58,REAL,67804109726,595,67804110321,67804110321
2025-06-19 12:02:00,REAL,67804110321,543,67804110864,67804110864
2025-06-19 12:02:02,REAL,67804110864,536,67804111400,67804111400
2025-06-19 12:02:04,REAL,67804111400,539,67804111939,67804111939
2025-06-19 12:02:06,REAL,67804111939,534,67804112473,67804112473
2025-06-19 12:02:08,REAL,67804112473,549,67804113022,67804113022
2025-06-19 12:02:10,REAL,67804113022,543,67804113565,67804113565
2025-06-19 12:02:12,REAL,67804113565,740,67804114305,67804114305
2025-06-19 12:02:14,REAL,67804114305,601,67804114906,67804114906
2025-06-19 12:02:16,REAL,67804114906,607,67804115513,67804115513
2025-06-19 12:02:18,REAL,67804115513,550,67804116063,67804116063
2025-06-19 12:02:20,REAL,67804116063,541,67804116604,67804116604
2025-06-19 12:02:22,REAL,67804116604,532,67804117136,67804117136
2025-06-19 12:02:24,REAL,67804117136,546,67804117682,67804117682
2025-06-19 12:02:26,REAL,67804117682,613,67804118295,67804118295
2025-06-19 12:02:28,REAL,67804118295,539,67804118834,67804118834
2025-06-19 12:02:30,REAL,67804118834,592,67804119426,67804119426
2025-06-19 12:02:32,REAL,67804119426,594,67804120020,67804120020
2025-06-19 12:02:34,REAL,67804120020,539,67804120559,67804120559
2025-06-19 12:02:36,REAL,67804120559,600,67804121159,67804121159
2025-06-19 12:02:38,REAL,67804121159,545,67804121704,67804121704
2025-06-19 12:02:40,REAL,67804121704,540,67804122244,67804122244
2025-06-19 12:02:42,REAL,67804122244,615,67804122859,67804122859
2025-06-19 12:02:44,REAL,67804122859,539,67804123398,67804123398
2025-06-19 12:02:46,REAL,67804123398,544,67804123942,67804123942
2025-06-19 12:02:48,REAL,67804123942,604,67804124546,67804124546
2025-06-19 12:02:50,REAL,67804124546,590,67804125136,67804125136
2025-06-19 12:02:52,REAL,67804125136,591,67804125727,67804125727
2025-06-19 12:02:54,REAL,67804125727,148173,67804273900,67804273900
2025-06-19 12:02:56,REAL,67804273900,133865,67804407765,67804407765
2025-06-19 12:02:58,REAL,67804407765,28828,67804436593,67804436593
2025-06-19 12:03:00,REAL,67804436593,29309,67804465902,67804465902
2025-06-19 12:03:02,REAL,67804465902,29184,67804495086,67804495086
2025-06-19 12:03:04,REAL,67804495086,28883,67804523969,67804523969
2025-06-19 12:03:06,REAL,67804523969,29408,67804553377,67804553377
2025-06-19 12:03:08,REAL,67804553377,27284,67804580661,67804580661
2025-06-19 12:03:10,REAL,67804580661,543,67804581204,67804581204
2025-06-19 12:03:12,REAL,67804581204,615,67804581819,67804581819
2025-06-19 12:03:14,REAL,67804581819,591,67804582410,67804582410
2025-06-19 12:03:16,REAL,67804582410,535,67804582945,67804582945
2025-06-19 12:03:18,REAL,67804582945,541,67804583486,67804583486
2025-06-19 12:03:20,REAL,67804583486,536,67804584022,67804584022
2025-06-19 12:03:22,REAL,67804584022,537,67804584559,67804584559
2025-06-19 12:03:24,REAL,67804584559,600,67804585159,67804585159
2025-06-19 12:03:26,REAL,67804585159,175914,67804761073,67804761073
2025-06-19 12:03:28,REAL,67804761073,118292,67804879365,67804879365
2025-06-19 12:03:30,REAL,67804879365,29178,67804908543,67804908543
2025-06-19 12:03:32,REAL,67804908543,28839,67804937382,67804937382
2025-06-19 12:03:34,REAL,67804937382,29293,67804966675,67804966675
2025-06-19 12:03:36,REAL,67804966675,29267,67804995942,67804995942
2025-06-19 12:03:38,REAL,67804995942,29078,67805025020,67805025020
2025-06-19 12:03:40,REAL,67805025020,26363,67805051383,67805051383
2025-06-19 12:03:42,REAL,67805051383,612,67805051995,67805051995
2025-06-19 12:03:44,REAL,67805051995,541,67805052536,67805052536
2025-06-19 12:03:46,REAL,67805052536,533,67805053069,67805053069
2025-06-19 12:03:48,REAL,67805053069,533,67805053602,67805053602
2025-06-19 12:03:50,REAL,67805053602,544,67805054146,67805054146
2025-06-19 12:03:52,REAL,67805054146,540,67805054686,67805054686
2025-06-19 12:03:54,REAL,67805054686,591,67805055277,67805055277
2025-06-19 12:03:56,REAL,67805055277,595,67805055872,67805055872
2025-06-19 12:03:58,REAL,67805055872,609,67805056481,67805056481
2025-06-19 12:04:00,REAL,67805056481,542,67805057023,67805057023
2025-06-19 12:04:02,REAL,67805057023,536,67805057559,67805057559
2025-06-19 12:04:04,REAL,67805057559,537,67805058096,67805058096
2025-06-19 12:04:06,REAL,67805058096,534,67805058630,67805058630
2025-06-19 12:04:08,REAL,67805058630,541,67805059171,67805059171
2025-06-19 12:04:10,REAL,67805059171,539,67805059710,67805059710
2025-06-19 12:04:12,REAL,67805059710,679,67805060389,67805060389
2025-06-19 12:04:14,REAL,67805060389,539,67805060928,67805060928
2025-06-19 12:04:16,REAL,67805060928,603,67805061531,67805061531
2025-06-19 12:04:18,REAL,67805061531,540,67805062071,67805062071
2025-06-19 12:04:20,REAL,67805062071,542,67805062613,67805062613
2025-06-19 12:04:22,REAL,67805062613,549,67805063162,67805063162
2025-06-19 12:04:24,REAL,67805063162,541,67805063703,67805063703
2025-06-19 12:04:26,REAL,67805063703,544,67805064247,67805064247
2025-06-19 12:04:28,REAL,67805064247,683,67805064930,67805064930
2025-06-19 12:04:30,REAL,67805064930,600,67805065530,67805065530
2025-06-19 12:04:32,REAL,67805065530,658,67805066188,67805066188
2025-06-19 12:04:34,REAL,67805066188,594,67805066782,67805066782
2025-06-19 12:04:36,REAL,67805066782,532,67805067314,67805067314
2025-06-19 12:04:38,REAL,67805067314,543,67805067857,67805067857
2025-06-19 12:04:40,REAL,67805067857,544,67805068401,67805068401
2025-06-19 12:04:42,REAL,67805068401,618,67805069019,67805069019
2025-06-19 12:04:44,REAL,67805069019,542,67805069561,67805069561
2025-06-19 12:04:46,REAL,67805069561,535,67805070096,67805070096
2025-06-19 12:04:48,REAL,67805070096,540,67805070636,67805070636
2025-06-19 12:04:50,REAL,67805070636,80393,67805151029,67805151029
2025-06-19 12:04:52,REAL,67805151029,175139,67805326168,67805326168
2025-06-19 12:04:54,REAL,67805326168,29106,67805355274,67805355274
2025-06-19 12:04:56,REAL,67805355274,29540,67805384814,67805384814
2025-06-19 12:04:58,REAL,67805384814,29384,67805414198,67805414198
2025-06-19 12:05:00,REAL,67805414198,29295,67805443493,67805443493
2025-06-19 12:05:02,REAL,67805443493,29151,67805472644,67805472644
2025-06-19 12:05:04,REAL,67805472644,28603,67805501247,67805501247
2025-06-19 12:05:06,REAL,67805501247,6712,67805507959,67805507959
2025-06-19 12:05:08,REAL,67805507959,543,67805508502,67805508502
2025-06-19 12:05:10,REAL,67805508502,539,67805509041,67805509041
2025-06-19 12:05:12,REAL,67805509041,671,67805509712,67805509712
2025-06-19 12:05:14,REAL,67805509712,540,67805510252,67805510252
2025-06-19 12:05:16,REAL,67805510252,540,67805510792,67805510792
2025-06-19 12:05:18,REAL,67805510792,544,67805511336,67805511336
2025-06-19 12:05:20,REAL,67805511336,543,67805511879,67805511879
2025-06-19 12:05:22,REAL,67805511879,87491,67805599370,67805599370
2025-06-19 12:05:24,REAL,67805599370,167568,67805766938,67805766938
2025-06-19 12:05:26,REAL,67805766938,29453,67805796391,67805796391
2025-06-19 12:05:28,REAL,67805796391,29185,67805825576,67805825576
2025-06-19 12:05:30,REAL,67805825576,28974,67805854550,67805854550
2025-06-19 12:05:32,REAL,67805854550,28870,67805883420,67805883420
2025-06-19 12:05:34,REAL,67805883420,28993,67805912413,67805912413
2025-06-19 12:05:36,REAL,67805912413,29844,67805942257,67805942257
2025-06-19 12:05:38,REAL,67805942257,5025,67805947282,67805947282
2025-06-19 12:05:40,REAL,67805947282,534,67805947816,67805947816
2025-06-19 12:05:42,REAL,67805947816,622,67805948438,67805948438
2025-06-19 12:05:44,REAL,67805948438,543,67805948981,67805948981
2025-06-19 12:05:46,REAL,67805948981,537,67805949518,67805949518
2025-06-19 12:05:48,REAL,67805949518,531,67805950049,67805950049
2025-06-19 12:05:50,REAL,67805950049,540,67805950589,67805950589
2025-06-19 12:05:52,REAL,67805950589,594,67805951183,67805951183
2025-06-19 12:05:54,REAL,67805951183,104563,67806055746,67806055746
2025-06-19 12:05:56,REAL,67806055746,187617,67806243363,67806243363
2025-06-19 12:05:58,REAL,67806243363,29300,67806272663,67806272663
2025-06-19 12:06:00,REAL,67806272663,28973,67806301636,67806301636
2025-06-19 12:06:02,REAL,67806301636,28941,67806330577,67806330577
2025-06-19 12:06:04,REAL,67806330577,29369,67806359946,67806359946
2025-06-19 12:06:06,REAL,67806359946,29206,67806389152,67806389152
2025-06-19 12:06:08,REAL,67806389152,29188,67806418340,67806418340
2025-06-19 12:06:10,REAL,67806418340,2964,67806421304,67806421304
2025-06-19 12:06:12,REAL,67806421304,615,67806421919,67806421919
2025-06-19 12:06:14,REAL,67806421919,532,67806422451,67806422451
2025-06-19 12:06:16,REAL,67806422451,542,67806422993,67806422993
2025-06-19 12:06:18,REAL,67806422993,541,67806423534,67806423534
2025-06-19 12:06:20,REAL,67806423534,538,67806424072,67806424072
2025-06-19 12:06:22,REAL,67806424072,545,67806424617,67806424617
2025-06-19 12:06:24,REAL,67806424617,533,67806425150,67806425150
2025-06-19 12:06:26,REAL,67806425150,600,67806425750,67806425750
2025-06-19 12:06:28,REAL,67806425750,665,67806426415,67806426415
2025-06-19 12:06:30,REAL,67806426415,545,67806426960,67806426960
2025-06-19 12:06:32,REAL,67806426960,534,67806427494,67806427494
2025-06-19 12:06:34,REAL,67806427494,543,67806428037,67806428037
2025-06-19 12:06:36,REAL,67806428037,538,67806428575,67806428575
2025-06-19 12:06:38,REAL,67806428575,537,67806429112,67806429112
2025-06-19 12:06:40,REAL,67806429112,601,67806429713,67806429713
2025-06-19 12:06:42,REAL,67806429713,734,67806430447,67806430447
2025-06-19 12:06:44,REAL,67806430447,597,67806431044,67806431044
2025-06-19 12:06:46,REAL,67806431044,597,67806431641,67806431641
2025-06-19 12:06:48,REAL,67806431641,253692,67806685333,67806685333
2025-06-19 12:06:50,REAL,67806685333,29267,67806714600,67806714600
2025-06-19 12:06:52,REAL,67806714600,29258,67806743858,67806743858
2025-06-19 12:06:54,REAL,67806743858,29233,67806773091,67806773091
2025-06-19 12:06:56,REAL,67806773091,29720,67806802811,67806802811
2025-06-19 12:06:58,REAL,67806802811,28981,67806831792,67806831792
2025-06-19 12:07:00,REAL,67806831792,28639,67806860431,67806860431
2025-06-19 12:07:02,REAL,67806860431,14476,67806874907,67806874907
2025-06-19 12:07:04,REAL,67806874907,544,67806875451,67806875451
2025-06-19 12:07:06,REAL,67806875451,540,67806875991,67806875991
2025-06-19 12:07:08,REAL,67806875991,547,67806876538,67806876538
2025-06-19 12:07:10,REAL,67806876538,544,67806877082,67806877082
2025-06-19 12:07:12,REAL,67806877082,540,67806877622,67806877622
2025-06-19 12:07:14,REAL,67806877622,618,67806878240,67806878240
2025-06-19 12:07:16,REAL,67806878240,543,67806878783,67806878783
2025-06-19 12:07:18,REAL,67806878783,594,67806879377,67806879377
2025-06-19 12:07:20,REAL,67806879377,533,67806879910,67806879910
2025-06-19 12:07:22,REAL,67806879910,591,67806880501,67806880501
2025-06-19 12:07:24,REAL,67806880501,535,67806881036,67806881036
2025-06-19 12:07:26,REAL,67806881036,540,67806881576,67806881576
2025-06-19 12:07:28,REAL,67806881576,612,67806882188,67806882188
2025-06-19 12:07:30,REAL,67806882188,542,67806882730,67806882730
2025-06-19 12:07:32,REAL,67806882730,606,67806883336,67806883336
2025-06-19 12:07:34,REAL,67806883336,606,67806883942,67806883942
2025-06-19 12:07:36,REAL,67806883942,538,67806884480,67806884480
2025-06-19 12:07:38,REAL,67806884480,541,67806885021,67806885021
2025-06-19 12:07:40,REAL,67806885021,544,67806885565,67806885565
2025-06-19 12:07:42,REAL,67806885565,538,67806886103,67806886103
2025-06-19 12:07:44,REAL,67806886103,617,67806886720,67806886720
2025-06-19 12:07:46,REAL,67806886720,535,67806887255,67806887255
2025-06-19 12:07:48,REAL,67806887255,539,67806887794,67806887794
2025-06-19 12:07:50,REAL,67806887794,657,67806888451,67806888451
2025-06-19 12:07:52,REAL,67806888451,599,67806889050,67806889050
2025-06-19 12:07:54,REAL,67806889050,601,67806889651,67806889651
2025-06-19 12:07:56,REAL,67806889651,663,67806890314,67806890314
2025-06-19 12:07:58,REAL,67806890314,611,67806890925,67806890925
2025-06-19 12:08:00,REAL,67806890925,540,67806891465,67806891465
2025-06-19 12:08:02,REAL,67806891465,538,67806892003,67806892003
2025-06-19 12:08:04,REAL,67806892003,533,67806892536,67806892536
2025-06-19 12:08:06,REAL,67806892536,539,67806893075,67806893075
2025-06-19 12:08:08,REAL,67806893075,543,67806893618,67806893618
2025-06-19 12:08:10,REAL,67806893618,603,67806894221,67806894221
2025-06-19 12:08:12,REAL,67806894221,544,67806894765,67806894765
2025-06-19 12:08:14,REAL,67806894765,619,67806895384,67806895384
2025-06-19 12:08:16,REAL,67806895384,540,67806895924,67806895924
2025-06-19 12:08:18,REAL,67806895924,546,67806896470,67806896470
2025-06-19 12:08:20,REAL,67806896470,540,67806897010,67806897010
2025-06-19 12:08:22,REAL,67806897010,595,67806897605,67806897605
2025-06-19 12:08:24,REAL,67806897605,545,67806898150,67806898150
2025-06-19 12:08:26,REAL,67806898150,602,67806898752,67806898752
2025-06-19 12:08:28,REAL,67806898752,613,67806899365,67806899365
2025-06-19 12:08:30,REAL,67806899365,541,67806899906,67806899906
2025-06-19 12:08:32,REAL,67806899906,605,67806900511,67806900511
2025-06-19 12:08:34,REAL,67806900511,533,67806901044,67806901044
2025-06-19 12:08:36,REAL,67806901044,545,67806901589,67806901589
2025-06-19 12:08:38,REAL,67806901589,543,67806902132,67806902132
2025-06-19 12:08:40,REAL,67806902132,531,67806902663,67806902663
2025-06-19 12:08:42,REAL,67806902663,600,67806903263,67806903263
2025-06-19 12:08:44,REAL,67806903263,614,67806903877,67806903877
2025-06-19 12:08:46,REAL,67806903877,541,67806904418,67806904418
2025-06-19 12:08:48,REAL,67806904418,538,67806904956,67806904956
2025-06-19 12:08:50,REAL,67806904956,539,67806905495,67806905495
2025-06-19 12:08:52,REAL,67806905495,540,67806906035,67806906035
2025-06-19 12:08:54,REAL,67806906035,294,67806906329,67806906329
2025-06-19 12:08:56,REAL,67806906329,535,67806906864,67806906864
2025-06-19 12:08:58,REAL,67806906864,672,67806907536,67806907536
2025-06-19 12:09:00,REAL,67806907536,608,67806908144,67806908144
2025-06-19 12:09:02,REAL,67806908144,602,67806908746,67806908746
2025-06-19 12:09:04,REAL,67806908746,600,67806909346,67806909346
2025-06-19 12:09:06,REAL,67806909346,598,67806909944,67806909944
2025-06-19 12:09:08,REAL,67806909944,540,67806910484,67806910484
2025-06-19 12:09:10,REAL,67806910484,539,67806911023,67806911023
2025-06-19 12:09:12,REAL,67806911023,541,67806911564,67806911564
2025-06-19 12:09:14,REAL,67806911564,676,67806912240,67806912240
2025-06-19 12:09:16,REAL,67806912240,538,67806912778,67806912778
2025-06-19 12:09:18,REAL,67806912778,540,67806913318,67806913318
2025-06-19 12:09:20,REAL,67806913318,82181,67806995499,67806995499
2025-06-19 12:09:22,REAL,67806995499,176476,67807171975,67807171975
2025-06-19 12:09:24,REAL,67807171975,26063,67807198038,67807198038
2025-06-19 12:09:26,REAL,67807198038,29311,67807227349,67807227349
2025-06-19 12:09:28,REAL,67807227349,29372,67807256721,67807256721
2025-06-19 12:09:30,REAL,67807256721,29095,67807285816,67807285816
2025-06-19 12:09:32,REAL,67807285816,29351,67807315167,67807315167
2025-06-19 12:09:34,REAL,67807315167,28826,67807343993,67807343993
2025-06-19 12:09:36,REAL,67807343993,6091,67807350084,67807350084
2025-06-19 12:09:38,REAL,67807350084,534,67807350618,67807350618
2025-06-19 12:09:40,REAL,67807350618,539,67807351157,67807351157
2025-06-19 12:09:42,REAL,67807351157,537,67807351694,67807351694
2025-06-19 12:09:44,REAL,67807351694,616,67807352310,67807352310
2025-06-19 12:09:46,REAL,67807352310,539,67807352849,67807352849
2025-06-19 12:09:48,REAL,67807352849,539,67807353388,67807353388
2025-06-19 12:09:50,REAL,67807353388,548,67807353936,67807353936
2025-06-19 12:09:52,REAL,67807353936,94801,67807448737,67807448737
2025-06-19 12:09:54,REAL,67807448737,158780,67807607517,67807607517
2025-06-19 12:09:56,REAL,67807607517,29517,67807637034,67807637034
2025-06-19 12:09:58,REAL,67807637034,28698,67807665732,67807665732
2025-06-19 12:10:00,REAL,67807665732,28760,67807694492,67807694492
2025-06-19 12:10:02,REAL,67807694492,29007,67807723499,67807723499
2025-06-19 12:10:04,REAL,67807723499,28571,67807752070,67807752070
2025-06-19 12:10:06,REAL,67807752070,28757,67807780827,67807780827
2025-06-19 12:10:08,REAL,67807780827,4107,67807784934,67807784934
2025-06-19 12:10:10,REAL,67807784934,537,67807785471,67807785471
2025-06-19 12:10:12,REAL,67807785471,542,67807786013,67807786013
2025-06-19 12:10:14,REAL,67807786013,611,67807786624,67807786624
2025-06-19 12:10:16,REAL,67807786624,535,67807787159,67807787159
2025-06-19 12:10:18,REAL,67807787159,543,67807787702,67807787702
2025-06-19 12:10:20,REAL,67807787702,535,67807788237,67807788237
2025-06-19 12:10:22,REAL,67807788237,538,67807788775,67807788775
2025-06-19 12:10:24,REAL,67807788775,659,67807789434,67807789434
2025-06-19 12:10:26,REAL,67807789434,654,67807790088,67807790088
2025-06-19 12:10:28,REAL,67807790088,675,67807790763,67807790763
2025-06-19 12:10:30,REAL,67807790763,539,67807791302,67807791302
2025-06-19 12:10:32,REAL,67807791302,542,67807791844,67807791844
2025-06-19 12:10:34,REAL,67807791844,535,67807792379,67807792379
2025-06-19 12:10:36,REAL,67807792379,543,67807792922,67807792922
2025-06-19 12:10:38,REAL,67807792922,547,67807793469,67807793469
2025-06-19 12:10:40,REAL,67807793469,546,67807794015,67807794015
2025-06-19 12:10:42,REAL,67807794015,544,67807794559,67807794559
2025-06-19 12:10:44,REAL,67807794559,671,67807795230,67807795230
2025-06-19 12:10:46,REAL,67807795230,604,67807795834,67807795834
2025-06-19 12:10:48,REAL,67807795834,604,67807796438,67807796438
2025-06-19 12:10:50,REAL,67807796438,607,67807797045,67807797045
2025-06-19 12:10:52,REAL,67807797045,535,67807797580,67807797580
2025-06-19 12:10:54,REAL,67807797580,532,67807798112,67807798112
2025-06-19 12:10:56,REAL,67807798112,601,67807798713,67807798713
2025-06-19 12:10:58,REAL,67807798713,618,67807799331,67807799331
2025-06-19 12:11:00,REAL,67807799331,535,67807799866,67807799866
2025-06-19 12:11:02,REAL,67807799866,599,67807800465,67807800465
2025-06-19 12:11:04,REAL,67807800465,548,67807801013,67807801013
2025-06-19 12:11:06,REAL,67807801013,665,67807801678,67807801678
2025-06-19 12:11:08,REAL,67807801678,602,67807802280,67807802280
2025-06-19 12:11:10,REAL,67807802280,597,67807802877,67807802877
2025-06-19 12:11:12,REAL,67807802877,539,67807803416,67807803416
2025-06-19 12:11:14,REAL,67807803416,611,67807804027,67807804027
2025-06-19 12:11:16,REAL,67807804027,544,67807804571,67807804571
2025-06-19 12:11:18,REAL,67807804571,536,67807805107,67807805107
2025-06-19 12:11:20,REAL,67807805107,537,67807805644,67807805644
2025-06-19 12:11:22,REAL,67807805644,543,67807806187,67807806187
2025-06-19 12:11:24,REAL,67807806187,531,67807806718,67807806718
2025-06-19 12:11:26,REAL,67807806718,606,67807807324,67807807324
2025-06-19 12:11:28,REAL,67807807324,614,67807807938,67807807938
2025-06-19 12:11:30,REAL,67807807938,534,67807808472,67807808472
2025-06-19 12:11:32,REAL,67807808472,539,67807809011,67807809011
2025-06-19 12:11:34,REAL,67807809011,539,67807809550,67807809550
2025-06-19 12:11:36,REAL,67807809550,600,67807810150,67807810150
2025-06-19 12:11:38,REAL,67807810150,543,67807810693,67807810693
2025-06-19 12:11:40,REAL,67807810693,534,67807811227,67807811227
2025-06-19 12:11:42,REAL,67807811227,602,67807811829,67807811829
2025-06-19 12:11:44,REAL,67807811829,618,67807812447,67807812447
2025-06-19 12:11:46,REAL,67807812447,543,67807812990,67807812990
2025-06-19 12:11:48,REAL,67807812990,600,67807813590,67807813590
2025-06-19 12:11:50,REAL,67807813590,543,67807814133,67807814133
2025-06-19 12:11:52,REAL,67807814133,548,67807814681,67807814681
2025-06-19 12:11:54,REAL,67807814681,535,67807815216,67807815216
2025-06-19 12:11:56,REAL,67807815216,545,67807815761,67807815761
2025-06-19 12:11:58,REAL,67807815761,727,67807816488,67807816488
2025-06-19 12:12:00,REAL,67807816488,604,67807817092,67807817092
2025-06-19 12:12:02,REAL,67807817092,592,67807817684,67807817684
2025-06-19 12:12:04,REAL,67807817684,606,67807818290,67807818290
2025-06-19 12:12:06,REAL,67807818290,605,67807818895,67807818895
2025-06-19 12:12:08,REAL,67807818895,658,67807819553,67807819553
2025-06-19 12:12:10,REAL,67807819553,541,67807820094,67807820094
2025-06-19 12:12:12,REAL,67807820094,540,67807820634,67807820634
2025-06-19 12:12:14,REAL,67807820634,624,67807821258,67807821258
2025-06-19 12:12:16,REAL,67807821258,536,67807821794,67807821794
2025-06-19 12:12:18,REAL,67807821794,538,67807822332,67807822332
2025-06-19 12:12:20,REAL,67807822332,536,67807822868,67807822868
2025-06-19 12:12:22,REAL,67807822868,533,67807823401,67807823401
2025-06-19 12:12:24,REAL,67807823401,655,67807824056,67807824056
2025-06-19 12:12:26,REAL,67807824056,601,67807824657,67807824657
2025-06-19 12:12:28,REAL,67807824657,725,67807825382,67807825382
2025-06-19 12:12:30,REAL,67807825382,602,67807825984,67807825984
2025-06-19 12:12:32,REAL,67807825984,608,67807826592,67807826592
2025-06-19 12:12:34,REAL,67807826592,663,67807827255,67807827255
2025-06-19 12:12:36,REAL,67807827255,598,67807827853,67807827853
2025-06-19 12:12:38,REAL,67807827853,601,67807828454,67807828454
2025-06-19 12:12:40,REAL,67807828454,540,67807828994,67807828994
2025-06-19 12:12:42,REAL,67807828994,600,67807829594,67807829594
2025-06-19 12:12:44,REAL,67807829594,610,67807830204,67807830204
2025-06-19 12:12:46,REAL,67807830204,541,67807830745,67807830745
2025-06-19 12:12:48,REAL,67807830745,534,67807831279,67807831279
2025-06-19 12:12:50,REAL,67807831279,539,67807831818,67807831818
2025-06-19 12:12:52,REAL,67807831818,534,67807832352,67807832352
2025-06-19 12:12:54,REAL,67807832352,544,67807832896,67807832896
2025-06-19 12:12:56,REAL,67807832896,176819,67808009715,67808009715
2025-06-19 12:12:58,REAL,67808009715,94791,67808104506,67808104506
2025-06-19 12:13:00,REAL,67808104506,29395,67808133901,67808133901
2025-06-19 12:13:02,REAL,67808133901,29731,67808163632,67808163632
2025-06-19 12:13:04,REAL,67808163632,28628,67808192260,67808192260
2025-06-19 12:13:06,REAL,67808192260,29603,67808221863,67808221863
2025-06-19 12:13:08,REAL,67808221863,29172,67808251035,67808251035
2025-06-19 12:13:10,REAL,67808251035,25166,67808276201,67808276201
2025-06-19 12:13:12,REAL,67808276201,538,67808276739,67808276739
2025-06-19 12:13:14,REAL,67808276739,612,67808277351,67808277351
2025-06-19 12:13:16,REAL,67808277351,530,67808277881,67808277881
2025-06-19 12:13:18,REAL,67808277881,543,67808278424,67808278424
2025-06-19 12:13:20,REAL,67808278424,537,67808278961,67808278961
2025-06-19 12:13:22,REAL,67808278961,539,67808279500,67808279500
2025-06-19 12:13:24,REAL,67808279500,541,67808280041,67808280041
2025-06-19 12:13:26,REAL,67808280041,598,67808280639,67808280639
2025-06-19 12:13:28,REAL,67808280639,595,67808281234,67808281234
2025-06-19 12:13:30,REAL,67808281234,617,67808281851,67808281851
2025-06-19 12:13:32,REAL,67808281851,539,67808282390,67808282390
2025-06-19 12:13:34,REAL,67808282390,539,67808282929,67808282929
2025-06-19 12:13:36,REAL,67808282929,543,67808283472,67808283472
2025-06-19 12:13:38,REAL,67808283472,539,67808284011,67808284011
2025-06-19 12:13:40,REAL,67808284011,539,67808284550,67808284550
2025-06-19 12:13:42,REAL,67808284550,603,67808285153,67808285153
2025-06-19 12:13:44,REAL,67808285153,608,67808285761,67808285761
2025-06-19 12:13:46,REAL,67808285761,535,67808286296,67808286296
2025-06-19 12:13:48,REAL,67808286296,532,67808286828,67808286828
2025-06-19 12:13:50,REAL,67808286828,597,67808287425,67808287425
2025-06-19 12:13:52,REAL,67808287425,535,67808287960,67808287960
2025-06-19 12:13:54,REAL,67808287960,543,67808288503,67808288503
2025-06-19 12:13:56,REAL,67808288503,539,67808289042,67808289042
2025-06-19 12:13:58,REAL,67808289042,599,67808289641,67808289641
2025-06-19 12:14:00,REAL,67808289641,211703,67808501344,67808501344
2025-06-19 12:14:02,REAL,67808501344,60474,67808561818,67808561818
2025-06-19 12:14:04,REAL,67808561818,28776,67808590594,67808590594
2025-06-19 12:14:06,REAL,67808590594,28915,67808619509,67808619509
2025-06-19 12:14:08,REAL,67808619509,29079,67808648588,67808648588
2025-06-19 12:14:10,REAL,67808648588,29643,67808678231,67808678231
2025-06-19 12:14:12,REAL,67808678231,29144,67808707375,67808707375
2025-06-19 12:14:14,REAL,67808707375,21417,67808728792,67808728792
2025-06-19 12:14:16,REAL,67808728792,542,67808729334,67808729334
2025-06-19 12:14:18,REAL,67808729334,536,67808729870,67808729870
2025-06-19 12:14:20,REAL,67808729870,548,67808730418,67808730418
2025-06-19 12:14:22,REAL,67808730418,540,67808730958,67808730958
2025-06-19 12:14:24,REAL,67808730958,533,67808731491,67808731491
2025-06-19 12:14:26,REAL,67808731491,536,67808732027,67808732027
2025-06-19 12:14:28,REAL,67808732027,539,67808732566,67808732566
2025-06-19 12:14:30,REAL,67808732566,735,67808733301,67808733301
2025-06-19 12:14:32,REAL,67808733301,606,67808733907,67808733907
2025-06-19 12:14:34,REAL,67808733907,664,67808734571,67808734571
2025-06-19 12:14:36,REAL,67808734571,605,67808735176,67808735176
2025-06-19 12:14:38,REAL,67808735176,544,67808735720,67808735720
2025-06-19 12:14:40,REAL,67808735720,538,67808736258,67808736258
2025-06-19 12:14:42,REAL,67808736258,538,67808736796,67808736796
2025-06-19 12:14:44,REAL,67808736796,612,67808737408,67808737408
2025-06-19 12:14:46,REAL,67808737408,537,67808737945,67808737945
2025-06-19 12:14:48,REAL,67808737945,537,67808738482,67808738482
2025-06-19 12:14:50,REAL,67808738482,550,67808739032,67808739032
2025-06-19 12:14:52,REAL,67808739032,661,67808739693,67808739693
2025-06-19 12:14:54,REAL,67808739693,600,67808740293,67808740293
2025-06-19 12:14:56,REAL,67808740293,602,67808740895,67808740895
2025-06-19 12:14:58,REAL,67808740895,536,67808741431,67808741431
2025-06-19 12:15:00,REAL,67808741431,609,67808742040,67808742040
2025-06-19 12:15:02,REAL,67808742040,537,67808742577,67808742577
2025-06-19 12:15:04,REAL,67808742577,532,67808743109,67808743109
2025-06-19 12:15:06,REAL,67808743109,602,67808743711,67808743711
2025-06-19 12:15:08,REAL,67808743711,550,67808744261,67808744261
2025-06-19 12:15:10,REAL,67808744261,530,67808744791,67808744791
2025-06-19 12:15:12,REAL,67808744791,660,67808745451,67808745451
2025-06-19 12:15:14,REAL,67808745451,617,67808746068,67808746068
2025-06-19 12:15:16,REAL,67808746068,533,67808746601,67808746601
2025-06-19 12:15:18,REAL,67808746601,538,67808747139,67808747139
2025-06-19 12:15:20,REAL,67808747139,533,67808747672,67808747672
2025-06-19 12:15:22,REAL,67808747672,539,67808748211,67808748211
2025-06-19 12:15:24,REAL,67808748211,540,67808748751,67808748751
2025-06-19 12:15:26,REAL,67808748751,532,67808749283,67808749283
2025-06-19 12:15:28,REAL,67808749283,598,67808749881,67808749881
2025-06-19 12:15:30,REAL,67808749881,234802,67808984683,67808984683
2025-06-19 12:15:32,REAL,67808984683,32493,67809017176,67809017176
2025-06-19 12:15:34,REAL,67809017176,29151,67809046327,67809046327
2025-06-19 12:15:36,REAL,67809046327,29270,67809075597,67809075597
2025-06-19 12:15:38,REAL,67809075597,28377,67809103974,67809103974
2025-06-19 12:15:40,REAL,67809103974,28998,67809132972,67809132972
2025-06-19 12:15:42,REAL,67809132972,29336,67809162308,67809162308
2025-06-19 12:15:44,REAL,67809162308,17291,67809179599,67809179599
2025-06-19 12:15:46,REAL,67809179599,539,67809180138,67809180138
2025-06-19 12:15:48,REAL,67809180138,539,67809180677,67809180677
2025-06-19 12:15:50,REAL,67809180677,545,67809181222,67809181222
2025-06-19 12:15:52,REAL,67809181222,589,67809181811,67809181811
2025-06-19 12:15:54,REAL,67809181811,534,67809182345,67809182345
2025-06-19 12:15:56,REAL,67809182345,538,67809182883,67809182883
2025-06-19 12:15:58,REAL,67809182883,544,67809183427,67809183427
2025-06-19 12:16:00,REAL,67809183427,674,67809184101,67809184101
2025-06-19 12:16:02,REAL,67809184101,271085,67809455186,67809455186
2025-06-19 12:16:04,REAL,67809455186,29065,67809484251,67809484251
2025-06-19 12:16:06,REAL,67809484251,29112,67809513363,67809513363
2025-06-19 12:16:08,REAL,67809513363,28623,67809541986,67809541986
2025-06-19 12:16:10,REAL,67809541986,29456,67809571442,67809571442
2025-06-19 12:16:12,REAL,67809571442,29071,67809600513,67809600513
2025-06-19 12:16:14,REAL,67809600513,29419,67809629932,67809629932
2025-06-19 12:16:16,REAL,67809629932,14913,67809644845,67809644845
2025-06-19 12:16:18,REAL,67809644845,540,67809645385,67809645385
2025-06-19 12:16:20,REAL,67809645385,536,67809645921,67809645921
2025-06-19 12:16:22,REAL,67809645921,536,67809646457,67809646457
2025-06-19 12:16:24,REAL,67809646457,540,67809646997,67809646997
2025-06-19 12:16:26,REAL,67809646997,541,67809647538,67809647538
2025-06-19 12:16:28,REAL,67809647538,543,67809648081,67809648081
2025-06-19 12:16:30,REAL,67809648081,615,67809648696,67809648696
2025-06-19 12:16:32,REAL,67809648696,3764,67809652460,67809652460
2025-06-19 12:16:34,REAL,67809652460,247046,67809899506,67809899506
2025-06-19 12:16:36,REAL,67809899506,28914,67809928420,67809928420
2025-06-19 12:16:38,REAL,67809928420,29498,67809957918,67809957918
2025-06-19 12:16:40,REAL,67809957918,29235,67809987153,67809987153
2025-06-19 12:16:42,REAL,67809987153,29404,67810016557,67810016557
2025-06-19 12:16:44,REAL,67810016557,29326,67810045883,67810045883
2025-06-19 12:16:46,REAL,67810045883,29037,67810074920,67810074920
2025-06-19 12:16:48,REAL,67810074920,13503,67810088423,67810088423
2025-06-19 12:16:50,REAL,67810088423,537,67810088960,67810088960
2025-06-19 12:16:52,REAL,67810088960,538,67810089498,67810089498
2025-06-19 12:16:54,REAL,67810089498,537,67810090035,67810090035
2025-06-19 12:16:56,REAL,67810090035,537,67810090572,67810090572
2025-06-19 12:16:58,REAL,67810090572,538,67810091110,67810091110
2025-06-19 12:17:00,REAL,67810091110,608,67810091718,67810091718
2025-06-19 12:17:02,REAL,67810091718,548,67810092266,67810092266
2025-06-19 12:17:04,REAL,67810092266,18802,67810111068,67810111068
2025-06-19 12:17:06,REAL,67810111068,240246,67810351314,67810351314
2025-06-19 12:17:08,REAL,67810351314,29377,67810380691,67810380691
2025-06-19 12:17:10,REAL,67810380691,28374,67810409065,67810409065
2025-06-19 12:17:12,REAL,67810409065,29524,67810438589,67810438589
2025-06-19 12:17:14,REAL,67810438589,29438,67810468027,67810468027
2025-06-19 12:17:16,REAL,67810468027,29003,67810497030,67810497030
2025-06-19 12:17:18,REAL,67810497030,28917,67810525947,67810525947
2025-06-19 12:17:20,REAL,67810525947,11182,67810537129,67810537129
2025-06-19 12:17:22,REAL,67810537129,538,67810537667,67810537667
2025-06-19 12:17:24,REAL,67810537667,543,67810538210,67810538210
2025-06-19 12:17:26,REAL,67810538210,538,67810538748,67810538748
2025-06-19 12:17:28,REAL,67810538748,541,67810539289,67810539289
2025-06-19 12:17:30,REAL,67810539289,616,67810539905,67810539905
2025-06-19 12:17:32,REAL,67810539905,534,67810540439,67810540439
2025-06-19 12:17:34,REAL,67810540439,539,67810540978,67810540978
2025-06-19 12:17:36,REAL,67810540978,32483,67810573461,67810573461
2025-06-19 12:17:38,REAL,67810573461,237518,67810810979,67810810979
2025-06-19 12:17:40,REAL,67810810979,29333,67810840312,67810840312
2025-06-19 12:17:42,REAL,67810840312,29193,67810869505,67810869505
2025-06-19 12:17:44,REAL,67810869505,29217,67810898722,67810898722
2025-06-19 12:17:46,REAL,67810898722,29066,67810927788,67810927788
2025-06-19 12:17:48,REAL,67810927788,29280,67810957068,67810957068
2025-06-19 12:17:50,REAL,67810957068,29250,67810986318,67810986318
2025-06-19 12:17:52,REAL,67810986318,9730,67810996048,67810996048
2025-06-19 12:17:54,REAL,67810996048,602,67810996650,67810996650
2025-06-19 12:17:56,REAL,67810996650,594,67810997244,67810997244
2025-06-19 12:17:58,REAL,67810997244,545,67810997789,67810997789
2025-06-19 12:18:00,REAL,67810997789,615,67810998404,67810998404
2025-06-19 12:18:02,REAL,67810998404,537,67810998941,67810998941
2025-06-19 12:18:04,REAL,67810998941,543,67810999484,67810999484
2025-06-19 12:18:06,REAL,67810999484,595,67811000079,67811000079
2025-06-19 12:18:08,REAL,67811000079,538,67811000617,67811000617
2025-06-19 12:18:10,REAL,67811000617,541,67811001158,67811001158
2025-06-19 12:18:12,REAL,67811001158,594,67811001752,67811001752
2025-06-19 12:18:14,REAL,67811001752,673,67811002425,67811002425
2025-06-19 12:18:16,REAL,67811002425,602,67811003027,67811003027
2025-06-19 12:18:18,REAL,67811003027,655,67811003682,67811003682
2025-06-19 12:18:20,REAL,67811003682,543,67811004225,67811004225
2025-06-19 12:18:22,REAL,67811004225,537,67811004762,67811004762
2025-06-19 12:18:24,REAL,67811004762,541,67811005303,67811005303
2025-06-19 12:18:26,REAL,67811005303,543,67811005846,67811005846
2025-06-19 12:18:28,REAL,67811005846,543,67811006389,67811006389
2025-06-19 12:18:30,REAL,67811006389,605,67811006994,67811006994
2025-06-19 12:18:32,REAL,67811006994,540,67811007534,67811007534
2025-06-19 12:18:34,REAL,67811007534,65217,67811072751,67811072751
2025-06-19 12:18:36,REAL,67811072751,186143,67811258894,67811258894
2025-06-19 12:18:38,REAL,67811258894,29682,67811288576,67811288576
2025-06-19 12:18:40,REAL,67811288576,28952,67811317528,67811317528
2025-06-19 12:18:42,REAL,67811317528,29037,67811346565,67811346565
2025-06-19 12:18:44,REAL,67811346565,29078,67811375643,67811375643
2025-06-19 12:18:46,REAL,67811375643,29341,67811404984,67811404984
2025-06-19 12:18:48,REAL,67811404984,29417,67811434401,67811434401
2025-06-19 12:18:50,REAL,67811434401,7158,67811441559,67811441559
2025-06-19 12:18:52,REAL,67811441559,607,67811442166,67811442166
2025-06-19 12:18:54,REAL,67811442166,594,67811442760,67811442760
2025-06-19 12:18:56,REAL,67811442760,541,67811443301,67811443301
2025-06-19 12:18:58,REAL,67811443301,540,67811443841,67811443841
2025-06-19 12:19:00,REAL,67811443841,608,67811444449,67811444449
2025-06-19 12:19:02,REAL,67811444449,533,67811444982,67811444982
2025-06-19 12:19:04,REAL,67811444982,540,67811445522,67811445522
2025-06-19 12:19:06,REAL,67811445522,543,67811446065,67811446065
2025-06-19 12:19:08,REAL,67811446065,593,67811446658,67811446658
2025-06-19 12:19:10,REAL,67811446658,605,67811447263,67811447263
2025-06-19 12:19:12,REAL,67811447263,540,67811447803,67811447803
2025-06-19 12:19:14,REAL,67811447803,546,67811448349,67811448349
2025-06-19 12:19:16,REAL,67811448349,677,67811449026,67811449026
2025-06-19 12:19:18,REAL,67811449026,540,67811449566,67811449566
2025-06-19 12:19:20,REAL,67811449566,540,67811450106,67811450106
2025-06-19 12:19:22,REAL,67811450106,540,67811450646,67811450646
2025-06-19 12:19:24,REAL,67811450646,535,67811451181,67811451181
2025-06-19 12:19:26,REAL,67811451181,603,67811451784,67811451784
2025-06-19 12:19:28,REAL,67811451784,536,67811452320,67811452320
2025-06-19 12:19:30,REAL,67811452320,617,67811452937,67811452937
2025-06-19 12:19:32,REAL,67811452937,541,67811453478,67811453478
2025-06-19 12:19:34,REAL,67811453478,540,67811454018,67811454018
2025-06-19 12:19:36,REAL,67811454018,540,67811454558,67811454558
2025-06-19 12:19:38,REAL,67811454558,597,67811455155,67811455155
2025-06-19 12:19:40,REAL,67811455155,544,67811455699,67811455699
2025-06-19 12:19:42,REAL,67811455699,600,67811456299,67811456299
2025-06-19 12:19:44,REAL,67811456299,533,67811456832,67811456832
2025-06-19 12:19:46,REAL,67811456832,609,67811457441,67811457441
2025-06-19 12:19:48,REAL,67811457441,540,67811457981,67811457981
2025-06-19 12:19:50,REAL,67811457981,539,67811458520,67811458520
2025-06-19 12:19:52,REAL,67811458520,548,67811459068,67811459068
2025-06-19 12:19:54,REAL,67811459068,538,67811459606,67811459606
2025-06-19 12:19:56,REAL,67811459606,541,67811460147,67811460147
2025-06-19 12:19:58,REAL,67811460147,658,67811460805,67811460805
2025-06-19 12:20:00,REAL,67811460805,615,67811461420,67811461420
2025-06-19 12:20:02,REAL,67811461420,545,67811461965,67811461965
2025-06-19 12:20:04,REAL,67811461965,544,67811462509,67811462509
2025-06-19 12:20:06,REAL,67811462509,538,67811463047,67811463047
2025-06-19 12:20:08,REAL,67811463047,592,67811463639,67811463639
2025-06-19 12:20:10,REAL,67811463639,535,67811464174,67811464174
2025-06-19 12:20:12,REAL,67811464174,544,67811464718,67811464718
2025-06-19 12:20:14,REAL,67811464718,610,67811465328,67811465328
2025-06-19 12:20:16,REAL,67811465328,617,67811465945,67811465945
2025-06-19 12:20:18,REAL,67811465945,534,67811466479,67811466479
2025-06-19 12:20:20,REAL,67811466479,536,67811467015,67811467015
2025-06-19 12:20:22,REAL,67811467015,545,67811467560,67811467560
2025-06-19 12:20:24,REAL,67811467560,535,67811468095,67811468095
2025-06-19 12:20:26,REAL,67811468095,536,67811468631,67811468631
2025-06-19 12:20:28,REAL,67811468631,543,67811469174,67811469174
2025-06-19 12:20:30,REAL,67811469174,675,67811469849,67811469849
2025-06-19 12:20:32,REAL,67811469849,600,67811470449,67811470449
2025-06-19 12:20:34,REAL,67811470449,597,67811471046,67811471046
2025-06-19 12:20:36,REAL,67811471046,652,67811471698,67811471698
2025-06-19 12:20:38,REAL,67811471698,600,67811472298,67811472298
2025-06-19 12:20:40,REAL,67811472298,713,67811473011,67811473011
2025-06-19 12:20:42,REAL,67811473011,602,67811473613,67811473613
2025-06-19 12:20:44,REAL,67811473613,603,67811474216,67811474216
2025-06-19 12:20:46,REAL,67811474216,667,67811474883,67811474883
2025-06-19 12:20:48,REAL,67811474883,539,67811475422,67811475422
2025-06-19 12:20:50,REAL,67811475422,533,67811475955,67811475955
2025-06-19 12:20:52,REAL,67811475955,537,67811476492,67811476492
2025-06-19 12:20:54,REAL,67811476492,543,67811477035,67811477035
2025-06-19 12:20:56,REAL,67811477035,538,67811477573,67811477573
2025-06-19 12:20:58,REAL,67811477573,543,67811478116,67811478116
2025-06-19 12:21:00,REAL,67811478116,541,67811478657,67811478657
2025-06-19 12:21:02,REAL,67811478657,672,67811479329,67811479329
2025-06-19 12:21:04,REAL,67811479329,534,67811479863,67811479863
2025-06-19 12:21:06,REAL,67811479863,540,67811480403,67811480403
2025-06-19 12:21:08,REAL,67811480403,536,67811480939,67811480939
2025-06-19 12:21:10,REAL,67811480939,601,67811481540,67811481540
2025-06-19 12:21:12,REAL,67811481540,537,67811482077,67811482077
2025-06-19 12:21:14,REAL,67811482077,546,67811482623,67811482623
2025-06-19 12:21:16,REAL,67811482623,622,67811483245,67811483245
2025-06-19 12:21:18,REAL,67811483245,599,67811483844,67811483844
2025-06-19 12:21:20,REAL,67811483844,540,67811484384,67811484384
2025-06-19 12:21:22,REAL,67811484384,591,67811484975,67811484975
2025-06-19 12:21:24,REAL,67811484975,539,67811485514,67811485514
2025-06-19 12:21:26,REAL,67811485514,542,67811486056,67811486056
2025-06-19 12:21:28,REAL,67811486056,547,67811486603,67811486603
2025-06-19 12:21:30,REAL,67811486603,541,67811487144,67811487144
2025-06-19 12:21:32,REAL,67811487144,671,67811487815,67811487815
2025-06-19 12:21:34,REAL,67811487815,538,67811488353,67811488353
2025-06-19 12:21:36,REAL,67811488353,537,67811488890,67811488890
2025-06-19 12:21:38,REAL,67811488890,602,67811489492,67811489492
2025-06-19 12:21:40,REAL,67811489492,542,67811490034,67811490034
2025-06-19 12:21:42,REAL,67811490034,530,67811490564,67811490564
2025-06-19 12:21:44,REAL,67811490564,532,67811491096,67811491096
2025-06-19 12:21:46,REAL,67811491096,614,67811491710,67811491710
2025-06-19 12:21:48,REAL,67811491710,654,67811492364,67811492364
2025-06-19 12:21:50,REAL,67811492364,545,67811492909,67811492909
2025-06-19 12:21:52,REAL,67811492909,535,67811493444,67811493444
2025-06-19 12:21:54,REAL,67811493444,547,67811493991,67811493991
2025-06-19 12:21:56,REAL,67811493991,544,67811494535,67811494535
2025-06-19 12:21:58,REAL,67811494535,539,67811495074,67811495074
2025-06-19 12:22:00,REAL,67811495074,537,67811495611,67811495611
2025-06-19 12:22:02,REAL,67811495611,610,67811496221,67811496221
2025-06-19 12:22:04,REAL,67811496221,602,67811496823,67811496823
2025-06-19 12:22:06,REAL,67811496823,546,67811497369,67811497369
2025-06-19 12:22:08,REAL,67811497369,545,67811497914,67811497914
2025-06-19 12:22:10,REAL,67811497914,535,67811498449,67811498449
2025-06-19 12:22:12,REAL,67811498449,604,67811499053,67811499053
2025-06-19 12:22:14,REAL,67811499053,540,67811499593,67811499593
2025-06-19 12:22:16,REAL,67811499593,670,67811500263,67811500263
2025-06-19 12:22:18,REAL,67811500263,538,67811500801,67811500801
2025-06-19 12:22:20,REAL,67811500801,591,67811501392,67811501392
2025-06-19 12:22:22,REAL,67811501392,179051,67811680443,67811680443
2025-06-19 12:22:24,REAL,67811680443,101604,67811782047,67811782047
2025-06-19 12:22:26,REAL,67811782047,29042,67811811089,67811811089
2025-06-19 12:22:28,REAL,67811811089,29340,67811840429,67811840429
2025-06-19 12:22:30,REAL,67811840429,28784,67811869213,67811869213
2025-06-19 12:22:32,REAL,67811869213,29282,67811898495,67811898495
2025-06-19 12:22:34,REAL,67811898495,29435,67811927930,67811927930
2025-06-19 12:22:36,REAL,67811927930,23916,67811951846,67811951846
2025-06-19 12:22:38,REAL,67811951846,602,67811952448,67811952448
2025-06-19 12:22:40,REAL,67811952448,603,67811953051,67811953051
2025-06-19 12:22:42,REAL,67811953051,38472,67811991523,67811991523
2025-06-19 12:22:44,REAL,67811991523,176914,67812168437,67812168437
2025-06-19 12:22:46,REAL,67812168437,29050,67812197487,67812197487
2025-06-19 12:22:48,REAL,67812197487,29283,67812226770,67812226770
2025-06-19 12:22:50,REAL,67812226770,29185,67812255955,67812255955
2025-06-19 12:22:52,REAL,67812255955,29301,67812285256,67812285256
2025-06-19 12:22:54,REAL,67812285256,28860,67812314116,67812314116
2025-06-19 12:22:56,REAL,67812314116,29767,67812343883,67812343883
2025-06-19 12:22:58,REAL,67812343883,8890,67812352773,67812352773
2025-06-19 12:23:00,REAL,67812352773,597,67812353370,67812353370
2025-06-19 12:23:02,REAL,67812353370,684,67812354054,67812354054
2025-06-19 12:23:04,REAL,67812354054,205440,67812559494,67812559494
2025-06-19 12:23:06,REAL,67812559494,77548,67812637042,67812637042
2025-06-19 12:23:08,REAL,67812637042,29004,67812666046,67812666046
2025-06-19 12:23:10,REAL,67812666046,28932,67812694978,67812694978
2025-06-19 12:23:12,REAL,67812694978,29476,67812724454,67812724454
2025-06-19 12:23:14,REAL,67812724454,29201,67812753655,67812753655
2025-06-19 12:23:16,REAL,67812753655,28813,67812782468,67812782468
2025-06-19 12:23:18,REAL,67812782468,22048,67812804516,67812804516
2025-06-19 12:23:20,REAL,67812804516,544,67812805060,67812805060
2025-06-19 12:23:22,REAL,67812805060,544,67812805604,67812805604
2025-06-19 12:23:24,REAL,67812805604,535,67812806139,67812806139
2025-06-19 12:23:26,REAL,67812806139,542,67812806681,67812806681
2025-06-19 12:23:28,REAL,67812806681,595,67812807276,67812807276
2025-06-19 12:23:30,REAL,67812807276,600,67812807876,67812807876
2025-06-19 12:23:32,REAL,67812807876,612,67812808488,67812808488
2025-06-19 12:23:34,REAL,67812808488,605,67812809093,67812809093
2025-06-19 12:23:36,REAL,67812809093,212532,67813021625,67813021625
2025-06-19 12:23:38,REAL,67813021625,57579,67813079204,67813079204
2025-06-19 12:23:40,REAL,67813079204,29121,67813108325,67813108325
2025-06-19 12:23:42,REAL,67813108325,28930,67813137255,67813137255
2025-06-19 12:23:44,REAL,67813137255,28934,67813166189,67813166189
2025-06-19 12:23:46,REAL,67813166189,28854,67813195043,67813195043
2025-06-19 12:23:48,REAL,67813195043,29198,67813224241,67813224241
2025-06-19 12:23:50,REAL,67813224241,20262,67813244503,67813244503
2025-06-19 12:23:52,REAL,67813244503,545,67813245048,67813245048
2025-06-19 12:23:54,REAL,67813245048,546,67813245594,67813245594
2025-06-19 12:23:56,REAL,67813245594,543,67813246137,67813246137
2025-06-19 12:23:58,REAL,67813246137,533,67813246670,67813246670
2025-06-19 12:24:00,REAL,67813246670,600,67813247270,67813247270
2025-06-19 12:24:02,REAL,67813247270,611,67813247881,67813247881
2025-06-19 12:24:04,REAL,67813247881,537,67813248418,67813248418
2025-06-19 12:24:06,REAL,67813248418,666,67813249084,67813249084
2025-06-19 12:24:08,REAL,67813249084,537,67813249621,67813249621
2025-06-19 12:24:10,REAL,67813249621,550,67813250171,67813250171
2025-06-19 12:24:12,REAL,67813250171,543,67813250714,67813250714
2025-06-19 12:24:14,REAL,67813250714,548,67813251262,67813251262
2025-06-19 12:24:16,REAL,67813251262,545,67813251807,67813251807
2025-06-19 12:24:18,REAL,67813251807,616,67813252423,67813252423
2025-06-19 12:24:20,REAL,67813252423,539,67813252962,67813252962
2025-06-19 12:24:22,REAL,67813252962,603,67813253565,67813253565
2025-06-19 12:24:24,REAL,67813253565,534,67813254099,67813254099
2025-06-19 12:24:26,REAL,67813254099,593,67813254692,67813254692
2025-06-19 12:24:28,REAL,67813254692,540,67813255232,67813255232
2025-06-19 12:24:30,REAL,67813255232,544,67813255776,67813255776
2025-06-19 12:24:32,REAL,67813255776,616,67813256392,67813256392
2025-06-19 12:24:34,REAL,67813256392,541,67813256933,67813256933
2025-06-19 12:24:36,REAL,67813256933,542,67813257475,67813257475
2025-06-19 12:24:38,REAL,67813257475,600,67813258075,67813258075
2025-06-19 12:24:40,REAL,67813258075,592,67813258667,67813258667
2025-06-19 12:24:42,REAL,67813258667,656,67813259323,67813259323
2025-06-19 12:24:44,REAL,67813259323,602,67813259925,67813259925
2025-06-19 12:24:46,REAL,67813259925,544,67813260469,67813260469
2025-06-19 12:24:48,REAL,67813260469,610,67813261079,67813261079
2025-06-19 12:24:50,REAL,67813261079,600,67813261679,67813261679
2025-06-19 12:24:52,REAL,67813261679,541,67813262220,67813262220
2025-06-19 12:24:54,REAL,67813262220,536,67813262756,67813262756
2025-06-19 12:24:56,REAL,67813262756,541,67813263297,67813263297
2025-06-19 12:24:58,REAL,67813263297,543,67813263840,67813263840
2025-06-19 12:25:00,REAL,67813263840,650,67813264490,67813264490
2025-06-19 12:25:02,REAL,67813264490,608,67813265098,67813265098
2025-06-19 12:25:04,REAL,67813265098,680,67813265778,67813265778
2025-06-19 12:25:06,REAL,67813265778,595,67813266373,67813266373
2025-06-19 12:25:08,REAL,67813266373,601,67813266974,67813266974
2025-06-19 12:25:10,REAL,67813266974,595,67813267569,67813267569
2025-06-19 12:25:12,REAL,67813267569,541,67813268110,67813268110
2025-06-19 12:25:14,REAL,67813268110,538,67813268648,67813268648
2025-06-19 12:25:16,REAL,67813268648,650,67813269298,67813269298
2025-06-19 12:25:18,REAL,67813269298,618,67813269916,67813269916
2025-06-19 12:25:20,REAL,67813269916,539,67813270455,67813270455
2025-06-19 12:25:22,REAL,67813270455,543,67813270998,67813270998
2025-06-19 12:25:24,REAL,67813270998,543,67813271541,67813271541
2025-06-19 12:25:26,REAL,67813271541,602,67813272143,67813272143
2025-06-19 12:25:28,REAL,67813272143,535,67813272678,67813272678
2025-06-19 12:25:30,REAL,67813272678,540,67813273218,67813273218
2025-06-19 12:25:32,REAL,67813273218,530,67813273748,67813273748
2025-06-19 12:25:34,REAL,67813273748,619,67813274367,67813274367
2025-06-19 12:25:36,REAL,67813274367,536,67813274903,67813274903
2025-06-19 12:25:38,REAL,67813274903,302,67813275205,67813275205
2025-06-19 12:25:40,REAL,67813275205,596,67813275801,67813275801
2025-06-19 12:25:42,REAL,67813275801,605,67813276406,67813276406
2025-06-19 12:25:44,REAL,67813276406,542,67813276948,67813276948
2025-06-19 12:25:46,REAL,67813276948,530,67813277478,67813277478
2025-06-19 12:25:48,REAL,67813277478,616,67813278094,67813278094
2025-06-19 12:25:50,REAL,67813278094,547,67813278641,67813278641
2025-06-19 12:25:52,REAL,67813278641,534,67813279175,67813279175
2025-06-19 12:25:54,REAL,67813279175,592,67813279767,67813279767
2025-06-19 12:25:56,REAL,67813279767,542,67813280309,67813280309
2025-06-19 12:25:58,REAL,67813280309,596,67813280905,67813280905
2025-06-19 12:26:00,REAL,67813280905,547,67813281452,67813281452
2025-06-19 12:26:02,REAL,67813281452,541,67813281993,67813281993
2025-06-19 12:26:04,REAL,67813281993,671,67813282664,67813282664
2025-06-19 12:26:06,REAL,67813282664,547,67813283211,67813283211
2025-06-19 12:26:08,REAL,67813283211,547,67813283758,67813283758
2025-06-19 12:26:10,REAL,67813283758,539,67813284297,67813284297
2025-06-19 12:26:12,REAL,67813284297,605,67813284902,67813284902
2025-06-19 12:26:14,REAL,67813284902,532,67813285434,67813285434
2025-06-19 12:26:16,REAL,67813285434,544,67813285978,67813285978
2025-06-19 12:26:18,REAL,67813285978,617,67813286595,67813286595
2025-06-19 12:26:20,REAL,67813286595,540,67813287135,67813287135
2025-06-19 12:26:22,REAL,67813287135,542,67813287677,67813287677
2025-06-19 12:26:24,REAL,67813287677,544,67813288221,67813288221
2025-06-19 12:26:26,REAL,67813288221,544,67813288765,67813288765
2025-06-19 12:26:28,REAL,67813288765,599,67813289364,67813289364
2025-06-19 12:26:30,REAL,67813289364,603,67813289967,67813289967
2025-06-19 12:26:32,REAL,67813289967,541,67813290508,67813290508
2025-06-19 12:26:34,REAL,67813290508,621,67813291129,67813291129
2025-06-19 12:26:36,REAL,67813291129,540,67813291669,67813291669
2025-06-19 12:26:38,REAL,67813291669,546,67813292215,67813292215
2025-06-19 12:26:40,REAL,67813292215,540,67813292755,67813292755
2025-06-19 12:26:42,REAL,67813292755,599,67813293354,67813293354
2025-06-19 12:26:44,REAL,67813293354,600,67813293954,67813293954
2025-06-19 12:26:46,REAL,67813293954,548,67813294502,67813294502
2025-06-19 12:26:48,REAL,67813294502,614,67813295116,67813295116
2025-06-19 12:26:50,REAL,67813295116,535,67813295651,67813295651
2025-06-19 12:26:52,REAL,67813295651,530,67813296181,67813296181
2025-06-19 12:26:54,REAL,67813296181,535,67813296716,67813296716
2025-06-19 12:26:56,REAL,67813296716,539,67813297255,67813297255
2025-06-19 12:26:58,REAL,67813297255,541,67813297796,67813297796
2025-06-19 12:27:00,REAL,67813297796,595,67813298391,67813298391
2025-06-19 12:27:02,REAL,67813298391,542,67813298933,67813298933
2025-06-19 12:27:04,REAL,67813298933,617,67813299550,67813299550
2025-06-19 12:27:06,REAL,67813299550,593,67813300143,67813300143
2025-06-19 12:27:08,REAL,67813300143,541,67813300684,67813300684
2025-06-19 12:27:10,REAL,67813300684,544,67813301228,67813301228
2025-06-19 12:27:12,REAL,67813301228,533,67813301761,67813301761
2025-06-19 12:27:14,REAL,67813301761,534,67813302295,67813302295
2025-06-19 12:27:16,REAL,67813302295,608,67813302903,67813302903
2025-06-19 12:27:18,REAL,67813302903,191137,67813494040,67813494040
2025-06-19 12:27:20,REAL,67813494040,87184,67813581224,67813581224
2025-06-19 12:27:22,REAL,67813581224,29456,67813610680,67813610680
2025-06-19 12:27:24,REAL,67813610680,29425,67813640105,67813640105
2025-06-19 12:27:26,REAL,67813640105,29124,67813669229,67813669229
2025-06-19 12:27:28,REAL,67813669229,29362,67813698591,67813698591
2025-06-19 12:27:30,REAL,67813698591,29281,67813727872,67813727872
2025-06-19 12:27:32,REAL,67813727872,22976,67813750848,67813750848
2025-06-19 12:27:34,REAL,67813750848,670,67813751518,67813751518
2025-06-19 12:27:36,REAL,67813751518,537,67813752055,67813752055
2025-06-19 12:27:38,REAL,67813752055,546,67813752601,67813752601
2025-06-19 12:27:40,REAL,67813752601,545,67813753146,67813753146
2025-06-19 12:27:42,REAL,67813753146,537,67813753683,67813753683
2025-06-19 12:27:44,REAL,67813753683,538,67813754221,67813754221
2025-06-19 12:27:46,REAL,67813754221,549,67813754770,67813754770
2025-06-19 12:27:48,REAL,67813754770,606,67813755376,67813755376
2025-06-19 12:27:50,REAL,67813755376,203052,67813958428,67813958428
2025-06-19 12:27:52,REAL,67813958428,74771,67814033199,67814033199
2025-06-19 12:27:54,REAL,67814033199,29088,67814062287,67814062287
2025-06-19 12:27:56,REAL,67814062287,29281,67814091568,67814091568
2025-06-19 12:27:58,REAL,67814091568,29223,67814120791,67814120791
2025-06-19 12:28:00,REAL,67814120791,29135,67814149926,67814149926
2025-06-19 12:28:02,REAL,67814149926,29007,67814178933,67814178933
2025-06-19 12:28:04,REAL,67814178933,21067,67814200000,67814200000
2025-06-19 12:28:06,REAL,67814200000,538,67814200538,67814200538
2025-06-19 12:28:08,REAL,67814200538,540,67814201078,67814201078
2025-06-19 12:28:10,REAL,67814201078,547,67814201625,67814201625
2025-06-19 12:28:12,REAL,67814201625,541,67814202166,67814202166
2025-06-19 12:28:14,REAL,67814202166,549,67814202715,67814202715
2025-06-19 12:28:16,REAL,67814202715,531,67814203246,67814203246
2025-06-19 12:28:18,REAL,67814203246,538,67814203784,67814203784
2025-06-19 12:28:20,REAL,67814203784,667,67814204451,67814204451
2025-06-19 12:28:22,REAL,67814204451,598,67814205049,67814205049
2025-06-19 12:28:24,REAL,67814205049,608,67814205657,67814205657
2025-06-19 12:28:26,REAL,67814205657,764,67814206421,67814206421
2025-06-19 12:28:28,REAL,67814206421,607,67814207028,67814207028
2025-06-19 12:28:30,REAL,67814207028,594,67814207622,67814207622
2025-06-19 12:28:32,REAL,67814207622,539,67814208161,67814208161
2025-06-19 12:28:34,REAL,67814208161,616,67814208777,67814208777
2025-06-19 12:28:36,REAL,67814208777,532,67814209309,67814209309
2025-06-19 12:28:38,REAL,67814209309,536,67814209845,67814209845
2025-06-19 12:28:40,REAL,67814209845,543,67814210388,67814210388
2025-06-19 12:28:42,REAL,67814210388,546,67814210934,67814210934
2025-06-19 12:28:44,REAL,67814210934,535,67814211469,67814211469
2025-06-19 12:28:46,REAL,67814211469,595,67814212064,67814212064
2025-06-19 12:28:48,REAL,67814212064,540,67814212604,67814212604
2025-06-19 12:28:50,REAL,67814212604,623,67814213227,67814213227
2025-06-19 12:28:52,REAL,67814213227,544,67814213771,67814213771
2025-06-19 12:28:54,REAL,67814213771,590,67814214361,67814214361
2025-06-19 12:28:56,REAL,67814214361,550,67814214911,67814214911
2025-06-19 12:28:58,REAL,67814214911,541,67814215452,67814215452
2025-06-19 12:29:00,REAL,67814215452,546,67814215998,67814215998
2025-06-19 12:29:02,REAL,67814215998,658,67814216656,67814216656
2025-06-19 12:29:04,REAL,67814216656,540,67814217196,67814217196
2025-06-19 12:29:06,REAL,67814217196,616,67814217812,67814217812
2025-06-19 12:29:08,REAL,67814217812,539,67814218351,67814218351
2025-06-19 12:29:10,REAL,67814218351,539,67814218890,67814218890
2025-06-19 12:29:12,REAL,67814218890,544,67814219434,67814219434
2025-06-19 12:29:14,REAL,67814219434,538,67814219972,67814219972
2025-06-19 12:29:16,REAL,67814219972,534,67814220506,67814220506
2025-06-19 12:29:18,REAL,67814220506,594,67814221100,67814221100
2025-06-19 12:29:20,REAL,67814221100,670,67814221770,67814221770
2025-06-19 12:29:22,REAL,67814221770,545,67814222315,67814222315
2025-06-19 12:29:24,REAL,67814222315,548,67814222863,67814222863
2025-06-19 12:29:26,REAL,67814222863,544,67814223407,67814223407
2025-06-19 12:29:28,REAL,67814223407,538,67814223945,67814223945
2025-06-19 12:29:30,REAL,67814223945,534,67814224479,67814224479
2025-06-19 12:29:32,REAL,67814224479,536,67814225015,67814225015
2025-06-19 12:29:34,REAL,67814225015,602,67814225617,67814225617
2025-06-19 12:29:36,REAL,67814225617,263886,67814489503,67814489503
2025-06-19 12:29:38,REAL,67814489503,29440,67814518943,67814518943
2025-06-19 12:29:40,REAL,67814518943,29582,67814548525,67814548525
2025-06-19 12:29:42,REAL,67814548525,29157,67814577682,67814577682
2025-06-19 12:29:44,REAL,67814577682,29180,67814606862,67814606862
2025-06-19 12:29:46,REAL,67814606862,29277,67814636139,67814636139
2025-06-19 12:29:48,REAL,67814636139,28919,67814665058,67814665058
2025-06-19 12:29:50,REAL,67814665058,15978,67814681036,67814681036
2025-06-19 12:29:52,REAL,67814681036,593,67814681629,67814681629
2025-06-19 12:29:54,REAL,67814681629,602,67814682231,67814682231
2025-06-19 12:29:56,REAL,67814682231,119199,67814801430,67814801430
2025-06-19 12:29:58,REAL,67814801430,152060,67814953490,67814953490
2025-06-19 12:30:00,REAL,67814953490,29095,67814982585,67814982585
2025-06-19 12:30:02,REAL,67814982585,29692,67815012277,67815012277
2025-06-19 12:30:04,REAL,67815012277,29290,67815041567,67815041567
2025-06-19 12:30:06,REAL,67815041567,28936,67815070503,67815070503
2025-06-19 12:30:08,REAL,67815070503,29162,67815099665,67815099665
2025-06-19 12:30:10,REAL,67815099665,29898,67815129563,67815129563
2025-06-19 12:30:12,REAL,67815129563,927,67815130490,67815130490
2025-06-19 12:30:14,REAL,67815130490,652,67815131142,67815131142
2025-06-19 12:30:16,REAL,67815131142,599,67815131741,67815131741
2025-06-19 12:30:18,REAL,67815131741,548,67815132289,67815132289
2025-06-19 12:30:20,REAL,67815132289,619,67815132908,67815132908
2025-06-19 12:30:22,REAL,67815132908,538,67815133446,67815133446
2025-06-19 12:30:24,REAL,67815133446,540,67815133986,67815133986
2025-06-19 12:30:26,REAL,67815133986,540,67815134526,67815134526
2025-06-19 12:30:28,REAL,67815134526,544,67815135070,67815135070
2025-06-19 12:30:30,REAL,67815135070,536,67815135606,67815135606
2025-06-19 12:30:32,REAL,67815135606,653,67815136259,67815136259
2025-06-19 12:30:34,REAL,67815136259,600,67815136859,67815136859
2025-06-19 12:30:36,REAL,67815136859,676,67815137535,67815137535
2025-06-19 12:30:38,REAL,67815137535,599,67815138134,67815138134
2025-06-19 12:30:40,REAL,67815138134,593,67815138727,67815138727
2025-06-19 12:30:42,REAL,67815138727,533,67815139260,67815139260
2025-06-19 12:30:44,REAL,67815139260,534,67815139794,67815139794
2025-06-19 12:30:46,REAL,67815139794,540,67815140334,67815140334
2025-06-19 12:30:48,REAL,67815140334,542,67815140876,67815140876
2025-06-19 12:30:50,REAL,67815140876,613,67815141489,67815141489
2025-06-19 12:30:52,REAL,67815141489,600,67815142089,67815142089
2025-06-19 12:30:54,REAL,67815142089,160146,67815302235,67815302235
2025-06-19 12:30:56,REAL,67815302235,118906,67815421141,67815421141
2025-06-19 12:30:58,REAL,67815421141,29123,67815450264,67815450264
2025-06-19 12:31:00,REAL,67815450264,29175,67815479439,67815479439
2025-06-19 12:31:02,REAL,67815479439,29147,67815508586,67815508586
2025-06-19 12:31:04,REAL,67815508586,29202,67815537788,67815537788
2025-06-19 12:31:06,REAL,67815537788,28952,67815566740,67815566740
2025-06-19 12:31:08,REAL,67815566740,26217,67815592957,67815592957
2025-06-19 12:31:10,REAL,67815592957,533,67815593490,67815593490
2025-06-19 12:31:12,REAL,67815593490,545,67815594035,67815594035
2025-06-19 12:31:14,REAL,67815594035,534,67815594569,67815594569
2025-06-19 12:31:16,REAL,67815594569,537,67815595106,67815595106
2025-06-19 12:31:18,REAL,67815595106,545,67815595651,67815595651
2025-06-19 12:31:20,REAL,67815595651,538,67815596189,67815596189
2025-06-19 12:31:22,REAL,67815596189,617,67815596806,67815596806
2025-06-19 12:31:24,REAL,67815596806,597,67815597403,67815597403
2025-06-19 12:31:26,REAL,67815597403,537,67815597940,67815597940
2025-06-19 12:31:28,REAL,67815597940,544,67815598484,67815598484
2025-06-19 12:31:30,REAL,67815598484,597,67815599081,67815599081
2025-06-19 12:31:32,REAL,67815599081,591,67815599672,67815599672
2025-06-19 12:31:34,REAL,67815599672,538,67815600210,67815600210
2025-06-19 12:31:36,REAL,67815600210,615,67815600825,67815600825
2025-06-19 12:31:38,REAL,67815600825,544,67815601369,67815601369
2025-06-19 12:31:40,REAL,67815601369,598,67815601967,67815601967
2025-06-19 12:31:42,REAL,67815601967,540,67815602507,67815602507
2025-06-19 12:31:44,REAL,67815602507,542,67815603049,67815603049
2025-06-19 12:31:46,REAL,67815603049,532,67815603581,67815603581
2025-06-19 12:31:48,REAL,67815603581,545,67815604126,67815604126
2025-06-19 12:31:50,REAL,67815604126,540,67815604666,67815604666
2025-06-19 12:31:52,REAL,67815604666,614,67815605280,67815605280
2025-06-19 12:31:54,REAL,67815605280,541,67815605821,67815605821
2025-06-19 12:31:56,REAL,67815605821,596,67815606417,67815606417
2025-06-19 12:31:58,REAL,67815606417,593,67815607010,67815607010
2025-06-19 12:32:00,REAL,67815607010,540,67815607550,67815607550
2025-06-19 12:32:02,REAL,67815607550,543,67815608093,67815608093
2025-06-19 12:32:04,REAL,67815608093,539,67815608632,67815608632
2025-06-19 12:32:06,REAL,67815608632,612,67815609244,67815609244
2025-06-19 12:32:08,REAL,67815609244,594,67815609838,67815609838
2025-06-19 12:32:10,REAL,67815609838,543,67815610381,67815610381
2025-06-19 12:32:12,REAL,67815610381,596,67815610977,67815610977
2025-06-19 12:32:14,REAL,67815610977,537,67815611514,67815611514
2025-06-19 12:32:16,REAL,67815611514,538,67815612052,67815612052
2025-06-19 12:32:18,REAL,67815612052,533,67815612585,67815612585
2025-06-19 12:32:20,REAL,67815612585,535,67815613120,67815613120
2025-06-19 12:32:22,REAL,67815613120,610,67815613730,67815613730
2025-06-19 12:32:24,REAL,67815613730,537,67815614267,67815614267
2025-06-19 12:32:26,REAL,67815614267,593,67815614860,67815614860
2025-06-19 12:32:28,REAL,67815614860,603,67815615463,67815615463
2025-06-19 12:32:30,REAL,67815615463,533,67815615996,67815615996
2025-06-19 12:32:32,REAL,67815615996,535,67815616531,67815616531
2025-06-19 12:32:34,REAL,67815616531,540,67815617071,67815617071
2025-06-19 12:32:36,REAL,67815617071,613,67815617684,67815617684
2025-06-19 12:32:38,REAL,67815617684,531,67815618215,67815618215
2025-06-19 12:32:40,REAL,67815618215,546,67815618761,67815618761
2025-06-19 12:32:42,REAL,67815618761,598,67815619359,67815619359
2025-06-19 12:32:44,REAL,67815619359,597,67815619956,67815619956
2025-06-19 12:32:46,REAL,67815619956,537,67815620493,67815620493
2025-06-19 12:32:48,REAL,67815620493,537,67815621030,67815621030
2025-06-19 12:32:50,REAL,67815621030,539,67815621569,67815621569
2025-06-19 12:32:52,REAL,67815621569,615,67815622184,67815622184
2025-06-19 12:32:54,REAL,67815622184,538,67815622722,67815622722
2025-06-19 12:32:56,REAL,67815622722,589,67815623311,67815623311
2025-06-19 12:32:58,REAL,67815623311,541,67815623852,67815623852
2025-06-19 12:33:00,REAL,67815623852,603,67815624455,67815624455
2025-06-19 12:33:02,REAL,67815624455,541,67815624996,67815624996
2025-06-19 12:33:04,REAL,67815624996,539,67815625535,67815625535
2025-06-19 12:33:06,REAL,67815625535,615,67815626150,67815626150
2025-06-19 12:33:08,REAL,67815626150,546,67815626696,67815626696
2025-06-19 12:33:10,REAL,67815626696,542,67815627238,67815627238
2025-06-19 12:33:12,REAL,67815627238,542,67815627780,67815627780
2025-06-19 12:33:14,REAL,67815627780,538,67815628318,67815628318
2025-06-19 12:33:16,REAL,67815628318,600,67815628918,67815628918
2025-06-19 12:33:18,REAL,67815628918,594,67815629512,67815629512
2025-06-19 12:33:20,REAL,67815629512,543,67815630055,67815630055
2025-06-19 12:33:22,REAL,67815630055,622,67815630677,67815630677
2025-06-19 12:33:24,REAL,67815630677,602,67815631279,67815631279
2025-06-19 12:33:26,REAL,67815631279,537,67815631816,67815631816
2025-06-19 12:33:28,REAL,67815631816,539,67815632355,67815632355
2025-06-19 12:33:30,REAL,67815632355,539,67815632894,67815632894
2025-06-19 12:33:32,REAL,67815632894,603,67815633497,67815633497
2025-06-19 12:33:34,REAL,67815633497,229805,67815863302,67815863302
2025-06-19 12:33:36,REAL,67815863302,26539,67815889841,67815889841
2025-06-19 12:33:38,REAL,67815889841,29233,67815919074,67815919074
2025-06-19 12:33:40,REAL,67815919074,29032,67815948106,67815948106
2025-06-19 12:33:42,REAL,67815948106,29393,67815977499,67815977499
2025-06-19 12:33:44,REAL,67815977499,28693,67816006192,67816006192
2025-06-19 12:33:46,REAL,67816006192,29145,67816035337,67816035337
2025-06-19 12:33:48,REAL,67816035337,17373,67816052710,67816052710
2025-06-19 12:33:50,REAL,67816052710,535,67816053245,67816053245
2025-06-19 12:33:52,REAL,67816053245,622,67816053867,67816053867
2025-06-19 12:33:54,REAL,67816053867,654,67816054521,67816054521
2025-06-19 12:33:56,REAL,67816054521,537,67816055058,67816055058
2025-06-19 12:33:58,REAL,67816055058,541,67816055599,67816055599
2025-06-19 12:34:00,REAL,67816055599,543,67816056142,67816056142
2025-06-19 12:34:02,REAL,67816056142,600,67816056742,67816056742
2025-06-19 12:34:04,REAL,67816056742,601,67816057343,67816057343
2025-06-19 12:34:06,REAL,67816057343,534,67816057877,67816057877
2025-06-19 12:34:08,REAL,67816057877,614,67816058491,67816058491
2025-06-19 12:34:10,REAL,67816058491,541,67816059032,67816059032
2025-06-19 12:34:12,REAL,67816059032,540,67816059572,67816059572
2025-06-19 12:34:14,REAL,67816059572,536,67816060108,67816060108
2025-06-19 12:34:16,REAL,67816060108,542,67816060650,67816060650
2025-06-19 12:34:18,REAL,67816060650,543,67816061193,67816061193
2025-06-19 12:34:20,REAL,67816061193,600,67816061793,67816061793
2025-06-19 12:34:22,REAL,67816061793,610,67816062403,67816062403
2025-06-19 12:34:24,REAL,67816062403,533,67816062936,67816062936
2025-06-19 12:34:26,REAL,67816062936,540,67816063476,67816063476
2025-06-19 12:34:28,REAL,67816063476,545,67816064021,67816064021
2025-06-19 12:34:30,REAL,67816064021,593,67816064614,67816064614
2025-06-19 12:34:32,REAL,67816064614,604,67816065218,67816065218
2025-06-19 12:34:34,REAL,67816065218,545,67816065763,67816065763
2025-06-19 12:34:36,REAL,67816065763,600,67816066363,67816066363
2025-06-19 12:34:38,REAL,67816066363,668,67816067031,67816067031
2025-06-19 12:34:40,REAL,67816067031,600,67816067631,67816067631
2025-06-19 12:34:42,REAL,67816067631,596,67816068227,67816068227
2025-06-19 12:34:44,REAL,67816068227,539,67816068766,67816068766
2025-06-19 12:34:46,REAL,67816068766,538,67816069304,67816069304
2025-06-19 12:34:48,REAL,67816069304,537,67816069841,67816069841
2025-06-19 12:34:50,REAL,67816069841,543,67816070384,67816070384
2025-06-19 12:34:52,REAL,67816070384,617,67816071001,67816071001
2025-06-19 12:34:54,REAL,67816071001,545,67816071546,67816071546
2025-06-19 12:34:56,REAL,67816071546,602,67816072148,67816072148
2025-06-19 12:34:58,REAL,67816072148,530,67816072678,67816072678
2025-06-19 12:35:00,REAL,67816072678,590,67816073268,67816073268
2025-06-19 12:35:02,REAL,67816073268,535,67816073803,67816073803
2025-06-19 12:35:04,REAL,67816073803,537,67816074340,67816074340
2025-06-19 12:35:06,REAL,67816074340,596,67816074936,67816074936
2025-06-19 12:35:08,REAL,67816074936,622,67816075558,67816075558
2025-06-19 12:35:10,REAL,67816075558,543,67816076101,67816076101
2025-06-19 12:35:12,REAL,67816076101,608,67816076709,67816076709
2025-06-19 12:35:14,REAL,67816076709,547,67816077256,67816077256
2025-06-19 12:35:16,REAL,67816077256,538,67816077794,67816077794
2025-06-19 12:35:18,REAL,67816077794,549,67816078343,67816078343
2025-06-19 12:35:20,REAL,67816078343,541,67816078884,67816078884
2025-06-19 12:35:22,REAL,67816078884,611,67816079495,67816079495
2025-06-19 12:35:24,REAL,67816079495,548,67816080043,67816080043
2025-06-19 12:35:26,REAL,67816080043,539,67816080582,67816080582
2025-06-19 12:35:28,REAL,67816080582,597,67816081179,67816081179
2025-06-19 12:35:30,REAL,67816081179,598,67816081777,67816081777
2025-06-19 12:35:32,REAL,67816081777,544,67816082321,67816082321
2025-06-19 12:35:34,REAL,67816082321,535,67816082856,67816082856
2025-06-19 12:35:36,REAL,67816082856,545,67816083401,67816083401
2025-06-19 12:35:38,REAL,67816083401,612,67816084013,67816084013
2025-06-19 12:35:40,REAL,67816084013,597,67816084610,67816084610
2025-06-19 12:35:42,REAL,67816084610,543,67816085153,67816085153
2025-06-19 12:35:44,REAL,67816085153,606,67816085759,67816085759
2025-06-19 12:35:46,REAL,67816085759,538,67816086297,67816086297
2025-06-19 12:35:48,REAL,67816086297,542,67816086839,67816086839
2025-06-19 12:35:50,REAL,67816086839,543,67816087382,67816087382
2025-06-19 12:35:52,REAL,67816087382,544,67816087926,67816087926
2025-06-19 12:35:54,REAL,67816087926,617,67816088543,67816088543
2025-06-19 12:35:56,REAL,67816088543,533,67816089076,67816089076
2025-06-19 12:35:58,REAL,67816089076,544,67816089620,67816089620
2025-06-19 12:36:00,REAL,67816089620,657,67816090277,67816090277
2025-06-19 12:36:02,REAL,67816090277,603,67816090880,67816090880
2025-06-19 12:36:04,REAL,67816090880,603,67816091483,67816091483
2025-06-19 12:36:06,REAL,67816091483,659,67816092142,67816092142
2025-06-19 12:36:08,REAL,67816092142,670,67816092812,67816092812
2025-06-19 12:36:10,REAL,67816092812,595,67816093407,67816093407
2025-06-19 12:36:12,REAL,67816093407,591,67816093998,67816093998
2025-06-19 12:36:14,REAL,67816093998,598,67816094596,67816094596
2025-06-19 12:36:16,REAL,67816094596,712,67816095308,67816095308
2025-06-19 12:36:18,REAL,67816095308,663,67816095971,67816095971
2025-06-19 12:36:20,REAL,67816095971,601,67816096572,67816096572
2025-06-19 12:36:22,REAL,67816096572,543,67816097115,67816097115
2025-06-19 12:36:24,REAL,67816097115,608,67816097723,67816097723
2025-06-19 12:36:26,REAL,67816097723,535,67816098258,67816098258
2025-06-19 12:36:28,REAL,67816098258,532,67816098790,67816098790
2025-06-19 12:36:30,REAL,67816098790,532,67816099322,67816099322
2025-06-19 12:36:32,REAL,67816099322,540,67816099862,67816099862
2025-06-19 12:36:34,REAL,67816099862,538,67816100400,67816100400
2025-06-19 12:36:36,REAL,67816100400,601,67816101001,67816101001
2025-06-19 12:36:38,REAL,67816101001,609,67816101610,67816101610
2025-06-19 12:36:40,REAL,67816101610,550,67816102160,67816102160
2025-06-19 12:36:42,REAL,67816102160,549,67816102709,67816102709
2025-06-19 12:36:44,REAL,67816102709,592,67816103301,67816103301
2025-06-19 12:36:46,REAL,67816103301,539,67816103840,67816103840
2025-06-19 12:36:48,REAL,67816103840,538,67816104378,67816104378
2025-06-19 12:36:50,REAL,67816104378,539,67816104917,67816104917
2025-06-19 12:36:52,REAL,67816104917,654,67816105571,67816105571
2025-06-19 12:36:54,REAL,67816105571,616,67816106187,67816106187
2025-06-19 12:36:56,REAL,67816106187,538,67816106725,67816106725
2025-06-19 12:36:58,REAL,67816106725,542,67816107267,67816107267
2025-06-19 12:37:00,REAL,67816107267,538,67816107805,67816107805
2025-06-19 12:37:02,REAL,67816107805,546,67816108351,67816108351
2025-06-19 12:37:04,REAL,67816108351,537,67816108888,67816108888
2025-06-19 12:37:06,REAL,67816108888,542,67816109430,67816109430
2025-06-19 12:37:08,REAL,67816109430,680,67816110110,67816110110
2025-06-19 12:37:10,REAL,67816110110,547,67816110657,67816110657
2025-06-19 12:37:12,REAL,67816110657,534,67816111191,67816111191
2025-06-19 12:37:14,REAL,67816111191,541,67816111732,67816111732
2025-06-19 12:37:16,REAL,67816111732,536,67816112268,67816112268
2025-06-19 12:37:18,REAL,67816112268,545,67816112813,67816112813
2025-06-19 12:37:20,REAL,67816112813,542,67816113355,67816113355
2025-06-19 12:37:22,REAL,67816113355,549,67816113904,67816113904
2025-06-19 12:37:24,REAL,67816113904,682,67816114586,67816114586
2025-06-19 12:37:26,REAL,67816114586,596,67816115182,67816115182
2025-06-19 12:37:28,REAL,67816115182,708,67816115890,67816115890
2025-06-19 12:37:30,REAL,67816115890,663,67816116553,67816116553
2025-06-19 12:37:32,REAL,67816116553,596,67816117149,67816117149
2025-06-19 12:37:34,REAL,67816117149,598,67816117747,67816117747
2025-06-19 12:37:36,REAL,67816117747,540,67816118287,67816118287
2025-06-19 12:37:38,REAL,67816118287,538,67816118825,67816118825
2025-06-19 12:37:40,REAL,67816118825,616,67816119441,67816119441
2025-06-19 12:37:42,REAL,67816119441,543,67816119984,67816119984
2025-06-19 12:37:44,REAL,67816119984,539,67816120523,67816120523
2025-06-19 12:37:46,REAL,67816120523,543,67816121066,67816121066
2025-06-19 12:37:48,REAL,67816121066,541,67816121607,67816121607
2025-06-19 12:37:50,REAL,67816121607,604,67816122211,67816122211
2025-06-19 12:37:52,REAL,67816122211,604,67816122815,67816122815
2025-06-19 12:37:54,REAL,67816122815,671,67816123486,67816123486
2025-06-19 12:37:56,REAL,67816123486,602,67816124088,67816124088
2025-06-19 12:37:58,REAL,67816124088,536,67816124624,67816124624
2025-06-19 12:38:00,REAL,67816124624,540,67816125164,67816125164
2025-06-19 12:38:02,REAL,67816125164,543,67816125707,67816125707
2025-06-19 12:38:04,REAL,67816125707,597,67816126304,67816126304
2025-06-19 12:38:06,REAL,67816126304,537,67816126841,67816126841
2025-06-19 12:38:08,REAL,67816126841,539,67816127380,67816127380
2025-06-19 12:38:10,REAL,67816127380,610,67816127990,67816127990
2025-06-19 12:38:12,REAL,67816127990,655,67816128645,67816128645
2025-06-19 12:38:14,REAL,67816128645,540,67816129185,67816129185
2025-06-19 12:38:16,REAL,67816129185,534,67816129719,67816129719
2025-06-19 12:38:18,REAL,67816129719,543,67816130262,67816130262
2025-06-19 12:38:20,REAL,67816130262,533,67816130795,67816130795
2025-06-19 12:38:22,REAL,67816130795,548,67816131343,67816131343
2025-06-19 12:38:24,REAL,67816131343,622,67816131965,67816131965
2025-06-19 12:38:26,REAL,67816131965,539,67816132504,67816132504
2025-06-19 12:38:28,REAL,67816132504,592,67816133096,67816133096
2025-06-19 12:38:30,REAL,67816133096,534,67816133630,67816133630
2025-06-19 12:38:32,REAL,67816133630,547,67816134177,67816134177
2025-06-19 12:38:34,REAL,67816134177,540,67816134717,67816134717
2025-06-19 12:38:36,REAL,67816134717,537,67816135254,67816135254
2025-06-19 12:38:38,REAL,67816135254,591,67816135845,67816135845
2025-06-19 12:38:40,REAL,67816135845,607,67816136452,67816136452
2025-06-19 12:38:42,REAL,67816136452,542,67816136994,67816136994
2025-06-19 12:38:44,REAL,67816136994,123250,67816260244,67816260244
2025-06-19 12:38:46,REAL,67816260244,147165,67816407409,67816407409
2025-06-19 12:38:48,REAL,67816407409,29167,67816436576,67816436576
2025-06-19 12:38:50,REAL,67816436576,29377,67816465953,67816465953
2025-06-19 12:38:52,REAL,67816465953,28960,67816494913,67816494913
2025-06-19 12:38:54,REAL,67816494913,28677,67816523590,67816523590
2025-06-19 12:38:56,REAL,67816523590,28794,67816552384,67816552384
2025-06-19 12:38:58,REAL,67816552384,29168,67816581552,67816581552
2025-06-19 12:39:00,REAL,67816581552,2276,67816583828,67816583828
2025-06-19 12:39:02,REAL,67816583828,546,67816584374,67816584374
2025-06-19 12:39:04,REAL,67816584374,537,67816584911,67816584911
2025-06-19 12:39:06,REAL,67816584911,540,67816585451,67816585451
2025-06-19 12:39:08,REAL,67816585451,540,67816585991,67816585991
2025-06-19 12:39:10,REAL,67816585991,615,67816586606,67816586606
2025-06-19 12:39:12,REAL,67816586606,545,67816587151,67816587151
2025-06-19 12:39:14,REAL,67816587151,592,67816587743,67816587743
2025-06-19 12:39:16,REAL,67816587743,607,67816588350,67816588350
2025-06-19 12:39:18,REAL,67816588350,545,67816588895,67816588895
2025-06-19 12:39:20,REAL,67816588895,540,67816589435,67816589435
2025-06-19 12:39:22,REAL,67816589435,535,67816589970,67816589970
2025-06-19 12:39:24,REAL,67816589970,614,67816590584,67816590584
2025-06-19 12:39:26,REAL,67816590584,547,67816591131,67816591131
2025-06-19 12:39:28,REAL,67816591131,595,67816591726,67816591726
2025-06-19 12:39:30,REAL,67816591726,542,67816592268,67816592268
2025-06-19 12:39:32,REAL,67816592268,593,67816592861,67816592861
2025-06-19 12:39:34,REAL,67816592861,546,67816593407,67816593407
2025-06-19 12:39:36,REAL,67816593407,538,67816593945,67816593945
2025-06-19 12:39:38,REAL,67816593945,545,67816594490,67816594490
2025-06-19 12:39:40,REAL,67816594490,615,67816595105,67816595105
2025-06-19 12:39:42,REAL,67816595105,544,67816595649,67816595649
2025-06-19 12:39:44,REAL,67816595649,545,67816596194,67816596194
2025-06-19 12:39:46,REAL,67816596194,602,67816596796,67816596796
2025-06-19 12:39:48,REAL,67816596796,540,67816597336,67816597336
2025-06-19 12:39:50,REAL,67816597336,542,67816597878,67816597878
2025-06-19 12:39:52,REAL,67816597878,598,67816598476,67816598476
2025-06-19 12:39:54,REAL,67816598476,624,67816599100,67816599100
2025-06-19 12:39:56,REAL,67816599100,537,67816599637,67816599637
2025-06-19 12:39:58,REAL,67816599637,532,67816600169,67816600169
2025-06-19 12:40:00,REAL,67816600169,541,67816600710,67816600710
2025-06-19 12:40:02,REAL,67816600710,600,67816601310,67816601310
2025-06-19 12:40:04,REAL,67816601310,598,67816601908,67816601908
2025-06-19 12:40:06,REAL,67816601908,607,67816602515,67816602515
2025-06-19 12:40:08,REAL,67816602515,661,67816603176,67816603176
2025-06-19 12:40:10,REAL,67816603176,676,67816603852,67816603852
2025-06-19 12:40:12,REAL,67816603852,601,67816604453,67816604453
2025-06-19 12:40:14,REAL,67816604453,596,67816605049,67816605049
2025-06-19 12:40:16,REAL,67816605049,544,67816605593,67816605593
2025-06-19 12:40:18,REAL,67816605593,546,67816606139,67816606139
2025-06-19 12:40:20,REAL,67816606139,546,67816606685,67816606685
2025-06-19 12:40:22,REAL,67816606685,545,67816607230,67816607230
2025-06-19 12:40:24,REAL,67816607230,624,67816607854,67816607854
2025-06-19 12:40:26,REAL,67816607854,601,67816608455,67816608455
2025-06-19 12:40:28,REAL,67816608455,595,67816609050,67816609050
2025-06-19 12:40:30,REAL,67816609050,607,67816609657,67816609657
2025-06-19 12:40:32,REAL,67816609657,601,67816610258,67816610258
2025-06-19 12:40:34,REAL,67816610258,595,67816610853,67816610853
2025-06-19 12:40:36,REAL,67816610853,541,67816611394,67816611394
2025-06-19 12:40:38,REAL,67816611394,548,67816611942,67816611942
2025-06-19 12:40:40,REAL,67816611942,609,67816612551,67816612551
2025-06-19 12:40:42,REAL,67816612551,539,67816613090,67816613090
2025-06-19 12:40:44,REAL,67816613090,542,67816613632,67816613632
2025-06-19 12:40:46,REAL,67816613632,548,67816614180,67816614180
2025-06-19 12:40:48,REAL,67816614180,532,67816614712,67816614712
2025-06-19 12:40:50,REAL,67816614712,600,67816615312,67816615312
2025-06-19 12:40:52,REAL,67816615312,540,67816615852,67816615852
2025-06-19 12:40:54,REAL,67816615852,617,67816616469,67816616469
2025-06-19 12:40:56,REAL,67816616469,537,67816617006,67816617006
2025-06-19 12:40:58,REAL,67816617006,546,67816617552,67816617552
2025-06-19 12:41:00,REAL,67816617552,595,67816618147,67816618147
2025-06-19 12:41:02,REAL,67816618147,591,67816618738,67816618738
2025-06-19 12:41:04,REAL,67816618738,535,67816619273,67816619273
2025-06-19 12:41:06,REAL,67816619273,663,67816619936,67816619936
2025-06-19 12:41:08,REAL,67816619936,606,67816620542,67816620542
2025-06-19 12:41:10,REAL,67816620542,673,67816621215,67816621215
2025-06-19 12:41:12,REAL,67816621215,545,67816621760,67816621760
2025-06-19 12:41:14,REAL,67816621760,535,67816622295,67816622295
2025-06-19 12:41:16,REAL,67816622295,533,67816622828,67816622828
2025-06-19 12:41:18,REAL,67816622828,537,67816623365,67816623365
2025-06-19 12:41:20,REAL,67816623365,547,67816623912,67816623912
2025-06-19 12:41:22,REAL,67816623912,544,67816624456,67816624456
2025-06-19 12:41:24,REAL,67816624456,624,67816625080,67816625080
2025-06-19 12:41:26,REAL,67816625080,608,67816625688,67816625688
2025-06-19 12:41:28,REAL,67816625688,534,67816626222,67816626222
2025-06-19 12:41:30,REAL,67816626222,540,67816626762,67816626762
2025-06-19 12:41:32,REAL,67816626762,543,67816627305,67816627305
2025-06-19 12:41:34,REAL,67816627305,542,67816627847,67816627847
2025-06-19 12:41:36,REAL,67816627847,543,67816628390,67816628390
2025-06-19 12:41:38,REAL,67816628390,601,67816628991,67816628991
2025-06-19 12:41:40,REAL,67816628991,618,67816629609,67816629609
2025-06-19 12:41:42,REAL,67816629609,606,67816630215,67816630215
2025-06-19 12:41:44,REAL,67816630215,593,67816630808,67816630808
2025-06-19 12:41:46,REAL,67816630808,543,67816631351,67816631351
2025-06-19 12:41:48,REAL,67816631351,540,67816631891,67816631891
2025-06-19 12:41:50,REAL,67816631891,542,67816632433,67816632433
2025-06-19 12:41:52,REAL,67816632433,545,67816632978,67816632978
2025-06-19 12:41:54,REAL,67816632978,616,67816633594,67816633594
2025-06-19 12:41:56,REAL,67816633594,540,67816634134,67816634134
2025-06-19 12:41:58,REAL,67816634134,597,67816634731,67816634731
2025-06-19 12:42:00,REAL,67816634731,536,67816635267,67816635267
2025-06-19 12:42:02,REAL,67816635267,537,67816635804,67816635804
2025-06-19 12:42:04,REAL,67816635804,543,67816636347,67816636347
2025-06-19 12:42:06,REAL,67816636347,591,67816636938,67816636938
2025-06-19 12:42:08,REAL,67816636938,543,67816637481,67816637481
2025-06-19 12:42:10,REAL,67816637481,607,67816638088,67816638088
2025-06-19 12:42:12,REAL,67816638088,594,67816638682,67816638682
2025-06-19 12:42:14,REAL,67816638682,602,67816639284,67816639284
2025-06-19 12:42:16,REAL,67816639284,543,67816639827,67816639827
2025-06-19 12:42:18,REAL,67816639827,543,67816640370,67816640370
2025-06-19 12:42:20,REAL,67816640370,538,67816640908,67816640908
2025-06-19 12:42:22,REAL,67816640908,545,67816641453,67816641453
2025-06-19 12:42:24,REAL,67816641453,545,67816641998,67816641998
2025-06-19 12:42:26,REAL,67816641998,372,67816642370,67816642370
2025-06-19 12:42:28,REAL,67816642370,537,67816642907,67816642907
2025-06-19 12:42:30,REAL,67816642907,656,67816643563,67816643563
2025-06-19 12:42:32,REAL,67816643563,534,67816644097,67816644097
2025-06-19 12:42:34,REAL,67816644097,599,67816644696,67816644696
2025-06-19 12:42:36,REAL,67816644696,542,67816645238,67816645238
2025-06-19 12:42:38,REAL,67816645238,543,67816645781,67816645781
2025-06-19 12:42:40,REAL,67816645781,614,67816646395,67816646395
2025-06-19 12:42:42,REAL,67816646395,533,67816646928,67816646928
2025-06-19 12:42:44,REAL,67816646928,534,67816647462,67816647462
2025-06-19 12:42:46,REAL,67816647462,601,67816648063,67816648063
2025-06-19 12:42:48,REAL,67816648063,540,67816648603,67816648603
2025-06-19 12:42:50,REAL,67816648603,545,67816649148,67816649148
2025-06-19 12:42:52,REAL,67816649148,604,67816649752,67816649752
2025-06-19 12:42:54,REAL,67816649752,533,67816650285,67816650285
2025-06-19 12:42:56,REAL,67816650285,607,67816650892,67816650892
2025-06-19 12:42:58,REAL,67816650892,593,67816651485,67816651485
2025-06-19 12:43:00,REAL,67816651485,541,67816652026,67816652026
2025-06-19 12:43:02,REAL,67816652026,666,67816652692,67816652692
2025-06-19 12:43:04,REAL,67816652692,545,67816653237,67816653237
2025-06-19 12:43:06,REAL,67816653237,534,67816653771,67816653771
2025-06-19 12:43:08,REAL,67816653771,537,67816654308,67816654308
2025-06-19 12:43:10,REAL,67816654308,613,67816654921,67816654921
2025-06-19 12:43:12,REAL,67816654921,537,67816655458,67816655458
2025-06-19 12:43:14,REAL,67816655458,599,67816656057,67816656057
2025-06-19 12:43:16,REAL,67816656057,542,67816656599,67816656599
2025-06-19 12:43:18,REAL,67816656599,601,67816657200,67816657200
2025-06-19 12:43:20,REAL,67816657200,595,67816657795,67816657795
2025-06-19 12:43:22,REAL,67816657795,534,67816658329,67816658329
2025-06-19 12:43:24,REAL,67816658329,543,67816658872,67816658872
2025-06-19 12:43:26,REAL,67816658872,622,67816659494,67816659494
2025-06-19 12:43:28,REAL,67816659494,534,67816660028,67816660028
2025-06-19 12:43:30,REAL,67816660028,544,67816660572,67816660572
2025-06-19 12:43:32,REAL,67816660572,537,67816661109,67816661109
2025-06-19 12:43:34,REAL,67816661109,602,67816661711,67816661711
2025-06-19 12:43:36,REAL,67816661711,538,67816662249,67816662249
2025-06-19 12:43:38,REAL,67816662249,595,67816662844,67816662844
2025-06-19 12:43:40,REAL,67816662844,615,67816663459,67816663459
2025-06-19 12:43:42,REAL,67816663459,593,67816664052,67816664052
2025-06-19 12:43:44,REAL,67816664052,540,67816664592,67816664592
2025-06-19 12:43:46,REAL,67816664592,534,67816665126,67816665126
2025-06-19 12:43:48,REAL,67816665126,542,67816665668,67816665668
2025-06-19 12:43:50,REAL,67816665668,600,67816666268,67816666268
2025-06-19 12:43:52,REAL,67816666268,534,67816666802,67816666802
2025-06-19 12:43:54,REAL,67816666802,541,67816667343,67816667343
2025-06-19 12:43:56,REAL,67816667343,618,67816667961,67816667961
2025-06-19 12:43:58,REAL,67816667961,539,67816668500,67816668500
2025-06-19 12:44:00,REAL,67816668500,595,67816669095,67816669095
2025-06-19 12:44:02,REAL,67816669095,543,67816669638,67816669638
2025-06-19 12:44:04,REAL,67816669638,595,67816670233,67816670233
2025-06-19 12:44:06,REAL,67816670233,600,67816670833,67816670833
2025-06-19 12:44:08,REAL,67816670833,537,67816671370,67816671370
2025-06-19 12:44:10,REAL,67816671370,540,67816671910,67816671910
2025-06-19 12:44:12,REAL,67816671910,614,67816672524,67816672524
2025-06-19 12:44:14,REAL,67816672524,537,67816673061,67816673061
2025-06-19 12:44:16,REAL,67816673061,537,67816673598,67816673598
2025-06-19 12:44:18,REAL,67816673598,534,67816674132,67816674132
2025-06-19 12:44:20,REAL,67816674132,538,67816674670,67816674670
2025-06-19 12:44:22,REAL,67816674670,657,67816675327,67816675327
2025-06-19 12:44:24,REAL,67816675327,546,67816675873,67816675873
2025-06-19 12:44:26,REAL,67816675873,614,67816676487,67816676487
2025-06-19 12:44:28,REAL,67816676487,602,67816677089,67816677089
2025-06-19 12:44:30,REAL,67816677089,539,67816677628,67816677628
2025-06-19 12:44:32,REAL,67816677628,544,67816678172,67816678172
2025-06-19 12:44:34,REAL,67816678172,540,67816678712,67816678712
2025-06-19 12:44:36,REAL,67816678712,544,67816679256,67816679256
2025-06-19 12:44:38,REAL,67816679256,604,67816679860,67816679860
2025-06-19 12:44:40,REAL,67816679860,534,67816680394,67816680394
2025-06-19 12:44:42,REAL,67816680394,610,67816681004,67816681004
2025-06-19 12:44:44,REAL,67816681004,596,67816681600,67816681600
2025-06-19 12:44:46,REAL,67816681600,531,67816682131,67816682131
2025-06-19 12:44:48,REAL,67816682131,542,67816682673,67816682673
2025-06-19 12:44:50,REAL,67816682673,592,67816683265,67816683265
2025-06-19 12:44:52,REAL,67816683265,544,67816683809,67816683809
2025-06-19 12:44:54,REAL,67816683809,669,67816684478,67816684478
2025-06-19 12:44:56,REAL,67816684478,668,67816685146,67816685146
2025-06-19 12:44:58,REAL,67816685146,601,67816685747,67816685747
2025-06-19 12:45:00,REAL,67816685747,535,67816686282,67816686282
2025-06-19 12:45:02,REAL,67816686282,538,67816686820,67816686820
2025-06-19 12:45:04,REAL,67816686820,532,67816687352,67816687352
2025-06-19 12:45:06,REAL,67816687352,542,67816687894,67816687894
2025-06-19 12:45:08,REAL,67816687894,594,67816688488,67816688488
2025-06-19 12:45:10,REAL,67816688488,548,67816689036,67816689036
2025-06-19 12:45:12,REAL,67816689036,679,67816689715,67816689715
2025-06-19 12:45:14,REAL,67816689715,596,67816690311,67816690311
2025-06-19 12:45:16,REAL,67816690311,539,67816690850,67816690850
2025-06-19 12:45:18,REAL,67816690850,537,67816691387,67816691387
2025-06-19 12:45:20,REAL,67816691387,537,67816691924,67816691924
2025-06-19 12:45:22,REAL,67816691924,535,67816692459,67816692459
2025-06-19 12:45:24,REAL,67816692459,533,67816692992,67816692992
2025-06-19 12:45:26,REAL,67816692992,614,67816693606,67816693606
2025-06-19 12:45:28,REAL,67816693606,549,67816694155,67816694155
2025-06-19 12:45:30,REAL,67816694155,658,67816694813,67816694813
2025-06-19 12:45:32,REAL,67816694813,598,67816695411,67816695411
2025-06-19 12:45:34,REAL,67816695411,656,67816696067,67816696067
2025-06-19 12:45:36,REAL,67816696067,592,67816696659,67816696659
2025-06-19 12:45:38,REAL,67816696659,545,67816697204,67816697204
2025-06-19 12:45:40,REAL,67816697204,548,67816697752,67816697752
2025-06-19 12:45:42,REAL,67816697752,618,67816698370,67816698370
2025-06-19 12:45:44,REAL,67816698370,541,67816698911,67816698911
2025-06-19 12:45:46,REAL,67816698911,548,67816699459,67816699459
2025-06-19 12:45:48,REAL,67816699459,545,67816700004,67816700004
2025-06-19 12:45:50,REAL,67816700004,540,67816700544,67816700544
2025-06-19 12:45:52,REAL,67816700544,652,67816701196,67816701196
2025-06-19 12:45:54,REAL,67816701196,540,67816701736,67816701736
2025-06-19 12:45:56,REAL,67816701736,536,67816702272,67816702272
2025-06-19 12:45:58,REAL,67816702272,671,67816702943,67816702943
2025-06-19 12:46:00,REAL,67816702943,540,67816703483,67816703483
2025-06-19 12:46:02,REAL,67816703483,534,67816704017,67816704017
2025-06-19 12:46:04,REAL,67816704017,538,67816704555,67816704555
2025-06-19 12:46:06,REAL,67816704555,541,67816705096,67816705096
2025-06-19 12:46:08,REAL,67816705096,604,67816705700,67816705700
2025-06-19 12:46:10,REAL,67816705700,544,67816706244,67816706244
2025-06-19 12:46:12,REAL,67816706244,614,67816706858,67816706858
2025-06-19 12:46:14,REAL,67816706858,599,67816707457,67816707457
2025-06-19 12:46:16,REAL,67816707457,546,67816708003,67816708003
2025-06-19 12:46:18,REAL,67816708003,544,67816708547,67816708547
2025-06-19 12:46:20,REAL,67816708547,597,67816709144,67816709144
2025-06-19 12:46:22,REAL,67816709144,537,67816709681,67816709681
2025-06-19 12:46:24,REAL,67816709681,661,67816710342,67816710342
2025-06-19 12:46:26,REAL,67816710342,599,67816710941,67816710941
2025-06-19 12:46:28,REAL,67816710941,675,67816711616,67816711616
2025-06-19 12:46:30,REAL,67816711616,224599,67816936215,67816936215
2025-06-19 12:46:32,REAL,67816936215,75907,67817012122,67817012122
2025-06-19 12:46:34,REAL,67817012122,29199,67817041321,67817041321
2025-06-19 12:46:36,REAL,67817041321,29040,67817070361,67817070361
2025-06-19 12:46:38,REAL,67817070361,28894,67817099255,67817099255
2025-06-19 12:46:40,REAL,67817099255,28474,67817127729,67817127729
2025-06-19 12:46:42,REAL,67817127729,29239,67817156968,67817156968
2025-06-19 12:46:44,REAL,67817156968,20627,67817177595,67817177595
2025-06-19 12:46:46,REAL,67817177595,599,67817178194,67817178194
2025-06-19 12:46:48,REAL,67817178194,595,67817178789,67817178789
2025-06-19 12:46:50,REAL,67817178789,601,67817179390,67817179390
2025-06-19 12:46:52,REAL,67817179390,542,67817179932,67817179932
2025-06-19 12:46:54,REAL,67817179932,541,67817180473,67817180473
2025-06-19 12:46:56,REAL,67817180473,540,67817181013,67817181013
2025-06-19 12:46:58,REAL,67817181013,615,67817181628,67817181628
2025-06-19 12:47:00,REAL,67817181628,543,67817182171,67817182171
2025-06-19 12:47:02,REAL,67817182171,540,67817182711,67817182711
2025-06-19 12:47:04,REAL,67817182711,536,67817183247,67817183247
2025-06-19 12:47:06,REAL,67817183247,652,67817183899,67817183899
2025-06-19 12:47:08,REAL,67817183899,547,67817184446,67817184446
2025-06-19 12:47:10,REAL,67817184446,540,67817184986,67817184986
2025-06-19 12:47:12,REAL,67817184986,617,67817185603,67817185603
2025-06-19 12:47:14,REAL,67817185603,544,67817186147,67817186147
2025-06-19 12:47:16,REAL,67817186147,536,67817186683,67817186683
2025-06-19 12:47:18,REAL,67817186683,540,67817187223,67817187223
2025-06-19 12:47:20,REAL,67817187223,546,67817187769,67817187769
2025-06-19 12:47:22,REAL,67817187769,661,67817188430,67817188430
2025-06-19 12:47:24,REAL,67817188430,599,67817189029,67817189029
2025-06-19 12:47:26,REAL,67817189029,599,67817189628,67817189628
2025-06-19 12:47:28,REAL,67817189628,669,67817190297,67817190297
2025-06-19 12:47:30,REAL,67817190297,546,67817190843,67817190843
2025-06-19 12:47:32,REAL,67817190843,541,67817191384,67817191384
2025-06-19 12:47:34,REAL,67817191384,540,67817191924,67817191924
2025-06-19 12:47:36,REAL,67817191924,539,67817192463,67817192463
2025-06-19 12:47:38,REAL,67817192463,543,67817193006,67817193006
2025-06-19 12:47:40,REAL,67817193006,537,67817193543,67817193543
2025-06-19 12:47:42,REAL,67817193543,607,67817194150,67817194150
2025-06-19 12:47:44,REAL,67817194150,674,67817194824,67817194824
2025-06-19 12:47:46,REAL,67817194824,544,67817195368,67817195368
2025-06-19 12:47:48,REAL,67817195368,537,67817195905,67817195905
2025-06-19 12:47:50,REAL,67817195905,541,67817196446,67817196446
2025-06-19 12:47:52,REAL,67817196446,533,67817196979,67817196979
2025-06-19 12:47:54,REAL,67817196979,535,67817197514,67817197514
2025-06-19 12:47:56,REAL,67817197514,532,67817198046,67817198046
2025-06-19 12:47:58,REAL,67817198046,666,67817198712,67817198712
2025-06-19 12:48:00,REAL,67817198712,239462,67817438174,67817438174
2025-06-19 12:48:02,REAL,67817438174,28984,67817467158,67817467158
2025-06-19 12:48:04,REAL,67817467158,29325,67817496483,67817496483
2025-06-19 12:48:06,REAL,67817496483,29478,67817525961,67817525961
2025-06-19 12:48:08,REAL,67817525961,29007,67817554968,67817554968
2025-06-19 12:48:10,REAL,67817554968,29070,67817584038,67817584038
2025-06-19 12:48:12,REAL,67817584038,28910,67817612948,67817612948
2025-06-19 12:48:14,REAL,67817612948,16561,67817629509,67817629509
2025-06-19 12:48:16,REAL,67817629509,606,67817630115,67817630115
2025-06-19 12:48:18,REAL,67817630115,605,67817630720,67817630720
2025-06-19 12:48:20,REAL,67817630720,122454,67817753174,67817753174
2025-06-19 12:48:22,REAL,67817753174,144101,67817897275,67817897275
2025-06-19 12:48:24,REAL,67817897275,29627,67817926902,67817926902
2025-06-19 12:48:26,REAL,67817926902,29587,67817956489,67817956489
2025-06-19 12:48:28,REAL,67817956489,29773,67817986262,67817986262
2025-06-19 12:48:30,REAL,67817986262,29688,67818015950,67818015950
2025-06-19 12:48:32,REAL,67818015950,28621,67818044571,67818044571
2025-06-19 12:48:34,REAL,67818044571,28965,67818073536,67818073536
2025-06-19 12:48:36,REAL,67818073536,1402,67818074938,67818074938
2025-06-19 12:48:38,REAL,67818074938,539,67818075477,67818075477
2025-06-19 12:48:40,REAL,67818075477,544,67818076021,67818076021
2025-06-19 12:48:42,REAL,67818076021,539,67818076560,67818076560
2025-06-19 12:48:44,REAL,67818076560,615,67818077175,67818077175
2025-06-19 12:48:46,REAL,67818077175,536,67818077711,67818077711
2025-06-19 12:48:48,REAL,67818077711,540,67818078251,67818078251
2025-06-19 12:48:50,REAL,67818078251,536,67818078787,67818078787
2025-06-19 12:48:52,REAL,67818078787,664,67818079451,67818079451
2025-06-19 12:48:54,REAL,67818079451,598,67818080049,67818080049
2025-06-19 12:48:56,REAL,67818080049,598,67818080647,67818080647
2025-06-19 12:48:58,REAL,67818080647,727,67818081374,67818081374
2025-06-19 12:49:00,REAL,67818081374,541,67818081915,67818081915
2025-06-19 12:49:02,REAL,67818081915,540,67818082455,67818082455
2025-06-19 12:49:04,REAL,67818082455,535,67818082990,67818082990
2025-06-19 12:49:06,REAL,67818082990,530,67818083520,67818083520
2025-06-19 12:49:08,REAL,67818083520,541,67818084061,67818084061
2025-06-19 12:49:10,REAL,67818084061,531,67818084592,67818084592
2025-06-19 12:49:12,REAL,67818084592,12581,67818097173,67818097173
2025-06-19 12:49:14,REAL,67818097173,251016,67818348189,67818348189
2025-06-19 12:49:16,REAL,67818348189,29599,67818377788,67818377788
2025-06-19 12:49:18,REAL,67818377788,29179,67818406967,67818406967
2025-06-19 12:49:20,REAL,67818406967,29168,67818436135,67818436135
2025-06-19 12:49:22,REAL,67818436135,29510,67818465645,67818465645
2025-06-19 12:49:24,REAL,67818465645,28806,67818494451,67818494451
2025-06-19 12:49:26,REAL,67818494451,29310,67818523761,67818523761
2025-06-19 12:49:28,REAL,67818523761,12706,67818536467,67818536467
2025-06-19 12:49:30,REAL,67818536467,538,67818537005,67818537005
2025-06-19 12:49:32,REAL,67818537005,545,67818537550,67818537550
2025-06-19 12:49:34,REAL,67818537550,544,67818538094,67818538094
2025-06-19 12:49:36,REAL,67818538094,543,67818538637,67818538637
2025-06-19 12:49:38,REAL,67818538637,544,67818539181,67818539181
2025-06-19 12:49:40,REAL,67818539181,538,67818539719,67818539719
2025-06-19 12:49:42,REAL,67818539719,599,67818540318,67818540318
2025-06-19 12:49:44,REAL,67818540318,30694,67818571012,67818571012
2025-06-19 12:49:46,REAL,67818571012,235879,67818806891,67818806891
2025-06-19 12:49:48,REAL,67818806891,29436,67818836327,67818836327
2025-06-19 12:49:50,REAL,67818836327,28702,67818865029,67818865029
2025-06-19 12:49:52,REAL,67818865029,28965,67818893994,67818893994
2025-06-19 12:49:54,REAL,67818893994,29402,67818923396,67818923396
2025-06-19 12:49:56,REAL,67818923396,29135,67818952531,67818952531
2025-06-19 12:49:58,REAL,67818952531,29078,67818981609,67818981609
2025-06-19 12:50:00,REAL,67818981609,11306,67818992915,67818992915
2025-06-19 12:50:02,REAL,67818992915,602,67818993517,67818993517
2025-06-19 12:50:04,REAL,67818993517,599,67818994116,67818994116
2025-06-19 12:50:06,REAL,67818994116,549,67818994665,67818994665
2025-06-19 12:50:08,REAL,67818994665,540,67818995205,67818995205
2025-06-19 12:50:10,REAL,67818995205,546,67818995751,67818995751
2025-06-19 12:50:12,REAL,67818995751,540,67818996291,67818996291
2025-06-19 12:50:14,REAL,67818996291,617,67818996908,67818996908
2025-06-19 12:50:16,REAL,67818996908,542,67818997450,67818997450
2025-06-19 12:50:18,REAL,67818997450,543,67818997993,67818997993
2025-06-19 12:50:20,REAL,67818997993,607,67818998600,67818998600
2025-06-19 12:50:22,REAL,67818998600,598,67818999198,67818999198
2025-06-19 12:50:24,REAL,67818999198,533,67818999731,67818999731
2025-06-19 12:50:26,REAL,67818999731,547,67819000278,67819000278
2025-06-19 12:50:28,REAL,67819000278,598,67819000876,67819000876
2025-06-19 12:50:30,REAL,67819000876,624,67819001500,67819001500
2025-06-19 12:50:32,REAL,67819001500,538,67819002038,67819002038
2025-06-19 12:50:34,REAL,67819002038,540,67819002578,67819002578
2025-06-19 12:50:36,REAL,67819002578,606,67819003184,67819003184
2025-06-19 12:50:38,REAL,67819003184,603,67819003787,67819003787
2025-06-19 12:50:40,REAL,67819003787,604,67819004391,67819004391
2025-06-19 12:50:42,REAL,67819004391,600,67819004991,67819004991
2025-06-19 12:50:44,REAL,67819004991,621,67819005612,67819005612
2025-06-19 12:50:46,REAL,67819005612,539,67819006151,67819006151
2025-06-19 12:50:48,REAL,67819006151,540,67819006691,67819006691
2025-06-19 12:50:50,REAL,67819006691,541,67819007232,67819007232
2025-06-19 12:50:52,REAL,67819007232,539,67819007771,67819007771
2025-06-19 12:50:54,REAL,67819007771,541,67819008312,67819008312
2025-06-19 12:50:56,REAL,67819008312,539,67819008851,67819008851
2025-06-19 12:50:58,REAL,67819008851,69368,67819078219,67819078219
2025-06-19 12:51:00,REAL,67819078219,197336,67819275555,67819275555
2025-06-19 12:51:02,REAL,67819275555,29477,67819305032,67819305032
2025-06-19 12:51:04,REAL,67819305032,28826,67819333858,67819333858
2025-06-19 12:51:06,REAL,67819333858,29105,67819362963,67819362963
2025-06-19 12:51:08,REAL,67819362963,29021,67819391984,67819391984
2025-06-19 12:51:10,REAL,67819391984,29403,67819421387,67819421387
2025-06-19 12:51:12,REAL,67819421387,29035,67819450422,67819450422
2025-06-19 12:51:14,REAL,67819450422,7057,67819457479,67819457479
2025-06-19 12:51:16,REAL,67819457479,600,67819458079,67819458079
2025-06-19 12:51:18,REAL,67819458079,595,67819458674,67819458674
2025-06-19 12:51:20,REAL,67819458674,598,67819459272,67819459272
2025-06-19 12:51:22,REAL,67819459272,603,67819459875,67819459875
2025-06-19 12:51:24,REAL,67819459875,609,67819460484,67819460484
2025-06-19 12:51:26,REAL,67819460484,534,67819461018,67819461018
2025-06-19 12:51:28,REAL,67819461018,543,67819461561,67819461561
2025-06-19 12:51:30,REAL,67819461561,618,67819462179,67819462179
2025-06-19 12:51:32,REAL,67819462179,542,67819462721,67819462721
2025-06-19 12:51:34,REAL,67819462721,542,67819463263,67819463263
2025-06-19 12:51:36,REAL,67819463263,598,67819463861,67819463861
2025-06-19 12:51:38,REAL,67819463861,545,67819464406,67819464406
2025-06-19 12:51:40,REAL,67819464406,83808,67819548214,67819548214
2025-06-19 12:51:42,REAL,67819548214,167318,67819715532,67819715532
2025-06-19 12:51:44,REAL,67819715532,29196,67819744728,67819744728
2025-06-19 12:51:46,REAL,67819744728,29186,67819773914,67819773914
2025-06-19 12:51:48,REAL,67819773914,29299,67819803213,67819803213
2025-06-19 12:51:50,REAL,67819803213,29290,67819832503,67819832503
2025-06-19 12:51:52,REAL,67819832503,29274,67819861777,67819861777
2025-06-19 12:51:54,REAL,67819861777,29143,67819890920,67819890920
2025-06-19 12:51:56,REAL,67819890920,5301,67819896221,67819896221
2025-06-19 12:51:58,REAL,67819896221,598,67819896819,67819896819
2025-06-19 12:52:00,REAL,67819896819,615,67819897434,67819897434
2025-06-19 12:52:02,REAL,67819897434,540,67819897974,67819897974
2025-06-19 12:52:04,REAL,67819897974,542,67819898516,67819898516
2025-06-19 12:52:06,REAL,67819898516,541,67819899057,67819899057
2025-06-19 12:52:08,REAL,67819899057,604,67819899661,67819899661
2025-06-19 12:52:10,REAL,67819899661,545,67819900206,67819900206
2025-06-19 12:52:12,REAL,67819900206,107407,67820007613,67820007613
2025-06-19 12:52:14,REAL,67820007613,182783,67820190396,67820190396
2025-06-19 12:52:16,REAL,67820190396,29309,67820219705,67820219705
2025-06-19 12:52:18,REAL,67820219705,29159,67820248864,67820248864
2025-06-19 12:52:20,REAL,67820248864,28804,67820277668,67820277668
2025-06-19 12:52:22,REAL,67820277668,29023,67820306691,67820306691
2025-06-19 12:52:24,REAL,67820306691,28792,67820335483,67820335483
2025-06-19 12:52:26,REAL,67820335483,29462,67820364945,67820364945
2025-06-19 12:52:28,REAL,67820364945,3786,67820368731,67820368731
2025-06-19 12:52:30,REAL,67820368731,619,67820369350,67820369350
2025-06-19 12:52:32,REAL,67820369350,538,67820369888,67820369888
2025-06-19 12:52:34,REAL,67820369888,541,67820370429,67820370429
2025-06-19 12:52:36,REAL,67820370429,536,67820370965,67820370965
2025-06-19 12:52:38,REAL,67820370965,543,67820371508,67820371508
2025-06-19 12:52:40,REAL,67820371508,590,67820372098,67820372098
2025-06-19 12:52:42,REAL,67820372098,593,67820372691,67820372691
2025-06-19 12:52:44,REAL,67820372691,603,67820373294,67820373294
2025-06-19 12:52:46,REAL,67820373294,624,67820373918,67820373918
2025-06-19 12:52:48,REAL,67820373918,546,67820374464,67820374464
2025-06-19 12:52:50,REAL,67820374464,535,67820374999,67820374999
2025-06-19 12:52:52,REAL,67820374999,544,67820375543,67820375543
2025-06-19 12:52:54,REAL,67820375543,540,67820376083,67820376083
2025-06-19 12:52:56,REAL,67820376083,538,67820376621,67820376621
2025-06-19 12:52:58,REAL,67820376621,541,67820377162,67820377162
2025-06-19 12:53:00,REAL,67820377162,682,67820377844,67820377844
2025-06-19 12:53:02,REAL,67820377844,538,67820378382,67820378382
2025-06-19 12:53:04,REAL,67820378382,538,67820378920,67820378920
2025-06-19 12:53:06,REAL,67820378920,546,67820379466,67820379466
2025-06-19 12:53:08,REAL,67820379466,598,67820380064,67820380064
2025-06-19 12:53:10,REAL,67820380064,550,67820380614,67820380614
2025-06-19 12:53:12,REAL,67820380614,535,67820381149,67820381149
2025-06-19 12:53:14,REAL,67820381149,536,67820381685,67820381685
2025-06-19 12:53:16,REAL,67820381685,138038,67820519723,67820519723
2025-06-19 12:53:18,REAL,67820519723,143953,67820663676,67820663676
2025-06-19 12:53:20,REAL,67820663676,28547,67820692223,67820692223
2025-06-19 12:53:22,REAL,67820692223,28972,67820721195,67820721195
2025-06-19 12:53:24,REAL,67820721195,29194,67820750389,67820750389
2025-06-19 12:53:26,REAL,67820750389,28979,67820779368,67820779368
2025-06-19 12:53:28,REAL,67820779368,29392,67820808760,67820808760
2025-06-19 12:53:30,REAL,67820808760,28625,67820837385,67820837385
2025-06-19 12:53:32,REAL,67820837385,600,67820837985,67820837985
2025-06-19 12:53:34,REAL,67820837985,547,67820838532,67820838532
2025-06-19 12:53:36,REAL,67820838532,538,67820839070,67820839070
2025-06-19 12:53:38,REAL,67820839070,539,67820839609,67820839609
2025-06-19 12:53:40,REAL,67820839609,533,67820840142,67820840142
2025-06-19 12:53:42,REAL,67820840142,535,67820840677,67820840677
2025-06-19 12:53:44,REAL,67820840677,595,67820841272,67820841272
2025-06-19 12:53:46,REAL,67820841272,675,67820841947,67820841947
2025-06-19 12:53:48,REAL,67820841947,602,67820842549,67820842549
2025-06-19 12:53:50,REAL,67820842549,600,67820843149,67820843149
2025-06-19 12:53:52,REAL,67820843149,668,67820843817,67820843817
2025-06-19 12:53:54,REAL,67820843817,542,67820844359,67820844359
2025-06-19 12:53:56,REAL,67820844359,538,67820844897,67820844897
2025-06-19 12:53:58,REAL,67820844897,542,67820845439,67820845439
2025-06-19 12:54:00,REAL,67820845439,622,67820846061,67820846061
2025-06-19 12:54:02,REAL,67820846061,541,67820846602,67820846602
2025-06-19 12:54:04,REAL,67820846602,539,67820847141,67820847141
2025-06-19 12:54:06,REAL,67820847141,534,67820847675,67820847675
2025-06-19 12:54:08,REAL,67820847675,600,67820848275,67820848275
2025-06-19 12:54:10,REAL,67820848275,532,67820848807,67820848807
2025-06-19 12:54:12,REAL,67820848807,651,67820849458,67820849458
2025-06-19 12:54:14,REAL,67820849458,538,67820849996,67820849996
2025-06-19 12:54:16,REAL,67820849996,615,67820850611,67820850611
2025-06-19 12:54:18,REAL,67820850611,546,67820851157,67820851157
2025-06-19 12:54:20,REAL,67820851157,542,67820851699,67820851699
2025-06-19 12:54:22,REAL,67820851699,536,67820852235,67820852235
2025-06-19 12:54:24,REAL,67820852235,663,67820852898,67820852898
2025-06-19 12:54:26,REAL,67820852898,599,67820853497,67820853497
2025-06-19 12:54:28,REAL,67820853497,598,67820854095,67820854095
2025-06-19 12:54:30,REAL,67820854095,195486,67821049581,67821049581
2025-06-19 12:54:32,REAL,67821049581,95140,67821144721,67821144721
2025-06-19 12:54:34,REAL,67821144721,29038,67821173759,67821173759
2025-06-19 12:54:36,REAL,67821173759,29429,67821203188,67821203188
2025-06-19 12:54:38,REAL,67821203188,29261,67821232449,67821232449
2025-06-19 12:54:40,REAL,67821232449,28855,67821261304,67821261304
2025-06-19 12:54:42,REAL,67821261304,28884,67821290188,67821290188
2025-06-19 12:54:44,REAL,67821290188,24615,67821314803,67821314803
2025-06-19 12:54:46,REAL,67821314803,619,67821315422,67821315422
2025-06-19 12:54:48,REAL,67821315422,542,67821315964,67821315964
2025-06-19 12:54:50,REAL,67821315964,532,67821316496,67821316496
2025-06-19 12:54:52,REAL,67821316496,539,67821317035,67821317035
2025-06-19 12:54:54,REAL,67821317035,539,67821317574,67821317574
2025-06-19 12:54:56,REAL,67821317574,543,67821318117,67821318117
2025-06-19 12:54:58,REAL,67821318117,649,67821318766,67821318766
2025-06-19 12:55:00,REAL,67821318766,676,67821319442,67821319442
2025-06-19 12:55:02,REAL,67821319442,193712,67821513154,67821513154
2025-06-19 12:55:04,REAL,67821513154,77354,67821590508,67821590508
2025-06-19 12:55:06,REAL,67821590508,29082,67821619590,67821619590
2025-06-19 12:55:08,REAL,67821619590,28919,67821648509,67821648509
2025-06-19 12:55:10,REAL,67821648509,29063,67821677572,67821677572
2025-06-19 12:55:12,REAL,67821677572,29162,67821706734,67821706734
2025-06-19 12:55:14,REAL,67821706734,29162,67821735896,67821735896
2025-06-19 12:55:16,REAL,67821735896,22985,67821758881,67821758881
2025-06-19 12:55:18,REAL,67821758881,540,67821759421,67821759421
2025-06-19 12:55:20,REAL,67821759421,533,67821759954,67821759954
2025-06-19 12:55:22,REAL,67821759954,539,67821760493,67821760493
2025-06-19 12:55:24,REAL,67821760493,541,67821761034,67821761034
2025-06-19 12:55:26,REAL,67821761034,535,67821761569,67821761569
2025-06-19 12:55:28,REAL,67821761569,533,67821762102,67821762102
2025-06-19 12:55:30,REAL,67821762102,672,67821762774,67821762774
2025-06-19 12:55:32,REAL,67821762774,600,67821763374,67821763374
2025-06-19 12:55:34,REAL,67821763374,204267,67821967641,67821967641
2025-06-19 12:55:36,REAL,67821967641,60472,67822028113,67822028113
2025-06-19 12:55:38,REAL,67822028113,28963,67822057076,67822057076
2025-06-19 12:55:40,REAL,67822057076,29173,67822086249,67822086249
2025-06-19 12:55:42,REAL,67822086249,29160,67822115409,67822115409
2025-06-19 12:55:44,REAL,67822115409,29286,67822144695,67822144695
2025-06-19 12:55:46,REAL,67822144695,29365,67822174060,67822174060
2025-06-19 12:55:48,REAL,67822174060,20538,67822194598,67822194598
2025-06-19 12:55:50,REAL,67822194598,544,67822195142,67822195142
2025-06-19 12:55:52,REAL,67822195142,534,67822195676,67822195676
2025-06-19 12:55:54,REAL,67822195676,536,67822196212,67822196212
2025-06-19 12:55:56,REAL,67822196212,541,67822196753,67822196753
2025-06-19 12:55:58,REAL,67822196753,536,67822197289,67822197289
2025-06-19 12:56:00,REAL,67822197289,665,67822197954,67822197954
2025-06-19 12:56:02,REAL,67822197954,608,67822198562,67822198562
2025-06-19 12:56:04,REAL,67822198562,599,67822199161,67822199161
2025-06-19 12:56:06,REAL,67822199161,604,67822199765,67822199765
2025-06-19 12:56:08,REAL,67822199765,604,67822200369,67822200369
2025-06-19 12:56:10,REAL,67822200369,597,67822200966,67822200966
2025-06-19 12:56:12,REAL,67822200966,537,67822201503,67822201503
2025-06-19 12:56:14,REAL,67822201503,538,67822202041,67822202041
2025-06-19 12:56:16,REAL,67822202041,615,67822202656,67822202656
2025-06-19 12:56:18,REAL,67822202656,539,67822203195,67822203195
2025-06-19 12:56:20,REAL,67822203195,536,67822203731,67822203731
2025-06-19 12:56:22,REAL,67822203731,541,67822204272,67822204272
2025-06-19 12:56:24,REAL,67822204272,541,67822204813,67822204813
2025-06-19 12:56:26,REAL,67822204813,603,67822205416,67822205416
2025-06-19 12:56:28,REAL,67822205416,601,67822206017,67822206017
2025-06-19 12:56:30,REAL,67822206017,667,67822206684,67822206684
2025-06-19 12:56:32,REAL,67822206684,541,67822207225,67822207225
2025-06-19 12:56:34,REAL,67822207225,546,67822207771,67822207771
2025-06-19 12:56:36,REAL,67822207771,542,67822208313,67822208313
2025-06-19 12:56:38,REAL,67822208313,544,67822208857,67822208857
2025-06-19 12:56:40,REAL,67822208857,537,67822209394,67822209394
2025-06-19 12:56:42,REAL,67822209394,602,67822209996,67822209996
2025-06-19 12:56:44,REAL,67822209996,542,67822210538,67822210538
2025-06-19 12:56:46,REAL,67822210538,616,67822211154,67822211154
2025-06-19 12:56:48,REAL,67822211154,541,67822211695,67822211695
2025-06-19 12:56:50,REAL,67822211695,530,67822212225,67822212225
2025-06-19 12:56:52,REAL,67822212225,545,67822212770,67822212770
2025-06-19 12:56:54,REAL,67822212770,542,67822213312,67822213312
2025-06-19 12:56:56,REAL,67822213312,542,67822213854,67822213854
2025-06-19 12:56:58,REAL,67822213854,664,67822214518,67822214518
2025-06-19 12:57:00,REAL,67822214518,623,67822215141,67822215141
2025-06-19 12:57:02,REAL,67822215141,538,67822215679,67822215679
2025-06-19 12:57:04,REAL,67822215679,539,67822216218,67822216218
2025-06-19 12:57:06,REAL,67822216218,546,67822216764,67822216764
2025-06-19 12:57:08,REAL,67822216764,549,67822217313,67822217313
2025-06-19 12:57:10,REAL,67822217313,543,67822217856,67822217856
2025-06-19 12:57:12,REAL,67822217856,543,67822218399,67822218399
2025-06-19 12:57:14,REAL,67822218399,711,67822219110,67822219110
2025-06-19 12:57:16,REAL,67822219110,673,67822219783,67822219783
2025-06-19 12:57:18,REAL,67822219783,601,67822220384,67822220384
2025-06-19 12:57:20,REAL,67822220384,596,67822220980,67822220980
2025-06-19 12:57:22,REAL,67822220980,601,67822221581,67822221581
2025-06-19 12:57:24,REAL,67822221581,660,67822222241,67822222241
2025-06-19 12:57:26,REAL,67822222241,660,67822222901,67822222901
2025-06-19 12:57:28,REAL,67822222901,598,67822223499,67822223499
2025-06-19 12:57:30,REAL,67822223499,615,67822224114,67822224114
2025-06-19 12:57:32,REAL,67822224114,543,67822224657,67822224657
2025-06-19 12:57:34,REAL,67822224657,534,67822225191,67822225191
2025-06-19 12:57:36,REAL,67822225191,537,67822225728,67822225728
2025-06-19 12:57:38,REAL,67822225728,539,67822226267,67822226267
2025-06-19 12:57:40,REAL,67822226267,539,67822226806,67822226806
2025-06-19 12:57:42,REAL,67822226806,544,67822227350,67822227350
2025-06-19 12:57:44,REAL,67822227350,592,67822227942,67822227942
2025-06-19 12:57:46,REAL,67822227942,612,67822228554,67822228554
2025-06-19 12:57:48,REAL,67822228554,538,67822229092,67822229092
2025-06-19 12:57:50,REAL,67822229092,594,67822229686,67822229686
2025-06-19 12:57:52,REAL,67822229686,535,67822230221,67822230221
2025-06-19 12:57:54,REAL,67822230221,535,67822230756,67822230756
2025-06-19 12:57:56,REAL,67822230756,593,67822231349,67822231349
2025-06-19 12:57:58,REAL,67822231349,533,67822231882,67822231882
2025-06-19 12:58:00,REAL,67822231882,608,67822232490,67822232490
2025-06-19 12:58:02,REAL,67822232490,262059,67822494549,67822494549
2025-06-19 12:58:04,REAL,67822494549,29620,67822524169,67822524169
2025-06-19 12:58:06,REAL,67822524169,28968,67822553137,67822553137
2025-06-19 12:58:08,REAL,67822553137,29003,67822582140,67822582140
2025-06-19 12:58:10,REAL,67822582140,29155,67822611295,67822611295
2025-06-19 12:58:12,REAL,67822611295,29235,67822640530,67822640530
2025-06-19 12:58:14,REAL,67822640530,29066,67822669596,67822669596
2025-06-19 12:58:16,REAL,67822669596,14041,67822683637,67822683637
2025-06-19 12:58:18,REAL,67822683637,537,67822684174,67822684174
2025-06-19 12:58:20,REAL,67822684174,540,67822684714,67822684714
2025-06-19 12:58:22,REAL,67822684714,545,67822685259,67822685259
2025-06-19 12:58:24,REAL,67822685259,539,67822685798,67822685798
2025-06-19 12:58:26,REAL,67822685798,595,67822686393,67822686393
2025-06-19 12:58:28,REAL,67822686393,594,67822686987,67822686987
2025-06-19 12:58:30,REAL,67822686987,543,67822687530,67822687530
2025-06-19 12:58:32,REAL,67822687530,733,67822688263,67822688263
2025-06-19 12:58:34,REAL,67822688263,596,67822688859,67822688859
2025-06-19 12:58:36,REAL,67822688859,600,67822689459,67822689459
2025-06-19 12:58:38,REAL,67822689459,544,67822690003,67822690003
2025-06-19 12:58:40,REAL,67822690003,536,67822690539,67822690539
2025-06-19 12:58:42,REAL,67822690539,544,67822691083,67822691083
2025-06-19 12:58:44,REAL,67822691083,540,67822691623,67822691623
2025-06-19 12:58:46,REAL,67822691623,615,67822692238,67822692238
2025-06-19 12:58:48,REAL,67822692238,539,67822692777,67822692777
2025-06-19 12:58:50,REAL,67822692777,534,67822693311,67822693311
2025-06-19 12:58:52,REAL,67822693311,600,67822693911,67822693911
2025-06-19 12:58:54,REAL,67822693911,535,67822694446,67822694446
2025-06-19 12:58:56,REAL,67822694446,601,67822695047,67822695047
2025-06-19 12:58:58,REAL,67822695047,543,67822695590,67822695590
2025-06-19 12:59:00,REAL,67822695590,549,67822696139,67822696139
2025-06-19 12:59:02,REAL,67822696139,613,67822696752,67822696752
2025-06-19 12:59:04,REAL,67822696752,594,67822697346,67822697346
2025-06-19 12:59:06,REAL,67822697346,537,67822697883,67822697883
2025-06-19 12:59:08,REAL,67822697883,593,67822698476,67822698476
2025-06-19 12:59:10,REAL,67822698476,598,67822699074,67822699074
2025-06-19 12:59:12,REAL,67822699074,599,67822699673,67822699673
2025-06-19 12:59:14,REAL,67822699673,606,67822700279,67822700279
2025-06-19 12:59:16,REAL,67822700279,372,67822700651,67822700651
2025-06-19 12:59:18,REAL,67822700651,543,67822701194,67822701194
2025-06-19 12:59:20,REAL,67822701194,541,67822701735,67822701735
2025-06-19 12:59:22,REAL,67822701735,549,67822702284,67822702284
2025-06-19 12:59:24,REAL,67822702284,540,67822702824,67822702824
2025-06-19 12:59:26,REAL,67822702824,598,67822703422,67822703422
2025-06-19 12:59:28,REAL,67822703422,540,67822703962,67822703962
2025-06-19 12:59:30,REAL,67822703962,654,67822704616,67822704616
2025-06-19 12:59:32,REAL,67822704616,666,67822705282,67822705282
2025-06-19 12:59:34,REAL,67822705282,600,67822705882,67822705882
2025-06-19 12:59:36,REAL,67822705882,531,67822706413,67822706413
2025-06-19 12:59:38,REAL,67822706413,593,67822707006,67822707006
2025-06-19 12:59:40,REAL,67822707006,541,67822707547,67822707547
2025-06-19 12:59:42,REAL,67822707547,540,67822708087,67822708087
2025-06-19 12:59:44,REAL,67822708087,530,67822708617,67822708617
2025-06-19 12:59:46,REAL,67822708617,610,67822709227,67822709227
2025-06-19 12:59:48,REAL,67822709227,535,67822709762,67822709762
2025-06-19 12:59:50,REAL,67822709762,596,67822710358,67822710358
2025-06-19 12:59:52,REAL,67822710358,596,67822710954,67822710954
2025-06-19 12:59:54,REAL,67822710954,659,67822711613,67822711613
2025-06-19 12:59:56,REAL,67822711613,601,67822712214,67822712214
2025-06-19 12:59:58,REAL,67822712214,539,67822712753,67822712753
2025-06-19 13:00:00,REAL,67822712753,542,67822713295,67822713295
2025-06-19 13:00:02,REAL,67822713295,614,67822713909,67822713909
2025-06-19 13:00:04,REAL,67822713909,535,67822714444,67822714444
2025-06-19 13:00:06,REAL,67822714444,539,67822714983,67822714983
2025-06-19 13:00:08,REAL,67822714983,542,67822715525,67822715525
2025-06-19 13:00:10,REAL,67822715525,539,67822716064,67822716064
2025-06-19 13:00:12,REAL,67822716064,600,67822716664,67822716664
2025-06-19 13:00:14,REAL,67822716664,545,67822717209,67822717209
2025-06-19 13:00:16,REAL,67822717209,595,67822717804,67822717804
2025-06-19 13:00:18,REAL,67822717804,616,67822718420,67822718420
2025-06-19 13:00:20,REAL,67822718420,537,67822718957,67822718957
2025-06-19 13:00:22,REAL,67822718957,590,67822719547,67822719547
2025-06-19 13:00:24,REAL,67822719547,541,67822720088,67822720088
2025-06-19 13:00:26,REAL,67822720088,542,67822720630,67822720630
2025-06-19 13:00:28,REAL,67822720630,596,67822721226,67822721226
2025-06-19 13:00:30,REAL,67822721226,537,67822721763,67822721763
2025-06-19 13:00:32,REAL,67822721763,618,67822722381,67822722381
2025-06-19 13:00:34,REAL,67822722381,538,67822722919,67822722919
2025-06-19 13:00:36,REAL,67822722919,537,67822723456,67822723456
2025-06-19 13:00:38,REAL,67822723456,537,67822723993,67822723993
2025-06-19 13:00:40,REAL,67822723993,549,67822724542,67822724542
2025-06-19 13:00:42,REAL,67822724542,543,67822725085,67822725085
2025-06-19 13:00:44,REAL,67822725085,84025,67822809110,67822809110
2025-06-19 13:00:46,REAL,67822809110,192392,67823001502,67823001502
2025-06-19 13:00:48,REAL,67823001502,29124,67823030626,67823030626
2025-06-19 13:00:50,REAL,67823030626,29339,67823059965,67823059965
2025-06-19 13:00:52,REAL,67823059965,29185,67823089150,67823089150
2025-06-19 13:00:54,REAL,67823089150,29175,67823118325,67823118325
2025-06-19 13:00:56,REAL,67823118325,29259,67823147584,67823147584
2025-06-19 13:00:58,REAL,67823147584,28766,67823176350,67823176350
2025-06-19 13:01:00,REAL,67823176350,5565,67823181915,67823181915
2025-06-19 13:01:02,REAL,67823181915,620,67823182535,67823182535
2025-06-19 13:01:04,REAL,67823182535,538,67823183073,67823183073
2025-06-19 13:01:06,REAL,67823183073,535,67823183608,67823183608
2025-06-19 13:01:08,REAL,67823183608,530,67823184138,67823184138
2025-06-19 13:01:10,REAL,67823184138,531,67823184669,67823184669
2025-06-19 13:01:12,REAL,67823184669,546,67823185215,67823185215
2025-06-19 13:01:14,REAL,67823185215,598,67823185813,67823185813
2025-06-19 13:01:16,REAL,67823185813,95314,67823281127,67823281127
2025-06-19 13:01:18,REAL,67823281127,175265,67823456392,67823456392
2025-06-19 13:01:20,REAL,67823456392,28834,67823485226,67823485226
2025-06-19 13:01:22,REAL,67823485226,29210,67823514436,67823514436
2025-06-19 13:01:24,REAL,67823514436,29008,67823543444,67823543444
2025-06-19 13:01:26,REAL,67823543444,29225,67823572669,67823572669
2025-06-19 13:01:28,REAL,67823572669,28817,67823601486,67823601486
2025-06-19 13:01:30,REAL,67823601486,28506,67823629992,67823629992
2025-06-19 13:01:32,REAL,67823629992,3821,67823633813,67823633813
2025-06-19 13:01:34,REAL,67823633813,616,67823634429,67823634429
2025-06-19 13:01:36,REAL,67823634429,542,67823634971,67823634971
2025-06-19 13:01:38,REAL,67823634971,543,67823635514,67823635514
2025-06-19 13:01:40,REAL,67823635514,538,67823636052,67823636052
2025-06-19 13:01:42,REAL,67823636052,542,67823636594,67823636594
2025-06-19 13:01:44,REAL,67823636594,537,67823637131,67823637131
2025-06-19 13:01:46,REAL,67823637131,542,67823637673,67823637673
2025-06-19 13:01:48,REAL,67823637673,684,67823638357,67823638357
2025-06-19 13:01:50,REAL,67823638357,542,67823638899,67823638899
2025-06-19 13:01:52,REAL,67823638899,544,67823639443,67823639443
2025-06-19 13:01:54,REAL,67823639443,538,67823639981,67823639981
2025-06-19 13:01:56,REAL,67823639981,531,67823640512,67823640512
2025-06-19 13:01:58,REAL,67823640512,531,67823641043,67823641043
2025-06-19 13:02:00,REAL,67823641043,601,67823641644,67823641644
2025-06-19 13:02:02,REAL,67823641644,546,67823642190,67823642190
2025-06-19 13:02:04,REAL,67823642190,674,67823642864,67823642864
2025-06-19 13:02:06,REAL,67823642864,590,67823643454,67823643454
2025-06-19 13:02:08,REAL,67823643454,537,67823643991,67823643991
2025-06-19 13:02:10,REAL,67823643991,540,67823644531,67823644531
2025-06-19 13:02:12,REAL,67823644531,536,67823645067,67823645067
2025-06-19 13:02:14,REAL,67823645067,539,67823645606,67823645606
2025-06-19 13:02:16,REAL,67823645606,538,67823646144,67823646144
2025-06-19 13:02:18,REAL,67823646144,610,67823646754,67823646754
2025-06-19 13:02:20,REAL,67823646754,662,67823647416,67823647416
2025-06-19 13:02:22,REAL,67823647416,603,67823648019,67823648019
2025-06-19 13:02:24,REAL,67823648019,600,67823648619,67823648619
2025-06-19 13:02:26,REAL,67823648619,545,67823649164,67823649164
2025-06-19 13:02:28,REAL,67823649164,537,67823649701,67823649701
2025-06-19 13:02:30,REAL,67823649701,541,67823650242,67823650242
2025-06-19 13:02:32,REAL,67823650242,536,67823650778,67823650778
2025-06-19 13:02:34,REAL,67823650778,609,67823651387,67823651387
2025-06-19 13:02:36,REAL,67823651387,542,67823651929,67823651929
2025-06-19 13:02:38,REAL,67823651929,542,67823652471,67823652471
2025-06-19 13:02:40,REAL,67823652471,599,67823653070,67823653070
2025-06-19 13:02:42,REAL,67823653070,600,67823653670,67823653670
2025-06-19 13:02:44,REAL,67823653670,541,67823654211,67823654211
2025-06-19 13:02:46,REAL,67823654211,604,67823654815,67823654815
2025-06-19 13:02:48,REAL,67823654815,617,67823655432,67823655432
2025-06-19 13:02:50,REAL,67823655432,543,67823655975,67823655975
2025-06-19 13:02:52,REAL,67823655975,539,67823656514,67823656514
2025-06-19 13:02:54,REAL,67823656514,534,67823657048,67823657048
2025-06-19 13:02:56,REAL,67823657048,13446,67823670494,67823670494
2025-06-19 13:02:58,REAL,67823670494,243809,67823914303,67823914303
2025-06-19 13:03:00,REAL,67823914303,29122,67823943425,67823943425
2025-06-19 13:03:02,REAL,67823943425,28826,67823972251,67823972251
2025-06-19 13:03:04,REAL,67823972251,29681,67824001932,67824001932
2025-06-19 13:03:06,REAL,67824001932,29306,67824031238,67824031238
2025-06-19 13:03:08,REAL,67824031238,29066,67824060304,67824060304
2025-06-19 13:03:10,REAL,67824060304,29158,67824089462,67824089462
2025-06-19 13:03:12,REAL,67824089462,12271,67824101733,67824101733
2025-06-19 13:03:14,REAL,67824101733,538,67824102271,67824102271
2025-06-19 13:03:16,REAL,67824102271,547,67824102818,67824102818
2025-06-19 13:03:18,REAL,67824102818,671,67824103489,67824103489
2025-06-19 13:03:20,REAL,67824103489,539,67824104028,67824104028
2025-06-19 13:03:22,REAL,67824104028,536,67824104564,67824104564
2025-06-19 13:03:24,REAL,67824104564,543,67824105107,67824105107
2025-06-19 13:03:26,REAL,67824105107,539,67824105646,67824105646
2025-06-19 13:03:28,REAL,67824105646,603,67824106249,67824106249
2025-06-19 13:03:30,REAL,67824106249,540,67824106789,67824106789
2025-06-19 13:03:32,REAL,67824106789,545,67824107334,67824107334
2025-06-19 13:03:34,REAL,67824107334,615,67824107949,67824107949
2025-06-19 13:03:36,REAL,67824107949,543,67824108492,67824108492
2025-06-19 13:03:38,REAL,67824108492,541,67824109033,67824109033
2025-06-19 13:03:40,REAL,67824109033,596,67824109629,67824109629
2025-06-19 13:03:42,REAL,67824109629,534,67824110163,67824110163
2025-06-19 13:03:44,REAL,67824110163,607,67824110770,67824110770
2025-06-19 13:03:46,REAL,67824110770,545,67824111315,67824111315
2025-06-19 13:03:48,REAL,67824111315,614,67824111929,67824111929
2025-06-19 13:03:50,REAL,67824111929,539,67824112468,67824112468
2025-06-19 13:03:52,REAL,67824112468,592,67824113060,67824113060
2025-06-19 13:03:54,REAL,67824113060,548,67824113608,67824113608
2025-06-19 13:03:56,REAL,67824113608,542,67824114150,67824114150
2025-06-19 13:03:58,REAL,67824114150,546,67824114696,67824114696
2025-06-19 13:04:00,REAL,67824114696,605,67824115301,67824115301
2025-06-19 13:04:02,REAL,67824115301,539,67824115840,67824115840
2025-06-19 13:04:04,REAL,67824115840,614,67824116454,67824116454
2025-06-19 13:04:06,REAL,67824116454,543,67824116997,67824116997
2025-06-19 13:04:08,REAL,67824116997,545,67824117542,67824117542
2025-06-19 13:04:10,REAL,67824117542,550,67824118092,67824118092
2025-06-19 13:04:12,REAL,67824118092,537,67824118629,67824118629
2025-06-19 13:04:14,REAL,67824118629,541,67824119170,67824119170
2025-06-19 13:04:16,REAL,67824119170,595,67824119765,67824119765
2025-06-19 13:04:18,REAL,67824119765,618,67824120383,67824120383
2025-06-19 13:04:20,REAL,67824120383,533,67824120916,67824120916
2025-06-19 13:04:22,REAL,67824120916,533,67824121449,67824121449
2025-06-19 13:04:24,REAL,67824121449,594,67824122043,67824122043
2025-06-19 13:04:26,REAL,67824122043,531,67824122574,67824122574
2025-06-19 13:04:28,REAL,67824122574,604,67824123178,67824123178
2025-06-19 13:04:30,REAL,67824123178,536,67824123714,67824123714
2025-06-19 13:04:32,REAL,67824123714,598,67824124312,67824124312
2025-06-19 13:04:34,REAL,67824124312,616,67824124928,67824124928
2025-06-19 13:04:36,REAL,67824124928,535,67824125463,67824125463
2025-06-19 13:04:38,REAL,67824125463,534,67824125997,67824125997
2025-06-19 13:04:40,REAL,67824125997,542,67824126539,67824126539
2025-06-19 13:04:42,REAL,67824126539,540,67824127079,67824127079
2025-06-19 13:04:44,REAL,67824127079,540,67824127619,67824127619
2025-06-19 13:04:46,REAL,67824127619,537,67824128156,67824128156
2025-06-19 13:04:48,REAL,67824128156,669,67824128825,67824128825
2025-06-19 13:04:50,REAL,67824128825,540,67824129365,67824129365
2025-06-19 13:04:52,REAL,67824129365,542,67824129907,67824129907
2025-06-19 13:04:54,REAL,67824129907,535,67824130442,67824130442
2025-06-19 13:04:56,REAL,67824130442,536,67824130978,67824130978
2025-06-19 13:04:58,REAL,67824130978,544,67824131522,67824131522
2025-06-19 13:05:00,REAL,67824131522,540,67824132062,67824132062
2025-06-19 13:05:02,REAL,67824132062,534,67824132596,67824132596
2025-06-19 13:05:04,REAL,67824132596,732,67824133328,67824133328
2025-06-19 13:05:06,REAL,67824133328,537,67824133865,67824133865
2025-06-19 13:05:08,REAL,67824133865,542,67824134407,67824134407
2025-06-19 13:05:10,REAL,67824134407,598,67824135005,67824135005
2025-06-19 13:05:12,REAL,67824135005,539,67824135544,67824135544
2025-06-19 13:05:14,REAL,67824135544,540,67824136084,67824136084
2025-06-19 13:05:16,REAL,67824136084,539,67824136623,67824136623
2025-06-19 13:05:18,REAL,67824136623,620,67824137243,67824137243
2025-06-19 13:05:20,REAL,67824137243,660,67824137903,67824137903
2025-06-19 13:05:22,REAL,67824137903,596,67824138499,67824138499
2025-06-19 13:05:24,REAL,67824138499,609,67824139108,67824139108
2025-06-19 13:05:26,REAL,67824139108,539,67824139647,67824139647
2025-06-19 13:05:28,REAL,67824139647,545,67824140192,67824140192
2025-06-19 13:05:30,REAL,67824140192,549,67824140741,67824140741
2025-06-19 13:05:32,REAL,67824140741,539,67824141280,67824141280
2025-06-19 13:05:34,REAL,67824141280,617,67824141897,67824141897
2025-06-19 13:05:36,REAL,67824141897,541,67824142438,67824142438
2025-06-19 13:05:38,REAL,67824142438,538,67824142976,67824142976
2025-06-19 13:05:40,REAL,67824142976,658,67824143634,67824143634
2025-06-19 13:05:42,REAL,67824143634,593,67824144227,67824144227
2025-06-19 13:05:44,REAL,67824144227,605,67824144832,67824144832
2025-06-19 13:05:46,REAL,67824144832,105802,67824250634,67824250634
2025-06-19 13:05:48,REAL,67824250634,148214,67824398848,67824398848
2025-06-19 13:05:50,REAL,67824398848,33222,67824432070,67824432070
2025-06-19 13:05:52,REAL,67824432070,25036,67824457106,67824457106
2025-06-19 13:05:54,REAL,67824457106,29426,67824486532,67824486532
2025-06-19 13:05:56,REAL,67824486532,29024,67824515556,67824515556
2025-06-19 13:05:58,REAL,67824515556,29073,67824544629,67824544629
2025-06-19 13:06:00,REAL,67824544629,29142,67824573771,67824573771
2025-06-19 13:06:02,REAL,67824573771,2931,67824576702,67824576702
2025-06-19 13:06:04,REAL,67824576702,677,67824577379,67824577379
2025-06-19 13:06:06,REAL,67824577379,601,67824577980,67824577980
2025-06-19 13:06:08,REAL,67824577980,545,67824578525,67824578525
2025-06-19 13:06:10,REAL,67824578525,543,67824579068,67824579068
2025-06-19 13:06:12,REAL,67824579068,541,67824579609,67824579609
2025-06-19 13:06:14,REAL,67824579609,540,67824580149,67824580149
2025-06-19 13:06:16,REAL,67824580149,595,67824580744,67824580744
2025-06-19 13:06:18,REAL,67824580744,621,67824581365,67824581365
2025-06-19 13:06:20,REAL,67824581365,540,67824581905,67824581905
2025-06-19 13:06:22,REAL,67824581905,604,67824582509,67824582509
2025-06-19 13:06:24,REAL,67824582509,545,67824583054,67824583054
2025-06-19 13:06:26,REAL,67824583054,547,67824583601,67824583601
2025-06-19 13:06:28,REAL,67824583601,545,67824584146,67824584146
2025-06-19 13:06:30,REAL,67824584146,591,67824584737,67824584737
2025-06-19 13:06:32,REAL,67824584737,544,67824585281,67824585281
2025-06-19 13:06:34,REAL,67824585281,609,67824585890,67824585890
2025-06-19 13:06:36,REAL,67824585890,539,67824586429,67824586429
2025-06-19 13:06:38,REAL,67824586429,592,67824587021,67824587021
2025-06-19 13:06:40,REAL,67824587021,542,67824587563,67824587563
2025-06-19 13:06:42,REAL,67824587563,541,67824588104,67824588104
2025-06-19 13:06:44,REAL,67824588104,536,67824588640,67824588640
2025-06-19 13:06:46,REAL,67824588640,545,67824589185,67824589185
2025-06-19 13:06:48,REAL,67824589185,611,67824589796,67824589796
2025-06-19 13:06:50,REAL,67824589796,602,67824590398,67824590398
2025-06-19 13:06:52,REAL,67824590398,548,67824590946,67824590946
2025-06-19 13:06:54,REAL,67824590946,600,67824591546,67824591546
2025-06-19 13:06:56,REAL,67824591546,544,67824592090,67824592090
2025-06-19 13:06:58,REAL,67824592090,546,67824592636,67824592636
2025-06-19 13:07:00,REAL,67824592636,539,67824593175,67824593175
2025-06-19 13:07:02,REAL,67824593175,535,67824593710,67824593710
2025-06-19 13:07:04,REAL,67824593710,615,67824594325,67824594325
2025-06-19 13:07:06,REAL,67824594325,540,67824594865,67824594865
2025-06-19 13:07:08,REAL,67824594865,543,67824595408,67824595408
2025-06-19 13:07:10,REAL,67824595408,656,67824596064,67824596064
2025-06-19 13:07:12,REAL,67824596064,543,67824596607,67824596607
2025-06-19 13:07:14,REAL,67824596607,534,67824597141,67824597141
2025-06-19 13:07:16,REAL,67824597141,539,67824597680,67824597680
2025-06-19 13:07:18,REAL,67824597680,618,67824598298,67824598298
2025-06-19 13:07:20,REAL,67824598298,541,67824598839,67824598839
2025-06-19 13:07:22,REAL,67824598839,541,67824599380,67824599380
2025-06-19 13:07:24,REAL,67824599380,537,67824599917,67824599917
2025-06-19 13:07:26,REAL,67824599917,20798,67824620715,67824620715
2025-06-19 13:07:28,REAL,67824620715,232245,67824852960,67824852960
2025-06-19 13:07:30,REAL,67824852960,28649,67824881609,67824881609
2025-06-19 13:07:32,REAL,67824881609,28978,67824910587,67824910587
2025-06-19 13:07:34,REAL,67824910587,28995,67824939582,67824939582
2025-06-19 13:07:36,REAL,67824939582,28964,67824968546,67824968546
2025-06-19 13:07:38,REAL,67824968546,29030,67824997576,67824997576
2025-06-19 13:07:40,REAL,67824997576,29260,67825026836,67825026836
2025-06-19 13:07:42,REAL,67825026836,11598,67825038434,67825038434
2025-06-19 13:07:44,REAL,67825038434,544,67825038978,67825038978
2025-06-19 13:07:46,REAL,67825038978,548,67825039526,67825039526
2025-06-19 13:07:48,REAL,67825039526,532,67825040058,67825040058
2025-06-19 13:07:50,REAL,67825040058,615,67825040673,67825040673
2025-06-19 13:07:52,REAL,67825040673,544,67825041217,67825041217
2025-06-19 13:07:54,REAL,67825041217,545,67825041762,67825041762
2025-06-19 13:07:56,REAL,67825041762,544,67825042306,67825042306
2025-06-19 13:07:58,REAL,67825042306,43942,67825086248,67825086248
2025-06-19 13:08:00,REAL,67825086248,211522,67825297770,67825297770
2025-06-19 13:08:02,REAL,67825297770,29133,67825326903,67825326903
2025-06-19 13:08:04,REAL,67825326903,29176,67825356079,67825356079
2025-06-19 13:08:06,REAL,67825356079,28946,67825385025,67825385025
2025-06-19 13:08:08,REAL,67825385025,28957,67825413982,67825413982
2025-06-19 13:08:10,REAL,67825413982,28945,67825442927,67825442927
2025-06-19 13:08:12,REAL,67825442927,28544,67825471471,67825471471
2025-06-19 13:08:14,REAL,67825471471,9769,67825481240,67825481240
2025-06-19 13:08:16,REAL,67825481240,534,67825481774,67825481774
2025-06-19 13:08:18,REAL,67825481774,542,67825482316,67825482316
2025-06-19 13:08:20,REAL,67825482316,616,67825482932,67825482932
2025-06-19 13:08:22,REAL,67825482932,537,67825483469,67825483469
2025-06-19 13:08:24,REAL,67825483469,536,67825484005,67825484005
2025-06-19 13:08:26,REAL,67825484005,540,67825484545,67825484545
2025-06-19 13:08:28,REAL,67825484545,540,67825485085,67825485085
2025-06-19 13:08:30,REAL,67825485085,59175,67825544260,67825544260
2025-06-19 13:08:32,REAL,67825544260,181244,67825725504,67825725504
2025-06-19 13:08:34,REAL,67825725504,29470,67825754974,67825754974
2025-06-19 13:08:36,REAL,67825754974,29700,67825784674,67825784674
2025-06-19 13:08:38,REAL,67825784674,29008,67825813682,67825813682
2025-06-19 13:08:40,REAL,67825813682,29025,67825842707,67825842707
2025-06-19 13:08:42,REAL,67825842707,29077,67825871784,67825871784
2025-06-19 13:08:44,REAL,67825871784,29090,67825900874,67825900874
2025-06-19 13:08:46,REAL,67825900874,7957,67825908831,67825908831
2025-06-19 13:08:48,REAL,67825908831,547,67825909378,67825909378
2025-06-19 13:08:50,REAL,67825909378,616,67825909994,67825909994
2025-06-19 13:08:52,REAL,67825909994,540,67825910534,67825910534
2025-06-19 13:08:54,REAL,67825910534,540,67825911074,67825911074
2025-06-19 13:08:56,REAL,67825911074,535,67825911609,67825911609
2025-06-19 13:08:58,REAL,67825911609,532,67825912141,67825912141
2025-06-19 13:09:00,REAL,67825912141,541,67825912682,67825912682
2025-06-19 13:09:02,REAL,67825912682,653,67825913335,67825913335
2025-06-19 13:09:04,REAL,67825913335,680,67825914015,67825914015
2025-06-19 13:09:06,REAL,67825914015,678,67825914693,67825914693
2025-06-19 13:09:08,REAL,67825914693,651,67825915344,67825915344
2025-06-19 13:09:10,REAL,67825915344,591,67825915935,67825915935
2025-06-19 13:09:12,REAL,67825915935,76705,67825992640,67825992640
2025-06-19 13:09:14,REAL,67825992640,171525,67826164165,67826164165
2025-06-19 13:09:16,REAL,67826164165,28732,67826192897,67826192897
2025-06-19 13:09:18,REAL,67826192897,29394,67826222291,67826222291
2025-06-19 13:09:20,REAL,67826222291,29283,67826251574,67826251574
2025-06-19 13:09:22,REAL,67826251574,31741,67826283315,67826283315
2025-06-19 13:09:24,REAL,67826283315,26386,67826309701,67826309701
2025-06-19 13:09:26,REAL,67826309701,29047,67826338748,67826338748
2025-06-19 13:09:28,REAL,67826338748,6692,67826345440,67826345440
2025-06-19 13:09:30,REAL,67826345440,549,67826345989,67826345989
2025-06-19 13:09:32,REAL,67826345989,546,67826346535,67826346535
2025-06-19 13:09:34,REAL,67826346535,548,67826347083,67826347083
2025-06-19 13:09:36,REAL,67826347083,617,67826347700,67826347700
2025-06-19 13:09:38,REAL,67826347700,548,67826348248,67826348248
2025-06-19 13:09:40,REAL,67826348248,540,67826348788,67826348788
2025-06-19 13:09:42,REAL,67826348788,545,67826349333,67826349333
2025-06-19 13:09:44,REAL,67826349333,595,67826349928,67826349928
2025-06-19 13:09:46,REAL,67826349928,530,67826350458,67826350458
2025-06-19 13:09:48,REAL,67826350458,537,67826350995,67826350995
2025-06-19 13:09:50,REAL,67826350995,671,67826351666,67826351666
2025-06-19 13:09:52,REAL,67826351666,542,67826352208,67826352208
2025-06-19 13:09:54,REAL,67826352208,543,67826352751,67826352751
2025-06-19 13:09:56,REAL,67826352751,538,67826353289,67826353289
2025-06-19 13:09:58,REAL,67826353289,543,67826353832,67826353832
2025-06-19 13:10:00,REAL,67826353832,602,67826354434,67826354434
2025-06-19 13:10:02,REAL,67826354434,597,67826355031,67826355031
2025-06-19 13:10:04,REAL,67826355031,540,67826355571,67826355571
2025-06-19 13:10:06,REAL,67826355571,615,67826356186,67826356186
2025-06-19 13:10:08,REAL,67826356186,546,67826356732,67826356732
2025-06-19 13:10:10,REAL,67826356732,539,67826357271,67826357271
2025-06-19 13:10:12,REAL,67826357271,536,67826357807,67826357807
2025-06-19 13:10:14,REAL,67826357807,545,67826358352,67826358352
2025-06-19 13:10:16,REAL,67826358352,600,67826358952,67826358952
2025-06-19 13:10:18,REAL,67826358952,545,67826359497,67826359497
2025-06-19 13:10:20,REAL,67826359497,617,67826360114,67826360114
2025-06-19 13:10:22,REAL,67826360114,537,67826360651,67826360651
2025-06-19 13:10:24,REAL,67826360651,538,67826361189,67826361189
2025-06-19 13:10:26,REAL,67826361189,538,67826361727,67826361727
2025-06-19 13:10:28,REAL,67826361727,593,67826362320,67826362320
2025-06-19 13:10:30,REAL,67826362320,542,67826362862,67826362862
2025-06-19 13:10:32,REAL,67826362862,656,67826363518,67826363518
2025-06-19 13:10:34,REAL,67826363518,600,67826364118,67826364118
2025-06-19 13:10:36,REAL,67826364118,676,67826364794,67826364794
2025-06-19 13:10:38,REAL,67826364794,598,67826365392,67826365392
2025-06-19 13:10:40,REAL,67826365392,605,67826365997,67826365997
2025-06-19 13:10:42,REAL,67826365997,715,67826366712,67826366712
2025-06-19 13:10:44,REAL,67826366712,601,67826367313,67826367313
2025-06-19 13:10:46,REAL,67826367313,602,67826367915,67826367915
2025-06-19 13:10:48,REAL,67826367915,544,67826368459,67826368459
2025-06-19 13:10:50,REAL,67826368459,612,67826369071,67826369071
2025-06-19 13:10:52,REAL,67826369071,538,67826369609,67826369609
2025-06-19 13:10:54,REAL,67826369609,546,67826370155,67826370155
2025-06-19 13:10:56,REAL,67826370155,535,67826370690,67826370690
2025-06-19 13:10:58,REAL,67826370690,550,67826371240,67826371240
2025-06-19 13:11:00,REAL,67826371240,549,67826371789,67826371789
2025-06-19 13:11:02,REAL,67826371789,603,67826372392,67826372392
2025-06-19 13:11:04,REAL,67826372392,599,67826372991,67826372991
2025-06-19 13:11:06,REAL,67826372991,674,67826373665,67826373665
2025-06-19 13:11:08,REAL,67826373665,143667,67826517332,67826517332
2025-06-19 13:11:10,REAL,67826517332,155768,67826673100,67826673100
2025-06-19 13:11:12,REAL,67826673100,29092,67826702192,67826702192
2025-06-19 13:11:14,REAL,67826702192,29305,67826731497,67826731497
2025-06-19 13:11:16,REAL,67826731497,29719,67826761216,67826761216
2025-06-19 13:11:18,REAL,67826761216,29411,67826790627,67826790627
2025-06-19 13:11:20,REAL,67826790627,29727,67826820354,67826820354
2025-06-19 13:11:22,REAL,67826820354,29369,67826849723,67826849723
2025-06-19 13:11:24,REAL,67826849723,1457,67826851180,67826851180
2025-06-19 13:11:26,REAL,67826851180,541,67826851721,67826851721
2025-06-19 13:11:28,REAL,67826851721,541,67826852262,67826852262
2025-06-19 13:11:30,REAL,67826852262,532,67826852794,67826852794
2025-06-19 13:11:32,REAL,67826852794,543,67826853337,67826853337
2025-06-19 13:11:34,REAL,67826853337,537,67826853874,67826853874
2025-06-19 13:11:36,REAL,67826853874,623,67826854497,67826854497
2025-06-19 13:11:38,REAL,67826854497,539,67826855036,67826855036
2025-06-19 13:11:40,REAL,67826855036,603,67826855639,67826855639
2025-06-19 13:11:42,REAL,67826855639,532,67826856171,67826856171
2025-06-19 13:11:44,REAL,67826856171,533,67826856704,67826856704
2025-06-19 13:11:46,REAL,67826856704,602,67826857306,67826857306
2025-06-19 13:11:48,REAL,67826857306,543,67826857849,67826857849
2025-06-19 13:11:50,REAL,67826857849,542,67826858391,67826858391
2025-06-19 13:11:52,REAL,67826858391,621,67826859012,67826859012
2025-06-19 13:11:54,REAL,67826859012,601,67826859613,67826859613
2025-06-19 13:11:56,REAL,67826859613,547,67826860160,67826860160
2025-06-19 13:11:58,REAL,67826860160,540,67826860700,67826860700
2025-06-19 13:12:00,REAL,67826860700,604,67826861304,67826861304
2025-06-19 13:12:02,REAL,67826861304,546,67826861850,67826861850
2025-06-19 13:12:04,REAL,67826861850,536,67826862386,67826862386
2025-06-19 13:12:06,REAL,67826862386,617,67826863003,67826863003
2025-06-19 13:12:08,REAL,67826863003,533,67826863536,67826863536
2025-06-19 13:12:10,REAL,67826863536,592,67826864128,67826864128
2025-06-19 13:12:12,REAL,67826864128,156350,67827020478,67827020478
2025-06-19 13:12:14,REAL,67827020478,128587,67827149065,67827149065
2025-06-19 13:12:16,REAL,67827149065,28985,67827178050,67827178050
2025-06-19 13:12:18,REAL,67827178050,29273,67827207323,67827207323
2025-06-19 13:12:20,REAL,67827207323,29142,67827236465,67827236465
2025-06-19 13:12:22,REAL,67827236465,29420,67827265885,67827265885
2025-06-19 13:12:24,REAL,67827265885,28552,67827294437,67827294437
2025-06-19 13:12:26,REAL,67827294437,26326,67827320763,67827320763
2025-06-19 13:12:28,REAL,67827320763,599,67827321362,67827321362
2025-06-19 13:12:30,REAL,67827321362,592,67827321954,67827321954
2025-06-19 13:12:32,REAL,67827321954,22464,67827344418,67827344418
2025-06-19 13:12:34,REAL,67827344418,212073,67827556491,67827556491
2025-06-19 13:12:36,REAL,67827556491,29378,67827585869,67827585869
2025-06-19 13:12:38,REAL,67827585869,29089,67827614958,67827614958
2025-06-19 13:12:40,REAL,67827614958,29235,67827644193,67827644193
2025-06-19 13:12:42,REAL,67827644193,28921,67827673114,67827673114
2025-06-19 13:12:44,REAL,67827673114,29174,67827702288,67827702288
2025-06-19 13:12:46,REAL,67827702288,28456,67827730744,67827730744
2025-06-19 13:12:48,REAL,67827730744,10877,67827741621,67827741621
2025-06-19 13:12:50,REAL,67827741621,540,67827742161,67827742161
2025-06-19 13:12:52,REAL,67827742161,622,67827742783,67827742783
2025-06-19 13:12:54,REAL,67827742783,539,67827743322,67827743322
2025-06-19 13:12:56,REAL,67827743322,535,67827743857,67827743857
2025-06-19 13:12:58,REAL,67827743857,531,67827744388,67827744388
2025-06-19 13:13:00,REAL,67827744388,537,67827744925,67827744925
2025-06-19 13:13:02,REAL,67827744925,547,67827745472,67827745472
2025-06-19 13:13:04,REAL,67827745472,607,67827746079,67827746079
2025-06-19 13:13:06,REAL,67827746079,652,67827746731,67827746731
2025-06-19 13:13:08,REAL,67827746731,608,67827747339,67827747339
2025-06-19 13:13:10,REAL,67827747339,545,67827747884,67827747884
2025-06-19 13:13:12,REAL,67827747884,540,67827748424,67827748424
2025-06-19 13:13:14,REAL,67827748424,539,67827748963,67827748963
2025-06-19 13:13:16,REAL,67827748963,536,67827749499,67827749499
2025-06-19 13:13:18,REAL,67827749499,534,67827750033,67827750033
2025-06-19 13:13:20,REAL,67827750033,600,67827750633,67827750633
2025-06-19 13:13:22,REAL,67827750633,616,67827751249,67827751249
2025-06-19 13:13:24,REAL,67827751249,544,67827751793,67827751793
2025-06-19 13:13:26,REAL,67827751793,538,67827752331,67827752331
2025-06-19 13:13:28,REAL,67827752331,542,67827752873,67827752873
2025-06-19 13:13:30,REAL,67827752873,596,67827753469,67827753469
2025-06-19 13:13:32,REAL,67827753469,537,67827754006,67827754006
2025-06-19 13:13:34,REAL,67827754006,538,67827754544,67827754544
2025-06-19 13:13:36,REAL,67827754544,663,67827755207,67827755207
2025-06-19 13:13:38,REAL,67827755207,726,67827755933,67827755933
2025-06-19 13:13:40,REAL,67827755933,598,67827756531,67827756531
2025-06-19 13:13:42,REAL,67827756531,541,67827757072,67827757072
2025-06-19 13:13:44,REAL,67827757072,548,67827757620,67827757620
2025-06-19 13:13:46,REAL,67827757620,540,67827758160,67827758160
2025-06-19 13:13:48,REAL,67827758160,544,67827758704,67827758704
2025-06-19 13:13:50,REAL,67827758704,546,67827759250,67827759250
2025-06-19 13:13:52,REAL,67827759250,616,67827759866,67827759866
2025-06-19 13:13:54,REAL,67827759866,543,67827760409,67827760409
2025-06-19 13:13:56,REAL,67827760409,658,67827761067,67827761067
2025-06-19 13:13:58,REAL,67827761067,208636,67827969703,67827969703
2025-06-19 13:14:00,REAL,67827969703,65883,67828035586,67828035586
2025-06-19 13:14:02,REAL,67828035586,29145,67828064731,67828064731
2025-06-19 13:14:04,REAL,67828064731,29121,67828093852,67828093852
2025-06-19 13:14:06,REAL,67828093852,28830,67828122682,67828122682
2025-06-19 13:14:08,REAL,67828122682,28733,67828151415,67828151415
2025-06-19 13:14:10,REAL,67828151415,28833,67828180248,67828180248
2025-06-19 13:14:12,REAL,67828180248,20682,67828200930,67828200930
2025-06-19 13:14:14,REAL,67828200930,542,67828201472,67828201472
2025-06-19 13:14:16,REAL,67828201472,537,67828202009,67828202009
2025-06-19 13:14:18,REAL,67828202009,544,67828202553,67828202553
2025-06-19 13:14:20,REAL,67828202553,543,67828203096,67828203096
2025-06-19 13:14:22,REAL,67828203096,670,67828203766,67828203766
2025-06-19 13:14:24,REAL,67828203766,545,67828204311,67828204311
2025-06-19 13:14:26,REAL,67828204311,537,67828204848,67828204848
2025-06-19 13:14:28,REAL,67828204848,598,67828205446,67828205446
2025-06-19 13:14:30,REAL,67828205446,219806,67828425252,67828425252
2025-06-19 13:14:32,REAL,67828425252,49572,67828474824,67828474824
2025-06-19 13:14:34,REAL,67828474824,28917,67828503741,67828503741
2025-06-19 13:14:36,REAL,67828503741,28978,67828532719,67828532719
2025-06-19 13:14:38,REAL,67828532719,29226,67828561945,67828561945
2025-06-19 13:14:40,REAL,67828561945,28683,67828590628,67828590628
2025-06-19 13:14:42,REAL,67828590628,29053,67828619681,67828619681
2025-06-19 13:14:44,REAL,67828619681,18877,67828638558,67828638558
2025-06-19 13:14:46,REAL,67828638558,594,67828639152,67828639152
2025-06-19 13:14:48,REAL,67828639152,654,67828639806,67828639806
2025-06-19 13:14:50,REAL,67828639806,106717,67828746523,67828746523
2025-06-19 13:14:52,REAL,67828746523,160634,67828907157,67828907157
2025-06-19 13:14:54,REAL,67828907157,28870,67828936027,67828936027
2025-06-19 13:14:56,REAL,67828936027,29458,67828965485,67828965485
2025-06-19 13:14:58,REAL,67828965485,28996,67828994481,67828994481
2025-06-19 13:15:00,REAL,67828994481,29115,67829023596,67829023596
2025-06-19 13:15:02,REAL,67829023596,28716,67829052312,67829052312
2025-06-19 13:15:04,REAL,67829052312,28712,67829081024,67829081024
2025-06-19 13:15:06,REAL,67829081024,4102,67829085126,67829085126
2025-06-19 13:15:08,REAL,67829085126,624,67829085750,67829085750
2025-06-19 13:15:10,REAL,67829085750,547,67829086297,67829086297
2025-06-19 13:15:12,REAL,67829086297,547,67829086844,67829086844
2025-06-19 13:15:14,REAL,67829086844,601,67829087445,67829087445
2025-06-19 13:15:16,REAL,67829087445,548,67829087993,67829087993
2025-06-19 13:15:18,REAL,67829087993,538,67829088531,67829088531
2025-06-19 13:15:20,REAL,67829088531,541,67829089072,67829089072
2025-06-19 13:15:22,REAL,67829089072,106055,67829195127,67829195127
2025-06-19 13:15:24,REAL,67829195127,173524,67829368651,67829368651
2025-06-19 13:15:26,REAL,67829368651,29723,67829398374,67829398374
2025-06-19 13:15:28,REAL,67829398374,29163,67829427537,67829427537
2025-06-19 13:15:30,REAL,67829427537,29062,67829456599,67829456599
2025-06-19 13:15:32,REAL,67829456599,29066,67829485665,67829485665
2025-06-19 13:15:34,REAL,67829485665,28896,67829514561,67829514561
2025-06-19 13:15:36,REAL,67829514561,28856,67829543417,67829543417
2025-06-19 13:15:38,REAL,67829543417,2245,67829545662,67829545662
2025-06-19 13:15:40,REAL,67829545662,656,67829546318,67829546318
2025-06-19 13:15:42,REAL,67829546318,597,67829546915,67829546915
2025-06-19 13:15:44,REAL,67829546915,257224,67829804139,67829804139
2025-06-19 13:15:46,REAL,67829804139,29322,67829833461,67829833461
2025-06-19 13:15:48,REAL,67829833461,28705,67829862166,67829862166
2025-06-19 13:15:50,REAL,67829862166,28669,67829890835,67829890835
2025-06-19 13:15:52,REAL,67829890835,28731,67829919566,67829919566
2025-06-19 13:15:54,REAL,67829919566,29475,67829949041,67829949041
2025-06-19 13:15:56,REAL,67829949041,29105,67829978146,67829978146
2025-06-19 13:15:58,REAL,67829978146,15362,67829993508,67829993508
2025-06-19 13:16:00,REAL,67829993508,541,67829994049,67829994049
2025-06-19 13:16:02,REAL,67829994049,545,67829994594,67829994594
2025-06-19 13:16:04,REAL,67829994594,539,67829995133,67829995133
2025-06-19 13:16:06,REAL,67829995133,601,67829995734,67829995734
2025-06-19 13:16:08,REAL,67829995734,611,67829996345,67829996345
2025-06-19 13:16:10,REAL,67829996345,536,67829996881,67829996881
2025-06-19 13:16:12,REAL,67829996881,544,67829997425,67829997425
2025-06-19 13:16:14,REAL,67829997425,594,67829998019,67829998019
2025-06-19 13:16:16,REAL,67829998019,597,67829998616,67829998616
2025-06-19 13:16:18,REAL,67829998616,547,67829999163,67829999163
2025-06-19 13:16:20,REAL,67829999163,536,67829999699,67829999699
2025-06-19 13:16:22,REAL,67829999699,535,67830000234,67830000234
2025-06-19 13:16:24,REAL,67830000234,607,67830000841,67830000841
2025-06-19 13:16:26,REAL,67830000841,547,67830001388,67830001388
2025-06-19 13:16:28,REAL,67830001388,538,67830001926,67830001926
2025-06-19 13:16:30,REAL,67830001926,708,67830002634,67830002634
2025-06-19 13:16:32,REAL,67830002634,604,67830003238,67830003238
2025-06-19 13:16:34,REAL,67830003238,604,67830003842,67830003842
2025-06-19 13:16:36,REAL,67830003842,543,67830004385,67830004385
2025-06-19 13:16:38,REAL,67830004385,614,67830004999,67830004999
2025-06-19 13:16:40,REAL,67830004999,545,67830005544,67830005544
2025-06-19 13:16:42,REAL,67830005544,539,67830006083,67830006083
2025-06-19 13:16:44,REAL,67830006083,544,67830006627,67830006627
2025-06-19 13:16:46,REAL,67830006627,547,67830007174,67830007174
2025-06-19 13:16:48,REAL,67830007174,547,67830007721,67830007721
2025-06-19 13:16:50,REAL,67830007721,594,67830008315,67830008315
2025-06-19 13:16:52,REAL,67830008315,543,67830008858,67830008858
2025-06-19 13:16:54,REAL,67830008858,616,67830009474,67830009474
2025-06-19 13:16:56,REAL,67830009474,781,67830010255,67830010255
2025-06-19 13:16:58,REAL,67830010255,412,67830010667,67830010667
2025-06-19 13:17:00,REAL,67830010667,540,67830011207,67830011207
2025-06-19 13:17:02,REAL,67830011207,546,67830011753,67830011753
2025-06-19 13:17:04,REAL,67830011753,537,67830012290,67830012290
2025-06-19 13:17:06,REAL,67830012290,599,67830012889,67830012889
2025-06-19 13:17:08,REAL,67830012889,613,67830013502,67830013502
2025-06-19 13:17:10,REAL,67830013502,544,67830014046,67830014046
2025-06-19 13:17:12,REAL,67830014046,539,67830014585,67830014585
2025-06-19 13:17:14,REAL,67830014585,542,67830015127,67830015127
2025-06-19 13:17:16,REAL,67830015127,544,67830015671,67830015671
2025-06-19 13:17:18,REAL,67830015671,531,67830016202,67830016202
2025-06-19 13:17:20,REAL,67830016202,544,67830016746,67830016746
2025-06-19 13:17:22,REAL,67830016746,592,67830017338,67830017338
2025-06-19 13:17:24,REAL,67830017338,615,67830017953,67830017953
2025-06-19 13:17:26,REAL,67830017953,537,67830018490,67830018490
2025-06-19 13:17:28,REAL,67830018490,546,67830019036,67830019036
2025-06-19 13:17:30,REAL,67830019036,535,67830019571,67830019571
2025-06-19 13:17:32,REAL,67830019571,533,67830020104,67830020104
2025-06-19 13:17:34,REAL,67830020104,532,67830020636,67830020636
2025-06-19 13:17:36,REAL,67830020636,541,67830021177,67830021177
2025-06-19 13:17:38,REAL,67830021177,680,67830021857,67830021857
2025-06-19 13:17:40,REAL,67830021857,655,67830022512,67830022512
2025-06-19 13:17:42,REAL,67830022512,601,67830023113,67830023113
2025-06-19 13:17:44,REAL,67830023113,659,67830023772,67830023772
2025-06-19 13:17:46,REAL,67830023772,532,67830024304,67830024304
2025-06-19 13:17:48,REAL,67830024304,539,67830024843,67830024843
2025-06-19 13:17:50,REAL,67830024843,540,67830025383,67830025383
2025-06-19 13:17:52,REAL,67830025383,537,67830025920,67830025920
2025-06-19 13:17:54,REAL,67830025920,618,67830026538,67830026538
2025-06-19 13:17:56,REAL,67830026538,537,67830027075,67830027075
2025-06-19 13:17:58,REAL,67830027075,539,67830027614,67830027614
2025-06-19 13:18:00,REAL,67830027614,655,67830028269,67830028269
2025-06-19 13:18:02,REAL,67830028269,608,67830028877,67830028877
2025-06-19 13:18:04,REAL,67830028877,598,67830029475,67830029475
2025-06-19 13:18:06,REAL,67830029475,536,67830030011,67830030011
2025-06-19 13:18:08,REAL,67830030011,612,67830030623,67830030623
2025-06-19 13:18:10,REAL,67830030623,542,67830031165,67830031165
2025-06-19 13:18:12,REAL,67830031165,540,67830031705,67830031705
2025-06-19 13:18:14,REAL,67830031705,543,67830032248,67830032248
2025-06-19 13:18:16,REAL,67830032248,535,67830032783,67830032783
2025-06-19 13:18:18,REAL,67830032783,542,67830033325,67830033325
2025-06-19 13:18:20,REAL,67830033325,606,67830033931,67830033931
2025-06-19 13:18:22,REAL,67830033931,234699,67830268630,67830268630
2025-06-19 13:18:24,REAL,67830268630,70666,67830339296,67830339296
2025-06-19 13:18:26,REAL,67830339296,29121,67830368417,67830368417
2025-06-19 13:18:28,REAL,67830368417,29220,67830397637,67830397637
2025-06-19 13:18:30,REAL,67830397637,28847,67830426484,67830426484
2025-06-19 13:18:32,REAL,67830426484,29134,67830455618,67830455618
2025-06-19 13:18:34,REAL,67830455618,28986,67830484604,67830484604
2025-06-19 13:18:36,REAL,67830484604,21241,67830505845,67830505845
2025-06-19 13:18:38,REAL,67830505845,540,67830506385,67830506385
2025-06-19 13:18:40,REAL,67830506385,619,67830507004,67830507004
2025-06-19 13:18:42,REAL,67830507004,541,67830507545,67830507545
2025-06-19 13:18:44,REAL,67830507545,539,67830508084,67830508084
2025-06-19 13:18:46,REAL,67830508084,543,67830508627,67830508627
2025-06-19 13:18:48,REAL,67830508627,536,67830509163,67830509163
2025-06-19 13:18:50,REAL,67830509163,545,67830509708,67830509708
2025-06-19 13:18:52,REAL,67830509708,605,67830510313,67830510313
2025-06-19 13:18:54,REAL,67830510313,621,67830510934,67830510934
2025-06-19 13:18:56,REAL,67830510934,544,67830511478,67830511478
2025-06-19 13:18:58,REAL,67830511478,541,67830512019,67830512019
2025-06-19 13:19:00,REAL,67830512019,531,67830512550,67830512550
2025-06-19 13:19:02,REAL,67830512550,540,67830513090,67830513090
2025-06-19 13:19:04,REAL,67830513090,595,67830513685,67830513685
2025-06-19 13:19:06,REAL,67830513685,536,67830514221,67830514221
2025-06-19 13:19:08,REAL,67830514221,605,67830514826,67830514826
2025-06-19 13:19:10,REAL,67830514826,678,67830515504,67830515504
2025-06-19 13:19:12,REAL,67830515504,597,67830516101,67830516101
2025-06-19 13:19:14,REAL,67830516101,660,67830516761,67830516761
2025-06-19 13:19:16,REAL,67830516761,601,67830517362,67830517362
2025-06-19 13:19:18,REAL,67830517362,658,67830518020,67830518020
2025-06-19 13:19:20,REAL,67830518020,533,67830518553,67830518553
2025-06-19 13:19:22,REAL,67830518553,539,67830519092,67830519092
2025-06-19 13:19:24,REAL,67830519092,621,67830519713,67830519713
2025-06-19 13:19:26,REAL,67830519713,547,67830520260,67830520260
2025-06-19 13:19:28,REAL,67830520260,550,67830520810,67830520810
2025-06-19 13:19:30,REAL,67830520810,539,67830521349,67830521349
2025-06-19 13:19:32,REAL,67830521349,539,67830521888,67830521888
2025-06-19 13:19:34,REAL,67830521888,608,67830522496,67830522496
2025-06-19 13:19:36,REAL,67830522496,542,67830523038,67830523038
2025-06-19 13:19:38,REAL,67830523038,539,67830523577,67830523577
2025-06-19 13:19:40,REAL,67830523577,614,67830524191,67830524191
2025-06-19 13:19:42,REAL,67830524191,538,67830524729,67830524729
2025-06-19 13:19:44,REAL,67830524729,543,67830525272,67830525272
2025-06-19 13:19:46,REAL,67830525272,534,67830525806,67830525806
2025-06-19 13:19:48,REAL,67830525806,598,67830526404,67830526404
2025-06-19 13:19:50,REAL,67830526404,606,67830527010,67830527010
2025-06-19 13:19:52,REAL,67830527010,541,67830527551,67830527551
2025-06-19 13:19:54,REAL,67830527551,608,67830528159,67830528159
2025-06-19 13:19:56,REAL,67830528159,540,67830528699,67830528699
2025-06-19 13:19:58,REAL,67830528699,546,67830529245,67830529245
2025-06-19 13:20:00,REAL,67830529245,538,67830529783,67830529783
2025-06-19 13:20:02,REAL,67830529783,540,67830530323,67830530323
2025-06-19 13:20:04,REAL,67830530323,534,67830530857,67830530857
2025-06-19 13:20:06,REAL,67830530857,658,67830531515,67830531515
2025-06-19 13:20:08,REAL,67830531515,535,67830532050,67830532050
2025-06-19 13:20:10,REAL,67830532050,605,67830532655,67830532655
2025-06-19 13:20:12,REAL,67830532655,533,67830533188,67830533188
2025-06-19 13:20:14,REAL,67830533188,542,67830533730,67830533730
2025-06-19 13:20:16,REAL,67830533730,543,67830534273,67830534273
2025-06-19 13:20:18,REAL,67830534273,532,67830534805,67830534805
2025-06-19 13:20:20,REAL,67830534805,532,67830535337,67830535337
2025-06-19 13:20:22,REAL,67830535337,608,67830535945,67830535945
2025-06-19 13:20:24,REAL,67830535945,232357,67830768302,67830768302
2025-06-19 13:20:26,REAL,67830768302,28962,67830797264,67830797264
2025-06-19 13:20:28,REAL,67830797264,29534,67830826798,67830826798
2025-06-19 13:20:30,REAL,67830826798,29240,67830856038,67830856038
2025-06-19 13:20:32,REAL,67830856038,29120,67830885158,67830885158
2025-06-19 13:20:34,REAL,67830885158,29424,67830914582,67830914582
2025-06-19 13:20:36,REAL,67830914582,29368,67830943950,67830943950
2025-06-19 13:20:38,REAL,67830943950,15355,67830959305,67830959305
2025-06-19 13:20:40,REAL,67830959305,620,67830959925,67830959925
2025-06-19 13:20:42,REAL,67830959925,540,67830960465,67830960465
2025-06-19 13:20:44,REAL,67830960465,540,67830961005,67830961005
2025-06-19 13:20:46,REAL,67830961005,541,67830961546,67830961546
2025-06-19 13:20:48,REAL,67830961546,531,67830962077,67830962077
2025-06-19 13:20:50,REAL,67830962077,543,67830962620,67830962620
2025-06-19 13:20:52,REAL,67830962620,592,67830963212,67830963212
2025-06-19 13:20:54,REAL,67830963212,600,67830963812,67830963812
2025-06-19 13:20:56,REAL,67830963812,671,67830964483,67830964483
2025-06-19 13:20:58,REAL,67830964483,598,67830965081,67830965081
2025-06-19 13:21:00,REAL,67830965081,607,67830965688,67830965688
2025-06-19 13:21:02,REAL,67830965688,540,67830966228,67830966228
2025-06-19 13:21:04,REAL,67830966228,535,67830966763,67830966763
2025-06-19 13:21:06,REAL,67830966763,605,67830967368,67830967368
2025-06-19 13:21:08,REAL,67830967368,536,67830967904,67830967904
2025-06-19 13:21:10,REAL,67830967904,619,67830968523,67830968523
2025-06-19 13:21:12,REAL,67830968523,542,67830969065,67830969065
2025-06-19 13:21:14,REAL,67830969065,601,67830969666,67830969666
2025-06-19 13:21:16,REAL,67830969666,601,67830970267,67830970267
2025-06-19 13:21:18,REAL,67830970267,597,67830970864,67830970864
2025-06-19 13:21:20,REAL,67830970864,662,67830971526,67830971526
2025-06-19 13:21:22,REAL,67830971526,598,67830972124,67830972124
2025-06-19 13:21:24,REAL,67830972124,603,67830972727,67830972727
2025-06-19 13:21:26,REAL,67830972727,609,67830973336,67830973336
2025-06-19 13:21:28,REAL,67830973336,530,67830973866,67830973866
2025-06-19 13:21:30,REAL,67830973866,543,67830974409,67830974409
2025-06-19 13:21:32,REAL,67830974409,538,67830974947,67830974947
2025-06-19 13:21:34,REAL,67830974947,544,67830975491,67830975491
2025-06-19 13:21:36,REAL,67830975491,544,67830976035,67830976035
2025-06-19 13:21:38,REAL,67830976035,546,67830976581,67830976581
2025-06-19 13:21:40,REAL,67830976581,735,67830977316,67830977316
2025-06-19 13:21:42,REAL,67830977316,537,67830977853,67830977853
2025-06-19 13:21:44,REAL,67830977853,542,67830978395,67830978395
2025-06-19 13:21:46,REAL,67830978395,533,67830978928,67830978928
2025-06-19 13:21:48,REAL,67830978928,594,67830979522,67830979522
2025-06-19 13:21:50,REAL,67830979522,547,67830980069,67830980069
2025-06-19 13:21:52,REAL,67830980069,542,67830980611,67830980611
2025-06-19 13:21:54,REAL,67830980611,532,67830981143,67830981143
2025-06-19 13:21:56,REAL,67830981143,671,67830981814,67830981814
2025-06-19 13:21:58,REAL,67830981814,592,67830982406,67830982406
2025-06-19 13:22:00,REAL,67830982406,596,67830983002,67830983002
2025-06-19 13:22:02,REAL,67830983002,37805,67831020807,67831020807
2025-06-19 13:22:04,REAL,67831020807,229931,67831250738,67831250738
2025-06-19 13:22:06,REAL,67831250738,29673,67831280411,67831280411
2025-06-19 13:22:08,REAL,67831280411,28935,67831309346,67831309346
2025-06-19 13:22:10,REAL,67831309346,28799,67831338145,67831338145
2025-06-19 13:22:12,REAL,67831338145,29500,67831367645,67831367645
2025-06-19 13:22:14,REAL,67831367645,29902,67831397547,67831397547
2025-06-19 13:22:16,REAL,67831397547,29283,67831426830,67831426830
2025-06-19 13:22:18,REAL,67831426830,10861,67831437691,67831437691
2025-06-19 13:22:20,REAL,67831437691,593,67831438284,67831438284
2025-06-19 13:22:22,REAL,67831438284,600,67831438884,67831438884
2025-06-19 13:22:24,REAL,67831438884,605,67831439489,67831439489
2025-06-19 13:22:26,REAL,67831439489,725,67831440214,67831440214
2025-06-19 13:22:28,REAL,67831440214,597,67831440811,67831440811
2025-06-19 13:22:30,REAL,67831440811,535,67831441346,67831441346
2025-06-19 13:22:32,REAL,67831441346,538,67831441884,67831441884
2025-06-19 13:22:34,REAL,67831441884,538,67831442422,67831442422
2025-06-19 13:22:36,REAL,67831442422,542,67831442964,67831442964
2025-06-19 13:22:38,REAL,67831442964,541,67831443505,67831443505
2025-06-19 13:22:40,REAL,67831443505,537,67831444042,67831444042
2025-06-19 13:22:42,REAL,67831444042,620,67831444662,67831444662
2025-06-19 13:22:44,REAL,67831444662,38400,67831483062,67831483062
2025-06-19 13:22:46,REAL,67831483062,211746,67831694808,67831694808
2025-06-19 13:22:48,REAL,67831694808,28746,67831723554,67831723554
2025-06-19 13:22:50,REAL,67831723554,29240,67831752794,67831752794
2025-06-19 13:22:52,REAL,67831752794,29249,67831782043,67831782043
2025-06-19 13:22:54,REAL,67831782043,29347,67831811390,67831811390
2025-06-19 13:22:56,REAL,67831811390,29475,67831840865,67831840865
2025-06-19 13:22:58,REAL,67831840865,29265,67831870130,67831870130
2025-06-19 13:23:00,REAL,67831870130,8912,67831879042,67831879042
2025-06-19 13:23:02,REAL,67831879042,659,67831879701,67831879701
2025-06-19 13:23:04,REAL,67831879701,600,67831880301,67831880301
2025-06-19 13:23:06,REAL,67831880301,176729,67832057030,67832057030
2025-06-19 13:23:08,REAL,67832057030,81759,67832138789,67832138789
2025-06-19 13:23:10,REAL,67832138789,28756,67832167545,67832167545
2025-06-19 13:23:12,REAL,67832167545,29446,67832196991,67832196991
2025-06-19 13:23:14,REAL,67832196991,29247,67832226238,67832226238
2025-06-19 13:23:16,REAL,67832226238,29201,67832255439,67832255439
2025-06-19 13:23:18,REAL,67832255439,29243,67832284682,67832284682
2025-06-19 13:23:20,REAL,67832284682,22685,67832307367,67832307367
2025-06-19 13:23:22,REAL,67832307367,598,67832307965,67832307965
2025-06-19 13:23:24,REAL,67832307965,599,67832308564,67832308564
2025-06-19 13:23:26,REAL,67832308564,71614,67832380178,67832380178
2025-06-19 13:23:28,REAL,67832380178,198486,67832578664,67832578664
2025-06-19 13:23:30,REAL,67832578664,29180,67832607844,67832607844
2025-06-19 13:23:32,REAL,67832607844,29211,67832637055,67832637055
2025-06-19 13:23:34,REAL,67832637055,29034,67832666089,67832666089
2025-06-19 13:23:36,REAL,67832666089,29379,67832695468,67832695468
2025-06-19 13:23:38,REAL,67832695468,28742,67832724210,67832724210
2025-06-19 13:23:40,REAL,67832724210,29657,67832753867,67832753867
2025-06-19 13:23:42,REAL,67832753867,7001,67832760868,67832760868
2025-06-19 13:23:44,REAL,67832760868,543,67832761411,67832761411
2025-06-19 13:23:46,REAL,67832761411,543,67832761954,67832761954
2025-06-19 13:23:48,REAL,67832761954,538,67832762492,67832762492
2025-06-19 13:23:50,REAL,67832762492,540,67832763032,67832763032
2025-06-19 13:23:52,REAL,67832763032,544,67832763576,67832763576
2025-06-19 13:23:54,REAL,67832763576,545,67832764121,67832764121
2025-06-19 13:23:56,REAL,67832764121,668,67832764789,67832764789
2025-06-19 13:23:58,REAL,67832764789,598,67832765387,67832765387
2025-06-19 13:24:00,REAL,67832765387,545,67832765932,67832765932
2025-06-19 13:24:02,REAL,67832765932,538,67832766470,67832766470
2025-06-19 13:24:04,REAL,67832766470,541,67832767011,67832767011
2025-06-19 13:24:06,REAL,67832767011,537,67832767548,67832767548
2025-06-19 13:24:08,REAL,67832767548,533,67832768081,67832768081
2025-06-19 13:24:10,REAL,67832768081,592,67832768673,67832768673
2025-06-19 13:24:12,REAL,67832768673,617,67832769290,67832769290
2025-06-19 13:24:14,REAL,67832769290,596,67832769886,67832769886
2025-06-19 13:24:16,REAL,67832769886,537,67832770423,67832770423
2025-06-19 13:24:18,REAL,67832770423,599,67832771022,67832771022
2025-06-19 13:24:20,REAL,67832771022,541,67832771563,67832771563
2025-06-19 13:24:22,REAL,67832771563,546,67832772109,67832772109
2025-06-19 13:24:24,REAL,67832772109,542,67832772651,67832772651
2025-06-19 13:24:26,REAL,67832772651,615,67832773266,67832773266
2025-06-19 13:24:28,REAL,67832773266,541,67832773807,67832773807
2025-06-19 13:24:30,REAL,67832773807,598,67832774405,67832774405
2025-06-19 13:24:32,REAL,67832774405,540,67832774945,67832774945
2025-06-19 13:24:34,REAL,67832774945,543,67832775488,67832775488
2025-06-19 13:24:36,REAL,67832775488,536,67832776024,67832776024
2025-06-19 13:24:38,REAL,67832776024,547,67832776571,67832776571
2025-06-19 13:24:40,REAL,67832776571,534,67832777105,67832777105
2025-06-19 13:24:42,REAL,67832777105,667,67832777772,67832777772
2025-06-19 13:24:44,REAL,67832777772,534,67832778306,67832778306
2025-06-19 13:24:46,REAL,67832778306,595,67832778901,67832778901
2025-06-19 13:24:48,REAL,67832778901,535,67832779436,67832779436
2025-06-19 13:24:50,REAL,67832779436,543,67832779979,67832779979
2025-06-19 13:24:52,REAL,67832779979,589,67832780568,67832780568
2025-06-19 13:24:54,REAL,67832780568,545,67832781113,67832781113
2025-06-19 13:24:56,REAL,67832781113,625,67832781738,67832781738
2025-06-19 13:24:58,REAL,67832781738,542,67832782280,67832782280
2025-06-19 13:25:00,REAL,67832782280,543,67832782823,67832782823
2025-06-19 13:25:02,REAL,67832782823,665,67832783488,67832783488
2025-06-19 13:25:04,REAL,67832783488,661,67832784149,67832784149
2025-06-19 13:25:06,REAL,67832784149,594,67832784743,67832784743
2025-06-19 13:25:08,REAL,67832784743,544,67832785287,67832785287
2025-06-19 13:25:10,REAL,67832785287,540,67832785827,67832785827
2025-06-19 13:25:12,REAL,67832785827,612,67832786439,67832786439
2025-06-19 13:25:14,REAL,67832786439,541,67832786980,67832786980
2025-06-19 13:25:16,REAL,67832786980,537,67832787517,67832787517
2025-06-19 13:25:18,REAL,67832787517,540,67832788057,67832788057
2025-06-19 13:25:20,REAL,67832788057,535,67832788592,67832788592
2025-06-19 13:25:22,REAL,67832788592,597,67832789189,67832789189
2025-06-19 13:25:24,REAL,67832789189,540,67832789729,67832789729
2025-06-19 13:25:26,REAL,67832789729,671,67832790400,67832790400
2025-06-19 13:25:28,REAL,67832790400,540,67832790940,67832790940
2025-06-19 13:25:30,REAL,67832790940,534,67832791474,67832791474
2025-06-19 13:25:32,REAL,67832791474,543,67832792017,67832792017
2025-06-19 13:25:34,REAL,67832792017,539,67832792556,67832792556
2025-06-19 13:25:36,REAL,67832792556,597,67832793153,67832793153
2025-06-19 13:25:38,REAL,67832793153,605,67832793758,67832793758
2025-06-19 13:25:40,REAL,67832793758,540,67832794298,67832794298
2025-06-19 13:25:42,REAL,67832794298,618,67832794916,67832794916
2025-06-19 13:25:44,REAL,67832794916,544,67832795460,67832795460
2025-06-19 13:25:46,REAL,67832795460,536,67832795996,67832795996
2025-06-19 13:25:48,REAL,67832795996,597,67832796593,67832796593
2025-06-19 13:25:50,REAL,67832796593,543,67832797136,67832797136
2025-06-19 13:25:52,REAL,67832797136,532,67832797668,67832797668
2025-06-19 13:25:54,REAL,67832797668,597,67832798265,67832798265
2025-06-19 13:25:56,REAL,67832798265,612,67832798877,67832798877
2025-06-19 13:25:58,REAL,67832798877,544,67832799421,67832799421
2025-06-19 13:26:00,REAL,67832799421,533,67832799954,67832799954
2025-06-19 13:26:02,REAL,67832799954,540,67832800494,67832800494
2025-06-19 13:26:04,REAL,67832800494,545,67832801039,67832801039
2025-06-19 13:26:06,REAL,67832801039,533,67832801572,67832801572
2025-06-19 13:26:08,REAL,67832801572,537,67832802109,67832802109
2025-06-19 13:26:10,REAL,67832802109,20503,67832822612,67832822612
2025-06-19 13:26:12,REAL,67832822612,254713,67833077325,67833077325
2025-06-19 13:26:14,REAL,67833077325,28902,67833106227,67833106227
2025-06-19 13:26:16,REAL,67833106227,29265,67833135492,67833135492
2025-06-19 13:26:18,REAL,67833135492,28786,67833164278,67833164278
2025-06-19 13:26:20,REAL,67833164278,29215,67833193493,67833193493
2025-06-19 13:26:22,REAL,67833193493,29344,67833222837,67833222837
2025-06-19 13:26:24,REAL,67833222837,28410,67833251247,67833251247
2025-06-19 13:26:26,REAL,67833251247,12576,67833263823,67833263823
2025-06-19 13:26:28,REAL,67833263823,608,67833264431,67833264431
2025-06-19 13:26:30,REAL,67833264431,606,67833265037,67833265037
2025-06-19 13:26:32,REAL,67833265037,539,67833265576,67833265576
2025-06-19 13:26:34,REAL,67833265576,594,67833266170,67833266170
2025-06-19 13:26:36,REAL,67833266170,539,67833266709,67833266709
2025-06-19 13:26:38,REAL,67833266709,547,67833267256,67833267256
2025-06-19 13:26:40,REAL,67833267256,538,67833267794,67833267794
2025-06-19 13:26:42,REAL,67833267794,614,67833268408,67833268408
2025-06-19 13:26:44,REAL,67833268408,540,67833268948,67833268948
2025-06-19 13:26:46,REAL,67833268948,597,67833269545,67833269545
2025-06-19 13:26:48,REAL,67833269545,171194,67833440739,67833440739
2025-06-19 13:26:50,REAL,67833440739,103359,67833544098,67833544098
2025-06-19 13:26:52,REAL,67833544098,29082,67833573180,67833573180
2025-06-19 13:26:54,REAL,67833573180,29004,67833602184,67833602184
2025-06-19 13:26:56,REAL,67833602184,28862,67833631046,67833631046
2025-06-19 13:26:58,REAL,67833631046,29146,67833660192,67833660192
2025-06-19 13:27:00,REAL,67833660192,29552,67833689744,67833689744
2025-06-19 13:27:02,REAL,67833689744,24253,67833713997,67833713997
2025-06-19 13:27:04,REAL,67833713997,548,67833714545,67833714545
2025-06-19 13:27:06,REAL,67833714545,542,67833715087,67833715087
2025-06-19 13:27:08,REAL,67833715087,541,67833715628,67833715628
2025-06-19 13:27:10,REAL,67833715628,540,67833716168,67833716168
2025-06-19 13:27:12,REAL,67833716168,616,67833716784,67833716784
2025-06-19 13:27:14,REAL,67833716784,600,67833717384,67833717384
2025-06-19 13:27:16,REAL,67833717384,541,67833717925,67833717925
2025-06-19 13:27:18,REAL,67833717925,606,67833718531,67833718531
2025-06-19 13:27:20,REAL,67833718531,187458,67833905989,67833905989
2025-06-19 13:27:22,REAL,67833905989,96992,67834002981,67834002981
2025-06-19 13:27:24,REAL,67834002981,29443,67834032424,67834032424
2025-06-19 13:27:26,REAL,67834032424,29431,67834061855,67834061855
2025-06-19 13:27:28,REAL,67834061855,29007,67834090862,67834090862
2025-06-19 13:27:30,REAL,67834090862,29012,67834119874,67834119874
2025-06-19 13:27:32,REAL,67834119874,29311,67834149185,67834149185
2025-06-19 13:27:34,REAL,67834149185,22632,67834171817,67834171817
2025-06-19 13:27:36,REAL,67834171817,546,67834172363,67834172363
2025-06-19 13:27:38,REAL,67834172363,538,67834172901,67834172901
2025-06-19 13:27:40,REAL,67834172901,542,67834173443,67834173443
2025-06-19 13:27:42,REAL,67834173443,672,67834174115,67834174115
2025-06-19 13:27:44,REAL,67834174115,589,67834174704,67834174704
2025-06-19 13:27:46,REAL,67834174704,550,67834175254,67834175254
2025-06-19 13:27:48,REAL,67834175254,543,67834175797,67834175797
2025-06-19 13:27:50,REAL,67834175797,606,67834176403,67834176403
2025-06-19 13:27:52,REAL,67834176403,537,67834176940,67834176940
2025-06-19 13:27:54,REAL,67834176940,541,67834177481,67834177481
2025-06-19 13:27:56,REAL,67834177481,542,67834178023,67834178023
2025-06-19 13:27:58,REAL,67834178023,609,67834178632,67834178632
2025-06-19 13:28:00,REAL,67834178632,539,67834179171,67834179171
2025-06-19 13:28:02,REAL,67834179171,538,67834179709,67834179709
2025-06-19 13:28:04,REAL,67834179709,535,67834180244,67834180244
2025-06-19 13:28:06,REAL,67834180244,603,67834180847,67834180847
2025-06-19 13:28:08,REAL,67834180847,598,67834181445,67834181445
2025-06-19 13:28:10,REAL,67834181445,595,67834182040,67834182040
2025-06-19 13:28:12,REAL,67834182040,729,67834182769,67834182769
2025-06-19 13:28:14,REAL,67834182769,534,67834183303,67834183303
2025-06-19 13:28:16,REAL,67834183303,540,67834183843,67834183843
2025-06-19 13:28:18,REAL,67834183843,539,67834184382,67834184382
2025-06-19 13:28:20,REAL,67834184382,545,67834184927,67834184927
2025-06-19 13:28:22,REAL,67834184927,540,67834185467,67834185467
2025-06-19 13:28:24,REAL,67834185467,602,67834186069,67834186069
2025-06-19 13:28:26,REAL,67834186069,546,67834186615,67834186615
2025-06-19 13:28:28,REAL,67834186615,726,67834187341,67834187341
2025-06-19 13:28:30,REAL,67834187341,608,67834187949,67834187949
2025-06-19 13:28:32,REAL,67834187949,598,67834188547,67834188547
2025-06-19 13:28:34,REAL,67834188547,542,67834189089,67834189089
2025-06-19 13:28:36,REAL,67834189089,538,67834189627,67834189627
2025-06-19 13:28:38,REAL,67834189627,664,67834190291,67834190291
2025-06-19 13:28:40,REAL,67834190291,540,67834190831,67834190831
2025-06-19 13:28:42,REAL,67834190831,542,67834191373,67834191373
2025-06-19 13:28:44,REAL,67834191373,623,67834191996,67834191996
2025-06-19 13:28:46,REAL,67834191996,534,67834192530,67834192530
2025-06-19 13:28:48,REAL,67834192530,602,67834193132,67834193132
2025-06-19 13:28:50,REAL,67834193132,538,67834193670,67834193670
2025-06-19 13:28:52,REAL,67834193670,542,67834194212,67834194212
2025-06-19 13:28:54,REAL,67834194212,542,67834194754,67834194754
2025-06-19 13:28:56,REAL,67834194754,535,67834195289,67834195289
2025-06-19 13:28:58,REAL,67834195289,613,67834195902,67834195902
2025-06-19 13:29:00,REAL,67834195902,540,67834196442,67834196442
2025-06-19 13:29:02,REAL,67834196442,593,67834197035,67834197035
2025-06-19 13:29:04,REAL,67834197035,605,67834197640,67834197640
2025-06-19 13:29:06,REAL,67834197640,541,67834198181,67834198181
2025-06-19 13:29:08,REAL,67834198181,592,67834198773,67834198773
2025-06-19 13:29:10,REAL,67834198773,533,67834199306,67834199306
2025-06-19 13:29:12,REAL,67834199306,532,67834199838,67834199838
2025-06-19 13:29:14,REAL,67834199838,616,67834200454,67834200454
2025-06-19 13:29:16,REAL,67834200454,535,67834200989,67834200989
2025-06-19 13:29:18,REAL,67834200989,542,67834201531,67834201531
2025-06-19 13:29:20,REAL,67834201531,597,67834202128,67834202128
2025-06-19 13:29:22,REAL,67834202128,532,67834202660,67834202660
2025-06-19 13:29:24,REAL,67834202660,540,67834203200,67834203200
2025-06-19 13:29:26,REAL,67834203200,543,67834203743,67834203743
2025-06-19 13:29:28,REAL,67834203743,609,67834204352,67834204352
2025-06-19 13:29:30,REAL,67834204352,596,67834204948,67834204948
2025-06-19 13:29:32,REAL,67834204948,539,67834205487,67834205487
2025-06-19 13:29:34,REAL,67834205487,539,67834206026,67834206026
2025-06-19 13:29:36,REAL,67834206026,600,67834206626,67834206626
2025-06-19 13:29:38,REAL,67834206626,546,67834207172,67834207172
2025-06-19 13:29:40,REAL,67834207172,538,67834207710,67834207710
2025-06-19 13:29:42,REAL,67834207710,532,67834208242,67834208242
2025-06-19 13:29:44,REAL,67834208242,617,67834208859,67834208859
2025-06-19 13:29:46,REAL,67834208859,539,67834209398,67834209398
2025-06-19 13:29:48,REAL,67834209398,538,67834209936,67834209936
2025-06-19 13:29:50,REAL,67834209936,601,67834210537,67834210537
2025-06-19 13:29:52,REAL,67834210537,600,67834211137,67834211137
2025-06-19 13:29:54,REAL,67834211137,595,67834211732,67834211732
2025-06-19 13:29:56,REAL,67834211732,540,67834212272,67834212272
2025-06-19 13:29:58,REAL,67834212272,617,67834212889,67834212889
2025-06-19 13:30:00,REAL,67834212889,542,67834213431,67834213431
2025-06-19 13:30:02,REAL,67834213431,539,67834213970,67834213970
2025-06-19 13:30:04,REAL,67834213970,548,67834214518,67834214518
2025-06-19 13:30:06,REAL,67834214518,541,67834215059,67834215059
2025-06-19 13:30:08,REAL,67834215059,594,67834215653,67834215653
2025-06-19 13:30:10,REAL,67834215653,540,67834216193,67834216193
2025-06-19 13:30:12,REAL,67834216193,540,67834216733,67834216733
2025-06-19 13:30:14,REAL,67834216733,618,67834217351,67834217351
2025-06-19 13:30:16,REAL,67834217351,536,67834217887,67834217887
2025-06-19 13:30:18,REAL,67834217887,532,67834218419,67834218419
2025-06-19 13:30:20,REAL,67834218419,597,67834219016,67834219016
2025-06-19 13:30:22,REAL,67834219016,538,67834219554,67834219554
2025-06-19 13:30:24,REAL,67834219554,605,67834220159,67834220159
2025-06-19 13:30:26,REAL,67834220159,540,67834220699,67834220699
2025-06-19 13:30:28,REAL,67834220699,538,67834221237,67834221237
2025-06-19 13:30:30,REAL,67834221237,610,67834221847,67834221847
2025-06-19 13:30:32,REAL,67834221847,535,67834222382,67834222382
2025-06-19 13:30:34,REAL,67834222382,605,67834222987,67834222987
2025-06-19 13:30:36,REAL,67834222987,545,67834223532,67834223532
2025-06-19 13:30:38,REAL,67834223532,541,67834224073,67834224073
2025-06-19 13:30:40,REAL,67834224073,601,67834224674,67834224674
2025-06-19 13:30:42,REAL,67834224674,535,67834225209,67834225209
2025-06-19 13:30:44,REAL,67834225209,619,67834225828,67834225828
2025-06-19 13:30:46,REAL,67834225828,604,67834226432,67834226432
2025-06-19 13:30:48,REAL,67834226432,537,67834226969,67834226969
2025-06-19 13:30:50,REAL,67834226969,538,67834227507,67834227507
2025-06-19 13:30:52,REAL,67834227507,534,67834228041,67834228041
2025-06-19 13:30:54,REAL,67834228041,547,67834228588,67834228588
2025-06-19 13:30:56,REAL,67834228588,26203,67834254791,67834254791
2025-06-19 13:30:58,REAL,67834254791,234503,67834489294,67834489294
2025-06-19 13:31:00,REAL,67834489294,29094,67834518388,67834518388
2025-06-19 13:31:02,REAL,67834518388,29288,67834547676,67834547676
2025-06-19 13:31:04,REAL,67834547676,28771,67834576447,67834576447
2025-06-19 13:31:06,REAL,67834576447,29091,67834605538,67834605538
2025-06-19 13:31:08,REAL,67834605538,29340,67834634878,67834634878
2025-06-19 13:31:10,REAL,67834634878,28918,67834663796,67834663796
2025-06-19 13:31:12,REAL,67834663796,10871,67834674667,67834674667
2025-06-19 13:31:14,REAL,67834674667,680,67834675347,67834675347
2025-06-19 13:31:16,REAL,67834675347,594,67834675941,67834675941
2025-06-19 13:31:18,REAL,67834675941,183528,67834859469,67834859469
2025-06-19 13:31:20,REAL,67834859469,117098,67834976567,67834976567
2025-06-19 13:31:22,REAL,67834976567,29463,67835006030,67835006030
2025-06-19 13:31:24,REAL,67835006030,29402,67835035432,67835035432
2025-06-19 13:31:26,REAL,67835035432,29313,67835064745,67835064745
2025-06-19 13:31:28,REAL,67835064745,29201,67835093946,67835093946
2025-06-19 13:31:30,REAL,67835093946,29277,67835123223,67835123223
2025-06-19 13:31:32,REAL,67835123223,25206,67835148429,67835148429
2025-06-19 13:31:34,REAL,67835148429,595,67835149024,67835149024
2025-06-19 13:31:36,REAL,67835149024,598,67835149622,67835149622
2025-06-19 13:31:38,REAL,67835149622,40317,67835189939,67835189939
2025-06-19 13:31:40,REAL,67835189939,232820,67835422759,67835422759
2025-06-19 13:31:42,REAL,67835422759,29308,67835452067,67835452067
2025-06-19 13:31:44,REAL,67835452067,29182,67835481249,67835481249
2025-06-19 13:31:46,REAL,67835481249,29614,67835510863,67835510863
2025-06-19 13:31:48,REAL,67835510863,29418,67835540281,67835540281
2025-06-19 13:31:50,REAL,67835540281,29478,67835569759,67835569759
2025-06-19 13:31:52,REAL,67835569759,28938,67835598697,67835598697
2025-06-19 13:31:54,REAL,67835598697,9111,67835607808,67835607808
2025-06-19 13:31:56,REAL,67835607808,544,67835608352,67835608352
2025-06-19 13:31:58,REAL,67835608352,533,67835608885,67835608885
2025-06-19 13:32:00,REAL,67835608885,612,67835609497,67835609497
2025-06-19 13:32:02,REAL,67835609497,597,67835610094,67835610094
2025-06-19 13:32:04,REAL,67835610094,540,67835610634,67835610634
2025-06-19 13:32:06,REAL,67835610634,537,67835611171,67835611171
2025-06-19 13:32:08,REAL,67835611171,540,67835611711,67835611711
2025-06-19 13:32:10,REAL,67835611711,722,67835612433,67835612433
2025-06-19 13:32:12,REAL,67835612433,599,67835613032,67835613032
2025-06-19 13:32:14,REAL,67835613032,676,67835613708,67835613708
2025-06-19 13:32:16,REAL,67835613708,596,67835614304,67835614304
2025-06-19 13:32:18,REAL,67835614304,599,67835614903,67835614903
2025-06-19 13:32:20,REAL,67835614903,609,67835615512,67835615512
2025-06-19 13:32:22,REAL,67835615512,543,67835616055,67835616055
2025-06-19 13:32:24,REAL,67835616055,549,67835616604,67835616604
2025-06-19 13:32:26,REAL,67835616604,543,67835617147,67835617147
2025-06-19 13:32:28,REAL,67835617147,540,67835617687,67835617687
2025-06-19 13:32:30,REAL,67835617687,605,67835618292,67835618292
2025-06-19 13:32:32,REAL,67835618292,539,67835618831,67835618831
2025-06-19 13:32:34,REAL,67835618831,541,67835619372,67835619372
2025-06-19 13:32:36,REAL,67835619372,419,67835619791,67835619791
2025-06-19 13:32:38,REAL,67835619791,600,67835620391,67835620391
2025-06-19 13:32:40,REAL,67835620391,662,67835621053,67835621053
2025-06-19 13:32:42,REAL,67835621053,599,67835621652,67835621652
2025-06-19 13:32:44,REAL,67835621652,676,67835622328,67835622328
2025-06-19 13:32:46,REAL,67835622328,602,67835622930,67835622930
2025-06-19 13:32:48,REAL,67835622930,590,67835623520,67835623520
2025-06-19 13:32:50,REAL,67835623520,543,67835624063,67835624063
2025-06-19 13:32:52,REAL,67835624063,540,67835624603,67835624603
2025-06-19 13:32:54,REAL,67835624603,537,67835625140,67835625140
2025-06-19 13:32:56,REAL,67835625140,546,67835625686,67835625686
2025-06-19 13:32:58,REAL,67835625686,539,67835626225,67835626225
2025-06-19 13:33:00,REAL,67835626225,618,67835626843,67835626843
2025-06-19 13:33:02,REAL,67835626843,654,67835627497,67835627497
2025-06-19 13:33:04,REAL,67835627497,606,67835628103,67835628103
2025-06-19 13:33:06,REAL,67835628103,604,67835628707,67835628707
2025-06-19 13:33:08,REAL,67835628707,609,67835629316,67835629316
2025-06-19 13:33:10,REAL,67835629316,598,67835629914,67835629914
2025-06-19 13:33:12,REAL,67835629914,533,67835630447,67835630447
2025-06-19 13:33:14,REAL,67835630447,613,67835631060,67835631060
2025-06-19 13:33:16,REAL,67835631060,540,67835631600,67835631600
2025-06-19 13:33:18,REAL,67835631600,535,67835632135,67835632135
2025-06-19 13:33:20,REAL,67835632135,543,67835632678,67835632678
2025-06-19 13:33:22,REAL,67835632678,598,67835633276,67835633276
2025-06-19 13:33:24,REAL,67835633276,531,67835633807,67835633807
2025-06-19 13:33:26,REAL,67835633807,532,67835634339,67835634339
2025-06-19 13:33:28,REAL,67835634339,535,67835634874,67835634874
2025-06-19 13:33:30,REAL,67835634874,662,67835635536,67835635536
2025-06-19 13:33:32,REAL,67835635536,532,67835636068,67835636068
2025-06-19 13:33:34,REAL,67835636068,541,67835636609,67835636609
2025-06-19 13:33:36,REAL,67835636609,777,67835637386,67835637386
2025-06-19 13:33:38,REAL,67835637386,353,67835637739,67835637739
2025-06-19 13:33:40,REAL,67835637739,243556,67835881295,67835881295
2025-06-19 13:33:42,REAL,67835881295,43758,67835925053,67835925053
2025-06-19 13:33:44,REAL,67835925053,29003,67835954056,67835954056
2025-06-19 13:33:46,REAL,67835954056,29222,67835983278,67835983278
2025-06-19 13:33:48,REAL,67835983278,28992,67836012270,67836012270
2025-06-19 13:33:50,REAL,67836012270,29359,67836041629,67836041629
2025-06-19 13:33:52,REAL,67836041629,28838,67836070467,67836070467
2025-06-19 13:33:54,REAL,67836070467,18926,67836089393,67836089393
2025-06-19 13:33:56,REAL,67836089393,530,67836089923,67836089923
2025-06-19 13:33:58,REAL,67836089923,547,67836090470,67836090470
2025-06-19 13:34:00,REAL,67836090470,617,67836091087,67836091087
2025-06-19 13:34:02,REAL,67836091087,544,67836091631,67836091631
2025-06-19 13:34:04,REAL,67836091631,542,67836092173,67836092173
2025-06-19 13:34:06,REAL,67836092173,538,67836092711,67836092711
2025-06-19 13:34:08,REAL,67836092711,534,67836093245,67836093245
2025-06-19 13:34:10,REAL,67836093245,659,67836093904,67836093904
2025-06-19 13:34:12,REAL,67836093904,256532,67836350436,67836350436
2025-06-19 13:34:14,REAL,67836350436,29540,67836379976,67836379976
2025-06-19 13:34:16,REAL,67836379976,28921,67836408897,67836408897
2025-06-19 13:34:18,REAL,67836408897,29696,67836438593,67836438593
2025-06-19 13:34:20,REAL,67836438593,28965,67836467558,67836467558
2025-06-19 13:34:22,REAL,67836467558,29150,67836496708,67836496708
2025-06-19 13:34:24,REAL,67836496708,28807,67836525515,67836525515
2025-06-19 13:34:26,REAL,67836525515,16261,67836541776,67836541776
2025-06-19 13:34:28,REAL,67836541776,536,67836542312,67836542312
2025-06-19 13:34:30,REAL,67836542312,614,67836542926,67836542926
2025-06-19 13:34:32,REAL,67836542926,546,67836543472,67836543472
2025-06-19 13:34:34,REAL,67836543472,537,67836544009,67836544009
2025-06-19 13:34:36,REAL,67836544009,543,67836544552,67836544552
2025-06-19 13:34:38,REAL,67836544552,534,67836545086,67836545086
2025-06-19 13:34:40,REAL,67836545086,603,67836545689,67836545689
2025-06-19 13:34:42,REAL,67836545689,607,67836546296,67836546296
2025-06-19 13:34:44,REAL,67836546296,670,67836546966,67836546966
2025-06-19 13:34:46,REAL,67836546966,606,67836547572,67836547572
2025-06-19 13:34:48,REAL,67836547572,600,67836548172,67836548172
2025-06-19 13:34:50,REAL,67836548172,550,67836548722,67836548722
2025-06-19 13:34:52,REAL,67836548722,537,67836549259,67836549259
2025-06-19 13:34:54,REAL,67836549259,542,67836549801,67836549801
2025-06-19 13:34:56,REAL,67836549801,594,67836550395,67836550395
2025-06-19 13:34:58,REAL,67836550395,542,67836550937,67836550937
2025-06-19 13:35:00,REAL,67836550937,611,67836551548,67836551548
2025-06-19 13:35:02,REAL,67836551548,546,67836552094,67836552094
2025-06-19 13:35:04,REAL,67836552094,129973,67836682067,67836682067
2025-06-19 13:35:06,REAL,67836682067,137750,67836819817,67836819817
2025-06-19 13:35:08,REAL,67836819817,29354,67836849171,67836849171
2025-06-19 13:35:10,REAL,67836849171,28589,67836877760,67836877760
2025-06-19 13:35:12,REAL,67836877760,29423,67836907183,67836907183
2025-06-19 13:35:14,REAL,67836907183,29098,67836936281,67836936281
2025-06-19 13:35:16,REAL,67836936281,28887,67836965168,67836965168
2025-06-19 13:35:18,REAL,67836965168,28478,67836993646,67836993646
2025-06-19 13:35:20,REAL,67836993646,655,67836994301,67836994301
2025-06-19 13:35:22,REAL,67836994301,596,67836994897,67836994897
2025-06-19 13:35:24,REAL,67836994897,5317,67837000214,67837000214
2025-06-19 13:35:26,REAL,67837000214,246871,67837247085,67837247085
2025-06-19 13:35:28,REAL,67837247085,28690,67837275775,67837275775
2025-06-19 13:35:30,REAL,67837275775,29077,67837304852,67837304852
2025-06-19 13:35:32,REAL,67837304852,28902,67837333754,67837333754
2025-06-19 13:35:34,REAL,67837333754,29442,67837363196,67837363196
2025-06-19 13:35:36,REAL,67837363196,29013,67837392209,67837392209
2025-06-19 13:35:38,REAL,67837392209,28602,67837420811,67837420811
2025-06-19 13:35:40,REAL,67837420811,13414,67837434225,67837434225
2025-06-19 13:35:42,REAL,67837434225,538,67837434763,67837434763
2025-06-19 13:35:44,REAL,67837434763,545,67837435308,67837435308
2025-06-19 13:35:46,REAL,67837435308,608,67837435916,67837435916
2025-06-19 13:35:48,REAL,67837435916,543,67837436459,67837436459
2025-06-19 13:35:50,REAL,67837436459,538,67837436997,67837436997
2025-06-19 13:35:52,REAL,67837436997,541,67837437538,67837437538
2025-06-19 13:35:54,REAL,67837437538,603,67837438141,67837438141
2025-06-19 13:35:56,REAL,67837438141,659,67837438800,67837438800
2025-06-19 13:35:58,REAL,67837438800,606,67837439406,67837439406
2025-06-19 13:36:00,REAL,67837439406,683,67837440089,67837440089
2025-06-19 13:36:02,REAL,67837440089,607,67837440696,67837440696
2025-06-19 13:36:04,REAL,67837440696,594,67837441290,67837441290
2025-06-19 13:36:06,REAL,67837441290,601,67837441891,67837441891
2025-06-19 13:36:08,REAL,67837441891,543,67837442434,67837442434
2025-06-19 13:36:10,REAL,67837442434,536,67837442970,67837442970
2025-06-19 13:36:12,REAL,67837442970,547,67837443517,67837443517
2025-06-19 13:36:14,REAL,67837443517,536,67837444053,67837444053
2025-06-19 13:36:16,REAL,67837444053,616,67837444669,67837444669
2025-06-19 13:36:18,REAL,67837444669,537,67837445206,67837445206
2025-06-19 13:36:20,REAL,67837445206,540,67837445746,67837445746
2025-06-19 13:36:22,REAL,67837445746,715,67837446461,67837446461
2025-06-19 13:36:24,REAL,67837446461,603,67837447064,67837447064
2025-06-19 13:36:26,REAL,67837447064,657,67837447721,67837447721
2025-06-19 13:36:28,REAL,67837447721,530,67837448251,67837448251
2025-06-19 13:36:30,REAL,67837448251,618,67837448869,67837448869
2025-06-19 13:36:32,REAL,67837448869,538,67837449407,67837449407
2025-06-19 13:36:34,REAL,67837449407,546,67837449953,67837449953
2025-06-19 13:36:36,REAL,67837449953,532,67837450485,67837450485
2025-06-19 13:36:38,REAL,67837450485,549,67837451034,67837451034
2025-06-19 13:36:40,REAL,67837451034,534,67837451568,67837451568
2025-06-19 13:36:42,REAL,67837451568,596,67837452164,67837452164
2025-06-19 13:36:44,REAL,67837452164,609,67837452773,67837452773
2025-06-19 13:36:46,REAL,67837452773,680,67837453453,67837453453
2025-06-19 13:36:48,REAL,67837453453,595,67837454048,67837454048
2025-06-19 13:36:50,REAL,67837454048,546,67837454594,67837454594
2025-06-19 13:36:52,REAL,67837454594,538,67837455132,67837455132
2025-06-19 13:36:54,REAL,67837455132,538,67837455670,67837455670
2025-06-19 13:36:56,REAL,67837455670,604,67837456274,67837456274
2025-06-19 13:36:58,REAL,67837456274,540,67837456814,67837456814
2025-06-19 13:37:00,REAL,67837456814,609,67837457423,67837457423
2025-06-19 13:37:02,REAL,67837457423,535,67837457958,67837457958
2025-06-19 13:37:04,REAL,67837457958,598,67837458556,67837458556
2025-06-19 13:37:06,REAL,67837458556,598,67837459154,67837459154
2025-06-19 13:37:08,REAL,67837459154,536,67837459690,67837459690
2025-06-19 13:37:10,REAL,67837459690,530,67837460220,67837460220
2025-06-19 13:37:12,REAL,67837460220,533,67837460753,67837460753
2025-06-19 13:37:14,REAL,67837460753,535,67837461288,67837461288
2025-06-19 13:37:16,REAL,67837461288,607,67837461895,67837461895
2025-06-19 13:37:18,REAL,67837461895,540,67837462435,67837462435
2025-06-19 13:37:20,REAL,67837462435,604,67837463039,67837463039
2025-06-19 13:37:22,REAL,67837463039,533,67837463572,67837463572
2025-06-19 13:37:24,REAL,67837463572,602,67837464174,67837464174
2025-06-19 13:37:26,REAL,67837464174,549,67837464723,67837464723
2025-06-19 13:37:28,REAL,67837464723,544,67837465267,67837465267
2025-06-19 13:37:30,REAL,67837465267,607,67837465874,67837465874
2025-06-19 13:37:32,REAL,67837465874,536,67837466410,67837466410
2025-06-19 13:37:34,REAL,67837466410,536,67837466946,67837466946
2025-06-19 13:37:36,REAL,67837466946,663,67837467609,67837467609
2025-06-19 13:37:38,REAL,67837467609,603,67837468212,67837468212
2025-06-19 13:37:40,REAL,67837468212,590,67837468802,67837468802
2025-06-19 13:37:42,REAL,67837468802,548,67837469350,67837469350
2025-06-19 13:37:44,REAL,67837469350,550,67837469900,67837469900
2025-06-19 13:37:46,REAL,67837469900,611,67837470511,67837470511
2025-06-19 13:37:48,REAL,67837470511,595,67837471106,67837471106
2025-06-19 13:37:50,REAL,67837471106,549,67837471655,67837471655
2025-06-19 13:37:52,REAL,67837471655,547,67837472202,67837472202
2025-06-19 13:37:54,REAL,67837472202,598,67837472800,67837472800
2025-06-19 13:37:56,REAL,67837472800,599,67837473399,67837473399
2025-06-19 13:37:58,REAL,67837473399,548,67837473947,67837473947
2025-06-19 13:38:00,REAL,67837473947,544,67837474491,67837474491
2025-06-19 13:38:02,REAL,67837474491,615,67837475106,67837475106
2025-06-19 13:38:04,REAL,67837475106,536,67837475642,67837475642
2025-06-19 13:38:06,REAL,67837475642,538,67837476180,67837476180
2025-06-19 13:38:08,REAL,67837476180,548,67837476728,67837476728
2025-06-19 13:38:10,REAL,67837476728,543,67837477271,67837477271
2025-06-19 13:38:12,REAL,67837477271,599,67837477870,67837477870
2025-06-19 13:38:14,REAL,67837477870,541,67837478411,67837478411
2025-06-19 13:38:16,REAL,67837478411,619,67837479030,67837479030
2025-06-19 13:38:18,REAL,67837479030,540,67837479570,67837479570
2025-06-19 13:38:20,REAL,67837479570,539,67837480109,67837480109
2025-06-19 13:38:22,REAL,67837480109,534,67837480643,67837480643
2025-06-19 13:38:24,REAL,67837480643,644,67837481287,67837481287
2025-06-19 13:38:26,REAL,67837481287,544,67837481831,67837481831
2025-06-19 13:38:28,REAL,67837481831,598,67837482429,67837482429
2025-06-19 13:38:30,REAL,67837482429,539,67837482968,67837482968
2025-06-19 13:38:32,REAL,67837482968,610,67837483578,67837483578
2025-06-19 13:38:34,REAL,67837483578,531,67837484109,67837484109
2025-06-19 13:38:36,REAL,67837484109,541,67837484650,67837484650
2025-06-19 13:38:38,REAL,67837484650,542,67837485192,67837485192
2025-06-19 13:38:40,REAL,67837485192,540,67837485732,67837485732
2025-06-19 13:38:42,REAL,67837485732,534,67837486266,67837486266
2025-06-19 13:38:44,REAL,67837486266,604,67837486870,67837486870
2025-06-19 13:38:46,REAL,67837486870,230388,67837717258,67837717258
2025-06-19 13:38:48,REAL,67837717258,37670,67837754928,67837754928
2025-06-19 13:38:50,REAL,67837754928,29495,67837784423,67837784423
2025-06-19 13:38:52,REAL,67837784423,28844,67837813267,67837813267
2025-06-19 13:38:54,REAL,67837813267,29518,67837842785,67837842785
2025-06-19 13:38:56,REAL,67837842785,29400,67837872185,67837872185
2025-06-19 13:38:58,REAL,67837872185,28973,67837901158,67837901158
2025-06-19 13:39:00,REAL,67837901158,17376,67837918534,67837918534
2025-06-19 13:39:02,REAL,67837918534,673,67837919207,67837919207
2025-06-19 13:39:04,REAL,67837919207,548,67837919755,67837919755
2025-06-19 13:39:06,REAL,67837919755,538,67837920293,67837920293
2025-06-19 13:39:08,REAL,67837920293,539,67837920832,67837920832
2025-06-19 13:39:10,REAL,67837920832,530,67837921362,67837921362
2025-06-19 13:39:12,REAL,67837921362,538,67837921900,67837921900
2025-06-19 13:39:14,REAL,67837921900,602,67837922502,67837922502
2025-06-19 13:39:16,REAL,67837922502,674,67837923176,67837923176
2025-06-19 13:39:18,REAL,67837923176,260234,67838183410,67838183410
2025-06-19 13:39:20,REAL,67838183410,28568,67838211978,67838211978
2025-06-19 13:39:22,REAL,67838211978,29337,67838241315,67838241315
2025-06-19 13:39:24,REAL,67838241315,29514,67838270829,67838270829
2025-06-19 13:39:26,REAL,67838270829,28696,67838299525,67838299525
2025-06-19 13:39:28,REAL,67838299525,29000,67838328525,67838328525
2025-06-19 13:39:30,REAL,67838328525,29521,67838358046,67838358046
2025-06-19 13:39:32,REAL,67838358046,15320,67838373366,67838373366
2025-06-19 13:39:34,REAL,67838373366,540,67838373906,67838373906
2025-06-19 13:39:36,REAL,67838373906,538,67838374444,67838374444
2025-06-19 13:39:38,REAL,67838374444,669,67838375113,67838375113
2025-06-19 13:39:40,REAL,67838375113,536,67838375649,67838375649
2025-06-19 13:39:42,REAL,67838375649,543,67838376192,67838376192
2025-06-19 13:39:44,REAL,67838376192,542,67838376734,67838376734
2025-06-19 13:39:46,REAL,67838376734,667,67838377401,67838377401
2025-06-19 13:39:48,REAL,67838377401,682,67838378083,67838378083
2025-06-19 13:39:50,REAL,67838378083,263650,67838641733,67838641733
2025-06-19 13:39:52,REAL,67838641733,28914,67838670647,67838670647
2025-06-19 13:39:54,REAL,67838670647,29173,67838699820,67838699820
2025-06-19 13:39:56,REAL,67838699820,29188,67838729008,67838729008
2025-06-19 13:39:58,REAL,67838729008,29528,67838758536,67838758536
2025-06-19 13:40:00,REAL,67838758536,29400,67838787936,67838787936
2025-06-19 13:40:02,REAL,67838787936,28680,67838816616,67838816616
2025-06-19 13:40:04,REAL,67838816616,13614,67838830230,67838830230
2025-06-19 13:40:06,REAL,67838830230,545,67838830775,67838830775
2025-06-19 13:40:08,REAL,67838830775,539,67838831314,67838831314
2025-06-19 13:40:10,REAL,67838831314,539,67838831853,67838831853
2025-06-19 13:40:12,REAL,67838831853,548,67838832401,67838832401
2025-06-19 13:40:14,REAL,67838832401,540,67838832941,67838832941
2025-06-19 13:40:16,REAL,67838832941,671,67838833612,67838833612
2025-06-19 13:40:18,REAL,67838833612,602,67838834214,67838834214
2025-06-19 13:40:20,REAL,67838834214,666,67838834880,67838834880
2025-06-19 13:40:22,REAL,67838834880,600,67838835480,67838835480
2025-06-19 13:40:24,REAL,67838835480,599,67838836079,67838836079
2025-06-19 13:40:26,REAL,67838836079,537,67838836616,67838836616
2025-06-19 13:40:28,REAL,67838836616,536,67838837152,67838837152
2025-06-19 13:40:30,REAL,67838837152,535,67838837687,67838837687
2025-06-19 13:40:32,REAL,67838837687,613,67838838300,67838838300
2025-06-19 13:40:34,REAL,67838838300,544,67838838844,67838838844
2025-06-19 13:40:36,REAL,67838838844,532,67838839376,67838839376
2025-06-19 13:40:38,REAL,67838839376,540,67838839916,67838839916
2025-06-19 13:40:40,REAL,67838839916,598,67838840514,67838840514
2025-06-19 13:40:42,REAL,67838840514,604,67838841118,67838841118
2025-06-19 13:40:44,REAL,67838841118,599,67838841717,67838841717
2025-06-19 13:40:46,REAL,67838841717,731,67838842448,67838842448
2025-06-19 13:40:48,REAL,67838842448,542,67838842990,67838842990
2025-06-19 13:40:50,REAL,67838842990,540,67838843530,67838843530
2025-06-19 13:40:52,REAL,67838843530,590,67838844120,67838844120
2025-06-19 13:40:54,REAL,67838844120,534,67838844654,67838844654
2025-06-19 13:40:56,REAL,67838844654,539,67838845193,67838845193
2025-06-19 13:40:58,REAL,67838845193,535,67838845728,67838845728
2025-06-19 13:41:00,REAL,67838845728,539,67838846267,67838846267
2025-06-19 13:41:02,REAL,67838846267,672,67838846939,67838846939
2025-06-19 13:41:04,REAL,67838846939,546,67838847485,67838847485
2025-06-19 13:41:06,REAL,67838847485,540,67838848025,67838848025
2025-06-19 13:41:08,REAL,67838848025,537,67838848562,67838848562
2025-06-19 13:41:10,REAL,67838848562,535,67838849097,67838849097
2025-06-19 13:41:12,REAL,67838849097,536,67838849633,67838849633
2025-06-19 13:41:14,REAL,67838849633,543,67838850176,67838850176
2025-06-19 13:41:16,REAL,67838850176,670,67838850846,67838850846
2025-06-19 13:41:18,REAL,67838850846,597,67838851443,67838851443
2025-06-19 13:41:20,REAL,67838851443,534,67838851977,67838851977
2025-06-19 13:41:22,REAL,67838851977,548,67838852525,67838852525
2025-06-19 13:41:24,REAL,67838852525,543,67838853068,67838853068
2025-06-19 13:41:26,REAL,67838853068,548,67838853616,67838853616
2025-06-19 13:41:28,REAL,67838853616,535,67838854151,67838854151
2025-06-19 13:41:30,REAL,67838854151,588,67838854739,67838854739
2025-06-19 13:41:32,REAL,67838854739,617,67838855356,67838855356
2025-06-19 13:41:34,REAL,67838855356,49103,67838904459,67838904459
2025-06-19 13:41:36,REAL,67838904459,231187,67839135646,67839135646
2025-06-19 13:41:38,REAL,67839135646,28856,67839164502,67839164502
2025-06-19 13:41:40,REAL,67839164502,31329,67839195831,67839195831
2025-06-19 13:41:42,REAL,67839195831,26598,67839222429,67839222429
2025-06-19 13:41:44,REAL,67839222429,29092,67839251521,67839251521
2025-06-19 13:41:46,REAL,67839251521,29058,67839280579,67839280579
2025-06-19 13:41:48,REAL,67839280579,29689,67839310268,67839310268
2025-06-19 13:41:50,REAL,67839310268,8618,67839318886,67839318886
2025-06-19 13:41:52,REAL,67839318886,608,67839319494,67839319494
2025-06-19 13:41:54,REAL,67839319494,590,67839320084,67839320084
2025-06-19 13:41:56,REAL,67839320084,539,67839320623,67839320623
2025-06-19 13:41:58,REAL,67839320623,545,67839321168,67839321168
2025-06-19 13:42:00,REAL,67839321168,539,67839321707,67839321707
2025-06-19 13:42:02,REAL,67839321707,690,67839322397,67839322397
2025-06-19 13:42:04,REAL,67839322397,532,67839322929,67839322929
2025-06-19 13:42:06,REAL,67839322929,588,67839323517,67839323517
2025-06-19 13:42:08,REAL,67839323517,548,67839324065,67839324065
2025-06-19 13:42:10,REAL,67839324065,601,67839324666,67839324666
2025-06-19 13:42:12,REAL,67839324666,546,67839325212,67839325212
2025-06-19 13:42:14,REAL,67839325212,540,67839325752,67839325752
2025-06-19 13:42:16,REAL,67839325752,538,67839326290,67839326290
2025-06-19 13:42:18,REAL,67839326290,664,67839326954,67839326954
2025-06-19 13:42:20,REAL,67839326954,536,67839327490,67839327490
2025-06-19 13:42:22,REAL,67839327490,547,67839328037,67839328037
2025-06-19 13:42:24,REAL,67839328037,533,67839328570,67839328570
2025-06-19 13:42:26,REAL,67839328570,598,67839329168,67839329168
2025-06-19 13:42:28,REAL,67839329168,205206,67839534374,67839534374
2025-06-19 13:42:30,REAL,67839534374,66230,67839600604,67839600604
2025-06-19 13:42:32,REAL,67839600604,29357,67839629961,67839629961
2025-06-19 13:42:34,REAL,67839629961,29478,67839659439,67839659439
2025-06-19 13:42:36,REAL,67839659439,29009,67839688448,67839688448
2025-06-19 13:42:38,REAL,67839688448,29007,67839717455,67839717455
2025-06-19 13:42:40,REAL,67839717455,29169,67839746624,67839746624
2025-06-19 13:42:42,REAL,67839746624,20020,67839766644,67839766644
2025-06-19 13:42:44,REAL,67839766644,534,67839767178,67839767178
2025-06-19 13:42:46,REAL,67839767178,535,67839767713,67839767713
2025-06-19 13:42:48,REAL,67839767713,612,67839768325,67839768325
2025-06-19 13:42:50,REAL,67839768325,546,67839768871,67839768871
2025-06-19 13:42:52,REAL,67839768871,539,67839769410,67839769410
2025-06-19 13:42:54,REAL,67839769410,539,67839769949,67839769949
2025-06-19 13:42:56,REAL,67839769949,542,67839770491,67839770491
2025-06-19 13:42:58,REAL,67839770491,600,67839771091,67839771091
2025-06-19 13:43:00,REAL,67839771091,532,67839771623,67839771623
2025-06-19 13:43:02,REAL,67839771623,622,67839772245,67839772245
2025-06-19 13:43:04,REAL,67839772245,533,67839772778,67839772778
2025-06-19 13:43:06,REAL,67839772778,542,67839773320,67839773320
2025-06-19 13:43:08,REAL,67839773320,542,67839773862,67839773862
2025-06-19 13:43:10,REAL,67839773862,543,67839774405,67839774405
2025-06-19 13:43:12,REAL,67839774405,597,67839775002,67839775002
2025-06-19 13:43:14,REAL,67839775002,662,67839775664,67839775664
2025-06-19 13:43:16,REAL,67839775664,543,67839776207,67839776207
2025-06-19 13:43:18,REAL,67839776207,615,67839776822,67839776822
2025-06-19 13:43:20,REAL,67839776822,543,67839777365,67839777365
2025-06-19 13:43:22,REAL,67839777365,532,67839777897,67839777897
2025-06-19 13:43:24,REAL,67839777897,536,67839778433,67839778433
2025-06-19 13:43:26,REAL,67839778433,549,67839778982,67839778982
2025-06-19 13:43:28,REAL,67839778982,534,67839779516,67839779516
2025-06-19 13:43:30,REAL,67839779516,602,67839780118,67839780118
2025-06-19 13:43:32,REAL,67839780118,673,67839780791,67839780791
2025-06-19 13:43:34,REAL,67839780791,592,67839781383,67839781383
2025-06-19 13:43:36,REAL,67839781383,661,67839782044,67839782044
2025-06-19 13:43:38,REAL,67839782044,600,67839782644,67839782644
2025-06-19 13:43:40,REAL,67839782644,597,67839783241,67839783241
2025-06-19 13:43:42,REAL,67839783241,545,67839783786,67839783786
2025-06-19 13:43:44,REAL,67839783786,603,67839784389,67839784389
2025-06-19 13:43:46,REAL,67839784389,543,67839784932,67839784932
2025-06-19 13:43:48,REAL,67839784932,608,67839785540,67839785540
2025-06-19 13:43:50,REAL,67839785540,533,67839786073,67839786073
2025-06-19 13:43:52,REAL,67839786073,548,67839786621,67839786621
2025-06-19 13:43:54,REAL,67839786621,537,67839787158,67839787158
2025-06-19 13:43:56,REAL,67839787158,603,67839787761,67839787761
2025-06-19 13:43:58,REAL,67839787761,592,67839788353,67839788353
2025-06-19 13:44:00,REAL,67839788353,544,67839788897,67839788897
2025-06-19 13:44:02,REAL,67839788897,616,67839789513,67839789513
2025-06-19 13:44:04,REAL,67839789513,535,67839790048,67839790048
2025-06-19 13:44:06,REAL,67839790048,545,67839790593,67839790593
2025-06-19 13:44:08,REAL,67839790593,538,67839791131,67839791131
2025-06-19 13:44:10,REAL,67839791131,538,67839791669,67839791669
2025-06-19 13:44:12,REAL,67839791669,602,67839792271,67839792271
2025-06-19 13:44:14,REAL,67839792271,658,67839792929,67839792929
2025-06-19 13:44:16,REAL,67839792929,602,67839793531,67839793531
2025-06-19 13:44:18,REAL,67839793531,677,67839794208,67839794208
2025-06-19 13:44:20,REAL,67839794208,536,67839794744,67839794744
2025-06-19 13:44:22,REAL,67839794744,546,67839795290,67839795290
2025-06-19 13:44:24,REAL,67839795290,541,67839795831,67839795831
2025-06-19 13:44:26,REAL,67839795831,550,67839796381,67839796381
2025-06-19 13:44:28,REAL,67839796381,539,67839796920,67839796920
2025-06-19 13:44:30,REAL,67839796920,546,67839797466,67839797466
2025-06-19 13:44:32,REAL,67839797466,610,67839798076,67839798076
2025-06-19 13:44:34,REAL,67839798076,598,67839798674,67839798674
2025-06-19 13:44:36,REAL,67839798674,540,67839799214,67839799214
2025-06-19 13:44:38,REAL,67839799214,538,67839799752,67839799752
2025-06-19 13:44:40,REAL,67839799752,534,67839800286,67839800286
2025-06-19 13:44:42,REAL,67839800286,595,67839800881,67839800881
2025-06-19 13:44:44,REAL,67839800881,531,67839801412,67839801412
2025-06-19 13:44:46,REAL,67839801412,589,67839802001,67839802001
2025-06-19 13:44:48,REAL,67839802001,673,67839802674,67839802674
2025-06-19 13:44:50,REAL,67839802674,154421,67839957095,67839957095
2025-06-19 13:44:52,REAL,67839957095,132484,67840089579,67840089579
2025-06-19 13:44:54,REAL,67840089579,28859,67840118438,67840118438
2025-06-19 13:44:56,REAL,67840118438,29157,67840147595,67840147595
2025-06-19 13:44:58,REAL,67840147595,29004,67840176599,67840176599
2025-06-19 13:45:00,REAL,67840176599,29022,67840205621,67840205621
2025-06-19 13:45:02,REAL,67840205621,29812,67840235433,67840235433
2025-06-19 13:45:04,REAL,67840235433,27144,67840262577,67840262577
2025-06-19 13:45:06,REAL,67840262577,594,67840263171,67840263171
2025-06-19 13:45:08,REAL,67840263171,604,67840263775,67840263775
2025-06-19 13:45:10,REAL,67840263775,16588,67840280363,67840280363
2025-06-19 13:45:12,REAL,67840280363,246571,67840526934,67840526934
2025-06-19 13:45:14,REAL,67840526934,27539,67840554473,67840554473
2025-06-19 13:45:16,REAL,67840554473,29069,67840583542,67840583542
2025-06-19 13:45:18,REAL,67840583542,29633,67840613175,67840613175
2025-06-19 13:45:20,REAL,67840613175,29624,67840642799,67840642799
2025-06-19 13:45:22,REAL,67840642799,28644,67840671443,67840671443
2025-06-19 13:45:24,REAL,67840671443,29637,67840701080,67840701080
2025-06-19 13:45:26,REAL,67840701080,12403,67840713483,67840713483
2025-06-19 13:45:28,REAL,67840713483,606,67840714089,67840714089
2025-06-19 13:45:30,REAL,67840714089,601,67840714690,67840714690
2025-06-19 13:45:32,REAL,67840714690,601,67840715291,67840715291
2025-06-19 13:45:34,REAL,67840715291,669,67840715960,67840715960
2025-06-19 13:45:36,REAL,67840715960,659,67840716619,67840716619
2025-06-19 13:45:38,REAL,67840716619,595,67840717214,67840717214
2025-06-19 13:45:40,REAL,67840717214,607,67840717821,67840717821
2025-06-19 13:45:42,REAL,67840717821,181314,67840899135,67840899135
2025-06-19 13:45:44,REAL,67840899135,110309,67841009444,67841009444
2025-06-19 13:45:46,REAL,67841009444,29143,67841038587,67841038587
2025-06-19 13:45:48,REAL,67841038587,29523,67841068110,67841068110
2025-06-19 13:45:50,REAL,67841068110,29043,67841097153,67841097153
2025-06-19 13:45:52,REAL,67841097153,28923,67841126076,67841126076
2025-06-19 13:45:54,REAL,67841126076,28836,67841154912,67841154912
2025-06-19 13:45:56,REAL,67841154912,25271,67841180183,67841180183
2025-06-19 13:45:58,REAL,67841180183,545,67841180728,67841180728
2025-06-19 13:46:00,REAL,67841180728,541,67841181269,67841181269
2025-06-19 13:46:02,REAL,67841181269,543,67841181812,67841181812
2025-06-19 13:46:04,REAL,67841181812,619,67841182431,67841182431
2025-06-19 13:46:06,REAL,67841182431,539,67841182970,67841182970
2025-06-19 13:46:08,REAL,67841182970,539,67841183509,67841183509
2025-06-19 13:46:10,REAL,67841183509,540,67841184049,67841184049
2025-06-19 13:46:12,REAL,67841184049,593,67841184642,67841184642
2025-06-19 13:46:14,REAL,67841184642,176303,67841360945,67841360945
2025-06-19 13:46:16,REAL,67841360945,91848,67841452793,67841452793
2025-06-19 13:46:18,REAL,67841452793,29790,67841482583,67841482583
2025-06-19 13:46:20,REAL,67841482583,29493,67841512076,67841512076
2025-06-19 13:46:22,REAL,67841512076,29126,67841541202,67841541202
2025-06-19 13:46:24,REAL,67841541202,28799,67841570001,67841570001
2025-06-19 13:46:26,REAL,67841570001,29583,67841599584,67841599584
2025-06-19 13:46:28,REAL,67841599584,23816,67841623400,67841623400
2025-06-19 13:46:30,REAL,67841623400,596,67841623996,67841623996
2025-06-19 13:46:32,REAL,67841623996,598,67841624594,67841624594
2025-06-19 13:46:34,REAL,67841624594,53579,67841678173,67841678173
2025-06-19 13:46:36,REAL,67841678173,216427,67841894600,67841894600
2025-06-19 13:46:38,REAL,67841894600,29504,67841924104,67841924104
2025-06-19 13:46:40,REAL,67841924104,29247,67841953351,67841953351
2025-06-19 13:46:42,REAL,67841953351,29372,67841982723,67841982723
2025-06-19 13:46:44,REAL,67841982723,29415,67842012138,67842012138
2025-06-19 13:46:46,REAL,67842012138,29127,67842041265,67842041265
2025-06-19 13:46:48,REAL,67842041265,29552,67842070817,67842070817
2025-06-19 13:46:50,REAL,67842070817,8525,67842079342,67842079342
2025-06-19 13:46:52,REAL,67842079342,600,67842079942,67842079942
2025-06-19 13:46:54,REAL,67842079942,603,67842080545,67842080545
2025-06-19 13:46:56,REAL,67842080545,544,67842081089,67842081089
2025-06-19 13:46:58,REAL,67842081089,543,67842081632,67842081632
2025-06-19 13:47:00,REAL,67842081632,543,67842082175,67842082175
2025-06-19 13:47:02,REAL,67842082175,536,67842082711,67842082711
2025-06-19 13:47:04,REAL,67842082711,611,67842083322,67842083322
2025-06-19 13:47:06,REAL,67842083322,537,67842083859,67842083859
2025-06-19 13:47:08,REAL,67842083859,542,67842084401,67842084401
2025-06-19 13:47:10,REAL,67842084401,597,67842084998,67842084998
2025-06-19 13:47:12,REAL,67842084998,550,67842085548,67842085548
2025-06-19 13:47:14,REAL,67842085548,533,67842086081,67842086081
2025-06-19 13:47:16,REAL,67842086081,540,67842086621,67842086621
2025-06-19 13:47:18,REAL,67842086621,725,67842087346,67842087346
2025-06-19 13:47:20,REAL,67842087346,544,67842087890,67842087890
2025-06-19 13:47:22,REAL,67842087890,547,67842088437,67842088437
2025-06-19 13:47:24,REAL,67842088437,538,67842088975,67842088975
2025-06-19 13:47:26,REAL,67842088975,600,67842089575,67842089575
2025-06-19 13:47:28,REAL,67842089575,207144,67842296719,67842296719
2025-06-19 13:47:30,REAL,67842296719,64870,67842361589,67842361589
2025-06-19 13:47:32,REAL,67842361589,29370,67842390959,67842390959
2025-06-19 13:47:34,REAL,67842390959,29657,67842420616,67842420616
2025-06-19 13:47:36,REAL,67842420616,29299,67842449915,67842449915
2025-06-19 13:47:38,REAL,67842449915,29256,67842479171,67842479171
2025-06-19 13:47:40,REAL,67842479171,29281,67842508452,67842508452
2025-06-19 13:47:42,REAL,67842508452,20097,67842528549,67842528549
2025-06-19 13:47:44,REAL,67842528549,596,67842529145,67842529145
2025-06-19 13:47:46,REAL,67842529145,597,67842529742,67842529742
2025-06-19 13:47:48,REAL,67842529742,95476,67842625218,67842625218
2025-06-19 13:47:50,REAL,67842625218,169796,67842795014,67842795014
2025-06-19 13:47:52,REAL,67842795014,28830,67842823844,67842823844
2025-06-19 13:47:54,REAL,67842823844,28919,67842852763,67842852763
2025-06-19 13:47:56,REAL,67842852763,28753,67842881516,67842881516
2025-06-19 13:47:58,REAL,67842881516,28872,67842910388,67842910388
2025-06-19 13:48:00,REAL,67842910388,29581,67842939969,67842939969
2025-06-19 13:48:02,REAL,67842939969,28641,67842968610,67842968610
2025-06-19 13:48:04,REAL,67842968610,4721,67842973331,67842973331
2025-06-19 13:48:06,REAL,67842973331,541,67842973872,67842973872
2025-06-19 13:48:08,REAL,67842973872,534,67842974406,67842974406
2025-06-19 13:48:10,REAL,67842974406,606,67842975012,67842975012
2025-06-19 13:48:12,REAL,67842975012,538,67842975550,67842975550
2025-06-19 13:48:14,REAL,67842975550,536,67842976086,67842976086
2025-06-19 13:48:16,REAL,67842976086,549,67842976635,67842976635
2025-06-19 13:48:18,REAL,67842976635,613,67842977248,67842977248
2025-06-19 13:48:20,REAL,67842977248,655,67842977903,67842977903
2025-06-19 13:48:22,REAL,67842977903,598,67842978501,67842978501
2025-06-19 13:48:24,REAL,67842978501,598,67842979099,67842979099
2025-06-19 13:48:26,REAL,67842979099,540,67842979639,67842979639
2025-06-19 13:48:28,REAL,67842979639,532,67842980171,67842980171
2025-06-19 13:48:30,REAL,67842980171,541,67842980712,67842980712
2025-06-19 13:48:32,REAL,67842980712,595,67842981307,67842981307
2025-06-19 13:48:34,REAL,67842981307,619,67842981926,67842981926
2025-06-19 13:48:36,REAL,67842981926,536,67842982462,67842982462
2025-06-19 13:48:38,REAL,67842982462,540,67842983002,67842983002
2025-06-19 13:48:40,REAL,67842983002,605,67842983607,67842983607
2025-06-19 13:48:42,REAL,67842983607,600,67842984207,67842984207
2025-06-19 13:48:44,REAL,67842984207,601,67842984808,67842984808
2025-06-19 13:48:46,REAL,67842984808,598,67842985406,67842985406
2025-06-19 13:48:48,REAL,67842985406,611,67842986017,67842986017
2025-06-19 13:48:50,REAL,67842986017,533,67842986550,67842986550
2025-06-19 13:48:52,REAL,67842986550,535,67842987085,67842987085
2025-06-19 13:48:54,REAL,67842987085,540,67842987625,67842987625
2025-06-19 13:48:56,REAL,67842987625,535,67842988160,67842988160
2025-06-19 13:48:58,REAL,67842988160,588,67842988748,67842988748
2025-06-19 13:49:00,REAL,67842988748,541,67842989289,67842989289
2025-06-19 13:49:02,REAL,67842989289,119970,67843109259,67843109259
2025-06-19 13:49:04,REAL,67843109259,128033,67843237292,67843237292
2025-06-19 13:49:06,REAL,67843237292,29293,67843266585,67843266585
2025-06-19 13:49:08,REAL,67843266585,29282,67843295867,67843295867
2025-06-19 13:49:10,REAL,67843295867,29001,67843324868,67843324868
2025-06-19 13:49:12,REAL,67843324868,29350,67843354218,67843354218
2025-06-19 13:49:14,REAL,67843354218,28847,67843383065,67843383065
2025-06-19 13:49:16,REAL,67843383065,29534,67843412599,67843412599
2025-06-19 13:49:18,REAL,67843412599,749,67843413348,67843413348
2025-06-19 13:49:20,REAL,67843413348,543,67843413891,67843413891
2025-06-19 13:49:22,REAL,67843413891,537,67843414428,67843414428
2025-06-19 13:49:24,REAL,67843414428,543,67843414971,67843414971
2025-06-19 13:49:26,REAL,67843414971,539,67843415510,67843415510
2025-06-19 13:49:28,REAL,67843415510,537,67843416047,67843416047
2025-06-19 13:49:30,REAL,67843416047,542,67843416589,67843416589
2025-06-19 13:49:32,REAL,67843416589,602,67843417191,67843417191
2025-06-19 13:49:34,REAL,67843417191,668,67843417859,67843417859
2025-06-19 13:49:36,REAL,67843417859,595,67843418454,67843418454
2025-06-19 13:49:38,REAL,67843418454,603,67843419057,67843419057
2025-06-19 13:49:40,REAL,67843419057,542,67843419599,67843419599
2025-06-19 13:49:42,REAL,67843419599,537,67843420136,67843420136
2025-06-19 13:49:44,REAL,67843420136,540,67843420676,67843420676
2025-06-19 13:49:46,REAL,67843420676,595,67843421271,67843421271
2025-06-19 13:49:48,REAL,67843421271,679,67843421950,67843421950
2025-06-19 13:49:50,REAL,67843421950,544,67843422494,67843422494
2025-06-19 13:49:52,REAL,67843422494,538,67843423032,67843423032
2025-06-19 13:49:54,REAL,67843423032,16275,67843439307,67843439307
2025-06-19 13:49:56,REAL,67843439307,250319,67843689626,67843689626
2025-06-19 13:49:58,REAL,67843689626,29135,67843718761,67843718761
2025-06-19 13:50:00,REAL,67843718761,29519,67843748280,67843748280
2025-06-19 13:50:02,REAL,67843748280,28793,67843777073,67843777073
2025-06-19 13:50:04,REAL,67843777073,28726,67843805799,67843805799
2025-06-19 13:50:06,REAL,67843805799,29242,67843835041,67843835041
2025-06-19 13:50:08,REAL,67843835041,29321,67843864362,67843864362
2025-06-19 13:50:10,REAL,67843864362,12528,67843876890,67843876890
2025-06-19 13:50:12,REAL,67843876890,538,67843877428,67843877428
2025-06-19 13:50:14,REAL,67843877428,539,67843877967,67843877967
2025-06-19 13:50:16,REAL,67843877967,536,67843878503,67843878503
2025-06-19 13:50:18,REAL,67843878503,605,67843879108,67843879108
2025-06-19 13:50:20,REAL,67843879108,547,67843879655,67843879655
2025-06-19 13:50:22,REAL,67843879655,533,67843880188,67843880188
2025-06-19 13:50:24,REAL,67843880188,538,67843880726,67843880726
2025-06-19 13:50:26,REAL,67843880726,28749,67843909475,67843909475
2025-06-19 13:50:28,REAL,67843909475,218265,67844127740,67844127740
2025-06-19 13:50:30,REAL,67844127740,28703,67844156443,67844156443
2025-06-19 13:50:32,REAL,67844156443,29085,67844185528,67844185528
2025-06-19 13:50:34,REAL,67844185528,29619,67844215147,67844215147
2025-06-19 13:50:36,REAL,67844215147,29204,67844244351,67844244351
2025-06-19 13:50:38,REAL,67844244351,28540,67844272891,67844272891
2025-06-19 13:50:40,REAL,67844272891,29634,67844302525,67844302525
2025-06-19 13:50:42,REAL,67844302525,10203,67844312728,67844312728
2025-06-19 13:50:44,REAL,67844312728,538,67844313266,67844313266
2025-06-19 13:50:46,REAL,67844313266,539,67844313805,67844313805
2025-06-19 13:50:48,REAL,67844313805,539,67844314344,67844314344
2025-06-19 13:50:50,REAL,67844314344,619,67844314963,67844314963
2025-06-19 13:50:52,REAL,67844314963,541,67844315504,67844315504
2025-06-19 13:50:54,REAL,67844315504,549,67844316053,67844316053
2025-06-19 13:50:56,REAL,67844316053,537,67844316590,67844316590
2025-06-19 13:50:58,REAL,67844316590,58311,67844374901,67844374901
2025-06-19 13:51:00,REAL,67844374901,204486,67844579387,67844579387
2025-06-19 13:51:02,REAL,67844579387,29620,67844609007,67844609007
2025-06-19 13:51:04,REAL,67844609007,29241,67844638248,67844638248
2025-06-19 13:51:06,REAL,67844638248,29509,67844667757,67844667757
2025-06-19 13:51:08,REAL,67844667757,29393,67844697150,67844697150
2025-06-19 13:51:10,REAL,67844697150,29153,67844726303,67844726303
2025-06-19 13:51:12,REAL,67844726303,29350,67844755653,67844755653
2025-06-19 13:51:14,REAL,67844755653,8711,67844764364,67844764364
2025-06-19 13:51:16,REAL,67844764364,532,67844764896,67844764896
2025-06-19 13:51:18,REAL,67844764896,543,67844765439,67844765439
2025-06-19 13:51:20,REAL,67844765439,622,67844766061,67844766061
2025-06-19 13:51:22,REAL,67844766061,535,67844766596,67844766596
2025-06-19 13:51:24,REAL,67844766596,533,67844767129,67844767129
2025-06-19 13:51:26,REAL,67844767129,601,67844767730,67844767730
2025-06-19 13:51:28,REAL,67844767730,531,67844768261,67844768261
2025-06-19 13:51:30,REAL,67844768261,599,67844768860,67844768860
2025-06-19 13:51:32,REAL,67844768860,539,67844769399,67844769399
2025-06-19 13:51:34,REAL,67844769399,620,67844770019,67844770019
2025-06-19 13:51:36,REAL,67844770019,533,67844770552,67844770552
2025-06-19 13:51:38,REAL,67844770552,538,67844771090,67844771090
2025-06-19 13:51:40,REAL,67844771090,540,67844771630,67844771630
2025-06-19 13:51:42,REAL,67844771630,600,67844772230,67844772230
2025-06-19 13:51:44,REAL,67844772230,538,67844772768,67844772768
2025-06-19 13:51:46,REAL,67844772768,600,67844773368,67844773368
2025-06-19 13:51:48,REAL,67844773368,540,67844773908,67844773908
2025-06-19 13:51:50,REAL,67844773908,608,67844774516,67844774516
2025-06-19 13:51:52,REAL,67844774516,548,67844775064,67844775064
2025-06-19 13:51:54,REAL,67844775064,538,67844775602,67844775602
2025-06-19 13:51:56,REAL,67844775602,535,67844776137,67844776137
2025-06-19 13:51:58,REAL,67844776137,541,67844776678,67844776678
2025-06-19 13:52:00,REAL,67844776678,542,67844777220,67844777220
2025-06-19 13:52:02,REAL,67844777220,603,67844777823,67844777823
2025-06-19 13:52:04,REAL,67844777823,611,67844778434,67844778434
2025-06-19 13:52:06,REAL,67844778434,543,67844778977,67844778977
2025-06-19 13:52:08,REAL,67844778977,537,67844779514,67844779514
2025-06-19 13:52:10,REAL,67844779514,540,67844780054,67844780054
2025-06-19 13:52:12,REAL,67844780054,538,67844780592,67844780592
2025-06-19 13:52:14,REAL,67844780592,590,67844781182,67844781182
2025-06-19 13:52:16,REAL,67844781182,539,67844781721,67844781721
2025-06-19 13:52:18,REAL,67844781721,101907,67844883628,67844883628
2025-06-19 13:52:20,REAL,67844883628,187339,67845070967,67845070967
2025-06-19 13:52:22,REAL,67845070967,29316,67845100283,67845100283
2025-06-19 13:52:24,REAL,67845100283,29142,67845129425,67845129425
2025-06-19 13:52:26,REAL,67845129425,29439,67845158864,67845158864
2025-06-19 13:52:28,REAL,67845158864,29087,67845187951,67845187951
2025-06-19 13:52:30,REAL,67845187951,29044,67845216995,67845216995
2025-06-19 13:52:32,REAL,67845216995,28908,67845245903,67845245903
2025-06-19 13:52:34,REAL,67845245903,4009,67845249912,67845249912
2025-06-19 13:52:36,REAL,67845249912,535,67845250447,67845250447
2025-06-19 13:52:38,REAL,67845250447,542,67845250989,67845250989
2025-06-19 13:52:40,REAL,67845250989,537,67845251526,67845251526
2025-06-19 13:52:42,REAL,67845251526,537,67845252063,67845252063
2025-06-19 13:52:44,REAL,67845252063,534,67845252597,67845252597
2025-06-19 13:52:46,REAL,67845252597,537,67845253134,67845253134
2025-06-19 13:52:48,REAL,67845253134,533,67845253667,67845253667
2025-06-19 13:52:50,REAL,67845253667,731,67845254398,67845254398
2025-06-19 13:52:52,REAL,67845254398,604,67845255002,67845255002
2025-06-19 13:52:54,REAL,67845255002,592,67845255594,67845255594
2025-06-19 13:52:56,REAL,67845255594,538,67845256132,67845256132
2025-06-19 13:52:58,REAL,67845256132,532,67845256664,67845256664
2025-06-19 13:53:00,REAL,67845256664,596,67845257260,67845257260
2025-06-19 13:53:02,REAL,67845257260,543,67845257803,67845257803
2025-06-19 13:53:04,REAL,67845257803,670,67845258473,67845258473
2025-06-19 13:53:06,REAL,67845258473,538,67845259011,67845259011
2025-06-19 13:53:08,REAL,67845259011,540,67845259551,67845259551
2025-06-19 13:53:10,REAL,67845259551,598,67845260149,67845260149
2025-06-19 13:53:12,REAL,67845260149,545,67845260694,67845260694
2025-06-19 13:53:14,REAL,67845260694,539,67845261233,67845261233
2025-06-19 13:53:16,REAL,67845261233,538,67845261771,67845261771
2025-06-19 13:53:18,REAL,67845261771,536,67845262307,67845262307
2025-06-19 13:53:20,REAL,67845262307,620,67845262927,67845262927
2025-06-19 13:53:22,REAL,67845262927,545,67845263472,67845263472
2025-06-19 13:53:24,REAL,67845263472,533,67845264005,67845264005
2025-06-19 13:53:26,REAL,67845264005,596,67845264601,67845264601
2025-06-19 13:53:28,REAL,67845264601,231112,67845495713,67845495713
2025-06-19 13:53:30,REAL,67845495713,28796,67845524509,67845524509
2025-06-19 13:53:32,REAL,67845524509,29897,67845554406,67845554406
2025-06-19 13:53:34,REAL,67845554406,28825,67845583231,67845583231
2025-06-19 13:53:36,REAL,67845583231,29193,67845612424,67845612424
2025-06-19 13:53:38,REAL,67845612424,29291,67845641715,67845641715
2025-06-19 13:53:40,REAL,67845641715,29516,67845671231,67845671231
2025-06-19 13:53:42,REAL,67845671231,14848,67845686079,67845686079
2025-06-19 13:53:44,REAL,67845686079,538,67845686617,67845686617
2025-06-19 13:53:46,REAL,67845686617,592,67845687209,67845687209
2025-06-19 13:53:48,REAL,67845687209,545,67845687754,67845687754
2025-06-19 13:53:50,REAL,67845687754,611,67845688365,67845688365
2025-06-19 13:53:52,REAL,67845688365,540,67845688905,67845688905
2025-06-19 13:53:54,REAL,67845688905,541,67845689446,67845689446
2025-06-19 13:53:56,REAL,67845689446,544,67845689990,67845689990
2025-06-19 13:53:58,REAL,67845689990,10293,67845700283,67845700283
2025-06-19 13:54:00,REAL,67845700283,247754,67845948037,67845948037
2025-06-19 13:54:02,REAL,67845948037,28586,67845976623,67845976623
2025-06-19 13:54:04,REAL,67845976623,29866,67846006489,67846006489
2025-06-19 13:54:06,REAL,67846006489,28955,67846035444,67846035444
2025-06-19 13:54:08,REAL,67846035444,29039,67846064483,67846064483
2025-06-19 13:54:10,REAL,67846064483,28887,67846093370,67846093370
2025-06-19 13:54:12,REAL,67846093370,28860,67846122230,67846122230
2025-06-19 13:54:14,REAL,67846122230,12997,67846135227,67846135227
2025-06-19 13:54:16,REAL,67846135227,534,67846135761,67846135761
2025-06-19 13:54:18,REAL,67846135761,531,67846136292,67846136292
2025-06-19 13:54:20,REAL,67846136292,615,67846136907,67846136907
2025-06-19 13:54:22,REAL,67846136907,544,67846137451,67846137451
2025-06-19 13:54:24,REAL,67846137451,541,67846137992,67846137992
2025-06-19 13:54:26,REAL,67846137992,549,67846138541,67846138541
2025-06-19 13:54:28,REAL,67846138541,537,67846139078,67846139078
2025-06-19 13:54:30,REAL,67846139078,710,67846139788,67846139788
2025-06-19 13:54:32,REAL,67846139788,595,67846140383,67846140383
2025-06-19 13:54:34,REAL,67846140383,680,67846141063,67846141063
2025-06-19 13:54:36,REAL,67846141063,539,67846141602,67846141602
2025-06-19 13:54:38,REAL,67846141602,545,67846142147,67846142147
2025-06-19 13:54:40,REAL,67846142147,595,67846142742,67846142742
2025-06-19 13:54:42,REAL,67846142742,536,67846143278,67846143278
2025-06-19 13:54:44,REAL,67846143278,537,67846143815,67846143815
2025-06-19 13:54:46,REAL,67846143815,542,67846144357,67846144357
2025-06-19 13:54:48,REAL,67846144357,537,67846144894,67846144894
2025-06-19 13:54:50,REAL,67846144894,671,67846145565,67846145565
2025-06-19 13:54:52,REAL,67846145565,532,67846146097,67846146097
2025-06-19 13:54:54,REAL,67846146097,533,67846146630,67846146630
2025-06-19 13:54:56,REAL,67846146630,542,67846147172,67846147172
2025-06-19 13:54:58,REAL,67846147172,543,67846147715,67846147715
2025-06-19 13:55:00,REAL,67846147715,541,67846148256,67846148256
2025-06-19 13:55:02,REAL,67846148256,615,67846148871,67846148871
2025-06-19 13:55:04,REAL,67846148871,548,67846149419,67846149419
2025-06-19 13:55:06,REAL,67846149419,678,67846150097,67846150097
2025-06-19 13:55:08,REAL,67846150097,547,67846150644,67846150644
2025-06-19 13:55:10,REAL,67846150644,541,67846151185,67846151185
2025-06-19 13:55:12,REAL,67846151185,593,67846151778,67846151778
2025-06-19 13:55:14,REAL,67846151778,541,67846152319,67846152319
2025-06-19 13:55:16,REAL,67846152319,537,67846152856,67846152856
2025-06-19 13:55:18,REAL,67846152856,540,67846153396,67846153396
2025-06-19 13:55:20,REAL,67846153396,617,67846154013,67846154013
2025-06-19 13:55:22,REAL,67846154013,649,67846154662,67846154662
2025-06-19 13:55:24,REAL,67846154662,536,67846155198,67846155198
2025-06-19 13:55:26,REAL,67846155198,541,67846155739,67846155739
2025-06-19 13:55:28,REAL,67846155739,533,67846156272,67846156272
2025-06-19 13:55:30,REAL,67846156272,540,67846156812,67846156812
2025-06-19 13:55:32,REAL,67846156812,538,67846157350,67846157350
2025-06-19 13:55:34,REAL,67846157350,537,67846157887,67846157887
2025-06-19 13:55:36,REAL,67846157887,611,67846158498,67846158498
2025-06-19 13:55:38,REAL,67846158498,605,67846159103,67846159103
2025-06-19 13:55:40,REAL,67846159103,540,67846159643,67846159643
2025-06-19 13:55:42,REAL,67846159643,542,67846160185,67846160185
2025-06-19 13:55:44,REAL,67846160185,545,67846160730,67846160730
2025-06-19 13:55:46,REAL,67846160730,540,67846161270,67846161270
2025-06-19 13:55:48,REAL,67846161270,533,67846161803,67846161803
2025-06-19 13:55:50,REAL,67846161803,614,67846162417,67846162417
2025-06-19 13:55:52,REAL,67846162417,541,67846162958,67846162958
2025-06-19 13:55:54,REAL,67846162958,601,67846163559,67846163559
2025-06-19 13:55:56,REAL,67846163559,594,67846164153,67846164153
2025-06-19 13:55:58,REAL,67846164153,539,67846164692,67846164692
2025-06-19 13:56:00,REAL,67846164692,541,67846165233,67846165233
2025-06-19 13:56:02,REAL,67846165233,595,67846165828,67846165828
2025-06-19 13:56:04,REAL,67846165828,540,67846166368,67846166368
2025-06-19 13:56:06,REAL,67846166368,612,67846166980,67846166980
2025-06-19 13:56:08,REAL,67846166980,547,67846167527,67846167527
2025-06-19 13:56:10,REAL,67846167527,610,67846168137,67846168137
2025-06-19 13:56:12,REAL,67846168137,593,67846168730,67846168730
2025-06-19 13:56:14,REAL,67846168730,597,67846169327,67846169327
2025-06-19 13:56:16,REAL,67846169327,73231,67846242558,67846242558
2025-06-19 13:56:18,REAL,67846242558,190999,67846433557,67846433557
2025-06-19 13:56:20,REAL,67846433557,29546,67846463103,67846463103
2025-06-19 13:56:22,REAL,67846463103,28923,67846492026,67846492026
2025-06-19 13:56:24,REAL,67846492026,29357,67846521383,67846521383
2025-06-19 13:56:26,REAL,67846521383,29287,67846550670,67846550670
2025-06-19 13:56:28,REAL,67846550670,29231,67846579901,67846579901
2025-06-19 13:56:30,REAL,67846579901,29582,67846609483,67846609483
2025-06-19 13:56:32,REAL,67846609483,6090,67846615573,67846615573
2025-06-19 13:56:34,REAL,67846615573,542,67846616115,67846616115
2025-06-19 13:56:36,REAL,67846616115,615,67846616730,67846616730
2025-06-19 13:56:38,REAL,67846616730,596,67846617326,67846617326
2025-06-19 13:56:40,REAL,67846617326,532,67846617858,67846617858
2025-06-19 13:56:42,REAL,67846617858,543,67846618401,67846618401
2025-06-19 13:56:44,REAL,67846618401,541,67846618942,67846618942
2025-06-19 13:56:46,REAL,67846618942,545,67846619487,67846619487
2025-06-19 13:56:48,REAL,67846619487,592,67846620079,67846620079
2025-06-19 13:56:50,REAL,67846620079,539,67846620618,67846620618
2025-06-19 13:56:52,REAL,67846620618,617,67846621235,67846621235
2025-06-19 13:56:54,REAL,67846621235,541,67846621776,67846621776
2025-06-19 13:56:56,REAL,67846621776,543,67846622319,67846622319
2025-06-19 13:56:58,REAL,67846622319,601,67846622920,67846622920
2025-06-19 13:57:00,REAL,67846622920,546,67846623466,67846623466
2025-06-19 13:57:02,REAL,67846623466,548,67846624014,67846624014
2025-06-19 13:57:04,REAL,67846624014,599,67846624613,67846624613
2025-06-19 13:57:06,REAL,67846624613,618,67846625231,67846625231
2025-06-19 13:57:08,REAL,67846625231,537,67846625768,67846625768
2025-06-19 13:57:10,REAL,67846625768,549,67846626317,67846626317
2025-06-19 13:57:12,REAL,67846626317,606,67846626923,67846626923
2025-06-19 13:57:14,REAL,67846626923,543,67846627466,67846627466
2025-06-19 13:57:16,REAL,67846627466,542,67846628008,67846628008
2025-06-19 13:57:18,REAL,67846628008,533,67846628541,67846628541
2025-06-19 13:57:20,REAL,67846628541,665,67846629206,67846629206
2025-06-19 13:57:22,REAL,67846629206,728,67846629934,67846629934
2025-06-19 13:57:24,REAL,67846629934,600,67846630534,67846630534
2025-06-19 13:57:26,REAL,67846630534,536,67846631070,67846631070
2025-06-19 13:57:28,REAL,67846631070,538,67846631608,67846631608
2025-06-19 13:57:30,REAL,67846631608,546,67846632154,67846632154
2025-06-19 13:57:32,REAL,67846632154,534,67846632688,67846632688
2025-06-19 13:57:34,REAL,67846632688,544,67846633232,67846633232
2025-06-19 13:57:36,REAL,67846633232,613,67846633845,67846633845
2025-06-19 13:57:38,REAL,67846633845,540,67846634385,67846634385
2025-06-19 13:57:40,REAL,67846634385,660,67846635045,67846635045
2025-06-19 13:57:42,REAL,67846635045,534,67846635579,67846635579
2025-06-19 13:57:44,REAL,67846635579,549,67846636128,67846636128
2025-06-19 13:57:46,REAL,67846636128,537,67846636665,67846636665
2025-06-19 13:57:48,REAL,67846636665,543,67846637208,67846637208
2025-06-19 13:57:50,REAL,67846637208,547,67846637755,67846637755
2025-06-19 13:57:52,REAL,67846637755,620,67846638375,67846638375
2025-06-19 13:57:54,REAL,67846638375,538,67846638913,67846638913
2025-06-19 13:57:56,REAL,67846638913,593,67846639506,67846639506
2025-06-19 13:57:58,REAL,67846639506,536,67846640042,67846640042
2025-06-19 13:58:00,REAL,67846640042,545,67846640587,67846640587
2025-06-19 13:58:02,REAL,67846640587,541,67846641128,67846641128
2025-06-19 13:58:04,REAL,67846641128,597,67846641725,67846641725
2025-06-19 13:58:06,REAL,67846641725,614,67846642339,67846642339
2025-06-19 13:58:08,REAL,67846642339,537,67846642876,67846642876
2025-06-19 13:58:10,REAL,67846642876,537,67846643413,67846643413
2025-06-19 13:58:12,REAL,67846643413,606,67846644019,67846644019
2025-06-19 13:58:14,REAL,67846644019,606,67846644625,67846644625
2025-06-19 13:58:16,REAL,67846644625,603,67846645228,67846645228
2025-06-19 13:58:18,REAL,67846645228,656,67846645884,67846645884
2025-06-19 13:58:20,REAL,67846645884,598,67846646482,67846646482
2025-06-19 13:58:22,REAL,67846646482,734,67846647216,67846647216
2025-06-19 13:58:24,REAL,67846647216,541,67846647757,67846647757
2025-06-19 13:58:26,REAL,67846647757,540,67846648297,67846648297
2025-06-19 13:58:28,REAL,67846648297,538,67846648835,67846648835
2025-06-19 13:58:30,REAL,67846648835,532,67846649367,67846649367
2025-06-19 13:58:32,REAL,67846649367,549,67846649916,67846649916
2025-06-19 13:58:34,REAL,67846649916,548,67846650464,67846650464
2025-06-19 13:58:36,REAL,67846650464,622,67846651086,67846651086
2025-06-19 13:58:38,REAL,67846651086,598,67846651684,67846651684
2025-06-19 13:58:40,REAL,67846651684,542,67846652226,67846652226
2025-06-19 13:58:42,REAL,67846652226,537,67846652763,67846652763
2025-06-19 13:58:44,REAL,67846652763,537,67846653300,67846653300
2025-06-19 13:58:46,REAL,67846653300,604,67846653904,67846653904
2025-06-19 13:58:48,REAL,67846653904,549,67846654453,67846654453
2025-06-19 13:58:50,REAL,67846654453,543,67846654996,67846654996
2025-06-19 13:58:52,REAL,67846654996,615,67846655611,67846655611
2025-06-19 13:58:54,REAL,67846655611,595,67846656206,67846656206
2025-06-19 13:58:56,REAL,67846656206,537,67846656743,67846656743
2025-06-19 13:58:58,REAL,67846656743,536,67846657279,67846657279
2025-06-19 13:59:00,REAL,67846657279,542,67846657821,67846657821
2025-06-19 13:59:02,REAL,67846657821,539,67846658360,67846658360
2025-06-19 13:59:04,REAL,67846658360,591,67846658951,67846658951
2025-06-19 13:59:06,REAL,67846658951,549,67846659500,67846659500
2025-06-19 13:59:08,REAL,67846659500,610,67846660110,67846660110
2025-06-19 13:59:10,REAL,67846660110,660,67846660770,67846660770
2025-06-19 13:59:12,REAL,67846660770,602,67846661372,67846661372
2025-06-19 13:59:14,REAL,67846661372,596,67846661968,67846661968
2025-06-19 13:59:16,REAL,67846661968,594,67846662562,67846662562
2025-06-19 13:59:18,REAL,67846662562,596,67846663158,67846663158
2025-06-19 13:59:20,REAL,67846663158,602,67846663760,67846663760
2025-06-19 13:59:22,REAL,67846663760,610,67846664370,67846664370
2025-06-19 13:59:24,REAL,67846664370,539,67846664909,67846664909
2025-06-19 13:59:26,REAL,67846664909,601,67846665510,67846665510
2025-06-19 13:59:28,REAL,67846665510,547,67846666057,67846666057
2025-06-19 13:59:30,REAL,67846666057,534,67846666591,67846666591
2025-06-19 13:59:32,REAL,67846666591,535,67846667126,67846667126
2025-06-19 13:59:34,REAL,67846667126,546,67846667672,67846667672
2025-06-19 13:59:36,REAL,67846667672,18343,67846686015,67846686015
2025-06-19 13:59:38,REAL,67846686015,224952,67846910967,67846910967
2025-06-19 13:59:40,REAL,67846910967,29180,67846940147,67846940147
2025-06-19 13:59:42,REAL,67846940147,29175,67846969322,67846969322
2025-06-19 13:59:44,REAL,67846969322,28911,67846998233,67846998233
2025-06-19 13:59:46,REAL,67846998233,29735,67847027968,67847027968
2025-06-19 13:59:48,REAL,67847027968,28576,67847056544,67847056544
2025-06-19 13:59:50,REAL,67847056544,29087,67847085631,67847085631
2025-06-19 13:59:52,REAL,67847085631,11062,67847096693,67847096693
2025-06-19 13:59:54,REAL,67847096693,599,67847097292,67847097292
2025-06-19 13:59:56,REAL,67847097292,596,67847097888,67847097888
2025-06-19 13:59:58,REAL,67847097888,157251,67847255139,67847255139
2025-06-19 14:00:00,REAL,67847255139,108126,67847363265,67847363265
2025-06-19 14:00:02,REAL,67847363265,28987,67847392252,67847392252
2025-06-19 14:00:04,REAL,67847392252,29274,67847421526,67847421526
2025-06-19 14:00:06,REAL,67847421526,30176,67847451702,67847451702
2025-06-19 14:00:08,REAL,67847451702,28537,67847480239,67847480239
2025-06-19 14:00:10,REAL,67847480239,28867,67847509106,67847509106
2025-06-19 14:00:12,REAL,67847509106,24515,67847533621,67847533621
2025-06-19 14:00:14,REAL,67847533621,537,67847534158,67847534158
2025-06-19 14:00:16,REAL,67847534158,547,67847534705,67847534705
2025-06-19 14:00:18,REAL,67847534705,542,67847535247,67847535247
2025-06-19 14:00:20,REAL,67847535247,542,67847535789,67847535789
2025-06-19 14:00:22,REAL,67847535789,550,67847536339,67847536339
2025-06-19 14:00:24,REAL,67847536339,615,67847536954,67847536954
2025-06-19 14:00:26,REAL,67847536954,538,67847537492,67847537492
2025-06-19 14:00:28,REAL,67847537492,598,67847538090,67847538090
2025-06-19 14:00:30,REAL,67847538090,542,67847538632,67847538632
2025-06-19 14:00:32,REAL,67847538632,540,67847539172,67847539172
2025-06-19 14:00:34,REAL,67847539172,539,67847539711,67847539711
2025-06-19 14:00:36,REAL,67847539711,544,67847540255,67847540255
2025-06-19 14:00:38,REAL,67847540255,619,67847540874,67847540874
2025-06-19 14:00:40,REAL,67847540874,601,67847541475,67847541475
2025-06-19 14:00:42,REAL,67847541475,538,67847542013,67847542013
2025-06-19 14:00:44,REAL,67847542013,597,67847542610,67847542610
2025-06-19 14:00:46,REAL,67847542610,532,67847543142,67847543142
2025-06-19 14:00:48,REAL,67847543142,599,67847543741,67847543741
2025-06-19 14:00:50,REAL,67847543741,548,67847544289,67847544289
2025-06-19 14:00:52,REAL,67847544289,536,67847544825,67847544825
2025-06-19 14:00:54,REAL,67847544825,615,67847545440,67847545440
2025-06-19 14:00:56,REAL,67847545440,537,67847545977,67847545977
2025-06-19 14:00:58,REAL,67847545977,536,67847546513,67847546513
2025-06-19 14:01:00,REAL,67847546513,596,67847547109,67847547109
2025-06-19 14:01:02,REAL,67847547109,598,67847547707,67847547707
2025-06-19 14:01:04,REAL,67847547707,601,67847548308,67847548308
2025-06-19 14:01:06,REAL,67847548308,659,67847548967,67847548967
2025-06-19 14:01:08,REAL,67847548967,670,67847549637,67847549637
2025-06-19 14:01:10,REAL,67847549637,598,67847550235,67847550235
2025-06-19 14:01:12,REAL,67847550235,533,67847550768,67847550768
2025-06-19 14:01:14,REAL,67847550768,531,67847551299,67847551299
2025-06-19 14:01:16,REAL,67847551299,540,67847551839,67847551839
2025-06-19 14:01:18,REAL,67847551839,541,67847552380,67847552380
2025-06-19 14:01:20,REAL,67847552380,545,67847552925,67847552925
2025-06-19 14:01:22,REAL,67847552925,537,67847553462,67847553462
2025-06-19 14:01:24,REAL,67847553462,666,67847554128,67847554128
2025-06-19 14:01:26,REAL,67847554128,593,67847554721,67847554721
2025-06-19 14:01:28,REAL,67847554721,604,67847555325,67847555325
2025-06-19 14:01:30,REAL,67847555325,660,67847555985,67847555985
2025-06-19 14:01:32,REAL,67847555985,607,67847556592,67847556592
2025-06-19 14:01:34,REAL,67847556592,533,67847557125,67847557125
2025-06-19 14:01:36,REAL,67847557125,543,67847557668,67847557668
2025-06-19 14:01:38,REAL,67847557668,618,67847558286,67847558286
2025-06-19 14:01:40,REAL,67847558286,542,67847558828,67847558828
2025-06-19 14:01:42,REAL,67847558828,538,67847559366,67847559366
2025-06-19 14:01:44,REAL,67847559366,534,67847559900,67847559900
2025-06-19 14:01:46,REAL,67847559900,546,67847560446,67847560446
2025-06-19 14:01:48,REAL,67847560446,76130,67847636576,67847636576
2025-06-19 14:01:50,REAL,67847636576,192862,67847829438,67847829438
2025-06-19 14:01:52,REAL,67847829438,29274,67847858712,67847858712
2025-06-19 14:01:54,REAL,67847858712,29105,67847887817,67847887817
2025-06-19 14:01:56,REAL,67847887817,29753,67847917570,67847917570
2025-06-19 14:01:58,REAL,67847917570,28953,67847946523,67847946523
2025-06-19 14:02:00,REAL,67847946523,29257,67847975780,67847975780
2025-06-19 14:02:02,REAL,67847975780,28837,67848004617,67848004617
2025-06-19 14:02:04,REAL,67848004617,5483,67848010100,67848010100
2025-06-19 14:02:06,REAL,67848010100,544,67848010644,67848010644
2025-06-19 14:02:08,REAL,67848010644,549,67848011193,67848011193
2025-06-19 14:02:10,REAL,67848011193,671,67848011864,67848011864
2025-06-19 14:02:12,REAL,67848011864,541,67848012405,67848012405
2025-06-19 14:02:14,REAL,67848012405,544,67848012949,67848012949
2025-06-19 14:02:16,REAL,67848012949,544,67848013493,67848013493
2025-06-19 14:02:18,REAL,67848013493,532,67848014025,67848014025
2025-06-19 14:02:20,REAL,67848014025,661,67848014686,67848014686
2025-06-19 14:02:22,REAL,67848014686,602,67848015288,67848015288
2025-06-19 14:02:24,REAL,67848015288,673,67848015961,67848015961
2025-06-19 14:02:26,REAL,67848015961,537,67848016498,67848016498
2025-06-19 14:02:28,REAL,67848016498,536,67848017034,67848017034
2025-06-19 14:02:30,REAL,67848017034,530,67848017564,67848017564
2025-06-19 14:02:32,REAL,67848017564,597,67848018161,67848018161
2025-06-19 14:02:34,REAL,67848018161,532,67848018693,67848018693
2025-06-19 14:02:36,REAL,67848018693,545,67848019238,67848019238
2025-06-19 14:02:38,REAL,67848019238,537,67848019775,67848019775
2025-06-19 14:02:40,REAL,67848019775,675,67848020450,67848020450
2025-06-19 14:02:42,REAL,67848020450,545,67848020995,67848020995
2025-06-19 14:02:44,REAL,67848020995,542,67848021537,67848021537
2025-06-19 14:02:46,REAL,67848021537,546,67848022083,67848022083
2025-06-19 14:02:48,REAL,67848022083,543,67848022626,67848022626
2025-06-19 14:02:50,REAL,67848022626,534,67848023160,67848023160
2025-06-19 14:02:52,REAL,67848023160,593,67848023753,67848023753
2025-06-19 14:02:54,REAL,67848023753,615,67848024368,67848024368
2025-06-19 14:02:56,REAL,67848024368,603,67848024971,67848024971
2025-06-19 14:02:58,REAL,67848024971,248866,67848273837,67848273837
2025-06-19 14:03:00,REAL,67848273837,29532,67848303369,67848303369
2025-06-19 14:03:02,REAL,67848303369,29166,67848332535,67848332535
2025-06-19 14:03:04,REAL,67848332535,28639,67848361174,67848361174
2025-06-19 14:03:06,REAL,67848361174,28824,67848389998,67848389998
2025-06-19 14:03:08,REAL,67848389998,28940,67848418938,67848418938
2025-06-19 14:03:10,REAL,67848418938,28891,67848447829,67848447829
2025-06-19 14:03:12,REAL,67848447829,16008,67848463837,67848463837
2025-06-19 14:03:14,REAL,67848463837,592,67848464429,67848464429
2025-06-19 14:03:16,REAL,67848464429,607,67848465036,67848465036
2025-06-19 14:03:18,REAL,67848465036,123769,67848588805,67848588805
2025-06-19 14:03:20,REAL,67848588805,144898,67848733703,67848733703
2025-06-19 14:03:22,REAL,67848733703,29638,67848763341,67848763341
2025-06-19 14:03:24,REAL,67848763341,28713,67848792054,67848792054
2025-06-19 14:03:26,REAL,67848792054,29224,67848821278,67848821278
2025-06-19 14:03:28,REAL,67848821278,29261,67848850539,67848850539
2025-06-19 14:03:30,REAL,67848850539,29606,67848880145,67848880145
2025-06-19 14:03:32,REAL,67848880145,29501,67848909646,67848909646
2025-06-19 14:03:34,REAL,67848909646,674,67848910320,67848910320
2025-06-19 14:03:36,REAL,67848910320,548,67848910868,67848910868
2025-06-19 14:03:38,REAL,67848910868,530,67848911398,67848911398
2025-06-19 14:03:40,REAL,67848911398,619,67848912017,67848912017
2025-06-19 14:03:42,REAL,67848912017,539,67848912556,67848912556
2025-06-19 14:03:44,REAL,67848912556,533,67848913089,67848913089
2025-06-19 14:03:46,REAL,67848913089,545,67848913634,67848913634
2025-06-19 14:03:48,REAL,67848913634,609,67848914243,67848914243
2025-06-19 14:03:50,REAL,67848914243,601,67848914844,67848914844
2025-06-19 14:03:52,REAL,67848914844,603,67848915447,67848915447
2025-06-19 14:03:54,REAL,67848915447,610,67848916057,67848916057
2025-06-19 14:03:56,REAL,67848916057,668,67848916725,67848916725
2025-06-19 14:03:58,REAL,67848916725,606,67848917331,67848917331
2025-06-19 14:04:00,REAL,67848917331,146979,67849064310,67849064310
2025-06-19 14:04:02,REAL,67849064310,133137,67849197447,67849197447
2025-06-19 14:04:04,REAL,67849197447,29158,67849226605,67849226605
2025-06-19 14:04:06,REAL,67849226605,29420,67849256025,67849256025
2025-06-19 14:04:08,REAL,67849256025,29367,67849285392,67849285392
2025-06-19 14:04:10,REAL,67849285392,28966,67849314358,67849314358
2025-06-19 14:04:12,REAL,67849314358,28623,67849342981,67849342981
2025-06-19 14:04:14,REAL,67849342981,28284,67849371265,67849371265
2025-06-19 14:04:16,REAL,67849371265,540,67849371805,67849371805
2025-06-19 14:04:18,REAL,67849371805,538,67849372343,67849372343
2025-06-19 14:04:20,REAL,67849372343,538,67849372881,67849372881
2025-06-19 14:04:22,REAL,67849372881,549,67849373430,67849373430
2025-06-19 14:04:24,REAL,67849373430,545,67849373975,67849373975
2025-06-19 14:04:26,REAL,67849373975,622,67849374597,67849374597
2025-06-19 14:04:28,REAL,67849374597,542,67849375139,67849375139
2025-06-19 14:04:30,REAL,67849375139,596,67849375735,67849375735
2025-06-19 14:04:32,REAL,67849375735,158838,67849534573,67849534573
2025-06-19 14:04:34,REAL,67849534573,98711,67849633284,67849633284
2025-06-19 14:04:36,REAL,67849633284,28871,67849662155,67849662155
2025-06-19 14:04:38,REAL,67849662155,29392,67849691547,67849691547
2025-06-19 14:04:40,REAL,67849691547,29258,67849720805,67849720805
2025-06-19 14:04:42,REAL,67849720805,29702,67849750507,67849750507
2025-06-19 14:04:44,REAL,67849750507,29001,67849779508,67849779508
2025-06-19 14:04:46,REAL,67849779508,25680,67849805188,67849805188
2025-06-19 14:04:48,REAL,67849805188,541,67849805729,67849805729
2025-06-19 14:04:50,REAL,67849805729,541,67849806270,67849806270
2025-06-19 14:04:52,REAL,67849806270,538,67849806808,67849806808
2025-06-19 14:04:54,REAL,67849806808,591,67849807399,67849807399
2025-06-19 14:04:56,REAL,67849807399,610,67849808009,67849808009
2025-06-19 14:04:58,REAL,67849808009,548,67849808557,67849808557
2025-06-19 14:05:00,REAL,67849808557,531,67849809088,67849809088
2025-06-19 14:05:02,REAL,67849809088,600,67849809688,67849809688
2025-06-19 14:05:04,REAL,67849809688,603,67849810291,67849810291
2025-06-19 14:05:06,REAL,67849810291,593,67849810884,67849810884
2025-06-19 14:05:08,REAL,67849810884,600,67849811484,67849811484
2025-06-19 14:05:10,REAL,67849811484,621,67849812105,67849812105
2025-06-19 14:05:12,REAL,67849812105,538,67849812643,67849812643
2025-06-19 14:05:14,REAL,67849812643,599,67849813242,67849813242
2025-06-19 14:05:16,REAL,67849813242,536,67849813778,67849813778
2025-06-19 14:05:18,REAL,67849813778,539,67849814317,67849814317
2025-06-19 14:05:20,REAL,67849814317,536,67849814853,67849814853
2025-06-19 14:05:22,REAL,67849814853,540,67849815393,67849815393
2025-06-19 14:05:24,REAL,67849815393,598,67849815991,67849815991
2025-06-19 14:05:26,REAL,67849815991,608,67849816599,67849816599
2025-06-19 14:05:28,REAL,67849816599,540,67849817139,67849817139
2025-06-19 14:05:30,REAL,67849817139,542,67849817681,67849817681
2025-06-19 14:05:32,REAL,67849817681,548,67849818229,67849818229
2025-06-19 14:05:34,REAL,67849818229,538,67849818767,67849818767
2025-06-19 14:05:36,REAL,67849818767,596,67849819363,67849819363
2025-06-19 14:05:38,REAL,67849819363,543,67849819906,67849819906
2025-06-19 14:05:40,REAL,67849819906,681,67849820587,67849820587
2025-06-19 14:05:42,REAL,67849820587,541,67849821128,67849821128
2025-06-19 14:05:44,REAL,67849821128,546,67849821674,67849821674
2025-06-19 14:05:46,REAL,67849821674,539,67849822213,67849822213
2025-06-19 14:05:48,REAL,67849822213,539,67849822752,67849822752
2025-06-19 14:05:50,REAL,67849822752,548,67849823300,67849823300
2025-06-19 14:05:52,REAL,67849823300,536,67849823836,67849823836
2025-06-19 14:05:54,REAL,67849823836,604,67849824440,67849824440
2025-06-19 14:05:56,REAL,67849824440,669,67849825109,67849825109
2025-06-19 14:05:58,REAL,67849825109,534,67849825643,67849825643
2025-06-19 14:06:00,REAL,67849825643,549,67849826192,67849826192
2025-06-19 14:06:02,REAL,67849826192,298,67849826490,67849826490
2025-06-19 14:06:04,REAL,67849826490,539,67849827029,67849827029
2025-06-19 14:06:06,REAL,67849827029,538,67849827567,67849827567
2025-06-19 14:06:08,REAL,67849827567,546,67849828113,67849828113
2025-06-19 14:06:10,REAL,67849828113,535,67849828648,67849828648
2025-06-19 14:06:12,REAL,67849828648,670,67849829318,67849829318
2025-06-19 14:06:14,REAL,67849829318,541,67849829859,67849829859
2025-06-19 14:06:16,REAL,67849829859,599,67849830458,67849830458
2025-06-19 14:06:18,REAL,67849830458,535,67849830993,67849830993
2025-06-19 14:06:20,REAL,67849830993,535,67849831528,67849831528
2025-06-19 14:06:22,REAL,67849831528,543,67849832071,67849832071
2025-06-19 14:06:24,REAL,67849832071,538,67849832609,67849832609
2025-06-19 14:06:26,REAL,67849832609,619,67849833228,67849833228
2025-06-19 14:06:28,REAL,67849833228,599,67849833827,67849833827
2025-06-19 14:06:30,REAL,67849833827,537,67849834364,67849834364
2025-06-19 14:06:32,REAL,67849834364,535,67849834899,67849834899
2025-06-19 14:06:34,REAL,67849834899,536,67849835435,67849835435
2025-06-19 14:06:36,REAL,67849835435,594,67849836029,67849836029
2025-06-19 14:06:38,REAL,67849836029,543,67849836572,67849836572
2025-06-19 14:06:40,REAL,67849836572,537,67849837109,67849837109
2025-06-19 14:06:42,REAL,67849837109,620,67849837729,67849837729
2025-06-19 14:06:44,REAL,67849837729,91749,67849929478,67849929478
2025-06-19 14:06:46,REAL,67849929478,191592,67850121070,67850121070
2025-06-19 14:06:48,REAL,67850121070,29194,67850150264,67850150264
2025-06-19 14:06:50,REAL,67850150264,29282,67850179546,67850179546
2025-06-19 14:06:52,REAL,67850179546,29414,67850208960,67850208960
2025-06-19 14:06:54,REAL,67850208960,28797,67850237757,67850237757
2025-06-19 14:06:56,REAL,67850237757,29547,67850267304,67850267304
2025-06-19 14:06:58,REAL,67850267304,29219,67850296523,67850296523
2025-06-19 14:07:00,REAL,67850296523,4844,67850301367,67850301367
2025-06-19 14:07:02,REAL,67850301367,604,67850301971,67850301971
2025-06-19 14:07:04,REAL,67850301971,599,67850302570,67850302570
2025-06-19 14:07:06,REAL,67850302570,604,67850303174,67850303174
2025-06-19 14:07:08,REAL,67850303174,607,67850303781,67850303781
2025-06-19 14:07:10,REAL,67850303781,600,67850304381,67850304381
2025-06-19 14:07:12,REAL,67850304381,623,67850305004,67850305004
2025-06-19 14:07:14,REAL,67850305004,539,67850305543,67850305543
2025-06-19 14:07:16,REAL,67850305543,587,67850306130,67850306130
2025-06-19 14:07:18,REAL,67850306130,543,67850306673,67850306673
2025-06-19 14:07:20,REAL,67850306673,542,67850307215,67850307215
2025-06-19 14:07:22,REAL,67850307215,533,67850307748,67850307748
2025-06-19 14:07:24,REAL,67850307748,544,67850308292,67850308292
2025-06-19 14:07:26,REAL,67850308292,107437,67850415729,67850415729
2025-06-19 14:07:28,REAL,67850415729,151866,67850567595,67850567595
2025-06-19 14:07:30,REAL,67850567595,29201,67850596796,67850596796
2025-06-19 14:07:32,REAL,67850596796,29562,67850626358,67850626358
2025-06-19 14:07:34,REAL,67850626358,28876,67850655234,67850655234
2025-06-19 14:07:36,REAL,67850655234,29451,67850684685,67850684685
2025-06-19 14:07:38,REAL,67850684685,29739,67850714424,67850714424
2025-06-19 14:07:40,REAL,67850714424,29488,67850743912,67850743912
2025-06-19 14:07:42,REAL,67850743912,2789,67850746701,67850746701
2025-06-19 14:07:44,REAL,67850746701,540,67850747241,67850747241
2025-06-19 14:07:46,REAL,67850747241,539,67850747780,67850747780
2025-06-19 14:07:48,REAL,67850747780,548,67850748328,67850748328
2025-06-19 14:07:50,REAL,67850748328,598,67850748926,67850748926
2025-06-19 14:07:52,REAL,67850748926,532,67850749458,67850749458
2025-06-19 14:07:54,REAL,67850749458,536,67850749994,67850749994
2025-06-19 14:07:56,REAL,67850749994,542,67850750536,67850750536
2025-06-19 14:07:58,REAL,67850750536,730,67850751266,67850751266
2025-06-19 14:08:00,REAL,67850751266,599,67850751865,67850751865
2025-06-19 14:08:02,REAL,67850751865,595,67850752460,67850752460
2025-06-19 14:08:04,REAL,67850752460,541,67850753001,67850753001
2025-06-19 14:08:06,REAL,67850753001,590,67850753591,67850753591
2025-06-19 14:08:08,REAL,67850753591,543,67850754134,67850754134
2025-06-19 14:08:10,REAL,67850754134,538,67850754672,67850754672
2025-06-19 14:08:12,REAL,67850754672,609,67850755281,67850755281
2025-06-19 14:08:14,REAL,67850755281,543,67850755824,67850755824
2025-06-19 14:08:16,REAL,67850755824,595,67850756419,67850756419
2025-06-19 14:08:18,REAL,67850756419,594,67850757013,67850757013
2025-06-19 14:08:20,REAL,67850757013,540,67850757553,67850757553
2025-06-19 14:08:22,REAL,67850757553,547,67850758100,67850758100
2025-06-19 14:08:24,REAL,67850758100,539,67850758639,67850758639
2025-06-19 14:08:26,REAL,67850758639,541,67850759180,67850759180
2025-06-19 14:08:28,REAL,67850759180,612,67850759792,67850759792
2025-06-19 14:08:30,REAL,67850759792,533,67850760325,67850760325
2025-06-19 14:08:32,REAL,67850760325,537,67850760862,67850760862
2025-06-19 14:08:34,REAL,67850760862,594,67850761456,67850761456
2025-06-19 14:08:36,REAL,67850761456,593,67850762049,67850762049
2025-06-19 14:08:38,REAL,67850762049,547,67850762596,67850762596
2025-06-19 14:08:40,REAL,67850762596,597,67850763193,67850763193
2025-06-19 14:08:42,REAL,67850763193,611,67850763804,67850763804
2025-06-19 14:08:44,REAL,67850763804,542,67850764346,67850764346
2025-06-19 14:08:46,REAL,67850764346,539,67850764885,67850764885
2025-06-19 14:08:48,REAL,67850764885,540,67850765425,67850765425
2025-06-19 14:08:50,REAL,67850765425,598,67850766023,67850766023
2025-06-19 14:08:52,REAL,67850766023,543,67850766566,67850766566
2025-06-19 14:08:54,REAL,67850766566,539,67850767105,67850767105
2025-06-19 14:08:56,REAL,67850767105,540,67850767645,67850767645
2025-06-19 14:08:58,REAL,67850767645,610,67850768255,67850768255
2025-06-19 14:09:00,REAL,67850768255,546,67850768801,67850768801
2025-06-19 14:09:02,REAL,67850768801,546,67850769347,67850769347
2025-06-19 14:09:04,REAL,67850769347,599,67850769946,67850769946
2025-06-19 14:09:06,REAL,67850769946,708,67850770654,67850770654
2025-06-19 14:09:08,REAL,67850770654,603,67850771257,67850771257
2025-06-19 14:09:10,REAL,67850771257,598,67850771855,67850771855
2025-06-19 14:09:12,REAL,67850771855,622,67850772477,67850772477
2025-06-19 14:09:14,REAL,67850772477,535,67850773012,67850773012
2025-06-19 14:09:16,REAL,67850773012,539,67850773551,67850773551
2025-06-19 14:09:18,REAL,67850773551,543,67850774094,67850774094
2025-06-19 14:09:20,REAL,67850774094,535,67850774629,67850774629
2025-06-19 14:09:22,REAL,67850774629,533,67850775162,67850775162
2025-06-19 14:09:24,REAL,67850775162,542,67850775704,67850775704
2025-06-19 14:09:26,REAL,67850775704,598,67850776302,67850776302
2025-06-19 14:09:28,REAL,67850776302,614,67850776916,67850776916
2025-06-19 14:09:30,REAL,67850776916,592,67850777508,67850777508
2025-06-19 14:09:32,REAL,67850777508,600,67850778108,67850778108
2025-06-19 14:09:34,REAL,67850778108,548,67850778656,67850778656
2025-06-19 14:09:36,REAL,67850778656,538,67850779194,67850779194
2025-06-19 14:09:38,REAL,67850779194,536,67850779730,67850779730
2025-06-19 14:09:40,REAL,67850779730,539,67850780269,67850780269
2025-06-19 14:09:42,REAL,67850780269,677,67850780946,67850780946
2025-06-19 14:09:44,REAL,67850780946,542,67850781488,67850781488
2025-06-19 14:09:46,REAL,67850781488,541,67850782029,67850782029
2025-06-19 14:09:48,REAL,67850782029,539,67850782568,67850782568
2025-06-19 14:09:50,REAL,67850782568,538,67850783106,67850783106
2025-06-19 14:09:52,REAL,67850783106,546,67850783652,67850783652
2025-06-19 14:09:54,REAL,67850783652,600,67850784252,67850784252
2025-06-19 14:09:56,REAL,67850784252,537,67850784789,67850784789
2025-06-19 14:09:58,REAL,67850784789,679,67850785468,67850785468
2025-06-19 14:10:00,REAL,67850785468,601,67850786069,67850786069
2025-06-19 14:10:02,REAL,67850786069,663,67850786732,67850786732
2025-06-19 14:10:04,REAL,67850786732,603,67850787335,67850787335
2025-06-19 14:10:06,REAL,67850787335,539,67850787874,67850787874
2025-06-19 14:10:08,REAL,67850787874,541,67850788415,67850788415
2025-06-19 14:10:10,REAL,67850788415,545,67850788960,67850788960
2025-06-19 14:10:12,REAL,67850788960,536,67850789496,67850789496
2025-06-19 14:10:14,REAL,67850789496,612,67850790108,67850790108
2025-06-19 14:10:16,REAL,67850790108,617,67850790725,67850790725
2025-06-19 14:10:18,REAL,67850790725,598,67850791323,67850791323
2025-06-19 14:10:20,REAL,67850791323,72936,67850864259,67850864259
2025-06-19 14:10:22,REAL,67850864259,214115,67851078374,67851078374
2025-06-19 14:10:24,REAL,67851078374,29241,67851107615,67851107615
2025-06-19 14:10:26,REAL,67851107615,28599,67851136214,67851136214
2025-06-19 14:10:28,REAL,67851136214,29685,67851165899,67851165899
2025-06-19 14:10:30,REAL,67851165899,29172,67851195071,67851195071
2025-06-19 14:10:32,REAL,67851195071,29206,67851224277,67851224277
2025-06-19 14:10:34,REAL,67851224277,29434,67851253711,67851253711
2025-06-19 14:10:36,REAL,67851253711,7848,67851261559,67851261559
2025-06-19 14:10:38,REAL,67851261559,532,67851262091,67851262091
2025-06-19 14:10:40,REAL,67851262091,548,67851262639,67851262639
2025-06-19 14:10:42,REAL,67851262639,540,67851263179,67851263179
2025-06-19 14:10:44,REAL,67851263179,667,67851263846,67851263846
2025-06-19 14:10:46,REAL,67851263846,536,67851264382,67851264382
2025-06-19 14:10:48,REAL,67851264382,538,67851264920,67851264920
2025-06-19 14:10:50,REAL,67851264920,540,67851265460,67851265460
2025-06-19 14:10:52,REAL,67851265460,605,67851266065,67851266065
2025-06-19 14:10:54,REAL,67851266065,540,67851266605,67851266605
2025-06-19 14:10:56,REAL,67851266605,534,67851267139,67851267139
2025-06-19 14:10:58,REAL,67851267139,670,67851267809,67851267809
2025-06-19 14:11:00,REAL,67851267809,541,67851268350,67851268350
2025-06-19 14:11:02,REAL,67851268350,538,67851268888,67851268888
2025-06-19 14:11:04,REAL,67851268888,539,67851269427,67851269427
2025-06-19 14:11:06,REAL,67851269427,541,67851269968,67851269968
2025-06-19 14:11:08,REAL,67851269968,658,67851270626,67851270626
2025-06-19 14:11:10,REAL,67851270626,658,67851271284,67851271284
2025-06-19 14:11:12,REAL,67851271284,595,67851271879,67851271879
2025-06-19 14:11:14,REAL,67851271879,682,67851272561,67851272561
2025-06-19 14:11:16,REAL,67851272561,595,67851273156,67851273156
2025-06-19 14:11:18,REAL,67851273156,598,67851273754,67851273754
2025-06-19 14:11:20,REAL,67851273754,542,67851274296,67851274296
2025-06-19 14:11:22,REAL,67851274296,549,67851274845,67851274845
2025-06-19 14:11:24,REAL,67851274845,544,67851275389,67851275389
2025-06-19 14:11:26,REAL,67851275389,548,67851275937,67851275937
2025-06-19 14:11:28,REAL,67851275937,677,67851276614,67851276614
2025-06-19 14:11:30,REAL,67851276614,533,67851277147,67851277147
2025-06-19 14:11:32,REAL,67851277147,543,67851277690,67851277690
2025-06-19 14:11:34,REAL,67851277690,710,67851278400,67851278400
2025-06-19 14:11:36,REAL,67851278400,592,67851278992,67851278992
2025-06-19 14:11:38,REAL,67851278992,594,67851279586,67851279586
2025-06-19 14:11:40,REAL,67851279586,534,67851280120,67851280120
2025-06-19 14:11:42,REAL,67851280120,548,67851280668,67851280668
2025-06-19 14:11:44,REAL,67851280668,610,67851281278,67851281278
2025-06-19 14:11:46,REAL,67851281278,543,67851281821,67851281821
2025-06-19 14:11:48,REAL,67851281821,544,67851282365,67851282365
2025-06-19 14:11:50,REAL,67851282365,537,67851282902,67851282902
2025-06-19 14:11:52,REAL,67851282902,539,67851283441,67851283441
2025-06-19 14:11:54,REAL,67851283441,595,67851284036,67851284036
2025-06-19 14:11:56,REAL,67851284036,658,67851284694,67851284694
2025-06-19 14:11:58,REAL,67851284694,741,67851285435,67851285435
2025-06-19 14:12:00,REAL,67851285435,660,67851286095,67851286095
2025-06-19 14:12:02,REAL,67851286095,599,67851286694,67851286694
2025-06-19 14:12:04,REAL,67851286694,592,67851287286,67851287286
2025-06-19 14:12:06,REAL,67851287286,606,67851287892,67851287892
2025-06-19 14:12:08,REAL,67851287892,599,67851288491,67851288491
2025-06-19 14:12:10,REAL,67851288491,599,67851289090,67851289090
2025-06-19 14:12:12,REAL,67851289090,535,67851289625,67851289625
2025-06-19 14:12:14,REAL,67851289625,617,67851290242,67851290242
2025-06-19 14:12:16,REAL,67851290242,533,67851290775,67851290775
2025-06-19 14:12:18,REAL,67851290775,543,67851291318,67851291318
2025-06-19 14:12:20,REAL,67851291318,537,67851291855,67851291855
2025-06-19 14:12:22,REAL,67851291855,535,67851292390,67851292390
2025-06-19 14:12:24,REAL,67851292390,604,67851292994,67851292994
2025-06-19 14:12:26,REAL,67851292994,662,67851293656,67851293656
2025-06-19 14:12:28,REAL,67851293656,677,67851294333,67851294333
2025-06-19 14:12:30,REAL,67851294333,600,67851294933,67851294933
2025-06-19 14:12:32,REAL,67851294933,540,67851295473,67851295473
2025-06-19 14:12:34,REAL,67851295473,539,67851296012,67851296012
2025-06-19 14:12:36,REAL,67851296012,540,67851296552,67851296552
2025-06-19 14:12:38,REAL,67851296552,587,67851297139,67851297139
2025-06-19 14:12:40,REAL,67851297139,532,67851297671,67851297671
2025-06-19 14:12:42,REAL,67851297671,539,67851298210,67851298210
2025-06-19 14:12:44,REAL,67851298210,620,67851298830,67851298830
2025-06-19 14:12:46,REAL,67851298830,606,67851299436,67851299436
2025-06-19 14:12:48,REAL,67851299436,546,67851299982,67851299982
2025-06-19 14:12:50,REAL,67851299982,548,67851300530,67851300530
2025-06-19 14:12:52,REAL,67851300530,545,67851301075,67851301075
2025-06-19 14:12:54,REAL,67851301075,534,67851301609,67851301609
2025-06-19 14:12:56,REAL,67851301609,541,67851302150,67851302150
2025-06-19 14:12:58,REAL,67851302150,608,67851302758,67851302758
2025-06-19 14:13:00,REAL,67851302758,537,67851303295,67851303295
2025-06-19 14:13:02,REAL,67851303295,606,67851303901,67851303901
2025-06-19 14:13:04,REAL,67851303901,598,67851304499,67851304499
2025-06-19 14:13:06,REAL,67851304499,657,67851305156,67851305156
2025-06-19 14:13:08,REAL,67851305156,591,67851305747,67851305747
2025-06-19 14:13:10,REAL,67851305747,541,67851306288,67851306288
2025-06-19 14:13:12,REAL,67851306288,532,67851306820,67851306820
2025-06-19 14:13:14,REAL,67851306820,609,67851307429,67851307429
2025-06-19 14:13:16,REAL,67851307429,541,67851307970,67851307970
2025-06-19 14:13:18,REAL,67851307970,599,67851308569,67851308569
2025-06-19 14:13:20,REAL,67851308569,530,67851309099,67851309099
2025-06-19 14:13:22,REAL,67851309099,536,67851309635,67851309635
2025-06-19 14:13:24,REAL,67851309635,608,67851310243,67851310243
2025-06-19 14:13:26,REAL,67851310243,534,67851310777,67851310777
2025-06-19 14:13:28,REAL,67851310777,542,67851311319,67851311319
2025-06-19 14:13:30,REAL,67851311319,623,67851311942,67851311942
2025-06-19 14:13:32,REAL,67851311942,543,67851312485,67851312485
2025-06-19 14:13:34,REAL,67851312485,540,67851313025,67851313025
2025-06-19 14:13:36,REAL,67851313025,531,67851313556,67851313556
2025-06-19 14:13:38,REAL,67851313556,540,67851314096,67851314096
2025-06-19 14:13:40,REAL,67851314096,147689,67851461785,67851461785
2025-06-19 14:13:42,REAL,67851461785,128658,67851590443,67851590443
2025-06-19 14:13:44,REAL,67851590443,28565,67851619008,67851619008
2025-06-19 14:13:46,REAL,67851619008,29901,67851648909,67851648909
2025-06-19 14:13:48,REAL,67851648909,29073,67851677982,67851677982
2025-06-19 14:13:50,REAL,67851677982,29742,67851707724,67851707724
2025-06-19 14:13:52,REAL,67851707724,29095,67851736819,67851736819
2025-06-19 14:13:54,REAL,67851736819,27246,67851764065,67851764065
2025-06-19 14:13:56,REAL,67851764065,531,67851764596,67851764596
2025-06-19 14:13:58,REAL,67851764596,538,67851765134,67851765134
2025-06-19 14:14:00,REAL,67851765134,612,67851765746,67851765746
2025-06-19 14:14:02,REAL,67851765746,534,67851766280,67851766280
2025-06-19 14:14:04,REAL,67851766280,540,67851766820,67851766820
2025-06-19 14:14:06,REAL,67851766820,544,67851767364,67851767364
2025-06-19 14:14:08,REAL,67851767364,539,67851767903,67851767903
2025-06-19 14:14:10,REAL,67851767903,605,67851768508,67851768508
2025-06-19 14:14:12,REAL,67851768508,153255,67851921763,67851921763
2025-06-19 14:14:14,REAL,67851921763,103365,67852025128,67852025128
2025-06-19 14:14:16,REAL,67852025128,29171,67852054299,67852054299
2025-06-19 14:14:18,REAL,67852054299,29573,67852083872,67852083872
2025-06-19 14:14:20,REAL,67852083872,29179,67852113051,67852113051
2025-06-19 14:14:22,REAL,67852113051,28999,67852142050,67852142050
2025-06-19 14:14:24,REAL,67852142050,28920,67852170970,67852170970
2025-06-19 14:14:26,REAL,67852170970,25568,67852196538,67852196538
2025-06-19 14:14:28,REAL,67852196538,536,67852197074,67852197074
2025-06-19 14:14:30,REAL,67852197074,614,67852197688,67852197688
2025-06-19 14:14:32,REAL,67852197688,604,67852198292,67852198292
2025-06-19 14:14:34,REAL,67852198292,540,67852198832,67852198832
2025-06-19 14:14:36,REAL,67852198832,536,67852199368,67852199368
2025-06-19 14:14:38,REAL,67852199368,545,67852199913,67852199913
2025-06-19 14:14:40,REAL,67852199913,542,67852200455,67852200455
2025-06-19 14:14:42,REAL,67852200455,603,67852201058,67852201058
2025-06-19 14:14:44,REAL,67852201058,673,67852201731,67852201731
2025-06-19 14:14:46,REAL,67852201731,601,67852202332,67852202332
2025-06-19 14:14:48,REAL,67852202332,650,67852202982,67852202982
2025-06-19 14:14:50,REAL,67852202982,601,67852203583,67852203583
2025-06-19 14:14:52,REAL,67852203583,655,67852204238,67852204238
2025-06-19 14:14:54,REAL,67852204238,544,67852204782,67852204782
2025-06-19 14:14:56,REAL,67852204782,536,67852205318,67852205318
2025-06-19 14:14:58,REAL,67852205318,532,67852205850,67852205850
2025-06-19 14:15:00,REAL,67852205850,622,67852206472,67852206472
2025-06-19 14:15:02,REAL,67852206472,542,67852207014,67852207014
2025-06-19 14:15:04,REAL,67852207014,538,67852207552,67852207552
2025-06-19 14:15:06,REAL,67852207552,539,67852208091,67852208091
2025-06-19 14:15:08,REAL,67852208091,597,67852208688,67852208688
2025-06-19 14:15:10,REAL,67852208688,545,67852209233,67852209233
2025-06-19 14:15:12,REAL,67852209233,544,67852209777,67852209777
2025-06-19 14:15:14,REAL,67852209777,593,67852210370,67852210370
2025-06-19 14:15:16,REAL,67852210370,623,67852210993,67852210993
2025-06-19 14:15:18,REAL,67852210993,531,67852211524,67852211524
2025-06-19 14:15:20,REAL,67852211524,539,67852212063,67852212063
2025-06-19 14:15:22,REAL,67852212063,534,67852212597,67852212597
2025-06-19 14:15:24,REAL,67852212597,597,67852213194,67852213194
2025-06-19 14:15:26,REAL,67852213194,596,67852213790,67852213790
2025-06-19 14:15:28,REAL,67852213790,596,67852214386,67852214386
2025-06-19 14:15:30,REAL,67852214386,680,67852215066,67852215066
2025-06-19 14:15:32,REAL,67852215066,603,67852215669,67852215669
2025-06-19 14:15:34,REAL,67852215669,546,67852216215,67852216215
2025-06-19 14:15:36,REAL,67852216215,538,67852216753,67852216753
2025-06-19 14:15:38,REAL,67852216753,546,67852217299,67852217299
2025-06-19 14:15:40,REAL,67852217299,541,67852217840,67852217840
2025-06-19 14:15:42,REAL,67852217840,540,67852218380,67852218380
2025-06-19 14:15:44,REAL,67852218380,540,67852218920,67852218920
2025-06-19 14:15:46,REAL,67852218920,68433,67852287353,67852287353
2025-06-19 14:15:48,REAL,67852287353,177127,67852464480,67852464480
2025-06-19 14:15:50,REAL,67852464480,29206,67852493686,67852493686
2025-06-19 14:15:52,REAL,67852493686,29533,67852523219,67852523219
2025-06-19 14:15:54,REAL,67852523219,29153,67852552372,67852552372
2025-06-19 14:15:56,REAL,67852552372,29090,67852581462,67852581462
2025-06-19 14:15:58,REAL,67852581462,29199,67852610661,67852610661
2025-06-19 14:16:00,REAL,67852610661,29276,67852639937,67852639937
2025-06-19 14:16:02,REAL,67852639937,7241,67852647178,67852647178
2025-06-19 14:16:04,REAL,67852647178,596,67852647774,67852647774
2025-06-19 14:16:06,REAL,67852647774,603,67852648377,67852648377
2025-06-19 14:16:08,REAL,67852648377,209458,67852857835,67852857835
2025-06-19 14:16:10,REAL,67852857835,68107,67852925942,67852925942
2025-06-19 14:16:12,REAL,67852925942,29463,67852955405,67852955405
2025-06-19 14:16:14,REAL,67852955405,29147,67852984552,67852984552
2025-06-19 14:16:16,REAL,67852984552,29419,67853013971,67853013971
2025-06-19 14:16:18,REAL,67853013971,29350,67853043321,67853043321
2025-06-19 14:16:20,REAL,67853043321,29257,67853072578,67853072578
2025-06-19 14:16:22,REAL,67853072578,20831,67853093409,67853093409
2025-06-19 14:16:24,REAL,67853093409,543,67853093952,67853093952
2025-06-19 14:16:26,REAL,67853093952,536,67853094488,67853094488
2025-06-19 14:16:28,REAL,67853094488,539,67853095027,67853095027
2025-06-19 14:16:30,REAL,67853095027,612,67853095639,67853095639
2025-06-19 14:16:32,REAL,67853095639,533,67853096172,67853096172
2025-06-19 14:16:34,REAL,67853096172,534,67853096706,67853096706
2025-06-19 14:16:36,REAL,67853096706,543,67853097249,67853097249
2025-06-19 14:16:38,REAL,67853097249,608,67853097857,67853097857
2025-06-19 14:16:40,REAL,67853097857,602,67853098459,67853098459
2025-06-19 14:16:42,REAL,67853098459,543,67853099002,67853099002
2025-06-19 14:16:44,REAL,67853099002,549,67853099551,67853099551
2025-06-19 14:16:46,REAL,67853099551,620,67853100171,67853100171
2025-06-19 14:16:48,REAL,67853100171,602,67853100773,67853100773
2025-06-19 14:16:50,REAL,67853100773,614,67853101387,67853101387
2025-06-19 14:16:52,REAL,67853101387,545,67853101932,67853101932
2025-06-19 14:16:54,REAL,67853101932,599,67853102531,67853102531
2025-06-19 14:16:56,REAL,67853102531,605,67853103136,67853103136
2025-06-19 14:16:58,REAL,67853103136,594,67853103730,67853103730
2025-06-19 14:17:00,REAL,67853103730,672,67853104402,67853104402
2025-06-19 14:17:02,REAL,67853104402,533,67853104935,67853104935
2025-06-19 14:17:04,REAL,67853104935,535,67853105470,67853105470
2025-06-19 14:17:06,REAL,67853105470,544,67853106014,67853106014
2025-06-19 14:17:08,REAL,67853106014,544,67853106558,67853106558
2025-06-19 14:17:10,REAL,67853106558,542,67853107100,67853107100
2025-06-19 14:17:12,REAL,67853107100,539,67853107639,67853107639
2025-06-19 14:17:14,REAL,67853107639,549,67853108188,67853108188
2025-06-19 14:17:16,REAL,67853108188,108931,67853217119,67853217119
2025-06-19 14:17:18,REAL,67853217119,141981,67853359100,67853359100
2025-06-19 14:17:20,REAL,67853359100,28876,67853387976,67853387976
2025-06-19 14:17:22,REAL,67853387976,29682,67853417658,67853417658
2025-06-19 14:17:24,REAL,67853417658,29356,67853447014,67853447014
2025-06-19 14:17:26,REAL,67853447014,29592,67853476606,67853476606
2025-06-19 14:17:28,REAL,67853476606,29558,67853506164,67853506164
2025-06-19 14:17:30,REAL,67853506164,29758,67853535922,67853535922
2025-06-19 14:17:32,REAL,67853535922,2803,67853538725,67853538725
2025-06-19 14:17:34,REAL,67853538725,547,67853539272,67853539272
2025-06-19 14:17:36,REAL,67853539272,547,67853539819,67853539819
2025-06-19 14:17:38,REAL,67853539819,546,67853540365,67853540365
2025-06-19 14:17:40,REAL,67853540365,539,67853540904,67853540904
2025-06-19 14:17:42,REAL,67853540904,538,67853541442,67853541442
2025-06-19 14:17:44,REAL,67853541442,534,67853541976,67853541976
2025-06-19 14:17:46,REAL,67853541976,613,67853542589,67853542589
2025-06-19 14:17:48,REAL,67853542589,118623,67853661212,67853661212
2025-06-19 14:17:50,REAL,67853661212,159700,67853820912,67853820912
2025-06-19 14:17:52,REAL,67853820912,29054,67853849966,67853849966
2025-06-19 14:17:54,REAL,67853849966,28956,67853878922,67853878922
2025-06-19 14:17:56,REAL,67853878922,28952,67853907874,67853907874
2025-06-19 14:17:58,REAL,67853907874,29339,67853937213,67853937213
2025-06-19 14:18:00,REAL,67853937213,29012,67853966225,67853966225
2025-06-19 14:18:02,REAL,67853966225,28986,67853995211,67853995211
2025-06-19 14:18:04,REAL,67853995211,866,67853996077,67853996077
2025-06-19 14:18:06,REAL,67853996077,605,67853996682,67853996682
2025-06-19 14:18:08,REAL,67853996682,534,67853997216,67853997216
2025-06-19 14:18:10,REAL,67853997216,542,67853997758,67853997758
2025-06-19 14:18:12,REAL,67853997758,538,67853998296,67853998296
2025-06-19 14:18:14,REAL,67853998296,531,67853998827,67853998827
2025-06-19 14:18:16,REAL,67853998827,619,67853999446,67853999446
2025-06-19 14:18:18,REAL,67853999446,532,67853999978,67853999978
2025-06-19 14:18:20,REAL,67853999978,167392,67854167370,67854167370
2025-06-19 14:18:22,REAL,67854167370,139856,67854307226,67854307226
2025-06-19 14:18:24,REAL,67854307226,29116,67854336342,67854336342
2025-06-19 14:18:26,REAL,67854336342,29341,67854365683,67854365683
2025-06-19 14:18:28,REAL,67854365683,29303,67854394986,67854394986
2025-06-19 14:18:30,REAL,67854394986,31653,67854426639,67854426639
2025-06-19 14:18:32,REAL,67854426639,26078,67854452717,67854452717
2025-06-19 14:18:34,REAL,67854452717,27088,67854479805,67854479805
2025-06-19 14:18:36,REAL,67854479805,543,67854480348,67854480348
2025-06-19 14:18:38,REAL,67854480348,539,67854480887,67854480887
2025-06-19 14:18:40,REAL,67854480887,543,67854481430,67854481430
2025-06-19 14:18:42,REAL,67854481430,538,67854481968,67854481968
2025-06-19 14:18:44,REAL,67854481968,602,67854482570,67854482570
2025-06-19 14:18:46,REAL,67854482570,614,67854483184,67854483184
2025-06-19 14:18:48,REAL,67854483184,539,67854483723,67854483723
2025-06-19 14:18:50,REAL,67854483723,590,67854484313,67854484313
2025-06-19 14:18:52,REAL,67854484313,535,67854484848,67854484848
2025-06-19 14:18:54,REAL,67854484848,539,67854485387,67854485387
2025-06-19 14:18:56,REAL,67854485387,544,67854485931,67854485931
2025-06-19 14:18:58,REAL,67854485931,539,67854486470,67854486470
2025-06-19 14:19:00,REAL,67854486470,543,67854487013,67854487013
2025-06-19 14:19:02,REAL,67854487013,612,67854487625,67854487625
2025-06-19 14:19:04,REAL,67854487625,534,67854488159,67854488159
2025-06-19 14:19:06,REAL,67854488159,657,67854488816,67854488816
2025-06-19 14:19:08,REAL,67854488816,541,67854489357,67854489357
2025-06-19 14:19:10,REAL,67854489357,536,67854489893,67854489893
2025-06-19 14:19:12,REAL,67854489893,538,67854490431,67854490431
2025-06-19 14:19:14,REAL,67854490431,543,67854490974,67854490974
2025-06-19 14:19:16,REAL,67854490974,619,67854491593,67854491593
2025-06-19 14:19:18,REAL,67854491593,541,67854492134,67854492134
2025-06-19 14:19:20,REAL,67854492134,541,67854492675,67854492675
2025-06-19 14:19:22,REAL,67854492675,663,67854493338,67854493338
2025-06-19 14:19:24,REAL,67854493338,598,67854493936,67854493936
2025-06-19 14:19:26,REAL,67854493936,591,67854494527,67854494527
2025-06-19 14:19:28,REAL,67854494527,602,67854495129,67854495129
2025-06-19 14:19:30,REAL,67854495129,550,67854495679,67854495679
2025-06-19 14:19:32,REAL,67854495679,607,67854496286,67854496286
2025-06-19 14:19:34,REAL,67854496286,545,67854496831,67854496831
2025-06-19 14:19:36,REAL,67854496831,535,67854497366,67854497366
2025-06-19 14:19:38,REAL,67854497366,541,67854497907,67854497907
2025-06-19 14:19:40,REAL,67854497907,546,67854498453,67854498453
2025-06-19 14:19:42,REAL,67854498453,542,67854498995,67854498995
2025-06-19 14:19:44,REAL,67854498995,669,67854499664,67854499664
2025-06-19 14:19:46,REAL,67854499664,677,67854500341,67854500341
2025-06-19 14:19:48,REAL,67854500341,592,67854500933,67854500933
2025-06-19 14:19:50,REAL,67854500933,595,67854501528,67854501528
2025-06-19 14:19:52,REAL,67854501528,545,67854502073,67854502073
2025-06-19 14:19:54,REAL,67854502073,549,67854502622,67854502622
2025-06-19 14:19:56,REAL,67854502622,537,67854503159,67854503159
2025-06-19 14:19:58,REAL,67854503159,597,67854503756,67854503756
2025-06-19 14:20:00,REAL,67854503756,543,67854504299,67854504299
2025-06-19 14:20:02,REAL,67854504299,611,67854504910,67854504910
2025-06-19 14:20:04,REAL,67854504910,599,67854505509,67854505509
2025-06-19 14:20:06,REAL,67854505509,208068,67854713577,67854713577
2025-06-19 14:20:08,REAL,67854713577,76797,67854790374,67854790374
2025-06-19 14:20:10,REAL,67854790374,29658,67854820032,67854820032
2025-06-19 14:20:12,REAL,67854820032,29193,67854849225,67854849225
2025-06-19 14:20:14,REAL,67854849225,28810,67854878035,67854878035
2025-06-19 14:20:16,REAL,67854878035,28861,67854906896,67854906896
2025-06-19 14:20:18,REAL,67854906896,28872,67854935768,67854935768
2025-06-19 14:20:20,REAL,67854935768,22452,67854958220,67854958220
2025-06-19 14:20:22,REAL,67854958220,542,67854958762,67854958762
2025-06-19 14:20:24,REAL,67854958762,543,67854959305,67854959305
2025-06-19 14:20:26,REAL,67854959305,546,67854959851,67854959851
2025-06-19 14:20:28,REAL,67854959851,538,67854960389,67854960389
2025-06-19 14:20:30,REAL,67854960389,536,67854960925,67854960925
2025-06-19 14:20:32,REAL,67854960925,613,67854961538,67854961538
2025-06-19 14:20:34,REAL,67854961538,602,67854962140,67854962140
2025-06-19 14:20:36,REAL,67854962140,596,67854962736,67854962736
2025-06-19 14:20:38,REAL,67854962736,549,67854963285,67854963285
2025-06-19 14:20:40,REAL,67854963285,541,67854963826,67854963826
2025-06-19 14:20:42,REAL,67854963826,533,67854964359,67854964359
2025-06-19 14:20:44,REAL,67854964359,533,67854964892,67854964892
2025-06-19 14:20:46,REAL,67854964892,609,67854965501,67854965501
2025-06-19 14:20:48,REAL,67854965501,538,67854966039,67854966039
2025-06-19 14:20:50,REAL,67854966039,596,67854966635,67854966635
2025-06-19 14:20:52,REAL,67854966635,598,67854967233,67854967233
2025-06-19 14:20:54,REAL,67854967233,539,67854967772,67854967772
2025-06-19 14:20:56,REAL,67854967772,544,67854968316,67854968316
2025-06-19 14:20:58,REAL,67854968316,547,67854968863,67854968863
2025-06-19 14:21:00,REAL,67854968863,540,67854969403,67854969403
2025-06-19 14:21:02,REAL,67854969403,618,67854970021,67854970021
2025-06-19 14:21:04,REAL,67854970021,542,67854970563,67854970563
2025-06-19 14:21:06,REAL,67854970563,541,67854971104,67854971104
2025-06-19 14:21:08,REAL,67854971104,594,67854971698,67854971698
2025-06-19 14:21:10,REAL,67854971698,241010,67855212708,67855212708
2025-06-19 14:21:12,REAL,67855212708,41597,67855254305,67855254305
2025-06-19 14:21:14,REAL,67855254305,29435,67855283740,67855283740
2025-06-19 14:21:16,REAL,67855283740,28971,67855312711,67855312711
2025-06-19 14:21:18,REAL,67855312711,29107,67855341818,67855341818
2025-06-19 14:21:20,REAL,67855341818,28935,67855370753,67855370753
2025-06-19 14:21:22,REAL,67855370753,29005,67855399758,67855399758
2025-06-19 14:21:24,REAL,67855399758,18412,67855418170,67855418170
2025-06-19 14:21:26,REAL,67855418170,541,67855418711,67855418711
2025-06-19 14:21:28,REAL,67855418711,543,67855419254,67855419254
2025-06-19 14:21:30,REAL,67855419254,539,67855419793,67855419793
2025-06-19 14:21:32,REAL,67855419793,620,67855420413,67855420413
2025-06-19 14:21:34,REAL,67855420413,540,67855420953,67855420953
2025-06-19 14:21:36,REAL,67855420953,541,67855421494,67855421494
2025-06-19 14:21:38,REAL,67855421494,545,67855422039,67855422039
2025-06-19 14:21:40,REAL,67855422039,598,67855422637,67855422637
2025-06-19 14:21:42,REAL,67855422637,595,67855423232,67855423232
2025-06-19 14:21:44,REAL,67855423232,594,67855423826,67855423826
2025-06-19 14:21:46,REAL,67855423826,740,67855424566,67855424566
2025-06-19 14:21:48,REAL,67855424566,657,67855425223,67855425223
2025-06-19 14:21:50,REAL,67855425223,597,67855425820,67855425820
2025-06-19 14:21:52,REAL,67855425820,600,67855426420,67855426420
2025-06-19 14:21:54,REAL,67855426420,594,67855427014,67855427014
2025-06-19 14:21:56,REAL,67855427014,664,67855427678,67855427678
2025-06-19 14:21:58,REAL,67855427678,534,67855428212,67855428212
2025-06-19 14:22:00,REAL,67855428212,545,67855428757,67855428757
2025-06-19 14:22:02,REAL,67855428757,615,67855429372,67855429372
2025-06-19 14:22:04,REAL,67855429372,548,67855429920,67855429920
2025-06-19 14:22:06,REAL,67855429920,535,67855430455,67855430455
2025-06-19 14:22:08,REAL,67855430455,548,67855431003,67855431003
2025-06-19 14:22:10,REAL,67855431003,543,67855431546,67855431546
2025-06-19 14:22:12,REAL,67855431546,667,67855432213,67855432213
2025-06-19 14:22:14,REAL,67855432213,601,67855432814,67855432814
2025-06-19 14:22:16,REAL,67855432814,601,67855433415,67855433415
2025-06-19 14:22:18,REAL,67855433415,618,67855434033,67855434033
2025-06-19 14:22:20,REAL,67855434033,543,67855434576,67855434576
2025-06-19 14:22:22,REAL,67855434576,536,67855435112,67855435112
2025-06-19 14:22:24,REAL,67855435112,539,67855435651,67855435651
2025-06-19 14:22:26,REAL,67855435651,594,67855436245,67855436245
2025-06-19 14:22:28,REAL,67855436245,544,67855436789,67855436789
2025-06-19 14:22:30,REAL,67855436789,543,67855437332,67855437332
2025-06-19 14:22:32,REAL,67855437332,667,67855437999,67855437999
2025-06-19 14:22:34,REAL,67855437999,607,67855438606,67855438606
2025-06-19 14:22:36,REAL,67855438606,608,67855439214,67855439214
2025-06-19 14:22:38,REAL,67855439214,361,67855439575,67855439575
2025-06-19 14:22:40,REAL,67855439575,536,67855440111,67855440111
2025-06-19 14:22:42,REAL,67855440111,598,67855440709,67855440709
2025-06-19 14:22:44,REAL,67855440709,537,67855441246,67855441246
2025-06-19 14:22:46,REAL,67855441246,541,67855441787,67855441787
2025-06-19 14:22:48,REAL,67855441787,609,67855442396,67855442396
2025-06-19 14:22:50,REAL,67855442396,540,67855442936,67855442936
2025-06-19 14:22:52,REAL,67855442936,540,67855443476,67855443476
2025-06-19 14:22:54,REAL,67855443476,600,67855444076,67855444076
2025-06-19 14:22:56,REAL,67855444076,543,67855444619,67855444619
2025-06-19 14:22:58,REAL,67855444619,533,67855445152,67855445152
2025-06-19 14:23:00,REAL,67855445152,534,67855445686,67855445686
2025-06-19 14:23:02,REAL,67855445686,609,67855446295,67855446295
2025-06-19 14:23:04,REAL,67855446295,601,67855446896,67855446896
2025-06-19 14:23:06,REAL,67855446896,547,67855447443,67855447443
2025-06-19 14:23:08,REAL,67855447443,533,67855447976,67855447976
2025-06-19 14:23:10,REAL,67855447976,716,67855448692,67855448692
2025-06-19 14:23:12,REAL,67855448692,601,67855449293,67855449293
2025-06-19 14:23:14,REAL,67855449293,597,67855449890,67855449890
2025-06-19 14:23:16,REAL,67855449890,539,67855450429,67855450429
2025-06-19 14:23:18,REAL,67855450429,615,67855451044,67855451044
2025-06-19 14:23:20,REAL,67855451044,540,67855451584,67855451584
2025-06-19 14:23:22,REAL,67855451584,539,67855452123,67855452123
2025-06-19 14:23:24,REAL,67855452123,540,67855452663,67855452663
2025-06-19 14:23:26,REAL,67855452663,543,67855453206,67855453206
2025-06-19 14:23:28,REAL,67855453206,541,67855453747,67855453747
2025-06-19 14:23:30,REAL,67855453747,663,67855454410,67855454410
2025-06-19 14:23:32,REAL,67855454410,668,67855455078,67855455078
2025-06-19 14:23:34,REAL,67855455078,602,67855455680,67855455680
2025-06-19 14:23:36,REAL,67855455680,652,67855456332,67855456332
2025-06-19 14:23:38,REAL,67855456332,600,67855456932,67855456932
2025-06-19 14:23:40,REAL,67855456932,597,67855457529,67855457529
2025-06-19 14:23:42,REAL,67855457529,603,67855458132,67855458132
2025-06-19 14:23:44,REAL,67855458132,546,67855458678,67855458678
2025-06-19 14:23:46,REAL,67855458678,540,67855459218,67855459218
2025-06-19 14:23:48,REAL,67855459218,615,67855459833,67855459833
2025-06-19 14:23:50,REAL,67855459833,548,67855460381,67855460381
2025-06-19 14:23:52,REAL,67855460381,548,67855460929,67855460929
2025-06-19 14:23:54,REAL,67855460929,539,67855461468,67855461468
2025-06-19 14:23:56,REAL,67855461468,594,67855462062,67855462062
2025-06-19 14:23:58,REAL,67855462062,536,67855462598,67855462598
2025-06-19 14:24:00,REAL,67855462598,546,67855463144,67855463144
2025-06-19 14:24:02,REAL,67855463144,603,67855463747,67855463747
2025-06-19 14:24:04,REAL,67855463747,613,67855464360,67855464360
2025-06-19 14:24:06,REAL,67855464360,539,67855464899,67855464899
2025-06-19 14:24:08,REAL,67855464899,540,67855465439,67855465439
2025-06-19 14:24:10,REAL,67855465439,550,67855465989,67855465989
2025-06-19 14:24:12,REAL,67855465989,601,67855466590,67855466590
2025-06-19 14:24:14,REAL,67855466590,544,67855467134,67855467134
2025-06-19 14:24:16,REAL,67855467134,542,67855467676,67855467676
2025-06-19 14:24:18,REAL,67855467676,613,67855468289,67855468289
2025-06-19 14:24:20,REAL,67855468289,540,67855468829,67855468829
2025-06-19 14:24:22,REAL,67855468829,594,67855469423,67855469423
2025-06-19 14:24:24,REAL,67855469423,539,67855469962,67855469962
2025-06-19 14:24:26,REAL,67855469962,539,67855470501,67855470501
2025-06-19 14:24:28,REAL,67855470501,651,67855471152,67855471152
2025-06-19 14:24:30,REAL,67855471152,531,67855471683,67855471683
2025-06-19 14:24:32,REAL,67855471683,534,67855472217,67855472217
2025-06-19 14:24:34,REAL,67855472217,616,67855472833,67855472833
2025-06-19 14:24:36,REAL,67855472833,548,67855473381,67855473381
2025-06-19 14:24:38,REAL,67855473381,540,67855473921,67855473921
2025-06-19 14:24:40,REAL,67855473921,545,67855474466,67855474466
2025-06-19 14:24:42,REAL,67855474466,539,67855475005,67855475005
2025-06-19 14:24:44,REAL,67855475005,667,67855475672,67855475672
2025-06-19 14:24:46,REAL,67855475672,602,67855476274,67855476274
2025-06-19 14:24:48,REAL,67855476274,674,67855476948,67855476948
2025-06-19 14:24:50,REAL,67855476948,543,67855477491,67855477491
2025-06-19 14:24:52,REAL,67855477491,532,67855478023,67855478023
2025-06-19 14:24:54,REAL,67855478023,538,67855478561,67855478561
2025-06-19 14:24:56,REAL,67855478561,599,67855479160,67855479160
2025-06-19 14:24:58,REAL,67855479160,531,67855479691,67855479691
2025-06-19 14:25:00,REAL,67855479691,597,67855480288,67855480288
2025-06-19 14:25:02,REAL,67855480288,537,67855480825,67855480825
2025-06-19 14:25:04,REAL,67855480825,676,67855481501,67855481501
2025-06-19 14:25:06,REAL,67855481501,599,67855482100,67855482100
2025-06-19 14:25:08,REAL,67855482100,594,67855482694,67855482694
2025-06-19 14:25:10,REAL,67855482694,57417,67855540111,67855540111
2025-06-19 14:25:12,REAL,67855540111,200598,67855740709,67855740709
2025-06-19 14:25:14,REAL,67855740709,29004,67855769713,67855769713
2025-06-19 14:25:16,REAL,67855769713,28770,67855798483,67855798483
2025-06-19 14:25:18,REAL,67855798483,29528,67855828011,67855828011
2025-06-19 14:25:20,REAL,67855828011,29403,67855857414,67855857414
2025-06-19 14:25:22,REAL,67855857414,29094,67855886508,67855886508
2025-06-19 14:25:24,REAL,67855886508,29385,67855915893,67855915893
2025-06-19 14:25:26,REAL,67855915893,7946,67855923839,67855923839
2025-06-19 14:25:28,REAL,67855923839,533,67855924372,67855924372
2025-06-19 14:25:30,REAL,67855924372,546,67855924918,67855924918
2025-06-19 14:25:32,REAL,67855924918,542,67855925460,67855925460
2025-06-19 14:25:34,REAL,67855925460,860,67855926320,67855926320
2025-06-19 14:25:36,REAL,67855926320,351,67855926671,67855926671
2025-06-19 14:25:38,REAL,67855926671,530,67855927201,67855927201
2025-06-19 14:25:40,REAL,67855927201,592,67855927793,67855927793
2025-06-19 14:25:42,REAL,67855927793,64375,67855992168,67855992168
2025-06-19 14:25:44,REAL,67855992168,210291,67856202459,67856202459
2025-06-19 14:25:46,REAL,67856202459,29767,67856232226,67856232226
2025-06-19 14:25:48,REAL,67856232226,29073,67856261299,67856261299
2025-06-19 14:25:50,REAL,67856261299,29100,67856290399,67856290399
2025-06-19 14:25:52,REAL,67856290399,29135,67856319534,67856319534
2025-06-19 14:25:54,REAL,67856319534,29079,67856348613,67856348613
2025-06-19 14:25:56,REAL,67856348613,29510,67856378123,67856378123
2025-06-19 14:25:58,REAL,67856378123,6166,67856384289,67856384289
2025-06-19 14:26:00,REAL,67856384289,597,67856384886,67856384886
2025-06-19 14:26:02,REAL,67856384886,598,67856385484,67856385484
2025-06-19 14:26:04,REAL,67856385484,606,67856386090,67856386090
2025-06-19 14:26:06,REAL,67856386090,539,67856386629,67856386629
2025-06-19 14:26:08,REAL,67856386629,599,67856387228,67856387228
2025-06-19 14:26:10,REAL,67856387228,540,67856387768,67856387768
2025-06-19 14:26:12,REAL,67856387768,539,67856388307,67856388307
2025-06-19 14:26:14,REAL,67856388307,544,67856388851,67856388851
2025-06-19 14:26:16,REAL,67856388851,541,67856389392,67856389392
2025-06-19 14:26:18,REAL,67856389392,733,67856390125,67856390125
2025-06-19 14:26:20,REAL,67856390125,548,67856390673,67856390673
2025-06-19 14:26:22,REAL,67856390673,531,67856391204,67856391204
2025-06-19 14:26:24,REAL,67856391204,545,67856391749,67856391749
2025-06-19 14:26:26,REAL,67856391749,540,67856392289,67856392289
2025-06-19 14:26:28,REAL,67856392289,534,67856392823,67856392823
2025-06-19 14:26:30,REAL,67856392823,532,67856393355,67856393355
2025-06-19 14:26:32,REAL,67856393355,542,67856393897,67856393897
2025-06-19 14:26:34,REAL,67856393897,737,67856394634,67856394634
2025-06-19 14:26:36,REAL,67856394634,541,67856395175,67856395175
2025-06-19 14:26:38,REAL,67856395175,545,67856395720,67856395720
2025-06-19 14:26:40,REAL,67856395720,539,67856396259,67856396259
2025-06-19 14:26:42,REAL,67856396259,536,67856396795,67856396795
2025-06-19 14:26:44,REAL,67856396795,543,67856397338,67856397338
2025-06-19 14:26:46,REAL,67856397338,538,67856397876,67856397876
2025-06-19 14:26:48,REAL,67856397876,617,67856398493,67856398493
2025-06-19 14:26:50,REAL,67856398493,600,67856399093,67856399093
2025-06-19 14:26:52,REAL,67856399093,538,67856399631,67856399631
2025-06-19 14:26:54,REAL,67856399631,544,67856400175,67856400175
2025-06-19 14:26:56,REAL,67856400175,544,67856400719,67856400719
2025-06-19 14:26:58,REAL,67856400719,599,67856401318,67856401318
2025-06-19 14:27:00,REAL,67856401318,591,67856401909,67856401909
2025-06-19 14:27:02,REAL,67856401909,535,67856402444,67856402444
2025-06-19 14:27:04,REAL,67856402444,612,67856403056,67856403056
2025-06-19 14:27:06,REAL,67856403056,597,67856403653,67856403653
2025-06-19 14:27:08,REAL,67856403653,257351,67856661004,67856661004
2025-06-19 14:27:10,REAL,67856661004,28701,67856689705,67856689705
2025-06-19 14:27:12,REAL,67856689705,28556,67856718261,67856718261
2025-06-19 14:27:14,REAL,67856718261,29689,67856747950,67856747950
2025-06-19 14:27:16,REAL,67856747950,29220,67856777170,67856777170
2025-06-19 14:27:18,REAL,67856777170,28985,67856806155,67856806155
2025-06-19 14:27:20,REAL,67856806155,29012,67856835167,67856835167
2025-06-19 14:27:22,REAL,67856835167,15906,67856851073,67856851073
2025-06-19 14:27:24,REAL,67856851073,598,67856851671,67856851671
2025-06-19 14:27:26,REAL,67856851671,595,67856852266,67856852266
2025-06-19 14:27:28,REAL,67856852266,121676,67856973942,67856973942
2025-06-19 14:27:30,REAL,67856973942,147952,67857121894,67857121894
2025-06-19 14:27:32,REAL,67857121894,29333,67857151227,67857151227
2025-06-19 14:27:34,REAL,67857151227,29008,67857180235,67857180235
2025-06-19 14:27:36,REAL,67857180235,29764,67857209999,67857209999
2025-06-19 14:27:38,REAL,67857209999,28705,67857238704,67857238704
2025-06-19 14:27:40,REAL,67857238704,28925,67857267629,67857267629
2025-06-19 14:27:42,REAL,67857267629,29158,67857296787,67857296787
2025-06-19 14:27:44,REAL,67857296787,660,67857297447,67857297447
2025-06-19 14:27:46,REAL,67857297447,597,67857298044,67857298044
2025-06-19 14:27:48,REAL,67857298044,608,67857298652,67857298652
2025-06-19 14:27:50,REAL,67857298652,613,67857299265,67857299265
2025-06-19 14:27:52,REAL,67857299265,590,67857299855,67857299855
2025-06-19 14:27:54,REAL,67857299855,542,67857300397,67857300397
2025-06-19 14:27:56,REAL,67857300397,538,67857300935,67857300935
2025-06-19 14:27:58,REAL,67857300935,541,67857301476,67857301476
2025-06-19 14:28:00,REAL,67857301476,541,67857302017,67857302017
2025-06-19 14:28:02,REAL,67857302017,540,67857302557,67857302557
2025-06-19 14:28:04,REAL,67857302557,742,67857303299,67857303299
2025-06-19 14:28:06,REAL,67857303299,532,67857303831,67857303831
2025-06-19 14:28:08,REAL,67857303831,666,67857304497,67857304497
2025-06-19 14:28:10,REAL,67857304497,142046,67857446543,67857446543
2025-06-19 14:28:12,REAL,67857446543,129677,67857576220,67857576220
2025-06-19 14:28:14,REAL,67857576220,28974,67857605194,67857605194
2025-06-19 14:28:16,REAL,67857605194,29295,67857634489,67857634489
2025-06-19 14:28:18,REAL,67857634489,29191,67857663680,67857663680
2025-06-19 14:28:20,REAL,67857663680,29143,67857692823,67857692823
2025-06-19 14:28:22,REAL,67857692823,29101,67857721924,67857721924
2025-06-19 14:28:24,REAL,67857721924,27255,67857749179,67857749179
2025-06-19 14:28:26,REAL,67857749179,535,67857749714,67857749714
2025-06-19 14:28:28,REAL,67857749714,544,67857750258,67857750258
2025-06-19 14:28:30,REAL,67857750258,537,67857750795,67857750795
2025-06-19 14:28:32,REAL,67857750795,538,67857751333,67857751333
2025-06-19 14:28:34,REAL,67857751333,673,67857752006,67857752006
2025-06-19 14:28:36,REAL,67857752006,545,67857752551,67857752551
2025-06-19 14:28:38,REAL,67857752551,542,67857753093,67857753093
2025-06-19 14:28:40,REAL,67857753093,604,67857753697,67857753697
2025-06-19 14:28:42,REAL,67857753697,540,67857754237,67857754237
2025-06-19 14:28:44,REAL,67857754237,591,67857754828,67857754828
2025-06-19 14:28:46,REAL,67857754828,540,67857755368,67857755368
2025-06-19 14:28:48,REAL,67857755368,537,67857755905,67857755905
2025-06-19 14:28:50,REAL,67857755905,622,67857756527,67857756527
2025-06-19 14:28:52,REAL,67857756527,545,67857757072,67857757072
2025-06-19 14:28:54,REAL,67857757072,543,67857757615,67857757615
2025-06-19 14:28:56,REAL,67857757615,598,67857758213,67857758213
2025-06-19 14:28:58,REAL,67857758213,649,67857758862,67857758862
2025-06-19 14:29:00,REAL,67857758862,604,67857759466,67857759466
2025-06-19 14:29:02,REAL,67857759466,658,67857760124,67857760124
2025-06-19 14:29:04,REAL,67857760124,679,67857760803,67857760803
2025-06-19 14:29:06,REAL,67857760803,603,67857761406,67857761406
2025-06-19 14:29:08,REAL,67857761406,538,67857761944,67857761944
2025-06-19 14:29:10,REAL,67857761944,533,67857762477,67857762477
2025-06-19 14:29:12,REAL,67857762477,599,67857763076,67857763076
2025-06-19 14:29:14,REAL,67857763076,542,67857763618,67857763618
2025-06-19 14:29:16,REAL,67857763618,537,67857764155,67857764155
2025-06-19 14:29:18,REAL,67857764155,541,67857764696,67857764696
2025-06-19 14:29:20,REAL,67857764696,608,67857765304,67857765304
2025-06-19 14:29:22,REAL,67857765304,595,67857765899,67857765899
2025-06-19 14:29:24,REAL,67857765899,662,67857766561,67857766561
2025-06-19 14:29:26,REAL,67857766561,601,67857767162,67857767162
2025-06-19 14:29:28,REAL,67857767162,655,67857767817,67857767817
2025-06-19 14:29:30,REAL,67857767817,598,67857768415,67857768415
2025-06-19 14:29:32,REAL,67857768415,601,67857769016,67857769016
2025-06-19 14:29:34,REAL,67857769016,192714,67857961730,67857961730
2025-06-19 14:29:36,REAL,67857961730,97162,67858058892,67858058892
2025-06-19 14:29:38,REAL,67858058892,29120,67858088012,67858088012
2025-06-19 14:29:40,REAL,67858088012,29046,67858117058,67858117058
2025-06-19 14:29:42,REAL,67858117058,29136,67858146194,67858146194
2025-06-19 14:29:44,REAL,67858146194,28904,67858175098,67858175098
2025-06-19 14:29:46,REAL,67858175098,29564,67858204662,67858204662
2025-06-19 14:29:48,REAL,67858204662,23537,67858228199,67858228199
2025-06-19 14:29:50,REAL,67858228199,615,67858228814,67858228814
2025-06-19 14:29:52,REAL,67858228814,538,67858229352,67858229352
2025-06-19 14:29:54,REAL,67858229352,542,67858229894,67858229894
2025-06-19 14:29:56,REAL,67858229894,599,67858230493,67858230493
2025-06-19 14:29:58,REAL,67858230493,546,67858231039,67858231039
2025-06-19 14:30:00,REAL,67858231039,538,67858231577,67858231577
2025-06-19 14:30:02,REAL,67858231577,534,67858232111,67858232111
2025-06-19 14:30:04,REAL,67858232111,682,67858232793,67858232793
2025-06-19 14:30:06,REAL,67858232793,216191,67858448984,67858448984
2025-06-19 14:30:08,REAL,67858448984,69682,67858518666,67858518666
2025-06-19 14:30:10,REAL,67858518666,28733,67858547399,67858547399
2025-06-19 14:30:12,REAL,67858547399,29133,67858576532,67858576532
2025-06-19 14:30:14,REAL,67858576532,29223,67858605755,67858605755
2025-06-19 14:30:16,REAL,67858605755,28689,67858634444,67858634444
2025-06-19 14:30:18,REAL,67858634444,29406,67858663850,67858663850
2025-06-19 14:30:20,REAL,67858663850,21549,67858685399,67858685399
2025-06-19 14:30:22,REAL,67858685399,538,67858685937,67858685937
2025-06-19 14:30:24,REAL,67858685937,537,67858686474,67858686474
2025-06-19 14:30:26,REAL,67858686474,531,67858687005,67858687005
2025-06-19 14:30:28,REAL,67858687005,589,67858687594,67858687594
2025-06-19 14:30:30,REAL,67858687594,539,67858688133,67858688133
2025-06-19 14:30:32,REAL,67858688133,537,67858688670,67858688670
2025-06-19 14:30:34,REAL,67858688670,613,67858689283,67858689283
2025-06-19 14:30:36,REAL,67858689283,657,67858689940,67858689940
2025-06-19 14:30:38,REAL,67858689940,215873,67858905813,67858905813
2025-06-19 14:30:40,REAL,67858905813,53421,67858959234,67858959234
2025-06-19 14:30:42,REAL,67858959234,29397,67858988631,67858988631
2025-06-19 14:30:44,REAL,67858988631,28727,67859017358,67859017358
2025-06-19 14:30:46,REAL,67859017358,29477,67859046835,67859046835
2025-06-19 14:30:48,REAL,67859046835,29087,67859075922,67859075922
2025-06-19 14:30:50,REAL,67859075922,29454,67859105376,67859105376
2025-06-19 14:30:52,REAL,67859105376,19877,67859125253,67859125253
2025-06-19 14:30:54,REAL,67859125253,543,67859125796,67859125796
2025-06-19 14:30:56,REAL,67859125796,535,67859126331,67859126331
2025-06-19 14:30:58,REAL,67859126331,542,67859126873,67859126873
2025-06-19 14:31:00,REAL,67859126873,599,67859127472,67859127472
2025-06-19 14:31:02,REAL,67859127472,536,67859128008,67859128008
2025-06-19 14:31:04,REAL,67859128008,600,67859128608,67859128608
2025-06-19 14:31:06,REAL,67859128608,610,67859129218,67859129218
2025-06-19 14:31:08,REAL,67859129218,598,67859129816,67859129816
2025-06-19 14:31:10,REAL,67859129816,228877,67859358693,67859358693
2025-06-19 14:31:12,REAL,67859358693,45234,67859403927,67859403927
2025-06-19 14:31:14,REAL,67859403927,29405,67859433332,67859433332
2025-06-19 14:31:16,REAL,67859433332,29442,67859462774,67859462774
2025-06-19 14:31:18,REAL,67859462774,29102,67859491876,67859491876
2025-06-19 14:31:20,REAL,67859491876,29079,67859520955,67859520955
2025-06-19 14:31:22,REAL,67859520955,28932,67859549887,67859549887
2025-06-19 14:31:24,REAL,67859549887,18214,67859568101,67859568101
2025-06-19 14:31:26,REAL,67859568101,539,67859568640,67859568640
2025-06-19 14:31:28,REAL,67859568640,543,67859569183,67859569183
2025-06-19 14:31:30,REAL,67859569183,545,67859569728,67859569728
2025-06-19 14:31:32,REAL,67859569728,654,67859570382,67859570382
2025-06-19 14:31:34,REAL,67859570382,537,67859570919,67859570919
2025-06-19 14:31:36,REAL,67859570919,619,67859571538,67859571538
2025-06-19 14:31:38,REAL,67859571538,537,67859572075,67859572075
2025-06-19 14:31:40,REAL,67859572075,606,67859572681,67859572681
2025-06-19 14:31:42,REAL,67859572681,240327,67859813008,67859813008
2025-06-19 14:31:44,REAL,67859813008,29214,67859842222,67859842222
2025-06-19 14:31:46,REAL,67859842222,29105,67859871327,67859871327
2025-06-19 14:31:48,REAL,67859871327,28915,67859900242,67859900242
2025-06-19 14:31:50,REAL,67859900242,29514,67859929756,67859929756
2025-06-19 14:31:52,REAL,67859929756,29046,67859958802,67859958802
2025-06-19 14:31:54,REAL,67859958802,29298,67859988100,67859988100
2025-06-19 14:31:56,REAL,67859988100,16817,67860004917,67860004917
2025-06-19 14:31:58,REAL,67860004917,546,67860005463,67860005463
2025-06-19 14:32:00,REAL,67860005463,596,67860006059,67860006059
2025-06-19 14:32:02,REAL,67860006059,544,67860006603,67860006603
2025-06-19 14:32:04,REAL,67860006603,598,67860007201,67860007201
2025-06-19 14:32:06,REAL,67860007201,615,67860007816,67860007816
2025-06-19 14:32:08,REAL,67860007816,543,67860008359,67860008359
2025-06-19 14:32:10,REAL,67860008359,539,67860008898,67860008898
2025-06-19 14:32:12,REAL,67860008898,607,67860009505,67860009505
2025-06-19 14:32:14,REAL,67860009505,257527,67860267032,67860267032
2025-06-19 14:32:16,REAL,67860267032,28573,67860295605,67860295605
2025-06-19 14:32:18,REAL,67860295605,29062,67860324667,67860324667
2025-06-19 14:32:20,REAL,67860324667,29347,67860354014,67860354014
2025-06-19 14:32:22,REAL,67860354014,28734,67860382748,67860382748
2025-06-19 14:32:24,REAL,67860382748,29355,67860412103,67860412103
2025-06-19 14:32:26,REAL,67860412103,29042,67860441145,67860441145
2025-06-19 14:32:28,REAL,67860441145,14533,67860455678,67860455678
2025-06-19 14:32:30,REAL,67860455678,544,67860456222,67860456222
2025-06-19 14:32:32,REAL,67860456222,549,67860456771,67860456771
2025-06-19 14:32:34,REAL,67860456771,545,67860457316,67860457316
2025-06-19 14:32:36,REAL,67860457316,617,67860457933,67860457933
2025-06-19 14:32:38,REAL,67860457933,546,67860458479,67860458479
2025-06-19 14:32:40,REAL,67860458479,538,67860459017,67860459017
2025-06-19 14:32:42,REAL,67860459017,539,67860459556,67860459556
2025-06-19 14:32:44,REAL,67860459556,6065,67860465621,67860465621
2025-06-19 14:32:46,REAL,67860465621,245838,67860711459,67860711459
2025-06-19 14:32:48,REAL,67860711459,29599,67860741058,67860741058
2025-06-19 14:32:50,REAL,67860741058,29297,67860770355,67860770355
2025-06-19 14:32:52,REAL,67860770355,29042,67860799397,67860799397
2025-06-19 14:32:54,REAL,67860799397,29222,67860828619,67860828619
2025-06-19 14:32:56,REAL,67860828619,29221,67860857840,67860857840
2025-06-19 14:32:58,REAL,67860857840,29492,67860887332,67860887332
2025-06-19 14:33:00,REAL,67860887332,12688,67860900020,67860900020
2025-06-19 14:33:02,REAL,67860900020,603,67860900623,67860900623
2025-06-19 14:33:04,REAL,67860900623,657,67860901280,67860901280
2025-06-19 14:33:06,REAL,67860901280,615,67860901895,67860901895
2025-06-19 14:33:08,REAL,67860901895,548,67860902443,67860902443
2025-06-19 14:33:10,REAL,67860902443,540,67860902983,67860902983
2025-06-19 14:33:12,REAL,67860902983,542,67860903525,67860903525
2025-06-19 14:33:14,REAL,67860903525,538,67860904063,67860904063
2025-06-19 14:33:16,REAL,67860904063,539,67860904602,67860904602
2025-06-19 14:33:18,REAL,67860904602,546,67860905148,67860905148
2025-06-19 14:33:20,REAL,67860905148,594,67860905742,67860905742
2025-06-19 14:33:22,REAL,67860905742,622,67860906364,67860906364
2025-06-19 14:33:24,REAL,67860906364,540,67860906904,67860906904
2025-06-19 14:33:26,REAL,67860906904,543,67860907447,67860907447
2025-06-19 14:33:28,REAL,67860907447,549,67860907996,67860907996
2025-06-19 14:33:30,REAL,67860907996,537,67860908533,67860908533
2025-06-19 14:33:32,REAL,67860908533,543,67860909076,67860909076
2025-06-19 14:33:34,REAL,67860909076,596,67860909672,67860909672
2025-06-19 14:33:36,REAL,67860909672,673,67860910345,67860910345
2025-06-19 14:33:38,REAL,67860910345,602,67860910947,67860910947
2025-06-19 14:33:40,REAL,67860910947,539,67860911486,67860911486
2025-06-19 14:33:42,REAL,67860911486,544,67860912030,67860912030
2025-06-19 14:33:44,REAL,67860912030,542,67860912572,67860912572
2025-06-19 14:33:46,REAL,67860912572,530,67860913102,67860913102
2025-06-19 14:33:48,REAL,67860913102,537,67860913639,67860913639
2025-06-19 14:33:50,REAL,67860913639,540,67860914179,67860914179
2025-06-19 14:33:52,REAL,67860914179,673,67860914852,67860914852
2025-06-19 14:33:54,REAL,67860914852,176345,67861091197,67861091197
2025-06-19 14:33:56,REAL,67861091197,82099,67861173296,67861173296
2025-06-19 14:33:58,REAL,67861173296,29106,67861202402,67861202402
2025-06-19 14:34:00,REAL,67861202402,28903,67861231305,67861231305
2025-06-19 14:34:02,REAL,67861231305,28906,67861260211,67861260211
2025-06-19 14:34:04,REAL,67861260211,28853,67861289064,67861289064
2025-06-19 14:34:06,REAL,67861289064,28727,67861317791,67861317791
2025-06-19 14:34:08,REAL,67861317791,23559,67861341350,67861341350
2025-06-19 14:34:10,REAL,67861341350,540,67861341890,67861341890
2025-06-19 14:34:12,REAL,67861341890,542,67861342432,67861342432
2025-06-19 14:34:14,REAL,67861342432,594,67861343026,67861343026
2025-06-19 14:34:16,REAL,67861343026,537,67861343563,67861343563
2025-06-19 14:34:18,REAL,67861343563,616,67861344179,67861344179
2025-06-19 14:34:20,REAL,67861344179,542,67861344721,67861344721
2025-06-19 14:34:22,REAL,67861344721,616,67861345337,67861345337
2025-06-19 14:34:24,REAL,67861345337,591,67861345928,67861345928
2025-06-19 14:34:26,REAL,67861345928,537,67861346465,67861346465
2025-06-19 14:34:28,REAL,67861346465,548,67861347013,67861347013
2025-06-19 14:34:30,REAL,67861347013,548,67861347561,67861347561
2025-06-19 14:34:32,REAL,67861347561,532,67861348093,67861348093
2025-06-19 14:34:34,REAL,67861348093,542,67861348635,67861348635
2025-06-19 14:34:36,REAL,67861348635,614,67861349249,67861349249
2025-06-19 14:34:38,REAL,67861349249,544,67861349793,67861349793
2025-06-19 14:34:40,REAL,67861349793,604,67861350397,67861350397
2025-06-19 14:34:42,REAL,67861350397,598,67861350995,67861350995
2025-06-19 14:34:44,REAL,67861350995,542,67861351537,67861351537
2025-06-19 14:34:46,REAL,67861351537,545,67861352082,67861352082
2025-06-19 14:34:48,REAL,67861352082,538,67861352620,67861352620
2025-06-19 14:34:50,REAL,67861352620,594,67861353214,67861353214
2025-06-19 14:34:52,REAL,67861353214,618,67861353832,67861353832
2025-06-19 14:34:54,REAL,67861353832,541,67861354373,67861354373
2025-06-19 14:34:56,REAL,67861354373,598,67861354971,67861354971
2025-06-19 14:34:58,REAL,67861354971,538,67861355509,67861355509
2025-06-19 14:35:00,REAL,67861355509,532,67861356041,67861356041
2025-06-19 14:35:02,REAL,67861356041,536,67861356577,67861356577
2025-06-19 14:35:04,REAL,67861356577,541,67861357118,67861357118
2025-06-19 14:35:06,REAL,67861357118,612,67861357730,67861357730
2025-06-19 14:35:08,REAL,67861357730,534,67861358264,67861358264
2025-06-19 14:35:10,REAL,67861358264,545,67861358809,67861358809
2025-06-19 14:35:12,REAL,67861358809,601,67861359410,67861359410
2025-06-19 14:35:14,REAL,67861359410,544,67861359954,67861359954
2025-06-19 14:35:16,REAL,67861359954,540,67861360494,67861360494
2025-06-19 14:35:18,REAL,67861360494,538,67861361032,67861361032
2025-06-19 14:35:20,REAL,67861361032,534,67861361566,67861361566
2025-06-19 14:35:22,REAL,67861361566,617,67861362183,67861362183
2025-06-19 14:35:24,REAL,67861362183,591,67861362774,67861362774
2025-06-19 14:35:26,REAL,67861362774,545,67861363319,67861363319
2025-06-19 14:35:28,REAL,67861363319,602,67861363921,67861363921
2025-06-19 14:35:30,REAL,67861363921,597,67861364518,67861364518
2025-06-19 14:35:32,REAL,67861364518,652,67861365170,67861365170
2025-06-19 14:35:34,REAL,67861365170,92575,67861457745,67861457745
2025-06-19 14:35:36,REAL,67861457745,163554,67861621299,67861621299
2025-06-19 14:35:38,REAL,67861621299,29166,67861650465,67861650465
2025-06-19 14:35:40,REAL,67861650465,29490,67861679955,67861679955
2025-06-19 14:35:42,REAL,67861679955,29298,67861709253,67861709253
2025-06-19 14:35:44,REAL,67861709253,28915,67861738168,67861738168
2025-06-19 14:35:46,REAL,67861738168,29274,67861767442,67861767442
2025-06-19 14:35:48,REAL,67861767442,28436,67861795878,67861795878
2025-06-19 14:35:50,REAL,67861795878,3428,67861799306,67861799306
2025-06-19 14:35:52,REAL,67861799306,616,67861799922,67861799922
2025-06-19 14:35:54,REAL,67861799922,540,67861800462,67861800462
2025-06-19 14:35:56,REAL,67861800462,543,67861801005,67861801005
2025-06-19 14:35:58,REAL,67861801005,539,67861801544,67861801544
2025-06-19 14:36:00,REAL,67861801544,593,67861802137,67861802137
2025-06-19 14:36:02,REAL,67861802137,543,67861802680,67861802680
2025-06-19 14:36:04,REAL,67861802680,540,67861803220,67861803220
2025-06-19 14:36:06,REAL,67861803220,671,67861803891,67861803891
2025-06-19 14:36:08,REAL,67861803891,538,67861804429,67861804429
2025-06-19 14:36:10,REAL,67861804429,550,67861804979,67861804979
2025-06-19 14:36:12,REAL,67861804979,537,67861805516,67861805516
2025-06-19 14:36:14,REAL,67861805516,537,67861806053,67861806053
2025-06-19 14:36:16,REAL,67861806053,545,67861806598,67861806598
2025-06-19 14:36:18,REAL,67861806598,544,67861807142,67861807142
2025-06-19 14:36:20,REAL,67861807142,545,67861807687,67861807687
