timestamp,REAL/FAKE,BASE_BYTES,LOAD_BYTES,FINAL_BYTES,REAL_BYTES
2025-06-18 17:48:48,REAL,2650285976,686,2650286662,2650286662
2025-06-18 17:48:50,REAL,2650286662,487,2650287149,2650287149
2025-06-18 17:48:52,REAL,2650287149,485,2650287634,2650287634
2025-06-18 17:48:54,REAL,2650287634,480,2650288114,2650288114
2025-06-18 17:48:56,REAL,2650288114,481,2650288595,2650288595
2025-06-18 17:48:58,REAL,2650288595,485,2650289080,2650289080
2025-06-18 17:49:00,REAL,2650289080,490,2650289570,2650289570
2025-06-18 17:49:02,REAL,2650289570,475,2650290045,2650290045
2025-06-18 17:49:04,REAL,2650290045,485,2650290530,2650290530
2025-06-18 17:49:06,REAL,2650290530,11054,2650301584,2650301584
2025-06-18 17:49:08,REAL,2650301584,10450,2650312034,2650312034
2025-06-18 17:49:10,REAL,2650312034,10321,2650322355,2650322355
2025-06-18 17:49:12,REAL,2650322355,10252,2650332607,2650332607
2025-06-18 17:49:14,REAL,2650332607,10245,2650342852,2650342852
2025-06-18 17:49:16,REAL,2650342852,10258,2650353110,2650353110
2025-06-18 17:49:18,REAL,2650353110,10244,2650363354,2650363354
2025-06-18 17:49:20,REAL,2650363354,6552,2650369906,2650369906
2025-06-18 17:49:22,REAL,2650369906,487,2650370393,2650370393
2025-06-18 17:49:24,REAL,2650370393,488,2650370881,2650370881
2025-06-18 17:49:26,REAL,2650370881,478,2650371359,2650371359
2025-06-18 17:49:28,REAL,2650371359,489,2650371848,2650371848
2025-06-18 17:49:30,REAL,2650371848,481,2650372329,2650372329
2025-06-18 17:49:32,REAL,2650372329,477,2650372806,2650372806
2025-06-18 17:49:34,REAL,2650372806,491,2650373297,2650373297
2025-06-18 17:49:36,REAL,2650373297,485,2650373782,2650373782
2025-06-18 17:49:38,REAL,2650373782,543,2650374325,2650374325
2025-06-18 17:49:40,REAL,2650374325,483,2650374808,2650374808
2025-06-18 17:49:42,REAL,2650374808,479,2650375287,2650375287
2025-06-18 17:49:44,REAL,2650375287,484,2650375771,2650375771
2025-06-18 17:49:46,REAL,2650375771,483,2650376254,2650376254
2025-06-18 17:49:48,REAL,2650376254,536,2650376790,2650376790
2025-06-18 17:49:50,REAL,2650376790,486,2650377276,2650377276
2025-06-18 17:49:52,REAL,2650377276,481,2650377757,2650377757
2025-06-18 17:49:54,REAL,2650377757,485,2650378242,2650378242
2025-06-18 17:49:56,REAL,2650378242,480,2650378722,2650378722
2025-06-18 17:49:58,REAL,2650378722,484,2650379206,2650379206
2025-06-18 17:50:00,REAL,2650379206,486,2650379692,2650379692
2025-06-18 17:50:02,REAL,2650379692,485,2650380177,2650380177
2025-06-18 17:50:04,REAL,2650380177,483,2650380660,2650380660
2025-06-18 17:50:06,REAL,2650380660,479,2650381139,2650381139
2025-06-18 17:50:08,REAL,2650381139,478,2650381617,2650381617
2025-06-18 17:50:10,REAL,2650381617,12175,2650393792,2650393792
2025-06-18 17:50:12,REAL,2650393792,10259,2650404051,2650404051
2025-06-18 17:50:14,REAL,2650404051,10253,2650414304,2650414304
2025-06-18 17:50:16,REAL,2650414304,10316,2650424620,2650424620
2025-06-18 17:50:18,REAL,2650424620,10253,2650434873,2650434873
2025-06-18 17:50:20,REAL,2650434873,10244,2650445117,2650445117
2025-06-18 17:50:22,REAL,2650445117,10325,2650455442,2650455442
2025-06-18 17:50:24,REAL,2650455442,5244,2650460686,2650460686
2025-06-18 17:50:26,REAL,2650460686,539,2650461225,2650461225
2025-06-18 17:50:28,REAL,2650461225,487,2650461712,2650461712
2025-06-18 17:50:30,REAL,2650461712,489,2650462201,2650462201
2025-06-18 17:50:32,REAL,2650462201,478,2650462679,2650462679
2025-06-18 17:50:34,REAL,2650462679,533,2650463212,2650463212
2025-06-18 17:50:36,REAL,2650463212,489,2650463701,2650463701
2025-06-18 17:50:38,REAL,2650463701,480,2650464181,2650464181
2025-06-18 17:50:40,REAL,2650464181,493,2650464674,2650464674
2025-06-18 17:50:42,REAL,2650464674,482,2650465156,2650465156
2025-06-18 17:50:44,REAL,2650465156,486,2650465642,2650465642
2025-06-18 17:50:46,REAL,2650465642,486,2650466128,2650466128
2025-06-18 17:50:48,REAL,2650466128,487,2650466615,2650466615
2025-06-18 17:50:50,REAL,2650466615,488,2650467103,2650467103
2025-06-18 17:50:52,REAL,2650467103,488,2650467591,2650467591
2025-06-18 17:50:54,REAL,2650467591,486,2650468077,2650468077
2025-06-18 17:50:56,REAL,2650468077,481,2650468558,2650468558
2025-06-18 17:50:58,REAL,2650468558,537,2650469095,2650469095
2025-06-18 17:51:00,REAL,2650469095,489,2650469584,2650469584
2025-06-18 17:51:02,REAL,2650469584,479,2650470063,2650470063
2025-06-18 17:51:04,REAL,2650470063,482,2650470545,2650470545
2025-06-18 17:51:06,REAL,2650470545,481,2650471026,2650471026
2025-06-18 17:51:08,REAL,2650471026,487,2650471513,2650471513
2025-06-18 17:51:10,REAL,2650471513,482,2650471995,2650471995
2025-06-18 17:51:12,REAL,2650471995,486,2650472481,2650472481
2025-06-18 17:51:14,REAL,2650472481,478,2650472959,2650472959
2025-06-18 17:51:16,REAL,2650472959,543,2650473502,2650473502
2025-06-18 17:51:18,REAL,2650473502,483,2650473985,2650473985
2025-06-18 17:51:20,REAL,2650473985,481,2650474466,2650474466
2025-06-18 17:51:22,REAL,2650474466,539,2650475005,2650475005
2025-06-18 17:51:24,REAL,2650475005,488,2650475493,2650475493
2025-06-18 17:51:26,REAL,2650475493,493,2650475986,2650475986
2025-06-18 17:51:28,REAL,2650475986,484,2650476470,2650476470
2025-06-18 17:51:30,REAL,2650476470,491,2650476961,2650476961
2025-06-18 17:51:32,REAL,2650476961,482,2650477443,2650477443
2025-06-18 17:51:34,REAL,2650477443,485,2650477928,2650477928
2025-06-18 17:51:36,REAL,2650477928,540,2650478468,2650478468
2025-06-18 17:51:38,REAL,2650478468,483,2650478951,2650478951
2025-06-18 17:51:40,REAL,2650478951,483,2650479434,2650479434
2025-06-18 17:51:42,REAL,2650479434,474,2650479908,2650479908
2025-06-18 17:51:44,REAL,2650479908,484,2650480392,2650480392
2025-06-18 17:51:46,REAL,2650480392,535,2650480927,2650480927
2025-06-18 17:51:48,REAL,2650480927,485,2650481412,2650481412
2025-06-18 17:51:50,REAL,2650481412,484,2650481896,2650481896
2025-06-18 17:51:52,REAL,2650481896,487,2650482383,2650482383
2025-06-18 17:51:54,REAL,2650482383,485,2650482868,2650482868
2025-06-18 17:51:56,REAL,2650482868,487,2650483355,2650483355
2025-06-18 17:51:58,REAL,2650483355,530,2650483885,2650483885
2025-06-18 17:52:00,REAL,2650483885,3332,2650487217,2650487217
2025-06-18 17:52:02,REAL,2650487217,11962,2650499179,2650499179
2025-06-18 17:52:04,REAL,2650499179,10315,2650509494,2650509494
2025-06-18 17:52:06,REAL,2650509494,10258,2650519752,2650519752
2025-06-18 17:52:08,REAL,2650519752,10257,2650530009,2650530009
2025-06-18 17:52:10,REAL,2650530009,10251,2650540260,2650540260
2025-06-18 17:52:12,REAL,2650540260,10248,2650550508,2650550508
2025-06-18 17:52:14,REAL,2650550508,10257,2650560765,2650560765
2025-06-18 17:52:16,REAL,2650560765,3129,2650563894,2650563894
2025-06-18 17:52:18,REAL,2650563894,539,2650564433,2650564433
2025-06-18 17:52:20,REAL,2650564433,482,2650564915,2650564915
2025-06-18 17:52:22,REAL,2650564915,487,2650565402,2650565402
2025-06-18 17:52:24,REAL,2650565402,537,2650565939,2650565939
2025-06-18 17:52:26,REAL,2650565939,481,2650566420,2650566420
2025-06-18 17:52:28,REAL,2650566420,486,2650566906,2650566906
2025-06-18 17:52:30,REAL,2650566906,487,2650567393,2650567393
2025-06-18 17:52:32,REAL,2650567393,3932,2650571325,2650571325
2025-06-18 17:52:34,REAL,2650571325,11704,2650583029,2650583029
2025-06-18 17:52:36,REAL,2650583029,10255,2650593284,2650593284
2025-06-18 17:52:38,REAL,2650593284,10257,2650603541,2650603541
2025-06-18 17:52:40,REAL,2650603541,10372,2650613913,2650613913
2025-06-18 17:52:42,REAL,2650613913,10252,2650624165,2650624165
2025-06-18 17:52:44,REAL,2650624165,10256,2650634421,2650634421
2025-06-18 17:52:46,REAL,2650634421,10249,2650644670,2650644670
2025-06-18 17:52:48,REAL,2650644670,2469,2650647139,2650647139
2025-06-18 17:52:50,REAL,2650647139,480,2650647619,2650647619
2025-06-18 17:52:52,REAL,2650647619,480,2650648099,2650648099
2025-06-18 17:52:54,REAL,2650648099,482,2650648581,2650648581
2025-06-18 17:52:56,REAL,2650648581,537,2650649118,2650649118
2025-06-18 17:52:58,REAL,2650649118,480,2650649598,2650649598
2025-06-18 17:53:00,REAL,2650649598,486,2650650084,2650650084
2025-06-18 17:53:02,REAL,2650650084,543,2650650627,2650650627
2025-06-18 17:53:04,REAL,2650650627,4518,2650655145,2650655145
2025-06-18 17:53:06,REAL,2650655145,11377,2650666522,2650666522
2025-06-18 17:53:08,REAL,2650666522,10243,2650676765,2650676765
2025-06-18 17:53:10,REAL,2650676765,10325,2650687090,2650687090
2025-06-18 17:53:12,REAL,2650687090,10248,2650697338,2650697338
2025-06-18 17:53:14,REAL,2650697338,10253,2650707591,2650707591
2025-06-18 17:53:16,REAL,2650707591,10319,2650717910,2650717910
2025-06-18 17:53:18,REAL,2650717910,10255,2650728165,2650728165
2025-06-18 17:53:20,REAL,2650728165,1876,2650730041,2650730041
2025-06-18 17:53:22,REAL,2650730041,484,2650730525,2650730525
2025-06-18 17:53:24,REAL,2650730525,540,2650731065,2650731065
2025-06-18 17:53:26,REAL,2650731065,480,2650731545,2650731545
2025-06-18 17:53:28,REAL,2650731545,540,2650732085,2650732085
2025-06-18 17:53:30,REAL,2650732085,483,2650732568,2650732568
2025-06-18 17:53:32,REAL,2650732568,476,2650733044,2650733044
2025-06-18 17:53:34,REAL,2650733044,487,2650733531,2650733531
2025-06-18 17:53:36,REAL,2650733531,5575,2650739106,2650739106
2025-06-18 17:53:38,REAL,2650739106,11175,2650750281,2650750281
2025-06-18 17:53:40,REAL,2650750281,10253,2650760534,2650760534
2025-06-18 17:53:42,REAL,2650760534,10260,2650770794,2650770794
2025-06-18 17:53:44,REAL,2650770794,10325,2650781119,2650781119
2025-06-18 17:53:46,REAL,2650781119,10318,2650791437,2650791437
2025-06-18 17:53:48,REAL,2650791437,10253,2650801690,2650801690
2025-06-18 17:53:50,REAL,2650801690,10253,2650811943,2650811943
2025-06-18 17:53:52,REAL,2650811943,1281,2650813224,2650813224
2025-06-18 17:53:54,REAL,2650813224,493,2650813717,2650813717
2025-06-18 17:53:56,REAL,2650813717,480,2650814197,2650814197
2025-06-18 17:53:58,REAL,2650814197,474,2650814671,2650814671
2025-06-18 17:54:00,REAL,2650814671,536,2650815207,2650815207
2025-06-18 17:54:02,REAL,2650815207,480,2650815687,2650815687
2025-06-18 17:54:04,REAL,2650815687,482,2650816169,2650816169
2025-06-18 17:54:06,REAL,2650816169,479,2650816648,2650816648
2025-06-18 17:54:08,REAL,2650816648,6089,2650822737,2650822737
2025-06-18 17:54:10,REAL,2650822737,11320,2650834057,2650834057
2025-06-18 17:54:12,REAL,2650834057,10323,2650844380,2650844380
2025-06-18 17:54:14,REAL,2650844380,10253,2650854633,2650854633
2025-06-18 17:54:16,REAL,2650854633,10251,2650864884,2650864884
2025-06-18 17:54:18,REAL,2650864884,10318,2650875202,2650875202
2025-06-18 17:54:20,REAL,2650875202,10322,2650885524,2650885524
2025-06-18 17:54:22,REAL,2650885524,10255,2650895779,2650895779
2025-06-18 17:54:24,REAL,2650895779,620,2650896399,2650896399
2025-06-18 17:54:26,REAL,2650896399,483,2650896882,2650896882
2025-06-18 17:54:28,REAL,2650896882,483,2650897365,2650897365
2025-06-18 17:54:30,REAL,2650897365,538,2650897903,2650897903
2025-06-18 17:54:32,REAL,2650897903,488,2650898391,2650898391
2025-06-18 17:54:34,REAL,2650898391,542,2650898933,2650898933
2025-06-18 17:54:36,REAL,2650898933,480,2650899413,2650899413
2025-06-18 17:54:38,REAL,2650899413,480,2650899893,2650899893
2025-06-18 17:54:40,REAL,2650899893,489,2650900382,2650900382
2025-06-18 17:54:42,REAL,2650900382,479,2650900861,2650900861
2025-06-18 17:54:44,REAL,2650900861,485,2650901346,2650901346
2025-06-18 17:54:46,REAL,2650901346,487,2650901833,2650901833
2025-06-18 17:54:48,REAL,2650901833,478,2650902311,2650902311
2025-06-18 17:54:50,REAL,2650902311,483,2650902794,2650902794
2025-06-18 17:54:52,REAL,2650902794,538,2650903332,2650903332
2025-06-18 17:54:54,REAL,2650903332,483,2650903815,2650903815
2025-06-18 17:54:56,REAL,2650903815,477,2650904292,2650904292
2025-06-18 17:54:58,REAL,2650904292,479,2650904771,2650904771
2025-06-18 17:55:00,REAL,2650904771,483,2650905254,2650905254
2025-06-18 17:55:02,REAL,2650905254,479,2650905733,2650905733
2025-06-18 17:55:04,REAL,2650905733,484,2650906217,2650906217
2025-06-18 17:55:06,REAL,2650906217,477,2650906694,2650906694
2025-06-18 17:55:08,REAL,2650906694,489,2650907183,2650907183
2025-06-18 17:55:10,REAL,2650907183,485,2650907668,2650907668
2025-06-18 17:55:12,REAL,2650907668,483,2650908151,2650908151
2025-06-18 17:55:14,REAL,2650908151,589,2650908740,2650908740
2025-06-18 17:55:16,REAL,2650908740,479,2650909219,2650909219
2025-06-18 17:55:18,REAL,2650909219,485,2650909704,2650909704
2025-06-18 17:55:20,REAL,2650909704,484,2650910188,2650910188
2025-06-18 17:55:22,REAL,2650910188,481,2650910669,2650910669
2025-06-18 17:55:24,REAL,2650910669,477,2650911146,2650911146
2025-06-18 17:55:26,REAL,2650911146,476,2650911622,2650911622
2025-06-18 17:55:28,REAL,2650911622,9402,2650921024,2650921024
2025-06-18 17:55:30,REAL,2650921024,11575,2650932599,2650932599
2025-06-18 17:55:32,REAL,2650932599,10258,2650942857,2650942857
2025-06-18 17:55:34,REAL,2650942857,10249,2650953106,2650953106
2025-06-18 17:55:36,REAL,2650953106,10374,2650963480,2650963480
2025-06-18 17:55:38,REAL,2650963480,10244,2650973724,2650973724
2025-06-18 17:55:40,REAL,2650973724,10246,2650983970,2650983970
2025-06-18 17:55:42,REAL,2650983970,8872,2650992842,2650992842
2025-06-18 17:55:44,REAL,2650992842,487,2650993329,2650993329
2025-06-18 17:55:46,REAL,2650993329,487,2650993816,2650993816
2025-06-18 17:55:48,REAL,2650993816,487,2650994303,2650994303
2025-06-18 17:55:50,REAL,2650994303,486,2650994789,2650994789
2025-06-18 17:55:52,REAL,2650994789,482,2650995271,2650995271
2025-06-18 17:55:54,REAL,2650995271,480,2650995751,2650995751
2025-06-18 17:55:56,REAL,2650995751,489,2650996240,2650996240
2025-06-18 17:55:58,REAL,2650996240,535,2650996775,2650996775
2025-06-18 17:56:00,REAL,2650996775,483,2650997258,2650997258
2025-06-18 17:56:02,REAL,2650997258,484,2650997742,2650997742
2025-06-18 17:56:04,REAL,2650997742,485,2650998227,2650998227
2025-06-18 17:56:06,REAL,2650998227,483,2650998710,2650998710
2025-06-18 17:56:08,REAL,2650998710,488,2650999198,2650999198
2025-06-18 17:56:10,REAL,2650999198,547,2650999745,2650999745
2025-06-18 17:56:12,REAL,2650999745,483,2651000228,2651000228
2025-06-18 17:56:14,REAL,2651000228,491,2651000719,2651000719
2025-06-18 17:56:16,REAL,2651000719,487,2651001206,2651001206
2025-06-18 17:56:18,REAL,2651001206,479,2651001685,2651001685
2025-06-18 17:56:20,REAL,2651001685,483,2651002168,2651002168
2025-06-18 17:56:22,REAL,2651002168,488,2651002656,2651002656
2025-06-18 17:56:24,REAL,2651002656,486,2651003142,2651003142
2025-06-18 17:56:26,REAL,2651003142,476,2651003618,2651003618
2025-06-18 17:56:28,REAL,2651003618,490,2651004108,2651004108
2025-06-18 17:56:30,REAL,2651004108,485,2651004593,2651004593
2025-06-18 17:56:32,REAL,2651004593,489,2651005082,2651005082
2025-06-18 17:56:34,REAL,2651005082,540,2651005622,2651005622
2025-06-18 17:56:36,REAL,2651005622,486,2651006108,2651006108
2025-06-18 17:56:38,REAL,2651006108,480,2651006588,2651006588
2025-06-18 17:56:40,REAL,2651006588,485,2651007073,2651007073
2025-06-18 17:56:42,REAL,2651007073,487,2651007560,2651007560
2025-06-18 17:56:44,REAL,2651007560,489,2651008049,2651008049
2025-06-18 17:56:46,REAL,2651008049,479,2651008528,2651008528
2025-06-18 17:56:48,REAL,2651008528,483,2651009011,2651009011
2025-06-18 17:56:50,REAL,2651009011,532,2651009543,2651009543
2025-06-18 17:56:52,REAL,2651009543,485,2651010028,2651010028
2025-06-18 17:56:54,REAL,2651010028,480,2651010508,2651010508
2025-06-18 17:56:56,REAL,2651010508,490,2651010998,2651010998
2025-06-18 17:56:58,REAL,2651010998,481,2651011479,2651011479
2025-06-18 17:57:00,REAL,2651011479,483,2651011962,2651011962
2025-06-18 17:57:02,REAL,2651011962,484,2651012446,2651012446
2025-06-18 17:57:04,REAL,2651012446,10125,2651022571,2651022571
2025-06-18 17:57:06,REAL,2651022571,10520,2651033091,2651033091
2025-06-18 17:57:08,REAL,2651033091,10315,2651043406,2651043406
2025-06-18 17:57:10,REAL,2651043406,10246,2651053652,2651053652
2025-06-18 17:57:12,REAL,2651053652,10371,2651064023,2651064023
2025-06-18 17:57:14,REAL,2651064023,10252,2651074275,2651074275
2025-06-18 17:57:16,REAL,2651074275,10253,2651084528,2651084528
2025-06-18 17:57:18,REAL,2651084528,6711,2651091239,2651091239
2025-06-18 17:57:20,REAL,2651091239,484,2651091723,2651091723
2025-06-18 17:57:22,REAL,2651091723,491,2651092214,2651092214
2025-06-18 17:57:24,REAL,2651092214,493,2651092707,2651092707
2025-06-18 17:57:26,REAL,2651092707,492,2651093199,2651093199
2025-06-18 17:57:28,REAL,2651093199,475,2651093674,2651093674
2025-06-18 17:57:30,REAL,2651093674,486,2651094160,2651094160
2025-06-18 17:57:32,REAL,2651094160,485,2651094645,2651094645
2025-06-18 17:57:34,REAL,2651094645,476,2651095121,2651095121
2025-06-18 17:57:36,REAL,2651095121,485,2651095606,2651095606
2025-06-18 17:57:38,REAL,2651095606,480,2651096086,2651096086
2025-06-18 17:57:40,REAL,2651096086,477,2651096563,2651096563
2025-06-18 17:57:42,REAL,2651096563,491,2651097054,2651097054
2025-06-18 17:57:44,REAL,2651097054,545,2651097599,2651097599
2025-06-18 17:57:46,REAL,2651097599,479,2651098078,2651098078
2025-06-18 17:57:48,REAL,2651098078,479,2651098557,2651098557
2025-06-18 17:57:50,REAL,2651098557,542,2651099099,2651099099
2025-06-18 17:57:52,REAL,2651099099,478,2651099577,2651099577
2025-06-18 17:57:54,REAL,2651099577,490,2651100067,2651100067
2025-06-18 17:57:56,REAL,2651100067,490,2651100557,2651100557
2025-06-18 17:57:58,REAL,2651100557,488,2651101045,2651101045
2025-06-18 17:58:00,REAL,2651101045,489,2651101534,2651101534
2025-06-18 17:58:02,REAL,2651101534,484,2651102018,2651102018
2025-06-18 17:58:04,REAL,2651102018,484,2651102502,2651102502
2025-06-18 17:58:06,REAL,2651102502,485,2651102987,2651102987
2025-06-18 17:58:08,REAL,2651102987,479,2651103466,2651103466
2025-06-18 17:58:10,REAL,2651103466,482,2651103948,2651103948
2025-06-18 17:58:12,REAL,2651103948,488,2651104436,2651104436
2025-06-18 17:58:14,REAL,2651104436,494,2651104930,2651104930
2025-06-18 17:58:16,REAL,2651104930,485,2651105415,2651105415
2025-06-18 17:58:18,REAL,2651105415,480,2651105895,2651105895
2025-06-18 17:58:20,REAL,2651105895,492,2651106387,2651106387
2025-06-18 17:58:22,REAL,2651106387,486,2651106873,2651106873
2025-06-18 17:58:24,REAL,2651106873,481,2651107354,2651107354
2025-06-18 17:58:26,REAL,2651107354,595,2651107949,2651107949
2025-06-18 17:58:28,REAL,2651107949,484,2651108433,2651108433
2025-06-18 17:58:30,REAL,2651108433,488,2651108921,2651108921
2025-06-18 17:58:32,REAL,2651108921,483,2651109404,2651109404
2025-06-18 17:58:34,REAL,2651109404,492,2651109896,2651109896
2025-06-18 17:58:36,REAL,2651109896,481,2651110377,2651110377
2025-06-18 17:58:38,REAL,2651110377,477,2651110854,2651110854
2025-06-18 17:58:40,REAL,2651110854,14941,2651125795,2651125795
2025-06-18 17:58:42,REAL,2651125795,10328,2651136123,2651136123
2025-06-18 17:58:44,REAL,2651136123,10257,2651146380,2651146380
2025-06-18 17:58:46,REAL,2651146380,10259,2651156639,2651156639
2025-06-18 17:58:48,REAL,2651156639,10327,2651166966,2651166966
2025-06-18 17:58:50,REAL,2651166966,10248,2651177214,2651177214
2025-06-18 17:58:52,REAL,2651177214,10321,2651187535,2651187535
2025-06-18 17:58:54,REAL,2651187535,5044,2651192579,2651192579
2025-06-18 17:58:56,REAL,2651192579,489,2651193068,2651193068
2025-06-18 17:58:58,REAL,2651193068,490,2651193558,2651193558
2025-06-18 17:59:00,REAL,2651193558,492,2651194050,2651194050
2025-06-18 17:59:02,REAL,2651194050,550,2651194600,2651194600
2025-06-18 17:59:04,REAL,2651194600,478,2651195078,2651195078
2025-06-18 17:59:06,REAL,2651195078,478,2651195556,2651195556
2025-06-18 17:59:08,REAL,2651195556,486,2651196042,2651196042
2025-06-18 17:59:10,REAL,2651196042,1475,2651197517,2651197517
2025-06-18 17:59:12,REAL,2651197517,12237,2651209754,2651209754
2025-06-18 17:59:14,REAL,2651209754,10251,2651220005,2651220005
2025-06-18 17:59:16,REAL,2651220005,10245,2651230250,2651230250
2025-06-18 17:59:18,REAL,2651230250,10251,2651240501,2651240501
2025-06-18 17:59:20,REAL,2651240501,10246,2651250747,2651250747
2025-06-18 17:59:22,REAL,2651250747,10245,2651260992,2651260992
2025-06-18 17:59:24,REAL,2651260992,10258,2651271250,2651271250
2025-06-18 17:59:26,REAL,2651271250,4439,2651275689,2651275689
2025-06-18 17:59:28,REAL,2651275689,480,2651276169,2651276169
2025-06-18 17:59:30,REAL,2651276169,487,2651276656,2651276656
2025-06-18 17:59:32,REAL,2651276656,490,2651277146,2651277146
2025-06-18 17:59:34,REAL,2651277146,486,2651277632,2651277632
2025-06-18 17:59:36,REAL,2651277632,489,2651278121,2651278121
2025-06-18 17:59:38,REAL,2651278121,491,2651278612,2651278612
2025-06-18 17:59:40,REAL,2651278612,543,2651279155,2651279155
2025-06-18 17:59:42,REAL,2651279155,2410,2651281565,2651281565
2025-06-18 17:59:44,REAL,2651281565,13420,2651294985,2651294985
2025-06-18 17:59:46,REAL,2651294985,10323,2651305308,2651305308
2025-06-18 17:59:48,REAL,2651305308,10249,2651315557,2651315557
2025-06-18 17:59:50,REAL,2651315557,10319,2651325876,2651325876
2025-06-18 17:59:52,REAL,2651325876,10259,2651336135,2651336135
2025-06-18 17:59:54,REAL,2651336135,10250,2651346385,2651346385
2025-06-18 17:59:56,REAL,2651346385,10319,2651356704,2651356704
2025-06-18 17:59:58,REAL,2651356704,3782,2651360486,2651360486
2025-06-18 18:00:00,REAL,2651360486,485,2651360971,2651360971
2025-06-18 18:00:02,REAL,2651360971,487,2651361458,2651361458
2025-06-18 18:00:04,REAL,2651361458,490,2651361948,2651361948
2025-06-18 18:00:06,REAL,2651361948,484,2651362432,2651362432
2025-06-18 18:00:08,REAL,2651362432,485,2651362917,2651362917
2025-06-18 18:00:10,REAL,2651362917,476,2651363393,2651363393
2025-06-18 18:00:12,REAL,2651363393,486,2651363879,2651363879
2025-06-18 18:00:14,REAL,2651363879,2935,2651366814,2651366814
2025-06-18 18:00:16,REAL,2651366814,15119,2651381933,2651381933
2025-06-18 18:00:18,REAL,2651381933,10248,2651392181,2651392181
2025-06-18 18:00:20,REAL,2651392181,10316,2651402497,2651402497
2025-06-18 18:00:22,REAL,2651402497,10256,2651412753,2651412753
2025-06-18 18:00:24,REAL,2651412753,10253,2651423006,2651423006
2025-06-18 18:00:26,REAL,2651423006,10255,2651433261,2651433261
2025-06-18 18:00:28,REAL,2651433261,10323,2651443584,2651443584
2025-06-18 18:00:30,REAL,2651443584,3185,2651446769,2651446769
2025-06-18 18:00:32,REAL,2651446769,489,2651447258,2651447258
2025-06-18 18:00:34,REAL,2651447258,490,2651447748,2651447748
2025-06-18 18:00:36,REAL,2651447748,487,2651448235,2651448235
2025-06-18 18:00:38,REAL,2651448235,488,2651448723,2651448723
2025-06-18 18:00:40,REAL,2651448723,487,2651449210,2651449210
2025-06-18 18:00:42,REAL,2651449210,490,2651449700,2651449700
2025-06-18 18:00:44,REAL,2651449700,487,2651450187,2651450187
2025-06-18 18:00:46,REAL,2651450187,483,2651450670,2651450670
2025-06-18 18:00:48,REAL,2651450670,490,2651451160,2651451160
2025-06-18 18:00:50,REAL,2651451160,480,2651451640,2651451640
2025-06-18 18:00:52,REAL,2651451640,483,2651452123,2651452123
2025-06-18 18:00:54,REAL,2651452123,594,2651452717,2651452717
2025-06-18 18:00:56,REAL,2651452717,479,2651453196,2651453196
2025-06-18 18:00:58,REAL,2651453196,482,2651453678,2651453678
2025-06-18 18:01:00,REAL,2651453678,490,2651454168,2651454168
2025-06-18 18:01:02,REAL,2651454168,489,2651454657,2651454657
2025-06-18 18:01:04,REAL,2651454657,482,2651455139,2651455139
2025-06-18 18:01:06,REAL,2651455139,483,2651455622,2651455622
2025-06-18 18:01:08,REAL,2651455622,488,2651456110,2651456110
2025-06-18 18:01:10,REAL,2651456110,489,2651456599,2651456599
2025-06-18 18:01:12,REAL,2651456599,474,2651457073,2651457073
2025-06-18 18:01:14,REAL,2651457073,478,2651457551,2651457551
2025-06-18 18:01:16,REAL,2651457551,486,2651458037,2651458037
2025-06-18 18:01:18,REAL,2651458037,4651,2651462688,2651462688
2025-06-18 18:01:20,REAL,2651462688,11644,2651474332,2651474332
2025-06-18 18:01:22,REAL,2651474332,10252,2651484584,2651484584
2025-06-18 18:01:24,REAL,2651484584,10245,2651494829,2651494829
2025-06-18 18:01:26,REAL,2651494829,10321,2651505150,2651505150
2025-06-18 18:01:28,REAL,2651505150,10255,2651515405,2651515405
2025-06-18 18:01:30,REAL,2651515405,10257,2651525662,2651525662
2025-06-18 18:01:32,REAL,2651525662,10312,2651535974,2651535974
2025-06-18 18:01:34,REAL,2651535974,1934,2651537908,2651537908
2025-06-18 18:01:36,REAL,2651537908,541,2651538449,2651538449
2025-06-18 18:01:38,REAL,2651538449,482,2651538931,2651538931
2025-06-18 18:01:40,REAL,2651538931,483,2651539414,2651539414
2025-06-18 18:01:42,REAL,2651539414,483,2651539897,2651539897
2025-06-18 18:01:44,REAL,2651539897,485,2651540382,2651540382
2025-06-18 18:01:46,REAL,2651540382,483,2651540865,2651540865
2025-06-18 18:01:48,REAL,2651540865,478,2651541343,2651541343
2025-06-18 18:01:50,REAL,2651541343,491,2651541834,2651541834
2025-06-18 18:01:52,REAL,2651541834,485,2651542319,2651542319
2025-06-18 18:01:54,REAL,2651542319,475,2651542794,2651542794
2025-06-18 18:01:56,REAL,2651542794,485,2651543279,2651543279
2025-06-18 18:01:58,REAL,2651543279,539,2651543818,2651543818
2025-06-18 18:02:00,REAL,2651543818,482,2651544300,2651544300
2025-06-18 18:02:02,REAL,2651544300,485,2651544785,2651544785
2025-06-18 18:02:04,REAL,2651544785,488,2651545273,2651545273
2025-06-18 18:02:06,REAL,2651545273,487,2651545760,2651545760
2025-06-18 18:02:08,REAL,2651545760,485,2651546245,2651546245
2025-06-18 18:02:10,REAL,2651546245,478,2651546723,2651546723
2025-06-18 18:02:12,REAL,2651546723,485,2651547208,2651547208
2025-06-18 18:02:14,REAL,2651547208,484,2651547692,2651547692
2025-06-18 18:02:16,REAL,2651547692,486,2651548178,2651548178
2025-06-18 18:02:18,REAL,2651548178,482,2651548660,2651548660
2025-06-18 18:02:20,REAL,2651548660,538,2651549198,2651549198
2025-06-18 18:02:22,REAL,2651549198,486,2651549684,2651549684
2025-06-18 18:02:24,REAL,2651549684,486,2651550170,2651550170
2025-06-18 18:02:26,REAL,2651550170,489,2651550659,2651550659
2025-06-18 18:02:28,REAL,2651550659,492,2651551151,2651551151
2025-06-18 18:02:30,REAL,2651551151,481,2651551632,2651551632
2025-06-18 18:02:32,REAL,2651551632,485,2651552117,2651552117
2025-06-18 18:02:34,REAL,2651552117,482,2651552599,2651552599
2025-06-18 18:02:36,REAL,2651552599,536,2651553135,2651553135
2025-06-18 18:02:38,REAL,2651553135,482,2651553617,2651553617
2025-06-18 18:02:40,REAL,2651553617,493,2651554110,2651554110
2025-06-18 18:02:42,REAL,2651554110,482,2651554592,2651554592
2025-06-18 18:02:44,REAL,2651554592,484,2651555076,2651555076
2025-06-18 18:02:46,REAL,2651555076,483,2651555559,2651555559
2025-06-18 18:02:48,REAL,2651555559,482,2651556041,2651556041
2025-06-18 18:02:50,REAL,2651556041,486,2651556527,2651556527
2025-06-18 18:02:52,REAL,2651556527,483,2651557010,2651557010
2025-06-18 18:02:54,REAL,2651557010,478,2651557488,2651557488
2025-06-18 18:02:56,REAL,2651557488,483,2651557971,2651557971
2025-06-18 18:02:58,REAL,2651557971,489,2651558460,2651558460
2025-06-18 18:03:00,REAL,2651558460,485,2651558945,2651558945
2025-06-18 18:03:02,REAL,2651558945,538,2651559483,2651559483
2025-06-18 18:03:04,REAL,2651559483,480,2651559963,2651559963
2025-06-18 18:03:06,REAL,2651559963,484,2651560447,2651560447
2025-06-18 18:03:08,REAL,2651560447,482,2651560929,2651560929
2025-06-18 18:03:10,REAL,2651560929,8543,2651569472,2651569472
2025-06-18 18:03:12,REAL,2651569472,11974,2651581446,2651581446
2025-06-18 18:03:14,REAL,2651581446,10325,2651591771,2651591771
2025-06-18 18:03:16,REAL,2651591771,10304,2651602075,2651602075
2025-06-18 18:03:18,REAL,2651602075,10319,2651612394,2651612394
2025-06-18 18:03:20,REAL,2651612394,10256,2651622650,2651622650
2025-06-18 18:03:22,REAL,2651622650,10314,2651632964,2651632964
2025-06-18 18:03:24,REAL,2651632964,9520,2651642484,2651642484
2025-06-18 18:03:26,REAL,2651642484,487,2651642971,2651642971
2025-06-18 18:03:28,REAL,2651642971,483,2651643454,2651643454
2025-06-18 18:03:30,REAL,2651643454,492,2651643946,2651643946
2025-06-18 18:03:32,REAL,2651643946,483,2651644429,2651644429
2025-06-18 18:03:34,REAL,2651644429,485,2651644914,2651644914
2025-06-18 18:03:36,REAL,2651644914,483,2651645397,2651645397
2025-06-18 18:03:38,REAL,2651645397,485,2651645882,2651645882
2025-06-18 18:03:40,REAL,2651645882,489,2651646371,2651646371
2025-06-18 18:03:42,REAL,2651646371,490,2651646861,2651646861
2025-06-18 18:03:44,REAL,2651646861,489,2651647350,2651647350
2025-06-18 18:03:46,REAL,2651647350,535,2651647885,2651647885
2025-06-18 18:03:48,REAL,2651647885,482,2651648367,2651648367
2025-06-18 18:03:50,REAL,2651648367,476,2651648843,2651648843
2025-06-18 18:03:52,REAL,2651648843,480,2651649323,2651649323
2025-06-18 18:03:54,REAL,2651649323,539,2651649862,2651649862
2025-06-18 18:03:56,REAL,2651649862,485,2651650347,2651650347
2025-06-18 18:03:58,REAL,2651650347,478,2651650825,2651650825
2025-06-18 18:04:00,REAL,2651650825,482,2651651307,2651651307
2025-06-18 18:04:02,REAL,2651651307,494,2651651801,2651651801
2025-06-18 18:04:04,REAL,2651651801,483,2651652284,2651652284
2025-06-18 18:04:06,REAL,2651652284,491,2651652775,2651652775
2025-06-18 18:04:08,REAL,2651652775,490,2651653265,2651653265
2025-06-18 18:04:10,REAL,2651653265,490,2651653755,2651653755
2025-06-18 18:04:12,REAL,2651653755,487,2651654242,2651654242
2025-06-18 18:04:14,REAL,2651654242,490,2651654732,2651654732
2025-06-18 18:04:16,REAL,2651654732,478,2651655210,2651655210
2025-06-18 18:04:18,REAL,2651655210,480,2651655690,2651655690
2025-06-18 18:04:20,REAL,2651655690,479,2651656169,2651656169
2025-06-18 18:04:22,REAL,2651656169,478,2651656647,2651656647
2025-06-18 18:04:24,REAL,2651656647,492,2651657139,2651657139
2025-06-18 18:04:26,REAL,2651657139,476,2651657615,2651657615
2025-06-18 18:04:28,REAL,2651657615,538,2651658153,2651658153
2025-06-18 18:04:30,REAL,2651658153,8870,2651667023,2651667023
2025-06-18 18:04:32,REAL,2651667023,10579,2651677602,2651677602
2025-06-18 18:04:34,REAL,2651677602,10251,2651687853,2651687853
2025-06-18 18:04:36,REAL,2651687853,10319,2651698172,2651698172
2025-06-18 18:04:38,REAL,2651698172,10252,2651708424,2651708424
2025-06-18 18:04:40,REAL,2651708424,10314,2651718738,2651718738
2025-06-18 18:04:42,REAL,2651718738,10256,2651728994,2651728994
2025-06-18 18:04:44,REAL,2651728994,8011,2651737005,2651737005
2025-06-18 18:04:46,REAL,2651737005,483,2651737488,2651737488
2025-06-18 18:04:48,REAL,2651737488,482,2651737970,2651737970
2025-06-18 18:04:50,REAL,2651737970,484,2651738454,2651738454
2025-06-18 18:04:52,REAL,2651738454,476,2651738930,2651738930
2025-06-18 18:04:54,REAL,2651738930,485,2651739415,2651739415
2025-06-18 18:04:56,REAL,2651739415,487,2651739902,2651739902
2025-06-18 18:04:58,REAL,2651739902,484,2651740386,2651740386
2025-06-18 18:05:00,REAL,2651740386,485,2651740871,2651740871
2025-06-18 18:05:02,REAL,2651740871,476,2651741347,2651741347
2025-06-18 18:05:04,REAL,2651741347,483,2651741830,2651741830
2025-06-18 18:05:06,REAL,2651741830,482,2651742312,2651742312
2025-06-18 18:05:08,REAL,2651742312,490,2651742802,2651742802
2025-06-18 18:05:10,REAL,2651742802,598,2651743400,2651743400
2025-06-18 18:05:12,REAL,2651743400,483,2651743883,2651743883
2025-06-18 18:05:14,REAL,2651743883,484,2651744367,2651744367
2025-06-18 18:05:16,REAL,2651744367,485,2651744852,2651744852
2025-06-18 18:05:18,REAL,2651744852,475,2651745327,2651745327
2025-06-18 18:05:20,REAL,2651745327,480,2651745807,2651745807
2025-06-18 18:05:22,REAL,2651745807,480,2651746287,2651746287
2025-06-18 18:05:24,REAL,2651746287,482,2651746769,2651746769
2025-06-18 18:05:26,REAL,2651746769,478,2651747247,2651747247
2025-06-18 18:05:28,REAL,2651747247,483,2651747730,2651747730
2025-06-18 18:05:30,REAL,2651747730,490,2651748220,2651748220
2025-06-18 18:05:32,REAL,2651748220,484,2651748704,2651748704
2025-06-18 18:05:34,REAL,2651748704,488,2651749192,2651749192
2025-06-18 18:05:36,REAL,2651749192,550,2651749742,2651749742
2025-06-18 18:05:38,REAL,2651749742,491,2651750233,2651750233
2025-06-18 18:05:40,REAL,2651750233,479,2651750712,2651750712
2025-06-18 18:05:42,REAL,2651750712,482,2651751194,2651751194
2025-06-18 18:05:44,REAL,2651751194,485,2651751679,2651751679
2025-06-18 18:05:46,REAL,2651751679,486,2651752165,2651752165
2025-06-18 18:05:48,REAL,2651752165,477,2651752642,2651752642
2025-06-18 18:05:50,REAL,2651752642,10451,2651763093,2651763093
2025-06-18 18:05:52,REAL,2651763093,10318,2651773411,2651773411
2025-06-18 18:05:54,REAL,2651773411,10379,2651783790,2651783790
2025-06-18 18:05:56,REAL,2651783790,10250,2651794040,2651794040
2025-06-18 18:05:58,REAL,2651794040,10251,2651804291,2651804291
2025-06-18 18:06:00,REAL,2651804291,10314,2651814605,2651814605
2025-06-18 18:06:02,REAL,2651814605,10249,2651824854,2651824854
2025-06-18 18:06:04,REAL,2651824854,6424,2651831278,2651831278
2025-06-18 18:06:06,REAL,2651831278,484,2651831762,2651831762
2025-06-18 18:06:08,REAL,2651831762,483,2651832245,2651832245
2025-06-18 18:06:10,REAL,2651832245,483,2651832728,2651832728
2025-06-18 18:06:12,REAL,2651832728,487,2651833215,2651833215
2025-06-18 18:06:14,REAL,2651833215,546,2651833761,2651833761
2025-06-18 18:06:16,REAL,2651833761,482,2651834243,2651834243
2025-06-18 18:06:18,REAL,2651834243,488,2651834731,2651834731
2025-06-18 18:06:20,REAL,2651834731,477,2651835208,2651835208
2025-06-18 18:06:22,REAL,2651835208,488,2651835696,2651835696
2025-06-18 18:06:24,REAL,2651835696,478,2651836174,2651836174
2025-06-18 18:06:26,REAL,2651836174,490,2651836664,2651836664
2025-06-18 18:06:28,REAL,2651836664,478,2651837142,2651837142
2025-06-18 18:06:30,REAL,2651837142,490,2651837632,2651837632
2025-06-18 18:06:32,REAL,2651837632,481,2651838113,2651838113
2025-06-18 18:06:34,REAL,2651838113,488,2651838601,2651838601
2025-06-18 18:06:36,REAL,2651838601,541,2651839142,2651839142
2025-06-18 18:06:38,REAL,2651839142,492,2651839634,2651839634
2025-06-18 18:06:40,REAL,2651839634,547,2651840181,2651840181
2025-06-18 18:06:42,REAL,2651840181,494,2651840675,2651840675
2025-06-18 18:06:44,REAL,2651840675,479,2651841154,2651841154
2025-06-18 18:06:46,REAL,2651841154,481,2651841635,2651841635
2025-06-18 18:06:48,REAL,2651841635,478,2651842113,2651842113
2025-06-18 18:06:50,REAL,2651842113,483,2651842596,2651842596
2025-06-18 18:06:52,REAL,2651842596,482,2651843078,2651843078
2025-06-18 18:06:54,REAL,2651843078,476,2651843554,2651843554
2025-06-18 18:06:56,REAL,2651843554,477,2651844031,2651844031
2025-06-18 18:06:58,REAL,2651844031,484,2651844515,2651844515
2025-06-18 18:07:00,REAL,2651844515,484,2651844999,2651844999
2025-06-18 18:07:02,REAL,2651844999,478,2651845477,2651845477
2025-06-18 18:07:04,REAL,2651845477,481,2651845958,2651845958
2025-06-18 18:07:06,REAL,2651845958,593,2651846551,2651846551
2025-06-18 18:07:08,REAL,2651846551,486,2651847037,2651847037
2025-06-18 18:07:10,REAL,2651847037,491,2651847528,2651847528
2025-06-18 18:07:12,REAL,2651847528,490,2651848018,2651848018
2025-06-18 18:07:14,REAL,2651848018,483,2651848501,2651848501
2025-06-18 18:07:16,REAL,2651848501,482,2651848983,2651848983
2025-06-18 18:07:18,REAL,2651848983,486,2651849469,2651849469
2025-06-18 18:07:20,REAL,2651849469,479,2651849948,2651849948
2025-06-18 18:07:22,REAL,2651849948,483,2651850431,2651850431
2025-06-18 18:07:24,REAL,2651850431,491,2651850922,2651850922
2025-06-18 18:07:26,REAL,2651850922,491,2651851413,2651851413
2025-06-18 18:07:28,REAL,2651851413,478,2651851891,2651851891
2025-06-18 18:07:30,REAL,2651851891,492,2651852383,2651852383
2025-06-18 18:07:32,REAL,2651852383,484,2651852867,2651852867
2025-06-18 18:07:34,REAL,2651852867,597,2651853464,2651853464
2025-06-18 18:07:36,REAL,2651853464,484,2651853948,2651853948
2025-06-18 18:07:38,REAL,2651853948,485,2651854433,2651854433
2025-06-18 18:07:40,REAL,2651854433,483,2651854916,2651854916
2025-06-18 18:07:42,REAL,2651854916,489,2651855405,2651855405
2025-06-18 18:07:44,REAL,2651855405,481,2651855886,2651855886
2025-06-18 18:07:46,REAL,2651855886,479,2651856365,2651856365
2025-06-18 18:07:48,REAL,2651856365,484,2651856849,2651856849
2025-06-18 18:07:50,REAL,2651856849,485,2651857334,2651857334
2025-06-18 18:07:52,REAL,2651857334,493,2651857827,2651857827
2025-06-18 18:07:54,REAL,2651857827,484,2651858311,2651858311
2025-06-18 18:07:56,REAL,2651858311,490,2651858801,2651858801
2025-06-18 18:07:58,REAL,2651858801,481,2651859282,2651859282
2025-06-18 18:08:00,REAL,2651859282,541,2651859823,2651859823
2025-06-18 18:08:02,REAL,2651859823,538,2651860361,2651860361
2025-06-18 18:08:04,REAL,2651860361,487,2651860848,2651860848
2025-06-18 18:08:06,REAL,2651860848,484,2651861332,2651861332
2025-06-18 18:08:08,REAL,2651861332,478,2651861810,2651861810
2025-06-18 18:08:10,REAL,2651861810,483,2651862293,2651862293
2025-06-18 18:08:12,REAL,2651862293,2670,2651864963,2651864963
2025-06-18 18:08:14,REAL,2651864963,11634,2651876597,2651876597
2025-06-18 18:08:16,REAL,2651876597,10253,2651886850,2651886850
2025-06-18 18:08:18,REAL,2651886850,10256,2651897106,2651897106
2025-06-18 18:08:20,REAL,2651897106,10245,2651907351,2651907351
2025-06-18 18:08:22,REAL,2651907351,10255,2651917606,2651917606
2025-06-18 18:08:24,REAL,2651917606,10244,2651927850,2651927850
2025-06-18 18:08:26,REAL,2651927850,10256,2651938106,2651938106
2025-06-18 18:08:28,REAL,2651938106,3586,2651941692,2651941692
2025-06-18 18:08:30,REAL,2651941692,481,2651942173,2651942173
2025-06-18 18:08:32,REAL,2651942173,541,2651942714,2651942714
2025-06-18 18:08:34,REAL,2651942714,491,2651943205,2651943205
2025-06-18 18:08:36,REAL,2651943205,483,2651943688,2651943688
2025-06-18 18:08:38,REAL,2651943688,535,2651944223,2651944223
2025-06-18 18:08:40,REAL,2651944223,492,2651944715,2651944715
2025-06-18 18:08:42,REAL,2651944715,479,2651945194,2651945194
2025-06-18 18:08:44,REAL,2651945194,488,2651945682,2651945682
2025-06-18 18:08:46,REAL,2651945682,479,2651946161,2651946161
2025-06-18 18:08:48,REAL,2651946161,486,2651946647,2651946647
2025-06-18 18:08:50,REAL,2651946647,477,2651947124,2651947124
2025-06-18 18:08:52,REAL,2651947124,483,2651947607,2651947607
2025-06-18 18:08:54,REAL,2651947607,479,2651948086,2651948086
2025-06-18 18:08:56,REAL,2651948086,480,2651948566,2651948566
2025-06-18 18:08:58,REAL,2651948566,485,2651949051,2651949051
2025-06-18 18:09:00,REAL,2651949051,550,2651949601,2651949601
2025-06-18 18:09:02,REAL,2651949601,482,2651950083,2651950083
2025-06-18 18:09:04,REAL,2651950083,539,2651950622,2651950622
2025-06-18 18:09:06,REAL,2651950622,484,2651951106,2651951106
2025-06-18 18:09:08,REAL,2651951106,484,2651951590,2651951590
2025-06-18 18:09:10,REAL,2651951590,479,2651952069,2651952069
2025-06-18 18:09:12,REAL,2651952069,482,2651952551,2651952551
2025-06-18 18:09:14,REAL,2651952551,483,2651953034,2651953034
2025-06-18 18:09:16,REAL,2651953034,490,2651953524,2651953524
2025-06-18 18:09:18,REAL,2651953524,486,2651954010,2651954010
2025-06-18 18:09:20,REAL,2651954010,487,2651954497,2651954497
2025-06-18 18:09:22,REAL,2651954497,482,2651954979,2651954979
2025-06-18 18:09:24,REAL,2651954979,487,2651955466,2651955466
2025-06-18 18:09:26,REAL,2651955466,480,2651955946,2651955946
2025-06-18 18:09:28,REAL,2651955946,540,2651956486,2651956486
2025-06-18 18:09:30,REAL,2651956486,542,2651957028,2651957028
2025-06-18 18:09:32,REAL,2651957028,487,2651957515,2651957515
2025-06-18 18:09:34,REAL,2651957515,482,2651957997,2651957997
2025-06-18 18:09:36,REAL,2651957997,476,2651958473,2651958473
2025-06-18 18:09:38,REAL,2651958473,488,2651958961,2651958961
2025-06-18 18:09:40,REAL,2651958961,481,2651959442,2651959442
2025-06-18 18:09:42,REAL,2651959442,480,2651959922,2651959922
2025-06-18 18:09:44,REAL,2651959922,492,2651960414,2651960414
2025-06-18 18:09:46,REAL,2651960414,476,2651960890,2651960890
2025-06-18 18:09:48,REAL,2651960890,475,2651961365,2651961365
2025-06-18 18:09:50,REAL,2651961365,488,2651961853,2651961853
2025-06-18 18:09:52,REAL,2651961853,483,2651962336,2651962336
2025-06-18 18:09:54,REAL,2651962336,491,2651962827,2651962827
2025-06-18 18:09:56,REAL,2651962827,540,2651963367,2651963367
2025-06-18 18:09:58,REAL,2651963367,536,2651963903,2651963903
2025-06-18 18:10:00,REAL,2651963903,489,2651964392,2651964392
2025-06-18 18:10:02,REAL,2651964392,484,2651964876,2651964876
2025-06-18 18:10:04,REAL,2651964876,483,2651965359,2651965359
2025-06-18 18:10:06,REAL,2651965359,487,2651965846,2651965846
2025-06-18 18:10:08,REAL,2651965846,481,2651966327,2651966327
2025-06-18 18:10:10,REAL,2651966327,483,2651966810,2651966810
2025-06-18 18:10:12,REAL,2651966810,477,2651967287,2651967287
2025-06-18 18:10:14,REAL,2651967287,477,2651967764,2651967764
2025-06-18 18:10:16,REAL,2651967764,490,2651968254,2651968254
2025-06-18 18:10:18,REAL,2651968254,484,2651968738,2651968738
2025-06-18 18:10:20,REAL,2651968738,477,2651969215,2651969215
2025-06-18 18:10:22,REAL,2651969215,541,2651969756,2651969756
2025-06-18 18:10:24,REAL,2651969756,479,2651970235,2651970235
2025-06-18 18:10:26,REAL,2651970235,534,2651970769,2651970769
2025-06-18 18:10:28,REAL,2651970769,490,2651971259,2651971259
2025-06-18 18:10:30,REAL,2651971259,476,2651971735,2651971735
2025-06-18 18:10:32,REAL,2651971735,476,2651972211,2651972211
2025-06-18 18:10:34,REAL,2651972211,490,2651972701,2651972701
2025-06-18 18:10:36,REAL,2651972701,6959,2651979660,2651979660
2025-06-18 18:10:38,REAL,2651979660,13887,2651993547,2651993547
2025-06-18 18:10:40,REAL,2651993547,10317,2652003864,2652003864
2025-06-18 18:10:42,REAL,2652003864,10246,2652014110,2652014110
2025-06-18 18:10:44,REAL,2652014110,10248,2652024358,2652024358
2025-06-18 18:10:46,REAL,2652024358,10247,2652034605,2652034605
2025-06-18 18:10:48,REAL,2652034605,10321,2652044926,2652044926
2025-06-18 18:10:50,REAL,2652044926,10250,2652055176,2652055176
2025-06-18 18:10:52,REAL,2652055176,820,2652055996,2652055996
2025-06-18 18:10:54,REAL,2652055996,546,2652056542,2652056542
2025-06-18 18:10:56,REAL,2652056542,485,2652057027,2652057027
2025-06-18 18:10:58,REAL,2652057027,534,2652057561,2652057561
2025-06-18 18:11:00,REAL,2652057561,478,2652058039,2652058039
2025-06-18 18:11:02,REAL,2652058039,477,2652058516,2652058516
2025-06-18 18:11:04,REAL,2652058516,479,2652058995,2652058995
2025-06-18 18:11:06,REAL,2652058995,476,2652059471,2652059471
2025-06-18 18:11:08,REAL,2652059471,6620,2652066091,2652066091
2025-06-18 18:11:10,REAL,2652066091,10912,2652077003,2652077003
2025-06-18 18:11:12,REAL,2652077003,10248,2652087251,2652087251
2025-06-18 18:11:14,REAL,2652087251,10252,2652097503,2652097503
2025-06-18 18:11:16,REAL,2652097503,10318,2652107821,2652107821
2025-06-18 18:11:18,REAL,2652107821,10256,2652118077,2652118077
2025-06-18 18:11:20,REAL,2652118077,10257,2652128334,2652128334
2025-06-18 18:11:22,REAL,2652128334,9986,2652138320,2652138320
2025-06-18 18:11:24,REAL,2652138320,544,2652138864,2652138864
2025-06-18 18:11:26,REAL,2652138864,483,2652139347,2652139347
2025-06-18 18:11:28,REAL,2652139347,486,2652139833,2652139833
2025-06-18 18:11:30,REAL,2652139833,541,2652140374,2652140374
2025-06-18 18:11:32,REAL,2652140374,477,2652140851,2652140851
2025-06-18 18:11:34,REAL,2652140851,479,2652141330,2652141330
2025-06-18 18:11:36,REAL,2652141330,485,2652141815,2652141815
2025-06-18 18:11:38,REAL,2652141815,485,2652142300,2652142300
2025-06-18 18:11:40,REAL,2652142300,6957,2652149257,2652149257
2025-06-18 18:11:42,REAL,2652149257,10716,2652159973,2652159973
2025-06-18 18:11:44,REAL,2652159973,10319,2652170292,2652170292
2025-06-18 18:11:46,REAL,2652170292,10256,2652180548,2652180548
2025-06-18 18:11:48,REAL,2652180548,10254,2652190802,2652190802
2025-06-18 18:11:50,REAL,2652190802,10309,2652201111,2652201111
2025-06-18 18:11:52,REAL,2652201111,10314,2652211425,2652211425
2025-06-18 18:11:54,REAL,2652211425,9322,2652220747,2652220747
2025-06-18 18:11:56,REAL,2652220747,490,2652221237,2652221237
2025-06-18 18:11:58,REAL,2652221237,491,2652221728,2652221728
2025-06-18 18:12:00,REAL,2652221728,485,2652222213,2652222213
2025-06-18 18:12:02,REAL,2652222213,535,2652222748,2652222748
2025-06-18 18:12:04,REAL,2652222748,485,2652223233,2652223233
2025-06-18 18:12:06,REAL,2652223233,485,2652223718,2652223718
2025-06-18 18:12:08,REAL,2652223718,481,2652224199,2652224199
2025-06-18 18:12:10,REAL,2652224199,487,2652224686,2652224686
2025-06-18 18:12:12,REAL,2652224686,483,2652225169,2652225169
2025-06-18 18:12:14,REAL,2652225169,487,2652225656,2652225656
2025-06-18 18:12:16,REAL,2652225656,479,2652226135,2652226135
2025-06-18 18:12:18,REAL,2652226135,536,2652226671,2652226671
2025-06-18 18:12:20,REAL,2652226671,494,2652227165,2652227165
2025-06-18 18:12:22,REAL,2652227165,483,2652227648,2652227648
2025-06-18 18:12:24,REAL,2652227648,538,2652228186,2652228186
2025-06-18 18:12:26,REAL,2652228186,480,2652228666,2652228666
2025-06-18 18:12:28,REAL,2652228666,487,2652229153,2652229153
2025-06-18 18:12:30,REAL,2652229153,484,2652229637,2652229637
2025-06-18 18:12:32,REAL,2652229637,484,2652230121,2652230121
2025-06-18 18:12:34,REAL,2652230121,478,2652230599,2652230599
2025-06-18 18:12:36,REAL,2652230599,484,2652231083,2652231083
2025-06-18 18:12:38,REAL,2652231083,486,2652231569,2652231569
2025-06-18 18:12:40,REAL,2652231569,489,2652232058,2652232058
2025-06-18 18:12:42,REAL,2652232058,481,2652232539,2652232539
2025-06-18 18:12:44,REAL,2652232539,543,2652233082,2652233082
2025-06-18 18:12:46,REAL,2652233082,535,2652233617,2652233617
2025-06-18 18:12:48,REAL,2652233617,477,2652234094,2652234094
2025-06-18 18:12:50,REAL,2652234094,486,2652234580,2652234580
2025-06-18 18:12:52,REAL,2652234580,486,2652235066,2652235066
2025-06-18 18:12:54,REAL,2652235066,485,2652235551,2652235551
2025-06-18 18:12:56,REAL,2652235551,481,2652236032,2652236032
2025-06-18 18:12:58,REAL,2652236032,480,2652236512,2652236512
2025-06-18 18:13:00,REAL,2652236512,10922,2652247434,2652247434
2025-06-18 18:13:02,REAL,2652247434,10779,2652258213,2652258213
2025-06-18 18:13:04,REAL,2652258213,10255,2652268468,2652268468
2025-06-18 18:13:06,REAL,2652268468,10327,2652278795,2652278795
2025-06-18 18:13:08,REAL,2652278795,10254,2652289049,2652289049
2025-06-18 18:13:10,REAL,2652289049,10313,2652299362,2652299362
2025-06-18 18:13:12,REAL,2652299362,10261,2652309623,2652309623
2025-06-18 18:13:14,REAL,2652309623,7746,2652317369,2652317369
2025-06-18 18:13:16,REAL,2652317369,482,2652317851,2652317851
2025-06-18 18:13:18,REAL,2652317851,482,2652318333,2652318333
2025-06-18 18:13:20,REAL,2652318333,541,2652318874,2652318874
2025-06-18 18:13:22,REAL,2652318874,492,2652319366,2652319366
2025-06-18 18:13:24,REAL,2652319366,483,2652319849,2652319849
2025-06-18 18:13:26,REAL,2652319849,474,2652320323,2652320323
2025-06-18 18:13:28,REAL,2652320323,485,2652320808,2652320808
2025-06-18 18:13:30,REAL,2652320808,485,2652321293,2652321293
2025-06-18 18:13:32,REAL,2652321293,9797,2652331090,2652331090
2025-06-18 18:13:34,REAL,2652331090,10447,2652341537,2652341537
2025-06-18 18:13:36,REAL,2652341537,10313,2652351850,2652351850
2025-06-18 18:13:38,REAL,2652351850,10304,2652362154,2652362154
2025-06-18 18:13:40,REAL,2652362154,10251,2652372405,2652372405
2025-06-18 18:13:42,REAL,2652372405,10248,2652382653,2652382653
2025-06-18 18:13:44,REAL,2652382653,10247,2652392900,2652392900
2025-06-18 18:13:46,REAL,2652392900,7152,2652400052,2652400052
2025-06-18 18:13:48,REAL,2652400052,480,2652400532,2652400532
2025-06-18 18:13:50,REAL,2652400532,479,2652401011,2652401011
2025-06-18 18:13:52,REAL,2652401011,493,2652401504,2652401504
2025-06-18 18:13:54,REAL,2652401504,535,2652402039,2652402039
2025-06-18 18:13:56,REAL,2652402039,484,2652402523,2652402523
2025-06-18 18:13:58,REAL,2652402523,245,2652402768,2652402768
2025-06-18 18:14:00,REAL,2652402768,484,2652403252,2652403252
2025-06-18 18:14:02,REAL,2652403252,480,2652403732,2652403732
2025-06-18 18:14:04,REAL,2652403732,13357,2652417089,2652417089
2025-06-18 18:14:06,REAL,2652417089,10653,2652427742,2652427742
2025-06-18 18:14:08,REAL,2652427742,10321,2652438063,2652438063
2025-06-18 18:14:10,REAL,2652438063,10252,2652448315,2652448315
2025-06-18 18:14:12,REAL,2652448315,10254,2652458569,2652458569
2025-06-18 18:14:14,REAL,2652458569,10315,2652468884,2652468884
2025-06-18 18:14:16,REAL,2652468884,10246,2652479130,2652479130
2025-06-18 18:14:18,REAL,2652479130,6496,2652485626,2652485626
2025-06-18 18:14:20,REAL,2652485626,480,2652486106,2652486106
2025-06-18 18:14:22,REAL,2652486106,486,2652486592,2652486592
2025-06-18 18:14:24,REAL,2652486592,484,2652487076,2652487076
2025-06-18 18:14:26,REAL,2652487076,536,2652487612,2652487612
2025-06-18 18:14:28,REAL,2652487612,481,2652488093,2652488093
2025-06-18 18:14:30,REAL,2652488093,546,2652488639,2652488639
2025-06-18 18:14:32,REAL,2652488639,486,2652489125,2652489125
2025-06-18 18:14:34,REAL,2652489125,487,2652489612,2652489612
2025-06-18 18:14:36,REAL,2652489612,11781,2652501393,2652501393
2025-06-18 18:14:38,REAL,2652501393,10317,2652511710,2652511710
2025-06-18 18:14:40,REAL,2652511710,10243,2652521953,2652521953
2025-06-18 18:14:42,REAL,2652521953,10255,2652532208,2652532208
2025-06-18 18:14:44,REAL,2652532208,10317,2652542525,2652542525
2025-06-18 18:14:46,REAL,2652542525,10252,2652552777,2652552777
2025-06-18 18:14:48,REAL,2652552777,10253,2652563030,2652563030
2025-06-18 18:14:50,REAL,2652563030,5896,2652568926,2652568926
2025-06-18 18:14:52,REAL,2652568926,493,2652569419,2652569419
2025-06-18 18:14:54,REAL,2652569419,476,2652569895,2652569895
2025-06-18 18:14:56,REAL,2652569895,486,2652570381,2652570381
2025-06-18 18:14:58,REAL,2652570381,589,2652570970,2652570970
2025-06-18 18:15:00,REAL,2652570970,492,2652571462,2652571462
2025-06-18 18:15:02,REAL,2652571462,475,2652571937,2652571937
2025-06-18 18:15:04,REAL,2652571937,479,2652572416,2652572416
2025-06-18 18:15:06,REAL,2652572416,480,2652572896,2652572896
2025-06-18 18:15:08,REAL,2652572896,14552,2652587448,2652587448
2025-06-18 18:15:10,REAL,2652587448,10320,2652597768,2652597768
2025-06-18 18:15:12,REAL,2652597768,10251,2652608019,2652608019
2025-06-18 18:15:14,REAL,2652608019,10259,2652618278,2652618278
2025-06-18 18:15:16,REAL,2652618278,10312,2652628590,2652628590
2025-06-18 18:15:18,REAL,2652628590,10254,2652638844,2652638844
2025-06-18 18:15:20,REAL,2652638844,10320,2652649164,2652649164
2025-06-18 18:15:22,REAL,2652649164,5300,2652654464,2652654464
2025-06-18 18:15:24,REAL,2652654464,542,2652655006,2652655006
2025-06-18 18:15:26,REAL,2652655006,477,2652655483,2652655483
2025-06-18 18:15:28,REAL,2652655483,488,2652655971,2652655971
2025-06-18 18:15:30,REAL,2652655971,485,2652656456,2652656456
2025-06-18 18:15:32,REAL,2652656456,479,2652656935,2652656935
2025-06-18 18:15:34,REAL,2652656935,492,2652657427,2652657427
2025-06-18 18:15:36,REAL,2652657427,487,2652657914,2652657914
2025-06-18 18:15:38,REAL,2652657914,1216,2652659130,2652659130
2025-06-18 18:15:40,REAL,2652659130,12564,2652671694,2652671694
2025-06-18 18:15:42,REAL,2652671694,10318,2652682012,2652682012
2025-06-18 18:15:44,REAL,2652682012,10254,2652692266,2652692266
2025-06-18 18:15:46,REAL,2652692266,10246,2652702512,2652702512
2025-06-18 18:15:48,REAL,2652702512,10315,2652712827,2652712827
2025-06-18 18:15:50,REAL,2652712827,10306,2652723133,2652723133
2025-06-18 18:15:52,REAL,2652723133,10247,2652733380,2652733380
2025-06-18 18:15:54,REAL,2652733380,4642,2652738022,2652738022
2025-06-18 18:15:56,REAL,2652738022,484,2652738506,2652738506
2025-06-18 18:15:58,REAL,2652738506,483,2652738989,2652738989
2025-06-18 18:16:00,REAL,2652738989,480,2652739469,2652739469
2025-06-18 18:16:02,REAL,2652739469,487,2652739956,2652739956
2025-06-18 18:16:04,REAL,2652739956,483,2652740439,2652740439
2025-06-18 18:16:06,REAL,2652740439,488,2652740927,2652740927
2025-06-18 18:16:08,REAL,2652740927,489,2652741416,2652741416
2025-06-18 18:16:10,REAL,2652741416,478,2652741894,2652741894
2025-06-18 18:16:12,REAL,2652741894,476,2652742370,2652742370
2025-06-18 18:16:14,REAL,2652742370,486,2652742856,2652742856
2025-06-18 18:16:16,REAL,2652742856,487,2652743343,2652743343
2025-06-18 18:16:18,REAL,2652743343,483,2652743826,2652743826
2025-06-18 18:16:20,REAL,2652743826,539,2652744365,2652744365
2025-06-18 18:16:22,REAL,2652744365,477,2652744842,2652744842
2025-06-18 18:16:24,REAL,2652744842,490,2652745332,2652745332
2025-06-18 18:16:26,REAL,2652745332,489,2652745821,2652745821
2025-06-18 18:16:28,REAL,2652745821,484,2652746305,2652746305
2025-06-18 18:16:30,REAL,2652746305,487,2652746792,2652746792
2025-06-18 18:16:32,REAL,2652746792,483,2652747275,2652747275
2025-06-18 18:16:34,REAL,2652747275,482,2652747757,2652747757
2025-06-18 18:16:36,REAL,2652747757,476,2652748233,2652748233
2025-06-18 18:16:38,REAL,2652748233,486,2652748719,2652748719
2025-06-18 18:16:40,REAL,2652748719,544,2652749263,2652749263
2025-06-18 18:16:42,REAL,2652749263,487,2652749750,2652749750
2025-06-18 18:16:44,REAL,2652749750,493,2652750243,2652750243
2025-06-18 18:16:46,REAL,2652750243,478,2652750721,2652750721
2025-06-18 18:16:48,REAL,2652750721,482,2652751203,2652751203
2025-06-18 18:16:50,REAL,2652751203,484,2652751687,2652751687
2025-06-18 18:16:52,REAL,2652751687,484,2652752171,2652752171
2025-06-18 18:16:54,REAL,2652752171,486,2652752657,2652752657
2025-06-18 18:16:56,REAL,2652752657,480,2652753137,2652753137
2025-06-18 18:16:58,REAL,2652753137,3180,2652756317,2652756317
2025-06-18 18:17:00,REAL,2652756317,11434,2652767751,2652767751
2025-06-18 18:17:02,REAL,2652767751,10250,2652778001,2652778001
2025-06-18 18:17:04,REAL,2652778001,10259,2652788260,2652788260
2025-06-18 18:17:06,REAL,2652788260,10244,2652798504,2652798504
2025-06-18 18:17:08,REAL,2652798504,10252,2652808756,2652808756
2025-06-18 18:17:10,REAL,2652808756,10317,2652819073,2652819073
2025-06-18 18:17:12,REAL,2652819073,10244,2652829317,2652829317
2025-06-18 18:17:14,REAL,2652829317,3055,2652832372,2652832372
2025-06-18 18:17:16,REAL,2652832372,490,2652832862,2652832862
2025-06-18 18:17:18,REAL,2652832862,488,2652833350,2652833350
2025-06-18 18:17:20,REAL,2652833350,494,2652833844,2652833844
2025-06-18 18:17:22,REAL,2652833844,490,2652834334,2652834334
2025-06-18 18:17:24,REAL,2652834334,480,2652834814,2652834814
2025-06-18 18:17:26,REAL,2652834814,485,2652835299,2652835299
2025-06-18 18:17:28,REAL,2652835299,533,2652835832,2652835832
2025-06-18 18:17:30,REAL,2652835832,488,2652836320,2652836320
2025-06-18 18:17:32,REAL,2652836320,477,2652836797,2652836797
2025-06-18 18:17:34,REAL,2652836797,480,2652837277,2652837277
2025-06-18 18:17:36,REAL,2652837277,486,2652837763,2652837763
2025-06-18 18:17:38,REAL,2652837763,482,2652838245,2652838245
2025-06-18 18:17:40,REAL,2652838245,538,2652838783,2652838783
2025-06-18 18:17:42,REAL,2652838783,480,2652839263,2652839263
2025-06-18 18:17:44,REAL,2652839263,486,2652839749,2652839749
2025-06-18 18:17:46,REAL,2652839749,490,2652840239,2652840239
2025-06-18 18:17:48,REAL,2652840239,480,2652840719,2652840719
2025-06-18 18:17:50,REAL,2652840719,489,2652841208,2652841208
2025-06-18 18:17:52,REAL,2652841208,481,2652841689,2652841689
2025-06-18 18:17:54,REAL,2652841689,486,2652842175,2652842175
2025-06-18 18:17:56,REAL,2652842175,477,2652842652,2652842652
2025-06-18 18:17:58,REAL,2652842652,480,2652843132,2652843132
2025-06-18 18:18:00,REAL,2652843132,480,2652843612,2652843612
2025-06-18 18:18:02,REAL,2652843612,4445,2652848057,2652848057
2025-06-18 18:18:04,REAL,2652848057,11176,2652859233,2652859233
2025-06-18 18:18:06,REAL,2652859233,10315,2652869548,2652869548
2025-06-18 18:18:08,REAL,2652869548,10253,2652879801,2652879801
2025-06-18 18:18:10,REAL,2652879801,10249,2652890050,2652890050
2025-06-18 18:18:12,REAL,2652890050,10317,2652900367,2652900367
2025-06-18 18:18:14,REAL,2652900367,10257,2652910624,2652910624
2025-06-18 18:18:16,REAL,2652910624,10248,2652920872,2652920872
2025-06-18 18:18:18,REAL,2652920872,1853,2652922725,2652922725
2025-06-18 18:18:20,REAL,2652922725,486,2652923211,2652923211
2025-06-18 18:18:22,REAL,2652923211,479,2652923690,2652923690
2025-06-18 18:18:24,REAL,2652923690,482,2652924172,2652924172
2025-06-18 18:18:26,REAL,2652924172,481,2652924653,2652924653
2025-06-18 18:18:28,REAL,2652924653,477,2652925130,2652925130
2025-06-18 18:18:30,REAL,2652925130,480,2652925610,2652925610
2025-06-18 18:18:32,REAL,2652925610,474,2652926084,2652926084
2025-06-18 18:18:34,REAL,2652926084,5374,2652931458,2652931458
2025-06-18 18:18:36,REAL,2652931458,11506,2652942964,2652942964
2025-06-18 18:18:38,REAL,2652942964,10916,2652953880,2652953880
2025-06-18 18:18:40,REAL,2652953880,9660,2652963540,2652963540
2025-06-18 18:18:42,REAL,2652963540,10245,2652973785,2652973785
2025-06-18 18:18:44,REAL,2652973785,10322,2652984107,2652984107
2025-06-18 18:18:46,REAL,2652984107,10247,2652994354,2652994354
2025-06-18 18:18:48,REAL,2652994354,10255,2653004609,2653004609
2025-06-18 18:18:50,REAL,2653004609,1204,2653005813,2653005813
2025-06-18 18:18:52,REAL,2653005813,485,2653006298,2653006298
2025-06-18 18:18:54,REAL,2653006298,483,2653006781,2653006781
2025-06-18 18:18:56,REAL,2653006781,487,2653007268,2653007268
2025-06-18 18:18:58,REAL,2653007268,488,2653007756,2653007756
2025-06-18 18:19:00,REAL,2653007756,484,2653008240,2653008240
2025-06-18 18:19:02,REAL,2653008240,486,2653008726,2653008726
2025-06-18 18:19:04,REAL,2653008726,480,2653009206,2653009206
2025-06-18 18:19:06,REAL,2653009206,549,2653009755,2653009755
2025-06-18 18:19:08,REAL,2653009755,485,2653010240,2653010240
2025-06-18 18:19:10,REAL,2653010240,488,2653010728,2653010728
2025-06-18 18:19:12,REAL,2653010728,491,2653011219,2653011219
2025-06-18 18:19:14,REAL,2653011219,538,2653011757,2653011757
2025-06-18 18:19:16,REAL,2653011757,486,2653012243,2653012243
2025-06-18 18:19:18,REAL,2653012243,488,2653012731,2653012731
2025-06-18 18:19:20,REAL,2653012731,488,2653013219,2653013219
2025-06-18 18:19:22,REAL,2653013219,478,2653013697,2653013697
2025-06-18 18:19:24,REAL,2653013697,490,2653014187,2653014187
2025-06-18 18:19:26,REAL,2653014187,479,2653014666,2653014666
2025-06-18 18:19:28,REAL,2653014666,484,2653015150,2653015150
2025-06-18 18:19:30,REAL,2653015150,478,2653015628,2653015628
2025-06-18 18:19:32,REAL,2653015628,482,2653016110,2653016110
2025-06-18 18:19:34,REAL,2653016110,476,2653016586,2653016586
2025-06-18 18:19:36,REAL,2653016586,484,2653017070,2653017070
2025-06-18 18:19:38,REAL,2653017070,8013,2653025083,2653025083
2025-06-18 18:19:40,REAL,2653025083,12884,2653037967,2653037967
2025-06-18 18:19:42,REAL,2653037967,10327,2653048294,2653048294
2025-06-18 18:19:44,REAL,2653048294,10253,2653058547,2653058547
2025-06-18 18:19:46,REAL,2653058547,10252,2653068799,2653068799
2025-06-18 18:19:48,REAL,2653068799,10247,2653079046,2653079046
2025-06-18 18:19:50,REAL,2653079046,10253,2653089299,2653089299
2025-06-18 18:19:52,REAL,2653089299,9726,2653099025,2653099025
2025-06-18 18:19:54,REAL,2653099025,484,2653099509,2653099509
2025-06-18 18:19:56,REAL,2653099509,537,2653100046,2653100046
2025-06-18 18:19:58,REAL,2653100046,480,2653100526,2653100526
2025-06-18 18:20:00,REAL,2653100526,476,2653101002,2653101002
2025-06-18 18:20:02,REAL,2653101002,491,2653101493,2653101493
2025-06-18 18:20:04,REAL,2653101493,483,2653101976,2653101976
2025-06-18 18:20:06,REAL,2653101976,484,2653102460,2653102460
2025-06-18 18:20:08,REAL,2653102460,480,2653102940,2653102940
2025-06-18 18:20:10,REAL,2653102940,483,2653103423,2653103423
2025-06-18 18:20:12,REAL,2653103423,492,2653103915,2653103915
2025-06-18 18:20:14,REAL,2653103915,491,2653104406,2653104406
2025-06-18 18:20:16,REAL,2653104406,489,2653104895,2653104895
2025-06-18 18:20:18,REAL,2653104895,481,2653105376,2653105376
2025-06-18 18:20:20,REAL,2653105376,542,2653105918,2653105918
2025-06-18 18:20:22,REAL,2653105918,481,2653106399,2653106399
2025-06-18 18:20:24,REAL,2653106399,477,2653106876,2653106876
2025-06-18 18:20:26,REAL,2653106876,485,2653107361,2653107361
2025-06-18 18:20:28,REAL,2653107361,489,2653107850,2653107850
2025-06-18 18:20:30,REAL,2653107850,485,2653108335,2653108335
2025-06-18 18:20:32,REAL,2653108335,483,2653108818,2653108818
2025-06-18 18:20:34,REAL,2653108818,489,2653109307,2653109307
2025-06-18 18:20:36,REAL,2653109307,480,2653109787,2653109787
2025-06-18 18:20:38,REAL,2653109787,490,2653110277,2653110277
2025-06-18 18:20:40,REAL,2653110277,485,2653110762,2653110762
2025-06-18 18:20:42,REAL,2653110762,482,2653111244,2653111244
2025-06-18 18:20:44,REAL,2653111244,537,2653111781,2653111781
2025-06-18 18:20:46,REAL,2653111781,481,2653112262,2653112262
2025-06-18 18:20:48,REAL,2653112262,483,2653112745,2653112745
2025-06-18 18:20:50,REAL,2653112745,482,2653113227,2653113227
2025-06-18 18:20:52,REAL,2653113227,487,2653113714,2653113714
2025-06-18 18:20:54,REAL,2653113714,474,2653114188,2653114188
2025-06-18 18:20:56,REAL,2653114188,486,2653114674,2653114674
2025-06-18 18:20:58,REAL,2653114674,11182,2653125856,2653125856
2025-06-18 18:21:00,REAL,2653125856,11705,2653137561,2653137561
2025-06-18 18:21:02,REAL,2653137561,10246,2653147807,2653147807
2025-06-18 18:21:04,REAL,2653147807,10255,2653158062,2653158062
2025-06-18 18:21:06,REAL,2653158062,10326,2653168388,2653168388
2025-06-18 18:21:08,REAL,2653168388,10257,2653178645,2653178645
2025-06-18 18:21:10,REAL,2653178645,10252,2653188897,2653188897
2025-06-18 18:21:12,REAL,2653188897,8139,2653197036,2653197036
2025-06-18 18:21:14,REAL,2653197036,482,2653197518,2653197518
2025-06-18 18:21:16,REAL,2653197518,482,2653198000,2653198000
2025-06-18 18:21:18,REAL,2653198000,478,2653198478,2653198478
2025-06-18 18:21:20,REAL,2653198478,479,2653198957,2653198957
2025-06-18 18:21:22,REAL,2653198957,478,2653199435,2653199435
2025-06-18 18:21:24,REAL,2653199435,488,2653199923,2653199923
2025-06-18 18:21:26,REAL,2653199923,491,2653200414,2653200414
2025-06-18 18:21:28,REAL,2653200414,485,2653200899,2653200899
2025-06-18 18:21:30,REAL,2653200899,482,2653201381,2653201381
2025-06-18 18:21:32,REAL,2653201381,544,2653201925,2653201925
2025-06-18 18:21:34,REAL,2653201925,474,2653202399,2653202399
2025-06-18 18:21:36,REAL,2653202399,483,2653202882,2653202882
2025-06-18 18:21:38,REAL,2653202882,545,2653203427,2653203427
2025-06-18 18:21:40,REAL,2653203427,483,2653203910,2653203910
2025-06-18 18:21:42,REAL,2653203910,482,2653204392,2653204392
2025-06-18 18:21:44,REAL,2653204392,483,2653204875,2653204875
2025-06-18 18:21:46,REAL,2653204875,479,2653205354,2653205354
2025-06-18 18:21:48,REAL,2653205354,488,2653205842,2653205842
2025-06-18 18:21:50,REAL,2653205842,486,2653206328,2653206328
2025-06-18 18:21:52,REAL,2653206328,487,2653206815,2653206815
2025-06-18 18:21:54,REAL,2653206815,488,2653207303,2653207303
2025-06-18 18:21:56,REAL,2653207303,486,2653207789,2653207789
2025-06-18 18:21:58,REAL,2653207789,489,2653208278,2653208278
2025-06-18 18:22:00,REAL,2653208278,492,2653208770,2653208770
2025-06-18 18:22:02,REAL,2653208770,482,2653209252,2653209252
2025-06-18 18:22:04,REAL,2653209252,477,2653209729,2653209729
2025-06-18 18:22:06,REAL,2653209729,543,2653210272,2653210272
2025-06-18 18:22:08,REAL,2653210272,482,2653210754,2653210754
2025-06-18 18:22:10,REAL,2653210754,479,2653211233,2653211233
2025-06-18 18:22:12,REAL,2653211233,481,2653211714,2653211714
2025-06-18 18:22:14,REAL,2653211714,488,2653212202,2653212202
2025-06-18 18:22:16,REAL,2653212202,535,2653212737,2653212737
2025-06-18 18:22:18,REAL,2653212737,483,2653213220,2653213220
2025-06-18 18:22:20,REAL,2653213220,491,2653213711,2653213711
2025-06-18 18:22:22,REAL,2653213711,487,2653214198,2653214198
2025-06-18 18:22:24,REAL,2653214198,490,2653214688,2653214688
2025-06-18 18:22:26,REAL,2653214688,481,2653215169,2653215169
2025-06-18 18:22:28,REAL,2653215169,481,2653215650,2653215650
2025-06-18 18:22:30,REAL,2653215650,487,2653216137,2653216137
2025-06-18 18:22:32,REAL,2653216137,484,2653216621,2653216621
2025-06-18 18:22:34,REAL,2653216621,483,2653217104,2653217104
2025-06-18 18:22:36,REAL,2653217104,491,2653217595,2653217595
2025-06-18 18:22:38,REAL,2653217595,481,2653218076,2653218076
2025-06-18 18:22:40,REAL,2653218076,485,2653218561,2653218561
2025-06-18 18:22:42,REAL,2653218561,541,2653219102,2653219102
2025-06-18 18:22:44,REAL,2653219102,484,2653219586,2653219586
2025-06-18 18:22:46,REAL,2653219586,486,2653220072,2653220072
2025-06-18 18:22:48,REAL,2653220072,481,2653220553,2653220553
2025-06-18 18:22:50,REAL,2653220553,10782,2653231335,2653231335
2025-06-18 18:22:52,REAL,2653231335,10322,2653241657,2653241657
2025-06-18 18:22:54,REAL,2653241657,10249,2653251906,2653251906
2025-06-18 18:22:56,REAL,2653251906,10251,2653262157,2653262157
2025-06-18 18:22:58,REAL,2653262157,10260,2653272417,2653272417
2025-06-18 18:23:00,REAL,2653272417,10324,2653282741,2653282741
2025-06-18 18:23:02,REAL,2653282741,10250,2653292991,2653292991
2025-06-18 18:23:04,REAL,2653292991,5968,2653298959,2653298959
2025-06-18 18:23:06,REAL,2653298959,484,2653299443,2653299443
2025-06-18 18:23:08,REAL,2653299443,491,2653299934,2653299934
2025-06-18 18:23:10,REAL,2653299934,479,2653300413,2653300413
2025-06-18 18:23:12,REAL,2653300413,487,2653300900,2653300900
2025-06-18 18:23:14,REAL,2653300900,485,2653301385,2653301385
2025-06-18 18:23:16,REAL,2653301385,539,2653301924,2653301924
2025-06-18 18:23:18,REAL,2653301924,483,2653302407,2653302407
2025-06-18 18:23:20,REAL,2653302407,483,2653302890,2653302890
2025-06-18 18:23:22,REAL,2653302890,12318,2653315208,2653315208
2025-06-18 18:23:24,REAL,2653315208,10255,2653325463,2653325463
2025-06-18 18:23:26,REAL,2653325463,10249,2653335712,2653335712
2025-06-18 18:23:28,REAL,2653335712,10262,2653345974,2653345974
2025-06-18 18:23:30,REAL,2653345974,10319,2653356293,2653356293
2025-06-18 18:23:32,REAL,2653356293,10257,2653366550,2653366550
2025-06-18 18:23:34,REAL,2653366550,10248,2653376798,2653376798
2025-06-18 18:23:36,REAL,2653376798,5366,2653382164,2653382164
2025-06-18 18:23:38,REAL,2653382164,480,2653382644,2653382644
2025-06-18 18:23:40,REAL,2653382644,486,2653383130,2653383130
2025-06-18 18:23:42,REAL,2653383130,488,2653383618,2653383618
2025-06-18 18:23:44,REAL,2653383618,487,2653384105,2653384105
2025-06-18 18:23:46,REAL,2653384105,476,2653384581,2653384581
2025-06-18 18:23:48,REAL,2653384581,488,2653385069,2653385069
2025-06-18 18:23:50,REAL,2653385069,483,2653385552,2653385552
2025-06-18 18:23:52,REAL,2653385552,543,2653386095,2653386095
2025-06-18 18:23:54,REAL,2653386095,491,2653386586,2653386586
2025-06-18 18:23:56,REAL,2653386586,489,2653387075,2653387075
2025-06-18 18:23:58,REAL,2653387075,487,2653387562,2653387562
2025-06-18 18:24:00,REAL,2653387562,537,2653388099,2653388099
2025-06-18 18:24:02,REAL,2653388099,491,2653388590,2653388590
2025-06-18 18:24:04,REAL,2653388590,486,2653389076,2653389076
2025-06-18 18:24:06,REAL,2653389076,480,2653389556,2653389556
2025-06-18 18:24:08,REAL,2653389556,486,2653390042,2653390042
2025-06-18 18:24:10,REAL,2653390042,486,2653390528,2653390528
2025-06-18 18:24:12,REAL,2653390528,489,2653391017,2653391017
2025-06-18 18:24:14,REAL,2653391017,481,2653391498,2653391498
2025-06-18 18:24:16,REAL,2653391498,489,2653391987,2653391987
2025-06-18 18:24:18,REAL,2653391987,486,2653392473,2653392473
2025-06-18 18:24:20,REAL,2653392473,485,2653392958,2653392958
2025-06-18 18:24:22,REAL,2653392958,480,2653393438,2653393438
2025-06-18 18:24:24,REAL,2653393438,1940,2653395378,2653395378
2025-06-18 18:24:26,REAL,2653395378,12156,2653407534,2653407534
2025-06-18 18:24:28,REAL,2653407534,10253,2653417787,2653417787
2025-06-18 18:24:30,REAL,2653417787,10260,2653428047,2653428047
2025-06-18 18:24:32,REAL,2653428047,10245,2653438292,2653438292
2025-06-18 18:24:34,REAL,2653438292,10314,2653448606,2653448606
2025-06-18 18:24:36,REAL,2653448606,10254,2653458860,2653458860
2025-06-18 18:24:38,REAL,2653458860,10249,2653469109,2653469109
2025-06-18 18:24:40,REAL,2653469109,4119,2653473228,2653473228
2025-06-18 18:24:42,REAL,2653473228,474,2653473702,2653473702
2025-06-18 18:24:44,REAL,2653473702,480,2653474182,2653474182
2025-06-18 18:24:46,REAL,2653474182,492,2653474674,2653474674
2025-06-18 18:24:48,REAL,2653474674,485,2653475159,2653475159
2025-06-18 18:24:50,REAL,2653475159,490,2653475649,2653475649
2025-06-18 18:24:52,REAL,2653475649,484,2653476133,2653476133
2025-06-18 18:24:54,REAL,2653476133,486,2653476619,2653476619
2025-06-18 18:24:56,REAL,2653476619,2602,2653479221,2653479221
2025-06-18 18:24:58,REAL,2653479221,11511,2653490732,2653490732
2025-06-18 18:25:00,REAL,2653490732,10302,2653501034,2653501034
2025-06-18 18:25:02,REAL,2653501034,10261,2653511295,2653511295
2025-06-18 18:25:04,REAL,2653511295,10316,2653521611,2653521611
2025-06-18 18:25:06,REAL,2653521611,10255,2653531866,2653531866
2025-06-18 18:25:08,REAL,2653531866,10258,2653542124,2653542124
2025-06-18 18:25:10,REAL,2653542124,10314,2653552438,2653552438
2025-06-18 18:25:12,REAL,2653552438,3460,2653555898,2653555898
2025-06-18 18:25:14,REAL,2653555898,489,2653556387,2653556387
2025-06-18 18:25:16,REAL,2653556387,483,2653556870,2653556870
2025-06-18 18:25:18,REAL,2653556870,483,2653557353,2653557353
2025-06-18 18:25:20,REAL,2653557353,482,2653557835,2653557835
2025-06-18 18:25:22,REAL,2653557835,478,2653558313,2653558313
2025-06-18 18:25:24,REAL,2653558313,482,2653558795,2653558795
2025-06-18 18:25:26,REAL,2653558795,487,2653559282,2653559282
2025-06-18 18:25:28,REAL,2653559282,480,2653559762,2653559762
2025-06-18 18:25:30,REAL,2653559762,481,2653560243,2653560243
2025-06-18 18:25:32,REAL,2653560243,484,2653560727,2653560727
2025-06-18 18:25:34,REAL,2653560727,543,2653561270,2653561270
2025-06-18 18:25:36,REAL,2653561270,531,2653561801,2653561801
2025-06-18 18:25:38,REAL,2653561801,478,2653562279,2653562279
2025-06-18 18:25:40,REAL,2653562279,483,2653562762,2653562762
2025-06-18 18:25:42,REAL,2653562762,479,2653563241,2653563241
2025-06-18 18:25:44,REAL,2653563241,490,2653563731,2653563731
2025-06-18 18:25:46,REAL,2653563731,480,2653564211,2653564211
2025-06-18 18:25:48,REAL,2653564211,485,2653564696,2653564696
2025-06-18 18:25:50,REAL,2653564696,10000,2653574696,2653574696
2025-06-18 18:25:52,REAL,2653574696,10641,2653585337,2653585337
2025-06-18 18:25:54,REAL,2653585337,10318,2653595655,2653595655
2025-06-18 18:25:56,REAL,2653595655,10254,2653605909,2653605909
2025-06-18 18:25:58,REAL,2653605909,10249,2653616158,2653616158
2025-06-18 18:26:00,REAL,2653616158,10248,2653626406,2653626406
2025-06-18 18:26:02,REAL,2653626406,10247,2653636653,2653636653
2025-06-18 18:26:04,REAL,2653636653,7415,2653644068,2653644068
2025-06-18 18:26:06,REAL,2653644068,478,2653644546,2653644546
2025-06-18 18:26:08,REAL,2653644546,486,2653645032,2653645032
2025-06-18 18:26:10,REAL,2653645032,542,2653645574,2653645574
2025-06-18 18:26:12,REAL,2653645574,537,2653646111,2653646111
2025-06-18 18:26:14,REAL,2653646111,479,2653646590,2653646590
2025-06-18 18:26:16,REAL,2653646590,490,2653647080,2653647080
2025-06-18 18:26:18,REAL,2653647080,484,2653647564,2653647564
2025-06-18 18:26:20,REAL,2653647564,488,2653648052,2653648052
2025-06-18 18:26:22,REAL,2653648052,485,2653648537,2653648537
2025-06-18 18:26:24,REAL,2653648537,492,2653649029,2653649029
2025-06-18 18:26:26,REAL,2653649029,477,2653649506,2653649506
2025-06-18 18:26:28,REAL,2653649506,481,2653649987,2653649987
2025-06-18 18:26:30,REAL,2653649987,486,2653650473,2653650473
2025-06-18 18:26:32,REAL,2653650473,475,2653650948,2653650948
2025-06-18 18:26:34,REAL,2653650948,488,2653651436,2653651436
2025-06-18 18:26:36,REAL,2653651436,545,2653651981,2653651981
2025-06-18 18:26:38,REAL,2653651981,477,2653652458,2653652458
2025-06-18 18:26:40,REAL,2653652458,483,2653652941,2653652941
2025-06-18 18:26:42,REAL,2653652941,489,2653653430,2653653430
2025-06-18 18:26:44,REAL,2653653430,483,2653653913,2653653913
2025-06-18 18:26:46,REAL,2653653913,546,2653654459,2653654459
2025-06-18 18:26:48,REAL,2653654459,489,2653654948,2653654948
2025-06-18 18:26:50,REAL,2653654948,486,2653655434,2653655434
2025-06-18 18:26:52,REAL,2653655434,476,2653655910,2653655910
2025-06-18 18:26:54,REAL,2653655910,487,2653656397,2653656397
2025-06-18 18:26:56,REAL,2653656397,480,2653656877,2653656877
2025-06-18 18:26:58,REAL,2653656877,545,2653657422,2653657422
2025-06-18 18:27:00,REAL,2653657422,485,2653657907,2653657907
2025-06-18 18:27:02,REAL,2653657907,478,2653658385,2653658385
2025-06-18 18:27:04,REAL,2653658385,477,2653658862,2653658862
2025-06-18 18:27:06,REAL,2653658862,492,2653659354,2653659354
2025-06-18 18:27:08,REAL,2653659354,491,2653659845,2653659845
2025-06-18 18:27:10,REAL,2653659845,487,2653660332,2653660332
2025-06-18 18:27:12,REAL,2653660332,482,2653660814,2653660814
2025-06-18 18:27:14,REAL,2653660814,482,2653661296,2653661296
2025-06-18 18:27:16,REAL,2653661296,531,2653661827,2653661827
2025-06-18 18:27:18,REAL,2653661827,477,2653662304,2653662304
2025-06-18 18:27:20,REAL,2653662304,484,2653662788,2653662788
2025-06-18 18:27:22,REAL,2653662788,537,2653663325,2653663325
2025-06-18 18:27:24,REAL,2653663325,487,2653663812,2653663812
2025-06-18 18:27:26,REAL,2653663812,485,2653664297,2653664297
2025-06-18 18:27:28,REAL,2653664297,486,2653664783,2653664783
2025-06-18 18:27:30,REAL,2653664783,486,2653665269,2653665269
2025-06-18 18:27:32,REAL,2653665269,486,2653665755,2653665755
2025-06-18 18:27:34,REAL,2653665755,479,2653666234,2653666234
2025-06-18 18:27:36,REAL,2653666234,481,2653666715,2653666715
2025-06-18 18:27:38,REAL,2653666715,487,2653667202,2653667202
2025-06-18 18:27:40,REAL,2653667202,480,2653667682,2653667682
2025-06-18 18:27:42,REAL,2653667682,478,2653668160,2653668160
2025-06-18 18:27:44,REAL,2653668160,489,2653668649,2653668649
2025-06-18 18:27:46,REAL,2653668649,591,2653669240,2653669240
2025-06-18 18:27:48,REAL,2653669240,490,2653669730,2653669730
2025-06-18 18:27:50,REAL,2653669730,485,2653670215,2653670215
2025-06-18 18:27:52,REAL,2653670215,485,2653670700,2653670700
2025-06-18 18:27:54,REAL,2653670700,476,2653671176,2653671176
2025-06-18 18:27:56,REAL,2653671176,481,2653671657,2653671657
2025-06-18 18:27:58,REAL,2653671657,486,2653672143,2653672143
2025-06-18 18:28:00,REAL,2653672143,481,2653672624,2653672624
2025-06-18 18:28:02,REAL,2653672624,489,2653673113,2653673113
2025-06-18 18:28:04,REAL,2653673113,488,2653673601,2653673601
2025-06-18 18:28:06,REAL,2653673601,492,2653674093,2653674093
2025-06-18 18:28:08,REAL,2653674093,490,2653674583,2653674583
2025-06-18 18:28:10,REAL,2653674583,543,2653675126,2653675126
2025-06-18 18:28:12,REAL,2653675126,485,2653675611,2653675611
2025-06-18 18:28:14,REAL,2653675611,483,2653676094,2653676094
2025-06-18 18:28:16,REAL,2653676094,483,2653676577,2653676577
2025-06-18 18:28:18,REAL,2653676577,541,2653677118,2653677118
2025-06-18 18:28:20,REAL,2653677118,476,2653677594,2653677594
2025-06-18 18:28:22,REAL,2653677594,478,2653678072,2653678072
2025-06-18 18:28:24,REAL,2653678072,491,2653678563,2653678563
2025-06-18 18:28:26,REAL,2653678563,482,2653679045,2653679045
2025-06-18 18:28:28,REAL,2653679045,483,2653679528,2653679528
2025-06-18 18:28:30,REAL,2653679528,478,2653680006,2653680006
2025-06-18 18:28:32,REAL,2653680006,485,2653680491,2653680491
2025-06-18 18:28:34,REAL,2653680491,542,2653681033,2653681033
2025-06-18 18:28:36,REAL,2653681033,485,2653681518,2653681518
2025-06-18 18:28:38,REAL,2653681518,476,2653681994,2653681994
2025-06-18 18:28:40,REAL,2653681994,488,2653682482,2653682482
2025-06-18 18:28:42,REAL,2653682482,486,2653682968,2653682968
2025-06-18 18:28:44,REAL,2653682968,488,2653683456,2653683456
2025-06-18 18:28:46,REAL,2653683456,486,2653683942,2653683942
2025-06-18 18:28:48,REAL,2653683942,547,2653684489,2653684489
2025-06-18 18:28:50,REAL,2653684489,485,2653684974,2653684974
2025-06-18 18:28:52,REAL,2653684974,485,2653685459,2653685459
2025-06-18 18:28:54,REAL,2653685459,490,2653685949,2653685949
2025-06-18 18:28:56,REAL,2653685949,542,2653686491,2653686491
2025-06-18 18:28:58,REAL,2653686491,484,2653686975,2653686975
2025-06-18 18:29:00,REAL,2653686975,491,2653687466,2653687466
2025-06-18 18:29:02,REAL,2653687466,482,2653687948,2653687948
2025-06-18 18:29:04,REAL,2653687948,487,2653688435,2653688435
2025-06-18 18:29:06,REAL,2653688435,478,2653688913,2653688913
2025-06-18 18:29:08,REAL,2653688913,482,2653689395,2653689395
2025-06-18 18:29:10,REAL,2653689395,479,2653689874,2653689874
2025-06-18 18:29:12,REAL,2653689874,481,2653690355,2653690355
2025-06-18 18:29:14,REAL,2653690355,481,2653690836,2653690836
2025-06-18 18:29:16,REAL,2653690836,480,2653691316,2653691316
2025-06-18 18:29:18,REAL,2653691316,484,2653691800,2653691800
2025-06-18 18:29:20,REAL,2653691800,589,2653692389,2653692389
2025-06-18 18:29:22,REAL,2653692389,484,2653692873,2653692873
2025-06-18 18:29:24,REAL,2653692873,489,2653693362,2653693362
2025-06-18 18:29:26,REAL,2653693362,489,2653693851,2653693851
2025-06-18 18:29:28,REAL,2653693851,490,2653694341,2653694341
2025-06-18 18:29:30,REAL,2653694341,485,2653694826,2653694826
2025-06-18 18:29:32,REAL,2653694826,480,2653695306,2653695306
2025-06-18 18:29:34,REAL,2653695306,489,2653695795,2653695795
2025-06-18 18:29:36,REAL,2653695795,493,2653696288,2653696288
2025-06-18 18:29:38,REAL,2653696288,488,2653696776,2653696776
2025-06-18 18:29:40,REAL,2653696776,485,2653697261,2653697261
2025-06-18 18:29:42,REAL,2653697261,542,2653697803,2653697803
2025-06-18 18:29:44,REAL,2653697803,489,2653698292,2653698292
2025-06-18 18:29:46,REAL,2653698292,489,2653698781,2653698781
2025-06-18 18:29:48,REAL,2653698781,482,2653699263,2653699263
2025-06-18 18:29:50,REAL,2653699263,542,2653699805,2653699805
2025-06-18 18:29:52,REAL,2653699805,480,2653700285,2653700285
2025-06-18 18:29:54,REAL,2653700285,484,2653700769,2653700769
2025-06-18 18:29:56,REAL,2653700769,479,2653701248,2653701248
2025-06-18 18:29:58,REAL,2653701248,492,2653701740,2653701740
2025-06-18 18:30:00,REAL,2653701740,476,2653702216,2653702216
2025-06-18 18:30:02,REAL,2653702216,482,2653702698,2653702698
2025-06-18 18:30:04,REAL,2653702698,3860,2653706558,2653706558
2025-06-18 18:30:06,REAL,2653706558,11378,2653717936,2653717936
2025-06-18 18:30:08,REAL,2653717936,10258,2653728194,2653728194
2025-06-18 18:30:10,REAL,2653728194,10325,2653738519,2653738519
2025-06-18 18:30:12,REAL,2653738519,10254,2653748773,2653748773
2025-06-18 18:30:14,REAL,2653748773,10322,2653759095,2653759095
2025-06-18 18:30:16,REAL,2653759095,10245,2653769340,2653769340
2025-06-18 18:30:18,REAL,2653769340,10311,2653779651,2653779651
2025-06-18 18:30:20,REAL,2653779651,2393,2653782044,2653782044
2025-06-18 18:30:22,REAL,2653782044,474,2653782518,2653782518
2025-06-18 18:30:24,REAL,2653782518,488,2653783006,2653783006
2025-06-18 18:30:26,REAL,2653783006,481,2653783487,2653783487
2025-06-18 18:30:28,REAL,2653783487,541,2653784028,2653784028
2025-06-18 18:30:30,REAL,2653784028,487,2653784515,2653784515
2025-06-18 18:30:32,REAL,2653784515,485,2653785000,2653785000
2025-06-18 18:30:34,REAL,2653785000,550,2653785550,2653785550
2025-06-18 18:30:36,REAL,2653785550,481,2653786031,2653786031
2025-06-18 18:30:38,REAL,2653786031,485,2653786516,2653786516
2025-06-18 18:30:40,REAL,2653786516,494,2653787010,2653787010
2025-06-18 18:30:42,REAL,2653787010,483,2653787493,2653787493
2025-06-18 18:30:44,REAL,2653787493,489,2653787982,2653787982
2025-06-18 18:30:46,REAL,2653787982,487,2653788469,2653788469
2025-06-18 18:30:48,REAL,2653788469,480,2653788949,2653788949
2025-06-18 18:30:50,REAL,2653788949,483,2653789432,2653789432
2025-06-18 18:30:52,REAL,2653789432,533,2653789965,2653789965
2025-06-18 18:30:54,REAL,2653789965,484,2653790449,2653790449
2025-06-18 18:30:56,REAL,2653790449,488,2653790937,2653790937
2025-06-18 18:30:58,REAL,2653790937,244,2653791181,2653791181
2025-06-18 18:31:00,REAL,2653791181,480,2653791661,2653791661
2025-06-18 18:31:02,REAL,2653791661,482,2653792143,2653792143
2025-06-18 18:31:04,REAL,2653792143,483,2653792626,2653792626
2025-06-18 18:31:06,REAL,2653792626,487,2653793113,2653793113
2025-06-18 18:31:08,REAL,2653793113,5838,2653798951,2653798951
2025-06-18 18:31:10,REAL,2653798951,11508,2653810459,2653810459
2025-06-18 18:31:12,REAL,2653810459,11095,2653821554,2653821554
2025-06-18 18:31:14,REAL,2653821554,9480,2653831034,2653831034
2025-06-18 18:31:16,REAL,2653831034,10251,2653841285,2653841285
2025-06-18 18:31:18,REAL,2653841285,10252,2653851537,2653851537
2025-06-18 18:31:20,REAL,2653851537,10323,2653861860,2653861860
2025-06-18 18:31:22,REAL,2653861860,10313,2653872173,2653872173
2025-06-18 18:31:24,REAL,2653872173,1081,2653873254,2653873254
2025-06-18 18:31:26,REAL,2653873254,483,2653873737,2653873737
2025-06-18 18:31:28,REAL,2653873737,483,2653874220,2653874220
2025-06-18 18:31:30,REAL,2653874220,479,2653874699,2653874699
2025-06-18 18:31:32,REAL,2653874699,485,2653875184,2653875184
2025-06-18 18:31:34,REAL,2653875184,486,2653875670,2653875670
2025-06-18 18:31:36,REAL,2653875670,483,2653876153,2653876153
2025-06-18 18:31:38,REAL,2653876153,482,2653876635,2653876635
2025-06-18 18:31:40,REAL,2653876635,6173,2653882808,2653882808
2025-06-18 18:31:42,REAL,2653882808,11177,2653893985,2653893985
2025-06-18 18:31:44,REAL,2653893985,10254,2653904239,2653904239
2025-06-18 18:31:46,REAL,2653904239,10376,2653914615,2653914615
2025-06-18 18:31:48,REAL,2653914615,10244,2653924859,2653924859
2025-06-18 18:31:50,REAL,2653924859,10321,2653935180,2653935180
2025-06-18 18:31:52,REAL,2653935180,10259,2653945439,2653945439
2025-06-18 18:31:54,REAL,2653945439,10245,2653955684,2653955684
2025-06-18 18:31:56,REAL,2653955684,482,2653956166,2653956166
2025-06-18 18:31:58,REAL,2653956166,493,2653956659,2653956659
2025-06-18 18:32:00,REAL,2653956659,476,2653957135,2653957135
2025-06-18 18:32:02,REAL,2653957135,485,2653957620,2653957620
2025-06-18 18:32:04,REAL,2653957620,484,2653958104,2653958104
2025-06-18 18:32:06,REAL,2653958104,489,2653958593,2653958593
2025-06-18 18:32:08,REAL,2653958593,489,2653959082,2653959082
2025-06-18 18:32:10,REAL,2653959082,487,2653959569,2653959569
2025-06-18 18:32:12,REAL,2653959569,7868,2653967437,2653967437
2025-06-18 18:32:14,REAL,2653967437,13080,2653980517,2653980517
2025-06-18 18:32:16,REAL,2653980517,10322,2653990839,2653990839
2025-06-18 18:32:18,REAL,2653990839,10254,2654001093,2654001093
2025-06-18 18:32:20,REAL,2654001093,10318,2654011411,2654011411
2025-06-18 18:32:22,REAL,2654011411,10318,2654021729,2654021729
2025-06-18 18:32:24,REAL,2654021729,10246,2654031975,2654031975
2025-06-18 18:32:26,REAL,2654031975,9658,2654041633,2654041633
2025-06-18 18:32:28,REAL,2654041633,477,2654042110,2654042110
2025-06-18 18:32:30,REAL,2654042110,483,2654042593,2654042593
2025-06-18 18:32:32,REAL,2654042593,481,2654043074,2654043074
2025-06-18 18:32:34,REAL,2654043074,486,2654043560,2654043560
2025-06-18 18:32:36,REAL,2654043560,537,2654044097,2654044097
2025-06-18 18:32:38,REAL,2654044097,486,2654044583,2654044583
2025-06-18 18:32:40,REAL,2654044583,485,2654045068,2654045068
2025-06-18 18:32:42,REAL,2654045068,488,2654045556,2654045556
2025-06-18 18:32:44,REAL,2654045556,488,2654046044,2654046044
2025-06-18 18:32:46,REAL,2654046044,484,2654046528,2654046528
2025-06-18 18:32:48,REAL,2654046528,482,2654047010,2654047010
2025-06-18 18:32:50,REAL,2654047010,483,2654047493,2654047493
2025-06-18 18:32:52,REAL,2654047493,483,2654047976,2654047976
2025-06-18 18:32:54,REAL,2654047976,486,2654048462,2654048462
2025-06-18 18:32:56,REAL,2654048462,479,2654048941,2654048941
2025-06-18 18:32:58,REAL,2654048941,477,2654049418,2654049418
2025-06-18 18:33:00,REAL,2654049418,593,2654050011,2654050011
2025-06-18 18:33:02,REAL,2654050011,485,2654050496,2654050496
2025-06-18 18:33:04,REAL,2654050496,491,2654050987,2654050987
2025-06-18 18:33:06,REAL,2654050987,486,2654051473,2654051473
2025-06-18 18:33:08,REAL,2654051473,486,2654051959,2654051959
2025-06-18 18:33:10,REAL,2654051959,480,2654052439,2654052439
2025-06-18 18:33:12,REAL,2654052439,480,2654052919,2654052919
2025-06-18 18:33:14,REAL,2654052919,479,2654053398,2654053398
2025-06-18 18:33:16,REAL,2654053398,8282,2654061680,2654061680
2025-06-18 18:33:18,REAL,2654061680,10912,2654072592,2654072592
2025-06-18 18:33:20,REAL,2654072592,10251,2654082843,2654082843
2025-06-18 18:33:22,REAL,2654082843,10258,2654093101,2654093101
2025-06-18 18:33:24,REAL,2654093101,10368,2654103469,2654103469
2025-06-18 18:33:26,REAL,2654103469,10253,2654113722,2654113722
2025-06-18 18:33:28,REAL,2654113722,10325,2654124047,2654124047
2025-06-18 18:33:30,REAL,2654124047,8407,2654132454,2654132454
2025-06-18 18:33:32,REAL,2654132454,482,2654132936,2654132936
2025-06-18 18:33:34,REAL,2654132936,483,2654133419,2654133419
2025-06-18 18:33:36,REAL,2654133419,482,2654133901,2654133901
2025-06-18 18:33:38,REAL,2654133901,487,2654134388,2654134388
2025-06-18 18:33:40,REAL,2654134388,493,2654134881,2654134881
2025-06-18 18:33:42,REAL,2654134881,483,2654135364,2654135364
2025-06-18 18:33:44,REAL,2654135364,476,2654135840,2654135840
2025-06-18 18:33:46,REAL,2654135840,485,2654136325,2654136325
2025-06-18 18:33:48,REAL,2654136325,10857,2654147182,2654147182
2025-06-18 18:33:50,REAL,2654147182,11626,2654158808,2654158808
2025-06-18 18:33:52,REAL,2654158808,10251,2654169059,2654169059
2025-06-18 18:33:54,REAL,2654169059,10251,2654179310,2654179310
2025-06-18 18:33:56,REAL,2654179310,10317,2654189627,2654189627
2025-06-18 18:33:58,REAL,2654189627,10252,2654199879,2654199879
2025-06-18 18:34:00,REAL,2654199879,10248,2654210127,2654210127
2025-06-18 18:34:02,REAL,2654210127,7812,2654217939,2654217939
2025-06-18 18:34:04,REAL,2654217939,485,2654218424,2654218424
2025-06-18 18:34:06,REAL,2654218424,477,2654218901,2654218901
2025-06-18 18:34:08,REAL,2654218901,492,2654219393,2654219393
2025-06-18 18:34:10,REAL,2654219393,483,2654219876,2654219876
2025-06-18 18:34:12,REAL,2654219876,485,2654220361,2654220361
2025-06-18 18:34:14,REAL,2654220361,536,2654220897,2654220897
2025-06-18 18:34:16,REAL,2654220897,475,2654221372,2654221372
2025-06-18 18:34:18,REAL,2654221372,482,2654221854,2654221854
2025-06-18 18:34:20,REAL,2654221854,9791,2654231645,2654231645
2025-06-18 18:34:22,REAL,2654231645,10377,2654242022,2654242022
2025-06-18 18:34:24,REAL,2654242022,10255,2654252277,2654252277
2025-06-18 18:34:26,REAL,2654252277,10251,2654262528,2654262528
2025-06-18 18:34:28,REAL,2654262528,10315,2654272843,2654272843
2025-06-18 18:34:30,REAL,2654272843,10250,2654283093,2654283093
2025-06-18 18:34:32,REAL,2654283093,10247,2654293340,2654293340
2025-06-18 18:34:34,REAL,2654293340,7147,2654300487,2654300487
2025-06-18 18:34:36,REAL,2654300487,478,2654300965,2654300965
2025-06-18 18:34:38,REAL,2654300965,538,2654301503,2654301503
2025-06-18 18:34:40,REAL,2654301503,482,2654301985,2654301985
2025-06-18 18:34:42,REAL,2654301985,489,2654302474,2654302474
2025-06-18 18:34:44,REAL,2654302474,491,2654302965,2654302965
2025-06-18 18:34:46,REAL,2654302965,490,2654303455,2654303455
2025-06-18 18:34:48,REAL,2654303455,485,2654303940,2654303940
2025-06-18 18:34:50,REAL,2654303940,485,2654304425,2654304425
2025-06-18 18:34:52,REAL,2654304425,487,2654304912,2654304912
2025-06-18 18:34:54,REAL,2654304912,486,2654305398,2654305398
2025-06-18 18:34:56,REAL,2654305398,487,2654305885,2654305885
2025-06-18 18:34:58,REAL,2654305885,484,2654306369,2654306369
2025-06-18 18:35:00,REAL,2654306369,483,2654306852,2654306852
2025-06-18 18:35:02,REAL,2654306852,478,2654307330,2654307330
2025-06-18 18:35:04,REAL,2654307330,535,2654307865,2654307865
2025-06-18 18:35:06,REAL,2654307865,539,2654308404,2654308404
2025-06-18 18:35:08,REAL,2654308404,491,2654308895,2654308895
2025-06-18 18:35:10,REAL,2654308895,489,2654309384,2654309384
2025-06-18 18:35:12,REAL,2654309384,481,2654309865,2654309865
2025-06-18 18:35:14,REAL,2654309865,483,2654310348,2654310348
2025-06-18 18:35:16,REAL,2654310348,483,2654310831,2654310831
2025-06-18 18:35:18,REAL,2654310831,484,2654311315,2654311315
2025-06-18 18:35:20,REAL,2654311315,487,2654311802,2654311802
2025-06-18 18:35:22,REAL,2654311802,483,2654312285,2654312285
2025-06-18 18:35:24,REAL,2654312285,480,2654312765,2654312765
2025-06-18 18:35:26,REAL,2654312765,485,2654313250,2654313250
2025-06-18 18:35:28,REAL,2654313250,542,2654313792,2654313792
2025-06-18 18:35:30,REAL,2654313792,478,2654314270,2654314270
2025-06-18 18:35:32,REAL,2654314270,487,2654314757,2654314757
2025-06-18 18:35:34,REAL,2654314757,483,2654315240,2654315240
2025-06-18 18:35:36,REAL,2654315240,483,2654315723,2654315723
2025-06-18 18:35:38,REAL,2654315723,482,2654316205,2654316205
2025-06-18 18:35:40,REAL,2654316205,483,2654316688,2654316688
2025-06-18 18:35:42,REAL,2654316688,487,2654317175,2654317175
2025-06-18 18:35:44,REAL,2654317175,478,2654317653,2654317653
2025-06-18 18:35:46,REAL,2654317653,488,2654318141,2654318141
2025-06-18 18:35:48,REAL,2654318141,483,2654318624,2654318624
2025-06-18 18:35:50,REAL,2654318624,486,2654319110,2654319110
2025-06-18 18:35:52,REAL,2654319110,549,2654319659,2654319659
2025-06-18 18:35:54,REAL,2654319659,542,2654320201,2654320201
2025-06-18 18:35:56,REAL,2654320201,485,2654320686,2654320686
2025-06-18 18:35:58,REAL,2654320686,489,2654321175,2654321175
2025-06-18 18:36:00,REAL,2654321175,481,2654321656,2654321656
2025-06-18 18:36:02,REAL,2654321656,484,2654322140,2654322140
2025-06-18 18:36:04,REAL,2654322140,483,2654322623,2654322623
2025-06-18 18:36:06,REAL,2654322623,482,2654323105,2654323105
2025-06-18 18:36:08,REAL,2654323105,482,2654323587,2654323587
2025-06-18 18:36:10,REAL,2654323587,481,2654324068,2654324068
2025-06-18 18:36:12,REAL,2654324068,488,2654324556,2654324556
2025-06-18 18:36:14,REAL,2654324556,488,2654325044,2654325044
2025-06-18 18:36:16,REAL,2654325044,540,2654325584,2654325584
2025-06-18 18:36:18,REAL,2654325584,491,2654326075,2654326075
2025-06-18 18:36:20,REAL,2654326075,478,2654326553,2654326553
2025-06-18 18:36:22,REAL,2654326553,484,2654327037,2654327037
2025-06-18 18:36:24,REAL,2654327037,484,2654327521,2654327521
2025-06-18 18:36:26,REAL,2654327521,481,2654328002,2654328002
2025-06-18 18:36:28,REAL,2654328002,485,2654328487,2654328487
2025-06-18 18:36:30,REAL,2654328487,536,2654329023,2654329023
2025-06-18 18:36:32,REAL,2654329023,484,2654329507,2654329507
2025-06-18 18:36:34,REAL,2654329507,484,2654329991,2654329991
2025-06-18 18:36:36,REAL,2654329991,484,2654330475,2654330475
2025-06-18 18:36:38,REAL,2654330475,482,2654330957,2654330957
2025-06-18 18:36:40,REAL,2654330957,492,2654331449,2654331449
2025-06-18 18:36:42,REAL,2654331449,536,2654331985,2654331985
2025-06-18 18:36:44,REAL,2654331985,484,2654332469,2654332469
2025-06-18 18:36:46,REAL,2654332469,488,2654332957,2654332957
2025-06-18 18:36:48,REAL,2654332957,481,2654333438,2654333438
2025-06-18 18:36:50,REAL,2654333438,484,2654333922,2654333922
2025-06-18 18:36:52,REAL,2654333922,479,2654334401,2654334401
2025-06-18 18:36:54,REAL,2654334401,483,2654334884,2654334884
2025-06-18 18:36:56,REAL,2654334884,476,2654335360,2654335360
2025-06-18 18:36:58,REAL,2654335360,2071,2654337431,2654337431
2025-06-18 18:37:00,REAL,2654337431,14680,2654352111,2654352111
2025-06-18 18:37:02,REAL,2654352111,10373,2654362484,2654362484
2025-06-18 18:37:04,REAL,2654362484,10251,2654372735,2654372735
2025-06-18 18:37:06,REAL,2654372735,10252,2654382987,2654382987
2025-06-18 18:37:08,REAL,2654382987,10321,2654393308,2654393308
2025-06-18 18:37:10,REAL,2654393308,10247,2654403555,2654403555
2025-06-18 18:37:12,REAL,2654403555,10314,2654413869,2654413869
2025-06-18 18:37:14,REAL,2654413869,3977,2654417846,2654417846
2025-06-18 18:37:16,REAL,2654417846,486,2654418332,2654418332
2025-06-18 18:37:18,REAL,2654418332,485,2654418817,2654418817
2025-06-18 18:37:20,REAL,2654418817,488,2654419305,2654419305
2025-06-18 18:37:22,REAL,2654419305,484,2654419789,2654419789
2025-06-18 18:37:24,REAL,2654419789,536,2654420325,2654420325
2025-06-18 18:37:26,REAL,2654420325,474,2654420799,2654420799
2025-06-18 18:37:28,REAL,2654420799,485,2654421284,2654421284
2025-06-18 18:37:30,REAL,2654421284,2873,2654424157,2654424157
2025-06-18 18:37:32,REAL,2654424157,11959,2654436116,2654436116
2025-06-18 18:37:34,REAL,2654436116,10317,2654446433,2654446433
2025-06-18 18:37:36,REAL,2654446433,10248,2654456681,2654456681
2025-06-18 18:37:38,REAL,2654456681,10312,2654466993,2654466993
2025-06-18 18:37:40,REAL,2654466993,10248,2654477241,2654477241
2025-06-18 18:37:42,REAL,2654477241,10255,2654487496,2654487496
2025-06-18 18:37:44,REAL,2654487496,10770,2654498266,2654498266
2025-06-18 18:37:46,REAL,2654498266,2993,2654501259,2654501259
2025-06-18 18:37:48,REAL,2654501259,483,2654501742,2654501742
2025-06-18 18:37:50,REAL,2654501742,486,2654502228,2654502228
2025-06-18 18:37:52,REAL,2654502228,8742,2654510970,2654510970
2025-06-18 18:37:54,REAL,2654510970,10647,2654521617,2654521617
2025-06-18 18:37:56,REAL,2654521617,10247,2654531864,2654531864
2025-06-18 18:37:58,REAL,2654531864,10248,2654542112,2654542112
2025-06-18 18:38:00,REAL,2654542112,10246,2654552358,2654552358
2025-06-18 18:38:02,REAL,2654552358,10310,2654562668,2654562668
2025-06-18 18:38:04,REAL,2654562668,10244,2654572912,2654572912
2025-06-18 18:38:06,REAL,2654572912,7923,2654580835,2654580835
2025-06-18 18:38:08,REAL,2654580835,487,2654581322,2654581322
2025-06-18 18:38:10,REAL,2654581322,478,2654581800,2654581800
2025-06-18 18:38:12,REAL,2654581800,484,2654582284,2654582284
2025-06-18 18:38:14,REAL,2654582284,479,2654582763,2654582763
2025-06-18 18:38:16,REAL,2654582763,483,2654583246,2654583246
2025-06-18 18:38:18,REAL,2654583246,483,2654583729,2654583729
2025-06-18 18:38:20,REAL,2654583729,479,2654584208,2654584208
2025-06-18 18:38:22,REAL,2654584208,482,2654584690,2654584690
2025-06-18 18:38:24,REAL,2654584690,9612,2654594302,2654594302
2025-06-18 18:38:26,REAL,2654594302,10563,2654604865,2654604865
2025-06-18 18:38:28,REAL,2654604865,10251,2654615116,2654615116
2025-06-18 18:38:30,REAL,2654615116,10311,2654625427,2654625427
2025-06-18 18:38:32,REAL,2654625427,10262,2654635689,2654635689
2025-06-18 18:38:34,REAL,2654635689,10244,2654645933,2654645933
2025-06-18 18:38:36,REAL,2654645933,10247,2654656180,2654656180
2025-06-18 18:38:38,REAL,2654656180,7284,2654663464,2654663464
2025-06-18 18:38:40,REAL,2654663464,485,2654663949,2654663949
2025-06-18 18:38:42,REAL,2654663949,486,2654664435,2654664435
2025-06-18 18:38:44,REAL,2654664435,480,2654664915,2654664915
2025-06-18 18:38:46,REAL,2654664915,490,2654665405,2654665405
2025-06-18 18:38:48,REAL,2654665405,540,2654665945,2654665945
2025-06-18 18:38:50,REAL,2654665945,489,2654666434,2654666434
2025-06-18 18:38:52,REAL,2654666434,483,2654666917,2654666917
2025-06-18 18:38:54,REAL,2654666917,478,2654667395,2654667395
2025-06-18 18:38:56,REAL,2654667395,483,2654667878,2654667878
2025-06-18 18:38:58,REAL,2654667878,486,2654668364,2654668364
2025-06-18 18:39:00,REAL,2654668364,544,2654668908,2654668908
2025-06-18 18:39:02,REAL,2654668908,479,2654669387,2654669387
2025-06-18 18:39:04,REAL,2654669387,482,2654669869,2654669869
2025-06-18 18:39:06,REAL,2654669869,485,2654670354,2654670354
2025-06-18 18:39:08,REAL,2654670354,546,2654670900,2654670900
2025-06-18 18:39:10,REAL,2654670900,487,2654671387,2654671387
2025-06-18 18:39:12,REAL,2654671387,484,2654671871,2654671871
2025-06-18 18:39:14,REAL,2654671871,481,2654672352,2654672352
2025-06-18 18:39:16,REAL,2654672352,482,2654672834,2654672834
2025-06-18 18:39:18,REAL,2654672834,493,2654673327,2654673327
2025-06-18 18:39:20,REAL,2654673327,485,2654673812,2654673812
2025-06-18 18:39:22,REAL,2654673812,486,2654674298,2654674298
2025-06-18 18:39:24,REAL,2654674298,485,2654674783,2654674783
2025-06-18 18:39:26,REAL,2654674783,487,2654675270,2654675270
2025-06-18 18:39:28,REAL,2654675270,492,2654675762,2654675762
2025-06-18 18:39:30,REAL,2654675762,535,2654676297,2654676297
2025-06-18 18:39:32,REAL,2654676297,489,2654676786,2654676786
2025-06-18 18:39:34,REAL,2654676786,490,2654677276,2654677276
2025-06-18 18:39:36,REAL,2654677276,541,2654677817,2654677817
2025-06-18 18:39:38,REAL,2654677817,486,2654678303,2654678303
2025-06-18 18:39:40,REAL,2654678303,490,2654678793,2654678793
2025-06-18 18:39:42,REAL,2654678793,485,2654679278,2654679278
2025-06-18 18:39:44,REAL,2654679278,474,2654679752,2654679752
2025-06-18 18:39:46,REAL,2654679752,480,2654680232,2654680232
2025-06-18 18:39:48,REAL,2654680232,487,2654680719,2654680719
2025-06-18 18:39:50,REAL,2654680719,541,2654681260,2654681260
2025-06-18 18:39:52,REAL,2654681260,483,2654681743,2654681743
2025-06-18 18:39:54,REAL,2654681743,483,2654682226,2654682226
2025-06-18 18:39:56,REAL,2654682226,480,2654682706,2654682706
2025-06-18 18:39:58,REAL,2654682706,484,2654683190,2654683190
2025-06-18 18:40:00,REAL,2654683190,11459,2654694649,2654694649
2025-06-18 18:40:02,REAL,2654694649,10319,2654704968,2654704968
2025-06-18 18:40:04,REAL,2654704968,10252,2654715220,2654715220
2025-06-18 18:40:06,REAL,2654715220,10247,2654725467,2654725467
2025-06-18 18:40:08,REAL,2654725467,10249,2654735716,2654735716
2025-06-18 18:40:10,REAL,2654735716,10252,2654745968,2654745968
2025-06-18 18:40:12,REAL,2654745968,10382,2654756350,2654756350
2025-06-18 18:40:14,REAL,2654756350,5365,2654761715,2654761715
2025-06-18 18:40:16,REAL,2654761715,486,2654762201,2654762201
2025-06-18 18:40:18,REAL,2654762201,494,2654762695,2654762695
2025-06-18 18:40:20,REAL,2654762695,485,2654763180,2654763180
2025-06-18 18:40:22,REAL,2654763180,486,2654763666,2654763666
2025-06-18 18:40:24,REAL,2654763666,485,2654764151,2654764151
2025-06-18 18:40:26,REAL,2654764151,477,2654764628,2654764628
2025-06-18 18:40:28,REAL,2654764628,481,2654765109,2654765109
2025-06-18 18:40:30,REAL,2654765109,892,2654766001,2654766001
2025-06-18 18:40:32,REAL,2654766001,12028,2654778029,2654778029
2025-06-18 18:40:34,REAL,2654778029,10258,2654788287,2654788287
2025-06-18 18:40:36,REAL,2654788287,10257,2654798544,2654798544
2025-06-18 18:40:38,REAL,2654798544,10254,2654808798,2654808798
2025-06-18 18:40:40,REAL,2654808798,10312,2654819110,2654819110
2025-06-18 18:40:42,REAL,2654819110,10246,2654829356,2654829356
2025-06-18 18:40:44,REAL,2654829356,10247,2654839603,2654839603
2025-06-18 18:40:46,REAL,2654839603,4772,2654844375,2654844375
2025-06-18 18:40:48,REAL,2654844375,475,2654844850,2654844850
2025-06-18 18:40:50,REAL,2654844850,484,2654845334,2654845334
2025-06-18 18:40:52,REAL,2654845334,478,2654845812,2654845812
2025-06-18 18:40:54,REAL,2654845812,542,2654846354,2654846354
2025-06-18 18:40:56,REAL,2654846354,484,2654846838,2654846838
2025-06-18 18:40:58,REAL,2654846838,483,2654847321,2654847321
2025-06-18 18:41:00,REAL,2654847321,550,2654847871,2654847871
2025-06-18 18:41:02,REAL,2654847871,1810,2654849681,2654849681
2025-06-18 18:41:04,REAL,2654849681,11769,2654861450,2654861450
2025-06-18 18:41:06,REAL,2654861450,10257,2654871707,2654871707
2025-06-18 18:41:08,REAL,2654871707,10312,2654882019,2654882019
2025-06-18 18:41:10,REAL,2654882019,10246,2654892265,2654892265
2025-06-18 18:41:12,REAL,2654892265,10245,2654902510,2654902510
2025-06-18 18:41:14,REAL,2654902510,10379,2654912889,2654912889
2025-06-18 18:41:16,REAL,2654912889,10253,2654923142,2654923142
2025-06-18 18:41:18,REAL,2654923142,4187,2654927329,2654927329
2025-06-18 18:41:20,REAL,2654927329,481,2654927810,2654927810
2025-06-18 18:41:22,REAL,2654927810,486,2654928296,2654928296
2025-06-18 18:41:24,REAL,2654928296,483,2654928779,2654928779
2025-06-18 18:41:26,REAL,2654928779,481,2654929260,2654929260
2025-06-18 18:41:28,REAL,2654929260,486,2654929746,2654929746
2025-06-18 18:41:30,REAL,2654929746,493,2654930239,2654930239
2025-06-18 18:41:32,REAL,2654930239,541,2654930780,2654930780
2025-06-18 18:41:34,REAL,2654930780,480,2654931260,2654931260
2025-06-18 18:41:36,REAL,2654931260,488,2654931748,2654931748
2025-06-18 18:41:38,REAL,2654931748,486,2654932234,2654932234
2025-06-18 18:41:40,REAL,2654932234,486,2654932720,2654932720
2025-06-18 18:41:42,REAL,2654932720,487,2654933207,2654933207
2025-06-18 18:41:44,REAL,2654933207,483,2654933690,2654933690
2025-06-18 18:41:46,REAL,2654933690,481,2654934171,2654934171
2025-06-18 18:41:48,REAL,2654934171,482,2654934653,2654934653
2025-06-18 18:41:50,REAL,2654934653,490,2654935143,2654935143
2025-06-18 18:41:52,REAL,2654935143,485,2654935628,2654935628
2025-06-18 18:41:54,REAL,2654935628,488,2654936116,2654936116
2025-06-18 18:41:56,REAL,2654936116,486,2654936602,2654936602
2025-06-18 18:41:58,REAL,2654936602,484,2654937086,2654937086
2025-06-18 18:42:00,REAL,2654937086,541,2654937627,2654937627
2025-06-18 18:42:02,REAL,2654937627,532,2654938159,2654938159
2025-06-18 18:42:04,REAL,2654938159,489,2654938648,2654938648
2025-06-18 18:42:06,REAL,2654938648,491,2654939139,2654939139
2025-06-18 18:42:08,REAL,2654939139,489,2654939628,2654939628
2025-06-18 18:42:10,REAL,2654939628,488,2654940116,2654940116
2025-06-18 18:42:12,REAL,2654940116,482,2654940598,2654940598
2025-06-18 18:42:14,REAL,2654940598,492,2654941090,2654941090
2025-06-18 18:42:16,REAL,2654941090,477,2654941567,2654941567
2025-06-18 18:42:18,REAL,2654941567,483,2654942050,2654942050
2025-06-18 18:42:20,REAL,2654942050,488,2654942538,2654942538
2025-06-18 18:42:22,REAL,2654942538,3934,2654946472,2654946472
2025-06-18 18:42:24,REAL,2654946472,11173,2654957645,2654957645
2025-06-18 18:42:26,REAL,2654957645,10250,2654967895,2654967895
2025-06-18 18:42:28,REAL,2654967895,10316,2654978211,2654978211
2025-06-18 18:42:30,REAL,2654978211,10255,2654988466,2654988466
2025-06-18 18:42:32,REAL,2654988466,10315,2654998781,2654998781
2025-06-18 18:42:34,REAL,2654998781,10243,2655009024,2655009024
2025-06-18 18:42:36,REAL,2655009024,10323,2655019347,2655019347
2025-06-18 18:42:38,REAL,2655019347,2529,2655021876,2655021876
2025-06-18 18:42:40,REAL,2655021876,477,2655022353,2655022353
2025-06-18 18:42:42,REAL,2655022353,483,2655022836,2655022836
2025-06-18 18:42:44,REAL,2655022836,481,2655023317,2655023317
2025-06-18 18:42:46,REAL,2655023317,539,2655023856,2655023856
2025-06-18 18:42:48,REAL,2655023856,477,2655024333,2655024333
2025-06-18 18:42:50,REAL,2655024333,480,2655024813,2655024813
2025-06-18 18:42:52,REAL,2655024813,541,2655025354,2655025354
2025-06-18 18:42:54,REAL,2655025354,4451,2655029805,2655029805
2025-06-18 18:42:56,REAL,2655029805,14269,2655044074,2655044074
2025-06-18 18:42:58,REAL,2655044074,10309,2655054383,2655054383
2025-06-18 18:43:00,REAL,2655054383,10254,2655064637,2655064637
2025-06-18 18:43:02,REAL,2655064637,10319,2655074956,2655074956
2025-06-18 18:43:04,REAL,2655074956,10259,2655085215,2655085215
2025-06-18 18:43:06,REAL,2655085215,10320,2655095535,2655095535
2025-06-18 18:43:08,REAL,2655095535,10249,2655105784,2655105784
2025-06-18 18:43:10,REAL,2655105784,1999,2655107783,2655107783
2025-06-18 18:43:12,REAL,2655107783,487,2655108270,2655108270
2025-06-18 18:43:14,REAL,2655108270,491,2655108761,2655108761
2025-06-18 18:43:16,REAL,2655108761,477,2655109238,2655109238
2025-06-18 18:43:18,REAL,2655109238,481,2655109719,2655109719
2025-06-18 18:43:20,REAL,2655109719,475,2655110194,2655110194
2025-06-18 18:43:22,REAL,2655110194,548,2655110742,2655110742
2025-06-18 18:43:24,REAL,2655110742,479,2655111221,2655111221
2025-06-18 18:43:26,REAL,2655111221,487,2655111708,2655111708
2025-06-18 18:43:28,REAL,2655111708,484,2655112192,2655112192
2025-06-18 18:43:30,REAL,2655112192,482,2655112674,2655112674
2025-06-18 18:43:32,REAL,2655112674,543,2655113217,2655113217
2025-06-18 18:43:34,REAL,2655113217,475,2655113692,2655113692
2025-06-18 18:43:36,REAL,2655113692,485,2655114177,2655114177
2025-06-18 18:43:38,REAL,2655114177,485,2655114662,2655114662
2025-06-18 18:43:40,REAL,2655114662,489,2655115151,2655115151
2025-06-18 18:43:42,REAL,2655115151,484,2655115635,2655115635
2025-06-18 18:43:44,REAL,2655115635,488,2655116123,2655116123
2025-06-18 18:43:46,REAL,2655116123,484,2655116607,2655116607
2025-06-18 18:43:48,REAL,2655116607,493,2655117100,2655117100
2025-06-18 18:43:50,REAL,2655117100,480,2655117580,2655117580
2025-06-18 18:43:52,REAL,2655117580,541,2655118121,2655118121
2025-06-18 18:43:54,REAL,2655118121,483,2655118604,2655118604
2025-06-18 18:43:56,REAL,2655118604,478,2655119082,2655119082
2025-06-18 18:43:58,REAL,2655119082,485,2655119567,2655119567
2025-06-18 18:44:00,REAL,2655119567,482,2655120049,2655120049
2025-06-18 18:44:02,REAL,2655120049,483,2655120532,2655120532
2025-06-18 18:44:04,REAL,2655120532,482,2655121014,2655121014
2025-06-18 18:44:06,REAL,2655121014,487,2655121501,2655121501
2025-06-18 18:44:08,REAL,2655121501,484,2655121985,2655121985
2025-06-18 18:44:10,REAL,2655121985,484,2655122469,2655122469
2025-06-18 18:44:12,REAL,2655122469,476,2655122945,2655122945
2025-06-18 18:44:14,REAL,2655122945,6303,2655129248,2655129248
2025-06-18 18:44:16,REAL,2655129248,11498,2655140746,2655140746
2025-06-18 18:44:18,REAL,2655140746,10253,2655150999,2655150999
2025-06-18 18:44:20,REAL,2655150999,10244,2655161243,2655161243
2025-06-18 18:44:22,REAL,2655161243,10317,2655171560,2655171560
2025-06-18 18:44:24,REAL,2655171560,10249,2655181809,2655181809
2025-06-18 18:44:26,REAL,2655181809,10310,2655192119,2655192119
2025-06-18 18:44:28,REAL,2655192119,10181,2655202300,2655202300
2025-06-18 18:44:30,REAL,2655202300,487,2655202787,2655202787
2025-06-18 18:44:32,REAL,2655202787,481,2655203268,2655203268
2025-06-18 18:44:34,REAL,2655203268,483,2655203751,2655203751
2025-06-18 18:44:36,REAL,2655203751,485,2655204236,2655204236
2025-06-18 18:44:38,REAL,2655204236,480,2655204716,2655204716
2025-06-18 18:44:40,REAL,2655204716,490,2655205206,2655205206
2025-06-18 18:44:42,REAL,2655205206,480,2655205686,2655205686
2025-06-18 18:44:44,REAL,2655205686,532,2655206218,2655206218
2025-06-18 18:44:46,REAL,2655206218,7021,2655213239,2655213239
2025-06-18 18:44:48,REAL,2655213239,11046,2655224285,2655224285
2025-06-18 18:44:50,REAL,2655224285,10258,2655234543,2655234543
2025-06-18 18:44:52,REAL,2655234543,10315,2655244858,2655244858
2025-06-18 18:44:54,REAL,2655244858,10258,2655255116,2655255116
2025-06-18 18:44:56,REAL,2655255116,10323,2655265439,2655265439
2025-06-18 18:44:58,REAL,2655265439,10256,2655275695,2655275695
2025-06-18 18:45:00,REAL,2655275695,9590,2655285285,2655285285
2025-06-18 18:45:02,REAL,2655285285,538,2655285823,2655285823
2025-06-18 18:45:04,REAL,2655285823,477,2655286300,2655286300
2025-06-18 18:45:06,REAL,2655286300,485,2655286785,2655286785
2025-06-18 18:45:08,REAL,2655286785,480,2655287265,2655287265
2025-06-18 18:45:10,REAL,2655287265,482,2655287747,2655287747
2025-06-18 18:45:12,REAL,2655287747,494,2655288241,2655288241
2025-06-18 18:45:14,REAL,2655288241,549,2655288790,2655288790
2025-06-18 18:45:16,REAL,2655288790,487,2655289277,2655289277
2025-06-18 18:45:18,REAL,2655289277,480,2655289757,2655289757
2025-06-18 18:45:20,REAL,2655289757,482,2655290239,2655290239
2025-06-18 18:45:22,REAL,2655290239,481,2655290720,2655290720
2025-06-18 18:45:24,REAL,2655290720,486,2655291206,2655291206
2025-06-18 18:45:26,REAL,2655291206,484,2655291690,2655291690
2025-06-18 18:45:28,REAL,2655291690,482,2655292172,2655292172
2025-06-18 18:45:30,REAL,2655292172,480,2655292652,2655292652
2025-06-18 18:45:32,REAL,2655292652,479,2655293131,2655293131
2025-06-18 18:45:34,REAL,2655293131,487,2655293618,2655293618
2025-06-18 18:45:36,REAL,2655293618,491,2655294109,2655294109
2025-06-18 18:45:38,REAL,2655294109,484,2655294593,2655294593
2025-06-18 18:45:40,REAL,2655294593,479,2655295072,2655295072
2025-06-18 18:45:42,REAL,2655295072,535,2655295607,2655295607
2025-06-18 18:45:44,REAL,2655295607,483,2655296090,2655296090
2025-06-18 18:45:46,REAL,2655296090,541,2655296631,2655296631
2025-06-18 18:45:48,REAL,2655296631,483,2655297114,2655297114
2025-06-18 18:45:50,REAL,2655297114,8545,2655305659,2655305659
2025-06-18 18:45:52,REAL,2655305659,10643,2655316302,2655316302
2025-06-18 18:45:54,REAL,2655316302,10244,2655326546,2655326546
2025-06-18 18:45:56,REAL,2655326546,10245,2655336791,2655336791
2025-06-18 18:45:58,REAL,2655336791,10255,2655347046,2655347046
2025-06-18 18:46:00,REAL,2655347046,10322,2655357368,2655357368
2025-06-18 18:46:02,REAL,2655357368,10255,2655367623,2655367623
2025-06-18 18:46:04,REAL,2655367623,8341,2655375964,2655375964
2025-06-18 18:46:06,REAL,2655375964,482,2655376446,2655376446
2025-06-18 18:46:08,REAL,2655376446,483,2655376929,2655376929
2025-06-18 18:46:10,REAL,2655376929,485,2655377414,2655377414
2025-06-18 18:46:12,REAL,2655377414,490,2655377904,2655377904
2025-06-18 18:46:14,REAL,2655377904,483,2655378387,2655378387
2025-06-18 18:46:16,REAL,2655378387,481,2655378868,2655378868
2025-06-18 18:46:18,REAL,2655378868,477,2655379345,2655379345
2025-06-18 18:46:20,REAL,2655379345,475,2655379820,2655379820
2025-06-18 18:46:22,REAL,2655379820,488,2655380308,2655380308
2025-06-18 18:46:24,REAL,2655380308,489,2655380797,2655380797
2025-06-18 18:46:26,REAL,2655380797,485,2655381282,2655381282
2025-06-18 18:46:28,REAL,2655381282,475,2655381757,2655381757
2025-06-18 18:46:30,REAL,2655381757,546,2655382303,2655382303
2025-06-18 18:46:32,REAL,2655382303,485,2655382788,2655382788
2025-06-18 18:46:34,REAL,2655382788,544,2655383332,2655383332
2025-06-18 18:46:36,REAL,2655383332,490,2655383822,2655383822
2025-06-18 18:46:38,REAL,2655383822,485,2655384307,2655384307
2025-06-18 18:46:40,REAL,2655384307,489,2655384796,2655384796
2025-06-18 18:46:42,REAL,2655384796,491,2655385287,2655385287
2025-06-18 18:46:44,REAL,2655385287,487,2655385774,2655385774
2025-06-18 18:46:46,REAL,2655385774,478,2655386252,2655386252
2025-06-18 18:46:48,REAL,2655386252,478,2655386730,2655386730
2025-06-18 18:46:50,REAL,2655386730,480,2655387210,2655387210
2025-06-18 18:46:52,REAL,2655387210,485,2655387695,2655387695
2025-06-18 18:46:54,REAL,2655387695,12503,2655400198,2655400198
2025-06-18 18:46:56,REAL,2655400198,11507,2655411705,2655411705
2025-06-18 18:46:58,REAL,2655411705,10320,2655422025,2655422025
2025-06-18 18:47:00,REAL,2655422025,10244,2655432269,2655432269
2025-06-18 18:47:02,REAL,2655432269,10248,2655442517,2655442517
2025-06-18 18:47:04,REAL,2655442517,10376,2655452893,2655452893
2025-06-18 18:47:06,REAL,2655452893,10320,2655463213,2655463213
2025-06-18 18:47:08,REAL,2655463213,7016,2655470229,2655470229
2025-06-18 18:47:10,REAL,2655470229,480,2655470709,2655470709
2025-06-18 18:47:12,REAL,2655470709,477,2655471186,2655471186
2025-06-18 18:47:14,REAL,2655471186,487,2655471673,2655471673
2025-06-18 18:47:16,REAL,2655471673,483,2655472156,2655472156
2025-06-18 18:47:18,REAL,2655472156,482,2655472638,2655472638
2025-06-18 18:47:20,REAL,2655472638,477,2655473115,2655473115
2025-06-18 18:47:22,REAL,2655473115,482,2655473597,2655473597
2025-06-18 18:47:24,REAL,2655473597,477,2655474074,2655474074
2025-06-18 18:47:26,REAL,2655474074,484,2655474558,2655474558
2025-06-18 18:47:28,REAL,2655474558,479,2655475037,2655475037
2025-06-18 18:47:30,REAL,2655475037,480,2655475517,2655475517
2025-06-18 18:47:32,REAL,2655475517,483,2655476000,2655476000
2025-06-18 18:47:34,REAL,2655476000,485,2655476485,2655476485
2025-06-18 18:47:36,REAL,2655476485,479,2655476964,2655476964
2025-06-18 18:47:38,REAL,2655476964,592,2655477556,2655477556
2025-06-18 18:47:40,REAL,2655477556,486,2655478042,2655478042
2025-06-18 18:47:42,REAL,2655478042,243,2655478285,2655478285
2025-06-18 18:47:44,REAL,2655478285,483,2655478768,2655478768
2025-06-18 18:47:46,REAL,2655478768,481,2655479249,2655479249
2025-06-18 18:47:48,REAL,2655479249,475,2655479724,2655479724
2025-06-18 18:47:50,REAL,2655479724,483,2655480207,2655480207
2025-06-18 18:47:52,REAL,2655480207,483,2655480690,2655480690
2025-06-18 18:47:54,REAL,2655480690,485,2655481175,2655481175
2025-06-18 18:47:56,REAL,2655481175,479,2655481654,2655481654
2025-06-18 18:47:58,REAL,2655481654,487,2655482141,2655482141
2025-06-18 18:48:00,REAL,2655482141,485,2655482626,2655482626
2025-06-18 18:48:02,REAL,2655482626,481,2655483107,2655483107
2025-06-18 18:48:04,REAL,2655483107,493,2655483600,2655483600
2025-06-18 18:48:06,REAL,2655483600,489,2655484089,2655484089
2025-06-18 18:48:08,REAL,2655484089,482,2655484571,2655484571
2025-06-18 18:48:10,REAL,2655484571,538,2655485109,2655485109
2025-06-18 18:48:12,REAL,2655485109,486,2655485595,2655485595
2025-06-18 18:48:14,REAL,2655485595,479,2655486074,2655486074
2025-06-18 18:48:16,REAL,2655486074,485,2655486559,2655486559
2025-06-18 18:48:18,REAL,2655486559,482,2655487041,2655487041
2025-06-18 18:48:20,REAL,2655487041,481,2655487522,2655487522
2025-06-18 18:48:22,REAL,2655487522,489,2655488011,2655488011
2025-06-18 18:48:24,REAL,2655488011,545,2655488556,2655488556
2025-06-18 18:48:26,REAL,2655488556,485,2655489041,2655489041
2025-06-18 18:48:28,REAL,2655489041,484,2655489525,2655489525
2025-06-18 18:48:30,REAL,2655489525,483,2655490008,2655490008
2025-06-18 18:48:32,REAL,2655490008,488,2655490496,2655490496
2025-06-18 18:48:34,REAL,2655490496,482,2655490978,2655490978
2025-06-18 18:48:36,REAL,2655490978,487,2655491465,2655491465
2025-06-18 18:48:38,REAL,2655491465,479,2655491944,2655491944
2025-06-18 18:48:40,REAL,2655491944,490,2655492434,2655492434
2025-06-18 18:48:42,REAL,2655492434,538,2655492972,2655492972
2025-06-18 18:48:44,REAL,2655492972,478,2655493450,2655493450
2025-06-18 18:48:46,REAL,2655493450,484,2655493934,2655493934
2025-06-18 18:48:48,REAL,2655493934,485,2655494419,2655494419
2025-06-18 18:48:50,REAL,2655494419,484,2655494903,2655494903
2025-06-18 18:48:52,REAL,2655494903,485,2655495388,2655495388
2025-06-18 18:48:54,REAL,2655495388,479,2655495867,2655495867
2025-06-18 18:48:56,REAL,2655495867,482,2655496349,2655496349
2025-06-18 18:48:58,REAL,2655496349,484,2655496833,2655496833
2025-06-18 18:49:00,REAL,2655496833,490,2655497323,2655497323
2025-06-18 18:49:02,REAL,2655497323,484,2655497807,2655497807
2025-06-18 18:49:04,REAL,2655497807,479,2655498286,2655498286
2025-06-18 18:49:06,REAL,2655498286,480,2655498766,2655498766
2025-06-18 18:49:08,REAL,2655498766,538,2655499304,2655499304
2025-06-18 18:49:10,REAL,2655499304,479,2655499783,2655499783
2025-06-18 18:49:12,REAL,2655499783,480,2655500263,2655500263
2025-06-18 18:49:14,REAL,2655500263,485,2655500748,2655500748
2025-06-18 18:49:16,REAL,2655500748,539,2655501287,2655501287
2025-06-18 18:49:18,REAL,2655501287,484,2655501771,2655501771
2025-06-18 18:49:20,REAL,2655501771,483,2655502254,2655502254
2025-06-18 18:49:22,REAL,2655502254,491,2655502745,2655502745
2025-06-18 18:49:24,REAL,2655502745,485,2655503230,2655503230
2025-06-18 18:49:26,REAL,2655503230,493,2655503723,2655503723
2025-06-18 18:49:28,REAL,2655503723,478,2655504201,2655504201
2025-06-18 18:49:30,REAL,2655504201,492,2655504693,2655504693
2025-06-18 18:49:32,REAL,2655504693,484,2655505177,2655505177
2025-06-18 18:49:34,REAL,2655505177,486,2655505663,2655505663
2025-06-18 18:49:36,REAL,2655505663,485,2655506148,2655506148
2025-06-18 18:49:38,REAL,2655506148,482,2655506630,2655506630
2025-06-18 18:49:40,REAL,2655506630,481,2655507111,2655507111
2025-06-18 18:49:42,REAL,2655507111,490,2655507601,2655507601
2025-06-18 18:49:44,REAL,2655507601,481,2655508082,2655508082
2025-06-18 18:49:46,REAL,2655508082,484,2655508566,2655508566
2025-06-18 18:49:48,REAL,2655508566,2592,2655511158,2655511158
2025-06-18 18:49:50,REAL,2655511158,15465,2655526623,2655526623
2025-06-18 18:49:52,REAL,2655526623,10320,2655536943,2655536943
2025-06-18 18:49:54,REAL,2655536943,10260,2655547203,2655547203
2025-06-18 18:49:56,REAL,2655547203,10250,2655557453,2655557453
2025-06-18 18:49:58,REAL,2655557453,10319,2655567772,2655567772
2025-06-18 18:50:00,REAL,2655567772,10253,2655578025,2655578025
2025-06-18 18:50:02,REAL,2655578025,10253,2655588278,2655588278
2025-06-18 18:50:04,REAL,2655588278,3652,2655591930,2655591930
2025-06-18 18:50:06,REAL,2655591930,478,2655592408,2655592408
2025-06-18 18:50:08,REAL,2655592408,489,2655592897,2655592897
2025-06-18 18:50:10,REAL,2655592897,487,2655593384,2655593384
2025-06-18 18:50:12,REAL,2655593384,485,2655593869,2655593869
2025-06-18 18:50:14,REAL,2655593869,478,2655594347,2655594347
2025-06-18 18:50:16,REAL,2655594347,483,2655594830,2655594830
2025-06-18 18:50:18,REAL,2655594830,491,2655595321,2655595321
2025-06-18 18:50:20,REAL,2655595321,549,2655595870,2655595870
2025-06-18 18:50:22,REAL,2655595870,476,2655596346,2655596346
2025-06-18 18:50:24,REAL,2655596346,481,2655596827,2655596827
2025-06-18 18:50:26,REAL,2655596827,483,2655597310,2655597310
2025-06-18 18:50:28,REAL,2655597310,484,2655597794,2655597794
2025-06-18 18:50:30,REAL,2655597794,491,2655598285,2655598285
2025-06-18 18:50:32,REAL,2655598285,487,2655598772,2655598772
2025-06-18 18:50:34,REAL,2655598772,542,2655599314,2655599314
2025-06-18 18:50:36,REAL,2655599314,487,2655599801,2655599801
2025-06-18 18:50:38,REAL,2655599801,491,2655600292,2655600292
2025-06-18 18:50:40,REAL,2655600292,482,2655600774,2655600774
2025-06-18 18:50:42,REAL,2655600774,486,2655601260,2655601260
2025-06-18 18:50:44,REAL,2655601260,478,2655601738,2655601738
2025-06-18 18:50:46,REAL,2655601738,480,2655602218,2655602218
2025-06-18 18:50:48,REAL,2655602218,487,2655602705,2655602705
2025-06-18 18:50:50,REAL,2655602705,486,2655603191,2655603191
2025-06-18 18:50:52,REAL,2655603191,487,2655603678,2655603678
2025-06-18 18:50:54,REAL,2655603678,540,2655604218,2655604218
2025-06-18 18:50:56,REAL,2655604218,482,2655604700,2655604700
2025-06-18 18:50:58,REAL,2655604700,480,2655605180,2655605180
2025-06-18 18:51:00,REAL,2655605180,492,2655605672,2655605672
2025-06-18 18:51:02,REAL,2655605672,484,2655606156,2655606156
2025-06-18 18:51:04,REAL,2655606156,482,2655606638,2655606638
2025-06-18 18:51:06,REAL,2655606638,485,2655607123,2655607123
2025-06-18 18:51:08,REAL,2655607123,4719,2655611842,2655611842
2025-06-18 18:51:10,REAL,2655611842,11324,2655623166,2655623166
2025-06-18 18:51:12,REAL,2655623166,10256,2655633422,2655633422
2025-06-18 18:51:14,REAL,2655633422,10314,2655643736,2655643736
2025-06-18 18:51:16,REAL,2655643736,10254,2655653990,2655653990
2025-06-18 18:51:18,REAL,2655653990,10254,2655664244,2655664244
2025-06-18 18:51:20,REAL,2655664244,10259,2655674503,2655674503
2025-06-18 18:51:22,REAL,2655674503,10250,2655684753,2655684753
2025-06-18 18:51:24,REAL,2655684753,2072,2655686825,2655686825
2025-06-18 18:51:26,REAL,2655686825,539,2655687364,2655687364
2025-06-18 18:51:28,REAL,2655687364,485,2655687849,2655687849
2025-06-18 18:51:30,REAL,2655687849,484,2655688333,2655688333
2025-06-18 18:51:32,REAL,2655688333,483,2655688816,2655688816
2025-06-18 18:51:34,REAL,2655688816,481,2655689297,2655689297
2025-06-18 18:51:36,REAL,2655689297,475,2655689772,2655689772
2025-06-18 18:51:38,REAL,2655689772,477,2655690249,2655690249
2025-06-18 18:51:40,REAL,2655690249,5182,2655695431,2655695431
2025-06-18 18:51:42,REAL,2655695431,11570,2655707001,2655707001
2025-06-18 18:51:44,REAL,2655707001,10262,2655717263,2655717263
2025-06-18 18:51:46,REAL,2655717263,10312,2655727575,2655727575
2025-06-18 18:51:48,REAL,2655727575,10254,2655737829,2655737829
2025-06-18 18:51:50,REAL,2655737829,10309,2655748138,2655748138
2025-06-18 18:51:52,REAL,2655748138,10246,2655758384,2655758384
2025-06-18 18:51:54,REAL,2655758384,10250,2655768634,2655768634
2025-06-18 18:51:56,REAL,2655768634,1412,2655770046,2655770046
2025-06-18 18:51:58,REAL,2655770046,484,2655770530,2655770530
2025-06-18 18:52:00,REAL,2655770530,488,2655771018,2655771018
2025-06-18 18:52:02,REAL,2655771018,487,2655771505,2655771505
2025-06-18 18:52:04,REAL,2655771505,481,2655771986,2655771986
2025-06-18 18:52:06,REAL,2655771986,485,2655772471,2655772471
2025-06-18 18:52:08,REAL,2655772471,478,2655772949,2655772949
2025-06-18 18:52:10,REAL,2655772949,490,2655773439,2655773439
2025-06-18 18:52:12,REAL,2655773439,6688,2655780127,2655780127
2025-06-18 18:52:14,REAL,2655780127,13874,2655794001,2655794001
2025-06-18 18:52:16,REAL,2655794001,10301,2655804302,2655804302
2025-06-18 18:52:18,REAL,2655804302,10252,2655814554,2655814554
2025-06-18 18:52:20,REAL,2655814554,10312,2655824866,2655824866
2025-06-18 18:52:22,REAL,2655824866,10389,2655835255,2655835255
2025-06-18 18:52:24,REAL,2655835255,10196,2655845451,2655845451
2025-06-18 18:52:26,REAL,2655845451,10254,2655855705,2655855705
2025-06-18 18:52:28,REAL,2655855705,810,2655856515,2655856515
2025-06-18 18:52:30,REAL,2655856515,487,2655857002,2655857002
2025-06-18 18:52:32,REAL,2655857002,481,2655857483,2655857483
2025-06-18 18:52:34,REAL,2655857483,485,2655857968,2655857968
2025-06-18 18:52:36,REAL,2655857968,486,2655858454,2655858454
2025-06-18 18:52:38,REAL,2655858454,482,2655858936,2655858936
2025-06-18 18:52:40,REAL,2655858936,543,2655859479,2655859479
2025-06-18 18:52:42,REAL,2655859479,490,2655859969,2655859969
2025-06-18 18:52:44,REAL,2655859969,489,2655860458,2655860458
2025-06-18 18:52:46,REAL,2655860458,484,2655860942,2655860942
2025-06-18 18:52:48,REAL,2655860942,478,2655861420,2655861420
2025-06-18 18:52:50,REAL,2655861420,535,2655861955,2655861955
2025-06-18 18:52:52,REAL,2655861955,484,2655862439,2655862439
2025-06-18 18:52:54,REAL,2655862439,485,2655862924,2655862924
2025-06-18 18:52:56,REAL,2655862924,482,2655863406,2655863406
2025-06-18 18:52:58,REAL,2655863406,478,2655863884,2655863884
2025-06-18 18:53:00,REAL,2655863884,488,2655864372,2655864372
2025-06-18 18:53:02,REAL,2655864372,483,2655864855,2655864855
2025-06-18 18:53:04,REAL,2655864855,544,2655865399,2655865399
2025-06-18 18:53:06,REAL,2655865399,489,2655865888,2655865888
2025-06-18 18:53:08,REAL,2655865888,482,2655866370,2655866370
2025-06-18 18:53:10,REAL,2655866370,491,2655866861,2655866861
2025-06-18 18:53:12,REAL,2655866861,482,2655867343,2655867343
2025-06-18 18:53:14,REAL,2655867343,494,2655867837,2655867837
2025-06-18 18:53:16,REAL,2655867837,493,2655868330,2655868330
2025-06-18 18:53:18,REAL,2655868330,488,2655868818,2655868818
2025-06-18 18:53:20,REAL,2655868818,482,2655869300,2655869300
2025-06-18 18:53:22,REAL,2655869300,480,2655869780,2655869780
2025-06-18 18:53:24,REAL,2655869780,485,2655870265,2655870265
2025-06-18 18:53:26,REAL,2655870265,485,2655870750,2655870750
2025-06-18 18:53:28,REAL,2655870750,542,2655871292,2655871292
2025-06-18 18:53:30,REAL,2655871292,542,2655871834,2655871834
2025-06-18 18:53:32,REAL,2655871834,485,2655872319,2655872319
2025-06-18 18:53:34,REAL,2655872319,486,2655872805,2655872805
2025-06-18 18:53:36,REAL,2655872805,476,2655873281,2655873281
2025-06-18 18:53:38,REAL,2655873281,492,2655873773,2655873773
2025-06-18 18:53:40,REAL,2655873773,487,2655874260,2655874260
2025-06-18 18:53:42,REAL,2655874260,489,2655874749,2655874749
2025-06-18 18:53:44,REAL,2655874749,483,2655875232,2655875232
2025-06-18 18:53:46,REAL,2655875232,483,2655875715,2655875715
2025-06-18 18:53:48,REAL,2655875715,475,2655876190,2655876190
2025-06-18 18:53:50,REAL,2655876190,485,2655876675,2655876675
2025-06-18 18:53:52,REAL,2655876675,477,2655877152,2655877152
2025-06-18 18:53:54,REAL,2655877152,532,2655877684,2655877684
2025-06-18 18:53:56,REAL,2655877684,478,2655878162,2655878162
2025-06-18 18:53:58,REAL,2655878162,479,2655878641,2655878641
2025-06-18 18:54:00,REAL,2655878641,477,2655879118,2655879118
2025-06-18 18:54:02,REAL,2655879118,488,2655879606,2655879606
2025-06-18 18:54:04,REAL,2655879606,537,2655880143,2655880143
2025-06-18 18:54:06,REAL,2655880143,489,2655880632,2655880632
2025-06-18 18:54:08,REAL,2655880632,482,2655881114,2655881114
2025-06-18 18:54:10,REAL,2655881114,483,2655881597,2655881597
2025-06-18 18:54:12,REAL,2655881597,493,2655882090,2655882090
2025-06-18 18:54:14,REAL,2655882090,486,2655882576,2655882576
2025-06-18 18:54:16,REAL,2655882576,479,2655883055,2655883055
2025-06-18 18:54:18,REAL,2655883055,545,2655883600,2655883600
2025-06-18 18:54:20,REAL,2655883600,479,2655884079,2655884079
2025-06-18 18:54:22,REAL,2655884079,478,2655884557,2655884557
2025-06-18 18:54:24,REAL,2655884557,2870,2655887427,2655887427
2025-06-18 18:54:26,REAL,2655887427,14541,2655901968,2655901968
2025-06-18 18:54:28,REAL,2655901968,10320,2655912288,2655912288
2025-06-18 18:54:30,REAL,2655912288,10254,2655922542,2655922542
2025-06-18 18:54:32,REAL,2655922542,10257,2655932799,2655932799
2025-06-18 18:54:34,REAL,2655932799,10310,2655943109,2655943109
2025-06-18 18:54:36,REAL,2655943109,10245,2655953354,2655953354
2025-06-18 18:54:38,REAL,2655953354,10245,2655963599,2655963599
2025-06-18 18:54:40,REAL,2655963599,3196,2655966795,2655966795
2025-06-18 18:54:42,REAL,2655966795,542,2655967337,2655967337
2025-06-18 18:54:44,REAL,2655967337,480,2655967817,2655967817
2025-06-18 18:54:46,REAL,2655967817,482,2655968299,2655968299
2025-06-18 18:54:48,REAL,2655968299,485,2655968784,2655968784
2025-06-18 18:54:50,REAL,2655968784,480,2655969264,2655969264
2025-06-18 18:54:52,REAL,2655969264,482,2655969746,2655969746
2025-06-18 18:54:54,REAL,2655969746,477,2655970223,2655970223
2025-06-18 18:54:56,REAL,2655970223,486,2655970709,2655970709
2025-06-18 18:54:58,REAL,2655970709,486,2655971195,2655971195
2025-06-18 18:55:00,REAL,2655971195,481,2655971676,2655971676
2025-06-18 18:55:02,REAL,2655971676,539,2655972215,2655972215
2025-06-18 18:55:04,REAL,2655972215,481,2655972696,2655972696
2025-06-18 18:55:06,REAL,2655972696,475,2655973171,2655973171
2025-06-18 18:55:08,REAL,2655973171,539,2655973710,2655973710
2025-06-18 18:55:10,REAL,2655973710,480,2655974190,2655974190
2025-06-18 18:55:12,REAL,2655974190,483,2655974673,2655974673
2025-06-18 18:55:14,REAL,2655974673,483,2655975156,2655975156
2025-06-18 18:55:16,REAL,2655975156,481,2655975637,2655975637
2025-06-18 18:55:18,REAL,2655975637,489,2655976126,2655976126
2025-06-18 18:55:20,REAL,2655976126,486,2655976612,2655976612
2025-06-18 18:55:22,REAL,2655976612,487,2655977099,2655977099
2025-06-18 18:55:24,REAL,2655977099,483,2655977582,2655977582
2025-06-18 18:55:26,REAL,2655977582,487,2655978069,2655978069
2025-06-18 18:55:28,REAL,2655978069,488,2655978557,2655978557
2025-06-18 18:55:30,REAL,2655978557,480,2655979037,2655979037
2025-06-18 18:55:32,REAL,2655979037,536,2655979573,2655979573
2025-06-18 18:55:34,REAL,2655979573,487,2655980060,2655980060
2025-06-18 18:55:36,REAL,2655980060,483,2655980543,2655980543
2025-06-18 18:55:38,REAL,2655980543,478,2655981021,2655981021
2025-06-18 18:55:40,REAL,2655981021,532,2655981553,2655981553
2025-06-18 18:55:42,REAL,2655981553,488,2655982041,2655982041
2025-06-18 18:55:44,REAL,2655982041,477,2655982518,2655982518
2025-06-18 18:55:46,REAL,2655982518,479,2655982997,2655982997
2025-06-18 18:55:48,REAL,2655982997,483,2655983480,2655983480
2025-06-18 18:55:50,REAL,2655983480,483,2655983963,2655983963
2025-06-18 18:55:52,REAL,2655983963,480,2655984443,2655984443
2025-06-18 18:55:54,REAL,2655984443,488,2655984931,2655984931
2025-06-18 18:55:56,REAL,2655984931,544,2655985475,2655985475
2025-06-18 18:55:58,REAL,2655985475,482,2655985957,2655985957
2025-06-18 18:56:00,REAL,2655985957,483,2655986440,2655986440
2025-06-18 18:56:02,REAL,2655986440,484,2655986924,2655986924
2025-06-18 18:56:04,REAL,2655986924,488,2655987412,2655987412
2025-06-18 18:56:06,REAL,2655987412,476,2655987888,2655987888
2025-06-18 18:56:08,REAL,2655987888,484,2655988372,2655988372
2025-06-18 18:56:10,REAL,2655988372,485,2655988857,2655988857
2025-06-18 18:56:12,REAL,2655988857,481,2655989338,2655989338
2025-06-18 18:56:14,REAL,2655989338,493,2655989831,2655989831
2025-06-18 18:56:16,REAL,2655989831,5980,2655995811,2655995811
2025-06-18 18:56:18,REAL,2655995811,11116,2656006927,2656006927
2025-06-18 18:56:20,REAL,2656006927,10314,2656017241,2656017241
2025-06-18 18:56:22,REAL,2656017241,10253,2656027494,2656027494
2025-06-18 18:56:24,REAL,2656027494,10256,2656037750,2656037750
2025-06-18 18:56:26,REAL,2656037750,10252,2656048002,2656048002
2025-06-18 18:56:28,REAL,2656048002,10244,2656058246,2656058246
2025-06-18 18:56:30,REAL,2656058246,10252,2656068498,2656068498
2025-06-18 18:56:32,REAL,2656068498,940,2656069438,2656069438
2025-06-18 18:56:34,REAL,2656069438,492,2656069930,2656069930
2025-06-18 18:56:36,REAL,2656069930,478,2656070408,2656070408
2025-06-18 18:56:38,REAL,2656070408,537,2656070945,2656070945
2025-06-18 18:56:40,REAL,2656070945,482,2656071427,2656071427
2025-06-18 18:56:42,REAL,2656071427,483,2656071910,2656071910
2025-06-18 18:56:44,REAL,2656071910,482,2656072392,2656072392
2025-06-18 18:56:46,REAL,2656072392,539,2656072931,2656072931
2025-06-18 18:56:48,REAL,2656072931,491,2656073422,2656073422
2025-06-18 18:56:50,REAL,2656073422,493,2656073915,2656073915
2025-06-18 18:56:52,REAL,2656073915,481,2656074396,2656074396
2025-06-18 18:56:54,REAL,2656074396,486,2656074882,2656074882
2025-06-18 18:56:56,REAL,2656074882,484,2656075366,2656075366
2025-06-18 18:56:58,REAL,2656075366,482,2656075848,2656075848
2025-06-18 18:57:00,REAL,2656075848,545,2656076393,2656076393
2025-06-18 18:57:02,REAL,2656076393,484,2656076877,2656076877
2025-06-18 18:57:04,REAL,2656076877,483,2656077360,2656077360
2025-06-18 18:57:06,REAL,2656077360,478,2656077838,2656077838
2025-06-18 18:57:08,REAL,2656077838,484,2656078322,2656078322
2025-06-18 18:57:10,REAL,2656078322,541,2656078863,2656078863
2025-06-18 18:57:12,REAL,2656078863,477,2656079340,2656079340
2025-06-18 18:57:14,REAL,2656079340,479,2656079819,2656079819
2025-06-18 18:57:16,REAL,2656079819,475,2656080294,2656080294
2025-06-18 18:57:18,REAL,2656080294,486,2656080780,2656080780
2025-06-18 18:57:20,REAL,2656080780,7423,2656088203,2656088203
2025-06-18 18:57:22,REAL,2656088203,10782,2656098985,2656098985
2025-06-18 18:57:24,REAL,2656098985,10260,2656109245,2656109245
2025-06-18 18:57:26,REAL,2656109245,10254,2656119499,2656119499
2025-06-18 18:57:28,REAL,2656119499,10255,2656129754,2656129754
2025-06-18 18:57:30,REAL,2656129754,10257,2656140011,2656140011
2025-06-18 18:57:32,REAL,2656140011,10257,2656150268,2656150268
2025-06-18 18:57:34,REAL,2656150268,9515,2656159783,2656159783
2025-06-18 18:57:36,REAL,2656159783,477,2656160260,2656160260
2025-06-18 18:57:38,REAL,2656160260,487,2656160747,2656160747
2025-06-18 18:57:40,REAL,2656160747,483,2656161230,2656161230
2025-06-18 18:57:42,REAL,2656161230,543,2656161773,2656161773
2025-06-18 18:57:44,REAL,2656161773,483,2656162256,2656162256
2025-06-18 18:57:46,REAL,2656162256,481,2656162737,2656162737
2025-06-18 18:57:48,REAL,2656162737,489,2656163226,2656163226
2025-06-18 18:57:50,REAL,2656163226,477,2656163703,2656163703
2025-06-18 18:57:52,REAL,2656163703,487,2656164190,2656164190
2025-06-18 18:57:54,REAL,2656164190,483,2656164673,2656164673
2025-06-18 18:57:56,REAL,2656164673,491,2656165164,2656165164
2025-06-18 18:57:58,REAL,2656165164,485,2656165649,2656165649
2025-06-18 18:58:00,REAL,2656165649,539,2656166188,2656166188
2025-06-18 18:58:02,REAL,2656166188,486,2656166674,2656166674
2025-06-18 18:58:04,REAL,2656166674,536,2656167210,2656167210
2025-06-18 18:58:06,REAL,2656167210,479,2656167689,2656167689
2025-06-18 18:58:08,REAL,2656167689,491,2656168180,2656168180
2025-06-18 18:58:10,REAL,2656168180,486,2656168666,2656168666
2025-06-18 18:58:12,REAL,2656168666,475,2656169141,2656169141
2025-06-18 18:58:14,REAL,2656169141,481,2656169622,2656169622
2025-06-18 18:58:16,REAL,2656169622,488,2656170110,2656170110
2025-06-18 18:58:18,REAL,2656170110,479,2656170589,2656170589
2025-06-18 18:58:20,REAL,2656170589,483,2656171072,2656171072
2025-06-18 18:58:22,REAL,2656171072,487,2656171559,2656171559
2025-06-18 18:58:24,REAL,2656171559,478,2656172037,2656172037
2025-06-18 18:58:26,REAL,2656172037,595,2656172632,2656172632
2025-06-18 18:58:28,REAL,2656172632,482,2656173114,2656173114
2025-06-18 18:58:30,REAL,2656173114,484,2656173598,2656173598
2025-06-18 18:58:32,REAL,2656173598,493,2656174091,2656174091
2025-06-18 18:58:34,REAL,2656174091,487,2656174578,2656174578
2025-06-18 18:58:36,REAL,2656174578,482,2656175060,2656175060
2025-06-18 18:58:38,REAL,2656175060,487,2656175547,2656175547
2025-06-18 18:58:40,REAL,2656175547,487,2656176034,2656176034
2025-06-18 18:58:42,REAL,2656176034,477,2656176511,2656176511
2025-06-18 18:58:44,REAL,2656176511,487,2656176998,2656176998
2025-06-18 18:58:46,REAL,2656176998,478,2656177476,2656177476
2025-06-18 18:58:48,REAL,2656177476,480,2656177956,2656177956
2025-06-18 18:58:50,REAL,2656177956,599,2656178555,2656178555
2025-06-18 18:58:52,REAL,2656178555,485,2656179040,2656179040
2025-06-18 18:58:54,REAL,2656179040,483,2656179523,2656179523
2025-06-18 18:58:56,REAL,2656179523,480,2656180003,2656180003
2025-06-18 18:58:58,REAL,2656180003,483,2656180486,2656180486
2025-06-18 18:59:00,REAL,2656180486,4191,2656184677,2656184677
2025-06-18 18:59:02,REAL,2656184677,12896,2656197573,2656197573
2025-06-18 18:59:04,REAL,2656197573,10249,2656207822,2656207822
2025-06-18 18:59:06,REAL,2656207822,10311,2656218133,2656218133
2025-06-18 18:59:08,REAL,2656218133,10242,2656228375,2656228375
2025-06-18 18:59:10,REAL,2656228375,10243,2656238618,2656238618
2025-06-18 18:59:12,REAL,2656238618,10254,2656248872,2656248872
2025-06-18 18:59:14,REAL,2656248872,10316,2656259188,2656259188
2025-06-18 18:59:16,REAL,2656259188,2724,2656261912,2656261912
2025-06-18 18:59:18,REAL,2656261912,490,2656262402,2656262402
2025-06-18 18:59:20,REAL,2656262402,487,2656262889,2656262889
2025-06-18 18:59:22,REAL,2656262889,535,2656263424,2656263424
2025-06-18 18:59:24,REAL,2656263424,476,2656263900,2656263900
2025-06-18 18:59:26,REAL,2656263900,483,2656264383,2656264383
2025-06-18 18:59:28,REAL,2656264383,486,2656264869,2656264869
2025-06-18 18:59:30,REAL,2656264869,487,2656265356,2656265356
2025-06-18 18:59:32,REAL,2656265356,487,2656265843,2656265843
2025-06-18 18:59:34,REAL,2656265843,476,2656266319,2656266319
2025-06-18 18:59:36,REAL,2656266319,476,2656266795,2656266795
2025-06-18 18:59:38,REAL,2656266795,481,2656267276,2656267276
2025-06-18 18:59:40,REAL,2656267276,475,2656267751,2656267751
2025-06-18 18:59:42,REAL,2656267751,542,2656268293,2656268293
2025-06-18 18:59:44,REAL,2656268293,536,2656268829,2656268829
2025-06-18 18:59:46,REAL,2656268829,488,2656269317,2656269317
2025-06-18 18:59:48,REAL,2656269317,480,2656269797,2656269797
2025-06-18 18:59:50,REAL,2656269797,490,2656270287,2656270287
2025-06-18 18:59:52,REAL,2656270287,486,2656270773,2656270773
2025-06-18 18:59:54,REAL,2656270773,491,2656271264,2656271264
2025-06-18 18:59:56,REAL,2656271264,486,2656271750,2656271750
2025-06-18 18:59:58,REAL,2656271750,484,2656272234,2656272234
2025-06-18 19:00:00,REAL,2656272234,481,2656272715,2656272715
2025-06-18 19:00:02,REAL,2656272715,490,2656273205,2656273205
2025-06-18 19:00:04,REAL,2656273205,5052,2656278257,2656278257
2025-06-18 19:00:06,REAL,2656278257,11896,2656290153,2656290153
2025-06-18 19:00:08,REAL,2656290153,10253,2656300406,2656300406
2025-06-18 19:00:10,REAL,2656300406,10250,2656310656,2656310656
2025-06-18 19:00:12,REAL,2656310656,10317,2656320973,2656320973
2025-06-18 19:00:14,REAL,2656320973,10254,2656331227,2656331227
2025-06-18 19:00:16,REAL,2656331227,10315,2656341542,2656341542
2025-06-18 19:00:18,REAL,2656341542,10250,2656351792,2656351792
2025-06-18 19:00:20,REAL,2656351792,1404,2656353196,2656353196
2025-06-18 19:00:22,REAL,2656353196,489,2656353685,2656353685
2025-06-18 19:00:24,REAL,2656353685,483,2656354168,2656354168
2025-06-18 19:00:26,REAL,2656354168,540,2656354708,2656354708
2025-06-18 19:00:28,REAL,2656354708,480,2656355188,2656355188
2025-06-18 19:00:30,REAL,2656355188,538,2656355726,2656355726
2025-06-18 19:00:32,REAL,2656355726,491,2656356217,2656356217
2025-06-18 19:00:34,REAL,2656356217,484,2656356701,2656356701
2025-06-18 19:00:36,REAL,2656356701,488,2656357189,2656357189
2025-06-18 19:00:38,REAL,2656357189,487,2656357676,2656357676
2025-06-18 19:00:40,REAL,2656357676,484,2656358160,2656358160
2025-06-18 19:00:42,REAL,2656358160,483,2656358643,2656358643
2025-06-18 19:00:44,REAL,2656358643,479,2656359122,2656359122
2025-06-18 19:00:46,REAL,2656359122,482,2656359604,2656359604
2025-06-18 19:00:48,REAL,2656359604,532,2656360136,2656360136
2025-06-18 19:00:50,REAL,2656360136,478,2656360614,2656360614
2025-06-18 19:00:52,REAL,2656360614,482,2656361096,2656361096
2025-06-18 19:00:54,REAL,2656361096,475,2656361571,2656361571
2025-06-18 19:00:56,REAL,2656361571,540,2656362111,2656362111
2025-06-18 19:00:58,REAL,2656362111,15146,2656377257,2656377257
2025-06-18 19:01:00,REAL,2656377257,10246,2656387503,2656387503
2025-06-18 19:01:02,REAL,2656387503,10313,2656397816,2656397816
2025-06-18 19:01:04,REAL,2656397816,10254,2656408070,2656408070
2025-06-18 19:01:06,REAL,2656408070,10245,2656418315,2656418315
2025-06-18 19:01:08,REAL,2656418315,10244,2656428559,2656428559
2025-06-18 19:01:10,REAL,2656428559,10249,2656438808,2656438808
2025-06-18 19:01:12,REAL,2656438808,5368,2656444176,2656444176
2025-06-18 19:01:14,REAL,2656444176,484,2656444660,2656444660
2025-06-18 19:01:16,REAL,2656444660,490,2656445150,2656445150
2025-06-18 19:01:18,REAL,2656445150,542,2656445692,2656445692
2025-06-18 19:01:20,REAL,2656445692,483,2656446175,2656446175
2025-06-18 19:01:22,REAL,2656446175,531,2656446706,2656446706
2025-06-18 19:01:24,REAL,2656446706,484,2656447190,2656447190
2025-06-18 19:01:26,REAL,2656447190,493,2656447683,2656447683
2025-06-18 19:01:28,REAL,2656447683,491,2656448174,2656448174
2025-06-18 19:01:30,REAL,2656448174,483,2656448657,2656448657
2025-06-18 19:01:32,REAL,2656448657,477,2656449134,2656449134
2025-06-18 19:01:34,REAL,2656449134,487,2656449621,2656449621
2025-06-18 19:01:36,REAL,2656449621,487,2656450108,2656450108
2025-06-18 19:01:38,REAL,2656450108,479,2656450587,2656450587
2025-06-18 19:01:40,REAL,2656450587,537,2656451124,2656451124
2025-06-18 19:01:42,REAL,2656451124,482,2656451606,2656451606
2025-06-18 19:01:44,REAL,2656451606,483,2656452089,2656452089
2025-06-18 19:01:46,REAL,2656452089,486,2656452575,2656452575
2025-06-18 19:01:48,REAL,2656452575,485,2656453060,2656453060
2025-06-18 19:01:50,REAL,2656453060,481,2656453541,2656453541
2025-06-18 19:01:52,REAL,2656453541,492,2656454033,2656454033
2025-06-18 19:01:54,REAL,2656454033,538,2656454571,2656454571
2025-06-18 19:01:56,REAL,2656454571,489,2656455060,2656455060
2025-06-18 19:01:58,REAL,2656455060,491,2656455551,2656455551
2025-06-18 19:02:00,REAL,2656455551,1873,2656457424,2656457424
2025-06-18 19:02:02,REAL,2656457424,15592,2656473016,2656473016
2025-06-18 19:02:04,REAL,2656473016,10250,2656483266,2656483266
2025-06-18 19:02:06,REAL,2656483266,10251,2656493517,2656493517
2025-06-18 19:02:08,REAL,2656493517,10319,2656503836,2656503836
2025-06-18 19:02:10,REAL,2656503836,10245,2656514081,2656514081
2025-06-18 19:02:12,REAL,2656514081,10250,2656524331,2656524331
2025-06-18 19:02:14,REAL,2656524331,10249,2656534580,2656534580
2025-06-18 19:02:16,REAL,2656534580,4109,2656538689,2656538689
2025-06-18 19:02:18,REAL,2656538689,476,2656539165,2656539165
2025-06-18 19:02:20,REAL,2656539165,490,2656539655,2656539655
2025-06-18 19:02:22,REAL,2656539655,541,2656540196,2656540196
2025-06-18 19:02:24,REAL,2656540196,480,2656540676,2656540676
2025-06-18 19:02:26,REAL,2656540676,534,2656541210,2656541210
2025-06-18 19:02:28,REAL,2656541210,485,2656541695,2656541695
2025-06-18 19:02:30,REAL,2656541695,484,2656542179,2656542179
2025-06-18 19:02:32,REAL,2656542179,3134,2656545313,2656545313
2025-06-18 19:02:34,REAL,2656545313,12755,2656558068,2656558068
2025-06-18 19:02:36,REAL,2656558068,10318,2656568386,2656568386
2025-06-18 19:02:38,REAL,2656568386,10249,2656578635,2656578635
2025-06-18 19:02:40,REAL,2656578635,10251,2656588886,2656588886
2025-06-18 19:02:42,REAL,2656588886,10318,2656599204,2656599204
2025-06-18 19:02:44,REAL,2656599204,10253,2656609457,2656609457
2025-06-18 19:02:46,REAL,2656609457,10326,2656619783,2656619783
2025-06-18 19:02:48,REAL,2656619783,3454,2656623237,2656623237
2025-06-18 19:02:50,REAL,2656623237,478,2656623715,2656623715
2025-06-18 19:02:52,REAL,2656623715,487,2656624202,2656624202
2025-06-18 19:02:54,REAL,2656624202,539,2656624741,2656624741
2025-06-18 19:02:56,REAL,2656624741,475,2656625216,2656625216
2025-06-18 19:02:58,REAL,2656625216,531,2656625747,2656625747
2025-06-18 19:03:00,REAL,2656625747,486,2656626233,2656626233
2025-06-18 19:03:02,REAL,2656626233,476,2656626709,2656626709
2025-06-18 19:03:04,REAL,2656626709,489,2656627198,2656627198
2025-06-18 19:03:06,REAL,2656627198,481,2656627679,2656627679
2025-06-18 19:03:08,REAL,2656627679,490,2656628169,2656628169
2025-06-18 19:03:10,REAL,2656628169,484,2656628653,2656628653
2025-06-18 19:03:12,REAL,2656628653,477,2656629130,2656629130
2025-06-18 19:03:14,REAL,2656629130,481,2656629611,2656629611
2025-06-18 19:03:16,REAL,2656629611,546,2656630157,2656630157
2025-06-18 19:03:18,REAL,2656630157,487,2656630644,2656630644
2025-06-18 19:03:20,REAL,2656630644,482,2656631126,2656631126
2025-06-18 19:03:22,REAL,2656631126,486,2656631612,2656631612
2025-06-18 19:03:24,REAL,2656631612,474,2656632086,2656632086
2025-06-18 19:03:26,REAL,2656632086,485,2656632571,2656632571
2025-06-18 19:03:28,REAL,2656632571,478,2656633049,2656633049
2025-06-18 19:03:30,REAL,2656633049,491,2656633540,2656633540
2025-06-18 19:03:32,REAL,2656633540,544,2656634084,2656634084
2025-06-18 19:03:34,REAL,2656634084,483,2656634567,2656634567
2025-06-18 19:03:36,REAL,2656634567,479,2656635046,2656635046
2025-06-18 19:03:38,REAL,2656635046,545,2656635591,2656635591
2025-06-18 19:03:40,REAL,2656635591,492,2656636083,2656636083
2025-06-18 19:03:42,REAL,2656636083,484,2656636567,2656636567
2025-06-18 19:03:44,REAL,2656636567,490,2656637057,2656637057
2025-06-18 19:03:46,REAL,2656637057,478,2656637535,2656637535
2025-06-18 19:03:48,REAL,2656637535,483,2656638018,2656638018
2025-06-18 19:03:50,REAL,2656638018,479,2656638497,2656638497
2025-06-18 19:03:52,REAL,2656638497,4512,2656643009,2656643009
2025-06-18 19:03:54,REAL,2656643009,11574,2656654583,2656654583
2025-06-18 19:03:56,REAL,2656654583,10254,2656664837,2656664837
2025-06-18 19:03:58,REAL,2656664837,10257,2656675094,2656675094
2025-06-18 19:04:00,REAL,2656675094,10255,2656685349,2656685349
2025-06-18 19:04:02,REAL,2656685349,10258,2656695607,2656695607
2025-06-18 19:04:04,REAL,2656695607,10305,2656705912,2656705912
2025-06-18 19:04:06,REAL,2656705912,10324,2656716236,2656716236
2025-06-18 19:04:08,REAL,2656716236,1865,2656718101,2656718101
2025-06-18 19:04:10,REAL,2656718101,482,2656718583,2656718583
2025-06-18 19:04:12,REAL,2656718583,485,2656719068,2656719068
2025-06-18 19:04:14,REAL,2656719068,546,2656719614,2656719614
2025-06-18 19:04:16,REAL,2656719614,494,2656720108,2656720108
2025-06-18 19:04:18,REAL,2656720108,486,2656720594,2656720594
2025-06-18 19:04:20,REAL,2656720594,480,2656721074,2656721074
2025-06-18 19:04:22,REAL,2656721074,486,2656721560,2656721560
2025-06-18 19:04:24,REAL,2656721560,492,2656722052,2656722052
2025-06-18 19:04:26,REAL,2656722052,245,2656722297,2656722297
2025-06-18 19:04:28,REAL,2656722297,490,2656722787,2656722787
2025-06-18 19:04:30,REAL,2656722787,490,2656723277,2656723277
2025-06-18 19:04:32,REAL,2656723277,488,2656723765,2656723765
2025-06-18 19:04:34,REAL,2656723765,486,2656724251,2656724251
2025-06-18 19:04:36,REAL,2656724251,539,2656724790,2656724790
2025-06-18 19:04:38,REAL,2656724790,549,2656725339,2656725339
2025-06-18 19:04:40,REAL,2656725339,489,2656725828,2656725828
2025-06-18 19:04:42,REAL,2656725828,483,2656726311,2656726311
2025-06-18 19:04:44,REAL,2656726311,477,2656726788,2656726788
2025-06-18 19:04:46,REAL,2656726788,478,2656727266,2656727266
2025-06-18 19:04:48,REAL,2656727266,481,2656727747,2656727747
2025-06-18 19:04:50,REAL,2656727747,489,2656728236,2656728236
2025-06-18 19:04:52,REAL,2656728236,476,2656728712,2656728712
2025-06-18 19:04:54,REAL,2656728712,486,2656729198,2656729198
2025-06-18 19:04:56,REAL,2656729198,7230,2656736428,2656736428
2025-06-18 19:04:58,REAL,2656736428,13620,2656750048,2656750048
2025-06-18 19:05:00,REAL,2656750048,10249,2656760297,2656760297
2025-06-18 19:05:02,REAL,2656760297,10310,2656770607,2656770607
2025-06-18 19:05:04,REAL,2656770607,10248,2656780855,2656780855
2025-06-18 19:05:06,REAL,2656780855,10254,2656791109,2656791109
2025-06-18 19:05:08,REAL,2656791109,10314,2656801423,2656801423
2025-06-18 19:05:10,REAL,2656801423,10303,2656811726,2656811726
2025-06-18 19:05:12,REAL,2656811726,619,2656812345,2656812345
2025-06-18 19:05:14,REAL,2656812345,484,2656812829,2656812829
2025-06-18 19:05:16,REAL,2656812829,485,2656813314,2656813314
2025-06-18 19:05:18,REAL,2656813314,534,2656813848,2656813848
2025-06-18 19:05:20,REAL,2656813848,489,2656814337,2656814337
2025-06-18 19:05:22,REAL,2656814337,491,2656814828,2656814828
2025-06-18 19:05:24,REAL,2656814828,485,2656815313,2656815313
2025-06-18 19:05:26,REAL,2656815313,486,2656815799,2656815799
2025-06-18 19:05:28,REAL,2656815799,484,2656816283,2656816283
2025-06-18 19:05:30,REAL,2656816283,485,2656816768,2656816768
2025-06-18 19:05:32,REAL,2656816768,486,2656817254,2656817254
2025-06-18 19:05:34,REAL,2656817254,489,2656817743,2656817743
2025-06-18 19:05:36,REAL,2656817743,477,2656818220,2656818220
2025-06-18 19:05:38,REAL,2656818220,488,2656818708,2656818708
2025-06-18 19:05:40,REAL,2656818708,546,2656819254,2656819254
2025-06-18 19:05:42,REAL,2656819254,539,2656819793,2656819793
2025-06-18 19:05:44,REAL,2656819793,478,2656820271,2656820271
2025-06-18 19:05:46,REAL,2656820271,486,2656820757,2656820757
2025-06-18 19:05:48,REAL,2656820757,484,2656821241,2656821241
2025-06-18 19:05:50,REAL,2656821241,489,2656821730,2656821730
2025-06-18 19:05:52,REAL,2656821730,488,2656822218,2656822218
2025-06-18 19:05:54,REAL,2656822218,476,2656822694,2656822694
2025-06-18 19:05:56,REAL,2656822694,480,2656823174,2656823174
2025-06-18 19:05:58,REAL,2656823174,486,2656823660,2656823660
2025-06-18 19:06:00,REAL,2656823660,481,2656824141,2656824141
2025-06-18 19:06:02,REAL,2656824141,482,2656824623,2656824623
2025-06-18 19:06:04,REAL,2656824623,477,2656825100,2656825100
2025-06-18 19:06:06,REAL,2656825100,484,2656825584,2656825584
2025-06-18 19:06:08,REAL,2656825584,477,2656826061,2656826061
2025-06-18 19:06:10,REAL,2656826061,483,2656826544,2656826544
2025-06-18 19:06:12,REAL,2656826544,486,2656827030,2656827030
2025-06-18 19:06:14,REAL,2656827030,485,2656827515,2656827515
2025-06-18 19:06:16,REAL,2656827515,536,2656828051,2656828051
2025-06-18 19:06:18,REAL,2656828051,484,2656828535,2656828535
2025-06-18 19:06:20,REAL,2656828535,482,2656829017,2656829017
2025-06-18 19:06:22,REAL,2656829017,481,2656829498,2656829498
2025-06-18 19:06:24,REAL,2656829498,478,2656829976,2656829976
2025-06-18 19:06:26,REAL,2656829976,536,2656830512,2656830512
2025-06-18 19:06:28,REAL,2656830512,482,2656830994,2656830994
2025-06-18 19:06:30,REAL,2656830994,479,2656831473,2656831473
2025-06-18 19:06:32,REAL,2656831473,486,2656831959,2656831959
2025-06-18 19:06:34,REAL,2656831959,480,2656832439,2656832439
2025-06-18 19:06:36,REAL,2656832439,489,2656832928,2656832928
2025-06-18 19:06:38,REAL,2656832928,488,2656833416,2656833416
2025-06-18 19:06:40,REAL,2656833416,479,2656833895,2656833895
2025-06-18 19:06:42,REAL,2656833895,478,2656834373,2656834373
2025-06-18 19:06:44,REAL,2656834373,482,2656834855,2656834855
2025-06-18 19:06:46,REAL,2656834855,488,2656835343,2656835343
2025-06-18 19:06:48,REAL,2656835343,483,2656835826,2656835826
2025-06-18 19:06:50,REAL,2656835826,546,2656836372,2656836372
2025-06-18 19:06:52,REAL,2656836372,484,2656836856,2656836856
2025-06-18 19:06:54,REAL,2656836856,483,2656837339,2656837339
2025-06-18 19:06:56,REAL,2656837339,489,2656837828,2656837828
2025-06-18 19:06:58,REAL,2656837828,485,2656838313,2656838313
2025-06-18 19:07:00,REAL,2656838313,490,2656838803,2656838803
2025-06-18 19:07:02,REAL,2656838803,485,2656839288,2656839288
2025-06-18 19:07:04,REAL,2656839288,475,2656839763,2656839763
2025-06-18 19:07:06,REAL,2656839763,491,2656840254,2656840254
2025-06-18 19:07:08,REAL,2656840254,475,2656840729,2656840729
2025-06-18 19:07:10,REAL,2656840729,486,2656841215,2656841215
2025-06-18 19:07:12,REAL,2656841215,537,2656841752,2656841752
2025-06-18 19:07:14,REAL,2656841752,479,2656842231,2656842231
2025-06-18 19:07:16,REAL,2656842231,484,2656842715,2656842715
2025-06-18 19:07:18,REAL,2656842715,488,2656843203,2656843203
2025-06-18 19:07:20,REAL,2656843203,9930,2656853133,2656853133
2025-06-18 19:07:22,REAL,2656853133,10520,2656863653,2656863653
2025-06-18 19:07:24,REAL,2656863653,10309,2656873962,2656873962
2025-06-18 19:07:26,REAL,2656873962,10248,2656884210,2656884210
2025-06-18 19:07:28,REAL,2656884210,10255,2656894465,2656894465
2025-06-18 19:07:30,REAL,2656894465,10246,2656904711,2656904711
2025-06-18 19:07:32,REAL,2656904711,10252,2656914963,2656914963
2025-06-18 19:07:34,REAL,2656914963,7612,2656922575,2656922575
2025-06-18 19:07:36,REAL,2656922575,480,2656923055,2656923055
2025-06-18 19:07:38,REAL,2656923055,487,2656923542,2656923542
2025-06-18 19:07:40,REAL,2656923542,484,2656924026,2656924026
2025-06-18 19:07:42,REAL,2656924026,477,2656924503,2656924503
2025-06-18 19:07:44,REAL,2656924503,487,2656924990,2656924990
2025-06-18 19:07:46,REAL,2656924990,493,2656925483,2656925483
2025-06-18 19:07:48,REAL,2656925483,479,2656925962,2656925962
2025-06-18 19:07:50,REAL,2656925962,491,2656926453,2656926453
2025-06-18 19:07:52,REAL,2656926453,10252,2656936705,2656936705
2025-06-18 19:07:54,REAL,2656936705,10445,2656947150,2656947150
2025-06-18 19:07:56,REAL,2656947150,10256,2656957406,2656957406
2025-06-18 19:07:58,REAL,2656957406,10259,2656967665,2656967665
2025-06-18 19:08:00,REAL,2656967665,10370,2656978035,2656978035
2025-06-18 19:08:02,REAL,2656978035,10252,2656988287,2656988287
2025-06-18 19:08:04,REAL,2656988287,10252,2656998539,2656998539
2025-06-18 19:08:06,REAL,2656998539,7016,2657005555,2657005555
2025-06-18 19:08:08,REAL,2657005555,480,2657006035,2657006035
2025-06-18 19:08:10,REAL,2657006035,482,2657006517,2657006517
2025-06-18 19:08:12,REAL,2657006517,481,2657006998,2657006998
2025-06-18 19:08:14,REAL,2657006998,488,2657007486,2657007486
2025-06-18 19:08:16,REAL,2657007486,487,2657007973,2657007973
2025-06-18 19:08:18,REAL,2657007973,483,2657008456,2657008456
2025-06-18 19:08:20,REAL,2657008456,487,2657008943,2657008943
2025-06-18 19:08:22,REAL,2657008943,478,2657009421,2657009421
2025-06-18 19:08:24,REAL,2657009421,484,2657009905,2657009905
2025-06-18 19:08:26,REAL,2657009905,483,2657010388,2657010388
2025-06-18 19:08:28,REAL,2657010388,484,2657010872,2657010872
2025-06-18 19:08:30,REAL,2657010872,487,2657011359,2657011359
2025-06-18 19:08:32,REAL,2657011359,484,2657011843,2657011843
2025-06-18 19:08:34,REAL,2657011843,538,2657012381,2657012381
2025-06-18 19:08:36,REAL,2657012381,486,2657012867,2657012867
2025-06-18 19:08:38,REAL,2657012867,538,2657013405,2657013405
2025-06-18 19:08:40,REAL,2657013405,478,2657013883,2657013883
2025-06-18 19:08:42,REAL,2657013883,483,2657014366,2657014366
2025-06-18 19:08:44,REAL,2657014366,481,2657014847,2657014847
2025-06-18 19:08:46,REAL,2657014847,481,2657015328,2657015328
2025-06-18 19:08:48,REAL,2657015328,490,2657015818,2657015818
2025-06-18 19:08:50,REAL,2657015818,485,2657016303,2657016303
2025-06-18 19:08:52,REAL,2657016303,486,2657016789,2657016789
2025-06-18 19:08:54,REAL,2657016789,482,2657017271,2657017271
2025-06-18 19:08:56,REAL,2657017271,484,2657017755,2657017755
2025-06-18 19:08:58,REAL,2657017755,478,2657018233,2657018233
2025-06-18 19:09:00,REAL,2657018233,482,2657018715,2657018715
2025-06-18 19:09:02,REAL,2657018715,488,2657019203,2657019203
2025-06-18 19:09:04,REAL,2657019203,480,2657019683,2657019683
2025-06-18 19:09:06,REAL,2657019683,483,2657020166,2657020166
2025-06-18 19:09:08,REAL,2657020166,486,2657020652,2657020652
2025-06-18 19:09:10,REAL,2657020652,545,2657021197,2657021197
2025-06-18 19:09:12,REAL,2657021197,490,2657021687,2657021687
2025-06-18 19:09:14,REAL,2657021687,490,2657022177,2657022177
2025-06-18 19:09:16,REAL,2657022177,487,2657022664,2657022664
2025-06-18 19:09:18,REAL,2657022664,487,2657023151,2657023151
2025-06-18 19:09:20,REAL,2657023151,479,2657023630,2657023630
2025-06-18 19:09:22,REAL,2657023630,487,2657024117,2657024117
2025-06-18 19:09:24,REAL,2657024117,540,2657024657,2657024657
2025-06-18 19:09:26,REAL,2657024657,483,2657025140,2657025140
2025-06-18 19:09:28,REAL,2657025140,474,2657025614,2657025614
2025-06-18 19:09:30,REAL,2657025614,479,2657026093,2657026093
2025-06-18 19:09:32,REAL,2657026093,482,2657026575,2657026575
2025-06-18 19:09:34,REAL,2657026575,488,2657027063,2657027063
2025-06-18 19:09:36,REAL,2657027063,490,2657027553,2657027553
2025-06-18 19:09:38,REAL,2657027553,479,2657028032,2657028032
2025-06-18 19:09:40,REAL,2657028032,478,2657028510,2657028510
2025-06-18 19:09:42,REAL,2657028510,754,2657029264,2657029264
2025-06-18 19:09:44,REAL,2657029264,15320,2657044584,2657044584
2025-06-18 19:09:46,REAL,2657044584,10312,2657054896,2657054896
2025-06-18 19:09:48,REAL,2657054896,10254,2657065150,2657065150
2025-06-18 19:09:50,REAL,2657065150,10250,2657075400,2657075400
2025-06-18 19:09:52,REAL,2657075400,10314,2657085714,2657085714
2025-06-18 19:09:54,REAL,2657085714,11043,2657096757,2657096757
2025-06-18 19:09:56,REAL,2657096757,9456,2657106213,2657106213
2025-06-18 19:09:58,REAL,2657106213,4776,2657110989,2657110989
2025-06-18 19:10:00,REAL,2657110989,484,2657111473,2657111473
2025-06-18 19:10:02,REAL,2657111473,481,2657111954,2657111954
2025-06-18 19:10:04,REAL,2657111954,482,2657112436,2657112436
2025-06-18 19:10:06,REAL,2657112436,485,2657112921,2657112921
2025-06-18 19:10:08,REAL,2657112921,490,2657113411,2657113411
2025-06-18 19:10:10,REAL,2657113411,484,2657113895,2657113895
2025-06-18 19:10:12,REAL,2657113895,484,2657114379,2657114379
2025-06-18 19:10:14,REAL,2657114379,484,2657114863,2657114863
2025-06-18 19:10:16,REAL,2657114863,489,2657115352,2657115352
2025-06-18 19:10:18,REAL,2657115352,539,2657115891,2657115891
2025-06-18 19:10:20,REAL,2657115891,480,2657116371,2657116371
2025-06-18 19:10:22,REAL,2657116371,487,2657116858,2657116858
2025-06-18 19:10:24,REAL,2657116858,490,2657117348,2657117348
2025-06-18 19:10:26,REAL,2657117348,483,2657117831,2657117831
2025-06-18 19:10:28,REAL,2657117831,486,2657118317,2657118317
2025-06-18 19:10:30,REAL,2657118317,541,2657118858,2657118858
2025-06-18 19:10:32,REAL,2657118858,489,2657119347,2657119347
2025-06-18 19:10:34,REAL,2657119347,488,2657119835,2657119835
2025-06-18 19:10:36,REAL,2657119835,480,2657120315,2657120315
2025-06-18 19:10:38,REAL,2657120315,484,2657120799,2657120799
2025-06-18 19:10:40,REAL,2657120799,486,2657121285,2657121285
2025-06-18 19:10:42,REAL,2657121285,487,2657121772,2657121772
2025-06-18 19:10:44,REAL,2657121772,484,2657122256,2657122256
2025-06-18 19:10:46,REAL,2657122256,485,2657122741,2657122741
2025-06-18 19:10:48,REAL,2657122741,491,2657123232,2657123232
2025-06-18 19:10:50,REAL,2657123232,482,2657123714,2657123714
2025-06-18 19:10:52,REAL,2657123714,485,2657124199,2657124199
2025-06-18 19:10:54,REAL,2657124199,541,2657124740,2657124740
2025-06-18 19:10:56,REAL,2657124740,494,2657125234,2657125234
2025-06-18 19:10:58,REAL,2657125234,485,2657125719,2657125719
2025-06-18 19:11:00,REAL,2657125719,480,2657126199,2657126199
2025-06-18 19:11:02,REAL,2657126199,489,2657126688,2657126688
2025-06-18 19:11:04,REAL,2657126688,486,2657127174,2657127174
2025-06-18 19:11:06,REAL,2657127174,485,2657127659,2657127659
2025-06-18 19:11:08,REAL,2657127659,486,2657128145,2657128145
2025-06-18 19:11:10,REAL,2657128145,482,2657128627,2657128627
2025-06-18 19:11:12,REAL,2657128627,483,2657129110,2657129110
2025-06-18 19:11:14,REAL,2657129110,480,2657129590,2657129590
2025-06-18 19:11:16,REAL,2657129590,491,2657130081,2657130081
2025-06-18 19:11:18,REAL,2657130081,3524,2657133605,2657133605
2025-06-18 19:11:20,REAL,2657133605,11499,2657145104,2657145104
2025-06-18 19:11:22,REAL,2657145104,10315,2657155419,2657155419
2025-06-18 19:11:24,REAL,2657155419,10255,2657165674,2657165674
2025-06-18 19:11:26,REAL,2657165674,10255,2657175929,2657175929
2025-06-18 19:11:28,REAL,2657175929,10305,2657186234,2657186234
2025-06-18 19:11:30,REAL,2657186234,10262,2657196496,2657196496
2025-06-18 19:11:32,REAL,2657196496,10245,2657206741,2657206741
2025-06-18 19:11:34,REAL,2657206741,2925,2657209666,2657209666
2025-06-18 19:11:36,REAL,2657209666,481,2657210147,2657210147
2025-06-18 19:11:38,REAL,2657210147,489,2657210636,2657210636
2025-06-18 19:11:40,REAL,2657210636,474,2657211110,2657211110
2025-06-18 19:11:42,REAL,2657211110,487,2657211597,2657211597
2025-06-18 19:11:44,REAL,2657211597,485,2657212082,2657212082
2025-06-18 19:11:46,REAL,2657212082,490,2657212572,2657212572
2025-06-18 19:11:48,REAL,2657212572,482,2657213054,2657213054
2025-06-18 19:11:50,REAL,2657213054,4057,2657217111,2657217111
2025-06-18 19:11:52,REAL,2657217111,11639,2657228750,2657228750
2025-06-18 19:11:54,REAL,2657228750,10255,2657239005,2657239005
2025-06-18 19:11:56,REAL,2657239005,10324,2657249329,2657249329
2025-06-18 19:11:58,REAL,2657249329,10249,2657259578,2657259578
2025-06-18 19:12:00,REAL,2657259578,10248,2657269826,2657269826
2025-06-18 19:12:02,REAL,2657269826,10315,2657280141,2657280141
2025-06-18 19:12:04,REAL,2657280141,10309,2657290450,2657290450
2025-06-18 19:12:06,REAL,2657290450,2263,2657292713,2657292713
2025-06-18 19:12:08,REAL,2657292713,486,2657293199,2657293199
2025-06-18 19:12:10,REAL,2657293199,492,2657293691,2657293691
2025-06-18 19:12:12,REAL,2657293691,486,2657294177,2657294177
2025-06-18 19:12:14,REAL,2657294177,489,2657294666,2657294666
2025-06-18 19:12:16,REAL,2657294666,484,2657295150,2657295150
2025-06-18 19:12:18,REAL,2657295150,487,2657295637,2657295637
2025-06-18 19:12:20,REAL,2657295637,475,2657296112,2657296112
2025-06-18 19:12:22,REAL,2657296112,488,2657296600,2657296600
2025-06-18 19:12:24,REAL,2657296600,477,2657297077,2657297077
2025-06-18 19:12:26,REAL,2657297077,486,2657297563,2657297563
2025-06-18 19:12:28,REAL,2657297563,490,2657298053,2657298053
2025-06-18 19:12:30,REAL,2657298053,477,2657298530,2657298530
2025-06-18 19:12:32,REAL,2657298530,484,2657299014,2657299014
2025-06-18 19:12:34,REAL,2657299014,487,2657299501,2657299501
2025-06-18 19:12:36,REAL,2657299501,483,2657299984,2657299984
2025-06-18 19:12:38,REAL,2657299984,539,2657300523,2657300523
2025-06-18 19:12:40,REAL,2657300523,542,2657301065,2657301065
2025-06-18 19:12:42,REAL,2657301065,484,2657301549,2657301549
2025-06-18 19:12:44,REAL,2657301549,484,2657302033,2657302033
2025-06-18 19:12:46,REAL,2657302033,483,2657302516,2657302516
2025-06-18 19:12:48,REAL,2657302516,491,2657303007,2657303007
2025-06-18 19:12:50,REAL,2657303007,483,2657303490,2657303490
2025-06-18 19:12:52,REAL,2657303490,493,2657303983,2657303983
2025-06-18 19:12:54,REAL,2657303983,489,2657304472,2657304472
2025-06-18 19:12:56,REAL,2657304472,481,2657304953,2657304953
2025-06-18 19:12:58,REAL,2657304953,487,2657305440,2657305440
2025-06-18 19:13:00,REAL,2657305440,486,2657305926,2657305926
2025-06-18 19:13:02,REAL,2657305926,479,2657306405,2657306405
2025-06-18 19:13:04,REAL,2657306405,486,2657306891,2657306891
2025-06-18 19:13:06,REAL,2657306891,475,2657307366,2657307366
2025-06-18 19:13:08,REAL,2657307366,485,2657307851,2657307851
2025-06-18 19:13:10,REAL,2657307851,6040,2657313891,2657313891
2025-06-18 19:13:12,REAL,2657313891,11367,2657325258,2657325258
2025-06-18 19:13:14,REAL,2657325258,10374,2657335632,2657335632
2025-06-18 19:13:16,REAL,2657335632,10249,2657345881,2657345881
2025-06-18 19:13:18,REAL,2657345881,10252,2657356133,2657356133
2025-06-18 19:13:20,REAL,2657356133,10321,2657366454,2657366454
2025-06-18 19:13:22,REAL,2657366454,10249,2657376703,2657376703
2025-06-18 19:13:24,REAL,2657376703,10255,2657386958,2657386958
2025-06-18 19:13:26,REAL,2657386958,682,2657387640,2657387640
2025-06-18 19:13:28,REAL,2657387640,492,2657388132,2657388132
2025-06-18 19:13:30,REAL,2657388132,487,2657388619,2657388619
2025-06-18 19:13:32,REAL,2657388619,476,2657389095,2657389095
2025-06-18 19:13:34,REAL,2657389095,488,2657389583,2657389583
2025-06-18 19:13:36,REAL,2657389583,484,2657390067,2657390067
2025-06-18 19:13:38,REAL,2657390067,487,2657390554,2657390554
2025-06-18 19:13:40,REAL,2657390554,482,2657391036,2657391036
2025-06-18 19:13:42,REAL,2657391036,481,2657391517,2657391517
2025-06-18 19:13:44,REAL,2657391517,485,2657392002,2657392002
2025-06-18 19:13:46,REAL,2657392002,487,2657392489,2657392489
2025-06-18 19:13:48,REAL,2657392489,491,2657392980,2657392980
2025-06-18 19:13:50,REAL,2657392980,531,2657393511,2657393511
2025-06-18 19:13:52,REAL,2657393511,481,2657393992,2657393992
2025-06-18 19:13:54,REAL,2657393992,485,2657394477,2657394477
2025-06-18 19:13:56,REAL,2657394477,481,2657394958,2657394958
2025-06-18 19:13:58,REAL,2657394958,542,2657395500,2657395500
2025-06-18 19:14:00,REAL,2657395500,494,2657395994,2657395994
2025-06-18 19:14:02,REAL,2657395994,484,2657396478,2657396478
2025-06-18 19:14:04,REAL,2657396478,484,2657396962,2657396962
2025-06-18 19:14:06,REAL,2657396962,488,2657397450,2657397450
2025-06-18 19:14:08,REAL,2657397450,487,2657397937,2657397937
2025-06-18 19:14:10,REAL,2657397937,486,2657398423,2657398423
2025-06-18 19:14:12,REAL,2657398423,489,2657398912,2657398912
2025-06-18 19:14:14,REAL,2657398912,482,2657399394,2657399394
2025-06-18 19:14:16,REAL,2657399394,479,2657399873,2657399873
2025-06-18 19:14:18,REAL,2657399873,488,2657400361,2657400361
2025-06-18 19:14:20,REAL,2657400361,492,2657400853,2657400853
2025-06-18 19:14:22,REAL,2657400853,485,2657401338,2657401338
2025-06-18 19:14:24,REAL,2657401338,486,2657401824,2657401824
2025-06-18 19:14:26,REAL,2657401824,532,2657402356,2657402356
2025-06-18 19:14:28,REAL,2657402356,482,2657402838,2657402838
2025-06-18 19:14:30,REAL,2657402838,7750,2657410588,2657410588
2025-06-18 19:14:32,REAL,2657410588,10775,2657421363,2657421363
2025-06-18 19:14:34,REAL,2657421363,10254,2657431617,2657431617
2025-06-18 19:14:36,REAL,2657431617,10255,2657441872,2657441872
2025-06-18 19:14:38,REAL,2657441872,10255,2657452127,2657452127
2025-06-18 19:14:40,REAL,2657452127,10253,2657462380,2657462380
2025-06-18 19:14:42,REAL,2657462380,10319,2657472699,2657472699
2025-06-18 19:14:44,REAL,2657472699,8932,2657481631,2657481631
2025-06-18 19:14:46,REAL,2657481631,483,2657482114,2657482114
2025-06-18 19:14:48,REAL,2657482114,484,2657482598,2657482598
2025-06-18 19:14:50,REAL,2657482598,485,2657483083,2657483083
2025-06-18 19:14:52,REAL,2657483083,481,2657483564,2657483564
2025-06-18 19:14:54,REAL,2657483564,486,2657484050,2657484050
2025-06-18 19:14:56,REAL,2657484050,493,2657484543,2657484543
2025-06-18 19:14:58,REAL,2657484543,491,2657485034,2657485034
2025-06-18 19:15:00,REAL,2657485034,482,2657485516,2657485516
2025-06-18 19:15:02,REAL,2657485516,485,2657486001,2657486001
2025-06-18 19:15:04,REAL,2657486001,538,2657486539,2657486539
2025-06-18 19:15:06,REAL,2657486539,486,2657487025,2657487025
2025-06-18 19:15:08,REAL,2657487025,476,2657487501,2657487501
2025-06-18 19:15:10,REAL,2657487501,480,2657487981,2657487981
2025-06-18 19:15:12,REAL,2657487981,477,2657488458,2657488458
2025-06-18 19:15:14,REAL,2657488458,487,2657488945,2657488945
2025-06-18 19:15:16,REAL,2657488945,484,2657489429,2657489429
2025-06-18 19:15:18,REAL,2657489429,536,2657489965,2657489965
2025-06-18 19:15:20,REAL,2657489965,487,2657490452,2657490452
2025-06-18 19:15:22,REAL,2657490452,489,2657490941,2657490941
2025-06-18 19:15:24,REAL,2657490941,480,2657491421,2657491421
2025-06-18 19:15:26,REAL,2657491421,490,2657491911,2657491911
2025-06-18 19:15:28,REAL,2657491911,479,2657492390,2657492390
2025-06-18 19:15:30,REAL,2657492390,480,2657492870,2657492870
2025-06-18 19:15:32,REAL,2657492870,476,2657493346,2657493346
2025-06-18 19:15:34,REAL,2657493346,483,2657493829,2657493829
2025-06-18 19:15:36,REAL,2657493829,482,2657494311,2657494311
2025-06-18 19:15:38,REAL,2657494311,487,2657494798,2657494798
2025-06-18 19:15:40,REAL,2657494798,538,2657495336,2657495336
2025-06-18 19:15:42,REAL,2657495336,486,2657495822,2657495822
2025-06-18 19:15:44,REAL,2657495822,485,2657496307,2657496307
2025-06-18 19:15:46,REAL,2657496307,490,2657496797,2657496797
2025-06-18 19:15:48,REAL,2657496797,490,2657497287,2657497287
2025-06-18 19:15:50,REAL,2657497287,480,2657497767,2657497767
2025-06-18 19:15:52,REAL,2657497767,489,2657498256,2657498256
2025-06-18 19:15:54,REAL,2657498256,482,2657498738,2657498738
2025-06-18 19:15:56,REAL,2657498738,485,2657499223,2657499223
2025-06-18 19:15:58,REAL,2657499223,480,2657499703,2657499703
2025-06-18 19:16:00,REAL,2657499703,492,2657500195,2657500195
2025-06-18 19:16:02,REAL,2657500195,482,2657500677,2657500677
2025-06-18 19:16:04,REAL,2657500677,478,2657501155,2657501155
2025-06-18 19:16:06,REAL,2657501155,479,2657501634,2657501634
2025-06-18 19:16:08,REAL,2657501634,538,2657502172,2657502172
2025-06-18 19:16:10,REAL,2657502172,484,2657502656,2657502656
2025-06-18 19:16:12,REAL,2657502656,492,2657503148,2657503148
2025-06-18 19:16:14,REAL,2657503148,542,2657503690,2657503690
2025-06-18 19:16:16,REAL,2657503690,486,2657504176,2657504176
2025-06-18 19:16:18,REAL,2657504176,482,2657504658,2657504658
2025-06-18 19:16:20,REAL,2657504658,486,2657505144,2657505144
2025-06-18 19:16:22,REAL,2657505144,482,2657505626,2657505626
2025-06-18 19:16:24,REAL,2657505626,483,2657506109,2657506109
2025-06-18 19:16:26,REAL,2657506109,483,2657506592,2657506592
2025-06-18 19:16:28,REAL,2657506592,484,2657507076,2657507076
2025-06-18 19:16:30,REAL,2657507076,480,2657507556,2657507556
2025-06-18 19:16:32,REAL,2657507556,487,2657508043,2657508043
2025-06-18 19:16:34,REAL,2657508043,492,2657508535,2657508535
2025-06-18 19:16:36,REAL,2657508535,490,2657509025,2657509025
2025-06-18 19:16:38,REAL,2657509025,480,2657509505,2657509505
2025-06-18 19:16:40,REAL,2657509505,485,2657509990,2657509990
2025-06-18 19:16:42,REAL,2657509990,483,2657510473,2657510473
2025-06-18 19:16:44,REAL,2657510473,486,2657510959,2657510959
2025-06-18 19:16:46,REAL,2657510959,484,2657511443,2657511443
2025-06-18 19:16:48,REAL,2657511443,486,2657511929,2657511929
2025-06-18 19:16:50,REAL,2657511929,536,2657512465,2657512465
2025-06-18 19:16:52,REAL,2657512465,483,2657512948,2657512948
2025-06-18 19:16:54,REAL,2657512948,483,2657513431,2657513431
2025-06-18 19:16:56,REAL,2657513431,548,2657513979,2657513979
2025-06-18 19:16:58,REAL,2657513979,490,2657514469,2657514469
2025-06-18 19:17:00,REAL,2657514469,485,2657514954,2657514954
2025-06-18 19:17:02,REAL,2657514954,486,2657515440,2657515440
2025-06-18 19:17:04,REAL,2657515440,489,2657515929,2657515929
2025-06-18 19:17:06,REAL,2657515929,483,2657516412,2657516412
2025-06-18 19:17:08,REAL,2657516412,490,2657516902,2657516902
2025-06-18 19:17:10,REAL,2657516902,483,2657517385,2657517385
2025-06-18 19:17:12,REAL,2657517385,484,2657517869,2657517869
2025-06-18 19:17:14,REAL,2657517869,481,2657518350,2657518350
2025-06-18 19:17:16,REAL,2657518350,491,2657518841,2657518841
2025-06-18 19:17:18,REAL,2657518841,489,2657519330,2657519330
2025-06-18 19:17:20,REAL,2657519330,545,2657519875,2657519875
2025-06-18 19:17:22,REAL,2657519875,484,2657520359,2657520359
2025-06-18 19:17:24,REAL,2657520359,490,2657520849,2657520849
2025-06-18 19:17:26,REAL,2657520849,482,2657521331,2657521331
2025-06-18 19:17:28,REAL,2657521331,479,2657521810,2657521810
2025-06-18 19:17:30,REAL,2657521810,489,2657522299,2657522299
2025-06-18 19:17:32,REAL,2657522299,486,2657522785,2657522785
2025-06-18 19:17:34,REAL,2657522785,536,2657523321,2657523321
2025-06-18 19:17:36,REAL,2657523321,478,2657523799,2657523799
2025-06-18 19:17:38,REAL,2657523799,485,2657524284,2657524284
2025-06-18 19:17:40,REAL,2657524284,476,2657524760,2657524760
2025-06-18 19:17:42,REAL,2657524760,490,2657525250,2657525250
2025-06-18 19:17:44,REAL,2657525250,486,2657525736,2657525736
2025-06-18 19:17:46,REAL,2657525736,546,2657526282,2657526282
2025-06-18 19:17:48,REAL,2657526282,483,2657526765,2657526765
2025-06-18 19:17:50,REAL,2657526765,485,2657527250,2657527250
2025-06-18 19:17:52,REAL,2657527250,487,2657527737,2657527737
2025-06-18 19:17:54,REAL,2657527737,488,2657528225,2657528225
2025-06-18 19:17:56,REAL,2657528225,762,2657528987,2657528987
2025-06-18 19:17:58,REAL,2657528987,12229,2657541216,2657541216
2025-06-18 19:18:00,REAL,2657541216,10256,2657551472,2657551472
2025-06-18 19:18:02,REAL,2657551472,10316,2657561788,2657561788
2025-06-18 19:18:04,REAL,2657561788,10251,2657572039,2657572039
2025-06-18 19:18:06,REAL,2657572039,10257,2657582296,2657582296
2025-06-18 19:18:08,REAL,2657582296,10325,2657592621,2657592621
2025-06-18 19:18:10,REAL,2657592621,10243,2657602864,2657602864
2025-06-18 19:18:12,REAL,2657602864,4835,2657607699,2657607699
2025-06-18 19:18:14,REAL,2657607699,481,2657608180,2657608180
2025-06-18 19:18:16,REAL,2657608180,540,2657608720,2657608720
2025-06-18 19:18:18,REAL,2657608720,486,2657609206,2657609206
2025-06-18 19:18:20,REAL,2657609206,480,2657609686,2657609686
2025-06-18 19:18:22,REAL,2657609686,483,2657610169,2657610169
2025-06-18 19:18:24,REAL,2657610169,491,2657610660,2657610660
2025-06-18 19:18:26,REAL,2657610660,486,2657611146,2657611146
2025-06-18 19:18:28,REAL,2657611146,493,2657611639,2657611639
2025-06-18 19:18:30,REAL,2657611639,475,2657612114,2657612114
2025-06-18 19:18:32,REAL,2657612114,489,2657612603,2657612603
2025-06-18 19:18:34,REAL,2657612603,531,2657613134,2657613134
2025-06-18 19:18:36,REAL,2657613134,481,2657613615,2657613615
2025-06-18 19:18:38,REAL,2657613615,486,2657614101,2657614101
2025-06-18 19:18:40,REAL,2657614101,489,2657614590,2657614590
2025-06-18 19:18:42,REAL,2657614590,483,2657615073,2657615073
2025-06-18 19:18:44,REAL,2657615073,490,2657615563,2657615563
2025-06-18 19:18:46,REAL,2657615563,549,2657616112,2657616112
2025-06-18 19:18:48,REAL,2657616112,488,2657616600,2657616600
2025-06-18 19:18:50,REAL,2657616600,487,2657617087,2657617087
2025-06-18 19:18:52,REAL,2657617087,483,2657617570,2657617570
2025-06-18 19:18:54,REAL,2657617570,478,2657618048,2657618048
2025-06-18 19:18:56,REAL,2657618048,487,2657618535,2657618535
2025-06-18 19:18:58,REAL,2657618535,483,2657619018,2657619018
2025-06-18 19:19:00,REAL,2657619018,2472,2657621490,2657621490
2025-06-18 19:19:02,REAL,2657621490,14479,2657635969,2657635969
2025-06-18 19:19:04,REAL,2657635969,10254,2657646223,2657646223
2025-06-18 19:19:06,REAL,2657646223,10315,2657656538,2657656538
2025-06-18 19:19:08,REAL,2657656538,10252,2657666790,2657666790
2025-06-18 19:19:10,REAL,2657666790,10252,2657677042,2657677042
2025-06-18 19:19:12,REAL,2657677042,10378,2657687420,2657687420
2025-06-18 19:19:14,REAL,2657687420,10244,2657697664,2657697664
2025-06-18 19:19:16,REAL,2657697664,3587,2657701251,2657701251
2025-06-18 19:19:18,REAL,2657701251,487,2657701738,2657701738
2025-06-18 19:19:20,REAL,2657701738,485,2657702223,2657702223
2025-06-18 19:19:22,REAL,2657702223,480,2657702703,2657702703
2025-06-18 19:19:24,REAL,2657702703,479,2657703182,2657703182
2025-06-18 19:19:26,REAL,2657703182,485,2657703667,2657703667
2025-06-18 19:19:28,REAL,2657703667,475,2657704142,2657704142
2025-06-18 19:19:30,REAL,2657704142,480,2657704622,2657704622
2025-06-18 19:19:32,REAL,2657704622,3194,2657707816,2657707816
2025-06-18 19:19:34,REAL,2657707816,15268,2657723084,2657723084
2025-06-18 19:19:36,REAL,2657723084,10255,2657733339,2657733339
2025-06-18 19:19:38,REAL,2657733339,10314,2657743653,2657743653
2025-06-18 19:19:40,REAL,2657743653,10255,2657753908,2657753908
2025-06-18 19:19:42,REAL,2657753908,10308,2657764216,2657764216
2025-06-18 19:19:44,REAL,2657764216,10321,2657774537,2657774537
2025-06-18 19:19:46,REAL,2657774537,10248,2657784785,2657784785
2025-06-18 19:19:48,REAL,2657784785,2997,2657787782,2657787782
2025-06-18 19:19:50,REAL,2657787782,482,2657788264,2657788264
2025-06-18 19:19:52,REAL,2657788264,484,2657788748,2657788748
2025-06-18 19:19:54,REAL,2657788748,488,2657789236,2657789236
2025-06-18 19:19:56,REAL,2657789236,480,2657789716,2657789716
2025-06-18 19:19:58,REAL,2657789716,478,2657790194,2657790194
2025-06-18 19:20:00,REAL,2657790194,491,2657790685,2657790685
2025-06-18 19:20:02,REAL,2657790685,484,2657791169,2657791169
2025-06-18 19:20:04,REAL,2657791169,485,2657791654,2657791654
2025-06-18 19:20:06,REAL,2657791654,481,2657792135,2657792135
2025-06-18 19:20:08,REAL,2657792135,489,2657792624,2657792624
2025-06-18 19:20:10,REAL,2657792624,600,2657793224,2657793224
2025-06-18 19:20:12,REAL,2657793224,487,2657793711,2657793711
2025-06-18 19:20:14,REAL,2657793711,485,2657794196,2657794196
2025-06-18 19:20:16,REAL,2657794196,489,2657794685,2657794685
2025-06-18 19:20:18,REAL,2657794685,492,2657795177,2657795177
2025-06-18 19:20:20,REAL,2657795177,486,2657795663,2657795663
2025-06-18 19:20:22,REAL,2657795663,490,2657796153,2657796153
2025-06-18 19:20:24,REAL,2657796153,483,2657796636,2657796636
2025-06-18 19:20:26,REAL,2657796636,486,2657797122,2657797122
2025-06-18 19:20:28,REAL,2657797122,484,2657797606,2657797606
2025-06-18 19:20:30,REAL,2657797606,482,2657798088,2657798088
2025-06-18 19:20:32,REAL,2657798088,480,2657798568,2657798568
2025-06-18 19:20:34,REAL,2657798568,485,2657799053,2657799053
2025-06-18 19:20:36,REAL,2657799053,480,2657799533,2657799533
2025-06-18 19:20:38,REAL,2657799533,475,2657800008,2657800008
2025-06-18 19:20:40,REAL,2657800008,537,2657800545,2657800545
2025-06-18 19:20:42,REAL,2657800545,486,2657801031,2657801031
2025-06-18 19:20:44,REAL,2657801031,476,2657801507,2657801507
2025-06-18 19:20:46,REAL,2657801507,540,2657802047,2657802047
2025-06-18 19:20:48,REAL,2657802047,489,2657802536,2657802536
2025-06-18 19:20:50,REAL,2657802536,483,2657803019,2657803019
2025-06-18 19:20:52,REAL,2657803019,488,2657803507,2657803507
2025-06-18 19:20:54,REAL,2657803507,479,2657803986,2657803986
2025-06-18 19:20:56,REAL,2657803986,478,2657804464,2657804464
2025-06-18 19:20:58,REAL,2657804464,485,2657804949,2657804949
2025-06-18 19:21:00,REAL,2657804949,479,2657805428,2657805428
2025-06-18 19:21:02,REAL,2657805428,476,2657805904,2657805904
2025-06-18 19:21:04,REAL,2657805904,475,2657806379,2657806379
2025-06-18 19:21:06,REAL,2657806379,492,2657806871,2657806871
2025-06-18 19:21:08,REAL,2657806871,5820,2657812691,2657812691
2025-06-18 19:21:10,REAL,2657812691,13687,2657826378,2657826378
2025-06-18 19:21:12,REAL,2657826378,10256,2657836634,2657836634
2025-06-18 19:21:14,REAL,2657836634,10321,2657846955,2657846955
2025-06-18 19:21:16,REAL,2657846955,10252,2657857207,2657857207
2025-06-18 19:21:18,REAL,2657857207,10256,2657867463,2657867463
2025-06-18 19:21:20,REAL,2657867463,10251,2657877714,2657877714
2025-06-18 19:21:22,REAL,2657877714,10246,2657887960,2657887960
2025-06-18 19:21:24,REAL,2657887960,831,2657888791,2657888791
2025-06-18 19:21:26,REAL,2657888791,489,2657889280,2657889280
2025-06-18 19:21:28,REAL,2657889280,722,2657890002,2657890002
2025-06-18 19:21:30,REAL,2657890002,247,2657890249,2657890249
2025-06-18 19:21:32,REAL,2657890249,480,2657890729,2657890729
2025-06-18 19:21:34,REAL,2657890729,482,2657891211,2657891211
2025-06-18 19:21:36,REAL,2657891211,540,2657891751,2657891751
2025-06-18 19:21:38,REAL,2657891751,489,2657892240,2657892240
2025-06-18 19:21:40,REAL,2657892240,5973,2657898213,2657898213
2025-06-18 19:21:42,REAL,2657898213,11308,2657909521,2657909521
2025-06-18 19:21:44,REAL,2657909521,10314,2657919835,2657919835
2025-06-18 19:21:46,REAL,2657919835,10306,2657930141,2657930141
2025-06-18 19:21:48,REAL,2657930141,10249,2657940390,2657940390
2025-06-18 19:21:50,REAL,2657940390,10316,2657950706,2657950706
2025-06-18 19:21:52,REAL,2657950706,10251,2657960957,2657960957
2025-06-18 19:21:54,REAL,2657960957,10313,2657971270,2657971270
2025-06-18 19:21:56,REAL,2657971270,486,2657971756,2657971756
2025-06-18 19:21:58,REAL,2657971756,487,2657972243,2657972243
2025-06-18 19:22:00,REAL,2657972243,492,2657972735,2657972735
2025-06-18 19:22:02,REAL,2657972735,477,2657973212,2657973212
2025-06-18 19:22:04,REAL,2657973212,486,2657973698,2657973698
2025-06-18 19:22:06,REAL,2657973698,536,2657974234,2657974234
2025-06-18 19:22:08,REAL,2657974234,489,2657974723,2657974723
2025-06-18 19:22:10,REAL,2657974723,476,2657975199,2657975199
2025-06-18 19:22:12,REAL,2657975199,481,2657975680,2657975680
2025-06-18 19:22:14,REAL,2657975680,488,2657976168,2657976168
2025-06-18 19:22:16,REAL,2657976168,483,2657976651,2657976651
2025-06-18 19:22:18,REAL,2657976651,479,2657977130,2657977130
2025-06-18 19:22:20,REAL,2657977130,545,2657977675,2657977675
2025-06-18 19:22:22,REAL,2657977675,476,2657978151,2657978151
2025-06-18 19:22:24,REAL,2657978151,486,2657978637,2657978637
2025-06-18 19:22:26,REAL,2657978637,486,2657979123,2657979123
2025-06-18 19:22:28,REAL,2657979123,484,2657979607,2657979607
2025-06-18 19:22:30,REAL,2657979607,478,2657980085,2657980085
2025-06-18 19:22:32,REAL,2657980085,492,2657980577,2657980577
2025-06-18 19:22:34,REAL,2657980577,544,2657981121,2657981121
2025-06-18 19:22:36,REAL,2657981121,488,2657981609,2657981609
2025-06-18 19:22:38,REAL,2657981609,489,2657982098,2657982098
2025-06-18 19:22:40,REAL,2657982098,480,2657982578,2657982578
2025-06-18 19:22:42,REAL,2657982578,480,2657983058,2657983058
2025-06-18 19:22:44,REAL,2657983058,479,2657983537,2657983537
2025-06-18 19:22:46,REAL,2657983537,487,2657984024,2657984024
2025-06-18 19:22:48,REAL,2657984024,492,2657984516,2657984516
2025-06-18 19:22:50,REAL,2657984516,489,2657985005,2657985005
2025-06-18 19:22:52,REAL,2657985005,484,2657985489,2657985489
2025-06-18 19:22:54,REAL,2657985489,483,2657985972,2657985972
2025-06-18 19:22:56,REAL,2657985972,538,2657986510,2657986510
2025-06-18 19:22:58,REAL,2657986510,490,2657987000,2657987000
2025-06-18 19:23:00,REAL,2657987000,477,2657987477,2657987477
2025-06-18 19:23:02,REAL,2657987477,534,2657988011,2657988011
2025-06-18 19:23:04,REAL,2657988011,485,2657988496,2657988496
2025-06-18 19:23:06,REAL,2657988496,477,2657988973,2657988973
2025-06-18 19:23:08,REAL,2657988973,489,2657989462,2657989462
2025-06-18 19:23:10,REAL,2657989462,479,2657989941,2657989941
2025-06-18 19:23:12,REAL,2657989941,479,2657990420,2657990420
2025-06-18 19:23:14,REAL,2657990420,486,2657990906,2657990906
2025-06-18 19:23:16,REAL,2657990906,8473,2657999379,2657999379
2025-06-18 19:23:18,REAL,2657999379,10586,2658009965,2658009965
2025-06-18 19:23:20,REAL,2658009965,10249,2658020214,2658020214
2025-06-18 19:23:22,REAL,2658020214,10311,2658030525,2658030525
2025-06-18 19:23:24,REAL,2658030525,10246,2658040771,2658040771
2025-06-18 19:23:26,REAL,2658040771,10256,2658051027,2658051027
2025-06-18 19:23:28,REAL,2658051027,10257,2658061284,2658061284
2025-06-18 19:23:30,REAL,2658061284,8409,2658069693,2658069693
2025-06-18 19:23:32,REAL,2658069693,542,2658070235,2658070235
2025-06-18 19:23:34,REAL,2658070235,480,2658070715,2658070715
2025-06-18 19:23:36,REAL,2658070715,490,2658071205,2658071205
2025-06-18 19:23:38,REAL,2658071205,483,2658071688,2658071688
2025-06-18 19:23:40,REAL,2658071688,484,2658072172,2658072172
2025-06-18 19:23:42,REAL,2658072172,483,2658072655,2658072655
2025-06-18 19:23:44,REAL,2658072655,480,2658073135,2658073135
2025-06-18 19:23:46,REAL,2658073135,491,2658073626,2658073626
2025-06-18 19:23:48,REAL,2658073626,488,2658074114,2658074114
2025-06-18 19:23:50,REAL,2658074114,538,2658074652,2658074652
2025-06-18 19:23:52,REAL,2658074652,484,2658075136,2658075136
2025-06-18 19:23:54,REAL,2658075136,488,2658075624,2658075624
2025-06-18 19:23:56,REAL,2658075624,485,2658076109,2658076109
2025-06-18 19:23:58,REAL,2658076109,484,2658076593,2658076593
2025-06-18 19:24:00,REAL,2658076593,541,2658077134,2658077134
2025-06-18 19:24:02,REAL,2658077134,479,2658077613,2658077613
2025-06-18 19:24:04,REAL,2658077613,475,2658078088,2658078088
2025-06-18 19:24:06,REAL,2658078088,481,2658078569,2658078569
2025-06-18 19:24:08,REAL,2658078569,488,2658079057,2658079057
2025-06-18 19:24:10,REAL,2658079057,493,2658079550,2658079550
2025-06-18 19:24:12,REAL,2658079550,488,2658080038,2658080038
2025-06-18 19:24:14,REAL,2658080038,479,2658080517,2658080517
2025-06-18 19:24:16,REAL,2658080517,480,2658080997,2658080997
2025-06-18 19:24:18,REAL,2658080997,481,2658081478,2658081478
2025-06-18 19:24:20,REAL,2658081478,9791,2658091269,2658091269
2025-06-18 19:24:22,REAL,2658091269,10519,2658101788,2658101788
2025-06-18 19:24:24,REAL,2658101788,10250,2658112038,2658112038
2025-06-18 19:24:26,REAL,2658112038,10256,2658122294,2658122294
2025-06-18 19:24:28,REAL,2658122294,10381,2658132675,2658132675
2025-06-18 19:24:30,REAL,2658132675,10258,2658142933,2658142933
2025-06-18 19:24:32,REAL,2658142933,10326,2658153259,2658153259
2025-06-18 19:24:34,REAL,2658153259,7076,2658160335,2658160335
2025-06-18 19:24:36,REAL,2658160335,484,2658160819,2658160819
2025-06-18 19:24:38,REAL,2658160819,486,2658161305,2658161305
2025-06-18 19:24:40,REAL,2658161305,483,2658161788,2658161788
2025-06-18 19:24:42,REAL,2658161788,493,2658162281,2658162281
2025-06-18 19:24:44,REAL,2658162281,488,2658162769,2658162769
2025-06-18 19:24:46,REAL,2658162769,479,2658163248,2658163248
2025-06-18 19:24:48,REAL,2658163248,484,2658163732,2658163732
2025-06-18 19:24:50,REAL,2658163732,484,2658164216,2658164216
2025-06-18 19:24:52,REAL,2658164216,10792,2658175008,2658175008
2025-06-18 19:24:54,REAL,2658175008,10321,2658185329,2658185329
2025-06-18 19:24:56,REAL,2658185329,10315,2658195644,2658195644
2025-06-18 19:24:58,REAL,2658195644,10315,2658205959,2658205959
2025-06-18 19:25:00,REAL,2658205959,10246,2658216205,2658216205
2025-06-18 19:25:02,REAL,2658216205,10317,2658226522,2658226522
2025-06-18 19:25:04,REAL,2658226522,10250,2658236772,2658236772
2025-06-18 19:25:06,REAL,2658236772,6495,2658243267,2658243267
2025-06-18 19:25:08,REAL,2658243267,486,2658243753,2658243753
2025-06-18 19:25:10,REAL,2658243753,486,2658244239,2658244239
2025-06-18 19:25:12,REAL,2658244239,486,2658244725,2658244725
2025-06-18 19:25:14,REAL,2658244725,482,2658245207,2658245207
2025-06-18 19:25:16,REAL,2658245207,486,2658245693,2658245693
2025-06-18 19:25:18,REAL,2658245693,488,2658246181,2658246181
2025-06-18 19:25:20,REAL,2658246181,493,2658246674,2658246674
2025-06-18 19:25:22,REAL,2658246674,487,2658247161,2658247161
2025-06-18 19:25:24,REAL,2658247161,478,2658247639,2658247639
2025-06-18 19:25:26,REAL,2658247639,536,2658248175,2658248175
2025-06-18 19:25:28,REAL,2658248175,481,2658248656,2658248656
2025-06-18 19:25:30,REAL,2658248656,485,2658249141,2658249141
2025-06-18 19:25:32,REAL,2658249141,485,2658249626,2658249626
2025-06-18 19:25:34,REAL,2658249626,542,2658250168,2658250168
2025-06-18 19:25:36,REAL,2658250168,490,2658250658,2658250658
2025-06-18 19:25:38,REAL,2658250658,485,2658251143,2658251143
2025-06-18 19:25:40,REAL,2658251143,481,2658251624,2658251624
2025-06-18 19:25:42,REAL,2658251624,491,2658252115,2658252115
2025-06-18 19:25:44,REAL,2658252115,484,2658252599,2658252599
2025-06-18 19:25:46,REAL,2658252599,482,2658253081,2658253081
2025-06-18 19:25:48,REAL,2658253081,489,2658253570,2658253570
2025-06-18 19:25:50,REAL,2658253570,484,2658254054,2658254054
2025-06-18 19:25:52,REAL,2658254054,484,2658254538,2658254538
2025-06-18 19:25:54,REAL,2658254538,534,2658255072,2658255072
2025-06-18 19:25:56,REAL,2658255072,11774,2658266846,2658266846
2025-06-18 19:25:58,REAL,2658266846,10249,2658277095,2658277095
2025-06-18 19:26:00,REAL,2658277095,10250,2658287345,2658287345
2025-06-18 19:26:02,REAL,2658287345,10257,2658297602,2658297602
2025-06-18 19:26:04,REAL,2658297602,10258,2658307860,2658307860
2025-06-18 19:26:06,REAL,2658307860,10319,2658318179,2658318179
2025-06-18 19:26:08,REAL,2658318179,10251,2658328430,2658328430
2025-06-18 19:26:10,REAL,2658328430,5299,2658333729,2658333729
2025-06-18 19:26:12,REAL,2658333729,492,2658334221,2658334221
2025-06-18 19:26:14,REAL,2658334221,491,2658334712,2658334712
2025-06-18 19:26:16,REAL,2658334712,479,2658335191,2658335191
2025-06-18 19:26:18,REAL,2658335191,479,2658335670,2658335670
2025-06-18 19:26:20,REAL,2658335670,480,2658336150,2658336150
2025-06-18 19:26:22,REAL,2658336150,481,2658336631,2658336631
2025-06-18 19:26:24,REAL,2658336631,539,2658337170,2658337170
2025-06-18 19:26:26,REAL,2658337170,483,2658337653,2658337653
2025-06-18 19:26:28,REAL,2658337653,479,2658338132,2658338132
2025-06-18 19:26:30,REAL,2658338132,542,2658338674,2658338674
2025-06-18 19:26:32,REAL,2658338674,483,2658339157,2658339157
2025-06-18 19:26:34,REAL,2658339157,480,2658339637,2658339637
2025-06-18 19:26:36,REAL,2658339637,477,2658340114,2658340114
2025-06-18 19:26:38,REAL,2658340114,481,2658340595,2658340595
2025-06-18 19:26:40,REAL,2658340595,481,2658341076,2658341076
2025-06-18 19:26:42,REAL,2658341076,486,2658341562,2658341562
2025-06-18 19:26:44,REAL,2658341562,477,2658342039,2658342039
2025-06-18 19:26:46,REAL,2658342039,488,2658342527,2658342527
2025-06-18 19:26:48,REAL,2658342527,481,2658343008,2658343008
2025-06-18 19:26:50,REAL,2658343008,480,2658343488,2658343488
2025-06-18 19:26:52,REAL,2658343488,485,2658343973,2658343973
2025-06-18 19:26:54,REAL,2658343973,482,2658344455,2658344455
2025-06-18 19:26:56,REAL,2658344455,493,2658344948,2658344948
2025-06-18 19:26:58,REAL,2658344948,1939,2658346887,2658346887
2025-06-18 19:27:00,REAL,2658346887,15029,2658361916,2658361916
2025-06-18 19:27:02,REAL,2658361916,10322,2658372238,2658372238
2025-06-18 19:27:04,REAL,2658372238,10252,2658382490,2658382490
2025-06-18 19:27:06,REAL,2658382490,10260,2658392750,2658392750
2025-06-18 19:27:08,REAL,2658392750,10321,2658403071,2658403071
2025-06-18 19:27:10,REAL,2658403071,10253,2658413324,2658413324
2025-06-18 19:27:12,REAL,2658413324,10317,2658423641,2658423641
2025-06-18 19:27:14,REAL,2658423641,3969,2658427610,2658427610
2025-06-18 19:27:16,REAL,2658427610,482,2658428092,2658428092
2025-06-18 19:27:18,REAL,2658428092,493,2658428585,2658428585
2025-06-18 19:27:20,REAL,2658428585,477,2658429062,2658429062
2025-06-18 19:27:22,REAL,2658429062,479,2658429541,2658429541
2025-06-18 19:27:24,REAL,2658429541,488,2658430029,2658430029
2025-06-18 19:27:26,REAL,2658430029,481,2658430510,2658430510
2025-06-18 19:27:28,REAL,2658430510,484,2658430994,2658430994
2025-06-18 19:27:30,REAL,2658430994,3202,2658434196,2658434196
2025-06-18 19:27:32,REAL,2658434196,11308,2658445504,2658445504
2025-06-18 19:27:34,REAL,2658445504,10245,2658455749,2658455749
2025-06-18 19:27:36,REAL,2658455749,10315,2658466064,2658466064
2025-06-18 19:27:38,REAL,2658466064,10252,2658476316,2658476316
2025-06-18 19:27:40,REAL,2658476316,10313,2658486629,2658486629
2025-06-18 19:27:42,REAL,2658486629,10255,2658496884,2658496884
2025-06-18 19:27:44,REAL,2658496884,10251,2658507135,2658507135
2025-06-18 19:27:46,REAL,2658507135,3395,2658510530,2658510530
2025-06-18 19:27:48,REAL,2658510530,488,2658511018,2658511018
2025-06-18 19:27:50,REAL,2658511018,482,2658511500,2658511500
2025-06-18 19:27:52,REAL,2658511500,484,2658511984,2658511984
2025-06-18 19:27:54,REAL,2658511984,485,2658512469,2658512469
2025-06-18 19:27:56,REAL,2658512469,480,2658512949,2658512949
2025-06-18 19:27:58,REAL,2658512949,490,2658513439,2658513439
2025-06-18 19:28:00,REAL,2658513439,474,2658513913,2658513913
2025-06-18 19:28:02,REAL,2658513913,536,2658514449,2658514449
2025-06-18 19:28:04,REAL,2658514449,545,2658514994,2658514994
2025-06-18 19:28:06,REAL,2658514994,478,2658515472,2658515472
2025-06-18 19:28:08,REAL,2658515472,481,2658515953,2658515953
2025-06-18 19:28:10,REAL,2658515953,481,2658516434,2658516434
2025-06-18 19:28:12,REAL,2658516434,479,2658516913,2658516913
2025-06-18 19:28:14,REAL,2658516913,477,2658517390,2658517390
2025-06-18 19:28:16,REAL,2658517390,480,2658517870,2658517870
2025-06-18 19:28:18,REAL,2658517870,477,2658518347,2658518347
2025-06-18 19:28:20,REAL,2658518347,481,2658518828,2658518828
2025-06-18 19:28:22,REAL,2658518828,481,2658519309,2658519309
2025-06-18 19:28:24,REAL,2658519309,483,2658519792,2658519792
2025-06-18 19:28:26,REAL,2658519792,485,2658520277,2658520277
2025-06-18 19:28:28,REAL,2658520277,481,2658520758,2658520758
2025-06-18 19:28:30,REAL,2658520758,487,2658521245,2658521245
2025-06-18 19:28:32,REAL,2658521245,482,2658521727,2658521727
2025-06-18 19:28:34,REAL,2658521727,485,2658522212,2658522212
2025-06-18 19:28:36,REAL,2658522212,547,2658522759,2658522759
2025-06-18 19:28:38,REAL,2658522759,488,2658523247,2658523247
2025-06-18 19:28:40,REAL,2658523247,487,2658523734,2658523734
2025-06-18 19:28:42,REAL,2658523734,491,2658524225,2658524225
2025-06-18 19:28:44,REAL,2658524225,484,2658524709,2658524709
2025-06-18 19:28:46,REAL,2658524709,493,2658525202,2658525202
2025-06-18 19:28:48,REAL,2658525202,484,2658525686,2658525686
2025-06-18 19:28:50,REAL,2658525686,481,2658526167,2658526167
2025-06-18 19:28:52,REAL,2658526167,533,2658526700,2658526700
2025-06-18 19:28:54,REAL,2658526700,484,2658527184,2658527184
2025-06-18 19:28:56,REAL,2658527184,486,2658527670,2658527670
2025-06-18 19:28:58,REAL,2658527670,477,2658528147,2658528147
2025-06-18 19:29:00,REAL,2658528147,475,2658528622,2658528622
2025-06-18 19:29:02,REAL,2658528622,488,2658529110,2658529110
2025-06-18 19:29:04,REAL,2658529110,483,2658529593,2658529593
2025-06-18 19:29:06,REAL,2658529593,482,2658530075,2658530075
2025-06-18 19:29:08,REAL,2658530075,538,2658530613,2658530613
2025-06-18 19:29:10,REAL,2658530613,485,2658531098,2658531098
2025-06-18 19:29:12,REAL,2658531098,476,2658531574,2658531574
2025-06-18 19:29:14,REAL,2658531574,480,2658532054,2658532054
2025-06-18 19:29:16,REAL,2658532054,477,2658532531,2658532531
2025-06-18 19:29:18,REAL,2658532531,482,2658533013,2658533013
2025-06-18 19:29:20,REAL,2658533013,488,2658533501,2658533501
2025-06-18 19:29:22,REAL,2658533501,5765,2658539266,2658539266
2025-06-18 19:29:24,REAL,2658539266,13757,2658553023,2658553023
2025-06-18 19:29:26,REAL,2658553023,10252,2658563275,2658563275
2025-06-18 19:29:28,REAL,2658563275,10315,2658573590,2658573590
2025-06-18 19:29:30,REAL,2658573590,10254,2658583844,2658583844
2025-06-18 19:29:32,REAL,2658583844,10260,2658594104,2658594104
2025-06-18 19:29:34,REAL,2658594104,10391,2658604495,2658604495
2025-06-18 19:29:36,REAL,2658604495,10248,2658614743,2658614743
2025-06-18 19:29:38,REAL,2658614743,1141,2658615884,2658615884
2025-06-18 19:29:40,REAL,2658615884,491,2658616375,2658616375
2025-06-18 19:29:42,REAL,2658616375,540,2658616915,2658616915
2025-06-18 19:29:44,REAL,2658616915,487,2658617402,2658617402
2025-06-18 19:29:46,REAL,2658617402,485,2658617887,2658617887
2025-06-18 19:29:48,REAL,2658617887,491,2658618378,2658618378
2025-06-18 19:29:50,REAL,2658618378,492,2658618870,2658618870
2025-06-18 19:29:52,REAL,2658618870,489,2658619359,2658619359
2025-06-18 19:29:54,REAL,2658619359,542,2658619901,2658619901
2025-06-18 19:29:56,REAL,2658619901,488,2658620389,2658620389
2025-06-18 19:29:58,REAL,2658620389,479,2658620868,2658620868
2025-06-18 19:30:00,REAL,2658620868,485,2658621353,2658621353
2025-06-18 19:30:02,REAL,2658621353,490,2658621843,2658621843
2025-06-18 19:30:04,REAL,2658621843,482,2658622325,2658622325
2025-06-18 19:30:06,REAL,2658622325,485,2658622810,2658622810
2025-06-18 19:30:08,REAL,2658622810,475,2658623285,2658623285
2025-06-18 19:30:10,REAL,2658623285,482,2658623767,2658623767
2025-06-18 19:30:12,REAL,2658623767,490,2658624257,2658624257
2025-06-18 19:30:14,REAL,2658624257,478,2658624735,2658624735
2025-06-18 19:30:16,REAL,2658624735,488,2658625223,2658625223
2025-06-18 19:30:18,REAL,2658625223,481,2658625704,2658625704
2025-06-18 19:30:20,REAL,2658625704,487,2658626191,2658626191
2025-06-18 19:30:22,REAL,2658626191,482,2658626673,2658626673
2025-06-18 19:30:24,REAL,2658626673,478,2658627151,2658627151
2025-06-18 19:30:26,REAL,2658627151,540,2658627691,2658627691
2025-06-18 19:30:28,REAL,2658627691,485,2658628176,2658628176
2025-06-18 19:30:30,REAL,2658628176,547,2658628723,2658628723
2025-06-18 19:30:32,REAL,2658628723,476,2658629199,2658629199
2025-06-18 19:30:34,REAL,2658629199,484,2658629683,2658629683
2025-06-18 19:30:36,REAL,2658629683,479,2658630162,2658630162
2025-06-18 19:30:38,REAL,2658630162,485,2658630647,2658630647
2025-06-18 19:30:40,REAL,2658630647,487,2658631134,2658631134
2025-06-18 19:30:42,REAL,2658631134,484,2658631618,2658631618
2025-06-18 19:30:44,REAL,2658631618,474,2658632092,2658632092
2025-06-18 19:30:46,REAL,2658632092,1556,2658633648,2658633648
2025-06-18 19:30:48,REAL,2658633648,11786,2658645434,2658645434
2025-06-18 19:30:50,REAL,2658645434,10252,2658655686,2658655686
2025-06-18 19:30:52,REAL,2658655686,10250,2658665936,2658665936
2025-06-18 19:30:54,REAL,2658665936,10254,2658676190,2658676190
2025-06-18 19:30:56,REAL,2658676190,10251,2658686441,2658686441
2025-06-18 19:30:58,REAL,2658686441,10319,2658696760,2658696760
2025-06-18 19:31:00,REAL,2658696760,10257,2658707017,2658707017
2025-06-18 19:31:02,REAL,2658707017,4444,2658711461,2658711461
2025-06-18 19:31:04,REAL,2658711461,493,2658711954,2658711954
2025-06-18 19:31:06,REAL,2658711954,482,2658712436,2658712436
2025-06-18 19:31:08,REAL,2658712436,487,2658712923,2658712923
2025-06-18 19:31:10,REAL,2658712923,483,2658713406,2658713406
2025-06-18 19:31:12,REAL,2658713406,491,2658713897,2658713897
2025-06-18 19:31:14,REAL,2658713897,478,2658714375,2658714375
2025-06-18 19:31:16,REAL,2658714375,482,2658714857,2658714857
2025-06-18 19:31:18,REAL,2658714857,541,2658715398,2658715398
2025-06-18 19:31:20,REAL,2658715398,538,2658715936,2658715936
2025-06-18 19:31:22,REAL,2658715936,488,2658716424,2658716424
2025-06-18 19:31:24,REAL,2658716424,479,2658716903,2658716903
2025-06-18 19:31:26,REAL,2658716903,475,2658717378,2658717378
2025-06-18 19:31:28,REAL,2658717378,486,2658717864,2658717864
2025-06-18 19:31:30,REAL,2658717864,479,2658718343,2658718343
2025-06-18 19:31:32,REAL,2658718343,487,2658718830,2658718830
2025-06-18 19:31:34,REAL,2658718830,486,2658719316,2658719316
2025-06-18 19:31:36,REAL,2658719316,482,2658719798,2658719798
2025-06-18 19:31:38,REAL,2658719798,485,2658720283,2658720283
2025-06-18 19:31:40,REAL,2658720283,493,2658720776,2658720776
2025-06-18 19:31:42,REAL,2658720776,490,2658721266,2658721266
2025-06-18 19:31:44,REAL,2658721266,477,2658721743,2658721743
2025-06-18 19:31:46,REAL,2658721743,484,2658722227,2658722227
2025-06-18 19:31:48,REAL,2658722227,488,2658722715,2658722715
2025-06-18 19:31:50,REAL,2658722715,475,2658723190,2658723190
2025-06-18 19:31:52,REAL,2658723190,485,2658723675,2658723675
2025-06-18 19:31:54,REAL,2658723675,490,2658724165,2658724165
2025-06-18 19:31:56,REAL,2658724165,485,2658724650,2658724650
2025-06-18 19:31:58,REAL,2658724650,540,2658725190,2658725190
2025-06-18 19:32:00,REAL,2658725190,484,2658725674,2658725674
2025-06-18 19:32:02,REAL,2658725674,482,2658726156,2658726156
2025-06-18 19:32:04,REAL,2658726156,487,2658726643,2658726643
2025-06-18 19:32:06,REAL,2658726643,3200,2658729843,2658729843
2025-06-18 19:32:08,REAL,2658729843,11438,2658741281,2658741281
2025-06-18 19:32:10,REAL,2658741281,10248,2658751529,2658751529
2025-06-18 19:32:12,REAL,2658751529,10366,2658761895,2658761895
2025-06-18 19:32:14,REAL,2658761895,10250,2658772145,2658772145
2025-06-18 19:32:16,REAL,2658772145,10246,2658782391,2658782391
2025-06-18 19:32:18,REAL,2658782391,10249,2658792640,2658792640
2025-06-18 19:32:20,REAL,2658792640,10318,2658802958,2658802958
2025-06-18 19:32:22,REAL,2658802958,2865,2658805823,2658805823
2025-06-18 19:32:24,REAL,2658805823,494,2658806317,2658806317
2025-06-18 19:32:26,REAL,2658806317,478,2658806795,2658806795
2025-06-18 19:32:28,REAL,2658806795,485,2658807280,2658807280
2025-06-18 19:32:30,REAL,2658807280,479,2658807759,2658807759
2025-06-18 19:32:32,REAL,2658807759,484,2658808243,2658808243
2025-06-18 19:32:34,REAL,2658808243,485,2658808728,2658808728
2025-06-18 19:32:36,REAL,2658808728,483,2658809211,2658809211
2025-06-18 19:32:38,REAL,2658809211,3924,2658813135,2658813135
2025-06-18 19:32:40,REAL,2658813135,14430,2658827565,2658827565
2025-06-18 19:32:42,REAL,2658827565,10317,2658837882,2658837882
2025-06-18 19:32:44,REAL,2658837882,10377,2658848259,2658848259
2025-06-18 19:32:46,REAL,2658848259,10253,2658858512,2658858512
2025-06-18 19:32:48,REAL,2658858512,10323,2658868835,2658868835
2025-06-18 19:32:50,REAL,2658868835,10254,2658879089,2658879089
2025-06-18 19:32:52,REAL,2658879089,10250,2658889339,2658889339
2025-06-18 19:32:54,REAL,2658889339,2331,2658891670,2658891670
2025-06-18 19:32:56,REAL,2658891670,484,2658892154,2658892154
2025-06-18 19:32:58,REAL,2658892154,483,2658892637,2658892637
2025-06-18 19:33:00,REAL,2658892637,488,2658893125,2658893125
2025-06-18 19:33:02,REAL,2658893125,483,2658893608,2658893608
2025-06-18 19:33:04,REAL,2658893608,479,2658894087,2658894087
2025-06-18 19:33:06,REAL,2658894087,483,2658894570,2658894570
2025-06-18 19:33:08,REAL,2658894570,483,2658895053,2658895053
2025-06-18 19:33:10,REAL,2658895053,4912,2658899965,2658899965
2025-06-18 19:33:12,REAL,2658899965,11106,2658911071,2658911071
2025-06-18 19:33:14,REAL,2658911071,10249,2658921320,2658921320
2025-06-18 19:33:16,REAL,2658921320,10314,2658931634,2658931634
2025-06-18 19:33:18,REAL,2658931634,10322,2658941956,2658941956
2025-06-18 19:33:20,REAL,2658941956,10260,2658952216,2658952216
2025-06-18 19:33:22,REAL,2658952216,10253,2658962469,2658962469
2025-06-18 19:33:24,REAL,2658962469,10318,2658972787,2658972787
2025-06-18 19:33:26,REAL,2658972787,1671,2658974458,2658974458
2025-06-18 19:33:28,REAL,2658974458,487,2658974945,2658974945
2025-06-18 19:33:30,REAL,2658974945,484,2658975429,2658975429
2025-06-18 19:33:32,REAL,2658975429,480,2658975909,2658975909
2025-06-18 19:33:34,REAL,2658975909,482,2658976391,2658976391
2025-06-18 19:33:36,REAL,2658976391,488,2658976879,2658976879
2025-06-18 19:33:38,REAL,2658976879,479,2658977358,2658977358
2025-06-18 19:33:40,REAL,2658977358,482,2658977840,2658977840
2025-06-18 19:33:42,REAL,2658977840,489,2658978329,2658978329
2025-06-18 19:33:44,REAL,2658978329,477,2658978806,2658978806
2025-06-18 19:33:46,REAL,2658978806,482,2658979288,2658979288
2025-06-18 19:33:48,REAL,2658979288,491,2658979779,2658979779
2025-06-18 19:33:50,REAL,2658979779,594,2658980373,2658980373
2025-06-18 19:33:52,REAL,2658980373,492,2658980865,2658980865
2025-06-18 19:33:54,REAL,2658980865,488,2658981353,2658981353
2025-06-18 19:33:56,REAL,2658981353,484,2658981837,2658981837
2025-06-18 19:33:58,REAL,2658981837,474,2658982311,2658982311
2025-06-18 19:34:00,REAL,2658982311,483,2658982794,2658982794
2025-06-18 19:34:02,REAL,2658982794,493,2658983287,2658983287
2025-06-18 19:34:04,REAL,2658983287,483,2658983770,2658983770
2025-06-18 19:34:06,REAL,2658983770,486,2658984256,2658984256
2025-06-18 19:34:08,REAL,2658984256,489,2658984745,2658984745
2025-06-18 19:34:10,REAL,2658984745,484,2658985229,2658985229
2025-06-18 19:34:12,REAL,2658985229,477,2658985706,2658985706
2025-06-18 19:34:14,REAL,2658985706,6168,2658991874,2658991874
2025-06-18 19:34:16,REAL,2658991874,10986,2659002860,2659002860
2025-06-18 19:34:18,REAL,2659002860,10317,2659013177,2659013177
2025-06-18 19:34:20,REAL,2659013177,10259,2659023436,2659023436
2025-06-18 19:34:22,REAL,2659023436,10254,2659033690,2659033690
2025-06-18 19:34:24,REAL,2659033690,10371,2659044061,2659044061
2025-06-18 19:34:26,REAL,2659044061,10257,2659054318,2659054318
2025-06-18 19:34:28,REAL,2659054318,10190,2659064508,2659064508
2025-06-18 19:34:30,REAL,2659064508,493,2659065001,2659065001
2025-06-18 19:34:32,REAL,2659065001,476,2659065477,2659065477
2025-06-18 19:34:34,REAL,2659065477,491,2659065968,2659065968
2025-06-18 19:34:36,REAL,2659065968,485,2659066453,2659066453
2025-06-18 19:34:38,REAL,2659066453,487,2659066940,2659066940
2025-06-18 19:34:40,REAL,2659066940,491,2659067431,2659067431
2025-06-18 19:34:42,REAL,2659067431,489,2659067920,2659067920
2025-06-18 19:34:44,REAL,2659067920,487,2659068407,2659068407
2025-06-18 19:34:46,REAL,2659068407,488,2659068895,2659068895
2025-06-18 19:34:48,REAL,2659068895,482,2659069377,2659069377
2025-06-18 19:34:50,REAL,2659069377,478,2659069855,2659069855
2025-06-18 19:34:52,REAL,2659069855,482,2659070337,2659070337
2025-06-18 19:34:54,REAL,2659070337,537,2659070874,2659070874
2025-06-18 19:34:56,REAL,2659070874,542,2659071416,2659071416
2025-06-18 19:34:58,REAL,2659071416,484,2659071900,2659071900
2025-06-18 19:35:00,REAL,2659071900,489,2659072389,2659072389
2025-06-18 19:35:02,REAL,2659072389,486,2659072875,2659072875
2025-06-18 19:35:04,REAL,2659072875,483,2659073358,2659073358
2025-06-18 19:35:06,REAL,2659073358,474,2659073832,2659073832
2025-06-18 19:35:08,REAL,2659073832,492,2659074324,2659074324
2025-06-18 19:35:10,REAL,2659074324,486,2659074810,2659074810
2025-06-18 19:35:12,REAL,2659074810,479,2659075289,2659075289
2025-06-18 19:35:14,REAL,2659075289,490,2659075779,2659075779
2025-06-18 19:35:16,REAL,2659075779,488,2659076267,2659076267
2025-06-18 19:35:18,REAL,2659076267,484,2659076751,2659076751
2025-06-18 19:35:20,REAL,2659076751,483,2659077234,2659077234
2025-06-18 19:35:22,REAL,2659077234,484,2659077718,2659077718
2025-06-18 19:35:24,REAL,2659077718,485,2659078203,2659078203
2025-06-18 19:35:26,REAL,2659078203,484,2659078687,2659078687
2025-06-18 19:35:28,REAL,2659078687,540,2659079227,2659079227
2025-06-18 19:35:30,REAL,2659079227,489,2659079716,2659079716
2025-06-18 19:35:32,REAL,2659079716,486,2659080202,2659080202
2025-06-18 19:35:34,REAL,2659080202,541,2659080743,2659080743
2025-06-18 19:35:36,REAL,2659080743,482,2659081225,2659081225
2025-06-18 19:35:38,REAL,2659081225,477,2659081702,2659081702
2025-06-18 19:35:40,REAL,2659081702,482,2659082184,2659082184
2025-06-18 19:35:42,REAL,2659082184,484,2659082668,2659082668
2025-06-18 19:35:44,REAL,2659082668,485,2659083153,2659083153
2025-06-18 19:35:46,REAL,2659083153,490,2659083643,2659083643
2025-06-18 19:35:48,REAL,2659083643,478,2659084121,2659084121
2025-06-18 19:35:50,REAL,2659084121,481,2659084602,2659084602
2025-06-18 19:35:52,REAL,2659084602,490,2659085092,2659085092
2025-06-18 19:35:54,REAL,2659085092,490,2659085582,2659085582
2025-06-18 19:35:56,REAL,2659085582,492,2659086074,2659086074
2025-06-18 19:35:58,REAL,2659086074,484,2659086558,2659086558
2025-06-18 19:36:00,REAL,2659086558,480,2659087038,2659087038
2025-06-18 19:36:02,REAL,2659087038,540,2659087578,2659087578
2025-06-18 19:36:04,REAL,2659087578,490,2659088068,2659088068
2025-06-18 19:36:06,REAL,2659088068,483,2659088551,2659088551
2025-06-18 19:36:08,REAL,2659088551,486,2659089037,2659089037
2025-06-18 19:36:10,REAL,2659089037,481,2659089518,2659089518
2025-06-18 19:36:12,REAL,2659089518,483,2659090001,2659090001
2025-06-18 19:36:14,REAL,2659090001,482,2659090483,2659090483
2025-06-18 19:36:16,REAL,2659090483,548,2659091031,2659091031
2025-06-18 19:36:18,REAL,2659091031,485,2659091516,2659091516
2025-06-18 19:36:20,REAL,2659091516,488,2659092004,2659092004
2025-06-18 19:36:22,REAL,2659092004,486,2659092490,2659092490
2025-06-18 19:36:24,REAL,2659092490,477,2659092967,2659092967
2025-06-18 19:36:26,REAL,2659092967,485,2659093452,2659093452
2025-06-18 19:36:28,REAL,2659093452,491,2659093943,2659093943
2025-06-18 19:36:30,REAL,2659093943,493,2659094436,2659094436
2025-06-18 19:36:32,REAL,2659094436,483,2659094919,2659094919
2025-06-18 19:36:34,REAL,2659094919,537,2659095456,2659095456
2025-06-18 19:36:36,REAL,2659095456,486,2659095942,2659095942
2025-06-18 19:36:38,REAL,2659095942,9863,2659105805,2659105805
2025-06-18 19:36:40,REAL,2659105805,10652,2659116457,2659116457
2025-06-18 19:36:42,REAL,2659116457,10252,2659126709,2659126709
2025-06-18 19:36:44,REAL,2659126709,10319,2659137028,2659137028
2025-06-18 19:36:46,REAL,2659137028,10259,2659147287,2659147287
2025-06-18 19:36:48,REAL,2659147287,10243,2659157530,2659157530
2025-06-18 19:36:50,REAL,2659157530,10242,2659167772,2659167772
2025-06-18 19:36:52,REAL,2659167772,7405,2659175177,2659175177
2025-06-18 19:36:54,REAL,2659175177,481,2659175658,2659175658
2025-06-18 19:36:56,REAL,2659175658,483,2659176141,2659176141
2025-06-18 19:36:58,REAL,2659176141,482,2659176623,2659176623
2025-06-18 19:37:00,REAL,2659176623,480,2659177103,2659177103
2025-06-18 19:37:02,REAL,2659177103,481,2659177584,2659177584
2025-06-18 19:37:04,REAL,2659177584,491,2659178075,2659178075
2025-06-18 19:37:06,REAL,2659178075,476,2659178551,2659178551
2025-06-18 19:37:08,REAL,2659178551,485,2659179036,2659179036
2025-06-18 19:37:10,REAL,2659179036,10659,2659189695,2659189695
2025-06-18 19:37:12,REAL,2659189695,10381,2659200076,2659200076
2025-06-18 19:37:14,REAL,2659200076,10255,2659210331,2659210331
2025-06-18 19:37:16,REAL,2659210331,10301,2659220632,2659220632
2025-06-18 19:37:18,REAL,2659220632,10255,2659230887,2659230887
2025-06-18 19:37:20,REAL,2659230887,10258,2659241145,2659241145
2025-06-18 19:37:22,REAL,2659241145,10320,2659251465,2659251465
2025-06-18 19:37:24,REAL,2659251465,6758,2659258223,2659258223
2025-06-18 19:37:26,REAL,2659258223,481,2659258704,2659258704
2025-06-18 19:37:28,REAL,2659258704,491,2659259195,2659259195
2025-06-18 19:37:30,REAL,2659259195,479,2659259674,2659259674
2025-06-18 19:37:32,REAL,2659259674,488,2659260162,2659260162
2025-06-18 19:37:34,REAL,2659260162,490,2659260652,2659260652
2025-06-18 19:37:36,REAL,2659260652,482,2659261134,2659261134
2025-06-18 19:37:38,REAL,2659261134,476,2659261610,2659261610
2025-06-18 19:37:40,REAL,2659261610,488,2659262098,2659262098
2025-06-18 19:37:42,REAL,2659262098,11383,2659273481,2659273481
2025-06-18 19:37:44,REAL,2659273481,10252,2659283733,2659283733
2025-06-18 19:37:46,REAL,2659283733,10251,2659293984,2659293984
2025-06-18 19:37:48,REAL,2659293984,10245,2659304229,2659304229
2025-06-18 19:37:50,REAL,2659304229,10252,2659314481,2659314481
2025-06-18 19:37:52,REAL,2659314481,10324,2659324805,2659324805
2025-06-18 19:37:54,REAL,2659324805,10254,2659335059,2659335059
2025-06-18 19:37:56,REAL,2659335059,6088,2659341147,2659341147
2025-06-18 19:37:58,REAL,2659341147,474,2659341621,2659341621
2025-06-18 19:38:00,REAL,2659341621,537,2659342158,2659342158
2025-06-18 19:38:02,REAL,2659342158,483,2659342641,2659342641
2025-06-18 19:38:04,REAL,2659342641,480,2659343121,2659343121
2025-06-18 19:38:06,REAL,2659343121,483,2659343604,2659343604
2025-06-18 19:38:08,REAL,2659343604,482,2659344086,2659344086
2025-06-18 19:38:10,REAL,2659344086,479,2659344565,2659344565
2025-06-18 19:38:12,REAL,2659344565,479,2659345044,2659345044
2025-06-18 19:38:14,REAL,2659345044,483,2659345527,2659345527
2025-06-18 19:38:16,REAL,2659345527,491,2659346018,2659346018
2025-06-18 19:38:18,REAL,2659346018,484,2659346502,2659346502
2025-06-18 19:38:20,REAL,2659346502,237,2659346739,2659346739
2025-06-18 19:38:22,REAL,2659346739,481,2659347220,2659347220
2025-06-18 19:38:24,REAL,2659347220,488,2659347708,2659347708
2025-06-18 19:38:26,REAL,2659347708,542,2659348250,2659348250
2025-06-18 19:38:28,REAL,2659348250,481,2659348731,2659348731
2025-06-18 19:38:30,REAL,2659348731,488,2659349219,2659349219
2025-06-18 19:38:32,REAL,2659349219,483,2659349702,2659349702
2025-06-18 19:38:34,REAL,2659349702,491,2659350193,2659350193
2025-06-18 19:38:36,REAL,2659350193,486,2659350679,2659350679
2025-06-18 19:38:38,REAL,2659350679,484,2659351163,2659351163
2025-06-18 19:38:40,REAL,2659351163,487,2659351650,2659351650
2025-06-18 19:38:42,REAL,2659351650,542,2659352192,2659352192
2025-06-18 19:38:44,REAL,2659352192,488,2659352680,2659352680
2025-06-18 19:38:46,REAL,2659352680,478,2659353158,2659353158
2025-06-18 19:38:48,REAL,2659353158,482,2659353640,2659353640
2025-06-18 19:38:50,REAL,2659353640,484,2659354124,2659354124
2025-06-18 19:38:52,REAL,2659354124,487,2659354611,2659354611
2025-06-18 19:38:54,REAL,2659354611,478,2659355089,2659355089
2025-06-18 19:38:56,REAL,2659355089,487,2659355576,2659355576
2025-06-18 19:38:58,REAL,2659355576,485,2659356061,2659356061
2025-06-18 19:39:00,REAL,2659356061,479,2659356540,2659356540
2025-06-18 19:39:02,REAL,2659356540,483,2659357023,2659357023
2025-06-18 19:39:04,REAL,2659357023,475,2659357498,2659357498
2025-06-18 19:39:06,REAL,2659357498,478,2659357976,2659357976
2025-06-18 19:39:08,REAL,2659357976,544,2659358520,2659358520
2025-06-18 19:39:10,REAL,2659358520,487,2659359007,2659359007
2025-06-18 19:39:12,REAL,2659359007,489,2659359496,2659359496
2025-06-18 19:39:14,REAL,2659359496,488,2659359984,2659359984
2025-06-18 19:39:16,REAL,2659359984,479,2659360463,2659360463
2025-06-18 19:39:18,REAL,2659360463,478,2659360941,2659360941
2025-06-18 19:39:20,REAL,2659360941,484,2659361425,2659361425
2025-06-18 19:39:22,REAL,2659361425,481,2659361906,2659361906
2025-06-18 19:39:24,REAL,2659361906,490,2659362396,2659362396
2025-06-18 19:39:26,REAL,2659362396,532,2659362928,2659362928
2025-06-18 19:39:28,REAL,2659362928,488,2659363416,2659363416
2025-06-18 19:39:30,REAL,2659363416,481,2659363897,2659363897
2025-06-18 19:39:32,REAL,2659363897,485,2659364382,2659364382
2025-06-18 19:39:34,REAL,2659364382,489,2659364871,2659364871
2025-06-18 19:39:36,REAL,2659364871,487,2659365358,2659365358
2025-06-18 19:39:38,REAL,2659365358,490,2659365848,2659365848
2025-06-18 19:39:40,REAL,2659365848,478,2659366326,2659366326
2025-06-18 19:39:42,REAL,2659366326,481,2659366807,2659366807
2025-06-18 19:39:44,REAL,2659366807,476,2659367283,2659367283
2025-06-18 19:39:46,REAL,2659367283,485,2659367768,2659367768
2025-06-18 19:39:48,REAL,2659367768,2539,2659370307,2659370307
2025-06-18 19:39:50,REAL,2659370307,12109,2659382416,2659382416
2025-06-18 19:39:52,REAL,2659382416,10252,2659392668,2659392668
2025-06-18 19:39:54,REAL,2659392668,10247,2659402915,2659402915
2025-06-18 19:39:56,REAL,2659402915,10257,2659413172,2659413172
2025-06-18 19:39:58,REAL,2659413172,10250,2659423422,2659423422
2025-06-18 19:40:00,REAL,2659423422,10258,2659433680,2659433680
2025-06-18 19:40:02,REAL,2659433680,10253,2659443933,2659443933
2025-06-18 19:40:04,REAL,2659443933,3584,2659447517,2659447517
2025-06-18 19:40:06,REAL,2659447517,480,2659447997,2659447997
2025-06-18 19:40:08,REAL,2659447997,539,2659448536,2659448536
2025-06-18 19:40:10,REAL,2659448536,479,2659449015,2659449015
2025-06-18 19:40:12,REAL,2659449015,476,2659449491,2659449491
2025-06-18 19:40:14,REAL,2659449491,491,2659449982,2659449982
2025-06-18 19:40:16,REAL,2659449982,481,2659450463,2659450463
2025-06-18 19:40:18,REAL,2659450463,488,2659450951,2659450951
2025-06-18 19:40:20,REAL,2659450951,3330,2659454281,2659454281
2025-06-18 19:40:22,REAL,2659454281,11574,2659465855,2659465855
2025-06-18 19:40:24,REAL,2659465855,10249,2659476104,2659476104
2025-06-18 19:40:26,REAL,2659476104,10248,2659486352,2659486352
2025-06-18 19:40:28,REAL,2659486352,10247,2659496599,2659496599
2025-06-18 19:40:30,REAL,2659496599,10250,2659506849,2659506849
2025-06-18 19:40:32,REAL,2659506849,10326,2659517175,2659517175
2025-06-18 19:40:34,REAL,2659517175,10655,2659527830,2659527830
2025-06-18 19:40:36,REAL,2659527830,2522,2659530352,2659530352
2025-06-18 19:40:38,REAL,2659530352,475,2659530827,2659530827
2025-06-18 19:40:40,REAL,2659530827,478,2659531305,2659531305
2025-06-18 19:40:42,REAL,2659531305,478,2659531783,2659531783
2025-06-18 19:40:44,REAL,2659531783,477,2659532260,2659532260
2025-06-18 19:40:46,REAL,2659532260,480,2659532740,2659532740
2025-06-18 19:40:48,REAL,2659532740,491,2659533231,2659533231
2025-06-18 19:40:50,REAL,2659533231,486,2659533717,2659533717
2025-06-18 19:40:52,REAL,2659533717,3847,2659537564,2659537564
2025-06-18 19:40:54,REAL,2659537564,13550,2659551114,2659551114
2025-06-18 19:40:56,REAL,2659551114,10248,2659561362,2659561362
2025-06-18 19:40:58,REAL,2659561362,10308,2659571670,2659571670
2025-06-18 19:41:00,REAL,2659571670,10261,2659581931,2659581931
2025-06-18 19:41:02,REAL,2659581931,10249,2659592180,2659592180
2025-06-18 19:41:04,REAL,2659592180,10320,2659602500,2659602500
2025-06-18 19:41:06,REAL,2659602500,10250,2659612750,2659612750
2025-06-18 19:41:08,REAL,2659612750,2334,2659615084,2659615084
2025-06-18 19:41:10,REAL,2659615084,482,2659615566,2659615566
2025-06-18 19:41:12,REAL,2659615566,481,2659616047,2659616047
2025-06-18 19:41:14,REAL,2659616047,489,2659616536,2659616536
2025-06-18 19:41:16,REAL,2659616536,489,2659617025,2659617025
2025-06-18 19:41:18,REAL,2659617025,476,2659617501,2659617501
2025-06-18 19:41:20,REAL,2659617501,483,2659617984,2659617984
2025-06-18 19:41:22,REAL,2659617984,481,2659618465,2659618465
2025-06-18 19:41:24,REAL,2659618465,4914,2659623379,2659623379
2025-06-18 19:41:26,REAL,2659623379,11700,2659635079,2659635079
2025-06-18 19:41:28,REAL,2659635079,10321,2659645400,2659645400
2025-06-18 19:41:30,REAL,2659645400,10258,2659655658,2659655658
2025-06-18 19:41:32,REAL,2659655658,10324,2659665982,2659665982
2025-06-18 19:41:34,REAL,2659665982,10304,2659676286,2659676286
2025-06-18 19:41:36,REAL,2659676286,10324,2659686610,2659686610
2025-06-18 19:41:38,REAL,2659686610,10249,2659696859,2659696859
2025-06-18 19:41:40,REAL,2659696859,1800,2659698659,2659698659
2025-06-18 19:41:42,REAL,2659698659,483,2659699142,2659699142
2025-06-18 19:41:44,REAL,2659699142,482,2659699624,2659699624
2025-06-18 19:41:46,REAL,2659699624,483,2659700107,2659700107
2025-06-18 19:41:48,REAL,2659700107,486,2659700593,2659700593
2025-06-18 19:41:50,REAL,2659700593,482,2659701075,2659701075
2025-06-18 19:41:52,REAL,2659701075,488,2659701563,2659701563
2025-06-18 19:41:54,REAL,2659701563,487,2659702050,2659702050
2025-06-18 19:41:56,REAL,2659702050,5243,2659707293,2659707293
2025-06-18 19:41:58,REAL,2659707293,11371,2659718664,2659718664
2025-06-18 19:42:00,REAL,2659718664,10244,2659728908,2659728908
2025-06-18 19:42:02,REAL,2659728908,10319,2659739227,2659739227
2025-06-18 19:42:04,REAL,2659739227,10245,2659749472,2659749472
2025-06-18 19:42:06,REAL,2659749472,10321,2659759793,2659759793
2025-06-18 19:42:08,REAL,2659759793,10252,2659770045,2659770045
2025-06-18 19:42:10,REAL,2659770045,10261,2659780306,2659780306
2025-06-18 19:42:12,REAL,2659780306,1153,2659781459,2659781459
2025-06-18 19:42:14,REAL,2659781459,487,2659781946,2659781946
2025-06-18 19:42:16,REAL,2659781946,483,2659782429,2659782429
2025-06-18 19:42:18,REAL,2659782429,532,2659782961,2659782961
2025-06-18 19:42:20,REAL,2659782961,489,2659783450,2659783450
2025-06-18 19:42:22,REAL,2659783450,489,2659783939,2659783939
2025-06-18 19:42:24,REAL,2659783939,478,2659784417,2659784417
2025-06-18 19:42:26,REAL,2659784417,476,2659784893,2659784893
2025-06-18 19:42:28,REAL,2659784893,6759,2659791652,2659791652
2025-06-18 19:42:30,REAL,2659791652,13092,2659804744,2659804744
2025-06-18 19:42:32,REAL,2659804744,10252,2659814996,2659814996
2025-06-18 19:42:34,REAL,2659814996,10253,2659825249,2659825249
2025-06-18 19:42:36,REAL,2659825249,10247,2659835496,2659835496
2025-06-18 19:42:38,REAL,2659835496,10317,2659845813,2659845813
2025-06-18 19:42:40,REAL,2659845813,10249,2659856062,2659856062
2025-06-18 19:42:42,REAL,2659856062,10321,2659866383,2659866383
2025-06-18 19:42:44,REAL,2659866383,480,2659866863,2659866863
2025-06-18 19:42:46,REAL,2659866863,479,2659867342,2659867342
2025-06-18 19:42:48,REAL,2659867342,479,2659867821,2659867821
2025-06-18 19:42:50,REAL,2659867821,480,2659868301,2659868301
2025-06-18 19:42:52,REAL,2659868301,476,2659868777,2659868777
2025-06-18 19:42:54,REAL,2659868777,486,2659869263,2659869263
2025-06-18 19:42:56,REAL,2659869263,476,2659869739,2659869739
2025-06-18 19:42:58,REAL,2659869739,483,2659870222,2659870222
2025-06-18 19:43:00,REAL,2659870222,6893,2659877115,2659877115
2025-06-18 19:43:02,REAL,2659877115,11173,2659888288,2659888288
2025-06-18 19:43:04,REAL,2659888288,10248,2659898536,2659898536
2025-06-18 19:43:06,REAL,2659898536,10258,2659908794,2659908794
2025-06-18 19:43:08,REAL,2659908794,10328,2659919122,2659919122
2025-06-18 19:43:10,REAL,2659919122,10254,2659929376,2659929376
2025-06-18 19:43:12,REAL,2659929376,10250,2659939626,2659939626
2025-06-18 19:43:14,REAL,2659939626,9654,2659949280,2659949280
2025-06-18 19:43:16,REAL,2659949280,480,2659949760,2659949760
2025-06-18 19:43:18,REAL,2659949760,491,2659950251,2659950251
2025-06-18 19:43:20,REAL,2659950251,481,2659950732,2659950732
2025-06-18 19:43:22,REAL,2659950732,485,2659951217,2659951217
2025-06-18 19:43:24,REAL,2659951217,486,2659951703,2659951703
2025-06-18 19:43:26,REAL,2659951703,478,2659952181,2659952181
2025-06-18 19:43:28,REAL,2659952181,487,2659952668,2659952668
2025-06-18 19:43:30,REAL,2659952668,484,2659953152,2659953152
2025-06-18 19:43:32,REAL,2659953152,487,2659953639,2659953639
2025-06-18 19:43:34,REAL,2659953639,482,2659954121,2659954121
2025-06-18 19:43:36,REAL,2659954121,489,2659954610,2659954610
2025-06-18 19:43:38,REAL,2659954610,485,2659955095,2659955095
2025-06-18 19:43:40,REAL,2659955095,482,2659955577,2659955577
2025-06-18 19:43:42,REAL,2659955577,488,2659956065,2659956065
2025-06-18 19:43:44,REAL,2659956065,487,2659956552,2659956552
2025-06-18 19:43:46,REAL,2659956552,483,2659957035,2659957035
2025-06-18 19:43:48,REAL,2659957035,544,2659957579,2659957579
2025-06-18 19:43:50,REAL,2659957579,549,2659958128,2659958128
2025-06-18 19:43:52,REAL,2659958128,493,2659958621,2659958621
2025-06-18 19:43:54,REAL,2659958621,491,2659959112,2659959112
2025-06-18 19:43:56,REAL,2659959112,486,2659959598,2659959598
2025-06-18 19:43:58,REAL,2659959598,487,2659960085,2659960085
2025-06-18 19:44:00,REAL,2659960085,490,2659960575,2659960575
2025-06-18 19:44:02,REAL,2659960575,482,2659961057,2659961057
2025-06-18 19:44:04,REAL,2659961057,486,2659961543,2659961543
2025-06-18 19:44:06,REAL,2659961543,482,2659962025,2659962025
2025-06-18 19:44:08,REAL,2659962025,491,2659962516,2659962516
2025-06-18 19:44:10,REAL,2659962516,492,2659963008,2659963008
2025-06-18 19:44:12,REAL,2659963008,475,2659963483,2659963483
2025-06-18 19:44:14,REAL,2659963483,480,2659963963,2659963963
2025-06-18 19:44:16,REAL,2659963963,480,2659964443,2659964443
2025-06-18 19:44:18,REAL,2659964443,492,2659964935,2659964935
2025-06-18 19:44:20,REAL,2659964935,484,2659965419,2659965419
2025-06-18 19:44:22,REAL,2659965419,488,2659965907,2659965907
2025-06-18 19:44:24,REAL,2659965907,490,2659966397,2659966397
2025-06-18 19:44:26,REAL,2659966397,486,2659966883,2659966883
2025-06-18 19:44:28,REAL,2659966883,487,2659967370,2659967370
2025-06-18 19:44:30,REAL,2659967370,490,2659967860,2659967860
2025-06-18 19:44:32,REAL,2659967860,533,2659968393,2659968393
2025-06-18 19:44:34,REAL,2659968393,484,2659968877,2659968877
2025-06-18 19:44:36,REAL,2659968877,11314,2659980191,2659980191
2025-06-18 19:44:38,REAL,2659980191,11637,2659991828,2659991828
2025-06-18 19:44:40,REAL,2659991828,10249,2660002077,2660002077
2025-06-18 19:44:42,REAL,2660002077,10248,2660012325,2660012325
2025-06-18 19:44:44,REAL,2660012325,10313,2660022638,2660022638
2025-06-18 19:44:46,REAL,2660022638,10256,2660032894,2660032894
2025-06-18 19:44:48,REAL,2660032894,10322,2660043216,2660043216
2025-06-18 19:44:50,REAL,2660043216,7743,2660050959,2660050959
2025-06-18 19:44:52,REAL,2660050959,479,2660051438,2660051438
2025-06-18 19:44:54,REAL,2660051438,474,2660051912,2660051912
2025-06-18 19:44:56,REAL,2660051912,490,2660052402,2660052402
2025-06-18 19:44:58,REAL,2660052402,476,2660052878,2660052878
2025-06-18 19:45:00,REAL,2660052878,492,2660053370,2660053370
2025-06-18 19:45:02,REAL,2660053370,483,2660053853,2660053853
2025-06-18 19:45:04,REAL,2660053853,484,2660054337,2660054337
2025-06-18 19:45:06,REAL,2660054337,487,2660054824,2660054824
2025-06-18 19:45:08,REAL,2660054824,484,2660055308,2660055308
2025-06-18 19:45:10,REAL,2660055308,488,2660055796,2660055796
2025-06-18 19:45:12,REAL,2660055796,479,2660056275,2660056275
2025-06-18 19:45:14,REAL,2660056275,488,2660056763,2660056763
2025-06-18 19:45:16,REAL,2660056763,480,2660057243,2660057243
2025-06-18 19:45:18,REAL,2660057243,541,2660057784,2660057784
2025-06-18 19:45:20,REAL,2660057784,486,2660058270,2660058270
2025-06-18 19:45:22,REAL,2660058270,487,2660058757,2660058757
2025-06-18 19:45:24,REAL,2660058757,489,2660059246,2660059246
2025-06-18 19:45:26,REAL,2660059246,540,2660059786,2660059786
2025-06-18 19:45:28,REAL,2660059786,483,2660060269,2660060269
2025-06-18 19:45:30,REAL,2660060269,480,2660060749,2660060749
2025-06-18 19:45:32,REAL,2660060749,484,2660061233,2660061233
2025-06-18 19:45:34,REAL,2660061233,484,2660061717,2660061717
2025-06-18 19:45:36,REAL,2660061717,479,2660062196,2660062196
2025-06-18 19:45:38,REAL,2660062196,484,2660062680,2660062680
2025-06-18 19:45:40,REAL,2660062680,10670,2660073350,2660073350
2025-06-18 19:45:42,REAL,2660073350,10250,2660083600,2660083600
2025-06-18 19:45:44,REAL,2660083600,10248,2660093848,2660093848
2025-06-18 19:45:46,REAL,2660093848,10310,2660104158,2660104158
2025-06-18 19:45:48,REAL,2660104158,10242,2660114400,2660114400
2025-06-18 19:45:50,REAL,2660114400,10252,2660124652,2660124652
2025-06-18 19:45:52,REAL,2660124652,10321,2660134973,2660134973
2025-06-18 19:45:54,REAL,2660134973,6494,2660141467,2660141467
2025-06-18 19:45:56,REAL,2660141467,492,2660141959,2660141959
2025-06-18 19:45:58,REAL,2660141959,486,2660142445,2660142445
2025-06-18 19:46:00,REAL,2660142445,6169,2660148614,2660148614
2025-06-18 19:46:02,REAL,2660148614,14337,2660162951,2660162951
2025-06-18 19:46:04,REAL,2660162951,10314,2660173265,2660173265
2025-06-18 19:46:06,REAL,2660173265,10251,2660183516,2660183516
2025-06-18 19:46:08,REAL,2660183516,10260,2660193776,2660193776
2025-06-18 19:46:10,REAL,2660193776,10319,2660204095,2660204095
2025-06-18 19:46:12,REAL,2660204095,10251,2660214346,2660214346
2025-06-18 19:46:14,REAL,2660214346,10250,2660224596,2660224596
2025-06-18 19:46:16,REAL,2660224596,1281,2660225877,2660225877
2025-06-18 19:46:18,REAL,2660225877,485,2660226362,2660226362
2025-06-18 19:46:20,REAL,2660226362,485,2660226847,2660226847
2025-06-18 19:46:22,REAL,2660226847,482,2660227329,2660227329
2025-06-18 19:46:24,REAL,2660227329,483,2660227812,2660227812
2025-06-18 19:46:26,REAL,2660227812,483,2660228295,2660228295
2025-06-18 19:46:28,REAL,2660228295,478,2660228773,2660228773
2025-06-18 19:46:30,REAL,2660228773,485,2660229258,2660229258
2025-06-18 19:46:32,REAL,2660229258,484,2660229742,2660229742
2025-06-18 19:46:34,REAL,2660229742,480,2660230222,2660230222
2025-06-18 19:46:36,REAL,2660230222,484,2660230706,2660230706
2025-06-18 19:46:38,REAL,2660230706,486,2660231192,2660231192
2025-06-18 19:46:40,REAL,2660231192,493,2660231685,2660231685
2025-06-18 19:46:42,REAL,2660231685,485,2660232170,2660232170
2025-06-18 19:46:44,REAL,2660232170,485,2660232655,2660232655
2025-06-18 19:46:46,REAL,2660232655,490,2660233145,2660233145
2025-06-18 19:46:48,REAL,2660233145,538,2660233683,2660233683
2025-06-18 19:46:50,REAL,2660233683,537,2660234220,2660234220
2025-06-18 19:46:52,REAL,2660234220,489,2660234709,2660234709
2025-06-18 19:46:54,REAL,2660234709,475,2660235184,2660235184
2025-06-18 19:46:56,REAL,2660235184,485,2660235669,2660235669
2025-06-18 19:46:58,REAL,2660235669,486,2660236155,2660236155
2025-06-18 19:47:00,REAL,2660236155,490,2660236645,2660236645
2025-06-18 19:47:02,REAL,2660236645,493,2660237138,2660237138
2025-06-18 19:47:04,REAL,2660237138,488,2660237626,2660237626
2025-06-18 19:47:06,REAL,2660237626,486,2660238112,2660238112
2025-06-18 19:47:08,REAL,2660238112,482,2660238594,2660238594
2025-06-18 19:47:10,REAL,2660238594,487,2660239081,2660239081
2025-06-18 19:47:12,REAL,2660239081,483,2660239564,2660239564
2025-06-18 19:47:14,REAL,2660239564,485,2660240049,2660240049
2025-06-18 19:47:16,REAL,2660240049,482,2660240531,2660240531
2025-06-18 19:47:18,REAL,2660240531,478,2660241009,2660241009
2025-06-18 19:47:20,REAL,2660241009,8739,2660249748,2660249748
2025-06-18 19:47:22,REAL,2660249748,12561,2660262309,2660262309
2025-06-18 19:47:24,REAL,2660262309,10248,2660272557,2660272557
2025-06-18 19:47:26,REAL,2660272557,10315,2660282872,2660282872
2025-06-18 19:47:28,REAL,2660282872,10255,2660293127,2660293127
2025-06-18 19:47:30,REAL,2660293127,10321,2660303448,2660303448
2025-06-18 19:47:32,REAL,2660303448,10305,2660313753,2660313753
2025-06-18 19:47:34,REAL,2660313753,9521,2660323274,2660323274
2025-06-18 19:47:36,REAL,2660323274,477,2660323751,2660323751
2025-06-18 19:47:38,REAL,2660323751,491,2660324242,2660324242
2025-06-18 19:47:40,REAL,2660324242,481,2660324723,2660324723
2025-06-18 19:47:42,REAL,2660324723,487,2660325210,2660325210
2025-06-18 19:47:44,REAL,2660325210,481,2660325691,2660325691
2025-06-18 19:47:46,REAL,2660325691,478,2660326169,2660326169
2025-06-18 19:47:48,REAL,2660326169,485,2660326654,2660326654
2025-06-18 19:47:50,REAL,2660326654,486,2660327140,2660327140
2025-06-18 19:47:52,REAL,2660327140,8141,2660335281,2660335281
2025-06-18 19:47:54,REAL,2660335281,10776,2660346057,2660346057
2025-06-18 19:47:56,REAL,2660346057,10258,2660356315,2660356315
2025-06-18 19:47:58,REAL,2660356315,10254,2660366569,2660366569
2025-06-18 19:48:00,REAL,2660366569,10261,2660376830,2660376830
2025-06-18 19:48:02,REAL,2660376830,10254,2660387084,2660387084
2025-06-18 19:48:04,REAL,2660387084,10258,2660397342,2660397342
2025-06-18 19:48:06,REAL,2660397342,8859,2660406201,2660406201
2025-06-18 19:48:08,REAL,2660406201,481,2660406682,2660406682
2025-06-18 19:48:10,REAL,2660406682,491,2660407173,2660407173
2025-06-18 19:48:12,REAL,2660407173,493,2660407666,2660407666
2025-06-18 19:48:14,REAL,2660407666,484,2660408150,2660408150
2025-06-18 19:48:16,REAL,2660408150,477,2660408627,2660408627
2025-06-18 19:48:18,REAL,2660408627,540,2660409167,2660409167
2025-06-18 19:48:20,REAL,2660409167,480,2660409647,2660409647
2025-06-18 19:48:22,REAL,2660409647,483,2660410130,2660410130
2025-06-18 19:48:24,REAL,2660410130,489,2660410619,2660410619
2025-06-18 19:48:26,REAL,2660410619,545,2660411164,2660411164
2025-06-18 19:48:28,REAL,2660411164,484,2660411648,2660411648
2025-06-18 19:48:30,REAL,2660411648,478,2660412126,2660412126
2025-06-18 19:48:32,REAL,2660412126,489,2660412615,2660412615
2025-06-18 19:48:34,REAL,2660412615,476,2660413091,2660413091
2025-06-18 19:48:36,REAL,2660413091,485,2660413576,2660413576
2025-06-18 19:48:38,REAL,2660413576,491,2660414067,2660414067
2025-06-18 19:48:40,REAL,2660414067,478,2660414545,2660414545
2025-06-18 19:48:42,REAL,2660414545,481,2660415026,2660415026
2025-06-18 19:48:44,REAL,2660415026,3196,2660418222,2660418222
2025-06-18 19:48:46,REAL,2660418222,11903,2660430125,2660430125
2025-06-18 19:48:48,REAL,2660430125,10250,2660440375,2660440375
2025-06-18 19:48:50,REAL,2660440375,10253,2660450628,2660450628
2025-06-18 19:48:52,REAL,2660450628,10320,2660460948,2660460948
2025-06-18 19:48:54,REAL,2660460948,10255,2660471203,2660471203
2025-06-18 19:48:56,REAL,2660471203,10255,2660481458,2660481458
2025-06-18 19:48:58,REAL,2660481458,10248,2660491706,2660491706
2025-06-18 19:49:00,REAL,2660491706,2992,2660494698,2660494698
2025-06-18 19:49:02,REAL,2660494698,541,2660495239,2660495239
2025-06-18 19:49:04,REAL,2660495239,479,2660495718,2660495718
2025-06-18 19:49:06,REAL,2660495718,483,2660496201,2660496201
2025-06-18 19:49:08,REAL,2660496201,483,2660496684,2660496684
2025-06-18 19:49:10,REAL,2660496684,487,2660497171,2660497171
2025-06-18 19:49:12,REAL,2660497171,483,2660497654,2660497654
2025-06-18 19:49:14,REAL,2660497654,485,2660498139,2660498139
2025-06-18 19:49:16,REAL,2660498139,4325,2660502464,2660502464
2025-06-18 19:49:18,REAL,2660502464,11242,2660513706,2660513706
2025-06-18 19:49:20,REAL,2660513706,10254,2660523960,2660523960
2025-06-18 19:49:22,REAL,2660523960,10248,2660534208,2660534208
2025-06-18 19:49:24,REAL,2660534208,10254,2660544462,2660544462
2025-06-18 19:49:26,REAL,2660544462,10327,2660554789,2660554789
2025-06-18 19:49:28,REAL,2660554789,10246,2660565035,2660565035
2025-06-18 19:49:30,REAL,2660565035,10258,2660575293,2660575293
2025-06-18 19:49:32,REAL,2660575293,2330,2660577623,2660577623
2025-06-18 19:49:34,REAL,2660577623,476,2660578099,2660578099
2025-06-18 19:49:36,REAL,2660578099,481,2660578580,2660578580
2025-06-18 19:49:38,REAL,2660578580,482,2660579062,2660579062
2025-06-18 19:49:40,REAL,2660579062,477,2660579539,2660579539
2025-06-18 19:49:42,REAL,2660579539,482,2660580021,2660580021
2025-06-18 19:49:44,REAL,2660580021,486,2660580507,2660580507
2025-06-18 19:49:46,REAL,2660580507,482,2660580989,2660580989
2025-06-18 19:49:48,REAL,2660580989,538,2660581527,2660581527
2025-06-18 19:49:50,REAL,2660581527,546,2660582073,2660582073
2025-06-18 19:49:52,REAL,2660582073,492,2660582565,2660582565
2025-06-18 19:49:54,REAL,2660582565,483,2660583048,2660583048
2025-06-18 19:49:56,REAL,2660583048,485,2660583533,2660583533
2025-06-18 19:49:58,REAL,2660583533,486,2660584019,2660584019
2025-06-18 19:50:00,REAL,2660584019,484,2660584503,2660584503
2025-06-18 19:50:02,REAL,2660584503,489,2660584992,2660584992
2025-06-18 19:50:04,REAL,2660584992,487,2660585479,2660585479
2025-06-18 19:50:06,REAL,2660585479,489,2660585968,2660585968
2025-06-18 19:50:08,REAL,2660585968,476,2660586444,2660586444
2025-06-18 19:50:10,REAL,2660586444,488,2660586932,2660586932
2025-06-18 19:50:12,REAL,2660586932,488,2660587420,2660587420
2025-06-18 19:50:14,REAL,2660587420,486,2660587906,2660587906
2025-06-18 19:50:16,REAL,2660587906,488,2660588394,2660588394
2025-06-18 19:50:18,REAL,2660588394,485,2660588879,2660588879
2025-06-18 19:50:20,REAL,2660588879,482,2660589361,2660589361
2025-06-18 19:50:22,REAL,2660589361,491,2660589852,2660589852
2025-06-18 19:50:24,REAL,2660589852,483,2660590335,2660590335
2025-06-18 19:50:26,REAL,2660590335,544,2660590879,2660590879
2025-06-18 19:50:28,REAL,2660590879,480,2660591359,2660591359
2025-06-18 19:50:30,REAL,2660591359,481,2660591840,2660591840
2025-06-18 19:50:32,REAL,2660591840,542,2660592382,2660592382
2025-06-18 19:50:34,REAL,2660592382,483,2660592865,2660592865
2025-06-18 19:50:36,REAL,2660592865,483,2660593348,2660593348
2025-06-18 19:50:38,REAL,2660593348,485,2660593833,2660593833
2025-06-18 19:50:40,REAL,2660593833,491,2660594324,2660594324
2025-06-18 19:50:42,REAL,2660594324,483,2660594807,2660594807
2025-06-18 19:50:44,REAL,2660594807,486,2660595293,2660595293
2025-06-18 19:50:46,REAL,2660595293,491,2660595784,2660595784
2025-06-18 19:50:48,REAL,2660595784,479,2660596263,2660596263
2025-06-18 19:50:50,REAL,2660596263,477,2660596740,2660596740
2025-06-18 19:50:52,REAL,2660596740,479,2660597219,2660597219
2025-06-18 19:50:54,REAL,2660597219,481,2660597700,2660597700
2025-06-18 19:50:56,REAL,2660597700,483,2660598183,2660598183
2025-06-18 19:50:58,REAL,2660598183,484,2660598667,2660598667
2025-06-18 19:51:00,REAL,2660598667,540,2660599207,2660599207
2025-06-18 19:51:02,REAL,2660599207,482,2660599689,2660599689
2025-06-18 19:51:04,REAL,2660599689,484,2660600173,2660600173
2025-06-18 19:51:06,REAL,2660600173,479,2660600652,2660600652
2025-06-18 19:51:08,REAL,2660600652,485,2660601137,2660601137
2025-06-18 19:51:10,REAL,2660601137,488,2660601625,2660601625
2025-06-18 19:51:12,REAL,2660601625,482,2660602107,2660602107
2025-06-18 19:51:14,REAL,2660602107,487,2660602594,2660602594
2025-06-18 19:51:16,REAL,2660602594,487,2660603081,2660603081
2025-06-18 19:51:18,REAL,2660603081,546,2660603627,2660603627
2025-06-18 19:51:20,REAL,2660603627,485,2660604112,2660604112
2025-06-18 19:51:22,REAL,2660604112,485,2660604597,2660604597
2025-06-18 19:51:24,REAL,2660604597,490,2660605087,2660605087
2025-06-18 19:51:26,REAL,2660605087,484,2660605571,2660605571
2025-06-18 19:51:28,REAL,2660605571,484,2660606055,2660606055
2025-06-18 19:51:30,REAL,2660606055,484,2660606539,2660606539
2025-06-18 19:51:32,REAL,2660606539,485,2660607024,2660607024
2025-06-18 19:51:34,REAL,2660607024,488,2660607512,2660607512
2025-06-18 19:51:36,REAL,2660607512,540,2660608052,2660608052
2025-06-18 19:51:38,REAL,2660608052,475,2660608527,2660608527
2025-06-18 19:51:40,REAL,2660608527,478,2660609005,2660609005
2025-06-18 19:51:42,REAL,2660609005,481,2660609486,2660609486
2025-06-18 19:51:44,REAL,2660609486,483,2660609969,2660609969
2025-06-18 19:51:46,REAL,2660609969,483,2660610452,2660610452
2025-06-18 19:51:48,REAL,2660610452,476,2660610928,2660610928
2025-06-18 19:51:50,REAL,2660610928,481,2660611409,2660611409
2025-06-18 19:51:52,REAL,2660611409,489,2660611898,2660611898
2025-06-18 19:51:54,REAL,2660611898,476,2660612374,2660612374
2025-06-18 19:51:56,REAL,2660612374,489,2660612863,2660612863
2025-06-18 19:51:58,REAL,2660612863,488,2660613351,2660613351
2025-06-18 19:52:00,REAL,2660613351,491,2660613842,2660613842
2025-06-18 19:52:02,REAL,2660613842,537,2660614379,2660614379
2025-06-18 19:52:04,REAL,2660614379,489,2660614868,2660614868
2025-06-18 19:52:06,REAL,2660614868,489,2660615357,2660615357
2025-06-18 19:52:08,REAL,2660615357,488,2660615845,2660615845
2025-06-18 19:52:10,REAL,2660615845,490,2660616335,2660616335
2025-06-18 19:52:12,REAL,2660616335,484,2660616819,2660616819
2025-06-18 19:52:14,REAL,2660616819,482,2660617301,2660617301
2025-06-18 19:52:16,REAL,2660617301,492,2660617793,2660617793
2025-06-18 19:52:18,REAL,2660617793,491,2660618284,2660618284
2025-06-18 19:52:20,REAL,2660618284,532,2660618816,2660618816
2025-06-18 19:52:22,REAL,2660618816,488,2660619304,2660619304
2025-06-18 19:52:24,REAL,2660619304,481,2660619785,2660619785
2025-06-18 19:52:26,REAL,2660619785,539,2660620324,2660620324
2025-06-18 19:52:28,REAL,2660620324,8612,2660628936,2660628936
2025-06-18 19:52:30,REAL,2660628936,10525,2660639461,2660639461
2025-06-18 19:52:32,REAL,2660639461,10254,2660649715,2660649715
2025-06-18 19:52:34,REAL,2660649715,10320,2660660035,2660660035
2025-06-18 19:52:36,REAL,2660660035,10260,2660670295,2660670295
2025-06-18 19:52:38,REAL,2660670295,10251,2660680546,2660680546
2025-06-18 19:52:40,REAL,2660680546,10248,2660690794,2660690794
2025-06-18 19:52:42,REAL,2660690794,8410,2660699204,2660699204
2025-06-18 19:52:44,REAL,2660699204,491,2660699695,2660699695
2025-06-18 19:52:46,REAL,2660699695,486,2660700181,2660700181
2025-06-18 19:52:48,REAL,2660700181,539,2660700720,2660700720
2025-06-18 19:52:50,REAL,2660700720,492,2660701212,2660701212
2025-06-18 19:52:52,REAL,2660701212,490,2660701702,2660701702
2025-06-18 19:52:54,REAL,2660701702,482,2660702184,2660702184
2025-06-18 19:52:56,REAL,2660702184,482,2660702666,2660702666
2025-06-18 19:52:58,REAL,2660702666,488,2660703154,2660703154
2025-06-18 19:53:00,REAL,2660703154,490,2660703644,2660703644
2025-06-18 19:53:02,REAL,2660703644,488,2660704132,2660704132
2025-06-18 19:53:04,REAL,2660704132,479,2660704611,2660704611
2025-06-18 19:53:06,REAL,2660704611,485,2660705096,2660705096
2025-06-18 19:53:08,REAL,2660705096,491,2660705587,2660705587
2025-06-18 19:53:10,REAL,2660705587,544,2660706131,2660706131
2025-06-18 19:53:12,REAL,2660706131,546,2660706677,2660706677
2025-06-18 19:53:14,REAL,2660706677,474,2660707151,2660707151
2025-06-18 19:53:16,REAL,2660707151,476,2660707627,2660707627
2025-06-18 19:53:18,REAL,2660707627,482,2660708109,2660708109
2025-06-18 19:53:20,REAL,2660708109,3719,2660711828,2660711828
2025-06-18 19:53:22,REAL,2660711828,14409,2660726237,2660726237
2025-06-18 19:53:24,REAL,2660726237,10325,2660736562,2660736562
2025-06-18 19:53:26,REAL,2660736562,10253,2660746815,2660746815
2025-06-18 19:53:28,REAL,2660746815,10320,2660757135,2660757135
2025-06-18 19:53:30,REAL,2660757135,10253,2660767388,2660767388
2025-06-18 19:53:32,REAL,2660767388,10313,2660777701,2660777701
2025-06-18 19:53:34,REAL,2660777701,10327,2660788028,2660788028
2025-06-18 19:53:36,REAL,2660788028,2463,2660790491,2660790491
2025-06-18 19:53:38,REAL,2660790491,478,2660790969,2660790969
2025-06-18 19:53:40,REAL,2660790969,482,2660791451,2660791451
2025-06-18 19:53:42,REAL,2660791451,486,2660791937,2660791937
2025-06-18 19:53:44,REAL,2660791937,478,2660792415,2660792415
2025-06-18 19:53:46,REAL,2660792415,480,2660792895,2660792895
2025-06-18 19:53:48,REAL,2660792895,487,2660793382,2660793382
2025-06-18 19:53:50,REAL,2660793382,488,2660793870,2660793870
2025-06-18 19:53:52,REAL,2660793870,490,2660794360,2660794360
2025-06-18 19:53:54,REAL,2660794360,479,2660794839,2660794839
2025-06-18 19:53:56,REAL,2660794839,540,2660795379,2660795379
2025-06-18 19:53:58,REAL,2660795379,487,2660795866,2660795866
2025-06-18 19:54:00,REAL,2660795866,480,2660796346,2660796346
2025-06-18 19:54:02,REAL,2660796346,475,2660796821,2660796821
2025-06-18 19:54:04,REAL,2660796821,547,2660797368,2660797368
2025-06-18 19:54:06,REAL,2660797368,485,2660797853,2660797853
2025-06-18 19:54:08,REAL,2660797853,488,2660798341,2660798341
2025-06-18 19:54:10,REAL,2660798341,484,2660798825,2660798825
2025-06-18 19:54:12,REAL,2660798825,490,2660799315,2660799315
2025-06-18 19:54:14,REAL,2660799315,485,2660799800,2660799800
2025-06-18 19:54:16,REAL,2660799800,485,2660800285,2660800285
2025-06-18 19:54:18,REAL,2660800285,547,2660800832,2660800832
2025-06-18 19:54:20,REAL,2660800832,487,2660801319,2660801319
2025-06-18 19:54:22,REAL,2660801319,478,2660801797,2660801797
2025-06-18 19:54:24,REAL,2660801797,487,2660802284,2660802284
2025-06-18 19:54:26,REAL,2660802284,489,2660802773,2660802773
2025-06-18 19:54:28,REAL,2660802773,482,2660803255,2660803255
2025-06-18 19:54:30,REAL,2660803255,484,2660803739,2660803739
2025-06-18 19:54:32,REAL,2660803739,487,2660804226,2660804226
2025-06-18 19:54:34,REAL,2660804226,487,2660804713,2660804713
2025-06-18 19:54:36,REAL,2660804713,478,2660805191,2660805191
2025-06-18 19:54:38,REAL,2660805191,485,2660805676,2660805676
2025-06-18 19:54:40,REAL,2660805676,5516,2660811192,2660811192
2025-06-18 19:54:42,REAL,2660811192,11768,2660822960,2660822960
2025-06-18 19:54:44,REAL,2660822960,10184,2660833144,2660833144
2025-06-18 19:54:46,REAL,2660833144,10313,2660843457,2660843457
2025-06-18 19:54:48,REAL,2660843457,10256,2660853713,2660853713
2025-06-18 19:54:50,REAL,2660853713,10251,2660863964,2660863964
2025-06-18 19:54:52,REAL,2660863964,10246,2660874210,2660874210
2025-06-18 19:54:54,REAL,2660874210,10245,2660884455,2660884455
2025-06-18 19:54:56,REAL,2660884455,1478,2660885933,2660885933
2025-06-18 19:54:58,REAL,2660885933,476,2660886409,2660886409
2025-06-18 19:55:00,REAL,2660886409,476,2660886885,2660886885
2025-06-18 19:55:02,REAL,2660886885,548,2660887433,2660887433
2025-06-18 19:55:04,REAL,2660887433,487,2660887920,2660887920
2025-06-18 19:55:06,REAL,2660887920,245,2660888165,2660888165
2025-06-18 19:55:08,REAL,2660888165,488,2660888653,2660888653
2025-06-18 19:55:10,REAL,2660888653,479,2660889132,2660889132
2025-06-18 19:55:12,REAL,2660889132,483,2660889615,2660889615
2025-06-18 19:55:14,REAL,2660889615,479,2660890094,2660890094
2025-06-18 19:55:16,REAL,2660890094,481,2660890575,2660890575
2025-06-18 19:55:18,REAL,2660890575,477,2660891052,2660891052
2025-06-18 19:55:20,REAL,2660891052,490,2660891542,2660891542
2025-06-18 19:55:22,REAL,2660891542,481,2660892023,2660892023
2025-06-18 19:55:24,REAL,2660892023,541,2660892564,2660892564
2025-06-18 19:55:26,REAL,2660892564,539,2660893103,2660893103
2025-06-18 19:55:28,REAL,2660893103,474,2660893577,2660893577
2025-06-18 19:55:30,REAL,2660893577,477,2660894054,2660894054
2025-06-18 19:55:32,REAL,2660894054,478,2660894532,2660894532
2025-06-18 19:55:34,REAL,2660894532,487,2660895019,2660895019
2025-06-18 19:55:36,REAL,2660895019,477,2660895496,2660895496
2025-06-18 19:55:38,REAL,2660895496,486,2660895982,2660895982
2025-06-18 19:55:40,REAL,2660895982,475,2660896457,2660896457
2025-06-18 19:55:42,REAL,2660896457,481,2660896938,2660896938
2025-06-18 19:55:44,REAL,2660896938,6634,2660903572,2660903572
2025-06-18 19:55:46,REAL,2660903572,10976,2660914548,2660914548
2025-06-18 19:55:48,REAL,2660914548,10255,2660924803,2660924803
2025-06-18 19:55:50,REAL,2660924803,10247,2660935050,2660935050
2025-06-18 19:55:52,REAL,2660935050,10252,2660945302,2660945302
2025-06-18 19:55:54,REAL,2660945302,10260,2660955562,2660955562
2025-06-18 19:55:56,REAL,2660955562,10259,2660965821,2660965821
2025-06-18 19:55:58,REAL,2660965821,9922,2660975743,2660975743
2025-06-18 19:56:00,REAL,2660975743,488,2660976231,2660976231
2025-06-18 19:56:02,REAL,2660976231,488,2660976719,2660976719
2025-06-18 19:56:04,REAL,2660976719,488,2660977207,2660977207
2025-06-18 19:56:06,REAL,2660977207,486,2660977693,2660977693
2025-06-18 19:56:08,REAL,2660977693,474,2660978167,2660978167
2025-06-18 19:56:10,REAL,2660978167,547,2660978714,2660978714
2025-06-18 19:56:12,REAL,2660978714,482,2660979196,2660979196
2025-06-18 19:56:14,REAL,2660979196,491,2660979687,2660979687
2025-06-18 19:56:16,REAL,2660979687,481,2660980168,2660980168
2025-06-18 19:56:18,REAL,2660980168,490,2660980658,2660980658
2025-06-18 19:56:20,REAL,2660980658,482,2660981140,2660981140
2025-06-18 19:56:22,REAL,2660981140,480,2660981620,2660981620
2025-06-18 19:56:24,REAL,2660981620,483,2660982103,2660982103
2025-06-18 19:56:26,REAL,2660982103,484,2660982587,2660982587
2025-06-18 19:56:28,REAL,2660982587,541,2660983128,2660983128
2025-06-18 19:56:30,REAL,2660983128,483,2660983611,2660983611
2025-06-18 19:56:32,REAL,2660983611,541,2660984152,2660984152
2025-06-18 19:56:34,REAL,2660984152,484,2660984636,2660984636
2025-06-18 19:56:36,REAL,2660984636,484,2660985120,2660985120
2025-06-18 19:56:38,REAL,2660985120,488,2660985608,2660985608
2025-06-18 19:56:40,REAL,2660985608,478,2660986086,2660986086
2025-06-18 19:56:42,REAL,2660986086,485,2660986571,2660986571
2025-06-18 19:56:44,REAL,2660986571,490,2660987061,2660987061
2025-06-18 19:56:46,REAL,2660987061,490,2660987551,2660987551
2025-06-18 19:56:48,REAL,2660987551,482,2660988033,2660988033
2025-06-18 19:56:50,REAL,2660988033,484,2660988517,2660988517
2025-06-18 19:56:52,REAL,2660988517,481,2660988998,2660988998
2025-06-18 19:56:54,REAL,2660988998,536,2660989534,2660989534
2025-06-18 19:56:56,REAL,2660989534,483,2660990017,2660990017
2025-06-18 19:56:58,REAL,2660990017,492,2660990509,2660990509
2025-06-18 19:57:00,REAL,2660990509,487,2660990996,2660990996
2025-06-18 19:57:02,REAL,2660990996,489,2660991485,2660991485
2025-06-18 19:57:04,REAL,2660991485,478,2660991963,2660991963
2025-06-18 19:57:06,REAL,2660991963,487,2660992450,2660992450
2025-06-18 19:57:08,REAL,2660992450,479,2660992929,2660992929
2025-06-18 19:57:10,REAL,2660992929,484,2660993413,2660993413
2025-06-18 19:57:12,REAL,2660993413,489,2660993902,2660993902
2025-06-18 19:57:14,REAL,2660993902,489,2660994391,2660994391
2025-06-18 19:57:16,REAL,2660994391,550,2660994941,2660994941
2025-06-18 19:57:18,REAL,2660994941,490,2660995431,2660995431
2025-06-18 19:57:20,REAL,2660995431,494,2660995925,2660995925
2025-06-18 19:57:22,REAL,2660995925,491,2660996416,2660996416
2025-06-18 19:57:24,REAL,2660996416,484,2660996900,2660996900
2025-06-18 19:57:26,REAL,2660996900,482,2660997382,2660997382
2025-06-18 19:57:28,REAL,2660997382,492,2660997874,2660997874
2025-06-18 19:57:30,REAL,2660997874,483,2660998357,2660998357
2025-06-18 19:57:32,REAL,2660998357,476,2660998833,2660998833
2025-06-18 19:57:34,REAL,2660998833,486,2660999319,2660999319
2025-06-18 19:57:36,REAL,2660999319,10904,2661010223,2661010223
2025-06-18 19:57:38,REAL,2661010223,10590,2661020813,2661020813
2025-06-18 19:57:40,REAL,2661020813,10251,2661031064,2661031064
2025-06-18 19:57:42,REAL,2661031064,10259,2661041323,2661041323
2025-06-18 19:57:44,REAL,2661041323,10245,2661051568,2661051568
2025-06-18 19:57:46,REAL,2661051568,10318,2661061886,2661061886
2025-06-18 19:57:48,REAL,2661061886,10247,2661072133,2661072133
2025-06-18 19:57:50,REAL,2661072133,7811,2661079944,2661079944
2025-06-18 19:57:52,REAL,2661079944,481,2661080425,2661080425
2025-06-18 19:57:54,REAL,2661080425,489,2661080914,2661080914
2025-06-18 19:57:56,REAL,2661080914,487,2661081401,2661081401
2025-06-18 19:57:58,REAL,2661081401,485,2661081886,2661081886
2025-06-18 19:58:00,REAL,2661081886,488,2661082374,2661082374
2025-06-18 19:58:02,REAL,2661082374,487,2661082861,2661082861
2025-06-18 19:58:04,REAL,2661082861,487,2661083348,2661083348
2025-06-18 19:58:06,REAL,2661083348,483,2661083831,2661083831
2025-06-18 19:58:08,REAL,2661083831,488,2661084319,2661084319
2025-06-18 19:58:10,REAL,2661084319,493,2661084812,2661084812
2025-06-18 19:58:12,REAL,2661084812,492,2661085304,2661085304
2025-06-18 19:58:14,REAL,2661085304,486,2661085790,2661085790
2025-06-18 19:58:16,REAL,2661085790,539,2661086329,2661086329
2025-06-18 19:58:18,REAL,2661086329,488,2661086817,2661086817
2025-06-18 19:58:20,REAL,2661086817,484,2661087301,2661087301
2025-06-18 19:58:22,REAL,2661087301,487,2661087788,2661087788
2025-06-18 19:58:24,REAL,2661087788,540,2661088328,2661088328
2025-06-18 19:58:26,REAL,2661088328,483,2661088811,2661088811
2025-06-18 19:58:28,REAL,2661088811,487,2661089298,2661089298
2025-06-18 19:58:30,REAL,2661089298,490,2661089788,2661089788
2025-06-18 19:58:32,REAL,2661089788,483,2661090271,2661090271
2025-06-18 19:58:34,REAL,2661090271,480,2661090751,2661090751
2025-06-18 19:58:36,REAL,2661090751,481,2661091232,2661091232
2025-06-18 19:58:38,REAL,2661091232,485,2661091717,2661091717
2025-06-18 19:58:40,REAL,2661091717,477,2661092194,2661092194
2025-06-18 19:58:42,REAL,2661092194,488,2661092682,2661092682
2025-06-18 19:58:44,REAL,2661092682,486,2661093168,2661093168
2025-06-18 19:58:46,REAL,2661093168,475,2661093643,2661093643
2025-06-18 19:58:48,REAL,2661093643,475,2661094118,2661094118
2025-06-18 19:58:50,REAL,2661094118,488,2661094606,2661094606
2025-06-18 19:58:52,REAL,2661094606,480,2661095086,2661095086
2025-06-18 19:58:54,REAL,2661095086,478,2661095564,2661095564
2025-06-18 19:58:56,REAL,2661095564,14423,2661109987,2661109987
2025-06-18 19:58:58,REAL,2661109987,10645,2661120632,2661120632
2025-06-18 19:59:00,REAL,2661120632,10252,2661130884,2661130884
2025-06-18 19:59:02,REAL,2661130884,10250,2661141134,2661141134
2025-06-18 19:59:04,REAL,2661141134,10257,2661151391,2661151391
2025-06-18 19:59:06,REAL,2661151391,10245,2661161636,2661161636
2025-06-18 19:59:08,REAL,2661161636,10255,2661171891,2661171891
2025-06-18 19:59:10,REAL,2661171891,6168,2661178059,2661178059
2025-06-18 19:59:12,REAL,2661178059,486,2661178545,2661178545
2025-06-18 19:59:14,REAL,2661178545,485,2661179030,2661179030
2025-06-18 19:59:16,REAL,2661179030,481,2661179511,2661179511
2025-06-18 19:59:18,REAL,2661179511,486,2661179997,2661179997
2025-06-18 19:59:20,REAL,2661179997,483,2661180480,2661180480
2025-06-18 19:59:22,REAL,2661180480,479,2661180959,2661180959
2025-06-18 19:59:24,REAL,2661180959,477,2661181436,2661181436
2025-06-18 19:59:26,REAL,2661181436,488,2661181924,2661181924
2025-06-18 19:59:28,REAL,2661181924,12042,2661193966,2661193966
2025-06-18 19:59:30,REAL,2661193966,10247,2661204213,2661204213
2025-06-18 19:59:32,REAL,2661204213,10253,2661214466,2661214466
2025-06-18 19:59:34,REAL,2661214466,10248,2661224714,2661224714
2025-06-18 19:59:36,REAL,2661224714,10247,2661234961,2661234961
2025-06-18 19:59:38,REAL,2661234961,10366,2661245327,2661245327
2025-06-18 19:59:40,REAL,2661245327,10314,2661255641,2661255641
2025-06-18 19:59:42,REAL,2661255641,5508,2661261149,2661261149
2025-06-18 19:59:44,REAL,2661261149,481,2661261630,2661261630
2025-06-18 19:59:46,REAL,2661261630,488,2661262118,2661262118
2025-06-18 19:59:48,REAL,2661262118,482,2661262600,2661262600
2025-06-18 19:59:50,REAL,2661262600,482,2661263082,2661263082
2025-06-18 19:59:52,REAL,2661263082,485,2661263567,2661263567
2025-06-18 19:59:54,REAL,2661263567,482,2661264049,2661264049
2025-06-18 19:59:56,REAL,2661264049,487,2661264536,2661264536
2025-06-18 19:59:58,REAL,2661264536,622,2661265158,2661265158
2025-06-18 20:00:00,REAL,2661265158,12170,2661277328,2661277328
2025-06-18 20:00:02,REAL,2661277328,10310,2661287638,2661287638
2025-06-18 20:00:04,REAL,2661287638,10256,2661297894,2661297894
2025-06-18 20:00:06,REAL,2661297894,10255,2661308149,2661308149
2025-06-18 20:00:08,REAL,2661308149,10315,2661318464,2661318464
2025-06-18 20:00:10,REAL,2661318464,10254,2661328718,2661328718
2025-06-18 20:00:12,REAL,2661328718,10322,2661339040,2661339040
2025-06-18 20:00:14,REAL,2661339040,4908,2661343948,2661343948
2025-06-18 20:00:16,REAL,2661343948,484,2661344432,2661344432
2025-06-18 20:00:18,REAL,2661344432,483,2661344915,2661344915
2025-06-18 20:00:20,REAL,2661344915,538,2661345453,2661345453
2025-06-18 20:00:22,REAL,2661345453,483,2661345936,2661345936
2025-06-18 20:00:24,REAL,2661345936,485,2661346421,2661346421
2025-06-18 20:00:26,REAL,2661346421,478,2661346899,2661346899
2025-06-18 20:00:28,REAL,2661346899,483,2661347382,2661347382
2025-06-18 20:00:30,REAL,2661347382,1686,2661349068,2661349068
2025-06-18 20:00:32,REAL,2661349068,11702,2661360770,2661360770
2025-06-18 20:00:34,REAL,2661360770,10260,2661371030,2661371030
2025-06-18 20:00:36,REAL,2661371030,10311,2661381341,2661381341
2025-06-18 20:00:38,REAL,2661381341,10245,2661391586,2661391586
2025-06-18 20:00:40,REAL,2661391586,10247,2661401833,2661401833
2025-06-18 20:00:42,REAL,2661401833,10318,2661412151,2661412151
2025-06-18 20:00:44,REAL,2661412151,10255,2661422406,2661422406
2025-06-18 20:00:46,REAL,2661422406,4312,2661426718,2661426718
2025-06-18 20:00:48,REAL,2661426718,488,2661427206,2661427206
2025-06-18 20:00:50,REAL,2661427206,479,2661427685,2661427685
2025-06-18 20:00:52,REAL,2661427685,487,2661428172,2661428172
2025-06-18 20:00:54,REAL,2661428172,477,2661428649,2661428649
2025-06-18 20:00:56,REAL,2661428649,489,2661429138,2661429138
2025-06-18 20:00:58,REAL,2661429138,493,2661429631,2661429631
2025-06-18 20:01:00,REAL,2661429631,548,2661430179,2661430179
2025-06-18 20:01:02,REAL,2661430179,2605,2661432784,2661432784
2025-06-18 20:01:04,REAL,2661432784,11844,2661444628,2661444628
2025-06-18 20:01:06,REAL,2661444628,10250,2661454878,2661454878
2025-06-18 20:01:08,REAL,2661454878,10315,2661465193,2661465193
2025-06-18 20:01:10,REAL,2661465193,10250,2661475443,2661475443
2025-06-18 20:01:12,REAL,2661475443,10243,2661485686,2661485686
2025-06-18 20:01:14,REAL,2661485686,10249,2661495935,2661495935
2025-06-18 20:01:16,REAL,2661495935,10249,2661506184,2661506184
2025-06-18 20:01:18,REAL,2661506184,3725,2661509909,2661509909
2025-06-18 20:01:20,REAL,2661509909,482,2661510391,2661510391
2025-06-18 20:01:22,REAL,2661510391,483,2661510874,2661510874
2025-06-18 20:01:24,REAL,2661510874,481,2661511355,2661511355
2025-06-18 20:01:26,REAL,2661511355,484,2661511839,2661511839
2025-06-18 20:01:28,REAL,2661511839,485,2661512324,2661512324
2025-06-18 20:01:30,REAL,2661512324,483,2661512807,2661512807
2025-06-18 20:01:32,REAL,2661512807,486,2661513293,2661513293
2025-06-18 20:01:34,REAL,2661513293,3003,2661516296,2661516296
2025-06-18 20:01:36,REAL,2661516296,12175,2661528471,2661528471
2025-06-18 20:01:38,REAL,2661528471,10261,2661538732,2661538732
2025-06-18 20:01:40,REAL,2661538732,10304,2661549036,2661549036
2025-06-18 20:01:42,REAL,2661549036,10315,2661559351,2661559351
2025-06-18 20:01:44,REAL,2661559351,10261,2661569612,2661569612
2025-06-18 20:01:46,REAL,2661569612,10257,2661579869,2661579869
2025-06-18 20:01:48,REAL,2661579869,10255,2661590124,2661590124
2025-06-18 20:01:50,REAL,2661590124,3124,2661593248,2661593248
2025-06-18 20:01:52,REAL,2661593248,481,2661593729,2661593729
2025-06-18 20:01:54,REAL,2661593729,487,2661594216,2661594216
2025-06-18 20:01:56,REAL,2661594216,482,2661594698,2661594698
2025-06-18 20:01:58,REAL,2661594698,481,2661595179,2661595179
2025-06-18 20:02:00,REAL,2661595179,486,2661595665,2661595665
2025-06-18 20:02:02,REAL,2661595665,490,2661596155,2661596155
2025-06-18 20:02:04,REAL,2661596155,484,2661596639,2661596639
2025-06-18 20:02:06,REAL,2661596639,484,2661597123,2661597123
2025-06-18 20:02:08,REAL,2661597123,490,2661597613,2661597613
2025-06-18 20:02:10,REAL,2661597613,478,2661598091,2661598091
2025-06-18 20:02:12,REAL,2661598091,477,2661598568,2661598568
2025-06-18 20:02:14,REAL,2661598568,484,2661599052,2661599052
2025-06-18 20:02:16,REAL,2661599052,476,2661599528,2661599528
2025-06-18 20:02:18,REAL,2661599528,485,2661600013,2661600013
2025-06-18 20:02:20,REAL,2661600013,485,2661600498,2661600498
2025-06-18 20:02:22,REAL,2661600498,596,2661601094,2661601094
2025-06-18 20:02:24,REAL,2661601094,480,2661601574,2661601574
2025-06-18 20:02:26,REAL,2661601574,481,2661602055,2661602055
2025-06-18 20:02:28,REAL,2661602055,477,2661602532,2661602532
2025-06-18 20:02:30,REAL,2661602532,480,2661603012,2661603012
2025-06-18 20:02:32,REAL,2661603012,478,2661603490,2661603490
2025-06-18 20:02:34,REAL,2661603490,479,2661603969,2661603969
2025-06-18 20:02:36,REAL,2661603969,487,2661604456,2661604456
2025-06-18 20:02:38,REAL,2661604456,483,2661604939,2661604939
2025-06-18 20:02:40,REAL,2661604939,478,2661605417,2661605417
2025-06-18 20:02:42,REAL,2661605417,484,2661605901,2661605901
2025-06-18 20:02:44,REAL,2661605901,489,2661606390,2661606390
2025-06-18 20:02:46,REAL,2661606390,485,2661606875,2661606875
2025-06-18 20:02:48,REAL,2661606875,491,2661607366,2661607366
2025-06-18 20:02:50,REAL,2661607366,485,2661607851,2661607851
2025-06-18 20:02:52,REAL,2661607851,476,2661608327,2661608327
2025-06-18 20:02:54,REAL,2661608327,488,2661608815,2661608815
2025-06-18 20:02:56,REAL,2661608815,542,2661609357,2661609357
2025-06-18 20:02:58,REAL,2661609357,543,2661609900,2661609900
2025-06-18 20:03:00,REAL,2661609900,474,2661610374,2661610374
2025-06-18 20:03:02,REAL,2661610374,484,2661610858,2661610858
2025-06-18 20:03:04,REAL,2661610858,484,2661611342,2661611342
2025-06-18 20:03:06,REAL,2661611342,488,2661611830,2661611830
2025-06-18 20:03:08,REAL,2661611830,488,2661612318,2661612318
2025-06-18 20:03:10,REAL,2661612318,487,2661612805,2661612805
2025-06-18 20:03:12,REAL,2661612805,484,2661613289,2661613289
2025-06-18 20:03:14,REAL,2661613289,490,2661613779,2661613779
2025-06-18 20:03:16,REAL,2661613779,477,2661614256,2661614256
2025-06-18 20:03:18,REAL,2661614256,483,2661614739,2661614739
2025-06-18 20:03:20,REAL,2661614739,483,2661615222,2661615222
2025-06-18 20:03:22,REAL,2661615222,491,2661615713,2661615713
2025-06-18 20:03:24,REAL,2661615713,477,2661616190,2661616190
2025-06-18 20:03:26,REAL,2661616190,490,2661616680,2661616680
2025-06-18 20:03:28,REAL,2661616680,536,2661617216,2661617216
2025-06-18 20:03:30,REAL,2661617216,494,2661617710,2661617710
2025-06-18 20:03:32,REAL,2661617710,487,2661618197,2661618197
2025-06-18 20:03:34,REAL,2661618197,482,2661618679,2661618679
2025-06-18 20:03:36,REAL,2661618679,541,2661619220,2661619220
2025-06-18 20:03:38,REAL,2661619220,490,2661619710,2661619710
2025-06-18 20:03:40,REAL,2661619710,489,2661620199,2661620199
2025-06-18 20:03:42,REAL,2661620199,489,2661620688,2661620688
2025-06-18 20:03:44,REAL,2661620688,480,2661621168,2661621168
2025-06-18 20:03:46,REAL,2661621168,475,2661621643,2661621643
2025-06-18 20:03:48,REAL,2661621643,480,2661622123,2661622123
2025-06-18 20:03:50,REAL,2661622123,486,2661622609,2661622609
2025-06-18 20:03:52,REAL,2661622609,482,2661623091,2661623091
2025-06-18 20:03:54,REAL,2661623091,490,2661623581,2661623581
2025-06-18 20:03:56,REAL,2661623581,493,2661624074,2661624074
2025-06-18 20:03:58,REAL,2661624074,487,2661624561,2661624561
2025-06-18 20:04:00,REAL,2661624561,547,2661625108,2661625108
2025-06-18 20:04:02,REAL,2661625108,483,2661625591,2661625591
2025-06-18 20:04:04,REAL,2661625591,482,2661626073,2661626073
2025-06-18 20:04:06,REAL,2661626073,491,2661626564,2661626564
2025-06-18 20:04:08,REAL,2661626564,478,2661627042,2661627042
2025-06-18 20:04:10,REAL,2661627042,485,2661627527,2661627527
2025-06-18 20:04:12,REAL,2661627527,538,2661628065,2661628065
2025-06-18 20:04:14,REAL,2661628065,493,2661628558,2661628558
2025-06-18 20:04:16,REAL,2661628558,487,2661629045,2661629045
2025-06-18 20:04:18,REAL,2661629045,491,2661629536,2661629536
2025-06-18 20:04:20,REAL,2661629536,478,2661630014,2661630014
2025-06-18 20:04:22,REAL,2661630014,479,2661630493,2661630493
2025-06-18 20:04:24,REAL,2661630493,486,2661630979,2661630979
2025-06-18 20:04:26,REAL,2661630979,488,2661631467,2661631467
2025-06-18 20:04:28,REAL,2661631467,484,2661631951,2661631951
2025-06-18 20:04:30,REAL,2661631951,479,2661632430,2661632430
2025-06-18 20:04:32,REAL,2661632430,493,2661632923,2661632923
2025-06-18 20:04:34,REAL,2661632923,546,2661633469,2661633469
2025-06-18 20:04:36,REAL,2661633469,488,2661633957,2661633957
2025-06-18 20:04:38,REAL,2661633957,485,2661634442,2661634442
2025-06-18 20:04:40,REAL,2661634442,486,2661634928,2661634928
2025-06-18 20:04:42,REAL,2661634928,487,2661635415,2661635415
2025-06-18 20:04:44,REAL,2661635415,482,2661635897,2661635897
2025-06-18 20:04:46,REAL,2661635897,484,2661636381,2661636381
2025-06-18 20:04:48,REAL,2661636381,479,2661636860,2661636860
2025-06-18 20:04:50,REAL,2661636860,534,2661637394,2661637394
2025-06-18 20:04:52,REAL,2661637394,487,2661637881,2661637881
2025-06-18 20:04:54,REAL,2661637881,488,2661638369,2661638369
2025-06-18 20:04:56,REAL,2661638369,482,2661638851,2661638851
2025-06-18 20:04:58,REAL,2661638851,485,2661639336,2661639336
2025-06-18 20:05:00,REAL,2661639336,487,2661639823,2661639823
2025-06-18 20:05:02,REAL,2661639823,477,2661640300,2661640300
2025-06-18 20:05:04,REAL,2661640300,492,2661640792,2661640792
2025-06-18 20:05:06,REAL,2661640792,542,2661641334,2661641334
2025-06-18 20:05:08,REAL,2661641334,483,2661641817,2661641817
2025-06-18 20:05:10,REAL,2661641817,487,2661642304,2661642304
2025-06-18 20:05:12,REAL,2661642304,480,2661642784,2661642784
2025-06-18 20:05:14,REAL,2661642784,480,2661643264,2661643264
2025-06-18 20:05:16,REAL,2661643264,482,2661643746,2661643746
2025-06-18 20:05:18,REAL,2661643746,8023,2661651769,2661651769
2025-06-18 20:05:20,REAL,2661651769,10639,2661662408,2661662408
2025-06-18 20:05:22,REAL,2661662408,10251,2661672659,2661672659
2025-06-18 20:05:24,REAL,2661672659,10254,2661682913,2661682913
2025-06-18 20:05:26,REAL,2661682913,10303,2661693216,2661693216
2025-06-18 20:05:28,REAL,2661693216,10250,2661703466,2661703466
2025-06-18 20:05:30,REAL,2661703466,10326,2661713792,2661713792
2025-06-18 20:05:32,REAL,2661713792,8399,2661722191,2661722191
2025-06-18 20:05:34,REAL,2661722191,478,2661722669,2661722669
2025-06-18 20:05:36,REAL,2661722669,486,2661723155,2661723155
2025-06-18 20:05:38,REAL,2661723155,487,2661723642,2661723642
2025-06-18 20:05:40,REAL,2661723642,477,2661724119,2661724119
2025-06-18 20:05:42,REAL,2661724119,482,2661724601,2661724601
2025-06-18 20:05:44,REAL,2661724601,487,2661725088,2661725088
2025-06-18 20:05:46,REAL,2661725088,483,2661725571,2661725571
2025-06-18 20:05:48,REAL,2661725571,542,2661726113,2661726113
2025-06-18 20:05:50,REAL,2661726113,485,2661726598,2661726598
2025-06-18 20:05:52,REAL,2661726598,482,2661727080,2661727080
2025-06-18 20:05:54,REAL,2661727080,490,2661727570,2661727570
2025-06-18 20:05:56,REAL,2661727570,476,2661728046,2661728046
2025-06-18 20:05:58,REAL,2661728046,486,2661728532,2661728532
2025-06-18 20:06:00,REAL,2661728532,487,2661729019,2661729019
2025-06-18 20:06:02,REAL,2661729019,540,2661729559,2661729559
2025-06-18 20:06:04,REAL,2661729559,484,2661730043,2661730043
2025-06-18 20:06:06,REAL,2661730043,487,2661730530,2661730530
2025-06-18 20:06:08,REAL,2661730530,488,2661731018,2661731018
2025-06-18 20:06:10,REAL,2661731018,488,2661731506,2661731506
2025-06-18 20:06:12,REAL,2661731506,486,2661731992,2661731992
2025-06-18 20:06:14,REAL,2661731992,481,2661732473,2661732473
2025-06-18 20:06:16,REAL,2661732473,491,2661732964,2661732964
2025-06-18 20:06:18,REAL,2661732964,481,2661733445,2661733445
2025-06-18 20:06:20,REAL,2661733445,542,2661733987,2661733987
2025-06-18 20:06:22,REAL,2661733987,9925,2661743912,2661743912
2025-06-18 20:06:24,REAL,2661743912,10385,2661754297,2661754297
2025-06-18 20:06:26,REAL,2661754297,10319,2661764616,2661764616
2025-06-18 20:06:28,REAL,2661764616,10253,2661774869,2661774869
2025-06-18 20:06:30,REAL,2661774869,10252,2661785121,2661785121
2025-06-18 20:06:32,REAL,2661785121,10245,2661795366,2661795366
2025-06-18 20:06:34,REAL,2661795366,10257,2661805623,2661805623
2025-06-18 20:06:36,REAL,2661805623,7221,2661812844,2661812844
2025-06-18 20:06:38,REAL,2661812844,480,2661813324,2661813324
2025-06-18 20:06:40,REAL,2661813324,546,2661813870,2661813870
2025-06-18 20:06:42,REAL,2661813870,487,2661814357,2661814357
2025-06-18 20:06:44,REAL,2661814357,489,2661814846,2661814846
2025-06-18 20:06:46,REAL,2661814846,485,2661815331,2661815331
2025-06-18 20:06:48,REAL,2661815331,478,2661815809,2661815809
2025-06-18 20:06:50,REAL,2661815809,484,2661816293,2661816293
2025-06-18 20:06:52,REAL,2661816293,538,2661816831,2661816831
2025-06-18 20:06:54,REAL,2661816831,488,2661817319,2661817319
2025-06-18 20:06:56,REAL,2661817319,490,2661817809,2661817809
2025-06-18 20:06:58,REAL,2661817809,485,2661818294,2661818294
2025-06-18 20:07:00,REAL,2661818294,479,2661818773,2661818773
2025-06-18 20:07:02,REAL,2661818773,492,2661819265,2661819265
2025-06-18 20:07:04,REAL,2661819265,486,2661819751,2661819751
2025-06-18 20:07:06,REAL,2661819751,487,2661820238,2661820238
2025-06-18 20:07:08,REAL,2661820238,489,2661820727,2661820727
2025-06-18 20:07:10,REAL,2661820727,488,2661821215,2661821215
2025-06-18 20:07:12,REAL,2661821215,487,2661821702,2661821702
2025-06-18 20:07:14,REAL,2661821702,484,2661822186,2661822186
2025-06-18 20:07:16,REAL,2661822186,486,2661822672,2661822672
2025-06-18 20:07:18,REAL,2661822672,477,2661823149,2661823149
2025-06-18 20:07:20,REAL,2661823149,543,2661823692,2661823692
2025-06-18 20:07:22,REAL,2661823692,484,2661824176,2661824176
2025-06-18 20:07:24,REAL,2661824176,478,2661824654,2661824654
2025-06-18 20:07:26,REAL,2661824654,541,2661825195,2661825195
2025-06-18 20:07:28,REAL,2661825195,482,2661825677,2661825677
2025-06-18 20:07:30,REAL,2661825677,480,2661826157,2661826157
2025-06-18 20:07:32,REAL,2661826157,486,2661826643,2661826643
2025-06-18 20:07:34,REAL,2661826643,489,2661827132,2661827132
2025-06-18 20:07:36,REAL,2661827132,485,2661827617,2661827617
2025-06-18 20:07:38,REAL,2661827617,476,2661828093,2661828093
2025-06-18 20:07:40,REAL,2661828093,488,2661828581,2661828581
2025-06-18 20:07:42,REAL,2661828581,11774,2661840355,2661840355
2025-06-18 20:07:44,REAL,2661840355,10253,2661850608,2661850608
2025-06-18 20:07:46,REAL,2661850608,10252,2661860860,2661860860
2025-06-18 20:07:48,REAL,2661860860,10248,2661871108,2661871108
2025-06-18 20:07:50,REAL,2661871108,10255,2661881363,2661881363
2025-06-18 20:07:52,REAL,2661881363,10318,2661891681,2661891681
2025-06-18 20:07:54,REAL,2661891681,10251,2661901932,2661901932
2025-06-18 20:07:56,REAL,2661901932,5625,2661907557,2661907557
2025-06-18 20:07:58,REAL,2661907557,478,2661908035,2661908035
2025-06-18 20:08:00,REAL,2661908035,485,2661908520,2661908520
2025-06-18 20:08:02,REAL,2661908520,539,2661909059,2661909059
2025-06-18 20:08:04,REAL,2661909059,484,2661909543,2661909543
2025-06-18 20:08:06,REAL,2661909543,483,2661910026,2661910026
2025-06-18 20:08:08,REAL,2661910026,484,2661910510,2661910510
2025-06-18 20:08:10,REAL,2661910510,539,2661911049,2661911049
2025-06-18 20:08:12,REAL,2661911049,482,2661911531,2661911531
2025-06-18 20:08:14,REAL,2661911531,488,2661912019,2661912019
2025-06-18 20:08:16,REAL,2661912019,481,2661912500,2661912500
2025-06-18 20:08:18,REAL,2661912500,481,2661912981,2661912981
2025-06-18 20:08:20,REAL,2661912981,482,2661913463,2661913463
2025-06-18 20:08:22,REAL,2661913463,479,2661913942,2661913942
2025-06-18 20:08:24,REAL,2661913942,485,2661914427,2661914427
2025-06-18 20:08:26,REAL,2661914427,485,2661914912,2661914912
2025-06-18 20:08:28,REAL,2661914912,485,2661915397,2661915397
2025-06-18 20:08:30,REAL,2661915397,490,2661915887,2661915887
2025-06-18 20:08:32,REAL,2661915887,477,2661916364,2661916364
2025-06-18 20:08:34,REAL,2661916364,481,2661916845,2661916845
2025-06-18 20:08:36,REAL,2661916845,479,2661917324,2661917324
2025-06-18 20:08:38,REAL,2661917324,482,2661917806,2661917806
2025-06-18 20:08:40,REAL,2661917806,537,2661918343,2661918343
2025-06-18 20:08:42,REAL,2661918343,480,2661918823,2661918823
2025-06-18 20:08:44,REAL,2661918823,537,2661919360,2661919360
2025-06-18 20:08:46,REAL,2661919360,488,2661919848,2661919848
2025-06-18 20:08:48,REAL,2661919848,479,2661920327,2661920327
2025-06-18 20:08:50,REAL,2661920327,483,2661920810,2661920810
2025-06-18 20:08:52,REAL,2661920810,479,2661921289,2661921289
2025-06-18 20:08:54,REAL,2661921289,491,2661921780,2661921780
2025-06-18 20:08:56,REAL,2661921780,493,2661922273,2661922273
2025-06-18 20:08:58,REAL,2661922273,479,2661922752,2661922752
2025-06-18 20:09:00,REAL,2661922752,484,2661923236,2661923236
2025-06-18 20:09:02,REAL,2661923236,484,2661923720,2661923720
2025-06-18 20:09:04,REAL,2661923720,481,2661924201,2661924201
2025-06-18 20:09:06,REAL,2661924201,492,2661924693,2661924693
2025-06-18 20:09:08,REAL,2661924693,482,2661925175,2661925175
2025-06-18 20:09:10,REAL,2661925175,541,2661925716,2661925716
2025-06-18 20:09:12,REAL,2661925716,486,2661926202,2661926202
2025-06-18 20:09:14,REAL,2661926202,478,2661926680,2661926680
2025-06-18 20:09:16,REAL,2661926680,479,2661927159,2661927159
2025-06-18 20:09:18,REAL,2661927159,485,2661927644,2661927644
2025-06-18 20:09:20,REAL,2661927644,488,2661928132,2661928132
2025-06-18 20:09:22,REAL,2661928132,481,2661928613,2661928613
2025-06-18 20:09:24,REAL,2661928613,538,2661929151,2661929151
2025-06-18 20:09:26,REAL,2661929151,486,2661929637,2661929637
2025-06-18 20:09:28,REAL,2661929637,486,2661930123,2661930123
2025-06-18 20:09:30,REAL,2661930123,480,2661930603,2661930603
2025-06-18 20:09:32,REAL,2661930603,479,2661931082,2661931082
2025-06-18 20:09:34,REAL,2661931082,478,2661931560,2661931560
2025-06-18 20:09:36,REAL,2661931560,493,2661932053,2661932053
2025-06-18 20:09:38,REAL,2661932053,486,2661932539,2661932539
2025-06-18 20:09:40,REAL,2661932539,537,2661933076,2661933076
2025-06-18 20:09:42,REAL,2661933076,483,2661933559,2661933559
2025-06-18 20:09:44,REAL,2661933559,486,2661934045,2661934045
2025-06-18 20:09:46,REAL,2661934045,484,2661934529,2661934529
2025-06-18 20:09:48,REAL,2661934529,482,2661935011,2661935011
2025-06-18 20:09:50,REAL,2661935011,484,2661935495,2661935495
2025-06-18 20:09:52,REAL,2661935495,478,2661935973,2661935973
2025-06-18 20:09:54,REAL,2661935973,493,2661936466,2661936466
2025-06-18 20:09:56,REAL,2661936466,479,2661936945,2661936945
2025-06-18 20:09:58,REAL,2661936945,492,2661937437,2661937437
2025-06-18 20:10:00,REAL,2661937437,481,2661937918,2661937918
2025-06-18 20:10:02,REAL,2661937918,483,2661938401,2661938401
2025-06-18 20:10:04,REAL,2661938401,545,2661938946,2661938946
2025-06-18 20:10:06,REAL,2661938946,485,2661939431,2661939431
2025-06-18 20:10:08,REAL,2661939431,533,2661939964,2661939964
2025-06-18 20:10:10,REAL,2661939964,479,2661940443,2661940443
2025-06-18 20:10:12,REAL,2661940443,476,2661940919,2661940919
2025-06-18 20:10:14,REAL,2661940919,483,2661941402,2661941402
2025-06-18 20:10:16,REAL,2661941402,484,2661941886,2661941886
2025-06-18 20:10:18,REAL,2661941886,490,2661942376,2661942376
2025-06-18 20:10:20,REAL,2661942376,4057,2661946433,2661946433
2025-06-18 20:10:22,REAL,2661946433,11700,2661958133,2661958133
2025-06-18 20:10:24,REAL,2661958133,10247,2661968380,2661968380
2025-06-18 20:10:26,REAL,2661968380,10323,2661978703,2661978703
2025-06-18 20:10:28,REAL,2661978703,10259,2661988962,2661988962
2025-06-18 20:10:30,REAL,2661988962,10257,2661999219,2661999219
2025-06-18 20:10:32,REAL,2661999219,10255,2662009474,2662009474
2025-06-18 20:10:34,REAL,2662009474,10248,2662019722,2662019722
2025-06-18 20:10:36,REAL,2662019722,2524,2662022246,2662022246
2025-06-18 20:10:38,REAL,2662022246,488,2662022734,2662022734
2025-06-18 20:10:40,REAL,2662022734,476,2662023210,2662023210
2025-06-18 20:10:42,REAL,2662023210,487,2662023697,2662023697
2025-06-18 20:10:44,REAL,2662023697,484,2662024181,2662024181
2025-06-18 20:10:46,REAL,2662024181,547,2662024728,2662024728
2025-06-18 20:10:48,REAL,2662024728,482,2662025210,2662025210
2025-06-18 20:10:50,REAL,2662025210,535,2662025745,2662025745
2025-06-18 20:10:52,REAL,2662025745,4122,2662029867,2662029867
2025-06-18 20:10:54,REAL,2662029867,14796,2662044663,2662044663
2025-06-18 20:10:56,REAL,2662044663,10256,2662054919,2662054919
2025-06-18 20:10:58,REAL,2662054919,10257,2662065176,2662065176
2025-06-18 20:11:00,REAL,2662065176,10249,2662075425,2662075425
2025-06-18 20:11:02,REAL,2662075425,10250,2662085675,2662085675
2025-06-18 20:11:04,REAL,2662085675,10252,2662095927,2662095927
2025-06-18 20:11:06,REAL,2662095927,10248,2662106175,2662106175
2025-06-18 20:11:08,REAL,2662106175,1870,2662108045,2662108045
2025-06-18 20:11:10,REAL,2662108045,480,2662108525,2662108525
2025-06-18 20:11:12,REAL,2662108525,490,2662109015,2662109015
2025-06-18 20:11:14,REAL,2662109015,482,2662109497,2662109497
2025-06-18 20:11:16,REAL,2662109497,480,2662109977,2662109977
2025-06-18 20:11:18,REAL,2662109977,480,2662110457,2662110457
2025-06-18 20:11:20,REAL,2662110457,476,2662110933,2662110933
2025-06-18 20:11:22,REAL,2662110933,542,2662111475,2662111475
2025-06-18 20:11:24,REAL,2662111475,5170,2662116645,2662116645
2025-06-18 20:11:26,REAL,2662116645,11167,2662127812,2662127812
2025-06-18 20:11:28,REAL,2662127812,10376,2662138188,2662138188
2025-06-18 20:11:30,REAL,2662138188,10246,2662148434,2662148434
2025-06-18 20:11:32,REAL,2662148434,10248,2662158682,2662158682
2025-06-18 20:11:34,REAL,2662158682,10250,2662168932,2662168932
2025-06-18 20:11:36,REAL,2662168932,10253,2662179185,2662179185
2025-06-18 20:11:38,REAL,2662179185,10319,2662189504,2662189504
2025-06-18 20:11:40,REAL,2662189504,1268,2662190772,2662190772
2025-06-18 20:11:42,REAL,2662190772,479,2662191251,2662191251
2025-06-18 20:11:44,REAL,2662191251,481,2662191732,2662191732
2025-06-18 20:11:46,REAL,2662191732,476,2662192208,2662192208
2025-06-18 20:11:48,REAL,2662192208,481,2662192689,2662192689
2025-06-18 20:11:50,REAL,2662192689,489,2662193178,2662193178
2025-06-18 20:11:52,REAL,2662193178,478,2662193656,2662193656
2025-06-18 20:11:54,REAL,2662193656,536,2662194192,2662194192
2025-06-18 20:11:56,REAL,2662194192,5861,2662200053,2662200053
2025-06-18 20:11:58,REAL,2662200053,11371,2662211424,2662211424
2025-06-18 20:12:00,REAL,2662211424,10256,2662221680,2662221680
2025-06-18 20:12:02,REAL,2662221680,10317,2662231997,2662231997
2025-06-18 20:12:04,REAL,2662231997,10245,2662242242,2662242242
2025-06-18 20:12:06,REAL,2662242242,10256,2662252498,2662252498
2025-06-18 20:12:08,REAL,2662252498,10371,2662262869,2662262869
2025-06-18 20:12:10,REAL,2662262869,10255,2662273124,2662273124
2025-06-18 20:12:12,REAL,2662273124,619,2662273743,2662273743
2025-06-18 20:12:14,REAL,2662273743,484,2662274227,2662274227
2025-06-18 20:12:16,REAL,2662274227,475,2662274702,2662274702
2025-06-18 20:12:18,REAL,2662274702,485,2662275187,2662275187
2025-06-18 20:12:20,REAL,2662275187,481,2662275668,2662275668
2025-06-18 20:12:22,REAL,2662275668,483,2662276151,2662276151
2025-06-18 20:12:24,REAL,2662276151,484,2662276635,2662276635
2025-06-18 20:12:26,REAL,2662276635,489,2662277124,2662277124
2025-06-18 20:12:28,REAL,2662277124,6966,2662284090,2662284090
2025-06-18 20:12:30,REAL,2662284090,11183,2662295273,2662295273
2025-06-18 20:12:32,REAL,2662295273,10250,2662305523,2662305523
2025-06-18 20:12:34,REAL,2662305523,10313,2662315836,2662315836
2025-06-18 20:12:36,REAL,2662315836,10322,2662326158,2662326158
2025-06-18 20:12:38,REAL,2662326158,10259,2662336417,2662336417
2025-06-18 20:12:40,REAL,2662336417,10257,2662346674,2662346674
2025-06-18 20:12:42,REAL,2662346674,9860,2662356534,2662356534
2025-06-18 20:12:44,REAL,2662356534,735,2662357269,2662357269
2025-06-18 20:12:46,REAL,2662357269,237,2662357506,2662357506
2025-06-18 20:12:48,REAL,2662357506,491,2662357997,2662357997
2025-06-18 20:12:50,REAL,2662357997,494,2662358491,2662358491
2025-06-18 20:12:52,REAL,2662358491,480,2662358971,2662358971
2025-06-18 20:12:54,REAL,2662358971,540,2662359511,2662359511
2025-06-18 20:12:56,REAL,2662359511,489,2662360000,2662360000
2025-06-18 20:12:58,REAL,2662360000,480,2662360480,2662360480
2025-06-18 20:13:00,REAL,2662360480,7758,2662368238,2662368238
2025-06-18 20:13:02,REAL,2662368238,10715,2662378953,2662378953
2025-06-18 20:13:04,REAL,2662378953,10251,2662389204,2662389204
2025-06-18 20:13:06,REAL,2662389204,10317,2662399521,2662399521
2025-06-18 20:13:08,REAL,2662399521,10252,2662409773,2662409773
2025-06-18 20:13:10,REAL,2662409773,10313,2662420086,2662420086
2025-06-18 20:13:12,REAL,2662420086,10258,2662430344,2662430344
2025-06-18 20:13:14,REAL,2662430344,9190,2662439534,2662439534
2025-06-18 20:13:16,REAL,2662439534,480,2662440014,2662440014
2025-06-18 20:13:18,REAL,2662440014,484,2662440498,2662440498
2025-06-18 20:13:20,REAL,2662440498,489,2662440987,2662440987
2025-06-18 20:13:22,REAL,2662440987,491,2662441478,2662441478
2025-06-18 20:13:24,REAL,2662441478,479,2662441957,2662441957
2025-06-18 20:13:26,REAL,2662441957,484,2662442441,2662442441
2025-06-18 20:13:28,REAL,2662442441,480,2662442921,2662442921
2025-06-18 20:13:30,REAL,2662442921,480,2662443401,2662443401
2025-06-18 20:13:32,REAL,2662443401,8017,2662451418,2662451418
2025-06-18 20:13:34,REAL,2662451418,10776,2662462194,2662462194
2025-06-18 20:13:36,REAL,2662462194,10313,2662472507,2662472507
2025-06-18 20:13:38,REAL,2662472507,10249,2662482756,2662482756
2025-06-18 20:13:40,REAL,2662482756,10308,2662493064,2662493064
2025-06-18 20:13:42,REAL,2662493064,10312,2662503376,2662503376
2025-06-18 20:13:44,REAL,2662503376,10253,2662513629,2662513629
2025-06-18 20:13:46,REAL,2662513629,8532,2662522161,2662522161
2025-06-18 20:13:48,REAL,2662522161,480,2662522641,2662522641
2025-06-18 20:13:50,REAL,2662522641,483,2662523124,2662523124
2025-06-18 20:13:52,REAL,2662523124,481,2662523605,2662523605
2025-06-18 20:13:54,REAL,2662523605,483,2662524088,2662524088
2025-06-18 20:13:56,REAL,2662524088,483,2662524571,2662524571
2025-06-18 20:13:58,REAL,2662524571,484,2662525055,2662525055
2025-06-18 20:14:00,REAL,2662525055,486,2662525541,2662525541
2025-06-18 20:14:02,REAL,2662525541,475,2662526016,2662526016
2025-06-18 20:14:04,REAL,2662526016,8870,2662534886,2662534886
2025-06-18 20:14:06,REAL,2662534886,10716,2662545602,2662545602
2025-06-18 20:14:08,REAL,2662545602,10250,2662555852,2662555852
2025-06-18 20:14:10,REAL,2662555852,10260,2662566112,2662566112
2025-06-18 20:14:12,REAL,2662566112,10324,2662576436,2662576436
2025-06-18 20:14:14,REAL,2662576436,10258,2662586694,2662586694
2025-06-18 20:14:16,REAL,2662586694,10243,2662596937,2662596937
2025-06-18 20:14:18,REAL,2662596937,7935,2662604872,2662604872
2025-06-18 20:14:20,REAL,2662604872,482,2662605354,2662605354
2025-06-18 20:14:22,REAL,2662605354,476,2662605830,2662605830
2025-06-18 20:14:24,REAL,2662605830,477,2662606307,2662606307
2025-06-18 20:14:26,REAL,2662606307,491,2662606798,2662606798
2025-06-18 20:14:28,REAL,2662606798,534,2662607332,2662607332
2025-06-18 20:14:30,REAL,2662607332,482,2662607814,2662607814
2025-06-18 20:14:32,REAL,2662607814,485,2662608299,2662608299
2025-06-18 20:14:34,REAL,2662608299,487,2662608786,2662608786
2025-06-18 20:14:36,REAL,2662608786,486,2662609272,2662609272
2025-06-18 20:14:38,REAL,2662609272,477,2662609749,2662609749
2025-06-18 20:14:40,REAL,2662609749,489,2662610238,2662610238
2025-06-18 20:14:42,REAL,2662610238,540,2662610778,2662610778
2025-06-18 20:14:44,REAL,2662610778,477,2662611255,2662611255
2025-06-18 20:14:46,REAL,2662611255,483,2662611738,2662611738
2025-06-18 20:14:48,REAL,2662611738,484,2662612222,2662612222
2025-06-18 20:14:50,REAL,2662612222,482,2662612704,2662612704
2025-06-18 20:14:52,REAL,2662612704,487,2662613191,2662613191
2025-06-18 20:14:54,REAL,2662613191,483,2662613674,2662613674
2025-06-18 20:14:56,REAL,2662613674,490,2662614164,2662614164
2025-06-18 20:14:58,REAL,2662614164,483,2662614647,2662614647
2025-06-18 20:15:00,REAL,2662614647,486,2662615133,2662615133
2025-06-18 20:15:02,REAL,2662615133,487,2662615620,2662615620
2025-06-18 20:15:04,REAL,2662615620,483,2662616103,2662616103
2025-06-18 20:15:06,REAL,2662616103,484,2662616587,2662616587
2025-06-18 20:15:08,REAL,2662616587,10258,2662626845,2662626845
2025-06-18 20:15:10,REAL,2662626845,10378,2662637223,2662637223
2025-06-18 20:15:12,REAL,2662637223,10255,2662647478,2662647478
2025-06-18 20:15:14,REAL,2662647478,10303,2662657781,2662657781
2025-06-18 20:15:16,REAL,2662657781,10246,2662668027,2662668027
2025-06-18 20:15:18,REAL,2662668027,10252,2662678279,2662678279
2025-06-18 20:15:20,REAL,2662678279,10315,2662688594,2662688594
2025-06-18 20:15:22,REAL,2662688594,6624,2662695218,2662695218
2025-06-18 20:15:24,REAL,2662695218,481,2662695699,2662695699
2025-06-18 20:15:26,REAL,2662695699,486,2662696185,2662696185
2025-06-18 20:15:28,REAL,2662696185,474,2662696659,2662696659
2025-06-18 20:15:30,REAL,2662696659,489,2662697148,2662697148
2025-06-18 20:15:32,REAL,2662697148,485,2662697633,2662697633
2025-06-18 20:15:34,REAL,2662697633,484,2662698117,2662698117
2025-06-18 20:15:36,REAL,2662698117,485,2662698602,2662698602
2025-06-18 20:15:38,REAL,2662698602,481,2662699083,2662699083
2025-06-18 20:15:40,REAL,2662699083,10977,2662710060,2662710060
2025-06-18 20:15:42,REAL,2662710060,10256,2662720316,2662720316
2025-06-18 20:15:44,REAL,2662720316,10318,2662730634,2662730634
2025-06-18 20:15:46,REAL,2662730634,10325,2662740959,2662740959
2025-06-18 20:15:48,REAL,2662740959,10252,2662751211,2662751211
2025-06-18 20:15:50,REAL,2662751211,10258,2662761469,2662761469
2025-06-18 20:15:52,REAL,2662761469,10323,2662771792,2662771792
2025-06-18 20:15:54,REAL,2662771792,6026,2662777818,2662777818
2025-06-18 20:15:56,REAL,2662777818,482,2662778300,2662778300
2025-06-18 20:15:58,REAL,2662778300,487,2662778787,2662778787
2025-06-18 20:16:00,REAL,2662778787,486,2662779273,2662779273
2025-06-18 20:16:02,REAL,2662779273,546,2662779819,2662779819
2025-06-18 20:16:04,REAL,2662779819,481,2662780300,2662780300
2025-06-18 20:16:06,REAL,2662780300,478,2662780778,2662780778
2025-06-18 20:16:08,REAL,2662780778,481,2662781259,2662781259
2025-06-18 20:16:10,REAL,2662781259,476,2662781735,2662781735
2025-06-18 20:16:12,REAL,2662781735,15139,2662796874,2662796874
2025-06-18 20:16:14,REAL,2662796874,10249,2662807123,2662807123
2025-06-18 20:16:16,REAL,2662807123,10303,2662817426,2662817426
2025-06-18 20:16:18,REAL,2662817426,10258,2662827684,2662827684
2025-06-18 20:16:20,REAL,2662827684,10318,2662838002,2662838002
2025-06-18 20:16:22,REAL,2662838002,10249,2662848251,2662848251
2025-06-18 20:16:24,REAL,2662848251,10328,2662858579,2662858579
2025-06-18 20:16:26,REAL,2662858579,5366,2662863945,2662863945
2025-06-18 20:16:28,REAL,2662863945,488,2662864433,2662864433
2025-06-18 20:16:30,REAL,2662864433,482,2662864915,2662864915
2025-06-18 20:16:32,REAL,2662864915,483,2662865398,2662865398
2025-06-18 20:16:34,REAL,2662865398,485,2662865883,2662865883
2025-06-18 20:16:36,REAL,2662865883,479,2662866362,2662866362
2025-06-18 20:16:38,REAL,2662866362,485,2662866847,2662866847
2025-06-18 20:16:40,REAL,2662866847,488,2662867335,2662867335
2025-06-18 20:16:42,REAL,2662867335,817,2662868152,2662868152
2025-06-18 20:16:44,REAL,2662868152,12430,2662880582,2662880582
2025-06-18 20:16:46,REAL,2662880582,10249,2662890831,2662890831
2025-06-18 20:16:48,REAL,2662890831,10383,2662901214,2662901214
2025-06-18 20:16:50,REAL,2662901214,10245,2662911459,2662911459
2025-06-18 20:16:52,REAL,2662911459,10316,2662921775,2662921775
2025-06-18 20:16:54,REAL,2662921775,10246,2662932021,2662932021
2025-06-18 20:16:56,REAL,2662932021,10242,2662942263,2662942263
2025-06-18 20:16:58,REAL,2662942263,4838,2662947101,2662947101
2025-06-18 20:17:00,REAL,2662947101,480,2662947581,2662947581
2025-06-18 20:17:02,REAL,2662947581,476,2662948057,2662948057
2025-06-18 20:17:04,REAL,2662948057,476,2662948533,2662948533
2025-06-18 20:17:06,REAL,2662948533,488,2662949021,2662949021
2025-06-18 20:17:08,REAL,2662949021,476,2662949497,2662949497
2025-06-18 20:17:10,REAL,2662949497,479,2662949976,2662949976
2025-06-18 20:17:12,REAL,2662949976,481,2662950457,2662950457
2025-06-18 20:17:14,REAL,2662950457,1876,2662952333,2662952333
2025-06-18 20:17:16,REAL,2662952333,12031,2662964364,2662964364
2025-06-18 20:17:18,REAL,2662964364,10261,2662974625,2662974625
2025-06-18 20:17:20,REAL,2662974625,10326,2662984951,2662984951
2025-06-18 20:17:22,REAL,2662984951,10256,2662995207,2662995207
2025-06-18 20:17:24,REAL,2662995207,10250,2663005457,2663005457
2025-06-18 20:17:26,REAL,2663005457,10246,2663015703,2663015703
2025-06-18 20:17:28,REAL,2663015703,10317,2663026020,2663026020
2025-06-18 20:17:30,REAL,2663026020,4186,2663030206,2663030206
2025-06-18 20:17:32,REAL,2663030206,479,2663030685,2663030685
2025-06-18 20:17:34,REAL,2663030685,492,2663031177,2663031177
2025-06-18 20:17:36,REAL,2663031177,534,2663031711,2663031711
2025-06-18 20:17:38,REAL,2663031711,482,2663032193,2663032193
2025-06-18 20:17:40,REAL,2663032193,485,2663032678,2663032678
2025-06-18 20:17:42,REAL,2663032678,531,2663033209,2663033209
2025-06-18 20:17:44,REAL,2663033209,480,2663033689,2663033689
2025-06-18 20:17:46,REAL,2663033689,489,2663034178,2663034178
2025-06-18 20:17:48,REAL,2663034178,488,2663034666,2663034666
2025-06-18 20:17:50,REAL,2663034666,491,2663035157,2663035157
2025-06-18 20:17:52,REAL,2663035157,483,2663035640,2663035640
2025-06-18 20:17:54,REAL,2663035640,483,2663036123,2663036123
2025-06-18 20:17:56,REAL,2663036123,483,2663036606,2663036606
2025-06-18 20:17:58,REAL,2663036606,483,2663037089,2663037089
2025-06-18 20:18:00,REAL,2663037089,490,2663037579,2663037579
2025-06-18 20:18:02,REAL,2663037579,487,2663038066,2663038066
2025-06-18 20:18:04,REAL,2663038066,488,2663038554,2663038554
2025-06-18 20:18:06,REAL,2663038554,484,2663039038,2663039038
2025-06-18 20:18:08,REAL,2663039038,545,2663039583,2663039583
2025-06-18 20:18:10,REAL,2663039583,485,2663040068,2663040068
2025-06-18 20:18:12,REAL,2663040068,484,2663040552,2663040552
2025-06-18 20:18:14,REAL,2663040552,483,2663041035,2663041035
2025-06-18 20:18:16,REAL,2663041035,481,2663041516,2663041516
2025-06-18 20:18:18,REAL,2663041516,491,2663042007,2663042007
2025-06-18 20:18:20,REAL,2663042007,490,2663042497,2663042497
2025-06-18 20:18:22,REAL,2663042497,543,2663043040,2663043040
2025-06-18 20:18:24,REAL,2663043040,483,2663043523,2663043523
2025-06-18 20:18:26,REAL,2663043523,485,2663044008,2663044008
2025-06-18 20:18:28,REAL,2663044008,487,2663044495,2663044495
2025-06-18 20:18:30,REAL,2663044495,480,2663044975,2663044975
2025-06-18 20:18:32,REAL,2663044975,494,2663045469,2663045469
2025-06-18 20:18:34,REAL,2663045469,485,2663045954,2663045954
2025-06-18 20:18:36,REAL,2663045954,541,2663046495,2663046495
2025-06-18 20:18:38,REAL,2663046495,488,2663046983,2663046983
2025-06-18 20:18:40,REAL,2663046983,480,2663047463,2663047463
2025-06-18 20:18:42,REAL,2663047463,475,2663047938,2663047938
2025-06-18 20:18:44,REAL,2663047938,486,2663048424,2663048424
2025-06-18 20:18:46,REAL,2663048424,478,2663048902,2663048902
2025-06-18 20:18:48,REAL,2663048902,486,2663049388,2663049388
2025-06-18 20:18:50,REAL,2663049388,475,2663049863,2663049863
2025-06-18 20:18:52,REAL,2663049863,488,2663050351,2663050351
2025-06-18 20:18:54,REAL,2663050351,480,2663050831,2663050831
2025-06-18 20:18:56,REAL,2663050831,485,2663051316,2663051316
2025-06-18 20:18:58,REAL,2663051316,482,2663051798,2663051798
2025-06-18 20:19:00,REAL,2663051798,481,2663052279,2663052279
2025-06-18 20:19:02,REAL,2663052279,534,2663052813,2663052813
2025-06-18 20:19:04,REAL,2663052813,486,2663053299,2663053299
2025-06-18 20:19:06,REAL,2663053299,483,2663053782,2663053782
2025-06-18 20:19:08,REAL,2663053782,480,2663054262,2663054262
2025-06-18 20:19:10,REAL,2663054262,539,2663054801,2663054801
2025-06-18 20:19:12,REAL,2663054801,483,2663055284,2663055284
2025-06-18 20:19:14,REAL,2663055284,485,2663055769,2663055769
2025-06-18 20:19:16,REAL,2663055769,477,2663056246,2663056246
2025-06-18 20:19:18,REAL,2663056246,483,2663056729,2663056729
2025-06-18 20:19:20,REAL,2663056729,486,2663057215,2663057215
2025-06-18 20:19:22,REAL,2663057215,479,2663057694,2663057694
2025-06-18 20:19:24,REAL,2663057694,483,2663058177,2663058177
2025-06-18 20:19:26,REAL,2663058177,485,2663058662,2663058662
2025-06-18 20:19:28,REAL,2663058662,539,2663059201,2663059201
2025-06-18 20:19:30,REAL,2663059201,476,2663059677,2663059677
2025-06-18 20:19:32,REAL,2663059677,484,2663060161,2663060161
2025-06-18 20:19:34,REAL,2663060161,488,2663060649,2663060649
2025-06-18 20:19:36,REAL,2663060649,484,2663061133,2663061133
2025-06-18 20:19:38,REAL,2663061133,477,2663061610,2663061610
2025-06-18 20:19:40,REAL,2663061610,487,2663062097,2663062097
2025-06-18 20:19:42,REAL,2663062097,490,2663062587,2663062587
2025-06-18 20:19:44,REAL,2663062587,481,2663063068,2663063068
2025-06-18 20:19:46,REAL,2663063068,490,2663063558,2663063558
2025-06-18 20:19:48,REAL,2663063558,480,2663064038,2663064038
2025-06-18 20:19:50,REAL,2663064038,480,2663064518,2663064518
2025-06-18 20:19:52,REAL,2663064518,487,2663065005,2663065005
2025-06-18 20:19:54,REAL,2663065005,489,2663065494,2663065494
2025-06-18 20:19:56,REAL,2663065494,596,2663066090,2663066090
2025-06-18 20:19:58,REAL,2663066090,482,2663066572,2663066572
2025-06-18 20:20:00,REAL,2663066572,479,2663067051,2663067051
2025-06-18 20:20:02,REAL,2663067051,477,2663067528,2663067528
2025-06-18 20:20:04,REAL,2663067528,5905,2663073433,2663073433
2025-06-18 20:20:06,REAL,2663073433,11046,2663084479,2663084479
2025-06-18 20:20:08,REAL,2663084479,10252,2663094731,2663094731
2025-06-18 20:20:10,REAL,2663094731,10310,2663105041,2663105041
2025-06-18 20:20:12,REAL,2663105041,10323,2663115364,2663115364
2025-06-18 20:20:14,REAL,2663115364,10254,2663125618,2663125618
2025-06-18 20:20:16,REAL,2663125618,10250,2663135868,2663135868
2025-06-18 20:20:18,REAL,2663135868,10325,2663146193,2663146193
2025-06-18 20:20:20,REAL,2663146193,1075,2663147268,2663147268
2025-06-18 20:20:22,REAL,2663147268,483,2663147751,2663147751
2025-06-18 20:20:24,REAL,2663147751,490,2663148241,2663148241
2025-06-18 20:20:26,REAL,2663148241,477,2663148718,2663148718
2025-06-18 20:20:28,REAL,2663148718,479,2663149197,2663149197
2025-06-18 20:20:30,REAL,2663149197,547,2663149744,2663149744
2025-06-18 20:20:32,REAL,2663149744,484,2663150228,2663150228
2025-06-18 20:20:34,REAL,2663150228,479,2663150707,2663150707
2025-06-18 20:20:36,REAL,2663150707,6229,2663156936,2663156936
2025-06-18 20:20:38,REAL,2663156936,10911,2663167847,2663167847
2025-06-18 20:20:40,REAL,2663167847,10257,2663178104,2663178104
2025-06-18 20:20:42,REAL,2663178104,10309,2663188413,2663188413
2025-06-18 20:20:44,REAL,2663188413,10305,2663198718,2663198718
2025-06-18 20:20:46,REAL,2663198718,10259,2663208977,2663208977
2025-06-18 20:20:48,REAL,2663208977,10252,2663219229,2663219229
2025-06-18 20:20:50,REAL,2663219229,10249,2663229478,2663229478
2025-06-18 20:20:52,REAL,2663229478,483,2663229961,2663229961
2025-06-18 20:20:54,REAL,2663229961,482,2663230443,2663230443
2025-06-18 20:20:56,REAL,2663230443,482,2663230925,2663230925
2025-06-18 20:20:58,REAL,2663230925,485,2663231410,2663231410
2025-06-18 20:21:00,REAL,2663231410,484,2663231894,2663231894
2025-06-18 20:21:02,REAL,2663231894,543,2663232437,2663232437
2025-06-18 20:21:04,REAL,2663232437,483,2663232920,2663232920
2025-06-18 20:21:06,REAL,2663232920,483,2663233403,2663233403
2025-06-18 20:21:08,REAL,2663233403,7163,2663240566,2663240566
2025-06-18 20:21:10,REAL,2663240566,10979,2663251545,2663251545
2025-06-18 20:21:12,REAL,2663251545,10325,2663261870,2663261870
2025-06-18 20:21:14,REAL,2663261870,10254,2663272124,2663272124
2025-06-18 20:21:16,REAL,2663272124,10242,2663282366,2663282366
2025-06-18 20:21:18,REAL,2663282366,10248,2663292614,2663292614
2025-06-18 20:21:20,REAL,2663292614,10318,2663302932,2663302932
2025-06-18 20:21:22,REAL,2663302932,9590,2663312522,2663312522
2025-06-18 20:21:24,REAL,2663312522,484,2663313006,2663313006
2025-06-18 20:21:26,REAL,2663313006,482,2663313488,2663313488
2025-06-18 20:21:28,REAL,2663313488,481,2663313969,2663313969
2025-06-18 20:21:30,REAL,2663313969,531,2663314500,2663314500
2025-06-18 20:21:32,REAL,2663314500,492,2663314992,2663314992
2025-06-18 20:21:34,REAL,2663314992,540,2663315532,2663315532
2025-06-18 20:21:36,REAL,2663315532,489,2663316021,2663316021
2025-06-18 20:21:38,REAL,2663316021,479,2663316500,2663316500
2025-06-18 20:21:40,REAL,2663316500,485,2663316985,2663316985
2025-06-18 20:21:42,REAL,2663316985,489,2663317474,2663317474
2025-06-18 20:21:44,REAL,2663317474,478,2663317952,2663317952
2025-06-18 20:21:46,REAL,2663317952,480,2663318432,2663318432
2025-06-18 20:21:48,REAL,2663318432,490,2663318922,2663318922
2025-06-18 20:21:50,REAL,2663318922,480,2663319402,2663319402
2025-06-18 20:21:52,REAL,2663319402,482,2663319884,2663319884
2025-06-18 20:21:54,REAL,2663319884,476,2663320360,2663320360
2025-06-18 20:21:56,REAL,2663320360,481,2663320841,2663320841
2025-06-18 20:21:58,REAL,2663320841,479,2663321320,2663321320
2025-06-18 20:22:00,REAL,2663321320,2260,2663323580,2663323580
2025-06-18 20:22:02,REAL,2663323580,11961,2663335541,2663335541
2025-06-18 20:22:04,REAL,2663335541,10250,2663345791,2663345791
2025-06-18 20:22:06,REAL,2663345791,10257,2663356048,2663356048
2025-06-18 20:22:08,REAL,2663356048,10315,2663366363,2663366363
2025-06-18 20:22:10,REAL,2663366363,10260,2663376623,2663376623
2025-06-18 20:22:12,REAL,2663376623,10243,2663386866,2663386866
2025-06-18 20:22:14,REAL,2663386866,10254,2663397120,2663397120
2025-06-18 20:22:16,REAL,2663397120,3908,2663401028,2663401028
2025-06-18 20:22:18,REAL,2663401028,537,2663401565,2663401565
2025-06-18 20:22:20,REAL,2663401565,485,2663402050,2663402050
2025-06-18 20:22:22,REAL,2663402050,480,2663402530,2663402530
2025-06-18 20:22:24,REAL,2663402530,477,2663403007,2663403007
2025-06-18 20:22:26,REAL,2663403007,544,2663403551,2663403551
2025-06-18 20:22:28,REAL,2663403551,481,2663404032,2663404032
2025-06-18 20:22:30,REAL,2663404032,485,2663404517,2663404517
2025-06-18 20:22:32,REAL,2663404517,486,2663405003,2663405003
2025-06-18 20:22:34,REAL,2663405003,487,2663405490,2663405490
2025-06-18 20:22:36,REAL,2663405490,488,2663405978,2663405978
2025-06-18 20:22:38,REAL,2663405978,482,2663406460,2663406460
2025-06-18 20:22:40,REAL,2663406460,490,2663406950,2663406950
2025-06-18 20:22:42,REAL,2663406950,480,2663407430,2663407430
2025-06-18 20:22:44,REAL,2663407430,490,2663407920,2663407920
2025-06-18 20:22:46,REAL,2663407920,481,2663408401,2663408401
2025-06-18 20:22:48,REAL,2663408401,484,2663408885,2663408885
2025-06-18 20:22:50,REAL,2663408885,483,2663409368,2663409368
2025-06-18 20:22:52,REAL,2663409368,481,2663409849,2663409849
2025-06-18 20:22:54,REAL,2663409849,9067,2663418916,2663418916
2025-06-18 20:22:56,REAL,2663418916,10712,2663429628,2663429628
2025-06-18 20:22:58,REAL,2663429628,10252,2663439880,2663439880
2025-06-18 20:23:00,REAL,2663439880,10322,2663450202,2663450202
2025-06-18 20:23:02,REAL,2663450202,10248,2663460450,2663460450
2025-06-18 20:23:04,REAL,2663460450,10249,2663470699,2663470699
2025-06-18 20:23:06,REAL,2663470699,10308,2663481007,2663481007
2025-06-18 20:23:08,REAL,2663481007,7878,2663488885,2663488885
2025-06-18 20:23:10,REAL,2663488885,485,2663489370,2663489370
2025-06-18 20:23:12,REAL,2663489370,484,2663489854,2663489854
2025-06-18 20:23:14,REAL,2663489854,482,2663490336,2663490336
2025-06-18 20:23:16,REAL,2663490336,490,2663490826,2663490826
2025-06-18 20:23:18,REAL,2663490826,482,2663491308,2663491308
2025-06-18 20:23:20,REAL,2663491308,487,2663491795,2663491795
2025-06-18 20:23:22,REAL,2663491795,488,2663492283,2663492283
2025-06-18 20:23:24,REAL,2663492283,479,2663492762,2663492762
2025-06-18 20:23:26,REAL,2663492762,12501,2663505263,2663505263
2025-06-18 20:23:28,REAL,2663505263,11116,2663516379,2663516379
2025-06-18 20:23:30,REAL,2663516379,10247,2663526626,2663526626
2025-06-18 20:23:32,REAL,2663526626,10314,2663536940,2663536940
2025-06-18 20:23:34,REAL,2663536940,10247,2663547187,2663547187
2025-06-18 20:23:36,REAL,2663547187,10254,2663557441,2663557441
2025-06-18 20:23:38,REAL,2663557441,10258,2663567699,2663567699
2025-06-18 20:23:40,REAL,2663567699,7282,2663574981,2663574981
2025-06-18 20:23:42,REAL,2663574981,484,2663575465,2663575465
2025-06-18 20:23:44,REAL,2663575465,481,2663575946,2663575946
2025-06-18 20:23:46,REAL,2663575946,494,2663576440,2663576440
2025-06-18 20:23:48,REAL,2663576440,485,2663576925,2663576925
2025-06-18 20:23:50,REAL,2663576925,482,2663577407,2663577407
2025-06-18 20:23:52,REAL,2663577407,479,2663577886,2663577886
2025-06-18 20:23:54,REAL,2663577886,481,2663578367,2663578367
2025-06-18 20:23:56,REAL,2663578367,545,2663578912,2663578912
2025-06-18 20:23:58,REAL,2663578912,541,2663579453,2663579453
2025-06-18 20:24:00,REAL,2663579453,485,2663579938,2663579938
2025-06-18 20:24:02,REAL,2663579938,486,2663580424,2663580424
2025-06-18 20:24:04,REAL,2663580424,487,2663580911,2663580911
2025-06-18 20:24:06,REAL,2663580911,482,2663581393,2663581393
2025-06-18 20:24:08,REAL,2663581393,489,2663581882,2663581882
2025-06-18 20:24:10,REAL,2663581882,485,2663582367,2663582367
2025-06-18 20:24:12,REAL,2663582367,488,2663582855,2663582855
2025-06-18 20:24:14,REAL,2663582855,493,2663583348,2663583348
2025-06-18 20:24:16,REAL,2663583348,485,2663583833,2663583833
2025-06-18 20:24:18,REAL,2663583833,487,2663584320,2663584320
2025-06-18 20:24:20,REAL,2663584320,489,2663584809,2663584809
2025-06-18 20:24:22,REAL,2663584809,484,2663585293,2663585293
2025-06-18 20:24:24,REAL,2663585293,487,2663585780,2663585780
2025-06-18 20:24:26,REAL,2663585780,485,2663586265,2663586265
2025-06-18 20:24:28,REAL,2663586265,479,2663586744,2663586744
2025-06-18 20:24:30,REAL,2663586744,489,2663587233,2663587233
2025-06-18 20:24:32,REAL,2663587233,531,2663587764,2663587764
2025-06-18 20:24:34,REAL,2663587764,478,2663588242,2663588242
2025-06-18 20:24:36,REAL,2663588242,487,2663588729,2663588729
2025-06-18 20:24:38,REAL,2663588729,483,2663589212,2663589212
2025-06-18 20:24:40,REAL,2663589212,484,2663589696,2663589696
2025-06-18 20:24:42,REAL,2663589696,486,2663590182,2663590182
2025-06-18 20:24:44,REAL,2663590182,535,2663590717,2663590717
2025-06-18 20:24:46,REAL,2663590717,481,2663591198,2663591198
2025-06-18 20:24:48,REAL,2663591198,484,2663591682,2663591682
2025-06-18 20:24:50,REAL,2663591682,483,2663592165,2663592165
2025-06-18 20:24:52,REAL,2663592165,481,2663592646,2663592646
2025-06-18 20:24:54,REAL,2663592646,480,2663593126,2663593126
2025-06-18 20:24:56,REAL,2663593126,485,2663593611,2663593611
2025-06-18 20:24:58,REAL,2663593611,486,2663594097,2663594097
2025-06-18 20:25:00,REAL,2663594097,488,2663594585,2663594585
2025-06-18 20:25:02,REAL,2663594585,488,2663595073,2663595073
2025-06-18 20:25:04,REAL,2663595073,541,2663595614,2663595614
2025-06-18 20:25:06,REAL,2663595614,488,2663596102,2663596102
2025-06-18 20:25:08,REAL,2663596102,489,2663596591,2663596591
2025-06-18 20:25:10,REAL,2663596591,492,2663597083,2663597083
2025-06-18 20:25:12,REAL,2663597083,479,2663597562,2663597562
2025-06-18 20:25:14,REAL,2663597562,485,2663598047,2663598047
2025-06-18 20:25:16,REAL,2663598047,549,2663598596,2663598596
2025-06-18 20:25:18,REAL,2663598596,11575,2663610171,2663610171
2025-06-18 20:25:20,REAL,2663610171,10313,2663620484,2663620484
2025-06-18 20:25:22,REAL,2663620484,10249,2663630733,2663630733
2025-06-18 20:25:24,REAL,2663630733,10247,2663640980,2663640980
2025-06-18 20:25:26,REAL,2663640980,10251,2663651231,2663651231
2025-06-18 20:25:28,REAL,2663651231,10254,2663661485,2663661485
2025-06-18 20:25:30,REAL,2663661485,10321,2663671806,2663671806
2025-06-18 20:25:32,REAL,2663671806,4976,2663676782,2663676782
2025-06-18 20:25:34,REAL,2663676782,477,2663677259,2663677259
2025-06-18 20:25:36,REAL,2663677259,537,2663677796,2663677796
2025-06-18 20:25:38,REAL,2663677796,481,2663678277,2663678277
2025-06-18 20:25:40,REAL,2663678277,485,2663678762,2663678762
2025-06-18 20:25:42,REAL,2663678762,483,2663679245,2663679245
2025-06-18 20:25:44,REAL,2663679245,482,2663679727,2663679727
2025-06-18 20:25:46,REAL,2663679727,489,2663680216,2663680216
2025-06-18 20:25:48,REAL,2663680216,481,2663680697,2663680697
2025-06-18 20:25:50,REAL,2663680697,546,2663681243,2663681243
2025-06-18 20:25:52,REAL,2663681243,482,2663681725,2663681725
2025-06-18 20:25:54,REAL,2663681725,484,2663682209,2663682209
2025-06-18 20:25:56,REAL,2663682209,480,2663682689,2663682689
2025-06-18 20:25:58,REAL,2663682689,486,2663683175,2663683175
2025-06-18 20:26:00,REAL,2663683175,476,2663683651,2663683651
2025-06-18 20:26:02,REAL,2663683651,486,2663684137,2663684137
2025-06-18 20:26:04,REAL,2663684137,483,2663684620,2663684620
2025-06-18 20:26:06,REAL,2663684620,490,2663685110,2663685110
2025-06-18 20:26:08,REAL,2663685110,481,2663685591,2663685591
2025-06-18 20:26:10,REAL,2663685591,481,2663686072,2663686072
2025-06-18 20:26:12,REAL,2663686072,481,2663686553,2663686553
2025-06-18 20:26:14,REAL,2663686553,489,2663687042,2663687042
2025-06-18 20:26:16,REAL,2663687042,483,2663687525,2663687525
2025-06-18 20:26:18,REAL,2663687525,485,2663688010,2663688010
2025-06-18 20:26:20,REAL,2663688010,481,2663688491,2663688491
2025-06-18 20:26:22,REAL,2663688491,478,2663688969,2663688969
2025-06-18 20:26:24,REAL,2663688969,534,2663689503,2663689503
2025-06-18 20:26:26,REAL,2663689503,532,2663690035,2663690035
2025-06-18 20:26:28,REAL,2663690035,487,2663690522,2663690522
2025-06-18 20:26:30,REAL,2663690522,485,2663691007,2663691007
2025-06-18 20:26:32,REAL,2663691007,478,2663691485,2663691485
2025-06-18 20:26:34,REAL,2663691485,491,2663691976,2663691976
2025-06-18 20:26:36,REAL,2663691976,487,2663692463,2663692463
2025-06-18 20:26:38,REAL,2663692463,482,2663692945,2663692945
2025-06-18 20:26:40,REAL,2663692945,482,2663693427,2663693427
2025-06-18 20:26:42,REAL,2663693427,488,2663693915,2663693915
2025-06-18 20:26:44,REAL,2663693915,488,2663694403,2663694403
2025-06-18 20:26:46,REAL,2663694403,479,2663694882,2663694882
2025-06-18 20:26:48,REAL,2663694882,481,2663695363,2663695363
2025-06-18 20:26:50,REAL,2663695363,485,2663695848,2663695848
2025-06-18 20:26:52,REAL,2663695848,480,2663696328,2663696328
2025-06-18 20:26:54,REAL,2663696328,489,2663696817,2663696817
2025-06-18 20:26:56,REAL,2663696817,532,2663697349,2663697349
2025-06-18 20:26:58,REAL,2663697349,484,2663697833,2663697833
2025-06-18 20:27:00,REAL,2663697833,481,2663698314,2663698314
2025-06-18 20:27:02,REAL,2663698314,492,2663698806,2663698806
2025-06-18 20:27:04,REAL,2663698806,485,2663699291,2663699291
2025-06-18 20:27:06,REAL,2663699291,491,2663699782,2663699782
2025-06-18 20:27:08,REAL,2663699782,484,2663700266,2663700266
2025-06-18 20:27:10,REAL,2663700266,479,2663700745,2663700745
2025-06-18 20:27:12,REAL,2663700745,487,2663701232,2663701232
2025-06-18 20:27:14,REAL,2663701232,485,2663701717,2663701717
2025-06-18 20:27:16,REAL,2663701717,489,2663702206,2663702206
2025-06-18 20:27:18,REAL,2663702206,538,2663702744,2663702744
2025-06-18 20:27:20,REAL,2663702744,481,2663703225,2663703225
2025-06-18 20:27:22,REAL,2663703225,490,2663703715,2663703715
2025-06-18 20:27:24,REAL,2663703715,481,2663704196,2663704196
2025-06-18 20:27:26,REAL,2663704196,481,2663704677,2663704677
2025-06-18 20:27:28,REAL,2663704677,537,2663705214,2663705214
2025-06-18 20:27:30,REAL,2663705214,483,2663705697,2663705697
2025-06-18 20:27:32,REAL,2663705697,486,2663706183,2663706183
2025-06-18 20:27:34,REAL,2663706183,486,2663706669,2663706669
2025-06-18 20:27:36,REAL,2663706669,480,2663707149,2663707149
2025-06-18 20:27:38,REAL,2663707149,491,2663707640,2663707640
2025-06-18 20:27:40,REAL,2663707640,478,2663708118,2663708118
2025-06-18 20:27:42,REAL,2663708118,491,2663708609,2663708609
2025-06-18 20:27:44,REAL,2663708609,489,2663709098,2663709098
2025-06-18 20:27:46,REAL,2663709098,481,2663709579,2663709579
2025-06-18 20:27:48,REAL,2663709579,485,2663710064,2663710064
2025-06-18 20:27:50,REAL,2663710064,483,2663710547,2663710547
2025-06-18 20:27:52,REAL,2663710547,485,2663711032,2663711032
2025-06-18 20:27:54,REAL,2663711032,481,2663711513,2663711513
2025-06-18 20:27:56,REAL,2663711513,484,2663711997,2663711997
2025-06-18 20:27:58,REAL,2663711997,484,2663712481,2663712481
2025-06-18 20:28:00,REAL,2663712481,537,2663713018,2663713018
2025-06-18 20:28:02,REAL,2663713018,478,2663713496,2663713496
2025-06-18 20:28:04,REAL,2663713496,476,2663713972,2663713972
2025-06-18 20:28:06,REAL,2663713972,483,2663714455,2663714455
2025-06-18 20:28:08,REAL,2663714455,535,2663714990,2663714990
2025-06-18 20:28:10,REAL,2663714990,488,2663715478,2663715478
2025-06-18 20:28:12,REAL,2663715478,478,2663715956,2663715956
2025-06-18 20:28:14,REAL,2663715956,486,2663716442,2663716442
2025-06-18 20:28:16,REAL,2663716442,476,2663716918,2663716918
2025-06-18 20:28:18,REAL,2663716918,479,2663717397,2663717397
2025-06-18 20:28:20,REAL,2663717397,488,2663717885,2663717885
2025-06-18 20:28:22,REAL,2663717885,482,2663718367,2663718367
2025-06-18 20:28:24,REAL,2663718367,481,2663718848,2663718848
2025-06-18 20:28:26,REAL,2663718848,485,2663719333,2663719333
2025-06-18 20:28:28,REAL,2663719333,479,2663719812,2663719812
2025-06-18 20:28:30,REAL,2663719812,536,2663720348,2663720348
2025-06-18 20:28:32,REAL,2663720348,483,2663720831,2663720831
2025-06-18 20:28:34,REAL,2663720831,488,2663721319,2663721319
2025-06-18 20:28:36,REAL,2663721319,548,2663721867,2663721867
2025-06-18 20:28:38,REAL,2663721867,489,2663722356,2663722356
2025-06-18 20:28:40,REAL,2663722356,476,2663722832,2663722832
2025-06-18 20:28:42,REAL,2663722832,485,2663723317,2663723317
2025-06-18 20:28:44,REAL,2663723317,5997,2663729314,2663729314
2025-06-18 20:28:46,REAL,2663729314,10910,2663740224,2663740224
2025-06-18 20:28:48,REAL,2663740224,10252,2663750476,2663750476
2025-06-18 20:28:50,REAL,2663750476,10321,2663760797,2663760797
2025-06-18 20:28:52,REAL,2663760797,10253,2663771050,2663771050
2025-06-18 20:28:54,REAL,2663771050,10246,2663781296,2663781296
2025-06-18 20:28:56,REAL,2663781296,10316,2663791612,2663791612
2025-06-18 20:28:58,REAL,2663791612,10247,2663801859,2663801859
2025-06-18 20:29:00,REAL,2663801859,1011,2663802870,2663802870
2025-06-18 20:29:02,REAL,2663802870,532,2663803402,2663803402
2025-06-18 20:29:04,REAL,2663803402,487,2663803889,2663803889
2025-06-18 20:29:06,REAL,2663803889,481,2663804370,2663804370
2025-06-18 20:29:08,REAL,2663804370,475,2663804845,2663804845
2025-06-18 20:29:10,REAL,2663804845,482,2663805327,2663805327
2025-06-18 20:29:12,REAL,2663805327,485,2663805812,2663805812
2025-06-18 20:29:14,REAL,2663805812,541,2663806353,2663806353
2025-06-18 20:29:16,REAL,2663806353,483,2663806836,2663806836
2025-06-18 20:29:18,REAL,2663806836,474,2663807310,2663807310
2025-06-18 20:29:20,REAL,2663807310,483,2663807793,2663807793
2025-06-18 20:29:22,REAL,2663807793,485,2663808278,2663808278
2025-06-18 20:29:24,REAL,2663808278,484,2663808762,2663808762
2025-06-18 20:29:26,REAL,2663808762,540,2663809302,2663809302
2025-06-18 20:29:28,REAL,2663809302,477,2663809779,2663809779
2025-06-18 20:29:30,REAL,2663809779,483,2663810262,2663810262
2025-06-18 20:29:32,REAL,2663810262,483,2663810745,2663810745
2025-06-18 20:29:34,REAL,2663810745,479,2663811224,2663811224
2025-06-18 20:29:36,REAL,2663811224,480,2663811704,2663811704
2025-06-18 20:29:38,REAL,2663811704,483,2663812187,2663812187
2025-06-18 20:29:40,REAL,2663812187,484,2663812671,2663812671
2025-06-18 20:29:42,REAL,2663812671,484,2663813155,2663813155
2025-06-18 20:29:44,REAL,2663813155,485,2663813640,2663813640
2025-06-18 20:29:46,REAL,2663813640,540,2663814180,2663814180
2025-06-18 20:29:48,REAL,2663814180,481,2663814661,2663814661
2025-06-18 20:29:50,REAL,2663814661,481,2663815142,2663815142
2025-06-18 20:29:52,REAL,2663815142,544,2663815686,2663815686
2025-06-18 20:29:54,REAL,2663815686,478,2663816164,2663816164
2025-06-18 20:29:56,REAL,2663816164,482,2663816646,2663816646
2025-06-18 20:29:58,REAL,2663816646,487,2663817133,2663817133
2025-06-18 20:30:00,REAL,2663817133,477,2663817610,2663817610
2025-06-18 20:30:02,REAL,2663817610,489,2663818099,2663818099
2025-06-18 20:30:04,REAL,2663818099,483,2663818582,2663818582
2025-06-18 20:30:06,REAL,2663818582,490,2663819072,2663819072
2025-06-18 20:30:08,REAL,2663819072,478,2663819550,2663819550
2025-06-18 20:30:10,REAL,2663819550,486,2663820036,2663820036
2025-06-18 20:30:12,REAL,2663820036,487,2663820523,2663820523
2025-06-18 20:30:14,REAL,2663820523,484,2663821007,2663821007
2025-06-18 20:30:16,REAL,2663821007,540,2663821547,2663821547
2025-06-18 20:30:18,REAL,2663821547,540,2663822087,2663822087
2025-06-18 20:30:20,REAL,2663822087,484,2663822571,2663822571
2025-06-18 20:30:22,REAL,2663822571,483,2663823054,2663823054
2025-06-18 20:30:24,REAL,2663823054,484,2663823538,2663823538
2025-06-18 20:30:26,REAL,2663823538,478,2663824016,2663824016
2025-06-18 20:30:28,REAL,2663824016,492,2663824508,2663824508
2025-06-18 20:30:30,REAL,2663824508,489,2663824997,2663824997
2025-06-18 20:30:32,REAL,2663824997,474,2663825471,2663825471
2025-06-18 20:30:34,REAL,2663825471,479,2663825950,2663825950
2025-06-18 20:30:36,REAL,2663825950,490,2663826440,2663826440
2025-06-18 20:30:38,REAL,2663826440,488,2663826928,2663826928
2025-06-18 20:30:40,REAL,2663826928,483,2663827411,2663827411
2025-06-18 20:30:42,REAL,2663827411,536,2663827947,2663827947
2025-06-18 20:30:44,REAL,2663827947,486,2663828433,2663828433
2025-06-18 20:30:46,REAL,2663828433,539,2663828972,2663828972
2025-06-18 20:30:48,REAL,2663828972,478,2663829450,2663829450
2025-06-18 20:30:50,REAL,2663829450,486,2663829936,2663829936
2025-06-18 20:30:52,REAL,2663829936,478,2663830414,2663830414
2025-06-18 20:30:54,REAL,2663830414,487,2663830901,2663830901
2025-06-18 20:30:56,REAL,2663830901,480,2663831381,2663831381
2025-06-18 20:30:58,REAL,2663831381,479,2663831860,2663831860
2025-06-18 20:31:00,REAL,2663831860,478,2663832338,2663832338
2025-06-18 20:31:02,REAL,2663832338,492,2663832830,2663832830
2025-06-18 20:31:04,REAL,2663832830,486,2663833316,2663833316
2025-06-18 20:31:06,REAL,2663833316,531,2663833847,2663833847
2025-06-18 20:31:08,REAL,2663833847,486,2663834333,2663834333
2025-06-18 20:31:10,REAL,2663834333,488,2663834821,2663834821
2025-06-18 20:31:12,REAL,2663834821,484,2663835305,2663835305
2025-06-18 20:31:14,REAL,2663835305,484,2663835789,2663835789
2025-06-18 20:31:16,REAL,2663835789,475,2663836264,2663836264
2025-06-18 20:31:18,REAL,2663836264,537,2663836801,2663836801
2025-06-18 20:31:20,REAL,2663836801,474,2663837275,2663837275
2025-06-18 20:31:22,REAL,2663837275,494,2663837769,2663837769
2025-06-18 20:31:24,REAL,2663837769,11717,2663849486,2663849486
2025-06-18 20:31:26,REAL,2663849486,11508,2663860994,2663860994
2025-06-18 20:31:28,REAL,2663860994,10317,2663871311,2663871311
2025-06-18 20:31:30,REAL,2663871311,10251,2663881562,2663881562
2025-06-18 20:31:32,REAL,2663881562,10260,2663891822,2663891822
2025-06-18 20:31:34,REAL,2663891822,10374,2663902196,2663902196
2025-06-18 20:31:36,REAL,2663902196,10251,2663912447,2663912447
2025-06-18 20:31:38,REAL,2663912447,7609,2663920056,2663920056
2025-06-18 20:31:40,REAL,2663920056,480,2663920536,2663920536
2025-06-18 20:31:42,REAL,2663920536,482,2663921018,2663921018
2025-06-18 20:31:44,REAL,2663921018,482,2663921500,2663921500
2025-06-18 20:31:46,REAL,2663921500,479,2663921979,2663921979
2025-06-18 20:31:48,REAL,2663921979,488,2663922467,2663922467
2025-06-18 20:31:50,REAL,2663922467,481,2663922948,2663922948
2025-06-18 20:31:52,REAL,2663922948,487,2663923435,2663923435
2025-06-18 20:31:54,REAL,2663923435,538,2663923973,2663923973
2025-06-18 20:31:56,REAL,2663923973,489,2663924462,2663924462
2025-06-18 20:31:58,REAL,2663924462,482,2663924944,2663924944
2025-06-18 20:32:00,REAL,2663924944,538,2663925482,2663925482
2025-06-18 20:32:02,REAL,2663925482,479,2663925961,2663925961
2025-06-18 20:32:04,REAL,2663925961,479,2663926440,2663926440
2025-06-18 20:32:06,REAL,2663926440,482,2663926922,2663926922
2025-06-18 20:32:08,REAL,2663926922,486,2663927408,2663927408
2025-06-18 20:32:10,REAL,2663927408,487,2663927895,2663927895
2025-06-18 20:32:12,REAL,2663927895,481,2663928376,2663928376
2025-06-18 20:32:14,REAL,2663928376,481,2663928857,2663928857
2025-06-18 20:32:16,REAL,2663928857,484,2663929341,2663929341
2025-06-18 20:32:18,REAL,2663929341,491,2663929832,2663929832
2025-06-18 20:32:20,REAL,2663929832,492,2663930324,2663930324
2025-06-18 20:32:22,REAL,2663930324,489,2663930813,2663930813
2025-06-18 20:32:24,REAL,2663930813,595,2663931408,2663931408
2025-06-18 20:32:26,REAL,2663931408,484,2663931892,2663931892
2025-06-18 20:32:28,REAL,2663931892,476,2663932368,2663932368
2025-06-18 20:32:30,REAL,2663932368,482,2663932850,2663932850
2025-06-18 20:32:32,REAL,2663932850,482,2663933332,2663933332
2025-06-18 20:32:34,REAL,2663933332,491,2663933823,2663933823
2025-06-18 20:32:36,REAL,2663933823,476,2663934299,2663934299
2025-06-18 20:32:38,REAL,2663934299,491,2663934790,2663934790
2025-06-18 20:32:40,REAL,2663934790,482,2663935272,2663935272
2025-06-18 20:32:42,REAL,2663935272,488,2663935760,2663935760
2025-06-18 20:32:44,REAL,2663935760,494,2663936254,2663936254
2025-06-18 20:32:46,REAL,2663936254,486,2663936740,2663936740
2025-06-18 20:32:48,REAL,2663936740,542,2663937282,2663937282
2025-06-18 20:32:50,REAL,2663937282,484,2663937766,2663937766
2025-06-18 20:32:52,REAL,2663937766,478,2663938244,2663938244
2025-06-18 20:32:54,REAL,2663938244,609,2663938853,2663938853
2025-06-18 20:32:56,REAL,2663938853,481,2663939334,2663939334
2025-06-18 20:32:58,REAL,2663939334,488,2663939822,2663939822
2025-06-18 20:33:00,REAL,2663939822,489,2663940311,2663940311
2025-06-18 20:33:02,REAL,2663940311,483,2663940794,2663940794
2025-06-18 20:33:04,REAL,2663940794,487,2663941281,2663941281
2025-06-18 20:33:06,REAL,2663941281,486,2663941767,2663941767
2025-06-18 20:33:08,REAL,2663941767,483,2663942250,2663942250
2025-06-18 20:33:10,REAL,2663942250,488,2663942738,2663942738
2025-06-18 20:33:12,REAL,2663942738,488,2663943226,2663943226
2025-06-18 20:33:14,REAL,2663943226,533,2663943759,2663943759
2025-06-18 20:33:16,REAL,2663943759,484,2663944243,2663944243
2025-06-18 20:33:18,REAL,2663944243,483,2663944726,2663944726
2025-06-18 20:33:20,REAL,2663944726,542,2663945268,2663945268
2025-06-18 20:33:22,REAL,2663945268,475,2663945743,2663945743
2025-06-18 20:33:24,REAL,2663945743,486,2663946229,2663946229
2025-06-18 20:33:26,REAL,2663946229,485,2663946714,2663946714
2025-06-18 20:33:28,REAL,2663946714,486,2663947200,2663947200
2025-06-18 20:33:30,REAL,2663947200,487,2663947687,2663947687
2025-06-18 20:33:32,REAL,2663947687,487,2663948174,2663948174
2025-06-18 20:33:34,REAL,2663948174,487,2663948661,2663948661
2025-06-18 20:33:36,REAL,2663948661,488,2663949149,2663949149
2025-06-18 20:33:38,REAL,2663949149,534,2663949683,2663949683
2025-06-18 20:33:40,REAL,2663949683,481,2663950164,2663950164
2025-06-18 20:33:42,REAL,2663950164,480,2663950644,2663950644
2025-06-18 20:33:44,REAL,2663950644,485,2663951129,2663951129
2025-06-18 20:33:46,REAL,2663951129,487,2663951616,2663951616
2025-06-18 20:33:48,REAL,2663951616,537,2663952153,2663952153
2025-06-18 20:33:50,REAL,2663952153,480,2663952633,2663952633
2025-06-18 20:33:52,REAL,2663952633,486,2663953119,2663953119
2025-06-18 20:33:54,REAL,2663953119,481,2663953600,2663953600
2025-06-18 20:33:56,REAL,2663953600,480,2663954080,2663954080
2025-06-18 20:33:58,REAL,2663954080,487,2663954567,2663954567
2025-06-18 20:34:00,REAL,2663954567,535,2663955102,2663955102
2025-06-18 20:34:02,REAL,2663955102,482,2663955584,2663955584
2025-06-18 20:34:04,REAL,2663955584,482,2663956066,2663956066
2025-06-18 20:34:06,REAL,2663956066,487,2663956553,2663956553
2025-06-18 20:34:08,REAL,2663956553,7363,2663963916,2663963916
2025-06-18 20:34:10,REAL,2663963916,10780,2663974696,2663974696
2025-06-18 20:34:12,REAL,2663974696,10250,2663984946,2663984946
2025-06-18 20:34:14,REAL,2663984946,10256,2663995202,2663995202
2025-06-18 20:34:16,REAL,2663995202,10251,2664005453,2664005453
2025-06-18 20:34:18,REAL,2664005453,10253,2664015706,2664015706
2025-06-18 20:34:20,REAL,2664015706,10247,2664025953,2664025953
2025-06-18 20:34:22,REAL,2664025953,9337,2664035290,2664035290
2025-06-18 20:34:24,REAL,2664035290,535,2664035825,2664035825
2025-06-18 20:34:26,REAL,2664035825,482,2664036307,2664036307
2025-06-18 20:34:28,REAL,2664036307,480,2664036787,2664036787
2025-06-18 20:34:30,REAL,2664036787,477,2664037264,2664037264
2025-06-18 20:34:32,REAL,2664037264,490,2664037754,2664037754
2025-06-18 20:34:34,REAL,2664037754,489,2664038243,2664038243
2025-06-18 20:34:36,REAL,2664038243,535,2664038778,2664038778
2025-06-18 20:34:38,REAL,2664038778,481,2664039259,2664039259
2025-06-18 20:34:40,REAL,2664039259,8216,2664047475,2664047475
2025-06-18 20:34:42,REAL,2664047475,10846,2664058321,2664058321
2025-06-18 20:34:44,REAL,2664058321,10246,2664068567,2664068567
2025-06-18 20:34:46,REAL,2664068567,10255,2664078822,2664078822
2025-06-18 20:34:48,REAL,2664078822,10304,2664089126,2664089126
2025-06-18 20:34:50,REAL,2664089126,10261,2664099387,2664099387
2025-06-18 20:34:52,REAL,2664099387,10252,2664109639,2664109639
2025-06-18 20:34:54,REAL,2664109639,8671,2664118310,2664118310
2025-06-18 20:34:56,REAL,2664118310,489,2664118799,2664118799
2025-06-18 20:34:58,REAL,2664118799,485,2664119284,2664119284
2025-06-18 20:35:00,REAL,2664119284,2608,2664121892,2664121892
2025-06-18 20:35:02,REAL,2664121892,11583,2664133475,2664133475
2025-06-18 20:35:04,REAL,2664133475,10246,2664143721,2664143721
2025-06-18 20:35:06,REAL,2664143721,10371,2664154092,2664154092
2025-06-18 20:35:08,REAL,2664154092,10258,2664164350,2664164350
2025-06-18 20:35:10,REAL,2664164350,10246,2664174596,2664174596
2025-06-18 20:35:12,REAL,2664174596,10378,2664184974,2664184974
2025-06-18 20:35:14,REAL,2664184974,10250,2664195224,2664195224
2025-06-18 20:35:16,REAL,2664195224,3446,2664198670,2664198670
2025-06-18 20:35:18,REAL,2664198670,483,2664199153,2664199153
2025-06-18 20:35:20,REAL,2664199153,480,2664199633,2664199633
2025-06-18 20:35:22,REAL,2664199633,482,2664200115,2664200115
2025-06-18 20:35:24,REAL,2664200115,487,2664200602,2664200602
2025-06-18 20:35:26,REAL,2664200602,480,2664201082,2664201082
2025-06-18 20:35:28,REAL,2664201082,477,2664201559,2664201559
2025-06-18 20:35:30,REAL,2664201559,480,2664202039,2664202039
2025-06-18 20:35:32,REAL,2664202039,3463,2664205502,2664205502
2025-06-18 20:35:34,REAL,2664205502,11505,2664217007,2664217007
2025-06-18 20:35:36,REAL,2664217007,10317,2664227324,2664227324
2025-06-18 20:35:38,REAL,2664227324,10246,2664237570,2664237570
2025-06-18 20:35:40,REAL,2664237570,10252,2664247822,2664247822
2025-06-18 20:35:42,REAL,2664247822,10310,2664258132,2664258132
2025-06-18 20:35:44,REAL,2664258132,10248,2664268380,2664268380
2025-06-18 20:35:46,REAL,2664268380,10250,2664278630,2664278630
2025-06-18 20:35:48,REAL,2664278630,2791,2664281421,2664281421
2025-06-18 20:35:50,REAL,2664281421,481,2664281902,2664281902
2025-06-18 20:35:52,REAL,2664281902,479,2664282381,2664282381
2025-06-18 20:35:54,REAL,2664282381,475,2664282856,2664282856
2025-06-18 20:35:56,REAL,2664282856,486,2664283342,2664283342
2025-06-18 20:35:58,REAL,2664283342,484,2664283826,2664283826
2025-06-18 20:36:00,REAL,2664283826,539,2664284365,2664284365
2025-06-18 20:36:02,REAL,2664284365,537,2664284902,2664284902
2025-06-18 20:36:04,REAL,2664284902,4252,2664289154,2664289154
2025-06-18 20:36:06,REAL,2664289154,11376,2664300530,2664300530
2025-06-18 20:36:08,REAL,2664300530,10316,2664310846,2664310846
2025-06-18 20:36:10,REAL,2664310846,10251,2664321097,2664321097
2025-06-18 20:36:12,REAL,2664321097,10254,2664331351,2664331351
2025-06-18 20:36:14,REAL,2664331351,10323,2664341674,2664341674
2025-06-18 20:36:16,REAL,2664341674,10248,2664351922,2664351922
2025-06-18 20:36:18,REAL,2664351922,10250,2664362172,2664362172
2025-06-18 20:36:20,REAL,2664362172,2192,2664364364,2664364364
2025-06-18 20:36:22,REAL,2664364364,490,2664364854,2664364854
2025-06-18 20:36:24,REAL,2664364854,488,2664365342,2664365342
2025-06-18 20:36:26,REAL,2664365342,541,2664365883,2664365883
2025-06-18 20:36:28,REAL,2664365883,488,2664366371,2664366371
2025-06-18 20:36:30,REAL,2664366371,534,2664366905,2664366905
2025-06-18 20:36:32,REAL,2664366905,487,2664367392,2664367392
2025-06-18 20:36:34,REAL,2664367392,482,2664367874,2664367874
2025-06-18 20:36:36,REAL,2664367874,487,2664368361,2664368361
2025-06-18 20:36:38,REAL,2664368361,485,2664368846,2664368846
2025-06-18 20:36:40,REAL,2664368846,483,2664369329,2664369329
2025-06-18 20:36:42,REAL,2664369329,488,2664369817,2664369817
2025-06-18 20:36:44,REAL,2664369817,487,2664370304,2664370304
2025-06-18 20:36:46,REAL,2664370304,480,2664370784,2664370784
2025-06-18 20:36:48,REAL,2664370784,485,2664371269,2664371269
2025-06-18 20:36:50,REAL,2664371269,538,2664371807,2664371807
2025-06-18 20:36:52,REAL,2664371807,484,2664372291,2664372291
2025-06-18 20:36:54,REAL,2664372291,487,2664372778,2664372778
2025-06-18 20:36:56,REAL,2664372778,484,2664373262,2664373262
2025-06-18 20:36:58,REAL,2664373262,543,2664373805,2664373805
2025-06-18 20:37:00,REAL,2664373805,478,2664374283,2664374283
2025-06-18 20:37:02,REAL,2664374283,482,2664374765,2664374765
2025-06-18 20:37:04,REAL,2664374765,489,2664375254,2664375254
2025-06-18 20:37:06,REAL,2664375254,486,2664375740,2664375740
2025-06-18 20:37:08,REAL,2664375740,5902,2664381642,2664381642
2025-06-18 20:37:10,REAL,2664381642,11178,2664392820,2664392820
2025-06-18 20:37:12,REAL,2664392820,10258,2664403078,2664403078
2025-06-18 20:37:14,REAL,2664403078,10305,2664413383,2664413383
2025-06-18 20:37:16,REAL,2664413383,10309,2664423692,2664423692
2025-06-18 20:37:18,REAL,2664423692,10256,2664433948,2664433948
2025-06-18 20:37:20,REAL,2664433948,10246,2664444194,2664444194
2025-06-18 20:37:22,REAL,2664444194,10248,2664454442,2664454442
2025-06-18 20:37:24,REAL,2664454442,939,2664455381,2664455381
2025-06-18 20:37:26,REAL,2664455381,480,2664455861,2664455861
2025-06-18 20:37:28,REAL,2664455861,482,2664456343,2664456343
2025-06-18 20:37:30,REAL,2664456343,488,2664456831,2664456831
2025-06-18 20:37:32,REAL,2664456831,483,2664457314,2664457314
2025-06-18 20:37:34,REAL,2664457314,535,2664457849,2664457849
2025-06-18 20:37:36,REAL,2664457849,494,2664458343,2664458343
2025-06-18 20:37:38,REAL,2664458343,487,2664458830,2664458830
2025-06-18 20:37:40,REAL,2664458830,489,2664459319,2664459319
2025-06-18 20:37:42,REAL,2664459319,490,2664459809,2664459809
2025-06-18 20:37:44,REAL,2664459809,488,2664460297,2664460297
2025-06-18 20:37:46,REAL,2664460297,488,2664460785,2664460785
2025-06-18 20:37:48,REAL,2664460785,484,2664461269,2664461269
2025-06-18 20:37:50,REAL,2664461269,489,2664461758,2664461758
2025-06-18 20:37:52,REAL,2664461758,490,2664462248,2664462248
2025-06-18 20:37:54,REAL,2664462248,534,2664462782,2664462782
2025-06-18 20:37:56,REAL,2664462782,484,2664463266,2664463266
2025-06-18 20:37:58,REAL,2664463266,479,2664463745,2664463745
2025-06-18 20:38:00,REAL,2664463745,482,2664464227,2664464227
2025-06-18 20:38:02,REAL,2664464227,483,2664464710,2664464710
2025-06-18 20:38:04,REAL,2664464710,489,2664465199,2664465199
2025-06-18 20:38:06,REAL,2664465199,485,2664465684,2664465684
2025-06-18 20:38:08,REAL,2664465684,485,2664466169,2664466169
2025-06-18 20:38:10,REAL,2664466169,486,2664466655,2664466655
2025-06-18 20:38:12,REAL,2664466655,7957,2664474612,2664474612
2025-06-18 20:38:14,REAL,2664474612,12303,2664486915,2664486915
2025-06-18 20:38:16,REAL,2664486915,10256,2664497171,2664497171
2025-06-18 20:38:18,REAL,2664497171,10320,2664507491,2664507491
2025-06-18 20:38:20,REAL,2664507491,10242,2664517733,2664517733
2025-06-18 20:38:22,REAL,2664517733,10257,2664527990,2664527990
2025-06-18 20:38:24,REAL,2664527990,10259,2664538249,2664538249
2025-06-18 20:38:26,REAL,2664538249,9463,2664547712,2664547712
2025-06-18 20:38:28,REAL,2664547712,474,2664548186,2664548186
2025-06-18 20:38:30,REAL,2664548186,490,2664548676,2664548676
2025-06-18 20:38:32,REAL,2664548676,535,2664549211,2664549211
2025-06-18 20:38:34,REAL,2664549211,488,2664549699,2664549699
2025-06-18 20:38:36,REAL,2664549699,485,2664550184,2664550184
2025-06-18 20:38:38,REAL,2664550184,483,2664550667,2664550667
2025-06-18 20:38:40,REAL,2664550667,476,2664551143,2664551143
2025-06-18 20:38:42,REAL,2664551143,484,2664551627,2664551627
2025-06-18 20:38:44,REAL,2664551627,7749,2664559376,2664559376
2025-06-18 20:38:46,REAL,2664559376,10650,2664570026,2664570026
2025-06-18 20:38:48,REAL,2664570026,10253,2664580279,2664580279
2025-06-18 20:38:50,REAL,2664580279,10252,2664590531,2664590531
2025-06-18 20:38:52,REAL,2664590531,10324,2664600855,2664600855
2025-06-18 20:38:54,REAL,2664600855,10257,2664611112,2664611112
2025-06-18 20:38:56,REAL,2664611112,10246,2664621358,2664621358
2025-06-18 20:38:58,REAL,2664621358,8869,2664630227,2664630227
2025-06-18 20:39:00,REAL,2664630227,483,2664630710,2664630710
2025-06-18 20:39:02,REAL,2664630710,477,2664631187,2664631187
2025-06-18 20:39:04,REAL,2664631187,476,2664631663,2664631663
2025-06-18 20:39:06,REAL,2664631663,485,2664632148,2664632148
2025-06-18 20:39:08,REAL,2664632148,489,2664632637,2664632637
2025-06-18 20:39:10,REAL,2664632637,479,2664633116,2664633116
2025-06-18 20:39:12,REAL,2664633116,538,2664633654,2664633654
2025-06-18 20:39:14,REAL,2664633654,487,2664634141,2664634141
2025-06-18 20:39:16,REAL,2664634141,483,2664634624,2664634624
2025-06-18 20:39:18,REAL,2664634624,484,2664635108,2664635108
2025-06-18 20:39:20,REAL,2664635108,486,2664635594,2664635594
2025-06-18 20:39:22,REAL,2664635594,478,2664636072,2664636072
2025-06-18 20:39:24,REAL,2664636072,479,2664636551,2664636551
2025-06-18 20:39:26,REAL,2664636551,477,2664637028,2664637028
2025-06-18 20:39:28,REAL,2664637028,485,2664637513,2664637513
2025-06-18 20:39:30,REAL,2664637513,481,2664637994,2664637994
2025-06-18 20:39:32,REAL,2664637994,545,2664638539,2664638539
2025-06-18 20:39:34,REAL,2664638539,486,2664639025,2664639025
2025-06-18 20:39:36,REAL,2664639025,488,2664639513,2664639513
2025-06-18 20:39:38,REAL,2664639513,493,2664640006,2664640006
2025-06-18 20:39:40,REAL,2664640006,485,2664640491,2664640491
2025-06-18 20:39:42,REAL,2664640491,487,2664640978,2664640978
2025-06-18 20:39:44,REAL,2664640978,480,2664641458,2664641458
2025-06-18 20:39:46,REAL,2664641458,483,2664641941,2664641941
2025-06-18 20:39:48,REAL,2664641941,488,2664642429,2664642429
2025-06-18 20:39:50,REAL,2664642429,538,2664642967,2664642967
2025-06-18 20:39:52,REAL,2664642967,484,2664643451,2664643451
2025-06-18 20:39:54,REAL,2664643451,483,2664643934,2664643934
2025-06-18 20:39:56,REAL,2664643934,483,2664644417,2664644417
2025-06-18 20:39:58,REAL,2664644417,492,2664644909,2664644909
2025-06-18 20:40:00,REAL,2664644909,482,2664645391,2664645391
2025-06-18 20:40:02,REAL,2664645391,483,2664645874,2664645874
2025-06-18 20:40:04,REAL,2664645874,484,2664646358,2664646358
2025-06-18 20:40:06,REAL,2664646358,485,2664646843,2664646843
2025-06-18 20:40:08,REAL,2664646843,484,2664647327,2664647327
2025-06-18 20:40:10,REAL,2664647327,483,2664647810,2664647810
2025-06-18 20:40:12,REAL,2664647810,484,2664648294,2664648294
2025-06-18 20:40:14,REAL,2664648294,491,2664648785,2664648785
2025-06-18 20:40:16,REAL,2664648785,487,2664649272,2664649272
2025-06-18 20:40:18,REAL,2664649272,485,2664649757,2664649757
2025-06-18 20:40:20,REAL,2664649757,482,2664650239,2664650239
2025-06-18 20:40:22,REAL,2664650239,536,2664650775,2664650775
2025-06-18 20:40:24,REAL,2664650775,492,2664651267,2664651267
2025-06-18 20:40:26,REAL,2664651267,484,2664651751,2664651751
2025-06-18 20:40:28,REAL,2664651751,484,2664652235,2664652235
2025-06-18 20:40:30,REAL,2664652235,550,2664652785,2664652785
2025-06-18 20:40:32,REAL,2664652785,490,2664653275,2664653275
2025-06-18 20:40:34,REAL,2664653275,486,2664653761,2664653761
2025-06-18 20:40:36,REAL,2664653761,493,2664654254,2664654254
2025-06-18 20:40:38,REAL,2664654254,478,2664654732,2664654732
2025-06-18 20:40:40,REAL,2664654732,490,2664655222,2664655222
2025-06-18 20:40:42,REAL,2664655222,478,2664655700,2664655700
2025-06-18 20:40:44,REAL,2664655700,477,2664656177,2664656177
2025-06-18 20:40:46,REAL,2664656177,483,2664656660,2664656660
2025-06-18 20:40:48,REAL,2664656660,487,2664657147,2664657147
2025-06-18 20:40:50,REAL,2664657147,484,2664657631,2664657631
2025-06-18 20:40:52,REAL,2664657631,483,2664658114,2664658114
2025-06-18 20:40:54,REAL,2664658114,476,2664658590,2664658590
2025-06-18 20:40:56,REAL,2664658590,484,2664659074,2664659074
2025-06-18 20:40:58,REAL,2664659074,482,2664659556,2664659556
2025-06-18 20:41:00,REAL,2664659556,482,2664660038,2664660038
2025-06-18 20:41:02,REAL,2664660038,479,2664660517,2664660517
2025-06-18 20:41:04,REAL,2664660517,483,2664661000,2664661000
2025-06-18 20:41:06,REAL,2664661000,487,2664661487,2664661487
2025-06-18 20:41:08,REAL,2664661487,539,2664662026,2664662026
2025-06-18 20:41:10,REAL,2664662026,479,2664662505,2664662505
2025-06-18 20:41:12,REAL,2664662505,535,2664663040,2664663040
2025-06-18 20:41:14,REAL,2664663040,486,2664663526,2664663526
2025-06-18 20:41:16,REAL,2664663526,490,2664664016,2664664016
2025-06-18 20:41:18,REAL,2664664016,488,2664664504,2664664504
2025-06-18 20:41:20,REAL,2664664504,476,2664664980,2664664980
2025-06-18 20:41:22,REAL,2664664980,481,2664665461,2664665461
2025-06-18 20:41:24,REAL,2664665461,484,2664665945,2664665945
2025-06-18 20:41:26,REAL,2664665945,490,2664666435,2664666435
2025-06-18 20:41:28,REAL,2664666435,485,2664666920,2664666920
2025-06-18 20:41:30,REAL,2664666920,485,2664667405,2664667405
2025-06-18 20:41:32,REAL,2664667405,479,2664667884,2664667884
2025-06-18 20:41:34,REAL,2664667884,483,2664668367,2664668367
2025-06-18 20:41:36,REAL,2664668367,494,2664668861,2664668861
2025-06-18 20:41:38,REAL,2664668861,482,2664669343,2664669343
2025-06-18 20:41:40,REAL,2664669343,485,2664669828,2664669828
2025-06-18 20:41:42,REAL,2664669828,480,2664670308,2664670308
2025-06-18 20:41:44,REAL,2664670308,6428,2664676736,2664676736
2025-06-18 20:41:46,REAL,2664676736,10917,2664687653,2664687653
2025-06-18 20:41:48,REAL,2664687653,10304,2664697957,2664697957
2025-06-18 20:41:50,REAL,2664697957,10315,2664708272,2664708272
2025-06-18 20:41:52,REAL,2664708272,10249,2664718521,2664718521
2025-06-18 20:41:54,REAL,2664718521,10252,2664728773,2664728773
2025-06-18 20:41:56,REAL,2664728773,10324,2664739097,2664739097
2025-06-18 20:41:58,REAL,2664739097,10316,2664749413,2664749413
2025-06-18 20:42:00,REAL,2664749413,618,2664750031,2664750031
2025-06-18 20:42:02,REAL,2664750031,477,2664750508,2664750508
2025-06-18 20:42:04,REAL,2664750508,483,2664750991,2664750991
2025-06-18 20:42:06,REAL,2664750991,493,2664751484,2664751484
2025-06-18 20:42:08,REAL,2664751484,492,2664751976,2664751976
2025-06-18 20:42:10,REAL,2664751976,490,2664752466,2664752466
2025-06-18 20:42:12,REAL,2664752466,483,2664752949,2664752949
2025-06-18 20:42:14,REAL,2664752949,479,2664753428,2664753428
2025-06-18 20:42:16,REAL,2664753428,487,2664753915,2664753915
2025-06-18 20:42:18,REAL,2664753915,477,2664754392,2664754392
2025-06-18 20:42:20,REAL,2664754392,487,2664754879,2664754879
2025-06-18 20:42:22,REAL,2664754879,489,2664755368,2664755368
2025-06-18 20:42:24,REAL,2664755368,482,2664755850,2664755850
2025-06-18 20:42:26,REAL,2664755850,477,2664756327,2664756327
2025-06-18 20:42:28,REAL,2664756327,540,2664756867,2664756867
2025-06-18 20:42:30,REAL,2664756867,485,2664757352,2664757352
2025-06-18 20:42:32,REAL,2664757352,481,2664757833,2664757833
2025-06-18 20:42:34,REAL,2664757833,535,2664758368,2664758368
2025-06-18 20:42:36,REAL,2664758368,478,2664758846,2664758846
2025-06-18 20:42:38,REAL,2664758846,490,2664759336,2664759336
2025-06-18 20:42:40,REAL,2664759336,485,2664759821,2664759821
2025-06-18 20:42:42,REAL,2664759821,479,2664760300,2664760300
2025-06-18 20:42:44,REAL,2664760300,478,2664760778,2664760778
2025-06-18 20:42:46,REAL,2664760778,483,2664761261,2664761261
2025-06-18 20:42:48,REAL,2664761261,478,2664761739,2664761739
2025-06-18 20:42:50,REAL,2664761739,484,2664762223,2664762223
2025-06-18 20:42:52,REAL,2664762223,484,2664762707,2664762707
2025-06-18 20:42:54,REAL,2664762707,490,2664763197,2664763197
2025-06-18 20:42:56,REAL,2664763197,485,2664763682,2664763682
2025-06-18 20:42:58,REAL,2664763682,482,2664764164,2664764164
2025-06-18 20:43:00,REAL,2664764164,486,2664764650,2664764650
2025-06-18 20:43:02,REAL,2664764650,487,2664765137,2664765137
2025-06-18 20:43:04,REAL,2664765137,483,2664765620,2664765620
2025-06-18 20:43:06,REAL,2664765620,477,2664766097,2664766097
2025-06-18 20:43:08,REAL,2664766097,2271,2664768368,2664768368
2025-06-18 20:43:10,REAL,2664768368,11701,2664780069,2664780069
2025-06-18 20:43:12,REAL,2664780069,10250,2664790319,2664790319
2025-06-18 20:43:14,REAL,2664790319,10327,2664800646,2664800646
2025-06-18 20:43:16,REAL,2664800646,10310,2664810956,2664810956
2025-06-18 20:43:18,REAL,2664810956,10262,2664821218,2664821218
2025-06-18 20:43:20,REAL,2664821218,10244,2664831462,2664831462
2025-06-18 20:43:22,REAL,2664831462,10312,2664841774,2664841774
2025-06-18 20:43:24,REAL,2664841774,3917,2664845691,2664845691
2025-06-18 20:43:26,REAL,2664845691,482,2664846173,2664846173
2025-06-18 20:43:28,REAL,2664846173,487,2664846660,2664846660
2025-06-18 20:43:30,REAL,2664846660,478,2664847138,2664847138
2025-06-18 20:43:32,REAL,2664847138,487,2664847625,2664847625
2025-06-18 20:43:34,REAL,2664847625,489,2664848114,2664848114
2025-06-18 20:43:36,REAL,2664848114,490,2664848604,2664848604
2025-06-18 20:43:38,REAL,2664848604,489,2664849093,2664849093
2025-06-18 20:43:40,REAL,2664849093,487,2664849580,2664849580
2025-06-18 20:43:42,REAL,2664849580,486,2664850066,2664850066
2025-06-18 20:43:44,REAL,2664850066,488,2664850554,2664850554
2025-06-18 20:43:46,REAL,2664850554,486,2664851040,2664851040
2025-06-18 20:43:48,REAL,2664851040,537,2664851577,2664851577
2025-06-18 20:43:50,REAL,2664851577,481,2664852058,2664852058
2025-06-18 20:43:52,REAL,2664852058,476,2664852534,2664852534
2025-06-18 20:43:54,REAL,2664852534,476,2664853010,2664853010
2025-06-18 20:43:56,REAL,2664853010,489,2664853499,2664853499
2025-06-18 20:43:58,REAL,2664853499,488,2664853987,2664853987
2025-06-18 20:44:00,REAL,2664853987,478,2664854465,2664854465
2025-06-18 20:44:02,REAL,2664854465,484,2664854949,2664854949
2025-06-18 20:44:04,REAL,2664854949,475,2664855424,2664855424
2025-06-18 20:44:06,REAL,2664855424,482,2664855906,2664855906
2025-06-18 20:44:08,REAL,2664855906,544,2664856450,2664856450
2025-06-18 20:44:10,REAL,2664856450,485,2664856935,2664856935
2025-06-18 20:44:12,REAL,2664856935,486,2664857421,2664857421
2025-06-18 20:44:14,REAL,2664857421,483,2664857904,2664857904
2025-06-18 20:44:16,REAL,2664857904,487,2664858391,2664858391
2025-06-18 20:44:18,REAL,2664858391,484,2664858875,2664858875
2025-06-18 20:44:20,REAL,2664858875,485,2664859360,2664859360
2025-06-18 20:44:22,REAL,2664859360,487,2664859847,2664859847
2025-06-18 20:44:24,REAL,2664859847,476,2664860323,2664860323
2025-06-18 20:44:26,REAL,2664860323,542,2664860865,2664860865
2025-06-18 20:44:28,REAL,2664860865,3858,2664864723,2664864723
2025-06-18 20:44:30,REAL,2664864723,14742,2664879465,2664879465
2025-06-18 20:44:32,REAL,2664879465,10258,2664889723,2664889723
2025-06-18 20:44:34,REAL,2664889723,10322,2664900045,2664900045
2025-06-18 20:44:36,REAL,2664900045,10247,2664910292,2664910292
2025-06-18 20:44:38,REAL,2664910292,10246,2664920538,2664920538
2025-06-18 20:44:40,REAL,2664920538,10253,2664930791,2664930791
2025-06-18 20:44:42,REAL,2664930791,10320,2664941111,2664941111
2025-06-18 20:44:44,REAL,2664941111,2392,2664943503,2664943503
2025-06-18 20:44:46,REAL,2664943503,489,2664943992,2664943992
2025-06-18 20:44:48,REAL,2664943992,480,2664944472,2664944472
2025-06-18 20:44:50,REAL,2664944472,486,2664944958,2664944958
2025-06-18 20:44:52,REAL,2664944958,489,2664945447,2664945447
2025-06-18 20:44:54,REAL,2664945447,478,2664945925,2664945925
2025-06-18 20:44:56,REAL,2664945925,480,2664946405,2664946405
2025-06-18 20:44:58,REAL,2664946405,540,2664946945,2664946945
2025-06-18 20:45:00,REAL,2664946945,483,2664947428,2664947428
2025-06-18 20:45:02,REAL,2664947428,484,2664947912,2664947912
2025-06-18 20:45:04,REAL,2664947912,481,2664948393,2664948393
2025-06-18 20:45:06,REAL,2664948393,545,2664948938,2664948938
2025-06-18 20:45:08,REAL,2664948938,483,2664949421,2664949421
2025-06-18 20:45:10,REAL,2664949421,482,2664949903,2664949903
2025-06-18 20:45:12,REAL,2664949903,488,2664950391,2664950391
2025-06-18 20:45:14,REAL,2664950391,482,2664950873,2664950873
2025-06-18 20:45:16,REAL,2664950873,486,2664951359,2664951359
2025-06-18 20:45:18,REAL,2664951359,481,2664951840,2664951840
2025-06-18 20:45:20,REAL,2664951840,484,2664952324,2664952324
2025-06-18 20:45:22,REAL,2664952324,479,2664952803,2664952803
2025-06-18 20:45:24,REAL,2664952803,484,2664953287,2664953287
2025-06-18 20:45:26,REAL,2664953287,483,2664953770,2664953770
2025-06-18 20:45:28,REAL,2664953770,484,2664954254,2664954254
2025-06-18 20:45:30,REAL,2664954254,481,2664954735,2664954735
2025-06-18 20:45:32,REAL,2664954735,5304,2664960039,2664960039
2025-06-18 20:45:34,REAL,2664960039,11443,2664971482,2664971482
2025-06-18 20:45:36,REAL,2664971482,10250,2664981732,2664981732
2025-06-18 20:45:38,REAL,2664981732,10079,2664991811,2664991811
2025-06-18 20:45:40,REAL,2664991811,10251,2665002062,2665002062
2025-06-18 20:45:42,REAL,2665002062,10257,2665012319,2665012319
2025-06-18 20:45:44,REAL,2665012319,10256,2665022575,2665022575
2025-06-18 20:45:46,REAL,2665022575,10244,2665032819,2665032819
2025-06-18 20:45:48,REAL,2665032819,1142,2665033961,2665033961
2025-06-18 20:45:50,REAL,2665033961,543,2665034504,2665034504
2025-06-18 20:45:52,REAL,2665034504,486,2665034990,2665034990
2025-06-18 20:45:54,REAL,2665034990,479,2665035469,2665035469
2025-06-18 20:45:56,REAL,2665035469,477,2665035946,2665035946
2025-06-18 20:45:58,REAL,2665035946,485,2665036431,2665036431
2025-06-18 20:46:00,REAL,2665036431,483,2665036914,2665036914
2025-06-18 20:46:02,REAL,2665036914,480,2665037394,2665037394
2025-06-18 20:46:04,REAL,2665037394,484,2665037878,2665037878
2025-06-18 20:46:06,REAL,2665037878,484,2665038362,2665038362
2025-06-18 20:46:08,REAL,2665038362,492,2665038854,2665038854
2025-06-18 20:46:10,REAL,2665038854,541,2665039395,2665039395
2025-06-18 20:46:12,REAL,2665039395,478,2665039873,2665039873
2025-06-18 20:46:14,REAL,2665039873,486,2665040359,2665040359
2025-06-18 20:46:16,REAL,2665040359,488,2665040847,2665040847
2025-06-18 20:46:18,REAL,2665040847,487,2665041334,2665041334
2025-06-18 20:46:20,REAL,2665041334,488,2665041822,2665041822
2025-06-18 20:46:22,REAL,2665041822,480,2665042302,2665042302
2025-06-18 20:46:24,REAL,2665042302,487,2665042789,2665042789
2025-06-18 20:46:26,REAL,2665042789,729,2665043518,2665043518
2025-06-18 20:46:28,REAL,2665043518,246,2665043764,2665043764
2025-06-18 20:46:30,REAL,2665043764,494,2665044258,2665044258
2025-06-18 20:46:32,REAL,2665044258,486,2665044744,2665044744
2025-06-18 20:46:34,REAL,2665044744,487,2665045231,2665045231
2025-06-18 20:46:36,REAL,2665045231,485,2665045716,2665045716
2025-06-18 20:46:38,REAL,2665045716,480,2665046196,2665046196
2025-06-18 20:46:40,REAL,2665046196,535,2665046731,2665046731
2025-06-18 20:46:42,REAL,2665046731,479,2665047210,2665047210
2025-06-18 20:46:44,REAL,2665047210,478,2665047688,2665047688
2025-06-18 20:46:46,REAL,2665047688,486,2665048174,2665048174
2025-06-18 20:46:48,REAL,2665048174,486,2665048660,2665048660
2025-06-18 20:46:50,REAL,2665048660,547,2665049207,2665049207
2025-06-18 20:46:52,REAL,2665049207,481,2665049688,2665049688
2025-06-18 20:46:54,REAL,2665049688,480,2665050168,2665050168
2025-06-18 20:46:56,REAL,2665050168,480,2665050648,2665050648
2025-06-18 20:46:58,REAL,2665050648,483,2665051131,2665051131
2025-06-18 20:47:00,REAL,2665051131,494,2665051625,2665051625
2025-06-18 20:47:02,REAL,2665051625,489,2665052114,2665052114
2025-06-18 20:47:04,REAL,2665052114,480,2665052594,2665052594
2025-06-18 20:47:06,REAL,2665052594,483,2665053077,2665053077
2025-06-18 20:47:08,REAL,2665053077,483,2665053560,2665053560
2025-06-18 20:47:10,REAL,2665053560,481,2665054041,2665054041
2025-06-18 20:47:12,REAL,2665054041,1880,2665055921,2665055921
2025-06-18 20:47:14,REAL,2665055921,12102,2665068023,2665068023
2025-06-18 20:47:16,REAL,2665068023,10254,2665078277,2665078277
2025-06-18 20:47:18,REAL,2665078277,10249,2665088526,2665088526
2025-06-18 20:47:20,REAL,2665088526,10325,2665098851,2665098851
2025-06-18 20:47:22,REAL,2665098851,10249,2665109100,2665109100
2025-06-18 20:47:24,REAL,2665109100,10255,2665119355,2665119355
2025-06-18 20:47:26,REAL,2665119355,10324,2665129679,2665129679
2025-06-18 20:47:28,REAL,2665129679,4054,2665133733,2665133733
2025-06-18 20:47:30,REAL,2665133733,488,2665134221,2665134221
2025-06-18 20:47:32,REAL,2665134221,533,2665134754,2665134754
2025-06-18 20:47:34,REAL,2665134754,480,2665135234,2665135234
2025-06-18 20:47:36,REAL,2665135234,482,2665135716,2665135716
2025-06-18 20:47:38,REAL,2665135716,483,2665136199,2665136199
2025-06-18 20:47:40,REAL,2665136199,476,2665136675,2665136675
2025-06-18 20:47:42,REAL,2665136675,489,2665137164,2665137164
2025-06-18 20:47:44,REAL,2665137164,487,2665137651,2665137651
2025-06-18 20:47:46,REAL,2665137651,489,2665138140,2665138140
2025-06-18 20:47:48,REAL,2665138140,477,2665138617,2665138617
2025-06-18 20:47:50,REAL,2665138617,538,2665139155,2665139155
2025-06-18 20:47:52,REAL,2665139155,486,2665139641,2665139641
2025-06-18 20:47:54,REAL,2665139641,477,2665140118,2665140118
2025-06-18 20:47:56,REAL,2665140118,478,2665140596,2665140596
2025-06-18 20:47:58,REAL,2665140596,488,2665141084,2665141084
2025-06-18 20:48:00,REAL,2665141084,479,2665141563,2665141563
2025-06-18 20:48:02,REAL,2665141563,488,2665142051,2665142051
2025-06-18 20:48:04,REAL,2665142051,488,2665142539,2665142539
2025-06-18 20:48:06,REAL,2665142539,487,2665143026,2665143026
2025-06-18 20:48:08,REAL,2665143026,484,2665143510,2665143510
2025-06-18 20:48:10,REAL,2665143510,481,2665143991,2665143991
2025-06-18 20:48:12,REAL,2665143991,489,2665144480,2665144480
2025-06-18 20:48:14,REAL,2665144480,492,2665144972,2665144972
2025-06-18 20:48:16,REAL,2665144972,489,2665145461,2665145461
2025-06-18 20:48:18,REAL,2665145461,533,2665145994,2665145994
2025-06-18 20:48:20,REAL,2665145994,482,2665146476,2665146476
2025-06-18 20:48:22,REAL,2665146476,483,2665146959,2665146959
2025-06-18 20:48:24,REAL,2665146959,538,2665147497,2665147497
2025-06-18 20:48:26,REAL,2665147497,484,2665147981,2665147981
2025-06-18 20:48:28,REAL,2665147981,483,2665148464,2665148464
2025-06-18 20:48:30,REAL,2665148464,485,2665148949,2665148949
2025-06-18 20:48:32,REAL,2665148949,3526,2665152475,2665152475
2025-06-18 20:48:34,REAL,2665152475,14015,2665166490,2665166490
2025-06-18 20:48:36,REAL,2665166490,10322,2665176812,2665176812
2025-06-18 20:48:38,REAL,2665176812,10252,2665187064,2665187064
2025-06-18 20:48:40,REAL,2665187064,10246,2665197310,2665197310
2025-06-18 20:48:42,REAL,2665197310,10316,2665207626,2665207626
2025-06-18 20:48:44,REAL,2665207626,10249,2665217875,2665217875
2025-06-18 20:48:46,REAL,2665217875,10244,2665228119,2665228119
2025-06-18 20:48:48,REAL,2665228119,2530,2665230649,2665230649
2025-06-18 20:48:50,REAL,2665230649,481,2665231130,2665231130
2025-06-18 20:48:52,REAL,2665231130,486,2665231616,2665231616
2025-06-18 20:48:54,REAL,2665231616,490,2665232106,2665232106
2025-06-18 20:48:56,REAL,2665232106,490,2665232596,2665232596
2025-06-18 20:48:58,REAL,2665232596,487,2665233083,2665233083
2025-06-18 20:49:00,REAL,2665233083,478,2665233561,2665233561
2025-06-18 20:49:02,REAL,2665233561,479,2665234040,2665234040
2025-06-18 20:49:04,REAL,2665234040,4716,2665238756,2665238756
2025-06-18 20:49:06,REAL,2665238756,12236,2665250992,2665250992
2025-06-18 20:49:08,REAL,2665250992,10249,2665261241,2665261241
2025-06-18 20:49:10,REAL,2665261241,10251,2665271492,2665271492
2025-06-18 20:49:12,REAL,2665271492,10321,2665281813,2665281813
2025-06-18 20:49:14,REAL,2665281813,10249,2665292062,2665292062
2025-06-18 20:49:16,REAL,2665292062,10258,2665302320,2665302320
2025-06-18 20:49:18,REAL,2665302320,10250,2665312570,2665312570
2025-06-18 20:49:20,REAL,2665312570,1938,2665314508,2665314508
2025-06-18 20:49:22,REAL,2665314508,486,2665314994,2665314994
2025-06-18 20:49:24,REAL,2665314994,481,2665315475,2665315475
2025-06-18 20:49:26,REAL,2665315475,482,2665315957,2665315957
2025-06-18 20:49:28,REAL,2665315957,490,2665316447,2665316447
2025-06-18 20:49:30,REAL,2665316447,477,2665316924,2665316924
2025-06-18 20:49:32,REAL,2665316924,480,2665317404,2665317404
2025-06-18 20:49:34,REAL,2665317404,485,2665317889,2665317889
2025-06-18 20:49:36,REAL,2665317889,5566,2665323455,2665323455
2025-06-18 20:49:38,REAL,2665323455,11505,2665334960,2665334960
2025-06-18 20:49:40,REAL,2665334960,10314,2665345274,2665345274
2025-06-18 20:49:42,REAL,2665345274,10250,2665355524,2665355524
2025-06-18 20:49:44,REAL,2665355524,10311,2665365835,2665365835
2025-06-18 20:49:46,REAL,2665365835,10248,2665376083,2665376083
2025-06-18 20:49:48,REAL,2665376083,10249,2665386332,2665386332
2025-06-18 20:49:50,REAL,2665386332,10321,2665396653,2665396653
2025-06-18 20:49:52,REAL,2665396653,1262,2665397915,2665397915
2025-06-18 20:49:54,REAL,2665397915,481,2665398396,2665398396
2025-06-18 20:49:56,REAL,2665398396,483,2665398879,2665398879
2025-06-18 20:49:58,REAL,2665398879,476,2665399355,2665399355
2025-06-18 20:50:00,REAL,2665399355,488,2665399843,2665399843
2025-06-18 20:50:02,REAL,2665399843,487,2665400330,2665400330
2025-06-18 20:50:04,REAL,2665400330,483,2665400813,2665400813
2025-06-18 20:50:06,REAL,2665400813,485,2665401298,2665401298
2025-06-18 20:50:08,REAL,2665401298,5963,2665407261,2665407261
2025-06-18 20:50:10,REAL,2665407261,10782,2665418043,2665418043
2025-06-18 20:50:12,REAL,2665418043,10247,2665428290,2665428290
2025-06-18 20:50:14,REAL,2665428290,10247,2665438537,2665438537
2025-06-18 20:50:16,REAL,2665438537,10310,2665448847,2665448847
2025-06-18 20:50:18,REAL,2665448847,10249,2665459096,2665459096
2025-06-18 20:50:20,REAL,2665459096,10251,2665469347,2665469347
2025-06-18 20:50:22,REAL,2665469347,10322,2665479669,2665479669
2025-06-18 20:50:24,REAL,2665479669,610,2665480279,2665480279
2025-06-18 20:50:26,REAL,2665480279,490,2665480769,2665480769
2025-06-18 20:50:28,REAL,2665480769,481,2665481250,2665481250
2025-06-18 20:50:30,REAL,2665481250,480,2665481730,2665481730
2025-06-18 20:50:32,REAL,2665481730,480,2665482210,2665482210
2025-06-18 20:50:34,REAL,2665482210,486,2665482696,2665482696
2025-06-18 20:50:36,REAL,2665482696,486,2665483182,2665483182
2025-06-18 20:50:38,REAL,2665483182,491,2665483673,2665483673
2025-06-18 20:50:40,REAL,2665483673,533,2665484206,2665484206
2025-06-18 20:50:42,REAL,2665484206,540,2665484746,2665484746
2025-06-18 20:50:44,REAL,2665484746,489,2665485235,2665485235
2025-06-18 20:50:46,REAL,2665485235,487,2665485722,2665485722
2025-06-18 20:50:48,REAL,2665485722,481,2665486203,2665486203
2025-06-18 20:50:50,REAL,2665486203,493,2665486696,2665486696
2025-06-18 20:50:52,REAL,2665486696,483,2665487179,2665487179
2025-06-18 20:50:54,REAL,2665487179,482,2665487661,2665487661
2025-06-18 20:50:56,REAL,2665487661,482,2665488143,2665488143
2025-06-18 20:50:58,REAL,2665488143,489,2665488632,2665488632
2025-06-18 20:51:00,REAL,2665488632,488,2665489120,2665489120
2025-06-18 20:51:02,REAL,2665489120,482,2665489602,2665489602
2025-06-18 20:51:04,REAL,2665489602,488,2665490090,2665490090
2025-06-18 20:51:06,REAL,2665490090,490,2665490580,2665490580
2025-06-18 20:51:08,REAL,2665490580,484,2665491064,2665491064
2025-06-18 20:51:10,REAL,2665491064,487,2665491551,2665491551
2025-06-18 20:51:12,REAL,2665491551,481,2665492032,2665492032
2025-06-18 20:51:14,REAL,2665492032,488,2665492520,2665492520
2025-06-18 20:51:16,REAL,2665492520,486,2665493006,2665493006
2025-06-18 20:51:18,REAL,2665493006,544,2665493550,2665493550
2025-06-18 20:51:20,REAL,2665493550,485,2665494035,2665494035
2025-06-18 20:51:22,REAL,2665494035,486,2665494521,2665494521
2025-06-18 20:51:24,REAL,2665494521,480,2665495001,2665495001
2025-06-18 20:51:26,REAL,2665495001,539,2665495540,2665495540
2025-06-18 20:51:28,REAL,2665495540,486,2665496026,2665496026
2025-06-18 20:51:30,REAL,2665496026,490,2665496516,2665496516
2025-06-18 20:51:32,REAL,2665496516,485,2665497001,2665497001
2025-06-18 20:51:34,REAL,2665497001,483,2665497484,2665497484
2025-06-18 20:51:36,REAL,2665497484,492,2665497976,2665497976
2025-06-18 20:51:38,REAL,2665497976,479,2665498455,2665498455
2025-06-18 20:51:40,REAL,2665498455,479,2665498934,2665498934
2025-06-18 20:51:42,REAL,2665498934,480,2665499414,2665499414
2025-06-18 20:51:44,REAL,2665499414,492,2665499906,2665499906
2025-06-18 20:51:46,REAL,2665499906,484,2665500390,2665500390
2025-06-18 20:51:48,REAL,2665500390,485,2665500875,2665500875
2025-06-18 20:51:50,REAL,2665500875,477,2665501352,2665501352
2025-06-18 20:51:52,REAL,2665501352,538,2665501890,2665501890
2025-06-18 20:51:54,REAL,2665501890,490,2665502380,2665502380
2025-06-18 20:51:56,REAL,2665502380,482,2665502862,2665502862
2025-06-18 20:51:58,REAL,2665502862,483,2665503345,2665503345
2025-06-18 20:52:00,REAL,2665503345,484,2665503829,2665503829
2025-06-18 20:52:02,REAL,2665503829,478,2665504307,2665504307
2025-06-18 20:52:04,REAL,2665504307,482,2665504789,2665504789
2025-06-18 20:52:06,REAL,2665504789,481,2665505270,2665505270
2025-06-18 20:52:08,REAL,2665505270,481,2665505751,2665505751
2025-06-18 20:52:10,REAL,2665505751,8348,2665514099,2665514099
2025-06-18 20:52:12,REAL,2665514099,10972,2665525071,2665525071
2025-06-18 20:52:14,REAL,2665525071,10299,2665535370,2665535370
2025-06-18 20:52:16,REAL,2665535370,10324,2665545694,2665545694
2025-06-18 20:52:18,REAL,2665545694,10262,2665555956,2665555956
2025-06-18 20:52:20,REAL,2665555956,10249,2665566205,2665566205
2025-06-18 20:52:22,REAL,2665566205,10309,2665576514,2665576514
2025-06-18 20:52:24,REAL,2665576514,8140,2665584654,2665584654
2025-06-18 20:52:26,REAL,2665584654,486,2665585140,2665585140
2025-06-18 20:52:28,REAL,2665585140,494,2665585634,2665585634
2025-06-18 20:52:30,REAL,2665585634,482,2665586116,2665586116
2025-06-18 20:52:32,REAL,2665586116,484,2665586600,2665586600
2025-06-18 20:52:34,REAL,2665586600,489,2665587089,2665587089
2025-06-18 20:52:36,REAL,2665587089,489,2665587578,2665587578
2025-06-18 20:52:38,REAL,2665587578,478,2665588056,2665588056
2025-06-18 20:52:40,REAL,2665588056,484,2665588540,2665588540
2025-06-18 20:52:42,REAL,2665588540,543,2665589083,2665589083
2025-06-18 20:52:44,REAL,2665589083,478,2665589561,2665589561
2025-06-18 20:52:46,REAL,2665589561,476,2665590037,2665590037
2025-06-18 20:52:48,REAL,2665590037,485,2665590522,2665590522
2025-06-18 20:52:50,REAL,2665590522,478,2665591000,2665591000
2025-06-18 20:52:52,REAL,2665591000,483,2665591483,2665591483
2025-06-18 20:52:54,REAL,2665591483,486,2665591969,2665591969
2025-06-18 20:52:56,REAL,2665591969,492,2665592461,2665592461
2025-06-18 20:52:58,REAL,2665592461,491,2665592952,2665592952
2025-06-18 20:53:00,REAL,2665592952,485,2665593437,2665593437
2025-06-18 20:53:02,REAL,2665593437,548,2665593985,2665593985
2025-06-18 20:53:04,REAL,2665593985,478,2665594463,2665594463
2025-06-18 20:53:06,REAL,2665594463,488,2665594951,2665594951
2025-06-18 20:53:08,REAL,2665594951,484,2665595435,2665595435
2025-06-18 20:53:10,REAL,2665595435,482,2665595917,2665595917
2025-06-18 20:53:12,REAL,2665595917,482,2665596399,2665596399
2025-06-18 20:53:14,REAL,2665596399,481,2665596880,2665596880
2025-06-18 20:53:16,REAL,2665596880,481,2665597361,2665597361
2025-06-18 20:53:18,REAL,2665597361,5044,2665602405,2665602405
2025-06-18 20:53:20,REAL,2665602405,11108,2665613513,2665613513
2025-06-18 20:53:22,REAL,2665613513,10258,2665623771,2665623771
2025-06-18 20:53:24,REAL,2665623771,10321,2665634092,2665634092
2025-06-18 20:53:26,REAL,2665634092,10254,2665644346,2665644346
2025-06-18 20:53:28,REAL,2665644346,10247,2665654593,2665654593
2025-06-18 20:53:30,REAL,2665654593,10257,2665664850,2665664850
2025-06-18 20:53:32,REAL,2665664850,10259,2665675109,2665675109
2025-06-18 20:53:34,REAL,2665675109,1995,2665677104,2665677104
2025-06-18 20:53:36,REAL,2665677104,486,2665677590,2665677590
2025-06-18 20:53:38,REAL,2665677590,490,2665678080,2665678080
2025-06-18 20:53:40,REAL,2665678080,484,2665678564,2665678564
2025-06-18 20:53:42,REAL,2665678564,486,2665679050,2665679050
2025-06-18 20:53:44,REAL,2665679050,482,2665679532,2665679532
2025-06-18 20:53:46,REAL,2665679532,480,2665680012,2665680012
2025-06-18 20:53:48,REAL,2665680012,488,2665680500,2665680500
2025-06-18 20:53:50,REAL,2665680500,482,2665680982,2665680982
2025-06-18 20:53:52,REAL,2665680982,537,2665681519,2665681519
2025-06-18 20:53:54,REAL,2665681519,489,2665682008,2665682008
2025-06-18 20:53:56,REAL,2665682008,480,2665682488,2665682488
2025-06-18 20:53:58,REAL,2665682488,490,2665682978,2665682978
2025-06-18 20:54:00,REAL,2665682978,483,2665683461,2665683461
2025-06-18 20:54:02,REAL,2665683461,537,2665683998,2665683998
2025-06-18 20:54:04,REAL,2665683998,474,2665684472,2665684472
2025-06-18 20:54:06,REAL,2665684472,489,2665684961,2665684961
2025-06-18 20:54:08,REAL,2665684961,480,2665685441,2665685441
2025-06-18 20:54:10,REAL,2665685441,493,2665685934,2665685934
2025-06-18 20:54:12,REAL,2665685934,15152,2665701086,2665701086
2025-06-18 20:54:14,REAL,2665701086,10245,2665711331,2665711331
2025-06-18 20:54:16,REAL,2665711331,10318,2665721649,2665721649
2025-06-18 20:54:18,REAL,2665721649,10258,2665731907,2665731907
2025-06-18 20:54:20,REAL,2665731907,10249,2665742156,2665742156
2025-06-18 20:54:22,REAL,2665742156,10317,2665752473,2665752473
2025-06-18 20:54:24,REAL,2665752473,10259,2665762732,2665762732
2025-06-18 20:54:26,REAL,2665762732,5897,2665768629,2665768629
2025-06-18 20:54:28,REAL,2665768629,474,2665769103,2665769103
2025-06-18 20:54:30,REAL,2665769103,484,2665769587,2665769587
2025-06-18 20:54:32,REAL,2665769587,477,2665770064,2665770064
2025-06-18 20:54:34,REAL,2665770064,483,2665770547,2665770547
2025-06-18 20:54:36,REAL,2665770547,477,2665771024,2665771024
2025-06-18 20:54:38,REAL,2665771024,484,2665771508,2665771508
2025-06-18 20:54:40,REAL,2665771508,477,2665771985,2665771985
2025-06-18 20:54:42,REAL,2665771985,490,2665772475,2665772475
2025-06-18 20:54:44,REAL,2665772475,11971,2665784446,2665784446
2025-06-18 20:54:46,REAL,2665784446,10252,2665794698,2665794698
2025-06-18 20:54:48,REAL,2665794698,10313,2665805011,2665805011
2025-06-18 20:54:50,REAL,2665805011,10261,2665815272,2665815272
2025-06-18 20:54:52,REAL,2665815272,10324,2665825596,2665825596
2025-06-18 20:54:54,REAL,2665825596,10254,2665835850,2665835850
2025-06-18 20:54:56,REAL,2665835850,10248,2665846098,2665846098
2025-06-18 20:54:58,REAL,2665846098,5304,2665851402,2665851402
2025-06-18 20:55:00,REAL,2665851402,479,2665851881,2665851881
2025-06-18 20:55:02,REAL,2665851881,485,2665852366,2665852366
2025-06-18 20:55:04,REAL,2665852366,480,2665852846,2665852846
2025-06-18 20:55:06,REAL,2665852846,481,2665853327,2665853327
2025-06-18 20:55:08,REAL,2665853327,481,2665853808,2665853808
2025-06-18 20:55:10,REAL,2665853808,489,2665854297,2665854297
2025-06-18 20:55:12,REAL,2665854297,493,2665854790,2665854790
2025-06-18 20:55:14,REAL,2665854790,1290,2665856080,2665856080
2025-06-18 20:55:16,REAL,2665856080,12225,2665868305,2665868305
2025-06-18 20:55:18,REAL,2665868305,10322,2665878627,2665878627
2025-06-18 20:55:20,REAL,2665878627,10255,2665888882,2665888882
2025-06-18 20:55:22,REAL,2665888882,10257,2665899139,2665899139
2025-06-18 20:55:24,REAL,2665899139,10253,2665909392,2665909392
2025-06-18 20:55:26,REAL,2665909392,10247,2665919639,2665919639
2025-06-18 20:55:28,REAL,2665919639,10318,2665929957,2665929957
2025-06-18 20:55:30,REAL,2665929957,4636,2665934593,2665934593
2025-06-18 20:55:32,REAL,2665934593,485,2665935078,2665935078
2025-06-18 20:55:34,REAL,2665935078,535,2665935613,2665935613
2025-06-18 20:55:36,REAL,2665935613,486,2665936099,2665936099
2025-06-18 20:55:38,REAL,2665936099,481,2665936580,2665936580
2025-06-18 20:55:40,REAL,2665936580,478,2665937058,2665937058
2025-06-18 20:55:42,REAL,2665937058,484,2665937542,2665937542
2025-06-18 20:55:44,REAL,2665937542,477,2665938019,2665938019
2025-06-18 20:55:46,REAL,2665938019,476,2665938495,2665938495
2025-06-18 20:55:48,REAL,2665938495,487,2665938982,2665938982
2025-06-18 20:55:50,REAL,2665938982,486,2665939468,2665939468
2025-06-18 20:55:52,REAL,2665939468,487,2665939955,2665939955
2025-06-18 20:55:54,REAL,2665939955,482,2665940437,2665940437
2025-06-18 20:55:56,REAL,2665940437,2018,2665942455,2665942455
2025-06-18 20:55:58,REAL,2665942455,11706,2665954161,2665954161
2025-06-18 20:56:00,REAL,2665954161,10260,2665964421,2665964421
2025-06-18 20:56:02,REAL,2665964421,10250,2665974671,2665974671
2025-06-18 20:56:04,REAL,2665974671,10253,2665984924,2665984924
2025-06-18 20:56:06,REAL,2665984924,10249,2665995173,2665995173
2025-06-18 20:56:08,REAL,2665995173,10247,2666005420,2666005420
2025-06-18 20:56:10,REAL,2666005420,10250,2666015670,2666015670
2025-06-18 20:56:12,REAL,2666015670,4106,2666019776,2666019776
2025-06-18 20:56:14,REAL,2666019776,485,2666020261,2666020261
2025-06-18 20:56:16,REAL,2666020261,484,2666020745,2666020745
2025-06-18 20:56:18,REAL,2666020745,485,2666021230,2666021230
2025-06-18 20:56:20,REAL,2666021230,479,2666021709,2666021709
2025-06-18 20:56:22,REAL,2666021709,484,2666022193,2666022193
2025-06-18 20:56:24,REAL,2666022193,482,2666022675,2666022675
2025-06-18 20:56:26,REAL,2666022675,535,2666023210,2666023210
2025-06-18 20:56:28,REAL,2666023210,2672,2666025882,2666025882
2025-06-18 20:56:30,REAL,2666025882,15072,2666040954,2666040954
2025-06-18 20:56:32,REAL,2666040954,9918,2666050872,2666050872
2025-06-18 20:56:34,REAL,2666050872,10255,2666061127,2666061127
2025-06-18 20:56:36,REAL,2666061127,10255,2666071382,2666071382
2025-06-18 20:56:38,REAL,2666071382,10252,2666081634,2666081634
2025-06-18 20:56:40,REAL,2666081634,10262,2666091896,2666091896
2025-06-18 20:56:42,REAL,2666091896,10314,2666102210,2666102210
2025-06-18 20:56:44,REAL,2666102210,3381,2666105591,2666105591
2025-06-18 20:56:46,REAL,2666105591,478,2666106069,2666106069
2025-06-18 20:56:48,REAL,2666106069,477,2666106546,2666106546
2025-06-18 20:56:50,REAL,2666106546,485,2666107031,2666107031
2025-06-18 20:56:52,REAL,2666107031,479,2666107510,2666107510
2025-06-18 20:56:54,REAL,2666107510,491,2666108001,2666108001
2025-06-18 20:56:56,REAL,2666108001,486,2666108487,2666108487
2025-06-18 20:56:58,REAL,2666108487,491,2666108978,2666108978
2025-06-18 20:57:00,REAL,2666108978,3333,2666112311,2666112311
2025-06-18 20:57:02,REAL,2666112311,14410,2666126721,2666126721
2025-06-18 20:57:04,REAL,2666126721,10256,2666136977,2666136977
2025-06-18 20:57:06,REAL,2666136977,10316,2666147293,2666147293
2025-06-18 20:57:08,REAL,2666147293,10250,2666157543,2666157543
2025-06-18 20:57:10,REAL,2666157543,10254,2666167797,2666167797
2025-06-18 20:57:12,REAL,2666167797,10249,2666178046,2666178046
2025-06-18 20:57:14,REAL,2666178046,10251,2666188297,2666188297
2025-06-18 20:57:16,REAL,2666188297,2909,2666191206,2666191206
2025-06-18 20:57:18,REAL,2666191206,483,2666191689,2666191689
2025-06-18 20:57:20,REAL,2666191689,485,2666192174,2666192174
2025-06-18 20:57:22,REAL,2666192174,484,2666192658,2666192658
2025-06-18 20:57:24,REAL,2666192658,484,2666193142,2666193142
2025-06-18 20:57:26,REAL,2666193142,481,2666193623,2666193623
2025-06-18 20:57:28,REAL,2666193623,480,2666194103,2666194103
2025-06-18 20:57:30,REAL,2666194103,481,2666194584,2666194584
2025-06-18 20:57:32,REAL,2666194584,4521,2666199105,2666199105
2025-06-18 20:57:34,REAL,2666199105,11316,2666210421,2666210421
2025-06-18 20:57:36,REAL,2666210421,10252,2666220673,2666220673
2025-06-18 20:57:38,REAL,2666220673,10258,2666230931,2666230931
2025-06-18 20:57:40,REAL,2666230931,10256,2666241187,2666241187
2025-06-18 20:57:42,REAL,2666241187,10312,2666251499,2666251499
2025-06-18 20:57:44,REAL,2666251499,10247,2666261746,2666261746
2025-06-18 20:57:46,REAL,2666261746,10262,2666272008,2666272008
2025-06-18 20:57:48,REAL,2666272008,2200,2666274208,2666274208
2025-06-18 20:57:50,REAL,2666274208,480,2666274688,2666274688
2025-06-18 20:57:52,REAL,2666274688,489,2666275177,2666275177
2025-06-18 20:57:54,REAL,2666275177,492,2666275669,2666275669
2025-06-18 20:57:56,REAL,2666275669,479,2666276148,2666276148
2025-06-18 20:57:58,REAL,2666276148,486,2666276634,2666276634
2025-06-18 20:58:00,REAL,2666276634,482,2666277116,2666277116
2025-06-18 20:58:02,REAL,2666277116,476,2666277592,2666277592
2025-06-18 20:58:04,REAL,2666277592,4649,2666282241,2666282241
2025-06-18 20:58:06,REAL,2666282241,11105,2666293346,2666293346
2025-06-18 20:58:08,REAL,2666293346,10258,2666303604,2666303604
2025-06-18 20:58:10,REAL,2666303604,10318,2666313922,2666313922
2025-06-18 20:58:12,REAL,2666313922,10254,2666324176,2666324176
2025-06-18 20:58:14,REAL,2666324176,10258,2666334434,2666334434
2025-06-18 20:58:16,REAL,2666334434,10187,2666344621,2666344621
2025-06-18 20:58:18,REAL,2666344621,10251,2666354872,2666354872
2025-06-18 20:58:20,REAL,2666354872,1609,2666356481,2666356481
2025-06-18 20:58:22,REAL,2666356481,486,2666356967,2666356967
2025-06-18 20:58:24,REAL,2666356967,475,2666357442,2666357442
2025-06-18 20:58:26,REAL,2666357442,482,2666357924,2666357924
2025-06-18 20:58:28,REAL,2666357924,477,2666358401,2666358401
2025-06-18 20:58:30,REAL,2666358401,474,2666358875,2666358875
2025-06-18 20:58:32,REAL,2666358875,479,2666359354,2666359354
2025-06-18 20:58:34,REAL,2666359354,482,2666359836,2666359836
2025-06-18 20:58:36,REAL,2666359836,482,2666360318,2666360318
2025-06-18 20:58:38,REAL,2666360318,483,2666360801,2666360801
2025-06-18 20:58:40,REAL,2666360801,475,2666361276,2666361276
2025-06-18 20:58:42,REAL,2666361276,483,2666361759,2666361759
2025-06-18 20:58:44,REAL,2666361759,486,2666362245,2666362245
2025-06-18 20:58:46,REAL,2666362245,478,2666362723,2666362723
2025-06-18 20:58:48,REAL,2666362723,489,2666363212,2666363212
2025-06-18 20:58:50,REAL,2666363212,483,2666363695,2666363695
2025-06-18 20:58:52,REAL,2666363695,594,2666364289,2666364289
2025-06-18 20:58:54,REAL,2666364289,489,2666364778,2666364778
2025-06-18 20:58:56,REAL,2666364778,486,2666365264,2666365264
2025-06-18 20:58:58,REAL,2666365264,484,2666365748,2666365748
2025-06-18 20:59:00,REAL,2666365748,484,2666366232,2666366232
2025-06-18 20:59:02,REAL,2666366232,482,2666366714,2666366714
2025-06-18 20:59:04,REAL,2666366714,478,2666367192,2666367192
2025-06-18 20:59:06,REAL,2666367192,484,2666367676,2666367676
2025-06-18 20:59:08,REAL,2666367676,480,2666368156,2666368156
2025-06-18 20:59:10,REAL,2666368156,489,2666368645,2666368645
2025-06-18 20:59:12,REAL,2666368645,477,2666369122,2666369122
2025-06-18 20:59:14,REAL,2666369122,487,2666369609,2666369609
2025-06-18 20:59:16,REAL,2666369609,487,2666370096,2666370096
2025-06-18 20:59:18,REAL,2666370096,483,2666370579,2666370579
2025-06-18 20:59:20,REAL,2666370579,478,2666371057,2666371057
2025-06-18 20:59:22,REAL,2666371057,486,2666371543,2666371543
2025-06-18 20:59:24,REAL,2666371543,482,2666372025,2666372025
2025-06-18 20:59:26,REAL,2666372025,489,2666372514,2666372514
2025-06-18 20:59:28,REAL,2666372514,489,2666373003,2666373003
2025-06-18 20:59:30,REAL,2666373003,487,2666373490,2666373490
2025-06-18 20:59:32,REAL,2666373490,481,2666373971,2666373971
2025-06-18 20:59:34,REAL,2666373971,488,2666374459,2666374459
2025-06-18 20:59:36,REAL,2666374459,479,2666374938,2666374938
2025-06-18 20:59:38,REAL,2666374938,478,2666375416,2666375416
2025-06-18 20:59:40,REAL,2666375416,7411,2666382827,2666382827
2025-06-18 20:59:42,REAL,2666382827,10913,2666393740,2666393740
2025-06-18 20:59:44,REAL,2666393740,10257,2666403997,2666403997
2025-06-18 20:59:46,REAL,2666403997,10256,2666414253,2666414253
2025-06-18 20:59:48,REAL,2666414253,10257,2666424510,2666424510
2025-06-18 20:59:50,REAL,2666424510,10311,2666434821,2666434821
2025-06-18 20:59:52,REAL,2666434821,10262,2666445083,2666445083
2025-06-18 20:59:54,REAL,2666445083,9466,2666454549,2666454549
2025-06-18 20:59:56,REAL,2666454549,486,2666455035,2666455035
2025-06-18 20:59:58,REAL,2666455035,481,2666455516,2666455516
2025-06-18 21:00:00,REAL,2666455516,487,2666456003,2666456003
2025-06-18 21:00:02,REAL,2666456003,485,2666456488,2666456488
2025-06-18 21:00:04,REAL,2666456488,493,2666456981,2666456981
2025-06-18 21:00:06,REAL,2666456981,479,2666457460,2666457460
2025-06-18 21:00:08,REAL,2666457460,484,2666457944,2666457944
2025-06-18 21:00:10,REAL,2666457944,490,2666458434,2666458434
2025-06-18 21:00:12,REAL,2666458434,493,2666458927,2666458927
2025-06-18 21:00:14,REAL,2666458927,484,2666459411,2666459411
2025-06-18 21:00:16,REAL,2666459411,487,2666459898,2666459898
2025-06-18 21:00:18,REAL,2666459898,487,2666460385,2666460385
2025-06-18 21:00:20,REAL,2666460385,479,2666460864,2666460864
2025-06-18 21:00:22,REAL,2666460864,485,2666461349,2666461349
2025-06-18 21:00:24,REAL,2666461349,484,2666461833,2666461833
2025-06-18 21:00:26,REAL,2666461833,475,2666462308,2666462308
2025-06-18 21:00:28,REAL,2666462308,598,2666462906,2666462906
2025-06-18 21:00:30,REAL,2666462906,489,2666463395,2666463395
2025-06-18 21:00:32,REAL,2666463395,478,2666463873,2666463873
2025-06-18 21:00:34,REAL,2666463873,482,2666464355,2666464355
2025-06-18 21:00:36,REAL,2666464355,492,2666464847,2666464847
2025-06-18 21:00:38,REAL,2666464847,476,2666465323,2666465323
2025-06-18 21:00:40,REAL,2666465323,484,2666465807,2666465807
2025-06-18 21:00:42,REAL,2666465807,476,2666466283,2666466283
2025-06-18 21:00:44,REAL,2666466283,486,2666466769,2666466769
2025-06-18 21:00:46,REAL,2666466769,489,2666467258,2666467258
2025-06-18 21:00:48,REAL,2666467258,480,2666467738,2666467738
2025-06-18 21:00:50,REAL,2666467738,490,2666468228,2666468228
2025-06-18 21:00:52,REAL,2666468228,483,2666468711,2666468711
2025-06-18 21:00:54,REAL,2666468711,481,2666469192,2666469192
2025-06-18 21:00:56,REAL,2666469192,480,2666469672,2666469672
2025-06-18 21:00:58,REAL,2666469672,490,2666470162,2666470162
2025-06-18 21:01:00,REAL,2666470162,8999,2666479161,2666479161
2025-06-18 21:01:02,REAL,2666479161,10642,2666489803,2666489803
2025-06-18 21:01:04,REAL,2666489803,10257,2666500060,2666500060
2025-06-18 21:01:06,REAL,2666500060,10248,2666510308,2666510308
2025-06-18 21:01:08,REAL,2666510308,10316,2666520624,2666520624
2025-06-18 21:01:10,REAL,2666520624,10254,2666530878,2666530878
2025-06-18 21:01:12,REAL,2666530878,10313,2666541191,2666541191
2025-06-18 21:01:14,REAL,2666541191,7870,2666549061,2666549061
2025-06-18 21:01:16,REAL,2666549061,538,2666549599,2666549599
2025-06-18 21:01:18,REAL,2666549599,485,2666550084,2666550084
2025-06-18 21:01:20,REAL,2666550084,480,2666550564,2666550564
2025-06-18 21:01:22,REAL,2666550564,483,2666551047,2666551047
2025-06-18 21:01:24,REAL,2666551047,491,2666551538,2666551538
2025-06-18 21:01:26,REAL,2666551538,487,2666552025,2666552025
2025-06-18 21:01:28,REAL,2666552025,480,2666552505,2666552505
2025-06-18 21:01:30,REAL,2666552505,477,2666552982,2666552982
2025-06-18 21:01:32,REAL,2666552982,10061,2666563043,2666563043
2025-06-18 21:01:34,REAL,2666563043,10573,2666573616,2666573616
2025-06-18 21:01:36,REAL,2666573616,10312,2666583928,2666583928
2025-06-18 21:01:38,REAL,2666583928,10261,2666594189,2666594189
2025-06-18 21:01:40,REAL,2666594189,10253,2666604442,2666604442
2025-06-18 21:01:42,REAL,2666604442,10324,2666614766,2666614766
2025-06-18 21:01:44,REAL,2666614766,10252,2666625018,2666625018
2025-06-18 21:01:46,REAL,2666625018,7281,2666632299,2666632299
2025-06-18 21:01:48,REAL,2666632299,487,2666632786,2666632786
2025-06-18 21:01:50,REAL,2666632786,476,2666633262,2666633262
2025-06-18 21:01:52,REAL,2666633262,484,2666633746,2666633746
2025-06-18 21:01:54,REAL,2666633746,493,2666634239,2666634239
2025-06-18 21:01:56,REAL,2666634239,492,2666634731,2666634731
2025-06-18 21:01:58,REAL,2666634731,484,2666635215,2666635215
2025-06-18 21:02:00,REAL,2666635215,481,2666635696,2666635696
2025-06-18 21:02:02,REAL,2666635696,542,2666636238,2666636238
2025-06-18 21:02:04,REAL,2666636238,10391,2666646629,2666646629
2025-06-18 21:02:06,REAL,2666646629,10453,2666657082,2666657082
2025-06-18 21:02:08,REAL,2666657082,10255,2666667337,2666667337
2025-06-18 21:02:10,REAL,2666667337,10258,2666677595,2666677595
2025-06-18 21:02:12,REAL,2666677595,10255,2666687850,2666687850
2025-06-18 21:02:14,REAL,2666687850,10247,2666698097,2666698097
2025-06-18 21:02:16,REAL,2666698097,10310,2666708407,2666708407
2025-06-18 21:02:18,REAL,2666708407,6625,2666715032,2666715032
2025-06-18 21:02:20,REAL,2666715032,482,2666715514,2666715514
2025-06-18 21:02:22,REAL,2666715514,477,2666715991,2666715991
2025-06-18 21:02:24,REAL,2666715991,246,2666716237,2666716237
2025-06-18 21:02:26,REAL,2666716237,480,2666716717,2666716717
2025-06-18 21:02:28,REAL,2666716717,491,2666717208,2666717208
2025-06-18 21:02:30,REAL,2666717208,485,2666717693,2666717693
2025-06-18 21:02:32,REAL,2666717693,486,2666718179,2666718179
2025-06-18 21:02:34,REAL,2666718179,486,2666718665,2666718665
2025-06-18 21:02:36,REAL,2666718665,479,2666719144,2666719144
2025-06-18 21:02:38,REAL,2666719144,488,2666719632,2666719632
2025-06-18 21:02:40,REAL,2666719632,488,2666720120,2666720120
2025-06-18 21:02:42,REAL,2666720120,491,2666720611,2666720611
2025-06-18 21:02:44,REAL,2666720611,483,2666721094,2666721094
2025-06-18 21:02:46,REAL,2666721094,487,2666721581,2666721581
2025-06-18 21:02:48,REAL,2666721581,482,2666722063,2666722063
2025-06-18 21:02:50,REAL,2666722063,539,2666722602,2666722602
2025-06-18 21:02:52,REAL,2666722602,538,2666723140,2666723140
2025-06-18 21:02:54,REAL,2666723140,489,2666723629,2666723629
2025-06-18 21:02:56,REAL,2666723629,478,2666724107,2666724107
2025-06-18 21:02:58,REAL,2666724107,482,2666724589,2666724589
2025-06-18 21:03:00,REAL,2666724589,480,2666725069,2666725069
2025-06-18 21:03:02,REAL,2666725069,479,2666725548,2666725548
2025-06-18 21:03:04,REAL,2666725548,485,2666726033,2666726033
2025-06-18 21:03:06,REAL,2666726033,490,2666726523,2666726523
2025-06-18 21:03:08,REAL,2666726523,487,2666727010,2666727010
2025-06-18 21:03:10,REAL,2666727010,483,2666727493,2666727493
2025-06-18 21:03:12,REAL,2666727493,476,2666727969,2666727969
2025-06-18 21:03:14,REAL,2666727969,478,2666728447,2666728447
2025-06-18 21:03:16,REAL,2666728447,477,2666728924,2666728924
2025-06-18 21:03:18,REAL,2666728924,485,2666729409,2666729409
2025-06-18 21:03:20,REAL,2666729409,482,2666729891,2666729891
2025-06-18 21:03:22,REAL,2666729891,484,2666730375,2666730375
2025-06-18 21:03:24,REAL,2666730375,489,2666730864,2666730864
2025-06-18 21:03:26,REAL,2666730864,490,2666731354,2666731354
2025-06-18 21:03:28,REAL,2666731354,481,2666731835,2666731835
2025-06-18 21:03:30,REAL,2666731835,482,2666732317,2666732317
2025-06-18 21:03:32,REAL,2666732317,544,2666732861,2666732861
2025-06-18 21:03:34,REAL,2666732861,485,2666733346,2666733346
2025-06-18 21:03:36,REAL,2666733346,484,2666733830,2666733830
2025-06-18 21:03:38,REAL,2666733830,889,2666734719,2666734719
2025-06-18 21:03:40,REAL,2666734719,15262,2666749981,2666749981
2025-06-18 21:03:42,REAL,2666749981,10255,2666760236,2666760236
2025-06-18 21:03:44,REAL,2666760236,10309,2666770545,2666770545
2025-06-18 21:03:46,REAL,2666770545,10250,2666780795,2666780795
2025-06-18 21:03:48,REAL,2666780795,10256,2666791051,2666791051
2025-06-18 21:03:50,REAL,2666791051,10257,2666801308,2666801308
2025-06-18 21:03:52,REAL,2666801308,10258,2666811566,2666811566
2025-06-18 21:03:54,REAL,2666811566,4843,2666816409,2666816409
2025-06-18 21:03:56,REAL,2666816409,494,2666816903,2666816903
2025-06-18 21:03:58,REAL,2666816903,490,2666817393,2666817393
2025-06-18 21:04:00,REAL,2666817393,485,2666817878,2666817878
2025-06-18 21:04:02,REAL,2666817878,533,2666818411,2666818411
2025-06-18 21:04:04,REAL,2666818411,485,2666818896,2666818896
2025-06-18 21:04:06,REAL,2666818896,481,2666819377,2666819377
2025-06-18 21:04:08,REAL,2666819377,478,2666819855,2666819855
2025-06-18 21:04:10,REAL,2666819855,487,2666820342,2666820342
2025-06-18 21:04:12,REAL,2666820342,479,2666820821,2666820821
2025-06-18 21:04:14,REAL,2666820821,482,2666821303,2666821303
2025-06-18 21:04:16,REAL,2666821303,544,2666821847,2666821847
2025-06-18 21:04:18,REAL,2666821847,474,2666822321,2666822321
2025-06-18 21:04:20,REAL,2666822321,485,2666822806,2666822806
2025-06-18 21:04:22,REAL,2666822806,484,2666823290,2666823290
2025-06-18 21:04:24,REAL,2666823290,493,2666823783,2666823783
2025-06-18 21:04:26,REAL,2666823783,534,2666824317,2666824317
2025-06-18 21:04:28,REAL,2666824317,484,2666824801,2666824801
2025-06-18 21:04:30,REAL,2666824801,485,2666825286,2666825286
2025-06-18 21:04:32,REAL,2666825286,486,2666825772,2666825772
2025-06-18 21:04:34,REAL,2666825772,483,2666826255,2666826255
2025-06-18 21:04:36,REAL,2666826255,483,2666826738,2666826738
2025-06-18 21:04:38,REAL,2666826738,488,2666827226,2666827226
2025-06-18 21:04:40,REAL,2666827226,483,2666827709,2666827709
2025-06-18 21:04:42,REAL,2666827709,479,2666828188,2666828188
2025-06-18 21:04:44,REAL,2666828188,475,2666828663,2666828663
2025-06-18 21:04:46,REAL,2666828663,489,2666829152,2666829152
2025-06-18 21:04:48,REAL,2666829152,479,2666829631,2666829631
2025-06-18 21:04:50,REAL,2666829631,531,2666830162,2666830162
2025-06-18 21:04:52,REAL,2666830162,479,2666830641,2666830641
2025-06-18 21:04:54,REAL,2666830641,481,2666831122,2666831122
2025-06-18 21:04:56,REAL,2666831122,485,2666831607,2666831607
2025-06-18 21:04:58,REAL,2666831607,536,2666832143,2666832143
2025-06-18 21:05:00,REAL,2666832143,486,2666832629,2666832629
2025-06-18 21:05:02,REAL,2666832629,475,2666833104,2666833104
2025-06-18 21:05:04,REAL,2666833104,480,2666833584,2666833584
2025-06-18 21:05:06,REAL,2666833584,483,2666834067,2666834067
2025-06-18 21:05:08,REAL,2666834067,486,2666834553,2666834553
2025-06-18 21:05:10,REAL,2666834553,477,2666835030,2666835030
2025-06-18 21:05:12,REAL,2666835030,481,2666835511,2666835511
2025-06-18 21:05:14,REAL,2666835511,3131,2666838642,2666838642
2025-06-18 21:05:16,REAL,2666838642,11512,2666850154,2666850154
2025-06-18 21:05:18,REAL,2666850154,10242,2666860396,2666860396
2025-06-18 21:05:20,REAL,2666860396,10255,2666870651,2666870651
2025-06-18 21:05:22,REAL,2666870651,10250,2666880901,2666880901
2025-06-18 21:05:24,REAL,2666880901,10244,2666891145,2666891145
2025-06-18 21:05:26,REAL,2666891145,10312,2666901457,2666901457
2025-06-18 21:05:28,REAL,2666901457,10251,2666911708,2666911708
2025-06-18 21:05:30,REAL,2666911708,2866,2666914574,2666914574
2025-06-18 21:05:32,REAL,2666914574,489,2666915063,2666915063
2025-06-18 21:05:34,REAL,2666915063,491,2666915554,2666915554
2025-06-18 21:05:36,REAL,2666915554,480,2666916034,2666916034
2025-06-18 21:05:38,REAL,2666916034,543,2666916577,2666916577
2025-06-18 21:05:40,REAL,2666916577,486,2666917063,2666917063
2025-06-18 21:05:42,REAL,2666917063,541,2666917604,2666917604
2025-06-18 21:05:44,REAL,2666917604,477,2666918081,2666918081
2025-06-18 21:05:46,REAL,2666918081,489,2666918570,2666918570
2025-06-18 21:05:48,REAL,2666918570,476,2666919046,2666919046
2025-06-18 21:05:50,REAL,2666919046,482,2666919528,2666919528
2025-06-18 21:05:52,REAL,2666919528,482,2666920010,2666920010
2025-06-18 21:05:54,REAL,2666920010,494,2666920504,2666920504
2025-06-18 21:05:56,REAL,2666920504,483,2666920987,2666920987
2025-06-18 21:05:58,REAL,2666920987,479,2666921466,2666921466
2025-06-18 21:06:00,REAL,2666921466,483,2666921949,2666921949
2025-06-18 21:06:02,REAL,2666921949,535,2666922484,2666922484
2025-06-18 21:06:04,REAL,2666922484,480,2666922964,2666922964
2025-06-18 21:06:06,REAL,2666922964,485,2666923449,2666923449
2025-06-18 21:06:08,REAL,2666923449,490,2666923939,2666923939
2025-06-18 21:06:10,REAL,2666923939,486,2666924425,2666924425
2025-06-18 21:06:12,REAL,2666924425,489,2666924914,2666924914
2025-06-18 21:06:14,REAL,2666924914,492,2666925406,2666925406
2025-06-18 21:06:16,REAL,2666925406,478,2666925884,2666925884
2025-06-18 21:06:18,REAL,2666925884,492,2666926376,2666926376
2025-06-18 21:06:20,REAL,2666926376,481,2666926857,2666926857
2025-06-18 21:06:22,REAL,2666926857,478,2666927335,2666927335
2025-06-18 21:06:24,REAL,2666927335,543,2666927878,2666927878
2025-06-18 21:06:26,REAL,2666927878,482,2666928360,2666928360
2025-06-18 21:06:28,REAL,2666928360,535,2666928895,2666928895
2025-06-18 21:06:30,REAL,2666928895,482,2666929377,2666929377
2025-06-18 21:06:32,REAL,2666929377,491,2666929868,2666929868
2025-06-18 21:06:34,REAL,2666929868,484,2666930352,2666930352
2025-06-18 21:06:36,REAL,2666930352,478,2666930830,2666930830
2025-06-18 21:06:38,REAL,2666930830,475,2666931305,2666931305
2025-06-18 21:06:40,REAL,2666931305,483,2666931788,2666931788
2025-06-18 21:06:42,REAL,2666931788,483,2666932271,2666932271
2025-06-18 21:06:44,REAL,2666932271,482,2666932753,2666932753
2025-06-18 21:06:46,REAL,2666932753,492,2666933245,2666933245
2025-06-18 21:06:48,REAL,2666933245,483,2666933728,2666933728
2025-06-18 21:06:50,REAL,2666933728,477,2666934205,2666934205
2025-06-18 21:06:52,REAL,2666934205,541,2666934746,2666934746
2025-06-18 21:06:54,REAL,2666934746,487,2666935233,2666935233
2025-06-18 21:06:56,REAL,2666935233,481,2666935714,2666935714
2025-06-18 21:06:58,REAL,2666935714,482,2666936196,2666936196
2025-06-18 21:07:00,REAL,2666936196,480,2666936676,2666936676
2025-06-18 21:07:02,REAL,2666936676,480,2666937156,2666937156
2025-06-18 21:07:04,REAL,2666937156,478,2666937634,2666937634
2025-06-18 21:07:06,REAL,2666937634,485,2666938119,2666938119
2025-06-18 21:07:08,REAL,2666938119,539,2666938658,2666938658
2025-06-18 21:07:10,REAL,2666938658,480,2666939138,2666939138
2025-06-18 21:07:12,REAL,2666939138,490,2666939628,2666939628
2025-06-18 21:07:14,REAL,2666939628,486,2666940114,2666940114
2025-06-18 21:07:16,REAL,2666940114,537,2666940651,2666940651
2025-06-18 21:07:18,REAL,2666940651,492,2666941143,2666941143
2025-06-18 21:07:20,REAL,2666941143,483,2666941626,2666941626
2025-06-18 21:07:22,REAL,2666941626,474,2666942100,2666942100
2025-06-18 21:07:24,REAL,2666942100,482,2666942582,2666942582
2025-06-18 21:07:26,REAL,2666942582,482,2666943064,2666943064
2025-06-18 21:07:28,REAL,2666943064,480,2666943544,2666943544
2025-06-18 21:07:30,REAL,2666943544,488,2666944032,2666944032
2025-06-18 21:07:32,REAL,2666944032,481,2666944513,2666944513
2025-06-18 21:07:34,REAL,2666944513,493,2666945006,2666945006
2025-06-18 21:07:36,REAL,2666945006,485,2666945491,2666945491
2025-06-18 21:07:38,REAL,2666945491,486,2666945977,2666945977
2025-06-18 21:07:40,REAL,2666945977,541,2666946518,2666946518
2025-06-18 21:07:42,REAL,2666946518,482,2666947000,2666947000
2025-06-18 21:07:44,REAL,2666947000,481,2666947481,2666947481
2025-06-18 21:07:46,REAL,2666947481,492,2666947973,2666947973
2025-06-18 21:07:48,REAL,2666947973,477,2666948450,2666948450
2025-06-18 21:07:50,REAL,2666948450,537,2666948987,2666948987
2025-06-18 21:07:52,REAL,2666948987,484,2666949471,2666949471
2025-06-18 21:07:54,REAL,2666949471,484,2666949955,2666949955
2025-06-18 21:07:56,REAL,2666949955,489,2666950444,2666950444
2025-06-18 21:07:58,REAL,2666950444,489,2666950933,2666950933
2025-06-18 21:08:00,REAL,2666950933,477,2666951410,2666951410
2025-06-18 21:08:02,REAL,2666951410,488,2666951898,2666951898
2025-06-18 21:08:04,REAL,2666951898,488,2666952386,2666952386
2025-06-18 21:08:06,REAL,2666952386,533,2666952919,2666952919
2025-06-18 21:08:08,REAL,2666952919,488,2666953407,2666953407
2025-06-18 21:08:10,REAL,2666953407,482,2666953889,2666953889
2025-06-18 21:08:12,REAL,2666953889,479,2666954368,2666954368
2025-06-18 21:08:14,REAL,2666954368,477,2666954845,2666954845
2025-06-18 21:08:16,REAL,2666954845,491,2666955336,2666955336
2025-06-18 21:08:18,REAL,2666955336,481,2666955817,2666955817
2025-06-18 21:08:20,REAL,2666955817,491,2666956308,2666956308
2025-06-18 21:08:22,REAL,2666956308,487,2666956795,2666956795
2025-06-18 21:08:24,REAL,2666956795,480,2666957275,2666957275
2025-06-18 21:08:26,REAL,2666957275,490,2666957765,2666957765
2025-06-18 21:08:28,REAL,2666957765,479,2666958244,2666958244
2025-06-18 21:08:30,REAL,2666958244,484,2666958728,2666958728
2025-06-18 21:08:32,REAL,2666958728,485,2666959213,2666959213
2025-06-18 21:08:34,REAL,2666959213,539,2666959752,2666959752
2025-06-18 21:08:36,REAL,2666959752,483,2666960235,2666960235
2025-06-18 21:08:38,REAL,2666960235,476,2666960711,2666960711
2025-06-18 21:08:40,REAL,2666960711,483,2666961194,2666961194
2025-06-18 21:08:42,REAL,2666961194,482,2666961676,2666961676
2025-06-18 21:08:44,REAL,2666961676,493,2666962169,2666962169
2025-06-18 21:08:46,REAL,2666962169,534,2666962703,2666962703
2025-06-18 21:08:48,REAL,2666962703,487,2666963190,2666963190
2025-06-18 21:08:50,REAL,2666963190,481,2666963671,2666963671
2025-06-18 21:08:52,REAL,2666963671,478,2666964149,2666964149
2025-06-18 21:08:54,REAL,2666964149,479,2666964628,2666964628
2025-06-18 21:08:56,REAL,2666964628,486,2666965114,2666965114
2025-06-18 21:08:58,REAL,2666965114,488,2666965602,2666965602
2025-06-18 21:09:00,REAL,2666965602,479,2666966081,2666966081
2025-06-18 21:09:02,REAL,2666966081,489,2666966570,2666966570
2025-06-18 21:09:04,REAL,2666966570,485,2666967055,2666967055
2025-06-18 21:09:06,REAL,2666967055,482,2666967537,2666967537
2025-06-18 21:09:08,REAL,2666967537,480,2666968017,2666968017
2025-06-18 21:09:10,REAL,2666968017,487,2666968504,2666968504
2025-06-18 21:09:12,REAL,2666968504,482,2666968986,2666968986
2025-06-18 21:09:14,REAL,2666968986,490,2666969476,2666969476
2025-06-18 21:09:16,REAL,2666969476,487,2666969963,2666969963
2025-06-18 21:09:18,REAL,2666969963,545,2666970508,2666970508
2025-06-18 21:09:20,REAL,2666970508,481,2666970989,2666970989
2025-06-18 21:09:22,REAL,2666970989,483,2666971472,2666971472
2025-06-18 21:09:24,REAL,2666971472,483,2666971955,2666971955
2025-06-18 21:09:26,REAL,2666971955,479,2666972434,2666972434
2025-06-18 21:09:28,REAL,2666972434,542,2666972976,2666972976
2025-06-18 21:09:30,REAL,2666972976,490,2666973466,2666973466
2025-06-18 21:09:32,REAL,2666973466,478,2666973944,2666973944
2025-06-18 21:09:34,REAL,2666973944,488,2666974432,2666974432
2025-06-18 21:09:36,REAL,2666974432,487,2666974919,2666974919
2025-06-18 21:09:38,REAL,2666974919,484,2666975403,2666975403
2025-06-18 21:09:40,REAL,2666975403,490,2666975893,2666975893
2025-06-18 21:09:42,REAL,2666975893,477,2666976370,2666976370
2025-06-18 21:09:44,REAL,2666976370,488,2666976858,2666976858
2025-06-18 21:09:46,REAL,2666976858,9736,2666986594,2666986594
2025-06-18 21:09:48,REAL,2666986594,10457,2666997051,2666997051
2025-06-18 21:09:50,REAL,2666997051,10250,2667007301,2667007301
2025-06-18 21:09:52,REAL,2667007301,10248,2667017549,2667017549
2025-06-18 21:09:54,REAL,2667017549,10253,2667027802,2667027802
2025-06-18 21:09:56,REAL,2667027802,10259,2667038061,2667038061
2025-06-18 21:09:58,REAL,2667038061,10253,2667048314,2667048314
2025-06-18 21:10:00,REAL,2667048314,7401,2667055715,2667055715
2025-06-18 21:10:02,REAL,2667055715,490,2667056205,2667056205
2025-06-18 21:10:04,REAL,2667056205,480,2667056685,2667056685
2025-06-18 21:10:06,REAL,2667056685,484,2667057169,2667057169
2025-06-18 21:10:08,REAL,2667057169,487,2667057656,2667057656
2025-06-18 21:10:10,REAL,2667057656,484,2667058140,2667058140
2025-06-18 21:10:12,REAL,2667058140,490,2667058630,2667058630
2025-06-18 21:10:14,REAL,2667058630,489,2667059119,2667059119
2025-06-18 21:10:16,REAL,2667059119,479,2667059598,2667059598
2025-06-18 21:10:18,REAL,2667059598,485,2667060083,2667060083
2025-06-18 21:10:20,REAL,2667060083,477,2667060560,2667060560
2025-06-18 21:10:22,REAL,2667060560,491,2667061051,2667061051
2025-06-18 21:10:24,REAL,2667061051,486,2667061537,2667061537
2025-06-18 21:10:26,REAL,2667061537,548,2667062085,2667062085
2025-06-18 21:10:28,REAL,2667062085,484,2667062569,2667062569
2025-06-18 21:10:30,REAL,2667062569,477,2667063046,2667063046
2025-06-18 21:10:32,REAL,2667063046,479,2667063525,2667063525
2025-06-18 21:10:34,REAL,2667063525,475,2667064000,2667064000
2025-06-18 21:10:36,REAL,2667064000,476,2667064476,2667064476
2025-06-18 21:10:38,REAL,2667064476,5320,2667069796,2667069796
2025-06-18 21:10:40,REAL,2667069796,11375,2667081171,2667081171
2025-06-18 21:10:42,REAL,2667081171,10261,2667091432,2667091432
2025-06-18 21:10:44,REAL,2667091432,10309,2667101741,2667101741
2025-06-18 21:10:46,REAL,2667101741,10257,2667111998,2667111998
2025-06-18 21:10:48,REAL,2667111998,10247,2667122245,2667122245
2025-06-18 21:10:50,REAL,2667122245,10255,2667132500,2667132500
2025-06-18 21:10:52,REAL,2667132500,10252,2667142752,2667142752
2025-06-18 21:10:54,REAL,2667142752,1480,2667144232,2667144232
2025-06-18 21:10:56,REAL,2667144232,483,2667144715,2667144715
2025-06-18 21:10:58,REAL,2667144715,485,2667145200,2667145200
2025-06-18 21:11:00,REAL,2667145200,477,2667145677,2667145677
2025-06-18 21:11:02,REAL,2667145677,480,2667146157,2667146157
2025-06-18 21:11:04,REAL,2667146157,490,2667146647,2667146647
2025-06-18 21:11:06,REAL,2667146647,490,2667147137,2667147137
2025-06-18 21:11:08,REAL,2667147137,491,2667147628,2667147628
2025-06-18 21:11:10,REAL,2667147628,486,2667148114,2667148114
2025-06-18 21:11:12,REAL,2667148114,484,2667148598,2667148598
2025-06-18 21:11:14,REAL,2667148598,485,2667149083,2667149083
2025-06-18 21:11:16,REAL,2667149083,485,2667149568,2667149568
2025-06-18 21:11:18,REAL,2667149568,533,2667150101,2667150101
2025-06-18 21:11:20,REAL,2667150101,490,2667150591,2667150591
2025-06-18 21:11:22,REAL,2667150591,475,2667151066,2667151066
2025-06-18 21:11:24,REAL,2667151066,484,2667151550,2667151550
2025-06-18 21:11:26,REAL,2667151550,543,2667152093,2667152093
2025-06-18 21:11:28,REAL,2667152093,489,2667152582,2667152582
2025-06-18 21:11:30,REAL,2667152582,481,2667153063,2667153063
2025-06-18 21:11:32,REAL,2667153063,492,2667153555,2667153555
2025-06-18 21:11:34,REAL,2667153555,481,2667154036,2667154036
2025-06-18 21:11:36,REAL,2667154036,488,2667154524,2667154524
2025-06-18 21:11:38,REAL,2667154524,476,2667155000,2667155000
2025-06-18 21:11:40,REAL,2667155000,484,2667155484,2667155484
2025-06-18 21:11:42,REAL,2667155484,6630,2667162114,2667162114
2025-06-18 21:11:44,REAL,2667162114,11377,2667173491,2667173491
2025-06-18 21:11:46,REAL,2667173491,10249,2667183740,2667183740
2025-06-18 21:11:48,REAL,2667183740,10247,2667193987,2667193987
2025-06-18 21:11:50,REAL,2667193987,10325,2667204312,2667204312
2025-06-18 21:11:52,REAL,2667204312,10256,2667214568,2667214568
2025-06-18 21:11:54,REAL,2667214568,10253,2667224821,2667224821
2025-06-18 21:11:56,REAL,2667224821,10054,2667234875,2667234875
2025-06-18 21:11:58,REAL,2667234875,487,2667235362,2667235362
2025-06-18 21:12:00,REAL,2667235362,477,2667235839,2667235839
2025-06-18 21:12:02,REAL,2667235839,480,2667236319,2667236319
2025-06-18 21:12:04,REAL,2667236319,481,2667236800,2667236800
2025-06-18 21:12:06,REAL,2667236800,493,2667237293,2667237293
2025-06-18 21:12:08,REAL,2667237293,485,2667237778,2667237778
2025-06-18 21:12:10,REAL,2667237778,546,2667238324,2667238324
2025-06-18 21:12:12,REAL,2667238324,475,2667238799,2667238799
2025-06-18 21:12:14,REAL,2667238799,7886,2667246685,2667246685
2025-06-18 21:12:16,REAL,2667246685,12625,2667259310,2667259310
2025-06-18 21:12:18,REAL,2667259310,10315,2667269625,2667269625
2025-06-18 21:12:20,REAL,2667269625,10253,2667279878,2667279878
2025-06-18 21:12:22,REAL,2667279878,10255,2667290133,2667290133
2025-06-18 21:12:24,REAL,2667290133,10248,2667300381,2667300381
2025-06-18 21:12:26,REAL,2667300381,10319,2667310700,2667310700
2025-06-18 21:12:28,REAL,2667310700,9395,2667320095,2667320095
2025-06-18 21:12:30,REAL,2667320095,485,2667320580,2667320580
2025-06-18 21:12:32,REAL,2667320580,474,2667321054,2667321054
2025-06-18 21:12:34,REAL,2667321054,490,2667321544,2667321544
2025-06-18 21:12:36,REAL,2667321544,480,2667322024,2667322024
2025-06-18 21:12:38,REAL,2667322024,485,2667322509,2667322509
2025-06-18 21:12:40,REAL,2667322509,489,2667322998,2667322998
2025-06-18 21:12:42,REAL,2667322998,490,2667323488,2667323488
2025-06-18 21:12:44,REAL,2667323488,486,2667323974,2667323974
2025-06-18 21:12:46,REAL,2667323974,487,2667324461,2667324461
2025-06-18 21:12:48,REAL,2667324461,485,2667324946,2667324946
2025-06-18 21:12:50,REAL,2667324946,490,2667325436,2667325436
2025-06-18 21:12:52,REAL,2667325436,488,2667325924,2667325924
2025-06-18 21:12:54,REAL,2667325924,541,2667326465,2667326465
2025-06-18 21:12:56,REAL,2667326465,487,2667326952,2667326952
2025-06-18 21:12:58,REAL,2667326952,542,2667327494,2667327494
2025-06-18 21:13:00,REAL,2667327494,489,2667327983,2667327983
2025-06-18 21:13:02,REAL,2667327983,486,2667328469,2667328469
2025-06-18 21:13:04,REAL,2667328469,493,2667328962,2667328962
2025-06-18 21:13:06,REAL,2667328962,476,2667329438,2667329438
2025-06-18 21:13:08,REAL,2667329438,483,2667329921,2667329921
2025-06-18 21:13:10,REAL,2667329921,488,2667330409,2667330409
2025-06-18 21:13:12,REAL,2667330409,486,2667330895,2667330895
2025-06-18 21:13:14,REAL,2667330895,485,2667331380,2667331380
2025-06-18 21:13:16,REAL,2667331380,478,2667331858,2667331858
2025-06-18 21:13:18,REAL,2667331858,483,2667332341,2667332341
2025-06-18 21:13:20,REAL,2667332341,479,2667332820,2667332820
2025-06-18 21:13:22,REAL,2667332820,483,2667333303,2667333303
2025-06-18 21:13:24,REAL,2667333303,477,2667333780,2667333780
2025-06-18 21:13:26,REAL,2667333780,481,2667334261,2667334261
2025-06-18 21:13:28,REAL,2667334261,482,2667334743,2667334743
2025-06-18 21:13:30,REAL,2667334743,478,2667335221,2667335221
2025-06-18 21:13:32,REAL,2667335221,485,2667335706,2667335706
2025-06-18 21:13:34,REAL,2667335706,11183,2667346889,2667346889
2025-06-18 21:13:36,REAL,2667346889,11695,2667358584,2667358584
2025-06-18 21:13:38,REAL,2667358584,10317,2667368901,2667368901
2025-06-18 21:13:40,REAL,2667368901,10261,2667379162,2667379162
2025-06-18 21:13:42,REAL,2667379162,10253,2667389415,2667389415
2025-06-18 21:13:44,REAL,2667389415,10247,2667399662,2667399662
2025-06-18 21:13:46,REAL,2667399662,10311,2667409973,2667409973
2025-06-18 21:13:48,REAL,2667409973,7878,2667417851,2667417851
2025-06-18 21:13:50,REAL,2667417851,487,2667418338,2667418338
2025-06-18 21:13:52,REAL,2667418338,482,2667418820,2667418820
2025-06-18 21:13:54,REAL,2667418820,483,2667419303,2667419303
2025-06-18 21:13:56,REAL,2667419303,483,2667419786,2667419786
2025-06-18 21:13:58,REAL,2667419786,482,2667420268,2667420268
2025-06-18 21:14:00,REAL,2667420268,482,2667420750,2667420750
2025-06-18 21:14:02,REAL,2667420750,483,2667421233,2667421233
2025-06-18 21:14:04,REAL,2667421233,545,2667421778,2667421778
2025-06-18 21:14:06,REAL,2667421778,9399,2667431177,2667431177
2025-06-18 21:14:08,REAL,2667431177,10514,2667441691,2667441691
2025-06-18 21:14:10,REAL,2667441691,10250,2667451941,2667451941
2025-06-18 21:14:12,REAL,2667451941,10245,2667462186,2667462186
2025-06-18 21:14:14,REAL,2667462186,10317,2667472503,2667472503
2025-06-18 21:14:16,REAL,2667472503,10251,2667482754,2667482754
2025-06-18 21:14:18,REAL,2667482754,10248,2667493002,2667493002
2025-06-18 21:14:20,REAL,2667493002,7214,2667500216,2667500216
2025-06-18 21:14:22,REAL,2667500216,482,2667500698,2667500698
2025-06-18 21:14:24,REAL,2667500698,482,2667501180,2667501180
2025-06-18 21:14:26,REAL,2667501180,474,2667501654,2667501654
2025-06-18 21:14:28,REAL,2667501654,475,2667502129,2667502129
2025-06-18 21:14:30,REAL,2667502129,478,2667502607,2667502607
2025-06-18 21:14:32,REAL,2667502607,484,2667503091,2667503091
2025-06-18 21:14:34,REAL,2667503091,547,2667503638,2667503638
2025-06-18 21:14:36,REAL,2667503638,539,2667504177,2667504177
2025-06-18 21:14:38,REAL,2667504177,488,2667504665,2667504665
2025-06-18 21:14:40,REAL,2667504665,489,2667505154,2667505154
2025-06-18 21:14:42,REAL,2667505154,485,2667505639,2667505639
2025-06-18 21:14:44,REAL,2667505639,493,2667506132,2667506132
2025-06-18 21:14:46,REAL,2667506132,482,2667506614,2667506614
2025-06-18 21:14:48,REAL,2667506614,481,2667507095,2667507095
2025-06-18 21:14:50,REAL,2667507095,486,2667507581,2667507581
2025-06-18 21:14:52,REAL,2667507581,492,2667508073,2667508073
2025-06-18 21:14:54,REAL,2667508073,481,2667508554,2667508554
2025-06-18 21:14:56,REAL,2667508554,476,2667509030,2667509030
2025-06-18 21:14:58,REAL,2667509030,483,2667509513,2667509513
2025-06-18 21:15:00,REAL,2667509513,491,2667510004,2667510004
2025-06-18 21:15:02,REAL,2667510004,539,2667510543,2667510543
2025-06-18 21:15:04,REAL,2667510543,483,2667511026,2667511026
2025-06-18 21:15:06,REAL,2667511026,484,2667511510,2667511510
2025-06-18 21:15:08,REAL,2667511510,486,2667511996,2667511996
2025-06-18 21:15:10,REAL,2667511996,480,2667512476,2667512476
2025-06-18 21:15:12,REAL,2667512476,479,2667512955,2667512955
2025-06-18 21:15:14,REAL,2667512955,492,2667513447,2667513447
2025-06-18 21:15:16,REAL,2667513447,484,2667513931,2667513931
2025-06-18 21:15:18,REAL,2667513931,479,2667514410,2667514410
2025-06-18 21:15:20,REAL,2667514410,478,2667514888,2667514888
2025-06-18 21:15:22,REAL,2667514888,483,2667515371,2667515371
2025-06-18 21:15:24,REAL,2667515371,540,2667515911,2667515911
2025-06-18 21:15:26,REAL,2667515911,488,2667516399,2667516399
2025-06-18 21:15:28,REAL,2667516399,488,2667516887,2667516887
2025-06-18 21:15:30,REAL,2667516887,485,2667517372,2667517372
2025-06-18 21:15:32,REAL,2667517372,532,2667517904,2667517904
2025-06-18 21:15:34,REAL,2667517904,485,2667518389,2667518389
2025-06-18 21:15:36,REAL,2667518389,486,2667518875,2667518875
2025-06-18 21:15:38,REAL,2667518875,491,2667519366,2667519366
2025-06-18 21:15:40,REAL,2667519366,483,2667519849,2667519849
2025-06-18 21:15:42,REAL,2667519849,482,2667520331,2667520331
2025-06-18 21:15:44,REAL,2667520331,489,2667520820,2667520820
2025-06-18 21:15:46,REAL,2667520820,493,2667521313,2667521313
2025-06-18 21:15:48,REAL,2667521313,481,2667521794,2667521794
2025-06-18 21:15:50,REAL,2667521794,477,2667522271,2667522271
2025-06-18 21:15:52,REAL,2667522271,488,2667522759,2667522759
2025-06-18 21:15:54,REAL,2667522759,492,2667523251,2667523251
2025-06-18 21:15:56,REAL,2667523251,491,2667523742,2667523742
2025-06-18 21:15:58,REAL,2667523742,490,2667524232,2667524232
2025-06-18 21:16:00,REAL,2667524232,542,2667524774,2667524774
2025-06-18 21:16:02,REAL,2667524774,489,2667525263,2667525263
2025-06-18 21:16:04,REAL,2667525263,489,2667525752,2667525752
2025-06-18 21:16:06,REAL,2667525752,484,2667526236,2667526236
2025-06-18 21:16:08,REAL,2667526236,485,2667526721,2667526721
2025-06-18 21:16:10,REAL,2667526721,489,2667527210,2667527210
2025-06-18 21:16:12,REAL,2667527210,477,2667527687,2667527687
2025-06-18 21:16:14,REAL,2667527687,542,2667528229,2667528229
2025-06-18 21:16:16,REAL,2667528229,480,2667528709,2667528709
2025-06-18 21:16:18,REAL,2667528709,491,2667529200,2667529200
2025-06-18 21:16:20,REAL,2667529200,480,2667529680,2667529680
2025-06-18 21:16:22,REAL,2667529680,478,2667530158,2667530158
2025-06-18 21:16:24,REAL,2667530158,482,2667530640,2667530640
2025-06-18 21:16:26,REAL,2667530640,489,2667531129,2667531129
2025-06-18 21:16:28,REAL,2667531129,541,2667531670,2667531670
2025-06-18 21:16:30,REAL,2667531670,483,2667532153,2667532153
2025-06-18 21:16:32,REAL,2667532153,484,2667532637,2667532637
2025-06-18 21:16:34,REAL,2667532637,482,2667533119,2667533119
2025-06-18 21:16:36,REAL,2667533119,492,2667533611,2667533611
2025-06-18 21:16:38,REAL,2667533611,479,2667534090,2667534090
2025-06-18 21:16:40,REAL,2667534090,485,2667534575,2667534575
2025-06-18 21:16:42,REAL,2667534575,491,2667535066,2667535066
2025-06-18 21:16:44,REAL,2667535066,479,2667535545,2667535545
2025-06-18 21:16:46,REAL,2667535545,487,2667536032,2667536032
2025-06-18 21:16:48,REAL,2667536032,480,2667536512,2667536512
2025-06-18 21:16:50,REAL,2667536512,487,2667536999,2667536999
2025-06-18 21:16:52,REAL,2667536999,487,2667537486,2667537486
2025-06-18 21:16:54,REAL,2667537486,480,2667537966,2667537966
2025-06-18 21:16:56,REAL,2667537966,484,2667538450,2667538450
2025-06-18 21:16:58,REAL,2667538450,536,2667538986,2667538986
2025-06-18 21:17:00,REAL,2667538986,484,2667539470,2667539470
2025-06-18 21:17:02,REAL,2667539470,536,2667540006,2667540006
2025-06-18 21:17:04,REAL,2667540006,489,2667540495,2667540495
2025-06-18 21:17:06,REAL,2667540495,486,2667540981,2667540981
2025-06-18 21:17:08,REAL,2667540981,483,2667541464,2667541464
2025-06-18 21:17:10,REAL,2667541464,482,2667541946,2667541946
2025-06-18 21:17:12,REAL,2667541946,488,2667542434,2667542434
2025-06-18 21:17:14,REAL,2667542434,477,2667542911,2667542911
2025-06-18 21:17:16,REAL,2667542911,478,2667543389,2667543389
2025-06-18 21:17:18,REAL,2667543389,479,2667543868,2667543868
2025-06-18 21:17:20,REAL,2667543868,483,2667544351,2667544351
2025-06-18 21:17:22,REAL,2667544351,489,2667544840,2667544840
2025-06-18 21:17:24,REAL,2667544840,486,2667545326,2667545326
2025-06-18 21:17:26,REAL,2667545326,546,2667545872,2667545872
2025-06-18 21:17:28,REAL,2667545872,490,2667546362,2667546362
2025-06-18 21:17:30,REAL,2667546362,484,2667546846,2667546846
2025-06-18 21:17:32,REAL,2667546846,481,2667547327,2667547327
2025-06-18 21:17:34,REAL,2667547327,484,2667547811,2667547811
2025-06-18 21:17:36,REAL,2667547811,476,2667548287,2667548287
2025-06-18 21:17:38,REAL,2667548287,481,2667548768,2667548768
2025-06-18 21:17:40,REAL,2667548768,483,2667549251,2667549251
2025-06-18 21:17:42,REAL,2667549251,488,2667549739,2667549739
2025-06-18 21:17:44,REAL,2667549739,482,2667550221,2667550221
2025-06-18 21:17:46,REAL,2667550221,482,2667550703,2667550703
2025-06-18 21:17:48,REAL,2667550703,487,2667551190,2667551190
2025-06-18 21:17:50,REAL,2667551190,484,2667551674,2667551674
2025-06-18 21:17:52,REAL,2667551674,536,2667552210,2667552210
2025-06-18 21:17:54,REAL,2667552210,478,2667552688,2667552688
2025-06-18 21:17:56,REAL,2667552688,539,2667553227,2667553227
2025-06-18 21:17:58,REAL,2667553227,490,2667553717,2667553717
2025-06-18 21:18:00,REAL,2667553717,480,2667554197,2667554197
2025-06-18 21:18:02,REAL,2667554197,475,2667554672,2667554672
2025-06-18 21:18:04,REAL,2667554672,483,2667555155,2667555155
2025-06-18 21:18:06,REAL,2667555155,482,2667555637,2667555637
2025-06-18 21:18:08,REAL,2667555637,491,2667556128,2667556128
2025-06-18 21:18:10,REAL,2667556128,482,2667556610,2667556610
2025-06-18 21:18:12,REAL,2667556610,475,2667557085,2667557085
2025-06-18 21:18:14,REAL,2667557085,484,2667557569,2667557569
2025-06-18 21:18:16,REAL,2667557569,486,2667558055,2667558055
2025-06-18 21:18:18,REAL,2667558055,476,2667558531,2667558531
2025-06-18 21:18:20,REAL,2667558531,480,2667559011,2667559011
2025-06-18 21:18:22,REAL,2667559011,480,2667559491,2667559491
2025-06-18 21:18:24,REAL,2667559491,484,2667559975,2667559975
2025-06-18 21:18:26,REAL,2667559975,486,2667560461,2667560461
2025-06-18 21:18:28,REAL,2667560461,481,2667560942,2667560942
2025-06-18 21:18:30,REAL,2667560942,484,2667561426,2667561426
2025-06-18 21:18:32,REAL,2667561426,489,2667561915,2667561915
2025-06-18 21:18:34,REAL,2667561915,539,2667562454,2667562454
2025-06-18 21:18:36,REAL,2667562454,483,2667562937,2667562937
2025-06-18 21:18:38,REAL,2667562937,481,2667563418,2667563418
2025-06-18 21:18:40,REAL,2667563418,485,2667563903,2667563903
2025-06-18 21:18:42,REAL,2667563903,543,2667564446,2667564446
2025-06-18 21:18:44,REAL,2667564446,486,2667564932,2667564932
2025-06-18 21:18:46,REAL,2667564932,491,2667565423,2667565423
2025-06-18 21:18:48,REAL,2667565423,477,2667565900,2667565900
2025-06-18 21:18:50,REAL,2667565900,484,2667566384,2667566384
2025-06-18 21:18:52,REAL,2667566384,484,2667566868,2667566868
2025-06-18 21:18:54,REAL,2667566868,481,2667567349,2667567349
2025-06-18 21:18:56,REAL,2667567349,483,2667567832,2667567832
2025-06-18 21:18:58,REAL,2667567832,486,2667568318,2667568318
2025-06-18 21:19:00,REAL,2667568318,489,2667568807,2667568807
2025-06-18 21:19:02,REAL,2667568807,485,2667569292,2667569292
2025-06-18 21:19:04,REAL,2667569292,488,2667569780,2667569780
2025-06-18 21:19:06,REAL,2667569780,484,2667570264,2667570264
2025-06-18 21:19:08,REAL,2667570264,482,2667570746,2667570746
2025-06-18 21:19:10,REAL,2667570746,482,2667571228,2667571228
2025-06-18 21:19:12,REAL,2667571228,490,2667571718,2667571718
2025-06-18 21:19:14,REAL,2667571718,549,2667572267,2667572267
2025-06-18 21:19:16,REAL,2667572267,492,2667572759,2667572759
2025-06-18 21:19:18,REAL,2667572759,486,2667573245,2667573245
2025-06-18 21:19:20,REAL,2667573245,238,2667573483,2667573483
2025-06-18 21:19:22,REAL,2667573483,479,2667573962,2667573962
2025-06-18 21:19:24,REAL,2667573962,6099,2667580061,2667580061
2025-06-18 21:19:26,REAL,2667580061,13023,2667593084,2667593084
2025-06-18 21:19:28,REAL,2667593084,10311,2667603395,2667603395
2025-06-18 21:19:30,REAL,2667603395,10376,2667613771,2667613771
2025-06-18 21:19:32,REAL,2667613771,10255,2667624026,2667624026
2025-06-18 21:19:34,REAL,2667624026,10257,2667634283,2667634283
2025-06-18 21:19:36,REAL,2667634283,10314,2667644597,2667644597
2025-06-18 21:19:38,REAL,2667644597,10255,2667654852,2667654852
2025-06-18 21:19:40,REAL,2667654852,948,2667655800,2667655800
2025-06-18 21:19:42,REAL,2667655800,482,2667656282,2667656282
2025-06-18 21:19:44,REAL,2667656282,488,2667656770,2667656770
2025-06-18 21:19:46,REAL,2667656770,480,2667657250,2667657250
2025-06-18 21:19:48,REAL,2667657250,490,2667657740,2667657740
2025-06-18 21:19:50,REAL,2667657740,486,2667658226,2667658226
2025-06-18 21:19:52,REAL,2667658226,483,2667658709,2667658709
2025-06-18 21:19:54,REAL,2667658709,487,2667659196,2667659196
2025-06-18 21:19:56,REAL,2667659196,536,2667659732,2667659732
2025-06-18 21:19:58,REAL,2667659732,483,2667660215,2667660215
2025-06-18 21:20:00,REAL,2667660215,477,2667660692,2667660692
2025-06-18 21:20:02,REAL,2667660692,490,2667661182,2667661182
2025-06-18 21:20:04,REAL,2667661182,482,2667661664,2667661664
2025-06-18 21:20:06,REAL,2667661664,481,2667662145,2667662145
2025-06-18 21:20:08,REAL,2667662145,486,2667662631,2667662631
2025-06-18 21:20:10,REAL,2667662631,476,2667663107,2667663107
2025-06-18 21:20:12,REAL,2667663107,488,2667663595,2667663595
2025-06-18 21:20:14,REAL,2667663595,481,2667664076,2667664076
2025-06-18 21:20:16,REAL,2667664076,534,2667664610,2667664610
2025-06-18 21:20:18,REAL,2667664610,476,2667665086,2667665086
2025-06-18 21:20:20,REAL,2667665086,486,2667665572,2667665572
2025-06-18 21:20:22,REAL,2667665572,480,2667666052,2667666052
2025-06-18 21:20:24,REAL,2667666052,488,2667666540,2667666540
2025-06-18 21:20:26,REAL,2667666540,487,2667667027,2667667027
2025-06-18 21:20:28,REAL,2667667027,486,2667667513,2667667513
2025-06-18 21:20:30,REAL,2667667513,481,2667667994,2667667994
2025-06-18 21:20:32,REAL,2667667994,486,2667668480,2667668480
2025-06-18 21:20:34,REAL,2667668480,483,2667668963,2667668963
2025-06-18 21:20:36,REAL,2667668963,550,2667669513,2667669513
2025-06-18 21:20:38,REAL,2667669513,484,2667669997,2667669997
2025-06-18 21:20:40,REAL,2667669997,481,2667670478,2667670478
2025-06-18 21:20:42,REAL,2667670478,489,2667670967,2667670967
2025-06-18 21:20:44,REAL,2667670967,7483,2667678450,2667678450
2025-06-18 21:20:46,REAL,2667678450,10972,2667689422,2667689422
2025-06-18 21:20:48,REAL,2667689422,10253,2667699675,2667699675
2025-06-18 21:20:50,REAL,2667699675,10319,2667709994,2667709994
2025-06-18 21:20:52,REAL,2667709994,10260,2667720254,2667720254
2025-06-18 21:20:54,REAL,2667720254,10317,2667730571,2667730571
2025-06-18 21:20:56,REAL,2667730571,10250,2667740821,2667740821
2025-06-18 21:20:58,REAL,2667740821,9192,2667750013,2667750013
2025-06-18 21:21:00,REAL,2667750013,491,2667750504,2667750504
2025-06-18 21:21:02,REAL,2667750504,478,2667750982,2667750982
2025-06-18 21:21:04,REAL,2667750982,486,2667751468,2667751468
2025-06-18 21:21:06,REAL,2667751468,487,2667751955,2667751955
2025-06-18 21:21:08,REAL,2667751955,489,2667752444,2667752444
2025-06-18 21:21:10,REAL,2667752444,491,2667752935,2667752935
2025-06-18 21:21:12,REAL,2667752935,481,2667753416,2667753416
2025-06-18 21:21:14,REAL,2667753416,476,2667753892,2667753892
2025-06-18 21:21:16,REAL,2667753892,8016,2667761908,2667761908
2025-06-18 21:21:18,REAL,2667761908,11037,2667772945,2667772945
2025-06-18 21:21:20,REAL,2667772945,10251,2667783196,2667783196
2025-06-18 21:21:22,REAL,2667783196,10255,2667793451,2667793451
2025-06-18 21:21:24,REAL,2667793451,10255,2667803706,2667803706
2025-06-18 21:21:26,REAL,2667803706,10320,2667814026,2667814026
2025-06-18 21:21:28,REAL,2667814026,10188,2667824214,2667824214
2025-06-18 21:21:30,REAL,2667824214,8598,2667832812,2667832812
2025-06-18 21:21:32,REAL,2667832812,482,2667833294,2667833294
2025-06-18 21:21:34,REAL,2667833294,484,2667833778,2667833778
2025-06-18 21:21:36,REAL,2667833778,479,2667834257,2667834257
2025-06-18 21:21:38,REAL,2667834257,486,2667834743,2667834743
2025-06-18 21:21:40,REAL,2667834743,487,2667835230,2667835230
2025-06-18 21:21:42,REAL,2667835230,488,2667835718,2667835718
2025-06-18 21:21:44,REAL,2667835718,479,2667836197,2667836197
2025-06-18 21:21:46,REAL,2667836197,491,2667836688,2667836688
2025-06-18 21:21:48,REAL,2667836688,485,2667837173,2667837173
2025-06-18 21:21:50,REAL,2667837173,474,2667837647,2667837647
2025-06-18 21:21:52,REAL,2667837647,479,2667838126,2667838126
2025-06-18 21:21:54,REAL,2667838126,475,2667838601,2667838601
2025-06-18 21:21:56,REAL,2667838601,478,2667839079,2667839079
2025-06-18 21:21:58,REAL,2667839079,534,2667839613,2667839613
2025-06-18 21:22:00,REAL,2667839613,479,2667840092,2667840092
2025-06-18 21:22:02,REAL,2667840092,483,2667840575,2667840575
2025-06-18 21:22:04,REAL,2667840575,544,2667841119,2667841119
2025-06-18 21:22:06,REAL,2667841119,488,2667841607,2667841607
2025-06-18 21:22:08,REAL,2667841607,478,2667842085,2667842085
2025-06-18 21:22:10,REAL,2667842085,486,2667842571,2667842571
2025-06-18 21:22:12,REAL,2667842571,480,2667843051,2667843051
2025-06-18 21:22:14,REAL,2667843051,480,2667843531,2667843531
2025-06-18 21:22:16,REAL,2667843531,476,2667844007,2667844007
2025-06-18 21:22:18,REAL,2667844007,485,2667844492,2667844492
2025-06-18 21:22:20,REAL,2667844492,12238,2667856730,2667856730
2025-06-18 21:22:22,REAL,2667856730,11244,2667867974,2667867974
2025-06-18 21:22:24,REAL,2667867974,10260,2667878234,2667878234
2025-06-18 21:22:26,REAL,2667878234,10251,2667888485,2667888485
2025-06-18 21:22:28,REAL,2667888485,10313,2667898798,2667898798
2025-06-18 21:22:30,REAL,2667898798,10253,2667909051,2667909051
2025-06-18 21:22:32,REAL,2667909051,10246,2667919297,2667919297
2025-06-18 21:22:34,REAL,2667919297,7280,2667926577,2667926577
2025-06-18 21:22:36,REAL,2667926577,488,2667927065,2667927065
2025-06-18 21:22:38,REAL,2667927065,543,2667927608,2667927608
2025-06-18 21:22:40,REAL,2667927608,484,2667928092,2667928092
2025-06-18 21:22:42,REAL,2667928092,489,2667928581,2667928581
2025-06-18 21:22:44,REAL,2667928581,486,2667929067,2667929067
2025-06-18 21:22:46,REAL,2667929067,474,2667929541,2667929541
2025-06-18 21:22:48,REAL,2667929541,489,2667930030,2667930030
2025-06-18 21:22:50,REAL,2667930030,492,2667930522,2667930522
2025-06-18 21:22:52,REAL,2667930522,477,2667930999,2667930999
2025-06-18 21:22:54,REAL,2667930999,478,2667931477,2667931477
2025-06-18 21:22:56,REAL,2667931477,488,2667931965,2667931965
2025-06-18 21:22:58,REAL,2667931965,476,2667932441,2667932441
2025-06-18 21:23:00,REAL,2667932441,477,2667932918,2667932918
2025-06-18 21:23:02,REAL,2667932918,478,2667933396,2667933396
2025-06-18 21:23:04,REAL,2667933396,484,2667933880,2667933880
2025-06-18 21:23:06,REAL,2667933880,543,2667934423,2667934423
2025-06-18 21:23:08,REAL,2667934423,483,2667934906,2667934906
2025-06-18 21:23:10,REAL,2667934906,477,2667935383,2667935383
2025-06-18 21:23:12,REAL,2667935383,476,2667935859,2667935859
2025-06-18 21:23:14,REAL,2667935859,484,2667936343,2667936343
2025-06-18 21:23:16,REAL,2667936343,482,2667936825,2667936825
2025-06-18 21:23:18,REAL,2667936825,490,2667937315,2667937315
2025-06-18 21:23:20,REAL,2667937315,483,2667937798,2667937798
2025-06-18 21:23:22,REAL,2667937798,477,2667938275,2667938275
2025-06-18 21:23:24,REAL,2667938275,494,2667938769,2667938769
2025-06-18 21:23:26,REAL,2667938769,542,2667939311,2667939311
2025-06-18 21:23:28,REAL,2667939311,486,2667939797,2667939797
2025-06-18 21:23:30,REAL,2667939797,483,2667940280,2667940280
2025-06-18 21:23:32,REAL,2667940280,480,2667940760,2667940760
2025-06-18 21:23:34,REAL,2667940760,479,2667941239,2667941239
2025-06-18 21:23:36,REAL,2667941239,482,2667941721,2667941721
2025-06-18 21:23:38,REAL,2667941721,490,2667942211,2667942211
2025-06-18 21:23:40,REAL,2667942211,486,2667942697,2667942697
2025-06-18 21:23:42,REAL,2667942697,486,2667943183,2667943183
2025-06-18 21:23:44,REAL,2667943183,488,2667943671,2667943671
2025-06-18 21:23:46,REAL,2667943671,479,2667944150,2667944150
2025-06-18 21:23:48,REAL,2667944150,493,2667944643,2667944643
2025-06-18 21:23:50,REAL,2667944643,482,2667945125,2667945125
2025-06-18 21:23:52,REAL,2667945125,542,2667945667,2667945667
2025-06-18 21:23:54,REAL,2667945667,478,2667946145,2667946145
2025-06-18 21:23:56,REAL,2667946145,485,2667946630,2667946630
2025-06-18 21:23:58,REAL,2667946630,479,2667947109,2667947109
2025-06-18 21:24:00,REAL,2667947109,486,2667947595,2667947595
2025-06-18 21:24:02,REAL,2667947595,484,2667948079,2667948079
2025-06-18 21:24:04,REAL,2667948079,487,2667948566,2667948566
2025-06-18 21:24:06,REAL,2667948566,488,2667949054,2667949054
2025-06-18 21:24:08,REAL,2667949054,492,2667949546,2667949546
2025-06-18 21:24:10,REAL,2667949546,488,2667950034,2667950034
2025-06-18 21:24:12,REAL,2667950034,480,2667950514,2667950514
2025-06-18 21:24:14,REAL,2667950514,482,2667950996,2667950996
2025-06-18 21:24:16,REAL,2667950996,533,2667951529,2667951529
2025-06-18 21:24:18,REAL,2667951529,486,2667952015,2667952015
2025-06-18 21:24:20,REAL,2667952015,486,2667952501,2667952501
2025-06-18 21:24:22,REAL,2667952501,549,2667953050,2667953050
2025-06-18 21:24:24,REAL,2667953050,485,2667953535,2667953535
2025-06-18 21:24:26,REAL,2667953535,482,2667954017,2667954017
2025-06-18 21:24:28,REAL,2667954017,492,2667954509,2667954509
2025-06-18 21:24:30,REAL,2667954509,487,2667954996,2667954996
2025-06-18 21:24:32,REAL,2667954996,485,2667955481,2667955481
2025-06-18 21:24:34,REAL,2667955481,485,2667955966,2667955966
2025-06-18 21:24:36,REAL,2667955966,484,2667956450,2667956450
2025-06-18 21:24:38,REAL,2667956450,481,2667956931,2667956931
2025-06-18 21:24:40,REAL,2667956931,488,2667957419,2667957419
2025-06-18 21:24:42,REAL,2667957419,486,2667957905,2667957905
2025-06-18 21:24:44,REAL,2667957905,484,2667958389,2667958389
2025-06-18 21:24:46,REAL,2667958389,480,2667958869,2667958869
2025-06-18 21:24:48,REAL,2667958869,474,2667959343,2667959343
2025-06-18 21:24:50,REAL,2667959343,476,2667959819,2667959819
2025-06-18 21:24:52,REAL,2667959819,544,2667960363,2667960363
2025-06-18 21:24:54,REAL,2667960363,489,2667960852,2667960852
2025-06-18 21:24:56,REAL,2667960852,479,2667961331,2667961331
2025-06-18 21:24:58,REAL,2667961331,480,2667961811,2667961811
2025-06-18 21:25:00,REAL,2667961811,481,2667962292,2667962292
2025-06-18 21:25:02,REAL,2667962292,483,2667962775,2667962775
2025-06-18 21:25:04,REAL,2667962775,546,2667963321,2667963321
2025-06-18 21:25:06,REAL,2667963321,480,2667963801,2667963801
2025-06-18 21:25:08,REAL,2667963801,493,2667964294,2667964294
2025-06-18 21:25:10,REAL,2667964294,486,2667964780,2667964780
2025-06-18 21:25:12,REAL,2667964780,482,2667965262,2667965262
2025-06-18 21:25:14,REAL,2667965262,489,2667965751,2667965751
2025-06-18 21:25:16,REAL,2667965751,482,2667966233,2667966233
2025-06-18 21:25:18,REAL,2667966233,475,2667966708,2667966708
2025-06-18 21:25:20,REAL,2667966708,477,2667967185,2667967185
2025-06-18 21:25:22,REAL,2667967185,485,2667967670,2667967670
2025-06-18 21:25:24,REAL,2667967670,538,2667968208,2667968208
2025-06-18 21:25:26,REAL,2667968208,488,2667968696,2667968696
2025-06-18 21:25:28,REAL,2667968696,486,2667969182,2667969182
2025-06-18 21:25:30,REAL,2667969182,478,2667969660,2667969660
2025-06-18 21:25:32,REAL,2667969660,490,2667970150,2667970150
2025-06-18 21:25:34,REAL,2667970150,489,2667970639,2667970639
2025-06-18 21:25:36,REAL,2667970639,485,2667971124,2667971124
2025-06-18 21:25:38,REAL,2667971124,484,2667971608,2667971608
2025-06-18 21:25:40,REAL,2667971608,487,2667972095,2667972095
2025-06-18 21:25:42,REAL,2667972095,484,2667972579,2667972579
2025-06-18 21:25:44,REAL,2667972579,487,2667973066,2667973066
2025-06-18 21:25:46,REAL,2667973066,481,2667973547,2667973547
2025-06-18 21:25:48,REAL,2667973547,485,2667974032,2667974032
2025-06-18 21:25:50,REAL,2667974032,485,2667974517,2667974517
2025-06-18 21:25:52,REAL,2667974517,482,2667974999,2667974999
2025-06-18 21:25:54,REAL,2667974999,601,2667975600,2667975600
2025-06-18 21:25:56,REAL,2667975600,488,2667976088,2667976088
2025-06-18 21:25:58,REAL,2667976088,488,2667976576,2667976576
2025-06-18 21:26:00,REAL,2667976576,485,2667977061,2667977061
2025-06-18 21:26:02,REAL,2667977061,478,2667977539,2667977539
2025-06-18 21:26:04,REAL,2667977539,480,2667978019,2667978019
2025-06-18 21:26:06,REAL,2667978019,484,2667978503,2667978503
2025-06-18 21:26:08,REAL,2667978503,481,2667978984,2667978984
2025-06-18 21:26:10,REAL,2667978984,491,2667979475,2667979475
2025-06-18 21:26:12,REAL,2667979475,490,2667979965,2667979965
2025-06-18 21:26:14,REAL,2667979965,488,2667980453,2667980453
2025-06-18 21:26:16,REAL,2667980453,481,2667980934,2667980934
2025-06-18 21:26:18,REAL,2667980934,488,2667981422,2667981422
2025-06-18 21:26:20,REAL,2667981422,491,2667981913,2667981913
2025-06-18 21:26:22,REAL,2667981913,485,2667982398,2667982398
2025-06-18 21:26:24,REAL,2667982398,535,2667982933,2667982933
2025-06-18 21:26:26,REAL,2667982933,480,2667983413,2667983413
2025-06-18 21:26:28,REAL,2667983413,479,2667983892,2667983892
2025-06-18 21:26:30,REAL,2667983892,484,2667984376,2667984376
2025-06-18 21:26:32,REAL,2667984376,480,2667984856,2667984856
2025-06-18 21:26:34,REAL,2667984856,3923,2667988779,2667988779
2025-06-18 21:26:36,REAL,2667988779,14671,2668003450,2668003450
2025-06-18 21:26:38,REAL,2668003450,10320,2668013770,2668013770
2025-06-18 21:26:40,REAL,2668013770,10254,2668024024,2668024024
2025-06-18 21:26:42,REAL,2668024024,10366,2668034390,2668034390
2025-06-18 21:26:44,REAL,2668034390,10250,2668044640,2668044640
2025-06-18 21:26:46,REAL,2668044640,10250,2668054890,2668054890
2025-06-18 21:26:48,REAL,2668054890,10260,2668065150,2668065150
2025-06-18 21:26:50,REAL,2668065150,2334,2668067484,2668067484
2025-06-18 21:26:52,REAL,2668067484,486,2668067970,2668067970
2025-06-18 21:26:54,REAL,2668067970,490,2668068460,2668068460
2025-06-18 21:26:56,REAL,2668068460,486,2668068946,2668068946
2025-06-18 21:26:58,REAL,2668068946,481,2668069427,2668069427
2025-06-18 21:27:00,REAL,2668069427,487,2668069914,2668069914
2025-06-18 21:27:02,REAL,2668069914,483,2668070397,2668070397
2025-06-18 21:27:04,REAL,2668070397,536,2668070933,2668070933
2025-06-18 21:27:06,REAL,2668070933,4907,2668075840,2668075840
2025-06-18 21:27:08,REAL,2668075840,11312,2668087152,2668087152
2025-06-18 21:27:10,REAL,2668087152,10255,2668097407,2668097407
2025-06-18 21:27:12,REAL,2668097407,10317,2668107724,2668107724
2025-06-18 21:27:14,REAL,2668107724,10246,2668117970,2668117970
2025-06-18 21:27:16,REAL,2668117970,10250,2668128220,2668128220
2025-06-18 21:27:18,REAL,2668128220,10313,2668138533,2668138533
2025-06-18 21:27:20,REAL,2668138533,10250,2668148783,2668148783
2025-06-18 21:27:22,REAL,2668148783,1672,2668150455,2668150455
2025-06-18 21:27:24,REAL,2668150455,478,2668150933,2668150933
2025-06-18 21:27:26,REAL,2668150933,485,2668151418,2668151418
2025-06-18 21:27:28,REAL,2668151418,476,2668151894,2668151894
2025-06-18 21:27:30,REAL,2668151894,491,2668152385,2668152385
2025-06-18 21:27:32,REAL,2668152385,538,2668152923,2668152923
2025-06-18 21:27:34,REAL,2668152923,481,2668153404,2668153404
2025-06-18 21:27:36,REAL,2668153404,546,2668153950,2668153950
2025-06-18 21:27:38,REAL,2668153950,6822,2668160772,2668160772
2025-06-18 21:27:40,REAL,2668160772,13547,2668174319,2668174319
2025-06-18 21:27:42,REAL,2668174319,10318,2668184637,2668184637
2025-06-18 21:27:44,REAL,2668184637,10250,2668194887,2668194887
2025-06-18 21:27:46,REAL,2668194887,10257,2668205144,2668205144
2025-06-18 21:27:48,REAL,2668205144,10257,2668215401,2668215401
2025-06-18 21:27:50,REAL,2668215401,10252,2668225653,2668225653
2025-06-18 21:27:52,REAL,2668225653,10258,2668235911,2668235911
2025-06-18 21:27:54,REAL,2668235911,1082,2668236993,2668236993
2025-06-18 21:27:56,REAL,2668236993,481,2668237474,2668237474
2025-06-18 21:27:58,REAL,2668237474,480,2668237954,2668237954
2025-06-18 21:28:00,REAL,2668237954,477,2668238431,2668238431
2025-06-18 21:28:02,REAL,2668238431,476,2668238907,2668238907
2025-06-18 21:28:04,REAL,2668238907,484,2668239391,2668239391
2025-06-18 21:28:06,REAL,2668239391,477,2668239868,2668239868
2025-06-18 21:28:08,REAL,2668239868,532,2668240400,2668240400
2025-06-18 21:28:10,REAL,2668240400,6041,2668246441,2668246441
2025-06-18 21:28:12,REAL,2668246441,11777,2668258218,2668258218
2025-06-18 21:28:14,REAL,2668258218,10256,2668268474,2668268474
2025-06-18 21:28:16,REAL,2668268474,10251,2668278725,2668278725
2025-06-18 21:28:18,REAL,2668278725,10317,2668289042,2668289042
2025-06-18 21:28:20,REAL,2668289042,10307,2668299349,2668299349
2025-06-18 21:28:22,REAL,2668299349,10248,2668309597,2668309597
2025-06-18 21:28:24,REAL,2668309597,10179,2668319776,2668319776
2025-06-18 21:28:26,REAL,2668319776,476,2668320252,2668320252
2025-06-18 21:28:28,REAL,2668320252,484,2668320736,2668320736
2025-06-18 21:28:30,REAL,2668320736,483,2668321219,2668321219
2025-06-18 21:28:32,REAL,2668321219,492,2668321711,2668321711
2025-06-18 21:28:34,REAL,2668321711,477,2668322188,2668322188
2025-06-18 21:28:36,REAL,2668322188,478,2668322666,2668322666
2025-06-18 21:28:38,REAL,2668322666,543,2668323209,2668323209
2025-06-18 21:28:40,REAL,2668323209,488,2668323697,2668323697
2025-06-18 21:28:42,REAL,2668323697,7214,2668330911,2668330911
2025-06-18 21:28:44,REAL,2668330911,10985,2668341896,2668341896
2025-06-18 21:28:46,REAL,2668341896,10257,2668352153,2668352153
2025-06-18 21:28:48,REAL,2668352153,10319,2668362472,2668362472
2025-06-18 21:28:50,REAL,2668362472,10247,2668372719,2668372719
2025-06-18 21:28:52,REAL,2668372719,10243,2668382962,2668382962
2025-06-18 21:28:54,REAL,2668382962,10319,2668393281,2668393281
2025-06-18 21:28:56,REAL,2668393281,9532,2668402813,2668402813
2025-06-18 21:28:58,REAL,2668402813,485,2668403298,2668403298
2025-06-18 21:29:00,REAL,2668403298,492,2668403790,2668403790
2025-06-18 21:29:02,REAL,2668403790,481,2668404271,2668404271
2025-06-18 21:29:04,REAL,2668404271,537,2668404808,2668404808
2025-06-18 21:29:06,REAL,2668404808,484,2668405292,2668405292
2025-06-18 21:29:08,REAL,2668405292,545,2668405837,2668405837
2025-06-18 21:29:10,REAL,2668405837,486,2668406323,2668406323
2025-06-18 21:29:12,REAL,2668406323,485,2668406808,2668406808
2025-06-18 21:29:14,REAL,2668406808,9013,2668415821,2668415821
2025-06-18 21:29:16,REAL,2668415821,12232,2668428053,2668428053
2025-06-18 21:29:18,REAL,2668428053,10317,2668438370,2668438370
2025-06-18 21:29:20,REAL,2668438370,10245,2668448615,2668448615
2025-06-18 21:29:22,REAL,2668448615,10251,2668458866,2668458866
2025-06-18 21:29:24,REAL,2668458866,10309,2668469175,2668469175
2025-06-18 21:29:26,REAL,2668469175,10312,2668479487,2668479487
2025-06-18 21:29:28,REAL,2668479487,8929,2668488416,2668488416
2025-06-18 21:29:30,REAL,2668488416,485,2668488901,2668488901
2025-06-18 21:29:32,REAL,2668488901,488,2668489389,2668489389
2025-06-18 21:29:34,REAL,2668489389,477,2668489866,2668489866
2025-06-18 21:29:36,REAL,2668489866,483,2668490349,2668490349
2025-06-18 21:29:38,REAL,2668490349,486,2668490835,2668490835
2025-06-18 21:29:40,REAL,2668490835,535,2668491370,2668491370
2025-06-18 21:29:42,REAL,2668491370,479,2668491849,2668491849
2025-06-18 21:29:44,REAL,2668491849,483,2668492332,2668492332
2025-06-18 21:29:46,REAL,2668492332,491,2668492823,2668492823
2025-06-18 21:29:48,REAL,2668492823,534,2668493357,2668493357
2025-06-18 21:29:50,REAL,2668493357,488,2668493845,2668493845
2025-06-18 21:29:52,REAL,2668493845,487,2668494332,2668494332
2025-06-18 21:29:54,REAL,2668494332,482,2668494814,2668494814
2025-06-18 21:29:56,REAL,2668494814,487,2668495301,2668495301
2025-06-18 21:29:58,REAL,2668495301,485,2668495786,2668495786
2025-06-18 21:30:00,REAL,2668495786,483,2668496269,2668496269
2025-06-18 21:30:02,REAL,2668496269,482,2668496751,2668496751
2025-06-18 21:30:04,REAL,2668496751,490,2668497241,2668497241
2025-06-18 21:30:06,REAL,2668497241,543,2668497784,2668497784
2025-06-18 21:30:08,REAL,2668497784,479,2668498263,2668498263
2025-06-18 21:30:10,REAL,2668498263,537,2668498800,2668498800
2025-06-18 21:30:12,REAL,2668498800,9271,2668508071,2668508071
2025-06-18 21:30:14,REAL,2668508071,10781,2668518852,2668518852
2025-06-18 21:30:16,REAL,2668518852,10250,2668529102,2668529102
2025-06-18 21:30:18,REAL,2668529102,10253,2668539355,2668539355
2025-06-18 21:30:20,REAL,2668539355,10311,2668549666,2668549666
2025-06-18 21:30:22,REAL,2668549666,10245,2668559911,2668559911
2025-06-18 21:30:24,REAL,2668559911,10313,2668570224,2668570224
2025-06-18 21:30:26,REAL,2668570224,7872,2668578096,2668578096
2025-06-18 21:30:28,REAL,2668578096,483,2668578579,2668578579
2025-06-18 21:30:30,REAL,2668578579,480,2668579059,2668579059
2025-06-18 21:30:32,REAL,2668579059,542,2668579601,2668579601
2025-06-18 21:30:34,REAL,2668579601,487,2668580088,2668580088
2025-06-18 21:30:36,REAL,2668580088,491,2668580579,2668580579
2025-06-18 21:30:38,REAL,2668580579,537,2668581116,2668581116
2025-06-18 21:30:40,REAL,2668581116,483,2668581599,2668581599
2025-06-18 21:30:42,REAL,2668581599,480,2668582079,2668582079
2025-06-18 21:30:44,REAL,2668582079,488,2668582567,2668582567
2025-06-18 21:30:46,REAL,2668582567,490,2668583057,2668583057
2025-06-18 21:30:48,REAL,2668583057,3800,2668586857,2668586857
2025-06-18 21:30:50,REAL,2668586857,11365,2668598222,2668598222
2025-06-18 21:30:52,REAL,2668598222,10256,2668608478,2668608478
2025-06-18 21:30:54,REAL,2668608478,10373,2668618851,2668618851
2025-06-18 21:30:56,REAL,2668618851,10250,2668629101,2668629101
2025-06-18 21:30:58,REAL,2668629101,10248,2668639349,2668639349
2025-06-18 21:31:00,REAL,2668639349,10259,2668649608,2668649608
2025-06-18 21:31:02,REAL,2668649608,10321,2668659929,2668659929
2025-06-18 21:31:04,REAL,2668659929,2468,2668662397,2668662397
2025-06-18 21:31:06,REAL,2668662397,486,2668662883,2668662883
2025-06-18 21:31:08,REAL,2668662883,488,2668663371,2668663371
2025-06-18 21:31:10,REAL,2668663371,482,2668663853,2668663853
2025-06-18 21:31:12,REAL,2668663853,488,2668664341,2668664341
2025-06-18 21:31:14,REAL,2668664341,531,2668664872,2668664872
2025-06-18 21:31:16,REAL,2668664872,538,2668665410,2668665410
2025-06-18 21:31:18,REAL,2668665410,484,2668665894,2668665894
2025-06-18 21:31:20,REAL,2668665894,4711,2668670605,2668670605
2025-06-18 21:31:22,REAL,2668670605,14343,2668684948,2668684948
2025-06-18 21:31:24,REAL,2668684948,10312,2668695260,2668695260
2025-06-18 21:31:26,REAL,2668695260,10255,2668705515,2668705515
2025-06-18 21:31:28,REAL,2668705515,10258,2668715773,2668715773
2025-06-18 21:31:30,REAL,2668715773,10313,2668726086,2668726086
2025-06-18 21:31:32,REAL,2668726086,10246,2668736332,2668736332
2025-06-18 21:31:34,REAL,2668736332,10326,2668746658,2668746658
2025-06-18 21:31:36,REAL,2668746658,1870,2668748528,2668748528
2025-06-18 21:31:38,REAL,2668748528,539,2668749067,2668749067
2025-06-18 21:31:40,REAL,2668749067,487,2668749554,2668749554
2025-06-18 21:31:42,REAL,2668749554,485,2668750039,2668750039
2025-06-18 21:31:44,REAL,2668750039,483,2668750522,2668750522
2025-06-18 21:31:46,REAL,2668750522,538,2668751060,2668751060
2025-06-18 21:31:48,REAL,2668751060,488,2668751548,2668751548
2025-06-18 21:31:50,REAL,2668751548,488,2668752036,2668752036
2025-06-18 21:31:52,REAL,2668752036,482,2668752518,2668752518
2025-06-18 21:31:54,REAL,2668752518,552,2668753070,2668753070
2025-06-18 21:31:56,REAL,2668753070,481,2668753551,2668753551
2025-06-18 21:31:58,REAL,2668753551,485,2668754036,2668754036
2025-06-18 21:32:00,REAL,2668754036,540,2668754576,2668754576
2025-06-18 21:32:02,REAL,2668754576,483,2668755059,2668755059
2025-06-18 21:32:04,REAL,2668755059,482,2668755541,2668755541
2025-06-18 21:32:06,REAL,2668755541,482,2668756023,2668756023
2025-06-18 21:32:08,REAL,2668756023,481,2668756504,2668756504
2025-06-18 21:32:10,REAL,2668756504,486,2668756990,2668756990
2025-06-18 21:32:12,REAL,2668756990,544,2668757534,2668757534
2025-06-18 21:32:14,REAL,2668757534,487,2668758021,2668758021
2025-06-18 21:32:16,REAL,2668758021,477,2668758498,2668758498
2025-06-18 21:32:18,REAL,2668758498,485,2668758983,2668758983
2025-06-18 21:32:20,REAL,2668758983,479,2668759462,2668759462
2025-06-18 21:32:22,REAL,2668759462,533,2668759995,2668759995
2025-06-18 21:32:24,REAL,2668759995,6238,2668766233,2668766233
2025-06-18 21:32:26,REAL,2668766233,11115,2668777348,2668777348
2025-06-18 21:32:28,REAL,2668777348,10246,2668787594,2668787594
2025-06-18 21:32:30,REAL,2668787594,10260,2668797854,2668797854
2025-06-18 21:32:32,REAL,2668797854,10321,2668808175,2668808175
2025-06-18 21:32:34,REAL,2668808175,10255,2668818430,2668818430
2025-06-18 21:32:36,REAL,2668818430,10249,2668828679,2668828679
2025-06-18 21:32:38,REAL,2668828679,10252,2668838931,2668838931
2025-06-18 21:32:40,REAL,2668838931,620,2668839551,2668839551
2025-06-18 21:32:42,REAL,2668839551,484,2668840035,2668840035
2025-06-18 21:32:44,REAL,2668840035,538,2668840573,2668840573
2025-06-18 21:32:46,REAL,2668840573,479,2668841052,2668841052
2025-06-18 21:32:48,REAL,2668841052,481,2668841533,2668841533
2025-06-18 21:32:50,REAL,2668841533,540,2668842073,2668842073
2025-06-18 21:32:52,REAL,2668842073,487,2668842560,2668842560
2025-06-18 21:32:54,REAL,2668842560,480,2668843040,2668843040
2025-06-18 21:32:56,REAL,2668843040,6362,2668849402,2668849402
2025-06-18 21:32:58,REAL,2668849402,10646,2668860048,2668860048
2025-06-18 21:33:00,REAL,2668860048,10315,2668870363,2668870363
2025-06-18 21:33:02,REAL,2668870363,10247,2668880610,2668880610
2025-06-18 21:33:04,REAL,2668880610,10317,2668890927,2668890927
2025-06-18 21:33:06,REAL,2668890927,10260,2668901187,2668901187
2025-06-18 21:33:08,REAL,2668901187,10253,2668911440,2668911440
2025-06-18 21:33:10,REAL,2668911440,9728,2668921168,2668921168
2025-06-18 21:33:12,REAL,2668921168,485,2668921653,2668921653
2025-06-18 21:33:14,REAL,2668921653,485,2668922138,2668922138
2025-06-18 21:33:16,REAL,2668922138,480,2668922618,2668922618
2025-06-18 21:33:18,REAL,2668922618,537,2668923155,2668923155
2025-06-18 21:33:20,REAL,2668923155,477,2668923632,2668923632
2025-06-18 21:33:22,REAL,2668923632,544,2668924176,2668924176
2025-06-18 21:33:24,REAL,2668924176,480,2668924656,2668924656
2025-06-18 21:33:26,REAL,2668924656,483,2668925139,2668925139
2025-06-18 21:33:28,REAL,2668925139,494,2668925633,2668925633
2025-06-18 21:33:30,REAL,2668925633,480,2668926113,2668926113
2025-06-18 21:33:32,REAL,2668926113,488,2668926601,2668926601
2025-06-18 21:33:34,REAL,2668926601,478,2668927079,2668927079
2025-06-18 21:33:36,REAL,2668927079,487,2668927566,2668927566
2025-06-18 21:33:38,REAL,2668927566,483,2668928049,2668928049
2025-06-18 21:33:40,REAL,2668928049,484,2668928533,2668928533
2025-06-18 21:33:42,REAL,2668928533,482,2668929015,2668929015
2025-06-18 21:33:44,REAL,2668929015,490,2668929505,2668929505
2025-06-18 21:33:46,REAL,2668929505,479,2668929984,2668929984
2025-06-18 21:33:48,REAL,2668929984,544,2668930528,2668930528
2025-06-18 21:33:50,REAL,2668930528,482,2668931010,2668931010
2025-06-18 21:33:52,REAL,2668931010,492,2668931502,2668931502
2025-06-18 21:33:54,REAL,2668931502,545,2668932047,2668932047
2025-06-18 21:33:56,REAL,2668932047,480,2668932527,2668932527
2025-06-18 21:33:58,REAL,2668932527,484,2668933011,2668933011
2025-06-18 21:34:00,REAL,2668933011,482,2668933493,2668933493
2025-06-18 21:34:02,REAL,2668933493,492,2668933985,2668933985
2025-06-18 21:34:04,REAL,2668933985,485,2668934470,2668934470
2025-06-18 21:34:06,REAL,2668934470,483,2668934953,2668934953
2025-06-18 21:34:08,REAL,2668934953,491,2668935444,2668935444
2025-06-18 21:34:10,REAL,2668935444,479,2668935923,2668935923
2025-06-18 21:34:12,REAL,2668935923,481,2668936404,2668936404
2025-06-18 21:34:14,REAL,2668936404,543,2668936947,2668936947
2025-06-18 21:34:16,REAL,2668936947,490,2668937437,2668937437
2025-06-18 21:34:18,REAL,2668937437,479,2668937916,2668937916
2025-06-18 21:34:20,REAL,2668937916,488,2668938404,2668938404
2025-06-18 21:34:22,REAL,2668938404,489,2668938893,2668938893
2025-06-18 21:34:24,REAL,2668938893,483,2668939376,2668939376
2025-06-18 21:34:26,REAL,2668939376,491,2668939867,2668939867
2025-06-18 21:34:28,REAL,2668939867,540,2668940407,2668940407
2025-06-18 21:34:30,REAL,2668940407,489,2668940896,2668940896
2025-06-18 21:34:32,REAL,2668940896,480,2668941376,2668941376
2025-06-18 21:34:34,REAL,2668941376,474,2668941850,2668941850
2025-06-18 21:34:36,REAL,2668941850,484,2668942334,2668942334
2025-06-18 21:34:38,REAL,2668942334,540,2668942874,2668942874
2025-06-18 21:34:40,REAL,2668942874,486,2668943360,2668943360
2025-06-18 21:34:42,REAL,2668943360,489,2668943849,2668943849
2025-06-18 21:34:44,REAL,2668943849,494,2668944343,2668944343
2025-06-18 21:34:46,REAL,2668944343,488,2668944831,2668944831
2025-06-18 21:34:48,REAL,2668944831,484,2668945315,2668945315
2025-06-18 21:34:50,REAL,2668945315,492,2668945807,2668945807
2025-06-18 21:34:52,REAL,2668945807,483,2668946290,2668946290
2025-06-18 21:34:54,REAL,2668946290,481,2668946771,2668946771
2025-06-18 21:34:56,REAL,2668946771,488,2668947259,2668947259
2025-06-18 21:34:58,REAL,2668947259,480,2668947739,2668947739
2025-06-18 21:35:00,REAL,2668947739,478,2668948217,2668948217
2025-06-18 21:35:02,REAL,2668948217,540,2668948757,2668948757
2025-06-18 21:35:04,REAL,2668948757,9923,2668958680,2668958680
2025-06-18 21:35:06,REAL,2668958680,10382,2668969062,2668969062
2025-06-18 21:35:08,REAL,2668969062,10323,2668979385,2668979385
2025-06-18 21:35:10,REAL,2668979385,10260,2668989645,2668989645
2025-06-18 21:35:12,REAL,2668989645,10314,2668999959,2668999959
2025-06-18 21:35:14,REAL,2668999959,10248,2669010207,2669010207
2025-06-18 21:35:16,REAL,2669010207,10253,2669020460,2669020460
2025-06-18 21:35:18,REAL,2669020460,7286,2669027746,2669027746
2025-06-18 21:35:20,REAL,2669027746,487,2669028233,2669028233
2025-06-18 21:35:22,REAL,2669028233,481,2669028714,2669028714
2025-06-18 21:35:24,REAL,2669028714,477,2669029191,2669029191
2025-06-18 21:35:26,REAL,2669029191,488,2669029679,2669029679
2025-06-18 21:35:28,REAL,2669029679,538,2669030217,2669030217
2025-06-18 21:35:30,REAL,2669030217,489,2669030706,2669030706
2025-06-18 21:35:32,REAL,2669030706,494,2669031200,2669031200
2025-06-18 21:35:34,REAL,2669031200,491,2669031691,2669031691
2025-06-18 21:35:36,REAL,2669031691,489,2669032180,2669032180
2025-06-18 21:35:38,REAL,2669032180,535,2669032715,2669032715
2025-06-18 21:35:40,REAL,2669032715,483,2669033198,2669033198
2025-06-18 21:35:42,REAL,2669033198,481,2669033679,2669033679
2025-06-18 21:35:44,REAL,2669033679,483,2669034162,2669034162
2025-06-18 21:35:46,REAL,2669034162,485,2669034647,2669034647
2025-06-18 21:35:48,REAL,2669034647,483,2669035130,2669035130
2025-06-18 21:35:50,REAL,2669035130,479,2669035609,2669035609
2025-06-18 21:35:52,REAL,2669035609,539,2669036148,2669036148
2025-06-18 21:35:54,REAL,2669036148,488,2669036636,2669036636
2025-06-18 21:35:56,REAL,2669036636,488,2669037124,2669037124
2025-06-18 21:35:58,REAL,2669037124,484,2669037608,2669037608
2025-06-18 21:36:00,REAL,2669037608,485,2669038093,2669038093
2025-06-18 21:36:02,REAL,2669038093,482,2669038575,2669038575
2025-06-18 21:36:04,REAL,2669038575,487,2669039062,2669039062
2025-06-18 21:36:06,REAL,2669039062,479,2669039541,2669039541
2025-06-18 21:36:08,REAL,2669039541,14759,2669054300,2669054300
2025-06-18 21:36:10,REAL,2669054300,10319,2669064619,2669064619
2025-06-18 21:36:12,REAL,2669064619,10131,2669074750,2669074750
2025-06-18 21:36:14,REAL,2669074750,10252,2669085002,2669085002
2025-06-18 21:36:16,REAL,2669085002,10260,2669095262,2669095262
2025-06-18 21:36:18,REAL,2669095262,10248,2669105510,2669105510
2025-06-18 21:36:20,REAL,2669105510,10261,2669115771,2669115771
2025-06-18 21:36:22,REAL,2669115771,6028,2669121799,2669121799
2025-06-18 21:36:24,REAL,2669121799,478,2669122277,2669122277
2025-06-18 21:36:26,REAL,2669122277,482,2669122759,2669122759
2025-06-18 21:36:28,REAL,2669122759,478,2669123237,2669123237
2025-06-18 21:36:30,REAL,2669123237,483,2669123720,2669123720
2025-06-18 21:36:32,REAL,2669123720,543,2669124263,2669124263
2025-06-18 21:36:34,REAL,2669124263,482,2669124745,2669124745
2025-06-18 21:36:36,REAL,2669124745,485,2669125230,2669125230
2025-06-18 21:36:38,REAL,2669125230,480,2669125710,2669125710
2025-06-18 21:36:40,REAL,2669125710,481,2669126191,2669126191
2025-06-18 21:36:42,REAL,2669126191,482,2669126673,2669126673
2025-06-18 21:36:44,REAL,2669126673,485,2669127158,2669127158
2025-06-18 21:36:46,REAL,2669127158,545,2669127703,2669127703
2025-06-18 21:36:48,REAL,2669127703,479,2669128182,2669128182
2025-06-18 21:36:50,REAL,2669128182,478,2669128660,2669128660
2025-06-18 21:36:52,REAL,2669128660,485,2669129145,2669129145
2025-06-18 21:36:54,REAL,2669129145,482,2669129627,2669129627
2025-06-18 21:36:56,REAL,2669129627,539,2669130166,2669130166
2025-06-18 21:36:58,REAL,2669130166,485,2669130651,2669130651
2025-06-18 21:37:00,REAL,2669130651,482,2669131133,2669131133
2025-06-18 21:37:02,REAL,2669131133,482,2669131615,2669131615
2025-06-18 21:37:04,REAL,2669131615,491,2669132106,2669132106
2025-06-18 21:37:06,REAL,2669132106,475,2669132581,2669132581
2025-06-18 21:37:08,REAL,2669132581,478,2669133059,2669133059
2025-06-18 21:37:10,REAL,2669133059,478,2669133537,2669133537
2025-06-18 21:37:12,REAL,2669133537,484,2669134021,2669134021
2025-06-18 21:37:14,REAL,2669134021,489,2669134510,2669134510
2025-06-18 21:37:16,REAL,2669134510,487,2669134997,2669134997
2025-06-18 21:37:18,REAL,2669134997,485,2669135482,2669135482
2025-06-18 21:37:20,REAL,2669135482,603,2669136085,2669136085
2025-06-18 21:37:22,REAL,2669136085,482,2669136567,2669136567
2025-06-18 21:37:24,REAL,2669136567,478,2669137045,2669137045
2025-06-18 21:37:26,REAL,2669137045,480,2669137525,2669137525
2025-06-18 21:37:28,REAL,2669137525,483,2669138008,2669138008
2025-06-18 21:37:30,REAL,2669138008,480,2669138488,2669138488
2025-06-18 21:37:32,REAL,2669138488,487,2669138975,2669138975
2025-06-18 21:37:34,REAL,2669138975,476,2669139451,2669139451
2025-06-18 21:37:36,REAL,2669139451,492,2669139943,2669139943
2025-06-18 21:37:38,REAL,2669139943,488,2669140431,2669140431
2025-06-18 21:37:40,REAL,2669140431,481,2669140912,2669140912
2025-06-18 21:37:42,REAL,2669140912,484,2669141396,2669141396
2025-06-18 21:37:44,REAL,2669141396,491,2669141887,2669141887
2025-06-18 21:37:46,REAL,2669141887,537,2669142424,2669142424
2025-06-18 21:37:48,REAL,2669142424,478,2669142902,2669142902
2025-06-18 21:37:50,REAL,2669142902,485,2669143387,2669143387
2025-06-18 21:37:52,REAL,2669143387,487,2669143874,2669143874
2025-06-18 21:37:54,REAL,2669143874,546,2669144420,2669144420
2025-06-18 21:37:56,REAL,2669144420,482,2669144902,2669144902
2025-06-18 21:37:58,REAL,2669144902,478,2669145380,2669145380
2025-06-18 21:38:00,REAL,2669145380,480,2669145860,2669145860
2025-06-18 21:38:02,REAL,2669145860,481,2669146341,2669146341
2025-06-18 21:38:04,REAL,2669146341,484,2669146825,2669146825
2025-06-18 21:38:06,REAL,2669146825,485,2669147310,2669147310
2025-06-18 21:38:08,REAL,2669147310,479,2669147789,2669147789
2025-06-18 21:38:10,REAL,2669147789,537,2669148326,2669148326
2025-06-18 21:38:12,REAL,2669148326,491,2669148817,2669148817
2025-06-18 21:38:14,REAL,2669148817,478,2669149295,2669149295
2025-06-18 21:38:16,REAL,2669149295,475,2669149770,2669149770
2025-06-18 21:38:18,REAL,2669149770,481,2669150251,2669150251
2025-06-18 21:38:20,REAL,2669150251,484,2669150735,2669150735
2025-06-18 21:38:22,REAL,2669150735,482,2669151217,2669151217
2025-06-18 21:38:24,REAL,2669151217,484,2669151701,2669151701
2025-06-18 21:38:26,REAL,2669151701,490,2669152191,2669152191
2025-06-18 21:38:28,REAL,2669152191,489,2669152680,2669152680
2025-06-18 21:38:30,REAL,2669152680,484,2669153164,2669153164
2025-06-18 21:38:32,REAL,2669153164,484,2669153648,2669153648
2025-06-18 21:38:34,REAL,2669153648,533,2669154181,2669154181
2025-06-18 21:38:36,REAL,2669154181,476,2669154657,2669154657
2025-06-18 21:38:38,REAL,2669154657,486,2669155143,2669155143
2025-06-18 21:38:40,REAL,2669155143,541,2669155684,2669155684
2025-06-18 21:38:42,REAL,2669155684,477,2669156161,2669156161
2025-06-18 21:38:44,REAL,2669156161,474,2669156635,2669156635
2025-06-18 21:38:46,REAL,2669156635,3262,2669159897,2669159897
2025-06-18 21:38:48,REAL,2669159897,11504,2669171401,2669171401
2025-06-18 21:38:50,REAL,2669171401,10318,2669181719,2669181719
2025-06-18 21:38:52,REAL,2669181719,10247,2669191966,2669191966
2025-06-18 21:38:54,REAL,2669191966,10246,2669202212,2669202212
2025-06-18 21:38:56,REAL,2669202212,10328,2669212540,2669212540
2025-06-18 21:38:58,REAL,2669212540,10246,2669222786,2669222786
2025-06-18 21:39:00,REAL,2669222786,10245,2669233031,2669233031
2025-06-18 21:39:02,REAL,2669233031,2929,2669235960,2669235960
2025-06-18 21:39:04,REAL,2669235960,482,2669236442,2669236442
2025-06-18 21:39:06,REAL,2669236442,482,2669236924,2669236924
2025-06-18 21:39:08,REAL,2669236924,478,2669237402,2669237402
2025-06-18 21:39:10,REAL,2669237402,490,2669237892,2669237892
2025-06-18 21:39:12,REAL,2669237892,490,2669238382,2669238382
2025-06-18 21:39:14,REAL,2669238382,486,2669238868,2669238868
2025-06-18 21:39:16,REAL,2669238868,486,2669239354,2669239354
2025-06-18 21:39:18,REAL,2669239354,4115,2669243469,2669243469
2025-06-18 21:39:20,REAL,2669243469,11250,2669254719,2669254719
2025-06-18 21:39:22,REAL,2669254719,10257,2669264976,2669264976
2025-06-18 21:39:24,REAL,2669264976,10372,2669275348,2669275348
2025-06-18 21:39:26,REAL,2669275348,10248,2669285596,2669285596
2025-06-18 21:39:28,REAL,2669285596,10250,2669295846,2669295846
2025-06-18 21:39:30,REAL,2669295846,10324,2669306170,2669306170
2025-06-18 21:39:32,REAL,2669306170,10255,2669316425,2669316425
2025-06-18 21:39:34,REAL,2669316425,2270,2669318695,2669318695
2025-06-18 21:39:36,REAL,2669318695,488,2669319183,2669319183
2025-06-18 21:39:38,REAL,2669319183,490,2669319673,2669319673
2025-06-18 21:39:40,REAL,2669319673,483,2669320156,2669320156
2025-06-18 21:39:42,REAL,2669320156,487,2669320643,2669320643
2025-06-18 21:39:44,REAL,2669320643,485,2669321128,2669321128
2025-06-18 21:39:46,REAL,2669321128,483,2669321611,2669321611
2025-06-18 21:39:48,REAL,2669321611,483,2669322094,2669322094
2025-06-18 21:39:50,REAL,2669322094,4975,2669327069,2669327069
2025-06-18 21:39:52,REAL,2669327069,11242,2669338311,2669338311
2025-06-18 21:39:54,REAL,2669338311,10314,2669348625,2669348625
2025-06-18 21:39:56,REAL,2669348625,10254,2669358879,2669358879
2025-06-18 21:39:58,REAL,2669358879,10321,2669369200,2669369200
2025-06-18 21:40:00,REAL,2669369200,10254,2669379454,2669379454
2025-06-18 21:40:02,REAL,2669379454,10315,2669389769,2669389769
2025-06-18 21:40:04,REAL,2669389769,10258,2669400027,2669400027
2025-06-18 21:40:06,REAL,2669400027,1613,2669401640,2669401640
2025-06-18 21:40:08,REAL,2669401640,483,2669402123,2669402123
2025-06-18 21:40:10,REAL,2669402123,541,2669402664,2669402664
2025-06-18 21:40:12,REAL,2669402664,492,2669403156,2669403156
2025-06-18 21:40:14,REAL,2669403156,477,2669403633,2669403633
2025-06-18 21:40:16,REAL,2669403633,488,2669404121,2669404121
2025-06-18 21:40:18,REAL,2669404121,480,2669404601,2669404601
2025-06-18 21:40:20,REAL,2669404601,488,2669405089,2669405089
2025-06-18 21:40:22,REAL,2669405089,5702,2669410791,2669410791
2025-06-18 21:40:24,REAL,2669410791,11566,2669422357,2669422357
2025-06-18 21:40:26,REAL,2669422357,10319,2669432676,2669432676
2025-06-18 21:40:28,REAL,2669432676,10248,2669442924,2669442924
2025-06-18 21:40:30,REAL,2669442924,10244,2669453168,2669453168
2025-06-18 21:40:32,REAL,2669453168,10252,2669463420,2669463420
2025-06-18 21:40:34,REAL,2669463420,10246,2669473666,2669473666
2025-06-18 21:40:36,REAL,2669473666,10314,2669483980,2669483980
2025-06-18 21:40:38,REAL,2669483980,1008,2669484988,2669484988
2025-06-18 21:40:40,REAL,2669484988,484,2669485472,2669485472
2025-06-18 21:40:42,REAL,2669485472,491,2669485963,2669485963
2025-06-18 21:40:44,REAL,2669485963,486,2669486449,2669486449
2025-06-18 21:40:46,REAL,2669486449,487,2669486936,2669486936
2025-06-18 21:40:48,REAL,2669486936,478,2669487414,2669487414
2025-06-18 21:40:50,REAL,2669487414,484,2669487898,2669487898
2025-06-18 21:40:52,REAL,2669487898,486,2669488384,2669488384
2025-06-18 21:40:54,REAL,2669488384,539,2669488923,2669488923
2025-06-18 21:40:56,REAL,2669488923,480,2669489403,2669489403
2025-06-18 21:40:58,REAL,2669489403,477,2669489880,2669489880
2025-06-18 21:41:00,REAL,2669489880,482,2669490362,2669490362
2025-06-18 21:41:02,REAL,2669490362,480,2669490842,2669490842
2025-06-18 21:41:04,REAL,2669490842,493,2669491335,2669491335
2025-06-18 21:41:06,REAL,2669491335,485,2669491820,2669491820
2025-06-18 21:41:08,REAL,2669491820,482,2669492302,2669492302
2025-06-18 21:41:10,REAL,2669492302,539,2669492841,2669492841
2025-06-18 21:41:12,REAL,2669492841,476,2669493317,2669493317
2025-06-18 21:41:14,REAL,2669493317,491,2669493808,2669493808
2025-06-18 21:41:16,REAL,2669493808,484,2669494292,2669494292
2025-06-18 21:41:18,REAL,2669494292,484,2669494776,2669494776
2025-06-18 21:41:20,REAL,2669494776,489,2669495265,2669495265
2025-06-18 21:41:22,REAL,2669495265,493,2669495758,2669495758
2025-06-18 21:41:24,REAL,2669495758,485,2669496243,2669496243
2025-06-18 21:41:26,REAL,2669496243,479,2669496722,2669496722
2025-06-18 21:41:28,REAL,2669496722,485,2669497207,2669497207
2025-06-18 21:41:30,REAL,2669497207,1351,2669498558,2669498558
2025-06-18 21:41:32,REAL,2669498558,15274,2669513832,2669513832
2025-06-18 21:41:34,REAL,2669513832,10251,2669524083,2669524083
2025-06-18 21:41:36,REAL,2669524083,10249,2669534332,2669534332
2025-06-18 21:41:38,REAL,2669534332,10321,2669544653,2669544653
2025-06-18 21:41:40,REAL,2669544653,10312,2669554965,2669554965
2025-06-18 21:41:42,REAL,2669554965,10310,2669565275,2669565275
2025-06-18 21:41:44,REAL,2669565275,10252,2669575527,2669575527
2025-06-18 21:41:46,REAL,2669575527,4647,2669580174,2669580174
2025-06-18 21:41:48,REAL,2669580174,483,2669580657,2669580657
2025-06-18 21:41:50,REAL,2669580657,475,2669581132,2669581132
2025-06-18 21:41:52,REAL,2669581132,486,2669581618,2669581618
2025-06-18 21:41:54,REAL,2669581618,483,2669582101,2669582101
2025-06-18 21:41:56,REAL,2669582101,487,2669582588,2669582588
2025-06-18 21:41:58,REAL,2669582588,482,2669583070,2669583070
2025-06-18 21:42:00,REAL,2669583070,483,2669583553,2669583553
2025-06-18 21:42:02,REAL,2669583553,1738,2669585291,2669585291
2025-06-18 21:42:04,REAL,2669585291,11774,2669597065,2669597065
2025-06-18 21:42:06,REAL,2669597065,10253,2669607318,2669607318
2025-06-18 21:42:08,REAL,2669607318,10316,2669617634,2669617634
2025-06-18 21:42:10,REAL,2669617634,10246,2669627880,2669627880
2025-06-18 21:42:12,REAL,2669627880,10259,2669638139,2669638139
2025-06-18 21:42:14,REAL,2669638139,10319,2669648458,2669648458
2025-06-18 21:42:16,REAL,2669648458,10253,2669658711,2669658711
2025-06-18 21:42:18,REAL,2669658711,3986,2669662697,2669662697
2025-06-18 21:42:20,REAL,2669662697,489,2669663186,2669663186
2025-06-18 21:42:22,REAL,2669663186,482,2669663668,2669663668
2025-06-18 21:42:24,REAL,2669663668,534,2669664202,2669664202
2025-06-18 21:42:26,REAL,2669664202,479,2669664681,2669664681
2025-06-18 21:42:28,REAL,2669664681,483,2669665164,2669665164
2025-06-18 21:42:30,REAL,2669665164,479,2669665643,2669665643
2025-06-18 21:42:32,REAL,2669665643,481,2669666124,2669666124
2025-06-18 21:42:34,REAL,2669666124,2810,2669668934,2669668934
2025-06-18 21:42:36,REAL,2669668934,11699,2669680633,2669680633
2025-06-18 21:42:38,REAL,2669680633,10313,2669690946,2669690946
2025-06-18 21:42:40,REAL,2669690946,10254,2669701200,2669701200
2025-06-18 21:42:42,REAL,2669701200,10255,2669711455,2669711455
2025-06-18 21:42:44,REAL,2669711455,10251,2669721706,2669721706
2025-06-18 21:42:46,REAL,2669721706,10247,2669731953,2669731953
2025-06-18 21:42:48,REAL,2669731953,10315,2669742268,2669742268
2025-06-18 21:42:50,REAL,2669742268,3323,2669745591,2669745591
2025-06-18 21:42:52,REAL,2669745591,479,2669746070,2669746070
2025-06-18 21:42:54,REAL,2669746070,487,2669746557,2669746557
2025-06-18 21:42:56,REAL,2669746557,490,2669747047,2669747047
2025-06-18 21:42:58,REAL,2669747047,479,2669747526,2669747526
2025-06-18 21:43:00,REAL,2669747526,486,2669748012,2669748012
2025-06-18 21:43:02,REAL,2669748012,485,2669748497,2669748497
2025-06-18 21:43:04,REAL,2669748497,477,2669748974,2669748974
2025-06-18 21:43:06,REAL,2669748974,479,2669749453,2669749453
2025-06-18 21:43:08,REAL,2669749453,481,2669749934,2669749934
2025-06-18 21:43:10,REAL,2669749934,537,2669750471,2669750471
2025-06-18 21:43:12,REAL,2669750471,491,2669750962,2669750962
2025-06-18 21:43:14,REAL,2669750962,476,2669751438,2669751438
2025-06-18 21:43:16,REAL,2669751438,480,2669751918,2669751918
2025-06-18 21:43:18,REAL,2669751918,478,2669752396,2669752396
2025-06-18 21:43:20,REAL,2669752396,489,2669752885,2669752885
2025-06-18 21:43:22,REAL,2669752885,547,2669753432,2669753432
2025-06-18 21:43:24,REAL,2669753432,484,2669753916,2669753916
2025-06-18 21:43:26,REAL,2669753916,489,2669754405,2669754405
2025-06-18 21:43:28,REAL,2669754405,482,2669754887,2669754887
2025-06-18 21:43:30,REAL,2669754887,486,2669755373,2669755373
2025-06-18 21:43:32,REAL,2669755373,481,2669755854,2669755854
2025-06-18 21:43:34,REAL,2669755854,484,2669756338,2669756338
2025-06-18 21:43:36,REAL,2669756338,487,2669756825,2669756825
2025-06-18 21:43:38,REAL,2669756825,478,2669757303,2669757303
2025-06-18 21:43:40,REAL,2669757303,481,2669757784,2669757784
2025-06-18 21:43:42,REAL,2669757784,491,2669758275,2669758275
2025-06-18 21:43:44,REAL,2669758275,484,2669758759,2669758759
2025-06-18 21:43:46,REAL,2669758759,481,2669759240,2669759240
2025-06-18 21:43:48,REAL,2669759240,482,2669759722,2669759722
2025-06-18 21:43:50,REAL,2669759722,487,2669760209,2669760209
2025-06-18 21:43:52,REAL,2669760209,546,2669760755,2669760755
2025-06-18 21:43:54,REAL,2669760755,481,2669761236,2669761236
2025-06-18 21:43:56,REAL,2669761236,485,2669761721,2669761721
2025-06-18 21:43:58,REAL,2669761721,484,2669762205,2669762205
2025-06-18 21:44:00,REAL,2669762205,485,2669762690,2669762690
2025-06-18 21:44:02,REAL,2669762690,481,2669763171,2669763171
2025-06-18 21:44:04,REAL,2669763171,488,2669763659,2669763659
2025-06-18 21:44:06,REAL,2669763659,479,2669764138,2669764138
2025-06-18 21:44:08,REAL,2669764138,486,2669764624,2669764624
2025-06-18 21:44:10,REAL,2669764624,533,2669765157,2669765157
2025-06-18 21:44:12,REAL,2669765157,482,2669765639,2669765639
2025-06-18 21:44:14,REAL,2669765639,483,2669766122,2669766122
2025-06-18 21:44:16,REAL,2669766122,487,2669766609,2669766609
2025-06-18 21:44:18,REAL,2669766609,482,2669767091,2669767091
2025-06-18 21:44:20,REAL,2669767091,483,2669767574,2669767574
2025-06-18 21:44:22,REAL,2669767574,478,2669768052,2669768052
2025-06-18 21:44:24,REAL,2669768052,484,2669768536,2669768536
2025-06-18 21:44:26,REAL,2669768536,483,2669769019,2669769019
2025-06-18 21:44:28,REAL,2669769019,481,2669769500,2669769500
2025-06-18 21:44:30,REAL,2669769500,486,2669769986,2669769986
2025-06-18 21:44:32,REAL,2669769986,490,2669770476,2669770476
2025-06-18 21:44:34,REAL,2669770476,540,2669771016,2669771016
2025-06-18 21:44:36,REAL,2669771016,544,2669771560,2669771560
2025-06-18 21:44:38,REAL,2669771560,479,2669772039,2669772039
2025-06-18 21:44:40,REAL,2669772039,492,2669772531,2669772531
2025-06-18 21:44:42,REAL,2669772531,5705,2669778236,2669778236
2025-06-18 21:44:44,REAL,2669778236,11317,2669789553,2669789553
2025-06-18 21:44:46,REAL,2669789553,10257,2669799810,2669799810
2025-06-18 21:44:48,REAL,2669799810,10320,2669810130,2669810130
2025-06-18 21:44:50,REAL,2669810130,10258,2669820388,2669820388
2025-06-18 21:44:52,REAL,2669820388,10254,2669830642,2669830642
2025-06-18 21:44:54,REAL,2669830642,10246,2669840888,2669840888
2025-06-18 21:44:56,REAL,2669840888,10243,2669851131,2669851131
2025-06-18 21:44:58,REAL,2669851131,874,2669852005,2669852005
2025-06-18 21:45:00,REAL,2669852005,486,2669852491,2669852491
2025-06-18 21:45:02,REAL,2669852491,486,2669852977,2669852977
2025-06-18 21:45:04,REAL,2669852977,481,2669853458,2669853458
2025-06-18 21:45:06,REAL,2669853458,542,2669854000,2669854000
2025-06-18 21:45:08,REAL,2669854000,480,2669854480,2669854480
2025-06-18 21:45:10,REAL,2669854480,475,2669854955,2669854955
2025-06-18 21:45:12,REAL,2669854955,490,2669855445,2669855445
2025-06-18 21:45:14,REAL,2669855445,6496,2669861941,2669861941
2025-06-18 21:45:16,REAL,2669861941,11043,2669872984,2669872984
2025-06-18 21:45:18,REAL,2669872984,10840,2669883824,2669883824
2025-06-18 21:45:20,REAL,2669883824,9793,2669893617,2669893617
2025-06-18 21:45:22,REAL,2669893617,10317,2669903934,2669903934
2025-06-18 21:45:24,REAL,2669903934,10253,2669914187,2669914187
2025-06-18 21:45:26,REAL,2669914187,10250,2669924437,2669924437
2025-06-18 21:45:28,REAL,2669924437,10057,2669934494,2669934494
2025-06-18 21:45:30,REAL,2669934494,478,2669934972,2669934972
2025-06-18 21:45:32,REAL,2669934972,479,2669935451,2669935451
2025-06-18 21:45:34,REAL,2669935451,492,2669935943,2669935943
2025-06-18 21:45:36,REAL,2669935943,480,2669936423,2669936423
2025-06-18 21:45:38,REAL,2669936423,544,2669936967,2669936967
2025-06-18 21:45:40,REAL,2669936967,484,2669937451,2669937451
2025-06-18 21:45:42,REAL,2669937451,486,2669937937,2669937937
2025-06-18 21:45:44,REAL,2669937937,489,2669938426,2669938426
2025-06-18 21:45:46,REAL,2669938426,484,2669938910,2669938910
2025-06-18 21:45:48,REAL,2669938910,480,2669939390,2669939390
2025-06-18 21:45:50,REAL,2669939390,487,2669939877,2669939877
2025-06-18 21:45:52,REAL,2669939877,489,2669940366,2669940366
2025-06-18 21:45:54,REAL,2669940366,480,2669940846,2669940846
2025-06-18 21:45:56,REAL,2669940846,480,2669941326,2669941326
2025-06-18 21:45:58,REAL,2669941326,484,2669941810,2669941810
2025-06-18 21:46:00,REAL,2669941810,487,2669942297,2669942297
2025-06-18 21:46:02,REAL,2669942297,539,2669942836,2669942836
2025-06-18 21:46:04,REAL,2669942836,545,2669943381,2669943381
2025-06-18 21:46:06,REAL,2669943381,491,2669943872,2669943872
2025-06-18 21:46:08,REAL,2669943872,488,2669944360,2669944360
2025-06-18 21:46:10,REAL,2669944360,477,2669944837,2669944837
2025-06-18 21:46:12,REAL,2669944837,486,2669945323,2669945323
2025-06-18 21:46:14,REAL,2669945323,484,2669945807,2669945807
2025-06-18 21:46:16,REAL,2669945807,490,2669946297,2669946297
2025-06-18 21:46:18,REAL,2669946297,488,2669946785,2669946785
2025-06-18 21:46:20,REAL,2669946785,488,2669947273,2669947273
2025-06-18 21:46:22,REAL,2669947273,478,2669947751,2669947751
2025-06-18 21:46:24,REAL,2669947751,482,2669948233,2669948233
2025-06-18 21:46:26,REAL,2669948233,477,2669948710,2669948710
2025-06-18 21:46:28,REAL,2669948710,533,2669949243,2669949243
2025-06-18 21:46:30,REAL,2669949243,480,2669949723,2669949723
2025-06-18 21:46:32,REAL,2669949723,479,2669950202,2669950202
2025-06-18 21:46:34,REAL,2669950202,476,2669950678,2669950678
2025-06-18 21:46:36,REAL,2669950678,482,2669951160,2669951160
2025-06-18 21:46:38,REAL,2669951160,484,2669951644,2669951644
2025-06-18 21:46:40,REAL,2669951644,489,2669952133,2669952133
2025-06-18 21:46:42,REAL,2669952133,484,2669952617,2669952617
2025-06-18 21:46:44,REAL,2669952617,541,2669953158,2669953158
2025-06-18 21:46:46,REAL,2669953158,476,2669953634,2669953634
2025-06-18 21:46:48,REAL,2669953634,479,2669954113,2669954113
2025-06-18 21:46:50,REAL,2669954113,482,2669954595,2669954595
2025-06-18 21:46:52,REAL,2669954595,485,2669955080,2669955080
2025-06-18 21:46:54,REAL,2669955080,538,2669955618,2669955618
2025-06-18 21:46:56,REAL,2669955618,483,2669956101,2669956101
2025-06-18 21:46:58,REAL,2669956101,486,2669956587,2669956587
2025-06-18 21:47:00,REAL,2669956587,493,2669957080,2669957080
2025-06-18 21:47:02,REAL,2669957080,482,2669957562,2669957562
2025-06-18 21:47:04,REAL,2669957562,478,2669958040,2669958040
2025-06-18 21:47:06,REAL,2669958040,490,2669958530,2669958530
2025-06-18 21:47:08,REAL,2669958530,484,2669959014,2669959014
2025-06-18 21:47:10,REAL,2669959014,483,2669959497,2669959497
2025-06-18 21:47:12,REAL,2669959497,484,2669959981,2669959981
2025-06-18 21:47:14,REAL,2669959981,486,2669960467,2669960467
2025-06-18 21:47:16,REAL,2669960467,483,2669960950,2669960950
2025-06-18 21:47:18,REAL,2669960950,479,2669961429,2669961429
2025-06-18 21:47:20,REAL,2669961429,533,2669961962,2669961962
2025-06-18 21:47:22,REAL,2669961962,485,2669962447,2669962447
2025-06-18 21:47:24,REAL,2669962447,488,2669962935,2669962935
2025-06-18 21:47:26,REAL,2669962935,484,2669963419,2669963419
2025-06-18 21:47:28,REAL,2669963419,538,2669963957,2669963957
2025-06-18 21:47:30,REAL,2669963957,491,2669964448,2669964448
2025-06-18 21:47:32,REAL,2669964448,491,2669964939,2669964939
2025-06-18 21:47:34,REAL,2669964939,480,2669965419,2669965419
2025-06-18 21:47:36,REAL,2669965419,483,2669965902,2669965902
2025-06-18 21:47:38,REAL,2669965902,480,2669966382,2669966382
2025-06-18 21:47:40,REAL,2669966382,482,2669966864,2669966864
2025-06-18 21:47:42,REAL,2669966864,480,2669967344,2669967344
2025-06-18 21:47:44,REAL,2669967344,490,2669967834,2669967834
2025-06-18 21:47:46,REAL,2669967834,534,2669968368,2669968368
2025-06-18 21:47:48,REAL,2669968368,484,2669968852,2669968852
2025-06-18 21:47:50,REAL,2669968852,488,2669969340,2669969340
2025-06-18 21:47:52,REAL,2669969340,489,2669969829,2669969829
2025-06-18 21:47:54,REAL,2669969829,490,2669970319,2669970319
2025-06-18 21:47:56,REAL,2669970319,485,2669970804,2669970804
2025-06-18 21:47:58,REAL,2669970804,477,2669971281,2669971281
2025-06-18 21:48:00,REAL,2669971281,487,2669971768,2669971768
2025-06-18 21:48:02,REAL,2669971768,475,2669972243,2669972243
2025-06-18 21:48:04,REAL,2669972243,481,2669972724,2669972724
2025-06-18 21:48:06,REAL,2669972724,484,2669973208,2669973208
2025-06-18 21:48:08,REAL,2669973208,483,2669973691,2669973691
2025-06-18 21:48:10,REAL,2669973691,532,2669974223,2669974223
2025-06-18 21:48:12,REAL,2669974223,542,2669974765,2669974765
2025-06-18 21:48:14,REAL,2669974765,476,2669975241,2669975241
2025-06-18 21:48:16,REAL,2669975241,485,2669975726,2669975726
2025-06-18 21:48:18,REAL,2669975726,485,2669976211,2669976211
2025-06-18 21:48:20,REAL,2669976211,489,2669976700,2669976700
2025-06-18 21:48:22,REAL,2669976700,480,2669977180,2669977180
2025-06-18 21:48:24,REAL,2669977180,487,2669977667,2669977667
2025-06-18 21:48:26,REAL,2669977667,485,2669978152,2669978152
2025-06-18 21:48:28,REAL,2669978152,488,2669978640,2669978640
2025-06-18 21:48:30,REAL,2669978640,485,2669979125,2669979125
2025-06-18 21:48:32,REAL,2669979125,490,2669979615,2669979615
2025-06-18 21:48:34,REAL,2669979615,479,2669980094,2669980094
2025-06-18 21:48:36,REAL,2669980094,489,2669980583,2669980583
2025-06-18 21:48:38,REAL,2669980583,542,2669981125,2669981125
2025-06-18 21:48:40,REAL,2669981125,488,2669981613,2669981613
2025-06-18 21:48:42,REAL,2669981613,494,2669982107,2669982107
2025-06-18 21:48:44,REAL,2669982107,485,2669982592,2669982592
2025-06-18 21:48:46,REAL,2669982592,541,2669983133,2669983133
2025-06-18 21:48:48,REAL,2669983133,483,2669983616,2669983616
2025-06-18 21:48:50,REAL,2669983616,483,2669984099,2669984099
2025-06-18 21:48:52,REAL,2669984099,476,2669984575,2669984575
2025-06-18 21:48:54,REAL,2669984575,481,2669985056,2669985056
2025-06-18 21:48:56,REAL,2669985056,482,2669985538,2669985538
2025-06-18 21:48:58,REAL,2669985538,489,2669986027,2669986027
2025-06-18 21:49:00,REAL,2669986027,474,2669986501,2669986501
2025-06-18 21:49:02,REAL,2669986501,486,2669986987,2669986987
2025-06-18 21:49:04,REAL,2669986987,492,2669987479,2669987479
2025-06-18 21:49:06,REAL,2669987479,482,2669987961,2669987961
2025-06-18 21:49:08,REAL,2669987961,485,2669988446,2669988446
2025-06-18 21:49:10,REAL,2669988446,481,2669988927,2669988927
2025-06-18 21:49:12,REAL,2669988927,540,2669989467,2669989467
2025-06-18 21:49:14,REAL,2669989467,484,2669989951,2669989951
2025-06-18 21:49:16,REAL,2669989951,489,2669990440,2669990440
2025-06-18 21:49:18,REAL,2669990440,492,2669990932,2669990932
2025-06-18 21:49:20,REAL,2669990932,486,2669991418,2669991418
2025-06-18 21:49:22,REAL,2669991418,544,2669991962,2669991962
2025-06-18 21:49:24,REAL,2669991962,486,2669992448,2669992448
2025-06-18 21:49:26,REAL,2669992448,475,2669992923,2669992923
2025-06-18 21:49:28,REAL,2669992923,485,2669993408,2669993408
2025-06-18 21:49:30,REAL,2669993408,490,2669993898,2669993898
2025-06-18 21:49:32,REAL,2669993898,486,2669994384,2669994384
2025-06-18 21:49:34,REAL,2669994384,483,2669994867,2669994867
2025-06-18 21:49:36,REAL,2669994867,485,2669995352,2669995352
2025-06-18 21:49:38,REAL,2669995352,490,2669995842,2669995842
2025-06-18 21:49:40,REAL,2669995842,488,2669996330,2669996330
2025-06-18 21:49:42,REAL,2669996330,479,2669996809,2669996809
2025-06-18 21:49:44,REAL,2669996809,481,2669997290,2669997290
2025-06-18 21:49:46,REAL,2669997290,539,2669997829,2669997829
2025-06-18 21:49:48,REAL,2669997829,478,2669998307,2669998307
2025-06-18 21:49:50,REAL,2669998307,493,2669998800,2669998800
2025-06-18 21:49:52,REAL,2669998800,488,2669999288,2669999288
2025-06-18 21:49:54,REAL,2669999288,482,2669999770,2669999770
2025-06-18 21:49:56,REAL,2669999770,547,2670000317,2670000317
2025-06-18 21:49:58,REAL,2670000317,480,2670000797,2670000797
2025-06-18 21:50:00,REAL,2670000797,480,2670001277,2670001277
2025-06-18 21:50:02,REAL,2670001277,487,2670001764,2670001764
2025-06-18 21:50:04,REAL,2670001764,483,2670002247,2670002247
2025-06-18 21:50:06,REAL,2670002247,483,2670002730,2670002730
2025-06-18 21:50:08,REAL,2670002730,485,2670003215,2670003215
2025-06-18 21:50:10,REAL,2670003215,491,2670003706,2670003706
2025-06-18 21:50:12,REAL,2670003706,483,2670004189,2670004189
2025-06-18 21:50:14,REAL,2670004189,484,2670004673,2670004673
2025-06-18 21:50:16,REAL,2670004673,484,2670005157,2670005157
2025-06-18 21:50:18,REAL,2670005157,480,2670005637,2670005637
2025-06-18 21:50:20,REAL,2670005637,535,2670006172,2670006172
2025-06-18 21:50:22,REAL,2670006172,491,2670006663,2670006663
2025-06-18 21:50:24,REAL,2670006663,483,2670007146,2670007146
2025-06-18 21:50:26,REAL,2670007146,480,2670007626,2670007626
2025-06-18 21:50:28,REAL,2670007626,487,2670008113,2670008113
2025-06-18 21:50:30,REAL,2670008113,491,2670008604,2670008604
2025-06-18 21:50:32,REAL,2670008604,540,2670009144,2670009144
2025-06-18 21:50:34,REAL,2670009144,487,2670009631,2670009631
2025-06-18 21:50:36,REAL,2670009631,482,2670010113,2670010113
2025-06-18 21:50:38,REAL,2670010113,8409,2670018522,2670018522
2025-06-18 21:50:40,REAL,2670018522,10714,2670029236,2670029236
2025-06-18 21:50:42,REAL,2670029236,10249,2670039485,2670039485
2025-06-18 21:50:44,REAL,2670039485,10318,2670049803,2670049803
2025-06-18 21:50:46,REAL,2670049803,10249,2670060052,2670060052
2025-06-18 21:50:48,REAL,2670060052,10324,2670070376,2670070376
2025-06-18 21:50:50,REAL,2670070376,10325,2670080701,2670080701
2025-06-18 21:50:52,REAL,2670080701,8734,2670089435,2670089435
2025-06-18 21:50:54,REAL,2670089435,481,2670089916,2670089916
2025-06-18 21:50:56,REAL,2670089916,483,2670090399,2670090399
2025-06-18 21:50:58,REAL,2670090399,480,2670090879,2670090879
2025-06-18 21:51:00,REAL,2670090879,489,2670091368,2670091368
2025-06-18 21:51:02,REAL,2670091368,478,2670091846,2670091846
2025-06-18 21:51:04,REAL,2670091846,478,2670092324,2670092324
2025-06-18 21:51:06,REAL,2670092324,484,2670092808,2670092808
2025-06-18 21:51:08,REAL,2670092808,541,2670093349,2670093349
2025-06-18 21:51:10,REAL,2670093349,487,2670093836,2670093836
2025-06-18 21:51:12,REAL,2670093836,540,2670094376,2670094376
2025-06-18 21:51:14,REAL,2670094376,487,2670094863,2670094863
2025-06-18 21:51:16,REAL,2670094863,482,2670095345,2670095345
2025-06-18 21:51:18,REAL,2670095345,484,2670095829,2670095829
2025-06-18 21:51:20,REAL,2670095829,481,2670096310,2670096310
2025-06-18 21:51:22,REAL,2670096310,487,2670096797,2670096797
2025-06-18 21:51:24,REAL,2670096797,491,2670097288,2670097288
2025-06-18 21:51:26,REAL,2670097288,479,2670097767,2670097767
2025-06-18 21:51:28,REAL,2670097767,485,2670098252,2670098252
2025-06-18 21:51:30,REAL,2670098252,481,2670098733,2670098733
2025-06-18 21:51:32,REAL,2670098733,487,2670099220,2670099220
2025-06-18 21:51:34,REAL,2670099220,474,2670099694,2670099694
2025-06-18 21:51:36,REAL,2670099694,486,2670100180,2670100180
2025-06-18 21:51:38,REAL,2670100180,489,2670100669,2670100669
2025-06-18 21:51:40,REAL,2670100669,482,2670101151,2670101151
2025-06-18 21:51:42,REAL,2670101151,544,2670101695,2670101695
2025-06-18 21:51:44,REAL,2670101695,490,2670102185,2670102185
2025-06-18 21:51:46,REAL,2670102185,483,2670102668,2670102668
2025-06-18 21:51:48,REAL,2670102668,535,2670103203,2670103203
2025-06-18 21:51:50,REAL,2670103203,485,2670103688,2670103688
2025-06-18 21:51:52,REAL,2670103688,479,2670104167,2670104167
2025-06-18 21:51:54,REAL,2670104167,478,2670104645,2670104645
2025-06-18 21:51:56,REAL,2670104645,477,2670105122,2670105122
2025-06-18 21:51:58,REAL,2670105122,486,2670105608,2670105608
2025-06-18 21:52:00,REAL,2670105608,482,2670106090,2670106090
2025-06-18 21:52:02,REAL,2670106090,482,2670106572,2670106572
2025-06-18 21:52:04,REAL,2670106572,474,2670107046,2670107046
2025-06-18 21:52:06,REAL,2670107046,490,2670107536,2670107536
2025-06-18 21:52:08,REAL,2670107536,484,2670108020,2670108020
2025-06-18 21:52:10,REAL,2670108020,483,2670108503,2670108503
2025-06-18 21:52:12,REAL,2670108503,487,2670108990,2670108990
2025-06-18 21:52:14,REAL,2670108990,484,2670109474,2670109474
2025-06-18 21:52:16,REAL,2670109474,478,2670109952,2670109952
2025-06-18 21:52:18,REAL,2670109952,4838,2670114790,2670114790
2025-06-18 21:52:20,REAL,2670114790,14411,2670129201,2670129201
2025-06-18 21:52:22,REAL,2670129201,10254,2670139455,2670139455
2025-06-18 21:52:24,REAL,2670139455,10242,2670149697,2670149697
2025-06-18 21:52:26,REAL,2670149697,10261,2670159958,2670159958
2025-06-18 21:52:28,REAL,2670159958,10248,2670170206,2670170206
2025-06-18 21:52:30,REAL,2670170206,10315,2670180521,2670180521
2025-06-18 21:52:32,REAL,2670180521,10254,2670190775,2670190775
2025-06-18 21:52:34,REAL,2670190775,1938,2670192713,2670192713
2025-06-18 21:52:36,REAL,2670192713,485,2670193198,2670193198
2025-06-18 21:52:38,REAL,2670193198,475,2670193673,2670193673
2025-06-18 21:52:40,REAL,2670193673,477,2670194150,2670194150
2025-06-18 21:52:42,REAL,2670194150,485,2670194635,2670194635
2025-06-18 21:52:44,REAL,2670194635,481,2670195116,2670195116
2025-06-18 21:52:46,REAL,2670195116,494,2670195610,2670195610
2025-06-18 21:52:48,REAL,2670195610,483,2670196093,2670196093
2025-06-18 21:52:50,REAL,2670196093,486,2670196579,2670196579
2025-06-18 21:52:52,REAL,2670196579,536,2670197115,2670197115
2025-06-18 21:52:54,REAL,2670197115,545,2670197660,2670197660
2025-06-18 21:52:56,REAL,2670197660,480,2670198140,2670198140
2025-06-18 21:52:58,REAL,2670198140,479,2670198619,2670198619
2025-06-18 21:53:00,REAL,2670198619,488,2670199107,2670199107
2025-06-18 21:53:02,REAL,2670199107,484,2670199591,2670199591
2025-06-18 21:53:04,REAL,2670199591,244,2670199835,2670199835
2025-06-18 21:53:06,REAL,2670199835,484,2670200319,2670200319
2025-06-18 21:53:08,REAL,2670200319,487,2670200806,2670200806
2025-06-18 21:53:10,REAL,2670200806,482,2670201288,2670201288
2025-06-18 21:53:12,REAL,2670201288,485,2670201773,2670201773
2025-06-18 21:53:14,REAL,2670201773,488,2670202261,2670202261
2025-06-18 21:53:16,REAL,2670202261,483,2670202744,2670202744
2025-06-18 21:53:18,REAL,2670202744,486,2670203230,2670203230
2025-06-18 21:53:20,REAL,2670203230,485,2670203715,2670203715
2025-06-18 21:53:22,REAL,2670203715,484,2670204199,2670204199
2025-06-18 21:53:24,REAL,2670204199,483,2670204682,2670204682
2025-06-18 21:53:26,REAL,2670204682,487,2670205169,2670205169
2025-06-18 21:53:28,REAL,2670205169,596,2670205765,2670205765
2025-06-18 21:53:30,REAL,2670205765,481,2670206246,2670206246
2025-06-18 21:53:32,REAL,2670206246,490,2670206736,2670206736
2025-06-18 21:53:34,REAL,2670206736,478,2670207214,2670207214
2025-06-18 21:53:36,REAL,2670207214,485,2670207699,2670207699
2025-06-18 21:53:38,REAL,2670207699,6898,2670214597,2670214597
2025-06-18 21:53:40,REAL,2670214597,13160,2670227757,2670227757
2025-06-18 21:53:42,REAL,2670227757,10314,2670238071,2670238071
2025-06-18 21:53:44,REAL,2670238071,10254,2670248325,2670248325
2025-06-18 21:53:46,REAL,2670248325,10252,2670258577,2670258577
2025-06-18 21:53:48,REAL,2670258577,10249,2670268826,2670268826
2025-06-18 21:53:50,REAL,2670268826,10249,2670279075,2670279075
2025-06-18 21:53:52,REAL,2670279075,10115,2670289190,2670289190
2025-06-18 21:53:54,REAL,2670289190,486,2670289676,2670289676
2025-06-18 21:53:56,REAL,2670289676,480,2670290156,2670290156
2025-06-18 21:53:58,REAL,2670290156,480,2670290636,2670290636
2025-06-18 21:54:00,REAL,2670290636,487,2670291123,2670291123
2025-06-18 21:54:02,REAL,2670291123,547,2670291670,2670291670
2025-06-18 21:54:04,REAL,2670291670,545,2670292215,2670292215
2025-06-18 21:54:06,REAL,2670292215,491,2670292706,2670292706
2025-06-18 21:54:08,REAL,2670292706,480,2670293186,2670293186
2025-06-18 21:54:10,REAL,2670293186,487,2670293673,2670293673
2025-06-18 21:54:12,REAL,2670293673,487,2670294160,2670294160
2025-06-18 21:54:14,REAL,2670294160,486,2670294646,2670294646
2025-06-18 21:54:16,REAL,2670294646,483,2670295129,2670295129
2025-06-18 21:54:18,REAL,2670295129,483,2670295612,2670295612
2025-06-18 21:54:20,REAL,2670295612,481,2670296093,2670296093
2025-06-18 21:54:22,REAL,2670296093,483,2670296576,2670296576
2025-06-18 21:54:24,REAL,2670296576,538,2670297114,2670297114
2025-06-18 21:54:26,REAL,2670297114,489,2670297603,2670297603
2025-06-18 21:54:28,REAL,2670297603,486,2670298089,2670298089
2025-06-18 21:54:30,REAL,2670298089,493,2670298582,2670298582
2025-06-18 21:54:32,REAL,2670298582,481,2670299063,2670299063
2025-06-18 21:54:34,REAL,2670299063,478,2670299541,2670299541
2025-06-18 21:54:36,REAL,2670299541,485,2670300026,2670300026
2025-06-18 21:54:38,REAL,2670300026,538,2670300564,2670300564
2025-06-18 21:54:40,REAL,2670300564,485,2670301049,2670301049
2025-06-18 21:54:42,REAL,2670301049,486,2670301535,2670301535
2025-06-18 21:54:44,REAL,2670301535,484,2670302019,2670302019
2025-06-18 21:54:46,REAL,2670302019,542,2670302561,2670302561
2025-06-18 21:54:48,REAL,2670302561,490,2670303051,2670303051
2025-06-18 21:54:50,REAL,2670303051,492,2670303543,2670303543
2025-06-18 21:54:52,REAL,2670303543,490,2670304033,2670304033
2025-06-18 21:54:54,REAL,2670304033,487,2670304520,2670304520
2025-06-18 21:54:56,REAL,2670304520,474,2670304994,2670304994
2025-06-18 21:54:58,REAL,2670304994,486,2670305480,2670305480
2025-06-18 21:55:00,REAL,2670305480,481,2670305961,2670305961
2025-06-18 21:55:02,REAL,2670305961,483,2670306444,2670306444
2025-06-18 21:55:04,REAL,2670306444,482,2670306926,2670306926
2025-06-18 21:55:06,REAL,2670306926,490,2670307416,2670307416
2025-06-18 21:55:08,REAL,2670307416,536,2670307952,2670307952
2025-06-18 21:55:10,REAL,2670307952,478,2670308430,2670308430
2025-06-18 21:55:12,REAL,2670308430,542,2670308972,2670308972
2025-06-18 21:55:14,REAL,2670308972,8801,2670317773,2670317773
2025-06-18 21:55:16,REAL,2670317773,10719,2670328492,2670328492
2025-06-18 21:55:18,REAL,2670328492,10249,2670338741,2670338741
2025-06-18 21:55:20,REAL,2670338741,10245,2670348986,2670348986
2025-06-18 21:55:22,REAL,2670348986,10322,2670359308,2670359308
2025-06-18 21:55:24,REAL,2670359308,10257,2670369565,2670369565
2025-06-18 21:55:26,REAL,2670369565,10254,2670379819,2670379819
2025-06-18 21:55:28,REAL,2670379819,8274,2670388093,2670388093
2025-06-18 21:55:30,REAL,2670388093,491,2670388584,2670388584
2025-06-18 21:55:32,REAL,2670388584,483,2670389067,2670389067
2025-06-18 21:55:34,REAL,2670389067,482,2670389549,2670389549
2025-06-18 21:55:36,REAL,2670389549,541,2670390090,2670390090
2025-06-18 21:55:38,REAL,2670390090,492,2670390582,2670390582
2025-06-18 21:55:40,REAL,2670390582,479,2670391061,2670391061
2025-06-18 21:55:42,REAL,2670391061,483,2670391544,2670391544
2025-06-18 21:55:44,REAL,2670391544,478,2670392022,2670392022
2025-06-18 21:55:46,REAL,2670392022,9860,2670401882,2670401882
2025-06-18 21:55:48,REAL,2670401882,10719,2670412601,2670412601
2025-06-18 21:55:50,REAL,2670412601,10250,2670422851,2670422851
2025-06-18 21:55:52,REAL,2670422851,10249,2670433100,2670433100
2025-06-18 21:55:54,REAL,2670433100,10260,2670443360,2670443360
2025-06-18 21:55:56,REAL,2670443360,10249,2670453609,2670453609
2025-06-18 21:55:58,REAL,2670453609,10311,2670463920,2670463920
2025-06-18 21:56:00,REAL,2670463920,7676,2670471596,2670471596
2025-06-18 21:56:02,REAL,2670471596,489,2670472085,2670472085
2025-06-18 21:56:04,REAL,2670472085,491,2670472576,2670472576
2025-06-18 21:56:06,REAL,2670472576,493,2670473069,2670473069
2025-06-18 21:56:08,REAL,2670473069,539,2670473608,2670473608
2025-06-18 21:56:10,REAL,2670473608,488,2670474096,2670474096
2025-06-18 21:56:12,REAL,2670474096,486,2670474582,2670474582
2025-06-18 21:56:14,REAL,2670474582,485,2670475067,2670475067
2025-06-18 21:56:16,REAL,2670475067,486,2670475553,2670475553
2025-06-18 21:56:18,REAL,2670475553,481,2670476034,2670476034
2025-06-18 21:56:20,REAL,2670476034,537,2670476571,2670476571
2025-06-18 21:56:22,REAL,2670476571,475,2670477046,2670477046
2025-06-18 21:56:24,REAL,2670477046,480,2670477526,2670477526
2025-06-18 21:56:26,REAL,2670477526,482,2670478008,2670478008
2025-06-18 21:56:28,REAL,2670478008,535,2670478543,2670478543
2025-06-18 21:56:30,REAL,2670478543,474,2670479017,2670479017
2025-06-18 21:56:32,REAL,2670479017,489,2670479506,2670479506
2025-06-18 21:56:34,REAL,2670479506,484,2670479990,2670479990
2025-06-18 21:56:36,REAL,2670479990,491,2670480481,2670480481
2025-06-18 21:56:38,REAL,2670480481,485,2670480966,2670480966
2025-06-18 21:56:40,REAL,2670480966,487,2670481453,2670481453
2025-06-18 21:56:42,REAL,2670481453,493,2670481946,2670481946
2025-06-18 21:56:44,REAL,2670481946,493,2670482439,2670482439
2025-06-18 21:56:46,REAL,2670482439,486,2670482925,2670482925
2025-06-18 21:56:48,REAL,2670482925,479,2670483404,2670483404
2025-06-18 21:56:50,REAL,2670483404,542,2670483946,2670483946
2025-06-18 21:56:52,REAL,2670483946,483,2670484429,2670484429
2025-06-18 21:56:54,REAL,2670484429,483,2670484912,2670484912
2025-06-18 21:56:56,REAL,2670484912,532,2670485444,2670485444
2025-06-18 21:56:58,REAL,2670485444,481,2670485925,2670485925
2025-06-18 21:57:00,REAL,2670485925,479,2670486404,2670486404
2025-06-18 21:57:02,REAL,2670486404,485,2670486889,2670486889
2025-06-18 21:57:04,REAL,2670486889,484,2670487373,2670487373
2025-06-18 21:57:06,REAL,2670487373,482,2670487855,2670487855
2025-06-18 21:57:08,REAL,2670487855,494,2670488349,2670488349
2025-06-18 21:57:10,REAL,2670488349,539,2670488888,2670488888
2025-06-18 21:57:12,REAL,2670488888,484,2670489372,2670489372
2025-06-18 21:57:14,REAL,2670489372,482,2670489854,2670489854
2025-06-18 21:57:16,REAL,2670489854,11114,2670500968,2670500968
2025-06-18 21:57:18,REAL,2670500968,10311,2670511279,2670511279
2025-06-18 21:57:20,REAL,2670511279,10243,2670521522,2670521522
2025-06-18 21:57:22,REAL,2670521522,10254,2670531776,2670531776
2025-06-18 21:57:24,REAL,2670531776,10254,2670542030,2670542030
2025-06-18 21:57:26,REAL,2670542030,10309,2670552339,2670552339
2025-06-18 21:57:28,REAL,2670552339,10252,2670562591,2670562591
2025-06-18 21:57:30,REAL,2670562591,6080,2670568671,2670568671
2025-06-18 21:57:32,REAL,2670568671,477,2670569148,2670569148
2025-06-18 21:57:34,REAL,2670569148,480,2670569628,2670569628
2025-06-18 21:57:36,REAL,2670569628,543,2670570171,2670570171
2025-06-18 21:57:38,REAL,2670570171,475,2670570646,2670570646
2025-06-18 21:57:40,REAL,2670570646,481,2670571127,2670571127
2025-06-18 21:57:42,REAL,2670571127,482,2670571609,2670571609
2025-06-18 21:57:44,REAL,2670571609,484,2670572093,2670572093
2025-06-18 21:57:46,REAL,2670572093,490,2670572583,2670572583
2025-06-18 21:57:48,REAL,2670572583,489,2670573072,2670573072
2025-06-18 21:57:50,REAL,2670573072,488,2670573560,2670573560
2025-06-18 21:57:52,REAL,2670573560,480,2670574040,2670574040
2025-06-18 21:57:54,REAL,2670574040,489,2670574529,2670574529
2025-06-18 21:57:56,REAL,2670574529,476,2670575005,2670575005
2025-06-18 21:57:58,REAL,2670575005,541,2670575546,2670575546
2025-06-18 21:58:00,REAL,2670575546,486,2670576032,2670576032
2025-06-18 21:58:02,REAL,2670576032,536,2670576568,2670576568
2025-06-18 21:58:04,REAL,2670576568,478,2670577046,2670577046
2025-06-18 21:58:06,REAL,2670577046,482,2670577528,2670577528
2025-06-18 21:58:08,REAL,2670577528,490,2670578018,2670578018
2025-06-18 21:58:10,REAL,2670578018,490,2670578508,2670578508
2025-06-18 21:58:12,REAL,2670578508,491,2670578999,2670578999
2025-06-18 21:58:14,REAL,2670578999,490,2670579489,2670579489
2025-06-18 21:58:16,REAL,2670579489,481,2670579970,2670579970
2025-06-18 21:58:18,REAL,2670579970,537,2670580507,2670580507
2025-06-18 21:58:20,REAL,2670580507,482,2670580989,2670580989
2025-06-18 21:58:22,REAL,2670580989,480,2670581469,2670581469
2025-06-18 21:58:24,REAL,2670581469,493,2670581962,2670581962
2025-06-18 21:58:26,REAL,2670581962,479,2670582441,2670582441
2025-06-18 21:58:28,REAL,2670582441,487,2670582928,2670582928
2025-06-18 21:58:30,REAL,2670582928,487,2670583415,2670583415
2025-06-18 21:58:32,REAL,2670583415,482,2670583897,2670583897
2025-06-18 21:58:34,REAL,2670583897,486,2670584383,2670584383
2025-06-18 21:58:36,REAL,2670584383,487,2670584870,2670584870
2025-06-18 21:58:38,REAL,2670584870,540,2670585410,2670585410
2025-06-18 21:58:40,REAL,2670585410,542,2670585952,2670585952
2025-06-18 21:58:42,REAL,2670585952,485,2670586437,2670586437
2025-06-18 21:58:44,REAL,2670586437,489,2670586926,2670586926
2025-06-18 21:58:46,REAL,2670586926,491,2670587417,2670587417
2025-06-18 21:58:48,REAL,2670587417,480,2670587897,2670587897
2025-06-18 21:58:50,REAL,2670587897,487,2670588384,2670588384
2025-06-18 21:58:52,REAL,2670588384,484,2670588868,2670588868
2025-06-18 21:58:54,REAL,2670588868,488,2670589356,2670589356
2025-06-18 21:58:56,REAL,2670589356,486,2670589842,2670589842
2025-06-18 21:58:58,REAL,2670589842,487,2670590329,2670590329
2025-06-18 21:59:00,REAL,2670590329,488,2670590817,2670590817
2025-06-18 21:59:02,REAL,2670590817,482,2670591299,2670591299
2025-06-18 21:59:04,REAL,2670591299,481,2670591780,2670591780
2025-06-18 21:59:06,REAL,2670591780,490,2670592270,2670592270
2025-06-18 21:59:08,REAL,2670592270,541,2670592811,2670592811
2025-06-18 21:59:10,REAL,2670592811,484,2670593295,2670593295
2025-06-18 21:59:12,REAL,2670593295,485,2670593780,2670593780
2025-06-18 21:59:14,REAL,2670593780,488,2670594268,2670594268
2025-06-18 21:59:16,REAL,2670594268,482,2670594750,2670594750
2025-06-18 21:59:18,REAL,2670594750,488,2670595238,2670595238
2025-06-18 21:59:20,REAL,2670595238,484,2670595722,2670595722
2025-06-18 21:59:22,REAL,2670595722,487,2670596209,2670596209
2025-06-18 21:59:24,REAL,2670596209,484,2670596693,2670596693
2025-06-18 21:59:26,REAL,2670596693,478,2670597171,2670597171
2025-06-18 21:59:28,REAL,2670597171,486,2670597657,2670597657
2025-06-18 21:59:30,REAL,2670597657,482,2670598139,2670598139
2025-06-18 21:59:32,REAL,2670598139,537,2670598676,2670598676
2025-06-18 21:59:34,REAL,2670598676,474,2670599150,2670599150
2025-06-18 21:59:36,REAL,2670599150,476,2670599626,2670599626
2025-06-18 21:59:38,REAL,2670599626,538,2670600164,2670600164
2025-06-18 21:59:40,REAL,2670600164,476,2670600640,2670600640
2025-06-18 21:59:42,REAL,2670600640,481,2670601121,2670601121
2025-06-18 21:59:44,REAL,2670601121,494,2670601615,2670601615
2025-06-18 21:59:46,REAL,2670601615,481,2670602096,2670602096
2025-06-18 21:59:48,REAL,2670602096,486,2670602582,2670602582
2025-06-18 21:59:50,REAL,2670602582,483,2670603065,2670603065
2025-06-18 21:59:52,REAL,2670603065,488,2670603553,2670603553
2025-06-18 21:59:54,REAL,2670603553,481,2670604034,2670604034
2025-06-18 21:59:56,REAL,2670604034,487,2670604521,2670604521
2025-06-18 21:59:58,REAL,2670604521,491,2670605012,2670605012
2025-06-18 22:00:00,REAL,2670605012,479,2670605491,2670605491
2025-06-18 22:00:02,REAL,2670605491,480,2670605971,2670605971
2025-06-18 22:00:04,REAL,2670605971,481,2670606452,2670606452
2025-06-18 22:00:06,REAL,2670606452,476,2670606928,2670606928
2025-06-18 22:00:08,REAL,2670606928,479,2670607407,2670607407
2025-06-18 22:00:10,REAL,2670607407,538,2670607945,2670607945
2025-06-18 22:00:12,REAL,2670607945,481,2670608426,2670608426
2025-06-18 22:00:14,REAL,2670608426,481,2670608907,2670608907
2025-06-18 22:00:16,REAL,2670608907,484,2670609391,2670609391
2025-06-18 22:00:18,REAL,2670609391,486,2670609877,2670609877
2025-06-18 22:00:20,REAL,2670609877,485,2670610362,2670610362
2025-06-18 22:00:22,REAL,2670610362,545,2670610907,2670610907
2025-06-18 22:00:24,REAL,2670610907,475,2670611382,2670611382
2025-06-18 22:00:26,REAL,2670611382,485,2670611867,2670611867
2025-06-18 22:00:28,REAL,2670611867,488,2670612355,2670612355
2025-06-18 22:00:30,REAL,2670612355,488,2670612843,2670612843
2025-06-18 22:00:32,REAL,2670612843,478,2670613321,2670613321
2025-06-18 22:00:34,REAL,2670613321,478,2670613799,2670613799
2025-06-18 22:00:36,REAL,2670613799,480,2670614279,2670614279
2025-06-18 22:00:38,REAL,2670614279,477,2670614756,2670614756
2025-06-18 22:00:40,REAL,2670614756,538,2670615294,2670615294
2025-06-18 22:00:42,REAL,2670615294,491,2670615785,2670615785
2025-06-18 22:00:44,REAL,2670615785,476,2670616261,2670616261
2025-06-18 22:00:46,REAL,2670616261,483,2670616744,2670616744
2025-06-18 22:00:48,REAL,2670616744,485,2670617229,2670617229
2025-06-18 22:00:50,REAL,2670617229,477,2670617706,2670617706
2025-06-18 22:00:52,REAL,2670617706,479,2670618185,2670618185
2025-06-18 22:00:54,REAL,2670618185,490,2670618675,2670618675
2025-06-18 22:00:56,REAL,2670618675,488,2670619163,2670619163
2025-06-18 22:00:58,REAL,2670619163,486,2670619649,2670619649
2025-06-18 22:01:00,REAL,2670619649,490,2670620139,2670620139
2025-06-18 22:01:02,REAL,2670620139,487,2670620626,2670620626
2025-06-18 22:01:04,REAL,2670620626,486,2670621112,2670621112
2025-06-18 22:01:06,REAL,2670621112,484,2670621596,2670621596
2025-06-18 22:01:08,REAL,2670621596,485,2670622081,2670622081
2025-06-18 22:01:10,REAL,2670622081,537,2670622618,2670622618
2025-06-18 22:01:12,REAL,2670622618,481,2670623099,2670623099
2025-06-18 22:01:14,REAL,2670623099,544,2670623643,2670623643
2025-06-18 22:01:16,REAL,2670623643,484,2670624127,2670624127
2025-06-18 22:01:18,REAL,2670624127,477,2670624604,2670624604
2025-06-18 22:01:20,REAL,2670624604,490,2670625094,2670625094
2025-06-18 22:01:22,REAL,2670625094,488,2670625582,2670625582
2025-06-18 22:01:24,REAL,2670625582,476,2670626058,2670626058
2025-06-18 22:01:26,REAL,2670626058,483,2670626541,2670626541
2025-06-18 22:01:28,REAL,2670626541,484,2670627025,2670627025
2025-06-18 22:01:30,REAL,2670627025,6504,2670633529,2670633529
2025-06-18 22:01:32,REAL,2670633529,11173,2670644702,2670644702
2025-06-18 22:01:34,REAL,2670644702,10250,2670654952,2670654952
2025-06-18 22:01:36,REAL,2670654952,10251,2670665203,2670665203
2025-06-18 22:01:38,REAL,2670665203,10250,2670675453,2670675453
2025-06-18 22:01:40,REAL,2670675453,10252,2670685705,2670685705
2025-06-18 22:01:42,REAL,2670685705,10379,2670696084,2670696084
2025-06-18 22:01:44,REAL,2670696084,10249,2670706333,2670706333
2025-06-18 22:01:46,REAL,2670706333,1015,2670707348,2670707348
2025-06-18 22:01:48,REAL,2670707348,484,2670707832,2670707832
2025-06-18 22:01:50,REAL,2670707832,477,2670708309,2670708309
2025-06-18 22:01:52,REAL,2670708309,481,2670708790,2670708790
2025-06-18 22:01:54,REAL,2670708790,486,2670709276,2670709276
2025-06-18 22:01:56,REAL,2670709276,474,2670709750,2670709750
2025-06-18 22:01:58,REAL,2670709750,492,2670710242,2670710242
2025-06-18 22:02:00,REAL,2670710242,482,2670710724,2670710724
2025-06-18 22:02:02,REAL,2670710724,486,2670711210,2670711210
2025-06-18 22:02:04,REAL,2670711210,485,2670711695,2670711695
2025-06-18 22:02:06,REAL,2670711695,478,2670712173,2670712173
2025-06-18 22:02:08,REAL,2670712173,487,2670712660,2670712660
2025-06-18 22:02:10,REAL,2670712660,477,2670713137,2670713137
2025-06-18 22:02:12,REAL,2670713137,540,2670713677,2670713677
2025-06-18 22:02:14,REAL,2670713677,486,2670714163,2670714163
2025-06-18 22:02:16,REAL,2670714163,483,2670714646,2670714646
2025-06-18 22:02:18,REAL,2670714646,485,2670715131,2670715131
2025-06-18 22:02:20,REAL,2670715131,544,2670715675,2670715675
2025-06-18 22:02:22,REAL,2670715675,476,2670716151,2670716151
2025-06-18 22:02:24,REAL,2670716151,492,2670716643,2670716643
2025-06-18 22:02:26,REAL,2670716643,480,2670717123,2670717123
2025-06-18 22:02:28,REAL,2670717123,486,2670717609,2670717609
2025-06-18 22:02:30,REAL,2670717609,488,2670718097,2670718097
2025-06-18 22:02:32,REAL,2670718097,484,2670718581,2670718581
2025-06-18 22:02:34,REAL,2670718581,484,2670719065,2670719065
2025-06-18 22:02:36,REAL,2670719065,481,2670719546,2670719546
2025-06-18 22:02:38,REAL,2670719546,484,2670720030,2670720030
2025-06-18 22:02:40,REAL,2670720030,485,2670720515,2670720515
2025-06-18 22:02:42,REAL,2670720515,545,2670721060,2670721060
2025-06-18 22:02:44,REAL,2670721060,477,2670721537,2670721537
2025-06-18 22:02:46,REAL,2670721537,477,2670722014,2670722014
2025-06-18 22:02:48,REAL,2670722014,475,2670722489,2670722489
2025-06-18 22:02:50,REAL,2670722489,474,2670722963,2670722963
2025-06-18 22:02:52,REAL,2670722963,484,2670723447,2670723447
2025-06-18 22:02:54,REAL,2670723447,482,2670723929,2670723929
2025-06-18 22:02:56,REAL,2670723929,476,2670724405,2670724405
2025-06-18 22:02:58,REAL,2670724405,479,2670724884,2670724884
2025-06-18 22:03:00,REAL,2670724884,488,2670725372,2670725372
2025-06-18 22:03:02,REAL,2670725372,489,2670725861,2670725861
2025-06-18 22:03:04,REAL,2670725861,490,2670726351,2670726351
2025-06-18 22:03:06,REAL,2670726351,480,2670726831,2670726831
2025-06-18 22:03:08,REAL,2670726831,477,2670727308,2670727308
2025-06-18 22:03:10,REAL,2670727308,484,2670727792,2670727792
2025-06-18 22:03:12,REAL,2670727792,539,2670728331,2670728331
2025-06-18 22:03:14,REAL,2670728331,549,2670728880,2670728880
2025-06-18 22:03:16,REAL,2670728880,484,2670729364,2670729364
2025-06-18 22:03:18,REAL,2670729364,477,2670729841,2670729841
2025-06-18 22:03:20,REAL,2670729841,485,2670730326,2670730326
2025-06-18 22:03:22,REAL,2670730326,487,2670730813,2670730813
2025-06-18 22:03:24,REAL,2670730813,481,2670731294,2670731294
2025-06-18 22:03:26,REAL,2670731294,487,2670731781,2670731781
2025-06-18 22:03:28,REAL,2670731781,486,2670732267,2670732267
2025-06-18 22:03:30,REAL,2670732267,481,2670732748,2670732748
2025-06-18 22:03:32,REAL,2670732748,490,2670733238,2670733238
2025-06-18 22:03:34,REAL,2670733238,485,2670733723,2670733723
2025-06-18 22:03:36,REAL,2670733723,485,2670734208,2670734208
2025-06-18 22:03:38,REAL,2670734208,493,2670734701,2670734701
2025-06-18 22:03:40,REAL,2670734701,486,2670735187,2670735187
2025-06-18 22:03:42,REAL,2670735187,479,2670735666,2670735666
2025-06-18 22:03:44,REAL,2670735666,487,2670736153,2670736153
2025-06-18 22:03:46,REAL,2670736153,475,2670736628,2670736628
2025-06-18 22:03:48,REAL,2670736628,533,2670737161,2670737161
2025-06-18 22:03:50,REAL,2670737161,477,2670737638,2670737638
2025-06-18 22:03:52,REAL,2670737638,490,2670738128,2670738128
2025-06-18 22:03:54,REAL,2670738128,485,2670738613,2670738613
2025-06-18 22:03:56,REAL,2670738613,486,2670739099,2670739099
2025-06-18 22:03:58,REAL,2670739099,478,2670739577,2670739577
2025-06-18 22:04:00,REAL,2670739577,483,2670740060,2670740060
2025-06-18 22:04:02,REAL,2670740060,486,2670740546,2670740546
2025-06-18 22:04:04,REAL,2670740546,535,2670741081,2670741081
2025-06-18 22:04:06,REAL,2670741081,484,2670741565,2670741565
2025-06-18 22:04:08,REAL,2670741565,479,2670742044,2670742044
2025-06-18 22:04:10,REAL,2670742044,482,2670742526,2670742526
2025-06-18 22:04:12,REAL,2670742526,484,2670743010,2670743010
2025-06-18 22:04:14,REAL,2670743010,3463,2670746473,2670746473
2025-06-18 22:04:16,REAL,2670746473,11431,2670757904,2670757904
2025-06-18 22:04:18,REAL,2670757904,10261,2670768165,2670768165
2025-06-18 22:04:20,REAL,2670768165,10311,2670778476,2670778476
2025-06-18 22:04:22,REAL,2670778476,10250,2670788726,2670788726
2025-06-18 22:04:24,REAL,2670788726,10313,2670799039,2670799039
2025-06-18 22:04:26,REAL,2670799039,10254,2670809293,2670809293
2025-06-18 22:04:28,REAL,2670809293,10312,2670819605,2670819605
2025-06-18 22:04:30,REAL,2670819605,2728,2670822333,2670822333
2025-06-18 22:04:32,REAL,2670822333,490,2670822823,2670822823
2025-06-18 22:04:34,REAL,2670822823,491,2670823314,2670823314
2025-06-18 22:04:36,REAL,2670823314,489,2670823803,2670823803
2025-06-18 22:04:38,REAL,2670823803,486,2670824289,2670824289
2025-06-18 22:04:40,REAL,2670824289,476,2670824765,2670824765
2025-06-18 22:04:42,REAL,2670824765,481,2670825246,2670825246
2025-06-18 22:04:44,REAL,2670825246,489,2670825735,2670825735
2025-06-18 22:04:46,REAL,2670825735,4251,2670829986,2670829986
2025-06-18 22:04:48,REAL,2670829986,11122,2670841108,2670841108
2025-06-18 22:04:50,REAL,2670841108,10308,2670851416,2670851416
2025-06-18 22:04:52,REAL,2670851416,10246,2670861662,2670861662
2025-06-18 22:04:54,REAL,2670861662,10243,2670871905,2670871905
2025-06-18 22:04:56,REAL,2670871905,10252,2670882157,2670882157
2025-06-18 22:04:58,REAL,2670882157,10257,2670892414,2670892414
2025-06-18 22:05:00,REAL,2670892414,10378,2670902792,2670902792
2025-06-18 22:05:02,REAL,2670902792,2077,2670904869,2670904869
2025-06-18 22:05:04,REAL,2670904869,492,2670905361,2670905361
2025-06-18 22:05:06,REAL,2670905361,481,2670905842,2670905842
2025-06-18 22:05:08,REAL,2670905842,10458,2670916300,2670916300
2025-06-18 22:05:10,REAL,2670916300,10381,2670926681,2670926681
2025-06-18 22:05:12,REAL,2670926681,10260,2670936941,2670936941
2025-06-18 22:05:14,REAL,2670936941,10256,2670947197,2670947197
2025-06-18 22:05:16,REAL,2670947197,10253,2670957450,2670957450
2025-06-18 22:05:18,REAL,2670957450,10247,2670967697,2670967697
2025-06-18 22:05:20,REAL,2670967697,10254,2670977951,2670977951
2025-06-18 22:05:22,REAL,2670977951,6683,2670984634,2670984634
2025-06-18 22:05:24,REAL,2670984634,485,2670985119,2670985119
2025-06-18 22:05:26,REAL,2670985119,486,2670985605,2670985605
2025-06-18 22:05:28,REAL,2670985605,489,2670986094,2670986094
2025-06-18 22:05:30,REAL,2670986094,488,2670986582,2670986582
2025-06-18 22:05:32,REAL,2670986582,480,2670987062,2670987062
2025-06-18 22:05:34,REAL,2670987062,540,2670987602,2670987602
2025-06-18 22:05:36,REAL,2670987602,484,2670988086,2670988086
2025-06-18 22:05:38,REAL,2670988086,481,2670988567,2670988567
2025-06-18 22:05:40,REAL,2670988567,11722,2671000289,2671000289
2025-06-18 22:05:42,REAL,2671000289,10245,2671010534,2671010534
2025-06-18 22:05:44,REAL,2671010534,10315,2671020849,2671020849
2025-06-18 22:05:46,REAL,2671020849,10256,2671031105,2671031105
2025-06-18 22:05:48,REAL,2671031105,10257,2671041362,2671041362
2025-06-18 22:05:50,REAL,2671041362,10323,2671051685,2671051685
2025-06-18 22:05:52,REAL,2671051685,10257,2671061942,2671061942
2025-06-18 22:05:54,REAL,2671061942,6031,2671067973,2671067973
2025-06-18 22:05:56,REAL,2671067973,482,2671068455,2671068455
2025-06-18 22:05:58,REAL,2671068455,485,2671068940,2671068940
2025-06-18 22:06:00,REAL,2671068940,487,2671069427,2671069427
2025-06-18 22:06:02,REAL,2671069427,483,2671069910,2671069910
2025-06-18 22:06:04,REAL,2671069910,484,2671070394,2671070394
2025-06-18 22:06:06,REAL,2671070394,488,2671070882,2671070882
2025-06-18 22:06:08,REAL,2671070882,486,2671071368,2671071368
2025-06-18 22:06:10,REAL,2671071368,544,2671071912,2671071912
2025-06-18 22:06:12,REAL,2671071912,484,2671072396,2671072396
2025-06-18 22:06:14,REAL,2671072396,488,2671072884,2671072884
2025-06-18 22:06:16,REAL,2671072884,476,2671073360,2671073360
2025-06-18 22:06:18,REAL,2671073360,481,2671073841,2671073841
2025-06-18 22:06:20,REAL,2671073841,485,2671074326,2671074326
2025-06-18 22:06:22,REAL,2671074326,547,2671074873,2671074873
2025-06-18 22:06:24,REAL,2671074873,486,2671075359,2671075359
2025-06-18 22:06:26,REAL,2671075359,488,2671075847,2671075847
2025-06-18 22:06:28,REAL,2671075847,483,2671076330,2671076330
2025-06-18 22:06:30,REAL,2671076330,483,2671076813,2671076813
2025-06-18 22:06:32,REAL,2671076813,488,2671077301,2671077301
2025-06-18 22:06:34,REAL,2671077301,477,2671077778,2671077778
2025-06-18 22:06:36,REAL,2671077778,486,2671078264,2671078264
2025-06-18 22:06:38,REAL,2671078264,482,2671078746,2671078746
2025-06-18 22:06:40,REAL,2671078746,482,2671079228,2671079228
2025-06-18 22:06:42,REAL,2671079228,480,2671079708,2671079708
2025-06-18 22:06:44,REAL,2671079708,491,2671080199,2671080199
2025-06-18 22:06:46,REAL,2671080199,532,2671080731,2671080731
2025-06-18 22:06:48,REAL,2671080731,482,2671081213,2671081213
2025-06-18 22:06:50,REAL,2671081213,478,2671081691,2671081691
2025-06-18 22:06:52,REAL,2671081691,482,2671082173,2671082173
2025-06-18 22:06:54,REAL,2671082173,476,2671082649,2671082649
2025-06-18 22:06:56,REAL,2671082649,482,2671083131,2671083131
2025-06-18 22:06:58,REAL,2671083131,483,2671083614,2671083614
2025-06-18 22:07:00,REAL,2671083614,484,2671084098,2671084098
2025-06-18 22:07:02,REAL,2671084098,483,2671084581,2671084581
2025-06-18 22:07:04,REAL,2671084581,480,2671085061,2671085061
2025-06-18 22:07:06,REAL,2671085061,533,2671085594,2671085594
2025-06-18 22:07:08,REAL,2671085594,480,2671086074,2671086074
2025-06-18 22:07:10,REAL,2671086074,492,2671086566,2671086566
2025-06-18 22:07:12,REAL,2671086566,491,2671087057,2671087057
2025-06-18 22:07:14,REAL,2671087057,494,2671087551,2671087551
2025-06-18 22:07:16,REAL,2671087551,490,2671088041,2671088041
2025-06-18 22:07:18,REAL,2671088041,491,2671088532,2671088532
2025-06-18 22:07:20,REAL,2671088532,490,2671089022,2671089022
2025-06-18 22:07:22,REAL,2671089022,532,2671089554,2671089554
2025-06-18 22:07:24,REAL,2671089554,488,2671090042,2671090042
2025-06-18 22:07:26,REAL,2671090042,483,2671090525,2671090525
2025-06-18 22:07:28,REAL,2671090525,479,2671091004,2671091004
2025-06-18 22:07:30,REAL,2671091004,479,2671091483,2671091483
2025-06-18 22:07:32,REAL,2671091483,486,2671091969,2671091969
2025-06-18 22:07:34,REAL,2671091969,484,2671092453,2671092453
2025-06-18 22:07:36,REAL,2671092453,489,2671092942,2671092942
2025-06-18 22:07:38,REAL,2671092942,484,2671093426,2671093426
2025-06-18 22:07:40,REAL,2671093426,482,2671093908,2671093908
2025-06-18 22:07:42,REAL,2671093908,483,2671094391,2671094391
2025-06-18 22:07:44,REAL,2671094391,487,2671094878,2671094878
2025-06-18 22:07:46,REAL,2671094878,491,2671095369,2671095369
2025-06-18 22:07:48,REAL,2671095369,542,2671095911,2671095911
2025-06-18 22:07:50,REAL,2671095911,493,2671096404,2671096404
2025-06-18 22:07:52,REAL,2671096404,486,2671096890,2671096890
2025-06-18 22:07:54,REAL,2671096890,484,2671097374,2671097374
2025-06-18 22:07:56,REAL,2671097374,486,2671097860,2671097860
2025-06-18 22:07:58,REAL,2671097860,536,2671098396,2671098396
2025-06-18 22:08:00,REAL,2671098396,484,2671098880,2671098880
2025-06-18 22:08:02,REAL,2671098880,484,2671099364,2671099364
2025-06-18 22:08:04,REAL,2671099364,486,2671099850,2671099850
2025-06-18 22:08:06,REAL,2671099850,489,2671100339,2671100339
2025-06-18 22:08:08,REAL,2671100339,490,2671100829,2671100829
2025-06-18 22:08:10,REAL,2671100829,486,2671101315,2671101315
2025-06-18 22:08:12,REAL,2671101315,491,2671101806,2671101806
2025-06-18 22:08:14,REAL,2671101806,482,2671102288,2671102288
2025-06-18 22:08:16,REAL,2671102288,480,2671102768,2671102768
2025-06-18 22:08:18,REAL,2671102768,479,2671103247,2671103247
2025-06-18 22:08:20,REAL,2671103247,482,2671103729,2671103729
2025-06-18 22:08:22,REAL,2671103729,480,2671104209,2671104209
2025-06-18 22:08:24,REAL,2671104209,486,2671104695,2671104695
2025-06-18 22:08:26,REAL,2671104695,477,2671105172,2671105172
2025-06-18 22:08:28,REAL,2671105172,483,2671105655,2671105655
2025-06-18 22:08:30,REAL,2671105655,485,2671106140,2671106140
2025-06-18 22:08:32,REAL,2671106140,535,2671106675,2671106675
2025-06-18 22:08:34,REAL,2671106675,541,2671107216,2671107216
2025-06-18 22:08:36,REAL,2671107216,478,2671107694,2671107694
2025-06-18 22:08:38,REAL,2671107694,481,2671108175,2671108175
2025-06-18 22:08:40,REAL,2671108175,483,2671108658,2671108658
2025-06-18 22:08:42,REAL,2671108658,482,2671109140,2671109140
2025-06-18 22:08:44,REAL,2671109140,484,2671109624,2671109624
2025-06-18 22:08:46,REAL,2671109624,489,2671110113,2671110113
2025-06-18 22:08:48,REAL,2671110113,477,2671110590,2671110590
2025-06-18 22:08:50,REAL,2671110590,488,2671111078,2671111078
2025-06-18 22:08:52,REAL,2671111078,481,2671111559,2671111559
2025-06-18 22:08:54,REAL,2671111559,480,2671112039,2671112039
2025-06-18 22:08:56,REAL,2671112039,9943,2671121982,2671121982
2025-06-18 22:08:58,REAL,2671121982,10450,2671132432,2671132432
2025-06-18 22:09:00,REAL,2671132432,10246,2671142678,2671142678
2025-06-18 22:09:02,REAL,2671142678,10314,2671152992,2671152992
2025-06-18 22:09:04,REAL,2671152992,10256,2671163248,2671163248
2025-06-18 22:09:06,REAL,2671163248,10322,2671173570,2671173570
2025-06-18 22:09:08,REAL,2671173570,10253,2671183823,2671183823
2025-06-18 22:09:10,REAL,2671183823,7207,2671191030,2671191030
2025-06-18 22:09:12,REAL,2671191030,487,2671191517,2671191517
2025-06-18 22:09:14,REAL,2671191517,481,2671191998,2671191998
2025-06-18 22:09:16,REAL,2671191998,486,2671192484,2671192484
2025-06-18 22:09:18,REAL,2671192484,483,2671192967,2671192967
2025-06-18 22:09:20,REAL,2671192967,485,2671193452,2671193452
2025-06-18 22:09:22,REAL,2671193452,483,2671193935,2671193935
2025-06-18 22:09:24,REAL,2671193935,475,2671194410,2671194410
2025-06-18 22:09:26,REAL,2671194410,539,2671194949,2671194949
2025-06-18 22:09:28,REAL,2671194949,479,2671195428,2671195428
2025-06-18 22:09:30,REAL,2671195428,485,2671195913,2671195913
2025-06-18 22:09:32,REAL,2671195913,6429,2671202342,2671202342
2025-06-18 22:09:34,REAL,2671202342,13617,2671215959,2671215959
2025-06-18 22:09:36,REAL,2671215959,10247,2671226206,2671226206
2025-06-18 22:09:38,REAL,2671226206,10258,2671236464,2671236464
2025-06-18 22:09:40,REAL,2671236464,10251,2671246715,2671246715
2025-06-18 22:09:42,REAL,2671246715,10313,2671257028,2671257028
2025-06-18 22:09:44,REAL,2671257028,10254,2671267282,2671267282
2025-06-18 22:09:46,REAL,2671267282,10252,2671277534,2671277534
2025-06-18 22:09:48,REAL,2671277534,1601,2671279135,2671279135
2025-06-18 22:09:50,REAL,2671279135,487,2671279622,2671279622
2025-06-18 22:09:52,REAL,2671279622,239,2671279861,2671279861
2025-06-18 22:09:54,REAL,2671279861,482,2671280343,2671280343
2025-06-18 22:09:56,REAL,2671280343,485,2671280828,2671280828
2025-06-18 22:09:58,REAL,2671280828,483,2671281311,2671281311
2025-06-18 22:10:00,REAL,2671281311,489,2671281800,2671281800
2025-06-18 22:10:02,REAL,2671281800,484,2671282284,2671282284
2025-06-18 22:10:04,REAL,2671282284,544,2671282828,2671282828
2025-06-18 22:10:06,REAL,2671282828,486,2671283314,2671283314
2025-06-18 22:10:08,REAL,2671283314,486,2671283800,2671283800
2025-06-18 22:10:10,REAL,2671283800,488,2671284288,2671284288
2025-06-18 22:10:12,REAL,2671284288,474,2671284762,2671284762
2025-06-18 22:10:14,REAL,2671284762,475,2671285237,2671285237
2025-06-18 22:10:16,REAL,2671285237,477,2671285714,2671285714
2025-06-18 22:10:18,REAL,2671285714,481,2671286195,2671286195
2025-06-18 22:10:20,REAL,2671286195,484,2671286679,2671286679
2025-06-18 22:10:22,REAL,2671286679,481,2671287160,2671287160
2025-06-18 22:10:24,REAL,2671287160,539,2671287699,2671287699
2025-06-18 22:10:26,REAL,2671287699,490,2671288189,2671288189
2025-06-18 22:10:28,REAL,2671288189,484,2671288673,2671288673
2025-06-18 22:10:30,REAL,2671288673,479,2671289152,2671289152
2025-06-18 22:10:32,REAL,2671289152,475,2671289627,2671289627
2025-06-18 22:10:34,REAL,2671289627,489,2671290116,2671290116
2025-06-18 22:10:36,REAL,2671290116,490,2671290606,2671290606
2025-06-18 22:10:38,REAL,2671290606,538,2671291144,2671291144
2025-06-18 22:10:40,REAL,2671291144,491,2671291635,2671291635
2025-06-18 22:10:42,REAL,2671291635,482,2671292117,2671292117
2025-06-18 22:10:44,REAL,2671292117,484,2671292601,2671292601
2025-06-18 22:10:46,REAL,2671292601,6558,2671299159,2671299159
2025-06-18 22:10:48,REAL,2671299159,11038,2671310197,2671310197
2025-06-18 22:10:50,REAL,2671310197,10246,2671320443,2671320443
2025-06-18 22:10:52,REAL,2671320443,10245,2671330688,2671330688
2025-06-18 22:10:54,REAL,2671330688,10319,2671341007,2671341007
2025-06-18 22:10:56,REAL,2671341007,10249,2671351256,2671351256
2025-06-18 22:10:58,REAL,2671351256,10252,2671361508,2671361508
2025-06-18 22:11:00,REAL,2671361508,10184,2671371692,2671371692
2025-06-18 22:11:02,REAL,2671371692,536,2671372228,2671372228
2025-06-18 22:11:04,REAL,2671372228,479,2671372707,2671372707
2025-06-18 22:11:06,REAL,2671372707,477,2671373184,2671373184
2025-06-18 22:11:08,REAL,2671373184,478,2671373662,2671373662
2025-06-18 22:11:10,REAL,2671373662,490,2671374152,2671374152
2025-06-18 22:11:12,REAL,2671374152,489,2671374641,2671374641
2025-06-18 22:11:14,REAL,2671374641,483,2671375124,2671375124
2025-06-18 22:11:16,REAL,2671375124,474,2671375598,2671375598
2025-06-18 22:11:18,REAL,2671375598,541,2671376139,2671376139
2025-06-18 22:11:20,REAL,2671376139,487,2671376626,2671376626
2025-06-18 22:11:22,REAL,2671376626,480,2671377106,2671377106
2025-06-18 22:11:24,REAL,2671377106,487,2671377593,2671377593
2025-06-18 22:11:26,REAL,2671377593,477,2671378070,2671378070
2025-06-18 22:11:28,REAL,2671378070,478,2671378548,2671378548
2025-06-18 22:11:30,REAL,2671378548,478,2671379026,2671379026
2025-06-18 22:11:32,REAL,2671379026,484,2671379510,2671379510
2025-06-18 22:11:34,REAL,2671379510,493,2671380003,2671380003
2025-06-18 22:11:36,REAL,2671380003,477,2671380480,2671380480
2025-06-18 22:11:38,REAL,2671380480,535,2671381015,2671381015
2025-06-18 22:11:40,REAL,2671381015,489,2671381504,2671381504
2025-06-18 22:11:42,REAL,2671381504,488,2671381992,2671381992
2025-06-18 22:11:44,REAL,2671381992,486,2671382478,2671382478
2025-06-18 22:11:46,REAL,2671382478,480,2671382958,2671382958
2025-06-18 22:11:48,REAL,2671382958,479,2671383437,2671383437
2025-06-18 22:11:50,REAL,2671383437,540,2671383977,2671383977
2025-06-18 22:11:52,REAL,2671383977,483,2671384460,2671384460
2025-06-18 22:11:54,REAL,2671384460,484,2671384944,2671384944
2025-06-18 22:11:56,REAL,2671384944,486,2671385430,2671385430
2025-06-18 22:11:58,REAL,2671385430,485,2671385915,2671385915
2025-06-18 22:12:00,REAL,2671385915,490,2671386405,2671386405
2025-06-18 22:12:02,REAL,2671386405,488,2671386893,2671386893
2025-06-18 22:12:04,REAL,2671386893,485,2671387378,2671387378
2025-06-18 22:12:06,REAL,2671387378,480,2671387858,2671387858
2025-06-18 22:12:08,REAL,2671387858,480,2671388338,2671388338
2025-06-18 22:12:10,REAL,2671388338,479,2671388817,2671388817
2025-06-18 22:12:12,REAL,2671388817,488,2671389305,2671389305
2025-06-18 22:12:14,REAL,2671389305,540,2671389845,2671389845
2025-06-18 22:12:16,REAL,2671389845,477,2671390322,2671390322
2025-06-18 22:12:18,REAL,2671390322,491,2671390813,2671390813
2025-06-18 22:12:20,REAL,2671390813,490,2671391303,2671391303
2025-06-18 22:12:22,REAL,2671391303,537,2671391840,2671391840
2025-06-18 22:12:24,REAL,2671391840,490,2671392330,2671392330
2025-06-18 22:12:26,REAL,2671392330,483,2671392813,2671392813
2025-06-18 22:12:28,REAL,2671392813,480,2671393293,2671393293
2025-06-18 22:12:30,REAL,2671393293,484,2671393777,2671393777
2025-06-18 22:12:32,REAL,2671393777,486,2671394263,2671394263
2025-06-18 22:12:34,REAL,2671394263,477,2671394740,2671394740
2025-06-18 22:12:36,REAL,2671394740,477,2671395217,2671395217
2025-06-18 22:12:38,REAL,2671395217,486,2671395703,2671395703
2025-06-18 22:12:40,REAL,2671395703,487,2671396190,2671396190
2025-06-18 22:12:42,REAL,2671396190,483,2671396673,2671396673
2025-06-18 22:12:44,REAL,2671396673,479,2671397152,2671397152
2025-06-18 22:12:46,REAL,2671397152,488,2671397640,2671397640
2025-06-18 22:12:48,REAL,2671397640,483,2671398123,2671398123
2025-06-18 22:12:50,REAL,2671398123,476,2671398599,2671398599
2025-06-18 22:12:52,REAL,2671398599,543,2671399142,2671399142
2025-06-18 22:12:54,REAL,2671399142,549,2671399691,2671399691
2025-06-18 22:12:56,REAL,2671399691,481,2671400172,2671400172
2025-06-18 22:12:58,REAL,2671400172,482,2671400654,2671400654
2025-06-18 22:13:00,REAL,2671400654,483,2671401137,2671401137
2025-06-18 22:13:02,REAL,2671401137,482,2671401619,2671401619
2025-06-18 22:13:04,REAL,2671401619,482,2671402101,2671402101
2025-06-18 22:13:06,REAL,2671402101,476,2671402577,2671402577
2025-06-18 22:13:08,REAL,2671402577,485,2671403062,2671403062
2025-06-18 22:13:10,REAL,2671403062,485,2671403547,2671403547
2025-06-18 22:13:12,REAL,2671403547,494,2671404041,2671404041
2025-06-18 22:13:14,REAL,2671404041,484,2671404525,2671404525
2025-06-18 22:13:16,REAL,2671404525,482,2671405007,2671405007
2025-06-18 22:13:18,REAL,2671405007,485,2671405492,2671405492
2025-06-18 22:13:20,REAL,2671405492,477,2671405969,2671405969
2025-06-18 22:13:22,REAL,2671405969,476,2671406445,2671406445
2025-06-18 22:13:24,REAL,2671406445,483,2671406928,2671406928
2025-06-18 22:13:26,REAL,2671406928,493,2671407421,2671407421
2025-06-18 22:13:28,REAL,2671407421,536,2671407957,2671407957
2025-06-18 22:13:30,REAL,2671407957,484,2671408441,2671408441
2025-06-18 22:13:32,REAL,2671408441,482,2671408923,2671408923
2025-06-18 22:13:34,REAL,2671408923,483,2671409406,2671409406
2025-06-18 22:13:36,REAL,2671409406,482,2671409888,2671409888
2025-06-18 22:13:38,REAL,2671409888,483,2671410371,2671410371
2025-06-18 22:13:40,REAL,2671410371,481,2671410852,2671410852
2025-06-18 22:13:42,REAL,2671410852,539,2671411391,2671411391
2025-06-18 22:13:44,REAL,2671411391,484,2671411875,2671411875
2025-06-18 22:13:46,REAL,2671411875,478,2671412353,2671412353
2025-06-18 22:13:48,REAL,2671412353,487,2671412840,2671412840
2025-06-18 22:13:50,REAL,2671412840,481,2671413321,2671413321
2025-06-18 22:13:52,REAL,2671413321,486,2671413807,2671413807
2025-06-18 22:13:54,REAL,2671413807,491,2671414298,2671414298
2025-06-18 22:13:56,REAL,2671414298,481,2671414779,2671414779
2025-06-18 22:13:58,REAL,2671414779,477,2671415256,2671415256
2025-06-18 22:14:00,REAL,2671415256,535,2671415791,2671415791
2025-06-18 22:14:02,REAL,2671415791,4916,2671420707,2671420707
2025-06-18 22:14:04,REAL,2671420707,11372,2671432079,2671432079
2025-06-18 22:14:06,REAL,2671432079,10251,2671442330,2671442330
2025-06-18 22:14:08,REAL,2671442330,10259,2671452589,2671452589
2025-06-18 22:14:10,REAL,2671452589,10316,2671462905,2671462905
2025-06-18 22:14:12,REAL,2671462905,10255,2671473160,2671473160
2025-06-18 22:14:14,REAL,2671473160,10254,2671483414,2671483414
2025-06-18 22:14:16,REAL,2671483414,10254,2671493668,2671493668
2025-06-18 22:14:18,REAL,2671493668,1470,2671495138,2671495138
2025-06-18 22:14:20,REAL,2671495138,484,2671495622,2671495622
2025-06-18 22:14:22,REAL,2671495622,485,2671496107,2671496107
2025-06-18 22:14:24,REAL,2671496107,482,2671496589,2671496589
2025-06-18 22:14:26,REAL,2671496589,477,2671497066,2671497066
2025-06-18 22:14:28,REAL,2671497066,485,2671497551,2671497551
2025-06-18 22:14:30,REAL,2671497551,479,2671498030,2671498030
2025-06-18 22:14:32,REAL,2671498030,590,2671498620,2671498620
2025-06-18 22:14:34,REAL,2671498620,5833,2671504453,2671504453
2025-06-18 22:14:36,REAL,2671504453,11508,2671515961,2671515961
2025-06-18 22:14:38,REAL,2671515961,10248,2671526209,2671526209
2025-06-18 22:14:40,REAL,2671526209,10249,2671536458,2671536458
2025-06-18 22:14:42,REAL,2671536458,10255,2671546713,2671546713
2025-06-18 22:14:44,REAL,2671546713,10242,2671556955,2671556955
2025-06-18 22:14:46,REAL,2671556955,10254,2671567209,2671567209
2025-06-18 22:14:48,REAL,2671567209,10257,2671577466,2671577466
2025-06-18 22:14:50,REAL,2671577466,888,2671578354,2671578354
2025-06-18 22:14:52,REAL,2671578354,481,2671578835,2671578835
2025-06-18 22:14:54,REAL,2671578835,485,2671579320,2671579320
2025-06-18 22:14:56,REAL,2671579320,490,2671579810,2671579810
2025-06-18 22:14:58,REAL,2671579810,483,2671580293,2671580293
2025-06-18 22:15:00,REAL,2671580293,482,2671580775,2671580775
2025-06-18 22:15:02,REAL,2671580775,492,2671581267,2671581267
2025-06-18 22:15:04,REAL,2671581267,536,2671581803,2671581803
2025-06-18 22:15:06,REAL,2671581803,6888,2671588691,2671588691
2025-06-18 22:15:08,REAL,2671588691,13423,2671602114,2671602114
2025-06-18 22:15:10,REAL,2671602114,10192,2671612306,2671612306
2025-06-18 22:15:12,REAL,2671612306,10313,2671622619,2671622619
2025-06-18 22:15:14,REAL,2671622619,10258,2671632877,2671632877
2025-06-18 22:15:16,REAL,2671632877,10253,2671643130,2671643130
2025-06-18 22:15:18,REAL,2671643130,10313,2671653443,2671653443
2025-06-18 22:15:20,REAL,2671653443,10045,2671663488,2671663488
2025-06-18 22:15:22,REAL,2671663488,536,2671664024,2671664024
2025-06-18 22:15:24,REAL,2671664024,486,2671664510,2671664510
2025-06-18 22:15:26,REAL,2671664510,477,2671664987,2671664987
2025-06-18 22:15:28,REAL,2671664987,484,2671665471,2671665471
2025-06-18 22:15:30,REAL,2671665471,483,2671665954,2671665954
2025-06-18 22:15:32,REAL,2671665954,485,2671666439,2671666439
2025-06-18 22:15:34,REAL,2671666439,476,2671666915,2671666915
2025-06-18 22:15:36,REAL,2671666915,540,2671667455,2671667455
2025-06-18 22:15:38,REAL,2671667455,7551,2671675006,2671675006
2025-06-18 22:15:40,REAL,2671675006,10915,2671685921,2671685921
2025-06-18 22:15:42,REAL,2671685921,10243,2671696164,2671696164
2025-06-18 22:15:44,REAL,2671696164,10248,2671706412,2671706412
2025-06-18 22:15:46,REAL,2671706412,10249,2671716661,2671716661
2025-06-18 22:15:48,REAL,2671716661,10314,2671726975,2671726975
2025-06-18 22:15:50,REAL,2671726975,10258,2671737233,2671737233
2025-06-18 22:15:52,REAL,2671737233,9399,2671746632,2671746632
2025-06-18 22:15:54,REAL,2671746632,485,2671747117,2671747117
2025-06-18 22:15:56,REAL,2671747117,488,2671747605,2671747605
2025-06-18 22:15:58,REAL,2671747605,486,2671748091,2671748091
2025-06-18 22:16:00,REAL,2671748091,484,2671748575,2671748575
2025-06-18 22:16:02,REAL,2671748575,479,2671749054,2671749054
2025-06-18 22:16:04,REAL,2671749054,480,2671749534,2671749534
2025-06-18 22:16:06,REAL,2671749534,484,2671750018,2671750018
2025-06-18 22:16:08,REAL,2671750018,543,2671750561,2671750561
2025-06-18 22:16:10,REAL,2671750561,9004,2671759565,2671759565
2025-06-18 22:16:12,REAL,2671759565,12503,2671772068,2671772068
2025-06-18 22:16:14,REAL,2671772068,10311,2671782379,2671782379
2025-06-18 22:16:16,REAL,2671782379,10252,2671792631,2671792631
2025-06-18 22:16:18,REAL,2671792631,10252,2671802883,2671802883
2025-06-18 22:16:20,REAL,2671802883,10318,2671813201,2671813201
2025-06-18 22:16:22,REAL,2671813201,10193,2671823394,2671823394
2025-06-18 22:16:24,REAL,2671823394,8807,2671832201,2671832201
2025-06-18 22:16:26,REAL,2671832201,482,2671832683,2671832683
2025-06-18 22:16:28,REAL,2671832683,487,2671833170,2671833170
2025-06-18 22:16:30,REAL,2671833170,478,2671833648,2671833648
2025-06-18 22:16:32,REAL,2671833648,492,2671834140,2671834140
2025-06-18 22:16:34,REAL,2671834140,484,2671834624,2671834624
2025-06-18 22:16:36,REAL,2671834624,488,2671835112,2671835112
2025-06-18 22:16:38,REAL,2671835112,542,2671835654,2671835654
2025-06-18 22:16:40,REAL,2671835654,481,2671836135,2671836135
2025-06-18 22:16:42,REAL,2671836135,484,2671836619,2671836619
2025-06-18 22:16:44,REAL,2671836619,478,2671837097,2671837097
2025-06-18 22:16:46,REAL,2671837097,482,2671837579,2671837579
2025-06-18 22:16:48,REAL,2671837579,489,2671838068,2671838068
2025-06-18 22:16:50,REAL,2671838068,482,2671838550,2671838550
2025-06-18 22:16:52,REAL,2671838550,489,2671839039,2671839039
2025-06-18 22:16:54,REAL,2671839039,488,2671839527,2671839527
2025-06-18 22:16:56,REAL,2671839527,492,2671840019,2671840019
2025-06-18 22:16:58,REAL,2671840019,492,2671840511,2671840511
2025-06-18 22:17:00,REAL,2671840511,481,2671840992,2671840992
2025-06-18 22:17:02,REAL,2671840992,478,2671841470,2671841470
2025-06-18 22:17:04,REAL,2671841470,485,2671841955,2671841955
2025-06-18 22:17:06,REAL,2671841955,540,2671842495,2671842495
2025-06-18 22:17:08,REAL,2671842495,540,2671843035,2671843035
2025-06-18 22:17:10,REAL,2671843035,487,2671843522,2671843522
2025-06-18 22:17:12,REAL,2671843522,484,2671844006,2671844006
2025-06-18 22:17:14,REAL,2671844006,488,2671844494,2671844494
2025-06-18 22:17:16,REAL,2671844494,481,2671844975,2671844975
2025-06-18 22:17:18,REAL,2671844975,482,2671845457,2671845457
2025-06-18 22:17:20,REAL,2671845457,474,2671845931,2671845931
2025-06-18 22:17:22,REAL,2671845931,485,2671846416,2671846416
2025-06-18 22:17:24,REAL,2671846416,481,2671846897,2671846897
2025-06-18 22:17:26,REAL,2671846897,487,2671847384,2671847384
2025-06-18 22:17:28,REAL,2671847384,489,2671847873,2671847873
2025-06-18 22:17:30,REAL,2671847873,10273,2671858146,2671858146
2025-06-18 22:17:32,REAL,2671858146,9919,2671868065,2671868065
2025-06-18 22:17:34,REAL,2671868065,10252,2671878317,2671878317
2025-06-18 22:17:36,REAL,2671878317,10252,2671888569,2671888569
2025-06-18 22:17:38,REAL,2671888569,10314,2671898883,2671898883
2025-06-18 22:17:40,REAL,2671898883,10252,2671909135,2671909135
2025-06-18 22:17:42,REAL,2671909135,10249,2671919384,2671919384
2025-06-18 22:17:44,REAL,2671919384,7214,2671926598,2671926598
2025-06-18 22:17:46,REAL,2671926598,477,2671927075,2671927075
2025-06-18 22:17:48,REAL,2671927075,477,2671927552,2671927552
2025-06-18 22:17:50,REAL,2671927552,480,2671928032,2671928032
2025-06-18 22:17:52,REAL,2671928032,492,2671928524,2671928524
2025-06-18 22:17:54,REAL,2671928524,488,2671929012,2671929012
2025-06-18 22:17:56,REAL,2671929012,546,2671929558,2671929558
2025-06-18 22:17:58,REAL,2671929558,487,2671930045,2671930045
2025-06-18 22:18:00,REAL,2671930045,536,2671930581,2671930581
2025-06-18 22:18:02,REAL,2671930581,492,2671931073,2671931073
2025-06-18 22:18:04,REAL,2671931073,486,2671931559,2671931559
2025-06-18 22:18:06,REAL,2671931559,486,2671932045,2671932045
2025-06-18 22:18:08,REAL,2671932045,489,2671932534,2671932534
2025-06-18 22:18:10,REAL,2671932534,487,2671933021,2671933021
2025-06-18 22:18:12,REAL,2671933021,487,2671933508,2671933508
2025-06-18 22:18:14,REAL,2671933508,480,2671933988,2671933988
2025-06-18 22:18:16,REAL,2671933988,488,2671934476,2671934476
2025-06-18 22:18:18,REAL,2671934476,484,2671934960,2671934960
2025-06-18 22:18:20,REAL,2671934960,482,2671935442,2671935442
2025-06-18 22:18:22,REAL,2671935442,484,2671935926,2671935926
2025-06-18 22:18:24,REAL,2671935926,488,2671936414,2671936414
2025-06-18 22:18:26,REAL,2671936414,482,2671936896,2671936896
2025-06-18 22:18:28,REAL,2671936896,484,2671937380,2671937380
2025-06-18 22:18:30,REAL,2671937380,539,2671937919,2671937919
2025-06-18 22:18:32,REAL,2671937919,488,2671938407,2671938407
2025-06-18 22:18:34,REAL,2671938407,486,2671938893,2671938893
2025-06-18 22:18:36,REAL,2671938893,483,2671939376,2671939376
2025-06-18 22:18:38,REAL,2671939376,5578,2671944954,2671944954
2025-06-18 22:18:40,REAL,2671944954,11237,2671956191,2671956191
2025-06-18 22:18:42,REAL,2671956191,10246,2671966437,2671966437
2025-06-18 22:18:44,REAL,2671966437,10255,2671976692,2671976692
2025-06-18 22:18:46,REAL,2671976692,10318,2671987010,2671987010
2025-06-18 22:18:48,REAL,2671987010,10309,2671997319,2671997319
2025-06-18 22:18:50,REAL,2671997319,10245,2672007564,2672007564
2025-06-18 22:18:52,REAL,2672007564,10317,2672017881,2672017881
2025-06-18 22:18:54,REAL,2672017881,1208,2672019089,2672019089
2025-06-18 22:18:56,REAL,2672019089,482,2672019571,2672019571
2025-06-18 22:18:58,REAL,2672019571,491,2672020062,2672020062
2025-06-18 22:19:00,REAL,2672020062,482,2672020544,2672020544
2025-06-18 22:19:02,REAL,2672020544,484,2672021028,2672021028
2025-06-18 22:19:04,REAL,2672021028,480,2672021508,2672021508
2025-06-18 22:19:06,REAL,2672021508,487,2672021995,2672021995
2025-06-18 22:19:08,REAL,2672021995,548,2672022543,2672022543
2025-06-18 22:19:10,REAL,2672022543,487,2672023030,2672023030
2025-06-18 22:19:12,REAL,2672023030,476,2672023506,2672023506
2025-06-18 22:19:14,REAL,2672023506,492,2672023998,2672023998
2025-06-18 22:19:16,REAL,2672023998,479,2672024477,2672024477
2025-06-18 22:19:18,REAL,2672024477,488,2672024965,2672024965
2025-06-18 22:19:20,REAL,2672024965,493,2672025458,2672025458
2025-06-18 22:19:22,REAL,2672025458,475,2672025933,2672025933
2025-06-18 22:19:24,REAL,2672025933,485,2672026418,2672026418
2025-06-18 22:19:26,REAL,2672026418,548,2672026966,2672026966
2025-06-18 22:19:28,REAL,2672026966,475,2672027441,2672027441
2025-06-18 22:19:30,REAL,2672027441,483,2672027924,2672027924
2025-06-18 22:19:32,REAL,2672027924,14557,2672042481,2672042481
2025-06-18 22:19:34,REAL,2672042481,10327,2672052808,2672052808
2025-06-18 22:19:36,REAL,2672052808,10255,2672063063,2672063063
2025-06-18 22:19:38,REAL,2672063063,10252,2672073315,2672073315
2025-06-18 22:19:40,REAL,2672073315,10313,2672083628,2672083628
2025-06-18 22:19:42,REAL,2672083628,10253,2672093881,2672093881
2025-06-18 22:19:44,REAL,2672093881,10253,2672104134,2672104134
2025-06-18 22:19:46,REAL,2672104134,5107,2672109241,2672109241
2025-06-18 22:19:48,REAL,2672109241,485,2672109726,2672109726
2025-06-18 22:19:50,REAL,2672109726,483,2672110209,2672110209
2025-06-18 22:19:52,REAL,2672110209,479,2672110688,2672110688
2025-06-18 22:19:54,REAL,2672110688,480,2672111168,2672111168
2025-06-18 22:19:56,REAL,2672111168,485,2672111653,2672111653
2025-06-18 22:19:58,REAL,2672111653,483,2672112136,2672112136
2025-06-18 22:20:00,REAL,2672112136,486,2672112622,2672112622
2025-06-18 22:20:02,REAL,2672112622,487,2672113109,2672113109
2025-06-18 22:20:04,REAL,2672113109,483,2672113592,2672113592
2025-06-18 22:20:06,REAL,2672113592,597,2672114189,2672114189
2025-06-18 22:20:08,REAL,2672114189,486,2672114675,2672114675
2025-06-18 22:20:10,REAL,2672114675,489,2672115164,2672115164
2025-06-18 22:20:12,REAL,2672115164,486,2672115650,2672115650
2025-06-18 22:20:14,REAL,2672115650,486,2672116136,2672116136
2025-06-18 22:20:16,REAL,2672116136,483,2672116619,2672116619
2025-06-18 22:20:18,REAL,2672116619,477,2672117096,2672117096
2025-06-18 22:20:20,REAL,2672117096,485,2672117581,2672117581
2025-06-18 22:20:22,REAL,2672117581,480,2672118061,2672118061
2025-06-18 22:20:24,REAL,2672118061,486,2672118547,2672118547
2025-06-18 22:20:26,REAL,2672118547,485,2672119032,2672119032
2025-06-18 22:20:28,REAL,2672119032,484,2672119516,2672119516
2025-06-18 22:20:30,REAL,2672119516,487,2672120003,2672120003
2025-06-18 22:20:32,REAL,2672120003,492,2672120495,2672120495
2025-06-18 22:20:34,REAL,2672120495,483,2672120978,2672120978
2025-06-18 22:20:36,REAL,2672120978,479,2672121457,2672121457
2025-06-18 22:20:38,REAL,2672121457,487,2672121944,2672121944
2025-06-18 22:20:40,REAL,2672121944,7747,2672129691,2672129691
2025-06-18 22:20:42,REAL,2672129691,10904,2672140595,2672140595
2025-06-18 22:20:44,REAL,2672140595,10257,2672150852,2672150852
2025-06-18 22:20:46,REAL,2672150852,10373,2672161225,2672161225
2025-06-18 22:20:48,REAL,2672161225,10254,2672171479,2672171479
2025-06-18 22:20:50,REAL,2672171479,10319,2672181798,2672181798
2025-06-18 22:20:52,REAL,2672181798,10254,2672192052,2672192052
2025-06-18 22:20:54,REAL,2672192052,8671,2672200723,2672200723
2025-06-18 22:20:56,REAL,2672200723,482,2672201205,2672201205
2025-06-18 22:20:58,REAL,2672201205,492,2672201697,2672201697
2025-06-18 22:21:00,REAL,2672201697,479,2672202176,2672202176
2025-06-18 22:21:02,REAL,2672202176,486,2672202662,2672202662
2025-06-18 22:21:04,REAL,2672202662,485,2672203147,2672203147
2025-06-18 22:21:06,REAL,2672203147,480,2672203627,2672203627
2025-06-18 22:21:08,REAL,2672203627,482,2672204109,2672204109
2025-06-18 22:21:10,REAL,2672204109,484,2672204593,2672204593
2025-06-18 22:21:12,REAL,2672204593,491,2672205084,2672205084
2025-06-18 22:21:14,REAL,2672205084,483,2672205567,2672205567
2025-06-18 22:21:16,REAL,2672205567,541,2672206108,2672206108
2025-06-18 22:21:18,REAL,2672206108,480,2672206588,2672206588
2025-06-18 22:21:20,REAL,2672206588,480,2672207068,2672207068
2025-06-18 22:21:22,REAL,2672207068,488,2672207556,2672207556
2025-06-18 22:21:24,REAL,2672207556,482,2672208038,2672208038
2025-06-18 22:21:26,REAL,2672208038,487,2672208525,2672208525
2025-06-18 22:21:28,REAL,2672208525,532,2672209057,2672209057
2025-06-18 22:21:30,REAL,2672209057,486,2672209543,2672209543
2025-06-18 22:21:32,REAL,2672209543,3866,2672213409,2672213409
2025-06-18 22:21:34,REAL,2672213409,11371,2672224780,2672224780
2025-06-18 22:21:36,REAL,2672224780,10249,2672235029,2672235029
2025-06-18 22:21:38,REAL,2672235029,10314,2672245343,2672245343
2025-06-18 22:21:40,REAL,2672245343,10258,2672255601,2672255601
2025-06-18 22:21:42,REAL,2672255601,10313,2672265914,2672265914
2025-06-18 22:21:44,REAL,2672265914,10260,2672276174,2672276174
2025-06-18 22:21:46,REAL,2672276174,10318,2672286492,2672286492
2025-06-18 22:21:48,REAL,2672286492,2788,2672289280,2672289280
2025-06-18 22:21:50,REAL,2672289280,486,2672289766,2672289766
2025-06-18 22:21:52,REAL,2672289766,484,2672290250,2672290250
2025-06-18 22:21:54,REAL,2672290250,484,2672290734,2672290734
2025-06-18 22:21:56,REAL,2672290734,488,2672291222,2672291222
2025-06-18 22:21:58,REAL,2672291222,486,2672291708,2672291708
2025-06-18 22:22:00,REAL,2672291708,481,2672292189,2672292189
2025-06-18 22:22:02,REAL,2672292189,485,2672292674,2672292674
2025-06-18 22:22:04,REAL,2672292674,490,2672293164,2672293164
2025-06-18 22:22:06,REAL,2672293164,482,2672293646,2672293646
2025-06-18 22:22:08,REAL,2672293646,594,2672294240,2672294240
2025-06-18 22:22:10,REAL,2672294240,485,2672294725,2672294725
2025-06-18 22:22:12,REAL,2672294725,488,2672295213,2672295213
2025-06-18 22:22:14,REAL,2672295213,492,2672295705,2672295705
2025-06-18 22:22:16,REAL,2672295705,483,2672296188,2672296188
2025-06-18 22:22:18,REAL,2672296188,488,2672296676,2672296676
2025-06-18 22:22:20,REAL,2672296676,489,2672297165,2672297165
2025-06-18 22:22:22,REAL,2672297165,486,2672297651,2672297651
2025-06-18 22:22:24,REAL,2672297651,488,2672298139,2672298139
2025-06-18 22:22:26,REAL,2672298139,483,2672298622,2672298622
2025-06-18 22:22:28,REAL,2672298622,489,2672299111,2672299111
2025-06-18 22:22:30,REAL,2672299111,483,2672299594,2672299594
2025-06-18 22:22:32,REAL,2672299594,490,2672300084,2672300084
2025-06-18 22:22:34,REAL,2672300084,492,2672300576,2672300576
2025-06-18 22:22:36,REAL,2672300576,482,2672301058,2672301058
2025-06-18 22:22:38,REAL,2672301058,484,2672301542,2672301542
2025-06-18 22:22:40,REAL,2672301542,481,2672302023,2672302023
2025-06-18 22:22:42,REAL,2672302023,488,2672302511,2672302511
2025-06-18 22:22:44,REAL,2672302511,542,2672303053,2672303053
2025-06-18 22:22:46,REAL,2672303053,479,2672303532,2672303532
2025-06-18 22:22:48,REAL,2672303532,536,2672304068,2672304068
2025-06-18 22:22:50,REAL,2672304068,491,2672304559,2672304559
2025-06-18 22:22:52,REAL,2672304559,5442,2672310001,2672310001
2025-06-18 22:22:54,REAL,2672310001,11505,2672321506,2672321506
2025-06-18 22:22:56,REAL,2672321506,10244,2672331750,2672331750
2025-06-18 22:22:58,REAL,2672331750,10316,2672342066,2672342066
2025-06-18 22:23:00,REAL,2672342066,10253,2672352319,2672352319
2025-06-18 22:23:02,REAL,2672352319,11035,2672363354,2672363354
2025-06-18 22:23:04,REAL,2672363354,9536,2672372890,2672372890
2025-06-18 22:23:06,REAL,2672372890,10246,2672383136,2672383136
2025-06-18 22:23:08,REAL,2672383136,1281,2672384417,2672384417
2025-06-18 22:23:10,REAL,2672384417,487,2672384904,2672384904
2025-06-18 22:23:12,REAL,2672384904,485,2672385389,2672385389
2025-06-18 22:23:14,REAL,2672385389,480,2672385869,2672385869
2025-06-18 22:23:16,REAL,2672385869,487,2672386356,2672386356
2025-06-18 22:23:18,REAL,2672386356,488,2672386844,2672386844
2025-06-18 22:23:20,REAL,2672386844,492,2672387336,2672387336
2025-06-18 22:23:22,REAL,2672387336,484,2672387820,2672387820
2025-06-18 22:23:24,REAL,2672387820,486,2672388306,2672388306
2025-06-18 22:23:26,REAL,2672388306,537,2672388843,2672388843
2025-06-18 22:23:28,REAL,2672388843,537,2672389380,2672389380
2025-06-18 22:23:30,REAL,2672389380,476,2672389856,2672389856
2025-06-18 22:23:32,REAL,2672389856,484,2672390340,2672390340
2025-06-18 22:23:34,REAL,2672390340,487,2672390827,2672390827
2025-06-18 22:23:36,REAL,2672390827,488,2672391315,2672391315
2025-06-18 22:23:38,REAL,2672391315,482,2672391797,2672391797
2025-06-18 22:23:40,REAL,2672391797,487,2672392284,2672392284
2025-06-18 22:23:42,REAL,2672392284,482,2672392766,2672392766
2025-06-18 22:23:44,REAL,2672392766,479,2672393245,2672393245
2025-06-18 22:23:46,REAL,2672393245,483,2672393728,2672393728
2025-06-18 22:23:48,REAL,2672393728,479,2672394207,2672394207
2025-06-18 22:23:50,REAL,2672394207,480,2672394687,2672394687
2025-06-18 22:23:52,REAL,2672394687,492,2672395179,2672395179
2025-06-18 22:23:54,REAL,2672395179,490,2672395669,2672395669
2025-06-18 22:23:56,REAL,2672395669,479,2672396148,2672396148
2025-06-18 22:23:58,REAL,2672396148,478,2672396626,2672396626
2025-06-18 22:24:00,REAL,2672396626,536,2672397162,2672397162
2025-06-18 22:24:02,REAL,2672397162,548,2672397710,2672397710
2025-06-18 22:24:04,REAL,2672397710,485,2672398195,2672398195
2025-06-18 22:24:06,REAL,2672398195,488,2672398683,2672398683
2025-06-18 22:24:08,REAL,2672398683,493,2672399176,2672399176
2025-06-18 22:24:10,REAL,2672399176,474,2672399650,2672399650
2025-06-18 22:24:12,REAL,2672399650,478,2672400128,2672400128
2025-06-18 22:24:14,REAL,2672400128,486,2672400614,2672400614
2025-06-18 22:24:16,REAL,2672400614,489,2672401103,2672401103
2025-06-18 22:24:18,REAL,2672401103,491,2672401594,2672401594
2025-06-18 22:24:20,REAL,2672401594,485,2672402079,2672402079
2025-06-18 22:24:22,REAL,2672402079,490,2672402569,2672402569
2025-06-18 22:24:24,REAL,2672402569,474,2672403043,2672403043
2025-06-18 22:24:26,REAL,2672403043,489,2672403532,2672403532
2025-06-18 22:24:28,REAL,2672403532,7901,2672411433,2672411433
2025-06-18 22:24:30,REAL,2672411433,10896,2672422329,2672422329
2025-06-18 22:24:32,REAL,2672422329,10255,2672432584,2672432584
2025-06-18 22:24:34,REAL,2672432584,10255,2672442839,2672442839
2025-06-18 22:24:36,REAL,2672442839,10257,2672453096,2672453096
2025-06-18 22:24:38,REAL,2672453096,10246,2672463342,2672463342
2025-06-18 22:24:40,REAL,2672463342,10252,2672473594,2672473594
2025-06-18 22:24:42,REAL,2672473594,9069,2672482663,2672482663
2025-06-18 22:24:44,REAL,2672482663,486,2672483149,2672483149
2025-06-18 22:24:46,REAL,2672483149,480,2672483629,2672483629
2025-06-18 22:24:48,REAL,2672483629,476,2672484105,2672484105
2025-06-18 22:24:50,REAL,2672484105,490,2672484595,2672484595
2025-06-18 22:24:52,REAL,2672484595,483,2672485078,2672485078
2025-06-18 22:24:54,REAL,2672485078,480,2672485558,2672485558
2025-06-18 22:24:56,REAL,2672485558,481,2672486039,2672486039
2025-06-18 22:24:58,REAL,2672486039,483,2672486522,2672486522
2025-06-18 22:25:00,REAL,2672486522,8144,2672494666,2672494666
2025-06-18 22:25:02,REAL,2672494666,10784,2672505450,2672505450
2025-06-18 22:25:04,REAL,2672505450,10250,2672515700,2672515700
2025-06-18 22:25:06,REAL,2672515700,10251,2672525951,2672525951
2025-06-18 22:25:08,REAL,2672525951,10252,2672536203,2672536203
2025-06-18 22:25:10,REAL,2672536203,10245,2672546448,2672546448
2025-06-18 22:25:12,REAL,2672546448,10251,2672556699,2672556699
2025-06-18 22:25:14,REAL,2672556699,8464,2672565163,2672565163
2025-06-18 22:25:16,REAL,2672565163,479,2672565642,2672565642
2025-06-18 22:25:18,REAL,2672565642,481,2672566123,2672566123
2025-06-18 22:25:20,REAL,2672566123,488,2672566611,2672566611
2025-06-18 22:25:22,REAL,2672566611,485,2672567096,2672567096
2025-06-18 22:25:24,REAL,2672567096,481,2672567577,2672567577
2025-06-18 22:25:26,REAL,2672567577,487,2672568064,2672568064
2025-06-18 22:25:28,REAL,2672568064,478,2672568542,2672568542
2025-06-18 22:25:30,REAL,2672568542,487,2672569029,2672569029
2025-06-18 22:25:32,REAL,2672569029,11388,2672580417,2672580417
2025-06-18 22:25:34,REAL,2672580417,11842,2672592259,2672592259
2025-06-18 22:25:36,REAL,2672592259,10259,2672602518,2672602518
2025-06-18 22:25:38,REAL,2672602518,10314,2672612832,2672612832
2025-06-18 22:25:40,REAL,2672612832,10258,2672623090,2672623090
2025-06-18 22:25:42,REAL,2672623090,10252,2672633342,2672633342
2025-06-18 22:25:44,REAL,2672633342,10325,2672643667,2672643667
2025-06-18 22:25:46,REAL,2672643667,7874,2672651541,2672651541
2025-06-18 22:25:48,REAL,2672651541,484,2672652025,2672652025
2025-06-18 22:25:50,REAL,2672652025,485,2672652510,2672652510
2025-06-18 22:25:52,REAL,2672652510,487,2672652997,2672652997
2025-06-18 22:25:54,REAL,2672652997,481,2672653478,2672653478
2025-06-18 22:25:56,REAL,2672653478,485,2672653963,2672653963
2025-06-18 22:25:58,REAL,2672653963,484,2672654447,2672654447
2025-06-18 22:26:00,REAL,2672654447,488,2672654935,2672654935
2025-06-18 22:26:02,REAL,2672654935,545,2672655480,2672655480
2025-06-18 22:26:04,REAL,2672655480,9805,2672665285,2672665285
2025-06-18 22:26:06,REAL,2672665285,10526,2672675811,2672675811
2025-06-18 22:26:08,REAL,2672675811,10311,2672686122,2672686122
2025-06-18 22:26:10,REAL,2672686122,10253,2672696375,2672696375
2025-06-18 22:26:12,REAL,2672696375,10262,2672706637,2672706637
2025-06-18 22:26:14,REAL,2672706637,10319,2672716956,2672716956
2025-06-18 22:26:16,REAL,2672716956,10254,2672727210,2672727210
2025-06-18 22:26:18,REAL,2672727210,7351,2672734561,2672734561
2025-06-18 22:26:20,REAL,2672734561,482,2672735043,2672735043
2025-06-18 22:26:22,REAL,2672735043,480,2672735523,2672735523
2025-06-18 22:26:24,REAL,2672735523,480,2672736003,2672736003
2025-06-18 22:26:26,REAL,2672736003,487,2672736490,2672736490
2025-06-18 22:26:28,REAL,2672736490,482,2672736972,2672736972
2025-06-18 22:26:30,REAL,2672736972,489,2672737461,2672737461
2025-06-18 22:26:32,REAL,2672737461,484,2672737945,2672737945
2025-06-18 22:26:34,REAL,2672737945,541,2672738486,2672738486
2025-06-18 22:26:36,REAL,2672738486,13632,2672752118,2672752118
2025-06-18 22:26:38,REAL,2672752118,10720,2672762838,2672762838
2025-06-18 22:26:40,REAL,2672762838,10315,2672773153,2672773153
2025-06-18 22:26:42,REAL,2672773153,10251,2672783404,2672783404
2025-06-18 22:26:44,REAL,2672783404,10250,2672793654,2672793654
2025-06-18 22:26:46,REAL,2672793654,10318,2672803972,2672803972
2025-06-18 22:26:48,REAL,2672803972,10253,2672814225,2672814225
2025-06-18 22:26:50,REAL,2672814225,6376,2672820601,2672820601
2025-06-18 22:26:52,REAL,2672820601,490,2672821091,2672821091
2025-06-18 22:26:54,REAL,2672821091,482,2672821573,2672821573
2025-06-18 22:26:56,REAL,2672821573,482,2672822055,2672822055
2025-06-18 22:26:58,REAL,2672822055,485,2672822540,2672822540
2025-06-18 22:27:00,REAL,2672822540,483,2672823023,2672823023
2025-06-18 22:27:02,REAL,2672823023,490,2672823513,2672823513
2025-06-18 22:27:04,REAL,2672823513,536,2672824049,2672824049
2025-06-18 22:27:06,REAL,2672824049,485,2672824534,2672824534
2025-06-18 22:27:08,REAL,2672824534,483,2672825017,2672825017
2025-06-18 22:27:10,REAL,2672825017,481,2672825498,2672825498
2025-06-18 22:27:12,REAL,2672825498,487,2672825985,2672825985
2025-06-18 22:27:14,REAL,2672825985,481,2672826466,2672826466
2025-06-18 22:27:16,REAL,2672826466,484,2672826950,2672826950
2025-06-18 22:27:18,REAL,2672826950,488,2672827438,2672827438
2025-06-18 22:27:20,REAL,2672827438,478,2672827916,2672827916
2025-06-18 22:27:22,REAL,2672827916,494,2672828410,2672828410
2025-06-18 22:27:24,REAL,2672828410,483,2672828893,2672828893
2025-06-18 22:27:26,REAL,2672828893,536,2672829429,2672829429
2025-06-18 22:27:28,REAL,2672829429,484,2672829913,2672829913
2025-06-18 22:27:30,REAL,2672829913,481,2672830394,2672830394
2025-06-18 22:27:32,REAL,2672830394,485,2672830879,2672830879
2025-06-18 22:27:34,REAL,2672830879,542,2672831421,2672831421
2025-06-18 22:27:36,REAL,2672831421,480,2672831901,2672831901
2025-06-18 22:27:38,REAL,2672831901,479,2672832380,2672832380
2025-06-18 22:27:40,REAL,2672832380,492,2672832872,2672832872
2025-06-18 22:27:42,REAL,2672832872,483,2672833355,2672833355
2025-06-18 22:27:44,REAL,2672833355,478,2672833833,2672833833
2025-06-18 22:27:46,REAL,2672833833,482,2672834315,2672834315
2025-06-18 22:27:48,REAL,2672834315,481,2672834796,2672834796
2025-06-18 22:27:50,REAL,2672834796,477,2672835273,2672835273
2025-06-18 22:27:52,REAL,2672835273,482,2672835755,2672835755
2025-06-18 22:27:54,REAL,2672835755,485,2672836240,2672836240
2025-06-18 22:27:56,REAL,2672836240,487,2672836727,2672836727
2025-06-18 22:27:58,REAL,2672836727,491,2672837218,2672837218
2025-06-18 22:28:00,REAL,2672837218,492,2672837710,2672837710
2025-06-18 22:28:02,REAL,2672837710,486,2672838196,2672838196
2025-06-18 22:28:04,REAL,2672838196,484,2672838680,2672838680
2025-06-18 22:28:06,REAL,2672838680,537,2672839217,2672839217
2025-06-18 22:28:08,REAL,2672839217,482,2672839699,2672839699
2025-06-18 22:28:10,REAL,2672839699,487,2672840186,2672840186
2025-06-18 22:28:12,REAL,2672840186,483,2672840669,2672840669
2025-06-18 22:28:14,REAL,2672840669,537,2672841206,2672841206
2025-06-18 22:28:16,REAL,2672841206,490,2672841696,2672841696
2025-06-18 22:28:18,REAL,2672841696,485,2672842181,2672842181
2025-06-18 22:28:20,REAL,2672842181,482,2672842663,2672842663
2025-06-18 22:28:22,REAL,2672842663,488,2672843151,2672843151
2025-06-18 22:28:24,REAL,2672843151,488,2672843639,2672843639
2025-06-18 22:28:26,REAL,2672843639,488,2672844127,2672844127
2025-06-18 22:28:28,REAL,2672844127,481,2672844608,2672844608
2025-06-18 22:28:30,REAL,2672844608,484,2672845092,2672845092
2025-06-18 22:28:32,REAL,2672845092,491,2672845583,2672845583
2025-06-18 22:28:34,REAL,2672845583,475,2672846058,2672846058
2025-06-18 22:28:36,REAL,2672846058,540,2672846598,2672846598
2025-06-18 22:28:38,REAL,2672846598,488,2672847086,2672847086
2025-06-18 22:28:40,REAL,2672847086,488,2672847574,2672847574
2025-06-18 22:28:42,REAL,2672847574,487,2672848061,2672848061
2025-06-18 22:28:44,REAL,2672848061,484,2672848545,2672848545
2025-06-18 22:28:46,REAL,2672848545,482,2672849027,2672849027
2025-06-18 22:28:48,REAL,2672849027,484,2672849511,2672849511
2025-06-18 22:28:50,REAL,2672849511,481,2672849992,2672849992
2025-06-18 22:28:52,REAL,2672849992,483,2672850475,2672850475
2025-06-18 22:28:54,REAL,2672850475,478,2672850953,2672850953
2025-06-18 22:28:56,REAL,2672850953,488,2672851441,2672851441
2025-06-18 22:28:58,REAL,2672851441,483,2672851924,2672851924
2025-06-18 22:29:00,REAL,2672851924,480,2672852404,2672852404
2025-06-18 22:29:02,REAL,2672852404,491,2672852895,2672852895
2025-06-18 22:29:04,REAL,2672852895,591,2672853486,2672853486
2025-06-18 22:29:06,REAL,2672853486,490,2672853976,2672853976
2025-06-18 22:29:08,REAL,2672853976,485,2672854461,2672854461
2025-06-18 22:29:10,REAL,2672854461,484,2672854945,2672854945
2025-06-18 22:29:12,REAL,2672854945,479,2672855424,2672855424
2025-06-18 22:29:14,REAL,2672855424,490,2672855914,2672855914
2025-06-18 22:29:16,REAL,2672855914,484,2672856398,2672856398
2025-06-18 22:29:18,REAL,2672856398,487,2672856885,2672856885
2025-06-18 22:29:20,REAL,2672856885,490,2672857375,2672857375
2025-06-18 22:29:22,REAL,2672857375,486,2672857861,2672857861
2025-06-18 22:29:24,REAL,2672857861,2797,2672860658,2672860658
2025-06-18 22:29:26,REAL,2672860658,11507,2672872165,2672872165
2025-06-18 22:29:28,REAL,2672872165,10253,2672882418,2672882418
2025-06-18 22:29:30,REAL,2672882418,10253,2672892671,2672892671
2025-06-18 22:29:32,REAL,2672892671,10253,2672902924,2672902924
2025-06-18 22:29:34,REAL,2672902924,10318,2672913242,2672913242
2025-06-18 22:29:36,REAL,2672913242,10318,2672923560,2672923560
2025-06-18 22:29:38,REAL,2672923560,10260,2672933820,2672933820
2025-06-18 22:29:40,REAL,2672933820,3448,2672937268,2672937268
2025-06-18 22:29:42,REAL,2672937268,482,2672937750,2672937750
2025-06-18 22:29:44,REAL,2672937750,482,2672938232,2672938232
2025-06-18 22:29:46,REAL,2672938232,488,2672938720,2672938720
2025-06-18 22:29:48,REAL,2672938720,480,2672939200,2672939200
2025-06-18 22:29:50,REAL,2672939200,480,2672939680,2672939680
2025-06-18 22:29:52,REAL,2672939680,477,2672940157,2672940157
2025-06-18 22:29:54,REAL,2672940157,532,2672940689,2672940689
2025-06-18 22:29:56,REAL,2672940689,491,2672941180,2672941180
2025-06-18 22:29:58,REAL,2672941180,480,2672941660,2672941660
2025-06-18 22:30:00,REAL,2672941660,485,2672942145,2672942145
2025-06-18 22:30:02,REAL,2672942145,543,2672942688,2672942688
2025-06-18 22:30:04,REAL,2672942688,492,2672943180,2672943180
2025-06-18 22:30:06,REAL,2672943180,485,2672943665,2672943665
2025-06-18 22:30:08,REAL,2672943665,486,2672944151,2672944151
2025-06-18 22:30:10,REAL,2672944151,483,2672944634,2672944634
2025-06-18 22:30:12,REAL,2672944634,478,2672945112,2672945112
2025-06-18 22:30:14,REAL,2672945112,484,2672945596,2672945596
2025-06-18 22:30:16,REAL,2672945596,483,2672946079,2672946079
2025-06-18 22:30:18,REAL,2672946079,493,2672946572,2672946572
2025-06-18 22:30:20,REAL,2672946572,486,2672947058,2672947058
2025-06-18 22:30:22,REAL,2672947058,491,2672947549,2672947549
2025-06-18 22:30:24,REAL,2672947549,546,2672948095,2672948095
2025-06-18 22:30:26,REAL,2672948095,485,2672948580,2672948580
2025-06-18 22:30:28,REAL,2672948580,485,2672949065,2672949065
2025-06-18 22:30:30,REAL,2672949065,539,2672949604,2672949604
2025-06-18 22:30:32,REAL,2672949604,479,2672950083,2672950083
2025-06-18 22:30:34,REAL,2672950083,487,2672950570,2672950570
2025-06-18 22:30:36,REAL,2672950570,485,2672951055,2672951055
2025-06-18 22:30:38,REAL,2672951055,478,2672951533,2672951533
2025-06-18 22:30:40,REAL,2672951533,484,2672952017,2672952017
2025-06-18 22:30:42,REAL,2672952017,482,2672952499,2672952499
2025-06-18 22:30:44,REAL,2672952499,483,2672952982,2672952982
2025-06-18 22:30:46,REAL,2672952982,485,2672953467,2672953467
2025-06-18 22:30:48,REAL,2672953467,479,2672953946,2672953946
2025-06-18 22:30:50,REAL,2672953946,482,2672954428,2672954428
2025-06-18 22:30:52,REAL,2672954428,484,2672954912,2672954912
2025-06-18 22:30:54,REAL,2672954912,542,2672955454,2672955454
2025-06-18 22:30:56,REAL,2672955454,482,2672955936,2672955936
2025-06-18 22:30:58,REAL,2672955936,542,2672956478,2672956478
2025-06-18 22:31:00,REAL,2672956478,485,2672956963,2672956963
2025-06-18 22:31:02,REAL,2672956963,482,2672957445,2672957445
2025-06-18 22:31:04,REAL,2672957445,489,2672957934,2672957934
2025-06-18 22:31:06,REAL,2672957934,485,2672958419,2672958419
2025-06-18 22:31:08,REAL,2672958419,484,2672958903,2672958903
2025-06-18 22:31:10,REAL,2672958903,483,2672959386,2672959386
2025-06-18 22:31:12,REAL,2672959386,492,2672959878,2672959878
2025-06-18 22:31:14,REAL,2672959878,481,2672960359,2672960359
2025-06-18 22:31:16,REAL,2672960359,484,2672960843,2672960843
2025-06-18 22:31:18,REAL,2672960843,483,2672961326,2672961326
2025-06-18 22:31:20,REAL,2672961326,485,2672961811,2672961811
2025-06-18 22:31:22,REAL,2672961811,542,2672962353,2672962353
2025-06-18 22:31:24,REAL,2672962353,475,2672962828,2672962828
2025-06-18 22:31:26,REAL,2672962828,490,2672963318,2672963318
2025-06-18 22:31:28,REAL,2672963318,540,2672963858,2672963858
2025-06-18 22:31:30,REAL,2672963858,489,2672964347,2672964347
2025-06-18 22:31:32,REAL,2672964347,491,2672964838,2672964838
2025-06-18 22:31:34,REAL,2672964838,487,2672965325,2672965325
2025-06-18 22:31:36,REAL,2672965325,481,2672965806,2672965806
2025-06-18 22:31:38,REAL,2672965806,482,2672966288,2672966288
2025-06-18 22:31:40,REAL,2672966288,486,2672966774,2672966774
2025-06-18 22:31:42,REAL,2672966774,480,2672967254,2672967254
2025-06-18 22:31:44,REAL,2672967254,483,2672967737,2672967737
2025-06-18 22:31:46,REAL,2672967737,492,2672968229,2672968229
2025-06-18 22:31:48,REAL,2672968229,483,2672968712,2672968712
2025-06-18 22:31:50,REAL,2672968712,483,2672969195,2672969195
2025-06-18 22:31:52,REAL,2672969195,533,2672969728,2672969728
2025-06-18 22:31:54,REAL,2672969728,479,2672970207,2672970207
2025-06-18 22:31:56,REAL,2672970207,541,2672970748,2672970748
2025-06-18 22:31:58,REAL,2672970748,488,2672971236,2672971236
2025-06-18 22:32:00,REAL,2672971236,482,2672971718,2672971718
2025-06-18 22:32:02,REAL,2672971718,484,2672972202,2672972202
2025-06-18 22:32:04,REAL,2672972202,6562,2672978764,2672978764
2025-06-18 22:32:06,REAL,2672978764,11166,2672989930,2672989930
2025-06-18 22:32:08,REAL,2672989930,10248,2673000178,2673000178
2025-06-18 22:32:10,REAL,2673000178,10320,2673010498,2673010498
2025-06-18 22:32:12,REAL,2673010498,10260,2673020758,2673020758
2025-06-18 22:32:14,REAL,2673020758,10260,2673031018,2673031018
2025-06-18 22:32:16,REAL,2673031018,10321,2673041339,2673041339
2025-06-18 22:32:18,REAL,2673041339,10055,2673051394,2673051394
2025-06-18 22:32:20,REAL,2673051394,482,2673051876,2673051876
2025-06-18 22:32:22,REAL,2673051876,481,2673052357,2673052357
2025-06-18 22:32:24,REAL,2673052357,537,2673052894,2673052894
2025-06-18 22:32:26,REAL,2673052894,483,2673053377,2673053377
2025-06-18 22:32:28,REAL,2673053377,490,2673053867,2673053867
2025-06-18 22:32:30,REAL,2673053867,488,2673054355,2673054355
2025-06-18 22:32:32,REAL,2673054355,537,2673054892,2673054892
2025-06-18 22:32:34,REAL,2673054892,482,2673055374,2673055374
2025-06-18 22:32:36,REAL,2673055374,482,2673055856,2673055856
2025-06-18 22:32:38,REAL,2673055856,478,2673056334,2673056334
2025-06-18 22:32:40,REAL,2673056334,475,2673056809,2673056809
2025-06-18 22:32:42,REAL,2673056809,486,2673057295,2673057295
2025-06-18 22:32:44,REAL,2673057295,482,2673057777,2673057777
2025-06-18 22:32:46,REAL,2673057777,481,2673058258,2673058258
2025-06-18 22:32:48,REAL,2673058258,491,2673058749,2673058749
2025-06-18 22:32:50,REAL,2673058749,484,2673059233,2673059233
2025-06-18 22:32:52,REAL,2673059233,485,2673059718,2673059718
2025-06-18 22:32:54,REAL,2673059718,541,2673060259,2673060259
2025-06-18 22:32:56,REAL,2673060259,485,2673060744,2673060744
2025-06-18 22:32:58,REAL,2673060744,483,2673061227,2673061227
2025-06-18 22:33:00,REAL,2673061227,483,2673061710,2673061710
2025-06-18 22:33:02,REAL,2673061710,541,2673062251,2673062251
2025-06-18 22:33:04,REAL,2673062251,476,2673062727,2673062727
2025-06-18 22:33:06,REAL,2673062727,482,2673063209,2673063209
2025-06-18 22:33:08,REAL,2673063209,490,2673063699,2673063699
2025-06-18 22:33:10,REAL,2673063699,486,2673064185,2673064185
2025-06-18 22:33:12,REAL,2673064185,490,2673064675,2673064675
2025-06-18 22:33:14,REAL,2673064675,483,2673065158,2673065158
2025-06-18 22:33:16,REAL,2673065158,484,2673065642,2673065642
2025-06-18 22:33:18,REAL,2673065642,480,2673066122,2673066122
2025-06-18 22:33:20,REAL,2673066122,487,2673066609,2673066609
2025-06-18 22:33:22,REAL,2673066609,536,2673067145,2673067145
2025-06-18 22:33:24,REAL,2673067145,493,2673067638,2673067638
2025-06-18 22:33:26,REAL,2673067638,481,2673068119,2673068119
2025-06-18 22:33:28,REAL,2673068119,476,2673068595,2673068595
2025-06-18 22:33:30,REAL,2673068595,484,2673069079,2673069079
2025-06-18 22:33:32,REAL,2673069079,532,2673069611,2673069611
2025-06-18 22:33:34,REAL,2673069611,488,2673070099,2673070099
2025-06-18 22:33:36,REAL,2673070099,483,2673070582,2673070582
2025-06-18 22:33:38,REAL,2673070582,481,2673071063,2673071063
2025-06-18 22:33:40,REAL,2673071063,489,2673071552,2673071552
2025-06-18 22:33:42,REAL,2673071552,483,2673072035,2673072035
2025-06-18 22:33:44,REAL,2673072035,483,2673072518,2673072518
2025-06-18 22:33:46,REAL,2673072518,490,2673073008,2673073008
2025-06-18 22:33:48,REAL,2673073008,487,2673073495,2673073495
2025-06-18 22:33:50,REAL,2673073495,489,2673073984,2673073984
2025-06-18 22:33:52,REAL,2673073984,548,2673074532,2673074532
2025-06-18 22:33:54,REAL,2673074532,490,2673075022,2673075022
2025-06-18 22:33:56,REAL,2673075022,483,2673075505,2673075505
2025-06-18 22:33:58,REAL,2673075505,482,2673075987,2673075987
2025-06-18 22:34:00,REAL,2673075987,547,2673076534,2673076534
2025-06-18 22:34:02,REAL,2673076534,486,2673077020,2673077020
2025-06-18 22:34:04,REAL,2673077020,487,2673077507,2673077507
2025-06-18 22:34:06,REAL,2673077507,487,2673077994,2673077994
2025-06-18 22:34:08,REAL,2673077994,484,2673078478,2673078478
2025-06-18 22:34:10,REAL,2673078478,487,2673078965,2673078965
2025-06-18 22:34:12,REAL,2673078965,486,2673079451,2673079451
2025-06-18 22:34:14,REAL,2673079451,483,2673079934,2673079934
2025-06-18 22:34:16,REAL,2673079934,488,2673080422,2673080422
2025-06-18 22:34:18,REAL,2673080422,482,2673080904,2673080904
2025-06-18 22:34:20,REAL,2673080904,481,2673081385,2673081385
2025-06-18 22:34:22,REAL,2673081385,546,2673081931,2673081931
2025-06-18 22:34:24,REAL,2673081931,487,2673082418,2673082418
2025-06-18 22:34:26,REAL,2673082418,482,2673082900,2673082900
2025-06-18 22:34:28,REAL,2673082900,540,2673083440,2673083440
2025-06-18 22:34:30,REAL,2673083440,486,2673083926,2673083926
2025-06-18 22:34:32,REAL,2673083926,488,2673084414,2673084414
2025-06-18 22:34:34,REAL,2673084414,487,2673084901,2673084901
2025-06-18 22:34:36,REAL,2673084901,479,2673085380,2673085380
2025-06-18 22:34:38,REAL,2673085380,484,2673085864,2673085864
2025-06-18 22:34:40,REAL,2673085864,479,2673086343,2673086343
2025-06-18 22:34:42,REAL,2673086343,489,2673086832,2673086832
2025-06-18 22:34:44,REAL,2673086832,487,2673087319,2673087319
2025-06-18 22:34:46,REAL,2673087319,485,2673087804,2673087804
2025-06-18 22:34:48,REAL,2673087804,484,2673088288,2673088288
2025-06-18 22:34:50,REAL,2673088288,483,2673088771,2673088771
2025-06-18 22:34:52,REAL,2673088771,541,2673089312,2673089312
2025-06-18 22:34:54,REAL,2673089312,487,2673089799,2673089799
2025-06-18 22:34:56,REAL,2673089799,485,2673090284,2673090284
2025-06-18 22:34:58,REAL,2673090284,544,2673090828,2673090828
2025-06-18 22:35:00,REAL,2673090828,10530,2673101358,2673101358
2025-06-18 22:35:02,REAL,2673101358,10187,2673111545,2673111545
2025-06-18 22:35:04,REAL,2673111545,10256,2673121801,2673121801
2025-06-18 22:35:06,REAL,2673121801,10314,2673132115,2673132115
2025-06-18 22:35:08,REAL,2673132115,10314,2673142429,2673142429
2025-06-18 22:35:10,REAL,2673142429,10247,2673152676,2673152676
2025-06-18 22:35:12,REAL,2673152676,10253,2673162929,2673162929
2025-06-18 22:35:14,REAL,2673162929,6693,2673169622,2673169622
2025-06-18 22:35:16,REAL,2673169622,480,2673170102,2673170102
2025-06-18 22:35:18,REAL,2673170102,479,2673170581,2673170581
2025-06-18 22:35:20,REAL,2673170581,482,2673171063,2673171063
2025-06-18 22:35:22,REAL,2673171063,547,2673171610,2673171610
2025-06-18 22:35:24,REAL,2673171610,484,2673172094,2673172094
2025-06-18 22:35:26,REAL,2673172094,477,2673172571,2673172571
2025-06-18 22:35:28,REAL,2673172571,477,2673173048,2673173048
2025-06-18 22:35:30,REAL,2673173048,540,2673173588,2673173588
2025-06-18 22:35:32,REAL,2673173588,13826,2673187414,2673187414
2025-06-18 22:35:34,REAL,2673187414,10388,2673197802,2673197802
2025-06-18 22:35:36,REAL,2673197802,10245,2673208047,2673208047
2025-06-18 22:35:38,REAL,2673208047,10255,2673218302,2673218302
2025-06-18 22:35:40,REAL,2673218302,10318,2673228620,2673228620
2025-06-18 22:35:42,REAL,2673228620,10256,2673238876,2673238876
2025-06-18 22:35:44,REAL,2673238876,10251,2673249127,2673249127
2025-06-18 22:35:46,REAL,2673249127,6102,2673255229,2673255229
2025-06-18 22:35:48,REAL,2673255229,492,2673255721,2673255721
2025-06-18 22:35:50,REAL,2673255721,481,2673256202,2673256202
2025-06-18 22:35:52,REAL,2673256202,482,2673256684,2673256684
2025-06-18 22:35:54,REAL,2673256684,545,2673257229,2673257229
2025-06-18 22:35:56,REAL,2673257229,492,2673257721,2673257721
2025-06-18 22:35:58,REAL,2673257721,488,2673258209,2673258209
2025-06-18 22:36:00,REAL,2673258209,491,2673258700,2673258700
2025-06-18 22:36:02,REAL,2673258700,547,2673259247,2673259247
2025-06-18 22:36:04,REAL,2673259247,488,2673259735,2673259735
2025-06-18 22:36:06,REAL,2673259735,485,2673260220,2673260220
2025-06-18 22:36:08,REAL,2673260220,483,2673260703,2673260703
2025-06-18 22:36:10,REAL,2673260703,485,2673261188,2673261188
2025-06-18 22:36:12,REAL,2673261188,488,2673261676,2673261676
2025-06-18 22:36:14,REAL,2673261676,492,2673262168,2673262168
2025-06-18 22:36:16,REAL,2673262168,475,2673262643,2673262643
2025-06-18 22:36:18,REAL,2673262643,483,2673263126,2673263126
2025-06-18 22:36:20,REAL,2673263126,478,2673263604,2673263604
2025-06-18 22:36:22,REAL,2673263604,491,2673264095,2673264095
2025-06-18 22:36:24,REAL,2673264095,540,2673264635,2673264635
2025-06-18 22:36:26,REAL,2673264635,487,2673265122,2673265122
2025-06-18 22:36:28,REAL,2673265122,476,2673265598,2673265598
2025-06-18 22:36:30,REAL,2673265598,482,2673266080,2673266080
2025-06-18 22:36:32,REAL,2673266080,483,2673266563,2673266563
2025-06-18 22:36:34,REAL,2673266563,545,2673267108,2673267108
2025-06-18 22:36:36,REAL,2673267108,488,2673267596,2673267596
2025-06-18 22:36:38,REAL,2673267596,489,2673268085,2673268085
2025-06-18 22:36:40,REAL,2673268085,482,2673268567,2673268567
2025-06-18 22:36:42,REAL,2673268567,484,2673269051,2673269051
2025-06-18 22:36:44,REAL,2673269051,484,2673269535,2673269535
2025-06-18 22:36:46,REAL,2673269535,486,2673270021,2673270021
2025-06-18 22:36:48,REAL,2673270021,494,2673270515,2673270515
2025-06-18 22:36:50,REAL,2673270515,493,2673271008,2673271008
2025-06-18 22:36:52,REAL,2673271008,484,2673271492,2673271492
2025-06-18 22:36:54,REAL,2673271492,536,2673272028,2673272028
2025-06-18 22:36:56,REAL,2673272028,7366,2673279394,2673279394
2025-06-18 22:36:58,REAL,2673279394,10843,2673290237,2673290237
2025-06-18 22:37:00,REAL,2673290237,10308,2673300545,2673300545
2025-06-18 22:37:02,REAL,2673300545,10256,2673310801,2673310801
2025-06-18 22:37:04,REAL,2673310801,10256,2673321057,2673321057
2025-06-18 22:37:06,REAL,2673321057,10252,2673331309,2673331309
2025-06-18 22:37:08,REAL,2673331309,10324,2673341633,2673341633
2025-06-18 22:37:10,REAL,2673341633,9324,2673350957,2673350957
2025-06-18 22:37:12,REAL,2673350957,480,2673351437,2673351437
2025-06-18 22:37:14,REAL,2673351437,481,2673351918,2673351918
2025-06-18 22:37:16,REAL,2673351918,491,2673352409,2673352409
2025-06-18 22:37:18,REAL,2673352409,486,2673352895,2673352895
2025-06-18 22:37:20,REAL,2673352895,489,2673353384,2673353384
2025-06-18 22:37:22,REAL,2673353384,482,2673353866,2673353866
2025-06-18 22:37:24,REAL,2673353866,483,2673354349,2673354349
2025-06-18 22:37:26,REAL,2673354349,665,2673355014,2673355014
2025-06-18 22:37:28,REAL,2673355014,479,2673355493,2673355493
2025-06-18 22:37:30,REAL,2673355493,490,2673355983,2673355983
2025-06-18 22:37:32,REAL,2673355983,483,2673356466,2673356466
2025-06-18 22:37:34,REAL,2673356466,494,2673356960,2673356960
2025-06-18 22:37:36,REAL,2673356960,481,2673357441,2673357441
2025-06-18 22:37:38,REAL,2673357441,488,2673357929,2673357929
2025-06-18 22:37:40,REAL,2673357929,486,2673358415,2673358415
2025-06-18 22:37:42,REAL,2673358415,489,2673358904,2673358904
2025-06-18 22:37:44,REAL,2673358904,487,2673359391,2673359391
2025-06-18 22:37:46,REAL,2673359391,484,2673359875,2673359875
2025-06-18 22:37:48,REAL,2673359875,487,2673360362,2673360362
2025-06-18 22:37:50,REAL,2673360362,486,2673360848,2673360848
2025-06-18 22:37:52,REAL,2673360848,483,2673361331,2673361331
2025-06-18 22:37:54,REAL,2673361331,477,2673361808,2673361808
2025-06-18 22:37:56,REAL,2673361808,541,2673362349,2673362349
2025-06-18 22:37:58,REAL,2673362349,542,2673362891,2673362891
2025-06-18 22:38:00,REAL,2673362891,484,2673363375,2673363375
2025-06-18 22:38:02,REAL,2673363375,482,2673363857,2673363857
2025-06-18 22:38:04,REAL,2673363857,485,2673364342,2673364342
2025-06-18 22:38:06,REAL,2673364342,479,2673364821,2673364821
2025-06-18 22:38:08,REAL,2673364821,482,2673365303,2673365303
2025-06-18 22:38:10,REAL,2673365303,492,2673365795,2673365795
2025-06-18 22:38:12,REAL,2673365795,481,2673366276,2673366276
2025-06-18 22:38:14,REAL,2673366276,488,2673366764,2673366764
2025-06-18 22:38:16,REAL,2673366764,479,2673367243,2673367243
2025-06-18 22:38:18,REAL,2673367243,485,2673367728,2673367728
2025-06-18 22:38:20,REAL,2673367728,491,2673368219,2673368219
2025-06-18 22:38:22,REAL,2673368219,489,2673368708,2673368708
2025-06-18 22:38:24,REAL,2673368708,481,2673369189,2673369189
2025-06-18 22:38:26,REAL,2673369189,480,2673369669,2673369669
2025-06-18 22:38:28,REAL,2673369669,598,2673370267,2673370267
2025-06-18 22:38:30,REAL,2673370267,491,2673370758,2673370758
2025-06-18 22:38:32,REAL,2673370758,481,2673371239,2673371239
2025-06-18 22:38:34,REAL,2673371239,481,2673371720,2673371720
2025-06-18 22:38:36,REAL,2673371720,3925,2673375645,2673375645
2025-06-18 22:38:38,REAL,2673375645,11635,2673387280,2673387280
2025-06-18 22:38:40,REAL,2673387280,10256,2673397536,2673397536
2025-06-18 22:38:42,REAL,2673397536,10252,2673407788,2673407788
2025-06-18 22:38:44,REAL,2673407788,10318,2673418106,2673418106
2025-06-18 22:38:46,REAL,2673418106,10249,2673428355,2673428355
2025-06-18 22:38:48,REAL,2673428355,10254,2673438609,2673438609
2025-06-18 22:38:50,REAL,2673438609,10243,2673448852,2673448852
2025-06-18 22:38:52,REAL,2673448852,2529,2673451381,2673451381
2025-06-18 22:38:54,REAL,2673451381,489,2673451870,2673451870
2025-06-18 22:38:56,REAL,2673451870,491,2673452361,2673452361
2025-06-18 22:38:58,REAL,2673452361,480,2673452841,2673452841
2025-06-18 22:39:00,REAL,2673452841,488,2673453329,2673453329
2025-06-18 22:39:02,REAL,2673453329,482,2673453811,2673453811
2025-06-18 22:39:04,REAL,2673453811,485,2673454296,2673454296
2025-06-18 22:39:06,REAL,2673454296,539,2673454835,2673454835
2025-06-18 22:39:08,REAL,2673454835,4716,2673459551,2673459551
2025-06-18 22:39:10,REAL,2673459551,11298,2673470849,2673470849
2025-06-18 22:39:12,REAL,2673470849,10250,2673481099,2673481099
2025-06-18 22:39:14,REAL,2673481099,10244,2673491343,2673491343
2025-06-18 22:39:16,REAL,2673491343,10315,2673501658,2673501658
2025-06-18 22:39:18,REAL,2673501658,10244,2673511902,2673511902
2025-06-18 22:39:20,REAL,2673511902,10247,2673522149,2673522149
2025-06-18 22:39:22,REAL,2673522149,10246,2673532395,2673532395
2025-06-18 22:39:24,REAL,2673532395,1863,2673534258,2673534258
2025-06-18 22:39:26,REAL,2673534258,485,2673534743,2673534743
2025-06-18 22:39:28,REAL,2673534743,494,2673535237,2673535237
2025-06-18 22:39:30,REAL,2673535237,481,2673535718,2673535718
2025-06-18 22:39:32,REAL,2673535718,491,2673536209,2673536209
2025-06-18 22:39:34,REAL,2673536209,485,2673536694,2673536694
2025-06-18 22:39:36,REAL,2673536694,480,2673537174,2673537174
2025-06-18 22:39:38,REAL,2673537174,546,2673537720,2673537720
2025-06-18 22:39:40,REAL,2673537720,5374,2673543094,2673543094
2025-06-18 22:39:42,REAL,2673543094,11184,2673554278,2673554278
2025-06-18 22:39:44,REAL,2673554278,10319,2673564597,2673564597
2025-06-18 22:39:46,REAL,2673564597,10256,2673574853,2673574853
2025-06-18 22:39:48,REAL,2673574853,10254,2673585107,2673585107
2025-06-18 22:39:50,REAL,2673585107,10313,2673595420,2673595420
2025-06-18 22:39:52,REAL,2673595420,10308,2673605728,2673605728
2025-06-18 22:39:54,REAL,2673605728,10245,2673615973,2673615973
2025-06-18 22:39:56,REAL,2673615973,1277,2673617250,2673617250
2025-06-18 22:39:58,REAL,2673617250,482,2673617732,2673617732
2025-06-18 22:40:00,REAL,2673617732,488,2673618220,2673618220
2025-06-18 22:40:02,REAL,2673618220,482,2673618702,2673618702
2025-06-18 22:40:04,REAL,2673618702,481,2673619183,2673619183
2025-06-18 22:40:06,REAL,2673619183,479,2673619662,2673619662
2025-06-18 22:40:08,REAL,2673619662,490,2673620152,2673620152
2025-06-18 22:40:10,REAL,2673620152,489,2673620641,2673620641
2025-06-18 22:40:12,REAL,2673620641,6899,2673627540,2673627540
2025-06-18 22:40:14,REAL,2673627540,12887,2673640427,2673640427
2025-06-18 22:40:16,REAL,2673640427,10317,2673650744,2673650744
2025-06-18 22:40:18,REAL,2673650744,10259,2673661003,2673661003
2025-06-18 22:40:20,REAL,2673661003,10322,2673671325,2673671325
2025-06-18 22:40:22,REAL,2673671325,10255,2673681580,2673681580
2025-06-18 22:40:24,REAL,2673681580,10250,2673691830,2673691830
2025-06-18 22:40:26,REAL,2673691830,10321,2673702151,2673702151
2025-06-18 22:40:28,REAL,2673702151,615,2673702766,2673702766
2025-06-18 22:40:30,REAL,2673702766,485,2673703251,2673703251
2025-06-18 22:40:32,REAL,2673703251,476,2673703727,2673703727
2025-06-18 22:40:34,REAL,2673703727,491,2673704218,2673704218
2025-06-18 22:40:36,REAL,2673704218,537,2673704755,2673704755
2025-06-18 22:40:38,REAL,2673704755,484,2673705239,2673705239
2025-06-18 22:40:40,REAL,2673705239,488,2673705727,2673705727
2025-06-18 22:40:42,REAL,2673705727,492,2673706219,2673706219
2025-06-18 22:40:44,REAL,2673706219,6760,2673712979,2673712979
2025-06-18 22:40:46,REAL,2673712979,10716,2673723695,2673723695
2025-06-18 22:40:48,REAL,2673723695,10251,2673733946,2673733946
2025-06-18 22:40:50,REAL,2673733946,10256,2673744202,2673744202
2025-06-18 22:40:52,REAL,2673744202,10323,2673754525,2673754525
2025-06-18 22:40:54,REAL,2673754525,10257,2673764782,2673764782
2025-06-18 22:40:56,REAL,2673764782,10254,2673775036,2673775036
2025-06-18 22:40:58,REAL,2673775036,9787,2673784823,2673784823
2025-06-18 22:41:00,REAL,2673784823,490,2673785313,2673785313
2025-06-18 22:41:02,REAL,2673785313,485,2673785798,2673785798
2025-06-18 22:41:04,REAL,2673785798,488,2673786286,2673786286
2025-06-18 22:41:06,REAL,2673786286,484,2673786770,2673786770
2025-06-18 22:41:08,REAL,2673786770,476,2673787246,2673787246
2025-06-18 22:41:10,REAL,2673787246,487,2673787733,2673787733
2025-06-18 22:41:12,REAL,2673787733,482,2673788215,2673788215
2025-06-18 22:41:14,REAL,2673788215,481,2673788696,2673788696
2025-06-18 22:41:16,REAL,2673788696,7488,2673796184,2673796184
2025-06-18 22:41:18,REAL,2673796184,11031,2673807215,2673807215
2025-06-18 22:41:20,REAL,2673807215,10252,2673817467,2673817467
2025-06-18 22:41:22,REAL,2673817467,10256,2673827723,2673827723
2025-06-18 22:41:24,REAL,2673827723,10251,2673837974,2673837974
2025-06-18 22:41:26,REAL,2673837974,10252,2673848226,2673848226
2025-06-18 22:41:28,REAL,2673848226,10322,2673858548,2673858548
2025-06-18 22:41:30,REAL,2673858548,9130,2673867678,2673867678
2025-06-18 22:41:32,REAL,2673867678,487,2673868165,2673868165
2025-06-18 22:41:34,REAL,2673868165,480,2673868645,2673868645
2025-06-18 22:41:36,REAL,2673868645,485,2673869130,2673869130
2025-06-18 22:41:38,REAL,2673869130,484,2673869614,2673869614
2025-06-18 22:41:40,REAL,2673869614,480,2673870094,2673870094
2025-06-18 22:41:42,REAL,2673870094,485,2673870579,2673870579
2025-06-18 22:41:44,REAL,2673870579,487,2673871066,2673871066
2025-06-18 22:41:46,REAL,2673871066,477,2673871543,2673871543
2025-06-18 22:41:48,REAL,2673871543,491,2673872034,2673872034
2025-06-18 22:41:50,REAL,2673872034,482,2673872516,2673872516
2025-06-18 22:41:52,REAL,2673872516,480,2673872996,2673872996
2025-06-18 22:41:54,REAL,2673872996,478,2673873474,2673873474
2025-06-18 22:41:56,REAL,2673873474,491,2673873965,2673873965
2025-06-18 22:41:58,REAL,2673873965,480,2673874445,2673874445
2025-06-18 22:42:00,REAL,2673874445,480,2673874925,2673874925
2025-06-18 22:42:02,REAL,2673874925,530,2673875455,2673875455
2025-06-18 22:42:04,REAL,2673875455,477,2673875932,2673875932
2025-06-18 22:42:06,REAL,2673875932,538,2673876470,2673876470
2025-06-18 22:42:08,REAL,2673876470,478,2673876948,2673876948
2025-06-18 22:42:10,REAL,2673876948,483,2673877431,2673877431
2025-06-18 22:42:12,REAL,2673877431,490,2673877921,2673877921
2025-06-18 22:42:14,REAL,2673877921,489,2673878410,2673878410
2025-06-18 22:42:16,REAL,2673878410,485,2673878895,2673878895
2025-06-18 22:42:18,REAL,2673878895,483,2673879378,2673879378
2025-06-18 22:42:20,REAL,2673879378,485,2673879863,2673879863
2025-06-18 22:42:22,REAL,2673879863,484,2673880347,2673880347
2025-06-18 22:42:24,REAL,2673880347,483,2673880830,2673880830
2025-06-18 22:42:26,REAL,2673880830,481,2673881311,2673881311
2025-06-18 22:42:28,REAL,2673881311,475,2673881786,2673881786
2025-06-18 22:42:30,REAL,2673881786,485,2673882271,2673882271
2025-06-18 22:42:32,REAL,2673882271,494,2673882765,2673882765
2025-06-18 22:42:34,REAL,2673882765,482,2673883247,2673883247
2025-06-18 22:42:36,REAL,2673883247,486,2673883733,2673883733
2025-06-18 22:42:38,REAL,2673883733,483,2673884216,2673884216
2025-06-18 22:42:40,REAL,2673884216,485,2673884701,2673884701
2025-06-18 22:42:42,REAL,2673884701,484,2673885185,2673885185
2025-06-18 22:42:44,REAL,2673885185,483,2673885668,2673885668
2025-06-18 22:42:46,REAL,2673885668,540,2673886208,2673886208
2025-06-18 22:42:48,REAL,2673886208,485,2673886693,2673886693
2025-06-18 22:42:50,REAL,2673886693,474,2673887167,2673887167
2025-06-18 22:42:52,REAL,2673887167,487,2673887654,2673887654
2025-06-18 22:42:54,REAL,2673887654,542,2673888196,2673888196
2025-06-18 22:42:56,REAL,2673888196,480,2673888676,2673888676
2025-06-18 22:42:58,REAL,2673888676,481,2673889157,2673889157
2025-06-18 22:43:00,REAL,2673889157,481,2673889638,2673889638
2025-06-18 22:43:02,REAL,2673889638,488,2673890126,2673890126
2025-06-18 22:43:04,REAL,2673890126,480,2673890606,2673890606
2025-06-18 22:43:06,REAL,2673890606,487,2673891093,2673891093
2025-06-18 22:43:08,REAL,2673891093,487,2673891580,2673891580
2025-06-18 22:43:10,REAL,2673891580,492,2673892072,2673892072
2025-06-18 22:43:12,REAL,2673892072,485,2673892557,2673892557
2025-06-18 22:43:14,REAL,2673892557,493,2673893050,2673893050
2025-06-18 22:43:16,REAL,2673893050,483,2673893533,2673893533
2025-06-18 22:43:18,REAL,2673893533,489,2673894022,2673894022
2025-06-18 22:43:20,REAL,2673894022,488,2673894510,2673894510
2025-06-18 22:43:22,REAL,2673894510,486,2673894996,2673894996
2025-06-18 22:43:24,REAL,2673894996,491,2673895487,2673895487
2025-06-18 22:43:26,REAL,2673895487,485,2673895972,2673895972
2025-06-18 22:43:28,REAL,2673895972,533,2673896505,2673896505
2025-06-18 22:43:30,REAL,2673896505,488,2673896993,2673896993
2025-06-18 22:43:32,REAL,2673896993,478,2673897471,2673897471
2025-06-18 22:43:34,REAL,2673897471,479,2673897950,2673897950
2025-06-18 22:43:36,REAL,2673897950,478,2673898428,2673898428
2025-06-18 22:43:38,REAL,2673898428,474,2673898902,2673898902
2025-06-18 22:43:40,REAL,2673898902,242,2673899144,2673899144
2025-06-18 22:43:42,REAL,2673899144,486,2673899630,2673899630
2025-06-18 22:43:44,REAL,2673899630,5565,2673905195,2673905195
2025-06-18 22:43:46,REAL,2673905195,10920,2673916115,2673916115
2025-06-18 22:43:48,REAL,2673916115,10259,2673926374,2673926374
2025-06-18 22:43:50,REAL,2673926374,10255,2673936629,2673936629
2025-06-18 22:43:52,REAL,2673936629,10319,2673946948,2673946948
2025-06-18 22:43:54,REAL,2673946948,10252,2673957200,2673957200
2025-06-18 22:43:56,REAL,2673957200,10253,2673967453,2673967453
2025-06-18 22:43:58,REAL,2673967453,10249,2673977702,2673977702
2025-06-18 22:44:00,REAL,2673977702,1408,2673979110,2673979110
2025-06-18 22:44:02,REAL,2673979110,482,2673979592,2673979592
2025-06-18 22:44:04,REAL,2673979592,478,2673980070,2673980070
2025-06-18 22:44:06,REAL,2673980070,484,2673980554,2673980554
2025-06-18 22:44:08,REAL,2673980554,490,2673981044,2673981044
2025-06-18 22:44:10,REAL,2673981044,484,2673981528,2673981528
2025-06-18 22:44:12,REAL,2673981528,540,2673982068,2673982068
2025-06-18 22:44:14,REAL,2673982068,476,2673982544,2673982544
2025-06-18 22:44:16,REAL,2673982544,487,2673983031,2673983031
2025-06-18 22:44:18,REAL,2673983031,487,2673983518,2673983518
2025-06-18 22:44:20,REAL,2673983518,476,2673983994,2673983994
2025-06-18 22:44:22,REAL,2673983994,487,2673984481,2673984481
2025-06-18 22:44:24,REAL,2673984481,485,2673984966,2673984966
2025-06-18 22:44:26,REAL,2673984966,488,2673985454,2673985454
2025-06-18 22:44:28,REAL,2673985454,476,2673985930,2673985930
2025-06-18 22:44:30,REAL,2673985930,487,2673986417,2673986417
2025-06-18 22:44:32,REAL,2673986417,483,2673986900,2673986900
2025-06-18 22:44:34,REAL,2673986900,539,2673987439,2673987439
2025-06-18 22:44:36,REAL,2673987439,483,2673987922,2673987922
2025-06-18 22:44:38,REAL,2673987922,477,2673988399,2673988399
2025-06-18 22:44:40,REAL,2673988399,484,2673988883,2673988883
2025-06-18 22:44:42,REAL,2673988883,491,2673989374,2673989374
2025-06-18 22:44:44,REAL,2673989374,485,2673989859,2673989859
2025-06-18 22:44:46,REAL,2673989859,491,2673990350,2673990350
2025-06-18 22:44:48,REAL,2673990350,480,2673990830,2673990830
2025-06-18 22:44:50,REAL,2673990830,540,2673991370,2673991370
2025-06-18 22:44:52,REAL,2673991370,478,2673991848,2673991848
2025-06-18 22:44:54,REAL,2673991848,485,2673992333,2673992333
2025-06-18 22:44:56,REAL,2673992333,481,2673992814,2673992814
2025-06-18 22:44:58,REAL,2673992814,480,2673993294,2673993294
2025-06-18 22:45:00,REAL,2673993294,478,2673993772,2673993772
2025-06-18 22:45:02,REAL,2673993772,488,2673994260,2673994260
2025-06-18 22:45:04,REAL,2673994260,484,2673994744,2673994744
2025-06-18 22:45:06,REAL,2673994744,489,2673995233,2673995233
2025-06-18 22:45:08,REAL,2673995233,482,2673995715,2673995715
2025-06-18 22:45:10,REAL,2673995715,483,2673996198,2673996198
2025-06-18 22:45:12,REAL,2673996198,486,2673996684,2673996684
2025-06-18 22:45:14,REAL,2673996684,480,2673997164,2673997164
2025-06-18 22:45:16,REAL,2673997164,481,2673997645,2673997645
2025-06-18 22:45:18,REAL,2673997645,481,2673998126,2673998126
2025-06-18 22:45:20,REAL,2673998126,488,2673998614,2673998614
2025-06-18 22:45:22,REAL,2673998614,547,2673999161,2673999161
2025-06-18 22:45:24,REAL,2673999161,482,2673999643,2673999643
2025-06-18 22:45:26,REAL,2673999643,484,2674000127,2674000127
2025-06-18 22:45:28,REAL,2674000127,483,2674000610,2674000610
2025-06-18 22:45:30,REAL,2674000610,536,2674001146,2674001146
2025-06-18 22:45:32,REAL,2674001146,492,2674001638,2674001638
2025-06-18 22:45:34,REAL,2674001638,481,2674002119,2674002119
2025-06-18 22:45:36,REAL,2674002119,492,2674002611,2674002611
2025-06-18 22:45:38,REAL,2674002611,488,2674003099,2674003099
2025-06-18 22:45:40,REAL,2674003099,483,2674003582,2674003582
2025-06-18 22:45:42,REAL,2674003582,488,2674004070,2674004070
2025-06-18 22:45:44,REAL,2674004070,479,2674004549,2674004549
2025-06-18 22:45:46,REAL,2674004549,490,2674005039,2674005039
2025-06-18 22:45:48,REAL,2674005039,493,2674005532,2674005532
2025-06-18 22:45:50,REAL,2674005532,549,2674006081,2674006081
2025-06-18 22:45:52,REAL,2674006081,476,2674006557,2674006557
2025-06-18 22:45:54,REAL,2674006557,484,2674007041,2674007041
2025-06-18 22:45:56,REAL,2674007041,2350,2674009391,2674009391
2025-06-18 22:45:58,REAL,2674009391,12096,2674021487,2674021487
2025-06-18 22:46:00,REAL,2674021487,10254,2674031741,2674031741
2025-06-18 22:46:02,REAL,2674031741,10323,2674042064,2674042064
2025-06-18 22:46:04,REAL,2674042064,10256,2674052320,2674052320
2025-06-18 22:46:06,REAL,2674052320,10254,2674062574,2674062574
2025-06-18 22:46:08,REAL,2674062574,10371,2674072945,2674072945
2025-06-18 22:46:10,REAL,2674072945,10250,2674083195,2674083195
2025-06-18 22:46:12,REAL,2674083195,3725,2674086920,2674086920
2025-06-18 22:46:14,REAL,2674086920,489,2674087409,2674087409
2025-06-18 22:46:16,REAL,2674087409,487,2674087896,2674087896
2025-06-18 22:46:18,REAL,2674087896,475,2674088371,2674088371
2025-06-18 22:46:20,REAL,2674088371,488,2674088859,2674088859
2025-06-18 22:46:22,REAL,2674088859,493,2674089352,2674089352
2025-06-18 22:46:24,REAL,2674089352,537,2674089889,2674089889
2025-06-18 22:46:26,REAL,2674089889,485,2674090374,2674090374
2025-06-18 22:46:28,REAL,2674090374,489,2674090863,2674090863
2025-06-18 22:46:30,REAL,2674090863,487,2674091350,2674091350
2025-06-18 22:46:32,REAL,2674091350,491,2674091841,2674091841
2025-06-18 22:46:34,REAL,2674091841,480,2674092321,2674092321
2025-06-18 22:46:36,REAL,2674092321,490,2674092811,2674092811
2025-06-18 22:46:38,REAL,2674092811,489,2674093300,2674093300
2025-06-18 22:46:40,REAL,2674093300,482,2674093782,2674093782
2025-06-18 22:46:42,REAL,2674093782,492,2674094274,2674094274
2025-06-18 22:46:44,REAL,2674094274,483,2674094757,2674094757
2025-06-18 22:46:46,REAL,2674094757,482,2674095239,2674095239
2025-06-18 22:46:48,REAL,2674095239,548,2674095787,2674095787
2025-06-18 22:46:50,REAL,2674095787,538,2674096325,2674096325
2025-06-18 22:46:52,REAL,2674096325,484,2674096809,2674096809
2025-06-18 22:46:54,REAL,2674096809,476,2674097285,2674097285
2025-06-18 22:46:56,REAL,2674097285,481,2674097766,2674097766
2025-06-18 22:46:58,REAL,2674097766,485,2674098251,2674098251
2025-06-18 22:47:00,REAL,2674098251,3855,2674102106,2674102106
2025-06-18 22:47:02,REAL,2674102106,11313,2674113419,2674113419
2025-06-18 22:47:04,REAL,2674113419,10317,2674123736,2674123736
2025-06-18 22:47:06,REAL,2674123736,10255,2674133991,2674133991
2025-06-18 22:47:08,REAL,2674133991,10259,2674144250,2674144250
2025-06-18 22:47:10,REAL,2674144250,10321,2674154571,2674154571
2025-06-18 22:47:12,REAL,2674154571,10255,2674164826,2674164826
2025-06-18 22:47:14,REAL,2674164826,10316,2674175142,2674175142
2025-06-18 22:47:16,REAL,2674175142,2467,2674177609,2674177609
2025-06-18 22:47:18,REAL,2674177609,481,2674178090,2674178090
2025-06-18 22:47:20,REAL,2674178090,483,2674178573,2674178573
2025-06-18 22:47:22,REAL,2674178573,481,2674179054,2674179054
2025-06-18 22:47:24,REAL,2674179054,487,2674179541,2674179541
2025-06-18 22:47:26,REAL,2674179541,547,2674180088,2674180088
2025-06-18 22:47:28,REAL,2674180088,543,2674180631,2674180631
2025-06-18 22:47:30,REAL,2674180631,487,2674181118,2674181118
2025-06-18 22:47:32,REAL,2674181118,481,2674181599,2674181599
2025-06-18 22:47:34,REAL,2674181599,481,2674182080,2674182080
2025-06-18 22:47:36,REAL,2674182080,486,2674182566,2674182566
2025-06-18 22:47:38,REAL,2674182566,487,2674183053,2674183053
2025-06-18 22:47:40,REAL,2674183053,490,2674183543,2674183543
2025-06-18 22:47:42,REAL,2674183543,482,2674184025,2674184025
2025-06-18 22:47:44,REAL,2674184025,478,2674184503,2674184503
2025-06-18 22:47:46,REAL,2674184503,475,2674184978,2674184978
2025-06-18 22:47:48,REAL,2674184978,490,2674185468,2674185468
2025-06-18 22:47:50,REAL,2674185468,486,2674185954,2674185954
2025-06-18 22:47:52,REAL,2674185954,492,2674186446,2674186446
2025-06-18 22:47:54,REAL,2674186446,485,2674186931,2674186931
2025-06-18 22:47:56,REAL,2674186931,537,2674187468,2674187468
2025-06-18 22:47:58,REAL,2674187468,482,2674187950,2674187950
2025-06-18 22:48:00,REAL,2674187950,485,2674188435,2674188435
2025-06-18 22:48:02,REAL,2674188435,490,2674188925,2674188925
2025-06-18 22:48:04,REAL,2674188925,489,2674189414,2674189414
2025-06-18 22:48:06,REAL,2674189414,550,2674189964,2674189964
2025-06-18 22:48:08,REAL,2674189964,487,2674190451,2674190451
2025-06-18 22:48:10,REAL,2674190451,485,2674190936,2674190936
2025-06-18 22:48:12,REAL,2674190936,477,2674191413,2674191413
2025-06-18 22:48:14,REAL,2674191413,485,2674191898,2674191898
2025-06-18 22:48:16,REAL,2674191898,475,2674192373,2674192373
2025-06-18 22:48:18,REAL,2674192373,483,2674192856,2674192856
2025-06-18 22:48:20,REAL,2674192856,485,2674193341,2674193341
2025-06-18 22:48:22,REAL,2674193341,545,2674193886,2674193886
2025-06-18 22:48:24,REAL,2674193886,494,2674194380,2674194380
2025-06-18 22:48:26,REAL,2674194380,484,2674194864,2674194864
2025-06-18 22:48:28,REAL,2674194864,490,2674195354,2674195354
2025-06-18 22:48:30,REAL,2674195354,488,2674195842,2674195842
2025-06-18 22:48:32,REAL,2674195842,482,2674196324,2674196324
2025-06-18 22:48:34,REAL,2674196324,486,2674196810,2674196810
2025-06-18 22:48:36,REAL,2674196810,490,2674197300,2674197300
2025-06-18 22:48:38,REAL,2674197300,479,2674197779,2674197779
2025-06-18 22:48:40,REAL,2674197779,482,2674198261,2674198261
2025-06-18 22:48:42,REAL,2674198261,492,2674198753,2674198753
2025-06-18 22:48:44,REAL,2674198753,539,2674199292,2674199292
2025-06-18 22:48:46,REAL,2674199292,483,2674199775,2674199775
2025-06-18 22:48:48,REAL,2674199775,481,2674200256,2674200256
2025-06-18 22:48:50,REAL,2674200256,541,2674200797,2674200797
2025-06-18 22:48:52,REAL,2674200797,493,2674201290,2674201290
2025-06-18 22:48:54,REAL,2674201290,486,2674201776,2674201776
2025-06-18 22:48:56,REAL,2674201776,489,2674202265,2674202265
2025-06-18 22:48:58,REAL,2674202265,488,2674202753,2674202753
2025-06-18 22:49:00,REAL,2674202753,490,2674203243,2674203243
2025-06-18 22:49:02,REAL,2674203243,483,2674203726,2674203726
2025-06-18 22:49:04,REAL,2674203726,477,2674204203,2674204203
2025-06-18 22:49:06,REAL,2674204203,490,2674204693,2674204693
2025-06-18 22:49:08,REAL,2674204693,488,2674205181,2674205181
2025-06-18 22:49:10,REAL,2674205181,492,2674205673,2674205673
2025-06-18 22:49:12,REAL,2674205673,484,2674206157,2674206157
2025-06-18 22:49:14,REAL,2674206157,489,2674206646,2674206646
2025-06-18 22:49:16,REAL,2674206646,488,2674207134,2674207134
2025-06-18 22:49:18,REAL,2674207134,543,2674207677,2674207677
2025-06-18 22:49:20,REAL,2674207677,479,2674208156,2674208156
2025-06-18 22:49:22,REAL,2674208156,485,2674208641,2674208641
2025-06-18 22:49:24,REAL,2674208641,487,2674209128,2674209128
2025-06-18 22:49:26,REAL,2674209128,549,2674209677,2674209677
2025-06-18 22:49:28,REAL,2674209677,477,2674210154,2674210154
2025-06-18 22:49:30,REAL,2674210154,483,2674210637,2674210637
2025-06-18 22:49:32,REAL,2674210637,477,2674211114,2674211114
2025-06-18 22:49:34,REAL,2674211114,479,2674211593,2674211593
2025-06-18 22:49:36,REAL,2674211593,485,2674212078,2674212078
2025-06-18 22:49:38,REAL,2674212078,486,2674212564,2674212564
2025-06-18 22:49:40,REAL,2674212564,492,2674213056,2674213056
2025-06-18 22:49:42,REAL,2674213056,489,2674213545,2674213545
2025-06-18 22:49:44,REAL,2674213545,483,2674214028,2674214028
2025-06-18 22:49:46,REAL,2674214028,545,2674214573,2674214573
2025-06-18 22:49:48,REAL,2674214573,478,2674215051,2674215051
2025-06-18 22:49:50,REAL,2674215051,488,2674215539,2674215539
2025-06-18 22:49:52,REAL,2674215539,484,2674216023,2674216023
2025-06-18 22:49:54,REAL,2674216023,485,2674216508,2674216508
2025-06-18 22:49:56,REAL,2674216508,482,2674216990,2674216990
2025-06-18 22:49:58,REAL,2674216990,483,2674217473,2674217473
2025-06-18 22:50:00,REAL,2674217473,486,2674217959,2674217959
2025-06-18 22:50:02,REAL,2674217959,488,2674218447,2674218447
2025-06-18 22:50:04,REAL,2674218447,485,2674218932,2674218932
2025-06-18 22:50:06,REAL,2674218932,482,2674219414,2674219414
2025-06-18 22:50:08,REAL,2674219414,478,2674219892,2674219892
2025-06-18 22:50:10,REAL,2674219892,545,2674220437,2674220437
2025-06-18 22:50:12,REAL,2674220437,481,2674220918,2674220918
2025-06-18 22:50:14,REAL,2674220918,481,2674221399,2674221399
2025-06-18 22:50:16,REAL,2674221399,486,2674221885,2674221885
2025-06-18 22:50:18,REAL,2674221885,484,2674222369,2674222369
2025-06-18 22:50:20,REAL,2674222369,478,2674222847,2674222847
2025-06-18 22:50:22,REAL,2674222847,9921,2674232768,2674232768
2025-06-18 22:50:24,REAL,2674232768,12028,2674244796,2674244796
2025-06-18 22:50:26,REAL,2674244796,10310,2674255106,2674255106
2025-06-18 22:50:28,REAL,2674255106,10251,2674265357,2674265357
2025-06-18 22:50:30,REAL,2674265357,10320,2674275677,2674275677
2025-06-18 22:50:32,REAL,2674275677,10256,2674285933,2674285933
2025-06-18 22:50:34,REAL,2674285933,10318,2674296251,2674296251
2025-06-18 22:50:36,REAL,2674296251,8604,2674304855,2674304855
2025-06-18 22:50:38,REAL,2674304855,487,2674305342,2674305342
2025-06-18 22:50:40,REAL,2674305342,483,2674305825,2674305825
2025-06-18 22:50:42,REAL,2674305825,484,2674306309,2674306309
2025-06-18 22:50:44,REAL,2674306309,478,2674306787,2674306787
2025-06-18 22:50:46,REAL,2674306787,480,2674307267,2674307267
2025-06-18 22:50:48,REAL,2674307267,484,2674307751,2674307751
2025-06-18 22:50:50,REAL,2674307751,480,2674308231,2674308231
2025-06-18 22:50:52,REAL,2674308231,546,2674308777,2674308777
2025-06-18 22:50:54,REAL,2674308777,11184,2674319961,2674319961
2025-06-18 22:50:56,REAL,2674319961,11382,2674331343,2674331343
2025-06-18 22:50:58,REAL,2674331343,10321,2674341664,2674341664
2025-06-18 22:51:00,REAL,2674341664,10258,2674351922,2674351922
2025-06-18 22:51:02,REAL,2674351922,10250,2674362172,2674362172
2025-06-18 22:51:04,REAL,2674362172,10322,2674372494,2674372494
2025-06-18 22:51:06,REAL,2674372494,10247,2674382741,2674382741
2025-06-18 22:51:08,REAL,2674382741,8015,2674390756,2674390756
2025-06-18 22:51:10,REAL,2674390756,482,2674391238,2674391238
2025-06-18 22:51:12,REAL,2674391238,481,2674391719,2674391719
2025-06-18 22:51:14,REAL,2674391719,490,2674392209,2674392209
2025-06-18 22:51:16,REAL,2674392209,484,2674392693,2674392693
2025-06-18 22:51:18,REAL,2674392693,480,2674393173,2674393173
2025-06-18 22:51:20,REAL,2674393173,477,2674393650,2674393650
2025-06-18 22:51:22,REAL,2674393650,481,2674394131,2674394131
2025-06-18 22:51:24,REAL,2674394131,484,2674394615,2674394615
2025-06-18 22:51:26,REAL,2674394615,485,2674395100,2674395100
2025-06-18 22:51:28,REAL,2674395100,488,2674395588,2674395588
2025-06-18 22:51:30,REAL,2674395588,481,2674396069,2674396069
2025-06-18 22:51:32,REAL,2674396069,491,2674396560,2674396560
2025-06-18 22:51:34,REAL,2674396560,538,2674397098,2674397098
2025-06-18 22:51:36,REAL,2674397098,532,2674397630,2674397630
2025-06-18 22:51:38,REAL,2674397630,491,2674398121,2674398121
2025-06-18 22:51:40,REAL,2674398121,481,2674398602,2674398602
2025-06-18 22:51:42,REAL,2674398602,484,2674399086,2674399086
2025-06-18 22:51:44,REAL,2674399086,482,2674399568,2674399568
2025-06-18 22:51:46,REAL,2674399568,491,2674400059,2674400059
2025-06-18 22:51:48,REAL,2674400059,484,2674400543,2674400543
2025-06-18 22:51:50,REAL,2674400543,491,2674401034,2674401034
2025-06-18 22:51:52,REAL,2674401034,488,2674401522,2674401522
2025-06-18 22:51:54,REAL,2674401522,479,2674402001,2674402001
2025-06-18 22:51:56,REAL,2674402001,481,2674402482,2674402482
2025-06-18 22:51:58,REAL,2674402482,10263,2674412745,2674412745
2025-06-18 22:52:00,REAL,2674412745,10255,2674423000,2674423000
2025-06-18 22:52:02,REAL,2674423000,10322,2674433322,2674433322
2025-06-18 22:52:04,REAL,2674433322,10260,2674443582,2674443582
2025-06-18 22:52:06,REAL,2674443582,10246,2674453828,2674453828
2025-06-18 22:52:08,REAL,2674453828,10243,2674464071,2674464071
2025-06-18 22:52:10,REAL,2674464071,10253,2674474324,2674474324
2025-06-18 22:52:12,REAL,2674474324,6753,2674481077,2674481077
2025-06-18 22:52:14,REAL,2674481077,476,2674481553,2674481553
2025-06-18 22:52:16,REAL,2674481553,490,2674482043,2674482043
2025-06-18 22:52:18,REAL,2674482043,538,2674482581,2674482581
2025-06-18 22:52:20,REAL,2674482581,477,2674483058,2674483058
2025-06-18 22:52:22,REAL,2674483058,486,2674483544,2674483544
2025-06-18 22:52:24,REAL,2674483544,489,2674484033,2674484033
2025-06-18 22:52:26,REAL,2674484033,484,2674484517,2674484517
2025-06-18 22:52:28,REAL,2674484517,490,2674485007,2674485007
2025-06-18 22:52:30,REAL,2674485007,11520,2674496527,2674496527
2025-06-18 22:52:32,REAL,2674496527,10317,2674506844,2674506844
2025-06-18 22:52:34,REAL,2674506844,10256,2674517100,2674517100
2025-06-18 22:52:36,REAL,2674517100,10254,2674527354,2674527354
2025-06-18 22:52:38,REAL,2674527354,10251,2674537605,2674537605
2025-06-18 22:52:40,REAL,2674537605,10259,2674547864,2674547864
2025-06-18 22:52:42,REAL,2674547864,10247,2674558111,2674558111
2025-06-18 22:52:44,REAL,2674558111,6163,2674564274,2674564274
2025-06-18 22:52:46,REAL,2674564274,493,2674564767,2674564767
2025-06-18 22:52:48,REAL,2674564767,483,2674565250,2674565250
2025-06-18 22:52:50,REAL,2674565250,483,2674565733,2674565733
2025-06-18 22:52:52,REAL,2674565733,486,2674566219,2674566219
2025-06-18 22:52:54,REAL,2674566219,475,2674566694,2674566694
2025-06-18 22:52:56,REAL,2674566694,479,2674567173,2674567173
2025-06-18 22:52:58,REAL,2674567173,486,2674567659,2674567659
2025-06-18 22:53:00,REAL,2674567659,480,2674568139,2674568139
2025-06-18 22:53:02,REAL,2674568139,539,2674568678,2674568678
2025-06-18 22:53:04,REAL,2674568678,489,2674569167,2674569167
2025-06-18 22:53:06,REAL,2674569167,481,2674569648,2674569648
2025-06-18 22:53:08,REAL,2674569648,543,2674570191,2674570191
2025-06-18 22:53:10,REAL,2674570191,494,2674570685,2674570685
2025-06-18 22:53:12,REAL,2674570685,479,2674571164,2674571164
2025-06-18 22:53:14,REAL,2674571164,482,2674571646,2674571646
2025-06-18 22:53:16,REAL,2674571646,489,2674572135,2674572135
2025-06-18 22:53:18,REAL,2674572135,487,2674572622,2674572622
2025-06-18 22:53:20,REAL,2674572622,487,2674573109,2674573109
2025-06-18 22:53:22,REAL,2674573109,7225,2674580334,2674580334
2025-06-18 22:53:24,REAL,2674580334,13292,2674593626,2674593626
2025-06-18 22:53:26,REAL,2674593626,10247,2674603873,2674603873
2025-06-18 22:53:28,REAL,2674603873,10249,2674614122,2674614122
2025-06-18 22:53:30,REAL,2674614122,10320,2674624442,2674624442
2025-06-18 22:53:32,REAL,2674624442,10249,2674634691,2674634691
2025-06-18 22:53:34,REAL,2674634691,10247,2674644938,2674644938
2025-06-18 22:53:36,REAL,2674644938,9990,2674654928,2674654928
2025-06-18 22:53:38,REAL,2674654928,482,2674655410,2674655410
2025-06-18 22:53:40,REAL,2674655410,482,2674655892,2674655892
2025-06-18 22:53:42,REAL,2674655892,483,2674656375,2674656375
2025-06-18 22:53:44,REAL,2674656375,535,2674656910,2674656910
2025-06-18 22:53:46,REAL,2674656910,485,2674657395,2674657395
2025-06-18 22:53:48,REAL,2674657395,490,2674657885,2674657885
2025-06-18 22:53:50,REAL,2674657885,481,2674658366,2674658366
2025-06-18 22:53:52,REAL,2674658366,480,2674658846,2674658846
2025-06-18 22:53:54,REAL,2674658846,485,2674659331,2674659331
2025-06-18 22:53:56,REAL,2674659331,485,2674659816,2674659816
2025-06-18 22:53:58,REAL,2674659816,478,2674660294,2674660294
2025-06-18 22:54:00,REAL,2674660294,485,2674660779,2674660779
2025-06-18 22:54:02,REAL,2674660779,532,2674661311,2674661311
2025-06-18 22:54:04,REAL,2674661311,481,2674661792,2674661792
2025-06-18 22:54:06,REAL,2674661792,488,2674662280,2674662280
2025-06-18 22:54:08,REAL,2674662280,485,2674662765,2674662765
2025-06-18 22:54:10,REAL,2674662765,492,2674663257,2674663257
2025-06-18 22:54:12,REAL,2674663257,483,2674663740,2674663740
2025-06-18 22:54:14,REAL,2674663740,476,2674664216,2674664216
2025-06-18 22:54:16,REAL,2674664216,490,2674664706,2674664706
2025-06-18 22:54:18,REAL,2674664706,485,2674665191,2674665191
2025-06-18 22:54:20,REAL,2674665191,484,2674665675,2674665675
2025-06-18 22:54:22,REAL,2674665675,480,2674666155,2674666155
2025-06-18 22:54:24,REAL,2674666155,487,2674666642,2674666642
2025-06-18 22:54:26,REAL,2674666642,483,2674667125,2674667125
2025-06-18 22:54:28,REAL,2674667125,477,2674667602,2674667602
2025-06-18 22:54:30,REAL,2674667602,547,2674668149,2674668149
2025-06-18 22:54:32,REAL,2674668149,484,2674668633,2674668633
2025-06-18 22:54:34,REAL,2674668633,488,2674669121,2674669121
2025-06-18 22:54:36,REAL,2674669121,486,2674669607,2674669607
2025-06-18 22:54:38,REAL,2674669607,483,2674670090,2674670090
2025-06-18 22:54:40,REAL,2674670090,480,2674670570,2674670570
2025-06-18 22:54:42,REAL,2674670570,543,2674671113,2674671113
2025-06-18 22:54:44,REAL,2674671113,484,2674671597,2674671597
2025-06-18 22:54:46,REAL,2674671597,485,2674672082,2674672082
2025-06-18 22:54:48,REAL,2674672082,482,2674672564,2674672564
2025-06-18 22:54:50,REAL,2674672564,488,2674673052,2674673052
2025-06-18 22:54:52,REAL,2674673052,482,2674673534,2674673534
2025-06-18 22:54:54,REAL,2674673534,480,2674674014,2674674014
2025-06-18 22:54:56,REAL,2674674014,488,2674674502,2674674502
2025-06-18 22:54:58,REAL,2674674502,487,2674674989,2674674989
2025-06-18 22:55:00,REAL,2674674989,478,2674675467,2674675467
2025-06-18 22:55:02,REAL,2674675467,486,2674675953,2674675953
2025-06-18 22:55:04,REAL,2674675953,476,2674676429,2674676429
2025-06-18 22:55:06,REAL,2674676429,476,2674676905,2674676905
2025-06-18 22:55:08,REAL,2674676905,491,2674677396,2674677396
2025-06-18 22:55:10,REAL,2674677396,493,2674677889,2674677889
2025-06-18 22:55:12,REAL,2674677889,481,2674678370,2674678370
2025-06-18 22:55:14,REAL,2674678370,532,2674678902,2674678902
2025-06-18 22:55:16,REAL,2674678902,480,2674679382,2674679382
2025-06-18 22:55:18,REAL,2674679382,3065,2674682447,2674682447
2025-06-18 22:55:20,REAL,2674682447,11898,2674694345,2674694345
2025-06-18 22:55:22,REAL,2674694345,10251,2674704596,2674704596
2025-06-18 22:55:24,REAL,2674704596,10311,2674714907,2674714907
2025-06-18 22:55:26,REAL,2674714907,10317,2674725224,2674725224
2025-06-18 22:55:28,REAL,2674725224,10253,2674735477,2674735477
2025-06-18 22:55:30,REAL,2674735477,10320,2674745797,2674745797
2025-06-18 22:55:32,REAL,2674745797,10256,2674756053,2674756053
2025-06-18 22:55:34,REAL,2674756053,2934,2674758987,2674758987
2025-06-18 22:55:36,REAL,2674758987,479,2674759466,2674759466
2025-06-18 22:55:38,REAL,2674759466,483,2674759949,2674759949
2025-06-18 22:55:40,REAL,2674759949,485,2674760434,2674760434
2025-06-18 22:55:42,REAL,2674760434,480,2674760914,2674760914
2025-06-18 22:55:44,REAL,2674760914,478,2674761392,2674761392
2025-06-18 22:55:46,REAL,2674761392,485,2674761877,2674761877
2025-06-18 22:55:48,REAL,2674761877,480,2674762357,2674762357
2025-06-18 22:55:50,REAL,2674762357,3986,2674766343,2674766343
2025-06-18 22:55:52,REAL,2674766343,11448,2674777791,2674777791
2025-06-18 22:55:54,REAL,2674777791,10257,2674788048,2674788048
2025-06-18 22:55:56,REAL,2674788048,10251,2674798299,2674798299
2025-06-18 22:55:58,REAL,2674798299,10251,2674808550,2674808550
2025-06-18 22:56:00,REAL,2674808550,10308,2674818858,2674818858
2025-06-18 22:56:02,REAL,2674818858,10252,2674829110,2674829110
2025-06-18 22:56:04,REAL,2674829110,10251,2674839361,2674839361
2025-06-18 22:56:06,REAL,2674839361,2327,2674841688,2674841688
2025-06-18 22:56:08,REAL,2674841688,484,2674842172,2674842172
2025-06-18 22:56:10,REAL,2674842172,481,2674842653,2674842653
2025-06-18 22:56:12,REAL,2674842653,486,2674843139,2674843139
2025-06-18 22:56:14,REAL,2674843139,475,2674843614,2674843614
2025-06-18 22:56:16,REAL,2674843614,480,2674844094,2674844094
2025-06-18 22:56:18,REAL,2674844094,487,2674844581,2674844581
2025-06-18 22:56:20,REAL,2674844581,537,2674845118,2674845118
2025-06-18 22:56:22,REAL,2674845118,4985,2674850103,2674850103
2025-06-18 22:56:24,REAL,2674850103,11578,2674861681,2674861681
2025-06-18 22:56:26,REAL,2674861681,10247,2674871928,2674871928
2025-06-18 22:56:28,REAL,2674871928,10313,2674882241,2674882241
2025-06-18 22:56:30,REAL,2674882241,10318,2674892559,2674892559
2025-06-18 22:56:32,REAL,2674892559,10257,2674902816,2674902816
2025-06-18 22:56:34,REAL,2674902816,10254,2674913070,2674913070
2025-06-18 22:56:36,REAL,2674913070,10249,2674923319,2674923319
2025-06-18 22:56:38,REAL,2674923319,1674,2674924993,2674924993
2025-06-18 22:56:40,REAL,2674924993,490,2674925483,2674925483
2025-06-18 22:56:42,REAL,2674925483,475,2674925958,2674925958
2025-06-18 22:56:44,REAL,2674925958,536,2674926494,2674926494
2025-06-18 22:56:46,REAL,2674926494,480,2674926974,2674926974
2025-06-18 22:56:48,REAL,2674926974,489,2674927463,2674927463
2025-06-18 22:56:50,REAL,2674927463,536,2674927999,2674927999
2025-06-18 22:56:52,REAL,2674927999,485,2674928484,2674928484
2025-06-18 22:56:54,REAL,2674928484,484,2674928968,2674928968
2025-06-18 22:56:56,REAL,2674928968,480,2674929448,2674929448
2025-06-18 22:56:58,REAL,2674929448,484,2674929932,2674929932
2025-06-18 22:57:00,REAL,2674929932,479,2674930411,2674930411
2025-06-18 22:57:02,REAL,2674930411,483,2674930894,2674930894
2025-06-18 22:57:04,REAL,2674930894,487,2674931381,2674931381
2025-06-18 22:57:06,REAL,2674931381,479,2674931860,2674931860
2025-06-18 22:57:08,REAL,2674931860,485,2674932345,2674932345
2025-06-18 22:57:10,REAL,2674932345,483,2674932828,2674932828
2025-06-18 22:57:12,REAL,2674932828,485,2674933313,2674933313
2025-06-18 22:57:14,REAL,2674933313,490,2674933803,2674933803
2025-06-18 22:57:16,REAL,2674933803,491,2674934294,2674934294
2025-06-18 22:57:18,REAL,2674934294,481,2674934775,2674934775
2025-06-18 22:57:20,REAL,2674934775,535,2674935310,2674935310
2025-06-18 22:57:22,REAL,2674935310,483,2674935793,2674935793
2025-06-18 22:57:24,REAL,2674935793,480,2674936273,2674936273
2025-06-18 22:57:26,REAL,2674936273,488,2674936761,2674936761
2025-06-18 22:57:28,REAL,2674936761,489,2674937250,2674937250
2025-06-18 22:57:30,REAL,2674937250,542,2674937792,2674937792
2025-06-18 22:57:32,REAL,2674937792,485,2674938277,2674938277
2025-06-18 22:57:34,REAL,2674938277,483,2674938760,2674938760
2025-06-18 22:57:36,REAL,2674938760,483,2674939243,2674939243
2025-06-18 22:57:38,REAL,2674939243,480,2674939723,2674939723
2025-06-18 22:57:40,REAL,2674939723,488,2674940211,2674940211
2025-06-18 22:57:42,REAL,2674940211,484,2674940695,2674940695
2025-06-18 22:57:44,REAL,2674940695,490,2674941185,2674941185
2025-06-18 22:57:46,REAL,2674941185,491,2674941676,2674941676
2025-06-18 22:57:48,REAL,2674941676,485,2674942161,2674942161
2025-06-18 22:57:50,REAL,2674942161,538,2674942699,2674942699
2025-06-18 22:57:52,REAL,2674942699,485,2674943184,2674943184
2025-06-18 22:57:54,REAL,2674943184,490,2674943674,2674943674
2025-06-18 22:57:56,REAL,2674943674,479,2674944153,2674944153
2025-06-18 22:57:58,REAL,2674944153,488,2674944641,2674944641
2025-06-18 22:58:00,REAL,2674944641,478,2674945119,2674945119
2025-06-18 22:58:02,REAL,2674945119,484,2674945603,2674945603
2025-06-18 22:58:04,REAL,2674945603,483,2674946086,2674946086
2025-06-18 22:58:06,REAL,2674946086,486,2674946572,2674946572
2025-06-18 22:58:08,REAL,2674946572,491,2674947063,2674947063
2025-06-18 22:58:10,REAL,2674947063,485,2674947548,2674947548
2025-06-18 22:58:12,REAL,2674947548,483,2674948031,2674948031
2025-06-18 22:58:14,REAL,2674948031,536,2674948567,2674948567
2025-06-18 22:58:16,REAL,2674948567,482,2674949049,2674949049
2025-06-18 22:58:18,REAL,2674949049,1676,2674950725,2674950725
2025-06-18 22:58:20,REAL,2674950725,14948,2674965673,2674965673
2025-06-18 22:58:22,REAL,2674965673,10312,2674975985,2674975985
2025-06-18 22:58:24,REAL,2674975985,10318,2674986303,2674986303
2025-06-18 22:58:26,REAL,2674986303,10187,2674996490,2674996490
2025-06-18 22:58:28,REAL,2674996490,10259,2675006749,2675006749
2025-06-18 22:58:30,REAL,2675006749,10318,2675017067,2675017067
2025-06-18 22:58:32,REAL,2675017067,10250,2675027317,2675027317
2025-06-18 22:58:34,REAL,2675027317,4311,2675031628,2675031628
2025-06-18 22:58:36,REAL,2675031628,483,2675032111,2675032111
2025-06-18 22:58:38,REAL,2675032111,483,2675032594,2675032594
2025-06-18 22:58:40,REAL,2675032594,481,2675033075,2675033075
2025-06-18 22:58:42,REAL,2675033075,483,2675033558,2675033558
2025-06-18 22:58:44,REAL,2675033558,476,2675034034,2675034034
2025-06-18 22:58:46,REAL,2675034034,478,2675034512,2675034512
2025-06-18 22:58:48,REAL,2675034512,541,2675035053,2675035053
2025-06-18 22:58:50,REAL,2675035053,484,2675035537,2675035537
2025-06-18 22:58:52,REAL,2675035537,485,2675036022,2675036022
2025-06-18 22:58:54,REAL,2675036022,484,2675036506,2675036506
2025-06-18 22:58:56,REAL,2675036506,490,2675036996,2675036996
2025-06-18 22:58:58,REAL,2675036996,486,2675037482,2675037482
2025-06-18 22:59:00,REAL,2675037482,537,2675038019,2675038019
2025-06-18 22:59:02,REAL,2675038019,488,2675038507,2675038507
2025-06-18 22:59:04,REAL,2675038507,491,2675038998,2675038998
2025-06-18 22:59:06,REAL,2675038998,478,2675039476,2675039476
2025-06-18 22:59:08,REAL,2675039476,479,2675039955,2675039955
2025-06-18 22:59:10,REAL,2675039955,481,2675040436,2675040436
2025-06-18 22:59:12,REAL,2675040436,482,2675040918,2675040918
2025-06-18 22:59:14,REAL,2675040918,478,2675041396,2675041396
2025-06-18 22:59:16,REAL,2675041396,484,2675041880,2675041880
2025-06-18 22:59:18,REAL,2675041880,539,2675042419,2675042419
2025-06-18 22:59:20,REAL,2675042419,494,2675042913,2675042913
2025-06-18 22:59:22,REAL,2675042913,488,2675043401,2675043401
2025-06-18 22:59:24,REAL,2675043401,493,2675043894,2675043894
2025-06-18 22:59:26,REAL,2675043894,482,2675044376,2675044376
2025-06-18 22:59:28,REAL,2675044376,544,2675044920,2675044920
2025-06-18 22:59:30,REAL,2675044920,474,2675045394,2675045394
2025-06-18 22:59:32,REAL,2675045394,487,2675045881,2675045881
2025-06-18 22:59:34,REAL,2675045881,486,2675046367,2675046367
2025-06-18 22:59:36,REAL,2675046367,482,2675046849,2675046849
2025-06-18 22:59:38,REAL,2675046849,493,2675047342,2675047342
2025-06-18 22:59:40,REAL,2675047342,483,2675047825,2675047825
2025-06-18 22:59:42,REAL,2675047825,476,2675048301,2675048301
2025-06-18 22:59:44,REAL,2675048301,477,2675048778,2675048778
2025-06-18 22:59:46,REAL,2675048778,480,2675049258,2675049258
2025-06-18 22:59:48,REAL,2675049258,533,2675049791,2675049791
2025-06-18 22:59:50,REAL,2675049791,481,2675050272,2675050272
2025-06-18 22:59:52,REAL,2675050272,546,2675050818,2675050818
2025-06-18 22:59:54,REAL,2675050818,475,2675051293,2675051293
2025-06-18 22:59:56,REAL,2675051293,481,2675051774,2675051774
2025-06-18 22:59:58,REAL,2675051774,483,2675052257,2675052257
2025-06-18 23:00:00,REAL,2675052257,492,2675052749,2675052749
2025-06-18 23:00:02,REAL,2675052749,488,2675053237,2675053237
2025-06-18 23:00:04,REAL,2675053237,491,2675053728,2675053728
2025-06-18 23:00:06,REAL,2675053728,481,2675054209,2675054209
2025-06-18 23:00:08,REAL,2675054209,484,2675054693,2675054693
2025-06-18 23:00:10,REAL,2675054693,483,2675055176,2675055176
2025-06-18 23:00:12,REAL,2675055176,489,2675055665,2675055665
2025-06-18 23:00:14,REAL,2675055665,485,2675056150,2675056150
2025-06-18 23:00:16,REAL,2675056150,484,2675056634,2675056634
2025-06-18 23:00:18,REAL,2675056634,536,2675057170,2675057170
2025-06-18 23:00:20,REAL,2675057170,545,2675057715,2675057715
2025-06-18 23:00:22,REAL,2675057715,482,2675058197,2675058197
2025-06-18 23:00:24,REAL,2675058197,486,2675058683,2675058683
2025-06-18 23:00:26,REAL,2675058683,489,2675059172,2675059172
2025-06-18 23:00:28,REAL,2675059172,482,2675059654,2675059654
2025-06-18 23:00:30,REAL,2675059654,246,2675059900,2675059900
2025-06-18 23:00:32,REAL,2675059900,11707,2675071607,2675071607
2025-06-18 23:00:34,REAL,2675071607,10441,2675082048,2675082048
2025-06-18 23:00:36,REAL,2675082048,10253,2675092301,2675092301
2025-06-18 23:00:38,REAL,2675092301,10319,2675102620,2675102620
2025-06-18 23:00:40,REAL,2675102620,10251,2675112871,2675112871
2025-06-18 23:00:42,REAL,2675112871,10254,2675123125,2675123125
2025-06-18 23:00:44,REAL,2675123125,10317,2675133442,2675133442
2025-06-18 23:00:46,REAL,2675133442,6618,2675140060,2675140060
2025-06-18 23:00:48,REAL,2675140060,547,2675140607,2675140607
2025-06-18 23:00:50,REAL,2675140607,483,2675141090,2675141090
2025-06-18 23:00:52,REAL,2675141090,488,2675141578,2675141578
2025-06-18 23:00:54,REAL,2675141578,481,2675142059,2675142059
2025-06-18 23:00:56,REAL,2675142059,487,2675142546,2675142546
2025-06-18 23:00:58,REAL,2675142546,539,2675143085,2675143085
2025-06-18 23:01:00,REAL,2675143085,493,2675143578,2675143578
2025-06-18 23:01:02,REAL,2675143578,481,2675144059,2675144059
2025-06-18 23:01:04,REAL,2675144059,486,2675144545,2675144545
2025-06-18 23:01:06,REAL,2675144545,480,2675145025,2675145025
2025-06-18 23:01:08,REAL,2675145025,481,2675145506,2675145506
2025-06-18 23:01:10,REAL,2675145506,492,2675145998,2675145998
2025-06-18 23:01:12,REAL,2675145998,486,2675146484,2675146484
2025-06-18 23:01:14,REAL,2675146484,542,2675147026,2675147026
2025-06-18 23:01:16,REAL,2675147026,482,2675147508,2675147508
2025-06-18 23:01:18,REAL,2675147508,477,2675147985,2675147985
2025-06-18 23:01:20,REAL,2675147985,477,2675148462,2675148462
2025-06-18 23:01:22,REAL,2675148462,476,2675148938,2675148938
2025-06-18 23:01:24,REAL,2675148938,547,2675149485,2675149485
2025-06-18 23:01:26,REAL,2675149485,481,2675149966,2675149966
2025-06-18 23:01:28,REAL,2675149966,485,2675150451,2675150451
2025-06-18 23:01:30,REAL,2675150451,492,2675150943,2675150943
2025-06-18 23:01:32,REAL,2675150943,485,2675151428,2675151428
2025-06-18 23:01:34,REAL,2675151428,478,2675151906,2675151906
2025-06-18 23:01:36,REAL,2675151906,490,2675152396,2675152396
2025-06-18 23:01:38,REAL,2675152396,478,2675152874,2675152874
2025-06-18 23:01:40,REAL,2675152874,546,2675153420,2675153420
2025-06-18 23:01:42,REAL,2675153420,486,2675153906,2675153906
2025-06-18 23:01:44,REAL,2675153906,484,2675154390,2675154390
2025-06-18 23:01:46,REAL,2675154390,475,2675154865,2675154865
2025-06-18 23:01:48,REAL,2675154865,477,2675155342,2675155342
2025-06-18 23:01:50,REAL,2675155342,482,2675155824,2675155824
2025-06-18 23:01:52,REAL,2675155824,12698,2675168522,2675168522
2025-06-18 23:01:54,REAL,2675168522,10252,2675178774,2675178774
2025-06-18 23:01:56,REAL,2675178774,10250,2675189024,2675189024
2025-06-18 23:01:58,REAL,2675189024,10253,2675199277,2675199277
2025-06-18 23:02:00,REAL,2675199277,10254,2675209531,2675209531
2025-06-18 23:02:02,REAL,2675209531,10250,2675219781,2675219781
2025-06-18 23:02:04,REAL,2675219781,10242,2675230023,2675230023
2025-06-18 23:02:06,REAL,2675230023,5158,2675235181,2675235181
2025-06-18 23:02:08,REAL,2675235181,479,2675235660,2675235660
2025-06-18 23:02:10,REAL,2675235660,482,2675236142,2675236142
2025-06-18 23:02:12,REAL,2675236142,6758,2675242900,2675242900
2025-06-18 23:02:14,REAL,2675242900,10663,2675253563,2675253563
2025-06-18 23:02:16,REAL,2675253563,10259,2675263822,2675263822
2025-06-18 23:02:18,REAL,2675263822,10260,2675274082,2675274082
2025-06-18 23:02:20,REAL,2675274082,10253,2675284335,2675284335
2025-06-18 23:02:22,REAL,2675284335,10249,2675294584,2675294584
2025-06-18 23:02:24,REAL,2675294584,10257,2675304841,2675304841
2025-06-18 23:02:26,REAL,2675304841,9666,2675314507,2675314507
2025-06-18 23:02:28,REAL,2675314507,490,2675314997,2675314997
2025-06-18 23:02:30,REAL,2675314997,482,2675315479,2675315479
2025-06-18 23:02:32,REAL,2675315479,483,2675315962,2675315962
2025-06-18 23:02:34,REAL,2675315962,534,2675316496,2675316496
2025-06-18 23:02:36,REAL,2675316496,487,2675316983,2675316983
2025-06-18 23:02:38,REAL,2675316983,536,2675317519,2675317519
2025-06-18 23:02:40,REAL,2675317519,486,2675318005,2675318005
2025-06-18 23:02:42,REAL,2675318005,485,2675318490,2675318490
2025-06-18 23:02:44,REAL,2675318490,9335,2675327825,2675327825
2025-06-18 23:02:46,REAL,2675327825,12234,2675340059,2675340059
2025-06-18 23:02:48,REAL,2675340059,10254,2675350313,2675350313
2025-06-18 23:02:50,REAL,2675350313,10253,2675360566,2675360566
2025-06-18 23:02:52,REAL,2675360566,10322,2675370888,2675370888
2025-06-18 23:02:54,REAL,2675370888,10248,2675381136,2675381136
2025-06-18 23:02:56,REAL,2675381136,10247,2675391383,2675391383
2025-06-18 23:02:58,REAL,2675391383,8994,2675400377,2675400377
2025-06-18 23:03:00,REAL,2675400377,540,2675400917,2675400917
2025-06-18 23:03:02,REAL,2675400917,479,2675401396,2675401396
2025-06-18 23:03:04,REAL,2675401396,477,2675401873,2675401873
2025-06-18 23:03:06,REAL,2675401873,489,2675402362,2675402362
2025-06-18 23:03:08,REAL,2675402362,484,2675402846,2675402846
2025-06-18 23:03:10,REAL,2675402846,545,2675403391,2675403391
2025-06-18 23:03:12,REAL,2675403391,489,2675403880,2675403880
2025-06-18 23:03:14,REAL,2675403880,486,2675404366,2675404366
2025-06-18 23:03:16,REAL,2675404366,8351,2675412717,2675412717
2025-06-18 23:03:18,REAL,2675412717,10785,2675423502,2675423502
2025-06-18 23:03:20,REAL,2675423502,10256,2675433758,2675433758
2025-06-18 23:03:22,REAL,2675433758,10250,2675444008,2675444008
2025-06-18 23:03:24,REAL,2675444008,10248,2675454256,2675454256
2025-06-18 23:03:26,REAL,2675454256,10309,2675464565,2675464565
2025-06-18 23:03:28,REAL,2675464565,10251,2675474816,2675474816
2025-06-18 23:03:30,REAL,2675474816,8333,2675483149,2675483149
2025-06-18 23:03:32,REAL,2675483149,487,2675483636,2675483636
2025-06-18 23:03:34,REAL,2675483636,477,2675484113,2675484113
2025-06-18 23:03:36,REAL,2675484113,489,2675484602,2675484602
2025-06-18 23:03:38,REAL,2675484602,487,2675485089,2675485089
2025-06-18 23:03:40,REAL,2675485089,488,2675485577,2675485577
2025-06-18 23:03:42,REAL,2675485577,544,2675486121,2675486121
2025-06-18 23:03:44,REAL,2675486121,487,2675486608,2675486608
2025-06-18 23:03:46,REAL,2675486608,480,2675487088,2675487088
2025-06-18 23:03:48,REAL,2675487088,11321,2675498409,2675498409
2025-06-18 23:03:50,REAL,2675498409,11638,2675510047,2675510047
2025-06-18 23:03:52,REAL,2675510047,10316,2675520363,2675520363
2025-06-18 23:03:54,REAL,2675520363,10305,2675530668,2675530668
2025-06-18 23:03:56,REAL,2675530668,10252,2675540920,2675540920
2025-06-18 23:03:58,REAL,2675540920,10319,2675551239,2675551239
2025-06-18 23:04:00,REAL,2675551239,10245,2675561484,2675561484
2025-06-18 23:04:02,REAL,2675561484,7742,2675569226,2675569226
2025-06-18 23:04:04,REAL,2675569226,486,2675569712,2675569712
2025-06-18 23:04:06,REAL,2675569712,486,2675570198,2675570198
2025-06-18 23:04:08,REAL,2675570198,484,2675570682,2675570682
2025-06-18 23:04:10,REAL,2675570682,486,2675571168,2675571168
2025-06-18 23:04:12,REAL,2675571168,482,2675571650,2675571650
2025-06-18 23:04:14,REAL,2675571650,543,2675572193,2675572193
2025-06-18 23:04:16,REAL,2675572193,482,2675572675,2675572675
2025-06-18 23:04:18,REAL,2675572675,486,2675573161,2675573161
2025-06-18 23:04:20,REAL,2675573161,9989,2675583150,2675583150
2025-06-18 23:04:22,REAL,2675583150,10518,2675593668,2675593668
2025-06-18 23:04:24,REAL,2675593668,10194,2675603862,2675603862
2025-06-18 23:04:26,REAL,2675603862,10326,2675614188,2675614188
2025-06-18 23:04:28,REAL,2675614188,10257,2675624445,2675624445
2025-06-18 23:04:30,REAL,2675624445,10251,2675634696,2675634696
2025-06-18 23:04:32,REAL,2675634696,10249,2675644945,2675644945
2025-06-18 23:04:34,REAL,2675644945,7141,2675652086,2675652086
2025-06-18 23:04:36,REAL,2675652086,486,2675652572,2675652572
2025-06-18 23:04:38,REAL,2675652572,488,2675653060,2675653060
2025-06-18 23:04:40,REAL,2675653060,480,2675653540,2675653540
2025-06-18 23:04:42,REAL,2675653540,481,2675654021,2675654021
2025-06-18 23:04:44,REAL,2675654021,540,2675654561,2675654561
2025-06-18 23:04:46,REAL,2675654561,547,2675655108,2675655108
2025-06-18 23:04:48,REAL,2675655108,491,2675655599,2675655599
2025-06-18 23:04:50,REAL,2675655599,481,2675656080,2675656080
2025-06-18 23:04:52,REAL,2675656080,486,2675656566,2675656566
2025-06-18 23:04:54,REAL,2675656566,488,2675657054,2675657054
2025-06-18 23:04:56,REAL,2675657054,486,2675657540,2675657540
2025-06-18 23:04:58,REAL,2675657540,494,2675658034,2675658034
2025-06-18 23:05:00,REAL,2675658034,477,2675658511,2675658511
2025-06-18 23:05:02,REAL,2675658511,482,2675658993,2675658993
2025-06-18 23:05:04,REAL,2675658993,478,2675659471,2675659471
2025-06-18 23:05:06,REAL,2675659471,483,2675659954,2675659954
2025-06-18 23:05:08,REAL,2675659954,485,2675660439,2675660439
2025-06-18 23:05:10,REAL,2675660439,475,2675660914,2675660914
2025-06-18 23:05:12,REAL,2675660914,538,2675661452,2675661452
2025-06-18 23:05:14,REAL,2675661452,486,2675661938,2675661938
2025-06-18 23:05:16,REAL,2675661938,483,2675662421,2675662421
2025-06-18 23:05:18,REAL,2675662421,483,2675662904,2675662904
2025-06-18 23:05:20,REAL,2675662904,487,2675663391,2675663391
2025-06-18 23:05:22,REAL,2675663391,483,2675663874,2675663874
2025-06-18 23:05:24,REAL,2675663874,479,2675664353,2675664353
2025-06-18 23:05:26,REAL,2675664353,483,2675664836,2675664836
2025-06-18 23:05:28,REAL,2675664836,475,2675665311,2675665311
2025-06-18 23:05:30,REAL,2675665311,485,2675665796,2675665796
2025-06-18 23:05:32,REAL,2675665796,484,2675666280,2675666280
2025-06-18 23:05:34,REAL,2675666280,542,2675666822,2675666822
2025-06-18 23:05:36,REAL,2675666822,541,2675667363,2675667363
2025-06-18 23:05:38,REAL,2675667363,481,2675667844,2675667844
2025-06-18 23:05:40,REAL,2675667844,478,2675668322,2675668322
2025-06-18 23:05:42,REAL,2675668322,491,2675668813,2675668813
2025-06-18 23:05:44,REAL,2675668813,484,2675669297,2675669297
2025-06-18 23:05:46,REAL,2675669297,487,2675669784,2675669784
2025-06-18 23:05:48,REAL,2675669784,486,2675670270,2675670270
2025-06-18 23:05:50,REAL,2675670270,482,2675670752,2675670752
2025-06-18 23:05:52,REAL,2675670752,482,2675671234,2675671234
2025-06-18 23:05:54,REAL,2675671234,488,2675671722,2675671722
2025-06-18 23:05:56,REAL,2675671722,482,2675672204,2675672204
2025-06-18 23:05:58,REAL,2675672204,479,2675672683,2675672683
2025-06-18 23:06:00,REAL,2675672683,548,2675673231,2675673231
2025-06-18 23:06:02,REAL,2675673231,486,2675673717,2675673717
2025-06-18 23:06:04,REAL,2675673717,478,2675674195,2675674195
2025-06-18 23:06:06,REAL,2675674195,488,2675674683,2675674683
2025-06-18 23:06:08,REAL,2675674683,488,2675675171,2675675171
2025-06-18 23:06:10,REAL,2675675171,484,2675675655,2675675655
2025-06-18 23:06:12,REAL,2675675655,480,2675676135,2675676135
2025-06-18 23:06:14,REAL,2675676135,488,2675676623,2675676623
2025-06-18 23:06:16,REAL,2675676623,492,2675677115,2675677115
2025-06-18 23:06:18,REAL,2675677115,484,2675677599,2675677599
2025-06-18 23:06:20,REAL,2675677599,478,2675678077,2675678077
2025-06-18 23:06:22,REAL,2675678077,492,2675678569,2675678569
2025-06-18 23:06:24,REAL,2675678569,536,2675679105,2675679105
2025-06-18 23:06:26,REAL,2675679105,538,2675679643,2675679643
2025-06-18 23:06:28,REAL,2675679643,485,2675680128,2675680128
2025-06-18 23:06:30,REAL,2675680128,485,2675680613,2675680613
2025-06-18 23:06:32,REAL,2675680613,477,2675681090,2675681090
2025-06-18 23:06:34,REAL,2675681090,486,2675681576,2675681576
2025-06-18 23:06:36,REAL,2675681576,483,2675682059,2675682059
2025-06-18 23:06:38,REAL,2675682059,482,2675682541,2675682541
2025-06-18 23:06:40,REAL,2675682541,478,2675683019,2675683019
2025-06-18 23:06:42,REAL,2675683019,481,2675683500,2675683500
2025-06-18 23:06:44,REAL,2675683500,489,2675683989,2675683989
2025-06-18 23:06:46,REAL,2675683989,485,2675684474,2675684474
2025-06-18 23:06:48,REAL,2675684474,545,2675685019,2675685019
2025-06-18 23:06:50,REAL,2675685019,489,2675685508,2675685508
2025-06-18 23:06:52,REAL,2675685508,487,2675685995,2675685995
2025-06-18 23:06:54,REAL,2675685995,480,2675686475,2675686475
2025-06-18 23:06:56,REAL,2675686475,481,2675686956,2675686956
2025-06-18 23:06:58,REAL,2675686956,1748,2675688704,2675688704
2025-06-18 23:07:00,REAL,2675688704,11769,2675700473,2675700473
2025-06-18 23:07:02,REAL,2675700473,10251,2675710724,2675710724
2025-06-18 23:07:04,REAL,2675710724,10247,2675720971,2675720971
2025-06-18 23:07:06,REAL,2675720971,10247,2675731218,2675731218
2025-06-18 23:07:08,REAL,2675731218,10308,2675741526,2675741526
2025-06-18 23:07:10,REAL,2675741526,10256,2675751782,2675751782
2025-06-18 23:07:12,REAL,2675751782,10250,2675762032,2675762032
2025-06-18 23:07:14,REAL,2675762032,4044,2675766076,2675766076
2025-06-18 23:07:16,REAL,2675766076,482,2675766558,2675766558
2025-06-18 23:07:18,REAL,2675766558,540,2675767098,2675767098
2025-06-18 23:07:20,REAL,2675767098,490,2675767588,2675767588
2025-06-18 23:07:22,REAL,2675767588,535,2675768123,2675768123
2025-06-18 23:07:24,REAL,2675768123,483,2675768606,2675768606
2025-06-18 23:07:26,REAL,2675768606,490,2675769096,2675769096
2025-06-18 23:07:28,REAL,2675769096,482,2675769578,2675769578
2025-06-18 23:07:30,REAL,2675769578,483,2675770061,2675770061
2025-06-18 23:07:32,REAL,2675770061,476,2675770537,2675770537
2025-06-18 23:07:34,REAL,2675770537,491,2675771028,2675771028
2025-06-18 23:07:36,REAL,2675771028,477,2675771505,2675771505
2025-06-18 23:07:38,REAL,2675771505,484,2675771989,2675771989
2025-06-18 23:07:40,REAL,2675771989,492,2675772481,2675772481
2025-06-18 23:07:42,REAL,2675772481,490,2675772971,2675772971
2025-06-18 23:07:44,REAL,2675772971,488,2675773459,2675773459
2025-06-18 23:07:46,REAL,2675773459,547,2675774006,2675774006
2025-06-18 23:07:48,REAL,2675774006,491,2675774497,2675774497
2025-06-18 23:07:50,REAL,2675774497,480,2675774977,2675774977
2025-06-18 23:07:52,REAL,2675774977,488,2675775465,2675775465
2025-06-18 23:07:54,REAL,2675775465,482,2675775947,2675775947
2025-06-18 23:07:56,REAL,2675775947,486,2675776433,2675776433
2025-06-18 23:07:58,REAL,2675776433,482,2675776915,2675776915
2025-06-18 23:08:00,REAL,2675776915,478,2675777393,2675777393
2025-06-18 23:08:02,REAL,2675777393,487,2675777880,2675777880
2025-06-18 23:08:04,REAL,2675777880,483,2675778363,2675778363
2025-06-18 23:08:06,REAL,2675778363,482,2675778845,2675778845
2025-06-18 23:08:08,REAL,2675778845,478,2675779323,2675779323
2025-06-18 23:08:10,REAL,2675779323,603,2675779926,2675779926
2025-06-18 23:08:12,REAL,2675779926,478,2675780404,2675780404
2025-06-18 23:08:14,REAL,2675780404,488,2675780892,2675780892
2025-06-18 23:08:16,REAL,2675780892,483,2675781375,2675781375
2025-06-18 23:08:18,REAL,2675781375,485,2675781860,2675781860
2025-06-18 23:08:20,REAL,2675781860,487,2675782347,2675782347
2025-06-18 23:08:22,REAL,2675782347,477,2675782824,2675782824
2025-06-18 23:08:24,REAL,2675782824,488,2675783312,2675783312
2025-06-18 23:08:26,REAL,2675783312,490,2675783802,2675783802
2025-06-18 23:08:28,REAL,2675783802,484,2675784286,2675784286
2025-06-18 23:08:30,REAL,2675784286,480,2675784766,2675784766
2025-06-18 23:08:32,REAL,2675784766,540,2675785306,2675785306
2025-06-18 23:08:34,REAL,2675785306,4451,2675789757,2675789757
2025-06-18 23:08:36,REAL,2675789757,14539,2675804296,2675804296
2025-06-18 23:08:38,REAL,2675804296,10255,2675814551,2675814551
2025-06-18 23:08:40,REAL,2675814551,10248,2675824799,2675824799
2025-06-18 23:08:42,REAL,2675824799,10254,2675835053,2675835053
2025-06-18 23:08:44,REAL,2675835053,10316,2675845369,2675845369
2025-06-18 23:08:46,REAL,2675845369,10253,2675855622,2675855622
2025-06-18 23:08:48,REAL,2675855622,10257,2675865879,2675865879
2025-06-18 23:08:50,REAL,2675865879,2137,2675868016,2675868016
2025-06-18 23:08:52,REAL,2675868016,491,2675868507,2675868507
2025-06-18 23:08:54,REAL,2675868507,486,2675868993,2675868993
2025-06-18 23:08:56,REAL,2675868993,481,2675869474,2675869474
2025-06-18 23:08:58,REAL,2675869474,542,2675870016,2675870016
2025-06-18 23:09:00,REAL,2675870016,537,2675870553,2675870553
2025-06-18 23:09:02,REAL,2675870553,478,2675871031,2675871031
2025-06-18 23:09:04,REAL,2675871031,485,2675871516,2675871516
2025-06-18 23:09:06,REAL,2675871516,485,2675872001,2675872001
2025-06-18 23:09:08,REAL,2675872001,487,2675872488,2675872488
2025-06-18 23:09:10,REAL,2675872488,484,2675872972,2675872972
2025-06-18 23:09:12,REAL,2675872972,480,2675873452,2675873452
2025-06-18 23:09:14,REAL,2675873452,486,2675873938,2675873938
2025-06-18 23:09:16,REAL,2675873938,479,2675874417,2675874417
2025-06-18 23:09:18,REAL,2675874417,487,2675874904,2675874904
2025-06-18 23:09:20,REAL,2675874904,486,2675875390,2675875390
2025-06-18 23:09:22,REAL,2675875390,541,2675875931,2675875931
2025-06-18 23:09:24,REAL,2675875931,483,2675876414,2675876414
2025-06-18 23:09:26,REAL,2675876414,475,2675876889,2675876889
2025-06-18 23:09:28,REAL,2675876889,484,2675877373,2675877373
2025-06-18 23:09:30,REAL,2675877373,483,2675877856,2675877856
2025-06-18 23:09:32,REAL,2675877856,484,2675878340,2675878340
2025-06-18 23:09:34,REAL,2675878340,486,2675878826,2675878826
2025-06-18 23:09:36,REAL,2675878826,483,2675879309,2675879309
2025-06-18 23:09:38,REAL,2675879309,479,2675879788,2675879788
2025-06-18 23:09:40,REAL,2675879788,479,2675880267,2675880267
2025-06-18 23:09:42,REAL,2675880267,484,2675880751,2675880751
2025-06-18 23:09:44,REAL,2675880751,541,2675881292,2675881292
2025-06-18 23:09:46,REAL,2675881292,539,2675881831,2675881831
2025-06-18 23:09:48,REAL,2675881831,483,2675882314,2675882314
2025-06-18 23:09:50,REAL,2675882314,486,2675882800,2675882800
2025-06-18 23:09:52,REAL,2675882800,483,2675883283,2675883283
2025-06-18 23:09:54,REAL,2675883283,483,2675883766,2675883766
2025-06-18 23:09:56,REAL,2675883766,486,2675884252,2675884252
2025-06-18 23:09:58,REAL,2675884252,491,2675884743,2675884743
2025-06-18 23:10:00,REAL,2675884743,479,2675885222,2675885222
2025-06-18 23:10:02,REAL,2675885222,481,2675885703,2675885703
2025-06-18 23:10:04,REAL,2675885703,482,2675886185,2675886185
2025-06-18 23:10:06,REAL,2675886185,487,2675886672,2675886672
2025-06-18 23:10:08,REAL,2675886672,486,2675887158,2675887158
2025-06-18 23:10:10,REAL,2675887158,542,2675887700,2675887700
2025-06-18 23:10:12,REAL,2675887700,492,2675888192,2675888192
2025-06-18 23:10:14,REAL,2675888192,486,2675888678,2675888678
2025-06-18 23:10:16,REAL,2675888678,492,2675889170,2675889170
2025-06-18 23:10:18,REAL,2675889170,492,2675889662,2675889662
2025-06-18 23:10:20,REAL,2675889662,488,2675890150,2675890150
2025-06-18 23:10:22,REAL,2675890150,476,2675890626,2675890626
2025-06-18 23:10:24,REAL,2675890626,488,2675891114,2675891114
2025-06-18 23:10:26,REAL,2675891114,7746,2675898860,2675898860
2025-06-18 23:10:28,REAL,2675898860,12827,2675911687,2675911687
2025-06-18 23:10:30,REAL,2675911687,10309,2675921996,2675921996
2025-06-18 23:10:32,REAL,2675921996,10255,2675932251,2675932251
2025-06-18 23:10:34,REAL,2675932251,10252,2675942503,2675942503
2025-06-18 23:10:36,REAL,2675942503,10250,2675952753,2675952753
2025-06-18 23:10:38,REAL,2675952753,10315,2675963068,2675963068
2025-06-18 23:10:40,REAL,2675963068,9658,2675972726,2675972726
2025-06-18 23:10:42,REAL,2675972726,487,2675973213,2675973213
2025-06-18 23:10:44,REAL,2675973213,479,2675973692,2675973692
2025-06-18 23:10:46,REAL,2675973692,482,2675974174,2675974174
2025-06-18 23:10:48,REAL,2675974174,486,2675974660,2675974660
2025-06-18 23:10:50,REAL,2675974660,482,2675975142,2675975142
2025-06-18 23:10:52,REAL,2675975142,481,2675975623,2675975623
2025-06-18 23:10:54,REAL,2675975623,475,2675976098,2675976098
2025-06-18 23:10:56,REAL,2675976098,485,2675976583,2675976583
2025-06-18 23:10:58,REAL,2675976583,484,2675977067,2675977067
2025-06-18 23:11:00,REAL,2675977067,485,2675977552,2675977552
2025-06-18 23:11:02,REAL,2675977552,539,2675978091,2675978091
2025-06-18 23:11:04,REAL,2675978091,491,2675978582,2675978582
2025-06-18 23:11:06,REAL,2675978582,489,2675979071,2675979071
2025-06-18 23:11:08,REAL,2675979071,483,2675979554,2675979554
2025-06-18 23:11:10,REAL,2675979554,544,2675980098,2675980098
2025-06-18 23:11:12,REAL,2675980098,493,2675980591,2675980591
2025-06-18 23:11:14,REAL,2675980591,478,2675981069,2675981069
2025-06-18 23:11:16,REAL,2675981069,494,2675981563,2675981563
2025-06-18 23:11:18,REAL,2675981563,2209,2675983772,2675983772
2025-06-18 23:11:20,REAL,2675983772,12030,2675995802,2675995802
2025-06-18 23:11:22,REAL,2675995802,9595,2676005397,2676005397
2025-06-18 23:11:24,REAL,2676005397,10320,2676015717,2676015717
2025-06-18 23:11:26,REAL,2676015717,10256,2676025973,2676025973
2025-06-18 23:11:28,REAL,2676025973,10253,2676036226,2676036226
2025-06-18 23:11:30,REAL,2676036226,10314,2676046540,2676046540
2025-06-18 23:11:32,REAL,2676046540,10256,2676056796,2676056796
2025-06-18 23:11:34,REAL,2676056796,3849,2676060645,2676060645
2025-06-18 23:11:36,REAL,2676060645,481,2676061126,2676061126
2025-06-18 23:11:38,REAL,2676061126,477,2676061603,2676061603
2025-06-18 23:11:40,REAL,2676061603,483,2676062086,2676062086
2025-06-18 23:11:42,REAL,2676062086,486,2676062572,2676062572
2025-06-18 23:11:44,REAL,2676062572,484,2676063056,2676063056
2025-06-18 23:11:46,REAL,2676063056,486,2676063542,2676063542
2025-06-18 23:11:48,REAL,2676063542,480,2676064022,2676064022
2025-06-18 23:11:50,REAL,2676064022,477,2676064499,2676064499
2025-06-18 23:11:52,REAL,2676064499,544,2676065043,2676065043
2025-06-18 23:11:54,REAL,2676065043,534,2676065577,2676065577
2025-06-18 23:11:56,REAL,2676065577,483,2676066060,2676066060
2025-06-18 23:11:58,REAL,2676066060,485,2676066545,2676066545
2025-06-18 23:12:00,REAL,2676066545,488,2676067033,2676067033
2025-06-18 23:12:02,REAL,2676067033,485,2676067518,2676067518
2025-06-18 23:12:04,REAL,2676067518,487,2676068005,2676068005
2025-06-18 23:12:06,REAL,2676068005,485,2676068490,2676068490
2025-06-18 23:12:08,REAL,2676068490,488,2676068978,2676068978
2025-06-18 23:12:10,REAL,2676068978,489,2676069467,2676069467
2025-06-18 23:12:12,REAL,2676069467,482,2676069949,2676069949
2025-06-18 23:12:14,REAL,2676069949,491,2676070440,2676070440
2025-06-18 23:12:16,REAL,2676070440,487,2676070927,2676070927
2025-06-18 23:12:18,REAL,2676070927,484,2676071411,2676071411
2025-06-18 23:12:20,REAL,2676071411,479,2676071890,2676071890
2025-06-18 23:12:22,REAL,2676071890,3601,2676075491,2676075491
2025-06-18 23:12:24,REAL,2676075491,11502,2676086993,2676086993
2025-06-18 23:12:26,REAL,2676086993,10252,2676097245,2676097245
2025-06-18 23:12:28,REAL,2676097245,10250,2676107495,2676107495
2025-06-18 23:12:30,REAL,2676107495,10254,2676117749,2676117749
2025-06-18 23:12:32,REAL,2676117749,10309,2676128058,2676128058
2025-06-18 23:12:34,REAL,2676128058,10255,2676138313,2676138313
2025-06-18 23:12:36,REAL,2676138313,10298,2676148611,2676148611
2025-06-18 23:12:38,REAL,2676148611,2594,2676151205,2676151205
2025-06-18 23:12:40,REAL,2676151205,485,2676151690,2676151690
2025-06-18 23:12:42,REAL,2676151690,483,2676152173,2676152173
2025-06-18 23:12:44,REAL,2676152173,481,2676152654,2676152654
2025-06-18 23:12:46,REAL,2676152654,490,2676153144,2676153144
2025-06-18 23:12:48,REAL,2676153144,480,2676153624,2676153624
2025-06-18 23:12:50,REAL,2676153624,485,2676154109,2676154109
2025-06-18 23:12:52,REAL,2676154109,486,2676154595,2676154595
2025-06-18 23:12:54,REAL,2676154595,477,2676155072,2676155072
2025-06-18 23:12:56,REAL,2676155072,485,2676155557,2676155557
2025-06-18 23:12:58,REAL,2676155557,543,2676156100,2676156100
2025-06-18 23:13:00,REAL,2676156100,479,2676156579,2676156579
2025-06-18 23:13:02,REAL,2676156579,484,2676157063,2676157063
2025-06-18 23:13:04,REAL,2676157063,483,2676157546,2676157546
2025-06-18 23:13:06,REAL,2676157546,482,2676158028,2676158028
2025-06-18 23:13:08,REAL,2676158028,487,2676158515,2676158515
2025-06-18 23:13:10,REAL,2676158515,480,2676158995,2676158995
2025-06-18 23:13:12,REAL,2676158995,486,2676159481,2676159481
2025-06-18 23:13:14,REAL,2676159481,483,2676159964,2676159964
2025-06-18 23:13:16,REAL,2676159964,485,2676160449,2676160449
2025-06-18 23:13:18,REAL,2676160449,533,2676160982,2676160982
2025-06-18 23:13:20,REAL,2676160982,484,2676161466,2676161466
2025-06-18 23:13:22,REAL,2676161466,482,2676161948,2676161948
2025-06-18 23:13:24,REAL,2676161948,481,2676162429,2676162429
2025-06-18 23:13:26,REAL,2676162429,485,2676162914,2676162914
2025-06-18 23:13:28,REAL,2676162914,480,2676163394,2676163394
2025-06-18 23:13:30,REAL,2676163394,478,2676163872,2676163872
2025-06-18 23:13:32,REAL,2676163872,483,2676164355,2676164355
2025-06-18 23:13:34,REAL,2676164355,481,2676164836,2676164836
2025-06-18 23:13:36,REAL,2676164836,537,2676165373,2676165373
2025-06-18 23:13:38,REAL,2676165373,485,2676165858,2676165858
2025-06-18 23:13:40,REAL,2676165858,481,2676166339,2676166339
2025-06-18 23:13:42,REAL,2676166339,485,2676166824,2676166824
2025-06-18 23:13:44,REAL,2676166824,475,2676167299,2676167299
2025-06-18 23:13:46,REAL,2676167299,485,2676167784,2676167784
2025-06-18 23:13:48,REAL,2676167784,483,2676168267,2676168267
2025-06-18 23:13:50,REAL,2676168267,488,2676168755,2676168755
2025-06-18 23:13:52,REAL,2676168755,483,2676169238,2676169238
2025-06-18 23:13:54,REAL,2676169238,482,2676169720,2676169720
2025-06-18 23:13:56,REAL,2676169720,479,2676170199,2676170199
2025-06-18 23:13:58,REAL,2676170199,6160,2676176359,2676176359
2025-06-18 23:14:00,REAL,2676176359,11049,2676187408,2676187408
2025-06-18 23:14:02,REAL,2676187408,10250,2676197658,2676197658
2025-06-18 23:14:04,REAL,2676197658,10257,2676207915,2676207915
2025-06-18 23:14:06,REAL,2676207915,10252,2676218167,2676218167
2025-06-18 23:14:08,REAL,2676218167,10252,2676228419,2676228419
2025-06-18 23:14:10,REAL,2676228419,10246,2676238665,2676238665
2025-06-18 23:14:12,REAL,2676238665,10253,2676248918,2676248918
2025-06-18 23:14:14,REAL,2676248918,742,2676249660,2676249660
2025-06-18 23:14:16,REAL,2676249660,474,2676250134,2676250134
2025-06-18 23:14:18,REAL,2676250134,478,2676250612,2676250612
2025-06-18 23:14:20,REAL,2676250612,543,2676251155,2676251155
2025-06-18 23:14:22,REAL,2676251155,485,2676251640,2676251640
2025-06-18 23:14:24,REAL,2676251640,487,2676252127,2676252127
2025-06-18 23:14:26,REAL,2676252127,481,2676252608,2676252608
2025-06-18 23:14:28,REAL,2676252608,490,2676253098,2676253098
2025-06-18 23:14:30,REAL,2676253098,481,2676253579,2676253579
2025-06-18 23:14:32,REAL,2676253579,485,2676254064,2676254064
2025-06-18 23:14:34,REAL,2676254064,486,2676254550,2676254550
2025-06-18 23:14:36,REAL,2676254550,535,2676255085,2676255085
2025-06-18 23:14:38,REAL,2676255085,488,2676255573,2676255573
2025-06-18 23:14:40,REAL,2676255573,479,2676256052,2676256052
2025-06-18 23:14:42,REAL,2676256052,541,2676256593,2676256593
2025-06-18 23:14:44,REAL,2676256593,480,2676257073,2676257073
2025-06-18 23:14:46,REAL,2676257073,481,2676257554,2676257554
2025-06-18 23:14:48,REAL,2676257554,486,2676258040,2676258040
2025-06-18 23:14:50,REAL,2676258040,478,2676258518,2676258518
2025-06-18 23:14:52,REAL,2676258518,490,2676259008,2676259008
2025-06-18 23:14:54,REAL,2676259008,479,2676259487,2676259487
2025-06-18 23:14:56,REAL,2676259487,489,2676259976,2676259976
2025-06-18 23:14:58,REAL,2676259976,484,2676260460,2676260460
2025-06-18 23:15:00,REAL,2676260460,490,2676260950,2676260950
2025-06-18 23:15:02,REAL,2676260950,492,2676261442,2676261442
2025-06-18 23:15:04,REAL,2676261442,547,2676261989,2676261989
2025-06-18 23:15:06,REAL,2676261989,485,2676262474,2676262474
2025-06-18 23:15:08,REAL,2676262474,481,2676262955,2676262955
2025-06-18 23:15:10,REAL,2676262955,483,2676263438,2676263438
2025-06-18 23:15:12,REAL,2676263438,542,2676263980,2676263980
2025-06-18 23:15:14,REAL,2676263980,484,2676264464,2676264464
2025-06-18 23:15:16,REAL,2676264464,481,2676264945,2676264945
2025-06-18 23:15:18,REAL,2676264945,480,2676265425,2676265425
2025-06-18 23:15:20,REAL,2676265425,476,2676265901,2676265901
2025-06-18 23:15:22,REAL,2676265901,1944,2676267845,2676267845
2025-06-18 23:15:24,REAL,2676267845,11064,2676278909,2676278909
2025-06-18 23:15:26,REAL,2676278909,10309,2676289218,2676289218
2025-06-18 23:15:28,REAL,2676289218,10306,2676299524,2676299524
2025-06-18 23:15:30,REAL,2676299524,10246,2676309770,2676309770
2025-06-18 23:15:32,REAL,2676309770,10250,2676320020,2676320020
2025-06-18 23:15:34,REAL,2676320020,10314,2676330334,2676330334
2025-06-18 23:15:36,REAL,2676330334,10248,2676340582,2676340582
2025-06-18 23:15:38,REAL,2676340582,4057,2676344639,2676344639
2025-06-18 23:15:40,REAL,2676344639,488,2676345127,2676345127
2025-06-18 23:15:42,REAL,2676345127,489,2676345616,2676345616
2025-06-18 23:15:44,REAL,2676345616,487,2676346103,2676346103
2025-06-18 23:15:46,REAL,2676346103,475,2676346578,2676346578
2025-06-18 23:15:48,REAL,2676346578,483,2676347061,2676347061
2025-06-18 23:15:50,REAL,2676347061,597,2676347658,2676347658
2025-06-18 23:15:52,REAL,2676347658,487,2676348145,2676348145
2025-06-18 23:15:54,REAL,2676348145,478,2676348623,2676348623
2025-06-18 23:15:56,REAL,2676348623,490,2676349113,2676349113
2025-06-18 23:15:58,REAL,2676349113,480,2676349593,2676349593
2025-06-18 23:16:00,REAL,2676349593,480,2676350073,2676350073
2025-06-18 23:16:02,REAL,2676350073,482,2676350555,2676350555
2025-06-18 23:16:04,REAL,2676350555,486,2676351041,2676351041
2025-06-18 23:16:06,REAL,2676351041,475,2676351516,2676351516
2025-06-18 23:16:08,REAL,2676351516,478,2676351994,2676351994
2025-06-18 23:16:10,REAL,2676351994,478,2676352472,2676352472
2025-06-18 23:16:12,REAL,2676352472,540,2676353012,2676353012
2025-06-18 23:16:14,REAL,2676353012,484,2676353496,2676353496
2025-06-18 23:16:16,REAL,2676353496,484,2676353980,2676353980
2025-06-18 23:16:18,REAL,2676353980,475,2676354455,2676354455
2025-06-18 23:16:20,REAL,2676354455,535,2676354990,2676354990
2025-06-18 23:16:22,REAL,2676354990,477,2676355467,2676355467
2025-06-18 23:16:24,REAL,2676355467,481,2676355948,2676355948
2025-06-18 23:16:26,REAL,2676355948,489,2676356437,2676356437
2025-06-18 23:16:28,REAL,2676356437,480,2676356917,2676356917
2025-06-18 23:16:30,REAL,2676356917,475,2676357392,2676357392
2025-06-18 23:16:32,REAL,2676357392,480,2676357872,2676357872
2025-06-18 23:16:34,REAL,2676357872,538,2676358410,2676358410
2025-06-18 23:16:36,REAL,2676358410,486,2676358896,2676358896
2025-06-18 23:16:38,REAL,2676358896,491,2676359387,2676359387
2025-06-18 23:16:40,REAL,2676359387,479,2676359866,2676359866
2025-06-18 23:16:42,REAL,2676359866,479,2676360345,2676360345
2025-06-18 23:16:44,REAL,2676360345,481,2676360826,2676360826
2025-06-18 23:16:46,REAL,2676360826,482,2676361308,2676361308
2025-06-18 23:16:48,REAL,2676361308,538,2676361846,2676361846
2025-06-18 23:16:50,REAL,2676361846,481,2676362327,2676362327
2025-06-18 23:16:52,REAL,2676362327,488,2676362815,2676362815
2025-06-18 23:16:54,REAL,2676362815,476,2676363291,2676363291
2025-06-18 23:16:56,REAL,2676363291,546,2676363837,2676363837
2025-06-18 23:16:58,REAL,2676363837,4321,2676368158,2676368158
2025-06-18 23:17:00,REAL,2676368158,11310,2676379468,2676379468
2025-06-18 23:17:02,REAL,2676379468,10253,2676389721,2676389721
2025-06-18 23:17:04,REAL,2676389721,10255,2676399976,2676399976
2025-06-18 23:17:06,REAL,2676399976,10322,2676410298,2676410298
2025-06-18 23:17:08,REAL,2676410298,10258,2676420556,2676420556
2025-06-18 23:17:10,REAL,2676420556,10248,2676430804,2676430804
2025-06-18 23:17:12,REAL,2676430804,10260,2676441064,2676441064
2025-06-18 23:17:14,REAL,2676441064,2129,2676443193,2676443193
2025-06-18 23:17:16,REAL,2676443193,493,2676443686,2676443686
2025-06-18 23:17:18,REAL,2676443686,539,2676444225,2676444225
2025-06-18 23:17:20,REAL,2676444225,490,2676444715,2676444715
2025-06-18 23:17:22,REAL,2676444715,242,2676444957,2676444957
2025-06-18 23:17:24,REAL,2676444957,488,2676445445,2676445445
2025-06-18 23:17:26,REAL,2676445445,545,2676445990,2676445990
2025-06-18 23:17:28,REAL,2676445990,485,2676446475,2676446475
2025-06-18 23:17:30,REAL,2676446475,490,2676446965,2676446965
2025-06-18 23:17:32,REAL,2676446965,479,2676447444,2676447444
2025-06-18 23:17:34,REAL,2676447444,480,2676447924,2676447924
2025-06-18 23:17:36,REAL,2676447924,485,2676448409,2676448409
2025-06-18 23:17:38,REAL,2676448409,491,2676448900,2676448900
2025-06-18 23:17:40,REAL,2676448900,537,2676449437,2676449437
2025-06-18 23:17:42,REAL,2676449437,491,2676449928,2676449928
2025-06-18 23:17:44,REAL,2676449928,492,2676450420,2676450420
2025-06-18 23:17:46,REAL,2676450420,485,2676450905,2676450905
2025-06-18 23:17:48,REAL,2676450905,493,2676451398,2676451398
2025-06-18 23:17:50,REAL,2676451398,491,2676451889,2676451889
2025-06-18 23:17:52,REAL,2676451889,484,2676452373,2676452373
2025-06-18 23:17:54,REAL,2676452373,484,2676452857,2676452857
2025-06-18 23:17:56,REAL,2676452857,546,2676453403,2676453403
2025-06-18 23:17:58,REAL,2676453403,488,2676453891,2676453891
2025-06-18 23:18:00,REAL,2676453891,482,2676454373,2676454373
2025-06-18 23:18:02,REAL,2676454373,536,2676454909,2676454909
2025-06-18 23:18:04,REAL,2676454909,480,2676455389,2676455389
2025-06-18 23:18:06,REAL,2676455389,487,2676455876,2676455876
2025-06-18 23:18:08,REAL,2676455876,482,2676456358,2676456358
2025-06-18 23:18:10,REAL,2676456358,479,2676456837,2676456837
2025-06-18 23:18:12,REAL,2676456837,484,2676457321,2676457321
2025-06-18 23:18:14,REAL,2676457321,482,2676457803,2676457803
2025-06-18 23:18:16,REAL,2676457803,479,2676458282,2676458282
2025-06-18 23:18:18,REAL,2676458282,488,2676458770,2676458770
2025-06-18 23:18:20,REAL,2676458770,488,2676459258,2676459258
2025-06-18 23:18:22,REAL,2676459258,483,2676459741,2676459741
2025-06-18 23:18:24,REAL,2676459741,593,2676460334,2676460334
2025-06-18 23:18:26,REAL,2676460334,479,2676460813,2676460813
2025-06-18 23:18:28,REAL,2676460813,488,2676461301,2676461301
2025-06-18 23:18:30,REAL,2676461301,488,2676461789,2676461789
2025-06-18 23:18:32,REAL,2676461789,489,2676462278,2676462278
2025-06-18 23:18:34,REAL,2676462278,483,2676462761,2676462761
2025-06-18 23:18:36,REAL,2676462761,481,2676463242,2676463242
2025-06-18 23:18:38,REAL,2676463242,491,2676463733,2676463733
2025-06-18 23:18:40,REAL,2676463733,492,2676464225,2676464225
2025-06-18 23:18:42,REAL,2676464225,490,2676464715,2676464715
2025-06-18 23:18:44,REAL,2676464715,479,2676465194,2676465194
2025-06-18 23:18:46,REAL,2676465194,539,2676465733,2676465733
2025-06-18 23:18:48,REAL,2676465733,480,2676466213,2676466213
2025-06-18 23:18:50,REAL,2676466213,487,2676466700,2676466700
2025-06-18 23:18:52,REAL,2676466700,479,2676467179,2676467179
2025-06-18 23:18:54,REAL,2676467179,540,2676467719,2676467719
2025-06-18 23:18:56,REAL,2676467719,487,2676468206,2676468206
2025-06-18 23:18:58,REAL,2676468206,489,2676468695,2676468695
2025-06-18 23:19:00,REAL,2676468695,481,2676469176,2676469176
2025-06-18 23:19:02,REAL,2676469176,485,2676469661,2676469661
2025-06-18 23:19:04,REAL,2676469661,486,2676470147,2676470147
2025-06-18 23:19:06,REAL,2676470147,480,2676470627,2676470627
2025-06-18 23:19:08,REAL,2676470627,487,2676471114,2676471114
2025-06-18 23:19:10,REAL,2676471114,488,2676471602,2676471602
2025-06-18 23:19:12,REAL,2676471602,480,2676472082,2676472082
2025-06-18 23:19:14,REAL,2676472082,476,2676472558,2676472558
2025-06-18 23:19:16,REAL,2676472558,486,2676473044,2676473044
2025-06-18 23:19:18,REAL,2676473044,490,2676473534,2676473534
2025-06-18 23:19:20,REAL,2676473534,479,2676474013,2676474013
2025-06-18 23:19:22,REAL,2676474013,535,2676474548,2676474548
2025-06-18 23:19:24,REAL,2676474548,484,2676475032,2676475032
2025-06-18 23:19:26,REAL,2676475032,484,2676475516,2676475516
2025-06-18 23:19:28,REAL,2676475516,481,2676475997,2676475997
2025-06-18 23:19:30,REAL,2676475997,487,2676476484,2676476484
2025-06-18 23:19:32,REAL,2676476484,484,2676476968,2676476968
2025-06-18 23:19:34,REAL,2676476968,539,2676477507,2676477507
2025-06-18 23:19:36,REAL,2676477507,488,2676477995,2676477995
2025-06-18 23:19:38,REAL,2676477995,9200,2676487195,2676487195
2025-06-18 23:19:40,REAL,2676487195,12101,2676499296,2676499296
2025-06-18 23:19:42,REAL,2676499296,10249,2676509545,2676509545
2025-06-18 23:19:44,REAL,2676509545,10257,2676519802,2676519802
2025-06-18 23:19:46,REAL,2676519802,10254,2676530056,2676530056
2025-06-18 23:19:48,REAL,2676530056,10244,2676540300,2676540300
2025-06-18 23:19:50,REAL,2676540300,10258,2676550558,2676550558
2025-06-18 23:19:52,REAL,2676550558,8801,2676559359,2676559359
2025-06-18 23:19:54,REAL,2676559359,486,2676559845,2676559845
2025-06-18 23:19:56,REAL,2676559845,486,2676560331,2676560331
2025-06-18 23:19:58,REAL,2676560331,492,2676560823,2676560823
2025-06-18 23:20:00,REAL,2676560823,485,2676561308,2676561308
2025-06-18 23:20:02,REAL,2676561308,480,2676561788,2676561788
2025-06-18 23:20:04,REAL,2676561788,492,2676562280,2676562280
2025-06-18 23:20:06,REAL,2676562280,541,2676562821,2676562821
2025-06-18 23:20:08,REAL,2676562821,482,2676563303,2676563303
2025-06-18 23:20:10,REAL,2676563303,480,2676563783,2676563783
2025-06-18 23:20:12,REAL,2676563783,477,2676564260,2676564260
2025-06-18 23:20:14,REAL,2676564260,484,2676564744,2676564744
2025-06-18 23:20:16,REAL,2676564744,477,2676565221,2676565221
2025-06-18 23:20:18,REAL,2676565221,486,2676565707,2676565707
2025-06-18 23:20:20,REAL,2676565707,491,2676566198,2676566198
2025-06-18 23:20:22,REAL,2676566198,545,2676566743,2676566743
2025-06-18 23:20:24,REAL,2676566743,481,2676567224,2676567224
2025-06-18 23:20:26,REAL,2676567224,490,2676567714,2676567714
2025-06-18 23:20:28,REAL,2676567714,483,2676568197,2676568197
2025-06-18 23:20:30,REAL,2676568197,485,2676568682,2676568682
2025-06-18 23:20:32,REAL,2676568682,483,2676569165,2676569165
2025-06-18 23:20:34,REAL,2676569165,480,2676569645,2676569645
2025-06-18 23:20:36,REAL,2676569645,485,2676570130,2676570130
2025-06-18 23:20:38,REAL,2676570130,485,2676570615,2676570615
2025-06-18 23:20:40,REAL,2676570615,488,2676571103,2676571103
2025-06-18 23:20:42,REAL,2676571103,546,2676571649,2676571649
2025-06-18 23:20:44,REAL,2676571649,486,2676572135,2676572135
2025-06-18 23:20:46,REAL,2676572135,493,2676572628,2676572628
2025-06-18 23:20:48,REAL,2676572628,483,2676573111,2676573111
2025-06-18 23:20:50,REAL,2676573111,490,2676573601,2676573601
2025-06-18 23:20:52,REAL,2676573601,485,2676574086,2676574086
2025-06-18 23:20:54,REAL,2676574086,485,2676574571,2676574571
2025-06-18 23:20:56,REAL,2676574571,482,2676575053,2676575053
2025-06-18 23:20:58,REAL,2676575053,474,2676575527,2676575527
2025-06-18 23:21:00,REAL,2676575527,478,2676576005,2676576005
2025-06-18 23:21:02,REAL,2676576005,479,2676576484,2676576484
2025-06-18 23:21:04,REAL,2676576484,479,2676576963,2676576963
2025-06-18 23:21:06,REAL,2676576963,484,2676577447,2676577447
2025-06-18 23:21:08,REAL,2676577447,486,2676577933,2676577933
2025-06-18 23:21:10,REAL,2676577933,479,2676578412,2676578412
2025-06-18 23:21:12,REAL,2676578412,540,2676578952,2676578952
2025-06-18 23:21:14,REAL,2676578952,10064,2676589016,2676589016
2025-06-18 23:21:16,REAL,2676589016,10319,2676599335,2676599335
2025-06-18 23:21:18,REAL,2676599335,10244,2676609579,2676609579
2025-06-18 23:21:20,REAL,2676609579,10253,2676619832,2676619832
2025-06-18 23:21:22,REAL,2676619832,10247,2676630079,2676630079
2025-06-18 23:21:24,REAL,2676630079,10320,2676640399,2676640399
2025-06-18 23:21:26,REAL,2676640399,10247,2676650646,2676650646
2025-06-18 23:21:28,REAL,2676650646,6876,2676657522,2676657522
2025-06-18 23:21:30,REAL,2676657522,483,2676658005,2676658005
2025-06-18 23:21:32,REAL,2676658005,480,2676658485,2676658485
2025-06-18 23:21:34,REAL,2676658485,491,2676658976,2676658976
2025-06-18 23:21:36,REAL,2676658976,491,2676659467,2676659467
2025-06-18 23:21:38,REAL,2676659467,478,2676659945,2676659945
2025-06-18 23:21:40,REAL,2676659945,487,2676660432,2676660432
2025-06-18 23:21:42,REAL,2676660432,491,2676660923,2676660923
2025-06-18 23:21:44,REAL,2676660923,482,2676661405,2676661405
2025-06-18 23:21:46,REAL,2676661405,10860,2676672265,2676672265
2025-06-18 23:21:48,REAL,2676672265,10323,2676682588,2676682588
2025-06-18 23:21:50,REAL,2676682588,10248,2676692836,2676692836
2025-06-18 23:21:52,REAL,2676692836,10248,2676703084,2676703084
2025-06-18 23:21:54,REAL,2676703084,10381,2676713465,2676713465
2025-06-18 23:21:56,REAL,2676713465,10117,2676723582,2676723582
2025-06-18 23:21:58,REAL,2676723582,10185,2676733767,2676733767
2025-06-18 23:22:00,REAL,2676733767,6410,2676740177,2676740177
2025-06-18 23:22:02,REAL,2676740177,488,2676740665,2676740665
2025-06-18 23:22:04,REAL,2676740665,485,2676741150,2676741150
2025-06-18 23:22:06,REAL,2676741150,482,2676741632,2676741632
2025-06-18 23:22:08,REAL,2676741632,487,2676742119,2676742119
2025-06-18 23:22:10,REAL,2676742119,485,2676742604,2676742604
2025-06-18 23:22:12,REAL,2676742604,485,2676743089,2676743089
2025-06-18 23:22:14,REAL,2676743089,476,2676743565,2676743565
2025-06-18 23:22:16,REAL,2676743565,482,2676744047,2676744047
2025-06-18 23:22:18,REAL,2676744047,14028,2676758075,2676758075
2025-06-18 23:22:20,REAL,2676758075,10255,2676768330,2676768330
2025-06-18 23:22:22,REAL,2676768330,10314,2676778644,2676778644
2025-06-18 23:22:24,REAL,2676778644,10309,2676788953,2676788953
2025-06-18 23:22:26,REAL,2676788953,10253,2676799206,2676799206
2025-06-18 23:22:28,REAL,2676799206,10248,2676809454,2676809454
2025-06-18 23:22:30,REAL,2676809454,10258,2676819712,2676819712
2025-06-18 23:22:32,REAL,2676819712,5630,2676825342,2676825342
2025-06-18 23:22:34,REAL,2676825342,489,2676825831,2676825831
2025-06-18 23:22:36,REAL,2676825831,491,2676826322,2676826322
2025-06-18 23:22:38,REAL,2676826322,6243,2676832565,2676832565
2025-06-18 23:22:40,REAL,2676832565,11239,2676843804,2676843804
2025-06-18 23:22:42,REAL,2676843804,10251,2676854055,2676854055
2025-06-18 23:22:44,REAL,2676854055,10247,2676864302,2676864302
2025-06-18 23:22:46,REAL,2676864302,10317,2676874619,2676874619
2025-06-18 23:22:48,REAL,2676874619,10251,2676884870,2676884870
2025-06-18 23:22:50,REAL,2676884870,10309,2676895179,2676895179
2025-06-18 23:22:52,REAL,2676895179,10178,2676905357,2676905357
2025-06-18 23:22:54,REAL,2676905357,485,2676905842,2676905842
2025-06-18 23:22:56,REAL,2676905842,487,2676906329,2676906329
2025-06-18 23:22:58,REAL,2676906329,484,2676906813,2676906813
2025-06-18 23:23:00,REAL,2676906813,485,2676907298,2676907298
2025-06-18 23:23:02,REAL,2676907298,488,2676907786,2676907786
2025-06-18 23:23:04,REAL,2676907786,482,2676908268,2676908268
2025-06-18 23:23:06,REAL,2676908268,479,2676908747,2676908747
2025-06-18 23:23:08,REAL,2676908747,477,2676909224,2676909224
2025-06-18 23:23:10,REAL,2676909224,7027,2676916251,2676916251
2025-06-18 23:23:12,REAL,2676916251,10915,2676927166,2676927166
2025-06-18 23:23:14,REAL,2676927166,10317,2676937483,2676937483
2025-06-18 23:23:16,REAL,2676937483,10253,2676947736,2676947736
2025-06-18 23:23:18,REAL,2676947736,10251,2676957987,2676957987
2025-06-18 23:23:20,REAL,2676957987,10255,2676968242,2676968242
2025-06-18 23:23:22,REAL,2676968242,10257,2676978499,2676978499
2025-06-18 23:23:24,REAL,2676978499,9595,2676988094,2676988094
2025-06-18 23:23:26,REAL,2676988094,486,2676988580,2676988580
2025-06-18 23:23:28,REAL,2676988580,483,2676989063,2676989063
2025-06-18 23:23:30,REAL,2676989063,491,2676989554,2676989554
2025-06-18 23:23:32,REAL,2676989554,481,2676990035,2676990035
2025-06-18 23:23:34,REAL,2676990035,475,2676990510,2676990510
2025-06-18 23:23:36,REAL,2676990510,486,2676990996,2676990996
2025-06-18 23:23:38,REAL,2676990996,538,2676991534,2676991534
2025-06-18 23:23:40,REAL,2676991534,477,2676992011,2676992011
2025-06-18 23:23:42,REAL,2676992011,9072,2677001083,2677001083
2025-06-18 23:23:44,REAL,2677001083,12357,2677013440,2677013440
2025-06-18 23:23:46,REAL,2677013440,10248,2677023688,2677023688
2025-06-18 23:23:48,REAL,2677023688,10313,2677034001,2677034001
2025-06-18 23:23:50,REAL,2677034001,10252,2677044253,2677044253
2025-06-18 23:23:52,REAL,2677044253,10254,2677054507,2677054507
2025-06-18 23:23:54,REAL,2677054507,10259,2677064766,2677064766
2025-06-18 23:23:56,REAL,2677064766,8933,2677073699,2677073699
2025-06-18 23:23:58,REAL,2677073699,490,2677074189,2677074189
2025-06-18 23:24:00,REAL,2677074189,483,2677074672,2677074672
2025-06-18 23:24:02,REAL,2677074672,488,2677075160,2677075160
2025-06-18 23:24:04,REAL,2677075160,483,2677075643,2677075643
2025-06-18 23:24:06,REAL,2677075643,484,2677076127,2677076127
2025-06-18 23:24:08,REAL,2677076127,486,2677076613,2677076613
2025-06-18 23:24:10,REAL,2677076613,482,2677077095,2677077095
2025-06-18 23:24:12,REAL,2677077095,483,2677077578,2677077578
2025-06-18 23:24:14,REAL,2677077578,10198,2677087776,2677087776
2025-06-18 23:24:16,REAL,2677087776,10849,2677098625,2677098625
2025-06-18 23:24:18,REAL,2677098625,10252,2677108877,2677108877
2025-06-18 23:24:20,REAL,2677108877,10254,2677119131,2677119131
2025-06-18 23:24:22,REAL,2677119131,10318,2677129449,2677129449
2025-06-18 23:24:24,REAL,2677129449,10252,2677139701,2677139701
2025-06-18 23:24:26,REAL,2677139701,10257,2677149958,2677149958
2025-06-18 23:24:28,REAL,2677149958,8398,2677158356,2677158356
2025-06-18 23:24:30,REAL,2677158356,488,2677158844,2677158844
2025-06-18 23:24:32,REAL,2677158844,486,2677159330,2677159330
2025-06-18 23:24:34,REAL,2677159330,482,2677159812,2677159812
2025-06-18 23:24:36,REAL,2677159812,478,2677160290,2677160290
2025-06-18 23:24:38,REAL,2677160290,490,2677160780,2677160780
2025-06-18 23:24:40,REAL,2677160780,480,2677161260,2677161260
2025-06-18 23:24:42,REAL,2677161260,485,2677161745,2677161745
2025-06-18 23:24:44,REAL,2677161745,476,2677162221,2677162221
2025-06-18 23:24:46,REAL,2677162221,476,2677162697,2677162697
2025-06-18 23:24:48,REAL,2677162697,486,2677163183,2677163183
2025-06-18 23:24:50,REAL,2677163183,545,2677163728,2677163728
2025-06-18 23:24:52,REAL,2677163728,484,2677164212,2677164212
2025-06-18 23:24:54,REAL,2677164212,483,2677164695,2677164695
2025-06-18 23:24:56,REAL,2677164695,537,2677165232,2677165232
2025-06-18 23:24:58,REAL,2677165232,484,2677165716,2677165716
2025-06-18 23:25:00,REAL,2677165716,479,2677166195,2677166195
2025-06-18 23:25:02,REAL,2677166195,486,2677166681,2677166681
2025-06-18 23:25:04,REAL,2677166681,477,2677167158,2677167158
2025-06-18 23:25:06,REAL,2677167158,477,2677167635,2677167635
2025-06-18 23:25:08,REAL,2677167635,485,2677168120,2677168120
2025-06-18 23:25:10,REAL,2677168120,479,2677168599,2677168599
2025-06-18 23:25:12,REAL,2677168599,487,2677169086,2677169086
2025-06-18 23:25:14,REAL,2677169086,482,2677169568,2677169568
2025-06-18 23:25:16,REAL,2677169568,483,2677170051,2677170051
2025-06-18 23:25:18,REAL,2677170051,487,2677170538,2677170538
2025-06-18 23:25:20,REAL,2677170538,482,2677171020,2677171020
2025-06-18 23:25:22,REAL,2677171020,481,2677171501,2677171501
2025-06-18 23:25:24,REAL,2677171501,474,2677171975,2677171975
2025-06-18 23:25:26,REAL,2677171975,588,2677172563,2677172563
2025-06-18 23:25:28,REAL,2677172563,493,2677173056,2677173056
2025-06-18 23:25:30,REAL,2677173056,488,2677173544,2677173544
2025-06-18 23:25:32,REAL,2677173544,478,2677174022,2677174022
2025-06-18 23:25:34,REAL,2677174022,487,2677174509,2677174509
2025-06-18 23:25:36,REAL,2677174509,493,2677175002,2677175002
2025-06-18 23:25:38,REAL,2677175002,477,2677175479,2677175479
2025-06-18 23:25:40,REAL,2677175479,477,2677175956,2677175956
2025-06-18 23:25:42,REAL,2677175956,487,2677176443,2677176443
2025-06-18 23:25:44,REAL,2677176443,487,2677176930,2677176930
2025-06-18 23:25:46,REAL,2677176930,490,2677177420,2677177420
2025-06-18 23:25:48,REAL,2677177420,491,2677177911,2677177911
2025-06-18 23:25:50,REAL,2677177911,484,2677178395,2677178395
2025-06-18 23:25:52,REAL,2677178395,485,2677178880,2677178880
2025-06-18 23:25:54,REAL,2677178880,535,2677179415,2677179415
2025-06-18 23:25:56,REAL,2677179415,487,2677179902,2677179902
2025-06-18 23:25:58,REAL,2677179902,487,2677180389,2677180389
2025-06-18 23:26:00,REAL,2677180389,490,2677180879,2677180879
2025-06-18 23:26:02,REAL,2677180879,482,2677181361,2677181361
2025-06-18 23:26:04,REAL,2677181361,479,2677181840,2677181840
2025-06-18 23:26:06,REAL,2677181840,489,2677182329,2677182329
2025-06-18 23:26:08,REAL,2677182329,488,2677182817,2677182817
2025-06-18 23:26:10,REAL,2677182817,485,2677183302,2677183302
2025-06-18 23:26:12,REAL,2677183302,482,2677183784,2677183784
2025-06-18 23:26:14,REAL,2677183784,483,2677184267,2677184267
2025-06-18 23:26:16,REAL,2677184267,536,2677184803,2677184803
2025-06-18 23:26:18,REAL,2677184803,483,2677185286,2677185286
2025-06-18 23:26:20,REAL,2677185286,478,2677185764,2677185764
2025-06-18 23:26:22,REAL,2677185764,11436,2677197200,2677197200
2025-06-18 23:26:24,REAL,2677197200,10319,2677207519,2677207519
2025-06-18 23:26:26,REAL,2677207519,10251,2677217770,2677217770
2025-06-18 23:26:28,REAL,2677217770,10245,2677228015,2677228015
2025-06-18 23:26:30,REAL,2677228015,10318,2677238333,2677238333
2025-06-18 23:26:32,REAL,2677238333,10252,2677248585,2677248585
2025-06-18 23:26:34,REAL,2677248585,10256,2677258841,2677258841
2025-06-18 23:26:36,REAL,2677258841,5831,2677264672,2677264672
2025-06-18 23:26:38,REAL,2677264672,480,2677265152,2677265152
2025-06-18 23:26:40,REAL,2677265152,476,2677265628,2677265628
2025-06-18 23:26:42,REAL,2677265628,484,2677266112,2677266112
2025-06-18 23:26:44,REAL,2677266112,483,2677266595,2677266595
2025-06-18 23:26:46,REAL,2677266595,479,2677267074,2677267074
2025-06-18 23:26:48,REAL,2677267074,487,2677267561,2677267561
2025-06-18 23:26:50,REAL,2677267561,487,2677268048,2677268048
2025-06-18 23:26:52,REAL,2677268048,541,2677268589,2677268589
2025-06-18 23:26:54,REAL,2677268589,485,2677269074,2677269074
2025-06-18 23:26:56,REAL,2677269074,485,2677269559,2677269559
2025-06-18 23:26:58,REAL,2677269559,484,2677270043,2677270043
2025-06-18 23:27:00,REAL,2677270043,482,2677270525,2677270525
2025-06-18 23:27:02,REAL,2677270525,476,2677271001,2677271001
2025-06-18 23:27:04,REAL,2677271001,486,2677271487,2677271487
2025-06-18 23:27:06,REAL,2677271487,480,2677271967,2677271967
2025-06-18 23:27:08,REAL,2677271967,474,2677272441,2677272441
2025-06-18 23:27:10,REAL,2677272441,483,2677272924,2677272924
2025-06-18 23:27:12,REAL,2677272924,539,2677273463,2677273463
2025-06-18 23:27:14,REAL,2677273463,491,2677273954,2677273954
2025-06-18 23:27:16,REAL,2677273954,483,2677274437,2677274437
2025-06-18 23:27:18,REAL,2677274437,493,2677274930,2677274930
2025-06-18 23:27:20,REAL,2677274930,542,2677275472,2677275472
2025-06-18 23:27:22,REAL,2677275472,481,2677275953,2677275953
2025-06-18 23:27:24,REAL,2677275953,474,2677276427,2677276427
2025-06-18 23:27:26,REAL,2677276427,479,2677276906,2677276906
2025-06-18 23:27:28,REAL,2677276906,480,2677277386,2677277386
2025-06-18 23:27:30,REAL,2677277386,7755,2677285141,2677285141
2025-06-18 23:27:32,REAL,2677285141,10790,2677295931,2677295931
2025-06-18 23:27:34,REAL,2677295931,10262,2677306193,2677306193
2025-06-18 23:27:36,REAL,2677306193,10249,2677316442,2677316442
2025-06-18 23:27:38,REAL,2677316442,10192,2677326634,2677326634
2025-06-18 23:27:40,REAL,2677326634,10252,2677336886,2677336886
2025-06-18 23:27:42,REAL,2677336886,10243,2677347129,2677347129
2025-06-18 23:27:44,REAL,2677347129,9454,2677356583,2677356583
2025-06-18 23:27:46,REAL,2677356583,489,2677357072,2677357072
2025-06-18 23:27:48,REAL,2677357072,540,2677357612,2677357612
2025-06-18 23:27:50,REAL,2677357612,476,2677358088,2677358088
2025-06-18 23:27:52,REAL,2677358088,487,2677358575,2677358575
2025-06-18 23:27:54,REAL,2677358575,479,2677359054,2677359054
2025-06-18 23:27:56,REAL,2677359054,479,2677359533,2677359533
2025-06-18 23:27:58,REAL,2677359533,475,2677360008,2677360008
2025-06-18 23:28:00,REAL,2677360008,488,2677360496,2677360496
2025-06-18 23:28:02,REAL,2677360496,8018,2677368514,2677368514
2025-06-18 23:28:04,REAL,2677368514,10515,2677379029,2677379029
2025-06-18 23:28:06,REAL,2677379029,10324,2677389353,2677389353
2025-06-18 23:28:08,REAL,2677389353,10255,2677399608,2677399608
2025-06-18 23:28:10,REAL,2677399608,10255,2677409863,2677409863
2025-06-18 23:28:12,REAL,2677409863,10319,2677420182,2677420182
2025-06-18 23:28:14,REAL,2677420182,10252,2677430434,2677430434
2025-06-18 23:28:16,REAL,2677430434,8799,2677439233,2677439233
2025-06-18 23:28:18,REAL,2677439233,540,2677439773,2677439773
2025-06-18 23:28:20,REAL,2677439773,485,2677440258,2677440258
2025-06-18 23:28:22,REAL,2677440258,490,2677440748,2677440748
2025-06-18 23:28:24,REAL,2677440748,478,2677441226,2677441226
2025-06-18 23:28:26,REAL,2677441226,486,2677441712,2677441712
2025-06-18 23:28:28,REAL,2677441712,494,2677442206,2677442206
2025-06-18 23:28:30,REAL,2677442206,474,2677442680,2677442680
2025-06-18 23:28:32,REAL,2677442680,480,2677443160,2677443160
2025-06-18 23:28:34,REAL,2677443160,8549,2677451709,2677451709
2025-06-18 23:28:36,REAL,2677451709,10842,2677462551,2677462551
2025-06-18 23:28:38,REAL,2677462551,10248,2677472799,2677472799
2025-06-18 23:28:40,REAL,2677472799,10249,2677483048,2677483048
2025-06-18 23:28:42,REAL,2677483048,10311,2677493359,2677493359
2025-06-18 23:28:44,REAL,2677493359,10251,2677503610,2677503610
2025-06-18 23:28:46,REAL,2677503610,10314,2677513924,2677513924
2025-06-18 23:28:48,REAL,2677513924,8207,2677522131,2677522131
2025-06-18 23:28:50,REAL,2677522131,483,2677522614,2677522614
2025-06-18 23:28:52,REAL,2677522614,479,2677523093,2677523093
2025-06-18 23:28:54,REAL,2677523093,481,2677523574,2677523574
2025-06-18 23:28:56,REAL,2677523574,481,2677524055,2677524055
2025-06-18 23:28:58,REAL,2677524055,477,2677524532,2677524532
2025-06-18 23:29:00,REAL,2677524532,487,2677525019,2677525019
2025-06-18 23:29:02,REAL,2677525019,484,2677525503,2677525503
2025-06-18 23:29:04,REAL,2677525503,484,2677525987,2677525987
2025-06-18 23:29:06,REAL,2677525987,486,2677526473,2677526473
2025-06-18 23:29:08,REAL,2677526473,484,2677526957,2677526957
2025-06-18 23:29:10,REAL,2677526957,485,2677527442,2677527442
2025-06-18 23:29:12,REAL,2677527442,479,2677527921,2677527921
2025-06-18 23:29:14,REAL,2677527921,477,2677528398,2677528398
2025-06-18 23:29:16,REAL,2677528398,484,2677528882,2677528882
2025-06-18 23:29:18,REAL,2677528882,482,2677529364,2677529364
2025-06-18 23:29:20,REAL,2677529364,475,2677529839,2677529839
2025-06-18 23:29:22,REAL,2677529839,491,2677530330,2677530330
2025-06-18 23:29:24,REAL,2677530330,544,2677530874,2677530874
2025-06-18 23:29:26,REAL,2677530874,485,2677531359,2677531359
2025-06-18 23:29:28,REAL,2677531359,486,2677531845,2677531845
2025-06-18 23:29:30,REAL,2677531845,545,2677532390,2677532390
2025-06-18 23:29:32,REAL,2677532390,484,2677532874,2677532874
2025-06-18 23:29:34,REAL,2677532874,483,2677533357,2677533357
2025-06-18 23:29:36,REAL,2677533357,482,2677533839,2677533839
2025-06-18 23:29:38,REAL,2677533839,487,2677534326,2677534326
2025-06-18 23:29:40,REAL,2677534326,493,2677534819,2677534819
2025-06-18 23:29:42,REAL,2677534819,476,2677535295,2677535295
2025-06-18 23:29:44,REAL,2677535295,483,2677535778,2677535778
2025-06-18 23:29:46,REAL,2677535778,489,2677536267,2677536267
2025-06-18 23:29:48,REAL,2677536267,489,2677536756,2677536756
2025-06-18 23:29:50,REAL,2677536756,490,2677537246,2677537246
2025-06-18 23:29:52,REAL,2677537246,481,2677537727,2677537727
2025-06-18 23:29:54,REAL,2677537727,492,2677538219,2677538219
2025-06-18 23:29:56,REAL,2677538219,481,2677538700,2677538700
2025-06-18 23:29:58,REAL,2677538700,484,2677539184,2677539184
2025-06-18 23:30:00,REAL,2677539184,492,2677539676,2677539676
2025-06-18 23:30:02,REAL,2677539676,475,2677540151,2677540151
2025-06-18 23:30:04,REAL,2677540151,486,2677540637,2677540637
2025-06-18 23:30:06,REAL,2677540637,486,2677541123,2677541123
2025-06-18 23:30:08,REAL,2677541123,479,2677541602,2677541602
2025-06-18 23:30:10,REAL,2677541602,490,2677542092,2677542092
2025-06-18 23:30:12,REAL,2677542092,487,2677542579,2677542579
2025-06-18 23:30:14,REAL,2677542579,600,2677543179,2677543179
2025-06-18 23:30:16,REAL,2677543179,481,2677543660,2677543660
2025-06-18 23:30:18,REAL,2677543660,483,2677544143,2677544143
2025-06-18 23:30:20,REAL,2677544143,485,2677544628,2677544628
2025-06-18 23:30:22,REAL,2677544628,483,2677545111,2677545111
2025-06-18 23:30:24,REAL,2677545111,483,2677545594,2677545594
2025-06-18 23:30:26,REAL,2677545594,480,2677546074,2677546074
2025-06-18 23:30:28,REAL,2677546074,490,2677546564,2677546564
2025-06-18 23:30:30,REAL,2677546564,5437,2677552001,2677552001
2025-06-18 23:30:32,REAL,2677552001,11305,2677563306,2677563306
2025-06-18 23:30:34,REAL,2677563306,10250,2677573556,2677573556
2025-06-18 23:30:36,REAL,2677573556,10322,2677583878,2677583878
2025-06-18 23:30:38,REAL,2677583878,10246,2677594124,2677594124
2025-06-18 23:30:40,REAL,2677594124,10318,2677604442,2677604442
2025-06-18 23:30:42,REAL,2677604442,10251,2677614693,2677614693
2025-06-18 23:30:44,REAL,2677614693,10317,2677625010,2677625010
2025-06-18 23:30:46,REAL,2677625010,1014,2677626024,2677626024
2025-06-18 23:30:48,REAL,2677626024,489,2677626513,2677626513
2025-06-18 23:30:50,REAL,2677626513,483,2677626996,2677626996
2025-06-18 23:30:52,REAL,2677626996,478,2677627474,2677627474
2025-06-18 23:30:54,REAL,2677627474,480,2677627954,2677627954
2025-06-18 23:30:56,REAL,2677627954,487,2677628441,2677628441
2025-06-18 23:30:58,REAL,2677628441,491,2677628932,2677628932
2025-06-18 23:31:00,REAL,2677628932,539,2677629471,2677629471
2025-06-18 23:31:02,REAL,2677629471,486,2677629957,2677629957
2025-06-18 23:31:04,REAL,2677629957,492,2677630449,2677630449
2025-06-18 23:31:06,REAL,2677630449,478,2677630927,2677630927
2025-06-18 23:31:08,REAL,2677630927,485,2677631412,2677631412
2025-06-18 23:31:10,REAL,2677631412,482,2677631894,2677631894
2025-06-18 23:31:12,REAL,2677631894,485,2677632379,2677632379
2025-06-18 23:31:14,REAL,2677632379,485,2677632864,2677632864
2025-06-18 23:31:16,REAL,2677632864,481,2677633345,2677633345
2025-06-18 23:31:18,REAL,2677633345,536,2677633881,2677633881
2025-06-18 23:31:20,REAL,2677633881,489,2677634370,2677634370
2025-06-18 23:31:22,REAL,2677634370,484,2677634854,2677634854
2025-06-18 23:31:24,REAL,2677634854,486,2677635340,2677635340
2025-06-18 23:31:26,REAL,2677635340,483,2677635823,2677635823
2025-06-18 23:31:28,REAL,2677635823,485,2677636308,2677636308
2025-06-18 23:31:30,REAL,2677636308,485,2677636793,2677636793
2025-06-18 23:31:32,REAL,2677636793,492,2677637285,2677637285
2025-06-18 23:31:34,REAL,2677637285,484,2677637769,2677637769
2025-06-18 23:31:36,REAL,2677637769,485,2677638254,2677638254
2025-06-18 23:31:38,REAL,2677638254,483,2677638737,2677638737
2025-06-18 23:31:40,REAL,2677638737,483,2677639220,2677639220
2025-06-18 23:31:42,REAL,2677639220,479,2677639699,2677639699
2025-06-18 23:31:44,REAL,2677639699,548,2677640247,2677640247
2025-06-18 23:31:46,REAL,2677640247,483,2677640730,2677640730
2025-06-18 23:31:48,REAL,2677640730,489,2677641219,2677641219
2025-06-18 23:31:50,REAL,2677641219,486,2677641705,2677641705
2025-06-18 23:31:52,REAL,2677641705,485,2677642190,2677642190
2025-06-18 23:31:54,REAL,2677642190,487,2677642677,2677642677
2025-06-18 23:31:56,REAL,2677642677,488,2677643165,2677643165
2025-06-18 23:31:58,REAL,2677643165,487,2677643652,2677643652
2025-06-18 23:32:00,REAL,2677643652,483,2677644135,2677644135
2025-06-18 23:32:02,REAL,2677644135,478,2677644613,2677644613
2025-06-18 23:32:04,REAL,2677644613,484,2677645097,2677645097
2025-06-18 23:32:06,REAL,2677645097,485,2677645582,2677645582
2025-06-18 23:32:08,REAL,2677645582,535,2677646117,2677646117
2025-06-18 23:32:10,REAL,2677646117,492,2677646609,2677646609
2025-06-18 23:32:12,REAL,2677646609,487,2677647096,2677647096
2025-06-18 23:32:14,REAL,2677647096,486,2677647582,2677647582
2025-06-18 23:32:16,REAL,2677647582,489,2677648071,2677648071
2025-06-18 23:32:18,REAL,2677648071,483,2677648554,2677648554
2025-06-18 23:32:20,REAL,2677648554,487,2677649041,2677649041
2025-06-18 23:32:22,REAL,2677649041,479,2677649520,2677649520
2025-06-18 23:32:24,REAL,2677649520,486,2677650006,2677650006
2025-06-18 23:32:26,REAL,2677650006,490,2677650496,2677650496
2025-06-18 23:32:28,REAL,2677650496,479,2677650975,2677650975
2025-06-18 23:32:30,REAL,2677650975,536,2677651511,2677651511
2025-06-18 23:32:32,REAL,2677651511,485,2677651996,2677651996
2025-06-18 23:32:34,REAL,2677651996,489,2677652485,2677652485
2025-06-18 23:32:36,REAL,2677652485,489,2677652974,2677652974
2025-06-18 23:32:38,REAL,2677652974,488,2677653462,2677653462
2025-06-18 23:32:40,REAL,2677653462,483,2677653945,2677653945
2025-06-18 23:32:42,REAL,2677653945,485,2677654430,2677654430
2025-06-18 23:32:44,REAL,2677654430,487,2677654917,2677654917
2025-06-18 23:32:46,REAL,2677654917,479,2677655396,2677655396
2025-06-18 23:32:48,REAL,2677655396,491,2677655887,2677655887
2025-06-18 23:32:50,REAL,2677655887,480,2677656367,2677656367
2025-06-18 23:32:52,REAL,2677656367,488,2677656855,2677656855
2025-06-18 23:32:54,REAL,2677656855,479,2677657334,2677657334
2025-06-18 23:32:56,REAL,2677657334,489,2677657823,2677657823
2025-06-18 23:32:58,REAL,2677657823,530,2677658353,2677658353
2025-06-18 23:33:00,REAL,2677658353,475,2677658828,2677658828
2025-06-18 23:33:02,REAL,2677658828,475,2677659303,2677659303
2025-06-18 23:33:04,REAL,2677659303,492,2677659795,2677659795
2025-06-18 23:33:06,REAL,2677659795,483,2677660278,2677660278
2025-06-18 23:33:08,REAL,2677660278,487,2677660765,2677660765
2025-06-18 23:33:10,REAL,2677660765,484,2677661249,2677661249
2025-06-18 23:33:12,REAL,2677661249,482,2677661731,2677661731
2025-06-18 23:33:14,REAL,2677661731,547,2677662278,2677662278
2025-06-18 23:33:16,REAL,2677662278,482,2677662760,2677662760
2025-06-18 23:33:18,REAL,2677662760,481,2677663241,2677663241
2025-06-18 23:33:20,REAL,2677663241,491,2677663732,2677663732
2025-06-18 23:33:22,REAL,2677663732,482,2677664214,2677664214
2025-06-18 23:33:24,REAL,2677664214,486,2677664700,2677664700
2025-06-18 23:33:26,REAL,2677664700,484,2677665184,2677665184
2025-06-18 23:33:28,REAL,2677665184,481,2677665665,2677665665
2025-06-18 23:33:30,REAL,2677665665,485,2677666150,2677666150
2025-06-18 23:33:32,REAL,2677666150,478,2677666628,2677666628
2025-06-18 23:33:34,REAL,2677666628,490,2677667118,2677667118
2025-06-18 23:33:36,REAL,2677667118,476,2677667594,2677667594
2025-06-18 23:33:38,REAL,2677667594,481,2677668075,2677668075
2025-06-18 23:33:40,REAL,2677668075,484,2677668559,2677668559
2025-06-18 23:33:42,REAL,2677668559,484,2677669043,2677669043
2025-06-18 23:33:44,REAL,2677669043,476,2677669519,2677669519
2025-06-18 23:33:46,REAL,2677669519,546,2677670065,2677670065
2025-06-18 23:33:48,REAL,2677670065,480,2677670545,2677670545
2025-06-18 23:33:50,REAL,2677670545,489,2677671034,2677671034
2025-06-18 23:33:52,REAL,2677671034,486,2677671520,2677671520
2025-06-18 23:33:54,REAL,2677671520,483,2677672003,2677672003
2025-06-18 23:33:56,REAL,2677672003,483,2677672486,2677672486
2025-06-18 23:33:58,REAL,2677672486,487,2677672973,2677672973
2025-06-18 23:34:00,REAL,2677672973,548,2677673521,2677673521
2025-06-18 23:34:02,REAL,2677673521,241,2677673762,2677673762
2025-06-18 23:34:04,REAL,2677673762,477,2677674239,2677674239
2025-06-18 23:34:06,REAL,2677674239,484,2677674723,2677674723
2025-06-18 23:34:08,REAL,2677674723,483,2677675206,2677675206
2025-06-18 23:34:10,REAL,2677675206,480,2677675686,2677675686
2025-06-18 23:34:12,REAL,2677675686,494,2677676180,2677676180
2025-06-18 23:34:14,REAL,2677676180,479,2677676659,2677676659
2025-06-18 23:34:16,REAL,2677676659,486,2677677145,2677677145
2025-06-18 23:34:18,REAL,2677677145,6172,2677683317,2677683317
2025-06-18 23:34:20,REAL,2677683317,12033,2677695350,2677695350
2025-06-18 23:34:22,REAL,2677695350,10254,2677705604,2677705604
2025-06-18 23:34:24,REAL,2677705604,10313,2677715917,2677715917
2025-06-18 23:34:26,REAL,2677715917,10257,2677726174,2677726174
2025-06-18 23:34:28,REAL,2677726174,10251,2677736425,2677736425
2025-06-18 23:34:30,REAL,2677736425,10253,2677746678,2677746678
2025-06-18 23:34:32,REAL,2677746678,10317,2677756995,2677756995
2025-06-18 23:34:34,REAL,2677756995,1480,2677758475,2677758475
2025-06-18 23:34:36,REAL,2677758475,485,2677758960,2677758960
2025-06-18 23:34:38,REAL,2677758960,485,2677759445,2677759445
2025-06-18 23:34:40,REAL,2677759445,483,2677759928,2677759928
2025-06-18 23:34:42,REAL,2677759928,485,2677760413,2677760413
2025-06-18 23:34:44,REAL,2677760413,483,2677760896,2677760896
2025-06-18 23:34:46,REAL,2677760896,535,2677761431,2677761431
2025-06-18 23:34:48,REAL,2677761431,484,2677761915,2677761915
2025-06-18 23:34:50,REAL,2677761915,485,2677762400,2677762400
2025-06-18 23:34:52,REAL,2677762400,482,2677762882,2677762882
2025-06-18 23:34:54,REAL,2677762882,479,2677763361,2677763361
2025-06-18 23:34:56,REAL,2677763361,489,2677763850,2677763850
2025-06-18 23:34:58,REAL,2677763850,476,2677764326,2677764326
2025-06-18 23:35:00,REAL,2677764326,482,2677764808,2677764808
2025-06-18 23:35:02,REAL,2677764808,481,2677765289,2677765289
2025-06-18 23:35:04,REAL,2677765289,482,2677765771,2677765771
2025-06-18 23:35:06,REAL,2677765771,485,2677766256,2677766256
2025-06-18 23:35:08,REAL,2677766256,540,2677766796,2677766796
2025-06-18 23:35:10,REAL,2677766796,478,2677767274,2677767274
2025-06-18 23:35:12,REAL,2677767274,482,2677767756,2677767756
2025-06-18 23:35:14,REAL,2677767756,477,2677768233,2677768233
2025-06-18 23:35:16,REAL,2677768233,489,2677768722,2677768722
2025-06-18 23:35:18,REAL,2677768722,487,2677769209,2677769209
2025-06-18 23:35:20,REAL,2677769209,487,2677769696,2677769696
2025-06-18 23:35:22,REAL,2677769696,483,2677770179,2677770179
2025-06-18 23:35:24,REAL,2677770179,486,2677770665,2677770665
2025-06-18 23:35:26,REAL,2677770665,489,2677771154,2677771154
2025-06-18 23:35:28,REAL,2677771154,484,2677771638,2677771638
2025-06-18 23:35:30,REAL,2677771638,492,2677772130,2677772130
2025-06-18 23:35:32,REAL,2677772130,547,2677772677,2677772677
2025-06-18 23:35:34,REAL,2677772677,476,2677773153,2677773153
2025-06-18 23:35:36,REAL,2677773153,489,2677773642,2677773642
2025-06-18 23:35:38,REAL,2677773642,477,2677774119,2677774119
2025-06-18 23:35:40,REAL,2677774119,487,2677774606,2677774606
2025-06-18 23:35:42,REAL,2677774606,475,2677775081,2677775081
2025-06-18 23:35:44,REAL,2677775081,487,2677775568,2677775568
2025-06-18 23:35:46,REAL,2677775568,481,2677776049,2677776049
2025-06-18 23:35:48,REAL,2677776049,480,2677776529,2677776529
2025-06-18 23:35:50,REAL,2677776529,487,2677777016,2677777016
2025-06-18 23:35:52,REAL,2677777016,483,2677777499,2677777499
2025-06-18 23:35:54,REAL,2677777499,492,2677777991,2677777991
2025-06-18 23:35:56,REAL,2677777991,480,2677778471,2677778471
2025-06-18 23:35:58,REAL,2677778471,541,2677779012,2677779012
2025-06-18 23:36:00,REAL,2677779012,483,2677779495,2677779495
2025-06-18 23:36:02,REAL,2677779495,492,2677779987,2677779987
2025-06-18 23:36:04,REAL,2677779987,8210,2677788197,2677788197
2025-06-18 23:36:06,REAL,2677788197,12360,2677800557,2677800557
2025-06-18 23:36:08,REAL,2677800557,10252,2677810809,2677810809
2025-06-18 23:36:10,REAL,2677810809,10247,2677821056,2677821056
2025-06-18 23:36:12,REAL,2677821056,10321,2677831377,2677831377
2025-06-18 23:36:14,REAL,2677831377,10246,2677841623,2677841623
2025-06-18 23:36:16,REAL,2677841623,10249,2677851872,2677851872
2025-06-18 23:36:18,REAL,2677851872,9380,2677861252,2677861252
2025-06-18 23:36:20,REAL,2677861252,479,2677861731,2677861731
2025-06-18 23:36:22,REAL,2677861731,488,2677862219,2677862219
2025-06-18 23:36:24,REAL,2677862219,483,2677862702,2677862702
2025-06-18 23:36:26,REAL,2677862702,483,2677863185,2677863185
2025-06-18 23:36:28,REAL,2677863185,487,2677863672,2677863672
2025-06-18 23:36:30,REAL,2677863672,485,2677864157,2677864157
2025-06-18 23:36:32,REAL,2677864157,478,2677864635,2677864635
2025-06-18 23:36:34,REAL,2677864635,487,2677865122,2677865122
2025-06-18 23:36:36,REAL,2677865122,7882,2677873004,2677873004
2025-06-18 23:36:38,REAL,2677873004,10722,2677883726,2677883726
2025-06-18 23:36:40,REAL,2677883726,10243,2677893969,2677893969
2025-06-18 23:36:42,REAL,2677893969,10254,2677904223,2677904223
2025-06-18 23:36:44,REAL,2677904223,10313,2677914536,2677914536
2025-06-18 23:36:46,REAL,2677914536,10252,2677924788,2677924788
2025-06-18 23:36:48,REAL,2677924788,10255,2677935043,2677935043
2025-06-18 23:36:50,REAL,2677935043,8736,2677943779,2677943779
2025-06-18 23:36:52,REAL,2677943779,483,2677944262,2677944262
2025-06-18 23:36:54,REAL,2677944262,491,2677944753,2677944753
2025-06-18 23:36:56,REAL,2677944753,487,2677945240,2677945240
2025-06-18 23:36:58,REAL,2677945240,480,2677945720,2677945720
2025-06-18 23:37:00,REAL,2677945720,487,2677946207,2677946207
2025-06-18 23:37:02,REAL,2677946207,483,2677946690,2677946690
2025-06-18 23:37:04,REAL,2677946690,488,2677947178,2677947178
2025-06-18 23:37:06,REAL,2677947178,542,2677947720,2677947720
2025-06-18 23:37:08,REAL,2677947720,11046,2677958766,2677958766
2025-06-18 23:37:10,REAL,2677958766,11770,2677970536,2677970536
2025-06-18 23:37:12,REAL,2677970536,10378,2677980914,2677980914
2025-06-18 23:37:14,REAL,2677980914,10249,2677991163,2677991163
2025-06-18 23:37:16,REAL,2677991163,10249,2678001412,2678001412
2025-06-18 23:37:18,REAL,2678001412,10251,2678011663,2678011663
2025-06-18 23:37:20,REAL,2678011663,10313,2678021976,2678021976
2025-06-18 23:37:22,REAL,2678021976,8071,2678030047,2678030047
2025-06-18 23:37:24,REAL,2678030047,481,2678030528,2678030528
2025-06-18 23:37:26,REAL,2678030528,481,2678031009,2678031009
2025-06-18 23:37:28,REAL,2678031009,478,2678031487,2678031487
2025-06-18 23:37:30,REAL,2678031487,482,2678031969,2678031969
2025-06-18 23:37:32,REAL,2678031969,485,2678032454,2678032454
2025-06-18 23:37:34,REAL,2678032454,486,2678032940,2678032940
2025-06-18 23:37:36,REAL,2678032940,493,2678033433,2678033433
2025-06-18 23:37:38,REAL,2678033433,481,2678033914,2678033914
2025-06-18 23:37:40,REAL,2678033914,11050,2678044964,2678044964
2025-06-18 23:37:42,REAL,2678044964,11377,2678056341,2678056341
2025-06-18 23:37:44,REAL,2678056341,10319,2678066660,2678066660
2025-06-18 23:37:46,REAL,2678066660,10250,2678076910,2678076910
2025-06-18 23:37:48,REAL,2678076910,10318,2678087228,2678087228
2025-06-18 23:37:50,REAL,2678087228,10253,2678097481,2678097481
2025-06-18 23:37:52,REAL,2678097481,10243,2678107724,2678107724
2025-06-18 23:37:54,REAL,2678107724,7533,2678115257,2678115257
2025-06-18 23:37:56,REAL,2678115257,487,2678115744,2678115744
2025-06-18 23:37:58,REAL,2678115744,484,2678116228,2678116228
2025-06-18 23:38:00,REAL,2678116228,4782,2678121010,2678121010
2025-06-18 23:38:02,REAL,2678121010,11039,2678132049,2678132049
2025-06-18 23:38:04,REAL,2678132049,10247,2678142296,2678142296
2025-06-18 23:38:06,REAL,2678142296,10248,2678152544,2678152544
2025-06-18 23:38:08,REAL,2678152544,10320,2678162864,2678162864
2025-06-18 23:38:10,REAL,2678162864,10258,2678173122,2678173122
2025-06-18 23:38:12,REAL,2678173122,10316,2678183438,2678183438
2025-06-18 23:38:14,REAL,2678183438,10258,2678193696,2678193696
2025-06-18 23:38:16,REAL,2678193696,2204,2678195900,2678195900
2025-06-18 23:38:18,REAL,2678195900,484,2678196384,2678196384
2025-06-18 23:38:20,REAL,2678196384,488,2678196872,2678196872
2025-06-18 23:38:22,REAL,2678196872,485,2678197357,2678197357
2025-06-18 23:38:24,REAL,2678197357,480,2678197837,2678197837
2025-06-18 23:38:26,REAL,2678197837,485,2678198322,2678198322
2025-06-18 23:38:28,REAL,2678198322,489,2678198811,2678198811
2025-06-18 23:38:30,REAL,2678198811,478,2678199289,2678199289
2025-06-18 23:38:32,REAL,2678199289,479,2678199768,2678199768
2025-06-18 23:38:34,REAL,2678199768,480,2678200248,2678200248
2025-06-18 23:38:36,REAL,2678200248,539,2678200787,2678200787
2025-06-18 23:38:38,REAL,2678200787,482,2678201269,2678201269
2025-06-18 23:38:40,REAL,2678201269,531,2678201800,2678201800
2025-06-18 23:38:42,REAL,2678201800,486,2678202286,2678202286
2025-06-18 23:38:44,REAL,2678202286,490,2678202776,2678202776
2025-06-18 23:38:46,REAL,2678202776,484,2678203260,2678203260
2025-06-18 23:38:48,REAL,2678203260,482,2678203742,2678203742
2025-06-18 23:38:50,REAL,2678203742,486,2678204228,2678204228
2025-06-18 23:38:52,REAL,2678204228,485,2678204713,2678204713
2025-06-18 23:38:54,REAL,2678204713,485,2678205198,2678205198
2025-06-18 23:38:56,REAL,2678205198,489,2678205687,2678205687
2025-06-18 23:38:58,REAL,2678205687,484,2678206171,2678206171
2025-06-18 23:39:00,REAL,2678206171,489,2678206660,2678206660
2025-06-18 23:39:02,REAL,2678206660,484,2678207144,2678207144
2025-06-18 23:39:04,REAL,2678207144,477,2678207621,2678207621
2025-06-18 23:39:06,REAL,2678207621,480,2678208101,2678208101
2025-06-18 23:39:08,REAL,2678208101,486,2678208587,2678208587
2025-06-18 23:39:10,REAL,2678208587,494,2678209081,2678209081
2025-06-18 23:39:12,REAL,2678209081,548,2678209629,2678209629
2025-06-18 23:39:14,REAL,2678209629,483,2678210112,2678210112
2025-06-18 23:39:16,REAL,2678210112,481,2678210593,2678210593
2025-06-18 23:39:18,REAL,2678210593,488,2678211081,2678211081
2025-06-18 23:39:20,REAL,2678211081,487,2678211568,2678211568
2025-06-18 23:39:22,REAL,2678211568,483,2678212051,2678212051
2025-06-18 23:39:24,REAL,2678212051,480,2678212531,2678212531
2025-06-18 23:39:26,REAL,2678212531,486,2678213017,2678213017
2025-06-18 23:39:28,REAL,2678213017,544,2678213561,2678213561
2025-06-18 23:39:30,REAL,2678213561,480,2678214041,2678214041
2025-06-18 23:39:32,REAL,2678214041,477,2678214518,2678214518
2025-06-18 23:39:34,REAL,2678214518,478,2678214996,2678214996
2025-06-18 23:39:36,REAL,2678214996,477,2678215473,2678215473
2025-06-18 23:39:38,REAL,2678215473,483,2678215956,2678215956
2025-06-18 23:39:40,REAL,2678215956,484,2678216440,2678216440
2025-06-18 23:39:42,REAL,2678216440,477,2678216917,2678216917
2025-06-18 23:39:44,REAL,2678216917,486,2678217403,2678217403
2025-06-18 23:39:46,REAL,2678217403,484,2678217887,2678217887
2025-06-18 23:39:48,REAL,2678217887,543,2678218430,2678218430
2025-06-18 23:39:50,REAL,2678218430,487,2678218917,2678218917
2025-06-18 23:39:52,REAL,2678218917,484,2678219401,2678219401
2025-06-18 23:39:54,REAL,2678219401,488,2678219889,2678219889
2025-06-18 23:39:56,REAL,2678219889,489,2678220378,2678220378
2025-06-18 23:39:58,REAL,2678220378,545,2678220923,2678220923
2025-06-18 23:40:00,REAL,2678220923,484,2678221407,2678221407
2025-06-18 23:40:02,REAL,2678221407,482,2678221889,2678221889
2025-06-18 23:40:04,REAL,2678221889,475,2678222364,2678222364
2025-06-18 23:40:06,REAL,2678222364,484,2678222848,2678222848
2025-06-18 23:40:08,REAL,2678222848,483,2678223331,2678223331
2025-06-18 23:40:10,REAL,2678223331,484,2678223815,2678223815
2025-06-18 23:40:12,REAL,2678223815,482,2678224297,2678224297
2025-06-18 23:40:14,REAL,2678224297,481,2678224778,2678224778
2025-06-18 23:40:16,REAL,2678224778,485,2678225263,2678225263
2025-06-18 23:40:18,REAL,2678225263,481,2678225744,2678225744
2025-06-18 23:40:20,REAL,2678225744,474,2678226218,2678226218
2025-06-18 23:40:22,REAL,2678226218,481,2678226699,2678226699
2025-06-18 23:40:24,REAL,2678226699,478,2678227177,2678227177
2025-06-18 23:40:26,REAL,2678227177,603,2678227780,2678227780
2025-06-18 23:40:28,REAL,2678227780,1688,2678229468,2678229468
2025-06-18 23:40:30,REAL,2678229468,14614,2678244082,2678244082
2025-06-18 23:40:32,REAL,2678244082,10245,2678254327,2678254327
2025-06-18 23:40:34,REAL,2678254327,10254,2678264581,2678264581
2025-06-18 23:40:36,REAL,2678264581,10326,2678274907,2678274907
2025-06-18 23:40:38,REAL,2678274907,10252,2678285159,2678285159
2025-06-18 23:40:40,REAL,2678285159,10256,2678295415,2678295415
2025-06-18 23:40:42,REAL,2678295415,10247,2678305662,2678305662
2025-06-18 23:40:44,REAL,2678305662,4246,2678309908,2678309908
2025-06-18 23:40:46,REAL,2678309908,557,2678310465,2678310465
2025-06-18 23:40:48,REAL,2678310465,484,2678310949,2678310949
2025-06-18 23:40:50,REAL,2678310949,486,2678311435,2678311435
2025-06-18 23:40:52,REAL,2678311435,481,2678311916,2678311916
2025-06-18 23:40:54,REAL,2678311916,493,2678312409,2678312409
2025-06-18 23:40:56,REAL,2678312409,477,2678312886,2678312886
2025-06-18 23:40:58,REAL,2678312886,543,2678313429,2678313429
2025-06-18 23:41:00,REAL,2678313429,2927,2678316356,2678316356
2025-06-18 23:41:02,REAL,2678316356,11709,2678328065,2678328065
2025-06-18 23:41:04,REAL,2678328065,10321,2678338386,2678338386
2025-06-18 23:41:06,REAL,2678338386,10252,2678348638,2678348638
2025-06-18 23:41:08,REAL,2678348638,10317,2678358955,2678358955
2025-06-18 23:41:10,REAL,2678358955,10252,2678369207,2678369207
2025-06-18 23:41:12,REAL,2678369207,10324,2678379531,2678379531
2025-06-18 23:41:14,REAL,2678379531,10247,2678389778,2678389778
2025-06-18 23:41:16,REAL,2678389778,3588,2678393366,2678393366
2025-06-18 23:41:18,REAL,2678393366,488,2678393854,2678393854
2025-06-18 23:41:20,REAL,2678393854,481,2678394335,2678394335
2025-06-18 23:41:22,REAL,2678394335,483,2678394818,2678394818
2025-06-18 23:41:24,REAL,2678394818,486,2678395304,2678395304
2025-06-18 23:41:26,REAL,2678395304,489,2678395793,2678395793
2025-06-18 23:41:28,REAL,2678395793,536,2678396329,2678396329
2025-06-18 23:41:30,REAL,2678396329,491,2678396820,2678396820
2025-06-18 23:41:32,REAL,2678396820,3064,2678399884,2678399884
2025-06-18 23:41:34,REAL,2678399884,14740,2678414624,2678414624
2025-06-18 23:41:36,REAL,2678414624,10255,2678424879,2678424879
2025-06-18 23:41:38,REAL,2678424879,10315,2678435194,2678435194
2025-06-18 23:41:40,REAL,2678435194,10249,2678445443,2678445443
2025-06-18 23:41:42,REAL,2678445443,10243,2678455686,2678455686
2025-06-18 23:41:44,REAL,2678455686,10247,2678465933,2678465933
2025-06-18 23:41:46,REAL,2678465933,10321,2678476254,2678476254
2025-06-18 23:41:48,REAL,2678476254,2926,2678479180,2678479180
2025-06-18 23:41:50,REAL,2678479180,494,2678479674,2678479674
2025-06-18 23:41:52,REAL,2678479674,484,2678480158,2678480158
2025-06-18 23:41:54,REAL,2678480158,486,2678480644,2678480644
2025-06-18 23:41:56,REAL,2678480644,540,2678481184,2678481184
2025-06-18 23:41:58,REAL,2678481184,479,2678481663,2678481663
2025-06-18 23:42:00,REAL,2678481663,481,2678482144,2678482144
2025-06-18 23:42:02,REAL,2678482144,487,2678482631,2678482631
2025-06-18 23:42:04,REAL,2678482631,4047,2678486678,2678486678
2025-06-18 23:42:06,REAL,2678486678,11438,2678498116,2678498116
2025-06-18 23:42:08,REAL,2678498116,10324,2678508440,2678508440
2025-06-18 23:42:10,REAL,2678508440,10248,2678518688,2678518688
2025-06-18 23:42:12,REAL,2678518688,10252,2678528940,2678528940
2025-06-18 23:42:14,REAL,2678528940,10322,2678539262,2678539262
2025-06-18 23:42:16,REAL,2678539262,10250,2678549512,2678549512
2025-06-18 23:42:18,REAL,2678549512,10250,2678559762,2678559762
2025-06-18 23:42:20,REAL,2678559762,2398,2678562160,2678562160
2025-06-18 23:42:22,REAL,2678562160,491,2678562651,2678562651
2025-06-18 23:42:24,REAL,2678562651,480,2678563131,2678563131
2025-06-18 23:42:26,REAL,2678563131,482,2678563613,2678563613
2025-06-18 23:42:28,REAL,2678563613,535,2678564148,2678564148
2025-06-18 23:42:30,REAL,2678564148,477,2678564625,2678564625
2025-06-18 23:42:32,REAL,2678564625,484,2678565109,2678565109
2025-06-18 23:42:34,REAL,2678565109,489,2678565598,2678565598
2025-06-18 23:42:36,REAL,2678565598,5182,2678570780,2678570780
2025-06-18 23:42:38,REAL,2678570780,14015,2678584795,2678584795
2025-06-18 23:42:40,REAL,2678584795,10312,2678595107,2678595107
2025-06-18 23:42:42,REAL,2678595107,10244,2678605351,2678605351
2025-06-18 23:42:44,REAL,2678605351,10249,2678615600,2678615600
2025-06-18 23:42:46,REAL,2678615600,10317,2678625917,2678625917
2025-06-18 23:42:48,REAL,2678625917,10250,2678636167,2678636167
2025-06-18 23:42:50,REAL,2678636167,10253,2678646420,2678646420
2025-06-18 23:42:52,REAL,2678646420,1798,2678648218,2678648218
2025-06-18 23:42:54,REAL,2678648218,489,2678648707,2678648707
2025-06-18 23:42:56,REAL,2678648707,493,2678649200,2678649200
2025-06-18 23:42:58,REAL,2678649200,537,2678649737,2678649737
2025-06-18 23:43:00,REAL,2678649737,481,2678650218,2678650218
2025-06-18 23:43:02,REAL,2678650218,481,2678650699,2678650699
2025-06-18 23:43:04,REAL,2678650699,490,2678651189,2678651189
2025-06-18 23:43:06,REAL,2678651189,481,2678651670,2678651670
2025-06-18 23:43:08,REAL,2678651670,6038,2678657708,2678657708
2025-06-18 23:43:10,REAL,2678657708,13296,2678671004,2678671004
2025-06-18 23:43:12,REAL,2678671004,10313,2678681317,2678681317
2025-06-18 23:43:14,REAL,2678681317,10258,2678691575,2678691575
2025-06-18 23:43:16,REAL,2678691575,10257,2678701832,2678701832
2025-06-18 23:43:18,REAL,2678701832,10319,2678712151,2678712151
2025-06-18 23:43:20,REAL,2678712151,10256,2678722407,2678722407
2025-06-18 23:43:22,REAL,2678722407,10256,2678732663,2678732663
2025-06-18 23:43:24,REAL,2678732663,1139,2678733802,2678733802
2025-06-18 23:43:26,REAL,2678733802,540,2678734342,2678734342
2025-06-18 23:43:28,REAL,2678734342,485,2678734827,2678734827
2025-06-18 23:43:30,REAL,2678734827,487,2678735314,2678735314
2025-06-18 23:43:32,REAL,2678735314,494,2678735808,2678735808
2025-06-18 23:43:34,REAL,2678735808,475,2678736283,2678736283
2025-06-18 23:43:36,REAL,2678736283,490,2678736773,2678736773
2025-06-18 23:43:38,REAL,2678736773,479,2678737252,2678737252
2025-06-18 23:43:40,REAL,2678737252,490,2678737742,2678737742
2025-06-18 23:43:42,REAL,2678737742,483,2678738225,2678738225
2025-06-18 23:43:44,REAL,2678738225,484,2678738709,2678738709
2025-06-18 23:43:46,REAL,2678738709,483,2678739192,2678739192
2025-06-18 23:43:48,REAL,2678739192,482,2678739674,2678739674
2025-06-18 23:43:50,REAL,2678739674,540,2678740214,2678740214
2025-06-18 23:43:52,REAL,2678740214,478,2678740692,2678740692
2025-06-18 23:43:54,REAL,2678740692,480,2678741172,2678741172
2025-06-18 23:43:56,REAL,2678741172,476,2678741648,2678741648
2025-06-18 23:43:58,REAL,2678741648,535,2678742183,2678742183
2025-06-18 23:44:00,REAL,2678742183,482,2678742665,2678742665
2025-06-18 23:44:02,REAL,2678742665,480,2678743145,2678743145
2025-06-18 23:44:04,REAL,2678743145,480,2678743625,2678743625
2025-06-18 23:44:06,REAL,2678743625,492,2678744117,2678744117
2025-06-18 23:44:08,REAL,2678744117,487,2678744604,2678744604
2025-06-18 23:44:10,REAL,2678744604,486,2678745090,2678745090
2025-06-18 23:44:12,REAL,2678745090,490,2678745580,2678745580
2025-06-18 23:44:14,REAL,2678745580,481,2678746061,2678746061
2025-06-18 23:44:16,REAL,2678746061,479,2678746540,2678746540
2025-06-18 23:44:18,REAL,2678746540,490,2678747030,2678747030
2025-06-18 23:44:20,REAL,2678747030,477,2678747507,2678747507
2025-06-18 23:44:22,REAL,2678747507,491,2678747998,2678747998
2025-06-18 23:44:24,REAL,2678747998,483,2678748481,2678748481
2025-06-18 23:44:26,REAL,2678748481,476,2678748957,2678748957
2025-06-18 23:44:28,REAL,2678748957,531,2678749488,2678749488
2025-06-18 23:44:30,REAL,2678749488,489,2678749977,2678749977
2025-06-18 23:44:32,REAL,2678749977,538,2678750515,2678750515
2025-06-18 23:44:34,REAL,2678750515,488,2678751003,2678751003
2025-06-18 23:44:36,REAL,2678751003,484,2678751487,2678751487
2025-06-18 23:44:38,REAL,2678751487,490,2678751977,2678751977
2025-06-18 23:44:40,REAL,2678751977,485,2678752462,2678752462
2025-06-18 23:44:42,REAL,2678752462,489,2678752951,2678752951
2025-06-18 23:44:44,REAL,2678752951,486,2678753437,2678753437
2025-06-18 23:44:46,REAL,2678753437,482,2678753919,2678753919
2025-06-18 23:44:48,REAL,2678753919,474,2678754393,2678754393
2025-06-18 23:44:50,REAL,2678754393,480,2678754873,2678754873
2025-06-18 23:44:52,REAL,2678754873,488,2678755361,2678755361
2025-06-18 23:44:54,REAL,2678755361,484,2678755845,2678755845
2025-06-18 23:44:56,REAL,2678755845,488,2678756333,2678756333
2025-06-18 23:44:58,REAL,2678756333,541,2678756874,2678756874
2025-06-18 23:45:00,REAL,2678756874,485,2678757359,2678757359
2025-06-18 23:45:02,REAL,2678757359,484,2678757843,2678757843
2025-06-18 23:45:04,REAL,2678757843,486,2678758329,2678758329
2025-06-18 23:45:06,REAL,2678758329,493,2678758822,2678758822
2025-06-18 23:45:08,REAL,2678758822,485,2678759307,2678759307
2025-06-18 23:45:10,REAL,2678759307,482,2678759789,2678759789
2025-06-18 23:45:12,REAL,2678759789,491,2678760280,2678760280
2025-06-18 23:45:14,REAL,2678760280,546,2678760826,2678760826
2025-06-18 23:45:16,REAL,2678760826,487,2678761313,2678761313
2025-06-18 23:45:18,REAL,2678761313,479,2678761792,2678761792
2025-06-18 23:45:20,REAL,2678761792,485,2678762277,2678762277
2025-06-18 23:45:22,REAL,2678762277,485,2678762762,2678762762
2025-06-18 23:45:24,REAL,2678762762,481,2678763243,2678763243
2025-06-18 23:45:26,REAL,2678763243,484,2678763727,2678763727
2025-06-18 23:45:28,REAL,2678763727,487,2678764214,2678764214
2025-06-18 23:45:30,REAL,2678764214,533,2678764747,2678764747
2025-06-18 23:45:32,REAL,2678764747,477,2678765224,2678765224
2025-06-18 23:45:34,REAL,2678765224,485,2678765709,2678765709
2025-06-18 23:45:36,REAL,2678765709,478,2678766187,2678766187
2025-06-18 23:45:38,REAL,2678766187,478,2678766665,2678766665
2025-06-18 23:45:40,REAL,2678766665,478,2678767143,2678767143
2025-06-18 23:45:42,REAL,2678767143,491,2678767634,2678767634
2025-06-18 23:45:44,REAL,2678767634,486,2678768120,2678768120
2025-06-18 23:45:46,REAL,2678768120,484,2678768604,2678768604
2025-06-18 23:45:48,REAL,2678768604,489,2678769093,2678769093
2025-06-18 23:45:50,REAL,2678769093,485,2678769578,2678769578
2025-06-18 23:45:52,REAL,2678769578,485,2678770063,2678770063
2025-06-18 23:45:54,REAL,2678770063,537,2678770600,2678770600
2025-06-18 23:45:56,REAL,2678770600,480,2678771080,2678771080
2025-06-18 23:45:58,REAL,2678771080,481,2678771561,2678771561
2025-06-18 23:46:00,REAL,2678771561,537,2678772098,2678772098
2025-06-18 23:46:02,REAL,2678772098,482,2678772580,2678772580
2025-06-18 23:46:04,REAL,2678772580,490,2678773070,2678773070
2025-06-18 23:46:06,REAL,2678773070,484,2678773554,2678773554
2025-06-18 23:46:08,REAL,2678773554,485,2678774039,2678774039
2025-06-18 23:46:10,REAL,2678774039,483,2678774522,2678774522
2025-06-18 23:46:12,REAL,2678774522,477,2678774999,2678774999
2025-06-18 23:46:14,REAL,2678774999,485,2678775484,2678775484
2025-06-18 23:46:16,REAL,2678775484,475,2678775959,2678775959
2025-06-18 23:46:18,REAL,2678775959,481,2678776440,2678776440
2025-06-18 23:46:20,REAL,2678776440,9858,2678786298,2678786298
2025-06-18 23:46:22,REAL,2678786298,10586,2678796884,2678796884
2025-06-18 23:46:24,REAL,2678796884,10262,2678807146,2678807146
2025-06-18 23:46:26,REAL,2678807146,10321,2678817467,2678817467
2025-06-18 23:46:28,REAL,2678817467,10246,2678827713,2678827713
2025-06-18 23:46:30,REAL,2678827713,10316,2678838029,2678838029
2025-06-18 23:46:32,REAL,2678838029,10303,2678848332,2678848332
2025-06-18 23:46:34,REAL,2678848332,7210,2678855542,2678855542
2025-06-18 23:46:36,REAL,2678855542,482,2678856024,2678856024
2025-06-18 23:46:38,REAL,2678856024,483,2678856507,2678856507
2025-06-18 23:46:40,REAL,2678856507,479,2678856986,2678856986
2025-06-18 23:46:42,REAL,2678856986,484,2678857470,2678857470
2025-06-18 23:46:44,REAL,2678857470,482,2678857952,2678857952
2025-06-18 23:46:46,REAL,2678857952,532,2678858484,2678858484
2025-06-18 23:46:48,REAL,2678858484,479,2678858963,2678858963
2025-06-18 23:46:50,REAL,2678858963,476,2678859439,2678859439
2025-06-18 23:46:52,REAL,2678859439,10656,2678870095,2678870095
2025-06-18 23:46:54,REAL,2678870095,10315,2678880410,2678880410
2025-06-18 23:46:56,REAL,2678880410,10254,2678890664,2678890664
2025-06-18 23:46:58,REAL,2678890664,10314,2678900978,2678900978
2025-06-18 23:47:00,REAL,2678900978,10250,2678911228,2678911228
2025-06-18 23:47:02,REAL,2678911228,10250,2678921478,2678921478
2025-06-18 23:47:04,REAL,2678921478,10376,2678931854,2678931854
2025-06-18 23:47:06,REAL,2678931854,6493,2678938347,2678938347
2025-06-18 23:47:08,REAL,2678938347,482,2678938829,2678938829
2025-06-18 23:47:10,REAL,2678938829,482,2678939311,2678939311
2025-06-18 23:47:12,REAL,2678939311,484,2678939795,2678939795
2025-06-18 23:47:14,REAL,2678939795,478,2678940273,2678940273
2025-06-18 23:47:16,REAL,2678940273,543,2678940816,2678940816
2025-06-18 23:47:18,REAL,2678940816,487,2678941303,2678941303
2025-06-18 23:47:20,REAL,2678941303,481,2678941784,2678941784
2025-06-18 23:47:22,REAL,2678941784,478,2678942262,2678942262
2025-06-18 23:47:24,REAL,2678942262,480,2678942742,2678942742
2025-06-18 23:47:26,REAL,2678942742,486,2678943228,2678943228
2025-06-18 23:47:28,REAL,2678943228,488,2678943716,2678943716
2025-06-18 23:47:30,REAL,2678943716,483,2678944199,2678944199
2025-06-18 23:47:32,REAL,2678944199,486,2678944685,2678944685
2025-06-18 23:47:34,REAL,2678944685,543,2678945228,2678945228
2025-06-18 23:47:36,REAL,2678945228,481,2678945709,2678945709
2025-06-18 23:47:38,REAL,2678945709,485,2678946194,2678946194
2025-06-18 23:47:40,REAL,2678946194,480,2678946674,2678946674
2025-06-18 23:47:42,REAL,2678946674,485,2678947159,2678947159
2025-06-18 23:47:44,REAL,2678947159,539,2678947698,2678947698
2025-06-18 23:47:46,REAL,2678947698,486,2678948184,2678948184
2025-06-18 23:47:48,REAL,2678948184,494,2678948678,2678948678
2025-06-18 23:47:50,REAL,2678948678,488,2678949166,2678949166
2025-06-18 23:47:52,REAL,2678949166,479,2678949645,2678949645
2025-06-18 23:47:54,REAL,2678949645,485,2678950130,2678950130
2025-06-18 23:47:56,REAL,2678950130,485,2678950615,2678950615
2025-06-18 23:47:58,REAL,2678950615,483,2678951098,2678951098
2025-06-18 23:48:00,REAL,2678951098,479,2678951577,2678951577
2025-06-18 23:48:02,REAL,2678951577,484,2678952061,2678952061
2025-06-18 23:48:04,REAL,2678952061,482,2678952543,2678952543
2025-06-18 23:48:06,REAL,2678952543,534,2678953077,2678953077
2025-06-18 23:48:08,REAL,2678953077,490,2678953567,2678953567
2025-06-18 23:48:10,REAL,2678953567,539,2678954106,2678954106
2025-06-18 23:48:12,REAL,2678954106,480,2678954586,2678954586
2025-06-18 23:48:14,REAL,2678954586,486,2678955072,2678955072
2025-06-18 23:48:16,REAL,2678955072,483,2678955555,2678955555
2025-06-18 23:48:18,REAL,2678955555,484,2678956039,2678956039
2025-06-18 23:48:20,REAL,2678956039,478,2678956517,2678956517
2025-06-18 23:48:22,REAL,2678956517,490,2678957007,2678957007
2025-06-18 23:48:24,REAL,2678957007,488,2678957495,2678957495
2025-06-18 23:48:26,REAL,2678957495,484,2678957979,2678957979
2025-06-18 23:48:28,REAL,2678957979,489,2678958468,2678958468
2025-06-18 23:48:30,REAL,2678958468,483,2678958951,2678958951
2025-06-18 23:48:32,REAL,2678958951,477,2678959428,2678959428
2025-06-18 23:48:34,REAL,2678959428,487,2678959915,2678959915
2025-06-18 23:48:36,REAL,2678959915,591,2678960506,2678960506
2025-06-18 23:48:38,REAL,2678960506,484,2678960990,2678960990
2025-06-18 23:48:40,REAL,2678960990,480,2678961470,2678961470
2025-06-18 23:48:42,REAL,2678961470,493,2678961963,2678961963
2025-06-18 23:48:44,REAL,2678961963,484,2678962447,2678962447
2025-06-18 23:48:46,REAL,2678962447,488,2678962935,2678962935
2025-06-18 23:48:48,REAL,2678962935,477,2678963412,2678963412
2025-06-18 23:48:50,REAL,2678963412,476,2678963888,2678963888
2025-06-18 23:48:52,REAL,2678963888,477,2678964365,2678964365
2025-06-18 23:48:54,REAL,2678964365,486,2678964851,2678964851
2025-06-18 23:48:56,REAL,2678964851,485,2678965336,2678965336
2025-06-18 23:48:58,REAL,2678965336,486,2678965822,2678965822
2025-06-18 23:49:00,REAL,2678965822,479,2678966301,2678966301
2025-06-18 23:49:02,REAL,2678966301,482,2678966783,2678966783
2025-06-18 23:49:04,REAL,2678966783,540,2678967323,2678967323
2025-06-18 23:49:06,REAL,2678967323,536,2678967859,2678967859
2025-06-18 23:49:08,REAL,2678967859,483,2678968342,2678968342
2025-06-18 23:49:10,REAL,2678968342,488,2678968830,2678968830
2025-06-18 23:49:12,REAL,2678968830,479,2678969309,2678969309
2025-06-18 23:49:14,REAL,2678969309,486,2678969795,2678969795
2025-06-18 23:49:16,REAL,2678969795,492,2678970287,2678970287
2025-06-18 23:49:18,REAL,2678970287,492,2678970779,2678970779
2025-06-18 23:49:20,REAL,2678970779,482,2678971261,2678971261
2025-06-18 23:49:22,REAL,2678971261,492,2678971753,2678971753
2025-06-18 23:49:24,REAL,2678971753,484,2678972237,2678972237
2025-06-18 23:49:26,REAL,2678972237,482,2678972719,2678972719
2025-06-18 23:49:28,REAL,2678972719,488,2678973207,2678973207
2025-06-18 23:49:30,REAL,2678973207,2992,2678976199,2678976199
2025-06-18 23:49:32,REAL,2678976199,11905,2678988104,2678988104
2025-06-18 23:49:34,REAL,2678988104,10255,2678998359,2678998359
2025-06-18 23:49:36,REAL,2678998359,10308,2679008667,2679008667
2025-06-18 23:49:38,REAL,2679008667,10249,2679018916,2679018916
2025-06-18 23:49:40,REAL,2679018916,10253,2679029169,2679029169
2025-06-18 23:49:42,REAL,2679029169,10252,2679039421,2679039421
2025-06-18 23:49:44,REAL,2679039421,10314,2679049735,2679049735
2025-06-18 23:49:46,REAL,2679049735,3386,2679053121,2679053121
2025-06-18 23:49:48,REAL,2679053121,546,2679053667,2679053667
2025-06-18 23:49:50,REAL,2679053667,483,2679054150,2679054150
2025-06-18 23:49:52,REAL,2679054150,478,2679054628,2679054628
2025-06-18 23:49:54,REAL,2679054628,492,2679055120,2679055120
2025-06-18 23:49:56,REAL,2679055120,487,2679055607,2679055607
2025-06-18 23:49:58,REAL,2679055607,535,2679056142,2679056142
2025-06-18 23:50:00,REAL,2679056142,477,2679056619,2679056619
2025-06-18 23:50:02,REAL,2679056619,481,2679057100,2679057100
2025-06-18 23:50:04,REAL,2679057100,484,2679057584,2679057584
2025-06-18 23:50:06,REAL,2679057584,483,2679058067,2679058067
2025-06-18 23:50:08,REAL,2679058067,478,2679058545,2679058545
2025-06-18 23:50:10,REAL,2679058545,475,2679059020,2679059020
2025-06-18 23:50:12,REAL,2679059020,474,2679059494,2679059494
2025-06-18 23:50:14,REAL,2679059494,488,2679059982,2679059982
2025-06-18 23:50:16,REAL,2679059982,487,2679060469,2679060469
2025-06-18 23:50:18,REAL,2679060469,483,2679060952,2679060952
2025-06-18 23:50:20,REAL,2679060952,481,2679061433,2679061433
2025-06-18 23:50:22,REAL,2679061433,487,2679061920,2679061920
2025-06-18 23:50:24,REAL,2679061920,547,2679062467,2679062467
2025-06-18 23:50:26,REAL,2679062467,481,2679062948,2679062948
2025-06-18 23:50:28,REAL,2679062948,492,2679063440,2679063440
2025-06-18 23:50:30,REAL,2679063440,477,2679063917,2679063917
2025-06-18 23:50:32,REAL,2679063917,536,2679064453,2679064453
2025-06-18 23:50:34,REAL,2679064453,487,2679064940,2679064940
2025-06-18 23:50:36,REAL,2679064940,481,2679065421,2679065421
2025-06-18 23:50:38,REAL,2679065421,478,2679065899,2679065899
2025-06-18 23:50:40,REAL,2679065899,488,2679066387,2679066387
2025-06-18 23:50:42,REAL,2679066387,483,2679066870,2679066870
2025-06-18 23:50:44,REAL,2679066870,487,2679067357,2679067357
2025-06-18 23:50:46,REAL,2679067357,484,2679067841,2679067841
2025-06-18 23:50:48,REAL,2679067841,477,2679068318,2679068318
2025-06-18 23:50:50,REAL,2679068318,302,2679068620,2679068620
2025-06-18 23:50:52,REAL,2679068620,491,2679069111,2679069111
2025-06-18 23:50:54,REAL,2679069111,482,2679069593,2679069593
2025-06-18 23:50:56,REAL,2679069593,482,2679070075,2679070075
2025-06-18 23:50:58,REAL,2679070075,483,2679070558,2679070558
2025-06-18 23:51:00,REAL,2679070558,483,2679071041,2679071041
2025-06-18 23:51:02,REAL,2679071041,487,2679071528,2679071528
2025-06-18 23:51:04,REAL,2679071528,490,2679072018,2679072018
2025-06-18 23:51:06,REAL,2679072018,485,2679072503,2679072503
2025-06-18 23:51:08,REAL,2679072503,476,2679072979,2679072979
2025-06-18 23:51:10,REAL,2679072979,487,2679073466,2679073466
2025-06-18 23:51:12,REAL,2679073466,11445,2679084911,2679084911
2025-06-18 23:51:14,REAL,2679084911,10374,2679095285,2679095285
2025-06-18 23:51:16,REAL,2679095285,10300,2679105585,2679105585
2025-06-18 23:51:18,REAL,2679105585,10254,2679115839,2679115839
2025-06-18 23:51:20,REAL,2679115839,10257,2679126096,2679126096
2025-06-18 23:51:22,REAL,2679126096,10257,2679136353,2679136353
2025-06-18 23:51:24,REAL,2679136353,10325,2679146678,2679146678
2025-06-18 23:51:26,REAL,2679146678,6353,2679153031,2679153031
2025-06-18 23:51:28,REAL,2679153031,483,2679153514,2679153514
2025-06-18 23:51:30,REAL,2679153514,494,2679154008,2679154008
2025-06-18 23:51:32,REAL,2679154008,484,2679154492,2679154492
2025-06-18 23:51:34,REAL,2679154492,481,2679154973,2679154973
2025-06-18 23:51:36,REAL,2679154973,486,2679155459,2679155459
2025-06-18 23:51:38,REAL,2679155459,482,2679155941,2679155941
2025-06-18 23:51:40,REAL,2679155941,489,2679156430,2679156430
2025-06-18 23:51:42,REAL,2679156430,494,2679156924,2679156924
2025-06-18 23:51:44,REAL,2679156924,544,2679157468,2679157468
2025-06-18 23:51:46,REAL,2679157468,489,2679157957,2679157957
2025-06-18 23:51:48,REAL,2679157957,483,2679158440,2679158440
2025-06-18 23:51:50,REAL,2679158440,489,2679158929,2679158929
2025-06-18 23:51:52,REAL,2679158929,480,2679159409,2679159409
2025-06-18 23:51:54,REAL,2679159409,487,2679159896,2679159896
2025-06-18 23:51:56,REAL,2679159896,482,2679160378,2679160378
2025-06-18 23:51:58,REAL,2679160378,536,2679160914,2679160914
2025-06-18 23:52:00,REAL,2679160914,481,2679161395,2679161395
2025-06-18 23:52:02,REAL,2679161395,483,2679161878,2679161878
2025-06-18 23:52:04,REAL,2679161878,478,2679162356,2679162356
2025-06-18 23:52:06,REAL,2679162356,478,2679162834,2679162834
2025-06-18 23:52:08,REAL,2679162834,490,2679163324,2679163324
2025-06-18 23:52:10,REAL,2679163324,548,2679163872,2679163872
2025-06-18 23:52:12,REAL,2679163872,489,2679164361,2679164361
2025-06-18 23:52:14,REAL,2679164361,488,2679164849,2679164849
2025-06-18 23:52:16,REAL,2679164849,480,2679165329,2679165329
2025-06-18 23:52:18,REAL,2679165329,479,2679165808,2679165808
2025-06-18 23:52:20,REAL,2679165808,485,2679166293,2679166293
2025-06-18 23:52:22,REAL,2679166293,480,2679166773,2679166773
2025-06-18 23:52:24,REAL,2679166773,490,2679167263,2679167263
2025-06-18 23:52:26,REAL,2679167263,478,2679167741,2679167741
2025-06-18 23:52:28,REAL,2679167741,481,2679168222,2679168222
2025-06-18 23:52:30,REAL,2679168222,763,2679168985,2679168985
2025-06-18 23:52:32,REAL,2679168985,12032,2679181017,2679181017
2025-06-18 23:52:34,REAL,2679181017,10250,2679191267,2679191267
2025-06-18 23:52:36,REAL,2679191267,10303,2679201570,2679201570
2025-06-18 23:52:38,REAL,2679201570,10256,2679211826,2679211826
2025-06-18 23:52:40,REAL,2679211826,10376,2679222202,2679222202
2025-06-18 23:52:42,REAL,2679222202,10261,2679232463,2679232463
2025-06-18 23:52:44,REAL,2679232463,10253,2679242716,2679242716
2025-06-18 23:52:46,REAL,2679242716,4779,2679247495,2679247495
2025-06-18 23:52:48,REAL,2679247495,482,2679247977,2679247977
2025-06-18 23:52:50,REAL,2679247977,484,2679248461,2679248461
2025-06-18 23:52:52,REAL,2679248461,480,2679248941,2679248941
2025-06-18 23:52:54,REAL,2679248941,484,2679249425,2679249425
2025-06-18 23:52:56,REAL,2679249425,478,2679249903,2679249903
2025-06-18 23:52:58,REAL,2679249903,487,2679250390,2679250390
2025-06-18 23:53:00,REAL,2679250390,487,2679250877,2679250877
2025-06-18 23:53:02,REAL,2679250877,1940,2679252817,2679252817
2025-06-18 23:53:04,REAL,2679252817,11763,2679264580,2679264580
2025-06-18 23:53:06,REAL,2679264580,10310,2679274890,2679274890
2025-06-18 23:53:08,REAL,2679274890,10253,2679285143,2679285143
2025-06-18 23:53:10,REAL,2679285143,10254,2679295397,2679295397
2025-06-18 23:53:12,REAL,2679295397,10262,2679305659,2679305659
2025-06-18 23:53:14,REAL,2679305659,10261,2679315920,2679315920
2025-06-18 23:53:16,REAL,2679315920,10313,2679326233,2679326233
2025-06-18 23:53:18,REAL,2679326233,4179,2679330412,2679330412
2025-06-18 23:53:20,REAL,2679330412,541,2679330953,2679330953
2025-06-18 23:53:22,REAL,2679330953,485,2679331438,2679331438
2025-06-18 23:53:24,REAL,2679331438,477,2679331915,2679331915
2025-06-18 23:53:26,REAL,2679331915,481,2679332396,2679332396
2025-06-18 23:53:28,REAL,2679332396,489,2679332885,2679332885
2025-06-18 23:53:30,REAL,2679332885,540,2679333425,2679333425
2025-06-18 23:53:32,REAL,2679333425,483,2679333908,2679333908
2025-06-18 23:53:34,REAL,2679333908,2611,2679336519,2679336519
2025-06-18 23:53:36,REAL,2679336519,11379,2679347898,2679347898
2025-06-18 23:53:38,REAL,2679347898,10251,2679358149,2679358149
2025-06-18 23:53:40,REAL,2679358149,10252,2679368401,2679368401
2025-06-18 23:53:42,REAL,2679368401,10316,2679378717,2679378717
2025-06-18 23:53:44,REAL,2679378717,10250,2679388967,2679388967
2025-06-18 23:53:46,REAL,2679388967,10252,2679399219,2679399219
2025-06-18 23:53:48,REAL,2679399219,10317,2679409536,2679409536
2025-06-18 23:53:50,REAL,2679409536,3523,2679413059,2679413059
2025-06-18 23:53:52,REAL,2679413059,492,2679413551,2679413551
2025-06-18 23:53:54,REAL,2679413551,487,2679414038,2679414038
2025-06-18 23:53:56,REAL,2679414038,481,2679414519,2679414519
2025-06-18 23:53:58,REAL,2679414519,491,2679415010,2679415010
2025-06-18 23:54:00,REAL,2679415010,536,2679415546,2679415546
2025-06-18 23:54:02,REAL,2679415546,536,2679416082,2679416082
2025-06-18 23:54:04,REAL,2679416082,483,2679416565,2679416565
2025-06-18 23:54:06,REAL,2679416565,474,2679417039,2679417039
2025-06-18 23:54:08,REAL,2679417039,474,2679417513,2679417513
2025-06-18 23:54:10,REAL,2679417513,487,2679418000,2679418000
2025-06-18 23:54:12,REAL,2679418000,485,2679418485,2679418485
2025-06-18 23:54:14,REAL,2679418485,485,2679418970,2679418970
2025-06-18 23:54:16,REAL,2679418970,475,2679419445,2679419445
2025-06-18 23:54:18,REAL,2679419445,483,2679419928,2679419928
2025-06-18 23:54:20,REAL,2679419928,483,2679420411,2679420411
2025-06-18 23:54:22,REAL,2679420411,484,2679420895,2679420895
2025-06-18 23:54:24,REAL,2679420895,479,2679421374,2679421374
2025-06-18 23:54:26,REAL,2679421374,489,2679421863,2679421863
2025-06-18 23:54:28,REAL,2679421863,545,2679422408,2679422408
2025-06-18 23:54:30,REAL,2679422408,490,2679422898,2679422898
2025-06-18 23:54:32,REAL,2679422898,475,2679423373,2679423373
2025-06-18 23:54:34,REAL,2679423373,484,2679423857,2679423857
2025-06-18 23:54:36,REAL,2679423857,477,2679424334,2679424334
2025-06-18 23:54:38,REAL,2679424334,485,2679424819,2679424819
2025-06-18 23:54:40,REAL,2679424819,477,2679425296,2679425296
2025-06-18 23:54:42,REAL,2679425296,542,2679425838,2679425838
2025-06-18 23:54:44,REAL,2679425838,474,2679426312,2679426312
2025-06-18 23:54:46,REAL,2679426312,484,2679426796,2679426796
2025-06-18 23:54:48,REAL,2679426796,478,2679427274,2679427274
2025-06-18 23:54:50,REAL,2679427274,487,2679427761,2679427761
2025-06-18 23:54:52,REAL,2679427761,493,2679428254,2679428254
2025-06-18 23:54:54,REAL,2679428254,547,2679428801,2679428801
2025-06-18 23:54:56,REAL,2679428801,492,2679429293,2679429293
2025-06-18 23:54:58,REAL,2679429293,487,2679429780,2679429780
2025-06-18 23:55:00,REAL,2679429780,488,2679430268,2679430268
2025-06-18 23:55:02,REAL,2679430268,487,2679430755,2679430755
2025-06-18 23:55:04,REAL,2679430755,487,2679431242,2679431242
2025-06-18 23:55:06,REAL,2679431242,481,2679431723,2679431723
2025-06-18 23:55:08,REAL,2679431723,490,2679432213,2679432213
2025-06-18 23:55:10,REAL,2679432213,485,2679432698,2679432698
2025-06-18 23:55:12,REAL,2679432698,478,2679433176,2679433176
2025-06-18 23:55:14,REAL,2679433176,485,2679433661,2679433661
2025-06-18 23:55:16,REAL,2679433661,10907,2679444568,2679444568
2025-06-18 23:55:18,REAL,2679444568,10255,2679454823,2679454823
2025-06-18 23:55:20,REAL,2679454823,10306,2679465129,2679465129
2025-06-18 23:55:22,REAL,2679465129,10325,2679475454,2679475454
2025-06-18 23:55:24,REAL,2679475454,10248,2679485702,2679485702
2025-06-18 23:55:26,REAL,2679485702,10326,2679496028,2679496028
2025-06-18 23:55:28,REAL,2679496028,10257,2679506285,2679506285
2025-06-18 23:55:30,REAL,2679506285,6555,2679512840,2679512840
2025-06-18 23:55:32,REAL,2679512840,486,2679513326,2679513326
2025-06-18 23:55:34,REAL,2679513326,485,2679513811,2679513811
2025-06-18 23:55:36,REAL,2679513811,483,2679514294,2679514294
2025-06-18 23:55:38,REAL,2679514294,478,2679514772,2679514772
2025-06-18 23:55:40,REAL,2679514772,477,2679515249,2679515249
2025-06-18 23:55:42,REAL,2679515249,477,2679515726,2679515726
2025-06-18 23:55:44,REAL,2679515726,478,2679516204,2679516204
2025-06-18 23:55:46,REAL,2679516204,484,2679516688,2679516688
2025-06-18 23:55:48,REAL,2679516688,11313,2679528001,2679528001
2025-06-18 23:55:50,REAL,2679528001,10256,2679538257,2679538257
2025-06-18 23:55:52,REAL,2679538257,10252,2679548509,2679548509
2025-06-18 23:55:54,REAL,2679548509,10318,2679558827,2679558827
2025-06-18 23:55:56,REAL,2679558827,10251,2679569078,2679569078
2025-06-18 23:55:58,REAL,2679569078,10249,2679579327,2679579327
2025-06-18 23:56:00,REAL,2679579327,10255,2679589582,2679589582
2025-06-18 23:56:02,REAL,2679589582,5959,2679595541,2679595541
2025-06-18 23:56:04,REAL,2679595541,494,2679596035,2679596035
2025-06-18 23:56:06,REAL,2679596035,489,2679596524,2679596524
2025-06-18 23:56:08,REAL,2679596524,483,2679597007,2679597007
2025-06-18 23:56:10,REAL,2679597007,485,2679597492,2679597492
2025-06-18 23:56:12,REAL,2679597492,489,2679597981,2679597981
2025-06-18 23:56:14,REAL,2679597981,486,2679598467,2679598467
2025-06-18 23:56:16,REAL,2679598467,487,2679598954,2679598954
2025-06-18 23:56:18,REAL,2679598954,490,2679599444,2679599444
2025-06-18 23:56:20,REAL,2679599444,549,2679599993,2679599993
2025-06-18 23:56:22,REAL,2679599993,476,2679600469,2679600469
2025-06-18 23:56:24,REAL,2679600469,491,2679600960,2679600960
2025-06-18 23:56:26,REAL,2679600960,485,2679601445,2679601445
2025-06-18 23:56:28,REAL,2679601445,487,2679601932,2679601932
2025-06-18 23:56:30,REAL,2679601932,480,2679602412,2679602412
2025-06-18 23:56:32,REAL,2679602412,483,2679602895,2679602895
2025-06-18 23:56:34,REAL,2679602895,541,2679603436,2679603436
2025-06-18 23:56:36,REAL,2679603436,488,2679603924,2679603924
2025-06-18 23:56:38,REAL,2679603924,483,2679604407,2679604407
2025-06-18 23:56:40,REAL,2679604407,482,2679604889,2679604889
2025-06-18 23:56:42,REAL,2679604889,483,2679605372,2679605372
2025-06-18 23:56:44,REAL,2679605372,478,2679605850,2679605850
2025-06-18 23:56:46,REAL,2679605850,482,2679606332,2679606332
2025-06-18 23:56:48,REAL,2679606332,486,2679606818,2679606818
2025-06-18 23:56:50,REAL,2679606818,483,2679607301,2679607301
2025-06-18 23:56:52,REAL,2679607301,485,2679607786,2679607786
2025-06-18 23:56:54,REAL,2679607786,539,2679608325,2679608325
2025-06-18 23:56:56,REAL,2679608325,489,2679608814,2679608814
2025-06-18 23:56:58,REAL,2679608814,481,2679609295,2679609295
2025-06-18 23:57:00,REAL,2679609295,492,2679609787,2679609787
2025-06-18 23:57:02,REAL,2679609787,487,2679610274,2679610274
2025-06-18 23:57:04,REAL,2679610274,492,2679610766,2679610766
2025-06-18 23:57:06,REAL,2679610766,487,2679611253,2679611253
2025-06-18 23:57:08,REAL,2679611253,481,2679611734,2679611734
2025-06-18 23:57:10,REAL,2679611734,490,2679612224,2679612224
2025-06-18 23:57:12,REAL,2679612224,477,2679612701,2679612701
2025-06-18 23:57:14,REAL,2679612701,487,2679613188,2679613188
2025-06-18 23:57:16,REAL,2679613188,477,2679613665,2679613665
2025-06-18 23:57:18,REAL,2679613665,485,2679614150,2679614150
2025-06-18 23:57:20,REAL,2679614150,491,2679614641,2679614641
2025-06-18 23:57:22,REAL,2679614641,544,2679615185,2679615185
2025-06-18 23:57:24,REAL,2679615185,486,2679615671,2679615671
2025-06-18 23:57:26,REAL,2679615671,550,2679616221,2679616221
2025-06-18 23:57:28,REAL,2679616221,488,2679616709,2679616709
2025-06-18 23:57:30,REAL,2679616709,488,2679617197,2679617197
2025-06-18 23:57:32,REAL,2679617197,483,2679617680,2679617680
2025-06-18 23:57:34,REAL,2679617680,492,2679618172,2679618172
2025-06-18 23:57:36,REAL,2679618172,485,2679618657,2679618657
2025-06-18 23:57:38,REAL,2679618657,482,2679619139,2679619139
2025-06-18 23:57:40,REAL,2679619139,480,2679619619,2679619619
2025-06-18 23:57:42,REAL,2679619619,481,2679620100,2679620100
2025-06-18 23:57:44,REAL,2679620100,490,2679620590,2679620590
2025-06-18 23:57:46,REAL,2679620590,480,2679621070,2679621070
2025-06-18 23:57:48,REAL,2679621070,493,2679621563,2679621563
2025-06-18 23:57:50,REAL,2679621563,479,2679622042,2679622042
2025-06-18 23:57:52,REAL,2679622042,480,2679622522,2679622522
2025-06-18 23:57:54,REAL,2679622522,490,2679623012,2679623012
2025-06-18 23:57:56,REAL,2679623012,476,2679623488,2679623488
2025-06-18 23:57:58,REAL,2679623488,489,2679623977,2679623977
2025-06-18 23:58:00,REAL,2679623977,539,2679624516,2679624516
2025-06-18 23:58:02,REAL,2679624516,476,2679624992,2679624992
2025-06-18 23:58:04,REAL,2679624992,3005,2679627997,2679627997
2025-06-18 23:58:06,REAL,2679627997,11840,2679639837,2679639837
2025-06-18 23:58:08,REAL,2679639837,10249,2679650086,2679650086
2025-06-18 23:58:10,REAL,2679650086,10314,2679660400,2679660400
2025-06-18 23:58:12,REAL,2679660400,10253,2679670653,2679670653
2025-06-18 23:58:14,REAL,2679670653,10250,2679680903,2679680903
2025-06-18 23:58:16,REAL,2679680903,10252,2679691155,2679691155
2025-06-18 23:58:18,REAL,2679691155,10255,2679701410,2679701410
2025-06-18 23:58:20,REAL,2679701410,3322,2679704732,2679704732
2025-06-18 23:58:22,REAL,2679704732,486,2679705218,2679705218
2025-06-18 23:58:24,REAL,2679705218,487,2679705705,2679705705
2025-06-18 23:58:26,REAL,2679705705,486,2679706191,2679706191
2025-06-18 23:58:28,REAL,2679706191,488,2679706679,2679706679
2025-06-18 23:58:30,REAL,2679706679,488,2679707167,2679707167
2025-06-18 23:58:32,REAL,2679707167,546,2679707713,2679707713
2025-06-18 23:58:34,REAL,2679707713,486,2679708199,2679708199
2025-06-18 23:58:36,REAL,2679708199,486,2679708685,2679708685
2025-06-18 23:58:38,REAL,2679708685,478,2679709163,2679709163
2025-06-18 23:58:40,REAL,2679709163,490,2679709653,2679709653
2025-06-18 23:58:42,REAL,2679709653,484,2679710137,2679710137
2025-06-18 23:58:44,REAL,2679710137,482,2679710619,2679710619
2025-06-18 23:58:46,REAL,2679710619,483,2679711102,2679711102
2025-06-18 23:58:48,REAL,2679711102,482,2679711584,2679711584
2025-06-18 23:58:50,REAL,2679711584,480,2679712064,2679712064
2025-06-18 23:58:52,REAL,2679712064,543,2679712607,2679712607
2025-06-18 23:58:54,REAL,2679712607,484,2679713091,2679713091
2025-06-18 23:58:56,REAL,2679713091,489,2679713580,2679713580
2025-06-18 23:58:58,REAL,2679713580,482,2679714062,2679714062
2025-06-18 23:59:00,REAL,2679714062,491,2679714553,2679714553
2025-06-18 23:59:02,REAL,2679714553,479,2679715032,2679715032
2025-06-18 23:59:04,REAL,2679715032,546,2679715578,2679715578
2025-06-18 23:59:06,REAL,2679715578,485,2679716063,2679716063
2025-06-18 23:59:08,REAL,2679716063,480,2679716543,2679716543
2025-06-18 23:59:10,REAL,2679716543,482,2679717025,2679717025
2025-06-18 23:59:12,REAL,2679717025,492,2679717517,2679717517
2025-06-18 23:59:14,REAL,2679717517,481,2679717998,2679717998
2025-06-18 23:59:16,REAL,2679717998,490,2679718488,2679718488
2025-06-18 23:59:18,REAL,2679718488,491,2679718979,2679718979
2025-06-18 23:59:20,REAL,2679718979,486,2679719465,2679719465
2025-06-18 23:59:22,REAL,2679719465,482,2679719947,2679719947
2025-06-18 23:59:24,REAL,2679719947,483,2679720430,2679720430
2025-06-18 23:59:26,REAL,2679720430,485,2679720915,2679720915
2025-06-18 23:59:28,REAL,2679720915,481,2679721396,2679721396
2025-06-18 23:59:30,REAL,2679721396,485,2679721881,2679721881
2025-06-18 23:59:32,REAL,2679721881,486,2679722367,2679722367
2025-06-18 23:59:34,REAL,2679722367,481,2679722848,2679722848
2025-06-18 23:59:36,REAL,2679722848,485,2679723333,2679723333
2025-06-18 23:59:38,REAL,2679723333,541,2679723874,2679723874
2025-06-18 23:59:40,REAL,2679723874,480,2679724354,2679724354
2025-06-18 23:59:42,REAL,2679724354,485,2679724839,2679724839
2025-06-18 23:59:44,REAL,2679724839,484,2679725323,2679725323
2025-06-18 23:59:46,REAL,2679725323,489,2679725812,2679725812
2025-06-18 23:59:48,REAL,2679725812,479,2679726291,2679726291
2025-06-18 23:59:50,REAL,2679726291,534,2679726825,2679726825
2025-06-18 23:59:52,REAL,2679726825,483,2679727308,2679727308
2025-06-18 23:59:54,REAL,2679727308,478,2679727786,2679727786
2025-06-18 23:59:56,REAL,2679727786,481,2679728267,2679728267
2025-06-18 23:59:58,REAL,2679728267,486,2679728753,2679728753
2025-06-19 00:00:00,REAL,2679728753,486,2679729239,2679729239
2025-06-19 00:00:02,REAL,2679729239,11514,2679740753,2679740753
2025-06-19 00:00:04,REAL,2679740753,10328,2679751081,2679751081
2025-06-19 00:00:06,REAL,2679751081,10309,2679761390,2679761390
2025-06-19 00:00:08,REAL,2679761390,10245,2679771635,2679771635
2025-06-19 00:00:10,REAL,2679771635,10260,2679781895,2679781895
2025-06-19 00:00:12,REAL,2679781895,10320,2679792215,2679792215
2025-06-19 00:00:14,REAL,2679792215,10246,2679802461,2679802461
2025-06-19 00:00:16,REAL,2679802461,5962,2679808423,2679808423
2025-06-19 00:00:18,REAL,2679808423,490,2679808913,2679808913
2025-06-19 00:00:20,REAL,2679808913,487,2679809400,2679809400
2025-06-19 00:00:22,REAL,2679809400,489,2679809889,2679809889
2025-06-19 00:00:24,REAL,2679809889,487,2679810376,2679810376
2025-06-19 00:00:26,REAL,2679810376,490,2679810866,2679810866
2025-06-19 00:00:28,REAL,2679810866,484,2679811350,2679811350
2025-06-19 00:00:30,REAL,2679811350,485,2679811835,2679811835
2025-06-19 00:00:32,REAL,2679811835,481,2679812316,2679812316
2025-06-19 00:00:34,REAL,2679812316,549,2679812865,2679812865
2025-06-19 00:00:36,REAL,2679812865,485,2679813350,2679813350
2025-06-19 00:00:38,REAL,2679813350,490,2679813840,2679813840
2025-06-19 00:00:40,REAL,2679813840,478,2679814318,2679814318
2025-06-19 00:00:42,REAL,2679814318,475,2679814793,2679814793
2025-06-19 00:00:44,REAL,2679814793,485,2679815278,2679815278
2025-06-19 00:00:46,REAL,2679815278,481,2679815759,2679815759
2025-06-19 00:00:48,REAL,2679815759,538,2679816297,2679816297
2025-06-19 00:00:50,REAL,2679816297,483,2679816780,2679816780
2025-06-19 00:00:52,REAL,2679816780,489,2679817269,2679817269
2025-06-19 00:00:54,REAL,2679817269,475,2679817744,2679817744
2025-06-19 00:00:56,REAL,2679817744,488,2679818232,2679818232
2025-06-19 00:00:58,REAL,2679818232,486,2679818718,2679818718
2025-06-19 00:01:00,REAL,2679818718,486,2679819204,2679819204
2025-06-19 00:01:02,REAL,2679819204,480,2679819684,2679819684
2025-06-19 00:01:04,REAL,2679819684,482,2679820166,2679820166
2025-06-19 00:01:06,REAL,2679820166,488,2679820654,2679820654
2025-06-19 00:01:08,REAL,2679820654,480,2679821134,2679821134
2025-06-19 00:01:10,REAL,2679821134,483,2679821617,2679821617
2025-06-19 00:01:12,REAL,2679821617,488,2679822105,2679822105
2025-06-19 00:01:14,REAL,2679822105,489,2679822594,2679822594
2025-06-19 00:01:16,REAL,2679822594,480,2679823074,2679823074
2025-06-19 00:01:18,REAL,2679823074,485,2679823559,2679823559
2025-06-19 00:01:20,REAL,2679823559,530,2679824089,2679824089
2025-06-19 00:01:22,REAL,2679824089,493,2679824582,2679824582
2025-06-19 00:01:24,REAL,2679824582,475,2679825057,2679825057
2025-06-19 00:01:26,REAL,2679825057,485,2679825542,2679825542
2025-06-19 00:01:28,REAL,2679825542,483,2679826025,2679826025
2025-06-19 00:01:30,REAL,2679826025,482,2679826507,2679826507
2025-06-19 00:01:32,REAL,2679826507,492,2679826999,2679826999
2025-06-19 00:01:34,REAL,2679826999,485,2679827484,2679827484
2025-06-19 00:01:36,REAL,2679827484,546,2679828030,2679828030
2025-06-19 00:01:38,REAL,2679828030,482,2679828512,2679828512
2025-06-19 00:01:40,REAL,2679828512,484,2679828996,2679828996
2025-06-19 00:01:42,REAL,2679828996,483,2679829479,2679829479
2025-06-19 00:01:44,REAL,2679829479,484,2679829963,2679829963
2025-06-19 00:01:46,REAL,2679829963,484,2679830447,2679830447
2025-06-19 00:01:48,REAL,2679830447,476,2679830923,2679830923
2025-06-19 00:01:50,REAL,2679830923,483,2679831406,2679831406
2025-06-19 00:01:52,REAL,2679831406,483,2679831889,2679831889
2025-06-19 00:01:54,REAL,2679831889,484,2679832373,2679832373
2025-06-19 00:01:56,REAL,2679832373,490,2679832863,2679832863
2025-06-19 00:01:58,REAL,2679832863,486,2679833349,2679833349
2025-06-19 00:02:00,REAL,2679833349,479,2679833828,2679833828
2025-06-19 00:02:02,REAL,2679833828,482,2679834310,2679834310
2025-06-19 00:02:04,REAL,2679834310,535,2679834845,2679834845
2025-06-19 00:02:06,REAL,2679834845,483,2679835328,2679835328
2025-06-19 00:02:08,REAL,2679835328,483,2679835811,2679835811
2025-06-19 00:02:10,REAL,2679835811,480,2679836291,2679836291
2025-06-19 00:02:12,REAL,2679836291,486,2679836777,2679836777
2025-06-19 00:02:14,REAL,2679836777,10919,2679847696,2679847696
2025-06-19 00:02:16,REAL,2679847696,11968,2679859664,2679859664
2025-06-19 00:02:18,REAL,2679859664,10321,2679869985,2679869985
2025-06-19 00:02:20,REAL,2679869985,10258,2679880243,2679880243
2025-06-19 00:02:22,REAL,2679880243,10252,2679890495,2679890495
2025-06-19 00:02:24,REAL,2679890495,10253,2679900748,2679900748
2025-06-19 00:02:26,REAL,2679900748,10318,2679911066,2679911066
2025-06-19 00:02:28,REAL,2679911066,8343,2679919409,2679919409
2025-06-19 00:02:30,REAL,2679919409,482,2679919891,2679919891
2025-06-19 00:02:32,REAL,2679919891,483,2679920374,2679920374
2025-06-19 00:02:34,REAL,2679920374,479,2679920853,2679920853
2025-06-19 00:02:36,REAL,2679920853,480,2679921333,2679921333
2025-06-19 00:02:38,REAL,2679921333,479,2679921812,2679921812
2025-06-19 00:02:40,REAL,2679921812,479,2679922291,2679922291
2025-06-19 00:02:42,REAL,2679922291,486,2679922777,2679922777
2025-06-19 00:02:44,REAL,2679922777,476,2679923253,2679923253
2025-06-19 00:02:46,REAL,2679923253,9271,2679932524,2679932524
2025-06-19 00:02:48,REAL,2679932524,10712,2679943236,2679943236
2025-06-19 00:02:50,REAL,2679943236,10302,2679953538,2679953538
2025-06-19 00:02:52,REAL,2679953538,10259,2679963797,2679963797
2025-06-19 00:02:54,REAL,2679963797,10253,2679974050,2679974050
2025-06-19 00:02:56,REAL,2679974050,10252,2679984302,2679984302
2025-06-19 00:02:58,REAL,2679984302,10248,2679994550,2679994550
2025-06-19 00:03:00,REAL,2679994550,7682,2680002232,2680002232
2025-06-19 00:03:02,REAL,2680002232,485,2680002717,2680002717
2025-06-19 00:03:04,REAL,2680002717,482,2680003199,2680003199
2025-06-19 00:03:06,REAL,2680003199,476,2680003675,2680003675
2025-06-19 00:03:08,REAL,2680003675,487,2680004162,2680004162
2025-06-19 00:03:10,REAL,2680004162,482,2680004644,2680004644
2025-06-19 00:03:12,REAL,2680004644,485,2680005129,2680005129
2025-06-19 00:03:14,REAL,2680005129,490,2680005619,2680005619
2025-06-19 00:03:16,REAL,2680005619,485,2680006104,2680006104
2025-06-19 00:03:18,REAL,2680006104,488,2680006592,2680006592
2025-06-19 00:03:20,REAL,2680006592,474,2680007066,2680007066
2025-06-19 00:03:22,REAL,2680007066,479,2680007545,2680007545
2025-06-19 00:03:24,REAL,2680007545,487,2680008032,2680008032
2025-06-19 00:03:26,REAL,2680008032,484,2680008516,2680008516
2025-06-19 00:03:28,REAL,2680008516,489,2680009005,2680009005
2025-06-19 00:03:30,REAL,2680009005,481,2680009486,2680009486
2025-06-19 00:03:32,REAL,2680009486,480,2680009966,2680009966
2025-06-19 00:03:34,REAL,2680009966,543,2680010509,2680010509
2025-06-19 00:03:36,REAL,2680010509,546,2680011055,2680011055
2025-06-19 00:03:38,REAL,2680011055,474,2680011529,2680011529
2025-06-19 00:03:40,REAL,2680011529,479,2680012008,2680012008
2025-06-19 00:03:42,REAL,2680012008,480,2680012488,2680012488
2025-06-19 00:03:44,REAL,2680012488,479,2680012967,2680012967
2025-06-19 00:03:46,REAL,2680012967,485,2680013452,2680013452
2025-06-19 00:03:48,REAL,2680013452,478,2680013930,2680013930
2025-06-19 00:03:50,REAL,2680013930,485,2680014415,2680014415
2025-06-19 00:03:52,REAL,2680014415,475,2680014890,2680014890
2025-06-19 00:03:54,REAL,2680014890,486,2680015376,2680015376
2025-06-19 00:03:56,REAL,2680015376,485,2680015861,2680015861
2025-06-19 00:03:58,REAL,2680015861,481,2680016342,2680016342
2025-06-19 00:04:00,REAL,2680016342,487,2680016829,2680016829
2025-06-19 00:04:02,REAL,2680016829,480,2680017309,2680017309
2025-06-19 00:04:04,REAL,2680017309,485,2680017794,2680017794
2025-06-19 00:04:06,REAL,2680017794,11330,2680029124,2680029124
2025-06-19 00:04:08,REAL,2680029124,10319,2680039443,2680039443
2025-06-19 00:04:10,REAL,2680039443,10315,2680049758,2680049758
2025-06-19 00:04:12,REAL,2680049758,10254,2680060012,2680060012
2025-06-19 00:04:14,REAL,2680060012,10318,2680070330,2680070330
2025-06-19 00:04:16,REAL,2680070330,10250,2680080580,2680080580
2025-06-19 00:04:18,REAL,2680080580,10317,2680090897,2680090897
2025-06-19 00:04:20,REAL,2680090897,6213,2680097110,2680097110
2025-06-19 00:04:22,REAL,2680097110,487,2680097597,2680097597
2025-06-19 00:04:24,REAL,2680097597,487,2680098084,2680098084
2025-06-19 00:04:26,REAL,2680098084,482,2680098566,2680098566
2025-06-19 00:04:28,REAL,2680098566,488,2680099054,2680099054
2025-06-19 00:04:30,REAL,2680099054,486,2680099540,2680099540
2025-06-19 00:04:32,REAL,2680099540,491,2680100031,2680100031
2025-06-19 00:04:34,REAL,2680100031,487,2680100518,2680100518
2025-06-19 00:04:36,REAL,2680100518,489,2680101007,2680101007
2025-06-19 00:04:38,REAL,2680101007,481,2680101488,2680101488
2025-06-19 00:04:40,REAL,2680101488,484,2680101972,2680101972
2025-06-19 00:04:42,REAL,2680101972,491,2680102463,2680102463
2025-06-19 00:04:44,REAL,2680102463,486,2680102949,2680102949
2025-06-19 00:04:46,REAL,2680102949,488,2680103437,2680103437
2025-06-19 00:04:48,REAL,2680103437,489,2680103926,2680103926
2025-06-19 00:04:50,REAL,2680103926,482,2680104408,2680104408
2025-06-19 00:04:52,REAL,2680104408,483,2680104891,2680104891
2025-06-19 00:04:54,REAL,2680104891,12436,2680117327,2680117327
2025-06-19 00:04:56,REAL,2680117327,10256,2680127583,2680127583
2025-06-19 00:04:58,REAL,2680127583,10246,2680137829,2680137829
2025-06-19 00:05:00,REAL,2680137829,10253,2680148082,2680148082
2025-06-19 00:05:02,REAL,2680148082,10256,2680158338,2680158338
2025-06-19 00:05:04,REAL,2680158338,10377,2680168715,2680168715
2025-06-19 00:05:06,REAL,2680168715,10256,2680178971,2680178971
2025-06-19 00:05:08,REAL,2680178971,5169,2680184140,2680184140
2025-06-19 00:05:10,REAL,2680184140,483,2680184623,2680184623
2025-06-19 00:05:12,REAL,2680184623,487,2680185110,2680185110
2025-06-19 00:05:14,REAL,2680185110,490,2680185600,2680185600
2025-06-19 00:05:16,REAL,2680185600,479,2680186079,2680186079
2025-06-19 00:05:18,REAL,2680186079,478,2680186557,2680186557
2025-06-19 00:05:20,REAL,2680186557,494,2680187051,2680187051
2025-06-19 00:05:22,REAL,2680187051,479,2680187530,2680187530
2025-06-19 00:05:24,REAL,2680187530,1349,2680188879,2680188879
2025-06-19 00:05:26,REAL,2680188879,15664,2680204543,2680204543
2025-06-19 00:05:28,REAL,2680204543,10323,2680214866,2680214866
2025-06-19 00:05:30,REAL,2680214866,10246,2680225112,2680225112
2025-06-19 00:05:32,REAL,2680225112,10308,2680235420,2680235420
2025-06-19 00:05:34,REAL,2680235420,10255,2680245675,2680245675
2025-06-19 00:05:36,REAL,2680245675,10318,2680255993,2680255993
2025-06-19 00:05:38,REAL,2680255993,10255,2680266248,2680266248
2025-06-19 00:05:40,REAL,2680266248,4573,2680270821,2680270821
2025-06-19 00:05:42,REAL,2680270821,488,2680271309,2680271309
2025-06-19 00:05:44,REAL,2680271309,543,2680271852,2680271852
2025-06-19 00:05:46,REAL,2680271852,487,2680272339,2680272339
2025-06-19 00:05:48,REAL,2680272339,481,2680272820,2680272820
2025-06-19 00:05:50,REAL,2680272820,484,2680273304,2680273304
2025-06-19 00:05:52,REAL,2680273304,480,2680273784,2680273784
2025-06-19 00:05:54,REAL,2680273784,487,2680274271,2680274271
2025-06-19 00:05:56,REAL,2680274271,481,2680274752,2680274752
2025-06-19 00:05:58,REAL,2680274752,481,2680275233,2680275233
2025-06-19 00:06:00,REAL,2680275233,492,2680275725,2680275725
2025-06-19 00:06:02,REAL,2680275725,477,2680276202,2680276202
2025-06-19 00:06:04,REAL,2680276202,482,2680276684,2680276684
2025-06-19 00:06:06,REAL,2680276684,485,2680277169,2680277169
2025-06-19 00:06:08,REAL,2680277169,481,2680277650,2680277650
2025-06-19 00:06:10,REAL,2680277650,478,2680278128,2680278128
2025-06-19 00:06:12,REAL,2680278128,481,2680278609,2680278609
2025-06-19 00:06:14,REAL,2680278609,479,2680279088,2680279088
2025-06-19 00:06:16,REAL,2680279088,540,2680279628,2680279628
2025-06-19 00:06:18,REAL,2680279628,482,2680280110,2680280110
2025-06-19 00:06:20,REAL,2680280110,484,2680280594,2680280594
2025-06-19 00:06:22,REAL,2680280594,484,2680281078,2680281078
2025-06-19 00:06:24,REAL,2680281078,545,2680281623,2680281623
2025-06-19 00:06:26,REAL,2680281623,480,2680282103,2680282103
2025-06-19 00:06:28,REAL,2680282103,482,2680282585,2680282585
2025-06-19 00:06:30,REAL,2680282585,484,2680283069,2680283069
2025-06-19 00:06:32,REAL,2680283069,481,2680283550,2680283550
2025-06-19 00:06:34,REAL,2680283550,486,2680284036,2680284036
2025-06-19 00:06:36,REAL,2680284036,482,2680284518,2680284518
2025-06-19 00:06:38,REAL,2680284518,487,2680285005,2680285005
2025-06-19 00:06:40,REAL,2680285005,488,2680285493,2680285493
2025-06-19 00:06:42,REAL,2680285493,488,2680285981,2680285981
2025-06-19 00:06:44,REAL,2680285981,483,2680286464,2680286464
2025-06-19 00:06:46,REAL,2680286464,484,2680286948,2680286948
2025-06-19 00:06:48,REAL,2680286948,490,2680287438,2680287438
2025-06-19 00:06:50,REAL,2680287438,478,2680287916,2680287916
2025-06-19 00:06:52,REAL,2680287916,491,2680288407,2680288407
2025-06-19 00:06:54,REAL,2680288407,482,2680288889,2680288889
2025-06-19 00:06:56,REAL,2680288889,485,2680289374,2680289374
2025-06-19 00:06:58,REAL,2680289374,489,2680289863,2680289863
2025-06-19 00:07:00,REAL,2680289863,481,2680290344,2680290344
2025-06-19 00:07:02,REAL,2680290344,591,2680290935,2680290935
2025-06-19 00:07:04,REAL,2680290935,494,2680291429,2680291429
2025-06-19 00:07:06,REAL,2680291429,486,2680291915,2680291915
2025-06-19 00:07:08,REAL,2680291915,477,2680292392,2680292392
2025-06-19 00:07:10,REAL,2680292392,486,2680292878,2680292878
2025-06-19 00:07:12,REAL,2680292878,488,2680293366,2680293366
2025-06-19 00:07:14,REAL,2680293366,484,2680293850,2680293850
2025-06-19 00:07:16,REAL,2680293850,481,2680294331,2680294331
2025-06-19 00:07:18,REAL,2680294331,488,2680294819,2680294819
2025-06-19 00:07:20,REAL,2680294819,474,2680295293,2680295293
2025-06-19 00:07:22,REAL,2680295293,488,2680295781,2680295781
2025-06-19 00:07:24,REAL,2680295781,489,2680296270,2680296270
2025-06-19 00:07:26,REAL,2680296270,484,2680296754,2680296754
2025-06-19 00:07:28,REAL,2680296754,492,2680297246,2680297246
2025-06-19 00:07:30,REAL,2680297246,483,2680297729,2680297729
2025-06-19 00:07:32,REAL,2680297729,481,2680298210,2680298210
2025-06-19 00:07:34,REAL,2680298210,481,2680298691,2680298691
2025-06-19 00:07:36,REAL,2680298691,483,2680299174,2680299174
2025-06-19 00:07:38,REAL,2680299174,485,2680299659,2680299659
2025-06-19 00:07:40,REAL,2680299659,480,2680300139,2680300139
2025-06-19 00:07:42,REAL,2680300139,531,2680300670,2680300670
2025-06-19 00:07:44,REAL,2680300670,477,2680301147,2680301147
2025-06-19 00:07:46,REAL,2680301147,542,2680301689,2680301689
2025-06-19 00:07:48,REAL,2680301689,485,2680302174,2680302174
2025-06-19 00:07:50,REAL,2680302174,242,2680302416,2680302416
2025-06-19 00:07:52,REAL,2680302416,477,2680302893,2680302893
2025-06-19 00:07:54,REAL,2680302893,489,2680303382,2680303382
2025-06-19 00:07:56,REAL,2680303382,481,2680303863,2680303863
2025-06-19 00:07:58,REAL,2680303863,480,2680304343,2680304343
2025-06-19 00:08:00,REAL,2680304343,489,2680304832,2680304832
2025-06-19 00:08:02,REAL,2680304832,480,2680305312,2680305312
2025-06-19 00:08:04,REAL,2680305312,480,2680305792,2680305792
2025-06-19 00:08:06,REAL,2680305792,486,2680306278,2680306278
2025-06-19 00:08:08,REAL,2680306278,488,2680306766,2680306766
2025-06-19 00:08:10,REAL,2680306766,484,2680307250,2680307250
2025-06-19 00:08:12,REAL,2680307250,492,2680307742,2680307742
2025-06-19 00:08:14,REAL,2680307742,487,2680308229,2680308229
2025-06-19 00:08:16,REAL,2680308229,479,2680308708,2680308708
2025-06-19 00:08:18,REAL,2680308708,476,2680309184,2680309184
2025-06-19 00:08:20,REAL,2680309184,542,2680309726,2680309726
2025-06-19 00:08:22,REAL,2680309726,481,2680310207,2680310207
2025-06-19 00:08:24,REAL,2680310207,487,2680310694,2680310694
2025-06-19 00:08:26,REAL,2680310694,485,2680311179,2680311179
2025-06-19 00:08:28,REAL,2680311179,492,2680311671,2680311671
2025-06-19 00:08:30,REAL,2680311671,480,2680312151,2680312151
2025-06-19 00:08:32,REAL,2680312151,539,2680312690,2680312690
2025-06-19 00:08:34,REAL,2680312690,484,2680313174,2680313174
2025-06-19 00:08:36,REAL,2680313174,492,2680313666,2680313666
2025-06-19 00:08:38,REAL,2680313666,482,2680314148,2680314148
2025-06-19 00:08:40,REAL,2680314148,480,2680314628,2680314628
2025-06-19 00:08:42,REAL,2680314628,11450,2680326078,2680326078
2025-06-19 00:08:44,REAL,2680326078,10252,2680336330,2680336330
2025-06-19 00:08:46,REAL,2680336330,10246,2680346576,2680346576
2025-06-19 00:08:48,REAL,2680346576,10247,2680356823,2680356823
2025-06-19 00:08:50,REAL,2680356823,10244,2680367067,2680367067
2025-06-19 00:08:52,REAL,2680367067,10254,2680377321,2680377321
2025-06-19 00:08:54,REAL,2680377321,10259,2680387580,2680387580
2025-06-19 00:08:56,REAL,2680387580,5562,2680393142,2680393142
2025-06-19 00:08:58,REAL,2680393142,537,2680393679,2680393679
2025-06-19 00:09:00,REAL,2680393679,485,2680394164,2680394164
2025-06-19 00:09:02,REAL,2680394164,483,2680394647,2680394647
2025-06-19 00:09:04,REAL,2680394647,486,2680395133,2680395133
2025-06-19 00:09:06,REAL,2680395133,483,2680395616,2680395616
2025-06-19 00:09:08,REAL,2680395616,484,2680396100,2680396100
2025-06-19 00:09:10,REAL,2680396100,486,2680396586,2680396586
2025-06-19 00:09:12,REAL,2680396586,482,2680397068,2680397068
2025-06-19 00:09:14,REAL,2680397068,479,2680397547,2680397547
2025-06-19 00:09:16,REAL,2680397547,493,2680398040,2680398040
2025-06-19 00:09:18,REAL,2680398040,482,2680398522,2680398522
2025-06-19 00:09:20,REAL,2680398522,480,2680399002,2680399002
2025-06-19 00:09:22,REAL,2680399002,483,2680399485,2680399485
2025-06-19 00:09:24,REAL,2680399485,482,2680399967,2680399967
2025-06-19 00:09:26,REAL,2680399967,536,2680400503,2680400503
2025-06-19 00:09:28,REAL,2680400503,949,2680401452,2680401452
2025-06-19 00:09:30,REAL,2680401452,11962,2680413414,2680413414
2025-06-19 00:09:32,REAL,2680413414,10250,2680423664,2680423664
2025-06-19 00:09:34,REAL,2680423664,10260,2680433924,2680433924
2025-06-19 00:09:36,REAL,2680433924,10372,2680444296,2680444296
2025-06-19 00:09:38,REAL,2680444296,10254,2680454550,2680454550
2025-06-19 00:09:40,REAL,2680454550,10251,2680464801,2680464801
2025-06-19 00:09:42,REAL,2680464801,10327,2680475128,2680475128
2025-06-19 00:09:44,REAL,2680475128,4708,2680479836,2680479836
2025-06-19 00:09:46,REAL,2680479836,483,2680480319,2680480319
2025-06-19 00:09:48,REAL,2680480319,483,2680480802,2680480802
2025-06-19 00:09:50,REAL,2680480802,488,2680481290,2680481290
2025-06-19 00:09:52,REAL,2680481290,487,2680481777,2680481777
2025-06-19 00:09:54,REAL,2680481777,479,2680482256,2680482256
2025-06-19 00:09:56,REAL,2680482256,485,2680482741,2680482741
2025-06-19 00:09:58,REAL,2680482741,484,2680483225,2680483225
2025-06-19 00:10:00,REAL,2680483225,492,2680483717,2680483717
2025-06-19 00:10:02,REAL,2680483717,491,2680484208,2680484208
2025-06-19 00:10:04,REAL,2680484208,484,2680484692,2680484692
2025-06-19 00:10:06,REAL,2680484692,484,2680485176,2680485176
2025-06-19 00:10:08,REAL,2680485176,534,2680485710,2680485710
2025-06-19 00:10:10,REAL,2680485710,483,2680486193,2680486193
2025-06-19 00:10:12,REAL,2680486193,491,2680486684,2680486684
2025-06-19 00:10:14,REAL,2680486684,543,2680487227,2680487227
2025-06-19 00:10:16,REAL,2680487227,491,2680487718,2680487718
2025-06-19 00:10:18,REAL,2680487718,485,2680488203,2680488203
2025-06-19 00:10:20,REAL,2680488203,476,2680488679,2680488679
2025-06-19 00:10:22,REAL,2680488679,476,2680489155,2680489155
2025-06-19 00:10:24,REAL,2680489155,476,2680489631,2680489631
2025-06-19 00:10:26,REAL,2680489631,487,2680490118,2680490118
2025-06-19 00:10:28,REAL,2680490118,484,2680490602,2680490602
2025-06-19 00:10:30,REAL,2680490602,478,2680491080,2680491080
2025-06-19 00:10:32,REAL,2680491080,486,2680491566,2680491566
2025-06-19 00:10:34,REAL,2680491566,487,2680492053,2680492053
2025-06-19 00:10:36,REAL,2680492053,478,2680492531,2680492531
2025-06-19 00:10:38,REAL,2680492531,491,2680493022,2680493022
2025-06-19 00:10:40,REAL,2680493022,487,2680493509,2680493509
2025-06-19 00:10:42,REAL,2680493509,782,2680494291,2680494291
2025-06-19 00:10:44,REAL,2680494291,238,2680494529,2680494529
2025-06-19 00:10:46,REAL,2680494529,478,2680495007,2680495007
2025-06-19 00:10:48,REAL,2680495007,3002,2680498009,2680498009
2025-06-19 00:10:50,REAL,2680498009,11847,2680509856,2680509856
2025-06-19 00:10:52,REAL,2680509856,10320,2680520176,2680520176
2025-06-19 00:10:54,REAL,2680520176,10248,2680530424,2680530424
2025-06-19 00:10:56,REAL,2680530424,10256,2680540680,2680540680
2025-06-19 00:10:58,REAL,2680540680,10319,2680550999,2680550999
2025-06-19 00:11:00,REAL,2680550999,10254,2680561253,2680561253
2025-06-19 00:11:02,REAL,2680561253,10261,2680571514,2680571514
2025-06-19 00:11:04,REAL,2680571514,3124,2680574638,2680574638
2025-06-19 00:11:06,REAL,2680574638,484,2680575122,2680575122
2025-06-19 00:11:08,REAL,2680575122,474,2680575596,2680575596
2025-06-19 00:11:10,REAL,2680575596,482,2680576078,2680576078
2025-06-19 00:11:12,REAL,2680576078,485,2680576563,2680576563
2025-06-19 00:11:14,REAL,2680576563,541,2680577104,2680577104
2025-06-19 00:11:16,REAL,2680577104,491,2680577595,2680577595
2025-06-19 00:11:18,REAL,2680577595,484,2680578079,2680578079
2025-06-19 00:11:20,REAL,2680578079,479,2680578558,2680578558
2025-06-19 00:11:22,REAL,2680578558,486,2680579044,2680579044
2025-06-19 00:11:24,REAL,2680579044,486,2680579530,2680579530
2025-06-19 00:11:26,REAL,2680579530,486,2680580016,2680580016
2025-06-19 00:11:28,REAL,2680580016,488,2680580504,2680580504
2025-06-19 00:11:30,REAL,2680580504,490,2680580994,2680580994
2025-06-19 00:11:32,REAL,2680580994,481,2680581475,2680581475
2025-06-19 00:11:34,REAL,2680581475,483,2680581958,2680581958
2025-06-19 00:11:36,REAL,2680581958,540,2680582498,2680582498
2025-06-19 00:11:38,REAL,2680582498,479,2680582977,2680582977
2025-06-19 00:11:40,REAL,2680582977,478,2680583455,2680583455
2025-06-19 00:11:42,REAL,2680583455,485,2680583940,2680583940
2025-06-19 00:11:44,REAL,2680583940,480,2680584420,2680584420
2025-06-19 00:11:46,REAL,2680584420,540,2680584960,2680584960
2025-06-19 00:11:48,REAL,2680584960,480,2680585440,2680585440
2025-06-19 00:11:50,REAL,2680585440,475,2680585915,2680585915
2025-06-19 00:11:52,REAL,2680585915,480,2680586395,2680586395
2025-06-19 00:11:54,REAL,2680586395,488,2680586883,2680586883
2025-06-19 00:11:56,REAL,2680586883,484,2680587367,2680587367
2025-06-19 00:11:58,REAL,2680587367,490,2680587857,2680587857
2025-06-19 00:12:00,REAL,2680587857,491,2680588348,2680588348
2025-06-19 00:12:02,REAL,2680588348,485,2680588833,2680588833
2025-06-19 00:12:04,REAL,2680588833,489,2680589322,2680589322
2025-06-19 00:12:06,REAL,2680589322,539,2680589861,2680589861
2025-06-19 00:12:08,REAL,2680589861,477,2680590338,2680590338
2025-06-19 00:12:10,REAL,2680590338,488,2680590826,2680590826
2025-06-19 00:12:12,REAL,2680590826,481,2680591307,2680591307
2025-06-19 00:12:14,REAL,2680591307,480,2680591787,2680591787
2025-06-19 00:12:16,REAL,2680591787,476,2680592263,2680592263
2025-06-19 00:12:18,REAL,2680592263,493,2680592756,2680592756
2025-06-19 00:12:20,REAL,2680592756,539,2680593295,2680593295
2025-06-19 00:12:22,REAL,2680593295,484,2680593779,2680593779
2025-06-19 00:12:24,REAL,2680593779,477,2680594256,2680594256
2025-06-19 00:12:26,REAL,2680594256,484,2680594740,2680594740
2025-06-19 00:12:28,REAL,2680594740,493,2680595233,2680595233
2025-06-19 00:12:30,REAL,2680595233,10926,2680606159,2680606159
2025-06-19 00:12:32,REAL,2680606159,10314,2680616473,2680616473
2025-06-19 00:12:34,REAL,2680616473,10246,2680626719,2680626719
2025-06-19 00:12:36,REAL,2680626719,10251,2680636970,2680636970
2025-06-19 00:12:38,REAL,2680636970,10311,2680647281,2680647281
2025-06-19 00:12:40,REAL,2680647281,10252,2680657533,2680657533
2025-06-19 00:12:42,REAL,2680657533,10257,2680667790,2680667790
2025-06-19 00:12:44,REAL,2680667790,6095,2680673885,2680673885
2025-06-19 00:12:46,REAL,2680673885,479,2680674364,2680674364
2025-06-19 00:12:48,REAL,2680674364,481,2680674845,2680674845
2025-06-19 00:12:50,REAL,2680674845,486,2680675331,2680675331
2025-06-19 00:12:52,REAL,2680675331,536,2680675867,2680675867
2025-06-19 00:12:54,REAL,2680675867,488,2680676355,2680676355
2025-06-19 00:12:56,REAL,2680676355,488,2680676843,2680676843
2025-06-19 00:12:58,REAL,2680676843,483,2680677326,2680677326
2025-06-19 00:13:00,REAL,2680677326,542,2680677868,2680677868
2025-06-19 00:13:02,REAL,2680677868,483,2680678351,2680678351
2025-06-19 00:13:04,REAL,2680678351,481,2680678832,2680678832
2025-06-19 00:13:06,REAL,2680678832,489,2680679321,2680679321
2025-06-19 00:13:08,REAL,2680679321,483,2680679804,2680679804
2025-06-19 00:13:10,REAL,2680679804,484,2680680288,2680680288
2025-06-19 00:13:12,REAL,2680680288,487,2680680775,2680680775
2025-06-19 00:13:14,REAL,2680680775,478,2680681253,2680681253
2025-06-19 00:13:16,REAL,2680681253,481,2680681734,2680681734
2025-06-19 00:13:18,REAL,2680681734,485,2680682219,2680682219
2025-06-19 00:13:20,REAL,2680682219,477,2680682696,2680682696
2025-06-19 00:13:22,REAL,2680682696,486,2680683182,2680683182
2025-06-19 00:13:24,REAL,2680683182,546,2680683728,2680683728
2025-06-19 00:13:26,REAL,2680683728,491,2680684219,2680684219
2025-06-19 00:13:28,REAL,2680684219,487,2680684706,2680684706
2025-06-19 00:13:30,REAL,2680684706,537,2680685243,2680685243
2025-06-19 00:13:32,REAL,2680685243,485,2680685728,2680685728
2025-06-19 00:13:34,REAL,2680685728,481,2680686209,2680686209
2025-06-19 00:13:36,REAL,2680686209,487,2680686696,2680686696
2025-06-19 00:13:38,REAL,2680686696,483,2680687179,2680687179
2025-06-19 00:13:40,REAL,2680687179,481,2680687660,2680687660
2025-06-19 00:13:42,REAL,2680687660,481,2680688141,2680688141
2025-06-19 00:13:44,REAL,2680688141,487,2680688628,2680688628
2025-06-19 00:13:46,REAL,2680688628,482,2680689110,2680689110
2025-06-19 00:13:48,REAL,2680689110,481,2680689591,2680689591
2025-06-19 00:13:50,REAL,2680689591,484,2680690075,2680690075
2025-06-19 00:13:52,REAL,2680690075,482,2680690557,2680690557
2025-06-19 00:13:54,REAL,2680690557,484,2680691041,2680691041
2025-06-19 00:13:56,REAL,2680691041,487,2680691528,2680691528
2025-06-19 00:13:58,REAL,2680691528,600,2680692128,2680692128
2025-06-19 00:14:00,REAL,2680692128,486,2680692614,2680692614
2025-06-19 00:14:02,REAL,2680692614,484,2680693098,2680693098
2025-06-19 00:14:04,REAL,2680693098,485,2680693583,2680693583
2025-06-19 00:14:06,REAL,2680693583,485,2680694068,2680694068
2025-06-19 00:14:08,REAL,2680694068,485,2680694553,2680694553
2025-06-19 00:14:10,REAL,2680694553,494,2680695047,2680695047
2025-06-19 00:14:12,REAL,2680695047,489,2680695536,2680695536
2025-06-19 00:14:14,REAL,2680695536,484,2680696020,2680696020
2025-06-19 00:14:16,REAL,2680696020,492,2680696512,2680696512
2025-06-19 00:14:18,REAL,2680696512,483,2680696995,2680696995
2025-06-19 00:14:20,REAL,2680696995,487,2680697482,2680697482
2025-06-19 00:14:22,REAL,2680697482,489,2680697971,2680697971
2025-06-19 00:14:24,REAL,2680697971,479,2680698450,2680698450
2025-06-19 00:14:26,REAL,2680698450,481,2680698931,2680698931
2025-06-19 00:14:28,REAL,2680698931,537,2680699468,2680699468
2025-06-19 00:14:30,REAL,2680699468,541,2680700009,2680700009
2025-06-19 00:14:32,REAL,2680700009,487,2680700496,2680700496
2025-06-19 00:14:34,REAL,2680700496,493,2680700989,2680700989
2025-06-19 00:14:36,REAL,2680700989,486,2680701475,2680701475
2025-06-19 00:14:38,REAL,2680701475,476,2680701951,2680701951
2025-06-19 00:14:40,REAL,2680701951,484,2680702435,2680702435
2025-06-19 00:14:42,REAL,2680702435,486,2680702921,2680702921
2025-06-19 00:14:44,REAL,2680702921,478,2680703399,2680703399
2025-06-19 00:14:46,REAL,2680703399,476,2680703875,2680703875
2025-06-19 00:14:48,REAL,2680703875,480,2680704355,2680704355
2025-06-19 00:14:50,REAL,2680704355,481,2680704836,2680704836
2025-06-19 00:14:52,REAL,2680704836,3066,2680707902,2680707902
2025-06-19 00:14:54,REAL,2680707902,11619,2680719521,2680719521
2025-06-19 00:14:56,REAL,2680719521,10243,2680729764,2680729764
2025-06-19 00:14:58,REAL,2680729764,10313,2680740077,2680740077
2025-06-19 00:15:00,REAL,2680740077,10252,2680750329,2680750329
2025-06-19 00:15:02,REAL,2680750329,10255,2680760584,2680760584
2025-06-19 00:15:04,REAL,2680760584,10320,2680770904,2680770904
2025-06-19 00:15:06,REAL,2680770904,10247,2680781151,2680781151
2025-06-19 00:15:08,REAL,2680781151,3324,2680784475,2680784475
2025-06-19 00:15:10,REAL,2680784475,489,2680784964,2680784964
2025-06-19 00:15:12,REAL,2680784964,479,2680785443,2680785443
2025-06-19 00:15:14,REAL,2680785443,485,2680785928,2680785928
2025-06-19 00:15:16,REAL,2680785928,479,2680786407,2680786407
2025-06-19 00:15:18,REAL,2680786407,487,2680786894,2680786894
2025-06-19 00:15:20,REAL,2680786894,542,2680787436,2680787436
2025-06-19 00:15:22,REAL,2680787436,537,2680787973,2680787973
2025-06-19 00:15:24,REAL,2680787973,3465,2680791438,2680791438
2025-06-19 00:15:26,REAL,2680791438,11310,2680802748,2680802748
2025-06-19 00:15:28,REAL,2680802748,10246,2680812994,2680812994
2025-06-19 00:15:30,REAL,2680812994,10316,2680823310,2680823310
2025-06-19 00:15:32,REAL,2680823310,10248,2680833558,2680833558
2025-06-19 00:15:34,REAL,2680833558,10254,2680843812,2680843812
2025-06-19 00:15:36,REAL,2680843812,10259,2680854071,2680854071
2025-06-19 00:15:38,REAL,2680854071,10320,2680864391,2680864391
2025-06-19 00:15:40,REAL,2680864391,2595,2680866986,2680866986
2025-06-19 00:15:42,REAL,2680866986,479,2680867465,2680867465
2025-06-19 00:15:44,REAL,2680867465,539,2680868004,2680868004
2025-06-19 00:15:46,REAL,2680868004,488,2680868492,2680868492
2025-06-19 00:15:48,REAL,2680868492,485,2680868977,2680868977
2025-06-19 00:15:50,REAL,2680868977,492,2680869469,2680869469
2025-06-19 00:15:52,REAL,2680869469,488,2680869957,2680869957
2025-06-19 00:15:54,REAL,2680869957,535,2680870492,2680870492
2025-06-19 00:15:56,REAL,2680870492,486,2680870978,2680870978
2025-06-19 00:15:58,REAL,2680870978,490,2680871468,2680871468
2025-06-19 00:16:00,REAL,2680871468,484,2680871952,2680871952
2025-06-19 00:16:02,REAL,2680871952,490,2680872442,2680872442
2025-06-19 00:16:04,REAL,2680872442,489,2680872931,2680872931
2025-06-19 00:16:06,REAL,2680872931,480,2680873411,2680873411
2025-06-19 00:16:08,REAL,2680873411,478,2680873889,2680873889
2025-06-19 00:16:10,REAL,2680873889,540,2680874429,2680874429
2025-06-19 00:16:12,REAL,2680874429,482,2680874911,2680874911
2025-06-19 00:16:14,REAL,2680874911,476,2680875387,2680875387
2025-06-19 00:16:16,REAL,2680875387,477,2680875864,2680875864
2025-06-19 00:16:18,REAL,2680875864,10269,2680886133,2680886133
2025-06-19 00:16:20,REAL,2680886133,10517,2680896650,2680896650
2025-06-19 00:16:22,REAL,2680896650,10257,2680906907,2680906907
2025-06-19 00:16:24,REAL,2680906907,10317,2680917224,2680917224
2025-06-19 00:16:26,REAL,2680917224,10251,2680927475,2680927475
2025-06-19 00:16:28,REAL,2680927475,10249,2680937724,2680937724
2025-06-19 00:16:30,REAL,2680937724,10255,2680947979,2680947979
2025-06-19 00:16:32,REAL,2680947979,6687,2680954666,2680954666
2025-06-19 00:16:34,REAL,2680954666,477,2680955143,2680955143
2025-06-19 00:16:36,REAL,2680955143,540,2680955683,2680955683
2025-06-19 00:16:38,REAL,2680955683,541,2680956224,2680956224
2025-06-19 00:16:40,REAL,2680956224,486,2680956710,2680956710
2025-06-19 00:16:42,REAL,2680956710,487,2680957197,2680957197
2025-06-19 00:16:44,REAL,2680957197,484,2680957681,2680957681
2025-06-19 00:16:46,REAL,2680957681,476,2680958157,2680958157
2025-06-19 00:16:48,REAL,2680958157,487,2680958644,2680958644
2025-06-19 00:16:50,REAL,2680958644,477,2680959121,2680959121
2025-06-19 00:16:52,REAL,2680959121,492,2680959613,2680959613
2025-06-19 00:16:54,REAL,2680959613,493,2680960106,2680960106
2025-06-19 00:16:56,REAL,2680960106,484,2680960590,2680960590
2025-06-19 00:16:58,REAL,2680960590,543,2680961133,2680961133
2025-06-19 00:17:00,REAL,2680961133,541,2680961674,2680961674
2025-06-19 00:17:02,REAL,2680961674,484,2680962158,2680962158
2025-06-19 00:17:04,REAL,2680962158,481,2680962639,2680962639
2025-06-19 00:17:06,REAL,2680962639,490,2680963129,2680963129
2025-06-19 00:17:08,REAL,2680963129,494,2680963623,2680963623
2025-06-19 00:17:10,REAL,2680963623,483,2680964106,2680964106
2025-06-19 00:17:12,REAL,2680964106,485,2680964591,2680964591
2025-06-19 00:17:14,REAL,2680964591,478,2680965069,2680965069
2025-06-19 00:17:16,REAL,2680965069,476,2680965545,2680965545
2025-06-19 00:17:18,REAL,2680965545,490,2680966035,2680966035
2025-06-19 00:17:20,REAL,2680966035,536,2680966571,2680966571
2025-06-19 00:17:22,REAL,2680966571,484,2680967055,2680967055
2025-06-19 00:17:24,REAL,2680967055,542,2680967597,2680967597
2025-06-19 00:17:26,REAL,2680967597,488,2680968085,2680968085
2025-06-19 00:17:28,REAL,2680968085,489,2680968574,2680968574
2025-06-19 00:17:30,REAL,2680968574,485,2680969059,2680969059
2025-06-19 00:17:32,REAL,2680969059,487,2680969546,2680969546
2025-06-19 00:17:34,REAL,2680969546,479,2680970025,2680970025
2025-06-19 00:17:36,REAL,2680970025,485,2680970510,2680970510
2025-06-19 00:17:38,REAL,2680970510,486,2680970996,2680970996
2025-06-19 00:17:40,REAL,2680970996,542,2680971538,2680971538
2025-06-19 00:17:42,REAL,2680971538,478,2680972016,2680972016
2025-06-19 00:17:44,REAL,2680972016,484,2680972500,2680972500
2025-06-19 00:17:46,REAL,2680972500,492,2680972992,2680972992
2025-06-19 00:17:48,REAL,2680972992,537,2680973529,2680973529
2025-06-19 00:17:50,REAL,2680973529,483,2680974012,2680974012
2025-06-19 00:17:52,REAL,2680974012,822,2680974834,2680974834
2025-06-19 00:17:54,REAL,2680974834,15204,2680990038,2680990038
2025-06-19 00:17:56,REAL,2680990038,10322,2681000360,2681000360
2025-06-19 00:17:58,REAL,2681000360,10255,2681010615,2681010615
2025-06-19 00:18:00,REAL,2681010615,10248,2681020863,2681020863
2025-06-19 00:18:02,REAL,2681020863,10252,2681031115,2681031115
2025-06-19 00:18:04,REAL,2681031115,10313,2681041428,2681041428
2025-06-19 00:18:06,REAL,2681041428,10252,2681051680,2681051680
2025-06-19 00:18:08,REAL,2681051680,4774,2681056454,2681056454
2025-06-19 00:18:10,REAL,2681056454,478,2681056932,2681056932
2025-06-19 00:18:12,REAL,2681056932,488,2681057420,2681057420
2025-06-19 00:18:14,REAL,2681057420,593,2681058013,2681058013
2025-06-19 00:18:16,REAL,2681058013,485,2681058498,2681058498
2025-06-19 00:18:18,REAL,2681058498,478,2681058976,2681058976
2025-06-19 00:18:20,REAL,2681058976,480,2681059456,2681059456
2025-06-19 00:18:22,REAL,2681059456,485,2681059941,2681059941
2025-06-19 00:18:24,REAL,2681059941,483,2681060424,2681060424
2025-06-19 00:18:26,REAL,2681060424,480,2681060904,2681060904
2025-06-19 00:18:28,REAL,2681060904,483,2681061387,2681061387
2025-06-19 00:18:30,REAL,2681061387,485,2681061872,2681061872
2025-06-19 00:18:32,REAL,2681061872,480,2681062352,2681062352
2025-06-19 00:18:34,REAL,2681062352,544,2681062896,2681062896
2025-06-19 00:18:36,REAL,2681062896,488,2681063384,2681063384
2025-06-19 00:18:38,REAL,2681063384,544,2681063928,2681063928
2025-06-19 00:18:40,REAL,2681063928,486,2681064414,2681064414
2025-06-19 00:18:42,REAL,2681064414,487,2681064901,2681064901
2025-06-19 00:18:44,REAL,2681064901,491,2681065392,2681065392
2025-06-19 00:18:46,REAL,2681065392,486,2681065878,2681065878
2025-06-19 00:18:48,REAL,2681065878,493,2681066371,2681066371
2025-06-19 00:18:50,REAL,2681066371,489,2681066860,2681066860
2025-06-19 00:18:52,REAL,2681066860,477,2681067337,2681067337
2025-06-19 00:18:54,REAL,2681067337,487,2681067824,2681067824
2025-06-19 00:18:56,REAL,2681067824,536,2681068360,2681068360
2025-06-19 00:18:58,REAL,2681068360,483,2681068843,2681068843
2025-06-19 00:19:00,REAL,2681068843,479,2681069322,2681069322
2025-06-19 00:19:02,REAL,2681069322,547,2681069869,2681069869
2025-06-19 00:19:04,REAL,2681069869,490,2681070359,2681070359
2025-06-19 00:19:06,REAL,2681070359,483,2681070842,2681070842
2025-06-19 00:19:08,REAL,2681070842,480,2681071322,2681071322
2025-06-19 00:19:10,REAL,2681071322,492,2681071814,2681071814
2025-06-19 00:19:12,REAL,2681071814,479,2681072293,2681072293
2025-06-19 00:19:14,REAL,2681072293,483,2681072776,2681072776
2025-06-19 00:19:16,REAL,2681072776,538,2681073314,2681073314
2025-06-19 00:19:18,REAL,2681073314,10589,2681083903,2681083903
2025-06-19 00:19:20,REAL,2681083903,12042,2681095945,2681095945
2025-06-19 00:19:22,REAL,2681095945,10256,2681106201,2681106201
2025-06-19 00:19:24,REAL,2681106201,10319,2681116520,2681116520
2025-06-19 00:19:26,REAL,2681116520,10255,2681126775,2681126775
2025-06-19 00:19:28,REAL,2681126775,10306,2681137081,2681137081
2025-06-19 00:19:30,REAL,2681137081,10323,2681147404,2681147404
2025-06-19 00:19:32,REAL,2681147404,8138,2681155542,2681155542
2025-06-19 00:19:34,REAL,2681155542,492,2681156034,2681156034
2025-06-19 00:19:36,REAL,2681156034,475,2681156509,2681156509
2025-06-19 00:19:38,REAL,2681156509,540,2681157049,2681157049
2025-06-19 00:19:40,REAL,2681157049,478,2681157527,2681157527
2025-06-19 00:19:42,REAL,2681157527,484,2681158011,2681158011
2025-06-19 00:19:44,REAL,2681158011,485,2681158496,2681158496
2025-06-19 00:19:46,REAL,2681158496,484,2681158980,2681158980
2025-06-19 00:19:48,REAL,2681158980,485,2681159465,2681159465
2025-06-19 00:19:50,REAL,2681159465,9525,2681168990,2681168990
2025-06-19 00:19:52,REAL,2681168990,10716,2681179706,2681179706
2025-06-19 00:19:54,REAL,2681179706,10306,2681190012,2681190012
2025-06-19 00:19:56,REAL,2681190012,10244,2681200256,2681200256
2025-06-19 00:19:58,REAL,2681200256,10250,2681210506,2681210506
2025-06-19 00:20:00,REAL,2681210506,10254,2681220760,2681220760
2025-06-19 00:20:02,REAL,2681220760,10318,2681231078,2681231078
2025-06-19 00:20:04,REAL,2681231078,7477,2681238555,2681238555
2025-06-19 00:20:06,REAL,2681238555,481,2681239036,2681239036
2025-06-19 00:20:08,REAL,2681239036,475,2681239511,2681239511
2025-06-19 00:20:10,REAL,2681239511,534,2681240045,2681240045
2025-06-19 00:20:12,REAL,2681240045,479,2681240524,2681240524
2025-06-19 00:20:14,REAL,2681240524,491,2681241015,2681241015
2025-06-19 00:20:16,REAL,2681241015,489,2681241504,2681241504
2025-06-19 00:20:18,REAL,2681241504,541,2681242045,2681242045
2025-06-19 00:20:20,REAL,2681242045,481,2681242526,2681242526
2025-06-19 00:20:22,REAL,2681242526,489,2681243015,2681243015
2025-06-19 00:20:24,REAL,2681243015,491,2681243506,2681243506
2025-06-19 00:20:26,REAL,2681243506,486,2681243992,2681243992
2025-06-19 00:20:28,REAL,2681243992,488,2681244480,2681244480
2025-06-19 00:20:30,REAL,2681244480,542,2681245022,2681245022
2025-06-19 00:20:32,REAL,2681245022,479,2681245501,2681245501
2025-06-19 00:20:34,REAL,2681245501,486,2681245987,2681245987
2025-06-19 00:20:36,REAL,2681245987,483,2681246470,2681246470
2025-06-19 00:20:38,REAL,2681246470,477,2681246947,2681246947
2025-06-19 00:20:40,REAL,2681246947,481,2681247428,2681247428
2025-06-19 00:20:42,REAL,2681247428,542,2681247970,2681247970
2025-06-19 00:20:44,REAL,2681247970,483,2681248453,2681248453
2025-06-19 00:20:46,REAL,2681248453,480,2681248933,2681248933
2025-06-19 00:20:48,REAL,2681248933,486,2681249419,2681249419
2025-06-19 00:20:50,REAL,2681249419,486,2681249905,2681249905
2025-06-19 00:20:52,REAL,2681249905,537,2681250442,2681250442
2025-06-19 00:20:54,REAL,2681250442,10662,2681261104,2681261104
2025-06-19 00:20:56,REAL,2681261104,10324,2681271428,2681271428
2025-06-19 00:20:58,REAL,2681271428,10259,2681281687,2681281687
2025-06-19 00:21:00,REAL,2681281687,10309,2681291996,2681291996
2025-06-19 00:21:02,REAL,2681291996,10255,2681302251,2681302251
2025-06-19 00:21:04,REAL,2681302251,10257,2681312508,2681312508
2025-06-19 00:21:06,REAL,2681312508,10249,2681322757,2681322757
2025-06-19 00:21:08,REAL,2681322757,6283,2681329040,2681329040
2025-06-19 00:21:10,REAL,2681329040,482,2681329522,2681329522
2025-06-19 00:21:12,REAL,2681329522,482,2681330004,2681330004
2025-06-19 00:21:14,REAL,2681330004,542,2681330546,2681330546
2025-06-19 00:21:16,REAL,2681330546,482,2681331028,2681331028
2025-06-19 00:21:18,REAL,2681331028,487,2681331515,2681331515
2025-06-19 00:21:20,REAL,2681331515,476,2681331991,2681331991
2025-06-19 00:21:22,REAL,2681331991,491,2681332482,2681332482
2025-06-19 00:21:24,REAL,2681332482,482,2681332964,2681332964
2025-06-19 00:21:26,REAL,2681332964,12113,2681345077,2681345077
2025-06-19 00:21:28,REAL,2681345077,10319,2681355396,2681355396
2025-06-19 00:21:30,REAL,2681355396,10252,2681365648,2681365648
2025-06-19 00:21:32,REAL,2681365648,10308,2681375956,2681375956
2025-06-19 00:21:34,REAL,2681375956,10250,2681386206,2681386206
2025-06-19 00:21:36,REAL,2681386206,10327,2681396533,2681396533
2025-06-19 00:21:38,REAL,2681396533,10246,2681406779,2681406779
2025-06-19 00:21:40,REAL,2681406779,5633,2681412412,2681412412
2025-06-19 00:21:42,REAL,2681412412,481,2681412893,2681412893
2025-06-19 00:21:44,REAL,2681412893,485,2681413378,2681413378
2025-06-19 00:21:46,REAL,2681413378,477,2681413855,2681413855
2025-06-19 00:21:48,REAL,2681413855,532,2681414387,2681414387
2025-06-19 00:21:50,REAL,2681414387,489,2681414876,2681414876
2025-06-19 00:21:52,REAL,2681414876,489,2681415365,2681415365
2025-06-19 00:21:54,REAL,2681415365,486,2681415851,2681415851
2025-06-19 00:21:56,REAL,2681415851,548,2681416399,2681416399
2025-06-19 00:21:58,REAL,2681416399,488,2681416887,2681416887
2025-06-19 00:22:00,REAL,2681416887,488,2681417375,2681417375
2025-06-19 00:22:02,REAL,2681417375,482,2681417857,2681417857
2025-06-19 00:22:04,REAL,2681417857,486,2681418343,2681418343
2025-06-19 00:22:06,REAL,2681418343,487,2681418830,2681418830
2025-06-19 00:22:08,REAL,2681418830,483,2681419313,2681419313
2025-06-19 00:22:10,REAL,2681419313,487,2681419800,2681419800
2025-06-19 00:22:12,REAL,2681419800,548,2681420348,2681420348
2025-06-19 00:22:14,REAL,2681420348,479,2681420827,2681420827
2025-06-19 00:22:16,REAL,2681420827,487,2681421314,2681421314
2025-06-19 00:22:18,REAL,2681421314,485,2681421799,2681421799
2025-06-19 00:22:20,REAL,2681421799,537,2681422336,2681422336
2025-06-19 00:22:22,REAL,2681422336,480,2681422816,2681422816
2025-06-19 00:22:24,REAL,2681422816,487,2681423303,2681423303
2025-06-19 00:22:26,REAL,2681423303,491,2681423794,2681423794
2025-06-19 00:22:28,REAL,2681423794,476,2681424270,2681424270
2025-06-19 00:22:30,REAL,2681424270,488,2681424758,2681424758
2025-06-19 00:22:32,REAL,2681424758,481,2681425239,2681425239
2025-06-19 00:22:34,REAL,2681425239,480,2681425719,2681425719
2025-06-19 00:22:36,REAL,2681425719,547,2681426266,2681426266
2025-06-19 00:22:38,REAL,2681426266,482,2681426748,2681426748
2025-06-19 00:22:40,REAL,2681426748,494,2681427242,2681427242
2025-06-19 00:22:42,REAL,2681427242,481,2681427723,2681427723
2025-06-19 00:22:44,REAL,2681427723,491,2681428214,2681428214
2025-06-19 00:22:46,REAL,2681428214,544,2681428758,2681428758
2025-06-19 00:22:48,REAL,2681428758,482,2681429240,2681429240
2025-06-19 00:22:50,REAL,2681429240,481,2681429721,2681429721
2025-06-19 00:22:52,REAL,2681429721,486,2681430207,2681430207
2025-06-19 00:22:54,REAL,2681430207,485,2681430692,2681430692
2025-06-19 00:22:56,REAL,2681430692,487,2681431179,2681431179
2025-06-19 00:22:58,REAL,2681431179,487,2681431666,2681431666
2025-06-19 00:23:00,REAL,2681431666,482,2681432148,2681432148
2025-06-19 00:23:02,REAL,2681432148,540,2681432688,2681432688
2025-06-19 00:23:04,REAL,2681432688,487,2681433175,2681433175
2025-06-19 00:23:06,REAL,2681433175,487,2681433662,2681433662
2025-06-19 00:23:08,REAL,2681433662,480,2681434142,2681434142
2025-06-19 00:23:10,REAL,2681434142,488,2681434630,2681434630
2025-06-19 00:23:12,REAL,2681434630,540,2681435170,2681435170
2025-06-19 00:23:14,REAL,2681435170,478,2681435648,2681435648
2025-06-19 00:23:16,REAL,2681435648,489,2681436137,2681436137
2025-06-19 00:23:18,REAL,2681436137,492,2681436629,2681436629
2025-06-19 00:23:20,REAL,2681436629,477,2681437106,2681437106
2025-06-19 00:23:22,REAL,2681437106,481,2681437587,2681437587
2025-06-19 00:23:24,REAL,2681437587,492,2681438079,2681438079
2025-06-19 00:23:26,REAL,2681438079,544,2681438623,2681438623
2025-06-19 00:23:28,REAL,2681438623,487,2681439110,2681439110
2025-06-19 00:23:30,REAL,2681439110,482,2681439592,2681439592
2025-06-19 00:23:32,REAL,2681439592,487,2681440079,2681440079
2025-06-19 00:23:34,REAL,2681440079,531,2681440610,2681440610
2025-06-19 00:23:36,REAL,2681440610,489,2681441099,2681441099
2025-06-19 00:23:38,REAL,2681441099,492,2681441591,2681441591
2025-06-19 00:23:40,REAL,2681441591,488,2681442079,2681442079
2025-06-19 00:23:42,REAL,2681442079,482,2681442561,2681442561
2025-06-19 00:23:44,REAL,2681442561,485,2681443046,2681443046
2025-06-19 00:23:46,REAL,2681443046,484,2681443530,2681443530
2025-06-19 00:23:48,REAL,2681443530,484,2681444014,2681444014
2025-06-19 00:23:50,REAL,2681444014,539,2681444553,2681444553
2025-06-19 00:23:52,REAL,2681444553,490,2681445043,2681445043
2025-06-19 00:23:54,REAL,2681445043,481,2681445524,2681445524
2025-06-19 00:23:56,REAL,2681445524,488,2681446012,2681446012
2025-06-19 00:23:58,REAL,2681446012,477,2681446489,2681446489
2025-06-19 00:24:00,REAL,2681446489,537,2681447026,2681447026
2025-06-19 00:24:02,REAL,2681447026,479,2681447505,2681447505
2025-06-19 00:24:04,REAL,2681447505,3722,2681451227,2681451227
2025-06-19 00:24:06,REAL,2681451227,11577,2681462804,2681462804
2025-06-19 00:24:08,REAL,2681462804,10252,2681473056,2681473056
2025-06-19 00:24:10,REAL,2681473056,10247,2681483303,2681483303
2025-06-19 00:24:12,REAL,2681483303,10319,2681493622,2681493622
2025-06-19 00:24:14,REAL,2681493622,10190,2681503812,2681503812
2025-06-19 00:24:16,REAL,2681503812,10259,2681514071,2681514071
2025-06-19 00:24:18,REAL,2681514071,10251,2681524322,2681524322
2025-06-19 00:24:20,REAL,2681524322,2535,2681526857,2681526857
2025-06-19 00:24:22,REAL,2681526857,491,2681527348,2681527348
2025-06-19 00:24:24,REAL,2681527348,540,2681527888,2681527888
2025-06-19 00:24:26,REAL,2681527888,475,2681528363,2681528363
2025-06-19 00:24:28,REAL,2681528363,541,2681528904,2681528904
2025-06-19 00:24:30,REAL,2681528904,484,2681529388,2681529388
2025-06-19 00:24:32,REAL,2681529388,485,2681529873,2681529873
2025-06-19 00:24:34,REAL,2681529873,486,2681530359,2681530359
2025-06-19 00:24:36,REAL,2681530359,482,2681530841,2681530841
2025-06-19 00:24:38,REAL,2681530841,490,2681531331,2681531331
2025-06-19 00:24:40,REAL,2681531331,490,2681531821,2681531821
2025-06-19 00:24:42,REAL,2681531821,485,2681532306,2681532306
2025-06-19 00:24:44,REAL,2681532306,484,2681532790,2681532790
2025-06-19 00:24:46,REAL,2681532790,237,2681533027,2681533027
2025-06-19 00:24:48,REAL,2681533027,481,2681533508,2681533508
2025-06-19 00:24:50,REAL,2681533508,540,2681534048,2681534048
2025-06-19 00:24:52,REAL,2681534048,481,2681534529,2681534529
2025-06-19 00:24:54,REAL,2681534529,477,2681535006,2681535006
2025-06-19 00:24:56,REAL,2681535006,540,2681535546,2681535546
2025-06-19 00:24:58,REAL,2681535546,10457,2681546003,2681546003
2025-06-19 00:25:00,REAL,2681546003,10388,2681556391,2681556391
2025-06-19 00:25:02,REAL,2681556391,10260,2681566651,2681566651
2025-06-19 00:25:04,REAL,2681566651,10318,2681576969,2681576969
2025-06-19 00:25:06,REAL,2681576969,10248,2681587217,2681587217
2025-06-19 00:25:08,REAL,2681587217,10255,2681597472,2681597472
2025-06-19 00:25:10,REAL,2681597472,10243,2681607715,2681607715
2025-06-19 00:25:12,REAL,2681607715,6556,2681614271,2681614271
2025-06-19 00:25:14,REAL,2681614271,481,2681614752,2681614752
2025-06-19 00:25:16,REAL,2681614752,484,2681615236,2681615236
2025-06-19 00:25:18,REAL,2681615236,491,2681615727,2681615727
2025-06-19 00:25:20,REAL,2681615727,540,2681616267,2681616267
2025-06-19 00:25:22,REAL,2681616267,489,2681616756,2681616756
2025-06-19 00:25:24,REAL,2681616756,485,2681617241,2681617241
2025-06-19 00:25:26,REAL,2681617241,476,2681617717,2681617717
2025-06-19 00:25:28,REAL,2681617717,534,2681618251,2681618251
2025-06-19 00:25:30,REAL,2681618251,10987,2681629238,2681629238
2025-06-19 00:25:32,REAL,2681629238,10253,2681639491,2681639491
2025-06-19 00:25:34,REAL,2681639491,10243,2681649734,2681649734
2025-06-19 00:25:36,REAL,2681649734,10318,2681660052,2681660052
2025-06-19 00:25:38,REAL,2681660052,10251,2681670303,2681670303
2025-06-19 00:25:40,REAL,2681670303,10317,2681680620,2681680620
2025-06-19 00:25:42,REAL,2681680620,10245,2681690865,2681690865
2025-06-19 00:25:44,REAL,2681690865,5899,2681696764,2681696764
2025-06-19 00:25:46,REAL,2681696764,481,2681697245,2681697245
2025-06-19 00:25:48,REAL,2681697245,481,2681697726,2681697726
2025-06-19 00:25:50,REAL,2681697726,483,2681698209,2681698209
2025-06-19 00:25:52,REAL,2681698209,543,2681698752,2681698752
2025-06-19 00:25:54,REAL,2681698752,483,2681699235,2681699235
2025-06-19 00:25:56,REAL,2681699235,486,2681699721,2681699721
2025-06-19 00:25:58,REAL,2681699721,486,2681700207,2681700207
2025-06-19 00:26:00,REAL,2681700207,539,2681700746,2681700746
2025-06-19 00:26:02,REAL,2681700746,11777,2681712523,2681712523
2025-06-19 00:26:04,REAL,2681712523,10314,2681722837,2681722837
2025-06-19 00:26:06,REAL,2681722837,10252,2681733089,2681733089
2025-06-19 00:26:08,REAL,2681733089,10319,2681743408,2681743408
2025-06-19 00:26:10,REAL,2681743408,10250,2681753658,2681753658
2025-06-19 00:26:12,REAL,2681753658,10319,2681763977,2681763977
2025-06-19 00:26:14,REAL,2681763977,10250,2681774227,2681774227
2025-06-19 00:26:16,REAL,2681774227,5297,2681779524,2681779524
2025-06-19 00:26:18,REAL,2681779524,485,2681780009,2681780009
2025-06-19 00:26:20,REAL,2681780009,484,2681780493,2681780493
2025-06-19 00:26:22,REAL,2681780493,483,2681780976,2681780976
2025-06-19 00:26:24,REAL,2681780976,545,2681781521,2681781521
2025-06-19 00:26:26,REAL,2681781521,486,2681782007,2681782007
2025-06-19 00:26:28,REAL,2681782007,486,2681782493,2681782493
2025-06-19 00:26:30,REAL,2681782493,486,2681782979,2681782979
2025-06-19 00:26:32,REAL,2681782979,479,2681783458,2681783458
2025-06-19 00:26:34,REAL,2681783458,545,2681784003,2681784003
2025-06-19 00:26:36,REAL,2681784003,489,2681784492,2681784492
2025-06-19 00:26:38,REAL,2681784492,487,2681784979,2681784979
2025-06-19 00:26:40,REAL,2681784979,489,2681785468,2681785468
2025-06-19 00:26:42,REAL,2681785468,479,2681785947,2681785947
2025-06-19 00:26:44,REAL,2681785947,477,2681786424,2681786424
2025-06-19 00:26:46,REAL,2681786424,486,2681786910,2681786910
2025-06-19 00:26:48,REAL,2681786910,484,2681787394,2681787394
2025-06-19 00:26:50,REAL,2681787394,487,2681787881,2681787881
2025-06-19 00:26:52,REAL,2681787881,480,2681788361,2681788361
2025-06-19 00:26:54,REAL,2681788361,488,2681788849,2681788849
2025-06-19 00:26:56,REAL,2681788849,480,2681789329,2681789329
2025-06-19 00:26:58,REAL,2681789329,488,2681789817,2681789817
2025-06-19 00:27:00,REAL,2681789817,478,2681790295,2681790295
2025-06-19 00:27:02,REAL,2681790295,481,2681790776,2681790776
2025-06-19 00:27:04,REAL,2681790776,491,2681791267,2681791267
2025-06-19 00:27:06,REAL,2681791267,539,2681791806,2681791806
2025-06-19 00:27:08,REAL,2681791806,494,2681792300,2681792300
2025-06-19 00:27:10,REAL,2681792300,486,2681792786,2681792786
2025-06-19 00:27:12,REAL,2681792786,486,2681793272,2681793272
2025-06-19 00:27:14,REAL,2681793272,486,2681793758,2681793758
2025-06-19 00:27:16,REAL,2681793758,540,2681794298,2681794298
2025-06-19 00:27:18,REAL,2681794298,483,2681794781,2681794781
2025-06-19 00:27:20,REAL,2681794781,481,2681795262,2681795262
2025-06-19 00:27:22,REAL,2681795262,484,2681795746,2681795746
2025-06-19 00:27:24,REAL,2681795746,488,2681796234,2681796234
2025-06-19 00:27:26,REAL,2681796234,488,2681796722,2681796722
2025-06-19 00:27:28,REAL,2681796722,484,2681797206,2681797206
2025-06-19 00:27:30,REAL,2681797206,474,2681797680,2681797680
2025-06-19 00:27:32,REAL,2681797680,485,2681798165,2681798165
2025-06-19 00:27:34,REAL,2681798165,476,2681798641,2681798641
2025-06-19 00:27:36,REAL,2681798641,479,2681799120,2681799120
2025-06-19 00:27:38,REAL,2681799120,479,2681799599,2681799599
2025-06-19 00:27:40,REAL,2681799599,548,2681800147,2681800147
2025-06-19 00:27:42,REAL,2681800147,485,2681800632,2681800632
2025-06-19 00:27:44,REAL,2681800632,476,2681801108,2681801108
2025-06-19 00:27:46,REAL,2681801108,490,2681801598,2681801598
2025-06-19 00:27:48,REAL,2681801598,486,2681802084,2681802084
2025-06-19 00:27:50,REAL,2681802084,480,2681802564,2681802564
2025-06-19 00:27:52,REAL,2681802564,481,2681803045,2681803045
2025-06-19 00:27:54,REAL,2681803045,490,2681803535,2681803535
2025-06-19 00:27:56,REAL,2681803535,492,2681804027,2681804027
2025-06-19 00:27:58,REAL,2681804027,491,2681804518,2681804518
2025-06-19 00:28:00,REAL,2681804518,483,2681805001,2681805001
2025-06-19 00:28:02,REAL,2681805001,481,2681805482,2681805482
2025-06-19 00:28:04,REAL,2681805482,491,2681805973,2681805973
2025-06-19 00:28:06,REAL,2681805973,544,2681806517,2681806517
2025-06-19 00:28:08,REAL,2681806517,491,2681807008,2681807008
2025-06-19 00:28:10,REAL,2681807008,487,2681807495,2681807495
2025-06-19 00:28:12,REAL,2681807495,540,2681808035,2681808035
2025-06-19 00:28:14,REAL,2681808035,485,2681808520,2681808520
2025-06-19 00:28:16,REAL,2681808520,485,2681809005,2681809005
2025-06-19 00:28:18,REAL,2681809005,487,2681809492,2681809492
2025-06-19 00:28:20,REAL,2681809492,476,2681809968,2681809968
2025-06-19 00:28:22,REAL,2681809968,485,2681810453,2681810453
2025-06-19 00:28:24,REAL,2681810453,491,2681810944,2681810944
2025-06-19 00:28:26,REAL,2681810944,492,2681811436,2681811436
2025-06-19 00:28:28,REAL,2681811436,480,2681811916,2681811916
2025-06-19 00:28:30,REAL,2681811916,478,2681812394,2681812394
2025-06-19 00:28:32,REAL,2681812394,492,2681812886,2681812886
2025-06-19 00:28:34,REAL,2681812886,475,2681813361,2681813361
2025-06-19 00:28:36,REAL,2681813361,487,2681813848,2681813848
2025-06-19 00:28:38,REAL,2681813848,485,2681814333,2681814333
2025-06-19 00:28:40,REAL,2681814333,486,2681814819,2681814819
2025-06-19 00:28:42,REAL,2681814819,485,2681815304,2681815304
2025-06-19 00:28:44,REAL,2681815304,545,2681815849,2681815849
2025-06-19 00:28:46,REAL,2681815849,488,2681816337,2681816337
2025-06-19 00:28:48,REAL,2681816337,478,2681816815,2681816815
2025-06-19 00:28:50,REAL,2681816815,478,2681817293,2681817293
2025-06-19 00:28:52,REAL,2681817293,481,2681817774,2681817774
2025-06-19 00:28:54,REAL,2681817774,490,2681818264,2681818264
2025-06-19 00:28:56,REAL,2681818264,478,2681818742,2681818742
2025-06-19 00:28:58,REAL,2681818742,544,2681819286,2681819286
2025-06-19 00:29:00,REAL,2681819286,484,2681819770,2681819770
2025-06-19 00:29:02,REAL,2681819770,491,2681820261,2681820261
2025-06-19 00:29:04,REAL,2681820261,487,2681820748,2681820748
2025-06-19 00:29:06,REAL,2681820748,489,2681821237,2681821237
2025-06-19 00:29:08,REAL,2681821237,492,2681821729,2681821729
2025-06-19 00:29:10,REAL,2681821729,484,2681822213,2681822213
2025-06-19 00:29:12,REAL,2681822213,489,2681822702,2681822702
2025-06-19 00:29:14,REAL,2681822702,482,2681823184,2681823184
2025-06-19 00:29:16,REAL,2681823184,488,2681823672,2681823672
2025-06-19 00:29:18,REAL,2681823672,14277,2681837949,2681837949
2025-06-19 00:29:20,REAL,2681837949,10258,2681848207,2681848207
2025-06-19 00:29:22,REAL,2681848207,10255,2681858462,2681858462
2025-06-19 00:29:24,REAL,2681858462,10247,2681868709,2681868709
2025-06-19 00:29:26,REAL,2681868709,10325,2681879034,2681879034
2025-06-19 00:29:28,REAL,2681879034,10253,2681889287,2681889287
2025-06-19 00:29:30,REAL,2681889287,10254,2681899541,2681899541
2025-06-19 00:29:32,REAL,2681899541,6357,2681905898,2681905898
2025-06-19 00:29:34,REAL,2681905898,488,2681906386,2681906386
2025-06-19 00:29:36,REAL,2681906386,483,2681906869,2681906869
2025-06-19 00:29:38,REAL,2681906869,485,2681907354,2681907354
2025-06-19 00:29:40,REAL,2681907354,484,2681907838,2681907838
2025-06-19 00:29:42,REAL,2681907838,490,2681908328,2681908328
2025-06-19 00:29:44,REAL,2681908328,486,2681908814,2681908814
2025-06-19 00:29:46,REAL,2681908814,481,2681909295,2681909295
2025-06-19 00:29:48,REAL,2681909295,476,2681909771,2681909771
2025-06-19 00:29:50,REAL,2681909771,494,2681910265,2681910265
2025-06-19 00:29:52,REAL,2681910265,475,2681910740,2681910740
2025-06-19 00:29:54,REAL,2681910740,489,2681911229,2681911229
2025-06-19 00:29:56,REAL,2681911229,542,2681911771,2681911771
2025-06-19 00:29:58,REAL,2681911771,480,2681912251,2681912251
2025-06-19 00:30:00,REAL,2681912251,487,2681912738,2681912738
2025-06-19 00:30:02,REAL,2681912738,480,2681913218,2681913218
2025-06-19 00:30:04,REAL,2681913218,485,2681913703,2681913703
2025-06-19 00:30:06,REAL,2681913703,485,2681914188,2681914188
2025-06-19 00:30:08,REAL,2681914188,545,2681914733,2681914733
2025-06-19 00:30:10,REAL,2681914733,492,2681915225,2681915225
2025-06-19 00:30:12,REAL,2681915225,485,2681915710,2681915710
2025-06-19 00:30:14,REAL,2681915710,481,2681916191,2681916191
2025-06-19 00:30:16,REAL,2681916191,477,2681916668,2681916668
2025-06-19 00:30:18,REAL,2681916668,481,2681917149,2681917149
2025-06-19 00:30:20,REAL,2681917149,481,2681917630,2681917630
2025-06-19 00:30:22,REAL,2681917630,482,2681918112,2681918112
2025-06-19 00:30:24,REAL,2681918112,482,2681918594,2681918594
2025-06-19 00:30:26,REAL,2681918594,476,2681919070,2681919070
2025-06-19 00:30:28,REAL,2681919070,480,2681919550,2681919550
2025-06-19 00:30:30,REAL,2681919550,481,2681920031,2681920031
2025-06-19 00:30:32,REAL,2681920031,484,2681920515,2681920515
2025-06-19 00:30:34,REAL,2681920515,482,2681920997,2681920997
2025-06-19 00:30:36,REAL,2681920997,484,2681921481,2681921481
2025-06-19 00:30:38,REAL,2681921481,539,2681922020,2681922020
2025-06-19 00:30:40,REAL,2681922020,491,2681922511,2681922511
2025-06-19 00:30:42,REAL,2681922511,482,2681922993,2681922993
2025-06-19 00:30:44,REAL,2681922993,483,2681923476,2681923476
2025-06-19 00:30:46,REAL,2681923476,485,2681923961,2681923961
2025-06-19 00:30:48,REAL,2681923961,479,2681924440,2681924440
2025-06-19 00:30:50,REAL,2681924440,479,2681924919,2681924919
2025-06-19 00:30:52,REAL,2681924919,485,2681925404,2681925404
2025-06-19 00:30:54,REAL,2681925404,490,2681925894,2681925894
2025-06-19 00:30:56,REAL,2681925894,489,2681926383,2681926383
2025-06-19 00:30:58,REAL,2681926383,543,2681926926,2681926926
2025-06-19 00:31:00,REAL,2681926926,479,2681927405,2681927405
2025-06-19 00:31:02,REAL,2681927405,490,2681927895,2681927895
2025-06-19 00:31:04,REAL,2681927895,491,2681928386,2681928386
2025-06-19 00:31:06,REAL,2681928386,492,2681928878,2681928878
2025-06-19 00:31:08,REAL,2681928878,482,2681929360,2681929360
2025-06-19 00:31:10,REAL,2681929360,482,2681929842,2681929842
2025-06-19 00:31:12,REAL,2681929842,478,2681930320,2681930320
2025-06-19 00:31:14,REAL,2681930320,489,2681930809,2681930809
2025-06-19 00:31:16,REAL,2681930809,491,2681931300,2681931300
2025-06-19 00:31:18,REAL,2681931300,544,2681931844,2681931844
2025-06-19 00:31:20,REAL,2681931844,481,2681932325,2681932325
2025-06-19 00:31:22,REAL,2681932325,482,2681932807,2681932807
2025-06-19 00:31:24,REAL,2681932807,494,2681933301,2681933301
2025-06-19 00:31:26,REAL,2681933301,484,2681933785,2681933785
2025-06-19 00:31:28,REAL,2681933785,491,2681934276,2681934276
2025-06-19 00:31:30,REAL,2681934276,488,2681934764,2681934764
2025-06-19 00:31:32,REAL,2681934764,488,2681935252,2681935252
2025-06-19 00:31:34,REAL,2681935252,476,2681935728,2681935728
2025-06-19 00:31:36,REAL,2681935728,482,2681936210,2681936210
2025-06-19 00:31:38,REAL,2681936210,479,2681936689,2681936689
2025-06-19 00:31:40,REAL,2681936689,484,2681937173,2681937173
2025-06-19 00:31:42,REAL,2681937173,477,2681937650,2681937650
2025-06-19 00:31:44,REAL,2681937650,475,2681938125,2681938125
2025-06-19 00:31:46,REAL,2681938125,9734,2681947859,2681947859
2025-06-19 00:31:48,REAL,2681947859,10845,2681958704,2681958704
2025-06-19 00:31:50,REAL,2681958704,10318,2681969022,2681969022
2025-06-19 00:31:52,REAL,2681969022,10256,2681979278,2681979278
2025-06-19 00:31:54,REAL,2681979278,10253,2681989531,2681989531
2025-06-19 00:31:56,REAL,2681989531,10256,2681999787,2681999787
2025-06-19 00:31:58,REAL,2681999787,10373,2682010160,2682010160
2025-06-19 00:32:00,REAL,2682010160,8404,2682018564,2682018564
2025-06-19 00:32:02,REAL,2682018564,481,2682019045,2682019045
2025-06-19 00:32:04,REAL,2682019045,487,2682019532,2682019532
2025-06-19 00:32:06,REAL,2682019532,478,2682020010,2682020010
2025-06-19 00:32:08,REAL,2682020010,489,2682020499,2682020499
2025-06-19 00:32:10,REAL,2682020499,482,2682020981,2682020981
2025-06-19 00:32:12,REAL,2682020981,476,2682021457,2682021457
2025-06-19 00:32:14,REAL,2682021457,540,2682021997,2682021997
2025-06-19 00:32:16,REAL,2682021997,481,2682022478,2682022478
2025-06-19 00:32:18,REAL,2682022478,486,2682022964,2682022964
2025-06-19 00:32:20,REAL,2682022964,487,2682023451,2682023451
2025-06-19 00:32:22,REAL,2682023451,486,2682023937,2682023937
2025-06-19 00:32:24,REAL,2682023937,483,2682024420,2682024420
2025-06-19 00:32:26,REAL,2682024420,490,2682024910,2682024910
2025-06-19 00:32:28,REAL,2682024910,482,2682025392,2682025392
2025-06-19 00:32:30,REAL,2682025392,486,2682025878,2682025878
2025-06-19 00:32:32,REAL,2682025878,489,2682026367,2682026367
2025-06-19 00:32:34,REAL,2682026367,485,2682026852,2682026852
2025-06-19 00:32:36,REAL,2682026852,490,2682027342,2682027342
2025-06-19 00:32:38,REAL,2682027342,540,2682027882,2682027882
2025-06-19 00:32:40,REAL,2682027882,486,2682028368,2682028368
2025-06-19 00:32:42,REAL,2682028368,538,2682028906,2682028906
2025-06-19 00:32:44,REAL,2682028906,486,2682029392,2682029392
2025-06-19 00:32:46,REAL,2682029392,494,2682029886,2682029886
2025-06-19 00:32:48,REAL,2682029886,484,2682030370,2682030370
2025-06-19 00:32:50,REAL,2682030370,482,2682030852,2682030852
2025-06-19 00:32:52,REAL,2682030852,485,2682031337,2682031337
2025-06-19 00:32:54,REAL,2682031337,488,2682031825,2682031825
2025-06-19 00:32:56,REAL,2682031825,486,2682032311,2682032311
2025-06-19 00:32:58,REAL,2682032311,485,2682032796,2682032796
2025-06-19 00:33:00,REAL,2682032796,482,2682033278,2682033278
2025-06-19 00:33:02,REAL,2682033278,480,2682033758,2682033758
2025-06-19 00:33:04,REAL,2682033758,482,2682034240,2682034240
2025-06-19 00:33:06,REAL,2682034240,487,2682034727,2682034727
2025-06-19 00:33:08,REAL,2682034727,487,2682035214,2682035214
2025-06-19 00:33:10,REAL,2682035214,541,2682035755,2682035755
2025-06-19 00:33:12,REAL,2682035755,483,2682036238,2682036238
2025-06-19 00:33:14,REAL,2682036238,481,2682036719,2682036719
2025-06-19 00:33:16,REAL,2682036719,533,2682037252,2682037252
2025-06-19 00:33:18,REAL,2682037252,479,2682037731,2682037731
2025-06-19 00:33:20,REAL,2682037731,486,2682038217,2682038217
2025-06-19 00:33:22,REAL,2682038217,481,2682038698,2682038698
2025-06-19 00:33:24,REAL,2682038698,485,2682039183,2682039183
2025-06-19 00:33:26,REAL,2682039183,482,2682039665,2682039665
2025-06-19 00:33:28,REAL,2682039665,479,2682040144,2682040144
2025-06-19 00:33:30,REAL,2682040144,484,2682040628,2682040628
2025-06-19 00:33:32,REAL,2682040628,482,2682041110,2682041110
2025-06-19 00:33:34,REAL,2682041110,494,2682041604,2682041604
2025-06-19 00:33:36,REAL,2682041604,533,2682042137,2682042137
2025-06-19 00:33:38,REAL,2682042137,483,2682042620,2682042620
2025-06-19 00:33:40,REAL,2682042620,474,2682043094,2682043094
2025-06-19 00:33:42,REAL,2682043094,486,2682043580,2682043580
2025-06-19 00:33:44,REAL,2682043580,482,2682044062,2682044062
2025-06-19 00:33:46,REAL,2682044062,481,2682044543,2682044543
2025-06-19 00:33:48,REAL,2682044543,483,2682045026,2682045026
2025-06-19 00:33:50,REAL,2682045026,484,2682045510,2682045510
2025-06-19 00:33:52,REAL,2682045510,480,2682045990,2682045990
2025-06-19 00:33:54,REAL,2682045990,487,2682046477,2682046477
2025-06-19 00:33:56,REAL,2682046477,546,2682047023,2682047023
2025-06-19 00:33:58,REAL,2682047023,482,2682047505,2682047505
2025-06-19 00:34:00,REAL,2682047505,491,2682047996,2682047996
2025-06-19 00:34:02,REAL,2682047996,480,2682048476,2682048476
2025-06-19 00:34:04,REAL,2682048476,544,2682049020,2682049020
2025-06-19 00:34:06,REAL,2682049020,481,2682049501,2682049501
2025-06-19 00:34:08,REAL,2682049501,484,2682049985,2682049985
2025-06-19 00:34:10,REAL,2682049985,477,2682050462,2682050462
2025-06-19 00:34:12,REAL,2682050462,485,2682050947,2682050947
2025-06-19 00:34:14,REAL,2682050947,490,2682051437,2682051437
2025-06-19 00:34:16,REAL,2682051437,486,2682051923,2682051923
2025-06-19 00:34:18,REAL,2682051923,488,2682052411,2682052411
2025-06-19 00:34:20,REAL,2682052411,485,2682052896,2682052896
2025-06-19 00:34:22,REAL,2682052896,481,2682053377,2682053377
2025-06-19 00:34:24,REAL,2682053377,482,2682053859,2682053859
2025-06-19 00:34:26,REAL,2682053859,12841,2682066700,2682066700
2025-06-19 00:34:28,REAL,2682066700,10326,2682077026,2682077026
2025-06-19 00:34:30,REAL,2682077026,10249,2682087275,2682087275
2025-06-19 00:34:32,REAL,2682087275,10261,2682097536,2682097536
2025-06-19 00:34:34,REAL,2682097536,10259,2682107795,2682107795
2025-06-19 00:34:36,REAL,2682107795,10310,2682118105,2682118105
2025-06-19 00:34:38,REAL,2682118105,10247,2682128352,2682128352
2025-06-19 00:34:40,REAL,2682128352,5305,2682133657,2682133657
2025-06-19 00:34:42,REAL,2682133657,492,2682134149,2682134149
2025-06-19 00:34:44,REAL,2682134149,491,2682134640,2682134640
2025-06-19 00:34:46,REAL,2682134640,491,2682135131,2682135131
2025-06-19 00:34:48,REAL,2682135131,485,2682135616,2682135616
2025-06-19 00:34:50,REAL,2682135616,483,2682136099,2682136099
2025-06-19 00:34:52,REAL,2682136099,537,2682136636,2682136636
2025-06-19 00:34:54,REAL,2682136636,486,2682137122,2682137122
2025-06-19 00:34:56,REAL,2682137122,487,2682137609,2682137609
2025-06-19 00:34:58,REAL,2682137609,478,2682138087,2682138087
2025-06-19 00:35:00,REAL,2682138087,485,2682138572,2682138572
2025-06-19 00:35:02,REAL,2682138572,479,2682139051,2682139051
2025-06-19 00:35:04,REAL,2682139051,488,2682139539,2682139539
2025-06-19 00:35:06,REAL,2682139539,491,2682140030,2682140030
2025-06-19 00:35:08,REAL,2682140030,491,2682140521,2682140521
2025-06-19 00:35:10,REAL,2682140521,482,2682141003,2682141003
2025-06-19 00:35:12,REAL,2682141003,484,2682141487,2682141487
2025-06-19 00:35:14,REAL,2682141487,484,2682141971,2682141971
2025-06-19 00:35:16,REAL,2682141971,494,2682142465,2682142465
2025-06-19 00:35:18,REAL,2682142465,596,2682143061,2682143061
2025-06-19 00:35:20,REAL,2682143061,489,2682143550,2682143550
2025-06-19 00:35:22,REAL,2682143550,485,2682144035,2682144035
2025-06-19 00:35:24,REAL,2682144035,488,2682144523,2682144523
2025-06-19 00:35:26,REAL,2682144523,483,2682145006,2682145006
2025-06-19 00:35:28,REAL,2682145006,485,2682145491,2682145491
2025-06-19 00:35:30,REAL,2682145491,482,2682145973,2682145973
2025-06-19 00:35:32,REAL,2682145973,486,2682146459,2682146459
2025-06-19 00:35:34,REAL,2682146459,484,2682146943,2682146943
2025-06-19 00:35:36,REAL,2682146943,491,2682147434,2682147434
2025-06-19 00:35:38,REAL,2682147434,484,2682147918,2682147918
2025-06-19 00:35:40,REAL,2682147918,484,2682148402,2682148402
2025-06-19 00:35:42,REAL,2682148402,481,2682148883,2682148883
2025-06-19 00:35:44,REAL,2682148883,493,2682149376,2682149376
2025-06-19 00:35:46,REAL,2682149376,547,2682149923,2682149923
2025-06-19 00:35:48,REAL,2682149923,478,2682150401,2682150401
2025-06-19 00:35:50,REAL,2682150401,485,2682150886,2682150886
2025-06-19 00:35:52,REAL,2682150886,485,2682151371,2682151371
2025-06-19 00:35:54,REAL,2682151371,488,2682151859,2682151859
2025-06-19 00:35:56,REAL,2682151859,475,2682152334,2682152334
2025-06-19 00:35:58,REAL,2682152334,483,2682152817,2682152817
2025-06-19 00:36:00,REAL,2682152817,2726,2682155543,2682155543
2025-06-19 00:36:02,REAL,2682155543,10978,2682166521,2682166521
2025-06-19 00:36:04,REAL,2682166521,10251,2682176772,2682176772
2025-06-19 00:36:06,REAL,2682176772,10254,2682187026,2682187026
2025-06-19 00:36:08,REAL,2682187026,10188,2682197214,2682197214
2025-06-19 00:36:10,REAL,2682197214,10248,2682207462,2682207462
2025-06-19 00:36:12,REAL,2682207462,10315,2682217777,2682217777
2025-06-19 00:36:14,REAL,2682217777,10185,2682227962,2682227962
2025-06-19 00:36:16,REAL,2682227962,3455,2682231417,2682231417
2025-06-19 00:36:18,REAL,2682231417,481,2682231898,2682231898
2025-06-19 00:36:20,REAL,2682231898,482,2682232380,2682232380
2025-06-19 00:36:22,REAL,2682232380,488,2682232868,2682232868
2025-06-19 00:36:24,REAL,2682232868,484,2682233352,2682233352
2025-06-19 00:36:26,REAL,2682233352,483,2682233835,2682233835
2025-06-19 00:36:28,REAL,2682233835,550,2682234385,2682234385
2025-06-19 00:36:30,REAL,2682234385,486,2682234871,2682234871
2025-06-19 00:36:32,REAL,2682234871,485,2682235356,2682235356
2025-06-19 00:36:34,REAL,2682235356,477,2682235833,2682235833
2025-06-19 00:36:36,REAL,2682235833,486,2682236319,2682236319
2025-06-19 00:36:38,REAL,2682236319,485,2682236804,2682236804
2025-06-19 00:36:40,REAL,2682236804,479,2682237283,2682237283
2025-06-19 00:36:42,REAL,2682237283,481,2682237764,2682237764
2025-06-19 00:36:44,REAL,2682237764,539,2682238303,2682238303
2025-06-19 00:36:46,REAL,2682238303,491,2682238794,2682238794
2025-06-19 00:36:48,REAL,2682238794,483,2682239277,2682239277
2025-06-19 00:36:50,REAL,2682239277,485,2682239762,2682239762
2025-06-19 00:36:52,REAL,2682239762,490,2682240252,2682240252
2025-06-19 00:36:54,REAL,2682240252,488,2682240740,2682240740
2025-06-19 00:36:56,REAL,2682240740,484,2682241224,2682241224
2025-06-19 00:36:58,REAL,2682241224,477,2682241701,2682241701
2025-06-19 00:37:00,REAL,2682241701,491,2682242192,2682242192
2025-06-19 00:37:02,REAL,2682242192,485,2682242677,2682242677
2025-06-19 00:37:04,REAL,2682242677,494,2682243171,2682243171
2025-06-19 00:37:06,REAL,2682243171,543,2682243714,2682243714
2025-06-19 00:37:08,REAL,2682243714,486,2682244200,2682244200
2025-06-19 00:37:10,REAL,2682244200,483,2682244683,2682244683
2025-06-19 00:37:12,REAL,2682244683,483,2682245166,2682245166
2025-06-19 00:37:14,REAL,2682245166,488,2682245654,2682245654
2025-06-19 00:37:16,REAL,2682245654,478,2682246132,2682246132
2025-06-19 00:37:18,REAL,2682246132,486,2682246618,2682246618
2025-06-19 00:37:20,REAL,2682246618,5841,2682252459,2682252459
2025-06-19 00:37:22,REAL,2682252459,11771,2682264230,2682264230
2025-06-19 00:37:24,REAL,2682264230,10253,2682274483,2682274483
2025-06-19 00:37:26,REAL,2682274483,10312,2682284795,2682284795
2025-06-19 00:37:28,REAL,2682284795,10319,2682295114,2682295114
2025-06-19 00:37:30,REAL,2682295114,10254,2682305368,2682305368
2025-06-19 00:37:32,REAL,2682305368,10249,2682315617,2682315617
2025-06-19 00:37:34,REAL,2682315617,10386,2682326003,2682326003
2025-06-19 00:37:36,REAL,2682326003,1796,2682327799,2682327799
2025-06-19 00:37:38,REAL,2682327799,484,2682328283,2682328283
2025-06-19 00:37:40,REAL,2682328283,484,2682328767,2682328767
2025-06-19 00:37:42,REAL,2682328767,489,2682329256,2682329256
2025-06-19 00:37:44,REAL,2682329256,485,2682329741,2682329741
2025-06-19 00:37:46,REAL,2682329741,490,2682330231,2682330231
2025-06-19 00:37:48,REAL,2682330231,478,2682330709,2682330709
2025-06-19 00:37:50,REAL,2682330709,489,2682331198,2682331198
2025-06-19 00:37:52,REAL,2682331198,5308,2682336506,2682336506
2025-06-19 00:37:54,REAL,2682336506,11315,2682347821,2682347821
2025-06-19 00:37:56,REAL,2682347821,10256,2682358077,2682358077
2025-06-19 00:37:58,REAL,2682358077,10253,2682368330,2682368330
2025-06-19 00:38:00,REAL,2682368330,10312,2682378642,2682378642
2025-06-19 00:38:02,REAL,2682378642,10259,2682388901,2682388901
2025-06-19 00:38:04,REAL,2682388901,10316,2682399217,2682399217
2025-06-19 00:38:06,REAL,2682399217,10254,2682409471,2682409471
2025-06-19 00:38:08,REAL,2682409471,1207,2682410678,2682410678
2025-06-19 00:38:10,REAL,2682410678,543,2682411221,2682411221
2025-06-19 00:38:12,REAL,2682411221,486,2682411707,2682411707
2025-06-19 00:38:14,REAL,2682411707,489,2682412196,2682412196
2025-06-19 00:38:16,REAL,2682412196,494,2682412690,2682412690
2025-06-19 00:38:18,REAL,2682412690,483,2682413173,2682413173
2025-06-19 00:38:20,REAL,2682413173,484,2682413657,2682413657
2025-06-19 00:38:22,REAL,2682413657,487,2682414144,2682414144
2025-06-19 00:38:24,REAL,2682414144,6628,2682420772,2682420772
2025-06-19 00:38:26,REAL,2682420772,13480,2682434252,2682434252
2025-06-19 00:38:28,REAL,2682434252,10322,2682444574,2682444574
2025-06-19 00:38:30,REAL,2682444574,10257,2682454831,2682454831
2025-06-19 00:38:32,REAL,2682454831,10249,2682465080,2682465080
2025-06-19 00:38:34,REAL,2682465080,10318,2682475398,2682475398
2025-06-19 00:38:36,REAL,2682475398,10247,2682485645,2682485645
2025-06-19 00:38:38,REAL,2682485645,10318,2682495963,2682495963
2025-06-19 00:38:40,REAL,2682495963,543,2682496506,2682496506
2025-06-19 00:38:42,REAL,2682496506,480,2682496986,2682496986
2025-06-19 00:38:44,REAL,2682496986,479,2682497465,2682497465
2025-06-19 00:38:46,REAL,2682497465,483,2682497948,2682497948
2025-06-19 00:38:48,REAL,2682497948,484,2682498432,2682498432
2025-06-19 00:38:50,REAL,2682498432,484,2682498916,2682498916
2025-06-19 00:38:52,REAL,2682498916,540,2682499456,2682499456
2025-06-19 00:38:54,REAL,2682499456,476,2682499932,2682499932
2025-06-19 00:38:56,REAL,2682499932,485,2682500417,2682500417
2025-06-19 00:38:58,REAL,2682500417,479,2682500896,2682500896
2025-06-19 00:39:00,REAL,2682500896,492,2682501388,2682501388
2025-06-19 00:39:02,REAL,2682501388,493,2682501881,2682501881
2025-06-19 00:39:04,REAL,2682501881,536,2682502417,2682502417
2025-06-19 00:39:06,REAL,2682502417,485,2682502902,2682502902
2025-06-19 00:39:08,REAL,2682502902,479,2682503381,2682503381
2025-06-19 00:39:10,REAL,2682503381,491,2682503872,2682503872
2025-06-19 00:39:12,REAL,2682503872,486,2682504358,2682504358
2025-06-19 00:39:14,REAL,2682504358,481,2682504839,2682504839
2025-06-19 00:39:16,REAL,2682504839,483,2682505322,2682505322
2025-06-19 00:39:18,REAL,2682505322,481,2682505803,2682505803
2025-06-19 00:39:20,REAL,2682505803,488,2682506291,2682506291
2025-06-19 00:39:22,REAL,2682506291,484,2682506775,2682506775
2025-06-19 00:39:24,REAL,2682506775,479,2682507254,2682507254
2025-06-19 00:39:26,REAL,2682507254,475,2682507729,2682507729
2025-06-19 00:39:28,REAL,2682507729,486,2682508215,2682508215
2025-06-19 00:39:30,REAL,2682508215,485,2682508700,2682508700
2025-06-19 00:39:32,REAL,2682508700,488,2682509188,2682509188
2025-06-19 00:39:34,REAL,2682509188,479,2682509667,2682509667
2025-06-19 00:39:36,REAL,2682509667,539,2682510206,2682510206
2025-06-19 00:39:38,REAL,2682510206,482,2682510688,2682510688
2025-06-19 00:39:40,REAL,2682510688,482,2682511170,2682511170
2025-06-19 00:39:42,REAL,2682511170,480,2682511650,2682511650
2025-06-19 00:39:44,REAL,2682511650,484,2682512134,2682512134
2025-06-19 00:39:46,REAL,2682512134,532,2682512666,2682512666
2025-06-19 00:39:48,REAL,2682512666,486,2682513152,2682513152
2025-06-19 00:39:50,REAL,2682513152,485,2682513637,2682513637
2025-06-19 00:39:52,REAL,2682513637,493,2682514130,2682514130
2025-06-19 00:39:54,REAL,2682514130,479,2682514609,2682514609
2025-06-19 00:39:56,REAL,2682514609,479,2682515088,2682515088
2025-06-19 00:39:58,REAL,2682515088,489,2682515577,2682515577
2025-06-19 00:40:00,REAL,2682515577,490,2682516067,2682516067
2025-06-19 00:40:02,REAL,2682516067,489,2682516556,2682516556
2025-06-19 00:40:04,REAL,2682516556,480,2682517036,2682517036
2025-06-19 00:40:06,REAL,2682517036,492,2682517528,2682517528
2025-06-19 00:40:08,REAL,2682517528,489,2682518017,2682518017
2025-06-19 00:40:10,REAL,2682518017,483,2682518500,2682518500
2025-06-19 00:40:12,REAL,2682518500,483,2682518983,2682518983
2025-06-19 00:40:14,REAL,2682518983,479,2682519462,2682519462
2025-06-19 00:40:16,REAL,2682519462,486,2682519948,2682519948
2025-06-19 00:40:18,REAL,2682519948,546,2682520494,2682520494
2025-06-19 00:40:20,REAL,2682520494,486,2682520980,2682520980
2025-06-19 00:40:22,REAL,2682520980,484,2682521464,2682521464
2025-06-19 00:40:24,REAL,2682521464,482,2682521946,2682521946
2025-06-19 00:40:26,REAL,2682521946,543,2682522489,2682522489
2025-06-19 00:40:28,REAL,2682522489,482,2682522971,2682522971
2025-06-19 00:40:30,REAL,2682522971,488,2682523459,2682523459
2025-06-19 00:40:32,REAL,2682523459,483,2682523942,2682523942
2025-06-19 00:40:34,REAL,2682523942,477,2682524419,2682524419
2025-06-19 00:40:36,REAL,2682524419,482,2682524901,2682524901
2025-06-19 00:40:38,REAL,2682524901,479,2682525380,2682525380
2025-06-19 00:40:40,REAL,2682525380,490,2682525870,2682525870
2025-06-19 00:40:42,REAL,2682525870,488,2682526358,2682526358
2025-06-19 00:40:44,REAL,2682526358,480,2682526838,2682526838
2025-06-19 00:40:46,REAL,2682526838,488,2682527326,2682527326
2025-06-19 00:40:48,REAL,2682527326,493,2682527819,2682527819
2025-06-19 00:40:50,REAL,2682527819,485,2682528304,2682528304
2025-06-19 00:40:52,REAL,2682528304,481,2682528785,2682528785
2025-06-19 00:40:54,REAL,2682528785,484,2682529269,2682529269
2025-06-19 00:40:56,REAL,2682529269,539,2682529808,2682529808
2025-06-19 00:40:58,REAL,2682529808,479,2682530287,2682530287
2025-06-19 00:41:00,REAL,2682530287,474,2682530761,2682530761
2025-06-19 00:41:02,REAL,2682530761,484,2682531245,2682531245
2025-06-19 00:41:04,REAL,2682531245,489,2682531734,2682531734
2025-06-19 00:41:06,REAL,2682531734,487,2682532221,2682532221
2025-06-19 00:41:08,REAL,2682532221,536,2682532757,2682532757
2025-06-19 00:41:10,REAL,2682532757,477,2682533234,2682533234
2025-06-19 00:41:12,REAL,2682533234,474,2682533708,2682533708
2025-06-19 00:41:14,REAL,2682533708,482,2682534190,2682534190
2025-06-19 00:41:16,REAL,2682534190,480,2682534670,2682534670
2025-06-19 00:41:18,REAL,2682534670,484,2682535154,2682535154
2025-06-19 00:41:20,REAL,2682535154,484,2682535638,2682535638
2025-06-19 00:41:22,REAL,2682535638,483,2682536121,2682536121
2025-06-19 00:41:24,REAL,2682536121,4182,2682540303,2682540303
2025-06-19 00:41:26,REAL,2682540303,11712,2682552015,2682552015
2025-06-19 00:41:28,REAL,2682552015,10245,2682562260,2682562260
2025-06-19 00:41:30,REAL,2682562260,10244,2682572504,2682572504
2025-06-19 00:41:32,REAL,2682572504,10367,2682582871,2682582871
2025-06-19 00:41:34,REAL,2682582871,10247,2682593118,2682593118
2025-06-19 00:41:36,REAL,2682593118,10253,2682603371,2682603371
2025-06-19 00:41:38,REAL,2682603371,10318,2682613689,2682613689
2025-06-19 00:41:40,REAL,2682613689,1897,2682615586,2682615586
2025-06-19 00:41:42,REAL,2682615586,481,2682616067,2682616067
2025-06-19 00:41:44,REAL,2682616067,486,2682616553,2682616553
2025-06-19 00:41:46,REAL,2682616553,476,2682617029,2682617029
2025-06-19 00:41:48,REAL,2682617029,478,2682617507,2682617507
2025-06-19 00:41:50,REAL,2682617507,477,2682617984,2682617984
2025-06-19 00:41:52,REAL,2682617984,481,2682618465,2682618465
2025-06-19 00:41:54,REAL,2682618465,491,2682618956,2682618956
2025-06-19 00:41:56,REAL,2682618956,5445,2682624401,2682624401
2025-06-19 00:41:58,REAL,2682624401,11722,2682636123,2682636123
2025-06-19 00:42:00,REAL,2682636123,10254,2682646377,2682646377
2025-06-19 00:42:02,REAL,2682646377,10252,2682656629,2682656629
2025-06-19 00:42:04,REAL,2682656629,10247,2682666876,2682666876
2025-06-19 00:42:06,REAL,2682666876,10243,2682677119,2682677119
2025-06-19 00:42:08,REAL,2682677119,10249,2682687368,2682687368
2025-06-19 00:42:10,REAL,2682687368,10306,2682697674,2682697674
2025-06-19 00:42:12,REAL,2682697674,1531,2682699205,2682699205
2025-06-19 00:42:14,REAL,2682699205,489,2682699694,2682699694
2025-06-19 00:42:16,REAL,2682699694,485,2682700179,2682700179
2025-06-19 00:42:18,REAL,2682700179,483,2682700662,2682700662
2025-06-19 00:42:20,REAL,2682700662,483,2682701145,2682701145
2025-06-19 00:42:22,REAL,2682701145,483,2682701628,2682701628
2025-06-19 00:42:24,REAL,2682701628,486,2682702114,2682702114
2025-06-19 00:42:26,REAL,2682702114,491,2682702605,2682702605
2025-06-19 00:42:28,REAL,2682702605,481,2682703086,2682703086
2025-06-19 00:42:30,REAL,2682703086,493,2682703579,2682703579
2025-06-19 00:42:32,REAL,2682703579,490,2682704069,2682704069
2025-06-19 00:42:34,REAL,2682704069,540,2682704609,2682704609
2025-06-19 00:42:36,REAL,2682704609,484,2682705093,2682705093
2025-06-19 00:42:38,REAL,2682705093,485,2682705578,2682705578
2025-06-19 00:42:40,REAL,2682705578,479,2682706057,2682706057
2025-06-19 00:42:42,REAL,2682706057,488,2682706545,2682706545
2025-06-19 00:42:44,REAL,2682706545,483,2682707028,2682707028
2025-06-19 00:42:46,REAL,2682707028,534,2682707562,2682707562
2025-06-19 00:42:48,REAL,2682707562,477,2682708039,2682708039
2025-06-19 00:42:50,REAL,2682708039,481,2682708520,2682708520
2025-06-19 00:42:52,REAL,2682708520,485,2682709005,2682709005
2025-06-19 00:42:54,REAL,2682709005,480,2682709485,2682709485
2025-06-19 00:42:56,REAL,2682709485,486,2682709971,2682709971
2025-06-19 00:42:58,REAL,2682709971,485,2682710456,2682710456
2025-06-19 00:43:00,REAL,2682710456,477,2682710933,2682710933
2025-06-19 00:43:02,REAL,2682710933,483,2682711416,2682711416
2025-06-19 00:43:04,REAL,2682711416,492,2682711908,2682711908
2025-06-19 00:43:06,REAL,2682711908,486,2682712394,2682712394
2025-06-19 00:43:08,REAL,2682712394,487,2682712881,2682712881
2025-06-19 00:43:10,REAL,2682712881,548,2682713429,2682713429
2025-06-19 00:43:12,REAL,2682713429,480,2682713909,2682713909
2025-06-19 00:43:14,REAL,2682713909,484,2682714393,2682714393
2025-06-19 00:43:16,REAL,2682714393,484,2682714877,2682714877
2025-06-19 00:43:18,REAL,2682714877,482,2682715359,2682715359
2025-06-19 00:43:20,REAL,2682715359,484,2682715843,2682715843
2025-06-19 00:43:22,REAL,2682715843,479,2682716322,2682716322
2025-06-19 00:43:24,REAL,2682716322,538,2682716860,2682716860
2025-06-19 00:43:26,REAL,2682716860,480,2682717340,2682717340
2025-06-19 00:43:28,REAL,2682717340,489,2682717829,2682717829
2025-06-19 00:43:30,REAL,2682717829,479,2682718308,2682718308
2025-06-19 00:43:32,REAL,2682718308,487,2682718795,2682718795
2025-06-19 00:43:34,REAL,2682718795,483,2682719278,2682719278
2025-06-19 00:43:36,REAL,2682719278,484,2682719762,2682719762
2025-06-19 00:43:38,REAL,2682719762,494,2682720256,2682720256
2025-06-19 00:43:40,REAL,2682720256,491,2682720747,2682720747
2025-06-19 00:43:42,REAL,2682720747,485,2682721232,2682721232
2025-06-19 00:43:44,REAL,2682721232,543,2682721775,2682721775
2025-06-19 00:43:46,REAL,2682721775,492,2682722267,2682722267
2025-06-19 00:43:48,REAL,2682722267,483,2682722750,2682722750
2025-06-19 00:43:50,REAL,2682722750,489,2682723239,2682723239
2025-06-19 00:43:52,REAL,2682723239,477,2682723716,2682723716
2025-06-19 00:43:54,REAL,2682723716,488,2682724204,2682724204
2025-06-19 00:43:56,REAL,2682724204,478,2682724682,2682724682
2025-06-19 00:43:58,REAL,2682724682,480,2682725162,2682725162
2025-06-19 00:44:00,REAL,2682725162,537,2682725699,2682725699
2025-06-19 00:44:02,REAL,2682725699,482,2682726181,2682726181
2025-06-19 00:44:04,REAL,2682726181,486,2682726667,2682726667
2025-06-19 00:44:06,REAL,2682726667,491,2682727158,2682727158
2025-06-19 00:44:08,REAL,2682727158,479,2682727637,2682727637
2025-06-19 00:44:10,REAL,2682727637,478,2682728115,2682728115
2025-06-19 00:44:12,REAL,2682728115,478,2682728593,2682728593
2025-06-19 00:44:14,REAL,2682728593,9460,2682738053,2682738053
2025-06-19 00:44:16,REAL,2682738053,12241,2682750294,2682750294
2025-06-19 00:44:18,REAL,2682750294,10258,2682760552,2682760552
2025-06-19 00:44:20,REAL,2682760552,10252,2682770804,2682770804
2025-06-19 00:44:22,REAL,2682770804,10261,2682781065,2682781065
2025-06-19 00:44:24,REAL,2682781065,10257,2682791322,2682791322
2025-06-19 00:44:26,REAL,2682791322,10309,2682801631,2682801631
2025-06-19 00:44:28,REAL,2682801631,8667,2682810298,2682810298
2025-06-19 00:44:30,REAL,2682810298,479,2682810777,2682810777
2025-06-19 00:44:32,REAL,2682810777,482,2682811259,2682811259
2025-06-19 00:44:34,REAL,2682811259,475,2682811734,2682811734
2025-06-19 00:44:36,REAL,2682811734,549,2682812283,2682812283
2025-06-19 00:44:38,REAL,2682812283,488,2682812771,2682812771
2025-06-19 00:44:40,REAL,2682812771,485,2682813256,2682813256
2025-06-19 00:44:42,REAL,2682813256,483,2682813739,2682813739
2025-06-19 00:44:44,REAL,2682813739,475,2682814214,2682814214
2025-06-19 00:44:46,REAL,2682814214,8944,2682823158,2682823158
2025-06-19 00:44:48,REAL,2682823158,10443,2682833601,2682833601
2025-06-19 00:44:50,REAL,2682833601,10246,2682843847,2682843847
2025-06-19 00:44:52,REAL,2682843847,10255,2682854102,2682854102
2025-06-19 00:44:54,REAL,2682854102,10251,2682864353,2682864353
2025-06-19 00:44:56,REAL,2682864353,10312,2682874665,2682874665
2025-06-19 00:44:58,REAL,2682874665,10250,2682884915,2682884915
2025-06-19 00:45:00,REAL,2682884915,8140,2682893055,2682893055
2025-06-19 00:45:02,REAL,2682893055,484,2682893539,2682893539
2025-06-19 00:45:04,REAL,2682893539,481,2682894020,2682894020
2025-06-19 00:45:06,REAL,2682894020,483,2682894503,2682894503
2025-06-19 00:45:08,REAL,2682894503,492,2682894995,2682894995
2025-06-19 00:45:10,REAL,2682894995,486,2682895481,2682895481
2025-06-19 00:45:12,REAL,2682895481,486,2682895967,2682895967
2025-06-19 00:45:14,REAL,2682895967,546,2682896513,2682896513
2025-06-19 00:45:16,REAL,2682896513,488,2682897001,2682897001
2025-06-19 00:45:18,REAL,2682897001,477,2682897478,2682897478
2025-06-19 00:45:20,REAL,2682897478,487,2682897965,2682897965
2025-06-19 00:45:22,REAL,2682897965,532,2682898497,2682898497
2025-06-19 00:45:24,REAL,2682898497,484,2682898981,2682898981
2025-06-19 00:45:26,REAL,2682898981,475,2682899456,2682899456
2025-06-19 00:45:28,REAL,2682899456,478,2682899934,2682899934
2025-06-19 00:45:30,REAL,2682899934,485,2682900419,2682900419
2025-06-19 00:45:32,REAL,2682900419,479,2682900898,2682900898
2025-06-19 00:45:34,REAL,2682900898,543,2682901441,2682901441
2025-06-19 00:45:36,REAL,2682901441,488,2682901929,2682901929
2025-06-19 00:45:38,REAL,2682901929,483,2682902412,2682902412
2025-06-19 00:45:40,REAL,2682902412,479,2682902891,2682902891
2025-06-19 00:45:42,REAL,2682902891,477,2682903368,2682903368
2025-06-19 00:45:44,REAL,2682903368,487,2682903855,2682903855
2025-06-19 00:45:46,REAL,2682903855,482,2682904337,2682904337
2025-06-19 00:45:48,REAL,2682904337,477,2682904814,2682904814
2025-06-19 00:45:50,REAL,2682904814,490,2682905304,2682905304
2025-06-19 00:45:52,REAL,2682905304,492,2682905796,2682905796
2025-06-19 00:45:54,REAL,2682905796,487,2682906283,2682906283
2025-06-19 00:45:56,REAL,2682906283,531,2682906814,2682906814
2025-06-19 00:45:58,REAL,2682906814,532,2682907346,2682907346
2025-06-19 00:46:00,REAL,2682907346,491,2682907837,2682907837
2025-06-19 00:46:02,REAL,2682907837,481,2682908318,2682908318
2025-06-19 00:46:04,REAL,2682908318,483,2682908801,2682908801
2025-06-19 00:46:06,REAL,2682908801,10522,2682919323,2682919323
2025-06-19 00:46:08,REAL,2682919323,10450,2682929773,2682929773
2025-06-19 00:46:10,REAL,2682929773,10253,2682940026,2682940026
2025-06-19 00:46:12,REAL,2682940026,10251,2682950277,2682950277
2025-06-19 00:46:14,REAL,2682950277,10322,2682960599,2682960599
2025-06-19 00:46:16,REAL,2682960599,10316,2682970915,2682970915
2025-06-19 00:46:18,REAL,2682970915,10255,2682981170,2682981170
2025-06-19 00:46:20,REAL,2682981170,6549,2682987719,2682987719
2025-06-19 00:46:22,REAL,2682987719,477,2682988196,2682988196
2025-06-19 00:46:24,REAL,2682988196,488,2682988684,2682988684
2025-06-19 00:46:26,REAL,2682988684,484,2682989168,2682989168
2025-06-19 00:46:28,REAL,2682989168,476,2682989644,2682989644
2025-06-19 00:46:30,REAL,2682989644,488,2682990132,2682990132
2025-06-19 00:46:32,REAL,2682990132,490,2682990622,2682990622
2025-06-19 00:46:34,REAL,2682990622,477,2682991099,2682991099
2025-06-19 00:46:36,REAL,2682991099,492,2682991591,2682991591
2025-06-19 00:46:38,REAL,2682991591,11573,2683003164,2683003164
2025-06-19 00:46:40,REAL,2683003164,10254,2683013418,2683013418
2025-06-19 00:46:42,REAL,2683013418,10245,2683023663,2683023663
2025-06-19 00:46:44,REAL,2683023663,10253,2683033916,2683033916
2025-06-19 00:46:46,REAL,2683033916,10248,2683044164,2683044164
2025-06-19 00:46:48,REAL,2683044164,10253,2683054417,2683054417
2025-06-19 00:46:50,REAL,2683054417,10250,2683064667,2683064667
2025-06-19 00:46:52,REAL,2683064667,5900,2683070567,2683070567
2025-06-19 00:46:54,REAL,2683070567,490,2683071057,2683071057
2025-06-19 00:46:56,REAL,2683071057,487,2683071544,2683071544
2025-06-19 00:46:58,REAL,2683071544,6744,2683078288,2683078288
2025-06-19 00:47:00,REAL,2683078288,10973,2683089261,2683089261
2025-06-19 00:47:02,REAL,2683089261,10311,2683099572,2683099572
2025-06-19 00:47:04,REAL,2683099572,10258,2683109830,2683109830
2025-06-19 00:47:06,REAL,2683109830,10316,2683120146,2683120146
2025-06-19 00:47:08,REAL,2683120146,10245,2683130391,2683130391
2025-06-19 00:47:10,REAL,2683130391,10317,2683140708,2683140708
2025-06-19 00:47:12,REAL,2683140708,10244,2683150952,2683150952
2025-06-19 00:47:14,REAL,2683150952,692,2683151644,2683151644
2025-06-19 00:47:16,REAL,2683151644,478,2683152122,2683152122
2025-06-19 00:47:18,REAL,2683152122,484,2683152606,2683152606
2025-06-19 00:47:20,REAL,2683152606,600,2683153206,2683153206
2025-06-19 00:47:22,REAL,2683153206,490,2683153696,2683153696
2025-06-19 00:47:24,REAL,2683153696,485,2683154181,2683154181
2025-06-19 00:47:26,REAL,2683154181,483,2683154664,2683154664
2025-06-19 00:47:28,REAL,2683154664,479,2683155143,2683155143
2025-06-19 00:47:30,REAL,2683155143,6497,2683161640,2683161640
2025-06-19 00:47:32,REAL,2683161640,11177,2683172817,2683172817
2025-06-19 00:47:34,REAL,2683172817,10252,2683183069,2683183069
2025-06-19 00:47:36,REAL,2683183069,10312,2683193381,2683193381
2025-06-19 00:47:38,REAL,2683193381,10251,2683203632,2683203632
2025-06-19 00:47:40,REAL,2683203632,10310,2683213942,2683213942
2025-06-19 00:47:42,REAL,2683213942,10246,2683224188,2683224188
2025-06-19 00:47:44,REAL,2683224188,9851,2683234039,2683234039
2025-06-19 00:47:46,REAL,2683234039,484,2683234523,2683234523
2025-06-19 00:47:48,REAL,2683234523,482,2683235005,2683235005
2025-06-19 00:47:50,REAL,2683235005,479,2683235484,2683235484
2025-06-19 00:47:52,REAL,2683235484,542,2683236026,2683236026
2025-06-19 00:47:54,REAL,2683236026,487,2683236513,2683236513
2025-06-19 00:47:56,REAL,2683236513,477,2683236990,2683236990
2025-06-19 00:47:58,REAL,2683236990,485,2683237475,2683237475
2025-06-19 00:48:00,REAL,2683237475,488,2683237963,2683237963
2025-06-19 00:48:02,REAL,2683237963,537,2683238500,2683238500
2025-06-19 00:48:04,REAL,2683238500,480,2683238980,2683238980
2025-06-19 00:48:06,REAL,2683238980,487,2683239467,2683239467
2025-06-19 00:48:08,REAL,2683239467,480,2683239947,2683239947
2025-06-19 00:48:10,REAL,2683239947,481,2683240428,2683240428
2025-06-19 00:48:12,REAL,2683240428,480,2683240908,2683240908
2025-06-19 00:48:14,REAL,2683240908,487,2683241395,2683241395
2025-06-19 00:48:16,REAL,2683241395,542,2683241937,2683241937
2025-06-19 00:48:18,REAL,2683241937,487,2683242424,2683242424
2025-06-19 00:48:20,REAL,2683242424,482,2683242906,2683242906
2025-06-19 00:48:22,REAL,2683242906,545,2683243451,2683243451
2025-06-19 00:48:24,REAL,2683243451,486,2683243937,2683243937
2025-06-19 00:48:26,REAL,2683243937,482,2683244419,2683244419
2025-06-19 00:48:28,REAL,2683244419,491,2683244910,2683244910
2025-06-19 00:48:30,REAL,2683244910,486,2683245396,2683245396
2025-06-19 00:48:32,REAL,2683245396,489,2683245885,2683245885
2025-06-19 00:48:34,REAL,2683245885,489,2683246374,2683246374
2025-06-19 00:48:36,REAL,2683246374,494,2683246868,2683246868
2025-06-19 00:48:38,REAL,2683246868,484,2683247352,2683247352
2025-06-19 00:48:40,REAL,2683247352,544,2683247896,2683247896
2025-06-19 00:48:42,REAL,2683247896,485,2683248381,2683248381
2025-06-19 00:48:44,REAL,2683248381,540,2683248921,2683248921
2025-06-19 00:48:46,REAL,2683248921,483,2683249404,2683249404
2025-06-19 00:48:48,REAL,2683249404,484,2683249888,2683249888
2025-06-19 00:48:50,REAL,2683249888,484,2683250372,2683250372
2025-06-19 00:48:52,REAL,2683250372,487,2683250859,2683250859
2025-06-19 00:48:54,REAL,2683250859,480,2683251339,2683251339
2025-06-19 00:48:56,REAL,2683251339,483,2683251822,2683251822
2025-06-19 00:48:58,REAL,2683251822,488,2683252310,2683252310
2025-06-19 00:49:00,REAL,2683252310,480,2683252790,2683252790
2025-06-19 00:49:02,REAL,2683252790,484,2683253274,2683253274
2025-06-19 00:49:04,REAL,2683253274,594,2683253868,2683253868
2025-06-19 00:49:06,REAL,2683253868,487,2683254355,2683254355
2025-06-19 00:49:08,REAL,2683254355,487,2683254842,2683254842
2025-06-19 00:49:10,REAL,2683254842,486,2683255328,2683255328
2025-06-19 00:49:12,REAL,2683255328,486,2683255814,2683255814
2025-06-19 00:49:14,REAL,2683255814,481,2683256295,2683256295
2025-06-19 00:49:16,REAL,2683256295,483,2683256778,2683256778
2025-06-19 00:49:18,REAL,2683256778,483,2683257261,2683257261
2025-06-19 00:49:20,REAL,2683257261,490,2683257751,2683257751
2025-06-19 00:49:22,REAL,2683257751,9730,2683267481,2683267481
2025-06-19 00:49:24,REAL,2683267481,10444,2683277925,2683277925
2025-06-19 00:49:26,REAL,2683277925,10312,2683288237,2683288237
2025-06-19 00:49:28,REAL,2683288237,10312,2683298549,2683298549
2025-06-19 00:49:30,REAL,2683298549,10253,2683308802,2683308802
2025-06-19 00:49:32,REAL,2683308802,10252,2683319054,2683319054
2025-06-19 00:49:34,REAL,2683319054,10315,2683329369,2683329369
2025-06-19 00:49:36,REAL,2683329369,7611,2683336980,2683336980
2025-06-19 00:49:38,REAL,2683336980,488,2683337468,2683337468
2025-06-19 00:49:40,REAL,2683337468,488,2683337956,2683337956
2025-06-19 00:49:42,REAL,2683337956,487,2683338443,2683338443
2025-06-19 00:49:44,REAL,2683338443,539,2683338982,2683338982
2025-06-19 00:49:46,REAL,2683338982,533,2683339515,2683339515
2025-06-19 00:49:48,REAL,2683339515,477,2683339992,2683339992
2025-06-19 00:49:50,REAL,2683339992,478,2683340470,2683340470
2025-06-19 00:49:52,REAL,2683340470,487,2683340957,2683340957
2025-06-19 00:49:54,REAL,2683340957,12515,2683353472,2683353472
2025-06-19 00:49:56,REAL,2683353472,10786,2683364258,2683364258
2025-06-19 00:49:58,REAL,2683364258,10254,2683374512,2683374512
2025-06-19 00:50:00,REAL,2683374512,10317,2683384829,2683384829
2025-06-19 00:50:02,REAL,2683384829,10257,2683395086,2683395086
2025-06-19 00:50:04,REAL,2683395086,10251,2683405337,2683405337
2025-06-19 00:50:06,REAL,2683405337,10246,2683415583,2683415583
2025-06-19 00:50:08,REAL,2683415583,7020,2683422603,2683422603
2025-06-19 00:50:10,REAL,2683422603,483,2683423086,2683423086
2025-06-19 00:50:12,REAL,2683423086,481,2683423567,2683423567
2025-06-19 00:50:14,REAL,2683423567,481,2683424048,2683424048
2025-06-19 00:50:16,REAL,2683424048,537,2683424585,2683424585
2025-06-19 00:50:18,REAL,2683424585,489,2683425074,2683425074
2025-06-19 00:50:20,REAL,2683425074,482,2683425556,2683425556
2025-06-19 00:50:22,REAL,2683425556,539,2683426095,2683426095
2025-06-19 00:50:24,REAL,2683426095,487,2683426582,2683426582
2025-06-19 00:50:26,REAL,2683426582,487,2683427069,2683427069
2025-06-19 00:50:28,REAL,2683427069,474,2683427543,2683427543
2025-06-19 00:50:30,REAL,2683427543,486,2683428029,2683428029
2025-06-19 00:50:32,REAL,2683428029,483,2683428512,2683428512
2025-06-19 00:50:34,REAL,2683428512,487,2683428999,2683428999
2025-06-19 00:50:36,REAL,2683428999,489,2683429488,2683429488
2025-06-19 00:50:38,REAL,2683429488,542,2683430030,2683430030
2025-06-19 00:50:40,REAL,2683430030,479,2683430509,2683430509
2025-06-19 00:50:42,REAL,2683430509,483,2683430992,2683430992
2025-06-19 00:50:44,REAL,2683430992,486,2683431478,2683431478
2025-06-19 00:50:46,REAL,2683431478,485,2683431963,2683431963
2025-06-19 00:50:48,REAL,2683431963,479,2683432442,2683432442
2025-06-19 00:50:50,REAL,2683432442,485,2683432927,2683432927
2025-06-19 00:50:52,REAL,2683432927,479,2683433406,2683433406
2025-06-19 00:50:54,REAL,2683433406,481,2683433887,2683433887
2025-06-19 00:50:56,REAL,2683433887,6958,2683440845,2683440845
2025-06-19 00:50:58,REAL,2683440845,12167,2683453012,2683453012
2025-06-19 00:51:00,REAL,2683453012,10379,2683463391,2683463391
2025-06-19 00:51:02,REAL,2683463391,10253,2683473644,2683473644
2025-06-19 00:51:04,REAL,2683473644,10318,2683483962,2683483962
2025-06-19 00:51:06,REAL,2683483962,10256,2683494218,2683494218
2025-06-19 00:51:08,REAL,2683494218,10316,2683504534,2683504534
2025-06-19 00:51:10,REAL,2683504534,10252,2683514786,2683514786
2025-06-19 00:51:12,REAL,2683514786,1411,2683516197,2683516197
2025-06-19 00:51:14,REAL,2683516197,483,2683516680,2683516680
2025-06-19 00:51:16,REAL,2683516680,479,2683517159,2683517159
2025-06-19 00:51:18,REAL,2683517159,538,2683517697,2683517697
2025-06-19 00:51:20,REAL,2683517697,485,2683518182,2683518182
2025-06-19 00:51:22,REAL,2683518182,485,2683518667,2683518667
2025-06-19 00:51:24,REAL,2683518667,485,2683519152,2683519152
2025-06-19 00:51:26,REAL,2683519152,489,2683519641,2683519641
2025-06-19 00:51:28,REAL,2683519641,480,2683520121,2683520121
2025-06-19 00:51:30,REAL,2683520121,481,2683520602,2683520602
2025-06-19 00:51:32,REAL,2683520602,486,2683521088,2683521088
2025-06-19 00:51:34,REAL,2683521088,482,2683521570,2683521570
2025-06-19 00:51:36,REAL,2683521570,541,2683522111,2683522111
2025-06-19 00:51:38,REAL,2683522111,489,2683522600,2683522600
2025-06-19 00:51:40,REAL,2683522600,489,2683523089,2683523089
2025-06-19 00:51:42,REAL,2683523089,541,2683523630,2683523630
2025-06-19 00:51:44,REAL,2683523630,482,2683524112,2683524112
2025-06-19 00:51:46,REAL,2683524112,482,2683524594,2683524594
2025-06-19 00:51:48,REAL,2683524594,486,2683525080,2683525080
2025-06-19 00:51:50,REAL,2683525080,481,2683525561,2683525561
2025-06-19 00:51:52,REAL,2683525561,484,2683526045,2683526045
2025-06-19 00:51:54,REAL,2683526045,479,2683526524,2683526524
2025-06-19 00:51:56,REAL,2683526524,482,2683527006,2683527006
2025-06-19 00:51:58,REAL,2683527006,478,2683527484,2683527484
2025-06-19 00:52:00,REAL,2683527484,487,2683527971,2683527971
2025-06-19 00:52:02,REAL,2683527971,485,2683528456,2683528456
2025-06-19 00:52:04,REAL,2683528456,480,2683528936,2683528936
2025-06-19 00:52:06,REAL,2683528936,482,2683529418,2683529418
2025-06-19 00:52:08,REAL,2683529418,490,2683529908,2683529908
2025-06-19 00:52:10,REAL,2683529908,490,2683530398,2683530398
2025-06-19 00:52:12,REAL,2683530398,489,2683530887,2683530887
2025-06-19 00:52:14,REAL,2683530887,539,2683531426,2683531426
2025-06-19 00:52:16,REAL,2683531426,481,2683531907,2683531907
2025-06-19 00:52:18,REAL,2683531907,488,2683532395,2683532395
2025-06-19 00:52:20,REAL,2683532395,485,2683532880,2683532880
2025-06-19 00:52:22,REAL,2683532880,486,2683533366,2683533366
2025-06-19 00:52:24,REAL,2683533366,487,2683533853,2683533853
2025-06-19 00:52:26,REAL,2683533853,488,2683534341,2683534341
2025-06-19 00:52:28,REAL,2683534341,546,2683534887,2683534887
2025-06-19 00:52:30,REAL,2683534887,489,2683535376,2683535376
2025-06-19 00:52:32,REAL,2683535376,479,2683535855,2683535855
2025-06-19 00:52:34,REAL,2683535855,484,2683536339,2683536339
2025-06-19 00:52:36,REAL,2683536339,481,2683536820,2683536820
2025-06-19 00:52:38,REAL,2683536820,492,2683537312,2683537312
2025-06-19 00:52:40,REAL,2683537312,478,2683537790,2683537790
2025-06-19 00:52:42,REAL,2683537790,480,2683538270,2683538270
2025-06-19 00:52:44,REAL,2683538270,489,2683538759,2683538759
2025-06-19 00:52:46,REAL,2683538759,489,2683539248,2683539248
2025-06-19 00:52:48,REAL,2683539248,483,2683539731,2683539731
2025-06-19 00:52:50,REAL,2683539731,537,2683540268,2683540268
2025-06-19 00:52:52,REAL,2683540268,476,2683540744,2683540744
2025-06-19 00:52:54,REAL,2683540744,480,2683541224,2683541224
2025-06-19 00:52:56,REAL,2683541224,488,2683541712,2683541712
2025-06-19 00:52:58,REAL,2683541712,490,2683542202,2683542202
2025-06-19 00:53:00,REAL,2683542202,487,2683542689,2683542689
2025-06-19 00:53:02,REAL,2683542689,478,2683543167,2683543167
2025-06-19 00:53:04,REAL,2683543167,477,2683543644,2683543644
2025-06-19 00:53:06,REAL,2683543644,486,2683544130,2683544130
2025-06-19 00:53:08,REAL,2683544130,484,2683544614,2683544614
2025-06-19 00:53:10,REAL,2683544614,478,2683545092,2683545092
2025-06-19 00:53:12,REAL,2683545092,483,2683545575,2683545575
2025-06-19 00:53:14,REAL,2683545575,487,2683546062,2683546062
2025-06-19 00:53:16,REAL,2683546062,533,2683546595,2683546595
2025-06-19 00:53:18,REAL,2683546595,482,2683547077,2683547077
2025-06-19 00:53:20,REAL,2683547077,481,2683547558,2683547558
2025-06-19 00:53:22,REAL,2683547558,482,2683548040,2683548040
2025-06-19 00:53:24,REAL,2683548040,2602,2683550642,2683550642
2025-06-19 00:53:26,REAL,2683550642,14461,2683565103,2683565103
2025-06-19 00:53:28,REAL,2683565103,10317,2683575420,2683575420
2025-06-19 00:53:30,REAL,2683575420,10248,2683585668,2683585668
2025-06-19 00:53:32,REAL,2683585668,10309,2683595977,2683595977
2025-06-19 00:53:34,REAL,2683595977,10245,2683606222,2683606222
2025-06-19 00:53:36,REAL,2683606222,10248,2683616470,2683616470
2025-06-19 00:53:38,REAL,2683616470,10255,2683626725,2683626725
2025-06-19 00:53:40,REAL,2683626725,3387,2683630112,2683630112
2025-06-19 00:53:42,REAL,2683630112,486,2683630598,2683630598
2025-06-19 00:53:44,REAL,2683630598,482,2683631080,2683631080
2025-06-19 00:53:46,REAL,2683631080,480,2683631560,2683631560
2025-06-19 00:53:48,REAL,2683631560,487,2683632047,2683632047
2025-06-19 00:53:50,REAL,2683632047,493,2683632540,2683632540
2025-06-19 00:53:52,REAL,2683632540,492,2683633032,2683633032
2025-06-19 00:53:54,REAL,2683633032,482,2683633514,2683633514
2025-06-19 00:53:56,REAL,2683633514,487,2683634001,2683634001
2025-06-19 00:53:58,REAL,2683634001,475,2683634476,2683634476
2025-06-19 00:54:00,REAL,2683634476,482,2683634958,2683634958
2025-06-19 00:54:02,REAL,2683634958,483,2683635441,2683635441
2025-06-19 00:54:04,REAL,2683635441,540,2683635981,2683635981
2025-06-19 00:54:06,REAL,2683635981,481,2683636462,2683636462
2025-06-19 00:54:08,REAL,2683636462,484,2683636946,2683636946
2025-06-19 00:54:10,REAL,2683636946,538,2683637484,2683637484
2025-06-19 00:54:12,REAL,2683637484,490,2683637974,2683637974
2025-06-19 00:54:14,REAL,2683637974,480,2683638454,2683638454
2025-06-19 00:54:16,REAL,2683638454,482,2683638936,2683638936
2025-06-19 00:54:18,REAL,2683638936,486,2683639422,2683639422
2025-06-19 00:54:20,REAL,2683639422,484,2683639906,2683639906
2025-06-19 00:54:22,REAL,2683639906,491,2683640397,2683640397
2025-06-19 00:54:24,REAL,2683640397,482,2683640879,2683640879
2025-06-19 00:54:26,REAL,2683640879,483,2683641362,2683641362
2025-06-19 00:54:28,REAL,2683641362,4447,2683645809,2683645809
2025-06-19 00:54:30,REAL,2683645809,11102,2683656911,2683656911
2025-06-19 00:54:32,REAL,2683656911,10254,2683667165,2683667165
2025-06-19 00:54:34,REAL,2683667165,10249,2683677414,2683677414
2025-06-19 00:54:36,REAL,2683677414,10315,2683687729,2683687729
2025-06-19 00:54:38,REAL,2683687729,10252,2683697981,2683697981
2025-06-19 00:54:40,REAL,2683697981,10307,2683708288,2683708288
2025-06-19 00:54:42,REAL,2683708288,10318,2683718606,2683718606
2025-06-19 00:54:44,REAL,2683718606,2131,2683720737,2683720737
2025-06-19 00:54:46,REAL,2683720737,493,2683721230,2683721230
2025-06-19 00:54:48,REAL,2683721230,482,2683721712,2683721712
2025-06-19 00:54:50,REAL,2683721712,485,2683722197,2683722197
2025-06-19 00:54:52,REAL,2683722197,485,2683722682,2683722682
2025-06-19 00:54:54,REAL,2683722682,486,2683723168,2683723168
2025-06-19 00:54:56,REAL,2683723168,481,2683723649,2683723649
2025-06-19 00:54:58,REAL,2683723649,486,2683724135,2683724135
2025-06-19 00:55:00,REAL,2683724135,5311,2683729446,2683729446
2025-06-19 00:55:02,REAL,2683729446,14014,2683743460,2683743460
2025-06-19 00:55:04,REAL,2683743460,10245,2683753705,2683753705
2025-06-19 00:55:06,REAL,2683753705,10256,2683763961,2683763961
2025-06-19 00:55:08,REAL,2683763961,10253,2683774214,2683774214
2025-06-19 00:55:10,REAL,2683774214,10254,2683784468,2683784468
2025-06-19 00:55:12,REAL,2683784468,10310,2683794778,2683794778
2025-06-19 00:55:14,REAL,2683794778,10242,2683805020,2683805020
2025-06-19 00:55:16,REAL,2683805020,1477,2683806497,2683806497
2025-06-19 00:55:18,REAL,2683806497,539,2683807036,2683807036
2025-06-19 00:55:20,REAL,2683807036,483,2683807519,2683807519
2025-06-19 00:55:22,REAL,2683807519,485,2683808004,2683808004
2025-06-19 00:55:24,REAL,2683808004,493,2683808497,2683808497
2025-06-19 00:55:26,REAL,2683808497,491,2683808988,2683808988
2025-06-19 00:55:28,REAL,2683808988,487,2683809475,2683809475
2025-06-19 00:55:30,REAL,2683809475,494,2683809969,2683809969
2025-06-19 00:55:32,REAL,2683809969,7088,2683817057,2683817057
2025-06-19 00:55:34,REAL,2683817057,13492,2683830549,2683830549
2025-06-19 00:55:36,REAL,2683830549,10250,2683840799,2683840799
2025-06-19 00:55:38,REAL,2683840799,10262,2683851061,2683851061
2025-06-19 00:55:40,REAL,2683851061,10249,2683861310,2683861310
2025-06-19 00:55:42,REAL,2683861310,10255,2683871565,2683871565
2025-06-19 00:55:44,REAL,2683871565,10248,2683881813,2683881813
2025-06-19 00:55:46,REAL,2683881813,10254,2683892067,2683892067
2025-06-19 00:55:48,REAL,2683892067,943,2683893010,2683893010
2025-06-19 00:55:50,REAL,2683893010,480,2683893490,2683893490
2025-06-19 00:55:52,REAL,2683893490,537,2683894027,2683894027
2025-06-19 00:55:54,REAL,2683894027,480,2683894507,2683894507
2025-06-19 00:55:56,REAL,2683894507,483,2683894990,2683894990
2025-06-19 00:55:58,REAL,2683894990,484,2683895474,2683895474
2025-06-19 00:56:00,REAL,2683895474,478,2683895952,2683895952
2025-06-19 00:56:02,REAL,2683895952,481,2683896433,2683896433
2025-06-19 00:56:04,REAL,2683896433,7294,2683903727,2683903727
2025-06-19 00:56:06,REAL,2683903727,13419,2683917146,2683917146
2025-06-19 00:56:08,REAL,2683917146,10254,2683927400,2683927400
2025-06-19 00:56:10,REAL,2683927400,10319,2683937719,2683937719
2025-06-19 00:56:12,REAL,2683937719,10248,2683947967,2683947967
2025-06-19 00:56:14,REAL,2683947967,10252,2683958219,2683958219
2025-06-19 00:56:16,REAL,2683958219,10246,2683968465,2683968465
2025-06-19 00:56:18,REAL,2683968465,10052,2683978517,2683978517
2025-06-19 00:56:20,REAL,2683978517,486,2683979003,2683979003
2025-06-19 00:56:22,REAL,2683979003,484,2683979487,2683979487
2025-06-19 00:56:24,REAL,2683979487,482,2683979969,2683979969
2025-06-19 00:56:26,REAL,2683979969,542,2683980511,2683980511
2025-06-19 00:56:28,REAL,2683980511,485,2683980996,2683980996
2025-06-19 00:56:30,REAL,2683980996,488,2683981484,2683981484
2025-06-19 00:56:32,REAL,2683981484,479,2683981963,2683981963
2025-06-19 00:56:34,REAL,2683981963,482,2683982445,2683982445
2025-06-19 00:56:36,REAL,2683982445,7355,2683989800,2683989800
2025-06-19 00:56:38,REAL,2683989800,10982,2684000782,2684000782
2025-06-19 00:56:40,REAL,2684000782,10249,2684011031,2684011031
2025-06-19 00:56:42,REAL,2684011031,10313,2684021344,2684021344
2025-06-19 00:56:44,REAL,2684021344,10260,2684031604,2684031604
2025-06-19 00:56:46,REAL,2684031604,10243,2684041847,2684041847
2025-06-19 00:56:48,REAL,2684041847,10252,2684052099,2684052099
2025-06-19 00:56:50,REAL,2684052099,9454,2684061553,2684061553
2025-06-19 00:56:52,REAL,2684061553,489,2684062042,2684062042
2025-06-19 00:56:54,REAL,2684062042,483,2684062525,2684062525
2025-06-19 00:56:56,REAL,2684062525,490,2684063015,2684063015
2025-06-19 00:56:58,REAL,2684063015,490,2684063505,2684063505
2025-06-19 00:57:00,REAL,2684063505,548,2684064053,2684064053
2025-06-19 00:57:02,REAL,2684064053,481,2684064534,2684064534
2025-06-19 00:57:04,REAL,2684064534,489,2684065023,2684065023
2025-06-19 00:57:06,REAL,2684065023,484,2684065507,2684065507
2025-06-19 00:57:08,REAL,2684065507,490,2684065997,2684065997
2025-06-19 00:57:10,REAL,2684065997,478,2684066475,2684066475
2025-06-19 00:57:12,REAL,2684066475,491,2684066966,2684066966
2025-06-19 00:57:14,REAL,2684066966,479,2684067445,2684067445
2025-06-19 00:57:16,REAL,2684067445,481,2684067926,2684067926
2025-06-19 00:57:18,REAL,2684067926,490,2684068416,2684068416
2025-06-19 00:57:20,REAL,2684068416,484,2684068900,2684068900
2025-06-19 00:57:22,REAL,2684068900,478,2684069378,2684069378
2025-06-19 00:57:24,REAL,2684069378,542,2684069920,2684069920
2025-06-19 00:57:26,REAL,2684069920,485,2684070405,2684070405
2025-06-19 00:57:28,REAL,2684070405,482,2684070887,2684070887
2025-06-19 00:57:30,REAL,2684070887,492,2684071379,2684071379
2025-06-19 00:57:32,REAL,2684071379,538,2684071917,2684071917
2025-06-19 00:57:34,REAL,2684071917,490,2684072407,2684072407
2025-06-19 00:57:36,REAL,2684072407,488,2684072895,2684072895
2025-06-19 00:57:38,REAL,2684072895,481,2684073376,2684073376
2025-06-19 00:57:40,REAL,2684073376,487,2684073863,2684073863
2025-06-19 00:57:42,REAL,2684073863,490,2684074353,2684074353
2025-06-19 00:57:44,REAL,2684074353,481,2684074834,2684074834
2025-06-19 00:57:46,REAL,2684074834,483,2684075317,2684075317
2025-06-19 00:57:48,REAL,2684075317,481,2684075798,2684075798
2025-06-19 00:57:50,REAL,2684075798,478,2684076276,2684076276
2025-06-19 00:57:52,REAL,2684076276,487,2684076763,2684076763
2025-06-19 00:57:54,REAL,2684076763,547,2684077310,2684077310
2025-06-19 00:57:56,REAL,2684077310,492,2684077802,2684077802
2025-06-19 00:57:58,REAL,2684077802,482,2684078284,2684078284
2025-06-19 00:58:00,REAL,2684078284,481,2684078765,2684078765
2025-06-19 00:58:02,REAL,2684078765,485,2684079250,2684079250
2025-06-19 00:58:04,REAL,2684079250,484,2684079734,2684079734
2025-06-19 00:58:06,REAL,2684079734,533,2684080267,2684080267
2025-06-19 00:58:08,REAL,2684080267,484,2684080751,2684080751
2025-06-19 00:58:10,REAL,2684080751,481,2684081232,2684081232
2025-06-19 00:58:12,REAL,2684081232,489,2684081721,2684081721
2025-06-19 00:58:14,REAL,2684081721,477,2684082198,2684082198
2025-06-19 00:58:16,REAL,2684082198,492,2684082690,2684082690
2025-06-19 00:58:18,REAL,2684082690,494,2684083184,2684083184
2025-06-19 00:58:20,REAL,2684083184,484,2684083668,2684083668
2025-06-19 00:58:22,REAL,2684083668,486,2684084154,2684084154
2025-06-19 00:58:24,REAL,2684084154,544,2684084698,2684084698
2025-06-19 00:58:26,REAL,2684084698,482,2684085180,2684085180
2025-06-19 00:58:28,REAL,2684085180,245,2684085425,2684085425
2025-06-19 00:58:30,REAL,2684085425,484,2684085909,2684085909
2025-06-19 00:58:32,REAL,2684085909,489,2684086398,2684086398
2025-06-19 00:58:34,REAL,2684086398,492,2684086890,2684086890
2025-06-19 00:58:36,REAL,2684086890,487,2684087377,2684087377
2025-06-19 00:58:38,REAL,2684087377,486,2684087863,2684087863
2025-06-19 00:58:40,REAL,2684087863,537,2684088400,2684088400
2025-06-19 00:58:42,REAL,2684088400,486,2684088886,2684088886
2025-06-19 00:58:44,REAL,2684088886,480,2684089366,2684089366
2025-06-19 00:58:46,REAL,2684089366,483,2684089849,2684089849
2025-06-19 00:58:48,REAL,2684089849,480,2684090329,2684090329
2025-06-19 00:58:50,REAL,2684090329,478,2684090807,2684090807
2025-06-19 00:58:52,REAL,2684090807,541,2684091348,2684091348
2025-06-19 00:58:54,REAL,2684091348,481,2684091829,2684091829
2025-06-19 00:58:56,REAL,2684091829,479,2684092308,2684092308
2025-06-19 00:58:58,REAL,2684092308,481,2684092789,2684092789
2025-06-19 00:59:00,REAL,2684092789,482,2684093271,2684093271
2025-06-19 00:59:02,REAL,2684093271,488,2684093759,2684093759
2025-06-19 00:59:04,REAL,2684093759,484,2684094243,2684094243
2025-06-19 00:59:06,REAL,2684094243,483,2684094726,2684094726
2025-06-19 00:59:08,REAL,2684094726,481,2684095207,2684095207
2025-06-19 00:59:10,REAL,2684095207,484,2684095691,2684095691
2025-06-19 00:59:12,REAL,2684095691,485,2684096176,2684096176
2025-06-19 00:59:14,REAL,2684096176,541,2684096717,2684096717
2025-06-19 00:59:16,REAL,2684096717,489,2684097206,2684097206
2025-06-19 00:59:18,REAL,2684097206,480,2684097686,2684097686
2025-06-19 00:59:20,REAL,2684097686,481,2684098167,2684098167
2025-06-19 00:59:22,REAL,2684098167,538,2684098705,2684098705
2025-06-19 00:59:24,REAL,2684098705,486,2684099191,2684099191
2025-06-19 00:59:26,REAL,2684099191,485,2684099676,2684099676
2025-06-19 00:59:28,REAL,2684099676,484,2684100160,2684100160
2025-06-19 00:59:30,REAL,2684100160,488,2684100648,2684100648
2025-06-19 00:59:32,REAL,2684100648,484,2684101132,2684101132
2025-06-19 00:59:34,REAL,2684101132,483,2684101615,2684101615
2025-06-19 00:59:36,REAL,2684101615,476,2684102091,2684102091
2025-06-19 00:59:38,REAL,2684102091,485,2684102576,2684102576
2025-06-19 00:59:40,REAL,2684102576,478,2684103054,2684103054
2025-06-19 00:59:42,REAL,2684103054,477,2684103531,2684103531
2025-06-19 00:59:44,REAL,2684103531,488,2684104019,2684104019
2025-06-19 00:59:46,REAL,2684104019,533,2684104552,2684104552
2025-06-19 00:59:48,REAL,2684104552,480,2684105032,2684105032
2025-06-19 00:59:50,REAL,2684105032,490,2684105522,2684105522
2025-06-19 00:59:52,REAL,2684105522,12164,2684117686,2684117686
2025-06-19 00:59:54,REAL,2684117686,10252,2684127938,2684127938
2025-06-19 00:59:56,REAL,2684127938,10254,2684138192,2684138192
2025-06-19 00:59:58,REAL,2684138192,10255,2684148447,2684148447
2025-06-19 01:00:00,REAL,2684148447,10183,2684158630,2684158630
2025-06-19 01:00:02,REAL,2684158630,10260,2684168890,2684168890
2025-06-19 01:00:04,REAL,2684168890,10257,2684179147,2684179147
2025-06-19 01:00:06,REAL,2684179147,5965,2684185112,2684185112
2025-06-19 01:00:08,REAL,2684185112,484,2684185596,2684185596
2025-06-19 01:00:10,REAL,2684185596,486,2684186082,2684186082
2025-06-19 01:00:12,REAL,2684186082,492,2684186574,2684186574
2025-06-19 01:00:14,REAL,2684186574,491,2684187065,2684187065
2025-06-19 01:00:16,REAL,2684187065,484,2684187549,2684187549
2025-06-19 01:00:18,REAL,2684187549,481,2684188030,2684188030
2025-06-19 01:00:20,REAL,2684188030,539,2684188569,2684188569
2025-06-19 01:00:22,REAL,2684188569,542,2684189111,2684189111
2025-06-19 01:00:24,REAL,2684189111,484,2684189595,2684189595
2025-06-19 01:00:26,REAL,2684189595,484,2684190079,2684190079
2025-06-19 01:00:28,REAL,2684190079,485,2684190564,2684190564
2025-06-19 01:00:30,REAL,2684190564,484,2684191048,2684191048
2025-06-19 01:00:32,REAL,2684191048,488,2684191536,2684191536
2025-06-19 01:00:34,REAL,2684191536,484,2684192020,2684192020
2025-06-19 01:00:36,REAL,2684192020,486,2684192506,2684192506
2025-06-19 01:00:38,REAL,2684192506,479,2684192985,2684192985
2025-06-19 01:00:40,REAL,2684192985,482,2684193467,2684193467
2025-06-19 01:00:42,REAL,2684193467,487,2684193954,2684193954
2025-06-19 01:00:44,REAL,2684193954,480,2684194434,2684194434
2025-06-19 01:00:46,REAL,2684194434,483,2684194917,2684194917
2025-06-19 01:00:48,REAL,2684194917,477,2684195394,2684195394
2025-06-19 01:00:50,REAL,2684195394,591,2684195985,2684195985
2025-06-19 01:00:52,REAL,2684195985,488,2684196473,2684196473
2025-06-19 01:00:54,REAL,2684196473,488,2684196961,2684196961
2025-06-19 01:00:56,REAL,2684196961,481,2684197442,2684197442
2025-06-19 01:00:58,REAL,2684197442,480,2684197922,2684197922
2025-06-19 01:01:00,REAL,2684197922,486,2684198408,2684198408
2025-06-19 01:01:02,REAL,2684198408,486,2684198894,2684198894
2025-06-19 01:01:04,REAL,2684198894,484,2684199378,2684199378
2025-06-19 01:01:06,REAL,2684199378,492,2684199870,2684199870
2025-06-19 01:01:08,REAL,2684199870,478,2684200348,2684200348
2025-06-19 01:01:10,REAL,2684200348,489,2684200837,2684200837
2025-06-19 01:01:12,REAL,2684200837,478,2684201315,2684201315
2025-06-19 01:01:14,REAL,2684201315,485,2684201800,2684201800
2025-06-19 01:01:16,REAL,2684201800,478,2684202278,2684202278
2025-06-19 01:01:18,REAL,2684202278,532,2684202810,2684202810
2025-06-19 01:01:20,REAL,2684202810,1348,2684204158,2684204158
2025-06-19 01:01:22,REAL,2684204158,12025,2684216183,2684216183
2025-06-19 01:01:24,REAL,2684216183,10253,2684226436,2684226436
2025-06-19 01:01:26,REAL,2684226436,10243,2684236679,2684236679
2025-06-19 01:01:28,REAL,2684236679,10314,2684246993,2684246993
2025-06-19 01:01:30,REAL,2684246993,10586,2684257579,2684257579
2025-06-19 01:01:32,REAL,2684257579,9917,2684267496,2684267496
2025-06-19 01:01:34,REAL,2684267496,10320,2684277816,2684277816
2025-06-19 01:01:36,REAL,2684277816,4442,2684282258,2684282258
2025-06-19 01:01:38,REAL,2684282258,481,2684282739,2684282739
2025-06-19 01:01:40,REAL,2684282739,480,2684283219,2684283219
2025-06-19 01:01:42,REAL,2684283219,486,2684283705,2684283705
2025-06-19 01:01:44,REAL,2684283705,484,2684284189,2684284189
2025-06-19 01:01:46,REAL,2684284189,490,2684284679,2684284679
2025-06-19 01:01:48,REAL,2684284679,539,2684285218,2684285218
2025-06-19 01:01:50,REAL,2684285218,536,2684285754,2684285754
2025-06-19 01:01:52,REAL,2684285754,491,2684286245,2684286245
2025-06-19 01:01:54,REAL,2684286245,484,2684286729,2684286729
2025-06-19 01:01:56,REAL,2684286729,482,2684287211,2684287211
2025-06-19 01:01:58,REAL,2684287211,491,2684287702,2684287702
2025-06-19 01:02:00,REAL,2684287702,482,2684288184,2684288184
2025-06-19 01:02:02,REAL,2684288184,475,2684288659,2684288659
2025-06-19 01:02:04,REAL,2684288659,483,2684289142,2684289142
2025-06-19 01:02:06,REAL,2684289142,486,2684289628,2684289628
2025-06-19 01:02:08,REAL,2684289628,489,2684290117,2684290117
2025-06-19 01:02:10,REAL,2684290117,477,2684290594,2684290594
2025-06-19 01:02:12,REAL,2684290594,486,2684291080,2684291080
2025-06-19 01:02:14,REAL,2684291080,485,2684291565,2684291565
2025-06-19 01:02:16,REAL,2684291565,483,2684292048,2684292048
2025-06-19 01:02:18,REAL,2684292048,536,2684292584,2684292584
2025-06-19 01:02:20,REAL,2684292584,487,2684293071,2684293071
2025-06-19 01:02:22,REAL,2684293071,485,2684293556,2684293556
2025-06-19 01:02:24,REAL,2684293556,542,2684294098,2684294098
2025-06-19 01:02:26,REAL,2684294098,478,2684294576,2684294576
2025-06-19 01:02:28,REAL,2684294576,488,2684295064,2684295064
2025-06-19 01:02:30,REAL,2684295064,490,2684295554,2684295554
2025-06-19 01:02:32,REAL,2684295554,485,2684296039,2684296039
2025-06-19 01:02:34,REAL,2684296039,491,2684296530,2684296530
2025-06-19 01:02:36,REAL,2684296530,482,2684297012,2684297012
2025-06-19 01:02:38,REAL,2684297012,482,2684297494,2684297494
2025-06-19 01:02:40,REAL,2684297494,476,2684297970,2684297970
2025-06-19 01:02:42,REAL,2684297970,483,2684298453,2684298453
2025-06-19 01:02:44,REAL,2684298453,479,2684298932,2684298932
2025-06-19 01:02:46,REAL,2684298932,542,2684299474,2684299474
2025-06-19 01:02:48,REAL,2684299474,476,2684299950,2684299950
2025-06-19 01:02:50,REAL,2684299950,484,2684300434,2684300434
2025-06-19 01:02:52,REAL,2684300434,492,2684300926,2684300926
2025-06-19 01:02:54,REAL,2684300926,486,2684301412,2684301412
2025-06-19 01:02:56,REAL,2684301412,489,2684301901,2684301901
2025-06-19 01:02:58,REAL,2684301901,478,2684302379,2684302379
2025-06-19 01:03:00,REAL,2684302379,485,2684302864,2684302864
2025-06-19 01:03:02,REAL,2684302864,549,2684303413,2684303413
2025-06-19 01:03:04,REAL,2684303413,486,2684303899,2684303899
2025-06-19 01:03:06,REAL,2684303899,484,2684304383,2684304383
2025-06-19 01:03:08,REAL,2684304383,485,2684304868,2684304868
2025-06-19 01:03:10,REAL,2684304868,483,2684305351,2684305351
2025-06-19 01:03:12,REAL,2684305351,486,2684305837,2684305837
2025-06-19 01:03:14,REAL,2684305837,484,2684306321,2684306321
2025-06-19 01:03:16,REAL,2684306321,543,2684306864,2684306864
2025-06-19 01:03:18,REAL,2684306864,484,2684307348,2684307348
2025-06-19 01:03:20,REAL,2684307348,482,2684307830,2684307830
2025-06-19 01:03:22,REAL,2684307830,487,2684308317,2684308317
2025-06-19 01:03:24,REAL,2684308317,481,2684308798,2684308798
2025-06-19 01:03:26,REAL,2684308798,483,2684309281,2684309281
2025-06-19 01:03:28,REAL,2684309281,485,2684309766,2684309766
2025-06-19 01:03:30,REAL,2684309766,479,2684310245,2684310245
2025-06-19 01:03:32,REAL,2684310245,484,2684310729,2684310729
2025-06-19 01:03:34,REAL,2684310729,482,2684311211,2684311211
2025-06-19 01:03:36,REAL,2684311211,478,2684311689,2684311689
2025-06-19 01:03:38,REAL,2684311689,541,2684312230,2684312230
2025-06-19 01:03:40,REAL,2684312230,491,2684312721,2684312721
2025-06-19 01:03:42,REAL,2684312721,492,2684313213,2684313213
2025-06-19 01:03:44,REAL,2684313213,482,2684313695,2684313695
2025-06-19 01:03:46,REAL,2684313695,542,2684314237,2684314237
2025-06-19 01:03:48,REAL,2684314237,484,2684314721,2684314721
2025-06-19 01:03:50,REAL,2684314721,486,2684315207,2684315207
2025-06-19 01:03:52,REAL,2684315207,482,2684315689,2684315689
2025-06-19 01:03:54,REAL,2684315689,484,2684316173,2684316173
2025-06-19 01:03:56,REAL,2684316173,480,2684316653,2684316653
2025-06-19 01:03:58,REAL,2684316653,474,2684317127,2684317127
2025-06-19 01:04:00,REAL,2684317127,475,2684317602,2684317602
2025-06-19 01:04:02,REAL,2684317602,488,2684318090,2684318090
2025-06-19 01:04:04,REAL,2684318090,488,2684318578,2684318578
2025-06-19 01:04:06,REAL,2684318578,489,2684319067,2684319067
2025-06-19 01:04:08,REAL,2684319067,481,2684319548,2684319548
2025-06-19 01:04:10,REAL,2684319548,480,2684320028,2684320028
2025-06-19 01:04:12,REAL,2684320028,490,2684320518,2684320518
2025-06-19 01:04:14,REAL,2684320518,534,2684321052,2684321052
2025-06-19 01:04:16,REAL,2684321052,540,2684321592,2684321592
2025-06-19 01:04:18,REAL,2684321592,476,2684322068,2684322068
2025-06-19 01:04:20,REAL,2684322068,489,2684322557,2684322557
2025-06-19 01:04:22,REAL,2684322557,483,2684323040,2684323040
2025-06-19 01:04:24,REAL,2684323040,485,2684323525,2684323525
2025-06-19 01:04:26,REAL,2684323525,483,2684324008,2684324008
2025-06-19 01:04:28,REAL,2684324008,475,2684324483,2684324483
2025-06-19 01:04:30,REAL,2684324483,478,2684324961,2684324961
2025-06-19 01:04:32,REAL,2684324961,493,2684325454,2684325454
2025-06-19 01:04:34,REAL,2684325454,482,2684325936,2684325936
2025-06-19 01:04:36,REAL,2684325936,487,2684326423,2684326423
2025-06-19 01:04:38,REAL,2684326423,488,2684326911,2684326911
2025-06-19 01:04:40,REAL,2684326911,483,2684327394,2684327394
2025-06-19 01:04:42,REAL,2684327394,478,2684327872,2684327872
2025-06-19 01:04:44,REAL,2684327872,530,2684328402,2684328402
2025-06-19 01:04:46,REAL,2684328402,483,2684328885,2684328885
2025-06-19 01:04:48,REAL,2684328885,479,2684329364,2684329364
2025-06-19 01:04:50,REAL,2684329364,490,2684329854,2684329854
2025-06-19 01:04:52,REAL,2684329854,542,2684330396,2684330396
2025-06-19 01:04:54,REAL,2684330396,483,2684330879,2684330879
2025-06-19 01:04:56,REAL,2684330879,486,2684331365,2684331365
2025-06-19 01:04:58,REAL,2684331365,478,2684331843,2684331843
2025-06-19 01:05:00,REAL,2684331843,476,2684332319,2684332319
2025-06-19 01:05:02,REAL,2684332319,481,2684332800,2684332800
2025-06-19 01:05:04,REAL,2684332800,486,2684333286,2684333286
2025-06-19 01:05:06,REAL,2684333286,485,2684333771,2684333771
2025-06-19 01:05:08,REAL,2684333771,482,2684334253,2684334253
2025-06-19 01:05:10,REAL,2684334253,488,2684334741,2684334741
2025-06-19 01:05:12,REAL,2684334741,484,2684335225,2684335225
2025-06-19 01:05:14,REAL,2684335225,477,2684335702,2684335702
2025-06-19 01:05:16,REAL,2684335702,484,2684336186,2684336186
2025-06-19 01:05:18,REAL,2684336186,540,2684336726,2684336726
2025-06-19 01:05:20,REAL,2684336726,485,2684337211,2684337211
2025-06-19 01:05:22,REAL,2684337211,489,2684337700,2684337700
2025-06-19 01:05:24,REAL,2684337700,1220,2684338920,2684338920
2025-06-19 01:05:26,REAL,2684338920,12437,2684351357,2684351357
2025-06-19 01:05:28,REAL,2684351357,10322,2684361679,2684361679
2025-06-19 01:05:30,REAL,2684361679,10248,2684371927,2684371927
2025-06-19 01:05:32,REAL,2684371927,10259,2684382186,2684382186
2025-06-19 01:05:34,REAL,2684382186,10309,2684392495,2684392495
2025-06-19 01:05:36,REAL,2684392495,10246,2684402741,2684402741
2025-06-19 01:05:38,REAL,2684402741,10252,2684412993,2684412993
2025-06-19 01:05:40,REAL,2684412993,4711,2684417704,2684417704
2025-06-19 01:05:42,REAL,2684417704,485,2684418189,2684418189
2025-06-19 01:05:44,REAL,2684418189,485,2684418674,2684418674
2025-06-19 01:05:46,REAL,2684418674,490,2684419164,2684419164
2025-06-19 01:05:48,REAL,2684419164,485,2684419649,2684419649
2025-06-19 01:05:50,REAL,2684419649,488,2684420137,2684420137
2025-06-19 01:05:52,REAL,2684420137,476,2684420613,2684420613
2025-06-19 01:05:54,REAL,2684420613,535,2684421148,2684421148
2025-06-19 01:05:56,REAL,2684421148,2013,2684423161,2684423161
2025-06-19 01:05:58,REAL,2684423161,12047,2684435208,2684435208
2025-06-19 01:06:00,REAL,2684435208,10258,2684445466,2684445466
2025-06-19 01:06:02,REAL,2684445466,10249,2684455715,2684455715
2025-06-19 01:06:04,REAL,2684455715,10254,2684465969,2684465969
2025-06-19 01:06:06,REAL,2684465969,10248,2684476217,2684476217
2025-06-19 01:06:08,REAL,2684476217,10256,2684486473,2684486473
2025-06-19 01:06:10,REAL,2684486473,10253,2684496726,2684496726
2025-06-19 01:06:12,REAL,2684496726,4046,2684500772,2684500772
2025-06-19 01:06:14,REAL,2684500772,479,2684501251,2684501251
2025-06-19 01:06:16,REAL,2684501251,478,2684501729,2684501729
2025-06-19 01:06:18,REAL,2684501729,485,2684502214,2684502214
2025-06-19 01:06:20,REAL,2684502214,481,2684502695,2684502695
2025-06-19 01:06:22,REAL,2684502695,492,2684503187,2684503187
2025-06-19 01:06:24,REAL,2684503187,482,2684503669,2684503669
2025-06-19 01:06:26,REAL,2684503669,491,2684504160,2684504160
2025-06-19 01:06:28,REAL,2684504160,2937,2684507097,2684507097
2025-06-19 01:06:30,REAL,2684507097,14860,2684521957,2684521957
2025-06-19 01:06:32,REAL,2684521957,10708,2684532665,2684532665
2025-06-19 01:06:34,REAL,2684532665,9852,2684542517,2684542517
2025-06-19 01:06:36,REAL,2684542517,10255,2684552772,2684552772
2025-06-19 01:06:38,REAL,2684552772,10253,2684563025,2684563025
2025-06-19 01:06:40,REAL,2684563025,10260,2684573285,2684573285
2025-06-19 01:06:42,REAL,2684573285,10253,2684583538,2684583538
2025-06-19 01:06:44,REAL,2684583538,3390,2684586928,2684586928
2025-06-19 01:06:46,REAL,2684586928,484,2684587412,2684587412
2025-06-19 01:06:48,REAL,2684587412,484,2684587896,2684587896
2025-06-19 01:06:50,REAL,2684587896,493,2684588389,2684588389
2025-06-19 01:06:52,REAL,2684588389,476,2684588865,2684588865
2025-06-19 01:06:54,REAL,2684588865,476,2684589341,2684589341
2025-06-19 01:06:56,REAL,2684589341,490,2684589831,2684589831
2025-06-19 01:06:58,REAL,2684589831,481,2684590312,2684590312
2025-06-19 01:07:00,REAL,2684590312,4049,2684594361,2684594361
2025-06-19 01:07:02,REAL,2684594361,13945,2684608306,2684608306
2025-06-19 01:07:04,REAL,2684608306,10246,2684618552,2684618552
2025-06-19 01:07:06,REAL,2684618552,10308,2684628860,2684628860
2025-06-19 01:07:08,REAL,2684628860,10247,2684639107,2684639107
2025-06-19 01:07:10,REAL,2684639107,10314,2684649421,2684649421
2025-06-19 01:07:12,REAL,2684649421,10258,2684659679,2684659679
2025-06-19 01:07:14,REAL,2684659679,10253,2684669932,2684669932
2025-06-19 01:07:16,REAL,2684669932,2731,2684672663,2684672663
2025-06-19 01:07:18,REAL,2684672663,475,2684673138,2684673138
2025-06-19 01:07:20,REAL,2684673138,483,2684673621,2684673621
2025-06-19 01:07:22,REAL,2684673621,482,2684674103,2684674103
2025-06-19 01:07:24,REAL,2684674103,486,2684674589,2684674589
2025-06-19 01:07:26,REAL,2684674589,481,2684675070,2684675070
2025-06-19 01:07:28,REAL,2684675070,485,2684675555,2684675555
2025-06-19 01:07:30,REAL,2684675555,493,2684676048,2684676048
2025-06-19 01:07:32,REAL,2684676048,483,2684676531,2684676531
2025-06-19 01:07:34,REAL,2684676531,485,2684677016,2684677016
2025-06-19 01:07:36,REAL,2684677016,486,2684677502,2684677502
2025-06-19 01:07:38,REAL,2684677502,485,2684677987,2684677987
2025-06-19 01:07:40,REAL,2684677987,478,2684678465,2684678465
2025-06-19 01:07:42,REAL,2684678465,491,2684678956,2684678956
2025-06-19 01:07:44,REAL,2684678956,540,2684679496,2684679496
2025-06-19 01:07:46,REAL,2684679496,484,2684679980,2684679980
2025-06-19 01:07:48,REAL,2684679980,485,2684680465,2684680465
2025-06-19 01:07:50,REAL,2684680465,541,2684681006,2684681006
2025-06-19 01:07:52,REAL,2684681006,477,2684681483,2684681483
2025-06-19 01:07:54,REAL,2684681483,480,2684681963,2684681963
2025-06-19 01:07:56,REAL,2684681963,477,2684682440,2684682440
2025-06-19 01:07:58,REAL,2684682440,474,2684682914,2684682914
2025-06-19 01:08:00,REAL,2684682914,493,2684683407,2684683407
2025-06-19 01:08:02,REAL,2684683407,488,2684683895,2684683895
2025-06-19 01:08:04,REAL,2684683895,487,2684684382,2684684382
2025-06-19 01:08:06,REAL,2684684382,493,2684684875,2684684875
2025-06-19 01:08:08,REAL,2684684875,482,2684685357,2684685357
2025-06-19 01:08:10,REAL,2684685357,486,2684685843,2684685843
2025-06-19 01:08:12,REAL,2684685843,483,2684686326,2684686326
2025-06-19 01:08:14,REAL,2684686326,489,2684686815,2684686815
2025-06-19 01:08:16,REAL,2684686815,493,2684687308,2684687308
2025-06-19 01:08:18,REAL,2684687308,488,2684687796,2684687796
2025-06-19 01:08:20,REAL,2684687796,548,2684688344,2684688344
2025-06-19 01:08:22,REAL,2684688344,489,2684688833,2684688833
2025-06-19 01:08:24,REAL,2684688833,489,2684689322,2684689322
2025-06-19 01:08:26,REAL,2684689322,479,2684689801,2684689801
2025-06-19 01:08:28,REAL,2684689801,482,2684690283,2684690283
2025-06-19 01:08:30,REAL,2684690283,489,2684690772,2684690772
2025-06-19 01:08:32,REAL,2684690772,484,2684691256,2684691256
2025-06-19 01:08:34,REAL,2684691256,481,2684691737,2684691737
2025-06-19 01:08:36,REAL,2684691737,6301,2684698038,2684698038
2025-06-19 01:08:38,REAL,2684698038,13421,2684711459,2684711459
2025-06-19 01:08:40,REAL,2684711459,10312,2684721771,2684721771
2025-06-19 01:08:42,REAL,2684721771,10306,2684732077,2684732077
2025-06-19 01:08:44,REAL,2684732077,10258,2684742335,2684742335
2025-06-19 01:08:46,REAL,2684742335,10251,2684752586,2684752586
2025-06-19 01:08:48,REAL,2684752586,10256,2684762842,2684762842
2025-06-19 01:08:50,REAL,2684762842,10251,2684773093,2684773093
2025-06-19 01:08:52,REAL,2684773093,889,2684773982,2684773982
2025-06-19 01:08:54,REAL,2684773982,532,2684774514,2684774514
2025-06-19 01:08:56,REAL,2684774514,483,2684774997,2684774997
2025-06-19 01:08:58,REAL,2684774997,486,2684775483,2684775483
2025-06-19 01:09:00,REAL,2684775483,487,2684775970,2684775970
2025-06-19 01:09:02,REAL,2684775970,484,2684776454,2684776454
2025-06-19 01:09:04,REAL,2684776454,483,2684776937,2684776937
2025-06-19 01:09:06,REAL,2684776937,485,2684777422,2684777422
2025-06-19 01:09:08,REAL,2684777422,475,2684777897,2684777897
2025-06-19 01:09:10,REAL,2684777897,484,2684778381,2684778381
2025-06-19 01:09:12,REAL,2684778381,480,2684778861,2684778861
2025-06-19 01:09:14,REAL,2684778861,474,2684779335,2684779335
2025-06-19 01:09:16,REAL,2684779335,485,2684779820,2684779820
2025-06-19 01:09:18,REAL,2684779820,485,2684780305,2684780305
2025-06-19 01:09:20,REAL,2684780305,482,2684780787,2684780787
2025-06-19 01:09:22,REAL,2684780787,485,2684781272,2684781272
2025-06-19 01:09:24,REAL,2684781272,479,2684781751,2684781751
2025-06-19 01:09:26,REAL,2684781751,486,2684782237,2684782237
2025-06-19 01:09:28,REAL,2684782237,626,2684782863,2684782863
2025-06-19 01:09:30,REAL,2684782863,12225,2684795088,2684795088
2025-06-19 01:09:32,REAL,2684795088,10308,2684805396,2684805396
2025-06-19 01:09:34,REAL,2684805396,10252,2684815648,2684815648
2025-06-19 01:09:36,REAL,2684815648,10246,2684825894,2684825894
2025-06-19 01:09:38,REAL,2684825894,10314,2684836208,2684836208
2025-06-19 01:09:40,REAL,2684836208,10252,2684846460,2684846460
2025-06-19 01:09:42,REAL,2684846460,10243,2684856703,2684856703
2025-06-19 01:09:44,REAL,2684856703,4965,2684861668,2684861668
2025-06-19 01:09:46,REAL,2684861668,476,2684862144,2684862144
2025-06-19 01:09:48,REAL,2684862144,485,2684862629,2684862629
2025-06-19 01:09:50,REAL,2684862629,489,2684863118,2684863118
2025-06-19 01:09:52,REAL,2684863118,486,2684863604,2684863604
2025-06-19 01:09:54,REAL,2684863604,491,2684864095,2684864095
2025-06-19 01:09:56,REAL,2684864095,486,2684864581,2684864581
2025-06-19 01:09:58,REAL,2684864581,478,2684865059,2684865059
2025-06-19 01:10:00,REAL,2684865059,1550,2684866609,2684866609
2025-06-19 01:10:02,REAL,2684866609,13948,2684880557,2684880557
2025-06-19 01:10:04,REAL,2684880557,10257,2684890814,2684890814
2025-06-19 01:10:06,REAL,2684890814,10370,2684901184,2684901184
2025-06-19 01:10:08,REAL,2684901184,10260,2684911444,2684911444
2025-06-19 01:10:10,REAL,2684911444,10260,2684921704,2684921704
2025-06-19 01:10:12,REAL,2684921704,10242,2684931946,2684931946
2025-06-19 01:10:14,REAL,2684931946,10316,2684942262,2684942262
2025-06-19 01:10:16,REAL,2684942262,4313,2684946575,2684946575
2025-06-19 01:10:18,REAL,2684946575,489,2684947064,2684947064
2025-06-19 01:10:20,REAL,2684947064,491,2684947555,2684947555
2025-06-19 01:10:22,REAL,2684947555,487,2684948042,2684948042
2025-06-19 01:10:24,REAL,2684948042,482,2684948524,2684948524
2025-06-19 01:10:26,REAL,2684948524,483,2684949007,2684949007
2025-06-19 01:10:28,REAL,2684949007,481,2684949488,2684949488
2025-06-19 01:10:30,REAL,2684949488,494,2684949982,2684949982
2025-06-19 01:10:32,REAL,2684949982,479,2684950461,2684950461
2025-06-19 01:10:34,REAL,2684950461,479,2684950940,2684950940
2025-06-19 01:10:36,REAL,2684950940,477,2684951417,2684951417
2025-06-19 01:10:38,REAL,2684951417,488,2684951905,2684951905
2025-06-19 01:10:40,REAL,2684951905,477,2684952382,2684952382
2025-06-19 01:10:42,REAL,2684952382,489,2684952871,2684952871
2025-06-19 01:10:44,REAL,2684952871,490,2684953361,2684953361
2025-06-19 01:10:46,REAL,2684953361,481,2684953842,2684953842
2025-06-19 01:10:48,REAL,2684953842,491,2684954333,2684954333
2025-06-19 01:10:50,REAL,2684954333,595,2684954928,2684954928
2025-06-19 01:10:52,REAL,2684954928,490,2684955418,2684955418
2025-06-19 01:10:54,REAL,2684955418,10209,2684965627,2684965627
2025-06-19 01:10:56,REAL,2684965627,12098,2684977725,2684977725
2025-06-19 01:10:58,REAL,2684977725,10322,2684988047,2684988047
2025-06-19 01:11:00,REAL,2684988047,10250,2684998297,2684998297
2025-06-19 01:11:02,REAL,2684998297,10256,2685008553,2685008553
2025-06-19 01:11:04,REAL,2685008553,10315,2685018868,2685018868
2025-06-19 01:11:06,REAL,2685018868,10258,2685029126,2685029126
2025-06-19 01:11:08,REAL,2685029126,8402,2685037528,2685037528
2025-06-19 01:11:10,REAL,2685037528,489,2685038017,2685038017
2025-06-19 01:11:12,REAL,2685038017,485,2685038502,2685038502
2025-06-19 01:11:14,REAL,2685038502,2935,2685041437,2685041437
2025-06-19 01:11:16,REAL,2685041437,15010,2685056447,2685056447
2025-06-19 01:11:18,REAL,2685056447,10314,2685066761,2685066761
2025-06-19 01:11:20,REAL,2685066761,10249,2685077010,2685077010
2025-06-19 01:11:22,REAL,2685077010,10246,2685087256,2685087256
2025-06-19 01:11:24,REAL,2685087256,10321,2685097577,2685097577
2025-06-19 01:11:26,REAL,2685097577,10179,2685107756,2685107756
2025-06-19 01:11:28,REAL,2685107756,10318,2685118074,2685118074
2025-06-19 01:11:30,REAL,2685118074,3126,2685121200,2685121200
2025-06-19 01:11:32,REAL,2685121200,537,2685121737,2685121737
2025-06-19 01:11:34,REAL,2685121737,486,2685122223,2685122223
2025-06-19 01:11:36,REAL,2685122223,491,2685122714,2685122714
2025-06-19 01:11:38,REAL,2685122714,492,2685123206,2685123206
2025-06-19 01:11:40,REAL,2685123206,478,2685123684,2685123684
2025-06-19 01:11:42,REAL,2685123684,483,2685124167,2685124167
2025-06-19 01:11:44,REAL,2685124167,485,2685124652,2685124652
2025-06-19 01:11:46,REAL,2685124652,3790,2685128442,2685128442
2025-06-19 01:11:48,REAL,2685128442,11710,2685140152,2685140152
2025-06-19 01:11:50,REAL,2685140152,10315,2685150467,2685150467
2025-06-19 01:11:52,REAL,2685150467,10249,2685160716,2685160716
2025-06-19 01:11:54,REAL,2685160716,10248,2685170964,2685170964
2025-06-19 01:11:56,REAL,2685170964,10308,2685181272,2685181272
2025-06-19 01:11:58,REAL,2685181272,10251,2685191523,2685191523
2025-06-19 01:12:00,REAL,2685191523,10253,2685201776,2685201776
2025-06-19 01:12:02,REAL,2685201776,2531,2685204307,2685204307
2025-06-19 01:12:04,REAL,2685204307,489,2685204796,2685204796
2025-06-19 01:12:06,REAL,2685204796,482,2685205278,2685205278
2025-06-19 01:12:08,REAL,2685205278,491,2685205769,2685205769
2025-06-19 01:12:10,REAL,2685205769,488,2685206257,2685206257
2025-06-19 01:12:12,REAL,2685206257,477,2685206734,2685206734
2025-06-19 01:12:14,REAL,2685206734,488,2685207222,2685207222
2025-06-19 01:12:16,REAL,2685207222,536,2685207758,2685207758
2025-06-19 01:12:18,REAL,2685207758,478,2685208236,2685208236
2025-06-19 01:12:20,REAL,2685208236,474,2685208710,2685208710
2025-06-19 01:12:22,REAL,2685208710,484,2685209194,2685209194
2025-06-19 01:12:24,REAL,2685209194,486,2685209680,2685209680
2025-06-19 01:12:26,REAL,2685209680,486,2685210166,2685210166
2025-06-19 01:12:28,REAL,2685210166,488,2685210654,2685210654
2025-06-19 01:12:30,REAL,2685210654,486,2685211140,2685211140
2025-06-19 01:12:32,REAL,2685211140,479,2685211619,2685211619
2025-06-19 01:12:34,REAL,2685211619,486,2685212105,2685212105
2025-06-19 01:12:36,REAL,2685212105,474,2685212579,2685212579
2025-06-19 01:12:38,REAL,2685212579,545,2685213124,2685213124
2025-06-19 01:12:40,REAL,2685213124,487,2685213611,2685213611
2025-06-19 01:12:42,REAL,2685213611,479,2685214090,2685214090
2025-06-19 01:12:44,REAL,2685214090,483,2685214573,2685214573
2025-06-19 01:12:46,REAL,2685214573,489,2685215062,2685215062
2025-06-19 01:12:48,REAL,2685215062,481,2685215543,2685215543
2025-06-19 01:12:50,REAL,2685215543,481,2685216024,2685216024
2025-06-19 01:12:52,REAL,2685216024,490,2685216514,2685216514
2025-06-19 01:12:54,REAL,2685216514,487,2685217001,2685217001
2025-06-19 01:12:56,REAL,2685217001,493,2685217494,2685217494
2025-06-19 01:12:58,REAL,2685217494,537,2685218031,2685218031
2025-06-19 01:13:00,REAL,2685218031,481,2685218512,2685218512
2025-06-19 01:13:02,REAL,2685218512,489,2685219001,2685219001
2025-06-19 01:13:04,REAL,2685219001,485,2685219486,2685219486
2025-06-19 01:13:06,REAL,2685219486,481,2685219967,2685219967
2025-06-19 01:13:08,REAL,2685219967,489,2685220456,2685220456
2025-06-19 01:13:10,REAL,2685220456,477,2685220933,2685220933
2025-06-19 01:13:12,REAL,2685220933,537,2685221470,2685221470
2025-06-19 01:13:14,REAL,2685221470,493,2685221963,2685221963
2025-06-19 01:13:16,REAL,2685221963,491,2685222454,2685222454
2025-06-19 01:13:18,REAL,2685222454,490,2685222944,2685222944
2025-06-19 01:13:20,REAL,2685222944,488,2685223432,2685223432
2025-06-19 01:13:22,REAL,2685223432,484,2685223916,2685223916
2025-06-19 01:13:24,REAL,2685223916,488,2685224404,2685224404
2025-06-19 01:13:26,REAL,2685224404,487,2685224891,2685224891
2025-06-19 01:13:28,REAL,2685224891,478,2685225369,2685225369
2025-06-19 01:13:30,REAL,2685225369,482,2685225851,2685225851
2025-06-19 01:13:32,REAL,2685225851,485,2685226336,2685226336
2025-06-19 01:13:34,REAL,2685226336,484,2685226820,2685226820
2025-06-19 01:13:36,REAL,2685226820,480,2685227300,2685227300
2025-06-19 01:13:38,REAL,2685227300,476,2685227776,2685227776
2025-06-19 01:13:40,REAL,2685227776,482,2685228258,2685228258
2025-06-19 01:13:42,REAL,2685228258,538,2685228796,2685228796
2025-06-19 01:13:44,REAL,2685228796,493,2685229289,2685229289
2025-06-19 01:13:46,REAL,2685229289,548,2685229837,2685229837
2025-06-19 01:13:48,REAL,2685229837,483,2685230320,2685230320
2025-06-19 01:13:50,REAL,2685230320,487,2685230807,2685230807
2025-06-19 01:13:52,REAL,2685230807,479,2685231286,2685231286
2025-06-19 01:13:54,REAL,2685231286,484,2685231770,2685231770
2025-06-19 01:13:56,REAL,2685231770,485,2685232255,2685232255
2025-06-19 01:13:58,REAL,2685232255,490,2685232745,2685232745
2025-06-19 01:14:00,REAL,2685232745,494,2685233239,2685233239
2025-06-19 01:14:02,REAL,2685233239,492,2685233731,2685233731
2025-06-19 01:14:04,REAL,2685233731,485,2685234216,2685234216
2025-06-19 01:14:06,REAL,2685234216,483,2685234699,2685234699
2025-06-19 01:14:08,REAL,2685234699,477,2685235176,2685235176
2025-06-19 01:14:10,REAL,2685235176,480,2685235656,2685235656
2025-06-19 01:14:12,REAL,2685235656,485,2685236141,2685236141
2025-06-19 01:14:14,REAL,2685236141,477,2685236618,2685236618
2025-06-19 01:14:16,REAL,2685236618,478,2685237096,2685237096
2025-06-19 01:14:18,REAL,2685237096,491,2685237587,2685237587
2025-06-19 01:14:20,REAL,2685237587,532,2685238119,2685238119
2025-06-19 01:14:22,REAL,2685238119,478,2685238597,2685238597
2025-06-19 01:14:24,REAL,2685238597,484,2685239081,2685239081
2025-06-19 01:14:26,REAL,2685239081,9057,2685248138,2685248138
2025-06-19 01:14:28,REAL,2685248138,12559,2685260697,2685260697
2025-06-19 01:14:30,REAL,2685260697,10321,2685271018,2685271018
2025-06-19 01:14:32,REAL,2685271018,10257,2685281275,2685281275
2025-06-19 01:14:34,REAL,2685281275,10324,2685291599,2685291599
2025-06-19 01:14:36,REAL,2685291599,10251,2685301850,2685301850
2025-06-19 01:14:38,REAL,2685301850,10253,2685312103,2685312103
2025-06-19 01:14:40,REAL,2685312103,9121,2685321224,2685321224
2025-06-19 01:14:42,REAL,2685321224,487,2685321711,2685321711
2025-06-19 01:14:44,REAL,2685321711,481,2685322192,2685322192
2025-06-19 01:14:46,REAL,2685322192,485,2685322677,2685322677
2025-06-19 01:14:48,REAL,2685322677,492,2685323169,2685323169
2025-06-19 01:14:50,REAL,2685323169,479,2685323648,2685323648
2025-06-19 01:14:52,REAL,2685323648,487,2685324135,2685324135
2025-06-19 01:14:54,REAL,2685324135,483,2685324618,2685324618
2025-06-19 01:14:56,REAL,2685324618,488,2685325106,2685325106
2025-06-19 01:14:58,REAL,2685325106,490,2685325596,2685325596
2025-06-19 01:15:00,REAL,2685325596,547,2685326143,2685326143
2025-06-19 01:15:02,REAL,2685326143,489,2685326632,2685326632
2025-06-19 01:15:04,REAL,2685326632,479,2685327111,2685327111
2025-06-19 01:15:06,REAL,2685327111,477,2685327588,2685327588
2025-06-19 01:15:08,REAL,2685327588,540,2685328128,2685328128
2025-06-19 01:15:10,REAL,2685328128,482,2685328610,2685328610
2025-06-19 01:15:12,REAL,2685328610,475,2685329085,2685329085
2025-06-19 01:15:14,REAL,2685329085,476,2685329561,2685329561
2025-06-19 01:15:16,REAL,2685329561,483,2685330044,2685330044
2025-06-19 01:15:18,REAL,2685330044,479,2685330523,2685330523
2025-06-19 01:15:20,REAL,2685330523,483,2685331006,2685331006
2025-06-19 01:15:22,REAL,2685331006,492,2685331498,2685331498
2025-06-19 01:15:24,REAL,2685331498,487,2685331985,2685331985
2025-06-19 01:15:26,REAL,2685331985,479,2685332464,2685332464
2025-06-19 01:15:28,REAL,2685332464,491,2685332955,2685332955
2025-06-19 01:15:30,REAL,2685332955,488,2685333443,2685333443
2025-06-19 01:15:32,REAL,2685333443,243,2685333686,2685333686
2025-06-19 01:15:34,REAL,2685333686,485,2685334171,2685334171
2025-06-19 01:15:36,REAL,2685334171,535,2685334706,2685334706
2025-06-19 01:15:38,REAL,2685334706,481,2685335187,2685335187
2025-06-19 01:15:40,REAL,2685335187,476,2685335663,2685335663
2025-06-19 01:15:42,REAL,2685335663,484,2685336147,2685336147
2025-06-19 01:15:44,REAL,2685336147,479,2685336626,2685336626
2025-06-19 01:15:46,REAL,2685336626,541,2685337167,2685337167
2025-06-19 01:15:48,REAL,2685337167,488,2685337655,2685337655
2025-06-19 01:15:50,REAL,2685337655,492,2685338147,2685338147
2025-06-19 01:15:52,REAL,2685338147,486,2685338633,2685338633
2025-06-19 01:15:54,REAL,2685338633,488,2685339121,2685339121
2025-06-19 01:15:56,REAL,2685339121,486,2685339607,2685339607
2025-06-19 01:15:58,REAL,2685339607,483,2685340090,2685340090
2025-06-19 01:16:00,REAL,2685340090,479,2685340569,2685340569
2025-06-19 01:16:02,REAL,2685340569,480,2685341049,2685341049
2025-06-19 01:16:04,REAL,2685341049,483,2685341532,2685341532
2025-06-19 01:16:06,REAL,2685341532,476,2685342008,2685342008
2025-06-19 01:16:08,REAL,2685342008,480,2685342488,2685342488
2025-06-19 01:16:10,REAL,2685342488,538,2685343026,2685343026
2025-06-19 01:16:12,REAL,2685343026,492,2685343518,2685343518
2025-06-19 01:16:14,REAL,2685343518,483,2685344001,2685344001
2025-06-19 01:16:16,REAL,2685344001,483,2685344484,2685344484
2025-06-19 01:16:18,REAL,2685344484,482,2685344966,2685344966
2025-06-19 01:16:20,REAL,2685344966,482,2685345448,2685345448
2025-06-19 01:16:22,REAL,2685345448,478,2685345926,2685345926
2025-06-19 01:16:24,REAL,2685345926,541,2685346467,2685346467
2025-06-19 01:16:26,REAL,2685346467,478,2685346945,2685346945
2025-06-19 01:16:28,REAL,2685346945,490,2685347435,2685347435
2025-06-19 01:16:30,REAL,2685347435,478,2685347913,2685347913
2025-06-19 01:16:32,REAL,2685347913,476,2685348389,2685348389
2025-06-19 01:16:34,REAL,2685348389,13370,2685361759,2685361759
2025-06-19 01:16:36,REAL,2685361759,11047,2685372806,2685372806
2025-06-19 01:16:38,REAL,2685372806,10053,2685382859,2685382859
2025-06-19 01:16:40,REAL,2685382859,10255,2685393114,2685393114
2025-06-19 01:16:42,REAL,2685393114,10312,2685403426,2685403426
2025-06-19 01:16:44,REAL,2685403426,10252,2685413678,2685413678
2025-06-19 01:16:46,REAL,2685413678,10254,2685423932,2685423932
2025-06-19 01:16:48,REAL,2685423932,6623,2685430555,2685430555
2025-06-19 01:16:50,REAL,2685430555,481,2685431036,2685431036
2025-06-19 01:16:52,REAL,2685431036,485,2685431521,2685431521
2025-06-19 01:16:54,REAL,2685431521,485,2685432006,2685432006
2025-06-19 01:16:56,REAL,2685432006,482,2685432488,2685432488
2025-06-19 01:16:58,REAL,2685432488,476,2685432964,2685432964
2025-06-19 01:17:00,REAL,2685432964,543,2685433507,2685433507
2025-06-19 01:17:02,REAL,2685433507,485,2685433992,2685433992
2025-06-19 01:17:04,REAL,2685433992,487,2685434479,2685434479
2025-06-19 01:17:06,REAL,2685434479,485,2685434964,2685434964
2025-06-19 01:17:08,REAL,2685434964,545,2685435509,2685435509
2025-06-19 01:17:10,REAL,2685435509,488,2685435997,2685435997
2025-06-19 01:17:12,REAL,2685435997,482,2685436479,2685436479
2025-06-19 01:17:14,REAL,2685436479,481,2685436960,2685436960
2025-06-19 01:17:16,REAL,2685436960,480,2685437440,2685437440
2025-06-19 01:17:18,REAL,2685437440,486,2685437926,2685437926
2025-06-19 01:17:20,REAL,2685437926,488,2685438414,2685438414
2025-06-19 01:17:22,REAL,2685438414,477,2685438891,2685438891
2025-06-19 01:17:24,REAL,2685438891,477,2685439368,2685439368
2025-06-19 01:17:26,REAL,2685439368,483,2685439851,2685439851
2025-06-19 01:17:28,REAL,2685439851,492,2685440343,2685440343
2025-06-19 01:17:30,REAL,2685440343,483,2685440826,2685440826
2025-06-19 01:17:32,REAL,2685440826,480,2685441306,2685441306
2025-06-19 01:17:34,REAL,2685441306,487,2685441793,2685441793
2025-06-19 01:17:36,REAL,2685441793,483,2685442276,2685442276
2025-06-19 01:17:38,REAL,2685442276,485,2685442761,2685442761
2025-06-19 01:17:40,REAL,2685442761,538,2685443299,2685443299
2025-06-19 01:17:42,REAL,2685443299,537,2685443836,2685443836
2025-06-19 01:17:44,REAL,2685443836,478,2685444314,2685444314
2025-06-19 01:17:46,REAL,2685444314,482,2685444796,2685444796
2025-06-19 01:17:48,REAL,2685444796,482,2685445278,2685445278
2025-06-19 01:17:50,REAL,2685445278,485,2685445763,2685445763
2025-06-19 01:17:52,REAL,2685445763,487,2685446250,2685446250
2025-06-19 01:17:54,REAL,2685446250,490,2685446740,2685446740
2025-06-19 01:17:56,REAL,2685446740,475,2685447215,2685447215
2025-06-19 01:17:58,REAL,2685447215,477,2685447692,2685447692
2025-06-19 01:18:00,REAL,2685447692,474,2685448166,2685448166
2025-06-19 01:18:02,REAL,2685448166,491,2685448657,2685448657
2025-06-19 01:18:04,REAL,2685448657,485,2685449142,2685449142
2025-06-19 01:18:06,REAL,2685449142,540,2685449682,2685449682
2025-06-19 01:18:08,REAL,2685449682,487,2685450169,2685450169
2025-06-19 01:18:10,REAL,2685450169,487,2685450656,2685450656
2025-06-19 01:18:12,REAL,2685450656,487,2685451143,2685451143
2025-06-19 01:18:14,REAL,2685451143,487,2685451630,2685451630
2025-06-19 01:18:16,REAL,2685451630,490,2685452120,2685452120
2025-06-19 01:18:18,REAL,2685452120,533,2685452653,2685452653
2025-06-19 01:18:20,REAL,2685452653,481,2685453134,2685453134
2025-06-19 01:18:22,REAL,2685453134,478,2685453612,2685453612
2025-06-19 01:18:24,REAL,2685453612,490,2685454102,2685454102
2025-06-19 01:18:26,REAL,2685454102,486,2685454588,2685454588
2025-06-19 01:18:28,REAL,2685454588,488,2685455076,2685455076
2025-06-19 01:18:30,REAL,2685455076,486,2685455562,2685455562
2025-06-19 01:18:32,REAL,2685455562,539,2685456101,2685456101
2025-06-19 01:18:34,REAL,2685456101,492,2685456593,2685456593
2025-06-19 01:18:36,REAL,2685456593,478,2685457071,2685457071
2025-06-19 01:18:38,REAL,2685457071,488,2685457559,2685457559
2025-06-19 01:18:40,REAL,2685457559,474,2685458033,2685458033
2025-06-19 01:18:42,REAL,2685458033,482,2685458515,2685458515
2025-06-19 01:18:44,REAL,2685458515,480,2685458995,2685458995
2025-06-19 01:18:46,REAL,2685458995,483,2685459478,2685459478
2025-06-19 01:18:48,REAL,2685459478,488,2685459966,2685459966
2025-06-19 01:18:50,REAL,2685459966,486,2685460452,2685460452
2025-06-19 01:18:52,REAL,2685460452,474,2685460926,2685460926
2025-06-19 01:18:54,REAL,2685460926,493,2685461419,2685461419
2025-06-19 01:18:56,REAL,2685461419,542,2685461961,2685461961
2025-06-19 01:18:58,REAL,2685461961,546,2685462507,2685462507
2025-06-19 01:19:00,REAL,2685462507,483,2685462990,2685462990
2025-06-19 01:19:02,REAL,2685462990,481,2685463471,2685463471
2025-06-19 01:19:04,REAL,2685463471,484,2685463955,2685463955
2025-06-19 01:19:06,REAL,2685463955,486,2685464441,2685464441
2025-06-19 01:19:08,REAL,2685464441,490,2685464931,2685464931
2025-06-19 01:19:10,REAL,2685464931,478,2685465409,2685465409
2025-06-19 01:19:12,REAL,2685465409,484,2685465893,2685465893
2025-06-19 01:19:14,REAL,2685465893,479,2685466372,2685466372
2025-06-19 01:19:16,REAL,2685466372,487,2685466859,2685466859
2025-06-19 01:19:18,REAL,2685466859,10923,2685477782,2685477782
2025-06-19 01:19:20,REAL,2685477782,11897,2685489679,2685489679
2025-06-19 01:19:22,REAL,2685489679,10311,2685499990,2685499990
2025-06-19 01:19:24,REAL,2685499990,10250,2685510240,2685510240
2025-06-19 01:19:26,REAL,2685510240,10248,2685520488,2685520488
2025-06-19 01:19:28,REAL,2685520488,10317,2685530805,2685530805
2025-06-19 01:19:30,REAL,2685530805,10254,2685541059,2685541059
2025-06-19 01:19:32,REAL,2685541059,8471,2685549530,2685549530
2025-06-19 01:19:34,REAL,2685549530,488,2685550018,2685550018
2025-06-19 01:19:36,REAL,2685550018,534,2685550552,2685550552
2025-06-19 01:19:38,REAL,2685550552,484,2685551036,2685551036
2025-06-19 01:19:40,REAL,2685551036,486,2685551522,2685551522
2025-06-19 01:19:42,REAL,2685551522,541,2685552063,2685552063
2025-06-19 01:19:44,REAL,2685552063,480,2685552543,2685552543
2025-06-19 01:19:46,REAL,2685552543,485,2685553028,2685553028
2025-06-19 01:19:48,REAL,2685553028,487,2685553515,2685553515
2025-06-19 01:19:50,REAL,2685553515,484,2685553999,2685553999
2025-06-19 01:19:52,REAL,2685553999,484,2685554483,2685554483
2025-06-19 01:19:54,REAL,2685554483,488,2685554971,2685554971
2025-06-19 01:19:56,REAL,2685554971,476,2685555447,2685555447
2025-06-19 01:19:58,REAL,2685555447,486,2685555933,2685555933
2025-06-19 01:20:00,REAL,2685555933,487,2685556420,2685556420
2025-06-19 01:20:02,REAL,2685556420,481,2685556901,2685556901
2025-06-19 01:20:04,REAL,2685556901,483,2685557384,2685557384
2025-06-19 01:20:06,REAL,2685557384,491,2685557875,2685557875
2025-06-19 01:20:08,REAL,2685557875,550,2685558425,2685558425
2025-06-19 01:20:10,REAL,2685558425,480,2685558905,2685558905
2025-06-19 01:20:12,REAL,2685558905,490,2685559395,2685559395
2025-06-19 01:20:14,REAL,2685559395,536,2685559931,2685559931
2025-06-19 01:20:16,REAL,2685559931,478,2685560409,2685560409
2025-06-19 01:20:18,REAL,2685560409,474,2685560883,2685560883
2025-06-19 01:20:20,REAL,2685560883,486,2685561369,2685561369
2025-06-19 01:20:22,REAL,2685561369,484,2685561853,2685561853
2025-06-19 01:20:24,REAL,2685561853,484,2685562337,2685562337
2025-06-19 01:20:26,REAL,2685562337,482,2685562819,2685562819
2025-06-19 01:20:28,REAL,2685562819,490,2685563309,2685563309
2025-06-19 01:20:30,REAL,2685563309,492,2685563801,2685563801
2025-06-19 01:20:32,REAL,2685563801,536,2685564337,2685564337
2025-06-19 01:20:34,REAL,2685564337,489,2685564826,2685564826
2025-06-19 01:20:36,REAL,2685564826,488,2685565314,2685565314
2025-06-19 01:20:38,REAL,2685565314,483,2685565797,2685565797
2025-06-19 01:20:40,REAL,2685565797,485,2685566282,2685566282
2025-06-19 01:20:42,REAL,2685566282,487,2685566769,2685566769
2025-06-19 01:20:44,REAL,2685566769,493,2685567262,2685567262
2025-06-19 01:20:46,REAL,2685567262,486,2685567748,2685567748
2025-06-19 01:20:48,REAL,2685567748,490,2685568238,2685568238
2025-06-19 01:20:50,REAL,2685568238,549,2685568787,2685568787
2025-06-19 01:20:52,REAL,2685568787,483,2685569270,2685569270
2025-06-19 01:20:54,REAL,2685569270,478,2685569748,2685569748
2025-06-19 01:20:56,REAL,2685569748,538,2685570286,2685570286
2025-06-19 01:20:58,REAL,2685570286,486,2685570772,2685570772
2025-06-19 01:21:00,REAL,2685570772,481,2685571253,2685571253
2025-06-19 01:21:02,REAL,2685571253,477,2685571730,2685571730
2025-06-19 01:21:04,REAL,2685571730,479,2685572209,2685572209
2025-06-19 01:21:06,REAL,2685572209,486,2685572695,2685572695
2025-06-19 01:21:08,REAL,2685572695,493,2685573188,2685573188
2025-06-19 01:21:10,REAL,2685573188,490,2685573678,2685573678
2025-06-19 01:21:12,REAL,2685573678,480,2685574158,2685574158
2025-06-19 01:21:14,REAL,2685574158,483,2685574641,2685574641
2025-06-19 01:21:16,REAL,2685574641,478,2685575119,2685575119
2025-06-19 01:21:18,REAL,2685575119,482,2685575601,2685575601
2025-06-19 01:21:20,REAL,2685575601,480,2685576081,2685576081
2025-06-19 01:21:22,REAL,2685576081,541,2685576622,2685576622
2025-06-19 01:21:24,REAL,2685576622,493,2685577115,2685577115
2025-06-19 01:21:26,REAL,2685577115,533,2685577648,2685577648
2025-06-19 01:21:28,REAL,2685577648,487,2685578135,2685578135
2025-06-19 01:21:30,REAL,2685578135,5633,2685583768,2685583768
2025-06-19 01:21:32,REAL,2685583768,11104,2685594872,2685594872
2025-06-19 01:21:34,REAL,2685594872,10255,2685605127,2685605127
2025-06-19 01:21:36,REAL,2685605127,10254,2685615381,2685615381
2025-06-19 01:21:38,REAL,2685615381,10321,2685625702,2685625702
2025-06-19 01:21:40,REAL,2685625702,10253,2685635955,2685635955
2025-06-19 01:21:42,REAL,2685635955,10257,2685646212,2685646212
2025-06-19 01:21:44,REAL,2685646212,10315,2685656527,2685656527
2025-06-19 01:21:46,REAL,2685656527,941,2685657468,2685657468
2025-06-19 01:21:48,REAL,2685657468,486,2685657954,2685657954
2025-06-19 01:21:50,REAL,2685657954,488,2685658442,2685658442
2025-06-19 01:21:52,REAL,2685658442,488,2685658930,2685658930
2025-06-19 01:21:54,REAL,2685658930,548,2685659478,2685659478
2025-06-19 01:21:56,REAL,2685659478,482,2685659960,2685659960
2025-06-19 01:21:58,REAL,2685659960,480,2685660440,2685660440
2025-06-19 01:22:00,REAL,2685660440,482,2685660922,2685660922
2025-06-19 01:22:02,REAL,2685660922,6101,2685667023,2685667023
2025-06-19 01:22:04,REAL,2685667023,11099,2685678122,2685678122
2025-06-19 01:22:06,REAL,2685678122,10244,2685688366,2685688366
2025-06-19 01:22:08,REAL,2685688366,10651,2685699017,2685699017
2025-06-19 01:22:10,REAL,2685699017,9914,2685708931,2685708931
2025-06-19 01:22:12,REAL,2685708931,10322,2685719253,2685719253
2025-06-19 01:22:14,REAL,2685719253,10255,2685729508,2685729508
2025-06-19 01:22:16,REAL,2685729508,10186,2685739694,2685739694
2025-06-19 01:22:18,REAL,2685739694,481,2685740175,2685740175
2025-06-19 01:22:20,REAL,2685740175,483,2685740658,2685740658
2025-06-19 01:22:22,REAL,2685740658,483,2685741141,2685741141
2025-06-19 01:22:24,REAL,2685741141,487,2685741628,2685741628
2025-06-19 01:22:26,REAL,2685741628,477,2685742105,2685742105
2025-06-19 01:22:28,REAL,2685742105,488,2685742593,2685742593
2025-06-19 01:22:30,REAL,2685742593,484,2685743077,2685743077
2025-06-19 01:22:32,REAL,2685743077,478,2685743555,2685743555
2025-06-19 01:22:34,REAL,2685743555,478,2685744033,2685744033
2025-06-19 01:22:36,REAL,2685744033,484,2685744517,2685744517
2025-06-19 01:22:38,REAL,2685744517,483,2685745000,2685745000
2025-06-19 01:22:40,REAL,2685745000,592,2685745592,2685745592
2025-06-19 01:22:42,REAL,2685745592,482,2685746074,2685746074
2025-06-19 01:22:44,REAL,2685746074,482,2685746556,2685746556
2025-06-19 01:22:46,REAL,2685746556,481,2685747037,2685747037
2025-06-19 01:22:48,REAL,2685747037,484,2685747521,2685747521
2025-06-19 01:22:50,REAL,2685747521,491,2685748012,2685748012
2025-06-19 01:22:52,REAL,2685748012,485,2685748497,2685748497
2025-06-19 01:22:54,REAL,2685748497,486,2685748983,2685748983
2025-06-19 01:22:56,REAL,2685748983,480,2685749463,2685749463
2025-06-19 01:22:58,REAL,2685749463,476,2685749939,2685749939
2025-06-19 01:23:00,REAL,2685749939,485,2685750424,2685750424
2025-06-19 01:23:02,REAL,2685750424,477,2685750901,2685750901
2025-06-19 01:23:04,REAL,2685750901,490,2685751391,2685751391
2025-06-19 01:23:06,REAL,2685751391,7947,2685759338,2685759338
2025-06-19 01:23:08,REAL,2685759338,10715,2685770053,2685770053
2025-06-19 01:23:10,REAL,2685770053,10252,2685780305,2685780305
2025-06-19 01:23:12,REAL,2685780305,10320,2685790625,2685790625
2025-06-19 01:23:14,REAL,2685790625,10251,2685800876,2685800876
2025-06-19 01:23:16,REAL,2685800876,10252,2685811128,2685811128
2025-06-19 01:23:18,REAL,2685811128,10374,2685821502,2685821502
2025-06-19 01:23:20,REAL,2685821502,8870,2685830372,2685830372
2025-06-19 01:23:22,REAL,2685830372,479,2685830851,2685830851
2025-06-19 01:23:24,REAL,2685830851,479,2685831330,2685831330
2025-06-19 01:23:26,REAL,2685831330,484,2685831814,2685831814
2025-06-19 01:23:28,REAL,2685831814,490,2685832304,2685832304
2025-06-19 01:23:30,REAL,2685832304,488,2685832792,2685832792
2025-06-19 01:23:32,REAL,2685832792,478,2685833270,2685833270
2025-06-19 01:23:34,REAL,2685833270,483,2685833753,2685833753
2025-06-19 01:23:36,REAL,2685833753,485,2685834238,2685834238
2025-06-19 01:23:38,REAL,2685834238,479,2685834717,2685834717
2025-06-19 01:23:40,REAL,2685834717,493,2685835210,2685835210
2025-06-19 01:23:42,REAL,2685835210,486,2685835696,2685835696
2025-06-19 01:23:44,REAL,2685835696,532,2685836228,2685836228
2025-06-19 01:23:46,REAL,2685836228,482,2685836710,2685836710
2025-06-19 01:23:48,REAL,2685836710,483,2685837193,2685837193
2025-06-19 01:23:50,REAL,2685837193,478,2685837671,2685837671
2025-06-19 01:23:52,REAL,2685837671,484,2685838155,2685838155
2025-06-19 01:23:54,REAL,2685838155,546,2685838701,2685838701
2025-06-19 01:23:56,REAL,2685838701,480,2685839181,2685839181
2025-06-19 01:23:58,REAL,2685839181,480,2685839661,2685839661
2025-06-19 01:24:00,REAL,2685839661,487,2685840148,2685840148
2025-06-19 01:24:02,REAL,2685840148,493,2685840641,2685840641
2025-06-19 01:24:04,REAL,2685840641,489,2685841130,2685841130
2025-06-19 01:24:06,REAL,2685841130,488,2685841618,2685841618
2025-06-19 01:24:08,REAL,2685841618,483,2685842101,2685842101
2025-06-19 01:24:10,REAL,2685842101,482,2685842583,2685842583
2025-06-19 01:24:12,REAL,2685842583,491,2685843074,2685843074
2025-06-19 01:24:14,REAL,2685843074,486,2685843560,2685843560
2025-06-19 01:24:16,REAL,2685843560,487,2685844047,2685844047
2025-06-19 01:24:18,REAL,2685844047,484,2685844531,2685844531
2025-06-19 01:24:20,REAL,2685844531,489,2685845020,2685845020
2025-06-19 01:24:22,REAL,2685845020,481,2685845501,2685845501
2025-06-19 01:24:24,REAL,2685845501,535,2685846036,2685846036
2025-06-19 01:24:26,REAL,2685846036,478,2685846514,2685846514
2025-06-19 01:24:28,REAL,2685846514,490,2685847004,2685847004
2025-06-19 01:24:30,REAL,2685847004,541,2685847545,2685847545
2025-06-19 01:24:32,REAL,2685847545,491,2685848036,2685848036
2025-06-19 01:24:34,REAL,2685848036,484,2685848520,2685848520
2025-06-19 01:24:36,REAL,2685848520,478,2685848998,2685848998
2025-06-19 01:24:38,REAL,2685848998,492,2685849490,2685849490
2025-06-19 01:24:40,REAL,2685849490,486,2685849976,2685849976
2025-06-19 01:24:42,REAL,2685849976,488,2685850464,2685850464
2025-06-19 01:24:44,REAL,2685850464,482,2685850946,2685850946
2025-06-19 01:24:46,REAL,2685850946,482,2685851428,2685851428
2025-06-19 01:24:48,REAL,2685851428,494,2685851922,2685851922
2025-06-19 01:24:50,REAL,2685851922,489,2685852411,2685852411
2025-06-19 01:24:52,REAL,2685852411,480,2685852891,2685852891
2025-06-19 01:24:54,REAL,2685852891,486,2685853377,2685853377
2025-06-19 01:24:56,REAL,2685853377,485,2685853862,2685853862
2025-06-19 01:24:58,REAL,2685853862,492,2685854354,2685854354
2025-06-19 01:25:00,REAL,2685854354,488,2685854842,2685854842
2025-06-19 01:25:02,REAL,2685854842,542,2685855384,2685855384
2025-06-19 01:25:04,REAL,2685855384,486,2685855870,2685855870
2025-06-19 01:25:06,REAL,2685855870,491,2685856361,2685856361
2025-06-19 01:25:08,REAL,2685856361,542,2685856903,2685856903
2025-06-19 01:25:10,REAL,2685856903,490,2685857393,2685857393
2025-06-19 01:25:12,REAL,2685857393,478,2685857871,2685857871
2025-06-19 01:25:14,REAL,2685857871,484,2685858355,2685858355
2025-06-19 01:25:16,REAL,2685858355,488,2685858843,2685858843
2025-06-19 01:25:18,REAL,2685858843,489,2685859332,2685859332
2025-06-19 01:25:20,REAL,2685859332,478,2685859810,2685859810
2025-06-19 01:25:22,REAL,2685859810,484,2685860294,2685860294
2025-06-19 01:25:24,REAL,2685860294,488,2685860782,2685860782
2025-06-19 01:25:26,REAL,2685860782,486,2685861268,2685861268
2025-06-19 01:25:28,REAL,2685861268,483,2685861751,2685861751
2025-06-19 01:25:30,REAL,2685861751,481,2685862232,2685862232
2025-06-19 01:25:32,REAL,2685862232,487,2685862719,2685862719
2025-06-19 01:25:34,REAL,2685862719,477,2685863196,2685863196
2025-06-19 01:25:36,REAL,2685863196,483,2685863679,2685863679
2025-06-19 01:25:38,REAL,2685863679,491,2685864170,2685864170
2025-06-19 01:25:40,REAL,2685864170,485,2685864655,2685864655
2025-06-19 01:25:42,REAL,2685864655,532,2685865187,2685865187
2025-06-19 01:25:44,REAL,2685865187,484,2685865671,2685865671
2025-06-19 01:25:46,REAL,2685865671,493,2685866164,2685866164
2025-06-19 01:25:48,REAL,2685866164,479,2685866643,2685866643
2025-06-19 01:25:50,REAL,2685866643,481,2685867124,2685867124
2025-06-19 01:25:52,REAL,2685867124,478,2685867602,2685867602
2025-06-19 01:25:54,REAL,2685867602,481,2685868083,2685868083
2025-06-19 01:25:56,REAL,2685868083,539,2685868622,2685868622
2025-06-19 01:25:58,REAL,2685868622,483,2685869105,2685869105
2025-06-19 01:26:00,REAL,2685869105,478,2685869583,2685869583
2025-06-19 01:26:02,REAL,2685869583,481,2685870064,2685870064
2025-06-19 01:26:04,REAL,2685870064,487,2685870551,2685870551
2025-06-19 01:26:06,REAL,2685870551,483,2685871034,2685871034
2025-06-19 01:26:08,REAL,2685871034,477,2685871511,2685871511
2025-06-19 01:26:10,REAL,2685871511,478,2685871989,2685871989
2025-06-19 01:26:12,REAL,2685871989,481,2685872470,2685872470
2025-06-19 01:26:14,REAL,2685872470,482,2685872952,2685872952
2025-06-19 01:26:16,REAL,2685872952,486,2685873438,2685873438
2025-06-19 01:26:18,REAL,2685873438,485,2685873923,2685873923
2025-06-19 01:26:20,REAL,2685873923,543,2685874466,2685874466
2025-06-19 01:26:22,REAL,2685874466,487,2685874953,2685874953
2025-06-19 01:26:24,REAL,2685874953,475,2685875428,2685875428
2025-06-19 01:26:26,REAL,2685875428,490,2685875918,2685875918
2025-06-19 01:26:28,REAL,2685875918,482,2685876400,2685876400
2025-06-19 01:26:30,REAL,2685876400,480,2685876880,2685876880
2025-06-19 01:26:32,REAL,2685876880,481,2685877361,2685877361
2025-06-19 01:26:34,REAL,2685877361,482,2685877843,2685877843
2025-06-19 01:26:36,REAL,2685877843,489,2685878332,2685878332
2025-06-19 01:26:38,REAL,2685878332,482,2685878814,2685878814
2025-06-19 01:26:40,REAL,2685878814,482,2685879296,2685879296
2025-06-19 01:26:42,REAL,2685879296,483,2685879779,2685879779
2025-06-19 01:26:44,REAL,2685879779,544,2685880323,2685880323
2025-06-19 01:26:46,REAL,2685880323,483,2685880806,2685880806
2025-06-19 01:26:48,REAL,2685880806,482,2685881288,2685881288
2025-06-19 01:26:50,REAL,2685881288,489,2685881777,2685881777
2025-06-19 01:26:52,REAL,2685881777,480,2685882257,2685882257
2025-06-19 01:26:54,REAL,2685882257,487,2685882744,2685882744
2025-06-19 01:26:56,REAL,2685882744,483,2685883227,2685883227
2025-06-19 01:26:58,REAL,2685883227,485,2685883712,2685883712
2025-06-19 01:27:00,REAL,2685883712,547,2685884259,2685884259
2025-06-19 01:27:02,REAL,2685884259,491,2685884750,2685884750
2025-06-19 01:27:04,REAL,2685884750,487,2685885237,2685885237
2025-06-19 01:27:06,REAL,2685885237,480,2685885717,2685885717
2025-06-19 01:27:08,REAL,2685885717,487,2685886204,2685886204
2025-06-19 01:27:10,REAL,2685886204,479,2685886683,2685886683
2025-06-19 01:27:12,REAL,2685886683,483,2685887166,2685887166
2025-06-19 01:27:14,REAL,2685887166,475,2685887641,2685887641
2025-06-19 01:27:16,REAL,2685887641,482,2685888123,2685888123
2025-06-19 01:27:18,REAL,2685888123,476,2685888599,2685888599
2025-06-19 01:27:20,REAL,2685888599,2141,2685890740,2685890740
2025-06-19 01:27:22,REAL,2685890740,15399,2685906139,2685906139
2025-06-19 01:27:24,REAL,2685906139,10250,2685916389,2685916389
2025-06-19 01:27:26,REAL,2685916389,10322,2685926711,2685926711
2025-06-19 01:27:28,REAL,2685926711,10253,2685936964,2685936964
2025-06-19 01:27:30,REAL,2685936964,10320,2685947284,2685947284
2025-06-19 01:27:32,REAL,2685947284,10308,2685957592,2685957592
2025-06-19 01:27:34,REAL,2685957592,10325,2685967917,2685967917
2025-06-19 01:27:36,REAL,2685967917,3911,2685971828,2685971828
2025-06-19 01:27:38,REAL,2685971828,485,2685972313,2685972313
2025-06-19 01:27:40,REAL,2685972313,485,2685972798,2685972798
2025-06-19 01:27:42,REAL,2685972798,482,2685973280,2685973280
2025-06-19 01:27:44,REAL,2685973280,478,2685973758,2685973758
2025-06-19 01:27:46,REAL,2685973758,481,2685974239,2685974239
2025-06-19 01:27:48,REAL,2685974239,481,2685974720,2685974720
2025-06-19 01:27:50,REAL,2685974720,474,2685975194,2685975194
2025-06-19 01:27:52,REAL,2685975194,2734,2685977928,2685977928
2025-06-19 01:27:54,REAL,2685977928,14078,2685992006,2685992006
2025-06-19 01:27:56,REAL,2685992006,10315,2686002321,2686002321
2025-06-19 01:27:58,REAL,2686002321,10257,2686012578,2686012578
2025-06-19 01:28:00,REAL,2686012578,10250,2686022828,2686022828
2025-06-19 01:28:02,REAL,2686022828,10320,2686033148,2686033148
2025-06-19 01:28:04,REAL,2686033148,10255,2686043403,2686043403
2025-06-19 01:28:06,REAL,2686043403,10247,2686053650,2686053650
2025-06-19 01:28:08,REAL,2686053650,3320,2686056970,2686056970
2025-06-19 01:28:10,REAL,2686056970,490,2686057460,2686057460
2025-06-19 01:28:12,REAL,2686057460,492,2686057952,2686057952
2025-06-19 01:28:14,REAL,2686057952,482,2686058434,2686058434
2025-06-19 01:28:16,REAL,2686058434,487,2686058921,2686058921
2025-06-19 01:28:18,REAL,2686058921,482,2686059403,2686059403
2025-06-19 01:28:20,REAL,2686059403,484,2686059887,2686059887
2025-06-19 01:28:22,REAL,2686059887,548,2686060435,2686060435
2025-06-19 01:28:24,REAL,2686060435,485,2686060920,2686060920
2025-06-19 01:28:26,REAL,2686060920,487,2686061407,2686061407
2025-06-19 01:28:28,REAL,2686061407,481,2686061888,2686061888
2025-06-19 01:28:30,REAL,2686061888,483,2686062371,2686062371
2025-06-19 01:28:32,REAL,2686062371,476,2686062847,2686062847
2025-06-19 01:28:34,REAL,2686062847,487,2686063334,2686063334
2025-06-19 01:28:36,REAL,2686063334,484,2686063818,2686063818
2025-06-19 01:28:38,REAL,2686063818,480,2686064298,2686064298
2025-06-19 01:28:40,REAL,2686064298,486,2686064784,2686064784
2025-06-19 01:28:42,REAL,2686064784,482,2686065266,2686065266
2025-06-19 01:28:44,REAL,2686065266,537,2686065803,2686065803
2025-06-19 01:28:46,REAL,2686065803,477,2686066280,2686066280
2025-06-19 01:28:48,REAL,2686066280,477,2686066757,2686066757
2025-06-19 01:28:50,REAL,2686066757,485,2686067242,2686067242
2025-06-19 01:28:52,REAL,2686067242,485,2686067727,2686067727
2025-06-19 01:28:54,REAL,2686067727,481,2686068208,2686068208
2025-06-19 01:28:56,REAL,2686068208,490,2686068698,2686068698
2025-06-19 01:28:58,REAL,2686068698,487,2686069185,2686069185
2025-06-19 01:29:00,REAL,2686069185,481,2686069666,2686069666
2025-06-19 01:29:02,REAL,2686069666,481,2686070147,2686070147
2025-06-19 01:29:04,REAL,2686070147,487,2686070634,2686070634
2025-06-19 01:29:06,REAL,2686070634,486,2686071120,2686071120
2025-06-19 01:29:08,REAL,2686071120,485,2686071605,2686071605
2025-06-19 01:29:10,REAL,2686071605,482,2686072087,2686072087
2025-06-19 01:29:12,REAL,2686072087,544,2686072631,2686072631
2025-06-19 01:29:14,REAL,2686072631,486,2686073117,2686073117
2025-06-19 01:29:16,REAL,2686073117,482,2686073599,2686073599
2025-06-19 01:29:18,REAL,2686073599,483,2686074082,2686074082
2025-06-19 01:29:20,REAL,2686074082,493,2686074575,2686074575
2025-06-19 01:29:22,REAL,2686074575,491,2686075066,2686075066
2025-06-19 01:29:24,REAL,2686075066,484,2686075550,2686075550
2025-06-19 01:29:26,REAL,2686075550,486,2686076036,2686076036
2025-06-19 01:29:28,REAL,2686076036,489,2686076525,2686076525
2025-06-19 01:29:30,REAL,2686076525,485,2686077010,2686077010
2025-06-19 01:29:32,REAL,2686077010,484,2686077494,2686077494
2025-06-19 01:29:34,REAL,2686077494,539,2686078033,2686078033
2025-06-19 01:29:36,REAL,2686078033,482,2686078515,2686078515
2025-06-19 01:29:38,REAL,2686078515,477,2686078992,2686078992
2025-06-19 01:29:40,REAL,2686078992,482,2686079474,2686079474
2025-06-19 01:29:42,REAL,2686079474,489,2686079963,2686079963
2025-06-19 01:29:44,REAL,2686079963,5711,2686085674,2686085674
2025-06-19 01:29:46,REAL,2686085674,10984,2686096658,2686096658
2025-06-19 01:29:48,REAL,2686096658,10252,2686106910,2686106910
2025-06-19 01:29:50,REAL,2686106910,10250,2686117160,2686117160
2025-06-19 01:29:52,REAL,2686117160,10312,2686127472,2686127472
2025-06-19 01:29:54,REAL,2686127472,10242,2686137714,2686137714
2025-06-19 01:29:56,REAL,2686137714,10253,2686147967,2686147967
2025-06-19 01:29:58,REAL,2686147967,10322,2686158289,2686158289
2025-06-19 01:30:00,REAL,2686158289,1069,2686159358,2686159358
2025-06-19 01:30:02,REAL,2686159358,541,2686159899,2686159899
2025-06-19 01:30:04,REAL,2686159899,481,2686160380,2686160380
2025-06-19 01:30:06,REAL,2686160380,488,2686160868,2686160868
2025-06-19 01:30:08,REAL,2686160868,477,2686161345,2686161345
2025-06-19 01:30:10,REAL,2686161345,483,2686161828,2686161828
2025-06-19 01:30:12,REAL,2686161828,479,2686162307,2686162307
2025-06-19 01:30:14,REAL,2686162307,483,2686162790,2686162790
2025-06-19 01:30:16,REAL,2686162790,6364,2686169154,2686169154
2025-06-19 01:30:18,REAL,2686169154,11169,2686180323,2686180323
2025-06-19 01:30:20,REAL,2686180323,10257,2686190580,2686190580
2025-06-19 01:30:22,REAL,2686190580,10327,2686200907,2686200907
2025-06-19 01:30:24,REAL,2686200907,10258,2686211165,2686211165
2025-06-19 01:30:26,REAL,2686211165,10252,2686221417,2686221417
2025-06-19 01:30:28,REAL,2686221417,10316,2686231733,2686231733
2025-06-19 01:30:30,REAL,2686231733,10255,2686241988,2686241988
2025-06-19 01:30:32,REAL,2686241988,482,2686242470,2686242470
2025-06-19 01:30:34,REAL,2686242470,492,2686242962,2686242962
2025-06-19 01:30:36,REAL,2686242962,484,2686243446,2686243446
2025-06-19 01:30:38,REAL,2686243446,485,2686243931,2686243931
2025-06-19 01:30:40,REAL,2686243931,487,2686244418,2686244418
2025-06-19 01:30:42,REAL,2686244418,486,2686244904,2686244904
2025-06-19 01:30:44,REAL,2686244904,476,2686245380,2686245380
2025-06-19 01:30:46,REAL,2686245380,485,2686245865,2686245865
2025-06-19 01:30:48,REAL,2686245865,482,2686246347,2686246347
2025-06-19 01:30:50,REAL,2686246347,542,2686246889,2686246889
2025-06-19 01:30:52,REAL,2686246889,480,2686247369,2686247369
2025-06-19 01:30:54,REAL,2686247369,485,2686247854,2686247854
2025-06-19 01:30:56,REAL,2686247854,480,2686248334,2686248334
2025-06-19 01:30:58,REAL,2686248334,485,2686248819,2686248819
2025-06-19 01:31:00,REAL,2686248819,490,2686249309,2686249309
2025-06-19 01:31:02,REAL,2686249309,490,2686249799,2686249799
2025-06-19 01:31:04,REAL,2686249799,481,2686250280,2686250280
2025-06-19 01:31:06,REAL,2686250280,491,2686250771,2686250771
2025-06-19 01:31:08,REAL,2686250771,1668,2686252439,2686252439
2025-06-19 01:31:10,REAL,2686252439,12236,2686264675,2686264675
2025-06-19 01:31:12,REAL,2686264675,10261,2686274936,2686274936
2025-06-19 01:31:14,REAL,2686274936,10262,2686285198,2686285198
2025-06-19 01:31:16,REAL,2686285198,10252,2686295450,2686295450
2025-06-19 01:31:18,REAL,2686295450,10320,2686305770,2686305770
2025-06-19 01:31:20,REAL,2686305770,10253,2686316023,2686316023
2025-06-19 01:31:22,REAL,2686316023,10257,2686326280,2686326280
2025-06-19 01:31:24,REAL,2686326280,4426,2686330706,2686330706
2025-06-19 01:31:26,REAL,2686330706,485,2686331191,2686331191
2025-06-19 01:31:28,REAL,2686331191,488,2686331679,2686331679
2025-06-19 01:31:30,REAL,2686331679,489,2686332168,2686332168
2025-06-19 01:31:32,REAL,2686332168,488,2686332656,2686332656
2025-06-19 01:31:34,REAL,2686332656,492,2686333148,2686333148
2025-06-19 01:31:36,REAL,2686333148,485,2686333633,2686333633
2025-06-19 01:31:38,REAL,2686333633,478,2686334111,2686334111
2025-06-19 01:31:40,REAL,2686334111,489,2686334600,2686334600
2025-06-19 01:31:42,REAL,2686334600,481,2686335081,2686335081
2025-06-19 01:31:44,REAL,2686335081,489,2686335570,2686335570
2025-06-19 01:31:46,REAL,2686335570,481,2686336051,2686336051
2025-06-19 01:31:48,REAL,2686336051,483,2686336534,2686336534
2025-06-19 01:31:50,REAL,2686336534,477,2686337011,2686337011
2025-06-19 01:31:52,REAL,2686337011,485,2686337496,2686337496
2025-06-19 01:31:54,REAL,2686337496,484,2686337980,2686337980
2025-06-19 01:31:56,REAL,2686337980,483,2686338463,2686338463
2025-06-19 01:31:58,REAL,2686338463,548,2686339011,2686339011
2025-06-19 01:32:00,REAL,2686339011,540,2686339551,2686339551
2025-06-19 01:32:02,REAL,2686339551,478,2686340029,2686340029
2025-06-19 01:32:04,REAL,2686340029,478,2686340507,2686340507
2025-06-19 01:32:06,REAL,2686340507,480,2686340987,2686340987
2025-06-19 01:32:08,REAL,2686340987,489,2686341476,2686341476
2025-06-19 01:32:10,REAL,2686341476,484,2686341960,2686341960
2025-06-19 01:32:12,REAL,2686341960,487,2686342447,2686342447
2025-06-19 01:32:14,REAL,2686342447,243,2686342690,2686342690
2025-06-19 01:32:16,REAL,2686342690,474,2686343164,2686343164
2025-06-19 01:32:18,REAL,2686343164,485,2686343649,2686343649
2025-06-19 01:32:20,REAL,2686343649,486,2686344135,2686344135
2025-06-19 01:32:22,REAL,2686344135,481,2686344616,2686344616
2025-06-19 01:32:24,REAL,2686344616,477,2686345093,2686345093
2025-06-19 01:32:26,REAL,2686345093,491,2686345584,2686345584
2025-06-19 01:32:28,REAL,2686345584,3192,2686348776,2686348776
2025-06-19 01:32:30,REAL,2686348776,14596,2686363372,2686363372
2025-06-19 01:32:32,REAL,2686363372,10261,2686373633,2686373633
2025-06-19 01:32:34,REAL,2686373633,10317,2686383950,2686383950
2025-06-19 01:32:36,REAL,2686383950,10249,2686394199,2686394199
2025-06-19 01:32:38,REAL,2686394199,10247,2686404446,2686404446
2025-06-19 01:32:40,REAL,2686404446,10256,2686414702,2686414702
2025-06-19 01:32:42,REAL,2686414702,10763,2686425465,2686425465
2025-06-19 01:32:44,REAL,2686425465,2354,2686427819,2686427819
2025-06-19 01:32:46,REAL,2686427819,483,2686428302,2686428302
2025-06-19 01:32:48,REAL,2686428302,481,2686428783,2686428783
2025-06-19 01:32:50,REAL,2686428783,485,2686429268,2686429268
2025-06-19 01:32:52,REAL,2686429268,483,2686429751,2686429751
2025-06-19 01:32:54,REAL,2686429751,479,2686430230,2686430230
2025-06-19 01:32:56,REAL,2686430230,487,2686430717,2686430717
2025-06-19 01:32:58,REAL,2686430717,489,2686431206,2686431206
2025-06-19 01:33:00,REAL,2686431206,549,2686431755,2686431755
2025-06-19 01:33:02,REAL,2686431755,482,2686432237,2686432237
2025-06-19 01:33:04,REAL,2686432237,487,2686432724,2686432724
2025-06-19 01:33:06,REAL,2686432724,9855,2686442579,2686442579
2025-06-19 01:33:08,REAL,2686442579,10784,2686453363,2686453363
2025-06-19 01:33:10,REAL,2686453363,10258,2686463621,2686463621
2025-06-19 01:33:12,REAL,2686463621,10253,2686473874,2686473874
2025-06-19 01:33:14,REAL,2686473874,10316,2686484190,2686484190
2025-06-19 01:33:16,REAL,2686484190,10259,2686494449,2686494449
2025-06-19 01:33:18,REAL,2686494449,10249,2686504698,2686504698
2025-06-19 01:33:20,REAL,2686504698,7287,2686511985,2686511985
2025-06-19 01:33:22,REAL,2686511985,484,2686512469,2686512469
2025-06-19 01:33:24,REAL,2686512469,482,2686512951,2686512951
2025-06-19 01:33:26,REAL,2686512951,484,2686513435,2686513435
2025-06-19 01:33:28,REAL,2686513435,477,2686513912,2686513912
2025-06-19 01:33:30,REAL,2686513912,484,2686514396,2686514396
2025-06-19 01:33:32,REAL,2686514396,477,2686514873,2686514873
2025-06-19 01:33:34,REAL,2686514873,489,2686515362,2686515362
2025-06-19 01:33:36,REAL,2686515362,492,2686515854,2686515854
2025-06-19 01:33:38,REAL,2686515854,539,2686516393,2686516393
2025-06-19 01:33:40,REAL,2686516393,538,2686516931,2686516931
2025-06-19 01:33:42,REAL,2686516931,487,2686517418,2686517418
2025-06-19 01:33:44,REAL,2686517418,488,2686517906,2686517906
2025-06-19 01:33:46,REAL,2686517906,485,2686518391,2686518391
2025-06-19 01:33:48,REAL,2686518391,489,2686518880,2686518880
2025-06-19 01:33:50,REAL,2686518880,486,2686519366,2686519366
2025-06-19 01:33:52,REAL,2686519366,488,2686519854,2686519854
2025-06-19 01:33:54,REAL,2686519854,488,2686520342,2686520342
2025-06-19 01:33:56,REAL,2686520342,484,2686520826,2686520826
2025-06-19 01:33:58,REAL,2686520826,474,2686521300,2686521300
2025-06-19 01:34:00,REAL,2686521300,482,2686521782,2686521782
2025-06-19 01:34:02,REAL,2686521782,479,2686522261,2686522261
2025-06-19 01:34:04,REAL,2686522261,484,2686522745,2686522745
2025-06-19 01:34:06,REAL,2686522745,488,2686523233,2686523233
2025-06-19 01:34:08,REAL,2686523233,481,2686523714,2686523714
2025-06-19 01:34:10,REAL,2686523714,545,2686524259,2686524259
2025-06-19 01:34:12,REAL,2686524259,485,2686524744,2686524744
2025-06-19 01:34:14,REAL,2686524744,532,2686525276,2686525276
2025-06-19 01:34:16,REAL,2686525276,483,2686525759,2686525759
2025-06-19 01:34:18,REAL,2686525759,483,2686526242,2686526242
2025-06-19 01:34:20,REAL,2686526242,488,2686526730,2686526730
2025-06-19 01:34:22,REAL,2686526730,561,2686527291,2686527291
2025-06-19 01:34:24,REAL,2686527291,475,2686527766,2686527766
2025-06-19 01:34:26,REAL,2686527766,474,2686528240,2686528240
2025-06-19 01:34:28,REAL,2686528240,479,2686528719,2686528719
2025-06-19 01:34:30,REAL,2686528719,485,2686529204,2686529204
2025-06-19 01:34:32,REAL,2686529204,477,2686529681,2686529681
2025-06-19 01:34:34,REAL,2686529681,482,2686530163,2686530163
2025-06-19 01:34:36,REAL,2686530163,481,2686530644,2686530644
2025-06-19 01:34:38,REAL,2686530644,491,2686531135,2686531135
2025-06-19 01:34:40,REAL,2686531135,484,2686531619,2686531619
2025-06-19 01:34:42,REAL,2686531619,537,2686532156,2686532156
2025-06-19 01:34:44,REAL,2686532156,486,2686532642,2686532642
2025-06-19 01:34:46,REAL,2686532642,480,2686533122,2686533122
2025-06-19 01:34:48,REAL,2686533122,532,2686533654,2686533654
2025-06-19 01:34:50,REAL,2686533654,485,2686534139,2686534139
2025-06-19 01:34:52,REAL,2686534139,494,2686534633,2686534633
2025-06-19 01:34:54,REAL,2686534633,480,2686535113,2686535113
2025-06-19 01:34:56,REAL,2686535113,476,2686535589,2686535589
2025-06-19 01:34:58,REAL,2686535589,483,2686536072,2686536072
2025-06-19 01:35:00,REAL,2686536072,489,2686536561,2686536561
2025-06-19 01:35:02,REAL,2686536561,479,2686537040,2686537040
2025-06-19 01:35:04,REAL,2686537040,476,2686537516,2686537516
2025-06-19 01:35:06,REAL,2686537516,476,2686537992,2686537992
2025-06-19 01:35:08,REAL,2686537992,479,2686538471,2686538471
2025-06-19 01:35:10,REAL,2686538471,478,2686538949,2686538949
2025-06-19 01:35:12,REAL,2686538949,1146,2686540095,2686540095
2025-06-19 01:35:14,REAL,2686540095,16130,2686556225,2686556225
2025-06-19 01:35:16,REAL,2686556225,10320,2686566545,2686566545
2025-06-19 01:35:18,REAL,2686566545,10248,2686576793,2686576793
2025-06-19 01:35:20,REAL,2686576793,10310,2686587103,2686587103
2025-06-19 01:35:22,REAL,2686587103,10306,2686597409,2686597409
2025-06-19 01:35:24,REAL,2686597409,10245,2686607654,2686607654
2025-06-19 01:35:26,REAL,2686607654,10317,2686617971,2686617971
2025-06-19 01:35:28,REAL,2686617971,4703,2686622674,2686622674
2025-06-19 01:35:30,REAL,2686622674,483,2686623157,2686623157
2025-06-19 01:35:32,REAL,2686623157,482,2686623639,2686623639
2025-06-19 01:35:34,REAL,2686623639,482,2686624121,2686624121
2025-06-19 01:35:36,REAL,2686624121,476,2686624597,2686624597
2025-06-19 01:35:38,REAL,2686624597,477,2686625074,2686625074
2025-06-19 01:35:40,REAL,2686625074,486,2686625560,2686625560
2025-06-19 01:35:42,REAL,2686625560,487,2686626047,2686626047
2025-06-19 01:35:44,REAL,2686626047,485,2686626532,2686626532
2025-06-19 01:35:46,REAL,2686626532,538,2686627070,2686627070
2025-06-19 01:35:48,REAL,2686627070,482,2686627552,2686627552
2025-06-19 01:35:50,REAL,2686627552,479,2686628031,2686628031
2025-06-19 01:35:52,REAL,2686628031,483,2686628514,2686628514
2025-06-19 01:35:54,REAL,2686628514,475,2686628989,2686628989
2025-06-19 01:35:56,REAL,2686628989,482,2686629471,2686629471
2025-06-19 01:35:58,REAL,2686629471,541,2686630012,2686630012
2025-06-19 01:36:00,REAL,2686630012,484,2686630496,2686630496
2025-06-19 01:36:02,REAL,2686630496,482,2686630978,2686630978
2025-06-19 01:36:04,REAL,2686630978,483,2686631461,2686631461
2025-06-19 01:36:06,REAL,2686631461,485,2686631946,2686631946
2025-06-19 01:36:08,REAL,2686631946,491,2686632437,2686632437
2025-06-19 01:36:10,REAL,2686632437,487,2686632924,2686632924
2025-06-19 01:36:12,REAL,2686632924,483,2686633407,2686633407
2025-06-19 01:36:14,REAL,2686633407,475,2686633882,2686633882
2025-06-19 01:36:16,REAL,2686633882,2674,2686636556,2686636556
2025-06-19 01:36:18,REAL,2686636556,12098,2686648654,2686648654
2025-06-19 01:36:20,REAL,2686648654,10247,2686658901,2686658901
2025-06-19 01:36:22,REAL,2686658901,10252,2686669153,2686669153
2025-06-19 01:36:24,REAL,2686669153,10310,2686679463,2686679463
2025-06-19 01:36:26,REAL,2686679463,10249,2686689712,2686689712
2025-06-19 01:36:28,REAL,2686689712,10312,2686700024,2686700024
2025-06-19 01:36:30,REAL,2686700024,10262,2686710286,2686710286
2025-06-19 01:36:32,REAL,2686710286,3504,2686713790,2686713790
2025-06-19 01:36:34,REAL,2686713790,476,2686714266,2686714266
2025-06-19 01:36:36,REAL,2686714266,483,2686714749,2686714749
2025-06-19 01:36:38,REAL,2686714749,9069,2686723818,2686723818
2025-06-19 01:36:40,REAL,2686723818,10713,2686734531,2686734531
2025-06-19 01:36:42,REAL,2686734531,10245,2686744776,2686744776
2025-06-19 01:36:44,REAL,2686744776,10250,2686755026,2686755026
2025-06-19 01:36:46,REAL,2686755026,10248,2686765274,2686765274
2025-06-19 01:36:48,REAL,2686765274,10250,2686775524,2686775524
2025-06-19 01:36:50,REAL,2686775524,10255,2686785779,2686785779
2025-06-19 01:36:52,REAL,2686785779,8015,2686793794,2686793794
2025-06-19 01:36:54,REAL,2686793794,475,2686794269,2686794269
2025-06-19 01:36:56,REAL,2686794269,485,2686794754,2686794754
2025-06-19 01:36:58,REAL,2686794754,481,2686795235,2686795235
2025-06-19 01:37:00,REAL,2686795235,481,2686795716,2686795716
2025-06-19 01:37:02,REAL,2686795716,486,2686796202,2686796202
2025-06-19 01:37:04,REAL,2686796202,481,2686796683,2686796683
2025-06-19 01:37:06,REAL,2686796683,539,2686797222,2686797222
2025-06-19 01:37:08,REAL,2686797222,483,2686797705,2686797705
2025-06-19 01:37:10,REAL,2686797705,541,2686798246,2686798246
2025-06-19 01:37:12,REAL,2686798246,479,2686798725,2686798725
2025-06-19 01:37:14,REAL,2686798725,480,2686799205,2686799205
2025-06-19 01:37:16,REAL,2686799205,490,2686799695,2686799695
2025-06-19 01:37:18,REAL,2686799695,488,2686800183,2686800183
2025-06-19 01:37:20,REAL,2686800183,485,2686800668,2686800668
2025-06-19 01:37:22,REAL,2686800668,480,2686801148,2686801148
2025-06-19 01:37:24,REAL,2686801148,486,2686801634,2686801634
2025-06-19 01:37:26,REAL,2686801634,478,2686802112,2686802112
2025-06-19 01:37:28,REAL,2686802112,477,2686802589,2686802589
2025-06-19 01:37:30,REAL,2686802589,478,2686803067,2686803067
2025-06-19 01:37:32,REAL,2686803067,484,2686803551,2686803551
2025-06-19 01:37:34,REAL,2686803551,486,2686804037,2686804037
2025-06-19 01:37:36,REAL,2686804037,475,2686804512,2686804512
2025-06-19 01:37:38,REAL,2686804512,483,2686804995,2686804995
2025-06-19 01:37:40,REAL,2686804995,488,2686805483,2686805483
2025-06-19 01:37:42,REAL,2686805483,541,2686806024,2686806024
2025-06-19 01:37:44,REAL,2686806024,477,2686806501,2686806501
2025-06-19 01:37:46,REAL,2686806501,485,2686806986,2686806986
2025-06-19 01:37:48,REAL,2686806986,489,2686807475,2686807475
2025-06-19 01:37:50,REAL,2686807475,493,2686807968,2686807968
2025-06-19 01:37:52,REAL,2686807968,481,2686808449,2686808449
2025-06-19 01:37:54,REAL,2686808449,483,2686808932,2686808932
2025-06-19 01:37:56,REAL,2686808932,480,2686809412,2686809412
2025-06-19 01:37:58,REAL,2686809412,537,2686809949,2686809949
2025-06-19 01:38:00,REAL,2686809949,482,2686810431,2686810431
2025-06-19 01:38:02,REAL,2686810431,484,2686810915,2686810915
2025-06-19 01:38:04,REAL,2686810915,490,2686811405,2686811405
2025-06-19 01:38:06,REAL,2686811405,486,2686811891,2686811891
2025-06-19 01:38:08,REAL,2686811891,478,2686812369,2686812369
2025-06-19 01:38:10,REAL,2686812369,487,2686812856,2686812856
2025-06-19 01:38:12,REAL,2686812856,483,2686813339,2686813339
2025-06-19 01:38:14,REAL,2686813339,492,2686813831,2686813831
2025-06-19 01:38:16,REAL,2686813831,544,2686814375,2686814375
2025-06-19 01:38:18,REAL,2686814375,481,2686814856,2686814856
2025-06-19 01:38:20,REAL,2686814856,477,2686815333,2686815333
2025-06-19 01:38:22,REAL,2686815333,481,2686815814,2686815814
2025-06-19 01:38:24,REAL,2686815814,487,2686816301,2686816301
2025-06-19 01:38:26,REAL,2686816301,477,2686816778,2686816778
2025-06-19 01:38:28,REAL,2686816778,480,2686817258,2686817258
2025-06-19 01:38:30,REAL,2686817258,481,2686817739,2686817739
2025-06-19 01:38:32,REAL,2686817739,486,2686818225,2686818225
2025-06-19 01:38:34,REAL,2686818225,481,2686818706,2686818706
2025-06-19 01:38:36,REAL,2686818706,480,2686819186,2686819186
2025-06-19 01:38:38,REAL,2686819186,483,2686819669,2686819669
2025-06-19 01:38:40,REAL,2686819669,486,2686820155,2686820155
2025-06-19 01:38:42,REAL,2686820155,492,2686820647,2686820647
2025-06-19 01:38:44,REAL,2686820647,474,2686821121,2686821121
2025-06-19 01:38:46,REAL,2686821121,542,2686821663,2686821663
2025-06-19 01:38:48,REAL,2686821663,492,2686822155,2686822155
2025-06-19 01:38:50,REAL,2686822155,484,2686822639,2686822639
2025-06-19 01:38:52,REAL,2686822639,542,2686823181,2686823181
2025-06-19 01:38:54,REAL,2686823181,493,2686823674,2686823674
2025-06-19 01:38:56,REAL,2686823674,482,2686824156,2686824156
2025-06-19 01:38:58,REAL,2686824156,482,2686824638,2686824638
2025-06-19 01:39:00,REAL,2686824638,477,2686825115,2686825115
2025-06-19 01:39:02,REAL,2686825115,487,2686825602,2686825602
2025-06-19 01:39:04,REAL,2686825602,487,2686826089,2686826089
2025-06-19 01:39:06,REAL,2686826089,479,2686826568,2686826568
2025-06-19 01:39:08,REAL,2686826568,482,2686827050,2686827050
2025-06-19 01:39:10,REAL,2686827050,484,2686827534,2686827534
2025-06-19 01:39:12,REAL,2686827534,485,2686828019,2686828019
2025-06-19 01:39:14,REAL,2686828019,475,2686828494,2686828494
2025-06-19 01:39:16,REAL,2686828494,486,2686828980,2686828980
2025-06-19 01:39:18,REAL,2686828980,488,2686829468,2686829468
2025-06-19 01:39:20,REAL,2686829468,479,2686829947,2686829947
2025-06-19 01:39:22,REAL,2686829947,482,2686830429,2686830429
2025-06-19 01:39:24,REAL,2686830429,483,2686830912,2686830912
2025-06-19 01:39:26,REAL,2686830912,543,2686831455,2686831455
2025-06-19 01:39:28,REAL,2686831455,490,2686831945,2686831945
2025-06-19 01:39:30,REAL,2686831945,488,2686832433,2686832433
2025-06-19 01:39:32,REAL,2686832433,483,2686832916,2686832916
2025-06-19 01:39:34,REAL,2686832916,536,2686833452,2686833452
2025-06-19 01:39:36,REAL,2686833452,484,2686833936,2686833936
2025-06-19 01:39:38,REAL,2686833936,481,2686834417,2686834417
2025-06-19 01:39:40,REAL,2686834417,486,2686834903,2686834903
2025-06-19 01:39:42,REAL,2686834903,486,2686835389,2686835389
2025-06-19 01:39:44,REAL,2686835389,482,2686835871,2686835871
2025-06-19 01:39:46,REAL,2686835871,483,2686836354,2686836354
2025-06-19 01:39:48,REAL,2686836354,483,2686836837,2686836837
2025-06-19 01:39:50,REAL,2686836837,489,2686837326,2686837326
2025-06-19 01:39:52,REAL,2686837326,484,2686837810,2686837810
2025-06-19 01:39:54,REAL,2686837810,486,2686838296,2686838296
2025-06-19 01:39:56,REAL,2686838296,488,2686838784,2686838784
2025-06-19 01:39:58,REAL,2686838784,482,2686839266,2686839266
2025-06-19 01:40:00,REAL,2686839266,542,2686839808,2686839808
2025-06-19 01:40:02,REAL,2686839808,482,2686840290,2686840290
2025-06-19 01:40:04,REAL,2686840290,482,2686840772,2686840772
2025-06-19 01:40:06,REAL,2686840772,488,2686841260,2686841260
2025-06-19 01:40:08,REAL,2686841260,480,2686841740,2686841740
2025-06-19 01:40:10,REAL,2686841740,481,2686842221,2686842221
2025-06-19 01:40:12,REAL,2686842221,485,2686842706,2686842706
2025-06-19 01:40:14,REAL,2686842706,477,2686843183,2686843183
2025-06-19 01:40:16,REAL,2686843183,487,2686843670,2686843670
2025-06-19 01:40:18,REAL,2686843670,483,2686844153,2686844153
2025-06-19 01:40:20,REAL,2686844153,486,2686844639,2686844639
2025-06-19 01:40:22,REAL,2686844639,476,2686845115,2686845115
2025-06-19 01:40:24,REAL,2686845115,540,2686845655,2686845655
2025-06-19 01:40:26,REAL,2686845655,8217,2686853872,2686853872
2025-06-19 01:40:28,REAL,2686853872,10652,2686864524,2686864524
2025-06-19 01:40:30,REAL,2686864524,10252,2686874776,2686874776
2025-06-19 01:40:32,REAL,2686874776,10251,2686885027,2686885027
2025-06-19 01:40:34,REAL,2686885027,10249,2686895276,2686895276
2025-06-19 01:40:36,REAL,2686895276,10370,2686905646,2686905646
2025-06-19 01:40:38,REAL,2686905646,10251,2686915897,2686915897
2025-06-19 01:40:40,REAL,2686915897,8465,2686924362,2686924362
2025-06-19 01:40:42,REAL,2686924362,485,2686924847,2686924847
2025-06-19 01:40:44,REAL,2686924847,479,2686925326,2686925326
2025-06-19 01:40:46,REAL,2686925326,479,2686925805,2686925805
2025-06-19 01:40:48,REAL,2686925805,494,2686926299,2686926299
2025-06-19 01:40:50,REAL,2686926299,478,2686926777,2686926777
2025-06-19 01:40:52,REAL,2686926777,477,2686927254,2686927254
2025-06-19 01:40:54,REAL,2686927254,489,2686927743,2686927743
2025-06-19 01:40:56,REAL,2686927743,487,2686928230,2686928230
2025-06-19 01:40:58,REAL,2686928230,483,2686928713,2686928713
2025-06-19 01:41:00,REAL,2686928713,482,2686929195,2686929195
2025-06-19 01:41:02,REAL,2686929195,3462,2686932657,2686932657
2025-06-19 01:41:04,REAL,2686932657,11370,2686944027,2686944027
2025-06-19 01:41:06,REAL,2686944027,10311,2686954338,2686954338
2025-06-19 01:41:08,REAL,2686954338,10248,2686964586,2686964586
2025-06-19 01:41:10,REAL,2686964586,10314,2686974900,2686974900
2025-06-19 01:41:12,REAL,2686974900,10252,2686985152,2686985152
2025-06-19 01:41:14,REAL,2686985152,10246,2686995398,2686995398
2025-06-19 01:41:16,REAL,2686995398,10255,2687005653,2687005653
2025-06-19 01:41:18,REAL,2687005653,2993,2687008646,2687008646
2025-06-19 01:41:20,REAL,2687008646,481,2687009127,2687009127
2025-06-19 01:41:22,REAL,2687009127,491,2687009618,2687009618
2025-06-19 01:41:24,REAL,2687009618,490,2687010108,2687010108
2025-06-19 01:41:26,REAL,2687010108,491,2687010599,2687010599
2025-06-19 01:41:28,REAL,2687010599,488,2687011087,2687011087
2025-06-19 01:41:30,REAL,2687011087,479,2687011566,2687011566
2025-06-19 01:41:32,REAL,2687011566,485,2687012051,2687012051
2025-06-19 01:41:34,REAL,2687012051,479,2687012530,2687012530
2025-06-19 01:41:36,REAL,2687012530,487,2687013017,2687013017
2025-06-19 01:41:38,REAL,2687013017,538,2687013555,2687013555
2025-06-19 01:41:40,REAL,2687013555,480,2687014035,2687014035
2025-06-19 01:41:42,REAL,2687014035,488,2687014523,2687014523
2025-06-19 01:41:44,REAL,2687014523,483,2687015006,2687015006
2025-06-19 01:41:46,REAL,2687015006,486,2687015492,2687015492
2025-06-19 01:41:48,REAL,2687015492,488,2687015980,2687015980
2025-06-19 01:41:50,REAL,2687015980,479,2687016459,2687016459
2025-06-19 01:41:52,REAL,2687016459,541,2687017000,2687017000
2025-06-19 01:41:54,REAL,2687017000,483,2687017483,2687017483
2025-06-19 01:41:56,REAL,2687017483,478,2687017961,2687017961
2025-06-19 01:41:58,REAL,2687017961,490,2687018451,2687018451
2025-06-19 01:42:00,REAL,2687018451,484,2687018935,2687018935
2025-06-19 01:42:02,REAL,2687018935,479,2687019414,2687019414
2025-06-19 01:42:04,REAL,2687019414,479,2687019893,2687019893
2025-06-19 01:42:06,REAL,2687019893,4647,2687024540,2687024540
2025-06-19 01:42:08,REAL,2687024540,11042,2687035582,2687035582
2025-06-19 01:42:10,REAL,2687035582,10313,2687045895,2687045895
2025-06-19 01:42:12,REAL,2687045895,10311,2687056206,2687056206
2025-06-19 01:42:14,REAL,2687056206,10247,2687066453,2687066453
2025-06-19 01:42:16,REAL,2687066453,10917,2687077370,2687077370
2025-06-19 01:42:18,REAL,2687077370,9587,2687086957,2687086957
2025-06-19 01:42:20,REAL,2687086957,10315,2687097272,2687097272
2025-06-19 01:42:22,REAL,2687097272,1666,2687098938,2687098938
2025-06-19 01:42:24,REAL,2687098938,484,2687099422,2687099422
2025-06-19 01:42:26,REAL,2687099422,489,2687099911,2687099911
2025-06-19 01:42:28,REAL,2687099911,485,2687100396,2687100396
2025-06-19 01:42:30,REAL,2687100396,488,2687100884,2687100884
2025-06-19 01:42:32,REAL,2687100884,494,2687101378,2687101378
2025-06-19 01:42:34,REAL,2687101378,484,2687101862,2687101862
2025-06-19 01:42:36,REAL,2687101862,482,2687102344,2687102344
2025-06-19 01:42:38,REAL,2687102344,474,2687102818,2687102818
2025-06-19 01:42:40,REAL,2687102818,543,2687103361,2687103361
2025-06-19 01:42:42,REAL,2687103361,482,2687103843,2687103843
2025-06-19 01:42:44,REAL,2687103843,490,2687104333,2687104333
2025-06-19 01:42:46,REAL,2687104333,474,2687104807,2687104807
2025-06-19 01:42:48,REAL,2687104807,488,2687105295,2687105295
2025-06-19 01:42:50,REAL,2687105295,493,2687105788,2687105788
2025-06-19 01:42:52,REAL,2687105788,488,2687106276,2687106276
2025-06-19 01:42:54,REAL,2687106276,538,2687106814,2687106814
2025-06-19 01:42:56,REAL,2687106814,481,2687107295,2687107295
2025-06-19 01:42:58,REAL,2687107295,490,2687107785,2687107785
2025-06-19 01:43:00,REAL,2687107785,11709,2687119494,2687119494
2025-06-19 01:43:02,REAL,2687119494,10253,2687129747,2687129747
2025-06-19 01:43:04,REAL,2687129747,10251,2687139998,2687139998
2025-06-19 01:43:06,REAL,2687139998,10258,2687150256,2687150256
2025-06-19 01:43:08,REAL,2687150256,10252,2687160508,2687160508
2025-06-19 01:43:10,REAL,2687160508,10379,2687170887,2687170887
2025-06-19 01:43:12,REAL,2687170887,10249,2687181136,2687181136
2025-06-19 01:43:14,REAL,2687181136,5566,2687186702,2687186702
2025-06-19 01:43:16,REAL,2687186702,475,2687187177,2687187177
2025-06-19 01:43:18,REAL,2687187177,488,2687187665,2687187665
2025-06-19 01:43:20,REAL,2687187665,484,2687188149,2687188149
2025-06-19 01:43:22,REAL,2687188149,542,2687188691,2687188691
2025-06-19 01:43:24,REAL,2687188691,476,2687189167,2687189167
2025-06-19 01:43:26,REAL,2687189167,483,2687189650,2687189650
2025-06-19 01:43:28,REAL,2687189650,486,2687190136,2687190136
2025-06-19 01:43:30,REAL,2687190136,615,2687190751,2687190751
2025-06-19 01:43:32,REAL,2687190751,15135,2687205886,2687205886
2025-06-19 01:43:34,REAL,2687205886,10252,2687216138,2687216138
2025-06-19 01:43:36,REAL,2687216138,10246,2687226384,2687226384
2025-06-19 01:43:38,REAL,2687226384,10252,2687236636,2687236636
2025-06-19 01:43:40,REAL,2687236636,10323,2687246959,2687246959
2025-06-19 01:43:42,REAL,2687246959,10303,2687257262,2687257262
2025-06-19 01:43:44,REAL,2687257262,10247,2687267509,2687267509
2025-06-19 01:43:46,REAL,2687267509,4964,2687272473,2687272473
2025-06-19 01:43:48,REAL,2687272473,488,2687272961,2687272961
2025-06-19 01:43:50,REAL,2687272961,482,2687273443,2687273443
2025-06-19 01:43:52,REAL,2687273443,549,2687273992,2687273992
2025-06-19 01:43:54,REAL,2687273992,492,2687274484,2687274484
2025-06-19 01:43:56,REAL,2687274484,480,2687274964,2687274964
2025-06-19 01:43:58,REAL,2687274964,483,2687275447,2687275447
2025-06-19 01:44:00,REAL,2687275447,486,2687275933,2687275933
2025-06-19 01:44:02,REAL,2687275933,1617,2687277550,2687277550
2025-06-19 01:44:04,REAL,2687277550,14876,2687292426,2687292426
2025-06-19 01:44:06,REAL,2687292426,10193,2687302619,2687302619
2025-06-19 01:44:08,REAL,2687302619,10250,2687312869,2687312869
2025-06-19 01:44:10,REAL,2687312869,10252,2687323121,2687323121
2025-06-19 01:44:12,REAL,2687323121,10373,2687333494,2687333494
2025-06-19 01:44:14,REAL,2687333494,10243,2687343737,2687343737
2025-06-19 01:44:16,REAL,2687343737,10249,2687353986,2687353986
2025-06-19 01:44:18,REAL,2687353986,4312,2687358298,2687358298
2025-06-19 01:44:20,REAL,2687358298,491,2687358789,2687358789
2025-06-19 01:44:22,REAL,2687358789,485,2687359274,2687359274
2025-06-19 01:44:24,REAL,2687359274,543,2687359817,2687359817
2025-06-19 01:44:26,REAL,2687359817,485,2687360302,2687360302
2025-06-19 01:44:28,REAL,2687360302,485,2687360787,2687360787
2025-06-19 01:44:30,REAL,2687360787,482,2687361269,2687361269
2025-06-19 01:44:32,REAL,2687361269,483,2687361752,2687361752
2025-06-19 01:44:34,REAL,2687361752,490,2687362242,2687362242
2025-06-19 01:44:36,REAL,2687362242,482,2687362724,2687362724
2025-06-19 01:44:38,REAL,2687362724,477,2687363201,2687363201
2025-06-19 01:44:40,REAL,2687363201,8612,2687371813,2687371813
2025-06-19 01:44:42,REAL,2687371813,10778,2687382591,2687382591
2025-06-19 01:44:44,REAL,2687382591,10247,2687392838,2687392838
2025-06-19 01:44:46,REAL,2687392838,10317,2687403155,2687403155
2025-06-19 01:44:48,REAL,2687403155,10257,2687413412,2687413412
2025-06-19 01:44:50,REAL,2687413412,10259,2687423671,2687423671
2025-06-19 01:44:52,REAL,2687423671,10316,2687433987,2687433987
2025-06-19 01:44:54,REAL,2687433987,8534,2687442521,2687442521
2025-06-19 01:44:56,REAL,2687442521,485,2687443006,2687443006
2025-06-19 01:44:58,REAL,2687443006,487,2687443493,2687443493
2025-06-19 01:45:00,REAL,2687443493,477,2687443970,2687443970
2025-06-19 01:45:02,REAL,2687443970,540,2687444510,2687444510
2025-06-19 01:45:04,REAL,2687444510,478,2687444988,2687444988
2025-06-19 01:45:06,REAL,2687444988,486,2687445474,2687445474
2025-06-19 01:45:08,REAL,2687445474,490,2687445964,2687445964
2025-06-19 01:45:10,REAL,2687445964,484,2687446448,2687446448
2025-06-19 01:45:12,REAL,2687446448,483,2687446931,2687446931
2025-06-19 01:45:14,REAL,2687446931,546,2687447477,2687447477
2025-06-19 01:45:16,REAL,2687447477,491,2687447968,2687447968
2025-06-19 01:45:18,REAL,2687447968,489,2687448457,2687448457
2025-06-19 01:45:20,REAL,2687448457,485,2687448942,2687448942
2025-06-19 01:45:22,REAL,2687448942,486,2687449428,2687449428
2025-06-19 01:45:24,REAL,2687449428,532,2687449960,2687449960
2025-06-19 01:45:26,REAL,2687449960,476,2687450436,2687450436
2025-06-19 01:45:28,REAL,2687450436,480,2687450916,2687450916
2025-06-19 01:45:30,REAL,2687450916,474,2687451390,2687451390
2025-06-19 01:45:32,REAL,2687451390,480,2687451870,2687451870
2025-06-19 01:45:34,REAL,2687451870,482,2687452352,2687452352
2025-06-19 01:45:36,REAL,2687452352,479,2687452831,2687452831
2025-06-19 01:45:38,REAL,2687452831,485,2687453316,2687453316
2025-06-19 01:45:40,REAL,2687453316,481,2687453797,2687453797
2025-06-19 01:45:42,REAL,2687453797,482,2687454279,2687454279
2025-06-19 01:45:44,REAL,2687454279,9801,2687464080,2687464080
2025-06-19 01:45:46,REAL,2687464080,10782,2687474862,2687474862
2025-06-19 01:45:48,REAL,2687474862,10315,2687485177,2687485177
2025-06-19 01:45:50,REAL,2687485177,10251,2687495428,2687495428
2025-06-19 01:45:52,REAL,2687495428,10307,2687505735,2687505735
2025-06-19 01:45:54,REAL,2687505735,10321,2687516056,2687516056
2025-06-19 01:45:56,REAL,2687516056,10257,2687526313,2687526313
2025-06-19 01:45:58,REAL,2687526313,7350,2687533663,2687533663
2025-06-19 01:46:00,REAL,2687533663,483,2687534146,2687534146
2025-06-19 01:46:02,REAL,2687534146,479,2687534625,2687534625
2025-06-19 01:46:04,REAL,2687534625,480,2687535105,2687535105
2025-06-19 01:46:06,REAL,2687535105,543,2687535648,2687535648
2025-06-19 01:46:08,REAL,2687535648,489,2687536137,2687536137
2025-06-19 01:46:10,REAL,2687536137,485,2687536622,2687536622
2025-06-19 01:46:12,REAL,2687536622,481,2687537103,2687537103
2025-06-19 01:46:14,REAL,2687537103,479,2687537582,2687537582
2025-06-19 01:46:16,REAL,2687537582,487,2687538069,2687538069
2025-06-19 01:46:18,REAL,2687538069,487,2687538556,2687538556
2025-06-19 01:46:20,REAL,2687538556,480,2687539036,2687539036
2025-06-19 01:46:22,REAL,2687539036,481,2687539517,2687539517
2025-06-19 01:46:24,REAL,2687539517,491,2687540008,2687540008
2025-06-19 01:46:26,REAL,2687540008,479,2687540487,2687540487
2025-06-19 01:46:28,REAL,2687540487,538,2687541025,2687541025
2025-06-19 01:46:30,REAL,2687541025,538,2687541563,2687541563
2025-06-19 01:46:32,REAL,2687541563,478,2687542041,2687542041
2025-06-19 01:46:34,REAL,2687542041,482,2687542523,2687542523
2025-06-19 01:46:36,REAL,2687542523,5174,2687547697,2687547697
2025-06-19 01:46:38,REAL,2687547697,11440,2687559137,2687559137
2025-06-19 01:46:40,REAL,2687559137,10255,2687569392,2687569392
2025-06-19 01:46:42,REAL,2687569392,10323,2687579715,2687579715
2025-06-19 01:46:44,REAL,2687579715,10253,2687589968,2687589968
2025-06-19 01:46:46,REAL,2687589968,10254,2687600222,2687600222
2025-06-19 01:46:48,REAL,2687600222,10380,2687610602,2687610602
2025-06-19 01:46:50,REAL,2687610602,10188,2687620790,2687620790
2025-06-19 01:46:52,REAL,2687620790,1478,2687622268,2687622268
2025-06-19 01:46:54,REAL,2687622268,483,2687622751,2687622751
2025-06-19 01:46:56,REAL,2687622751,482,2687623233,2687623233
2025-06-19 01:46:58,REAL,2687623233,536,2687623769,2687623769
2025-06-19 01:47:00,REAL,2687623769,478,2687624247,2687624247
2025-06-19 01:47:02,REAL,2687624247,489,2687624736,2687624736
2025-06-19 01:47:04,REAL,2687624736,482,2687625218,2687625218
2025-06-19 01:47:06,REAL,2687625218,479,2687625697,2687625697
2025-06-19 01:47:08,REAL,2687625697,5967,2687631664,2687631664
2025-06-19 01:47:10,REAL,2687631664,10976,2687642640,2687642640
2025-06-19 01:47:12,REAL,2687642640,10319,2687652959,2687652959
2025-06-19 01:47:14,REAL,2687652959,10250,2687663209,2687663209
2025-06-19 01:47:16,REAL,2687663209,10255,2687673464,2687673464
2025-06-19 01:47:18,REAL,2687673464,10317,2687683781,2687683781
2025-06-19 01:47:20,REAL,2687683781,10252,2687694033,2687694033
2025-06-19 01:47:22,REAL,2687694033,10257,2687704290,2687704290
2025-06-19 01:47:24,REAL,2687704290,813,2687705103,2687705103
2025-06-19 01:47:26,REAL,2687705103,486,2687705589,2687705589
2025-06-19 01:47:28,REAL,2687705589,482,2687706071,2687706071
2025-06-19 01:47:30,REAL,2687706071,534,2687706605,2687706605
2025-06-19 01:47:32,REAL,2687706605,493,2687707098,2687707098
2025-06-19 01:47:34,REAL,2687707098,482,2687707580,2687707580
2025-06-19 01:47:36,REAL,2687707580,486,2687708066,2687708066
2025-06-19 01:47:38,REAL,2687708066,485,2687708551,2687708551
2025-06-19 01:47:40,REAL,2687708551,488,2687709039,2687709039
2025-06-19 01:47:42,REAL,2687709039,483,2687709522,2687709522
2025-06-19 01:47:44,REAL,2687709522,480,2687710002,2687710002
2025-06-19 01:47:46,REAL,2687710002,484,2687710486,2687710486
2025-06-19 01:47:48,REAL,2687710486,537,2687711023,2687711023
2025-06-19 01:47:50,REAL,2687711023,484,2687711507,2687711507
2025-06-19 01:47:52,REAL,2687711507,481,2687711988,2687711988
2025-06-19 01:47:54,REAL,2687711988,487,2687712475,2687712475
2025-06-19 01:47:56,REAL,2687712475,491,2687712966,2687712966
2025-06-19 01:47:58,REAL,2687712966,485,2687713451,2687713451
2025-06-19 01:48:00,REAL,2687713451,482,2687713933,2687713933
2025-06-19 01:48:02,REAL,2687713933,485,2687714418,2687714418
2025-06-19 01:48:04,REAL,2687714418,484,2687714902,2687714902
2025-06-19 01:48:06,REAL,2687714902,482,2687715384,2687715384
2025-06-19 01:48:08,REAL,2687715384,488,2687715872,2687715872
2025-06-19 01:48:10,REAL,2687715872,485,2687716357,2687716357
2025-06-19 01:48:12,REAL,2687716357,482,2687716839,2687716839
2025-06-19 01:48:14,REAL,2687716839,477,2687717316,2687717316
2025-06-19 01:48:16,REAL,2687717316,489,2687717805,2687717805
2025-06-19 01:48:18,REAL,2687717805,493,2687718298,2687718298
2025-06-19 01:48:20,REAL,2687718298,544,2687718842,2687718842
2025-06-19 01:48:22,REAL,2687718842,491,2687719333,2687719333
2025-06-19 01:48:24,REAL,2687719333,475,2687719808,2687719808
2025-06-19 01:48:26,REAL,2687719808,536,2687720344,2687720344
2025-06-19 01:48:28,REAL,2687720344,480,2687720824,2687720824
2025-06-19 01:48:30,REAL,2687720824,486,2687721310,2687721310
2025-06-19 01:48:32,REAL,2687721310,1873,2687723183,2687723183
2025-06-19 01:48:34,REAL,2687723183,12369,2687735552,2687735552
2025-06-19 01:48:36,REAL,2687735552,10316,2687745868,2687745868
2025-06-19 01:48:38,REAL,2687745868,10258,2687756126,2687756126
2025-06-19 01:48:40,REAL,2687756126,10326,2687766452,2687766452
2025-06-19 01:48:42,REAL,2687766452,10244,2687776696,2687776696
2025-06-19 01:48:44,REAL,2687776696,10253,2687786949,2687786949
2025-06-19 01:48:46,REAL,2687786949,10318,2687797267,2687797267
2025-06-19 01:48:48,REAL,2687797267,4116,2687801383,2687801383
2025-06-19 01:48:50,REAL,2687801383,486,2687801869,2687801869
2025-06-19 01:48:52,REAL,2687801869,480,2687802349,2687802349
2025-06-19 01:48:54,REAL,2687802349,247,2687802596,2687802596
2025-06-19 01:48:56,REAL,2687802596,481,2687803077,2687803077
2025-06-19 01:48:58,REAL,2687803077,482,2687803559,2687803559
2025-06-19 01:49:00,REAL,2687803559,484,2687804043,2687804043
2025-06-19 01:49:02,REAL,2687804043,483,2687804526,2687804526
2025-06-19 01:49:04,REAL,2687804526,483,2687805009,2687805009
2025-06-19 01:49:06,REAL,2687805009,542,2687805551,2687805551
2025-06-19 01:49:08,REAL,2687805551,485,2687806036,2687806036
2025-06-19 01:49:10,REAL,2687806036,476,2687806512,2687806512
2025-06-19 01:49:12,REAL,2687806512,484,2687806996,2687806996
2025-06-19 01:49:14,REAL,2687806996,478,2687807474,2687807474
2025-06-19 01:49:16,REAL,2687807474,484,2687807958,2687807958
2025-06-19 01:49:18,REAL,2687807958,485,2687808443,2687808443
2025-06-19 01:49:20,REAL,2687808443,488,2687808931,2687808931
2025-06-19 01:49:22,REAL,2687808931,539,2687809470,2687809470
2025-06-19 01:49:24,REAL,2687809470,485,2687809955,2687809955
2025-06-19 01:49:26,REAL,2687809955,493,2687810448,2687810448
2025-06-19 01:49:28,REAL,2687810448,480,2687810928,2687810928
2025-06-19 01:49:30,REAL,2687810928,478,2687811406,2687811406
2025-06-19 01:49:32,REAL,2687811406,488,2687811894,2687811894
2025-06-19 01:49:34,REAL,2687811894,483,2687812377,2687812377
2025-06-19 01:49:36,REAL,2687812377,492,2687812869,2687812869
2025-06-19 01:49:38,REAL,2687812869,491,2687813360,2687813360
2025-06-19 01:49:40,REAL,2687813360,485,2687813845,2687813845
2025-06-19 01:49:42,REAL,2687813845,482,2687814327,2687814327
2025-06-19 01:49:44,REAL,2687814327,533,2687814860,2687814860
2025-06-19 01:49:46,REAL,2687814860,484,2687815344,2687815344
2025-06-19 01:49:48,REAL,2687815344,487,2687815831,2687815831
2025-06-19 01:49:50,REAL,2687815831,479,2687816310,2687816310
2025-06-19 01:49:52,REAL,2687816310,486,2687816796,2687816796
2025-06-19 01:49:54,REAL,2687816796,484,2687817280,2687817280
2025-06-19 01:49:56,REAL,2687817280,480,2687817760,2687817760
2025-06-19 01:49:58,REAL,2687817760,487,2687818247,2687818247
2025-06-19 01:50:00,REAL,2687818247,484,2687818731,2687818731
2025-06-19 01:50:02,REAL,2687818731,488,2687819219,2687819219
2025-06-19 01:50:04,REAL,2687819219,475,2687819694,2687819694
2025-06-19 01:50:06,REAL,2687819694,486,2687820180,2687820180
2025-06-19 01:50:08,REAL,2687820180,484,2687820664,2687820664
2025-06-19 01:50:10,REAL,2687820664,531,2687821195,2687821195
2025-06-19 01:50:12,REAL,2687821195,478,2687821673,2687821673
2025-06-19 01:50:14,REAL,2687821673,474,2687822147,2687822147
2025-06-19 01:50:16,REAL,2687822147,480,2687822627,2687822627
2025-06-19 01:50:18,REAL,2687822627,489,2687823116,2687823116
2025-06-19 01:50:20,REAL,2687823116,485,2687823601,2687823601
2025-06-19 01:50:22,REAL,2687823601,492,2687824093,2687824093
2025-06-19 01:50:24,REAL,2687824093,4440,2687828533,2687828533
2025-06-19 01:50:26,REAL,2687828533,11172,2687839705,2687839705
2025-06-19 01:50:28,REAL,2687839705,10256,2687849961,2687849961
2025-06-19 01:50:30,REAL,2687849961,10253,2687860214,2687860214
2025-06-19 01:50:32,REAL,2687860214,10319,2687870533,2687870533
2025-06-19 01:50:34,REAL,2687870533,10262,2687880795,2687880795
2025-06-19 01:50:36,REAL,2687880795,10251,2687891046,2687891046
2025-06-19 01:50:38,REAL,2687891046,10312,2687901358,2687901358
2025-06-19 01:50:40,REAL,2687901358,1878,2687903236,2687903236
2025-06-19 01:50:42,REAL,2687903236,491,2687903727,2687903727
2025-06-19 01:50:44,REAL,2687903727,486,2687904213,2687904213
2025-06-19 01:50:46,REAL,2687904213,483,2687904696,2687904696
2025-06-19 01:50:48,REAL,2687904696,477,2687905173,2687905173
2025-06-19 01:50:50,REAL,2687905173,480,2687905653,2687905653
2025-06-19 01:50:52,REAL,2687905653,489,2687906142,2687906142
2025-06-19 01:50:54,REAL,2687906142,492,2687906634,2687906634
2025-06-19 01:50:56,REAL,2687906634,478,2687907112,2687907112
2025-06-19 01:50:58,REAL,2687907112,491,2687907603,2687907603
2025-06-19 01:51:00,REAL,2687907603,489,2687908092,2687908092
2025-06-19 01:51:02,REAL,2687908092,540,2687908632,2687908632
2025-06-19 01:51:04,REAL,2687908632,481,2687909113,2687909113
2025-06-19 01:51:06,REAL,2687909113,483,2687909596,2687909596
2025-06-19 01:51:08,REAL,2687909596,477,2687910073,2687910073
2025-06-19 01:51:10,REAL,2687910073,487,2687910560,2687910560
2025-06-19 01:51:12,REAL,2687910560,479,2687911039,2687911039
2025-06-19 01:51:14,REAL,2687911039,542,2687911581,2687911581
2025-06-19 01:51:16,REAL,2687911581,481,2687912062,2687912062
2025-06-19 01:51:18,REAL,2687912062,479,2687912541,2687912541
2025-06-19 01:51:20,REAL,2687912541,485,2687913026,2687913026
2025-06-19 01:51:22,REAL,2687913026,476,2687913502,2687913502
2025-06-19 01:51:24,REAL,2687913502,487,2687913989,2687913989
2025-06-19 01:51:26,REAL,2687913989,479,2687914468,2687914468
2025-06-19 01:51:28,REAL,2687914468,491,2687914959,2687914959
2025-06-19 01:51:30,REAL,2687914959,483,2687915442,2687915442
2025-06-19 01:51:32,REAL,2687915442,483,2687915925,2687915925
2025-06-19 01:51:34,REAL,2687915925,543,2687916468,2687916468
2025-06-19 01:51:36,REAL,2687916468,484,2687916952,2687916952
2025-06-19 01:51:38,REAL,2687916952,487,2687917439,2687917439
2025-06-19 01:51:40,REAL,2687917439,477,2687917916,2687917916
2025-06-19 01:51:42,REAL,2687917916,486,2687918402,2687918402
2025-06-19 01:51:44,REAL,2687918402,482,2687918884,2687918884
2025-06-19 01:51:46,REAL,2687918884,486,2687919370,2687919370
2025-06-19 01:51:48,REAL,2687919370,484,2687919854,2687919854
2025-06-19 01:51:50,REAL,2687919854,483,2687920337,2687920337
2025-06-19 01:51:52,REAL,2687920337,485,2687920822,2687920822
2025-06-19 01:51:54,REAL,2687920822,483,2687921305,2687921305
2025-06-19 01:51:56,REAL,2687921305,480,2687921785,2687921785
2025-06-19 01:51:58,REAL,2687921785,477,2687922262,2687922262
2025-06-19 01:52:00,REAL,2687922262,480,2687922742,2687922742
2025-06-19 01:52:02,REAL,2687922742,549,2687923291,2687923291
2025-06-19 01:52:04,REAL,2687923291,542,2687923833,2687923833
2025-06-19 01:52:06,REAL,2687923833,483,2687924316,2687924316
2025-06-19 01:52:08,REAL,2687924316,487,2687924803,2687924803
2025-06-19 01:52:10,REAL,2687924803,485,2687925288,2687925288
2025-06-19 01:52:12,REAL,2687925288,480,2687925768,2687925768
2025-06-19 01:52:14,REAL,2687925768,486,2687926254,2687926254
2025-06-19 01:52:16,REAL,2687926254,482,2687926736,2687926736
2025-06-19 01:52:18,REAL,2687926736,485,2687927221,2687927221
2025-06-19 01:52:20,REAL,2687927221,494,2687927715,2687927715
2025-06-19 01:52:22,REAL,2687927715,486,2687928201,2687928201
2025-06-19 01:52:24,REAL,2687928201,486,2687928687,2687928687
2025-06-19 01:52:26,REAL,2687928687,488,2687929175,2687929175
2025-06-19 01:52:28,REAL,2687929175,486,2687929661,2687929661
2025-06-19 01:52:30,REAL,2687929661,485,2687930146,2687930146
2025-06-19 01:52:32,REAL,2687930146,482,2687930628,2687930628
2025-06-19 01:52:34,REAL,2687930628,540,2687931168,2687931168
2025-06-19 01:52:36,REAL,2687931168,1614,2687932782,2687932782
2025-06-19 01:52:38,REAL,2687932782,11573,2687944355,2687944355
2025-06-19 01:52:40,REAL,2687944355,10254,2687954609,2687954609
2025-06-19 01:52:42,REAL,2687954609,10308,2687964917,2687964917
2025-06-19 01:52:44,REAL,2687964917,10256,2687975173,2687975173
2025-06-19 01:52:46,REAL,2687975173,10253,2687985426,2687985426
2025-06-19 01:52:48,REAL,2687985426,10259,2687995685,2687995685
2025-06-19 01:52:50,REAL,2687995685,10257,2688005942,2688005942
2025-06-19 01:52:52,REAL,2688005942,4438,2688010380,2688010380
2025-06-19 01:52:54,REAL,2688010380,481,2688010861,2688010861
2025-06-19 01:52:56,REAL,2688010861,480,2688011341,2688011341
2025-06-19 01:52:58,REAL,2688011341,486,2688011827,2688011827
2025-06-19 01:53:00,REAL,2688011827,476,2688012303,2688012303
2025-06-19 01:53:02,REAL,2688012303,481,2688012784,2688012784
2025-06-19 01:53:04,REAL,2688012784,483,2688013267,2688013267
2025-06-19 01:53:06,REAL,2688013267,542,2688013809,2688013809
2025-06-19 01:53:08,REAL,2688013809,487,2688014296,2688014296
2025-06-19 01:53:10,REAL,2688014296,484,2688014780,2688014780
2025-06-19 01:53:12,REAL,2688014780,490,2688015270,2688015270
2025-06-19 01:53:14,REAL,2688015270,487,2688015757,2688015757
2025-06-19 01:53:16,REAL,2688015757,484,2688016241,2688016241
2025-06-19 01:53:18,REAL,2688016241,479,2688016720,2688016720
2025-06-19 01:53:20,REAL,2688016720,482,2688017202,2688017202
2025-06-19 01:53:22,REAL,2688017202,487,2688017689,2688017689
2025-06-19 01:53:24,REAL,2688017689,482,2688018171,2688018171
2025-06-19 01:53:26,REAL,2688018171,537,2688018708,2688018708
2025-06-19 01:53:28,REAL,2688018708,487,2688019195,2688019195
2025-06-19 01:53:30,REAL,2688019195,485,2688019680,2688019680
2025-06-19 01:53:32,REAL,2688019680,486,2688020166,2688020166
2025-06-19 01:53:34,REAL,2688020166,486,2688020652,2688020652
2025-06-19 01:53:36,REAL,2688020652,545,2688021197,2688021197
2025-06-19 01:53:38,REAL,2688021197,479,2688021676,2688021676
2025-06-19 01:53:40,REAL,2688021676,489,2688022165,2688022165
2025-06-19 01:53:42,REAL,2688022165,480,2688022645,2688022645
2025-06-19 01:53:44,REAL,2688022645,490,2688023135,2688023135
2025-06-19 01:53:46,REAL,2688023135,485,2688023620,2688023620
2025-06-19 01:53:48,REAL,2688023620,482,2688024102,2688024102
2025-06-19 01:53:50,REAL,2688024102,491,2688024593,2688024593
2025-06-19 01:53:52,REAL,2688024593,480,2688025073,2688025073
2025-06-19 01:53:54,REAL,2688025073,482,2688025555,2688025555
2025-06-19 01:53:56,REAL,2688025555,488,2688026043,2688026043
2025-06-19 01:53:58,REAL,2688026043,485,2688026528,2688026528
2025-06-19 01:54:00,REAL,2688026528,487,2688027015,2688027015
2025-06-19 01:54:02,REAL,2688027015,9201,2688036216,2688036216
2025-06-19 01:54:04,REAL,2688036216,10784,2688047000,2688047000
2025-06-19 01:54:06,REAL,2688047000,10309,2688057309,2688057309
2025-06-19 01:54:08,REAL,2688057309,10244,2688067553,2688067553
2025-06-19 01:54:10,REAL,2688067553,10256,2688077809,2688077809
2025-06-19 01:54:12,REAL,2688077809,10315,2688088124,2688088124
2025-06-19 01:54:14,REAL,2688088124,10261,2688098385,2688098385
2025-06-19 01:54:16,REAL,2688098385,7875,2688106260,2688106260
2025-06-19 01:54:18,REAL,2688106260,490,2688106750,2688106750
2025-06-19 01:54:20,REAL,2688106750,475,2688107225,2688107225
2025-06-19 01:54:22,REAL,2688107225,489,2688107714,2688107714
2025-06-19 01:54:24,REAL,2688107714,480,2688108194,2688108194
2025-06-19 01:54:26,REAL,2688108194,488,2688108682,2688108682
2025-06-19 01:54:28,REAL,2688108682,482,2688109164,2688109164
2025-06-19 01:54:30,REAL,2688109164,492,2688109656,2688109656
2025-06-19 01:54:32,REAL,2688109656,484,2688110140,2688110140
2025-06-19 01:54:34,REAL,2688110140,10342,2688120482,2688120482
2025-06-19 01:54:36,REAL,2688120482,10451,2688130933,2688130933
2025-06-19 01:54:38,REAL,2688130933,10302,2688141235,2688141235
2025-06-19 01:54:40,REAL,2688141235,10259,2688151494,2688151494
2025-06-19 01:54:42,REAL,2688151494,10317,2688161811,2688161811
2025-06-19 01:54:44,REAL,2688161811,10248,2688172059,2688172059
2025-06-19 01:54:46,REAL,2688172059,10248,2688182307,2688182307
2025-06-19 01:54:48,REAL,2688182307,7215,2688189522,2688189522
2025-06-19 01:54:50,REAL,2688189522,483,2688190005,2688190005
2025-06-19 01:54:52,REAL,2688190005,480,2688190485,2688190485
2025-06-19 01:54:54,REAL,2688190485,486,2688190971,2688190971
2025-06-19 01:54:56,REAL,2688190971,486,2688191457,2688191457
2025-06-19 01:54:58,REAL,2688191457,481,2688191938,2688191938
2025-06-19 01:55:00,REAL,2688191938,489,2688192427,2688192427
2025-06-19 01:55:02,REAL,2688192427,487,2688192914,2688192914
2025-06-19 01:55:04,REAL,2688192914,488,2688193402,2688193402
2025-06-19 01:55:06,REAL,2688193402,488,2688193890,2688193890
2025-06-19 01:55:08,REAL,2688193890,541,2688194431,2688194431
2025-06-19 01:55:10,REAL,2688194431,488,2688194919,2688194919
2025-06-19 01:55:12,REAL,2688194919,491,2688195410,2688195410
2025-06-19 01:55:14,REAL,2688195410,486,2688195896,2688195896
2025-06-19 01:55:16,REAL,2688195896,480,2688196376,2688196376
2025-06-19 01:55:18,REAL,2688196376,478,2688196854,2688196854
2025-06-19 01:55:20,REAL,2688196854,483,2688197337,2688197337
2025-06-19 01:55:22,REAL,2688197337,537,2688197874,2688197874
2025-06-19 01:55:24,REAL,2688197874,481,2688198355,2688198355
2025-06-19 01:55:26,REAL,2688198355,475,2688198830,2688198830
2025-06-19 01:55:28,REAL,2688198830,481,2688199311,2688199311
2025-06-19 01:55:30,REAL,2688199311,487,2688199798,2688199798
2025-06-19 01:55:32,REAL,2688199798,483,2688200281,2688200281
2025-06-19 01:55:34,REAL,2688200281,486,2688200767,2688200767
2025-06-19 01:55:36,REAL,2688200767,487,2688201254,2688201254
2025-06-19 01:55:38,REAL,2688201254,541,2688201795,2688201795
2025-06-19 01:55:40,REAL,2688201795,484,2688202279,2688202279
2025-06-19 01:55:42,REAL,2688202279,487,2688202766,2688202766
2025-06-19 01:55:44,REAL,2688202766,491,2688203257,2688203257
2025-06-19 01:55:46,REAL,2688203257,484,2688203741,2688203741
2025-06-19 01:55:48,REAL,2688203741,489,2688204230,2688204230
2025-06-19 01:55:50,REAL,2688204230,482,2688204712,2688204712
2025-06-19 01:55:52,REAL,2688204712,490,2688205202,2688205202
2025-06-19 01:55:54,REAL,2688205202,478,2688205680,2688205680
2025-06-19 01:55:56,REAL,2688205680,477,2688206157,2688206157
2025-06-19 01:55:58,REAL,2688206157,481,2688206638,2688206638
2025-06-19 01:56:00,REAL,2688206638,479,2688207117,2688207117
2025-06-19 01:56:02,REAL,2688207117,481,2688207598,2688207598
2025-06-19 01:56:04,REAL,2688207598,492,2688208090,2688208090
2025-06-19 01:56:06,REAL,2688208090,535,2688208625,2688208625
2025-06-19 01:56:08,REAL,2688208625,484,2688209109,2688209109
2025-06-19 01:56:10,REAL,2688209109,539,2688209648,2688209648
2025-06-19 01:56:12,REAL,2688209648,479,2688210127,2688210127
2025-06-19 01:56:14,REAL,2688210127,484,2688210611,2688210611
2025-06-19 01:56:16,REAL,2688210611,484,2688211095,2688211095
2025-06-19 01:56:18,REAL,2688211095,484,2688211579,2688211579
2025-06-19 01:56:20,REAL,2688211579,476,2688212055,2688212055
2025-06-19 01:56:22,REAL,2688212055,486,2688212541,2688212541
2025-06-19 01:56:24,REAL,2688212541,489,2688213030,2688213030
2025-06-19 01:56:26,REAL,2688213030,478,2688213508,2688213508
2025-06-19 01:56:28,REAL,2688213508,483,2688213991,2688213991
2025-06-19 01:56:30,REAL,2688213991,491,2688214482,2688214482
2025-06-19 01:56:32,REAL,2688214482,484,2688214966,2688214966
2025-06-19 01:56:34,REAL,2688214966,542,2688215508,2688215508
2025-06-19 01:56:36,REAL,2688215508,476,2688215984,2688215984
2025-06-19 01:56:38,REAL,2688215984,480,2688216464,2688216464
2025-06-19 01:56:40,REAL,2688216464,487,2688216951,2688216951
2025-06-19 01:56:42,REAL,2688216951,482,2688217433,2688217433
2025-06-19 01:56:44,REAL,2688217433,479,2688217912,2688217912
2025-06-19 01:56:46,REAL,2688217912,6898,2688224810,2688224810
2025-06-19 01:56:48,REAL,2688224810,10783,2688235593,2688235593
2025-06-19 01:56:50,REAL,2688235593,10318,2688245911,2688245911
2025-06-19 01:56:52,REAL,2688245911,10327,2688256238,2688256238
2025-06-19 01:56:54,REAL,2688256238,10245,2688266483,2688266483
2025-06-19 01:56:56,REAL,2688266483,10257,2688276740,2688276740
2025-06-19 01:56:58,REAL,2688276740,10250,2688286990,2688286990
2025-06-19 01:57:00,REAL,2688286990,9717,2688296707,2688296707
2025-06-19 01:57:02,REAL,2688296707,485,2688297192,2688297192
2025-06-19 01:57:04,REAL,2688297192,489,2688297681,2688297681
2025-06-19 01:57:06,REAL,2688297681,488,2688298169,2688298169
2025-06-19 01:57:08,REAL,2688298169,484,2688298653,2688298653
2025-06-19 01:57:10,REAL,2688298653,475,2688299128,2688299128
2025-06-19 01:57:12,REAL,2688299128,485,2688299613,2688299613
2025-06-19 01:57:14,REAL,2688299613,488,2688300101,2688300101
2025-06-19 01:57:16,REAL,2688300101,481,2688300582,2688300582
2025-06-19 01:57:18,REAL,2688300582,8012,2688308594,2688308594
2025-06-19 01:57:20,REAL,2688308594,10511,2688319105,2688319105
2025-06-19 01:57:22,REAL,2688319105,10848,2688329953,2688329953
2025-06-19 01:57:24,REAL,2688329953,9718,2688339671,2688339671
2025-06-19 01:57:26,REAL,2688339671,10251,2688349922,2688349922
2025-06-19 01:57:28,REAL,2688349922,10378,2688360300,2688360300
2025-06-19 01:57:30,REAL,2688360300,10252,2688370552,2688370552
2025-06-19 01:57:32,REAL,2688370552,8929,2688379481,2688379481
2025-06-19 01:57:34,REAL,2688379481,482,2688379963,2688379963
2025-06-19 01:57:36,REAL,2688379963,485,2688380448,2688380448
2025-06-19 01:57:38,REAL,2688380448,483,2688380931,2688380931
2025-06-19 01:57:40,REAL,2688380931,486,2688381417,2688381417
2025-06-19 01:57:42,REAL,2688381417,485,2688381902,2688381902
2025-06-19 01:57:44,REAL,2688381902,479,2688382381,2688382381
2025-06-19 01:57:46,REAL,2688382381,474,2688382855,2688382855
2025-06-19 01:57:48,REAL,2688382855,488,2688383343,2688383343
2025-06-19 01:57:50,REAL,2688383343,8549,2688391892,2688391892
2025-06-19 01:57:52,REAL,2688391892,10842,2688402734,2688402734
2025-06-19 01:57:54,REAL,2688402734,10318,2688413052,2688413052
2025-06-19 01:57:56,REAL,2688413052,10312,2688423364,2688423364
2025-06-19 01:57:58,REAL,2688423364,10255,2688433619,2688433619
2025-06-19 01:58:00,REAL,2688433619,10310,2688443929,2688443929
2025-06-19 01:58:02,REAL,2688443929,10259,2688454188,2688454188
2025-06-19 01:58:04,REAL,2688454188,8331,2688462519,2688462519
2025-06-19 01:58:06,REAL,2688462519,479,2688462998,2688462998
2025-06-19 01:58:08,REAL,2688462998,482,2688463480,2688463480
2025-06-19 01:58:10,REAL,2688463480,479,2688463959,2688463959
2025-06-19 01:58:12,REAL,2688463959,540,2688464499,2688464499
2025-06-19 01:58:14,REAL,2688464499,485,2688464984,2688464984
2025-06-19 01:58:16,REAL,2688464984,486,2688465470,2688465470
2025-06-19 01:58:18,REAL,2688465470,483,2688465953,2688465953
2025-06-19 01:58:20,REAL,2688465953,488,2688466441,2688466441
2025-06-19 01:58:22,REAL,2688466441,9135,2688475576,2688475576
2025-06-19 01:58:24,REAL,2688475576,10451,2688486027,2688486027
2025-06-19 01:58:26,REAL,2688486027,10259,2688496286,2688496286
2025-06-19 01:58:28,REAL,2688496286,10248,2688506534,2688506534
2025-06-19 01:58:30,REAL,2688506534,10256,2688516790,2688516790
2025-06-19 01:58:32,REAL,2688516790,10249,2688527039,2688527039
2025-06-19 01:58:34,REAL,2688527039,10254,2688537293,2688537293
2025-06-19 01:58:36,REAL,2688537293,7741,2688545034,2688545034
2025-06-19 01:58:38,REAL,2688545034,484,2688545518,2688545518
2025-06-19 01:58:40,REAL,2688545518,484,2688546002,2688546002
2025-06-19 01:58:42,REAL,2688546002,487,2688546489,2688546489
2025-06-19 01:58:44,REAL,2688546489,538,2688547027,2688547027
2025-06-19 01:58:46,REAL,2688547027,490,2688547517,2688547517
2025-06-19 01:58:48,REAL,2688547517,489,2688548006,2688548006
2025-06-19 01:58:50,REAL,2688548006,538,2688548544,2688548544
2025-06-19 01:58:52,REAL,2688548544,485,2688549029,2688549029
2025-06-19 01:58:54,REAL,2688549029,10132,2688559161,2688559161
2025-06-19 01:58:56,REAL,2688559161,10581,2688569742,2688569742
2025-06-19 01:58:58,REAL,2688569742,10317,2688580059,2688580059
2025-06-19 01:59:00,REAL,2688580059,10257,2688590316,2688590316
2025-06-19 01:59:02,REAL,2688590316,10259,2688600575,2688600575
2025-06-19 01:59:04,REAL,2688600575,10252,2688610827,2688610827
2025-06-19 01:59:06,REAL,2688610827,10259,2688621086,2688621086
2025-06-19 01:59:08,REAL,2688621086,7083,2688628169,2688628169
2025-06-19 01:59:10,REAL,2688628169,489,2688628658,2688628658
2025-06-19 01:59:12,REAL,2688628658,481,2688629139,2688629139
2025-06-19 01:59:14,REAL,2688629139,490,2688629629,2688629629
2025-06-19 01:59:16,REAL,2688629629,541,2688630170,2688630170
2025-06-19 01:59:18,REAL,2688630170,544,2688630714,2688630714
2025-06-19 01:59:20,REAL,2688630714,484,2688631198,2688631198
2025-06-19 01:59:22,REAL,2688631198,487,2688631685,2688631685
2025-06-19 01:59:24,REAL,2688631685,493,2688632178,2688632178
2025-06-19 01:59:26,REAL,2688632178,10590,2688642768,2688642768
2025-06-19 01:59:28,REAL,2688642768,10388,2688653156,2688653156
2025-06-19 01:59:30,REAL,2688653156,10315,2688663471,2688663471
2025-06-19 01:59:32,REAL,2688663471,10251,2688673722,2688673722
2025-06-19 01:59:34,REAL,2688673722,10252,2688683974,2688683974
2025-06-19 01:59:36,REAL,2688683974,10247,2688694221,2688694221
2025-06-19 01:59:38,REAL,2688694221,10260,2688704481,2688704481
2025-06-19 01:59:40,REAL,2688704481,6480,2688710961,2688710961
2025-06-19 01:59:42,REAL,2688710961,476,2688711437,2688711437
2025-06-19 01:59:44,REAL,2688711437,542,2688711979,2688711979
2025-06-19 01:59:46,REAL,2688711979,479,2688712458,2688712458
2025-06-19 01:59:48,REAL,2688712458,547,2688713005,2688713005
2025-06-19 01:59:50,REAL,2688713005,490,2688713495,2688713495
2025-06-19 01:59:52,REAL,2688713495,479,2688713974,2688713974
2025-06-19 01:59:54,REAL,2688713974,487,2688714461,2688714461
2025-06-19 01:59:56,REAL,2688714461,482,2688714943,2688714943
2025-06-19 01:59:58,REAL,2688714943,492,2688715435,2688715435
2025-06-19 02:00:00,REAL,2688715435,483,2688715918,2688715918
2025-06-19 02:00:02,REAL,2688715918,490,2688716408,2688716408
2025-06-19 02:00:04,REAL,2688716408,490,2688716898,2688716898
2025-06-19 02:00:06,REAL,2688716898,485,2688717383,2688717383
2025-06-19 02:00:08,REAL,2688717383,483,2688717866,2688717866
2025-06-19 02:00:10,REAL,2688717866,492,2688718358,2688718358
2025-06-19 02:00:12,REAL,2688718358,592,2688718950,2688718950
2025-06-19 02:00:14,REAL,2688718950,487,2688719437,2688719437
2025-06-19 02:00:16,REAL,2688719437,489,2688719926,2688719926
2025-06-19 02:00:18,REAL,2688719926,492,2688720418,2688720418
2025-06-19 02:00:20,REAL,2688720418,476,2688720894,2688720894
2025-06-19 02:00:22,REAL,2688720894,486,2688721380,2688721380
2025-06-19 02:00:24,REAL,2688721380,485,2688721865,2688721865
2025-06-19 02:00:26,REAL,2688721865,484,2688722349,2688722349
2025-06-19 02:00:28,REAL,2688722349,483,2688722832,2688722832
2025-06-19 02:00:30,REAL,2688722832,489,2688723321,2688723321
2025-06-19 02:00:32,REAL,2688723321,490,2688723811,2688723811
2025-06-19 02:00:34,REAL,2688723811,536,2688724347,2688724347
2025-06-19 02:00:36,REAL,2688724347,486,2688724833,2688724833
2025-06-19 02:00:38,REAL,2688724833,482,2688725315,2688725315
2025-06-19 02:00:40,REAL,2688725315,487,2688725802,2688725802
2025-06-19 02:00:42,REAL,2688725802,482,2688726284,2688726284
2025-06-19 02:00:44,REAL,2688726284,487,2688726771,2688726771
2025-06-19 02:00:46,REAL,2688726771,486,2688727257,2688727257
2025-06-19 02:00:48,REAL,2688727257,484,2688727741,2688727741
2025-06-19 02:00:50,REAL,2688727741,490,2688728231,2688728231
2025-06-19 02:00:52,REAL,2688728231,483,2688728714,2688728714
2025-06-19 02:00:54,REAL,2688728714,482,2688729196,2688729196
2025-06-19 02:00:56,REAL,2688729196,479,2688729675,2688729675
2025-06-19 02:00:58,REAL,2688729675,544,2688730219,2688730219
2025-06-19 02:01:00,REAL,2688730219,487,2688730706,2688730706
2025-06-19 02:01:02,REAL,2688730706,485,2688731191,2688731191
2025-06-19 02:01:04,REAL,2688731191,536,2688731727,2688731727
2025-06-19 02:01:06,REAL,2688731727,485,2688732212,2688732212
2025-06-19 02:01:08,REAL,2688732212,482,2688732694,2688732694
2025-06-19 02:01:10,REAL,2688732694,480,2688733174,2688733174
2025-06-19 02:01:12,REAL,2688733174,487,2688733661,2688733661
2025-06-19 02:01:14,REAL,2688733661,478,2688734139,2688734139
2025-06-19 02:01:16,REAL,2688734139,486,2688734625,2688734625
2025-06-19 02:01:18,REAL,2688734625,477,2688735102,2688735102
2025-06-19 02:01:20,REAL,2688735102,489,2688735591,2688735591
2025-06-19 02:01:22,REAL,2688735591,539,2688736130,2688736130
2025-06-19 02:01:24,REAL,2688736130,485,2688736615,2688736615
2025-06-19 02:01:26,REAL,2688736615,491,2688737106,2688737106
2025-06-19 02:01:28,REAL,2688737106,481,2688737587,2688737587
2025-06-19 02:01:30,REAL,2688737587,478,2688738065,2688738065
2025-06-19 02:01:32,REAL,2688738065,484,2688738549,2688738549
2025-06-19 02:01:34,REAL,2688738549,484,2688739033,2688739033
2025-06-19 02:01:36,REAL,2688739033,493,2688739526,2688739526
2025-06-19 02:01:38,REAL,2688739526,487,2688740013,2688740013
2025-06-19 02:01:40,REAL,2688740013,482,2688740495,2688740495
2025-06-19 02:01:42,REAL,2688740495,484,2688740979,2688740979
2025-06-19 02:01:44,REAL,2688740979,488,2688741467,2688741467
2025-06-19 02:01:46,REAL,2688741467,543,2688742010,2688742010
2025-06-19 02:01:48,REAL,2688742010,487,2688742497,2688742497
2025-06-19 02:01:50,REAL,2688742497,486,2688742983,2688742983
2025-06-19 02:01:52,REAL,2688742983,488,2688743471,2688743471
2025-06-19 02:01:54,REAL,2688743471,484,2688743955,2688743955
2025-06-19 02:01:56,REAL,2688743955,545,2688744500,2688744500
2025-06-19 02:01:58,REAL,2688744500,481,2688744981,2688744981
2025-06-19 02:02:00,REAL,2688744981,488,2688745469,2688745469
2025-06-19 02:02:02,REAL,2688745469,482,2688745951,2688745951
2025-06-19 02:02:04,REAL,2688745951,485,2688746436,2688746436
2025-06-19 02:02:06,REAL,2688746436,488,2688746924,2688746924
2025-06-19 02:02:08,REAL,2688746924,538,2688747462,2688747462
2025-06-19 02:02:10,REAL,2688747462,476,2688747938,2688747938
2025-06-19 02:02:12,REAL,2688747938,483,2688748421,2688748421
2025-06-19 02:02:14,REAL,2688748421,490,2688748911,2688748911
2025-06-19 02:02:16,REAL,2688748911,484,2688749395,2688749395
2025-06-19 02:02:18,REAL,2688749395,479,2688749874,2688749874
2025-06-19 02:02:20,REAL,2688749874,8412,2688758286,2688758286
2025-06-19 02:02:22,REAL,2688758286,10783,2688769069,2688769069
2025-06-19 02:02:24,REAL,2688769069,10452,2688779521,2688779521
2025-06-19 02:02:26,REAL,2688779521,10051,2688789572,2688789572
2025-06-19 02:02:28,REAL,2688789572,10254,2688799826,2688799826
2025-06-19 02:02:30,REAL,2688799826,10246,2688810072,2688810072
2025-06-19 02:02:32,REAL,2688810072,10257,2688820329,2688820329
2025-06-19 02:02:34,REAL,2688820329,8269,2688828598,2688828598
2025-06-19 02:02:36,REAL,2688828598,480,2688829078,2688829078
2025-06-19 02:02:38,REAL,2688829078,492,2688829570,2688829570
2025-06-19 02:02:40,REAL,2688829570,3457,2688833027,2688833027
2025-06-19 02:02:42,REAL,2688833027,11635,2688844662,2688844662
2025-06-19 02:02:44,REAL,2688844662,10244,2688854906,2688854906
2025-06-19 02:02:46,REAL,2688854906,10303,2688865209,2688865209
2025-06-19 02:02:48,REAL,2688865209,10251,2688875460,2688875460
2025-06-19 02:02:50,REAL,2688875460,10316,2688885776,2688885776
2025-06-19 02:02:52,REAL,2688885776,10253,2688896029,2688896029
2025-06-19 02:02:54,REAL,2688896029,10312,2688906341,2688906341
2025-06-19 02:02:56,REAL,2688906341,2992,2688909333,2688909333
2025-06-19 02:02:58,REAL,2688909333,490,2688909823,2688909823
2025-06-19 02:03:00,REAL,2688909823,487,2688910310,2688910310
2025-06-19 02:03:02,REAL,2688910310,546,2688910856,2688910856
2025-06-19 02:03:04,REAL,2688910856,484,2688911340,2688911340
2025-06-19 02:03:06,REAL,2688911340,480,2688911820,2688911820
2025-06-19 02:03:08,REAL,2688911820,488,2688912308,2688912308
2025-06-19 02:03:10,REAL,2688912308,475,2688912783,2688912783
2025-06-19 02:03:12,REAL,2688912783,3985,2688916768,2688916768
2025-06-19 02:03:14,REAL,2688916768,11568,2688928336,2688928336
2025-06-19 02:03:16,REAL,2688928336,10243,2688938579,2688938579
2025-06-19 02:03:18,REAL,2688938579,10318,2688948897,2688948897
2025-06-19 02:03:20,REAL,2688948897,10251,2688959148,2688959148
2025-06-19 02:03:22,REAL,2688959148,10254,2688969402,2688969402
2025-06-19 02:03:24,REAL,2688969402,10247,2688979649,2688979649
2025-06-19 02:03:26,REAL,2688979649,10309,2688989958,2688989958
2025-06-19 02:03:28,REAL,2688989958,2400,2688992358,2688992358
2025-06-19 02:03:30,REAL,2688992358,481,2688992839,2688992839
2025-06-19 02:03:32,REAL,2688992839,546,2688993385,2688993385
2025-06-19 02:03:34,REAL,2688993385,482,2688993867,2688993867
2025-06-19 02:03:36,REAL,2688993867,478,2688994345,2688994345
2025-06-19 02:03:38,REAL,2688994345,534,2688994879,2688994879
2025-06-19 02:03:40,REAL,2688994879,481,2688995360,2688995360
2025-06-19 02:03:42,REAL,2688995360,487,2688995847,2688995847
2025-06-19 02:03:44,REAL,2688995847,486,2688996333,2688996333
2025-06-19 02:03:46,REAL,2688996333,491,2688996824,2688996824
2025-06-19 02:03:48,REAL,2688996824,487,2688997311,2688997311
2025-06-19 02:03:50,REAL,2688997311,483,2688997794,2688997794
2025-06-19 02:03:52,REAL,2688997794,479,2688998273,2688998273
2025-06-19 02:03:54,REAL,2688998273,538,2688998811,2688998811
2025-06-19 02:03:56,REAL,2688998811,485,2688999296,2688999296
2025-06-19 02:03:58,REAL,2688999296,487,2688999783,2688999783
2025-06-19 02:04:00,REAL,2688999783,482,2689000265,2689000265
2025-06-19 02:04:02,REAL,2689000265,486,2689000751,2689000751
2025-06-19 02:04:04,REAL,2689000751,488,2689001239,2689001239
2025-06-19 02:04:06,REAL,2689001239,481,2689001720,2689001720
2025-06-19 02:04:08,REAL,2689001720,483,2689002203,2689002203
2025-06-19 02:04:10,REAL,2689002203,489,2689002692,2689002692
2025-06-19 02:04:12,REAL,2689002692,479,2689003171,2689003171
2025-06-19 02:04:14,REAL,2689003171,540,2689003711,2689003711
2025-06-19 02:04:16,REAL,2689003711,484,2689004195,2689004195
2025-06-19 02:04:18,REAL,2689004195,475,2689004670,2689004670
2025-06-19 02:04:20,REAL,2689004670,487,2689005157,2689005157
2025-06-19 02:04:22,REAL,2689005157,475,2689005632,2689005632
2025-06-19 02:04:24,REAL,2689005632,480,2689006112,2689006112
2025-06-19 02:04:26,REAL,2689006112,482,2689006594,2689006594
2025-06-19 02:04:28,REAL,2689006594,493,2689007087,2689007087
2025-06-19 02:04:30,REAL,2689007087,547,2689007634,2689007634
2025-06-19 02:04:32,REAL,2689007634,482,2689008116,2689008116
2025-06-19 02:04:34,REAL,2689008116,482,2689008598,2689008598
2025-06-19 02:04:36,REAL,2689008598,537,2689009135,2689009135
2025-06-19 02:04:38,REAL,2689009135,488,2689009623,2689009623
2025-06-19 02:04:40,REAL,2689009623,475,2689010098,2689010098
2025-06-19 02:04:42,REAL,2689010098,478,2689010576,2689010576
2025-06-19 02:04:44,REAL,2689010576,483,2689011059,2689011059
2025-06-19 02:04:46,REAL,2689011059,476,2689011535,2689011535
2025-06-19 02:04:48,REAL,2689011535,493,2689012028,2689012028
2025-06-19 02:04:50,REAL,2689012028,487,2689012515,2689012515
2025-06-19 02:04:52,REAL,2689012515,492,2689013007,2689013007
2025-06-19 02:04:54,REAL,2689013007,485,2689013492,2689013492
2025-06-19 02:04:56,REAL,2689013492,488,2689013980,2689013980
2025-06-19 02:04:58,REAL,2689013980,544,2689014524,2689014524
2025-06-19 02:05:00,REAL,2689014524,475,2689014999,2689014999
2025-06-19 02:05:02,REAL,2689014999,479,2689015478,2689015478
2025-06-19 02:05:04,REAL,2689015478,6689,2689022167,2689022167
2025-06-19 02:05:06,REAL,2689022167,11180,2689033347,2689033347
2025-06-19 02:05:08,REAL,2689033347,10312,2689043659,2689043659
2025-06-19 02:05:10,REAL,2689043659,10246,2689053905,2689053905
2025-06-19 02:05:12,REAL,2689053905,10251,2689064156,2689064156
2025-06-19 02:05:14,REAL,2689064156,10256,2689074412,2689074412
2025-06-19 02:05:16,REAL,2689074412,10249,2689084661,2689084661
2025-06-19 02:05:18,REAL,2689084661,9987,2689094648,2689094648
2025-06-19 02:05:20,REAL,2689094648,539,2689095187,2689095187
2025-06-19 02:05:22,REAL,2689095187,483,2689095670,2689095670
2025-06-19 02:05:24,REAL,2689095670,488,2689096158,2689096158
2025-06-19 02:05:26,REAL,2689096158,539,2689096697,2689096697
2025-06-19 02:05:28,REAL,2689096697,244,2689096941,2689096941
2025-06-19 02:05:30,REAL,2689096941,483,2689097424,2689097424
2025-06-19 02:05:32,REAL,2689097424,482,2689097906,2689097906
2025-06-19 02:05:34,REAL,2689097906,476,2689098382,2689098382
2025-06-19 02:05:36,REAL,2689098382,8672,2689107054,2689107054
2025-06-19 02:05:38,REAL,2689107054,11242,2689118296,2689118296
2025-06-19 02:05:40,REAL,2689118296,10317,2689128613,2689128613
2025-06-19 02:05:42,REAL,2689128613,10257,2689138870,2689138870
2025-06-19 02:05:44,REAL,2689138870,10323,2689149193,2689149193
2025-06-19 02:05:46,REAL,2689149193,10257,2689159450,2689159450
2025-06-19 02:05:48,REAL,2689159450,10252,2689169702,2689169702
2025-06-19 02:05:50,REAL,2689169702,9395,2689179097,2689179097
2025-06-19 02:05:52,REAL,2689179097,489,2689179586,2689179586
2025-06-19 02:05:54,REAL,2689179586,488,2689180074,2689180074
2025-06-19 02:05:56,REAL,2689180074,482,2689180556,2689180556
2025-06-19 02:05:58,REAL,2689180556,537,2689181093,2689181093
2025-06-19 02:06:00,REAL,2689181093,484,2689181577,2689181577
2025-06-19 02:06:02,REAL,2689181577,483,2689182060,2689182060
2025-06-19 02:06:04,REAL,2689182060,481,2689182541,2689182541
2025-06-19 02:06:06,REAL,2689182541,483,2689183024,2689183024
2025-06-19 02:06:08,REAL,2689183024,8413,2689191437,2689191437
2025-06-19 02:06:10,REAL,2689191437,11055,2689202492,2689202492
2025-06-19 02:06:12,REAL,2689202492,10314,2689212806,2689212806
2025-06-19 02:06:14,REAL,2689212806,10252,2689223058,2689223058
2025-06-19 02:06:16,REAL,2689223058,10326,2689233384,2689233384
2025-06-19 02:06:18,REAL,2689233384,10251,2689243635,2689243635
2025-06-19 02:06:20,REAL,2689243635,10325,2689253960,2689253960
2025-06-19 02:06:22,REAL,2689253960,8737,2689262697,2689262697
2025-06-19 02:06:24,REAL,2689262697,489,2689263186,2689263186
2025-06-19 02:06:26,REAL,2689263186,485,2689263671,2689263671
2025-06-19 02:06:28,REAL,2689263671,488,2689264159,2689264159
2025-06-19 02:06:30,REAL,2689264159,544,2689264703,2689264703
2025-06-19 02:06:32,REAL,2689264703,484,2689265187,2689265187
2025-06-19 02:06:34,REAL,2689265187,480,2689265667,2689265667
2025-06-19 02:06:36,REAL,2689265667,487,2689266154,2689266154
2025-06-19 02:06:38,REAL,2689266154,480,2689266634,2689266634
2025-06-19 02:06:40,REAL,2689266634,482,2689267116,2689267116
2025-06-19 02:06:42,REAL,2689267116,486,2689267602,2689267602
2025-06-19 02:06:44,REAL,2689267602,484,2689268086,2689268086
2025-06-19 02:06:46,REAL,2689268086,545,2689268631,2689268631
2025-06-19 02:06:48,REAL,2689268631,489,2689269120,2689269120
2025-06-19 02:06:50,REAL,2689269120,545,2689269665,2689269665
2025-06-19 02:06:52,REAL,2689269665,486,2689270151,2689270151
2025-06-19 02:06:54,REAL,2689270151,489,2689270640,2689270640
2025-06-19 02:06:56,REAL,2689270640,475,2689271115,2689271115
2025-06-19 02:06:58,REAL,2689271115,491,2689271606,2689271606
2025-06-19 02:07:00,REAL,2689271606,486,2689272092,2689272092
2025-06-19 02:07:02,REAL,2689272092,482,2689272574,2689272574
2025-06-19 02:07:04,REAL,2689272574,492,2689273066,2689273066
2025-06-19 02:07:06,REAL,2689273066,480,2689273546,2689273546
2025-06-19 02:07:08,REAL,2689273546,488,2689274034,2689274034
2025-06-19 02:07:10,REAL,2689274034,484,2689274518,2689274518
2025-06-19 02:07:12,REAL,2689274518,545,2689275063,2689275063
2025-06-19 02:07:14,REAL,2689275063,490,2689275553,2689275553
2025-06-19 02:07:16,REAL,2689275553,484,2689276037,2689276037
2025-06-19 02:07:18,REAL,2689276037,486,2689276523,2689276523
2025-06-19 02:07:20,REAL,2689276523,488,2689277011,2689277011
2025-06-19 02:07:22,REAL,2689277011,539,2689277550,2689277550
2025-06-19 02:07:24,REAL,2689277550,479,2689278029,2689278029
2025-06-19 02:07:26,REAL,2689278029,484,2689278513,2689278513
2025-06-19 02:07:28,REAL,2689278513,12372,2689290885,2689290885
2025-06-19 02:07:30,REAL,2689290885,11374,2689302259,2689302259
2025-06-19 02:07:32,REAL,2689302259,10251,2689312510,2689312510
2025-06-19 02:07:34,REAL,2689312510,10320,2689322830,2689322830
2025-06-19 02:07:36,REAL,2689322830,10245,2689333075,2689333075
2025-06-19 02:07:38,REAL,2689333075,10323,2689343398,2689343398
2025-06-19 02:07:40,REAL,2689343398,10248,2689353646,2689353646
2025-06-19 02:07:42,REAL,2689353646,7216,2689360862,2689360862
2025-06-19 02:07:44,REAL,2689360862,490,2689361352,2689361352
2025-06-19 02:07:46,REAL,2689361352,480,2689361832,2689361832
2025-06-19 02:07:48,REAL,2689361832,533,2689362365,2689362365
2025-06-19 02:07:50,REAL,2689362365,484,2689362849,2689362849
2025-06-19 02:07:52,REAL,2689362849,488,2689363337,2689363337
2025-06-19 02:07:54,REAL,2689363337,486,2689363823,2689363823
2025-06-19 02:07:56,REAL,2689363823,535,2689364358,2689364358
2025-06-19 02:07:58,REAL,2689364358,485,2689364843,2689364843
2025-06-19 02:08:00,REAL,2689364843,483,2689365326,2689365326
2025-06-19 02:08:02,REAL,2689365326,493,2689365819,2689365819
2025-06-19 02:08:04,REAL,2689365819,481,2689366300,2689366300
2025-06-19 02:08:06,REAL,2689366300,484,2689366784,2689366784
2025-06-19 02:08:08,REAL,2689366784,488,2689367272,2689367272
2025-06-19 02:08:10,REAL,2689367272,540,2689367812,2689367812
2025-06-19 02:08:12,REAL,2689367812,488,2689368300,2689368300
2025-06-19 02:08:14,REAL,2689368300,481,2689368781,2689368781
2025-06-19 02:08:16,REAL,2689368781,488,2689369269,2689369269
2025-06-19 02:08:18,REAL,2689369269,478,2689369747,2689369747
2025-06-19 02:08:20,REAL,2689369747,485,2689370232,2689370232
2025-06-19 02:08:22,REAL,2689370232,481,2689370713,2689370713
2025-06-19 02:08:24,REAL,2689370713,491,2689371204,2689371204
2025-06-19 02:08:26,REAL,2689371204,483,2689371687,2689371687
2025-06-19 02:08:28,REAL,2689371687,484,2689372171,2689372171
2025-06-19 02:08:30,REAL,2689372171,487,2689372658,2689372658
2025-06-19 02:08:32,REAL,2689372658,540,2689373198,2689373198
2025-06-19 02:08:34,REAL,2689373198,479,2689373677,2689373677
2025-06-19 02:08:36,REAL,2689373677,478,2689374155,2689374155
2025-06-19 02:08:38,REAL,2689374155,482,2689374637,2689374637
2025-06-19 02:08:40,REAL,2689374637,480,2689375117,2689375117
2025-06-19 02:08:42,REAL,2689375117,490,2689375607,2689375607
2025-06-19 02:08:44,REAL,2689375607,476,2689376083,2689376083
2025-06-19 02:08:46,REAL,2689376083,486,2689376569,2689376569
2025-06-19 02:08:48,REAL,2689376569,11783,2689388352,2689388352
2025-06-19 02:08:50,REAL,2689388352,10249,2689398601,2689398601
2025-06-19 02:08:52,REAL,2689398601,10320,2689408921,2689408921
2025-06-19 02:08:54,REAL,2689408921,10255,2689419176,2689419176
2025-06-19 02:08:56,REAL,2689419176,10253,2689429429,2689429429
2025-06-19 02:08:58,REAL,2689429429,10254,2689439683,2689439683
2025-06-19 02:09:00,REAL,2689439683,10257,2689449940,2689449940
2025-06-19 02:09:02,REAL,2689449940,5639,2689455579,2689455579
2025-06-19 02:09:04,REAL,2689455579,475,2689456054,2689456054
2025-06-19 02:09:06,REAL,2689456054,480,2689456534,2689456534
2025-06-19 02:09:08,REAL,2689456534,541,2689457075,2689457075
2025-06-19 02:09:10,REAL,2689457075,490,2689457565,2689457565
2025-06-19 02:09:12,REAL,2689457565,480,2689458045,2689458045
2025-06-19 02:09:14,REAL,2689458045,485,2689458530,2689458530
2025-06-19 02:09:16,REAL,2689458530,482,2689459012,2689459012
2025-06-19 02:09:18,REAL,2689459012,632,2689459644,2689459644
2025-06-19 02:09:20,REAL,2689459644,11904,2689471548,2689471548
2025-06-19 02:09:22,REAL,2689471548,10248,2689481796,2689481796
2025-06-19 02:09:24,REAL,2689481796,10314,2689492110,2689492110
2025-06-19 02:09:26,REAL,2689492110,10252,2689502362,2689502362
2025-06-19 02:09:28,REAL,2689502362,10242,2689512604,2689512604
2025-06-19 02:09:30,REAL,2689512604,10316,2689522920,2689522920
2025-06-19 02:09:32,REAL,2689522920,10252,2689533172,2689533172
2025-06-19 02:09:34,REAL,2689533172,4969,2689538141,2689538141
2025-06-19 02:09:36,REAL,2689538141,480,2689538621,2689538621
2025-06-19 02:09:38,REAL,2689538621,485,2689539106,2689539106
2025-06-19 02:09:40,REAL,2689539106,486,2689539592,2689539592
2025-06-19 02:09:42,REAL,2689539592,539,2689540131,2689540131
2025-06-19 02:09:44,REAL,2689540131,488,2689540619,2689540619
2025-06-19 02:09:46,REAL,2689540619,485,2689541104,2689541104
2025-06-19 02:09:48,REAL,2689541104,479,2689541583,2689541583
2025-06-19 02:09:50,REAL,2689541583,1614,2689543197,2689543197
2025-06-19 02:09:52,REAL,2689543197,11771,2689554968,2689554968
2025-06-19 02:09:54,REAL,2689554968,10317,2689565285,2689565285
2025-06-19 02:09:56,REAL,2689565285,10246,2689575531,2689575531
2025-06-19 02:09:58,REAL,2689575531,10258,2689585789,2689585789
2025-06-19 02:10:00,REAL,2689585789,10253,2689596042,2689596042
2025-06-19 02:10:02,REAL,2689596042,10256,2689606298,2689606298
2025-06-19 02:10:04,REAL,2689606298,10246,2689616544,2689616544
2025-06-19 02:10:06,REAL,2689616544,4312,2689620856,2689620856
2025-06-19 02:10:08,REAL,2689620856,492,2689621348,2689621348
2025-06-19 02:10:10,REAL,2689621348,485,2689621833,2689621833
2025-06-19 02:10:12,REAL,2689621833,492,2689622325,2689622325
2025-06-19 02:10:14,REAL,2689622325,483,2689622808,2689622808
2025-06-19 02:10:16,REAL,2689622808,479,2689623287,2689623287
2025-06-19 02:10:18,REAL,2689623287,478,2689623765,2689623765
2025-06-19 02:10:20,REAL,2689623765,535,2689624300,2689624300
2025-06-19 02:10:22,REAL,2689624300,2340,2689626640,2689626640
2025-06-19 02:10:24,REAL,2689626640,11638,2689638278,2689638278
2025-06-19 02:10:26,REAL,2689638278,10255,2689648533,2689648533
2025-06-19 02:10:28,REAL,2689648533,10313,2689658846,2689658846
2025-06-19 02:10:30,REAL,2689658846,10253,2689669099,2689669099
2025-06-19 02:10:32,REAL,2689669099,10253,2689679352,2689679352
2025-06-19 02:10:34,REAL,2689679352,10254,2689689606,2689689606
2025-06-19 02:10:36,REAL,2689689606,10313,2689699919,2689699919
2025-06-19 02:10:38,REAL,2689699919,3721,2689703640,2689703640
2025-06-19 02:10:40,REAL,2689703640,489,2689704129,2689704129
2025-06-19 02:10:42,REAL,2689704129,484,2689704613,2689704613
2025-06-19 02:10:44,REAL,2689704613,486,2689705099,2689705099
2025-06-19 02:10:46,REAL,2689705099,483,2689705582,2689705582
2025-06-19 02:10:48,REAL,2689705582,476,2689706058,2689706058
2025-06-19 02:10:50,REAL,2689706058,480,2689706538,2689706538
2025-06-19 02:10:52,REAL,2689706538,481,2689707019,2689707019
2025-06-19 02:10:54,REAL,2689707019,3064,2689710083,2689710083
2025-06-19 02:10:56,REAL,2689710083,11176,2689721259,2689721259
2025-06-19 02:10:58,REAL,2689721259,10247,2689731506,2689731506
2025-06-19 02:11:00,REAL,2689731506,10244,2689741750,2689741750
2025-06-19 02:11:02,REAL,2689741750,10253,2689752003,2689752003
2025-06-19 02:11:04,REAL,2689752003,10312,2689762315,2689762315
2025-06-19 02:11:06,REAL,2689762315,10307,2689772622,2689772622
2025-06-19 02:11:08,REAL,2689772622,10254,2689782876,2689782876
2025-06-19 02:11:10,REAL,2689782876,3132,2689786008,2689786008
2025-06-19 02:11:12,REAL,2689786008,486,2689786494,2689786494
2025-06-19 02:11:14,REAL,2689786494,483,2689786977,2689786977
2025-06-19 02:11:16,REAL,2689786977,8813,2689795790,2689795790
2025-06-19 02:11:18,REAL,2689795790,10513,2689806303,2689806303
2025-06-19 02:11:20,REAL,2689806303,10251,2689816554,2689816554
2025-06-19 02:11:22,REAL,2689816554,10251,2689826805,2689826805
2025-06-19 02:11:24,REAL,2689826805,10327,2689837132,2689837132
2025-06-19 02:11:26,REAL,2689837132,10247,2689847379,2689847379
2025-06-19 02:11:28,REAL,2689847379,10325,2689857704,2689857704
2025-06-19 02:11:30,REAL,2689857704,7741,2689865445,2689865445
2025-06-19 02:11:32,REAL,2689865445,492,2689865937,2689865937
2025-06-19 02:11:34,REAL,2689865937,487,2689866424,2689866424
2025-06-19 02:11:36,REAL,2689866424,4121,2689870545,2689870545
2025-06-19 02:11:38,REAL,2689870545,14955,2689885500,2689885500
2025-06-19 02:11:40,REAL,2689885500,10318,2689895818,2689895818
2025-06-19 02:11:42,REAL,2689895818,10250,2689906068,2689906068
2025-06-19 02:11:44,REAL,2689906068,10323,2689916391,2689916391
2025-06-19 02:11:46,REAL,2689916391,10250,2689926641,2689926641
2025-06-19 02:11:48,REAL,2689926641,10257,2689936898,2689936898
2025-06-19 02:11:50,REAL,2689936898,10244,2689947142,2689947142
2025-06-19 02:11:52,REAL,2689947142,2653,2689949795,2689949795
2025-06-19 02:11:54,REAL,2689949795,484,2689950279,2689950279
2025-06-19 02:11:56,REAL,2689950279,485,2689950764,2689950764
2025-06-19 02:11:58,REAL,2689950764,488,2689951252,2689951252
2025-06-19 02:12:00,REAL,2689951252,483,2689951735,2689951735
2025-06-19 02:12:02,REAL,2689951735,486,2689952221,2689952221
2025-06-19 02:12:04,REAL,2689952221,480,2689952701,2689952701
2025-06-19 02:12:06,REAL,2689952701,481,2689953182,2689953182
2025-06-19 02:12:08,REAL,2689953182,480,2689953662,2689953662
2025-06-19 02:12:10,REAL,2689953662,487,2689954149,2689954149
2025-06-19 02:12:12,REAL,2689954149,477,2689954626,2689954626
2025-06-19 02:12:14,REAL,2689954626,543,2689955169,2689955169
2025-06-19 02:12:16,REAL,2689955169,485,2689955654,2689955654
2025-06-19 02:12:18,REAL,2689955654,490,2689956144,2689956144
2025-06-19 02:12:20,REAL,2689956144,487,2689956631,2689956631
2025-06-19 02:12:22,REAL,2689956631,487,2689957118,2689957118
2025-06-19 02:12:24,REAL,2689957118,483,2689957601,2689957601
2025-06-19 02:12:26,REAL,2689957601,483,2689958084,2689958084
2025-06-19 02:12:28,REAL,2689958084,488,2689958572,2689958572
2025-06-19 02:12:30,REAL,2689958572,486,2689959058,2689959058
2025-06-19 02:12:32,REAL,2689959058,486,2689959544,2689959544
2025-06-19 02:12:34,REAL,2689959544,479,2689960023,2689960023
2025-06-19 02:12:36,REAL,2689960023,483,2689960506,2689960506
2025-06-19 02:12:38,REAL,2689960506,546,2689961052,2689961052
2025-06-19 02:12:40,REAL,2689961052,480,2689961532,2689961532
2025-06-19 02:12:42,REAL,2689961532,485,2689962017,2689962017
2025-06-19 02:12:44,REAL,2689962017,483,2689962500,2689962500
2025-06-19 02:12:46,REAL,2689962500,475,2689962975,2689962975
2025-06-19 02:12:48,REAL,2689962975,484,2689963459,2689963459
2025-06-19 02:12:50,REAL,2689963459,477,2689963936,2689963936
2025-06-19 02:12:52,REAL,2689963936,488,2689964424,2689964424
2025-06-19 02:12:54,REAL,2689964424,546,2689964970,2689964970
2025-06-19 02:12:56,REAL,2689964970,490,2689965460,2689965460
2025-06-19 02:12:58,REAL,2689965460,485,2689965945,2689965945
2025-06-19 02:13:00,REAL,2689965945,481,2689966426,2689966426
2025-06-19 02:13:02,REAL,2689966426,481,2689966907,2689966907
2025-06-19 02:13:04,REAL,2689966907,478,2689967385,2689967385
2025-06-19 02:13:06,REAL,2689967385,481,2689967866,2689967866
2025-06-19 02:13:08,REAL,2689967866,480,2689968346,2689968346
2025-06-19 02:13:10,REAL,2689968346,477,2689968823,2689968823
2025-06-19 02:13:12,REAL,2689968823,485,2689969308,2689969308
2025-06-19 02:13:14,REAL,2689969308,483,2689969791,2689969791
2025-06-19 02:13:16,REAL,2689969791,486,2689970277,2689970277
2025-06-19 02:13:18,REAL,2689970277,486,2689970763,2689970763
2025-06-19 02:13:20,REAL,2689970763,492,2689971255,2689971255
2025-06-19 02:13:22,REAL,2689971255,486,2689971741,2689971741
2025-06-19 02:13:24,REAL,2689971741,492,2689972233,2689972233
2025-06-19 02:13:26,REAL,2689972233,542,2689972775,2689972775
2025-06-19 02:13:28,REAL,2689972775,483,2689973258,2689973258
2025-06-19 02:13:30,REAL,2689973258,487,2689973745,2689973745
2025-06-19 02:13:32,REAL,2689973745,483,2689974228,2689974228
2025-06-19 02:13:34,REAL,2689974228,478,2689974706,2689974706
2025-06-19 02:13:36,REAL,2689974706,489,2689975195,2689975195
2025-06-19 02:13:38,REAL,2689975195,479,2689975674,2689975674
2025-06-19 02:13:40,REAL,2689975674,487,2689976161,2689976161
2025-06-19 02:13:42,REAL,2689976161,540,2689976701,2689976701
2025-06-19 02:13:44,REAL,2689976701,488,2689977189,2689977189
2025-06-19 02:13:46,REAL,2689977189,490,2689977679,2689977679
2025-06-19 02:13:48,REAL,2689977679,484,2689978163,2689978163
2025-06-19 02:13:50,REAL,2689978163,484,2689978647,2689978647
2025-06-19 02:13:52,REAL,2689978647,494,2689979141,2689979141
2025-06-19 02:13:54,REAL,2689979141,485,2689979626,2689979626
2025-06-19 02:13:56,REAL,2689979626,486,2689980112,2689980112
2025-06-19 02:13:58,REAL,2689980112,485,2689980597,2689980597
2025-06-19 02:14:00,REAL,2689980597,482,2689981079,2689981079
2025-06-19 02:14:02,REAL,2689981079,479,2689981558,2689981558
2025-06-19 02:14:04,REAL,2689981558,492,2689982050,2689982050
2025-06-19 02:14:06,REAL,2689982050,476,2689982526,2689982526
2025-06-19 02:14:08,REAL,2689982526,482,2689983008,2689983008
2025-06-19 02:14:10,REAL,2689983008,480,2689983488,2689983488
2025-06-19 02:14:12,REAL,2689983488,540,2689984028,2689984028
2025-06-19 02:14:14,REAL,2689984028,883,2689984911,2689984911
2025-06-19 02:14:16,REAL,2689984911,11838,2689996749,2689996749
2025-06-19 02:14:18,REAL,2689996749,10326,2690007075,2690007075
2025-06-19 02:14:20,REAL,2690007075,10251,2690017326,2690017326
2025-06-19 02:14:22,REAL,2690017326,10246,2690027572,2690027572
2025-06-19 02:14:24,REAL,2690027572,10255,2690037827,2690037827
2025-06-19 02:14:26,REAL,2690037827,10258,2690048085,2690048085
2025-06-19 02:14:28,REAL,2690048085,10246,2690058331,2690058331
2025-06-19 02:14:30,REAL,2690058331,4843,2690063174,2690063174
2025-06-19 02:14:32,REAL,2690063174,481,2690063655,2690063655
2025-06-19 02:14:34,REAL,2690063655,491,2690064146,2690064146
2025-06-19 02:14:36,REAL,2690064146,491,2690064637,2690064637
2025-06-19 02:14:38,REAL,2690064637,480,2690065117,2690065117
2025-06-19 02:14:40,REAL,2690065117,475,2690065592,2690065592
2025-06-19 02:14:42,REAL,2690065592,492,2690066084,2690066084
2025-06-19 02:14:44,REAL,2690066084,488,2690066572,2690066572
2025-06-19 02:14:46,REAL,2690066572,1870,2690068442,2690068442
2025-06-19 02:14:48,REAL,2690068442,11777,2690080219,2690080219
2025-06-19 02:14:50,REAL,2690080219,10245,2690090464,2690090464
2025-06-19 02:14:52,REAL,2690090464,10250,2690100714,2690100714
2025-06-19 02:14:54,REAL,2690100714,10320,2690111034,2690111034
2025-06-19 02:14:56,REAL,2690111034,10243,2690121277,2690121277
2025-06-19 02:14:58,REAL,2690121277,10256,2690131533,2690131533
2025-06-19 02:15:00,REAL,2690131533,10373,2690141906,2690141906
2025-06-19 02:15:02,REAL,2690141906,4176,2690146082,2690146082
2025-06-19 02:15:04,REAL,2690146082,491,2690146573,2690146573
2025-06-19 02:15:06,REAL,2690146573,484,2690147057,2690147057
2025-06-19 02:15:08,REAL,2690147057,480,2690147537,2690147537
2025-06-19 02:15:10,REAL,2690147537,492,2690148029,2690148029
2025-06-19 02:15:12,REAL,2690148029,487,2690148516,2690148516
2025-06-19 02:15:14,REAL,2690148516,481,2690148997,2690148997
2025-06-19 02:15:16,REAL,2690148997,481,2690149478,2690149478
2025-06-19 02:15:18,REAL,2690149478,484,2690149962,2690149962
2025-06-19 02:15:20,REAL,2690149962,486,2690150448,2690150448
2025-06-19 02:15:22,REAL,2690150448,487,2690150935,2690150935
2025-06-19 02:15:24,REAL,2690150935,477,2690151412,2690151412
2025-06-19 02:15:26,REAL,2690151412,486,2690151898,2690151898
2025-06-19 02:15:28,REAL,2690151898,484,2690152382,2690152382
2025-06-19 02:15:30,REAL,2690152382,484,2690152866,2690152866
2025-06-19 02:15:32,REAL,2690152866,482,2690153348,2690153348
2025-06-19 02:15:34,REAL,2690153348,490,2690153838,2690153838
2025-06-19 02:15:36,REAL,2690153838,475,2690154313,2690154313
2025-06-19 02:15:38,REAL,2690154313,544,2690154857,2690154857
2025-06-19 02:15:40,REAL,2690154857,8281,2690163138,2690163138
2025-06-19 02:15:42,REAL,2690163138,10849,2690173987,2690173987
2025-06-19 02:15:44,REAL,2690173987,10318,2690184305,2690184305
2025-06-19 02:15:46,REAL,2690184305,10318,2690194623,2690194623
2025-06-19 02:15:48,REAL,2690194623,10253,2690204876,2690204876
2025-06-19 02:15:50,REAL,2690204876,10256,2690215132,2690215132
2025-06-19 02:15:52,REAL,2690215132,10311,2690225443,2690225443
2025-06-19 02:15:54,REAL,2690225443,8143,2690233586,2690233586
2025-06-19 02:15:56,REAL,2690233586,482,2690234068,2690234068
2025-06-19 02:15:58,REAL,2690234068,483,2690234551,2690234551
2025-06-19 02:16:00,REAL,2690234551,491,2690235042,2690235042
2025-06-19 02:16:02,REAL,2690235042,488,2690235530,2690235530
2025-06-19 02:16:04,REAL,2690235530,484,2690236014,2690236014
2025-06-19 02:16:06,REAL,2690236014,479,2690236493,2690236493
2025-06-19 02:16:08,REAL,2690236493,492,2690236985,2690236985
2025-06-19 02:16:10,REAL,2690236985,489,2690237474,2690237474
2025-06-19 02:16:12,REAL,2690237474,482,2690237956,2690237956
2025-06-19 02:16:14,REAL,2690237956,490,2690238446,2690238446
2025-06-19 02:16:16,REAL,2690238446,547,2690238993,2690238993
2025-06-19 02:16:18,REAL,2690238993,487,2690239480,2690239480
2025-06-19 02:16:20,REAL,2690239480,479,2690239959,2690239959
2025-06-19 02:16:22,REAL,2690239959,484,2690240443,2690240443
2025-06-19 02:16:24,REAL,2690240443,485,2690240928,2690240928
2025-06-19 02:16:26,REAL,2690240928,481,2690241409,2690241409
2025-06-19 02:16:28,REAL,2690241409,534,2690241943,2690241943
2025-06-19 02:16:30,REAL,2690241943,475,2690242418,2690242418
2025-06-19 02:16:32,REAL,2690242418,487,2690242905,2690242905
2025-06-19 02:16:34,REAL,2690242905,482,2690243387,2690243387
2025-06-19 02:16:36,REAL,2690243387,493,2690243880,2690243880
2025-06-19 02:16:38,REAL,2690243880,477,2690244357,2690244357
2025-06-19 02:16:40,REAL,2690244357,487,2690244844,2690244844
2025-06-19 02:16:42,REAL,2690244844,488,2690245332,2690245332
2025-06-19 02:16:44,REAL,2690245332,537,2690245869,2690245869
2025-06-19 02:16:46,REAL,2690245869,491,2690246360,2690246360
2025-06-19 02:16:48,REAL,2690246360,481,2690246841,2690246841
2025-06-19 02:16:50,REAL,2690246841,477,2690247318,2690247318
2025-06-19 02:16:52,REAL,2690247318,479,2690247797,2690247797
2025-06-19 02:16:54,REAL,2690247797,488,2690248285,2690248285
2025-06-19 02:16:56,REAL,2690248285,488,2690248773,2690248773
2025-06-19 02:16:58,REAL,2690248773,480,2690249253,2690249253
2025-06-19 02:17:00,REAL,2690249253,486,2690249739,2690249739
2025-06-19 02:17:02,REAL,2690249739,493,2690250232,2690250232
2025-06-19 02:17:04,REAL,2690250232,475,2690250707,2690250707
2025-06-19 02:17:06,REAL,2690250707,489,2690251196,2690251196
2025-06-19 02:17:08,REAL,2690251196,483,2690251679,2690251679
2025-06-19 02:17:10,REAL,2690251679,477,2690252156,2690252156
2025-06-19 02:17:12,REAL,2690252156,542,2690252698,2690252698
2025-06-19 02:17:14,REAL,2690252698,490,2690253188,2690253188
2025-06-19 02:17:16,REAL,2690253188,484,2690253672,2690253672
2025-06-19 02:17:18,REAL,2690253672,490,2690254162,2690254162
2025-06-19 02:17:20,REAL,2690254162,537,2690254699,2690254699
2025-06-19 02:17:22,REAL,2690254699,483,2690255182,2690255182
2025-06-19 02:17:24,REAL,2690255182,483,2690255665,2690255665
2025-06-19 02:17:26,REAL,2690255665,484,2690256149,2690256149
2025-06-19 02:17:28,REAL,2690256149,490,2690256639,2690256639
2025-06-19 02:17:30,REAL,2690256639,486,2690257125,2690257125
2025-06-19 02:17:32,REAL,2690257125,482,2690257607,2690257607
2025-06-19 02:17:34,REAL,2690257607,486,2690258093,2690258093
2025-06-19 02:17:36,REAL,2690258093,477,2690258570,2690258570
2025-06-19 02:17:38,REAL,2690258570,483,2690259053,2690259053
2025-06-19 02:17:40,REAL,2690259053,485,2690259538,2690259538
2025-06-19 02:17:42,REAL,2690259538,538,2690260076,2690260076
2025-06-19 02:17:44,REAL,2690260076,482,2690260558,2690260558
2025-06-19 02:17:46,REAL,2690260558,493,2690261051,2690261051
2025-06-19 02:17:48,REAL,2690261051,476,2690261527,2690261527
2025-06-19 02:17:50,REAL,2690261527,484,2690262011,2690262011
2025-06-19 02:17:52,REAL,2690262011,6759,2690268770,2690268770
2025-06-19 02:17:54,REAL,2690268770,13226,2690281996,2690281996
2025-06-19 02:17:56,REAL,2690281996,10314,2690292310,2690292310
2025-06-19 02:17:58,REAL,2690292310,10245,2690302555,2690302555
2025-06-19 02:18:00,REAL,2690302555,10249,2690312804,2690312804
2025-06-19 02:18:02,REAL,2690312804,10254,2690323058,2690323058
2025-06-19 02:18:04,REAL,2690323058,10248,2690333306,2690333306
2025-06-19 02:18:06,REAL,2690333306,10249,2690343555,2690343555
2025-06-19 02:18:08,REAL,2690343555,687,2690344242,2690344242
2025-06-19 02:18:10,REAL,2690344242,531,2690344773,2690344773
2025-06-19 02:18:12,REAL,2690344773,484,2690345257,2690345257
2025-06-19 02:18:14,REAL,2690345257,486,2690345743,2690345743
2025-06-19 02:18:16,REAL,2690345743,477,2690346220,2690346220
2025-06-19 02:18:18,REAL,2690346220,483,2690346703,2690346703
2025-06-19 02:18:20,REAL,2690346703,485,2690347188,2690347188
2025-06-19 02:18:22,REAL,2690347188,493,2690347681,2690347681
2025-06-19 02:18:24,REAL,2690347681,481,2690348162,2690348162
2025-06-19 02:18:26,REAL,2690348162,490,2690348652,2690348652
2025-06-19 02:18:28,REAL,2690348652,488,2690349140,2690349140
2025-06-19 02:18:30,REAL,2690349140,478,2690349618,2690349618
2025-06-19 02:18:32,REAL,2690349618,482,2690350100,2690350100
2025-06-19 02:18:34,REAL,2690350100,480,2690350580,2690350580
2025-06-19 02:18:36,REAL,2690350580,488,2690351068,2690351068
2025-06-19 02:18:38,REAL,2690351068,480,2690351548,2690351548
2025-06-19 02:18:40,REAL,2690351548,549,2690352097,2690352097
2025-06-19 02:18:42,REAL,2690352097,538,2690352635,2690352635
2025-06-19 02:18:44,REAL,2690352635,1219,2690353854,2690353854
2025-06-19 02:18:46,REAL,2690353854,11837,2690365691,2690365691
2025-06-19 02:18:48,REAL,2690365691,10247,2690375938,2690375938
2025-06-19 02:18:50,REAL,2690375938,10323,2690386261,2690386261
2025-06-19 02:18:52,REAL,2690386261,10253,2690396514,2690396514
2025-06-19 02:18:54,REAL,2690396514,10245,2690406759,2690406759
2025-06-19 02:18:56,REAL,2690406759,10246,2690417005,2690417005
2025-06-19 02:18:58,REAL,2690417005,10245,2690427250,2690427250
2025-06-19 02:19:00,REAL,2690427250,4576,2690431826,2690431826
2025-06-19 02:19:02,REAL,2690431826,486,2690432312,2690432312
2025-06-19 02:19:04,REAL,2690432312,488,2690432800,2690432800
2025-06-19 02:19:06,REAL,2690432800,489,2690433289,2690433289
2025-06-19 02:19:08,REAL,2690433289,532,2690433821,2690433821
2025-06-19 02:19:10,REAL,2690433821,482,2690434303,2690434303
2025-06-19 02:19:12,REAL,2690434303,491,2690434794,2690434794
2025-06-19 02:19:14,REAL,2690434794,480,2690435274,2690435274
2025-06-19 02:19:16,REAL,2690435274,475,2690435749,2690435749
2025-06-19 02:19:18,REAL,2690435749,475,2690436224,2690436224
2025-06-19 02:19:20,REAL,2690436224,489,2690436713,2690436713
2025-06-19 02:19:22,REAL,2690436713,537,2690437250,2690437250
2025-06-19 02:19:24,REAL,2690437250,476,2690437726,2690437726
2025-06-19 02:19:26,REAL,2690437726,488,2690438214,2690438214
2025-06-19 02:19:28,REAL,2690438214,485,2690438699,2690438699
2025-06-19 02:19:30,REAL,2690438699,484,2690439183,2690439183
2025-06-19 02:19:32,REAL,2690439183,485,2690439668,2690439668
2025-06-19 02:19:34,REAL,2690439668,484,2690440152,2690440152
2025-06-19 02:19:36,REAL,2690440152,533,2690440685,2690440685
2025-06-19 02:19:38,REAL,2690440685,482,2690441167,2690441167
2025-06-19 02:19:40,REAL,2690441167,477,2690441644,2690441644
2025-06-19 02:19:42,REAL,2690441644,489,2690442133,2690442133
2025-06-19 02:19:44,REAL,2690442133,478,2690442611,2690442611
2025-06-19 02:19:46,REAL,2690442611,483,2690443094,2690443094
2025-06-19 02:19:48,REAL,2690443094,480,2690443574,2690443574
2025-06-19 02:19:50,REAL,2690443574,489,2690444063,2690444063
2025-06-19 02:19:52,REAL,2690444063,480,2690444543,2690444543
2025-06-19 02:19:54,REAL,2690444543,488,2690445031,2690445031
2025-06-19 02:19:56,REAL,2690445031,478,2690445509,2690445509
2025-06-19 02:19:58,REAL,2690445509,485,2690445994,2690445994
2025-06-19 02:20:00,REAL,2690445994,493,2690446487,2690446487
2025-06-19 02:20:02,REAL,2690446487,536,2690447023,2690447023
2025-06-19 02:20:04,REAL,2690447023,490,2690447513,2690447513
2025-06-19 02:20:06,REAL,2690447513,543,2690448056,2690448056
2025-06-19 02:20:08,REAL,2690448056,482,2690448538,2690448538
2025-06-19 02:20:10,REAL,2690448538,485,2690449023,2690449023
2025-06-19 02:20:12,REAL,2690449023,482,2690449505,2690449505
2025-06-19 02:20:14,REAL,2690449505,479,2690449984,2690449984
2025-06-19 02:20:16,REAL,2690449984,477,2690450461,2690450461
2025-06-19 02:20:18,REAL,2690450461,486,2690450947,2690450947
2025-06-19 02:20:20,REAL,2690450947,488,2690451435,2690451435
2025-06-19 02:20:22,REAL,2690451435,480,2690451915,2690451915
2025-06-19 02:20:24,REAL,2690451915,485,2690452400,2690452400
2025-06-19 02:20:26,REAL,2690452400,484,2690452884,2690452884
2025-06-19 02:20:28,REAL,2690452884,490,2690453374,2690453374
2025-06-19 02:20:30,REAL,2690453374,486,2690453860,2690453860
2025-06-19 02:20:32,REAL,2690453860,483,2690454343,2690454343
2025-06-19 02:20:34,REAL,2690454343,542,2690454885,2690454885
2025-06-19 02:20:36,REAL,2690454885,486,2690455371,2690455371
2025-06-19 02:20:38,REAL,2690455371,490,2690455861,2690455861
2025-06-19 02:20:40,REAL,2690455861,479,2690456340,2690456340
2025-06-19 02:20:42,REAL,2690456340,541,2690456881,2690456881
2025-06-19 02:20:44,REAL,2690456881,491,2690457372,2690457372
2025-06-19 02:20:46,REAL,2690457372,487,2690457859,2690457859
2025-06-19 02:20:48,REAL,2690457859,481,2690458340,2690458340
2025-06-19 02:20:50,REAL,2690458340,491,2690458831,2690458831
2025-06-19 02:20:52,REAL,2690458831,486,2690459317,2690459317
2025-06-19 02:20:54,REAL,2690459317,477,2690459794,2690459794
2025-06-19 02:20:56,REAL,2690459794,490,2690460284,2690460284
2025-06-19 02:20:58,REAL,2690460284,482,2690460766,2690460766
2025-06-19 02:21:00,REAL,2690460766,483,2690461249,2690461249
2025-06-19 02:21:02,REAL,2690461249,546,2690461795,2690461795
2025-06-19 02:21:04,REAL,2690461795,485,2690462280,2690462280
2025-06-19 02:21:06,REAL,2690462280,487,2690462767,2690462767
2025-06-19 02:21:08,REAL,2690462767,481,2690463248,2690463248
2025-06-19 02:21:10,REAL,2690463248,485,2690463733,2690463733
2025-06-19 02:21:12,REAL,2690463733,478,2690464211,2690464211
2025-06-19 02:21:14,REAL,2690464211,494,2690464705,2690464705
2025-06-19 02:21:16,REAL,2690464705,488,2690465193,2690465193
2025-06-19 02:21:18,REAL,2690465193,489,2690465682,2690465682
2025-06-19 02:21:20,REAL,2690465682,542,2690466224,2690466224
2025-06-19 02:21:22,REAL,2690466224,484,2690466708,2690466708
2025-06-19 02:21:24,REAL,2690466708,490,2690467198,2690467198
2025-06-19 02:21:26,REAL,2690467198,542,2690467740,2690467740
2025-06-19 02:21:28,REAL,2690467740,489,2690468229,2690468229
2025-06-19 02:21:30,REAL,2690468229,483,2690468712,2690468712
2025-06-19 02:21:32,REAL,2690468712,486,2690469198,2690469198
2025-06-19 02:21:34,REAL,2690469198,484,2690469682,2690469682
2025-06-19 02:21:36,REAL,2690469682,487,2690470169,2690470169
2025-06-19 02:21:38,REAL,2690470169,480,2690470649,2690470649
2025-06-19 02:21:40,REAL,2690470649,484,2690471133,2690471133
2025-06-19 02:21:42,REAL,2690471133,483,2690471616,2690471616
2025-06-19 02:21:44,REAL,2690471616,478,2690472094,2690472094
2025-06-19 02:21:46,REAL,2690472094,490,2690472584,2690472584
2025-06-19 02:21:48,REAL,2690472584,481,2690473065,2690473065
2025-06-19 02:21:50,REAL,2690473065,478,2690473543,2690473543
2025-06-19 02:21:52,REAL,2690473543,541,2690474084,2690474084
2025-06-19 02:21:54,REAL,2690474084,479,2690474563,2690474563
2025-06-19 02:21:56,REAL,2690474563,489,2690475052,2690475052
2025-06-19 02:21:58,REAL,2690475052,540,2690475592,2690475592
2025-06-19 02:22:00,REAL,2690475592,493,2690476085,2690476085
2025-06-19 02:22:02,REAL,2690476085,481,2690476566,2690476566
2025-06-19 02:22:04,REAL,2690476566,491,2690477057,2690477057
2025-06-19 02:22:06,REAL,2690477057,492,2690477549,2690477549
2025-06-19 02:22:08,REAL,2690477549,485,2690478034,2690478034
2025-06-19 02:22:10,REAL,2690478034,477,2690478511,2690478511
2025-06-19 02:22:12,REAL,2690478511,237,2690478748,2690478748
2025-06-19 02:22:14,REAL,2690478748,481,2690479229,2690479229
2025-06-19 02:22:16,REAL,2690479229,538,2690479767,2690479767
2025-06-19 02:22:18,REAL,2690479767,475,2690480242,2690480242
2025-06-19 02:22:20,REAL,2690480242,478,2690480720,2690480720
2025-06-19 02:22:22,REAL,2690480720,488,2690481208,2690481208
2025-06-19 02:22:24,REAL,2690481208,488,2690481696,2690481696
2025-06-19 02:22:26,REAL,2690481696,494,2690482190,2690482190
2025-06-19 02:22:28,REAL,2690482190,491,2690482681,2690482681
2025-06-19 02:22:30,REAL,2690482681,482,2690483163,2690483163
2025-06-19 02:22:32,REAL,2690483163,486,2690483649,2690483649
2025-06-19 02:22:34,REAL,2690483649,486,2690484135,2690484135
2025-06-19 02:22:36,REAL,2690484135,491,2690484626,2690484626
2025-06-19 02:22:38,REAL,2690484626,537,2690485163,2690485163
2025-06-19 02:22:40,REAL,2690485163,481,2690485644,2690485644
2025-06-19 02:22:42,REAL,2690485644,532,2690486176,2690486176
2025-06-19 02:22:44,REAL,2690486176,487,2690486663,2690486663
2025-06-19 02:22:46,REAL,2690486663,493,2690487156,2690487156
2025-06-19 02:22:48,REAL,2690487156,484,2690487640,2690487640
2025-06-19 02:22:50,REAL,2690487640,484,2690488124,2690488124
2025-06-19 02:22:52,REAL,2690488124,478,2690488602,2690488602
2025-06-19 02:22:54,REAL,2690488602,485,2690489087,2690489087
2025-06-19 02:22:56,REAL,2690489087,486,2690489573,2690489573
2025-06-19 02:22:58,REAL,2690489573,826,2690490399,2690490399
2025-06-19 02:23:00,REAL,2690490399,12229,2690502628,2690502628
2025-06-19 02:23:02,REAL,2690502628,10247,2690512875,2690512875
2025-06-19 02:23:04,REAL,2690512875,10259,2690523134,2690523134
2025-06-19 02:23:06,REAL,2690523134,10372,2690533506,2690533506
2025-06-19 02:23:08,REAL,2690533506,10261,2690543767,2690543767
2025-06-19 02:23:10,REAL,2690543767,10252,2690554019,2690554019
2025-06-19 02:23:12,REAL,2690554019,10256,2690564275,2690564275
2025-06-19 02:23:14,REAL,2690564275,4839,2690569114,2690569114
2025-06-19 02:23:16,REAL,2690569114,476,2690569590,2690569590
2025-06-19 02:23:18,REAL,2690569590,494,2690570084,2690570084
2025-06-19 02:23:20,REAL,2690570084,479,2690570563,2690570563
2025-06-19 02:23:22,REAL,2690570563,491,2690571054,2690571054
2025-06-19 02:23:24,REAL,2690571054,481,2690571535,2690571535
2025-06-19 02:23:26,REAL,2690571535,484,2690572019,2690572019
2025-06-19 02:23:28,REAL,2690572019,492,2690572511,2690572511
2025-06-19 02:23:30,REAL,2690572511,549,2690573060,2690573060
2025-06-19 02:23:32,REAL,2690573060,481,2690573541,2690573541
2025-06-19 02:23:34,REAL,2690573541,475,2690574016,2690574016
2025-06-19 02:23:36,REAL,2690574016,478,2690574494,2690574494
2025-06-19 02:23:38,REAL,2690574494,539,2690575033,2690575033
2025-06-19 02:23:40,REAL,2690575033,482,2690575515,2690575515
2025-06-19 02:23:42,REAL,2690575515,483,2690575998,2690575998
2025-06-19 02:23:44,REAL,2690575998,477,2690576475,2690576475
2025-06-19 02:23:46,REAL,2690576475,488,2690576963,2690576963
2025-06-19 02:23:48,REAL,2690576963,484,2690577447,2690577447
2025-06-19 02:23:50,REAL,2690577447,482,2690577929,2690577929
2025-06-19 02:23:52,REAL,2690577929,483,2690578412,2690578412
2025-06-19 02:23:54,REAL,2690578412,542,2690578954,2690578954
2025-06-19 02:23:56,REAL,2690578954,491,2690579445,2690579445
2025-06-19 02:23:58,REAL,2690579445,485,2690579930,2690579930
2025-06-19 02:24:00,REAL,2690579930,485,2690580415,2690580415
2025-06-19 02:24:02,REAL,2690580415,481,2690580896,2690580896
2025-06-19 02:24:04,REAL,2690580896,478,2690581374,2690581374
2025-06-19 02:24:06,REAL,2690581374,481,2690581855,2690581855
2025-06-19 02:24:08,REAL,2690581855,537,2690582392,2690582392
2025-06-19 02:24:10,REAL,2690582392,490,2690582882,2690582882
2025-06-19 02:24:12,REAL,2690582882,481,2690583363,2690583363
2025-06-19 02:24:14,REAL,2690583363,480,2690583843,2690583843
2025-06-19 02:24:16,REAL,2690583843,482,2690584325,2690584325
2025-06-19 02:24:18,REAL,2690584325,484,2690584809,2690584809
2025-06-19 02:24:20,REAL,2690584809,536,2690585345,2690585345
2025-06-19 02:24:22,REAL,2690585345,485,2690585830,2690585830
2025-06-19 02:24:24,REAL,2690585830,474,2690586304,2690586304
2025-06-19 02:24:26,REAL,2690586304,479,2690586783,2690586783
2025-06-19 02:24:28,REAL,2690586783,483,2690587266,2690587266
2025-06-19 02:24:30,REAL,2690587266,488,2690587754,2690587754
2025-06-19 02:24:32,REAL,2690587754,487,2690588241,2690588241
2025-06-19 02:24:34,REAL,2690588241,485,2690588726,2690588726
2025-06-19 02:24:36,REAL,2690588726,487,2690589213,2690589213
2025-06-19 02:24:38,REAL,2690589213,535,2690589748,2690589748
2025-06-19 02:24:40,REAL,2690589748,482,2690590230,2690590230
2025-06-19 02:24:42,REAL,2690590230,481,2690590711,2690590711
2025-06-19 02:24:44,REAL,2690590711,534,2690591245,2690591245
2025-06-19 02:24:46,REAL,2690591245,475,2690591720,2690591720
2025-06-19 02:24:48,REAL,2690591720,478,2690592198,2690592198
2025-06-19 02:24:50,REAL,2690592198,3723,2690595921,2690595921
2025-06-19 02:24:52,REAL,2690595921,14407,2690610328,2690610328
2025-06-19 02:24:54,REAL,2690610328,10315,2690620643,2690620643
2025-06-19 02:24:56,REAL,2690620643,10251,2690630894,2690630894
2025-06-19 02:24:58,REAL,2690630894,10318,2690641212,2690641212
2025-06-19 02:25:00,REAL,2690641212,10249,2690651461,2690651461
2025-06-19 02:25:02,REAL,2690651461,10250,2690661711,2690661711
2025-06-19 02:25:04,REAL,2690661711,10251,2690671962,2690671962
2025-06-19 02:25:06,REAL,2690671962,2671,2690674633,2690674633
2025-06-19 02:25:08,REAL,2690674633,540,2690675173,2690675173
2025-06-19 02:25:10,REAL,2690675173,479,2690675652,2690675652
2025-06-19 02:25:12,REAL,2690675652,486,2690676138,2690676138
2025-06-19 02:25:14,REAL,2690676138,484,2690676622,2690676622
2025-06-19 02:25:16,REAL,2690676622,485,2690677107,2690677107
2025-06-19 02:25:18,REAL,2690677107,476,2690677583,2690677583
2025-06-19 02:25:20,REAL,2690677583,544,2690678127,2690678127
2025-06-19 02:25:22,REAL,2690678127,4383,2690682510,2690682510
2025-06-19 02:25:24,REAL,2690682510,11568,2690694078,2690694078
2025-06-19 02:25:26,REAL,2690694078,10255,2690704333,2690704333
2025-06-19 02:25:28,REAL,2690704333,10320,2690714653,2690714653
2025-06-19 02:25:30,REAL,2690714653,10249,2690724902,2690724902
2025-06-19 02:25:32,REAL,2690724902,10307,2690735209,2690735209
2025-06-19 02:25:34,REAL,2690735209,10323,2690745532,2690745532
2025-06-19 02:25:36,REAL,2690745532,10247,2690755779,2690755779
2025-06-19 02:25:38,REAL,2690755779,1994,2690757773,2690757773
2025-06-19 02:25:40,REAL,2690757773,484,2690758257,2690758257
2025-06-19 02:25:42,REAL,2690758257,483,2690758740,2690758740
2025-06-19 02:25:44,REAL,2690758740,488,2690759228,2690759228
2025-06-19 02:25:46,REAL,2690759228,488,2690759716,2690759716
2025-06-19 02:25:48,REAL,2690759716,483,2690760199,2690760199
2025-06-19 02:25:50,REAL,2690760199,485,2690760684,2690760684
2025-06-19 02:25:52,REAL,2690760684,542,2690761226,2690761226
2025-06-19 02:25:54,REAL,2690761226,4987,2690766213,2690766213
2025-06-19 02:25:56,REAL,2690766213,11101,2690777314,2690777314
2025-06-19 02:25:58,REAL,2690777314,10249,2690787563,2690787563
2025-06-19 02:26:00,REAL,2690787563,10244,2690797807,2690797807
2025-06-19 02:26:02,REAL,2690797807,10261,2690808068,2690808068
2025-06-19 02:26:04,REAL,2690808068,10324,2690818392,2690818392
2025-06-19 02:26:06,REAL,2690818392,10261,2690828653,2690828653
2025-06-19 02:26:08,REAL,2690828653,10253,2690838906,2690838906
2025-06-19 02:26:10,REAL,2690838906,1403,2690840309,2690840309
2025-06-19 02:26:12,REAL,2690840309,537,2690840846,2690840846
2025-06-19 02:26:14,REAL,2690840846,480,2690841326,2690841326
2025-06-19 02:26:16,REAL,2690841326,14875,2690856201,2690856201
2025-06-19 02:26:18,REAL,2690856201,10313,2690866514,2690866514
2025-06-19 02:26:20,REAL,2690866514,10320,2690876834,2690876834
2025-06-19 02:26:22,REAL,2690876834,10184,2690887018,2690887018
2025-06-19 02:26:24,REAL,2690887018,10322,2690897340,2690897340
2025-06-19 02:26:26,REAL,2690897340,10258,2690907598,2690907598
2025-06-19 02:26:28,REAL,2690907598,10246,2690917844,2690917844
2025-06-19 02:26:30,REAL,2690917844,5903,2690923747,2690923747
2025-06-19 02:26:32,REAL,2690923747,482,2690924229,2690924229
2025-06-19 02:26:34,REAL,2690924229,489,2690924718,2690924718
2025-06-19 02:26:36,REAL,2690924718,487,2690925205,2690925205
2025-06-19 02:26:38,REAL,2690925205,491,2690925696,2690925696
2025-06-19 02:26:40,REAL,2690925696,487,2690926183,2690926183
2025-06-19 02:26:42,REAL,2690926183,481,2690926664,2690926664
2025-06-19 02:26:44,REAL,2690926664,479,2690927143,2690927143
2025-06-19 02:26:46,REAL,2690927143,544,2690927687,2690927687
2025-06-19 02:26:48,REAL,2690927687,15273,2690942960,2690942960
2025-06-19 02:26:50,REAL,2690942960,10308,2690953268,2690953268
2025-06-19 02:26:52,REAL,2690953268,10259,2690963527,2690963527
2025-06-19 02:26:54,REAL,2690963527,10254,2690973781,2690973781
2025-06-19 02:26:56,REAL,2690973781,10257,2690984038,2690984038
2025-06-19 02:26:58,REAL,2690984038,10317,2690994355,2690994355
2025-06-19 02:27:00,REAL,2690994355,10256,2691004611,2691004611
2025-06-19 02:27:02,REAL,2691004611,5300,2691009911,2691009911
2025-06-19 02:27:04,REAL,2691009911,487,2691010398,2691010398
2025-06-19 02:27:06,REAL,2691010398,481,2691010879,2691010879
2025-06-19 02:27:08,REAL,2691010879,484,2691011363,2691011363
2025-06-19 02:27:10,REAL,2691011363,485,2691011848,2691011848
2025-06-19 02:27:12,REAL,2691011848,488,2691012336,2691012336
2025-06-19 02:27:14,REAL,2691012336,486,2691012822,2691012822
2025-06-19 02:27:16,REAL,2691012822,542,2691013364,2691013364
2025-06-19 02:27:18,REAL,2691013364,1220,2691014584,2691014584
2025-06-19 02:27:20,REAL,2691014584,15926,2691030510,2691030510
2025-06-19 02:27:22,REAL,2691030510,10319,2691040829,2691040829
2025-06-19 02:27:24,REAL,2691040829,10252,2691051081,2691051081
2025-06-19 02:27:26,REAL,2691051081,10254,2691061335,2691061335
2025-06-19 02:27:28,REAL,2691061335,10243,2691071578,2691071578
2025-06-19 02:27:30,REAL,2691071578,10375,2691081953,2691081953
2025-06-19 02:27:32,REAL,2691081953,10250,2691092203,2691092203
2025-06-19 02:27:34,REAL,2691092203,4641,2691096844,2691096844
2025-06-19 02:27:36,REAL,2691096844,476,2691097320,2691097320
2025-06-19 02:27:38,REAL,2691097320,492,2691097812,2691097812
2025-06-19 02:27:40,REAL,2691097812,490,2691098302,2691098302
2025-06-19 02:27:42,REAL,2691098302,487,2691098789,2691098789
2025-06-19 02:27:44,REAL,2691098789,479,2691099268,2691099268
2025-06-19 02:27:46,REAL,2691099268,491,2691099759,2691099759
2025-06-19 02:27:48,REAL,2691099759,545,2691100304,2691100304
2025-06-19 02:27:50,REAL,2691100304,489,2691100793,2691100793
2025-06-19 02:27:52,REAL,2691100793,484,2691101277,2691101277
2025-06-19 02:27:54,REAL,2691101277,479,2691101756,2691101756
2025-06-19 02:27:56,REAL,2691101756,481,2691102237,2691102237
2025-06-19 02:27:58,REAL,2691102237,480,2691102717,2691102717
2025-06-19 02:28:00,REAL,2691102717,480,2691103197,2691103197
2025-06-19 02:28:02,REAL,2691103197,483,2691103680,2691103680
2025-06-19 02:28:04,REAL,2691103680,492,2691104172,2691104172
2025-06-19 02:28:06,REAL,2691104172,489,2691104661,2691104661
2025-06-19 02:28:08,REAL,2691104661,546,2691105207,2691105207
2025-06-19 02:28:10,REAL,2691105207,485,2691105692,2691105692
2025-06-19 02:28:12,REAL,2691105692,481,2691106173,2691106173
2025-06-19 02:28:14,REAL,2691106173,490,2691106663,2691106663
2025-06-19 02:28:16,REAL,2691106663,487,2691107150,2691107150
2025-06-19 02:28:18,REAL,2691107150,485,2691107635,2691107635
2025-06-19 02:28:20,REAL,2691107635,540,2691108175,2691108175
2025-06-19 02:28:22,REAL,2691108175,481,2691108656,2691108656
2025-06-19 02:28:24,REAL,2691108656,484,2691109140,2691109140
2025-06-19 02:28:26,REAL,2691109140,483,2691109623,2691109623
2025-06-19 02:28:28,REAL,2691109623,486,2691110109,2691110109
2025-06-19 02:28:30,REAL,2691110109,477,2691110586,2691110586
2025-06-19 02:28:32,REAL,2691110586,488,2691111074,2691111074
2025-06-19 02:28:34,REAL,2691111074,484,2691111558,2691111558
2025-06-19 02:28:36,REAL,2691111558,477,2691112035,2691112035
2025-06-19 02:28:38,REAL,2691112035,483,2691112518,2691112518
2025-06-19 02:28:40,REAL,2691112518,485,2691113003,2691113003
2025-06-19 02:28:42,REAL,2691113003,482,2691113485,2691113485
2025-06-19 02:28:44,REAL,2691113485,487,2691113972,2691113972
2025-06-19 02:28:46,REAL,2691113972,478,2691114450,2691114450
2025-06-19 02:28:48,REAL,2691114450,543,2691114993,2691114993
2025-06-19 02:28:50,REAL,2691114993,540,2691115533,2691115533
2025-06-19 02:28:52,REAL,2691115533,492,2691116025,2691116025
2025-06-19 02:28:54,REAL,2691116025,485,2691116510,2691116510
2025-06-19 02:28:56,REAL,2691116510,487,2691116997,2691116997
2025-06-19 02:28:58,REAL,2691116997,488,2691117485,2691117485
2025-06-19 02:29:00,REAL,2691117485,481,2691117966,2691117966
2025-06-19 02:29:02,REAL,2691117966,481,2691118447,2691118447
2025-06-19 02:29:04,REAL,2691118447,489,2691118936,2691118936
2025-06-19 02:29:06,REAL,2691118936,475,2691119411,2691119411
2025-06-19 02:29:08,REAL,2691119411,490,2691119901,2691119901
2025-06-19 02:29:10,REAL,2691119901,489,2691120390,2691120390
2025-06-19 02:29:12,REAL,2691120390,492,2691120882,2691120882
2025-06-19 02:29:14,REAL,2691120882,484,2691121366,2691121366
2025-06-19 02:29:16,REAL,2691121366,547,2691121913,2691121913
2025-06-19 02:29:18,REAL,2691121913,487,2691122400,2691122400
2025-06-19 02:29:20,REAL,2691122400,475,2691122875,2691122875
2025-06-19 02:29:22,REAL,2691122875,483,2691123358,2691123358
2025-06-19 02:29:24,REAL,2691123358,488,2691123846,2691123846
2025-06-19 02:29:26,REAL,2691123846,481,2691124327,2691124327
2025-06-19 02:29:28,REAL,2691124327,545,2691124872,2691124872
2025-06-19 02:29:30,REAL,2691124872,482,2691125354,2691125354
2025-06-19 02:29:32,REAL,2691125354,488,2691125842,2691125842
2025-06-19 02:29:34,REAL,2691125842,484,2691126326,2691126326
2025-06-19 02:29:36,REAL,2691126326,486,2691126812,2691126812
2025-06-19 02:29:38,REAL,2691126812,487,2691127299,2691127299
2025-06-19 02:29:40,REAL,2691127299,482,2691127781,2691127781
2025-06-19 02:29:42,REAL,2691127781,491,2691128272,2691128272
2025-06-19 02:29:44,REAL,2691128272,544,2691128816,2691128816
2025-06-19 02:29:46,REAL,2691128816,483,2691129299,2691129299
2025-06-19 02:29:48,REAL,2691129299,484,2691129783,2691129783
2025-06-19 02:29:50,REAL,2691129783,491,2691130274,2691130274
2025-06-19 02:29:52,REAL,2691130274,479,2691130753,2691130753
2025-06-19 02:29:54,REAL,2691130753,479,2691131232,2691131232
2025-06-19 02:29:56,REAL,2691131232,478,2691131710,2691131710
2025-06-19 02:29:58,REAL,2691131710,479,2691132189,2691132189
2025-06-19 02:30:00,REAL,2691132189,485,2691132674,2691132674
2025-06-19 02:30:02,REAL,2691132674,488,2691133162,2691133162
2025-06-19 02:30:04,REAL,2691133162,486,2691133648,2691133648
2025-06-19 02:30:06,REAL,2691133648,486,2691134134,2691134134
2025-06-19 02:30:08,REAL,2691134134,489,2691134623,2691134623
2025-06-19 02:30:10,REAL,2691134623,596,2691135219,2691135219
2025-06-19 02:30:12,REAL,2691135219,488,2691135707,2691135707
2025-06-19 02:30:14,REAL,2691135707,482,2691136189,2691136189
2025-06-19 02:30:16,REAL,2691136189,484,2691136673,2691136673
2025-06-19 02:30:18,REAL,2691136673,488,2691137161,2691137161
2025-06-19 02:30:20,REAL,2691137161,478,2691137639,2691137639
2025-06-19 02:30:22,REAL,2691137639,489,2691138128,2691138128
2025-06-19 02:30:24,REAL,2691138128,488,2691138616,2691138616
2025-06-19 02:30:26,REAL,2691138616,486,2691139102,2691139102
2025-06-19 02:30:28,REAL,2691139102,488,2691139590,2691139590
2025-06-19 02:30:30,REAL,2691139590,487,2691140077,2691140077
2025-06-19 02:30:32,REAL,2691140077,491,2691140568,2691140568
2025-06-19 02:30:34,REAL,2691140568,484,2691141052,2691141052
2025-06-19 02:30:36,REAL,2691141052,543,2691141595,2691141595
2025-06-19 02:30:38,REAL,2691141595,484,2691142079,2691142079
2025-06-19 02:30:40,REAL,2691142079,478,2691142557,2691142557
2025-06-19 02:30:42,REAL,2691142557,487,2691143044,2691143044
2025-06-19 02:30:44,REAL,2691143044,479,2691143523,2691143523
2025-06-19 02:30:46,REAL,2691143523,486,2691144009,2691144009
2025-06-19 02:30:48,REAL,2691144009,483,2691144492,2691144492
2025-06-19 02:30:50,REAL,2691144492,542,2691145034,2691145034
2025-06-19 02:30:52,REAL,2691145034,494,2691145528,2691145528
2025-06-19 02:30:54,REAL,2691145528,479,2691146007,2691146007
2025-06-19 02:30:56,REAL,2691146007,486,2691146493,2691146493
2025-06-19 02:30:58,REAL,2691146493,480,2691146973,2691146973
2025-06-19 02:31:00,REAL,2691146973,484,2691147457,2691147457
2025-06-19 02:31:02,REAL,2691147457,486,2691147943,2691147943
2025-06-19 02:31:04,REAL,2691147943,535,2691148478,2691148478
2025-06-19 02:31:06,REAL,2691148478,481,2691148959,2691148959
2025-06-19 02:31:08,REAL,2691148959,479,2691149438,2691149438
2025-06-19 02:31:10,REAL,2691149438,554,2691149992,2691149992
2025-06-19 02:31:12,REAL,2691149992,477,2691150469,2691150469
2025-06-19 02:31:14,REAL,2691150469,494,2691150963,2691150963
2025-06-19 02:31:16,REAL,2691150963,491,2691151454,2691151454
2025-06-19 02:31:18,REAL,2691151454,476,2691151930,2691151930
2025-06-19 02:31:20,REAL,2691151930,484,2691152414,2691152414
2025-06-19 02:31:22,REAL,2691152414,7415,2691159829,2691159829
2025-06-19 02:31:24,REAL,2691159829,13029,2691172858,2691172858
2025-06-19 02:31:26,REAL,2691172858,10253,2691183111,2691183111
2025-06-19 02:31:28,REAL,2691183111,10253,2691193364,2691193364
2025-06-19 02:31:30,REAL,2691193364,10247,2691203611,2691203611
2025-06-19 02:31:32,REAL,2691203611,10251,2691213862,2691213862
2025-06-19 02:31:34,REAL,2691213862,10251,2691224113,2691224113
2025-06-19 02:31:36,REAL,2691224113,10046,2691234159,2691234159
2025-06-19 02:31:38,REAL,2691234159,485,2691234644,2691234644
2025-06-19 02:31:40,REAL,2691234644,542,2691235186,2691235186
2025-06-19 02:31:42,REAL,2691235186,482,2691235668,2691235668
2025-06-19 02:31:44,REAL,2691235668,489,2691236157,2691236157
2025-06-19 02:31:46,REAL,2691236157,484,2691236641,2691236641
2025-06-19 02:31:48,REAL,2691236641,538,2691237179,2691237179
2025-06-19 02:31:50,REAL,2691237179,483,2691237662,2691237662
2025-06-19 02:31:52,REAL,2691237662,489,2691238151,2691238151
2025-06-19 02:31:54,REAL,2691238151,484,2691238635,2691238635
2025-06-19 02:31:56,REAL,2691238635,484,2691239119,2691239119
2025-06-19 02:31:58,REAL,2691239119,486,2691239605,2691239605
2025-06-19 02:32:00,REAL,2691239605,483,2691240088,2691240088
2025-06-19 02:32:02,REAL,2691240088,485,2691240573,2691240573
2025-06-19 02:32:04,REAL,2691240573,487,2691241060,2691241060
2025-06-19 02:32:06,REAL,2691241060,484,2691241544,2691241544
2025-06-19 02:32:08,REAL,2691241544,484,2691242028,2691242028
2025-06-19 02:32:10,REAL,2691242028,480,2691242508,2691242508
2025-06-19 02:32:12,REAL,2691242508,491,2691242999,2691242999
2025-06-19 02:32:14,REAL,2691242999,533,2691243532,2691243532
2025-06-19 02:32:16,REAL,2691243532,491,2691244023,2691244023
2025-06-19 02:32:18,REAL,2691244023,484,2691244507,2691244507
2025-06-19 02:32:20,REAL,2691244507,481,2691244988,2691244988
2025-06-19 02:32:22,REAL,2691244988,481,2691245469,2691245469
2025-06-19 02:32:24,REAL,2691245469,487,2691245956,2691245956
2025-06-19 02:32:26,REAL,2691245956,485,2691246441,2691246441
2025-06-19 02:32:28,REAL,2691246441,546,2691246987,2691246987
2025-06-19 02:32:30,REAL,2691246987,478,2691247465,2691247465
2025-06-19 02:32:32,REAL,2691247465,487,2691247952,2691247952
2025-06-19 02:32:34,REAL,2691247952,488,2691248440,2691248440
2025-06-19 02:32:36,REAL,2691248440,488,2691248928,2691248928
2025-06-19 02:32:38,REAL,2691248928,484,2691249412,2691249412
2025-06-19 02:32:40,REAL,2691249412,483,2691249895,2691249895
2025-06-19 02:32:42,REAL,2691249895,539,2691250434,2691250434
2025-06-19 02:32:44,REAL,2691250434,479,2691250913,2691250913
2025-06-19 02:32:46,REAL,2691250913,484,2691251397,2691251397
2025-06-19 02:32:48,REAL,2691251397,486,2691251883,2691251883
2025-06-19 02:32:50,REAL,2691251883,484,2691252367,2691252367
2025-06-19 02:32:52,REAL,2691252367,489,2691252856,2691252856
2025-06-19 02:32:54,REAL,2691252856,483,2691253339,2691253339
2025-06-19 02:32:56,REAL,2691253339,486,2691253825,2691253825
2025-06-19 02:32:58,REAL,2691253825,486,2691254311,2691254311
2025-06-19 02:33:00,REAL,2691254311,489,2691254800,2691254800
2025-06-19 02:33:02,REAL,2691254800,483,2691255283,2691255283
2025-06-19 02:33:04,REAL,2691255283,479,2691255762,2691255762
2025-06-19 02:33:06,REAL,2691255762,489,2691256251,2691256251
2025-06-19 02:33:08,REAL,2691256251,545,2691256796,2691256796
2025-06-19 02:33:10,REAL,2691256796,476,2691257272,2691257272
2025-06-19 02:33:12,REAL,2691257272,478,2691257750,2691257750
2025-06-19 02:33:14,REAL,2691257750,479,2691258229,2691258229
2025-06-19 02:33:16,REAL,2691258229,484,2691258713,2691258713
2025-06-19 02:33:18,REAL,2691258713,2990,2691261703,2691261703
2025-06-19 02:33:20,REAL,2691261703,11308,2691273011,2691273011
2025-06-19 02:33:22,REAL,2691273011,10249,2691283260,2691283260
2025-06-19 02:33:24,REAL,2691283260,10252,2691293512,2691293512
2025-06-19 02:33:26,REAL,2691293512,10244,2691303756,2691303756
2025-06-19 02:33:28,REAL,2691303756,10253,2691314009,2691314009
2025-06-19 02:33:30,REAL,2691314009,10252,2691324261,2691324261
2025-06-19 02:33:32,REAL,2691324261,10255,2691334516,2691334516
2025-06-19 02:33:34,REAL,2691334516,3055,2691337571,2691337571
2025-06-19 02:33:36,REAL,2691337571,486,2691338057,2691338057
2025-06-19 02:33:38,REAL,2691338057,479,2691338536,2691338536
2025-06-19 02:33:40,REAL,2691338536,482,2691339018,2691339018
2025-06-19 02:33:42,REAL,2691339018,485,2691339503,2691339503
2025-06-19 02:33:44,REAL,2691339503,474,2691339977,2691339977
2025-06-19 02:33:46,REAL,2691339977,487,2691340464,2691340464
2025-06-19 02:33:48,REAL,2691340464,486,2691340950,2691340950
2025-06-19 02:33:50,REAL,2691340950,490,2691341440,2691341440
2025-06-19 02:33:52,REAL,2691341440,483,2691341923,2691341923
2025-06-19 02:33:54,REAL,2691341923,484,2691342407,2691342407
2025-06-19 02:33:56,REAL,2691342407,488,2691342895,2691342895
2025-06-19 02:33:58,REAL,2691342895,486,2691343381,2691343381
2025-06-19 02:34:00,REAL,2691343381,482,2691343863,2691343863
2025-06-19 02:34:02,REAL,2691343863,486,2691344349,2691344349
2025-06-19 02:34:04,REAL,2691344349,484,2691344833,2691344833
2025-06-19 02:34:06,REAL,2691344833,545,2691345378,2691345378
2025-06-19 02:34:08,REAL,2691345378,487,2691345865,2691345865
2025-06-19 02:34:10,REAL,2691345865,537,2691346402,2691346402
2025-06-19 02:34:12,REAL,2691346402,487,2691346889,2691346889
2025-06-19 02:34:14,REAL,2691346889,493,2691347382,2691347382
2025-06-19 02:34:16,REAL,2691347382,490,2691347872,2691347872
2025-06-19 02:34:18,REAL,2691347872,483,2691348355,2691348355
2025-06-19 02:34:20,REAL,2691348355,479,2691348834,2691348834
2025-06-19 02:34:22,REAL,2691348834,483,2691349317,2691349317
2025-06-19 02:34:24,REAL,2691349317,478,2691349795,2691349795
2025-06-19 02:34:26,REAL,2691349795,482,2691350277,2691350277
2025-06-19 02:34:28,REAL,2691350277,493,2691350770,2691350770
2025-06-19 02:34:30,REAL,2691350770,489,2691351259,2691351259
2025-06-19 02:34:32,REAL,2691351259,478,2691351737,2691351737
2025-06-19 02:34:34,REAL,2691351737,478,2691352215,2691352215
2025-06-19 02:34:36,REAL,2691352215,484,2691352699,2691352699
2025-06-19 02:34:38,REAL,2691352699,491,2691353190,2691353190
2025-06-19 02:34:40,REAL,2691353190,491,2691353681,2691353681
2025-06-19 02:34:42,REAL,2691353681,482,2691354163,2691354163
2025-06-19 02:34:44,REAL,2691354163,10980,2691365143,2691365143
2025-06-19 02:34:46,REAL,2691365143,10378,2691375521,2691375521
2025-06-19 02:34:48,REAL,2691375521,10310,2691385831,2691385831
2025-06-19 02:34:50,REAL,2691385831,10246,2691396077,2691396077
2025-06-19 02:34:52,REAL,2691396077,10248,2691406325,2691406325
2025-06-19 02:34:54,REAL,2691406325,10324,2691416649,2691416649
2025-06-19 02:34:56,REAL,2691416649,10305,2691426954,2691426954
2025-06-19 02:34:58,REAL,2691426954,6360,2691433314,2691433314
2025-06-19 02:35:00,REAL,2691433314,485,2691433799,2691433799
2025-06-19 02:35:02,REAL,2691433799,493,2691434292,2691434292
2025-06-19 02:35:04,REAL,2691434292,482,2691434774,2691434774
2025-06-19 02:35:06,REAL,2691434774,479,2691435253,2691435253
2025-06-19 02:35:08,REAL,2691435253,477,2691435730,2691435730
2025-06-19 02:35:10,REAL,2691435730,478,2691436208,2691436208
2025-06-19 02:35:12,REAL,2691436208,488,2691436696,2691436696
2025-06-19 02:35:14,REAL,2691436696,474,2691437170,2691437170
2025-06-19 02:35:16,REAL,2691437170,482,2691437652,2691437652
2025-06-19 02:35:18,REAL,2691437652,480,2691438132,2691438132
2025-06-19 02:35:20,REAL,2691438132,478,2691438610,2691438610
2025-06-19 02:35:22,REAL,2691438610,479,2691439089,2691439089
2025-06-19 02:35:24,REAL,2691439089,488,2691439577,2691439577
2025-06-19 02:35:26,REAL,2691439577,481,2691440058,2691440058
2025-06-19 02:35:28,REAL,2691440058,491,2691440549,2691440549
2025-06-19 02:35:30,REAL,2691440549,481,2691441030,2691441030
2025-06-19 02:35:32,REAL,2691441030,489,2691441519,2691441519
2025-06-19 02:35:34,REAL,2691441519,488,2691442007,2691442007
2025-06-19 02:35:36,REAL,2691442007,543,2691442550,2691442550
2025-06-19 02:35:38,REAL,2691442550,481,2691443031,2691443031
2025-06-19 02:35:40,REAL,2691443031,481,2691443512,2691443512
2025-06-19 02:35:42,REAL,2691443512,482,2691443994,2691443994
2025-06-19 02:35:44,REAL,2691443994,541,2691444535,2691444535
2025-06-19 02:35:46,REAL,2691444535,481,2691445016,2691445016
2025-06-19 02:35:48,REAL,2691445016,480,2691445496,2691445496
2025-06-19 02:35:50,REAL,2691445496,482,2691445978,2691445978
2025-06-19 02:35:52,REAL,2691445978,479,2691446457,2691446457
2025-06-19 02:35:54,REAL,2691446457,476,2691446933,2691446933
2025-06-19 02:35:56,REAL,2691446933,485,2691447418,2691447418
2025-06-19 02:35:58,REAL,2691447418,489,2691447907,2691447907
2025-06-19 02:36:00,REAL,2691447907,485,2691448392,2691448392
2025-06-19 02:36:02,REAL,2691448392,489,2691448881,2691448881
2025-06-19 02:36:04,REAL,2691448881,480,2691449361,2691449361
2025-06-19 02:36:06,REAL,2691449361,485,2691449846,2691449846
2025-06-19 02:36:08,REAL,2691449846,486,2691450332,2691450332
2025-06-19 02:36:10,REAL,2691450332,481,2691450813,2691450813
2025-06-19 02:36:12,REAL,2691450813,483,2691451296,2691451296
2025-06-19 02:36:14,REAL,2691451296,482,2691451778,2691451778
2025-06-19 02:36:16,REAL,2691451778,477,2691452255,2691452255
2025-06-19 02:36:18,REAL,2691452255,480,2691452735,2691452735
2025-06-19 02:36:20,REAL,2691452735,485,2691453220,2691453220
2025-06-19 02:36:22,REAL,2691453220,486,2691453706,2691453706
2025-06-19 02:36:24,REAL,2691453706,477,2691454183,2691454183
2025-06-19 02:36:26,REAL,2691454183,541,2691454724,2691454724
2025-06-19 02:36:28,REAL,2691454724,484,2691455208,2691455208
2025-06-19 02:36:30,REAL,2691455208,488,2691455696,2691455696
2025-06-19 02:36:32,REAL,2691455696,488,2691456184,2691456184
2025-06-19 02:36:34,REAL,2691456184,539,2691456723,2691456723
2025-06-19 02:36:36,REAL,2691456723,480,2691457203,2691457203
2025-06-19 02:36:38,REAL,2691457203,482,2691457685,2691457685
2025-06-19 02:36:40,REAL,2691457685,494,2691458179,2691458179
2025-06-19 02:36:42,REAL,2691458179,481,2691458660,2691458660
2025-06-19 02:36:44,REAL,2691458660,484,2691459144,2691459144
2025-06-19 02:36:46,REAL,2691459144,486,2691459630,2691459630
2025-06-19 02:36:48,REAL,2691459630,486,2691460116,2691460116
2025-06-19 02:36:50,REAL,2691460116,9268,2691469384,2691469384
2025-06-19 02:36:52,REAL,2691469384,11113,2691480497,2691480497
2025-06-19 02:36:54,REAL,2691480497,10253,2691490750,2691490750
2025-06-19 02:36:56,REAL,2691490750,10247,2691500997,2691500997
2025-06-19 02:36:58,REAL,2691500997,10311,2691511308,2691511308
2025-06-19 02:37:00,REAL,2691511308,10249,2691521557,2691521557
2025-06-19 02:37:02,REAL,2691521557,10254,2691531811,2691531811
2025-06-19 02:37:04,REAL,2691531811,9060,2691540871,2691540871
2025-06-19 02:37:06,REAL,2691540871,483,2691541354,2691541354
2025-06-19 02:37:08,REAL,2691541354,486,2691541840,2691541840
2025-06-19 02:37:10,REAL,2691541840,2211,2691544051,2691544051
2025-06-19 02:37:12,REAL,2691544051,11900,2691555951,2691555951
2025-06-19 02:37:14,REAL,2691555951,10311,2691566262,2691566262
2025-06-19 02:37:16,REAL,2691566262,10321,2691576583,2691576583
2025-06-19 02:37:18,REAL,2691576583,10252,2691586835,2691586835
2025-06-19 02:37:20,REAL,2691586835,10248,2691597083,2691597083
2025-06-19 02:37:22,REAL,2691597083,10316,2691607399,2691607399
2025-06-19 02:37:24,REAL,2691607399,10248,2691617647,2691617647
2025-06-19 02:37:26,REAL,2691617647,3853,2691621500,2691621500
2025-06-19 02:37:28,REAL,2691621500,486,2691621986,2691621986
2025-06-19 02:37:30,REAL,2691621986,487,2691622473,2691622473
2025-06-19 02:37:32,REAL,2691622473,481,2691622954,2691622954
2025-06-19 02:37:34,REAL,2691622954,480,2691623434,2691623434
2025-06-19 02:37:36,REAL,2691623434,476,2691623910,2691623910
2025-06-19 02:37:38,REAL,2691623910,480,2691624390,2691624390
2025-06-19 02:37:40,REAL,2691624390,480,2691624870,2691624870
2025-06-19 02:37:42,REAL,2691624870,480,2691625350,2691625350
2025-06-19 02:37:44,REAL,2691625350,489,2691625839,2691625839
2025-06-19 02:37:46,REAL,2691625839,478,2691626317,2691626317
2025-06-19 02:37:48,REAL,2691626317,488,2691626805,2691626805
2025-06-19 02:37:50,REAL,2691626805,480,2691627285,2691627285
2025-06-19 02:37:52,REAL,2691627285,482,2691627767,2691627767
2025-06-19 02:37:54,REAL,2691627767,485,2691628252,2691628252
2025-06-19 02:37:56,REAL,2691628252,543,2691628795,2691628795
2025-06-19 02:37:58,REAL,2691628795,492,2691629287,2691629287
2025-06-19 02:38:00,REAL,2691629287,493,2691629780,2691629780
2025-06-19 02:38:02,REAL,2691629780,539,2691630319,2691630319
2025-06-19 02:38:04,REAL,2691630319,475,2691630794,2691630794
2025-06-19 02:38:06,REAL,2691630794,490,2691631284,2691631284
2025-06-19 02:38:08,REAL,2691631284,477,2691631761,2691631761
2025-06-19 02:38:10,REAL,2691631761,482,2691632243,2691632243
2025-06-19 02:38:12,REAL,2691632243,484,2691632727,2691632727
2025-06-19 02:38:14,REAL,2691632727,491,2691633218,2691633218
2025-06-19 02:38:16,REAL,2691633218,484,2691633702,2691633702
2025-06-19 02:38:18,REAL,2691633702,477,2691634179,2691634179
2025-06-19 02:38:20,REAL,2691634179,9081,2691643260,2691643260
2025-06-19 02:38:22,REAL,2691643260,10654,2691653914,2691653914
2025-06-19 02:38:24,REAL,2691653914,10259,2691664173,2691664173
2025-06-19 02:38:26,REAL,2691664173,10254,2691674427,2691674427
2025-06-19 02:38:28,REAL,2691674427,10253,2691684680,2691684680
2025-06-19 02:38:30,REAL,2691684680,10251,2691694931,2691694931
2025-06-19 02:38:32,REAL,2691694931,10314,2691705245,2691705245
2025-06-19 02:38:34,REAL,2691705245,7479,2691712724,2691712724
2025-06-19 02:38:36,REAL,2691712724,482,2691713206,2691713206
2025-06-19 02:38:38,REAL,2691713206,543,2691713749,2691713749
2025-06-19 02:38:40,REAL,2691713749,489,2691714238,2691714238
2025-06-19 02:38:42,REAL,2691714238,480,2691714718,2691714718
2025-06-19 02:38:44,REAL,2691714718,485,2691715203,2691715203
2025-06-19 02:38:46,REAL,2691715203,483,2691715686,2691715686
2025-06-19 02:38:48,REAL,2691715686,491,2691716177,2691716177
2025-06-19 02:38:50,REAL,2691716177,486,2691716663,2691716663
2025-06-19 02:38:52,REAL,2691716663,13034,2691729697,2691729697
2025-06-19 02:38:54,REAL,2691729697,10648,2691740345,2691740345
2025-06-19 02:38:56,REAL,2691740345,10255,2691750600,2691750600
2025-06-19 02:38:58,REAL,2691750600,10071,2691760671,2691760671
2025-06-19 02:39:00,REAL,2691760671,10254,2691770925,2691770925
2025-06-19 02:39:02,REAL,2691770925,10252,2691781177,2691781177
2025-06-19 02:39:04,REAL,2691781177,10316,2691791493,2691791493
2025-06-19 02:39:06,REAL,2691791493,6822,2691798315,2691798315
2025-06-19 02:39:08,REAL,2691798315,483,2691798798,2691798798
2025-06-19 02:39:10,REAL,2691798798,485,2691799283,2691799283
2025-06-19 02:39:12,REAL,2691799283,475,2691799758,2691799758
2025-06-19 02:39:14,REAL,2691799758,479,2691800237,2691800237
2025-06-19 02:39:16,REAL,2691800237,486,2691800723,2691800723
2025-06-19 02:39:18,REAL,2691800723,544,2691801267,2691801267
2025-06-19 02:39:20,REAL,2691801267,484,2691801751,2691801751
2025-06-19 02:39:22,REAL,2691801751,492,2691802243,2691802243
2025-06-19 02:39:24,REAL,2691802243,487,2691802730,2691802730
2025-06-19 02:39:26,REAL,2691802730,488,2691803218,2691803218
2025-06-19 02:39:28,REAL,2691803218,539,2691803757,2691803757
2025-06-19 02:39:30,REAL,2691803757,491,2691804248,2691804248
2025-06-19 02:39:32,REAL,2691804248,485,2691804733,2691804733
2025-06-19 02:39:34,REAL,2691804733,491,2691805224,2691805224
2025-06-19 02:39:36,REAL,2691805224,488,2691805712,2691805712
2025-06-19 02:39:38,REAL,2691805712,732,2691806444,2691806444
2025-06-19 02:39:40,REAL,2691806444,238,2691806682,2691806682
2025-06-19 02:39:42,REAL,2691806682,485,2691807167,2691807167
2025-06-19 02:39:44,REAL,2691807167,489,2691807656,2691807656
2025-06-19 02:39:46,REAL,2691807656,478,2691808134,2691808134
2025-06-19 02:39:48,REAL,2691808134,487,2691808621,2691808621
2025-06-19 02:39:50,REAL,2691808621,483,2691809104,2691809104
2025-06-19 02:39:52,REAL,2691809104,487,2691809591,2691809591
2025-06-19 02:39:54,REAL,2691809591,483,2691810074,2691810074
2025-06-19 02:39:56,REAL,2691810074,480,2691810554,2691810554
2025-06-19 02:39:58,REAL,2691810554,478,2691811032,2691811032
2025-06-19 02:40:00,REAL,2691811032,542,2691811574,2691811574
2025-06-19 02:40:02,REAL,2691811574,479,2691812053,2691812053
2025-06-19 02:40:04,REAL,2691812053,547,2691812600,2691812600
2025-06-19 02:40:06,REAL,2691812600,475,2691813075,2691813075
2025-06-19 02:40:08,REAL,2691813075,486,2691813561,2691813561
2025-06-19 02:40:10,REAL,2691813561,493,2691814054,2691814054
2025-06-19 02:40:12,REAL,2691814054,481,2691814535,2691814535
2025-06-19 02:40:14,REAL,2691814535,488,2691815023,2691815023
2025-06-19 02:40:16,REAL,2691815023,481,2691815504,2691815504
2025-06-19 02:40:18,REAL,2691815504,479,2691815983,2691815983
2025-06-19 02:40:20,REAL,2691815983,482,2691816465,2691816465
2025-06-19 02:40:22,REAL,2691816465,485,2691816950,2691816950
2025-06-19 02:40:24,REAL,2691816950,485,2691817435,2691817435
2025-06-19 02:40:26,REAL,2691817435,480,2691817915,2691817915
2025-06-19 02:40:28,REAL,2691817915,487,2691818402,2691818402
2025-06-19 02:40:30,REAL,2691818402,484,2691818886,2691818886
2025-06-19 02:40:32,REAL,2691818886,485,2691819371,2691819371
2025-06-19 02:40:34,REAL,2691819371,488,2691819859,2691819859
2025-06-19 02:40:36,REAL,2691819859,491,2691820350,2691820350
2025-06-19 02:40:38,REAL,2691820350,485,2691820835,2691820835
2025-06-19 02:40:40,REAL,2691820835,491,2691821326,2691821326
2025-06-19 02:40:42,REAL,2691821326,595,2691821921,2691821921
2025-06-19 02:40:44,REAL,2691821921,484,2691822405,2691822405
2025-06-19 02:40:46,REAL,2691822405,478,2691822883,2691822883
2025-06-19 02:40:48,REAL,2691822883,486,2691823369,2691823369
2025-06-19 02:40:50,REAL,2691823369,484,2691823853,2691823853
2025-06-19 02:40:52,REAL,2691823853,491,2691824344,2691824344
2025-06-19 02:40:54,REAL,2691824344,485,2691824829,2691824829
2025-06-19 02:40:56,REAL,2691824829,486,2691825315,2691825315
2025-06-19 02:40:58,REAL,2691825315,486,2691825801,2691825801
2025-06-19 02:41:00,REAL,2691825801,493,2691826294,2691826294
2025-06-19 02:41:02,REAL,2691826294,489,2691826783,2691826783
2025-06-19 02:41:04,REAL,2691826783,480,2691827263,2691827263
2025-06-19 02:41:06,REAL,2691827263,483,2691827746,2691827746
2025-06-19 02:41:08,REAL,2691827746,491,2691828237,2691828237
2025-06-19 02:41:10,REAL,2691828237,479,2691828716,2691828716
2025-06-19 02:41:12,REAL,2691828716,490,2691829206,2691829206
2025-06-19 02:41:14,REAL,2691829206,480,2691829686,2691829686
2025-06-19 02:41:16,REAL,2691829686,489,2691830175,2691830175
2025-06-19 02:41:18,REAL,2691830175,542,2691830717,2691830717
2025-06-19 02:41:20,REAL,2691830717,475,2691831192,2691831192
2025-06-19 02:41:22,REAL,2691831192,477,2691831669,2691831669
2025-06-19 02:41:24,REAL,2691831669,482,2691832151,2691832151
2025-06-19 02:41:26,REAL,2691832151,542,2691832693,2691832693
2025-06-19 02:41:28,REAL,2691832693,479,2691833172,2691833172
2025-06-19 02:41:30,REAL,2691833172,487,2691833659,2691833659
2025-06-19 02:41:32,REAL,2691833659,479,2691834138,2691834138
2025-06-19 02:41:34,REAL,2691834138,476,2691834614,2691834614
2025-06-19 02:41:36,REAL,2691834614,490,2691835104,2691835104
2025-06-19 02:41:38,REAL,2691835104,481,2691835585,2691835585
2025-06-19 02:41:40,REAL,2691835585,474,2691836059,2691836059
2025-06-19 02:41:42,REAL,2691836059,479,2691836538,2691836538
2025-06-19 02:41:44,REAL,2691836538,482,2691837020,2691837020
2025-06-19 02:41:46,REAL,2691837020,541,2691837561,2691837561
2025-06-19 02:41:48,REAL,2691837561,488,2691838049,2691838049
2025-06-19 02:41:50,REAL,2691838049,492,2691838541,2691838541
2025-06-19 02:41:52,REAL,2691838541,485,2691839026,2691839026
2025-06-19 02:41:54,REAL,2691839026,541,2691839567,2691839567
2025-06-19 02:41:56,REAL,2691839567,480,2691840047,2691840047
2025-06-19 02:41:58,REAL,2691840047,486,2691840533,2691840533
2025-06-19 02:42:00,REAL,2691840533,489,2691841022,2691841022
2025-06-19 02:42:02,REAL,2691841022,489,2691841511,2691841511
2025-06-19 02:42:04,REAL,2691841511,490,2691842001,2691842001
2025-06-19 02:42:06,REAL,2691842001,480,2691842481,2691842481
2025-06-19 02:42:08,REAL,2691842481,543,2691843024,2691843024
2025-06-19 02:42:10,REAL,2691843024,480,2691843504,2691843504
2025-06-19 02:42:12,REAL,2691843504,483,2691843987,2691843987
2025-06-19 02:42:14,REAL,2691843987,476,2691844463,2691844463
2025-06-19 02:42:16,REAL,2691844463,491,2691844954,2691844954
2025-06-19 02:42:18,REAL,2691844954,483,2691845437,2691845437
2025-06-19 02:42:20,REAL,2691845437,484,2691845921,2691845921
2025-06-19 02:42:22,REAL,2691845921,487,2691846408,2691846408
2025-06-19 02:42:24,REAL,2691846408,487,2691846895,2691846895
2025-06-19 02:42:26,REAL,2691846895,482,2691847377,2691847377
2025-06-19 02:42:28,REAL,2691847377,532,2691847909,2691847909
2025-06-19 02:42:30,REAL,2691847909,484,2691848393,2691848393
2025-06-19 02:42:32,REAL,2691848393,536,2691848929,2691848929
2025-06-19 02:42:34,REAL,2691848929,479,2691849408,2691849408
2025-06-19 02:42:36,REAL,2691849408,483,2691849891,2691849891
2025-06-19 02:42:38,REAL,2691849891,485,2691850376,2691850376
2025-06-19 02:42:40,REAL,2691850376,492,2691850868,2691850868
2025-06-19 02:42:42,REAL,2691850868,484,2691851352,2691851352
2025-06-19 02:42:44,REAL,2691851352,481,2691851833,2691851833
2025-06-19 02:42:46,REAL,2691851833,483,2691852316,2691852316
2025-06-19 02:42:48,REAL,2691852316,481,2691852797,2691852797
2025-06-19 02:42:50,REAL,2691852797,536,2691853333,2691853333
2025-06-19 02:42:52,REAL,2691853333,479,2691853812,2691853812
2025-06-19 02:42:54,REAL,2691853812,487,2691854299,2691854299
2025-06-19 02:42:56,REAL,2691854299,484,2691854783,2691854783
2025-06-19 02:42:58,REAL,2691854783,482,2691855265,2691855265
2025-06-19 02:43:00,REAL,2691855265,481,2691855746,2691855746
2025-06-19 02:43:02,REAL,2691855746,484,2691856230,2691856230
2025-06-19 02:43:04,REAL,2691856230,477,2691856707,2691856707
2025-06-19 02:43:06,REAL,2691856707,491,2691857198,2691857198
2025-06-19 02:43:08,REAL,2691857198,547,2691857745,2691857745
2025-06-19 02:43:10,REAL,2691857745,541,2691858286,2691858286
2025-06-19 02:43:12,REAL,2691858286,483,2691858769,2691858769
2025-06-19 02:43:14,REAL,2691858769,477,2691859246,2691859246
2025-06-19 02:43:16,REAL,2691859246,478,2691859724,2691859724
2025-06-19 02:43:18,REAL,2691859724,483,2691860207,2691860207
2025-06-19 02:43:20,REAL,2691860207,490,2691860697,2691860697
2025-06-19 02:43:22,REAL,2691860697,480,2691861177,2691861177
2025-06-19 02:43:24,REAL,2691861177,483,2691861660,2691861660
2025-06-19 02:43:26,REAL,2691861660,485,2691862145,2691862145
2025-06-19 02:43:28,REAL,2691862145,482,2691862627,2691862627
2025-06-19 02:43:30,REAL,2691862627,484,2691863111,2691863111
2025-06-19 02:43:32,REAL,2691863111,544,2691863655,2691863655
2025-06-19 02:43:34,REAL,2691863655,492,2691864147,2691864147
2025-06-19 02:43:36,REAL,2691864147,487,2691864634,2691864634
2025-06-19 02:43:38,REAL,2691864634,485,2691865119,2691865119
2025-06-19 02:43:40,REAL,2691865119,480,2691865599,2691865599
2025-06-19 02:43:42,REAL,2691865599,487,2691866086,2691866086
2025-06-19 02:43:44,REAL,2691866086,482,2691866568,2691866568
2025-06-19 02:43:46,REAL,2691866568,539,2691867107,2691867107
2025-06-19 02:43:48,REAL,2691867107,477,2691867584,2691867584
2025-06-19 02:43:50,REAL,2691867584,486,2691868070,2691868070
2025-06-19 02:43:52,REAL,2691868070,536,2691868606,2691868606
2025-06-19 02:43:54,REAL,2691868606,14279,2691882885,2691882885
2025-06-19 02:43:56,REAL,2691882885,10390,2691893275,2691893275
2025-06-19 02:43:58,REAL,2691893275,10315,2691903590,2691903590
2025-06-19 02:44:00,REAL,2691903590,10258,2691913848,2691913848
2025-06-19 02:44:02,REAL,2691913848,10326,2691924174,2691924174
2025-06-19 02:44:04,REAL,2691924174,10252,2691934426,2691934426
2025-06-19 02:44:06,REAL,2691934426,10248,2691944674,2691944674
2025-06-19 02:44:08,REAL,2691944674,6161,2691950835,2691950835
2025-06-19 02:44:10,REAL,2691950835,478,2691951313,2691951313
2025-06-19 02:44:12,REAL,2691951313,488,2691951801,2691951801
2025-06-19 02:44:14,REAL,2691951801,543,2691952344,2691952344
2025-06-19 02:44:16,REAL,2691952344,479,2691952823,2691952823
2025-06-19 02:44:18,REAL,2691952823,482,2691953305,2691953305
2025-06-19 02:44:20,REAL,2691953305,487,2691953792,2691953792
2025-06-19 02:44:22,REAL,2691953792,491,2691954283,2691954283
2025-06-19 02:44:24,REAL,2691954283,487,2691954770,2691954770
2025-06-19 02:44:26,REAL,2691954770,489,2691955259,2691955259
2025-06-19 02:44:28,REAL,2691955259,488,2691955747,2691955747
2025-06-19 02:44:30,REAL,2691955747,482,2691956229,2691956229
2025-06-19 02:44:32,REAL,2691956229,478,2691956707,2691956707
2025-06-19 02:44:34,REAL,2691956707,601,2691957308,2691957308
2025-06-19 02:44:36,REAL,2691957308,482,2691957790,2691957790
2025-06-19 02:44:38,REAL,2691957790,486,2691958276,2691958276
2025-06-19 02:44:40,REAL,2691958276,478,2691958754,2691958754
2025-06-19 02:44:42,REAL,2691958754,491,2691959245,2691959245
2025-06-19 02:44:44,REAL,2691959245,490,2691959735,2691959735
2025-06-19 02:44:46,REAL,2691959735,493,2691960228,2691960228
2025-06-19 02:44:48,REAL,2691960228,488,2691960716,2691960716
2025-06-19 02:44:50,REAL,2691960716,486,2691961202,2691961202
2025-06-19 02:44:52,REAL,2691961202,476,2691961678,2691961678
2025-06-19 02:44:54,REAL,2691961678,477,2691962155,2691962155
2025-06-19 02:44:56,REAL,2691962155,534,2691962689,2691962689
2025-06-19 02:44:58,REAL,2691962689,484,2691963173,2691963173
2025-06-19 02:45:00,REAL,2691963173,484,2691963657,2691963657
2025-06-19 02:45:02,REAL,2691963657,477,2691964134,2691964134
2025-06-19 02:45:04,REAL,2691964134,487,2691964621,2691964621
2025-06-19 02:45:06,REAL,2691964621,491,2691965112,2691965112
2025-06-19 02:45:08,REAL,2691965112,489,2691965601,2691965601
2025-06-19 02:45:10,REAL,2691965601,485,2691966086,2691966086
2025-06-19 02:45:12,REAL,2691966086,482,2691966568,2691966568
2025-06-19 02:45:14,REAL,2691966568,493,2691967061,2691967061
2025-06-19 02:45:16,REAL,2691967061,596,2691967657,2691967657
2025-06-19 02:45:18,REAL,2691967657,477,2691968134,2691968134
2025-06-19 02:45:20,REAL,2691968134,480,2691968614,2691968614
2025-06-19 02:45:22,REAL,2691968614,482,2691969096,2691969096
2025-06-19 02:45:24,REAL,2691969096,485,2691969581,2691969581
2025-06-19 02:45:26,REAL,2691969581,480,2691970061,2691970061
2025-06-19 02:45:28,REAL,2691970061,483,2691970544,2691970544
2025-06-19 02:45:30,REAL,2691970544,486,2691971030,2691971030
2025-06-19 02:45:32,REAL,2691971030,489,2691971519,2691971519
2025-06-19 02:45:34,REAL,2691971519,483,2691972002,2691972002
2025-06-19 02:45:36,REAL,2691972002,481,2691972483,2691972483
2025-06-19 02:45:38,REAL,2691972483,536,2691973019,2691973019
2025-06-19 02:45:40,REAL,2691973019,490,2691973509,2691973509
2025-06-19 02:45:42,REAL,2691973509,488,2691973997,2691973997
2025-06-19 02:45:44,REAL,2691973997,486,2691974483,2691974483
2025-06-19 02:45:46,REAL,2691974483,491,2691974974,2691974974
2025-06-19 02:45:48,REAL,2691974974,487,2691975461,2691975461
2025-06-19 02:45:50,REAL,2691975461,484,2691975945,2691975945
2025-06-19 02:45:52,REAL,2691975945,485,2691976430,2691976430
2025-06-19 02:45:54,REAL,2691976430,488,2691976918,2691976918
2025-06-19 02:45:56,REAL,2691976918,545,2691977463,2691977463
2025-06-19 02:45:58,REAL,2691977463,539,2691978002,2691978002
2025-06-19 02:46:00,REAL,2691978002,493,2691978495,2691978495
2025-06-19 02:46:02,REAL,2691978495,492,2691978987,2691978987
2025-06-19 02:46:04,REAL,2691978987,481,2691979468,2691979468
2025-06-19 02:46:06,REAL,2691979468,490,2691979958,2691979958
2025-06-19 02:46:08,REAL,2691979958,487,2691980445,2691980445
2025-06-19 02:46:10,REAL,2691980445,488,2691980933,2691980933
2025-06-19 02:46:12,REAL,2691980933,483,2691981416,2691981416
2025-06-19 02:46:14,REAL,2691981416,484,2691981900,2691981900
2025-06-19 02:46:16,REAL,2691981900,482,2691982382,2691982382
2025-06-19 02:46:18,REAL,2691982382,485,2691982867,2691982867
2025-06-19 02:46:20,REAL,2691982867,489,2691983356,2691983356
2025-06-19 02:46:22,REAL,2691983356,8808,2691992164,2691992164
2025-06-19 02:46:24,REAL,2691992164,10843,2692003007,2692003007
2025-06-19 02:46:26,REAL,2692003007,10313,2692013320,2692013320
2025-06-19 02:46:28,REAL,2692013320,10249,2692023569,2692023569
2025-06-19 02:46:30,REAL,2692023569,10254,2692033823,2692033823
2025-06-19 02:46:32,REAL,2692033823,10309,2692044132,2692044132
2025-06-19 02:46:34,REAL,2692044132,10247,2692054379,2692054379
2025-06-19 02:46:36,REAL,2692054379,8193,2692062572,2692062572
2025-06-19 02:46:38,REAL,2692062572,483,2692063055,2692063055
2025-06-19 02:46:40,REAL,2692063055,485,2692063540,2692063540
2025-06-19 02:46:42,REAL,2692063540,479,2692064019,2692064019
2025-06-19 02:46:44,REAL,2692064019,483,2692064502,2692064502
2025-06-19 02:46:46,REAL,2692064502,476,2692064978,2692064978
2025-06-19 02:46:48,REAL,2692064978,485,2692065463,2692065463
2025-06-19 02:46:50,REAL,2692065463,486,2692065949,2692065949
2025-06-19 02:46:52,REAL,2692065949,487,2692066436,2692066436
2025-06-19 02:46:54,REAL,2692066436,481,2692066917,2692066917
2025-06-19 02:46:56,REAL,2692066917,486,2692067403,2692067403
2025-06-19 02:46:58,REAL,2692067403,3796,2692071199,2692071199
2025-06-19 02:47:00,REAL,2692071199,11770,2692082969,2692082969
2025-06-19 02:47:02,REAL,2692082969,10250,2692093219,2692093219
2025-06-19 02:47:04,REAL,2692093219,10249,2692103468,2692103468
2025-06-19 02:47:06,REAL,2692103468,10323,2692113791,2692113791
2025-06-19 02:47:08,REAL,2692113791,10249,2692124040,2692124040
2025-06-19 02:47:10,REAL,2692124040,10249,2692134289,2692134289
2025-06-19 02:47:12,REAL,2692134289,10252,2692144541,2692144541
2025-06-19 02:47:14,REAL,2692144541,2650,2692147191,2692147191
2025-06-19 02:47:16,REAL,2692147191,480,2692147671,2692147671
2025-06-19 02:47:18,REAL,2692147671,488,2692148159,2692148159
2025-06-19 02:47:20,REAL,2692148159,482,2692148641,2692148641
2025-06-19 02:47:22,REAL,2692148641,486,2692149127,2692149127
2025-06-19 02:47:24,REAL,2692149127,487,2692149614,2692149614
2025-06-19 02:47:26,REAL,2692149614,483,2692150097,2692150097
2025-06-19 02:47:28,REAL,2692150097,482,2692150579,2692150579
2025-06-19 02:47:30,REAL,2692150579,484,2692151063,2692151063
2025-06-19 02:47:32,REAL,2692151063,484,2692151547,2692151547
2025-06-19 02:47:34,REAL,2692151547,490,2692152037,2692152037
2025-06-19 02:47:36,REAL,2692152037,488,2692152525,2692152525
2025-06-19 02:47:38,REAL,2692152525,535,2692153060,2692153060
2025-06-19 02:47:40,REAL,2692153060,481,2692153541,2692153541
2025-06-19 02:47:42,REAL,2692153541,484,2692154025,2692154025
2025-06-19 02:47:44,REAL,2692154025,485,2692154510,2692154510
2025-06-19 02:47:46,REAL,2692154510,483,2692154993,2692154993
2025-06-19 02:47:48,REAL,2692154993,484,2692155477,2692155477
2025-06-19 02:47:50,REAL,2692155477,545,2692156022,2692156022
2025-06-19 02:47:52,REAL,2692156022,487,2692156509,2692156509
2025-06-19 02:47:54,REAL,2692156509,482,2692156991,2692156991
2025-06-19 02:47:56,REAL,2692156991,487,2692157478,2692157478
2025-06-19 02:47:58,REAL,2692157478,484,2692157962,2692157962
2025-06-19 02:48:00,REAL,2692157962,479,2692158441,2692158441
2025-06-19 02:48:02,REAL,2692158441,487,2692158928,2692158928
2025-06-19 02:48:04,REAL,2692158928,477,2692159405,2692159405
2025-06-19 02:48:06,REAL,2692159405,479,2692159884,2692159884
2025-06-19 02:48:08,REAL,2692159884,484,2692160368,2692160368
2025-06-19 02:48:10,REAL,2692160368,485,2692160853,2692160853
2025-06-19 02:48:12,REAL,2692160853,482,2692161335,2692161335
2025-06-19 02:48:14,REAL,2692161335,482,2692161817,2692161817
2025-06-19 02:48:16,REAL,2692161817,476,2692162293,2692162293
2025-06-19 02:48:18,REAL,2692162293,481,2692162774,2692162774
2025-06-19 02:48:20,REAL,2692162774,535,2692163309,2692163309
2025-06-19 02:48:22,REAL,2692163309,474,2692163783,2692163783
2025-06-19 02:48:24,REAL,2692163783,481,2692164264,2692164264
2025-06-19 02:48:26,REAL,2692164264,542,2692164806,2692164806
2025-06-19 02:48:28,REAL,2692164806,490,2692165296,2692165296
2025-06-19 02:48:30,REAL,2692165296,480,2692165776,2692165776
2025-06-19 02:48:32,REAL,2692165776,480,2692166256,2692166256
2025-06-19 02:48:34,REAL,2692166256,490,2692166746,2692166746
2025-06-19 02:48:36,REAL,2692166746,481,2692167227,2692167227
2025-06-19 02:48:38,REAL,2692167227,483,2692167710,2692167710
2025-06-19 02:48:40,REAL,2692167710,475,2692168185,2692168185
2025-06-19 02:48:42,REAL,2692168185,484,2692168669,2692168669
2025-06-19 02:48:44,REAL,2692168669,492,2692169161,2692169161
2025-06-19 02:48:46,REAL,2692169161,483,2692169644,2692169644
2025-06-19 02:48:48,REAL,2692169644,484,2692170128,2692170128
2025-06-19 02:48:50,REAL,2692170128,483,2692170611,2692170611
2025-06-19 02:48:52,REAL,2692170611,477,2692171088,2692171088
2025-06-19 02:48:54,REAL,2692171088,490,2692171578,2692171578
2025-06-19 02:48:56,REAL,2692171578,14413,2692185991,2692185991
2025-06-19 02:48:58,REAL,2692185991,10249,2692196240,2692196240
2025-06-19 02:49:00,REAL,2692196240,10374,2692206614,2692206614
2025-06-19 02:49:02,REAL,2692206614,10253,2692216867,2692216867
2025-06-19 02:49:04,REAL,2692216867,10310,2692227177,2692227177
2025-06-19 02:49:06,REAL,2692227177,10255,2692237432,2692237432
2025-06-19 02:49:08,REAL,2692237432,10251,2692247683,2692247683
2025-06-19 02:49:10,REAL,2692247683,5304,2692252987,2692252987
2025-06-19 02:49:12,REAL,2692252987,479,2692253466,2692253466
2025-06-19 02:49:14,REAL,2692253466,477,2692253943,2692253943
2025-06-19 02:49:16,REAL,2692253943,477,2692254420,2692254420
2025-06-19 02:49:18,REAL,2692254420,478,2692254898,2692254898
2025-06-19 02:49:20,REAL,2692254898,487,2692255385,2692255385
2025-06-19 02:49:22,REAL,2692255385,488,2692255873,2692255873
2025-06-19 02:49:24,REAL,2692255873,489,2692256362,2692256362
2025-06-19 02:49:26,REAL,2692256362,482,2692256844,2692256844
2025-06-19 02:49:28,REAL,2692256844,486,2692257330,2692257330
2025-06-19 02:49:30,REAL,2692257330,487,2692257817,2692257817
2025-06-19 02:49:32,REAL,2692257817,531,2692258348,2692258348
2025-06-19 02:49:34,REAL,2692258348,484,2692258832,2692258832
2025-06-19 02:49:36,REAL,2692258832,486,2692259318,2692259318
2025-06-19 02:49:38,REAL,2692259318,481,2692259799,2692259799
2025-06-19 02:49:40,REAL,2692259799,544,2692260343,2692260343
2025-06-19 02:49:42,REAL,2692260343,489,2692260832,2692260832
2025-06-19 02:49:44,REAL,2692260832,490,2692261322,2692261322
2025-06-19 02:49:46,REAL,2692261322,482,2692261804,2692261804
2025-06-19 02:49:48,REAL,2692261804,485,2692262289,2692262289
2025-06-19 02:49:50,REAL,2692262289,494,2692262783,2692262783
2025-06-19 02:49:52,REAL,2692262783,480,2692263263,2692263263
2025-06-19 02:49:54,REAL,2692263263,487,2692263750,2692263750
2025-06-19 02:49:56,REAL,2692263750,482,2692264232,2692264232
2025-06-19 02:49:58,REAL,2692264232,2008,2692266240,2692266240
2025-06-19 02:50:00,REAL,2692266240,11580,2692277820,2692277820
2025-06-19 02:50:02,REAL,2692277820,10247,2692288067,2692288067
2025-06-19 02:50:04,REAL,2692288067,10306,2692298373,2692298373
2025-06-19 02:50:06,REAL,2692298373,10253,2692308626,2692308626
2025-06-19 02:50:08,REAL,2692308626,10323,2692318949,2692318949
2025-06-19 02:50:10,REAL,2692318949,10245,2692329194,2692329194
2025-06-19 02:50:12,REAL,2692329194,11039,2692340233,2692340233
2025-06-19 02:50:14,REAL,2692340233,3181,2692343414,2692343414
2025-06-19 02:50:16,REAL,2692343414,475,2692343889,2692343889
2025-06-19 02:50:18,REAL,2692343889,539,2692344428,2692344428
2025-06-19 02:50:20,REAL,2692344428,479,2692344907,2692344907
2025-06-19 02:50:22,REAL,2692344907,482,2692345389,2692345389
2025-06-19 02:50:24,REAL,2692345389,481,2692345870,2692345870
2025-06-19 02:50:26,REAL,2692345870,484,2692346354,2692346354
2025-06-19 02:50:28,REAL,2692346354,483,2692346837,2692346837
2025-06-19 02:50:30,REAL,2692346837,3067,2692349904,2692349904
2025-06-19 02:50:32,REAL,2692349904,11968,2692361872,2692361872
2025-06-19 02:50:34,REAL,2692361872,10259,2692372131,2692372131
2025-06-19 02:50:36,REAL,2692372131,10316,2692382447,2692382447
2025-06-19 02:50:38,REAL,2692382447,10246,2692392693,2692392693
2025-06-19 02:50:40,REAL,2692392693,10318,2692403011,2692403011
2025-06-19 02:50:42,REAL,2692403011,10248,2692413259,2692413259
2025-06-19 02:50:44,REAL,2692413259,10258,2692423517,2692423517
2025-06-19 02:50:46,REAL,2692423517,3458,2692426975,2692426975
2025-06-19 02:50:48,REAL,2692426975,481,2692427456,2692427456
2025-06-19 02:50:50,REAL,2692427456,492,2692427948,2692427948
2025-06-19 02:50:52,REAL,2692427948,483,2692428431,2692428431
2025-06-19 02:50:54,REAL,2692428431,543,2692428974,2692428974
2025-06-19 02:50:56,REAL,2692428974,487,2692429461,2692429461
2025-06-19 02:50:58,REAL,2692429461,480,2692429941,2692429941
2025-06-19 02:51:00,REAL,2692429941,485,2692430426,2692430426
2025-06-19 02:51:02,REAL,2692430426,3582,2692434008,2692434008
2025-06-19 02:51:04,REAL,2692434008,11902,2692445910,2692445910
2025-06-19 02:51:06,REAL,2692445910,10321,2692456231,2692456231
2025-06-19 02:51:08,REAL,2692456231,10252,2692466483,2692466483
2025-06-19 02:51:10,REAL,2692466483,10258,2692476741,2692476741
2025-06-19 02:51:12,REAL,2692476741,10249,2692486990,2692486990
2025-06-19 02:51:14,REAL,2692486990,10256,2692497246,2692497246
2025-06-19 02:51:16,REAL,2692497246,10259,2692507505,2692507505
2025-06-19 02:51:18,REAL,2692507505,2794,2692510299,2692510299
2025-06-19 02:51:20,REAL,2692510299,474,2692510773,2692510773
2025-06-19 02:51:22,REAL,2692510773,486,2692511259,2692511259
2025-06-19 02:51:24,REAL,2692511259,482,2692511741,2692511741
2025-06-19 02:51:26,REAL,2692511741,492,2692512233,2692512233
2025-06-19 02:51:28,REAL,2692512233,479,2692512712,2692512712
2025-06-19 02:51:30,REAL,2692512712,484,2692513196,2692513196
2025-06-19 02:51:32,REAL,2692513196,484,2692513680,2692513680
2025-06-19 02:51:34,REAL,2692513680,4695,2692518375,2692518375
2025-06-19 02:51:36,REAL,2692518375,11375,2692529750,2692529750
2025-06-19 02:51:38,REAL,2692529750,10249,2692539999,2692539999
2025-06-19 02:51:40,REAL,2692539999,10254,2692550253,2692550253
2025-06-19 02:51:42,REAL,2692550253,10327,2692560580,2692560580
2025-06-19 02:51:44,REAL,2692560580,10257,2692570837,2692570837
2025-06-19 02:51:46,REAL,2692570837,10259,2692581096,2692581096
2025-06-19 02:51:48,REAL,2692581096,10247,2692591343,2692591343
2025-06-19 02:51:50,REAL,2692591343,2135,2692593478,2692593478
2025-06-19 02:51:52,REAL,2692593478,484,2692593962,2692593962
2025-06-19 02:51:54,REAL,2692593962,485,2692594447,2692594447
2025-06-19 02:51:56,REAL,2692594447,490,2692594937,2692594937
2025-06-19 02:51:58,REAL,2692594937,478,2692595415,2692595415
2025-06-19 02:52:00,REAL,2692595415,491,2692595906,2692595906
2025-06-19 02:52:02,REAL,2692595906,491,2692596397,2692596397
2025-06-19 02:52:04,REAL,2692596397,549,2692596946,2692596946
2025-06-19 02:52:06,REAL,2692596946,4777,2692601723,2692601723
2025-06-19 02:52:08,REAL,2692601723,11378,2692613101,2692613101
2025-06-19 02:52:10,REAL,2692613101,10252,2692623353,2692623353
2025-06-19 02:52:12,REAL,2692623353,10256,2692633609,2692633609
2025-06-19 02:52:14,REAL,2692633609,10249,2692643858,2692643858
2025-06-19 02:52:16,REAL,2692643858,10311,2692654169,2692654169
2025-06-19 02:52:18,REAL,2692654169,10319,2692664488,2692664488
2025-06-19 02:52:20,REAL,2692664488,10249,2692674737,2692674737
2025-06-19 02:52:22,REAL,2692674737,1538,2692676275,2692676275
2025-06-19 02:52:24,REAL,2692676275,485,2692676760,2692676760
2025-06-19 02:52:26,REAL,2692676760,487,2692677247,2692677247
2025-06-19 02:52:28,REAL,2692677247,478,2692677725,2692677725
2025-06-19 02:52:30,REAL,2692677725,491,2692678216,2692678216
2025-06-19 02:52:32,REAL,2692678216,485,2692678701,2692678701
2025-06-19 02:52:34,REAL,2692678701,490,2692679191,2692679191
2025-06-19 02:52:36,REAL,2692679191,543,2692679734,2692679734
2025-06-19 02:52:38,REAL,2692679734,482,2692680216,2692680216
2025-06-19 02:52:40,REAL,2692680216,485,2692680701,2692680701
2025-06-19 02:52:42,REAL,2692680701,493,2692681194,2692681194
2025-06-19 02:52:44,REAL,2692681194,485,2692681679,2692681679
2025-06-19 02:52:46,REAL,2692681679,494,2692682173,2692682173
2025-06-19 02:52:48,REAL,2692682173,486,2692682659,2692682659
2025-06-19 02:52:50,REAL,2692682659,491,2692683150,2692683150
2025-06-19 02:52:52,REAL,2692683150,485,2692683635,2692683635
2025-06-19 02:52:54,REAL,2692683635,478,2692684113,2692684113
2025-06-19 02:52:56,REAL,2692684113,482,2692684595,2692684595
2025-06-19 02:52:58,REAL,2692684595,544,2692685139,2692685139
2025-06-19 02:53:00,REAL,2692685139,479,2692685618,2692685618
2025-06-19 02:53:02,REAL,2692685618,487,2692686105,2692686105
2025-06-19 02:53:04,REAL,2692686105,486,2692686591,2692686591
2025-06-19 02:53:06,REAL,2692686591,483,2692687074,2692687074
2025-06-19 02:53:08,REAL,2692687074,541,2692687615,2692687615
2025-06-19 02:53:10,REAL,2692687615,494,2692688109,2692688109
2025-06-19 02:53:12,REAL,2692688109,492,2692688601,2692688601
2025-06-19 02:53:14,REAL,2692688601,489,2692689090,2692689090
2025-06-19 02:53:16,REAL,2692689090,481,2692689571,2692689571
2025-06-19 02:53:18,REAL,2692689571,479,2692690050,2692690050
2025-06-19 02:53:20,REAL,2692690050,492,2692690542,2692690542
2025-06-19 02:53:22,REAL,2692690542,476,2692691018,2692691018
2025-06-19 02:53:24,REAL,2692691018,489,2692691507,2692691507
2025-06-19 02:53:26,REAL,2692691507,482,2692691989,2692691989
2025-06-19 02:53:28,REAL,2692691989,485,2692692474,2692692474
2025-06-19 02:53:30,REAL,2692692474,486,2692692960,2692692960
2025-06-19 02:53:32,REAL,2692692960,483,2692693443,2692693443
2025-06-19 02:53:34,REAL,2692693443,481,2692693924,2692693924
2025-06-19 02:53:36,REAL,2692693924,486,2692694410,2692694410
2025-06-19 02:53:38,REAL,2692694410,589,2692694999,2692694999
2025-06-19 02:53:40,REAL,2692694999,485,2692695484,2692695484
2025-06-19 02:53:42,REAL,2692695484,486,2692695970,2692695970
2025-06-19 02:53:44,REAL,2692695970,477,2692696447,2692696447
2025-06-19 02:53:46,REAL,2692696447,482,2692696929,2692696929
2025-06-19 02:53:48,REAL,2692696929,484,2692697413,2692697413
2025-06-19 02:53:50,REAL,2692697413,481,2692697894,2692697894
2025-06-19 02:53:52,REAL,2692697894,486,2692698380,2692698380
2025-06-19 02:53:54,REAL,2692698380,492,2692698872,2692698872
2025-06-19 02:53:56,REAL,2692698872,485,2692699357,2692699357
2025-06-19 02:53:58,REAL,2692699357,479,2692699836,2692699836
2025-06-19 02:54:00,REAL,2692699836,483,2692700319,2692700319
2025-06-19 02:54:02,REAL,2692700319,488,2692700807,2692700807
2025-06-19 02:54:04,REAL,2692700807,482,2692701289,2692701289
2025-06-19 02:54:06,REAL,2692701289,484,2692701773,2692701773
2025-06-19 02:54:08,REAL,2692701773,481,2692702254,2692702254
2025-06-19 02:54:10,REAL,2692702254,543,2692702797,2692702797
2025-06-19 02:54:12,REAL,2692702797,486,2692703283,2692703283
2025-06-19 02:54:14,REAL,2692703283,487,2692703770,2692703770
2025-06-19 02:54:16,REAL,2692703770,480,2692704250,2692704250
2025-06-19 02:54:18,REAL,2692704250,532,2692704782,2692704782
2025-06-19 02:54:20,REAL,2692704782,475,2692705257,2692705257
2025-06-19 02:54:22,REAL,2692705257,480,2692705737,2692705737
2025-06-19 02:54:24,REAL,2692705737,483,2692706220,2692706220
2025-06-19 02:54:26,REAL,2692706220,479,2692706699,2692706699
2025-06-19 02:54:28,REAL,2692706699,488,2692707187,2692707187
2025-06-19 02:54:30,REAL,2692707187,477,2692707664,2692707664
2025-06-19 02:54:32,REAL,2692707664,481,2692708145,2692708145
2025-06-19 02:54:34,REAL,2692708145,484,2692708629,2692708629
2025-06-19 02:54:36,REAL,2692708629,476,2692709105,2692709105
2025-06-19 02:54:38,REAL,2692709105,539,2692709644,2692709644
2025-06-19 02:54:40,REAL,2692709644,482,2692710126,2692710126
2025-06-19 02:54:42,REAL,2692710126,482,2692710608,2692710608
2025-06-19 02:54:44,REAL,2692710608,474,2692711082,2692711082
2025-06-19 02:54:46,REAL,2692711082,485,2692711567,2692711567
2025-06-19 02:54:48,REAL,2692711567,474,2692712041,2692712041
2025-06-19 02:54:50,REAL,2692712041,486,2692712527,2692712527
2025-06-19 02:54:52,REAL,2692712527,483,2692713010,2692713010
2025-06-19 02:54:54,REAL,2692713010,488,2692713498,2692713498
2025-06-19 02:54:56,REAL,2692713498,8415,2692721913,2692721913
2025-06-19 02:54:58,REAL,2692721913,10577,2692732490,2692732490
2025-06-19 02:55:00,REAL,2692732490,10306,2692742796,2692742796
2025-06-19 02:55:02,REAL,2692742796,10256,2692753052,2692753052
2025-06-19 02:55:04,REAL,2692753052,10244,2692763296,2692763296
2025-06-19 02:55:06,REAL,2692763296,10248,2692773544,2692773544
2025-06-19 02:55:08,REAL,2692773544,10247,2692783791,2692783791
2025-06-19 02:55:10,REAL,2692783791,8270,2692792061,2692792061
2025-06-19 02:55:12,REAL,2692792061,481,2692792542,2692792542
2025-06-19 02:55:14,REAL,2692792542,474,2692793016,2692793016
2025-06-19 02:55:16,REAL,2692793016,484,2692793500,2692793500
2025-06-19 02:55:18,REAL,2692793500,490,2692793990,2692793990
2025-06-19 02:55:20,REAL,2692793990,487,2692794477,2692794477
2025-06-19 02:55:22,REAL,2692794477,481,2692794958,2692794958
2025-06-19 02:55:24,REAL,2692794958,546,2692795504,2692795504
2025-06-19 02:55:26,REAL,2692795504,488,2692795992,2692795992
2025-06-19 02:55:28,REAL,2692795992,483,2692796475,2692796475
2025-06-19 02:55:30,REAL,2692796475,487,2692796962,2692796962
2025-06-19 02:55:32,REAL,2692796962,478,2692797440,2692797440
2025-06-19 02:55:34,REAL,2692797440,485,2692797925,2692797925
2025-06-19 02:55:36,REAL,2692797925,484,2692798409,2692798409
2025-06-19 02:55:38,REAL,2692798409,245,2692798654,2692798654
2025-06-19 02:55:40,REAL,2692798654,483,2692799137,2692799137
2025-06-19 02:55:42,REAL,2692799137,533,2692799670,2692799670
2025-06-19 02:55:44,REAL,2692799670,478,2692800148,2692800148
2025-06-19 02:55:46,REAL,2692800148,481,2692800629,2692800629
2025-06-19 02:55:48,REAL,2692800629,476,2692801105,2692801105
2025-06-19 02:55:50,REAL,2692801105,478,2692801583,2692801583
2025-06-19 02:55:52,REAL,2692801583,542,2692802125,2692802125
2025-06-19 02:55:54,REAL,2692802125,489,2692802614,2692802614
2025-06-19 02:55:56,REAL,2692802614,491,2692803105,2692803105
2025-06-19 02:55:58,REAL,2692803105,493,2692803598,2692803598
2025-06-19 02:56:00,REAL,2692803598,483,2692804081,2692804081
2025-06-19 02:56:02,REAL,2692804081,479,2692804560,2692804560
2025-06-19 02:56:04,REAL,2692804560,476,2692805036,2692805036
2025-06-19 02:56:06,REAL,2692805036,487,2692805523,2692805523
2025-06-19 02:56:08,REAL,2692805523,490,2692806013,2692806013
2025-06-19 02:56:10,REAL,2692806013,478,2692806491,2692806491
2025-06-19 02:56:12,REAL,2692806491,485,2692806976,2692806976
2025-06-19 02:56:14,REAL,2692806976,481,2692807457,2692807457
2025-06-19 02:56:16,REAL,2692807457,480,2692807937,2692807937
2025-06-19 02:56:18,REAL,2692807937,479,2692808416,2692808416
2025-06-19 02:56:20,REAL,2692808416,487,2692808903,2692808903
2025-06-19 02:56:22,REAL,2692808903,591,2692809494,2692809494
2025-06-19 02:56:24,REAL,2692809494,479,2692809973,2692809973
2025-06-19 02:56:26,REAL,2692809973,485,2692810458,2692810458
2025-06-19 02:56:28,REAL,2692810458,486,2692810944,2692810944
2025-06-19 02:56:30,REAL,2692810944,490,2692811434,2692811434
2025-06-19 02:56:32,REAL,2692811434,490,2692811924,2692811924
2025-06-19 02:56:34,REAL,2692811924,478,2692812402,2692812402
2025-06-19 02:56:36,REAL,2692812402,490,2692812892,2692812892
2025-06-19 02:56:38,REAL,2692812892,483,2692813375,2692813375
2025-06-19 02:56:40,REAL,2692813375,489,2692813864,2692813864
2025-06-19 02:56:42,REAL,2692813864,489,2692814353,2692814353
2025-06-19 02:56:44,REAL,2692814353,477,2692814830,2692814830
2025-06-19 02:56:46,REAL,2692814830,476,2692815306,2692815306
2025-06-19 02:56:48,REAL,2692815306,11315,2692826621,2692826621
2025-06-19 02:56:50,REAL,2692826621,10317,2692836938,2692836938
2025-06-19 02:56:52,REAL,2692836938,10321,2692847259,2692847259
2025-06-19 02:56:54,REAL,2692847259,10246,2692857505,2692857505
2025-06-19 02:56:56,REAL,2692857505,10259,2692867764,2692867764
2025-06-19 02:56:58,REAL,2692867764,10253,2692878017,2692878017
2025-06-19 02:57:00,REAL,2692878017,10384,2692888401,2692888401
2025-06-19 02:57:02,REAL,2692888401,6022,2692894423,2692894423
2025-06-19 02:57:04,REAL,2692894423,484,2692894907,2692894907
2025-06-19 02:57:06,REAL,2692894907,478,2692895385,2692895385
2025-06-19 02:57:08,REAL,2692895385,493,2692895878,2692895878
2025-06-19 02:57:10,REAL,2692895878,485,2692896363,2692896363
2025-06-19 02:57:12,REAL,2692896363,493,2692896856,2692896856
2025-06-19 02:57:14,REAL,2692896856,480,2692897336,2692897336
2025-06-19 02:57:16,REAL,2692897336,538,2692897874,2692897874
2025-06-19 02:57:18,REAL,2692897874,490,2692898364,2692898364
2025-06-19 02:57:20,REAL,2692898364,479,2692898843,2692898843
2025-06-19 02:57:22,REAL,2692898843,490,2692899333,2692899333
2025-06-19 02:57:24,REAL,2692899333,484,2692899817,2692899817
2025-06-19 02:57:26,REAL,2692899817,486,2692900303,2692900303
2025-06-19 02:57:28,REAL,2692900303,479,2692900782,2692900782
2025-06-19 02:57:30,REAL,2692900782,488,2692901270,2692901270
2025-06-19 02:57:32,REAL,2692901270,481,2692901751,2692901751
2025-06-19 02:57:34,REAL,2692901751,491,2692902242,2692902242
2025-06-19 02:57:36,REAL,2692902242,483,2692902725,2692902725
2025-06-19 02:57:38,REAL,2692902725,479,2692903204,2692903204
2025-06-19 02:57:40,REAL,2692903204,545,2692903749,2692903749
2025-06-19 02:57:42,REAL,2692903749,487,2692904236,2692904236
2025-06-19 02:57:44,REAL,2692904236,485,2692904721,2692904721
2025-06-19 02:57:46,REAL,2692904721,545,2692905266,2692905266
2025-06-19 02:57:48,REAL,2692905266,481,2692905747,2692905747
2025-06-19 02:57:50,REAL,2692905747,486,2692906233,2692906233
2025-06-19 02:57:52,REAL,2692906233,489,2692906722,2692906722
2025-06-19 02:57:54,REAL,2692906722,485,2692907207,2692907207
2025-06-19 02:57:56,REAL,2692907207,493,2692907700,2692907700
2025-06-19 02:57:58,REAL,2692907700,478,2692908178,2692908178
2025-06-19 02:58:00,REAL,2692908178,490,2692908668,2692908668
2025-06-19 02:58:02,REAL,2692908668,485,2692909153,2692909153
2025-06-19 02:58:04,REAL,2692909153,479,2692909632,2692909632
2025-06-19 02:58:06,REAL,2692909632,481,2692910113,2692910113
2025-06-19 02:58:08,REAL,2692910113,477,2692910590,2692910590
2025-06-19 02:58:10,REAL,2692910590,488,2692911078,2692911078
2025-06-19 02:58:12,REAL,2692911078,481,2692911559,2692911559
2025-06-19 02:58:14,REAL,2692911559,547,2692912106,2692912106
2025-06-19 02:58:16,REAL,2692912106,481,2692912587,2692912587
2025-06-19 02:58:18,REAL,2692912587,487,2692913074,2692913074
2025-06-19 02:58:20,REAL,2692913074,539,2692913613,2692913613
2025-06-19 02:58:22,REAL,2692913613,484,2692914097,2692914097
2025-06-19 02:58:24,REAL,2692914097,485,2692914582,2692914582
2025-06-19 02:58:26,REAL,2692914582,481,2692915063,2692915063
2025-06-19 02:58:28,REAL,2692915063,483,2692915546,2692915546
2025-06-19 02:58:30,REAL,2692915546,482,2692916028,2692916028
2025-06-19 02:58:32,REAL,2692916028,489,2692916517,2692916517
2025-06-19 02:58:34,REAL,2692916517,487,2692917004,2692917004
2025-06-19 02:58:36,REAL,2692917004,486,2692917490,2692917490
2025-06-19 02:58:38,REAL,2692917490,483,2692917973,2692917973
2025-06-19 02:58:40,REAL,2692917973,485,2692918458,2692918458
2025-06-19 02:58:42,REAL,2692918458,538,2692918996,2692918996
2025-06-19 02:58:44,REAL,2692918996,486,2692919482,2692919482
2025-06-19 02:58:46,REAL,2692919482,481,2692919963,2692919963
2025-06-19 02:58:48,REAL,2692919963,478,2692920441,2692920441
2025-06-19 02:58:50,REAL,2692920441,487,2692920928,2692920928
2025-06-19 02:58:52,REAL,2692920928,491,2692921419,2692921419
2025-06-19 02:58:54,REAL,2692921419,7896,2692929315,2692929315
2025-06-19 02:58:56,REAL,2692929315,10782,2692940097,2692940097
2025-06-19 02:58:58,REAL,2692940097,10304,2692950401,2692950401
2025-06-19 02:59:00,REAL,2692950401,10258,2692960659,2692960659
2025-06-19 02:59:02,REAL,2692960659,10317,2692970976,2692970976
2025-06-19 02:59:04,REAL,2692970976,10251,2692981227,2692981227
2025-06-19 02:59:06,REAL,2692981227,10261,2692991488,2692991488
2025-06-19 02:59:08,REAL,2692991488,8670,2693000158,2693000158
2025-06-19 02:59:10,REAL,2693000158,488,2693000646,2693000646
2025-06-19 02:59:12,REAL,2693000646,479,2693001125,2693001125
2025-06-19 02:59:14,REAL,2693001125,474,2693001599,2693001599
2025-06-19 02:59:16,REAL,2693001599,486,2693002085,2693002085
2025-06-19 02:59:18,REAL,2693002085,482,2693002567,2693002567
2025-06-19 02:59:20,REAL,2693002567,481,2693003048,2693003048
2025-06-19 02:59:22,REAL,2693003048,478,2693003526,2693003526
2025-06-19 02:59:24,REAL,2693003526,491,2693004017,2693004017
2025-06-19 02:59:26,REAL,2693004017,8880,2693012897,2693012897
2025-06-19 02:59:28,REAL,2693012897,10649,2693023546,2693023546
2025-06-19 02:59:30,REAL,2693023546,10253,2693033799,2693033799
2025-06-19 02:59:32,REAL,2693033799,10250,2693044049,2693044049
2025-06-19 02:59:34,REAL,2693044049,10316,2693054365,2693054365
2025-06-19 02:59:36,REAL,2693054365,10312,2693064677,2693064677
2025-06-19 02:59:38,REAL,2693064677,10255,2693074932,2693074932
2025-06-19 02:59:40,REAL,2693074932,8082,2693083014,2693083014
2025-06-19 02:59:42,REAL,2693083014,486,2693083500,2693083500
2025-06-19 02:59:44,REAL,2693083500,480,2693083980,2693083980
2025-06-19 02:59:46,REAL,2693083980,3401,2693087381,2693087381
2025-06-19 02:59:48,REAL,2693087381,11575,2693098956,2693098956
2025-06-19 02:59:50,REAL,2693098956,10258,2693109214,2693109214
2025-06-19 02:59:52,REAL,2693109214,10324,2693119538,2693119538
2025-06-19 02:59:54,REAL,2693119538,10247,2693129785,2693129785
2025-06-19 02:59:56,REAL,2693129785,10252,2693140037,2693140037
2025-06-19 02:59:58,REAL,2693140037,10251,2693150288,2693150288
2025-06-19 03:00:00,REAL,2693150288,10255,2693160543,2693160543
2025-06-19 03:00:02,REAL,2693160543,2927,2693163470,2693163470
2025-06-19 03:00:04,REAL,2693163470,485,2693163955,2693163955
2025-06-19 03:00:06,REAL,2693163955,484,2693164439,2693164439
2025-06-19 03:00:08,REAL,2693164439,494,2693164933,2693164933
2025-06-19 03:00:10,REAL,2693164933,484,2693165417,2693165417
2025-06-19 03:00:12,REAL,2693165417,484,2693165901,2693165901
2025-06-19 03:00:14,REAL,2693165901,481,2693166382,2693166382
2025-06-19 03:00:16,REAL,2693166382,536,2693166918,2693166918
2025-06-19 03:00:18,REAL,2693166918,4116,2693171034,2693171034
2025-06-19 03:00:20,REAL,2693171034,14277,2693185311,2693185311
2025-06-19 03:00:22,REAL,2693185311,10319,2693195630,2693195630
2025-06-19 03:00:24,REAL,2693195630,10261,2693205891,2693205891
2025-06-19 03:00:26,REAL,2693205891,10258,2693216149,2693216149
2025-06-19 03:00:28,REAL,2693216149,10255,2693226404,2693226404
2025-06-19 03:00:30,REAL,2693226404,10315,2693236719,2693236719
2025-06-19 03:00:32,REAL,2693236719,10254,2693246973,2693246973
2025-06-19 03:00:34,REAL,2693246973,2267,2693249240,2693249240
2025-06-19 03:00:36,REAL,2693249240,485,2693249725,2693249725
2025-06-19 03:00:38,REAL,2693249725,486,2693250211,2693250211
2025-06-19 03:00:40,REAL,2693250211,480,2693250691,2693250691
2025-06-19 03:00:42,REAL,2693250691,481,2693251172,2693251172
2025-06-19 03:00:44,REAL,2693251172,4319,2693255491,2693255491
2025-06-19 03:00:46,REAL,2693255491,11181,2693266672,2693266672
2025-06-19 03:00:48,REAL,2693266672,10257,2693276929,2693276929
2025-06-19 03:00:50,REAL,2693276929,10251,2693287180,2693287180
2025-06-19 03:00:52,REAL,2693287180,10315,2693297495,2693297495
2025-06-19 03:00:54,REAL,2693297495,10307,2693307802,2693307802
2025-06-19 03:00:56,REAL,2693307802,10256,2693318058,2693318058
2025-06-19 03:00:58,REAL,2693318058,10253,2693328311,2693328311
2025-06-19 03:01:00,REAL,2693328311,1996,2693330307,2693330307
2025-06-19 03:01:02,REAL,2693330307,475,2693330782,2693330782
2025-06-19 03:01:04,REAL,2693330782,489,2693331271,2693331271
2025-06-19 03:01:06,REAL,2693331271,477,2693331748,2693331748
2025-06-19 03:01:08,REAL,2693331748,485,2693332233,2693332233
2025-06-19 03:01:10,REAL,2693332233,484,2693332717,2693332717
2025-06-19 03:01:12,REAL,2693332717,485,2693333202,2693333202
2025-06-19 03:01:14,REAL,2693333202,481,2693333683,2693333683
2025-06-19 03:01:16,REAL,2693333683,484,2693334167,2693334167
2025-06-19 03:01:18,REAL,2693334167,490,2693334657,2693334657
2025-06-19 03:01:20,REAL,2693334657,481,2693335138,2693335138
2025-06-19 03:01:22,REAL,2693335138,474,2693335612,2693335612
2025-06-19 03:01:24,REAL,2693335612,477,2693336089,2693336089
2025-06-19 03:01:26,REAL,2693336089,488,2693336577,2693336577
2025-06-19 03:01:28,REAL,2693336577,541,2693337118,2693337118
2025-06-19 03:01:30,REAL,2693337118,478,2693337596,2693337596
2025-06-19 03:01:32,REAL,2693337596,488,2693338084,2693338084
2025-06-19 03:01:34,REAL,2693338084,542,2693338626,2693338626
2025-06-19 03:01:36,REAL,2693338626,482,2693339108,2693339108
2025-06-19 03:01:38,REAL,2693339108,492,2693339600,2693339600
2025-06-19 03:01:40,REAL,2693339600,478,2693340078,2693340078
2025-06-19 03:01:42,REAL,2693340078,483,2693340561,2693340561
2025-06-19 03:01:44,REAL,2693340561,492,2693341053,2693341053
2025-06-19 03:01:46,REAL,2693341053,477,2693341530,2693341530
2025-06-19 03:01:48,REAL,2693341530,477,2693342007,2693342007
2025-06-19 03:01:50,REAL,2693342007,483,2693342490,2693342490
2025-06-19 03:01:52,REAL,2693342490,487,2693342977,2693342977
2025-06-19 03:01:54,REAL,2693342977,479,2693343456,2693343456
2025-06-19 03:01:56,REAL,2693343456,484,2693343940,2693343940
2025-06-19 03:01:58,REAL,2693343940,486,2693344426,2693344426
2025-06-19 03:02:00,REAL,2693344426,474,2693344900,2693344900
2025-06-19 03:02:02,REAL,2693344900,485,2693345385,2693345385
2025-06-19 03:02:04,REAL,2693345385,486,2693345871,2693345871
2025-06-19 03:02:06,REAL,2693345871,534,2693346405,2693346405
2025-06-19 03:02:08,REAL,2693346405,481,2693346886,2693346886
2025-06-19 03:02:10,REAL,2693346886,489,2693347375,2693347375
2025-06-19 03:02:12,REAL,2693347375,483,2693347858,2693347858
2025-06-19 03:02:14,REAL,2693347858,537,2693348395,2693348395
2025-06-19 03:02:16,REAL,2693348395,492,2693348887,2693348887
2025-06-19 03:02:18,REAL,2693348887,482,2693349369,2693349369
2025-06-19 03:02:20,REAL,2693349369,477,2693349846,2693349846
2025-06-19 03:02:22,REAL,2693349846,488,2693350334,2693350334
2025-06-19 03:02:24,REAL,2693350334,476,2693350810,2693350810
2025-06-19 03:02:26,REAL,2693350810,479,2693351289,2693351289
2025-06-19 03:02:28,REAL,2693351289,481,2693351770,2693351770
2025-06-19 03:02:30,REAL,2693351770,478,2693352248,2693352248
2025-06-19 03:02:32,REAL,2693352248,489,2693352737,2693352737
2025-06-19 03:02:34,REAL,2693352737,479,2693353216,2693353216
2025-06-19 03:02:36,REAL,2693353216,485,2693353701,2693353701
2025-06-19 03:02:38,REAL,2693353701,534,2693354235,2693354235
2025-06-19 03:02:40,REAL,2693354235,480,2693354715,2693354715
2025-06-19 03:02:42,REAL,2693354715,480,2693355195,2693355195
2025-06-19 03:02:44,REAL,2693355195,476,2693355671,2693355671
2025-06-19 03:02:46,REAL,2693355671,486,2693356157,2693356157
2025-06-19 03:02:48,REAL,2693356157,483,2693356640,2693356640
2025-06-19 03:02:50,REAL,2693356640,486,2693357126,2693357126
2025-06-19 03:02:52,REAL,2693357126,486,2693357612,2693357612
2025-06-19 03:02:54,REAL,2693357612,486,2693358098,2693358098
2025-06-19 03:02:56,REAL,2693358098,484,2693358582,2693358582
2025-06-19 03:02:58,REAL,2693358582,541,2693359123,2693359123
2025-06-19 03:03:00,REAL,2693359123,487,2693359610,2693359610
2025-06-19 03:03:02,REAL,2693359610,485,2693360095,2693360095
2025-06-19 03:03:04,REAL,2693360095,485,2693360580,2693360580
2025-06-19 03:03:06,REAL,2693360580,478,2693361058,2693361058
2025-06-19 03:03:08,REAL,2693361058,477,2693361535,2693361535
2025-06-19 03:03:10,REAL,2693361535,485,2693362020,2693362020
2025-06-19 03:03:12,REAL,2693362020,545,2693362565,2693362565
2025-06-19 03:03:14,REAL,2693362565,489,2693363054,2693363054
2025-06-19 03:03:16,REAL,2693363054,483,2693363537,2693363537
2025-06-19 03:03:18,REAL,2693363537,486,2693364023,2693364023
2025-06-19 03:03:20,REAL,2693364023,491,2693364514,2693364514
2025-06-19 03:03:22,REAL,2693364514,492,2693365006,2693365006
2025-06-19 03:03:24,REAL,2693365006,481,2693365487,2693365487
2025-06-19 03:03:26,REAL,2693365487,489,2693365976,2693365976
2025-06-19 03:03:28,REAL,2693365976,485,2693366461,2693366461
2025-06-19 03:03:30,REAL,2693366461,484,2693366945,2693366945
2025-06-19 03:03:32,REAL,2693366945,478,2693367423,2693367423
2025-06-19 03:03:34,REAL,2693367423,479,2693367902,2693367902
2025-06-19 03:03:36,REAL,2693367902,485,2693368387,2693368387
2025-06-19 03:03:38,REAL,2693368387,487,2693368874,2693368874
2025-06-19 03:03:40,REAL,2693368874,484,2693369358,2693369358
2025-06-19 03:03:42,REAL,2693369358,478,2693369836,2693369836
2025-06-19 03:03:44,REAL,2693369836,592,2693370428,2693370428
2025-06-19 03:03:46,REAL,2693370428,477,2693370905,2693370905
2025-06-19 03:03:48,REAL,2693370905,490,2693371395,2693371395
2025-06-19 03:03:50,REAL,2693371395,484,2693371879,2693371879
2025-06-19 03:03:52,REAL,2693371879,477,2693372356,2693372356
2025-06-19 03:03:54,REAL,2693372356,485,2693372841,2693372841
2025-06-19 03:03:56,REAL,2693372841,477,2693373318,2693373318
2025-06-19 03:03:58,REAL,2693373318,484,2693373802,2693373802
2025-06-19 03:04:00,REAL,2693373802,3194,2693376996,2693376996
2025-06-19 03:04:02,REAL,2693376996,15001,2693391997,2693391997
2025-06-19 03:04:04,REAL,2693391997,10312,2693402309,2693402309
2025-06-19 03:04:06,REAL,2693402309,10247,2693412556,2693412556
2025-06-19 03:04:08,REAL,2693412556,10327,2693422883,2693422883
2025-06-19 03:04:10,REAL,2693422883,10245,2693433128,2693433128
2025-06-19 03:04:12,REAL,2693433128,10312,2693443440,2693443440
2025-06-19 03:04:14,REAL,2693443440,10258,2693453698,2693453698
2025-06-19 03:04:16,REAL,2693453698,3191,2693456889,2693456889
2025-06-19 03:04:18,REAL,2693456889,535,2693457424,2693457424
2025-06-19 03:04:20,REAL,2693457424,478,2693457902,2693457902
2025-06-19 03:04:22,REAL,2693457902,478,2693458380,2693458380
2025-06-19 03:04:24,REAL,2693458380,477,2693458857,2693458857
2025-06-19 03:04:26,REAL,2693458857,488,2693459345,2693459345
2025-06-19 03:04:28,REAL,2693459345,488,2693459833,2693459833
2025-06-19 03:04:30,REAL,2693459833,484,2693460317,2693460317
2025-06-19 03:04:32,REAL,2693460317,481,2693460798,2693460798
2025-06-19 03:04:34,REAL,2693460798,534,2693461332,2693461332
2025-06-19 03:04:36,REAL,2693461332,478,2693461810,2693461810
2025-06-19 03:04:38,REAL,2693461810,485,2693462295,2693462295
2025-06-19 03:04:40,REAL,2693462295,484,2693462779,2693462779
2025-06-19 03:04:42,REAL,2693462779,477,2693463256,2693463256
2025-06-19 03:04:44,REAL,2693463256,484,2693463740,2693463740
2025-06-19 03:04:46,REAL,2693463740,489,2693464229,2693464229
2025-06-19 03:04:48,REAL,2693464229,475,2693464704,2693464704
2025-06-19 03:04:50,REAL,2693464704,538,2693465242,2693465242
2025-06-19 03:04:52,REAL,2693465242,482,2693465724,2693465724
2025-06-19 03:04:54,REAL,2693465724,479,2693466203,2693466203
2025-06-19 03:04:56,REAL,2693466203,478,2693466681,2693466681
2025-06-19 03:04:58,REAL,2693466681,492,2693467173,2693467173
2025-06-19 03:05:00,REAL,2693467173,482,2693467655,2693467655
2025-06-19 03:05:02,REAL,2693467655,485,2693468140,2693468140
2025-06-19 03:05:04,REAL,2693468140,4520,2693472660,2693472660
2025-06-19 03:05:06,REAL,2693472660,11317,2693483977,2693483977
2025-06-19 03:05:08,REAL,2693483977,10248,2693494225,2693494225
2025-06-19 03:05:10,REAL,2693494225,10254,2693504479,2693504479
2025-06-19 03:05:12,REAL,2693504479,10314,2693514793,2693514793
2025-06-19 03:05:14,REAL,2693514793,10249,2693525042,2693525042
2025-06-19 03:05:16,REAL,2693525042,10320,2693535362,2693535362
2025-06-19 03:05:18,REAL,2693535362,11175,2693546537,2693546537
2025-06-19 03:05:20,REAL,2693546537,942,2693547479,2693547479
2025-06-19 03:05:22,REAL,2693547479,545,2693548024,2693548024
2025-06-19 03:05:24,REAL,2693548024,487,2693548511,2693548511
2025-06-19 03:05:26,REAL,2693548511,479,2693548990,2693548990
2025-06-19 03:05:28,REAL,2693548990,477,2693549467,2693549467
2025-06-19 03:05:30,REAL,2693549467,480,2693549947,2693549947
2025-06-19 03:05:32,REAL,2693549947,484,2693550431,2693550431
2025-06-19 03:05:34,REAL,2693550431,491,2693550922,2693550922
2025-06-19 03:05:36,REAL,2693550922,480,2693551402,2693551402
2025-06-19 03:05:38,REAL,2693551402,540,2693551942,2693551942
2025-06-19 03:05:40,REAL,2693551942,480,2693552422,2693552422
2025-06-19 03:05:42,REAL,2693552422,484,2693552906,2693552906
2025-06-19 03:05:44,REAL,2693552906,484,2693553390,2693553390
2025-06-19 03:05:46,REAL,2693553390,484,2693553874,2693553874
2025-06-19 03:05:48,REAL,2693553874,491,2693554365,2693554365
2025-06-19 03:05:50,REAL,2693554365,488,2693554853,2693554853
2025-06-19 03:05:52,REAL,2693554853,488,2693555341,2693555341
2025-06-19 03:05:54,REAL,2693555341,477,2693555818,2693555818
2025-06-19 03:05:56,REAL,2693555818,534,2693556352,2693556352
2025-06-19 03:05:58,REAL,2693556352,12169,2693568521,2693568521
2025-06-19 03:06:00,REAL,2693568521,10249,2693578770,2693578770
2025-06-19 03:06:02,REAL,2693578770,10243,2693589013,2693589013
2025-06-19 03:06:04,REAL,2693589013,10321,2693599334,2693599334
2025-06-19 03:06:06,REAL,2693599334,10256,2693609590,2693609590
2025-06-19 03:06:08,REAL,2693609590,10256,2693619846,2693619846
2025-06-19 03:06:10,REAL,2693619846,10318,2693630164,2693630164
2025-06-19 03:06:12,REAL,2693630164,5831,2693635995,2693635995
2025-06-19 03:06:14,REAL,2693635995,492,2693636487,2693636487
2025-06-19 03:06:16,REAL,2693636487,479,2693636966,2693636966
2025-06-19 03:06:18,REAL,2693636966,482,2693637448,2693637448
2025-06-19 03:06:20,REAL,2693637448,485,2693637933,2693637933
2025-06-19 03:06:22,REAL,2693637933,484,2693638417,2693638417
2025-06-19 03:06:24,REAL,2693638417,486,2693638903,2693638903
2025-06-19 03:06:26,REAL,2693638903,488,2693639391,2693639391
2025-06-19 03:06:28,REAL,2693639391,481,2693639872,2693639872
2025-06-19 03:06:30,REAL,2693639872,540,2693640412,2693640412
2025-06-19 03:06:32,REAL,2693640412,488,2693640900,2693640900
2025-06-19 03:06:34,REAL,2693640900,489,2693641389,2693641389
2025-06-19 03:06:36,REAL,2693641389,483,2693641872,2693641872
2025-06-19 03:06:38,REAL,2693641872,546,2693642418,2693642418
2025-06-19 03:06:40,REAL,2693642418,484,2693642902,2693642902
2025-06-19 03:06:42,REAL,2693642902,485,2693643387,2693643387
2025-06-19 03:06:44,REAL,2693643387,483,2693643870,2693643870
2025-06-19 03:06:46,REAL,2693643870,480,2693644350,2693644350
2025-06-19 03:06:48,REAL,2693644350,479,2693644829,2693644829
2025-06-19 03:06:50,REAL,2693644829,484,2693645313,2693645313
2025-06-19 03:06:52,REAL,2693645313,484,2693645797,2693645797
2025-06-19 03:06:54,REAL,2693645797,483,2693646280,2693646280
2025-06-19 03:06:56,REAL,2693646280,484,2693646764,2693646764
2025-06-19 03:06:58,REAL,2693646764,475,2693647239,2693647239
2025-06-19 03:07:00,REAL,2693647239,486,2693647725,2693647725
2025-06-19 03:07:02,REAL,2693647725,489,2693648214,2693648214
2025-06-19 03:07:04,REAL,2693648214,549,2693648763,2693648763
2025-06-19 03:07:06,REAL,2693648763,485,2693649248,2693649248
2025-06-19 03:07:08,REAL,2693649248,481,2693649729,2693649729
2025-06-19 03:07:10,REAL,2693649729,483,2693650212,2693650212
2025-06-19 03:07:12,REAL,2693650212,481,2693650693,2693650693
2025-06-19 03:07:14,REAL,2693650693,483,2693651176,2693651176
2025-06-19 03:07:16,REAL,2693651176,493,2693651669,2693651669
2025-06-19 03:07:18,REAL,2693651669,479,2693652148,2693652148
2025-06-19 03:07:20,REAL,2693652148,484,2693652632,2693652632
2025-06-19 03:07:22,REAL,2693652632,539,2693653171,2693653171
2025-06-19 03:07:24,REAL,2693653171,478,2693653649,2693653649
2025-06-19 03:07:26,REAL,2693653649,486,2693654135,2693654135
2025-06-19 03:07:28,REAL,2693654135,479,2693654614,2693654614
2025-06-19 03:07:30,REAL,2693654614,482,2693655096,2693655096
2025-06-19 03:07:32,REAL,2693655096,487,2693655583,2693655583
2025-06-19 03:07:34,REAL,2693655583,478,2693656061,2693656061
2025-06-19 03:07:36,REAL,2693656061,539,2693656600,2693656600
2025-06-19 03:07:38,REAL,2693656600,487,2693657087,2693657087
2025-06-19 03:07:40,REAL,2693657087,478,2693657565,2693657565
2025-06-19 03:07:42,REAL,2693657565,481,2693658046,2693658046
2025-06-19 03:07:44,REAL,2693658046,484,2693658530,2693658530
2025-06-19 03:07:46,REAL,2693658530,491,2693659021,2693659021
2025-06-19 03:07:48,REAL,2693659021,489,2693659510,2693659510
2025-06-19 03:07:50,REAL,2693659510,485,2693659995,2693659995
2025-06-19 03:07:52,REAL,2693659995,489,2693660484,2693660484
2025-06-19 03:07:54,REAL,2693660484,481,2693660965,2693660965
2025-06-19 03:07:56,REAL,2693660965,479,2693661444,2693661444
2025-06-19 03:07:58,REAL,2693661444,2141,2693663585,2693663585
2025-06-19 03:08:00,REAL,2693663585,14011,2693677596,2693677596
2025-06-19 03:08:02,REAL,2693677596,10317,2693687913,2693687913
2025-06-19 03:08:04,REAL,2693687913,10312,2693698225,2693698225
2025-06-19 03:08:06,REAL,2693698225,10258,2693708483,2693708483
2025-06-19 03:08:08,REAL,2693708483,10324,2693718807,2693718807
2025-06-19 03:08:10,REAL,2693718807,10260,2693729067,2693729067
2025-06-19 03:08:12,REAL,2693729067,10249,2693739316,2693739316
2025-06-19 03:08:14,REAL,2693739316,3858,2693743174,2693743174
2025-06-19 03:08:16,REAL,2693743174,479,2693743653,2693743653
2025-06-19 03:08:18,REAL,2693743653,483,2693744136,2693744136
2025-06-19 03:08:20,REAL,2693744136,484,2693744620,2693744620
2025-06-19 03:08:22,REAL,2693744620,486,2693745106,2693745106
2025-06-19 03:08:24,REAL,2693745106,485,2693745591,2693745591
2025-06-19 03:08:26,REAL,2693745591,484,2693746075,2693746075
2025-06-19 03:08:28,REAL,2693746075,492,2693746567,2693746567
2025-06-19 03:08:30,REAL,2693746567,483,2693747050,2693747050
2025-06-19 03:08:32,REAL,2693747050,532,2693747582,2693747582
2025-06-19 03:08:34,REAL,2693747582,481,2693748063,2693748063
2025-06-19 03:08:36,REAL,2693748063,489,2693748552,2693748552
2025-06-19 03:08:38,REAL,2693748552,489,2693749041,2693749041
2025-06-19 03:08:40,REAL,2693749041,484,2693749525,2693749525
2025-06-19 03:08:42,REAL,2693749525,488,2693750013,2693750013
2025-06-19 03:08:44,REAL,2693750013,486,2693750499,2693750499
2025-06-19 03:08:46,REAL,2693750499,487,2693750986,2693750986
2025-06-19 03:08:48,REAL,2693750986,537,2693751523,2693751523
2025-06-19 03:08:50,REAL,2693751523,480,2693752003,2693752003
2025-06-19 03:08:52,REAL,2693752003,486,2693752489,2693752489
2025-06-19 03:08:54,REAL,2693752489,484,2693752973,2693752973
2025-06-19 03:08:56,REAL,2693752973,490,2693753463,2693753463
2025-06-19 03:08:58,REAL,2693753463,492,2693753955,2693753955
2025-06-19 03:09:00,REAL,2693753955,494,2693754449,2693754449
2025-06-19 03:09:02,REAL,2693754449,483,2693754932,2693754932
2025-06-19 03:09:04,REAL,2693754932,541,2693755473,2693755473
2025-06-19 03:09:06,REAL,2693755473,484,2693755957,2693755957
2025-06-19 03:09:08,REAL,2693755957,486,2693756443,2693756443
2025-06-19 03:09:10,REAL,2693756443,481,2693756924,2693756924
2025-06-19 03:09:12,REAL,2693756924,484,2693757408,2693757408
2025-06-19 03:09:14,REAL,2693757408,483,2693757891,2693757891
2025-06-19 03:09:16,REAL,2693757891,482,2693758373,2693758373
2025-06-19 03:09:18,REAL,2693758373,482,2693758855,2693758855
2025-06-19 03:09:20,REAL,2693758855,481,2693759336,2693759336
2025-06-19 03:09:22,REAL,2693759336,481,2693759817,2693759817
2025-06-19 03:09:24,REAL,2693759817,482,2693760299,2693760299
2025-06-19 03:09:26,REAL,2693760299,492,2693760791,2693760791
2025-06-19 03:09:28,REAL,2693760791,485,2693761276,2693761276
2025-06-19 03:09:30,REAL,2693761276,486,2693761762,2693761762
2025-06-19 03:09:32,REAL,2693761762,540,2693762302,2693762302
2025-06-19 03:09:34,REAL,2693762302,489,2693762791,2693762791
2025-06-19 03:09:36,REAL,2693762791,480,2693763271,2693763271
2025-06-19 03:09:38,REAL,2693763271,492,2693763763,2693763763
2025-06-19 03:09:40,REAL,2693763763,490,2693764253,2693764253
2025-06-19 03:09:42,REAL,2693764253,486,2693764739,2693764739
2025-06-19 03:09:44,REAL,2693764739,477,2693765216,2693765216
2025-06-19 03:09:46,REAL,2693765216,485,2693765701,2693765701
2025-06-19 03:09:48,REAL,2693765701,482,2693766183,2693766183
2025-06-19 03:09:50,REAL,2693766183,489,2693766672,2693766672
2025-06-19 03:09:52,REAL,2693766672,532,2693767204,2693767204
2025-06-19 03:09:54,REAL,2693767204,485,2693767689,2693767689
2025-06-19 03:09:56,REAL,2693767689,479,2693768168,2693768168
2025-06-19 03:09:58,REAL,2693768168,488,2693768656,2693768656
2025-06-19 03:10:00,REAL,2693768656,484,2693769140,2693769140
2025-06-19 03:10:02,REAL,2693769140,485,2693769625,2693769625
2025-06-19 03:10:04,REAL,2693769625,480,2693770105,2693770105
2025-06-19 03:10:06,REAL,2693770105,487,2693770592,2693770592
2025-06-19 03:10:08,REAL,2693770592,477,2693771069,2693771069
2025-06-19 03:10:10,REAL,2693771069,491,2693771560,2693771560
2025-06-19 03:10:12,REAL,2693771560,484,2693772044,2693772044
2025-06-19 03:10:14,REAL,2693772044,544,2693772588,2693772588
2025-06-19 03:10:16,REAL,2693772588,475,2693773063,2693773063
2025-06-19 03:10:18,REAL,2693773063,488,2693773551,2693773551
2025-06-19 03:10:20,REAL,2693773551,493,2693774044,2693774044
2025-06-19 03:10:22,REAL,2693774044,476,2693774520,2693774520
2025-06-19 03:10:24,REAL,2693774520,480,2693775000,2693775000
2025-06-19 03:10:26,REAL,2693775000,474,2693775474,2693775474
2025-06-19 03:10:28,REAL,2693775474,482,2693775956,2693775956
2025-06-19 03:10:30,REAL,2693775956,484,2693776440,2693776440
2025-06-19 03:10:32,REAL,2693776440,488,2693776928,2693776928
2025-06-19 03:10:34,REAL,2693776928,483,2693777411,2693777411
2025-06-19 03:10:36,REAL,2693777411,480,2693777891,2693777891
2025-06-19 03:10:38,REAL,2693777891,487,2693778378,2693778378
2025-06-19 03:10:40,REAL,2693778378,480,2693778858,2693778858
2025-06-19 03:10:42,REAL,2693778858,540,2693779398,2693779398
2025-06-19 03:10:44,REAL,2693779398,482,2693779880,2693779880
2025-06-19 03:10:46,REAL,2693779880,480,2693780360,2693780360
2025-06-19 03:10:48,REAL,2693780360,484,2693780844,2693780844
2025-06-19 03:10:50,REAL,2693780844,485,2693781329,2693781329
2025-06-19 03:10:52,REAL,2693781329,490,2693781819,2693781819
2025-06-19 03:10:54,REAL,2693781819,477,2693782296,2693782296
2025-06-19 03:10:56,REAL,2693782296,486,2693782782,2693782782
2025-06-19 03:10:58,REAL,2693782782,547,2693783329,2693783329
2025-06-19 03:11:00,REAL,2693783329,477,2693783806,2693783806
2025-06-19 03:11:02,REAL,2693783806,485,2693784291,2693784291
2025-06-19 03:11:04,REAL,2693784291,493,2693784784,2693784784
2025-06-19 03:11:06,REAL,2693784784,482,2693785266,2693785266
2025-06-19 03:11:08,REAL,2693785266,479,2693785745,2693785745
2025-06-19 03:11:10,REAL,2693785745,488,2693786233,2693786233
2025-06-19 03:11:12,REAL,2693786233,480,2693786713,2693786713
2025-06-19 03:11:14,REAL,2693786713,481,2693787194,2693787194
2025-06-19 03:11:16,REAL,2693787194,490,2693787684,2693787684
2025-06-19 03:11:18,REAL,2693787684,482,2693788166,2693788166
2025-06-19 03:11:20,REAL,2693788166,485,2693788651,2693788651
2025-06-19 03:11:22,REAL,2693788651,487,2693789138,2693789138
2025-06-19 03:11:24,REAL,2693789138,490,2693789628,2693789628
2025-06-19 03:11:26,REAL,2693789628,487,2693790115,2693790115
2025-06-19 03:11:28,REAL,2693790115,482,2693790597,2693790597
2025-06-19 03:11:30,REAL,2693790597,534,2693791131,2693791131
2025-06-19 03:11:32,REAL,2693791131,480,2693791611,2693791611
2025-06-19 03:11:34,REAL,2693791611,477,2693792088,2693792088
2025-06-19 03:11:36,REAL,2693792088,479,2693792567,2693792567
2025-06-19 03:11:38,REAL,2693792567,492,2693793059,2693793059
2025-06-19 03:11:40,REAL,2693793059,532,2693793591,2693793591
2025-06-19 03:11:42,REAL,2693793591,477,2693794068,2693794068
2025-06-19 03:11:44,REAL,2693794068,488,2693794556,2693794556
2025-06-19 03:11:46,REAL,2693794556,488,2693795044,2693795044
2025-06-19 03:11:48,REAL,2693795044,485,2693795529,2693795529
2025-06-19 03:11:50,REAL,2693795529,477,2693796006,2693796006
2025-06-19 03:11:52,REAL,2693796006,486,2693796492,2693796492
2025-06-19 03:11:54,REAL,2693796492,482,2693796974,2693796974
2025-06-19 03:11:56,REAL,2693796974,484,2693797458,2693797458
2025-06-19 03:11:58,REAL,2693797458,483,2693797941,2693797941
2025-06-19 03:12:00,REAL,2693797941,480,2693798421,2693798421
2025-06-19 03:12:02,REAL,2693798421,488,2693798909,2693798909
2025-06-19 03:12:04,REAL,2693798909,482,2693799391,2693799391
2025-06-19 03:12:06,REAL,2693799391,487,2693799878,2693799878
2025-06-19 03:12:08,REAL,2693799878,487,2693800365,2693800365
2025-06-19 03:12:10,REAL,2693800365,483,2693800848,2693800848
2025-06-19 03:12:12,REAL,2693800848,478,2693801326,2693801326
2025-06-19 03:12:14,REAL,2693801326,493,2693801819,2693801819
2025-06-19 03:12:16,REAL,2693801819,492,2693802311,2693802311
2025-06-19 03:12:18,REAL,2693802311,490,2693802801,2693802801
2025-06-19 03:12:20,REAL,2693802801,597,2693803398,2693803398
2025-06-19 03:12:22,REAL,2693803398,478,2693803876,2693803876
2025-06-19 03:12:24,REAL,2693803876,487,2693804363,2693804363
2025-06-19 03:12:26,REAL,2693804363,481,2693804844,2693804844
2025-06-19 03:12:28,REAL,2693804844,492,2693805336,2693805336
2025-06-19 03:12:30,REAL,2693805336,484,2693805820,2693805820
2025-06-19 03:12:32,REAL,2693805820,475,2693806295,2693806295
2025-06-19 03:12:34,REAL,2693806295,481,2693806776,2693806776
2025-06-19 03:12:36,REAL,2693806776,480,2693807256,2693807256
2025-06-19 03:12:38,REAL,2693807256,245,2693807501,2693807501
2025-06-19 03:12:40,REAL,2693807501,480,2693807981,2693807981
2025-06-19 03:12:42,REAL,2693807981,488,2693808469,2693808469
2025-06-19 03:12:44,REAL,2693808469,2929,2693811398,2693811398
2025-06-19 03:12:46,REAL,2693811398,11172,2693822570,2693822570
2025-06-19 03:12:48,REAL,2693822570,10254,2693832824,2693832824
2025-06-19 03:12:50,REAL,2693832824,10256,2693843080,2693843080
2025-06-19 03:12:52,REAL,2693843080,10253,2693853333,2693853333
2025-06-19 03:12:54,REAL,2693853333,10327,2693863660,2693863660
2025-06-19 03:12:56,REAL,2693863660,10251,2693873911,2693873911
2025-06-19 03:12:58,REAL,2693873911,10256,2693884167,2693884167
2025-06-19 03:13:00,REAL,2693884167,3256,2693887423,2693887423
2025-06-19 03:13:02,REAL,2693887423,532,2693887955,2693887955
2025-06-19 03:13:04,REAL,2693887955,479,2693888434,2693888434
2025-06-19 03:13:06,REAL,2693888434,475,2693888909,2693888909
2025-06-19 03:13:08,REAL,2693888909,490,2693889399,2693889399
2025-06-19 03:13:10,REAL,2693889399,489,2693889888,2693889888
2025-06-19 03:13:12,REAL,2693889888,477,2693890365,2693890365
2025-06-19 03:13:14,REAL,2693890365,483,2693890848,2693890848
2025-06-19 03:13:16,REAL,2693890848,3722,2693894570,2693894570
2025-06-19 03:13:18,REAL,2693894570,11908,2693906478,2693906478
2025-06-19 03:13:20,REAL,2693906478,10251,2693916729,2693916729
2025-06-19 03:13:22,REAL,2693916729,10258,2693926987,2693926987
2025-06-19 03:13:24,REAL,2693926987,10255,2693937242,2693937242
2025-06-19 03:13:26,REAL,2693937242,10246,2693947488,2693947488
2025-06-19 03:13:28,REAL,2693947488,10256,2693957744,2693957744
2025-06-19 03:13:30,REAL,2693957744,10253,2693967997,2693967997
2025-06-19 03:13:32,REAL,2693967997,2665,2693970662,2693970662
2025-06-19 03:13:34,REAL,2693970662,483,2693971145,2693971145
2025-06-19 03:13:36,REAL,2693971145,482,2693971627,2693971627
2025-06-19 03:13:38,REAL,2693971627,479,2693972106,2693972106
2025-06-19 03:13:40,REAL,2693972106,480,2693972586,2693972586
2025-06-19 03:13:42,REAL,2693972586,539,2693973125,2693973125
2025-06-19 03:13:44,REAL,2693973125,493,2693973618,2693973618
2025-06-19 03:13:46,REAL,2693973618,483,2693974101,2693974101
2025-06-19 03:13:48,REAL,2693974101,4450,2693978551,2693978551
2025-06-19 03:13:50,REAL,2693978551,11572,2693990123,2693990123
2025-06-19 03:13:52,REAL,2693990123,10250,2694000373,2694000373
2025-06-19 03:13:54,REAL,2694000373,10312,2694010685,2694010685
2025-06-19 03:13:56,REAL,2694010685,10245,2694020930,2694020930
2025-06-19 03:13:58,REAL,2694020930,10314,2694031244,2694031244
2025-06-19 03:14:00,REAL,2694031244,10179,2694041423,2694041423
2025-06-19 03:14:02,REAL,2694041423,10317,2694051740,2694051740
2025-06-19 03:14:04,REAL,2694051740,2000,2694053740,2694053740
2025-06-19 03:14:06,REAL,2694053740,490,2694054230,2694054230
2025-06-19 03:14:08,REAL,2694054230,478,2694054708,2694054708
2025-06-19 03:14:10,REAL,2694054708,487,2694055195,2694055195
2025-06-19 03:14:12,REAL,2694055195,490,2694055685,2694055685
2025-06-19 03:14:14,REAL,2694055685,486,2694056171,2694056171
2025-06-19 03:14:16,REAL,2694056171,481,2694056652,2694056652
2025-06-19 03:14:18,REAL,2694056652,491,2694057143,2694057143
2025-06-19 03:14:20,REAL,2694057143,4980,2694062123,2694062123
2025-06-19 03:14:22,REAL,2694062123,11435,2694073558,2694073558
2025-06-19 03:14:24,REAL,2694073558,10311,2694083869,2694083869
2025-06-19 03:14:26,REAL,2694083869,10313,2694094182,2694094182
2025-06-19 03:14:28,REAL,2694094182,10261,2694104443,2694104443
2025-06-19 03:14:30,REAL,2694104443,10316,2694114759,2694114759
2025-06-19 03:14:32,REAL,2694114759,10250,2694125009,2694125009
2025-06-19 03:14:34,REAL,2694125009,10309,2694135318,2694135318
2025-06-19 03:14:36,REAL,2694135318,1411,2694136729,2694136729
2025-06-19 03:14:38,REAL,2694136729,490,2694137219,2694137219
2025-06-19 03:14:40,REAL,2694137219,482,2694137701,2694137701
2025-06-19 03:14:42,REAL,2694137701,481,2694138182,2694138182
2025-06-19 03:14:44,REAL,2694138182,477,2694138659,2694138659
2025-06-19 03:14:46,REAL,2694138659,486,2694139145,2694139145
2025-06-19 03:14:48,REAL,2694139145,487,2694139632,2694139632
2025-06-19 03:14:50,REAL,2694139632,488,2694140120,2694140120
2025-06-19 03:14:52,REAL,2694140120,6898,2694147018,2694147018
2025-06-19 03:14:54,REAL,2694147018,10987,2694158005,2694158005
2025-06-19 03:14:56,REAL,2694158005,10313,2694168318,2694168318
2025-06-19 03:14:58,REAL,2694168318,10248,2694178566,2694178566
2025-06-19 03:15:00,REAL,2694178566,10246,2694188812,2694188812
2025-06-19 03:15:02,REAL,2694188812,10247,2694199059,2694199059
2025-06-19 03:15:04,REAL,2694199059,10375,2694209434,2694209434
2025-06-19 03:15:06,REAL,2694209434,10258,2694219692,2694219692
2025-06-19 03:15:08,REAL,2694219692,815,2694220507,2694220507
2025-06-19 03:15:10,REAL,2694220507,483,2694220990,2694220990
2025-06-19 03:15:12,REAL,2694220990,490,2694221480,2694221480
2025-06-19 03:15:14,REAL,2694221480,490,2694221970,2694221970
2025-06-19 03:15:16,REAL,2694221970,483,2694222453,2694222453
2025-06-19 03:15:18,REAL,2694222453,485,2694222938,2694222938
2025-06-19 03:15:20,REAL,2694222938,488,2694223426,2694223426
2025-06-19 03:15:22,REAL,2694223426,483,2694223909,2694223909
2025-06-19 03:15:24,REAL,2694223909,488,2694224397,2694224397
2025-06-19 03:15:26,REAL,2694224397,494,2694224891,2694224891
2025-06-19 03:15:28,REAL,2694224891,481,2694225372,2694225372
2025-06-19 03:15:30,REAL,2694225372,480,2694225852,2694225852
2025-06-19 03:15:32,REAL,2694225852,484,2694226336,2694226336
2025-06-19 03:15:34,REAL,2694226336,487,2694226823,2694226823
2025-06-19 03:15:36,REAL,2694226823,479,2694227302,2694227302
2025-06-19 03:15:38,REAL,2694227302,542,2694227844,2694227844
2025-06-19 03:15:40,REAL,2694227844,488,2694228332,2694228332
2025-06-19 03:15:42,REAL,2694228332,488,2694228820,2694228820
2025-06-19 03:15:44,REAL,2694228820,484,2694229304,2694229304
2025-06-19 03:15:46,REAL,2694229304,478,2694229782,2694229782
2025-06-19 03:15:48,REAL,2694229782,539,2694230321,2694230321
2025-06-19 03:15:50,REAL,2694230321,492,2694230813,2694230813
2025-06-19 03:15:52,REAL,2694230813,485,2694231298,2694231298
2025-06-19 03:15:54,REAL,2694231298,489,2694231787,2694231787
2025-06-19 03:15:56,REAL,2694231787,474,2694232261,2694232261
2025-06-19 03:15:58,REAL,2694232261,482,2694232743,2694232743
2025-06-19 03:16:00,REAL,2694232743,483,2694233226,2694233226
2025-06-19 03:16:02,REAL,2694233226,484,2694233710,2694233710
2025-06-19 03:16:04,REAL,2694233710,489,2694234199,2694234199
2025-06-19 03:16:06,REAL,2694234199,9006,2694243205,2694243205
2025-06-19 03:16:08,REAL,2694243205,12687,2694255892,2694255892
2025-06-19 03:16:10,REAL,2694255892,10312,2694266204,2694266204
2025-06-19 03:16:12,REAL,2694266204,10250,2694276454,2694276454
2025-06-19 03:16:14,REAL,2694276454,10249,2694286703,2694286703
2025-06-19 03:16:16,REAL,2694286703,10318,2694297021,2694297021
2025-06-19 03:16:18,REAL,2694297021,10260,2694307281,2694307281
2025-06-19 03:16:20,REAL,2694307281,9262,2694316543,2694316543
2025-06-19 03:16:22,REAL,2694316543,483,2694317026,2694317026
2025-06-19 03:16:24,REAL,2694317026,490,2694317516,2694317516
2025-06-19 03:16:26,REAL,2694317516,479,2694317995,2694317995
2025-06-19 03:16:28,REAL,2694317995,474,2694318469,2694318469
2025-06-19 03:16:30,REAL,2694318469,534,2694319003,2694319003
2025-06-19 03:16:32,REAL,2694319003,482,2694319485,2694319485
2025-06-19 03:16:34,REAL,2694319485,485,2694319970,2694319970
2025-06-19 03:16:36,REAL,2694319970,494,2694320464,2694320464
2025-06-19 03:16:38,REAL,2694320464,8351,2694328815,2694328815
2025-06-19 03:16:40,REAL,2694328815,10844,2694339659,2694339659
2025-06-19 03:16:42,REAL,2694339659,10315,2694349974,2694349974
2025-06-19 03:16:44,REAL,2694349974,10253,2694360227,2694360227
2025-06-19 03:16:46,REAL,2694360227,10254,2694370481,2694370481
2025-06-19 03:16:48,REAL,2694370481,10314,2694380795,2694380795
2025-06-19 03:16:50,REAL,2694380795,10247,2694391042,2694391042
2025-06-19 03:16:52,REAL,2694391042,8670,2694399712,2694399712
2025-06-19 03:16:54,REAL,2694399712,480,2694400192,2694400192
2025-06-19 03:16:56,REAL,2694400192,485,2694400677,2694400677
2025-06-19 03:16:58,REAL,2694400677,480,2694401157,2694401157
2025-06-19 03:17:00,REAL,2694401157,480,2694401637,2694401637
2025-06-19 03:17:02,REAL,2694401637,485,2694402122,2694402122
2025-06-19 03:17:04,REAL,2694402122,490,2694402612,2694402612
2025-06-19 03:17:06,REAL,2694402612,539,2694403151,2694403151
2025-06-19 03:17:08,REAL,2694403151,475,2694403626,2694403626
2025-06-19 03:17:10,REAL,2694403626,484,2694404110,2694404110
2025-06-19 03:17:12,REAL,2694404110,484,2694404594,2694404594
2025-06-19 03:17:14,REAL,2694404594,482,2694405076,2694405076
2025-06-19 03:17:16,REAL,2694405076,476,2694405552,2694405552
2025-06-19 03:17:18,REAL,2694405552,484,2694406036,2694406036
2025-06-19 03:17:20,REAL,2694406036,478,2694406514,2694406514
2025-06-19 03:17:22,REAL,2694406514,487,2694407001,2694407001
2025-06-19 03:17:24,REAL,2694407001,546,2694407547,2694407547
2025-06-19 03:17:26,REAL,2694407547,481,2694408028,2694408028
2025-06-19 03:17:28,REAL,2694408028,487,2694408515,2694408515
2025-06-19 03:17:30,REAL,2694408515,493,2694409008,2694409008
2025-06-19 03:17:32,REAL,2694409008,484,2694409492,2694409492
2025-06-19 03:17:34,REAL,2694409492,480,2694409972,2694409972
2025-06-19 03:17:36,REAL,2694409972,488,2694410460,2694410460
2025-06-19 03:17:38,REAL,2694410460,481,2694410941,2694410941
2025-06-19 03:17:40,REAL,2694410941,539,2694411480,2694411480
2025-06-19 03:17:42,REAL,2694411480,491,2694411971,2694411971
2025-06-19 03:17:44,REAL,2694411971,490,2694412461,2694412461
2025-06-19 03:17:46,REAL,2694412461,481,2694412942,2694412942
2025-06-19 03:17:48,REAL,2694412942,482,2694413424,2694413424
2025-06-19 03:17:50,REAL,2694413424,494,2694413918,2694413918
2025-06-19 03:17:52,REAL,2694413918,492,2694414410,2694414410
2025-06-19 03:17:54,REAL,2694414410,491,2694414901,2694414901
2025-06-19 03:17:56,REAL,2694414901,479,2694415380,2694415380
2025-06-19 03:17:58,REAL,2694415380,489,2694415869,2694415869
2025-06-19 03:18:00,REAL,2694415869,481,2694416350,2694416350
2025-06-19 03:18:02,REAL,2694416350,475,2694416825,2694416825
2025-06-19 03:18:04,REAL,2694416825,493,2694417318,2694417318
2025-06-19 03:18:06,REAL,2694417318,487,2694417805,2694417805
2025-06-19 03:18:08,REAL,2694417805,477,2694418282,2694418282
2025-06-19 03:18:10,REAL,2694418282,482,2694418764,2694418764
2025-06-19 03:18:12,REAL,2694418764,530,2694419294,2694419294
2025-06-19 03:18:14,REAL,2694419294,541,2694419835,2694419835
2025-06-19 03:18:16,REAL,2694419835,478,2694420313,2694420313
2025-06-19 03:18:18,REAL,2694420313,480,2694420793,2694420793
2025-06-19 03:18:20,REAL,2694420793,483,2694421276,2694421276
2025-06-19 03:18:22,REAL,2694421276,486,2694421762,2694421762
2025-06-19 03:18:24,REAL,2694421762,483,2694422245,2694422245
2025-06-19 03:18:26,REAL,2694422245,489,2694422734,2694422734
2025-06-19 03:18:28,REAL,2694422734,488,2694423222,2694423222
2025-06-19 03:18:30,REAL,2694423222,483,2694423705,2694423705
2025-06-19 03:18:32,REAL,2694423705,491,2694424196,2694424196
2025-06-19 03:18:34,REAL,2694424196,480,2694424676,2694424676
2025-06-19 03:18:36,REAL,2694424676,483,2694425159,2694425159
2025-06-19 03:18:38,REAL,2694425159,475,2694425634,2694425634
2025-06-19 03:18:40,REAL,2694425634,489,2694426123,2694426123
2025-06-19 03:18:42,REAL,2694426123,484,2694426607,2694426607
2025-06-19 03:18:44,REAL,2694426607,491,2694427098,2694427098
2025-06-19 03:18:46,REAL,2694427098,490,2694427588,2694427588
2025-06-19 03:18:48,REAL,2694427588,487,2694428075,2694428075
2025-06-19 03:18:50,REAL,2694428075,538,2694428613,2694428613
2025-06-19 03:18:52,REAL,2694428613,487,2694429100,2694429100
2025-06-19 03:18:54,REAL,2694429100,485,2694429585,2694429585
2025-06-19 03:18:56,REAL,2694429585,489,2694430074,2694430074
2025-06-19 03:18:58,REAL,2694430074,542,2694430616,2694430616
2025-06-19 03:19:00,REAL,2694430616,491,2694431107,2694431107
2025-06-19 03:19:02,REAL,2694431107,479,2694431586,2694431586
2025-06-19 03:19:04,REAL,2694431586,481,2694432067,2694432067
2025-06-19 03:19:06,REAL,2694432067,485,2694432552,2694432552
2025-06-19 03:19:08,REAL,2694432552,486,2694433038,2694433038
2025-06-19 03:19:10,REAL,2694433038,488,2694433526,2694433526
2025-06-19 03:19:12,REAL,2694433526,483,2694434009,2694434009
2025-06-19 03:19:14,REAL,2694434009,483,2694434492,2694434492
2025-06-19 03:19:16,REAL,2694434492,481,2694434973,2694434973
2025-06-19 03:19:18,REAL,2694434973,491,2694435464,2694435464
2025-06-19 03:19:20,REAL,2694435464,487,2694435951,2694435951
2025-06-19 03:19:22,REAL,2694435951,482,2694436433,2694436433
2025-06-19 03:19:24,REAL,2694436433,539,2694436972,2694436972
2025-06-19 03:19:26,REAL,2694436972,489,2694437461,2694437461
2025-06-19 03:19:28,REAL,2694437461,484,2694437945,2694437945
2025-06-19 03:19:30,REAL,2694437945,488,2694438433,2694438433
2025-06-19 03:19:32,REAL,2694438433,478,2694438911,2694438911
2025-06-19 03:19:34,REAL,2694438911,485,2694439396,2694439396
2025-06-19 03:19:36,REAL,2694439396,485,2694439881,2694439881
2025-06-19 03:19:38,REAL,2694439881,7693,2694447574,2694447574
2025-06-19 03:19:40,REAL,2694447574,13364,2694460938,2694460938
2025-06-19 03:19:42,REAL,2694460938,10256,2694471194,2694471194
2025-06-19 03:19:44,REAL,2694471194,10244,2694481438,2694481438
2025-06-19 03:19:46,REAL,2694481438,10310,2694491748,2694491748
2025-06-19 03:19:48,REAL,2694491748,10249,2694501997,2694501997
2025-06-19 03:19:50,REAL,2694501997,10245,2694512242,2694512242
2025-06-19 03:19:52,REAL,2694512242,9984,2694522226,2694522226
2025-06-19 03:19:54,REAL,2694522226,484,2694522710,2694522710
2025-06-19 03:19:56,REAL,2694522710,476,2694523186,2694523186
2025-06-19 03:19:58,REAL,2694523186,481,2694523667,2694523667
2025-06-19 03:20:00,REAL,2694523667,539,2694524206,2694524206
2025-06-19 03:20:02,REAL,2694524206,486,2694524692,2694524692
2025-06-19 03:20:04,REAL,2694524692,488,2694525180,2694525180
2025-06-19 03:20:06,REAL,2694525180,479,2694525659,2694525659
2025-06-19 03:20:08,REAL,2694525659,484,2694526143,2694526143
2025-06-19 03:20:10,REAL,2694526143,8947,2694535090,2694535090
2025-06-19 03:20:12,REAL,2694535090,12427,2694547517,2694547517
2025-06-19 03:20:14,REAL,2694547517,10327,2694557844,2694557844
2025-06-19 03:20:16,REAL,2694557844,10250,2694568094,2694568094
2025-06-19 03:20:18,REAL,2694568094,10314,2694578408,2694578408
2025-06-19 03:20:20,REAL,2694578408,10257,2694588665,2694588665
2025-06-19 03:20:22,REAL,2694588665,10254,2694598919,2694598919
2025-06-19 03:20:24,REAL,2694598919,9461,2694608380,2694608380
2025-06-19 03:20:26,REAL,2694608380,487,2694608867,2694608867
2025-06-19 03:20:28,REAL,2694608867,489,2694609356,2694609356
2025-06-19 03:20:30,REAL,2694609356,485,2694609841,2694609841
2025-06-19 03:20:32,REAL,2694609841,481,2694610322,2694610322
2025-06-19 03:20:34,REAL,2694610322,540,2694610862,2694610862
2025-06-19 03:20:36,REAL,2694610862,488,2694611350,2694611350
2025-06-19 03:20:38,REAL,2694611350,485,2694611835,2694611835
2025-06-19 03:20:40,REAL,2694611835,478,2694612313,2694612313
2025-06-19 03:20:42,REAL,2694612313,478,2694612791,2694612791
2025-06-19 03:20:44,REAL,2694612791,481,2694613272,2694613272
2025-06-19 03:20:46,REAL,2694613272,484,2694613756,2694613756
2025-06-19 03:20:48,REAL,2694613756,484,2694614240,2694614240
2025-06-19 03:20:50,REAL,2694614240,487,2694614727,2694614727
2025-06-19 03:20:52,REAL,2694614727,481,2694615208,2694615208
2025-06-19 03:20:54,REAL,2694615208,484,2694615692,2694615692
2025-06-19 03:20:56,REAL,2694615692,475,2694616167,2694616167
2025-06-19 03:20:58,REAL,2694616167,546,2694616713,2694616713
2025-06-19 03:21:00,REAL,2694616713,479,2694617192,2694617192
2025-06-19 03:21:02,REAL,2694617192,482,2694617674,2694617674
2025-06-19 03:21:04,REAL,2694617674,480,2694618154,2694618154
2025-06-19 03:21:06,REAL,2694618154,477,2694618631,2694618631
2025-06-19 03:21:08,REAL,2694618631,537,2694619168,2694619168
2025-06-19 03:21:10,REAL,2694619168,480,2694619648,2694619648
2025-06-19 03:21:12,REAL,2694619648,477,2694620125,2694620125
2025-06-19 03:21:14,REAL,2694620125,11054,2694631179,2694631179
2025-06-19 03:21:16,REAL,2694631179,12034,2694643213,2694643213
2025-06-19 03:21:18,REAL,2694643213,10252,2694653465,2694653465
2025-06-19 03:21:20,REAL,2694653465,10321,2694663786,2694663786
2025-06-19 03:21:22,REAL,2694663786,10248,2694674034,2694674034
2025-06-19 03:21:24,REAL,2694674034,10250,2694684284,2694684284
2025-06-19 03:21:26,REAL,2694684284,10250,2694694534,2694694534
2025-06-19 03:21:28,REAL,2694694534,8142,2694702676,2694702676
2025-06-19 03:21:30,REAL,2694702676,494,2694703170,2694703170
2025-06-19 03:21:32,REAL,2694703170,480,2694703650,2694703650
2025-06-19 03:21:34,REAL,2694703650,488,2694704138,2694704138
2025-06-19 03:21:36,REAL,2694704138,489,2694704627,2694704627
2025-06-19 03:21:38,REAL,2694704627,489,2694705116,2694705116
2025-06-19 03:21:40,REAL,2694705116,478,2694705594,2694705594
2025-06-19 03:21:42,REAL,2694705594,483,2694706077,2694706077
2025-06-19 03:21:44,REAL,2694706077,538,2694706615,2694706615
2025-06-19 03:21:46,REAL,2694706615,476,2694707091,2694707091
2025-06-19 03:21:48,REAL,2694707091,485,2694707576,2694707576
2025-06-19 03:21:50,REAL,2694707576,490,2694708066,2694708066
2025-06-19 03:21:52,REAL,2694708066,480,2694708546,2694708546
2025-06-19 03:21:54,REAL,2694708546,494,2694709040,2694709040
2025-06-19 03:21:56,REAL,2694709040,477,2694709517,2694709517
2025-06-19 03:21:58,REAL,2694709517,480,2694709997,2694709997
2025-06-19 03:22:00,REAL,2694709997,542,2694710539,2694710539
2025-06-19 03:22:02,REAL,2694710539,478,2694711017,2694711017
2025-06-19 03:22:04,REAL,2694711017,482,2694711499,2694711499
2025-06-19 03:22:06,REAL,2694711499,480,2694711979,2694711979
2025-06-19 03:22:08,REAL,2694711979,480,2694712459,2694712459
2025-06-19 03:22:10,REAL,2694712459,488,2694712947,2694712947
2025-06-19 03:22:12,REAL,2694712947,486,2694713433,2694713433
2025-06-19 03:22:14,REAL,2694713433,491,2694713924,2694713924
2025-06-19 03:22:16,REAL,2694713924,546,2694714470,2694714470
2025-06-19 03:22:18,REAL,2694714470,9930,2694724400,2694724400
2025-06-19 03:22:20,REAL,2694724400,10453,2694734853,2694734853
2025-06-19 03:22:22,REAL,2694734853,10257,2694745110,2694745110
2025-06-19 03:22:24,REAL,2694745110,10254,2694755364,2694755364
2025-06-19 03:22:26,REAL,2694755364,10320,2694765684,2694765684
2025-06-19 03:22:28,REAL,2694765684,10251,2694775935,2694775935
2025-06-19 03:22:30,REAL,2694775935,10257,2694786192,2694786192
2025-06-19 03:22:32,REAL,2694786192,6950,2694793142,2694793142
2025-06-19 03:22:34,REAL,2694793142,482,2694793624,2694793624
2025-06-19 03:22:36,REAL,2694793624,482,2694794106,2694794106
2025-06-19 03:22:38,REAL,2694794106,488,2694794594,2694794594
2025-06-19 03:22:40,REAL,2694794594,490,2694795084,2694795084
2025-06-19 03:22:42,REAL,2694795084,491,2694795575,2694795575
2025-06-19 03:22:44,REAL,2694795575,478,2694796053,2694796053
2025-06-19 03:22:46,REAL,2694796053,486,2694796539,2694796539
2025-06-19 03:22:48,REAL,2694796539,478,2694797017,2694797017
2025-06-19 03:22:50,REAL,2694797017,480,2694797497,2694797497
2025-06-19 03:22:52,REAL,2694797497,538,2694798035,2694798035
2025-06-19 03:22:54,REAL,2694798035,481,2694798516,2694798516
2025-06-19 03:22:56,REAL,2694798516,491,2694799007,2694799007
2025-06-19 03:22:58,REAL,2694799007,483,2694799490,2694799490
2025-06-19 03:23:00,REAL,2694799490,486,2694799976,2694799976
2025-06-19 03:23:02,REAL,2694799976,481,2694800457,2694800457
2025-06-19 03:23:04,REAL,2694800457,546,2694801003,2694801003
2025-06-19 03:23:06,REAL,2694801003,483,2694801486,2694801486
2025-06-19 03:23:08,REAL,2694801486,479,2694801965,2694801965
2025-06-19 03:23:10,REAL,2694801965,485,2694802450,2694802450
2025-06-19 03:23:12,REAL,2694802450,486,2694802936,2694802936
2025-06-19 03:23:14,REAL,2694802936,487,2694803423,2694803423
2025-06-19 03:23:16,REAL,2694803423,487,2694803910,2694803910
2025-06-19 03:23:18,REAL,2694803910,478,2694804388,2694804388
2025-06-19 03:23:20,REAL,2694804388,486,2694804874,2694804874
2025-06-19 03:23:22,REAL,2694804874,489,2694805363,2694805363
2025-06-19 03:23:24,REAL,2694805363,489,2694805852,2694805852
2025-06-19 03:23:26,REAL,2694805852,537,2694806389,2694806389
2025-06-19 03:23:28,REAL,2694806389,482,2694806871,2694806871
2025-06-19 03:23:30,REAL,2694806871,482,2694807353,2694807353
2025-06-19 03:23:32,REAL,2694807353,488,2694807841,2694807841
2025-06-19 03:23:34,REAL,2694807841,481,2694808322,2694808322
2025-06-19 03:23:36,REAL,2694808322,486,2694808808,2694808808
2025-06-19 03:23:38,REAL,2694808808,489,2694809297,2694809297
2025-06-19 03:23:40,REAL,2694809297,488,2694809785,2694809785
2025-06-19 03:23:42,REAL,2694809785,484,2694810269,2694810269
2025-06-19 03:23:44,REAL,2694810269,487,2694810756,2694810756
2025-06-19 03:23:46,REAL,2694810756,479,2694811235,2694811235
2025-06-19 03:23:48,REAL,2694811235,484,2694811719,2694811719
2025-06-19 03:23:50,REAL,2694811719,483,2694812202,2694812202
2025-06-19 03:23:52,REAL,2694812202,478,2694812680,2694812680
2025-06-19 03:23:54,REAL,2694812680,543,2694813223,2694813223
2025-06-19 03:23:56,REAL,2694813223,489,2694813712,2694813712
2025-06-19 03:23:58,REAL,2694813712,547,2694814259,2694814259
2025-06-19 03:24:00,REAL,2694814259,479,2694814738,2694814738
2025-06-19 03:24:02,REAL,2694814738,484,2694815222,2694815222
2025-06-19 03:24:04,REAL,2694815222,484,2694815706,2694815706
2025-06-19 03:24:06,REAL,2694815706,475,2694816181,2694816181
2025-06-19 03:24:08,REAL,2694816181,488,2694816669,2694816669
2025-06-19 03:24:10,REAL,2694816669,491,2694817160,2694817160
2025-06-19 03:24:12,REAL,2694817160,486,2694817646,2694817646
2025-06-19 03:24:14,REAL,2694817646,475,2694818121,2694818121
2025-06-19 03:24:16,REAL,2694818121,492,2694818613,2694818613
2025-06-19 03:24:18,REAL,2694818613,476,2694819089,2694819089
2025-06-19 03:24:20,REAL,2694819089,486,2694819575,2694819575
2025-06-19 03:24:22,REAL,2694819575,475,2694820050,2694820050
2025-06-19 03:24:24,REAL,2694820050,483,2694820533,2694820533
2025-06-19 03:24:26,REAL,2694820533,478,2694821011,2694821011
2025-06-19 03:24:28,REAL,2694821011,482,2694821493,2694821493
2025-06-19 03:24:30,REAL,2694821493,8936,2694830429,2694830429
2025-06-19 03:24:32,REAL,2694830429,12411,2694842840,2694842840
2025-06-19 03:24:34,REAL,2694842840,10253,2694853093,2694853093
2025-06-19 03:24:36,REAL,2694853093,10255,2694863348,2694863348
2025-06-19 03:24:38,REAL,2694863348,10316,2694873664,2694873664
2025-06-19 03:24:40,REAL,2694873664,10247,2694883911,2694883911
2025-06-19 03:24:42,REAL,2694883911,10313,2694894224,2694894224
2025-06-19 03:24:44,REAL,2694894224,9390,2694903614,2694903614
2025-06-19 03:24:46,REAL,2694903614,494,2694904108,2694904108
2025-06-19 03:24:48,REAL,2694904108,491,2694904599,2694904599
2025-06-19 03:24:50,REAL,2694904599,491,2694905090,2694905090
2025-06-19 03:24:52,REAL,2694905090,539,2694905629,2694905629
2025-06-19 03:24:54,REAL,2694905629,483,2694906112,2694906112
2025-06-19 03:24:56,REAL,2694906112,478,2694906590,2694906590
2025-06-19 03:24:58,REAL,2694906590,481,2694907071,2694907071
2025-06-19 03:25:00,REAL,2694907071,489,2694907560,2694907560
2025-06-19 03:25:02,REAL,2694907560,486,2694908046,2694908046
2025-06-19 03:25:04,REAL,2694908046,483,2694908529,2694908529
2025-06-19 03:25:06,REAL,2694908529,537,2694909066,2694909066
2025-06-19 03:25:08,REAL,2694909066,484,2694909550,2694909550
2025-06-19 03:25:10,REAL,2694909550,485,2694910035,2694910035
2025-06-19 03:25:12,REAL,2694910035,480,2694910515,2694910515
2025-06-19 03:25:14,REAL,2694910515,542,2694911057,2694911057
2025-06-19 03:25:16,REAL,2694911057,487,2694911544,2694911544
2025-06-19 03:25:18,REAL,2694911544,489,2694912033,2694912033
2025-06-19 03:25:20,REAL,2694912033,488,2694912521,2694912521
2025-06-19 03:25:22,REAL,2694912521,492,2694913013,2694913013
2025-06-19 03:25:24,REAL,2694913013,474,2694913487,2694913487
2025-06-19 03:25:26,REAL,2694913487,478,2694913965,2694913965
2025-06-19 03:25:28,REAL,2694913965,481,2694914446,2694914446
2025-06-19 03:25:30,REAL,2694914446,485,2694914931,2694914931
2025-06-19 03:25:32,REAL,2694914931,490,2694915421,2694915421
2025-06-19 03:25:34,REAL,2694915421,482,2694915903,2694915903
2025-06-19 03:25:36,REAL,2694915903,546,2694916449,2694916449
2025-06-19 03:25:38,REAL,2694916449,3006,2694919455,2694919455
2025-06-19 03:25:40,REAL,2694919455,11629,2694931084,2694931084
2025-06-19 03:25:42,REAL,2694931084,10249,2694941333,2694941333
2025-06-19 03:25:44,REAL,2694941333,10258,2694951591,2694951591
2025-06-19 03:25:46,REAL,2694951591,10312,2694961903,2694961903
2025-06-19 03:25:48,REAL,2694961903,10249,2694972152,2694972152
2025-06-19 03:25:50,REAL,2694972152,10249,2694982401,2694982401
2025-06-19 03:25:52,REAL,2694982401,10311,2694992712,2694992712
2025-06-19 03:25:54,REAL,2694992712,3196,2694995908,2694995908
2025-06-19 03:25:56,REAL,2694995908,487,2694996395,2694996395
2025-06-19 03:25:58,REAL,2694996395,486,2694996881,2694996881
2025-06-19 03:26:00,REAL,2694996881,536,2694997417,2694997417
2025-06-19 03:26:02,REAL,2694997417,482,2694997899,2694997899
2025-06-19 03:26:04,REAL,2694997899,486,2694998385,2694998385
2025-06-19 03:26:06,REAL,2694998385,487,2694998872,2694998872
2025-06-19 03:26:08,REAL,2694998872,484,2694999356,2694999356
2025-06-19 03:26:10,REAL,2694999356,477,2694999833,2694999833
2025-06-19 03:26:12,REAL,2694999833,493,2695000326,2695000326
2025-06-19 03:26:14,REAL,2695000326,541,2695000867,2695000867
2025-06-19 03:26:16,REAL,2695000867,488,2695001355,2695001355
2025-06-19 03:26:18,REAL,2695001355,487,2695001842,2695001842
2025-06-19 03:26:20,REAL,2695001842,479,2695002321,2695002321
2025-06-19 03:26:22,REAL,2695002321,539,2695002860,2695002860
2025-06-19 03:26:24,REAL,2695002860,481,2695003341,2695003341
2025-06-19 03:26:26,REAL,2695003341,484,2695003825,2695003825
2025-06-19 03:26:28,REAL,2695003825,492,2695004317,2695004317
2025-06-19 03:26:30,REAL,2695004317,484,2695004801,2695004801
2025-06-19 03:26:32,REAL,2695004801,490,2695005291,2695005291
2025-06-19 03:26:34,REAL,2695005291,479,2695005770,2695005770
2025-06-19 03:26:36,REAL,2695005770,479,2695006249,2695006249
2025-06-19 03:26:38,REAL,2695006249,490,2695006739,2695006739
2025-06-19 03:26:40,REAL,2695006739,494,2695007233,2695007233
2025-06-19 03:26:42,REAL,2695007233,485,2695007718,2695007718
2025-06-19 03:26:44,REAL,2695007718,538,2695008256,2695008256
2025-06-19 03:26:46,REAL,2695008256,483,2695008739,2695008739
2025-06-19 03:26:48,REAL,2695008739,546,2695009285,2695009285
2025-06-19 03:26:50,REAL,2695009285,480,2695009765,2695009765
2025-06-19 03:26:52,REAL,2695009765,480,2695010245,2695010245
2025-06-19 03:26:54,REAL,2695010245,486,2695010731,2695010731
2025-06-19 03:26:56,REAL,2695010731,477,2695011208,2695011208
2025-06-19 03:26:58,REAL,2695011208,490,2695011698,2695011698
2025-06-19 03:27:00,REAL,2695011698,481,2695012179,2695012179
2025-06-19 03:27:02,REAL,2695012179,490,2695012669,2695012669
2025-06-19 03:27:04,REAL,2695012669,489,2695013158,2695013158
2025-06-19 03:27:06,REAL,2695013158,541,2695013699,2695013699
2025-06-19 03:27:08,REAL,2695013699,489,2695014188,2695014188
2025-06-19 03:27:10,REAL,2695014188,478,2695014666,2695014666
2025-06-19 03:27:12,REAL,2695014666,535,2695015201,2695015201
2025-06-19 03:27:14,REAL,2695015201,490,2695015691,2695015691
2025-06-19 03:27:16,REAL,2695015691,482,2695016173,2695016173
2025-06-19 03:27:18,REAL,2695016173,488,2695016661,2695016661
2025-06-19 03:27:20,REAL,2695016661,486,2695017147,2695017147
2025-06-19 03:27:22,REAL,2695017147,485,2695017632,2695017632
2025-06-19 03:27:24,REAL,2695017632,486,2695018118,2695018118
2025-06-19 03:27:26,REAL,2695018118,485,2695018603,2695018603
2025-06-19 03:27:28,REAL,2695018603,538,2695019141,2695019141
2025-06-19 03:27:30,REAL,2695019141,485,2695019626,2695019626
2025-06-19 03:27:32,REAL,2695019626,479,2695020105,2695020105
2025-06-19 03:27:34,REAL,2695020105,493,2695020598,2695020598
2025-06-19 03:27:36,REAL,2695020598,11317,2695031915,2695031915
2025-06-19 03:27:38,REAL,2695031915,10324,2695042239,2695042239
2025-06-19 03:27:40,REAL,2695042239,10311,2695052550,2695052550
2025-06-19 03:27:42,REAL,2695052550,10318,2695062868,2695062868
2025-06-19 03:27:44,REAL,2695062868,10259,2695073127,2695073127
2025-06-19 03:27:46,REAL,2695073127,10312,2695083439,2695083439
2025-06-19 03:27:48,REAL,2695083439,10252,2695093691,2695093691
2025-06-19 03:27:50,REAL,2695093691,5896,2695099587,2695099587
2025-06-19 03:27:52,REAL,2695099587,485,2695100072,2695100072
2025-06-19 03:27:54,REAL,2695100072,482,2695100554,2695100554
2025-06-19 03:27:56,REAL,2695100554,481,2695101035,2695101035
2025-06-19 03:27:58,REAL,2695101035,544,2695101579,2695101579
2025-06-19 03:28:00,REAL,2695101579,492,2695102071,2695102071
2025-06-19 03:28:02,REAL,2695102071,485,2695102556,2695102556
2025-06-19 03:28:04,REAL,2695102556,485,2695103041,2695103041
2025-06-19 03:28:06,REAL,2695103041,536,2695103577,2695103577
2025-06-19 03:28:08,REAL,2695103577,12630,2695116207,2695116207
2025-06-19 03:28:10,REAL,2695116207,10243,2695126450,2695126450
2025-06-19 03:28:12,REAL,2695126450,10258,2695136708,2695136708
2025-06-19 03:28:14,REAL,2695136708,10258,2695146966,2695146966
2025-06-19 03:28:16,REAL,2695146966,10252,2695157218,2695157218
2025-06-19 03:28:18,REAL,2695157218,10244,2695167462,2695167462
2025-06-19 03:28:20,REAL,2695167462,10259,2695177721,2695177721
2025-06-19 03:28:22,REAL,2695177721,5303,2695183024,2695183024
2025-06-19 03:28:24,REAL,2695183024,485,2695183509,2695183509
2025-06-19 03:28:26,REAL,2695183509,483,2695183992,2695183992
2025-06-19 03:28:28,REAL,2695183992,482,2695184474,2695184474
2025-06-19 03:28:30,REAL,2695184474,537,2695185011,2695185011
2025-06-19 03:28:32,REAL,2695185011,492,2695185503,2695185503
2025-06-19 03:28:34,REAL,2695185503,540,2695186043,2695186043
2025-06-19 03:28:36,REAL,2695186043,483,2695186526,2695186526
2025-06-19 03:28:38,REAL,2695186526,1157,2695187683,2695187683
2025-06-19 03:28:40,REAL,2695187683,12228,2695199911,2695199911
2025-06-19 03:28:42,REAL,2695199911,10319,2695210230,2695210230
2025-06-19 03:28:44,REAL,2695210230,10255,2695220485,2695220485
2025-06-19 03:28:46,REAL,2695220485,10252,2695230737,2695230737
2025-06-19 03:28:48,REAL,2695230737,10317,2695241054,2695241054
2025-06-19 03:28:50,REAL,2695241054,10255,2695251309,2695251309
2025-06-19 03:28:52,REAL,2695251309,10248,2695261557,2695261557
2025-06-19 03:28:54,REAL,2695261557,4637,2695266194,2695266194
2025-06-19 03:28:56,REAL,2695266194,485,2695266679,2695266679
2025-06-19 03:28:58,REAL,2695266679,484,2695267163,2695267163
2025-06-19 03:29:00,REAL,2695267163,535,2695267698,2695267698
2025-06-19 03:29:02,REAL,2695267698,531,2695268229,2695268229
2025-06-19 03:29:04,REAL,2695268229,482,2695268711,2695268711
2025-06-19 03:29:06,REAL,2695268711,482,2695269193,2695269193
2025-06-19 03:29:08,REAL,2695269193,484,2695269677,2695269677
2025-06-19 03:29:10,REAL,2695269677,2006,2695271683,2695271683
2025-06-19 03:29:12,REAL,2695271683,11975,2695283658,2695283658
2025-06-19 03:29:14,REAL,2695283658,10261,2695293919,2695293919
2025-06-19 03:29:16,REAL,2695293919,10257,2695304176,2695304176
2025-06-19 03:29:18,REAL,2695304176,10259,2695314435,2695314435
2025-06-19 03:29:20,REAL,2695314435,10326,2695324761,2695324761
2025-06-19 03:29:22,REAL,2695324761,10261,2695335022,2695335022
2025-06-19 03:29:24,REAL,2695335022,10252,2695345274,2695345274
2025-06-19 03:29:26,REAL,2695345274,4036,2695349310,2695349310
2025-06-19 03:29:28,REAL,2695349310,485,2695349795,2695349795
2025-06-19 03:29:30,REAL,2695349795,485,2695350280,2695350280
2025-06-19 03:29:32,REAL,2695350280,475,2695350755,2695350755
2025-06-19 03:29:34,REAL,2695350755,482,2695351237,2695351237
2025-06-19 03:29:36,REAL,2695351237,246,2695351483,2695351483
2025-06-19 03:29:38,REAL,2695351483,488,2695351971,2695351971
2025-06-19 03:29:40,REAL,2695351971,483,2695352454,2695352454
2025-06-19 03:29:42,REAL,2695352454,486,2695352940,2695352940
2025-06-19 03:29:44,REAL,2695352940,484,2695353424,2695353424
2025-06-19 03:29:46,REAL,2695353424,540,2695353964,2695353964
2025-06-19 03:29:48,REAL,2695353964,489,2695354453,2695354453
2025-06-19 03:29:50,REAL,2695354453,482,2695354935,2695354935
2025-06-19 03:29:52,REAL,2695354935,482,2695355417,2695355417
2025-06-19 03:29:54,REAL,2695355417,534,2695355951,2695355951
2025-06-19 03:29:56,REAL,2695355951,483,2695356434,2695356434
2025-06-19 03:29:58,REAL,2695356434,490,2695356924,2695356924
2025-06-19 03:30:00,REAL,2695356924,490,2695357414,2695357414
2025-06-19 03:30:02,REAL,2695357414,479,2695357893,2695357893
2025-06-19 03:30:04,REAL,2695357893,477,2695358370,2695358370
2025-06-19 03:30:06,REAL,2695358370,486,2695358856,2695358856
2025-06-19 03:30:08,REAL,2695358856,560,2695359416,2695359416
2025-06-19 03:30:10,REAL,2695359416,485,2695359901,2695359901
2025-06-19 03:30:12,REAL,2695359901,476,2695360377,2695360377
2025-06-19 03:30:14,REAL,2695360377,483,2695360860,2695360860
2025-06-19 03:30:16,REAL,2695360860,478,2695361338,2695361338
2025-06-19 03:30:18,REAL,2695361338,481,2695361819,2695361819
2025-06-19 03:30:20,REAL,2695361819,9786,2695371605,2695371605
2025-06-19 03:30:22,REAL,2695371605,10517,2695382122,2695382122
2025-06-19 03:30:24,REAL,2695382122,10254,2695392376,2695392376
2025-06-19 03:30:26,REAL,2695392376,10251,2695402627,2695402627
2025-06-19 03:30:28,REAL,2695402627,10254,2695412881,2695412881
2025-06-19 03:30:30,REAL,2695412881,10248,2695423129,2695423129
2025-06-19 03:30:32,REAL,2695423129,10258,2695433387,2695433387
2025-06-19 03:30:34,REAL,2695433387,7609,2695440996,2695440996
2025-06-19 03:30:36,REAL,2695440996,477,2695441473,2695441473
2025-06-19 03:30:38,REAL,2695441473,490,2695441963,2695441963
2025-06-19 03:30:40,REAL,2695441963,481,2695442444,2695442444
2025-06-19 03:30:42,REAL,2695442444,485,2695442929,2695442929
2025-06-19 03:30:44,REAL,2695442929,484,2695443413,2695443413
2025-06-19 03:30:46,REAL,2695443413,541,2695443954,2695443954
2025-06-19 03:30:48,REAL,2695443954,488,2695444442,2695444442
2025-06-19 03:30:50,REAL,2695444442,482,2695444924,2695444924
2025-06-19 03:30:52,REAL,2695444924,10391,2695455315,2695455315
2025-06-19 03:30:54,REAL,2695455315,10382,2695465697,2695465697
2025-06-19 03:30:56,REAL,2695465697,10259,2695475956,2695475956
2025-06-19 03:30:58,REAL,2695475956,10251,2695486207,2695486207
2025-06-19 03:31:00,REAL,2695486207,10315,2695496522,2695496522
2025-06-19 03:31:02,REAL,2695496522,10248,2695506770,2695506770
2025-06-19 03:31:04,REAL,2695506770,10252,2695517022,2695517022
2025-06-19 03:31:06,REAL,2695517022,7021,2695524043,2695524043
2025-06-19 03:31:08,REAL,2695524043,484,2695524527,2695524527
2025-06-19 03:31:10,REAL,2695524527,485,2695525012,2695525012
2025-06-19 03:31:12,REAL,2695525012,480,2695525492,2695525492
2025-06-19 03:31:14,REAL,2695525492,533,2695526025,2695526025
2025-06-19 03:31:16,REAL,2695526025,479,2695526504,2695526504
2025-06-19 03:31:18,REAL,2695526504,484,2695526988,2695526988
2025-06-19 03:31:20,REAL,2695526988,486,2695527474,2695527474
2025-06-19 03:31:22,REAL,2695527474,484,2695527958,2695527958
2025-06-19 03:31:24,REAL,2695527958,482,2695528440,2695528440
2025-06-19 03:31:26,REAL,2695528440,482,2695528922,2695528922
2025-06-19 03:31:28,REAL,2695528922,537,2695529459,2695529459
2025-06-19 03:31:30,REAL,2695529459,483,2695529942,2695529942
2025-06-19 03:31:32,REAL,2695529942,481,2695530423,2695530423
2025-06-19 03:31:34,REAL,2695530423,482,2695530905,2695530905
2025-06-19 03:31:36,REAL,2695530905,494,2695531399,2695531399
2025-06-19 03:31:38,REAL,2695531399,482,2695531881,2695531881
2025-06-19 03:31:40,REAL,2695531881,485,2695532366,2695532366
2025-06-19 03:31:42,REAL,2695532366,544,2695532910,2695532910
2025-06-19 03:31:44,REAL,2695532910,477,2695533387,2695533387
2025-06-19 03:31:46,REAL,2695533387,475,2695533862,2695533862
2025-06-19 03:31:48,REAL,2695533862,482,2695534344,2695534344
2025-06-19 03:31:50,REAL,2695534344,478,2695534822,2695534822
2025-06-19 03:31:52,REAL,2695534822,491,2695535313,2695535313
2025-06-19 03:31:54,REAL,2695535313,482,2695535795,2695535795
2025-06-19 03:31:56,REAL,2695535795,483,2695536278,2695536278
2025-06-19 03:31:58,REAL,2695536278,484,2695536762,2695536762
2025-06-19 03:32:00,REAL,2695536762,484,2695537246,2695537246
2025-06-19 03:32:02,REAL,2695537246,483,2695537729,2695537729
2025-06-19 03:32:04,REAL,2695537729,482,2695538211,2695538211
2025-06-19 03:32:06,REAL,2695538211,532,2695538743,2695538743
2025-06-19 03:32:08,REAL,2695538743,487,2695539230,2695539230
2025-06-19 03:32:10,REAL,2695539230,536,2695539766,2695539766
2025-06-19 03:32:12,REAL,2695539766,487,2695540253,2695540253
2025-06-19 03:32:14,REAL,2695540253,484,2695540737,2695540737
2025-06-19 03:32:16,REAL,2695540737,480,2695541217,2695541217
2025-06-19 03:32:18,REAL,2695541217,485,2695541702,2695541702
2025-06-19 03:32:20,REAL,2695541702,481,2695542183,2695542183
2025-06-19 03:32:22,REAL,2695542183,490,2695542673,2695542673
2025-06-19 03:32:24,REAL,2695542673,488,2695543161,2695543161
2025-06-19 03:32:26,REAL,2695543161,484,2695543645,2695543645
2025-06-19 03:32:28,REAL,2695543645,481,2695544126,2695544126
2025-06-19 03:32:30,REAL,2695544126,482,2695544608,2695544608
2025-06-19 03:32:32,REAL,2695544608,489,2695545097,2695545097
2025-06-19 03:32:34,REAL,2695545097,487,2695545584,2695545584
2025-06-19 03:32:36,REAL,2695545584,477,2695546061,2695546061
2025-06-19 03:32:38,REAL,2695546061,487,2695546548,2695546548
2025-06-19 03:32:40,REAL,2695546548,545,2695547093,2695547093
2025-06-19 03:32:42,REAL,2695547093,540,2695547633,2695547633
2025-06-19 03:32:44,REAL,2695547633,486,2695548119,2695548119
2025-06-19 03:32:46,REAL,2695548119,481,2695548600,2695548600
2025-06-19 03:32:48,REAL,2695548600,481,2695549081,2695549081
2025-06-19 03:32:50,REAL,2695549081,482,2695549563,2695549563
2025-06-19 03:32:52,REAL,2695549563,486,2695550049,2695550049
2025-06-19 03:32:54,REAL,2695550049,478,2695550527,2695550527
2025-06-19 03:32:56,REAL,2695550527,482,2695551009,2695551009
2025-06-19 03:32:58,REAL,2695551009,480,2695551489,2695551489
2025-06-19 03:33:00,REAL,2695551489,487,2695551976,2695551976
2025-06-19 03:33:02,REAL,2695551976,483,2695552459,2695552459
2025-06-19 03:33:04,REAL,2695552459,479,2695552938,2695552938
2025-06-19 03:33:06,REAL,2695552938,482,2695553420,2695553420
2025-06-19 03:33:08,REAL,2695553420,536,2695553956,2695553956
2025-06-19 03:33:10,REAL,2695553956,484,2695554440,2695554440
2025-06-19 03:33:12,REAL,2695554440,483,2695554923,2695554923
2025-06-19 03:33:14,REAL,2695554923,476,2695555399,2695555399
2025-06-19 03:33:16,REAL,2695555399,486,2695555885,2695555885
2025-06-19 03:33:18,REAL,2695555885,477,2695556362,2695556362
2025-06-19 03:33:20,REAL,2695556362,544,2695556906,2695556906
2025-06-19 03:33:22,REAL,2695556906,486,2695557392,2695557392
2025-06-19 03:33:24,REAL,2695557392,486,2695557878,2695557878
2025-06-19 03:33:26,REAL,2695557878,483,2695558361,2695558361
2025-06-19 03:33:28,REAL,2695558361,485,2695558846,2695558846
2025-06-19 03:33:30,REAL,2695558846,480,2695559326,2695559326
2025-06-19 03:33:32,REAL,2695559326,478,2695559804,2695559804
2025-06-19 03:33:34,REAL,2695559804,480,2695560284,2695560284
2025-06-19 03:33:36,REAL,2695560284,541,2695560825,2695560825
2025-06-19 03:33:38,REAL,2695560825,487,2695561312,2695561312
2025-06-19 03:33:40,REAL,2695561312,487,2695561799,2695561799
2025-06-19 03:33:42,REAL,2695561799,478,2695562277,2695562277
2025-06-19 03:33:44,REAL,2695562277,479,2695562756,2695562756
2025-06-19 03:33:46,REAL,2695562756,2536,2695565292,2695565292
2025-06-19 03:33:48,REAL,2695565292,11175,2695576467,2695576467
2025-06-19 03:33:50,REAL,2695576467,10258,2695586725,2695586725
2025-06-19 03:33:52,REAL,2695586725,10253,2695596978,2695596978
2025-06-19 03:33:54,REAL,2695596978,10316,2695607294,2695607294
2025-06-19 03:33:56,REAL,2695607294,10250,2695617544,2695617544
2025-06-19 03:33:58,REAL,2695617544,10250,2695627794,2695627794
2025-06-19 03:34:00,REAL,2695627794,10316,2695638110,2695638110
2025-06-19 03:34:02,REAL,2695638110,3519,2695641629,2695641629
2025-06-19 03:34:04,REAL,2695641629,2662,2695644291,2695644291
2025-06-19 03:34:06,REAL,2695644291,11505,2695655796,2695655796
2025-06-19 03:34:08,REAL,2695655796,10317,2695666113,2695666113
2025-06-19 03:34:10,REAL,2695666113,10259,2695676372,2695676372
2025-06-19 03:34:12,REAL,2695676372,10246,2695686618,2695686618
2025-06-19 03:34:14,REAL,2695686618,10314,2695696932,2695696932
2025-06-19 03:34:16,REAL,2695696932,10247,2695707179,2695707179
2025-06-19 03:34:18,REAL,2695707179,10253,2695717432,2695717432
2025-06-19 03:34:20,REAL,2695717432,3257,2695720689,2695720689
2025-06-19 03:34:22,REAL,2695720689,478,2695721167,2695721167
2025-06-19 03:34:24,REAL,2695721167,475,2695721642,2695721642
2025-06-19 03:34:26,REAL,2695721642,481,2695722123,2695722123
2025-06-19 03:34:28,REAL,2695722123,485,2695722608,2695722608
2025-06-19 03:34:30,REAL,2695722608,486,2695723094,2695723094
2025-06-19 03:34:32,REAL,2695723094,476,2695723570,2695723570
2025-06-19 03:34:34,REAL,2695723570,539,2695724109,2695724109
2025-06-19 03:34:36,REAL,2695724109,493,2695724602,2695724602
2025-06-19 03:34:38,REAL,2695724602,478,2695725080,2695725080
2025-06-19 03:34:40,REAL,2695725080,539,2695725619,2695725619
2025-06-19 03:34:42,REAL,2695725619,484,2695726103,2695726103
2025-06-19 03:34:44,REAL,2695726103,482,2695726585,2695726585
2025-06-19 03:34:46,REAL,2695726585,484,2695727069,2695727069
2025-06-19 03:34:48,REAL,2695727069,487,2695727556,2695727556
2025-06-19 03:34:50,REAL,2695727556,489,2695728045,2695728045
2025-06-19 03:34:52,REAL,2695728045,488,2695728533,2695728533
2025-06-19 03:34:54,REAL,2695728533,484,2695729017,2695729017
2025-06-19 03:34:56,REAL,2695729017,485,2695729502,2695729502
2025-06-19 03:34:58,REAL,2695729502,476,2695729978,2695729978
2025-06-19 03:35:00,REAL,2695729978,484,2695730462,2695730462
2025-06-19 03:35:02,REAL,2695730462,542,2695731004,2695731004
2025-06-19 03:35:04,REAL,2695731004,487,2695731491,2695731491
2025-06-19 03:35:06,REAL,2695731491,476,2695731967,2695731967
2025-06-19 03:35:08,REAL,2695731967,480,2695732447,2695732447
2025-06-19 03:35:10,REAL,2695732447,539,2695732986,2695732986
2025-06-19 03:35:12,REAL,2695732986,485,2695733471,2695733471
2025-06-19 03:35:14,REAL,2695733471,488,2695733959,2695733959
2025-06-19 03:35:16,REAL,2695733959,492,2695734451,2695734451
2025-06-19 03:35:18,REAL,2695734451,489,2695734940,2695734940
2025-06-19 03:35:20,REAL,2695734940,487,2695735427,2695735427
2025-06-19 03:35:22,REAL,2695735427,484,2695735911,2695735911
2025-06-19 03:35:24,REAL,2695735911,483,2695736394,2695736394
2025-06-19 03:35:26,REAL,2695736394,489,2695736883,2695736883
2025-06-19 03:35:28,REAL,2695736883,478,2695737361,2695737361
2025-06-19 03:35:30,REAL,2695737361,483,2695737844,2695737844
2025-06-19 03:35:32,REAL,2695737844,542,2695738386,2695738386
2025-06-19 03:35:34,REAL,2695738386,484,2695738870,2695738870
2025-06-19 03:35:36,REAL,2695738870,493,2695739363,2695739363
2025-06-19 03:35:38,REAL,2695739363,480,2695739843,2695739843
2025-06-19 03:35:40,REAL,2695739843,538,2695740381,2695740381
2025-06-19 03:35:42,REAL,2695740381,487,2695740868,2695740868
2025-06-19 03:35:44,REAL,2695740868,487,2695741355,2695741355
2025-06-19 03:35:46,REAL,2695741355,490,2695741845,2695741845
2025-06-19 03:35:48,REAL,2695741845,483,2695742328,2695742328
2025-06-19 03:35:50,REAL,2695742328,485,2695742813,2695742813
2025-06-19 03:35:52,REAL,2695742813,479,2695743292,2695743292
2025-06-19 03:35:54,REAL,2695743292,479,2695743771,2695743771
2025-06-19 03:35:56,REAL,2695743771,478,2695744249,2695744249
2025-06-19 03:35:58,REAL,2695744249,491,2695744740,2695744740
2025-06-19 03:36:00,REAL,2695744740,540,2695745280,2695745280
2025-06-19 03:36:02,REAL,2695745280,491,2695745771,2695745771
2025-06-19 03:36:04,REAL,2695745771,483,2695746254,2695746254
2025-06-19 03:36:06,REAL,2695746254,486,2695746740,2695746740
2025-06-19 03:36:08,REAL,2695746740,488,2695747228,2695747228
2025-06-19 03:36:10,REAL,2695747228,541,2695747769,2695747769
2025-06-19 03:36:12,REAL,2695747769,484,2695748253,2695748253
2025-06-19 03:36:14,REAL,2695748253,485,2695748738,2695748738
2025-06-19 03:36:16,REAL,2695748738,483,2695749221,2695749221
2025-06-19 03:36:18,REAL,2695749221,484,2695749705,2695749705
2025-06-19 03:36:20,REAL,2695749705,482,2695750187,2695750187
2025-06-19 03:36:22,REAL,2695750187,477,2695750664,2695750664
2025-06-19 03:36:24,REAL,2695750664,479,2695751143,2695751143
2025-06-19 03:36:26,REAL,2695751143,483,2695751626,2695751626
2025-06-19 03:36:28,REAL,2695751626,547,2695752173,2695752173
2025-06-19 03:36:30,REAL,2695752173,489,2695752662,2695752662
2025-06-19 03:36:32,REAL,2695752662,486,2695753148,2695753148
2025-06-19 03:36:34,REAL,2695753148,486,2695753634,2695753634
2025-06-19 03:36:36,REAL,2695753634,482,2695754116,2695754116
2025-06-19 03:36:38,REAL,2695754116,485,2695754601,2695754601
2025-06-19 03:36:40,REAL,2695754601,541,2695755142,2695755142
2025-06-19 03:36:42,REAL,2695755142,482,2695755624,2695755624
2025-06-19 03:36:44,REAL,2695755624,488,2695756112,2695756112
2025-06-19 03:36:46,REAL,2695756112,486,2695756598,2695756598
2025-06-19 03:36:48,REAL,2695756598,485,2695757083,2695757083
2025-06-19 03:36:50,REAL,2695757083,480,2695757563,2695757563
2025-06-19 03:36:52,REAL,2695757563,476,2695758039,2695758039
2025-06-19 03:36:54,REAL,2695758039,494,2695758533,2695758533
2025-06-19 03:36:56,REAL,2695758533,479,2695759012,2695759012
2025-06-19 03:36:58,REAL,2695759012,485,2695759497,2695759497
2025-06-19 03:37:00,REAL,2695759497,487,2695759984,2695759984
2025-06-19 03:37:02,REAL,2695759984,488,2695760472,2695760472
2025-06-19 03:37:04,REAL,2695760472,481,2695760953,2695760953
2025-06-19 03:37:06,REAL,2695760953,477,2695761430,2695761430
2025-06-19 03:37:08,REAL,2695761430,477,2695761907,2695761907
2025-06-19 03:37:10,REAL,2695761907,542,2695762449,2695762449
2025-06-19 03:37:12,REAL,2695762449,489,2695762938,2695762938
2025-06-19 03:37:14,REAL,2695762938,479,2695763417,2695763417
2025-06-19 03:37:16,REAL,2695763417,540,2695763957,2695763957
2025-06-19 03:37:18,REAL,2695763957,484,2695764441,2695764441
2025-06-19 03:37:20,REAL,2695764441,488,2695764929,2695764929
2025-06-19 03:37:22,REAL,2695764929,489,2695765418,2695765418
2025-06-19 03:37:24,REAL,2695765418,483,2695765901,2695765901
2025-06-19 03:37:26,REAL,2695765901,478,2695766379,2695766379
2025-06-19 03:37:28,REAL,2695766379,487,2695766866,2695766866
2025-06-19 03:37:30,REAL,2695766866,490,2695767356,2695767356
2025-06-19 03:37:32,REAL,2695767356,488,2695767844,2695767844
2025-06-19 03:37:34,REAL,2695767844,481,2695768325,2695768325
2025-06-19 03:37:36,REAL,2695768325,483,2695768808,2695768808
2025-06-19 03:37:38,REAL,2695768808,478,2695769286,2695769286
2025-06-19 03:37:40,REAL,2695769286,536,2695769822,2695769822
2025-06-19 03:37:42,REAL,2695769822,484,2695770306,2695770306
2025-06-19 03:37:44,REAL,2695770306,486,2695770792,2695770792
2025-06-19 03:37:46,REAL,2695770792,480,2695771272,2695771272
2025-06-19 03:37:48,REAL,2695771272,476,2695771748,2695771748
2025-06-19 03:37:50,REAL,2695771748,489,2695772237,2695772237
2025-06-19 03:37:52,REAL,2695772237,481,2695772718,2695772718
2025-06-19 03:37:54,REAL,2695772718,487,2695773205,2695773205
2025-06-19 03:37:56,REAL,2695773205,482,2695773687,2695773687
2025-06-19 03:37:58,REAL,2695773687,478,2695774165,2695774165
2025-06-19 03:38:00,REAL,2695774165,480,2695774645,2695774645
2025-06-19 03:38:02,REAL,2695774645,538,2695775183,2695775183
2025-06-19 03:38:04,REAL,2695775183,485,2695775668,2695775668
2025-06-19 03:38:06,REAL,2695775668,490,2695776158,2695776158
2025-06-19 03:38:08,REAL,2695776158,488,2695776646,2695776646
2025-06-19 03:38:10,REAL,2695776646,535,2695777181,2695777181
2025-06-19 03:38:12,REAL,2695777181,492,2695777673,2695777673
2025-06-19 03:38:14,REAL,2695777673,490,2695778163,2695778163
2025-06-19 03:38:16,REAL,2695778163,487,2695778650,2695778650
2025-06-19 03:38:18,REAL,2695778650,485,2695779135,2695779135
2025-06-19 03:38:20,REAL,2695779135,488,2695779623,2695779623
2025-06-19 03:38:22,REAL,2695779623,489,2695780112,2695780112
2025-06-19 03:38:24,REAL,2695780112,488,2695780600,2695780600
2025-06-19 03:38:26,REAL,2695780600,482,2695781082,2695781082
2025-06-19 03:38:28,REAL,2695781082,487,2695781569,2695781569
2025-06-19 03:38:30,REAL,2695781569,484,2695782053,2695782053
2025-06-19 03:38:32,REAL,2695782053,478,2695782531,2695782531
2025-06-19 03:38:34,REAL,2695782531,488,2695783019,2695783019
2025-06-19 03:38:36,REAL,2695783019,481,2695783500,2695783500
2025-06-19 03:38:38,REAL,2695783500,485,2695783985,2695783985
2025-06-19 03:38:40,REAL,2695783985,542,2695784527,2695784527
2025-06-19 03:38:42,REAL,2695784527,486,2695785013,2695785013
2025-06-19 03:38:44,REAL,2695785013,478,2695785491,2695785491
2025-06-19 03:38:46,REAL,2695785491,492,2695785983,2695785983
2025-06-19 03:38:48,REAL,2695785983,487,2695786470,2695786470
2025-06-19 03:38:50,REAL,2695786470,538,2695787008,2695787008
2025-06-19 03:38:52,REAL,2695787008,482,2695787490,2695787490
2025-06-19 03:38:54,REAL,2695787490,484,2695787974,2695787974
2025-06-19 03:38:56,REAL,2695787974,487,2695788461,2695788461
2025-06-19 03:38:58,REAL,2695788461,487,2695788948,2695788948
2025-06-19 03:39:00,REAL,2695788948,490,2695789438,2695789438
2025-06-19 03:39:02,REAL,2695789438,480,2695789918,2695789918
2025-06-19 03:39:04,REAL,2695789918,474,2695790392,2695790392
2025-06-19 03:39:06,REAL,2695790392,3791,2695794183,2695794183
2025-06-19 03:39:08,REAL,2695794183,11582,2695805765,2695805765
2025-06-19 03:39:10,REAL,2695805765,10246,2695816011,2695816011
2025-06-19 03:39:12,REAL,2695816011,10244,2695826255,2695826255
2025-06-19 03:39:14,REAL,2695826255,10322,2695836577,2695836577
2025-06-19 03:39:16,REAL,2695836577,10245,2695846822,2695846822
2025-06-19 03:39:18,REAL,2695846822,10246,2695857068,2695857068
2025-06-19 03:39:20,REAL,2695857068,10321,2695867389,2695867389
2025-06-19 03:39:22,REAL,2695867389,2598,2695869987,2695869987
2025-06-19 03:39:24,REAL,2695869987,482,2695870469,2695870469
2025-06-19 03:39:26,REAL,2695870469,485,2695870954,2695870954
2025-06-19 03:39:28,REAL,2695870954,486,2695871440,2695871440
2025-06-19 03:39:30,REAL,2695871440,487,2695871927,2695871927
2025-06-19 03:39:32,REAL,2695871927,486,2695872413,2695872413
2025-06-19 03:39:34,REAL,2695872413,478,2695872891,2695872891
2025-06-19 03:39:36,REAL,2695872891,604,2695873495,2695873495
2025-06-19 03:39:38,REAL,2695873495,483,2695873978,2695873978
2025-06-19 03:39:40,REAL,2695873978,479,2695874457,2695874457
2025-06-19 03:39:42,REAL,2695874457,487,2695874944,2695874944
2025-06-19 03:39:44,REAL,2695874944,485,2695875429,2695875429
2025-06-19 03:39:46,REAL,2695875429,487,2695875916,2695875916
2025-06-19 03:39:48,REAL,2695875916,486,2695876402,2695876402
2025-06-19 03:39:50,REAL,2695876402,481,2695876883,2695876883
2025-06-19 03:39:52,REAL,2695876883,479,2695877362,2695877362
2025-06-19 03:39:54,REAL,2695877362,485,2695877847,2695877847
2025-06-19 03:39:56,REAL,2695877847,475,2695878322,2695878322
2025-06-19 03:39:58,REAL,2695878322,483,2695878805,2695878805
2025-06-19 03:40:00,REAL,2695878805,483,2695879288,2695879288
2025-06-19 03:40:02,REAL,2695879288,482,2695879770,2695879770
2025-06-19 03:40:04,REAL,2695879770,538,2695880308,2695880308
2025-06-19 03:40:06,REAL,2695880308,479,2695880787,2695880787
2025-06-19 03:40:08,REAL,2695880787,490,2695881277,2695881277
2025-06-19 03:40:10,REAL,2695881277,476,2695881753,2695881753
2025-06-19 03:40:12,REAL,2695881753,482,2695882235,2695882235
2025-06-19 03:40:14,REAL,2695882235,482,2695882717,2695882717
2025-06-19 03:40:16,REAL,2695882717,487,2695883204,2695883204
2025-06-19 03:40:18,REAL,2695883204,493,2695883697,2695883697
2025-06-19 03:40:20,REAL,2695883697,486,2695884183,2695884183
2025-06-19 03:40:22,REAL,2695884183,533,2695884716,2695884716
2025-06-19 03:40:24,REAL,2695884716,474,2695885190,2695885190
2025-06-19 03:40:26,REAL,2695885190,480,2695885670,2695885670
2025-06-19 03:40:28,REAL,2695885670,482,2695886152,2695886152
2025-06-19 03:40:30,REAL,2695886152,488,2695886640,2695886640
2025-06-19 03:40:32,REAL,2695886640,542,2695887182,2695887182
2025-06-19 03:40:34,REAL,2695887182,480,2695887662,2695887662
2025-06-19 03:40:36,REAL,2695887662,487,2695888149,2695888149
2025-06-19 03:40:38,REAL,2695888149,483,2695888632,2695888632
2025-06-19 03:40:40,REAL,2695888632,481,2695889113,2695889113
2025-06-19 03:40:42,REAL,2695889113,483,2695889596,2695889596
2025-06-19 03:40:44,REAL,2695889596,483,2695890079,2695890079
2025-06-19 03:40:46,REAL,2695890079,485,2695890564,2695890564
2025-06-19 03:40:48,REAL,2695890564,484,2695891048,2695891048
2025-06-19 03:40:50,REAL,2695891048,480,2695891528,2695891528
2025-06-19 03:40:52,REAL,2695891528,476,2695892004,2695892004
2025-06-19 03:40:54,REAL,2695892004,489,2695892493,2695892493
2025-06-19 03:40:56,REAL,2695892493,484,2695892977,2695892977
2025-06-19 03:40:58,REAL,2695892977,477,2695893454,2695893454
2025-06-19 03:41:00,REAL,2695893454,541,2695893995,2695893995
2025-06-19 03:41:02,REAL,2695893995,491,2695894486,2695894486
2025-06-19 03:41:04,REAL,2695894486,474,2695894960,2695894960
2025-06-19 03:41:06,REAL,2695894960,544,2695895504,2695895504
2025-06-19 03:41:08,REAL,2695895504,6369,2695901873,2695901873
2025-06-19 03:41:10,REAL,2695901873,11114,2695912987,2695912987
2025-06-19 03:41:12,REAL,2695912987,10259,2695923246,2695923246
2025-06-19 03:41:14,REAL,2695923246,10317,2695933563,2695933563
2025-06-19 03:41:16,REAL,2695933563,10252,2695943815,2695943815
2025-06-19 03:41:18,REAL,2695943815,10250,2695954065,2695954065
2025-06-19 03:41:20,REAL,2695954065,10250,2695964315,2695964315
2025-06-19 03:41:22,REAL,2695964315,10253,2695974568,2695974568
2025-06-19 03:41:24,REAL,2695974568,483,2695975051,2695975051
2025-06-19 03:41:26,REAL,2695975051,483,2695975534,2695975534
2025-06-19 03:41:28,REAL,2695975534,480,2695976014,2695976014
2025-06-19 03:41:30,REAL,2695976014,485,2695976499,2695976499
2025-06-19 03:41:32,REAL,2695976499,481,2695976980,2695976980
2025-06-19 03:41:34,REAL,2695976980,547,2695977527,2695977527
2025-06-19 03:41:36,REAL,2695977527,487,2695978014,2695978014
2025-06-19 03:41:38,REAL,2695978014,486,2695978500,2695978500
2025-06-19 03:41:40,REAL,2695978500,487,2695978987,2695978987
2025-06-19 03:41:42,REAL,2695978987,482,2695979469,2695979469
2025-06-19 03:41:44,REAL,2695979469,488,2695979957,2695979957
2025-06-19 03:41:46,REAL,2695979957,483,2695980440,2695980440
2025-06-19 03:41:48,REAL,2695980440,493,2695980933,2695980933
2025-06-19 03:41:50,REAL,2695980933,487,2695981420,2695981420
2025-06-19 03:41:52,REAL,2695981420,543,2695981963,2695981963
2025-06-19 03:41:54,REAL,2695981963,480,2695982443,2695982443
2025-06-19 03:41:56,REAL,2695982443,480,2695982923,2695982923
2025-06-19 03:41:58,REAL,2695982923,483,2695983406,2695983406
2025-06-19 03:42:00,REAL,2695983406,477,2695983883,2695983883
2025-06-19 03:42:02,REAL,2695983883,536,2695984419,2695984419
2025-06-19 03:42:04,REAL,2695984419,488,2695984907,2695984907
2025-06-19 03:42:06,REAL,2695984907,487,2695985394,2695985394
2025-06-19 03:42:08,REAL,2695985394,484,2695985878,2695985878
2025-06-19 03:42:10,REAL,2695985878,483,2695986361,2695986361
2025-06-19 03:42:12,REAL,2695986361,488,2695986849,2695986849
2025-06-19 03:42:14,REAL,2695986849,485,2695987334,2695987334
2025-06-19 03:42:16,REAL,2695987334,479,2695987813,2695987813
2025-06-19 03:42:18,REAL,2695987813,483,2695988296,2695988296
2025-06-19 03:42:20,REAL,2695988296,542,2695988838,2695988838
2025-06-19 03:42:22,REAL,2695988838,488,2695989326,2695989326
2025-06-19 03:42:24,REAL,2695989326,489,2695989815,2695989815
2025-06-19 03:42:26,REAL,2695989815,483,2695990298,2695990298
2025-06-19 03:42:28,REAL,2695990298,482,2695990780,2695990780
2025-06-19 03:42:30,REAL,2695990780,541,2695991321,2695991321
2025-06-19 03:42:32,REAL,2695991321,480,2695991801,2695991801
2025-06-19 03:42:34,REAL,2695991801,485,2695992286,2695992286
2025-06-19 03:42:36,REAL,2695992286,487,2695992773,2695992773
2025-06-19 03:42:38,REAL,2695992773,484,2695993257,2695993257
2025-06-19 03:42:40,REAL,2695993257,482,2695993739,2695993739
2025-06-19 03:42:42,REAL,2695993739,489,2695994228,2695994228
2025-06-19 03:42:44,REAL,2695994228,488,2695994716,2695994716
2025-06-19 03:42:46,REAL,2695994716,482,2695995198,2695995198
2025-06-19 03:42:48,REAL,2695995198,540,2695995738,2695995738
2025-06-19 03:42:50,REAL,2695995738,487,2695996225,2695996225
2025-06-19 03:42:52,REAL,2695996225,479,2695996704,2695996704
2025-06-19 03:42:54,REAL,2695996704,485,2695997189,2695997189
2025-06-19 03:42:56,REAL,2695997189,478,2695997667,2695997667
2025-06-19 03:42:58,REAL,2695997667,485,2695998152,2695998152
2025-06-19 03:43:00,REAL,2695998152,542,2695998694,2695998694
2025-06-19 03:43:02,REAL,2695998694,481,2695999175,2695999175
2025-06-19 03:43:04,REAL,2695999175,487,2695999662,2695999662
2025-06-19 03:43:06,REAL,2695999662,481,2696000143,2696000143
2025-06-19 03:43:08,REAL,2696000143,488,2696000631,2696000631
2025-06-19 03:43:10,REAL,2696000631,486,2696001117,2696001117
2025-06-19 03:43:12,REAL,2696001117,478,2696001595,2696001595
2025-06-19 03:43:14,REAL,2696001595,484,2696002079,2696002079
2025-06-19 03:43:16,REAL,2696002079,491,2696002570,2696002570
2025-06-19 03:43:18,REAL,2696002570,539,2696003109,2696003109
2025-06-19 03:43:20,REAL,2696003109,484,2696003593,2696003593
2025-06-19 03:43:22,REAL,2696003593,485,2696004078,2696004078
2025-06-19 03:43:24,REAL,2696004078,482,2696004560,2696004560
2025-06-19 03:43:26,REAL,2696004560,544,2696005104,2696005104
2025-06-19 03:43:28,REAL,2696005104,484,2696005588,2696005588
2025-06-19 03:43:30,REAL,2696005588,476,2696006064,2696006064
2025-06-19 03:43:32,REAL,2696006064,485,2696006549,2696006549
2025-06-19 03:43:34,REAL,2696006549,490,2696007039,2696007039
2025-06-19 03:43:36,REAL,2696007039,479,2696007518,2696007518
2025-06-19 03:43:38,REAL,2696007518,478,2696007996,2696007996
2025-06-19 03:43:40,REAL,2696007996,478,2696008474,2696008474
2025-06-19 03:43:42,REAL,2696008474,484,2696008958,2696008958
2025-06-19 03:43:44,REAL,2696008958,485,2696009443,2696009443
2025-06-19 03:43:46,REAL,2696009443,474,2696009917,2696009917
2025-06-19 03:43:48,REAL,2696009917,539,2696010456,2696010456
2025-06-19 03:43:50,REAL,2696010456,491,2696010947,2696010947
2025-06-19 03:43:52,REAL,2696010947,491,2696011438,2696011438
2025-06-19 03:43:54,REAL,2696011438,541,2696011979,2696011979
2025-06-19 03:43:56,REAL,2696011979,487,2696012466,2696012466
2025-06-19 03:43:58,REAL,2696012466,476,2696012942,2696012942
2025-06-19 03:44:00,REAL,2696012942,486,2696013428,2696013428
2025-06-19 03:44:02,REAL,2696013428,488,2696013916,2696013916
2025-06-19 03:44:04,REAL,2696013916,488,2696014404,2696014404
2025-06-19 03:44:06,REAL,2696014404,476,2696014880,2696014880
2025-06-19 03:44:08,REAL,2696014880,477,2696015357,2696015357
2025-06-19 03:44:10,REAL,2696015357,476,2696015833,2696015833
2025-06-19 03:44:12,REAL,2696015833,4060,2696019893,2696019893
2025-06-19 03:44:14,REAL,2696019893,13736,2696033629,2696033629
2025-06-19 03:44:16,REAL,2696033629,10312,2696043941,2696043941
2025-06-19 03:44:18,REAL,2696043941,10253,2696054194,2696054194
2025-06-19 03:44:20,REAL,2696054194,10318,2696064512,2696064512
2025-06-19 03:44:22,REAL,2696064512,10254,2696074766,2696074766
2025-06-19 03:44:24,REAL,2696074766,10314,2696085080,2696085080
2025-06-19 03:44:26,REAL,2696085080,10252,2696095332,2696095332
2025-06-19 03:44:28,REAL,2696095332,2262,2696097594,2696097594
2025-06-19 03:44:30,REAL,2696097594,476,2696098070,2696098070
2025-06-19 03:44:32,REAL,2696098070,480,2696098550,2696098550
2025-06-19 03:44:34,REAL,2696098550,476,2696099026,2696099026
2025-06-19 03:44:36,REAL,2696099026,489,2696099515,2696099515
2025-06-19 03:44:38,REAL,2696099515,480,2696099995,2696099995
2025-06-19 03:44:40,REAL,2696099995,477,2696100472,2696100472
2025-06-19 03:44:42,REAL,2696100472,476,2696100948,2696100948
2025-06-19 03:44:44,REAL,2696100948,540,2696101488,2696101488
2025-06-19 03:44:46,REAL,2696101488,484,2696101972,2696101972
2025-06-19 03:44:48,REAL,2696101972,486,2696102458,2696102458
2025-06-19 03:44:50,REAL,2696102458,531,2696102989,2696102989
2025-06-19 03:44:52,REAL,2696102989,485,2696103474,2696103474
2025-06-19 03:44:54,REAL,2696103474,482,2696103956,2696103956
2025-06-19 03:44:56,REAL,2696103956,488,2696104444,2696104444
2025-06-19 03:44:58,REAL,2696104444,482,2696104926,2696104926
2025-06-19 03:45:00,REAL,2696104926,480,2696105406,2696105406
2025-06-19 03:45:02,REAL,2696105406,482,2696105888,2696105888
2025-06-19 03:45:04,REAL,2696105888,481,2696106369,2696106369
2025-06-19 03:45:06,REAL,2696106369,488,2696106857,2696106857
2025-06-19 03:45:08,REAL,2696106857,479,2696107336,2696107336
2025-06-19 03:45:10,REAL,2696107336,489,2696107825,2696107825
2025-06-19 03:45:12,REAL,2696107825,482,2696108307,2696108307
2025-06-19 03:45:14,REAL,2696108307,544,2696108851,2696108851
2025-06-19 03:45:16,REAL,2696108851,11057,2696119908,2696119908
2025-06-19 03:45:18,REAL,2696119908,10248,2696130156,2696130156
2025-06-19 03:45:20,REAL,2696130156,10312,2696140468,2696140468
2025-06-19 03:45:22,REAL,2696140468,10249,2696150717,2696150717
2025-06-19 03:45:24,REAL,2696150717,10252,2696160969,2696160969
2025-06-19 03:45:26,REAL,2696160969,10318,2696171287,2696171287
2025-06-19 03:45:28,REAL,2696171287,10252,2696181539,2696181539
2025-06-19 03:45:30,REAL,2696181539,6226,2696187765,2696187765
2025-06-19 03:45:32,REAL,2696187765,482,2696188247,2696188247
2025-06-19 03:45:34,REAL,2696188247,494,2696188741,2696188741
2025-06-19 03:45:36,REAL,2696188741,492,2696189233,2696189233
2025-06-19 03:45:38,REAL,2696189233,488,2696189721,2696189721
2025-06-19 03:45:40,REAL,2696189721,494,2696190215,2696190215
2025-06-19 03:45:42,REAL,2696190215,542,2696190757,2696190757
2025-06-19 03:45:44,REAL,2696190757,484,2696191241,2696191241
2025-06-19 03:45:46,REAL,2696191241,482,2696191723,2696191723
2025-06-19 03:45:48,REAL,2696191723,13427,2696205150,2696205150
2025-06-19 03:45:50,REAL,2696205150,10253,2696215403,2696215403
2025-06-19 03:45:52,REAL,2696215403,10257,2696225660,2696225660
2025-06-19 03:45:54,REAL,2696225660,10249,2696235909,2696235909
2025-06-19 03:45:56,REAL,2696235909,10315,2696246224,2696246224
2025-06-19 03:45:58,REAL,2696246224,10249,2696256473,2696256473
2025-06-19 03:46:00,REAL,2696256473,10258,2696266731,2696266731
2025-06-19 03:46:02,REAL,2696266731,5561,2696272292,2696272292
2025-06-19 03:46:04,REAL,2696272292,476,2696272768,2696272768
2025-06-19 03:46:06,REAL,2696272768,485,2696273253,2696273253
2025-06-19 03:46:08,REAL,2696273253,489,2696273742,2696273742
2025-06-19 03:46:10,REAL,2696273742,540,2696274282,2696274282
2025-06-19 03:46:12,REAL,2696274282,493,2696274775,2696274775
2025-06-19 03:46:14,REAL,2696274775,490,2696275265,2696275265
2025-06-19 03:46:16,REAL,2696275265,479,2696275744,2696275744
2025-06-19 03:46:18,REAL,2696275744,482,2696276226,2696276226
2025-06-19 03:46:20,REAL,2696276226,242,2696276468,2696276468
2025-06-19 03:46:22,REAL,2696276468,485,2696276953,2696276953
2025-06-19 03:46:24,REAL,2696276953,487,2696277440,2696277440
2025-06-19 03:46:26,REAL,2696277440,537,2696277977,2696277977
2025-06-19 03:46:28,REAL,2696277977,485,2696278462,2696278462
2025-06-19 03:46:30,REAL,2696278462,480,2696278942,2696278942
2025-06-19 03:46:32,REAL,2696278942,476,2696279418,2696279418
2025-06-19 03:46:34,REAL,2696279418,483,2696279901,2696279901
2025-06-19 03:46:36,REAL,2696279901,482,2696280383,2696280383
2025-06-19 03:46:38,REAL,2696280383,480,2696280863,2696280863
2025-06-19 03:46:40,REAL,2696280863,490,2696281353,2696281353
2025-06-19 03:46:42,REAL,2696281353,487,2696281840,2696281840
2025-06-19 03:46:44,REAL,2696281840,484,2696282324,2696282324
2025-06-19 03:46:46,REAL,2696282324,487,2696282811,2696282811
2025-06-19 03:46:48,REAL,2696282811,488,2696283299,2696283299
2025-06-19 03:46:50,REAL,2696283299,488,2696283787,2696283787
2025-06-19 03:46:52,REAL,2696283787,482,2696284269,2696284269
2025-06-19 03:46:54,REAL,2696284269,482,2696284751,2696284751
2025-06-19 03:46:56,REAL,2696284751,487,2696285238,2696285238
2025-06-19 03:46:58,REAL,2696285238,490,2696285728,2696285728
2025-06-19 03:47:00,REAL,2696285728,482,2696286210,2696286210
2025-06-19 03:47:02,REAL,2696286210,540,2696286750,2696286750
2025-06-19 03:47:04,REAL,2696286750,541,2696287291,2696287291
2025-06-19 03:47:06,REAL,2696287291,478,2696287769,2696287769
2025-06-19 03:47:08,REAL,2696287769,481,2696288250,2696288250
2025-06-19 03:47:10,REAL,2696288250,1681,2696289931,2696289931
2025-06-19 03:47:12,REAL,2696289931,14809,2696304740,2696304740
2025-06-19 03:47:14,REAL,2696304740,10253,2696314993,2696314993
2025-06-19 03:47:16,REAL,2696314993,10321,2696325314,2696325314
2025-06-19 03:47:18,REAL,2696325314,10245,2696335559,2696335559
2025-06-19 03:47:20,REAL,2696335559,10249,2696345808,2696345808
2025-06-19 03:47:22,REAL,2696345808,10259,2696356067,2696356067
2025-06-19 03:47:24,REAL,2696356067,10255,2696366322,2696366322
2025-06-19 03:47:26,REAL,2696366322,4312,2696370634,2696370634
2025-06-19 03:47:28,REAL,2696370634,484,2696371118,2696371118
2025-06-19 03:47:30,REAL,2696371118,491,2696371609,2696371609
2025-06-19 03:47:32,REAL,2696371609,481,2696372090,2696372090
2025-06-19 03:47:34,REAL,2696372090,484,2696372574,2696372574
2025-06-19 03:47:36,REAL,2696372574,475,2696373049,2696373049
2025-06-19 03:47:38,REAL,2696373049,490,2696373539,2696373539
2025-06-19 03:47:40,REAL,2696373539,478,2696374017,2696374017
2025-06-19 03:47:42,REAL,2696374017,481,2696374498,2696374498
2025-06-19 03:47:44,REAL,2696374498,485,2696374983,2696374983
2025-06-19 03:47:46,REAL,2696374983,488,2696375471,2696375471
2025-06-19 03:47:48,REAL,2696375471,544,2696376015,2696376015
2025-06-19 03:47:50,REAL,2696376015,483,2696376498,2696376498
2025-06-19 03:47:52,REAL,2696376498,533,2696377031,2696377031
2025-06-19 03:47:54,REAL,2696377031,483,2696377514,2696377514
2025-06-19 03:47:56,REAL,2696377514,478,2696377992,2696377992
2025-06-19 03:47:58,REAL,2696377992,493,2696378485,2696378485
2025-06-19 03:48:00,REAL,2696378485,485,2696378970,2696378970
2025-06-19 03:48:02,REAL,2696378970,487,2696379457,2696379457
2025-06-19 03:48:04,REAL,2696379457,488,2696379945,2696379945
2025-06-19 03:48:06,REAL,2696379945,488,2696380433,2696380433
2025-06-19 03:48:08,REAL,2696380433,482,2696380915,2696380915
2025-06-19 03:48:10,REAL,2696380915,490,2696381405,2696381405
2025-06-19 03:48:12,REAL,2696381405,487,2696381892,2696381892
2025-06-19 03:48:14,REAL,2696381892,490,2696382382,2696382382
2025-06-19 03:48:16,REAL,2696382382,481,2696382863,2696382863
2025-06-19 03:48:18,REAL,2696382863,477,2696383340,2696383340
2025-06-19 03:48:20,REAL,2696383340,476,2696383816,2696383816
2025-06-19 03:48:22,REAL,2696383816,486,2696384302,2696384302
2025-06-19 03:48:24,REAL,2696384302,480,2696384782,2696384782
2025-06-19 03:48:26,REAL,2696384782,545,2696385327,2696385327
2025-06-19 03:48:28,REAL,2696385327,481,2696385808,2696385808
2025-06-19 03:48:30,REAL,2696385808,484,2696386292,2696386292
2025-06-19 03:48:32,REAL,2696386292,478,2696386770,2696386770
2025-06-19 03:48:34,REAL,2696386770,487,2696387257,2696387257
2025-06-19 03:48:36,REAL,2696387257,479,2696387736,2696387736
2025-06-19 03:48:38,REAL,2696387736,483,2696388219,2696388219
2025-06-19 03:48:40,REAL,2696388219,484,2696388703,2696388703
2025-06-19 03:48:42,REAL,2696388703,488,2696389191,2696389191
2025-06-19 03:48:44,REAL,2696389191,538,2696389729,2696389729
2025-06-19 03:48:46,REAL,2696389729,487,2696390216,2696390216
2025-06-19 03:48:48,REAL,2696390216,480,2696390696,2696390696
2025-06-19 03:48:50,REAL,2696390696,477,2696391173,2696391173
2025-06-19 03:48:52,REAL,2696391173,488,2696391661,2696391661
2025-06-19 03:48:54,REAL,2696391661,488,2696392149,2696392149
2025-06-19 03:48:56,REAL,2696392149,488,2696392637,2696392637
2025-06-19 03:48:58,REAL,2696392637,484,2696393121,2696393121
2025-06-19 03:49:00,REAL,2696393121,480,2696393601,2696393601
2025-06-19 03:49:02,REAL,2696393601,485,2696394086,2696394086
2025-06-19 03:49:04,REAL,2696394086,492,2696394578,2696394578
2025-06-19 03:49:06,REAL,2696394578,542,2696395120,2696395120
2025-06-19 03:49:08,REAL,2696395120,486,2696395606,2696395606
2025-06-19 03:49:10,REAL,2696395606,488,2696396094,2696396094
2025-06-19 03:49:12,REAL,2696396094,481,2696396575,2696396575
2025-06-19 03:49:14,REAL,2696396575,489,2696397064,2696397064
2025-06-19 03:49:16,REAL,2696397064,489,2696397553,2696397553
2025-06-19 03:49:18,REAL,2696397553,482,2696398035,2696398035
2025-06-19 03:49:20,REAL,2696398035,478,2696398513,2696398513
2025-06-19 03:49:22,REAL,2696398513,491,2696399004,2696399004
2025-06-19 03:49:24,REAL,2696399004,480,2696399484,2696399484
2025-06-19 03:49:26,REAL,2696399484,484,2696399968,2696399968
2025-06-19 03:49:28,REAL,2696399968,491,2696400459,2696400459
2025-06-19 03:49:30,REAL,2696400459,484,2696400943,2696400943
2025-06-19 03:49:32,REAL,2696400943,484,2696401427,2696401427
2025-06-19 03:49:34,REAL,2696401427,487,2696401914,2696401914
2025-06-19 03:49:36,REAL,2696401914,539,2696402453,2696402453
2025-06-19 03:49:38,REAL,2696402453,483,2696402936,2696402936
2025-06-19 03:49:40,REAL,2696402936,10857,2696413793,2696413793
2025-06-19 03:49:42,REAL,2696413793,10257,2696424050,2696424050
2025-06-19 03:49:44,REAL,2696424050,10327,2696434377,2696434377
2025-06-19 03:49:46,REAL,2696434377,10252,2696444629,2696444629
2025-06-19 03:49:48,REAL,2696444629,10247,2696454876,2696454876
2025-06-19 03:49:50,REAL,2696454876,10255,2696465131,2696465131
2025-06-19 03:49:52,REAL,2696465131,10253,2696475384,2696475384
2025-06-19 03:49:54,REAL,2696475384,6352,2696481736,2696481736
2025-06-19 03:49:56,REAL,2696481736,487,2696482223,2696482223
2025-06-19 03:49:58,REAL,2696482223,480,2696482703,2696482703
2025-06-19 03:50:00,REAL,2696482703,481,2696483184,2696483184
2025-06-19 03:50:02,REAL,2696483184,484,2696483668,2696483668
2025-06-19 03:50:04,REAL,2696483668,488,2696484156,2696484156
2025-06-19 03:50:06,REAL,2696484156,475,2696484631,2696484631
2025-06-19 03:50:08,REAL,2696484631,488,2696485119,2696485119
2025-06-19 03:50:10,REAL,2696485119,479,2696485598,2696485598
2025-06-19 03:50:12,REAL,2696485598,483,2696486081,2696486081
2025-06-19 03:50:14,REAL,2696486081,482,2696486563,2696486563
2025-06-19 03:50:16,REAL,2696486563,488,2696487051,2696487051
2025-06-19 03:50:18,REAL,2696487051,482,2696487533,2696487533
2025-06-19 03:50:20,REAL,2696487533,486,2696488019,2696488019
2025-06-19 03:50:22,REAL,2696488019,488,2696488507,2696488507
2025-06-19 03:50:24,REAL,2696488507,482,2696488989,2696488989
2025-06-19 03:50:26,REAL,2696488989,591,2696489580,2696489580
2025-06-19 03:50:28,REAL,2696489580,484,2696490064,2696490064
2025-06-19 03:50:30,REAL,2696490064,486,2696490550,2696490550
2025-06-19 03:50:32,REAL,2696490550,484,2696491034,2696491034
2025-06-19 03:50:34,REAL,2696491034,484,2696491518,2696491518
2025-06-19 03:50:36,REAL,2696491518,485,2696492003,2696492003
2025-06-19 03:50:38,REAL,2696492003,490,2696492493,2696492493
2025-06-19 03:50:40,REAL,2696492493,490,2696492983,2696492983
2025-06-19 03:50:42,REAL,2696492983,477,2696493460,2696493460
2025-06-19 03:50:44,REAL,2696493460,482,2696493942,2696493942
2025-06-19 03:50:46,REAL,2696493942,483,2696494425,2696494425
2025-06-19 03:50:48,REAL,2696494425,481,2696494906,2696494906
2025-06-19 03:50:50,REAL,2696494906,484,2696495390,2696495390
2025-06-19 03:50:52,REAL,2696495390,486,2696495876,2696495876
2025-06-19 03:50:54,REAL,2696495876,490,2696496366,2696496366
2025-06-19 03:50:56,REAL,2696496366,475,2696496841,2696496841
2025-06-19 03:50:58,REAL,2696496841,483,2696497324,2696497324
2025-06-19 03:51:00,REAL,2696497324,478,2696497802,2696497802
2025-06-19 03:51:02,REAL,2696497802,479,2696498281,2696498281
2025-06-19 03:51:04,REAL,2696498281,486,2696498767,2696498767
2025-06-19 03:51:06,REAL,2696498767,477,2696499244,2696499244
2025-06-19 03:51:08,REAL,2696499244,487,2696499731,2696499731
2025-06-19 03:51:10,REAL,2696499731,480,2696500211,2696500211
2025-06-19 03:51:12,REAL,2696500211,547,2696500758,2696500758
2025-06-19 03:51:14,REAL,2696500758,482,2696501240,2696501240
2025-06-19 03:51:16,REAL,2696501240,478,2696501718,2696501718
2025-06-19 03:51:18,REAL,2696501718,539,2696502257,2696502257
2025-06-19 03:51:20,REAL,2696502257,479,2696502736,2696502736
2025-06-19 03:51:22,REAL,2696502736,484,2696503220,2696503220
2025-06-19 03:51:24,REAL,2696503220,476,2696503696,2696503696
2025-06-19 03:51:26,REAL,2696503696,485,2696504181,2696504181
2025-06-19 03:51:28,REAL,2696504181,481,2696504662,2696504662
2025-06-19 03:51:30,REAL,2696504662,489,2696505151,2696505151
2025-06-19 03:51:32,REAL,2696505151,477,2696505628,2696505628
2025-06-19 03:51:34,REAL,2696505628,483,2696506111,2696506111
2025-06-19 03:51:36,REAL,2696506111,487,2696506598,2696506598
2025-06-19 03:51:38,REAL,2696506598,483,2696507081,2696507081
2025-06-19 03:51:40,REAL,2696507081,492,2696507573,2696507573
2025-06-19 03:51:42,REAL,2696507573,489,2696508062,2696508062
2025-06-19 03:51:44,REAL,2696508062,485,2696508547,2696508547
2025-06-19 03:51:46,REAL,2696508547,481,2696509028,2696509028
2025-06-19 03:51:48,REAL,2696509028,490,2696509518,2696509518
2025-06-19 03:51:50,REAL,2696509518,484,2696510002,2696510002
2025-06-19 03:51:52,REAL,2696510002,493,2696510495,2696510495
2025-06-19 03:51:54,REAL,2696510495,482,2696510977,2696510977
2025-06-19 03:51:56,REAL,2696510977,485,2696511462,2696511462
2025-06-19 03:51:58,REAL,2696511462,488,2696511950,2696511950
2025-06-19 03:52:00,REAL,2696511950,541,2696512491,2696512491
2025-06-19 03:52:02,REAL,2696512491,487,2696512978,2696512978
2025-06-19 03:52:04,REAL,2696512978,480,2696513458,2696513458
2025-06-19 03:52:06,REAL,2696513458,484,2696513942,2696513942
2025-06-19 03:52:08,REAL,2696513942,537,2696514479,2696514479
2025-06-19 03:52:10,REAL,2696514479,487,2696514966,2696514966
2025-06-19 03:52:12,REAL,2696514966,2796,2696517762,2696517762
2025-06-19 03:52:14,REAL,2696517762,11509,2696529271,2696529271
2025-06-19 03:52:16,REAL,2696529271,10261,2696539532,2696539532
2025-06-19 03:52:18,REAL,2696539532,10260,2696549792,2696549792
2025-06-19 03:52:20,REAL,2696549792,10326,2696560118,2696560118
2025-06-19 03:52:22,REAL,2696560118,10248,2696570366,2696570366
2025-06-19 03:52:24,REAL,2696570366,10247,2696580613,2696580613
2025-06-19 03:52:26,REAL,2696580613,10317,2696590930,2696590930
2025-06-19 03:52:28,REAL,2696590930,3444,2696594374,2696594374
2025-06-19 03:52:30,REAL,2696594374,485,2696594859,2696594859
2025-06-19 03:52:32,REAL,2696594859,488,2696595347,2696595347
2025-06-19 03:52:34,REAL,2696595347,489,2696595836,2696595836
2025-06-19 03:52:36,REAL,2696595836,485,2696596321,2696596321
2025-06-19 03:52:38,REAL,2696596321,547,2696596868,2696596868
2025-06-19 03:52:40,REAL,2696596868,483,2696597351,2696597351
2025-06-19 03:52:42,REAL,2696597351,488,2696597839,2696597839
2025-06-19 03:52:44,REAL,2696597839,484,2696598323,2696598323
2025-06-19 03:52:46,REAL,2696598323,485,2696598808,2696598808
2025-06-19 03:52:48,REAL,2696598808,479,2696599287,2696599287
2025-06-19 03:52:50,REAL,2696599287,488,2696599775,2696599775
2025-06-19 03:52:52,REAL,2696599775,478,2696600253,2696600253
2025-06-19 03:52:54,REAL,2696600253,476,2696600729,2696600729
2025-06-19 03:52:56,REAL,2696600729,481,2696601210,2696601210
2025-06-19 03:52:58,REAL,2696601210,543,2696601753,2696601753
2025-06-19 03:53:00,REAL,2696601753,481,2696602234,2696602234
2025-06-19 03:53:02,REAL,2696602234,481,2696602715,2696602715
2025-06-19 03:53:04,REAL,2696602715,481,2696603196,2696603196
2025-06-19 03:53:06,REAL,2696603196,532,2696603728,2696603728
2025-06-19 03:53:08,REAL,2696603728,483,2696604211,2696604211
2025-06-19 03:53:10,REAL,2696604211,484,2696604695,2696604695
2025-06-19 03:53:12,REAL,2696604695,492,2696605187,2696605187
2025-06-19 03:53:14,REAL,2696605187,480,2696605667,2696605667
2025-06-19 03:53:16,REAL,2696605667,483,2696606150,2696606150
2025-06-19 03:53:18,REAL,2696606150,482,2696606632,2696606632
2025-06-19 03:53:20,REAL,2696606632,485,2696607117,2696607117
2025-06-19 03:53:22,REAL,2696607117,474,2696607591,2696607591
2025-06-19 03:53:24,REAL,2696607591,489,2696608080,2696608080
2025-06-19 03:53:26,REAL,2696608080,485,2696608565,2696608565
2025-06-19 03:53:28,REAL,2696608565,484,2696609049,2696609049
2025-06-19 03:53:30,REAL,2696609049,486,2696609535,2696609535
2025-06-19 03:53:32,REAL,2696609535,483,2696610018,2696610018
2025-06-19 03:53:34,REAL,2696610018,530,2696610548,2696610548
2025-06-19 03:53:36,REAL,2696610548,482,2696611030,2696611030
2025-06-19 03:53:38,REAL,2696611030,483,2696611513,2696611513
2025-06-19 03:53:40,REAL,2696611513,488,2696612001,2696612001
2025-06-19 03:53:42,REAL,2696612001,483,2696612484,2696612484
2025-06-19 03:53:44,REAL,2696612484,538,2696613022,2696613022
2025-06-19 03:53:46,REAL,2696613022,485,2696613507,2696613507
2025-06-19 03:53:48,REAL,2696613507,483,2696613990,2696613990
2025-06-19 03:53:50,REAL,2696613990,482,2696614472,2696614472
2025-06-19 03:53:52,REAL,2696614472,489,2696614961,2696614961
2025-06-19 03:53:54,REAL,2696614961,486,2696615447,2696615447
2025-06-19 03:53:56,REAL,2696615447,489,2696615936,2696615936
2025-06-19 03:53:58,REAL,2696615936,487,2696616423,2696616423
2025-06-19 03:54:00,REAL,2696616423,481,2696616904,2696616904
2025-06-19 03:54:02,REAL,2696616904,489,2696617393,2696617393
2025-06-19 03:54:04,REAL,2696617393,537,2696617930,2696617930
2025-06-19 03:54:06,REAL,2696617930,478,2696618408,2696618408
2025-06-19 03:54:08,REAL,2696618408,491,2696618899,2696618899
2025-06-19 03:54:10,REAL,2696618899,12901,2696631800,2696631800
2025-06-19 03:54:12,REAL,2696631800,10455,2696642255,2696642255
2025-06-19 03:54:14,REAL,2696642255,10251,2696652506,2696652506
2025-06-19 03:54:16,REAL,2696652506,10256,2696662762,2696662762
2025-06-19 03:54:18,REAL,2696662762,10254,2696673016,2696673016
2025-06-19 03:54:20,REAL,2696673016,10318,2696683334,2696683334
2025-06-19 03:54:22,REAL,2696683334,10246,2696693580,2696693580
2025-06-19 03:54:24,REAL,2696693580,6164,2696699744,2696699744
2025-06-19 03:54:26,REAL,2696699744,479,2696700223,2696700223
2025-06-19 03:54:28,REAL,2696700223,476,2696700699,2696700699
2025-06-19 03:54:30,REAL,2696700699,493,2696701192,2696701192
2025-06-19 03:54:32,REAL,2696701192,478,2696701670,2696701670
2025-06-19 03:54:34,REAL,2696701670,533,2696702203,2696702203
2025-06-19 03:54:36,REAL,2696702203,482,2696702685,2696702685
2025-06-19 03:54:38,REAL,2696702685,484,2696703169,2696703169
2025-06-19 03:54:40,REAL,2696703169,479,2696703648,2696703648
2025-06-19 03:54:42,REAL,2696703648,11908,2696715556,2696715556
2025-06-19 03:54:44,REAL,2696715556,10250,2696725806,2696725806
2025-06-19 03:54:46,REAL,2696725806,10314,2696736120,2696736120
2025-06-19 03:54:48,REAL,2696736120,10251,2696746371,2696746371
2025-06-19 03:54:50,REAL,2696746371,10257,2696756628,2696756628
2025-06-19 03:54:52,REAL,2696756628,10253,2696766881,2696766881
2025-06-19 03:54:54,REAL,2696766881,10321,2696777202,2696777202
2025-06-19 03:54:56,REAL,2696777202,5492,2696782694,2696782694
2025-06-19 03:54:58,REAL,2696782694,481,2696783175,2696783175
2025-06-19 03:55:00,REAL,2696783175,480,2696783655,2696783655
2025-06-19 03:55:02,REAL,2696783655,549,2696784204,2696784204
2025-06-19 03:55:04,REAL,2696784204,479,2696784683,2696784683
2025-06-19 03:55:06,REAL,2696784683,482,2696785165,2696785165
2025-06-19 03:55:08,REAL,2696785165,485,2696785650,2696785650
2025-06-19 03:55:10,REAL,2696785650,486,2696786136,2696786136
2025-06-19 03:55:12,REAL,2696786136,484,2696786620,2696786620
2025-06-19 03:55:14,REAL,2696786620,478,2696787098,2696787098
2025-06-19 03:55:16,REAL,2696787098,482,2696787580,2696787580
2025-06-19 03:55:18,REAL,2696787580,543,2696788123,2696788123
2025-06-19 03:55:20,REAL,2696788123,485,2696788608,2696788608
2025-06-19 03:55:22,REAL,2696788608,488,2696789096,2696789096
2025-06-19 03:55:24,REAL,2696789096,482,2696789578,2696789578
2025-06-19 03:55:26,REAL,2696789578,483,2696790061,2696790061
2025-06-19 03:55:28,REAL,2696790061,479,2696790540,2696790540
2025-06-19 03:55:30,REAL,2696790540,491,2696791031,2696791031
2025-06-19 03:55:32,REAL,2696791031,548,2696791579,2696791579
2025-06-19 03:55:34,REAL,2696791579,484,2696792063,2696792063
2025-06-19 03:55:36,REAL,2696792063,485,2696792548,2696792548
2025-06-19 03:55:38,REAL,2696792548,489,2696793037,2696793037
2025-06-19 03:55:40,REAL,2696793037,489,2696793526,2696793526
2025-06-19 03:55:42,REAL,2696793526,477,2696794003,2696794003
2025-06-19 03:55:44,REAL,2696794003,487,2696794490,2696794490
2025-06-19 03:55:46,REAL,2696794490,485,2696794975,2696794975
2025-06-19 03:55:48,REAL,2696794975,483,2696795458,2696795458
2025-06-19 03:55:50,REAL,2696795458,490,2696795948,2696795948
2025-06-19 03:55:52,REAL,2696795948,490,2696796438,2696796438
2025-06-19 03:55:54,REAL,2696796438,535,2696796973,2696796973
2025-06-19 03:55:56,REAL,2696796973,487,2696797460,2696797460
2025-06-19 03:55:58,REAL,2696797460,488,2696797948,2696797948
2025-06-19 03:56:00,REAL,2696797948,488,2696798436,2696798436
2025-06-19 03:56:02,REAL,2696798436,542,2696798978,2696798978
2025-06-19 03:56:04,REAL,2696798978,487,2696799465,2696799465
2025-06-19 03:56:06,REAL,2696799465,482,2696799947,2696799947
2025-06-19 03:56:08,REAL,2696799947,478,2696800425,2696800425
2025-06-19 03:56:10,REAL,2696800425,475,2696800900,2696800900
2025-06-19 03:56:12,REAL,2696800900,492,2696801392,2696801392
2025-06-19 03:56:14,REAL,2696801392,488,2696801880,2696801880
2025-06-19 03:56:16,REAL,2696801880,485,2696802365,2696802365
2025-06-19 03:56:18,REAL,2696802365,484,2696802849,2696802849
2025-06-19 03:56:20,REAL,2696802849,490,2696803339,2696803339
2025-06-19 03:56:22,REAL,2696803339,485,2696803824,2696803824
2025-06-19 03:56:24,REAL,2696803824,481,2696804305,2696804305
2025-06-19 03:56:26,REAL,2696804305,494,2696804799,2696804799
2025-06-19 03:56:28,REAL,2696804799,477,2696805276,2696805276
2025-06-19 03:56:30,REAL,2696805276,540,2696805816,2696805816
2025-06-19 03:56:32,REAL,2696805816,536,2696806352,2696806352
2025-06-19 03:56:34,REAL,2696806352,489,2696806841,2696806841
2025-06-19 03:56:36,REAL,2696806841,488,2696807329,2696807329
2025-06-19 03:56:38,REAL,2696807329,486,2696807815,2696807815
2025-06-19 03:56:40,REAL,2696807815,486,2696808301,2696808301
2025-06-19 03:56:42,REAL,2696808301,490,2696808791,2696808791
2025-06-19 03:56:44,REAL,2696808791,487,2696809278,2696809278
2025-06-19 03:56:46,REAL,2696809278,482,2696809760,2696809760
2025-06-19 03:56:48,REAL,2696809760,488,2696810248,2696810248
2025-06-19 03:56:50,REAL,2696810248,480,2696810728,2696810728
2025-06-19 03:56:52,REAL,2696810728,482,2696811210,2696811210
2025-06-19 03:56:54,REAL,2696811210,8611,2696819821,2696819821
2025-06-19 03:56:56,REAL,2696819821,10515,2696830336,2696830336
2025-06-19 03:56:58,REAL,2696830336,10321,2696840657,2696840657
2025-06-19 03:57:00,REAL,2696840657,10253,2696850910,2696850910
2025-06-19 03:57:02,REAL,2696850910,10255,2696861165,2696861165
2025-06-19 03:57:04,REAL,2696861165,10316,2696871481,2696871481
2025-06-19 03:57:06,REAL,2696871481,10249,2696881730,2696881730
2025-06-19 03:57:08,REAL,2696881730,7869,2696889599,2696889599
2025-06-19 03:57:10,REAL,2696889599,482,2696890081,2696890081
2025-06-19 03:57:12,REAL,2696890081,494,2696890575,2696890575
2025-06-19 03:57:14,REAL,2696890575,476,2696891051,2696891051
2025-06-19 03:57:16,REAL,2696891051,486,2696891537,2696891537
2025-06-19 03:57:18,REAL,2696891537,483,2696892020,2696892020
2025-06-19 03:57:20,REAL,2696892020,533,2696892553,2696892553
2025-06-19 03:57:22,REAL,2696892553,478,2696893031,2696893031
2025-06-19 03:57:24,REAL,2696893031,485,2696893516,2696893516
2025-06-19 03:57:26,REAL,2696893516,479,2696893995,2696893995
2025-06-19 03:57:28,REAL,2696893995,476,2696894471,2696894471
2025-06-19 03:57:30,REAL,2696894471,537,2696895008,2696895008
2025-06-19 03:57:32,REAL,2696895008,480,2696895488,2696895488
2025-06-19 03:57:34,REAL,2696895488,484,2696895972,2696895972
2025-06-19 03:57:36,REAL,2696895972,481,2696896453,2696896453
2025-06-19 03:57:38,REAL,2696896453,478,2696896931,2696896931
2025-06-19 03:57:40,REAL,2696896931,484,2696897415,2696897415
2025-06-19 03:57:42,REAL,2696897415,478,2696897893,2696897893
2025-06-19 03:57:44,REAL,2696897893,491,2696898384,2696898384
2025-06-19 03:57:46,REAL,2696898384,4258,2696902642,2696902642
2025-06-19 03:57:48,REAL,2696902642,14601,2696917243,2696917243
2025-06-19 03:57:50,REAL,2696917243,10252,2696927495,2696927495
2025-06-19 03:57:52,REAL,2696927495,10243,2696937738,2696937738
2025-06-19 03:57:54,REAL,2696937738,10314,2696948052,2696948052
2025-06-19 03:57:56,REAL,2696948052,10256,2696958308,2696958308
2025-06-19 03:57:58,REAL,2696958308,10253,2696968561,2696968561
2025-06-19 03:58:00,REAL,2696968561,10248,2696978809,2696978809
2025-06-19 03:58:02,REAL,2696978809,2000,2696980809,2696980809
2025-06-19 03:58:04,REAL,2696980809,492,2696981301,2696981301
2025-06-19 03:58:06,REAL,2696981301,485,2696981786,2696981786
2025-06-19 03:58:08,REAL,2696981786,542,2696982328,2696982328
2025-06-19 03:58:10,REAL,2696982328,478,2696982806,2696982806
2025-06-19 03:58:12,REAL,2696982806,488,2696983294,2696983294
2025-06-19 03:58:14,REAL,2696983294,487,2696983781,2696983781
2025-06-19 03:58:16,REAL,2696983781,489,2696984270,2696984270
2025-06-19 03:58:18,REAL,2696984270,4982,2696989252,2696989252
2025-06-19 03:58:20,REAL,2696989252,13683,2697002935,2697002935
2025-06-19 03:58:22,REAL,2697002935,10254,2697013189,2697013189
2025-06-19 03:58:24,REAL,2697013189,10251,2697023440,2697023440
2025-06-19 03:58:26,REAL,2697023440,10317,2697033757,2697033757
2025-06-19 03:58:28,REAL,2697033757,10247,2697044004,2697044004
2025-06-19 03:58:30,REAL,2697044004,10247,2697054251,2697054251
2025-06-19 03:58:32,REAL,2697054251,10248,2697064499,2697064499
2025-06-19 03:58:34,REAL,2697064499,1341,2697065840,2697065840
2025-06-19 03:58:36,REAL,2697065840,484,2697066324,2697066324
2025-06-19 03:58:38,REAL,2697066324,484,2697066808,2697066808
2025-06-19 03:58:40,REAL,2697066808,482,2697067290,2697067290
2025-06-19 03:58:42,REAL,2697067290,479,2697067769,2697067769
2025-06-19 03:58:44,REAL,2697067769,480,2697068249,2697068249
2025-06-19 03:58:46,REAL,2697068249,490,2697068739,2697068739
2025-06-19 03:58:48,REAL,2697068739,485,2697069224,2697069224
2025-06-19 03:58:50,REAL,2697069224,480,2697069704,2697069704
2025-06-19 03:58:52,REAL,2697069704,484,2697070188,2697070188
2025-06-19 03:58:54,REAL,2697070188,535,2697070723,2697070723
2025-06-19 03:58:56,REAL,2697070723,486,2697071209,2697071209
2025-06-19 03:58:58,REAL,2697071209,532,2697071741,2697071741
2025-06-19 03:59:00,REAL,2697071741,490,2697072231,2697072231
2025-06-19 03:59:02,REAL,2697072231,488,2697072719,2697072719
2025-06-19 03:59:04,REAL,2697072719,484,2697073203,2697073203
2025-06-19 03:59:06,REAL,2697073203,483,2697073686,2697073686
2025-06-19 03:59:08,REAL,2697073686,490,2697074176,2697074176
2025-06-19 03:59:10,REAL,2697074176,478,2697074654,2697074654
2025-06-19 03:59:12,REAL,2697074654,484,2697075138,2697075138
2025-06-19 03:59:14,REAL,2697075138,480,2697075618,2697075618
2025-06-19 03:59:16,REAL,2697075618,476,2697076094,2697076094
2025-06-19 03:59:18,REAL,2697076094,484,2697076578,2697076578
2025-06-19 03:59:20,REAL,2697076578,483,2697077061,2697077061
2025-06-19 03:59:22,REAL,2697077061,483,2697077544,2697077544
2025-06-19 03:59:24,REAL,2697077544,479,2697078023,2697078023
2025-06-19 03:59:26,REAL,2697078023,481,2697078504,2697078504
2025-06-19 03:59:28,REAL,2697078504,479,2697078983,2697078983
2025-06-19 03:59:30,REAL,2697078983,486,2697079469,2697079469
2025-06-19 03:59:32,REAL,2697079469,541,2697080010,2697080010
2025-06-19 03:59:34,REAL,2697080010,483,2697080493,2697080493
2025-06-19 03:59:36,REAL,2697080493,481,2697080974,2697080974
2025-06-19 03:59:38,REAL,2697080974,484,2697081458,2697081458
2025-06-19 03:59:40,REAL,2697081458,486,2697081944,2697081944
2025-06-19 03:59:42,REAL,2697081944,475,2697082419,2697082419
2025-06-19 03:59:44,REAL,2697082419,487,2697082906,2697082906
2025-06-19 03:59:46,REAL,2697082906,482,2697083388,2697083388
2025-06-19 03:59:48,REAL,2697083388,541,2697083929,2697083929
2025-06-19 03:59:50,REAL,2697083929,484,2697084413,2697084413
2025-06-19 03:59:52,REAL,2697084413,479,2697084892,2697084892
2025-06-19 03:59:54,REAL,2697084892,7288,2697092180,2697092180
2025-06-19 03:59:56,REAL,2697092180,10920,2697103100,2697103100
2025-06-19 03:59:58,REAL,2697103100,10318,2697113418,2697113418
2025-06-19 04:00:00,REAL,2697113418,10251,2697123669,2697123669
2025-06-19 04:00:02,REAL,2697123669,10320,2697133989,2697133989
2025-06-19 04:00:04,REAL,2697133989,10255,2697144244,2697144244
2025-06-19 04:00:06,REAL,2697144244,10253,2697154497,2697154497
2025-06-19 04:00:08,REAL,2697154497,9327,2697163824,2697163824
2025-06-19 04:00:10,REAL,2697163824,484,2697164308,2697164308
2025-06-19 04:00:12,REAL,2697164308,479,2697164787,2697164787
2025-06-19 04:00:14,REAL,2697164787,479,2697165266,2697165266
2025-06-19 04:00:16,REAL,2697165266,487,2697165753,2697165753
2025-06-19 04:00:18,REAL,2697165753,483,2697166236,2697166236
2025-06-19 04:00:20,REAL,2697166236,477,2697166713,2697166713
2025-06-19 04:00:22,REAL,2697166713,488,2697167201,2697167201
2025-06-19 04:00:24,REAL,2697167201,491,2697167692,2697167692
2025-06-19 04:00:26,REAL,2697167692,483,2697168175,2697168175
2025-06-19 04:00:28,REAL,2697168175,489,2697168664,2697168664
2025-06-19 04:00:30,REAL,2697168664,479,2697169143,2697169143
2025-06-19 04:00:32,REAL,2697169143,482,2697169625,2697169625
2025-06-19 04:00:34,REAL,2697169625,485,2697170110,2697170110
2025-06-19 04:00:36,REAL,2697170110,539,2697170649,2697170649
2025-06-19 04:00:38,REAL,2697170649,487,2697171136,2697171136
2025-06-19 04:00:40,REAL,2697171136,489,2697171625,2697171625
2025-06-19 04:00:42,REAL,2697171625,540,2697172165,2697172165
2025-06-19 04:00:44,REAL,2697172165,481,2697172646,2697172646
2025-06-19 04:00:46,REAL,2697172646,489,2697173135,2697173135
2025-06-19 04:00:48,REAL,2697173135,491,2697173626,2697173626
2025-06-19 04:00:50,REAL,2697173626,487,2697174113,2697174113
2025-06-19 04:00:52,REAL,2697174113,483,2697174596,2697174596
2025-06-19 04:00:54,REAL,2697174596,480,2697175076,2697175076
2025-06-19 04:00:56,REAL,2697175076,479,2697175555,2697175555
2025-06-19 04:00:58,REAL,2697175555,475,2697176030,2697176030
2025-06-19 04:01:00,REAL,2697176030,480,2697176510,2697176510
2025-06-19 04:01:02,REAL,2697176510,476,2697176986,2697176986
2025-06-19 04:01:04,REAL,2697176986,487,2697177473,2697177473
2025-06-19 04:01:06,REAL,2697177473,482,2697177955,2697177955
2025-06-19 04:01:08,REAL,2697177955,486,2697178441,2697178441
2025-06-19 04:01:10,REAL,2697178441,480,2697178921,2697178921
2025-06-19 04:01:12,REAL,2697178921,487,2697179408,2697179408
2025-06-19 04:01:14,REAL,2697179408,489,2697179897,2697179897
2025-06-19 04:01:16,REAL,2697179897,487,2697180384,2697180384
2025-06-19 04:01:18,REAL,2697180384,489,2697180873,2697180873
2025-06-19 04:01:20,REAL,2697180873,481,2697181354,2697181354
2025-06-19 04:01:22,REAL,2697181354,476,2697181830,2697181830
2025-06-19 04:01:24,REAL,2697181830,483,2697182313,2697182313
2025-06-19 04:01:26,REAL,2697182313,543,2697182856,2697182856
2025-06-19 04:01:28,REAL,2697182856,485,2697183341,2697183341
2025-06-19 04:01:30,REAL,2697183341,481,2697183822,2697183822
2025-06-19 04:01:32,REAL,2697183822,474,2697184296,2697184296
2025-06-19 04:01:34,REAL,2697184296,539,2697184835,2697184835
2025-06-19 04:01:36,REAL,2697184835,483,2697185318,2697185318
2025-06-19 04:01:38,REAL,2697185318,484,2697185802,2697185802
2025-06-19 04:01:40,REAL,2697185802,481,2697186283,2697186283
2025-06-19 04:01:42,REAL,2697186283,479,2697186762,2697186762
2025-06-19 04:01:44,REAL,2697186762,488,2697187250,2697187250
2025-06-19 04:01:46,REAL,2697187250,480,2697187730,2697187730
2025-06-19 04:01:48,REAL,2697187730,479,2697188209,2697188209
2025-06-19 04:01:50,REAL,2697188209,489,2697188698,2697188698
2025-06-19 04:01:52,REAL,2697188698,483,2697189181,2697189181
2025-06-19 04:01:54,REAL,2697189181,481,2697189662,2697189662
2025-06-19 04:01:56,REAL,2697189662,491,2697190153,2697190153
2025-06-19 04:01:58,REAL,2697190153,492,2697190645,2697190645
2025-06-19 04:02:00,REAL,2697190645,488,2697191133,2697191133
2025-06-19 04:02:02,REAL,2697191133,482,2697191615,2697191615
2025-06-19 04:02:04,REAL,2697191615,480,2697192095,2697192095
2025-06-19 04:02:06,REAL,2697192095,480,2697192575,2697192575
2025-06-19 04:02:08,REAL,2697192575,483,2697193058,2697193058
2025-06-19 04:02:10,REAL,2697193058,489,2697193547,2697193547
2025-06-19 04:02:12,REAL,2697193547,481,2697194028,2697194028
2025-06-19 04:02:14,REAL,2697194028,530,2697194558,2697194558
2025-06-19 04:02:16,REAL,2697194558,479,2697195037,2697195037
2025-06-19 04:02:18,REAL,2697195037,485,2697195522,2697195522
2025-06-19 04:02:20,REAL,2697195522,476,2697195998,2697195998
2025-06-19 04:02:22,REAL,2697195998,480,2697196478,2697196478
2025-06-19 04:02:24,REAL,2697196478,545,2697197023,2697197023
2025-06-19 04:02:26,REAL,2697197023,479,2697197502,2697197502
2025-06-19 04:02:28,REAL,2697197502,482,2697197984,2697197984
2025-06-19 04:02:30,REAL,2697197984,484,2697198468,2697198468
2025-06-19 04:02:32,REAL,2697198468,474,2697198942,2697198942
2025-06-19 04:02:34,REAL,2697198942,485,2697199427,2697199427
2025-06-19 04:02:36,REAL,2697199427,489,2697199916,2697199916
2025-06-19 04:02:38,REAL,2697199916,490,2697200406,2697200406
2025-06-19 04:02:40,REAL,2697200406,485,2697200891,2697200891
2025-06-19 04:02:42,REAL,2697200891,478,2697201369,2697201369
2025-06-19 04:02:44,REAL,2697201369,487,2697201856,2697201856
2025-06-19 04:02:46,REAL,2697201856,542,2697202398,2697202398
2025-06-19 04:02:48,REAL,2697202398,475,2697202873,2697202873
2025-06-19 04:02:50,REAL,2697202873,487,2697203360,2697203360
2025-06-19 04:02:52,REAL,2697203360,481,2697203841,2697203841
2025-06-19 04:02:54,REAL,2697203841,483,2697204324,2697204324
2025-06-19 04:02:56,REAL,2697204324,484,2697204808,2697204808
2025-06-19 04:02:58,REAL,2697204808,482,2697205290,2697205290
2025-06-19 04:03:00,REAL,2697205290,11514,2697216804,2697216804
2025-06-19 04:03:02,REAL,2697216804,10250,2697227054,2697227054
2025-06-19 04:03:04,REAL,2697227054,10256,2697237310,2697237310
2025-06-19 04:03:06,REAL,2697237310,10074,2697247384,2697247384
2025-06-19 04:03:08,REAL,2697247384,10249,2697257633,2697257633
2025-06-19 04:03:10,REAL,2697257633,10248,2697267881,2697267881
2025-06-19 04:03:12,REAL,2697267881,10895,2697278776,2697278776
2025-06-19 04:03:14,REAL,2697278776,5131,2697283907,2697283907
2025-06-19 04:03:16,REAL,2697283907,540,2697284447,2697284447
2025-06-19 04:03:18,REAL,2697284447,482,2697284929,2697284929
2025-06-19 04:03:20,REAL,2697284929,481,2697285410,2697285410
2025-06-19 04:03:22,REAL,2697285410,490,2697285900,2697285900
2025-06-19 04:03:24,REAL,2697285900,475,2697286375,2697286375
2025-06-19 04:03:26,REAL,2697286375,481,2697286856,2697286856
2025-06-19 04:03:28,REAL,2697286856,483,2697287339,2697287339
2025-06-19 04:03:30,REAL,2697287339,492,2697287831,2697287831
2025-06-19 04:03:32,REAL,2697287831,11924,2697299755,2697299755
2025-06-19 04:03:34,REAL,2697299755,10245,2697310000,2697310000
2025-06-19 04:03:36,REAL,2697310000,10245,2697320245,2697320245
2025-06-19 04:03:38,REAL,2697320245,10319,2697330564,2697330564
2025-06-19 04:03:40,REAL,2697330564,10258,2697340822,2697340822
2025-06-19 04:03:42,REAL,2697340822,10248,2697351070,2697351070
2025-06-19 04:03:44,REAL,2697351070,10246,2697361316,2697361316
2025-06-19 04:03:46,REAL,2697361316,5105,2697366421,2697366421
2025-06-19 04:03:48,REAL,2697366421,539,2697366960,2697366960
2025-06-19 04:03:50,REAL,2697366960,485,2697367445,2697367445
2025-06-19 04:03:52,REAL,2697367445,484,2697367929,2697367929
2025-06-19 04:03:54,REAL,2697367929,478,2697368407,2697368407
2025-06-19 04:03:56,REAL,2697368407,494,2697368901,2697368901
2025-06-19 04:03:58,REAL,2697368901,479,2697369380,2697369380
2025-06-19 04:04:00,REAL,2697369380,479,2697369859,2697369859
2025-06-19 04:04:02,REAL,2697369859,1483,2697371342,2697371342
2025-06-19 04:04:04,REAL,2697371342,11644,2697382986,2697382986
2025-06-19 04:04:06,REAL,2697382986,10312,2697393298,2697393298
2025-06-19 04:04:08,REAL,2697393298,10247,2697403545,2697403545
2025-06-19 04:04:10,REAL,2697403545,10252,2697413797,2697413797
2025-06-19 04:04:12,REAL,2697413797,10311,2697424108,2697424108
2025-06-19 04:04:14,REAL,2697424108,10252,2697434360,2697434360
2025-06-19 04:04:16,REAL,2697434360,10248,2697444608,2697444608
2025-06-19 04:04:18,REAL,2697444608,4566,2697449174,2697449174
2025-06-19 04:04:20,REAL,2697449174,485,2697449659,2697449659
2025-06-19 04:04:22,REAL,2697449659,483,2697450142,2697450142
2025-06-19 04:04:24,REAL,2697450142,487,2697450629,2697450629
2025-06-19 04:04:26,REAL,2697450629,480,2697451109,2697451109
2025-06-19 04:04:28,REAL,2697451109,488,2697451597,2697451597
2025-06-19 04:04:30,REAL,2697451597,485,2697452082,2697452082
2025-06-19 04:04:32,REAL,2697452082,478,2697452560,2697452560
2025-06-19 04:04:34,REAL,2697452560,2278,2697454838,2697454838
2025-06-19 04:04:36,REAL,2697454838,11839,2697466677,2697466677
2025-06-19 04:04:38,REAL,2697466677,10309,2697476986,2697476986
2025-06-19 04:04:40,REAL,2697476986,10257,2697487243,2697487243
2025-06-19 04:04:42,REAL,2697487243,10322,2697497565,2697497565
2025-06-19 04:04:44,REAL,2697497565,10247,2697507812,2697507812
2025-06-19 04:04:46,REAL,2697507812,10255,2697518067,2697518067
2025-06-19 04:04:48,REAL,2697518067,10371,2697528438,2697528438
2025-06-19 04:04:50,REAL,2697528438,3848,2697532286,2697532286
2025-06-19 04:04:52,REAL,2697532286,478,2697532764,2697532764
2025-06-19 04:04:54,REAL,2697532764,482,2697533246,2697533246
2025-06-19 04:04:56,REAL,2697533246,486,2697533732,2697533732
2025-06-19 04:04:58,REAL,2697533732,492,2697534224,2697534224
2025-06-19 04:05:00,REAL,2697534224,483,2697534707,2697534707
2025-06-19 04:05:02,REAL,2697534707,485,2697535192,2697535192
2025-06-19 04:05:04,REAL,2697535192,479,2697535671,2697535671
2025-06-19 04:05:06,REAL,2697535671,2729,2697538400,2697538400
2025-06-19 04:05:08,REAL,2697538400,11313,2697549713,2697549713
2025-06-19 04:05:10,REAL,2697549713,10257,2697559970,2697559970
2025-06-19 04:05:12,REAL,2697559970,10312,2697570282,2697570282
2025-06-19 04:05:14,REAL,2697570282,10252,2697580534,2697580534
2025-06-19 04:05:16,REAL,2697580534,10319,2697590853,2697590853
2025-06-19 04:05:18,REAL,2697590853,10259,2697601112,2697601112
2025-06-19 04:05:20,REAL,2697601112,10309,2697611421,2697611421
2025-06-19 04:05:22,REAL,2697611421,3255,2697614676,2697614676
2025-06-19 04:05:24,REAL,2697614676,478,2697615154,2697615154
2025-06-19 04:05:26,REAL,2697615154,487,2697615641,2697615641
2025-06-19 04:05:28,REAL,2697615641,482,2697616123,2697616123
2025-06-19 04:05:30,REAL,2697616123,482,2697616605,2697616605
2025-06-19 04:05:32,REAL,2697616605,483,2697617088,2697617088
2025-06-19 04:05:34,REAL,2697617088,539,2697617627,2697617627
2025-06-19 04:05:36,REAL,2697617627,484,2697618111,2697618111
2025-06-19 04:05:38,REAL,2697618111,484,2697618595,2697618595
2025-06-19 04:05:40,REAL,2697618595,485,2697619080,2697619080
2025-06-19 04:05:42,REAL,2697619080,487,2697619567,2697619567
2025-06-19 04:05:44,REAL,2697619567,489,2697620056,2697620056
2025-06-19 04:05:46,REAL,2697620056,481,2697620537,2697620537
2025-06-19 04:05:48,REAL,2697620537,490,2697621027,2697621027
2025-06-19 04:05:50,REAL,2697621027,539,2697621566,2697621566
2025-06-19 04:05:52,REAL,2697621566,485,2697622051,2697622051
2025-06-19 04:05:54,REAL,2697622051,483,2697622534,2697622534
2025-06-19 04:05:56,REAL,2697622534,483,2697623017,2697623017
2025-06-19 04:05:58,REAL,2697623017,479,2697623496,2697623496
2025-06-19 04:06:00,REAL,2697623496,489,2697623985,2697623985
2025-06-19 04:06:02,REAL,2697623985,539,2697624524,2697624524
2025-06-19 04:06:04,REAL,2697624524,492,2697625016,2697625016
2025-06-19 04:06:06,REAL,2697625016,486,2697625502,2697625502
2025-06-19 04:06:08,REAL,2697625502,488,2697625990,2697625990
2025-06-19 04:06:10,REAL,2697625990,487,2697626477,2697626477
2025-06-19 04:06:12,REAL,2697626477,480,2697626957,2697626957
2025-06-19 04:06:14,REAL,2697626957,493,2697627450,2697627450
2025-06-19 04:06:16,REAL,2697627450,10192,2697637642,2697637642
2025-06-19 04:06:18,REAL,2697637642,10581,2697648223,2697648223
2025-06-19 04:06:20,REAL,2697648223,10365,2697658588,2697658588
2025-06-19 04:06:22,REAL,2697658588,10249,2697668837,2697668837
2025-06-19 04:06:24,REAL,2697668837,10317,2697679154,2697679154
2025-06-19 04:06:26,REAL,2697679154,10255,2697689409,2697689409
2025-06-19 04:06:28,REAL,2697689409,10318,2697699727,2697699727
2025-06-19 04:06:30,REAL,2697699727,6820,2697706547,2697706547
2025-06-19 04:06:32,REAL,2697706547,485,2697707032,2697707032
2025-06-19 04:06:34,REAL,2697707032,477,2697707509,2697707509
2025-06-19 04:06:36,REAL,2697707509,483,2697707992,2697707992
2025-06-19 04:06:38,REAL,2697707992,483,2697708475,2697708475
2025-06-19 04:06:40,REAL,2697708475,486,2697708961,2697708961
2025-06-19 04:06:42,REAL,2697708961,534,2697709495,2697709495
2025-06-19 04:06:44,REAL,2697709495,486,2697709981,2697709981
2025-06-19 04:06:46,REAL,2697709981,478,2697710459,2697710459
2025-06-19 04:06:48,REAL,2697710459,11585,2697722044,2697722044
2025-06-19 04:06:50,REAL,2697722044,10316,2697732360,2697732360
2025-06-19 04:06:52,REAL,2697732360,10328,2697742688,2697742688
2025-06-19 04:06:54,REAL,2697742688,10249,2697752937,2697752937
2025-06-19 04:06:56,REAL,2697752937,10255,2697763192,2697763192
2025-06-19 04:06:58,REAL,2697763192,10252,2697773444,2697773444
2025-06-19 04:07:00,REAL,2697773444,10247,2697783691,2697783691
2025-06-19 04:07:02,REAL,2697783691,6279,2697789970,2697789970
2025-06-19 04:07:04,REAL,2697789970,480,2697790450,2697790450
2025-06-19 04:07:06,REAL,2697790450,477,2697790927,2697790927
2025-06-19 04:07:08,REAL,2697790927,481,2697791408,2697791408
2025-06-19 04:07:10,REAL,2697791408,479,2697791887,2697791887
2025-06-19 04:07:12,REAL,2697791887,477,2697792364,2697792364
2025-06-19 04:07:14,REAL,2697792364,548,2697792912,2697792912
2025-06-19 04:07:16,REAL,2697792912,482,2697793394,2697793394
2025-06-19 04:07:18,REAL,2697793394,484,2697793878,2697793878
2025-06-19 04:07:20,REAL,2697793878,11790,2697805668,2697805668
2025-06-19 04:07:22,REAL,2697805668,10246,2697815914,2697815914
2025-06-19 04:07:24,REAL,2697815914,10254,2697826168,2697826168
2025-06-19 04:07:26,REAL,2697826168,10253,2697836421,2697836421
2025-06-19 04:07:28,REAL,2697836421,10313,2697846734,2697846734
2025-06-19 04:07:30,REAL,2697846734,10260,2697856994,2697856994
2025-06-19 04:07:32,REAL,2697856994,10248,2697867242,2697867242
2025-06-19 04:07:34,REAL,2697867242,5563,2697872805,2697872805
2025-06-19 04:07:36,REAL,2697872805,485,2697873290,2697873290
2025-06-19 04:07:38,REAL,2697873290,488,2697873778,2697873778
2025-06-19 04:07:40,REAL,2697873778,487,2697874265,2697874265
2025-06-19 04:07:42,REAL,2697874265,480,2697874745,2697874745
2025-06-19 04:07:44,REAL,2697874745,535,2697875280,2697875280
2025-06-19 04:07:46,REAL,2697875280,541,2697875821,2697875821
2025-06-19 04:07:48,REAL,2697875821,484,2697876305,2697876305
2025-06-19 04:07:50,REAL,2697876305,483,2697876788,2697876788
2025-06-19 04:07:52,REAL,2697876788,485,2697877273,2697877273
2025-06-19 04:07:54,REAL,2697877273,487,2697877760,2697877760
2025-06-19 04:07:56,REAL,2697877760,487,2697878247,2697878247
2025-06-19 04:07:58,REAL,2697878247,485,2697878732,2697878732
2025-06-19 04:08:00,REAL,2697878732,483,2697879215,2697879215
2025-06-19 04:08:02,REAL,2697879215,485,2697879700,2697879700
2025-06-19 04:08:04,REAL,2697879700,486,2697880186,2697880186
2025-06-19 04:08:06,REAL,2697880186,484,2697880670,2697880670
2025-06-19 04:08:08,REAL,2697880670,488,2697881158,2697881158
2025-06-19 04:08:10,REAL,2697881158,482,2697881640,2697881640
2025-06-19 04:08:12,REAL,2697881640,534,2697882174,2697882174
2025-06-19 04:08:14,REAL,2697882174,480,2697882654,2697882654
2025-06-19 04:08:16,REAL,2697882654,481,2697883135,2697883135
2025-06-19 04:08:18,REAL,2697883135,490,2697883625,2697883625
2025-06-19 04:08:20,REAL,2697883625,492,2697884117,2697884117
2025-06-19 04:08:22,REAL,2697884117,484,2697884601,2697884601
2025-06-19 04:08:24,REAL,2697884601,487,2697885088,2697885088
2025-06-19 04:08:26,REAL,2697885088,491,2697885579,2697885579
2025-06-19 04:08:28,REAL,2697885579,550,2697886129,2697886129
2025-06-19 04:08:30,REAL,2697886129,476,2697886605,2697886605
2025-06-19 04:08:32,REAL,2697886605,482,2697887087,2697887087
2025-06-19 04:08:34,REAL,2697887087,485,2697887572,2697887572
2025-06-19 04:08:36,REAL,2697887572,479,2697888051,2697888051
2025-06-19 04:08:38,REAL,2697888051,487,2697888538,2697888538
2025-06-19 04:08:40,REAL,2697888538,534,2697889072,2697889072
2025-06-19 04:08:42,REAL,2697889072,492,2697889564,2697889564
2025-06-19 04:08:44,REAL,2697889564,484,2697890048,2697890048
2025-06-19 04:08:46,REAL,2697890048,489,2697890537,2697890537
2025-06-19 04:08:48,REAL,2697890537,489,2697891026,2697891026
2025-06-19 04:08:50,REAL,2697891026,478,2697891504,2697891504
2025-06-19 04:08:52,REAL,2697891504,485,2697891989,2697891989
2025-06-19 04:08:54,REAL,2697891989,2409,2697894398,2697894398
2025-06-19 04:08:56,REAL,2697894398,14478,2697908876,2697908876
2025-06-19 04:08:58,REAL,2697908876,10252,2697919128,2697919128
2025-06-19 04:09:00,REAL,2697919128,10315,2697929443,2697929443
2025-06-19 04:09:02,REAL,2697929443,10250,2697939693,2697939693
2025-06-19 04:09:04,REAL,2697939693,10252,2697949945,2697949945
2025-06-19 04:09:06,REAL,2697949945,10316,2697960261,2697960261
2025-06-19 04:09:08,REAL,2697960261,10254,2697970515,2697970515
2025-06-19 04:09:10,REAL,2697970515,3781,2697974296,2697974296
2025-06-19 04:09:12,REAL,2697974296,481,2697974777,2697974777
2025-06-19 04:09:14,REAL,2697974777,486,2697975263,2697975263
2025-06-19 04:09:16,REAL,2697975263,484,2697975747,2697975747
2025-06-19 04:09:18,REAL,2697975747,483,2697976230,2697976230
2025-06-19 04:09:20,REAL,2697976230,481,2697976711,2697976711
2025-06-19 04:09:22,REAL,2697976711,535,2697977246,2697977246
2025-06-19 04:09:24,REAL,2697977246,493,2697977739,2697977739
2025-06-19 04:09:26,REAL,2697977739,3201,2697980940,2697980940
2025-06-19 04:09:28,REAL,2697980940,11374,2697992314,2697992314
2025-06-19 04:09:30,REAL,2697992314,10252,2698002566,2698002566
2025-06-19 04:09:32,REAL,2698002566,10316,2698012882,2698012882
2025-06-19 04:09:34,REAL,2698012882,10252,2698023134,2698023134
2025-06-19 04:09:36,REAL,2698023134,10258,2698033392,2698033392
2025-06-19 04:09:38,REAL,2698033392,10252,2698043644,2698043644
2025-06-19 04:09:40,REAL,2698043644,10322,2698053966,2698053966
2025-06-19 04:09:42,REAL,2698053966,3054,2698057020,2698057020
2025-06-19 04:09:44,REAL,2698057020,481,2698057501,2698057501
2025-06-19 04:09:46,REAL,2698057501,484,2698057985,2698057985
2025-06-19 04:09:48,REAL,2698057985,490,2698058475,2698058475
2025-06-19 04:09:50,REAL,2698058475,481,2698058956,2698058956
2025-06-19 04:09:52,REAL,2698058956,544,2698059500,2698059500
2025-06-19 04:09:54,REAL,2698059500,544,2698060044,2698060044
2025-06-19 04:09:56,REAL,2698060044,483,2698060527,2698060527
2025-06-19 04:09:58,REAL,2698060527,486,2698061013,2698061013
2025-06-19 04:10:00,REAL,2698061013,491,2698061504,2698061504
2025-06-19 04:10:02,REAL,2698061504,478,2698061982,2698061982
2025-06-19 04:10:04,REAL,2698061982,479,2698062461,2698062461
2025-06-19 04:10:06,REAL,2698062461,476,2698062937,2698062937
2025-06-19 04:10:08,REAL,2698062937,494,2698063431,2698063431
2025-06-19 04:10:10,REAL,2698063431,479,2698063910,2698063910
2025-06-19 04:10:12,REAL,2698063910,479,2698064389,2698064389
2025-06-19 04:10:14,REAL,2698064389,482,2698064871,2698064871
2025-06-19 04:10:16,REAL,2698064871,480,2698065351,2698065351
2025-06-19 04:10:18,REAL,2698065351,489,2698065840,2698065840
2025-06-19 04:10:20,REAL,2698065840,477,2698066317,2698066317
2025-06-19 04:10:22,REAL,2698066317,486,2698066803,2698066803
2025-06-19 04:10:24,REAL,2698066803,492,2698067295,2698067295
2025-06-19 04:10:26,REAL,2698067295,475,2698067770,2698067770
2025-06-19 04:10:28,REAL,2698067770,490,2698068260,2698068260
2025-06-19 04:10:30,REAL,2698068260,481,2698068741,2698068741
2025-06-19 04:10:32,REAL,2698068741,480,2698069221,2698069221
2025-06-19 04:10:34,REAL,2698069221,488,2698069709,2698069709
2025-06-19 04:10:36,REAL,2698069709,532,2698070241,2698070241
2025-06-19 04:10:38,REAL,2698070241,533,2698070774,2698070774
2025-06-19 04:10:40,REAL,2698070774,481,2698071255,2698071255
2025-06-19 04:10:42,REAL,2698071255,482,2698071737,2698071737
2025-06-19 04:10:44,REAL,2698071737,477,2698072214,2698072214
2025-06-19 04:10:46,REAL,2698072214,484,2698072698,2698072698
2025-06-19 04:10:48,REAL,2698072698,486,2698073184,2698073184
2025-06-19 04:10:50,REAL,2698073184,480,2698073664,2698073664
2025-06-19 04:10:52,REAL,2698073664,480,2698074144,2698074144
2025-06-19 04:10:54,REAL,2698074144,479,2698074623,2698074623
2025-06-19 04:10:56,REAL,2698074623,485,2698075108,2698075108
2025-06-19 04:10:58,REAL,2698075108,491,2698075599,2698075599
2025-06-19 04:11:00,REAL,2698075599,475,2698076074,2698076074
2025-06-19 04:11:02,REAL,2698076074,486,2698076560,2698076560
2025-06-19 04:11:04,REAL,2698076560,476,2698077036,2698077036
2025-06-19 04:11:06,REAL,2698077036,477,2698077513,2698077513
2025-06-19 04:11:08,REAL,2698077513,482,2698077995,2698077995
2025-06-19 04:11:10,REAL,2698077995,489,2698078484,2698078484
2025-06-19 04:11:12,REAL,2698078484,492,2698078976,2698078976
2025-06-19 04:11:14,REAL,2698078976,484,2698079460,2698079460
2025-06-19 04:11:16,REAL,2698079460,489,2698079949,2698079949
2025-06-19 04:11:18,REAL,2698079949,485,2698080434,2698080434
2025-06-19 04:11:20,REAL,2698080434,530,2698080964,2698080964
2025-06-19 04:11:22,REAL,2698080964,534,2698081498,2698081498
2025-06-19 04:11:24,REAL,2698081498,483,2698081981,2698081981
2025-06-19 04:11:26,REAL,2698081981,486,2698082467,2698082467
2025-06-19 04:11:28,REAL,2698082467,475,2698082942,2698082942
2025-06-19 04:11:30,REAL,2698082942,485,2698083427,2698083427
2025-06-19 04:11:32,REAL,2698083427,490,2698083917,2698083917
2025-06-19 04:11:34,REAL,2698083917,6104,2698090021,2698090021
2025-06-19 04:11:36,REAL,2698090021,11385,2698101406,2698101406
2025-06-19 04:11:38,REAL,2698101406,10254,2698111660,2698111660
2025-06-19 04:11:40,REAL,2698111660,10254,2698121914,2698121914
2025-06-19 04:11:42,REAL,2698121914,10261,2698132175,2698132175
2025-06-19 04:11:44,REAL,2698132175,10321,2698142496,2698142496
2025-06-19 04:11:46,REAL,2698142496,10244,2698152740,2698152740
2025-06-19 04:11:48,REAL,2698152740,10249,2698162989,2698162989
2025-06-19 04:11:50,REAL,2698162989,551,2698163540,2698163540
2025-06-19 04:11:52,REAL,2698163540,483,2698164023,2698164023
2025-06-19 04:11:54,REAL,2698164023,490,2698164513,2698164513
2025-06-19 04:11:56,REAL,2698164513,488,2698165001,2698165001
2025-06-19 04:11:58,REAL,2698165001,491,2698165492,2698165492
2025-06-19 04:12:00,REAL,2698165492,478,2698165970,2698165970
2025-06-19 04:12:02,REAL,2698165970,537,2698166507,2698166507
2025-06-19 04:12:04,REAL,2698166507,485,2698166992,2698166992
2025-06-19 04:12:06,REAL,2698166992,7486,2698174478,2698174478
2025-06-19 04:12:08,REAL,2698174478,11128,2698185606,2698185606
2025-06-19 04:12:10,REAL,2698185606,10315,2698195921,2698195921
2025-06-19 04:12:12,REAL,2698195921,10244,2698206165,2698206165
2025-06-19 04:12:14,REAL,2698206165,10244,2698216409,2698216409
2025-06-19 04:12:16,REAL,2698216409,10248,2698226657,2698226657
2025-06-19 04:12:18,REAL,2698226657,10251,2698236908,2698236908
2025-06-19 04:12:20,REAL,2698236908,9726,2698246634,2698246634
2025-06-19 04:12:22,REAL,2698246634,476,2698247110,2698247110
2025-06-19 04:12:24,REAL,2698247110,482,2698247592,2698247592
2025-06-19 04:12:26,REAL,2698247592,487,2698248079,2698248079
2025-06-19 04:12:28,REAL,2698248079,484,2698248563,2698248563
2025-06-19 04:12:30,REAL,2698248563,482,2698249045,2698249045
2025-06-19 04:12:32,REAL,2698249045,479,2698249524,2698249524
2025-06-19 04:12:34,REAL,2698249524,493,2698250017,2698250017
2025-06-19 04:12:36,REAL,2698250017,484,2698250501,2698250501
2025-06-19 04:12:38,REAL,2698250501,484,2698250985,2698250985
2025-06-19 04:12:40,REAL,2698250985,543,2698251528,2698251528
2025-06-19 04:12:42,REAL,2698251528,479,2698252007,2698252007
2025-06-19 04:12:44,REAL,2698252007,490,2698252497,2698252497
2025-06-19 04:12:46,REAL,2698252497,492,2698252989,2698252989
2025-06-19 04:12:48,REAL,2698252989,475,2698253464,2698253464
2025-06-19 04:12:50,REAL,2698253464,538,2698254002,2698254002
2025-06-19 04:12:52,REAL,2698254002,474,2698254476,2698254476
2025-06-19 04:12:54,REAL,2698254476,478,2698254954,2698254954
2025-06-19 04:12:56,REAL,2698254954,487,2698255441,2698255441
2025-06-19 04:12:58,REAL,2698255441,2473,2698257914,2698257914
2025-06-19 04:13:00,REAL,2698257914,12041,2698269955,2698269955
2025-06-19 04:13:02,REAL,2698269955,10253,2698280208,2698280208
2025-06-19 04:13:04,REAL,2698280208,10251,2698290459,2698290459
2025-06-19 04:13:06,REAL,2698290459,10250,2698300709,2698300709
2025-06-19 04:13:08,REAL,2698300709,10255,2698310964,2698310964
2025-06-19 04:13:10,REAL,2698310964,10250,2698321214,2698321214
2025-06-19 04:13:12,REAL,2698321214,10254,2698331468,2698331468
2025-06-19 04:13:14,REAL,2698331468,3858,2698335326,2698335326
2025-06-19 04:13:16,REAL,2698335326,539,2698335865,2698335865
2025-06-19 04:13:18,REAL,2698335865,478,2698336343,2698336343
2025-06-19 04:13:20,REAL,2698336343,485,2698336828,2698336828
2025-06-19 04:13:22,REAL,2698336828,482,2698337310,2698337310
2025-06-19 04:13:24,REAL,2698337310,488,2698337798,2698337798
2025-06-19 04:13:26,REAL,2698337798,481,2698338279,2698338279
2025-06-19 04:13:28,REAL,2698338279,486,2698338765,2698338765
2025-06-19 04:13:30,REAL,2698338765,485,2698339250,2698339250
2025-06-19 04:13:32,REAL,2698339250,487,2698339737,2698339737
2025-06-19 04:13:34,REAL,2698339737,477,2698340214,2698340214
2025-06-19 04:13:36,REAL,2698340214,484,2698340698,2698340698
2025-06-19 04:13:38,REAL,2698340698,485,2698341183,2698341183
2025-06-19 04:13:40,REAL,2698341183,480,2698341663,2698341663
2025-06-19 04:13:42,REAL,2698341663,542,2698342205,2698342205
2025-06-19 04:13:44,REAL,2698342205,484,2698342689,2698342689
2025-06-19 04:13:46,REAL,2698342689,483,2698343172,2698343172
2025-06-19 04:13:48,REAL,2698343172,487,2698343659,2698343659
2025-06-19 04:13:50,REAL,2698343659,480,2698344139,2698344139
2025-06-19 04:13:52,REAL,2698344139,542,2698344681,2698344681
2025-06-19 04:13:54,REAL,2698344681,486,2698345167,2698345167
2025-06-19 04:13:56,REAL,2698345167,485,2698345652,2698345652
2025-06-19 04:13:58,REAL,2698345652,489,2698346141,2698346141
2025-06-19 04:14:00,REAL,2698346141,494,2698346635,2698346635
2025-06-19 04:14:02,REAL,2698346635,485,2698347120,2698347120
2025-06-19 04:14:04,REAL,2698347120,483,2698347603,2698347603
2025-06-19 04:14:06,REAL,2698347603,480,2698348083,2698348083
2025-06-19 04:14:08,REAL,2698348083,487,2698348570,2698348570
2025-06-19 04:14:10,REAL,2698348570,483,2698349053,2698349053
2025-06-19 04:14:12,REAL,2698349053,485,2698349538,2698349538
2025-06-19 04:14:14,REAL,2698349538,489,2698350027,2698350027
2025-06-19 04:14:16,REAL,2698350027,486,2698350513,2698350513
2025-06-19 04:14:18,REAL,2698350513,483,2698350996,2698350996
2025-06-19 04:14:20,REAL,2698350996,493,2698351489,2698351489
2025-06-19 04:14:22,REAL,2698351489,476,2698351965,2698351965
2025-06-19 04:14:24,REAL,2698351965,481,2698352446,2698352446
2025-06-19 04:14:26,REAL,2698352446,476,2698352922,2698352922
2025-06-19 04:14:28,REAL,2698352922,535,2698353457,2698353457
2025-06-19 04:14:30,REAL,2698353457,547,2698354004,2698354004
2025-06-19 04:14:32,REAL,2698354004,486,2698354490,2698354490
2025-06-19 04:14:34,REAL,2698354490,490,2698354980,2698354980
2025-06-19 04:14:36,REAL,2698354980,478,2698355458,2698355458
2025-06-19 04:14:38,REAL,2698355458,489,2698355947,2698355947
2025-06-19 04:14:40,REAL,2698355947,10257,2698366204,2698366204
2025-06-19 04:14:42,REAL,2698366204,10311,2698376515,2698376515
2025-06-19 04:14:44,REAL,2698376515,10258,2698386773,2698386773
2025-06-19 04:14:46,REAL,2698386773,10316,2698397089,2698397089
2025-06-19 04:14:48,REAL,2698397089,10256,2698407345,2698407345
2025-06-19 04:14:50,REAL,2698407345,10248,2698417593,2698417593
2025-06-19 04:14:52,REAL,2698417593,10251,2698427844,2698427844
2025-06-19 04:14:54,REAL,2698427844,6883,2698434727,2698434727
2025-06-19 04:14:56,REAL,2698434727,482,2698435209,2698435209
2025-06-19 04:14:58,REAL,2698435209,483,2698435692,2698435692
2025-06-19 04:15:00,REAL,2698435692,479,2698436171,2698436171
2025-06-19 04:15:02,REAL,2698436171,490,2698436661,2698436661
2025-06-19 04:15:04,REAL,2698436661,483,2698437144,2698437144
2025-06-19 04:15:06,REAL,2698437144,541,2698437685,2698437685
2025-06-19 04:15:08,REAL,2698437685,481,2698438166,2698438166
2025-06-19 04:15:10,REAL,2698438166,481,2698438647,2698438647
2025-06-19 04:15:12,REAL,2698438647,14424,2698453071,2698453071
2025-06-19 04:15:14,REAL,2698453071,10382,2698463453,2698463453
2025-06-19 04:15:16,REAL,2698463453,10259,2698473712,2698473712
2025-06-19 04:15:18,REAL,2698473712,10246,2698483958,2698483958
2025-06-19 04:15:20,REAL,2698483958,10252,2698494210,2698494210
2025-06-19 04:15:22,REAL,2698494210,10254,2698504464,2698504464
2025-06-19 04:15:24,REAL,2698504464,10255,2698514719,2698514719
2025-06-19 04:15:26,REAL,2698514719,6227,2698520946,2698520946
2025-06-19 04:15:28,REAL,2698520946,488,2698521434,2698521434
2025-06-19 04:15:30,REAL,2698521434,480,2698521914,2698521914
2025-06-19 04:15:32,REAL,2698521914,5703,2698527617,2698527617
2025-06-19 04:15:34,REAL,2698527617,11306,2698538923,2698538923
2025-06-19 04:15:36,REAL,2698538923,10252,2698549175,2698549175
2025-06-19 04:15:38,REAL,2698549175,10314,2698559489,2698559489
2025-06-19 04:15:40,REAL,2698559489,10253,2698569742,2698569742
2025-06-19 04:15:42,REAL,2698569742,10252,2698579994,2698579994
2025-06-19 04:15:44,REAL,2698579994,10380,2698590374,2698590374
2025-06-19 04:15:46,REAL,2698590374,10251,2698600625,2698600625
2025-06-19 04:15:48,REAL,2698600625,943,2698601568,2698601568
2025-06-19 04:15:50,REAL,2698601568,486,2698602054,2698602054
2025-06-19 04:15:52,REAL,2698602054,491,2698602545,2698602545
2025-06-19 04:15:54,REAL,2698602545,492,2698603037,2698603037
2025-06-19 04:15:56,REAL,2698603037,482,2698603519,2698603519
2025-06-19 04:15:58,REAL,2698603519,494,2698604013,2698604013
2025-06-19 04:16:00,REAL,2698604013,481,2698604494,2698604494
2025-06-19 04:16:02,REAL,2698604494,482,2698604976,2698604976
2025-06-19 04:16:04,REAL,2698604976,481,2698605457,2698605457
2025-06-19 04:16:06,REAL,2698605457,487,2698605944,2698605944
2025-06-19 04:16:08,REAL,2698605944,488,2698606432,2698606432
2025-06-19 04:16:10,REAL,2698606432,488,2698606920,2698606920
2025-06-19 04:16:12,REAL,2698606920,489,2698607409,2698607409
2025-06-19 04:16:14,REAL,2698607409,484,2698607893,2698607893
2025-06-19 04:16:16,REAL,2698607893,487,2698608380,2698608380
2025-06-19 04:16:18,REAL,2698608380,542,2698608922,2698608922
2025-06-19 04:16:20,REAL,2698608922,479,2698609401,2698609401
2025-06-19 04:16:22,REAL,2698609401,547,2698609948,2698609948
2025-06-19 04:16:24,REAL,2698609948,481,2698610429,2698610429
2025-06-19 04:16:26,REAL,2698610429,491,2698610920,2698610920
2025-06-19 04:16:28,REAL,2698610920,476,2698611396,2698611396
2025-06-19 04:16:30,REAL,2698611396,482,2698611878,2698611878
2025-06-19 04:16:32,REAL,2698611878,483,2698612361,2698612361
2025-06-19 04:16:34,REAL,2698612361,489,2698612850,2698612850
2025-06-19 04:16:36,REAL,2698612850,7943,2698620793,2698620793
2025-06-19 04:16:38,REAL,2698620793,12820,2698633613,2698633613
2025-06-19 04:16:40,REAL,2698633613,10325,2698643938,2698643938
2025-06-19 04:16:42,REAL,2698643938,10252,2698654190,2698654190
2025-06-19 04:16:44,REAL,2698654190,10250,2698664440,2698664440
2025-06-19 04:16:46,REAL,2698664440,10254,2698674694,2698674694
2025-06-19 04:16:48,REAL,2698674694,10314,2698685008,2698685008
2025-06-19 04:16:50,REAL,2698685008,9455,2698694463,2698694463
2025-06-19 04:16:52,REAL,2698694463,482,2698694945,2698694945
2025-06-19 04:16:54,REAL,2698694945,482,2698695427,2698695427
2025-06-19 04:16:56,REAL,2698695427,540,2698695967,2698695967
2025-06-19 04:16:58,REAL,2698695967,482,2698696449,2698696449
2025-06-19 04:17:00,REAL,2698696449,478,2698696927,2698696927
2025-06-19 04:17:02,REAL,2698696927,487,2698697414,2698697414
2025-06-19 04:17:04,REAL,2698697414,487,2698697901,2698697901
2025-06-19 04:17:06,REAL,2698697901,481,2698698382,2698698382
2025-06-19 04:17:08,REAL,2698698382,7483,2698705865,2698705865
2025-06-19 04:17:10,REAL,2698705865,10776,2698716641,2698716641
2025-06-19 04:17:12,REAL,2698716641,10253,2698726894,2698726894
2025-06-19 04:17:14,REAL,2698726894,10256,2698737150,2698737150
2025-06-19 04:17:16,REAL,2698737150,10250,2698747400,2698747400
2025-06-19 04:17:18,REAL,2698747400,10315,2698757715,2698757715
2025-06-19 04:17:20,REAL,2698757715,10310,2698768025,2698768025
2025-06-19 04:17:22,REAL,2698768025,8872,2698776897,2698776897
2025-06-19 04:17:24,REAL,2698776897,485,2698777382,2698777382
2025-06-19 04:17:26,REAL,2698777382,491,2698777873,2698777873
2025-06-19 04:17:28,REAL,2698777873,2199,2698780072,2698780072
2025-06-19 04:17:30,REAL,2698780072,15523,2698795595,2698795595
2025-06-19 04:17:32,REAL,2698795595,10254,2698805849,2698805849
2025-06-19 04:17:34,REAL,2698805849,10317,2698816166,2698816166
2025-06-19 04:17:36,REAL,2698816166,10257,2698826423,2698826423
2025-06-19 04:17:38,REAL,2698826423,10249,2698836672,2698836672
2025-06-19 04:17:40,REAL,2698836672,10381,2698847053,2698847053
2025-06-19 04:17:42,REAL,2698847053,10247,2698857300,2698857300
2025-06-19 04:17:44,REAL,2698857300,3655,2698860955,2698860955
2025-06-19 04:17:46,REAL,2698860955,479,2698861434,2698861434
2025-06-19 04:17:48,REAL,2698861434,484,2698861918,2698861918
2025-06-19 04:17:50,REAL,2698861918,477,2698862395,2698862395
2025-06-19 04:17:52,REAL,2698862395,485,2698862880,2698862880
2025-06-19 04:17:54,REAL,2698862880,488,2698863368,2698863368
2025-06-19 04:17:56,REAL,2698863368,485,2698863853,2698863853
2025-06-19 04:17:58,REAL,2698863853,486,2698864339,2698864339
2025-06-19 04:18:00,REAL,2698864339,490,2698864829,2698864829
2025-06-19 04:18:02,REAL,2698864829,544,2698865373,2698865373
2025-06-19 04:18:04,REAL,2698865373,491,2698865864,2698865864
2025-06-19 04:18:06,REAL,2698865864,477,2698866341,2698866341
2025-06-19 04:18:08,REAL,2698866341,489,2698866830,2698866830
2025-06-19 04:18:10,REAL,2698866830,484,2698867314,2698867314
2025-06-19 04:18:12,REAL,2698867314,480,2698867794,2698867794
2025-06-19 04:18:14,REAL,2698867794,488,2698868282,2698868282
2025-06-19 04:18:16,REAL,2698868282,532,2698868814,2698868814
2025-06-19 04:18:18,REAL,2698868814,479,2698869293,2698869293
2025-06-19 04:18:20,REAL,2698869293,477,2698869770,2698869770
2025-06-19 04:18:22,REAL,2698869770,483,2698870253,2698870253
2025-06-19 04:18:24,REAL,2698870253,539,2698870792,2698870792
2025-06-19 04:18:26,REAL,2698870792,483,2698871275,2698871275
2025-06-19 04:18:28,REAL,2698871275,481,2698871756,2698871756
2025-06-19 04:18:30,REAL,2698871756,487,2698872243,2698872243
2025-06-19 04:18:32,REAL,2698872243,488,2698872731,2698872731
2025-06-19 04:18:34,REAL,2698872731,480,2698873211,2698873211
2025-06-19 04:18:36,REAL,2698873211,484,2698873695,2698873695
2025-06-19 04:18:38,REAL,2698873695,484,2698874179,2698874179
2025-06-19 04:18:40,REAL,2698874179,488,2698874667,2698874667
2025-06-19 04:18:42,REAL,2698874667,490,2698875157,2698875157
2025-06-19 04:18:44,REAL,2698875157,481,2698875638,2698875638
2025-06-19 04:18:46,REAL,2698875638,541,2698876179,2698876179
2025-06-19 04:18:48,REAL,2698876179,4586,2698880765,2698880765
2025-06-19 04:18:50,REAL,2698880765,11851,2698892616,2698892616
2025-06-19 04:18:52,REAL,2698892616,10256,2698902872,2698902872
2025-06-19 04:18:54,REAL,2698902872,10320,2698913192,2698913192
2025-06-19 04:18:56,REAL,2698913192,10310,2698923502,2698923502
2025-06-19 04:18:58,REAL,2698923502,10254,2698933756,2698933756
2025-06-19 04:19:00,REAL,2698933756,10321,2698944077,2698944077
2025-06-19 04:19:02,REAL,2698944077,10253,2698954330,2698954330
2025-06-19 04:19:04,REAL,2698954330,2060,2698956390,2698956390
2025-06-19 04:19:06,REAL,2698956390,486,2698956876,2698956876
2025-06-19 04:19:08,REAL,2698956876,537,2698957413,2698957413
2025-06-19 04:19:10,REAL,2698957413,483,2698957896,2698957896
2025-06-19 04:19:12,REAL,2698957896,485,2698958381,2698958381
2025-06-19 04:19:14,REAL,2698958381,480,2698958861,2698958861
2025-06-19 04:19:16,REAL,2698958861,488,2698959349,2698959349
2025-06-19 04:19:18,REAL,2698959349,483,2698959832,2698959832
2025-06-19 04:19:20,REAL,2698959832,481,2698960313,2698960313
2025-06-19 04:19:22,REAL,2698960313,493,2698960806,2698960806
2025-06-19 04:19:24,REAL,2698960806,485,2698961291,2698961291
2025-06-19 04:19:26,REAL,2698961291,479,2698961770,2698961770
2025-06-19 04:19:28,REAL,2698961770,482,2698962252,2698962252
2025-06-19 04:19:30,REAL,2698962252,543,2698962795,2698962795
2025-06-19 04:19:32,REAL,2698962795,485,2698963280,2698963280
2025-06-19 04:19:34,REAL,2698963280,483,2698963763,2698963763
2025-06-19 04:19:36,REAL,2698963763,545,2698964308,2698964308
2025-06-19 04:19:38,REAL,2698964308,477,2698964785,2698964785
2025-06-19 04:19:40,REAL,2698964785,486,2698965271,2698965271
2025-06-19 04:19:42,REAL,2698965271,491,2698965762,2698965762
2025-06-19 04:19:44,REAL,2698965762,481,2698966243,2698966243
2025-06-19 04:19:46,REAL,2698966243,240,2698966483,2698966483
2025-06-19 04:19:48,REAL,2698966483,487,2698966970,2698966970
2025-06-19 04:19:50,REAL,2698966970,487,2698967457,2698967457
2025-06-19 04:19:52,REAL,2698967457,533,2698967990,2698967990
2025-06-19 04:19:54,REAL,2698967990,485,2698968475,2698968475
2025-06-19 04:19:56,REAL,2698968475,483,2698968958,2698968958
2025-06-19 04:19:58,REAL,2698968958,485,2698969443,2698969443
2025-06-19 04:20:00,REAL,2698969443,480,2698969923,2698969923
2025-06-19 04:20:02,REAL,2698969923,483,2698970406,2698970406
2025-06-19 04:20:04,REAL,2698970406,486,2698970892,2698970892
2025-06-19 04:20:06,REAL,2698970892,483,2698971375,2698971375
2025-06-19 04:20:08,REAL,2698971375,488,2698971863,2698971863
2025-06-19 04:20:10,REAL,2698971863,488,2698972351,2698972351
2025-06-19 04:20:12,REAL,2698972351,484,2698972835,2698972835
2025-06-19 04:20:14,REAL,2698972835,542,2698973377,2698973377
2025-06-19 04:20:16,REAL,2698973377,489,2698973866,2698973866
2025-06-19 04:20:18,REAL,2698973866,480,2698974346,2698974346
2025-06-19 04:20:20,REAL,2698974346,474,2698974820,2698974820
2025-06-19 04:20:22,REAL,2698974820,476,2698975296,2698975296
2025-06-19 04:20:24,REAL,2698975296,538,2698975834,2698975834
2025-06-19 04:20:26,REAL,2698975834,488,2698976322,2698976322
2025-06-19 04:20:28,REAL,2698976322,483,2698976805,2698976805
2025-06-19 04:20:30,REAL,2698976805,484,2698977289,2698977289
2025-06-19 04:20:32,REAL,2698977289,478,2698977767,2698977767
2025-06-19 04:20:34,REAL,2698977767,486,2698978253,2698978253
2025-06-19 04:20:36,REAL,2698978253,540,2698978793,2698978793
2025-06-19 04:20:38,REAL,2698978793,481,2698979274,2698979274
2025-06-19 04:20:40,REAL,2698979274,481,2698979755,2698979755
2025-06-19 04:20:42,REAL,2698979755,482,2698980237,2698980237
2025-06-19 04:20:44,REAL,2698980237,480,2698980717,2698980717
2025-06-19 04:20:46,REAL,2698980717,485,2698981202,2698981202
2025-06-19 04:20:48,REAL,2698981202,481,2698981683,2698981683
2025-06-19 04:20:50,REAL,2698981683,477,2698982160,2698982160
2025-06-19 04:20:52,REAL,2698982160,484,2698982644,2698982644
2025-06-19 04:20:54,REAL,2698982644,491,2698983135,2698983135
2025-06-19 04:20:56,REAL,2698983135,479,2698983614,2698983614
2025-06-19 04:20:58,REAL,2698983614,541,2698984155,2698984155
2025-06-19 04:21:00,REAL,2698984155,480,2698984635,2698984635
2025-06-19 04:21:02,REAL,2698984635,549,2698985184,2698985184
2025-06-19 04:21:04,REAL,2698985184,479,2698985663,2698985663
2025-06-19 04:21:06,REAL,2698985663,486,2698986149,2698986149
2025-06-19 04:21:08,REAL,2698986149,493,2698986642,2698986642
2025-06-19 04:21:10,REAL,2698986642,479,2698987121,2698987121
2025-06-19 04:21:12,REAL,2698987121,490,2698987611,2698987611
2025-06-19 04:21:14,REAL,2698987611,483,2698988094,2698988094
2025-06-19 04:21:16,REAL,2698988094,484,2698988578,2698988578
2025-06-19 04:21:18,REAL,2698988578,484,2698989062,2698989062
2025-06-19 04:21:20,REAL,2698989062,530,2698989592,2698989592
2025-06-19 04:21:22,REAL,2698989592,484,2698990076,2698990076
2025-06-19 04:21:24,REAL,2698990076,491,2698990567,2698990567
2025-06-19 04:21:26,REAL,2698990567,478,2698991045,2698991045
2025-06-19 04:21:28,REAL,2698991045,477,2698991522,2698991522
2025-06-19 04:21:30,REAL,2698991522,485,2698992007,2698992007
2025-06-19 04:21:32,REAL,2698992007,478,2698992485,2698992485
2025-06-19 04:21:34,REAL,2698992485,486,2698992971,2698992971
2025-06-19 04:21:36,REAL,2698992971,488,2698993459,2698993459
2025-06-19 04:21:38,REAL,2698993459,485,2698993944,2698993944
2025-06-19 04:21:40,REAL,2698993944,483,2698994427,2698994427
2025-06-19 04:21:42,REAL,2698994427,601,2698995028,2698995028
2025-06-19 04:21:44,REAL,2698995028,479,2698995507,2698995507
2025-06-19 04:21:46,REAL,2698995507,481,2698995988,2698995988
2025-06-19 04:21:48,REAL,2698995988,486,2698996474,2698996474
2025-06-19 04:21:50,REAL,2698996474,486,2698996960,2698996960
2025-06-19 04:21:52,REAL,2698996960,490,2698997450,2698997450
2025-06-19 04:21:54,REAL,2698997450,483,2698997933,2698997933
2025-06-19 04:21:56,REAL,2698997933,479,2698998412,2698998412
2025-06-19 04:21:58,REAL,2698998412,491,2698998903,2698998903
2025-06-19 04:22:00,REAL,2698998903,494,2698999397,2698999397
2025-06-19 04:22:02,REAL,2698999397,485,2698999882,2698999882
2025-06-19 04:22:04,REAL,2698999882,485,2699000367,2699000367
2025-06-19 04:22:06,REAL,2699000367,493,2699000860,2699000860
2025-06-19 04:22:08,REAL,2699000860,482,2699001342,2699001342
2025-06-19 04:22:10,REAL,2699001342,487,2699001829,2699001829
2025-06-19 04:22:12,REAL,2699001829,487,2699002316,2699002316
2025-06-19 04:22:14,REAL,2699002316,489,2699002805,2699002805
2025-06-19 04:22:16,REAL,2699002805,482,2699003287,2699003287
2025-06-19 04:22:18,REAL,2699003287,487,2699003774,2699003774
2025-06-19 04:22:20,REAL,2699003774,532,2699004306,2699004306
2025-06-19 04:22:22,REAL,2699004306,485,2699004791,2699004791
2025-06-19 04:22:24,REAL,2699004791,486,2699005277,2699005277
2025-06-19 04:22:26,REAL,2699005277,477,2699005754,2699005754
2025-06-19 04:22:28,REAL,2699005754,483,2699006237,2699006237
2025-06-19 04:22:30,REAL,2699006237,542,2699006779,2699006779
2025-06-19 04:22:32,REAL,2699006779,485,2699007264,2699007264
2025-06-19 04:22:34,REAL,2699007264,491,2699007755,2699007755
2025-06-19 04:22:36,REAL,2699007755,486,2699008241,2699008241
2025-06-19 04:22:38,REAL,2699008241,474,2699008715,2699008715
2025-06-19 04:22:40,REAL,2699008715,475,2699009190,2699009190
2025-06-19 04:22:42,REAL,2699009190,489,2699009679,2699009679
2025-06-19 04:22:44,REAL,2699009679,482,2699010161,2699010161
2025-06-19 04:22:46,REAL,2699010161,480,2699010641,2699010641
2025-06-19 04:22:48,REAL,2699010641,481,2699011122,2699011122
2025-06-19 04:22:50,REAL,2699011122,481,2699011603,2699011603
2025-06-19 04:22:52,REAL,2699011603,4905,2699016508,2699016508
2025-06-19 04:22:54,REAL,2699016508,11785,2699028293,2699028293
2025-06-19 04:22:56,REAL,2699028293,10254,2699038547,2699038547
2025-06-19 04:22:58,REAL,2699038547,10312,2699048859,2699048859
2025-06-19 04:23:00,REAL,2699048859,10258,2699059117,2699059117
2025-06-19 04:23:02,REAL,2699059117,10246,2699069363,2699069363
2025-06-19 04:23:04,REAL,2699069363,10247,2699079610,2699079610
2025-06-19 04:23:06,REAL,2699079610,10314,2699089924,2699089924
2025-06-19 04:23:08,REAL,2699089924,2332,2699092256,2699092256
2025-06-19 04:23:10,REAL,2699092256,488,2699092744,2699092744
2025-06-19 04:23:12,REAL,2699092744,488,2699093232,2699093232
2025-06-19 04:23:14,REAL,2699093232,477,2699093709,2699093709
2025-06-19 04:23:16,REAL,2699093709,489,2699094198,2699094198
2025-06-19 04:23:18,REAL,2699094198,543,2699094741,2699094741
2025-06-19 04:23:20,REAL,2699094741,493,2699095234,2699095234
2025-06-19 04:23:22,REAL,2699095234,481,2699095715,2699095715
2025-06-19 04:23:24,REAL,2699095715,489,2699096204,2699096204
2025-06-19 04:23:26,REAL,2699096204,488,2699096692,2699096692
2025-06-19 04:23:28,REAL,2699096692,481,2699097173,2699097173
2025-06-19 04:23:30,REAL,2699097173,489,2699097662,2699097662
2025-06-19 04:23:32,REAL,2699097662,533,2699098195,2699098195
2025-06-19 04:23:34,REAL,2699098195,480,2699098675,2699098675
2025-06-19 04:23:36,REAL,2699098675,489,2699099164,2699099164
2025-06-19 04:23:38,REAL,2699099164,477,2699099641,2699099641
2025-06-19 04:23:40,REAL,2699099641,491,2699100132,2699100132
2025-06-19 04:23:42,REAL,2699100132,484,2699100616,2699100616
2025-06-19 04:23:44,REAL,2699100616,478,2699101094,2699101094
2025-06-19 04:23:46,REAL,2699101094,488,2699101582,2699101582
2025-06-19 04:23:48,REAL,2699101582,485,2699102067,2699102067
2025-06-19 04:23:50,REAL,2699102067,486,2699102553,2699102553
2025-06-19 04:23:52,REAL,2699102553,492,2699103045,2699103045
2025-06-19 04:23:54,REAL,2699103045,487,2699103532,2699103532
2025-06-19 04:23:56,REAL,2699103532,479,2699104011,2699104011
2025-06-19 04:23:58,REAL,2699104011,484,2699104495,2699104495
2025-06-19 04:24:00,REAL,2699104495,494,2699104989,2699104989
2025-06-19 04:24:02,REAL,2699104989,482,2699105471,2699105471
2025-06-19 04:24:04,REAL,2699105471,484,2699105955,2699105955
2025-06-19 04:24:06,REAL,2699105955,541,2699106496,2699106496
2025-06-19 04:24:08,REAL,2699106496,491,2699106987,2699106987
2025-06-19 04:24:10,REAL,2699106987,542,2699107529,2699107529
2025-06-19 04:24:12,REAL,2699107529,489,2699108018,2699108018
2025-06-19 04:24:14,REAL,2699108018,484,2699108502,2699108502
2025-06-19 04:24:16,REAL,2699108502,482,2699108984,2699108984
2025-06-19 04:24:18,REAL,2699108984,480,2699109464,2699109464
2025-06-19 04:24:20,REAL,2699109464,480,2699109944,2699109944
2025-06-19 04:24:22,REAL,2699109944,478,2699110422,2699110422
2025-06-19 04:24:24,REAL,2699110422,490,2699110912,2699110912
2025-06-19 04:24:26,REAL,2699110912,491,2699111403,2699111403
2025-06-19 04:24:28,REAL,2699111403,485,2699111888,2699111888
2025-06-19 04:24:30,REAL,2699111888,477,2699112365,2699112365
2025-06-19 04:24:32,REAL,2699112365,480,2699112845,2699112845
2025-06-19 04:24:34,REAL,2699112845,484,2699113329,2699113329
2025-06-19 04:24:36,REAL,2699113329,487,2699113816,2699113816
2025-06-19 04:24:38,REAL,2699113816,487,2699114303,2699114303
2025-06-19 04:24:40,REAL,2699114303,490,2699114793,2699114793
2025-06-19 04:24:42,REAL,2699114793,486,2699115279,2699115279
2025-06-19 04:24:44,REAL,2699115279,474,2699115753,2699115753
2025-06-19 04:24:46,REAL,2699115753,477,2699116230,2699116230
2025-06-19 04:24:48,REAL,2699116230,493,2699116723,2699116723
2025-06-19 04:24:50,REAL,2699116723,543,2699117266,2699117266
2025-06-19 04:24:52,REAL,2699117266,538,2699117804,2699117804
2025-06-19 04:24:54,REAL,2699117804,477,2699118281,2699118281
2025-06-19 04:24:56,REAL,2699118281,483,2699118764,2699118764
2025-06-19 04:24:58,REAL,2699118764,490,2699119254,2699119254
2025-06-19 04:25:00,REAL,2699119254,485,2699119739,2699119739
2025-06-19 04:25:02,REAL,2699119739,477,2699120216,2699120216
2025-06-19 04:25:04,REAL,2699120216,483,2699120699,2699120699
2025-06-19 04:25:06,REAL,2699120699,488,2699121187,2699121187
2025-06-19 04:25:08,REAL,2699121187,492,2699121679,2699121679
2025-06-19 04:25:10,REAL,2699121679,487,2699122166,2699122166
2025-06-19 04:25:12,REAL,2699122166,477,2699122643,2699122643
2025-06-19 04:25:14,REAL,2699122643,484,2699123127,2699123127
2025-06-19 04:25:16,REAL,2699123127,492,2699123619,2699123619
2025-06-19 04:25:18,REAL,2699123619,480,2699124099,2699124099
2025-06-19 04:25:20,REAL,2699124099,488,2699124587,2699124587
2025-06-19 04:25:22,REAL,2699124587,485,2699125072,2699125072
2025-06-19 04:25:24,REAL,2699125072,480,2699125552,2699125552
2025-06-19 04:25:26,REAL,2699125552,487,2699126039,2699126039
2025-06-19 04:25:28,REAL,2699126039,539,2699126578,2699126578
2025-06-19 04:25:30,REAL,2699126578,487,2699127065,2699127065
2025-06-19 04:25:32,REAL,2699127065,485,2699127550,2699127550
2025-06-19 04:25:34,REAL,2699127550,488,2699128038,2699128038
2025-06-19 04:25:36,REAL,2699128038,484,2699128522,2699128522
2025-06-19 04:25:38,REAL,2699128522,483,2699129005,2699129005
2025-06-19 04:25:40,REAL,2699129005,544,2699129549,2699129549
2025-06-19 04:25:42,REAL,2699129549,480,2699130029,2699130029
2025-06-19 04:25:44,REAL,2699130029,487,2699130516,2699130516
2025-06-19 04:25:46,REAL,2699130516,476,2699130992,2699130992
2025-06-19 04:25:48,REAL,2699130992,487,2699131479,2699131479
2025-06-19 04:25:50,REAL,2699131479,477,2699131956,2699131956
2025-06-19 04:25:52,REAL,2699131956,482,2699132438,2699132438
2025-06-19 04:25:54,REAL,2699132438,484,2699132922,2699132922
2025-06-19 04:25:56,REAL,2699132922,488,2699133410,2699133410
2025-06-19 04:25:58,REAL,2699133410,489,2699133899,2699133899
2025-06-19 04:26:00,REAL,2699133899,480,2699134379,2699134379
2025-06-19 04:26:02,REAL,2699134379,539,2699134918,2699134918
2025-06-19 04:26:04,REAL,2699134918,485,2699135403,2699135403
2025-06-19 04:26:06,REAL,2699135403,482,2699135885,2699135885
2025-06-19 04:26:08,REAL,2699135885,478,2699136363,2699136363
2025-06-19 04:26:10,REAL,2699136363,481,2699136844,2699136844
2025-06-19 04:26:12,REAL,2699136844,484,2699137328,2699137328
2025-06-19 04:26:14,REAL,2699137328,482,2699137810,2699137810
2025-06-19 04:26:16,REAL,2699137810,485,2699138295,2699138295
2025-06-19 04:26:18,REAL,2699138295,491,2699138786,2699138786
2025-06-19 04:26:20,REAL,2699138786,489,2699139275,2699139275
2025-06-19 04:26:22,REAL,2699139275,484,2699139759,2699139759
2025-06-19 04:26:24,REAL,2699139759,488,2699140247,2699140247
2025-06-19 04:26:26,REAL,2699140247,548,2699140795,2699140795
2025-06-19 04:26:28,REAL,2699140795,482,2699141277,2699141277
2025-06-19 04:26:30,REAL,2699141277,481,2699141758,2699141758
2025-06-19 04:26:32,REAL,2699141758,484,2699142242,2699142242
2025-06-19 04:26:34,REAL,2699142242,533,2699142775,2699142775
2025-06-19 04:26:36,REAL,2699142775,485,2699143260,2699143260
2025-06-19 04:26:38,REAL,2699143260,485,2699143745,2699143745
2025-06-19 04:26:40,REAL,2699143745,479,2699144224,2699144224
2025-06-19 04:26:42,REAL,2699144224,485,2699144709,2699144709
2025-06-19 04:26:44,REAL,2699144709,483,2699145192,2699145192
2025-06-19 04:26:46,REAL,2699145192,485,2699145677,2699145677
2025-06-19 04:26:48,REAL,2699145677,479,2699146156,2699146156
2025-06-19 04:26:50,REAL,2699146156,478,2699146634,2699146634
2025-06-19 04:26:52,REAL,2699146634,484,2699147118,2699147118
2025-06-19 04:26:54,REAL,2699147118,487,2699147605,2699147605
2025-06-19 04:26:56,REAL,2699147605,3731,2699151336,2699151336
2025-06-19 04:26:58,REAL,2699151336,14426,2699165762,2699165762
2025-06-19 04:27:00,REAL,2699165762,10251,2699176013,2699176013
2025-06-19 04:27:02,REAL,2699176013,10316,2699186329,2699186329
2025-06-19 04:27:04,REAL,2699186329,10245,2699196574,2699196574
2025-06-19 04:27:06,REAL,2699196574,10316,2699206890,2699206890
2025-06-19 04:27:08,REAL,2699206890,10244,2699217134,2699217134
2025-06-19 04:27:10,REAL,2699217134,10249,2699227383,2699227383
2025-06-19 04:27:12,REAL,2699227383,2529,2699229912,2699229912
2025-06-19 04:27:14,REAL,2699229912,546,2699230458,2699230458
2025-06-19 04:27:16,REAL,2699230458,484,2699230942,2699230942
2025-06-19 04:27:18,REAL,2699230942,475,2699231417,2699231417
2025-06-19 04:27:20,REAL,2699231417,484,2699231901,2699231901
2025-06-19 04:27:22,REAL,2699231901,485,2699232386,2699232386
2025-06-19 04:27:24,REAL,2699232386,485,2699232871,2699232871
2025-06-19 04:27:26,REAL,2699232871,485,2699233356,2699233356
2025-06-19 04:27:28,REAL,2699233356,485,2699233841,2699233841
2025-06-19 04:27:30,REAL,2699233841,546,2699234387,2699234387
2025-06-19 04:27:32,REAL,2699234387,486,2699234873,2699234873
2025-06-19 04:27:34,REAL,2699234873,484,2699235357,2699235357
2025-06-19 04:27:36,REAL,2699235357,487,2699235844,2699235844
2025-06-19 04:27:38,REAL,2699235844,483,2699236327,2699236327
2025-06-19 04:27:40,REAL,2699236327,481,2699236808,2699236808
2025-06-19 04:27:42,REAL,2699236808,486,2699237294,2699237294
2025-06-19 04:27:44,REAL,2699237294,483,2699237777,2699237777
2025-06-19 04:27:46,REAL,2699237777,483,2699238260,2699238260
2025-06-19 04:27:48,REAL,2699238260,479,2699238739,2699238739
2025-06-19 04:27:50,REAL,2699238739,487,2699239226,2699239226
2025-06-19 04:27:52,REAL,2699239226,488,2699239714,2699239714
2025-06-19 04:27:54,REAL,2699239714,490,2699240204,2699240204
2025-06-19 04:27:56,REAL,2699240204,480,2699240684,2699240684
2025-06-19 04:27:58,REAL,2699240684,482,2699241166,2699241166
2025-06-19 04:28:00,REAL,2699241166,547,2699241713,2699241713
2025-06-19 04:28:02,REAL,2699241713,545,2699242258,2699242258
2025-06-19 04:28:04,REAL,2699242258,490,2699242748,2699242748
2025-06-19 04:28:06,REAL,2699242748,487,2699243235,2699243235
2025-06-19 04:28:08,REAL,2699243235,488,2699243723,2699243723
2025-06-19 04:28:10,REAL,2699243723,484,2699244207,2699244207
2025-06-19 04:28:12,REAL,2699244207,492,2699244699,2699244699
2025-06-19 04:28:14,REAL,2699244699,489,2699245188,2699245188
2025-06-19 04:28:16,REAL,2699245188,481,2699245669,2699245669
2025-06-19 04:28:18,REAL,2699245669,475,2699246144,2699246144
2025-06-19 04:28:20,REAL,2699246144,482,2699246626,2699246626
2025-06-19 04:28:22,REAL,2699246626,476,2699247102,2699247102
2025-06-19 04:28:24,REAL,2699247102,485,2699247587,2699247587
2025-06-19 04:28:26,REAL,2699247587,486,2699248073,2699248073
2025-06-19 04:28:28,REAL,2699248073,491,2699248564,2699248564
2025-06-19 04:28:30,REAL,2699248564,491,2699249055,2699249055
2025-06-19 04:28:32,REAL,2699249055,488,2699249543,2699249543
2025-06-19 04:28:34,REAL,2699249543,548,2699250091,2699250091
2025-06-19 04:28:36,REAL,2699250091,480,2699250571,2699250571
2025-06-19 04:28:38,REAL,2699250571,479,2699251050,2699251050
2025-06-19 04:28:40,REAL,2699251050,493,2699251543,2699251543
2025-06-19 04:28:42,REAL,2699251543,485,2699252028,2699252028
2025-06-19 04:28:44,REAL,2699252028,480,2699252508,2699252508
2025-06-19 04:28:46,REAL,2699252508,483,2699252991,2699252991
2025-06-19 04:28:48,REAL,2699252991,540,2699253531,2699253531
2025-06-19 04:28:50,REAL,2699253531,480,2699254011,2699254011
2025-06-19 04:28:52,REAL,2699254011,489,2699254500,2699254500
2025-06-19 04:28:54,REAL,2699254500,488,2699254988,2699254988
2025-06-19 04:28:56,REAL,2699254988,483,2699255471,2699255471
2025-06-19 04:28:58,REAL,2699255471,478,2699255949,2699255949
2025-06-19 04:29:00,REAL,2699255949,485,2699256434,2699256434
2025-06-19 04:29:02,REAL,2699256434,481,2699256915,2699256915
2025-06-19 04:29:04,REAL,2699256915,485,2699257400,2699257400
2025-06-19 04:29:06,REAL,2699257400,486,2699257886,2699257886
2025-06-19 04:29:08,REAL,2699257886,539,2699258425,2699258425
2025-06-19 04:29:10,REAL,2699258425,476,2699258901,2699258901
2025-06-19 04:29:12,REAL,2699258901,478,2699259379,2699259379
2025-06-19 04:29:14,REAL,2699259379,485,2699259864,2699259864
2025-06-19 04:29:16,REAL,2699259864,475,2699260339,2699260339
2025-06-19 04:29:18,REAL,2699260339,485,2699260824,2699260824
2025-06-19 04:29:20,REAL,2699260824,492,2699261316,2699261316
2025-06-19 04:29:22,REAL,2699261316,484,2699261800,2699261800
2025-06-19 04:29:24,REAL,2699261800,488,2699262288,2699262288
2025-06-19 04:29:26,REAL,2699262288,485,2699262773,2699262773
2025-06-19 04:29:28,REAL,2699262773,488,2699263261,2699263261
2025-06-19 04:29:30,REAL,2699263261,484,2699263745,2699263745
2025-06-19 04:29:32,REAL,2699263745,485,2699264230,2699264230
2025-06-19 04:29:34,REAL,2699264230,537,2699264767,2699264767
2025-06-19 04:29:36,REAL,2699264767,486,2699265253,2699265253
2025-06-19 04:29:38,REAL,2699265253,486,2699265739,2699265739
2025-06-19 04:29:40,REAL,2699265739,545,2699266284,2699266284
2025-06-19 04:29:42,REAL,2699266284,478,2699266762,2699266762
2025-06-19 04:29:44,REAL,2699266762,484,2699267246,2699267246
2025-06-19 04:29:46,REAL,2699267246,481,2699267727,2699267727
2025-06-19 04:29:48,REAL,2699267727,484,2699268211,2699268211
2025-06-19 04:29:50,REAL,2699268211,486,2699268697,2699268697
2025-06-19 04:29:52,REAL,2699268697,489,2699269186,2699269186
2025-06-19 04:29:54,REAL,2699269186,478,2699269664,2699269664
2025-06-19 04:29:56,REAL,2699269664,487,2699270151,2699270151
2025-06-19 04:29:58,REAL,2699270151,477,2699270628,2699270628
2025-06-19 04:30:00,REAL,2699270628,483,2699271111,2699271111
2025-06-19 04:30:02,REAL,2699271111,489,2699271600,2699271600
2025-06-19 04:30:04,REAL,2699271600,487,2699272087,2699272087
2025-06-19 04:30:06,REAL,2699272087,479,2699272566,2699272566
2025-06-19 04:30:08,REAL,2699272566,483,2699273049,2699273049
2025-06-19 04:30:10,REAL,2699273049,533,2699273582,2699273582
2025-06-19 04:30:12,REAL,2699273582,485,2699274067,2699274067
2025-06-19 04:30:14,REAL,2699274067,475,2699274542,2699274542
2025-06-19 04:30:16,REAL,2699274542,490,2699275032,2699275032
2025-06-19 04:30:18,REAL,2699275032,481,2699275513,2699275513
2025-06-19 04:30:20,REAL,2699275513,488,2699276001,2699276001
2025-06-19 04:30:22,REAL,2699276001,546,2699276547,2699276547
2025-06-19 04:30:24,REAL,2699276547,486,2699277033,2699277033
2025-06-19 04:30:26,REAL,2699277033,486,2699277519,2699277519
2025-06-19 04:30:28,REAL,2699277519,483,2699278002,2699278002
2025-06-19 04:30:30,REAL,2699278002,477,2699278479,2699278479
2025-06-19 04:30:32,REAL,2699278479,488,2699278967,2699278967
2025-06-19 04:30:34,REAL,2699278967,482,2699279449,2699279449
2025-06-19 04:30:36,REAL,2699279449,486,2699279935,2699279935
2025-06-19 04:30:38,REAL,2699279935,484,2699280419,2699280419
2025-06-19 04:30:40,REAL,2699280419,480,2699280899,2699280899
2025-06-19 04:30:42,REAL,2699280899,483,2699281382,2699281382
2025-06-19 04:30:44,REAL,2699281382,542,2699281924,2699281924
2025-06-19 04:30:46,REAL,2699281924,488,2699282412,2699282412
2025-06-19 04:30:48,REAL,2699282412,489,2699282901,2699282901
2025-06-19 04:30:50,REAL,2699282901,491,2699283392,2699283392
2025-06-19 04:30:52,REAL,2699283392,479,2699283871,2699283871
2025-06-19 04:30:54,REAL,2699283871,486,2699284357,2699284357
2025-06-19 04:30:56,REAL,2699284357,482,2699284839,2699284839
2025-06-19 04:30:58,REAL,2699284839,484,2699285323,2699285323
2025-06-19 04:31:00,REAL,2699285323,491,2699285814,2699285814
2025-06-19 04:31:02,REAL,2699285814,483,2699286297,2699286297
2025-06-19 04:31:04,REAL,2699286297,480,2699286777,2699286777
2025-06-19 04:31:06,REAL,2699286777,12762,2699299539,2699299539
2025-06-19 04:31:08,REAL,2699299539,11302,2699310841,2699310841
2025-06-19 04:31:10,REAL,2699310841,10305,2699321146,2699321146
2025-06-19 04:31:12,REAL,2699321146,10316,2699331462,2699331462
2025-06-19 04:31:14,REAL,2699331462,10255,2699341717,2699341717
2025-06-19 04:31:16,REAL,2699341717,10314,2699352031,2699352031
2025-06-19 04:31:18,REAL,2699352031,10260,2699362291,2699362291
2025-06-19 04:31:20,REAL,2699362291,7553,2699369844,2699369844
2025-06-19 04:31:22,REAL,2699369844,489,2699370333,2699370333
2025-06-19 04:31:24,REAL,2699370333,480,2699370813,2699370813
2025-06-19 04:31:26,REAL,2699370813,486,2699371299,2699371299
2025-06-19 04:31:28,REAL,2699371299,478,2699371777,2699371777
2025-06-19 04:31:30,REAL,2699371777,487,2699372264,2699372264
2025-06-19 04:31:32,REAL,2699372264,485,2699372749,2699372749
2025-06-19 04:31:34,REAL,2699372749,536,2699373285,2699373285
2025-06-19 04:31:36,REAL,2699373285,493,2699373778,2699373778
2025-06-19 04:31:38,REAL,2699373778,10061,2699383839,2699383839
2025-06-19 04:31:40,REAL,2699383839,10649,2699394488,2699394488
2025-06-19 04:31:42,REAL,2699394488,10252,2699404740,2699404740
2025-06-19 04:31:44,REAL,2699404740,10248,2699414988,2699414988
2025-06-19 04:31:46,REAL,2699414988,10327,2699425315,2699425315
2025-06-19 04:31:48,REAL,2699425315,10254,2699435569,2699435569
2025-06-19 04:31:50,REAL,2699435569,10253,2699445822,2699445822
2025-06-19 04:31:52,REAL,2699445822,6884,2699452706,2699452706
2025-06-19 04:31:54,REAL,2699452706,487,2699453193,2699453193
2025-06-19 04:31:56,REAL,2699453193,549,2699453742,2699453742
2025-06-19 04:31:58,REAL,2699453742,487,2699454229,2699454229
2025-06-19 04:32:00,REAL,2699454229,478,2699454707,2699454707
2025-06-19 04:32:02,REAL,2699454707,483,2699455190,2699455190
2025-06-19 04:32:04,REAL,2699455190,530,2699455720,2699455720
2025-06-19 04:32:06,REAL,2699455720,477,2699456197,2699456197
2025-06-19 04:32:08,REAL,2699456197,484,2699456681,2699456681
2025-06-19 04:32:10,REAL,2699456681,488,2699457169,2699457169
2025-06-19 04:32:12,REAL,2699457169,482,2699457651,2699457651
2025-06-19 04:32:14,REAL,2699457651,479,2699458130,2699458130
2025-06-19 04:32:16,REAL,2699458130,484,2699458614,2699458614
2025-06-19 04:32:18,REAL,2699458614,483,2699459097,2699459097
2025-06-19 04:32:20,REAL,2699459097,476,2699459573,2699459573
2025-06-19 04:32:22,REAL,2699459573,492,2699460065,2699460065
2025-06-19 04:32:24,REAL,2699460065,493,2699460558,2699460558
2025-06-19 04:32:26,REAL,2699460558,540,2699461098,2699461098
2025-06-19 04:32:28,REAL,2699461098,481,2699461579,2699461579
2025-06-19 04:32:30,REAL,2699461579,482,2699462061,2699462061
2025-06-19 04:32:32,REAL,2699462061,482,2699462543,2699462543
2025-06-19 04:32:34,REAL,2699462543,541,2699463084,2699463084
2025-06-19 04:32:36,REAL,2699463084,11452,2699474536,2699474536
2025-06-19 04:32:38,REAL,2699474536,10255,2699484791,2699484791
2025-06-19 04:32:40,REAL,2699484791,10313,2699495104,2699495104
2025-06-19 04:32:42,REAL,2699495104,10245,2699505349,2699505349
2025-06-19 04:32:44,REAL,2699505349,10253,2699515602,2699515602
2025-06-19 04:32:46,REAL,2699515602,10254,2699525856,2699525856
2025-06-19 04:32:48,REAL,2699525856,10253,2699536109,2699536109
2025-06-19 04:32:50,REAL,2699536109,6092,2699542201,2699542201
2025-06-19 04:32:52,REAL,2699542201,475,2699542676,2699542676
2025-06-19 04:32:54,REAL,2699542676,479,2699543155,2699543155
2025-06-19 04:32:56,REAL,2699543155,486,2699543641,2699543641
2025-06-19 04:32:58,REAL,2699543641,545,2699544186,2699544186
2025-06-19 04:33:00,REAL,2699544186,484,2699544670,2699544670
2025-06-19 04:33:02,REAL,2699544670,540,2699545210,2699545210
2025-06-19 04:33:04,REAL,2699545210,488,2699545698,2699545698
2025-06-19 04:33:06,REAL,2699545698,484,2699546182,2699546182
2025-06-19 04:33:08,REAL,2699546182,487,2699546669,2699546669
2025-06-19 04:33:10,REAL,2699546669,485,2699547154,2699547154
2025-06-19 04:33:12,REAL,2699547154,485,2699547639,2699547639
2025-06-19 04:33:14,REAL,2699547639,492,2699548131,2699548131
2025-06-19 04:33:16,REAL,2699548131,483,2699548614,2699548614
2025-06-19 04:33:18,REAL,2699548614,490,2699549104,2699549104
2025-06-19 04:33:20,REAL,2699549104,479,2699549583,2699549583
2025-06-19 04:33:22,REAL,2699549583,484,2699550067,2699550067
2025-06-19 04:33:24,REAL,2699550067,483,2699550550,2699550550
2025-06-19 04:33:26,REAL,2699550550,486,2699551036,2699551036
2025-06-19 04:33:28,REAL,2699551036,542,2699551578,2699551578
2025-06-19 04:33:30,REAL,2699551578,483,2699552061,2699552061
2025-06-19 04:33:32,REAL,2699552061,544,2699552605,2699552605
2025-06-19 04:33:34,REAL,2699552605,478,2699553083,2699553083
2025-06-19 04:33:36,REAL,2699553083,482,2699553565,2699553565
2025-06-19 04:33:38,REAL,2699553565,476,2699554041,2699554041
2025-06-19 04:33:40,REAL,2699554041,481,2699554522,2699554522
2025-06-19 04:33:42,REAL,2699554522,485,2699555007,2699555007
2025-06-19 04:33:44,REAL,2699555007,482,2699555489,2699555489
2025-06-19 04:33:46,REAL,2699555489,492,2699555981,2699555981
2025-06-19 04:33:48,REAL,2699555981,482,2699556463,2699556463
2025-06-19 04:33:50,REAL,2699556463,482,2699556945,2699556945
2025-06-19 04:33:52,REAL,2699556945,491,2699557436,2699557436
2025-06-19 04:33:54,REAL,2699557436,489,2699557925,2699557925
2025-06-19 04:33:56,REAL,2699557925,485,2699558410,2699558410
2025-06-19 04:33:58,REAL,2699558410,479,2699558889,2699558889
2025-06-19 04:34:00,REAL,2699558889,596,2699559485,2699559485
2025-06-19 04:34:02,REAL,2699559485,478,2699559963,2699559963
2025-06-19 04:34:04,REAL,2699559963,481,2699560444,2699560444
2025-06-19 04:34:06,REAL,2699560444,481,2699560925,2699560925
2025-06-19 04:34:08,REAL,2699560925,484,2699561409,2699561409
2025-06-19 04:34:10,REAL,2699561409,480,2699561889,2699561889
2025-06-19 04:34:12,REAL,2699561889,481,2699562370,2699562370
2025-06-19 04:34:14,REAL,2699562370,1614,2699563984,2699563984
2025-06-19 04:34:16,REAL,2699563984,11707,2699575691,2699575691
2025-06-19 04:34:18,REAL,2699575691,10260,2699585951,2699585951
2025-06-19 04:34:20,REAL,2699585951,10254,2699596205,2699596205
2025-06-19 04:34:22,REAL,2699596205,10243,2699606448,2699606448
2025-06-19 04:34:24,REAL,2699606448,10258,2699616706,2699616706
2025-06-19 04:34:26,REAL,2699616706,10254,2699626960,2699626960
2025-06-19 04:34:28,REAL,2699626960,10317,2699637277,2699637277
2025-06-19 04:34:30,REAL,2699637277,4503,2699641780,2699641780
2025-06-19 04:34:32,REAL,2699641780,482,2699642262,2699642262
2025-06-19 04:34:34,REAL,2699642262,492,2699642754,2699642754
2025-06-19 04:34:36,REAL,2699642754,482,2699643236,2699643236
2025-06-19 04:34:38,REAL,2699643236,479,2699643715,2699643715
2025-06-19 04:34:40,REAL,2699643715,483,2699644198,2699644198
2025-06-19 04:34:42,REAL,2699644198,538,2699644736,2699644736
2025-06-19 04:34:44,REAL,2699644736,486,2699645222,2699645222
2025-06-19 04:34:46,REAL,2699645222,489,2699645711,2699645711
2025-06-19 04:34:48,REAL,2699645711,479,2699646190,2699646190
2025-06-19 04:34:50,REAL,2699646190,493,2699646683,2699646683
2025-06-19 04:34:52,REAL,2699646683,483,2699647166,2699647166
2025-06-19 04:34:54,REAL,2699647166,488,2699647654,2699647654
2025-06-19 04:34:56,REAL,2699647654,483,2699648137,2699648137
2025-06-19 04:34:58,REAL,2699648137,493,2699648630,2699648630
2025-06-19 04:35:00,REAL,2699648630,480,2699649110,2699649110
2025-06-19 04:35:02,REAL,2699649110,541,2699649651,2699649651
2025-06-19 04:35:04,REAL,2699649651,481,2699650132,2699650132
2025-06-19 04:35:06,REAL,2699650132,482,2699650614,2699650614
2025-06-19 04:35:08,REAL,2699650614,491,2699651105,2699651105
2025-06-19 04:35:10,REAL,2699651105,538,2699651643,2699651643
2025-06-19 04:35:12,REAL,2699651643,490,2699652133,2699652133
2025-06-19 04:35:14,REAL,2699652133,479,2699652612,2699652612
2025-06-19 04:35:16,REAL,2699652612,487,2699653099,2699653099
2025-06-19 04:35:18,REAL,2699653099,479,2699653578,2699653578
2025-06-19 04:35:20,REAL,2699653578,490,2699654068,2699654068
2025-06-19 04:35:22,REAL,2699654068,484,2699654552,2699654552
2025-06-19 04:35:24,REAL,2699654552,483,2699655035,2699655035
2025-06-19 04:35:26,REAL,2699655035,484,2699655519,2699655519
2025-06-19 04:35:28,REAL,2699655519,480,2699655999,2699655999
2025-06-19 04:35:30,REAL,2699655999,488,2699656487,2699656487
2025-06-19 04:35:32,REAL,2699656487,536,2699657023,2699657023
2025-06-19 04:35:34,REAL,2699657023,482,2699657505,2699657505
2025-06-19 04:35:36,REAL,2699657505,485,2699657990,2699657990
2025-06-19 04:35:38,REAL,2699657990,485,2699658475,2699658475
2025-06-19 04:35:40,REAL,2699658475,487,2699658962,2699658962
2025-06-19 04:35:42,REAL,2699658962,541,2699659503,2699659503
2025-06-19 04:35:44,REAL,2699659503,483,2699659986,2699659986
2025-06-19 04:35:46,REAL,2699659986,490,2699660476,2699660476
2025-06-19 04:35:48,REAL,2699660476,485,2699660961,2699660961
2025-06-19 04:35:50,REAL,2699660961,484,2699661445,2699661445
2025-06-19 04:35:52,REAL,2699661445,484,2699661929,2699661929
2025-06-19 04:35:54,REAL,2699661929,482,2699662411,2699662411
2025-06-19 04:35:56,REAL,2699662411,490,2699662901,2699662901
2025-06-19 04:35:58,REAL,2699662901,482,2699663383,2699663383
2025-06-19 04:36:00,REAL,2699663383,540,2699663923,2699663923
2025-06-19 04:36:02,REAL,2699663923,485,2699664408,2699664408
2025-06-19 04:36:04,REAL,2699664408,474,2699664882,2699664882
2025-06-19 04:36:06,REAL,2699664882,479,2699665361,2699665361
2025-06-19 04:36:08,REAL,2699665361,482,2699665843,2699665843
2025-06-19 04:36:10,REAL,2699665843,476,2699666319,2699666319
2025-06-19 04:36:12,REAL,2699666319,485,2699666804,2699666804
2025-06-19 04:36:14,REAL,2699666804,493,2699667297,2699667297
2025-06-19 04:36:16,REAL,2699667297,542,2699667839,2699667839
2025-06-19 04:36:18,REAL,2699667839,486,2699668325,2699668325
2025-06-19 04:36:20,REAL,2699668325,483,2699668808,2699668808
2025-06-19 04:36:22,REAL,2699668808,487,2699669295,2699669295
2025-06-19 04:36:24,REAL,2699669295,490,2699669785,2699669785
2025-06-19 04:36:26,REAL,2699669785,484,2699670269,2699670269
2025-06-19 04:36:28,REAL,2699670269,480,2699670749,2699670749
2025-06-19 04:36:30,REAL,2699670749,493,2699671242,2699671242
2025-06-19 04:36:32,REAL,2699671242,544,2699671786,2699671786
2025-06-19 04:36:34,REAL,2699671786,484,2699672270,2699672270
2025-06-19 04:36:36,REAL,2699672270,240,2699672510,2699672510
2025-06-19 04:36:38,REAL,2699672510,489,2699672999,2699672999
2025-06-19 04:36:40,REAL,2699672999,487,2699673486,2699673486
2025-06-19 04:36:42,REAL,2699673486,482,2699673968,2699673968
2025-06-19 04:36:44,REAL,2699673968,480,2699674448,2699674448
2025-06-19 04:36:46,REAL,2699674448,476,2699674924,2699674924
2025-06-19 04:36:48,REAL,2699674924,546,2699675470,2699675470
2025-06-19 04:36:50,REAL,2699675470,481,2699675951,2699675951
2025-06-19 04:36:52,REAL,2699675951,479,2699676430,2699676430
2025-06-19 04:36:54,REAL,2699676430,487,2699676917,2699676917
2025-06-19 04:36:56,REAL,2699676917,480,2699677397,2699677397
2025-06-19 04:36:58,REAL,2699677397,480,2699677877,2699677877
2025-06-19 04:37:00,REAL,2699677877,485,2699678362,2699678362
2025-06-19 04:37:02,REAL,2699678362,539,2699678901,2699678901
2025-06-19 04:37:04,REAL,2699678901,480,2699679381,2699679381
2025-06-19 04:37:06,REAL,2699679381,489,2699679870,2699679870
2025-06-19 04:37:08,REAL,2699679870,493,2699680363,2699680363
2025-06-19 04:37:10,REAL,2699680363,483,2699680846,2699680846
2025-06-19 04:37:12,REAL,2699680846,484,2699681330,2699681330
2025-06-19 04:37:14,REAL,2699681330,482,2699681812,2699681812
2025-06-19 04:37:16,REAL,2699681812,480,2699682292,2699682292
2025-06-19 04:37:18,REAL,2699682292,475,2699682767,2699682767
2025-06-19 04:37:20,REAL,2699682767,491,2699683258,2699683258
2025-06-19 04:37:22,REAL,2699683258,534,2699683792,2699683792
2025-06-19 04:37:24,REAL,2699683792,484,2699684276,2699684276
2025-06-19 04:37:26,REAL,2699684276,714,2699684990,2699684990
2025-06-19 04:37:28,REAL,2699684990,244,2699685234,2699685234
2025-06-19 04:37:30,REAL,2699685234,493,2699685727,2699685727
2025-06-19 04:37:32,REAL,2699685727,491,2699686218,2699686218
2025-06-19 04:37:34,REAL,2699686218,535,2699686753,2699686753
2025-06-19 04:37:36,REAL,2699686753,479,2699687232,2699687232
2025-06-19 04:37:38,REAL,2699687232,486,2699687718,2699687718
2025-06-19 04:37:40,REAL,2699687718,478,2699688196,2699688196
2025-06-19 04:37:42,REAL,2699688196,485,2699688681,2699688681
2025-06-19 04:37:44,REAL,2699688681,478,2699689159,2699689159
2025-06-19 04:37:46,REAL,2699689159,484,2699689643,2699689643
2025-06-19 04:37:48,REAL,2699689643,488,2699690131,2699690131
2025-06-19 04:37:50,REAL,2699690131,474,2699690605,2699690605
2025-06-19 04:37:52,REAL,2699690605,475,2699691080,2699691080
2025-06-19 04:37:54,REAL,2699691080,541,2699691621,2699691621
2025-06-19 04:37:56,REAL,2699691621,484,2699692105,2699692105
2025-06-19 04:37:58,REAL,2699692105,483,2699692588,2699692588
2025-06-19 04:38:00,REAL,2699692588,488,2699693076,2699693076
2025-06-19 04:38:02,REAL,2699693076,481,2699693557,2699693557
2025-06-19 04:38:04,REAL,2699693557,491,2699694048,2699694048
2025-06-19 04:38:06,REAL,2699694048,485,2699694533,2699694533
2025-06-19 04:38:08,REAL,2699694533,532,2699695065,2699695065
2025-06-19 04:38:10,REAL,2699695065,489,2699695554,2699695554
2025-06-19 04:38:12,REAL,2699695554,483,2699696037,2699696037
2025-06-19 04:38:14,REAL,2699696037,482,2699696519,2699696519
2025-06-19 04:38:16,REAL,2699696519,492,2699697011,2699697011
2025-06-19 04:38:18,REAL,2699697011,489,2699697500,2699697500
2025-06-19 04:38:20,REAL,2699697500,481,2699697981,2699697981
2025-06-19 04:38:22,REAL,2699697981,478,2699698459,2699698459
2025-06-19 04:38:24,REAL,2699698459,491,2699698950,2699698950
2025-06-19 04:38:26,REAL,2699698950,534,2699699484,2699699484
2025-06-19 04:38:28,REAL,2699699484,485,2699699969,2699699969
2025-06-19 04:38:30,REAL,2699699969,484,2699700453,2699700453
2025-06-19 04:38:32,REAL,2699700453,481,2699700934,2699700934
2025-06-19 04:38:34,REAL,2699700934,490,2699701424,2699701424
2025-06-19 04:38:36,REAL,2699701424,485,2699701909,2699701909
2025-06-19 04:38:38,REAL,2699701909,480,2699702389,2699702389
2025-06-19 04:38:40,REAL,2699702389,541,2699702930,2699702930
2025-06-19 04:38:42,REAL,2699702930,485,2699703415,2699703415
2025-06-19 04:38:44,REAL,2699703415,481,2699703896,2699703896
2025-06-19 04:38:46,REAL,2699703896,484,2699704380,2699704380
2025-06-19 04:38:48,REAL,2699704380,482,2699704862,2699704862
2025-06-19 04:38:50,REAL,2699704862,487,2699705349,2699705349
2025-06-19 04:38:52,REAL,2699705349,481,2699705830,2699705830
2025-06-19 04:38:54,REAL,2699705830,478,2699706308,2699706308
2025-06-19 04:38:56,REAL,2699706308,484,2699706792,2699706792
2025-06-19 04:38:58,REAL,2699706792,489,2699707281,2699707281
2025-06-19 04:39:00,REAL,2699707281,535,2699707816,2699707816
2025-06-19 04:39:02,REAL,2699707816,474,2699708290,2699708290
2025-06-19 04:39:04,REAL,2699708290,482,2699708772,2699708772
2025-06-19 04:39:06,REAL,2699708772,488,2699709260,2699709260
2025-06-19 04:39:08,REAL,2699709260,480,2699709740,2699709740
2025-06-19 04:39:10,REAL,2699709740,487,2699710227,2699710227
2025-06-19 04:39:12,REAL,2699710227,540,2699710767,2699710767
2025-06-19 04:39:14,REAL,2699710767,484,2699711251,2699711251
2025-06-19 04:39:16,REAL,2699711251,484,2699711735,2699711735
2025-06-19 04:39:18,REAL,2699711735,485,2699712220,2699712220
2025-06-19 04:39:20,REAL,2699712220,481,2699712701,2699712701
2025-06-19 04:39:22,REAL,2699712701,487,2699713188,2699713188
2025-06-19 04:39:24,REAL,2699713188,478,2699713666,2699713666
2025-06-19 04:39:26,REAL,2699713666,479,2699714145,2699714145
2025-06-19 04:39:28,REAL,2699714145,486,2699714631,2699714631
2025-06-19 04:39:30,REAL,2699714631,482,2699715113,2699715113
2025-06-19 04:39:32,REAL,2699715113,541,2699715654,2699715654
2025-06-19 04:39:34,REAL,2699715654,484,2699716138,2699716138
2025-06-19 04:39:36,REAL,2699716138,488,2699716626,2699716626
2025-06-19 04:39:38,REAL,2699716626,485,2699717111,2699717111
2025-06-19 04:39:40,REAL,2699717111,480,2699717591,2699717591
2025-06-19 04:39:42,REAL,2699717591,483,2699718074,2699718074
2025-06-19 04:39:44,REAL,2699718074,485,2699718559,2699718559
2025-06-19 04:39:46,REAL,2699718559,531,2699719090,2699719090
2025-06-19 04:39:48,REAL,2699719090,2938,2699722028,2699722028
2025-06-19 04:39:50,REAL,2699722028,14678,2699736706,2699736706
2025-06-19 04:39:52,REAL,2699736706,10257,2699746963,2699746963
2025-06-19 04:39:54,REAL,2699746963,10317,2699757280,2699757280
2025-06-19 04:39:56,REAL,2699757280,10249,2699767529,2699767529
2025-06-19 04:39:58,REAL,2699767529,10250,2699777779,2699777779
2025-06-19 04:40:00,REAL,2699777779,10321,2699788100,2699788100
2025-06-19 04:40:02,REAL,2699788100,10190,2699798290,2699798290
2025-06-19 04:40:04,REAL,2699798290,2991,2699801281,2699801281
2025-06-19 04:40:06,REAL,2699801281,482,2699801763,2699801763
2025-06-19 04:40:08,REAL,2699801763,486,2699802249,2699802249
2025-06-19 04:40:10,REAL,2699802249,488,2699802737,2699802737
2025-06-19 04:40:12,REAL,2699802737,485,2699803222,2699803222
2025-06-19 04:40:14,REAL,2699803222,488,2699803710,2699803710
2025-06-19 04:40:16,REAL,2699803710,484,2699804194,2699804194
2025-06-19 04:40:18,REAL,2699804194,532,2699804726,2699804726
2025-06-19 04:40:20,REAL,2699804726,544,2699805270,2699805270
2025-06-19 04:40:22,REAL,2699805270,489,2699805759,2699805759
2025-06-19 04:40:24,REAL,2699805759,483,2699806242,2699806242
2025-06-19 04:40:26,REAL,2699806242,488,2699806730,2699806730
2025-06-19 04:40:28,REAL,2699806730,480,2699807210,2699807210
2025-06-19 04:40:30,REAL,2699807210,482,2699807692,2699807692
2025-06-19 04:40:32,REAL,2699807692,487,2699808179,2699808179
2025-06-19 04:40:34,REAL,2699808179,486,2699808665,2699808665
2025-06-19 04:40:36,REAL,2699808665,490,2699809155,2699809155
2025-06-19 04:40:38,REAL,2699809155,491,2699809646,2699809646
2025-06-19 04:40:40,REAL,2699809646,489,2699810135,2699810135
2025-06-19 04:40:42,REAL,2699810135,485,2699810620,2699810620
2025-06-19 04:40:44,REAL,2699810620,483,2699811103,2699811103
2025-06-19 04:40:46,REAL,2699811103,485,2699811588,2699811588
2025-06-19 04:40:48,REAL,2699811588,479,2699812067,2699812067
2025-06-19 04:40:50,REAL,2699812067,479,2699812546,2699812546
2025-06-19 04:40:52,REAL,2699812546,544,2699813090,2699813090
2025-06-19 04:40:54,REAL,2699813090,485,2699813575,2699813575
2025-06-19 04:40:56,REAL,2699813575,485,2699814060,2699814060
2025-06-19 04:40:58,REAL,2699814060,484,2699814544,2699814544
2025-06-19 04:41:00,REAL,2699814544,481,2699815025,2699815025
2025-06-19 04:41:02,REAL,2699815025,484,2699815509,2699815509
2025-06-19 04:41:04,REAL,2699815509,540,2699816049,2699816049
2025-06-19 04:41:06,REAL,2699816049,493,2699816542,2699816542
2025-06-19 04:41:08,REAL,2699816542,480,2699817022,2699817022
2025-06-19 04:41:10,REAL,2699817022,487,2699817509,2699817509
2025-06-19 04:41:12,REAL,2699817509,483,2699817992,2699817992
2025-06-19 04:41:14,REAL,2699817992,486,2699818478,2699818478
2025-06-19 04:41:16,REAL,2699818478,487,2699818965,2699818965
2025-06-19 04:41:18,REAL,2699818965,484,2699819449,2699819449
2025-06-19 04:41:20,REAL,2699819449,487,2699819936,2699819936
2025-06-19 04:41:22,REAL,2699819936,488,2699820424,2699820424
2025-06-19 04:41:24,REAL,2699820424,534,2699820958,2699820958
2025-06-19 04:41:26,REAL,2699820958,487,2699821445,2699821445
2025-06-19 04:41:28,REAL,2699821445,484,2699821929,2699821929
2025-06-19 04:41:30,REAL,2699821929,481,2699822410,2699822410
2025-06-19 04:41:32,REAL,2699822410,482,2699822892,2699822892
2025-06-19 04:41:34,REAL,2699822892,5643,2699828535,2699828535
2025-06-19 04:41:36,REAL,2699828535,11241,2699839776,2699839776
2025-06-19 04:41:38,REAL,2699839776,10256,2699850032,2699850032
2025-06-19 04:41:40,REAL,2699850032,10253,2699860285,2699860285
2025-06-19 04:41:42,REAL,2699860285,10313,2699870598,2699870598
2025-06-19 04:41:44,REAL,2699870598,10247,2699880845,2699880845
2025-06-19 04:41:46,REAL,2699880845,10260,2699891105,2699891105
2025-06-19 04:41:48,REAL,2699891105,10315,2699901420,2699901420
2025-06-19 04:41:50,REAL,2699901420,1019,2699902439,2699902439
2025-06-19 04:41:52,REAL,2699902439,480,2699902919,2699902919
2025-06-19 04:41:54,REAL,2699902919,477,2699903396,2699903396
2025-06-19 04:41:56,REAL,2699903396,539,2699903935,2699903935
2025-06-19 04:41:58,REAL,2699903935,490,2699904425,2699904425
2025-06-19 04:42:00,REAL,2699904425,483,2699904908,2699904908
2025-06-19 04:42:02,REAL,2699904908,483,2699905391,2699905391
2025-06-19 04:42:04,REAL,2699905391,487,2699905878,2699905878
2025-06-19 04:42:06,REAL,2699905878,492,2699906370,2699906370
2025-06-19 04:42:08,REAL,2699906370,484,2699906854,2699906854
2025-06-19 04:42:10,REAL,2699906854,493,2699907347,2699907347
2025-06-19 04:42:12,REAL,2699907347,474,2699907821,2699907821
2025-06-19 04:42:14,REAL,2699907821,490,2699908311,2699908311
2025-06-19 04:42:16,REAL,2699908311,486,2699908797,2699908797
2025-06-19 04:42:18,REAL,2699908797,536,2699909333,2699909333
2025-06-19 04:42:20,REAL,2699909333,480,2699909813,2699909813
2025-06-19 04:42:22,REAL,2699909813,491,2699910304,2699910304
2025-06-19 04:42:24,REAL,2699910304,479,2699910783,2699910783
2025-06-19 04:42:26,REAL,2699910783,621,2699911404,2699911404
2025-06-19 04:42:28,REAL,2699911404,15199,2699926603,2699926603
2025-06-19 04:42:30,REAL,2699926603,9524,2699936127,2699936127
2025-06-19 04:42:32,REAL,2699936127,10326,2699946453,2699946453
2025-06-19 04:42:34,REAL,2699946453,10245,2699956698,2699956698
2025-06-19 04:42:36,REAL,2699956698,10312,2699967010,2699967010
2025-06-19 04:42:38,REAL,2699967010,10257,2699977267,2699977267
2025-06-19 04:42:40,REAL,2699977267,10323,2699987590,2699987590
2025-06-19 04:42:42,REAL,2699987590,4897,2699992487,2699992487
2025-06-19 04:42:44,REAL,2699992487,477,2699992964,2699992964
2025-06-19 04:42:46,REAL,2699992964,476,2699993440,2699993440
2025-06-19 04:42:48,REAL,2699993440,485,2699993925,2699993925
2025-06-19 04:42:50,REAL,2699993925,479,2699994404,2699994404
2025-06-19 04:42:52,REAL,2699994404,478,2699994882,2699994882
2025-06-19 04:42:54,REAL,2699994882,481,2699995363,2699995363
2025-06-19 04:42:56,REAL,2699995363,484,2699995847,2699995847
2025-06-19 04:42:58,REAL,2699995847,487,2699996334,2699996334
2025-06-19 04:43:00,REAL,2699996334,480,2699996814,2699996814
2025-06-19 04:43:02,REAL,2699996814,480,2699997294,2699997294
2025-06-19 04:43:04,REAL,2699997294,488,2699997782,2699997782
2025-06-19 04:43:06,REAL,2699997782,491,2699998273,2699998273
2025-06-19 04:43:08,REAL,2699998273,492,2699998765,2699998765
2025-06-19 04:43:10,REAL,2699998765,536,2699999301,2699999301
2025-06-19 04:43:12,REAL,2699999301,485,2699999786,2699999786
2025-06-19 04:43:14,REAL,2699999786,484,2700000270,2700000270
2025-06-19 04:43:16,REAL,2700000270,541,2700000811,2700000811
2025-06-19 04:43:18,REAL,2700000811,490,2700001301,2700001301
2025-06-19 04:43:20,REAL,2700001301,480,2700001781,2700001781
2025-06-19 04:43:22,REAL,2700001781,488,2700002269,2700002269
2025-06-19 04:43:24,REAL,2700002269,1938,2700004207,2700004207
2025-06-19 04:43:26,REAL,2700004207,11376,2700015583,2700015583
2025-06-19 04:43:28,REAL,2700015583,10320,2700025903,2700025903
2025-06-19 04:43:30,REAL,2700025903,10257,2700036160,2700036160
2025-06-19 04:43:32,REAL,2700036160,10253,2700046413,2700046413
2025-06-19 04:43:34,REAL,2700046413,10311,2700056724,2700056724
2025-06-19 04:43:36,REAL,2700056724,10254,2700066978,2700066978
2025-06-19 04:43:38,REAL,2700066978,10248,2700077226,2700077226
2025-06-19 04:43:40,REAL,2700077226,4111,2700081337,2700081337
2025-06-19 04:43:42,REAL,2700081337,478,2700081815,2700081815
2025-06-19 04:43:44,REAL,2700081815,484,2700082299,2700082299
2025-06-19 04:43:46,REAL,2700082299,9134,2700091433,2700091433
2025-06-19 04:43:48,REAL,2700091433,10727,2700102160,2700102160
2025-06-19 04:43:50,REAL,2700102160,10248,2700112408,2700112408
2025-06-19 04:43:52,REAL,2700112408,10321,2700122729,2700122729
2025-06-19 04:43:54,REAL,2700122729,10252,2700132981,2700132981
2025-06-19 04:43:56,REAL,2700132981,10255,2700143236,2700143236
2025-06-19 04:43:58,REAL,2700143236,10309,2700153545,2700153545
2025-06-19 04:44:00,REAL,2700153545,8673,2700162218,2700162218
2025-06-19 04:44:02,REAL,2700162218,481,2700162699,2700162699
2025-06-19 04:44:04,REAL,2700162699,485,2700163184,2700163184
2025-06-19 04:44:06,REAL,2700163184,2806,2700165990,2700165990
2025-06-19 04:44:08,REAL,2700165990,11705,2700177695,2700177695
2025-06-19 04:44:10,REAL,2700177695,10321,2700188016,2700188016
2025-06-19 04:44:12,REAL,2700188016,10252,2700198268,2700198268
2025-06-19 04:44:14,REAL,2700198268,10252,2700208520,2700208520
2025-06-19 04:44:16,REAL,2700208520,10248,2700218768,2700218768
2025-06-19 04:44:18,REAL,2700218768,10322,2700229090,2700229090
2025-06-19 04:44:20,REAL,2700229090,10258,2700239348,2700239348
2025-06-19 04:44:22,REAL,2700239348,3388,2700242736,2700242736
2025-06-19 04:44:24,REAL,2700242736,488,2700243224,2700243224
2025-06-19 04:44:26,REAL,2700243224,475,2700243699,2700243699
2025-06-19 04:44:28,REAL,2700243699,485,2700244184,2700244184
2025-06-19 04:44:30,REAL,2700244184,474,2700244658,2700244658
2025-06-19 04:44:32,REAL,2700244658,486,2700245144,2700245144
2025-06-19 04:44:34,REAL,2700245144,484,2700245628,2700245628
2025-06-19 04:44:36,REAL,2700245628,475,2700246103,2700246103
2025-06-19 04:44:38,REAL,2700246103,533,2700246636,2700246636
2025-06-19 04:44:40,REAL,2700246636,483,2700247119,2700247119
2025-06-19 04:44:42,REAL,2700247119,484,2700247603,2700247603
2025-06-19 04:44:44,REAL,2700247603,487,2700248090,2700248090
2025-06-19 04:44:46,REAL,2700248090,476,2700248566,2700248566
2025-06-19 04:44:48,REAL,2700248566,488,2700249054,2700249054
2025-06-19 04:44:50,REAL,2700249054,481,2700249535,2700249535
2025-06-19 04:44:52,REAL,2700249535,537,2700250072,2700250072
2025-06-19 04:44:54,REAL,2700250072,482,2700250554,2700250554
2025-06-19 04:44:56,REAL,2700250554,478,2700251032,2700251032
2025-06-19 04:44:58,REAL,2700251032,484,2700251516,2700251516
2025-06-19 04:45:00,REAL,2700251516,480,2700251996,2700251996
2025-06-19 04:45:02,REAL,2700251996,480,2700252476,2700252476
2025-06-19 04:45:04,REAL,2700252476,491,2700252967,2700252967
2025-06-19 04:45:06,REAL,2700252967,484,2700253451,2700253451
2025-06-19 04:45:08,REAL,2700253451,479,2700253930,2700253930
2025-06-19 04:45:10,REAL,2700253930,489,2700254419,2700254419
2025-06-19 04:45:12,REAL,2700254419,481,2700254900,2700254900
2025-06-19 04:45:14,REAL,2700254900,483,2700255383,2700255383
2025-06-19 04:45:16,REAL,2700255383,483,2700255866,2700255866
2025-06-19 04:45:18,REAL,2700255866,475,2700256341,2700256341
2025-06-19 04:45:20,REAL,2700256341,546,2700256887,2700256887
2025-06-19 04:45:22,REAL,2700256887,489,2700257376,2700257376
2025-06-19 04:45:24,REAL,2700257376,483,2700257859,2700257859
2025-06-19 04:45:26,REAL,2700257859,484,2700258343,2700258343
2025-06-19 04:45:28,REAL,2700258343,475,2700258818,2700258818
2025-06-19 04:45:30,REAL,2700258818,478,2700259296,2700259296
2025-06-19 04:45:32,REAL,2700259296,482,2700259778,2700259778
2025-06-19 04:45:34,REAL,2700259778,483,2700260261,2700260261
2025-06-19 04:45:36,REAL,2700260261,539,2700260800,2700260800
2025-06-19 04:45:38,REAL,2700260800,478,2700261278,2700261278
2025-06-19 04:45:40,REAL,2700261278,492,2700261770,2700261770
2025-06-19 04:45:42,REAL,2700261770,484,2700262254,2700262254
2025-06-19 04:45:44,REAL,2700262254,487,2700262741,2700262741
2025-06-19 04:45:46,REAL,2700262741,478,2700263219,2700263219
2025-06-19 04:45:48,REAL,2700263219,11970,2700275189,2700275189
2025-06-19 04:45:50,REAL,2700275189,10321,2700285510,2700285510
2025-06-19 04:45:52,REAL,2700285510,10256,2700295766,2700295766
2025-06-19 04:45:54,REAL,2700295766,10247,2700306013,2700306013
2025-06-19 04:45:56,REAL,2700306013,10317,2700316330,2700316330
2025-06-19 04:45:58,REAL,2700316330,10258,2700326588,2700326588
2025-06-19 04:46:00,REAL,2700326588,10305,2700336893,2700336893
2025-06-19 04:46:02,REAL,2700336893,6356,2700343249,2700343249
2025-06-19 04:46:04,REAL,2700343249,479,2700343728,2700343728
2025-06-19 04:46:06,REAL,2700343728,490,2700344218,2700344218
2025-06-19 04:46:08,REAL,2700344218,489,2700344707,2700344707
2025-06-19 04:46:10,REAL,2700344707,484,2700345191,2700345191
2025-06-19 04:46:12,REAL,2700345191,478,2700345669,2700345669
2025-06-19 04:46:14,REAL,2700345669,486,2700346155,2700346155
2025-06-19 04:46:16,REAL,2700346155,484,2700346639,2700346639
2025-06-19 04:46:18,REAL,2700346639,487,2700347126,2700347126
2025-06-19 04:46:20,REAL,2700347126,12111,2700359237,2700359237
2025-06-19 04:46:22,REAL,2700359237,10259,2700369496,2700369496
2025-06-19 04:46:24,REAL,2700369496,10257,2700379753,2700379753
2025-06-19 04:46:26,REAL,2700379753,10258,2700390011,2700390011
2025-06-19 04:46:28,REAL,2700390011,10256,2700400267,2700400267
2025-06-19 04:46:30,REAL,2700400267,10312,2700410579,2700410579
2025-06-19 04:46:32,REAL,2700410579,10256,2700420835,2700420835
2025-06-19 04:46:34,REAL,2700420835,5708,2700426543,2700426543
2025-06-19 04:46:36,REAL,2700426543,485,2700427028,2700427028
2025-06-19 04:46:38,REAL,2700427028,11917,2700438945,2700438945
2025-06-19 04:46:40,REAL,2700438945,10312,2700449257,2700449257
2025-06-19 04:46:42,REAL,2700449257,10316,2700459573,2700459573
2025-06-19 04:46:44,REAL,2700459573,10244,2700469817,2700469817
2025-06-19 04:46:46,REAL,2700469817,10247,2700480064,2700480064
2025-06-19 04:46:48,REAL,2700480064,10252,2700490316,2700490316
2025-06-19 04:46:50,REAL,2700490316,10322,2700500638,2700500638
2025-06-19 04:46:52,REAL,2700500638,5504,2700506142,2700506142
2025-06-19 04:46:54,REAL,2700506142,482,2700506624,2700506624
2025-06-19 04:46:56,REAL,2700506624,482,2700507106,2700507106
2025-06-19 04:46:58,REAL,2700507106,7429,2700514535,2700514535
2025-06-19 04:47:00,REAL,2700514535,13090,2700527625,2700527625
2025-06-19 04:47:02,REAL,2700527625,9654,2700537279,2700537279
2025-06-19 04:47:04,REAL,2700537279,10248,2700547527,2700547527
2025-06-19 04:47:06,REAL,2700547527,10325,2700557852,2700557852
2025-06-19 04:47:08,REAL,2700557852,10254,2700568106,2700568106
2025-06-19 04:47:10,REAL,2700568106,10259,2700578365,2700578365
2025-06-19 04:47:12,REAL,2700578365,10115,2700588480,2700588480
2025-06-19 04:47:14,REAL,2700588480,476,2700588956,2700588956
2025-06-19 04:47:16,REAL,2700588956,6696,2700595652,2700595652
2025-06-19 04:47:18,REAL,2700595652,10784,2700606436,2700606436
2025-06-19 04:47:20,REAL,2700606436,10311,2700616747,2700616747
2025-06-19 04:47:22,REAL,2700616747,10253,2700627000,2700627000
2025-06-19 04:47:24,REAL,2700627000,10380,2700637380,2700637380
2025-06-19 04:47:26,REAL,2700637380,10250,2700647630,2700647630
2025-06-19 04:47:28,REAL,2700647630,10245,2700657875,2700657875
2025-06-19 04:47:30,REAL,2700657875,9792,2700667667,2700667667
2025-06-19 04:47:32,REAL,2700667667,480,2700668147,2700668147
2025-06-19 04:47:34,REAL,2700668147,7291,2700675438,2700675438
2025-06-19 04:47:36,REAL,2700675438,11238,2700686676,2700686676
2025-06-19 04:47:38,REAL,2700686676,10257,2700696933,2700696933
2025-06-19 04:47:40,REAL,2700696933,10247,2700707180,2700707180
2025-06-19 04:47:42,REAL,2700707180,10245,2700717425,2700717425
2025-06-19 04:47:44,REAL,2700717425,10318,2700727743,2700727743
2025-06-19 04:47:46,REAL,2700727743,10243,2700737986,2700737986
2025-06-19 04:47:48,REAL,2700737986,9516,2700747502,2700747502
2025-06-19 04:47:50,REAL,2700747502,488,2700747990,2700747990
2025-06-19 04:47:52,REAL,2700747990,488,2700748478,2700748478
2025-06-19 04:47:54,REAL,2700748478,477,2700748955,2700748955
2025-06-19 04:47:56,REAL,2700748955,483,2700749438,2700749438
2025-06-19 04:47:58,REAL,2700749438,478,2700749916,2700749916
2025-06-19 04:48:00,REAL,2700749916,488,2700750404,2700750404
2025-06-19 04:48:02,REAL,2700750404,484,2700750888,2700750888
2025-06-19 04:48:04,REAL,2700750888,482,2700751370,2700751370
2025-06-19 04:48:06,REAL,2700751370,7879,2700759249,2700759249
2025-06-19 04:48:08,REAL,2700759249,10784,2700770033,2700770033
2025-06-19 04:48:10,REAL,2700770033,10316,2700780349,2700780349
2025-06-19 04:48:12,REAL,2700780349,10246,2700790595,2700790595
2025-06-19 04:48:14,REAL,2700790595,10257,2700800852,2700800852
2025-06-19 04:48:16,REAL,2700800852,10253,2700811105,2700811105
2025-06-19 04:48:18,REAL,2700811105,10249,2700821354,2700821354
2025-06-19 04:48:20,REAL,2700821354,8933,2700830287,2700830287
2025-06-19 04:48:22,REAL,2700830287,484,2700830771,2700830771
2025-06-19 04:48:24,REAL,2700830771,486,2700831257,2700831257
2025-06-19 04:48:26,REAL,2700831257,489,2700831746,2700831746
2025-06-19 04:48:28,REAL,2700831746,476,2700832222,2700832222
2025-06-19 04:48:30,REAL,2700832222,480,2700832702,2700832702
2025-06-19 04:48:32,REAL,2700832702,481,2700833183,2700833183
2025-06-19 04:48:34,REAL,2700833183,7951,2700841134,2700841134
2025-06-19 04:48:36,REAL,2700841134,11112,2700852246,2700852246
2025-06-19 04:48:38,REAL,2700852246,10251,2700862497,2700862497
2025-06-19 04:48:40,REAL,2700862497,10319,2700872816,2700872816
2025-06-19 04:48:42,REAL,2700872816,10257,2700883073,2700883073
2025-06-19 04:48:44,REAL,2700883073,10247,2700893320,2700893320
2025-06-19 04:48:46,REAL,2700893320,10255,2700903575,2700903575
2025-06-19 04:48:48,REAL,2700903575,8802,2700912377,2700912377
2025-06-19 04:48:50,REAL,2700912377,535,2700912912,2700912912
2025-06-19 04:48:52,REAL,2700912912,481,2700913393,2700913393
2025-06-19 04:48:54,REAL,2700913393,488,2700913881,2700913881
2025-06-19 04:48:56,REAL,2700913881,486,2700914367,2700914367
2025-06-19 04:48:58,REAL,2700914367,481,2700914848,2700914848
2025-06-19 04:49:00,REAL,2700914848,479,2700915327,2700915327
2025-06-19 04:49:02,REAL,2700915327,481,2700915808,2700915808
2025-06-19 04:49:04,REAL,2700915808,485,2700916293,2700916293
2025-06-19 04:49:06,REAL,2700916293,8607,2700924900,2700924900
2025-06-19 04:49:08,REAL,2700924900,10653,2700935553,2700935553
2025-06-19 04:49:10,REAL,2700935553,10253,2700945806,2700945806
2025-06-19 04:49:12,REAL,2700945806,10255,2700956061,2700956061
2025-06-19 04:49:14,REAL,2700956061,10319,2700966380,2700966380
2025-06-19 04:49:16,REAL,2700966380,10255,2700976635,2700976635
2025-06-19 04:49:18,REAL,2700976635,10257,2700986892,2700986892
2025-06-19 04:49:20,REAL,2700986892,8140,2700995032,2700995032
2025-06-19 04:49:22,REAL,2700995032,485,2700995517,2700995517
2025-06-19 04:49:24,REAL,2700995517,487,2700996004,2700996004
2025-06-19 04:49:26,REAL,2700996004,488,2700996492,2700996492
2025-06-19 04:49:28,REAL,2700996492,490,2700996982,2700996982
2025-06-19 04:49:30,REAL,2700996982,483,2700997465,2700997465
2025-06-19 04:49:32,REAL,2700997465,533,2700997998,2700997998
2025-06-19 04:49:34,REAL,2700997998,477,2700998475,2700998475
2025-06-19 04:49:36,REAL,2700998475,486,2700998961,2700998961
2025-06-19 04:49:38,REAL,2700998961,9666,2701008627,2701008627
2025-06-19 04:49:40,REAL,2701008627,10648,2701019275,2701019275
2025-06-19 04:49:42,REAL,2701019275,10250,2701029525,2701029525
2025-06-19 04:49:44,REAL,2701029525,10255,2701039780,2701039780
2025-06-19 04:49:46,REAL,2701039780,10244,2701050024,2701050024
2025-06-19 04:49:48,REAL,2701050024,10254,2701060278,2701060278
2025-06-19 04:49:50,REAL,2701060278,10260,2701070538,2701070538
2025-06-19 04:49:52,REAL,2701070538,7547,2701078085,2701078085
2025-06-19 04:49:54,REAL,2701078085,489,2701078574,2701078574
2025-06-19 04:49:56,REAL,2701078574,482,2701079056,2701079056
2025-06-19 04:49:58,REAL,2701079056,481,2701079537,2701079537
2025-06-19 04:50:00,REAL,2701079537,479,2701080016,2701080016
2025-06-19 04:50:02,REAL,2701080016,484,2701080500,2701080500
2025-06-19 04:50:04,REAL,2701080500,479,2701080979,2701080979
2025-06-19 04:50:06,REAL,2701080979,489,2701081468,2701081468
2025-06-19 04:50:08,REAL,2701081468,485,2701081953,2701081953
2025-06-19 04:50:10,REAL,2701081953,482,2701082435,2701082435
2025-06-19 04:50:12,REAL,2701082435,482,2701082917,2701082917
2025-06-19 04:50:14,REAL,2701082917,490,2701083407,2701083407
2025-06-19 04:50:16,REAL,2701083407,537,2701083944,2701083944
2025-06-19 04:50:18,REAL,2701083944,484,2701084428,2701084428
2025-06-19 04:50:20,REAL,2701084428,486,2701084914,2701084914
2025-06-19 04:50:22,REAL,2701084914,541,2701085455,2701085455
2025-06-19 04:50:24,REAL,2701085455,485,2701085940,2701085940
2025-06-19 04:50:26,REAL,2701085940,481,2701086421,2701086421
2025-06-19 04:50:28,REAL,2701086421,489,2701086910,2701086910
2025-06-19 04:50:30,REAL,2701086910,481,2701087391,2701087391
2025-06-19 04:50:32,REAL,2701087391,482,2701087873,2701087873
2025-06-19 04:50:34,REAL,2701087873,481,2701088354,2701088354
2025-06-19 04:50:36,REAL,2701088354,479,2701088833,2701088833
2025-06-19 04:50:38,REAL,2701088833,492,2701089325,2701089325
2025-06-19 04:50:40,REAL,2701089325,482,2701089807,2701089807
2025-06-19 04:50:42,REAL,2701089807,482,2701090289,2701090289
2025-06-19 04:50:44,REAL,2701090289,484,2701090773,2701090773
2025-06-19 04:50:46,REAL,2701090773,481,2701091254,2701091254
2025-06-19 04:50:48,REAL,2701091254,474,2701091728,2701091728
2025-06-19 04:50:50,REAL,2701091728,483,2701092211,2701092211
2025-06-19 04:50:52,REAL,2701092211,476,2701092687,2701092687
2025-06-19 04:50:54,REAL,2701092687,481,2701093168,2701093168
2025-06-19 04:50:56,REAL,2701093168,485,2701093653,2701093653
2025-06-19 04:50:58,REAL,2701093653,535,2701094188,2701094188
2025-06-19 04:51:00,REAL,2701094188,487,2701094675,2701094675
2025-06-19 04:51:02,REAL,2701094675,481,2701095156,2701095156
2025-06-19 04:51:04,REAL,2701095156,532,2701095688,2701095688
2025-06-19 04:51:06,REAL,2701095688,479,2701096167,2701096167
2025-06-19 04:51:08,REAL,2701096167,482,2701096649,2701096649
2025-06-19 04:51:10,REAL,2701096649,481,2701097130,2701097130
2025-06-19 04:51:12,REAL,2701097130,489,2701097619,2701097619
2025-06-19 04:51:14,REAL,2701097619,14411,2701112030,2701112030
2025-06-19 04:51:16,REAL,2701112030,10251,2701122281,2701122281
2025-06-19 04:51:18,REAL,2701122281,10324,2701132605,2701132605
2025-06-19 04:51:20,REAL,2701132605,10249,2701142854,2701142854
2025-06-19 04:51:22,REAL,2701142854,10248,2701153102,2701153102
2025-06-19 04:51:24,REAL,2701153102,10246,2701163348,2701163348
2025-06-19 04:51:26,REAL,2701163348,10322,2701173670,2701173670
2025-06-19 04:51:28,REAL,2701173670,5633,2701179303,2701179303
2025-06-19 04:51:30,REAL,2701179303,490,2701179793,2701179793
2025-06-19 04:51:32,REAL,2701179793,478,2701180271,2701180271
2025-06-19 04:51:34,REAL,2701180271,534,2701180805,2701180805
2025-06-19 04:51:36,REAL,2701180805,483,2701181288,2701181288
2025-06-19 04:51:38,REAL,2701181288,492,2701181780,2701181780
2025-06-19 04:51:40,REAL,2701181780,490,2701182270,2701182270
2025-06-19 04:51:42,REAL,2701182270,538,2701182808,2701182808
2025-06-19 04:51:44,REAL,2701182808,563,2701183371,2701183371
2025-06-19 04:51:46,REAL,2701183371,11828,2701195199,2701195199
2025-06-19 04:51:48,REAL,2701195199,10259,2701205458,2701205458
2025-06-19 04:51:50,REAL,2701205458,10249,2701215707,2701215707
2025-06-19 04:51:52,REAL,2701215707,10315,2701226022,2701226022
2025-06-19 04:51:54,REAL,2701226022,10254,2701236276,2701236276
2025-06-19 04:51:56,REAL,2701236276,10254,2701246530,2701246530
2025-06-19 04:51:58,REAL,2701246530,10261,2701256791,2701256791
2025-06-19 04:52:00,REAL,2701256791,4968,2701261759,2701261759
2025-06-19 04:52:02,REAL,2701261759,482,2701262241,2701262241
2025-06-19 04:52:04,REAL,2701262241,484,2701262725,2701262725
2025-06-19 04:52:06,REAL,2701262725,536,2701263261,2701263261
2025-06-19 04:52:08,REAL,2701263261,486,2701263747,2701263747
2025-06-19 04:52:10,REAL,2701263747,484,2701264231,2701264231
2025-06-19 04:52:12,REAL,2701264231,491,2701264722,2701264722
2025-06-19 04:52:14,REAL,2701264722,485,2701265207,2701265207
2025-06-19 04:52:16,REAL,2701265207,481,2701265688,2701265688
2025-06-19 04:52:18,REAL,2701265688,479,2701266167,2701266167
2025-06-19 04:52:20,REAL,2701266167,486,2701266653,2701266653
2025-06-19 04:52:22,REAL,2701266653,485,2701267138,2701267138
2025-06-19 04:52:24,REAL,2701267138,485,2701267623,2701267623
2025-06-19 04:52:26,REAL,2701267623,596,2701268219,2701268219
2025-06-19 04:52:28,REAL,2701268219,486,2701268705,2701268705
2025-06-19 04:52:30,REAL,2701268705,485,2701269190,2701269190
2025-06-19 04:52:32,REAL,2701269190,481,2701269671,2701269671
2025-06-19 04:52:34,REAL,2701269671,486,2701270157,2701270157
2025-06-19 04:52:36,REAL,2701270157,485,2701270642,2701270642
2025-06-19 04:52:38,REAL,2701270642,490,2701271132,2701271132
2025-06-19 04:52:40,REAL,2701271132,484,2701271616,2701271616
2025-06-19 04:52:42,REAL,2701271616,479,2701272095,2701272095
2025-06-19 04:52:44,REAL,2701272095,483,2701272578,2701272578
2025-06-19 04:52:46,REAL,2701272578,481,2701273059,2701273059
2025-06-19 04:52:48,REAL,2701273059,7430,2701280489,2701280489
2025-06-19 04:52:50,REAL,2701280489,10511,2701291000,2701291000
2025-06-19 04:52:52,REAL,2701291000,10250,2701301250,2701301250
2025-06-19 04:52:54,REAL,2701301250,10245,2701311495,2701311495
2025-06-19 04:52:56,REAL,2701311495,10258,2701321753,2701321753
2025-06-19 04:52:58,REAL,2701321753,10253,2701332006,2701332006
2025-06-19 04:53:00,REAL,2701332006,10380,2701342386,2701342386
2025-06-19 04:53:02,REAL,2701342386,8930,2701351316,2701351316
2025-06-19 04:53:04,REAL,2701351316,475,2701351791,2701351791
2025-06-19 04:53:06,REAL,2701351791,487,2701352278,2701352278
2025-06-19 04:53:08,REAL,2701352278,479,2701352757,2701352757
2025-06-19 04:53:10,REAL,2701352757,544,2701353301,2701353301
2025-06-19 04:53:12,REAL,2701353301,484,2701353785,2701353785
2025-06-19 04:53:14,REAL,2701353785,481,2701354266,2701354266
2025-06-19 04:53:16,REAL,2701354266,481,2701354747,2701354747
2025-06-19 04:53:18,REAL,2701354747,247,2701354994,2701354994
2025-06-19 04:53:20,REAL,2701354994,8735,2701363729,2701363729
2025-06-19 04:53:22,REAL,2701363729,10851,2701374580,2701374580
2025-06-19 04:53:24,REAL,2701374580,10256,2701384836,2701384836
2025-06-19 04:53:26,REAL,2701384836,10314,2701395150,2701395150
2025-06-19 04:53:28,REAL,2701395150,10247,2701405397,2701405397
2025-06-19 04:53:30,REAL,2701405397,10254,2701415651,2701415651
2025-06-19 04:53:32,REAL,2701415651,10253,2701425904,2701425904
2025-06-19 04:53:34,REAL,2701425904,8407,2701434311,2701434311
2025-06-19 04:53:36,REAL,2701434311,540,2701434851,2701434851
2025-06-19 04:53:38,REAL,2701434851,486,2701435337,2701435337
2025-06-19 04:53:40,REAL,2701435337,488,2701435825,2701435825
2025-06-19 04:53:42,REAL,2701435825,548,2701436373,2701436373
2025-06-19 04:53:44,REAL,2701436373,488,2701436861,2701436861
2025-06-19 04:53:46,REAL,2701436861,486,2701437347,2701437347
2025-06-19 04:53:48,REAL,2701437347,484,2701437831,2701437831
2025-06-19 04:53:50,REAL,2701437831,482,2701438313,2701438313
2025-06-19 04:53:52,REAL,2701438313,478,2701438791,2701438791
2025-06-19 04:53:54,REAL,2701438791,482,2701439273,2701439273
2025-06-19 04:53:56,REAL,2701439273,484,2701439757,2701439757
2025-06-19 04:53:58,REAL,2701439757,493,2701440250,2701440250
2025-06-19 04:54:00,REAL,2701440250,484,2701440734,2701440734
2025-06-19 04:54:02,REAL,2701440734,482,2701441216,2701441216
2025-06-19 04:54:04,REAL,2701441216,544,2701441760,2701441760
2025-06-19 04:54:06,REAL,2701441760,492,2701442252,2701442252
2025-06-19 04:54:08,REAL,2701442252,479,2701442731,2701442731
2025-06-19 04:54:10,REAL,2701442731,544,2701443275,2701443275
2025-06-19 04:54:12,REAL,2701443275,483,2701443758,2701443758
2025-06-19 04:54:14,REAL,2701443758,480,2701444238,2701444238
2025-06-19 04:54:16,REAL,2701444238,479,2701444717,2701444717
2025-06-19 04:54:18,REAL,2701444717,477,2701445194,2701445194
2025-06-19 04:54:20,REAL,2701445194,492,2701445686,2701445686
2025-06-19 04:54:22,REAL,2701445686,487,2701446173,2701446173
2025-06-19 04:54:24,REAL,2701446173,475,2701446648,2701446648
2025-06-19 04:54:26,REAL,2701446648,540,2701447188,2701447188
2025-06-19 04:54:28,REAL,2701447188,491,2701447679,2701447679
2025-06-19 04:54:30,REAL,2701447679,482,2701448161,2701448161
2025-06-19 04:54:32,REAL,2701448161,483,2701448644,2701448644
2025-06-19 04:54:34,REAL,2701448644,480,2701449124,2701449124
2025-06-19 04:54:36,REAL,2701449124,486,2701449610,2701449610
2025-06-19 04:54:38,REAL,2701449610,486,2701450096,2701450096
2025-06-19 04:54:40,REAL,2701450096,479,2701450575,2701450575
2025-06-19 04:54:42,REAL,2701450575,488,2701451063,2701451063
2025-06-19 04:54:44,REAL,2701451063,5230,2701456293,2701456293
2025-06-19 04:54:46,REAL,2701456293,11779,2701468072,2701468072
2025-06-19 04:54:48,REAL,2701468072,10249,2701478321,2701478321
2025-06-19 04:54:50,REAL,2701478321,10249,2701488570,2701488570
2025-06-19 04:54:52,REAL,2701488570,10313,2701498883,2701498883
2025-06-19 04:54:54,REAL,2701498883,10248,2701509131,2701509131
2025-06-19 04:54:56,REAL,2701509131,10248,2701519379,2701519379
2025-06-19 04:54:58,REAL,2701519379,10247,2701529626,2701529626
2025-06-19 04:55:00,REAL,2701529626,1864,2701531490,2701531490
2025-06-19 04:55:02,REAL,2701531490,486,2701531976,2701531976
2025-06-19 04:55:04,REAL,2701531976,484,2701532460,2701532460
2025-06-19 04:55:06,REAL,2701532460,540,2701533000,2701533000
2025-06-19 04:55:08,REAL,2701533000,483,2701533483,2701533483
2025-06-19 04:55:10,REAL,2701533483,486,2701533969,2701533969
2025-06-19 04:55:12,REAL,2701533969,488,2701534457,2701534457
2025-06-19 04:55:14,REAL,2701534457,488,2701534945,2701534945
2025-06-19 04:55:16,REAL,2701534945,493,2701535438,2701535438
2025-06-19 04:55:18,REAL,2701535438,484,2701535922,2701535922
2025-06-19 04:55:20,REAL,2701535922,543,2701536465,2701536465
2025-06-19 04:55:22,REAL,2701536465,486,2701536951,2701536951
2025-06-19 04:55:24,REAL,2701536951,487,2701537438,2701537438
2025-06-19 04:55:26,REAL,2701537438,549,2701537987,2701537987
2025-06-19 04:55:28,REAL,2701537987,487,2701538474,2701538474
2025-06-19 04:55:30,REAL,2701538474,490,2701538964,2701538964
2025-06-19 04:55:32,REAL,2701538964,483,2701539447,2701539447
2025-06-19 04:55:34,REAL,2701539447,479,2701539926,2701539926
2025-06-19 04:55:36,REAL,2701539926,485,2701540411,2701540411
2025-06-19 04:55:38,REAL,2701540411,484,2701540895,2701540895
2025-06-19 04:55:40,REAL,2701540895,483,2701541378,2701541378
2025-06-19 04:55:42,REAL,2701541378,487,2701541865,2701541865
2025-06-19 04:55:44,REAL,2701541865,486,2701542351,2701542351
2025-06-19 04:55:46,REAL,2701542351,477,2701542828,2701542828
2025-06-19 04:55:48,REAL,2701542828,485,2701543313,2701543313
2025-06-19 04:55:50,REAL,2701543313,533,2701543846,2701543846
2025-06-19 04:55:52,REAL,2701543846,483,2701544329,2701544329
2025-06-19 04:55:54,REAL,2701544329,540,2701544869,2701544869
2025-06-19 04:55:56,REAL,2701544869,486,2701545355,2701545355
2025-06-19 04:55:58,REAL,2701545355,490,2701545845,2701545845
2025-06-19 04:56:00,REAL,2701545845,487,2701546332,2701546332
2025-06-19 04:56:02,REAL,2701546332,488,2701546820,2701546820
2025-06-19 04:56:04,REAL,2701546820,486,2701547306,2701547306
2025-06-19 04:56:06,REAL,2701547306,488,2701547794,2701547794
2025-06-19 04:56:08,REAL,2701547794,485,2701548279,2701548279
2025-06-19 04:56:10,REAL,2701548279,479,2701548758,2701548758
2025-06-19 04:56:12,REAL,2701548758,483,2701549241,2701549241
2025-06-19 04:56:14,REAL,2701549241,484,2701549725,2701549725
2025-06-19 04:56:16,REAL,2701549725,535,2701550260,2701550260
2025-06-19 04:56:18,REAL,2701550260,484,2701550744,2701550744
2025-06-19 04:56:20,REAL,2701550744,482,2701551226,2701551226
2025-06-19 04:56:22,REAL,2701551226,488,2701551714,2701551714
2025-06-19 04:56:24,REAL,2701551714,480,2701552194,2701552194
2025-06-19 04:56:26,REAL,2701552194,487,2701552681,2701552681
2025-06-19 04:56:28,REAL,2701552681,481,2701553162,2701553162
2025-06-19 04:56:30,REAL,2701553162,546,2701553708,2701553708
2025-06-19 04:56:32,REAL,2701553708,482,2701554190,2701554190
2025-06-19 04:56:34,REAL,2701554190,490,2701554680,2701554680
2025-06-19 04:56:36,REAL,2701554680,485,2701555165,2701555165
2025-06-19 04:56:38,REAL,2701555165,488,2701555653,2701555653
2025-06-19 04:56:40,REAL,2701555653,536,2701556189,2701556189
2025-06-19 04:56:42,REAL,2701556189,486,2701556675,2701556675
2025-06-19 04:56:44,REAL,2701556675,479,2701557154,2701557154
2025-06-19 04:56:46,REAL,2701557154,481,2701557635,2701557635
2025-06-19 04:56:48,REAL,2701557635,486,2701558121,2701558121
2025-06-19 04:56:50,REAL,2701558121,485,2701558606,2701558606
2025-06-19 04:56:52,REAL,2701558606,480,2701559086,2701559086
2025-06-19 04:56:54,REAL,2701559086,478,2701559564,2701559564
2025-06-19 04:56:56,REAL,2701559564,480,2701560044,2701560044
2025-06-19 04:56:58,REAL,2701560044,481,2701560525,2701560525
2025-06-19 04:57:00,REAL,2701560525,489,2701561014,2701561014
2025-06-19 04:57:02,REAL,2701561014,9132,2701570146,2701570146
2025-06-19 04:57:04,REAL,2701570146,13283,2701583429,2701583429
2025-06-19 04:57:06,REAL,2701583429,9586,2701593015,2701593015
2025-06-19 04:57:08,REAL,2701593015,10314,2701603329,2701603329
2025-06-19 04:57:10,REAL,2701603329,10248,2701613577,2701613577
2025-06-19 04:57:12,REAL,2701613577,10320,2701623897,2701623897
2025-06-19 04:57:14,REAL,2701623897,10255,2701634152,2701634152
2025-06-19 04:57:16,REAL,2701634152,9132,2701643284,2701643284
2025-06-19 04:57:18,REAL,2701643284,479,2701643763,2701643763
2025-06-19 04:57:20,REAL,2701643763,476,2701644239,2701644239
2025-06-19 04:57:22,REAL,2701644239,482,2701644721,2701644721
2025-06-19 04:57:24,REAL,2701644721,482,2701645203,2701645203
2025-06-19 04:57:26,REAL,2701645203,543,2701645746,2701645746
2025-06-19 04:57:28,REAL,2701645746,482,2701646228,2701646228
2025-06-19 04:57:30,REAL,2701646228,474,2701646702,2701646702
2025-06-19 04:57:32,REAL,2701646702,480,2701647182,2701647182
2025-06-19 04:57:34,REAL,2701647182,8279,2701655461,2701655461
2025-06-19 04:57:36,REAL,2701655461,10977,2701666438,2701666438
2025-06-19 04:57:38,REAL,2701666438,10250,2701676688,2701676688
2025-06-19 04:57:40,REAL,2701676688,10252,2701686940,2701686940
2025-06-19 04:57:42,REAL,2701686940,10317,2701697257,2701697257
2025-06-19 04:57:44,REAL,2701697257,10248,2701707505,2701707505
2025-06-19 04:57:46,REAL,2701707505,10304,2701717809,2701717809
2025-06-19 04:57:48,REAL,2701717809,8540,2701726349,2701726349
2025-06-19 04:57:50,REAL,2701726349,481,2701726830,2701726830
2025-06-19 04:57:52,REAL,2701726830,484,2701727314,2701727314
2025-06-19 04:57:54,REAL,2701727314,479,2701727793,2701727793
2025-06-19 04:57:56,REAL,2701727793,485,2701728278,2701728278
2025-06-19 04:57:58,REAL,2701728278,538,2701728816,2701728816
2025-06-19 04:58:00,REAL,2701728816,476,2701729292,2701729292
2025-06-19 04:58:02,REAL,2701729292,486,2701729778,2701729778
2025-06-19 04:58:04,REAL,2701729778,484,2701730262,2701730262
2025-06-19 04:58:06,REAL,2701730262,9542,2701739804,2701739804
2025-06-19 04:58:08,REAL,2701739804,10518,2701750322,2701750322
2025-06-19 04:58:10,REAL,2701750322,10256,2701760578,2701760578
2025-06-19 04:58:12,REAL,2701760578,10319,2701770897,2701770897
2025-06-19 04:58:14,REAL,2701770897,10249,2701781146,2701781146
2025-06-19 04:58:16,REAL,2701781146,10256,2701791402,2701791402
2025-06-19 04:58:18,REAL,2701791402,10249,2701801651,2701801651
2025-06-19 04:58:20,REAL,2701801651,7815,2701809466,2701809466
2025-06-19 04:58:22,REAL,2701809466,482,2701809948,2701809948
2025-06-19 04:58:24,REAL,2701809948,489,2701810437,2701810437
2025-06-19 04:58:26,REAL,2701810437,487,2701810924,2701810924
2025-06-19 04:58:28,REAL,2701810924,487,2701811411,2701811411
2025-06-19 04:58:30,REAL,2701811411,596,2701812007,2701812007
2025-06-19 04:58:32,REAL,2701812007,478,2701812485,2701812485
2025-06-19 04:58:34,REAL,2701812485,480,2701812965,2701812965
2025-06-19 04:58:36,REAL,2701812965,487,2701813452,2701813452
2025-06-19 04:58:38,REAL,2701813452,492,2701813944,2701813944
2025-06-19 04:58:40,REAL,2701813944,491,2701814435,2701814435
2025-06-19 04:58:42,REAL,2701814435,490,2701814925,2701814925
2025-06-19 04:58:44,REAL,2701814925,481,2701815406,2701815406
2025-06-19 04:58:46,REAL,2701815406,482,2701815888,2701815888
2025-06-19 04:58:48,REAL,2701815888,485,2701816373,2701816373
2025-06-19 04:58:50,REAL,2701816373,483,2701816856,2701816856
2025-06-19 04:58:52,REAL,2701816856,492,2701817348,2701817348
2025-06-19 04:58:54,REAL,2701817348,493,2701817841,2701817841
2025-06-19 04:58:56,REAL,2701817841,547,2701818388,2701818388
2025-06-19 04:58:58,REAL,2701818388,4594,2701822982,2701822982
2025-06-19 04:59:00,REAL,2701822982,11505,2701834487,2701834487
2025-06-19 04:59:02,REAL,2701834487,10259,2701844746,2701844746
2025-06-19 04:59:04,REAL,2701844746,10249,2701854995,2701854995
2025-06-19 04:59:06,REAL,2701854995,10254,2701865249,2701865249
2025-06-19 04:59:08,REAL,2701865249,10254,2701875503,2701875503
2025-06-19 04:59:10,REAL,2701875503,10247,2701885750,2701885750
2025-06-19 04:59:12,REAL,2701885750,10317,2701896067,2701896067
2025-06-19 04:59:14,REAL,2701896067,1992,2701898059,2701898059
2025-06-19 04:59:16,REAL,2701898059,484,2701898543,2701898543
2025-06-19 04:59:18,REAL,2701898543,482,2701899025,2701899025
2025-06-19 04:59:20,REAL,2701899025,11782,2701910807,2701910807
2025-06-19 04:59:22,REAL,2701910807,10243,2701921050,2701921050
2025-06-19 04:59:24,REAL,2701921050,10318,2701931368,2701931368
2025-06-19 04:59:26,REAL,2701931368,10250,2701941618,2701941618
2025-06-19 04:59:28,REAL,2701941618,10314,2701951932,2701951932
2025-06-19 04:59:30,REAL,2701951932,10254,2701962186,2701962186
2025-06-19 04:59:32,REAL,2701962186,10248,2701972434,2701972434
2025-06-19 04:59:34,REAL,2701972434,6492,2701978926,2701978926
2025-06-19 04:59:36,REAL,2701978926,488,2701979414,2701979414
2025-06-19 04:59:38,REAL,2701979414,484,2701979898,2701979898
2025-06-19 04:59:40,REAL,2701979898,479,2701980377,2701980377
2025-06-19 04:59:42,REAL,2701980377,490,2701980867,2701980867
2025-06-19 04:59:44,REAL,2701980867,541,2701981408,2701981408
2025-06-19 04:59:46,REAL,2701981408,480,2701981888,2701981888
2025-06-19 04:59:48,REAL,2701981888,486,2701982374,2701982374
2025-06-19 04:59:50,REAL,2701982374,483,2701982857,2701982857
2025-06-19 04:59:52,REAL,2701982857,10993,2701993850,2701993850
2025-06-19 04:59:54,REAL,2701993850,10247,2702004097,2702004097
2025-06-19 04:59:56,REAL,2702004097,10250,2702014347,2702014347
2025-06-19 04:59:58,REAL,2702014347,10310,2702024657,2702024657
2025-06-19 05:00:00,REAL,2702024657,10317,2702034974,2702034974
2025-06-19 05:00:02,REAL,2702034974,10320,2702045294,2702045294
2025-06-19 05:00:04,REAL,2702045294,10253,2702055547,2702055547
2025-06-19 05:00:06,REAL,2702055547,5896,2702061443,2702061443
2025-06-19 05:00:08,REAL,2702061443,491,2702061934,2702061934
2025-06-19 05:00:10,REAL,2702061934,478,2702062412,2702062412
2025-06-19 05:00:12,REAL,2702062412,6636,2702069048,2702069048
2025-06-19 05:00:14,REAL,2702069048,11585,2702080633,2702080633
2025-06-19 05:00:16,REAL,2702080633,10259,2702090892,2702090892
2025-06-19 05:00:18,REAL,2702090892,10320,2702101212,2702101212
2025-06-19 05:00:20,REAL,2702101212,10243,2702111455,2702111455
2025-06-19 05:00:22,REAL,2702111455,10245,2702121700,2702121700
2025-06-19 05:00:24,REAL,2702121700,10313,2702132013,2702132013
2025-06-19 05:00:26,REAL,2702132013,10252,2702142265,2702142265
2025-06-19 05:00:28,REAL,2702142265,619,2702142884,2702142884
2025-06-19 05:00:30,REAL,2702142884,486,2702143370,2702143370
2025-06-19 05:00:32,REAL,2702143370,483,2702143853,2702143853
2025-06-19 05:00:34,REAL,2702143853,491,2702144344,2702144344
2025-06-19 05:00:36,REAL,2702144344,541,2702144885,2702144885
2025-06-19 05:00:38,REAL,2702144885,481,2702145366,2702145366
2025-06-19 05:00:40,REAL,2702145366,480,2702145846,2702145846
2025-06-19 05:00:42,REAL,2702145846,533,2702146379,2702146379
2025-06-19 05:00:44,REAL,2702146379,488,2702146867,2702146867
2025-06-19 05:00:46,REAL,2702146867,482,2702147349,2702147349
2025-06-19 05:00:48,REAL,2702147349,485,2702147834,2702147834
2025-06-19 05:00:50,REAL,2702147834,488,2702148322,2702148322
2025-06-19 05:00:52,REAL,2702148322,482,2702148804,2702148804
2025-06-19 05:00:54,REAL,2702148804,484,2702149288,2702149288
2025-06-19 05:00:56,REAL,2702149288,482,2702149770,2702149770
2025-06-19 05:00:58,REAL,2702149770,488,2702150258,2702150258
2025-06-19 05:01:00,REAL,2702150258,489,2702150747,2702150747
2025-06-19 05:01:02,REAL,2702150747,490,2702151237,2702151237
2025-06-19 05:01:04,REAL,2702151237,481,2702151718,2702151718
2025-06-19 05:01:06,REAL,2702151718,479,2702152197,2702152197
2025-06-19 05:01:08,REAL,2702152197,484,2702152681,2702152681
2025-06-19 05:01:10,REAL,2702152681,492,2702153173,2702153173
2025-06-19 05:01:12,REAL,2702153173,485,2702153658,2702153658
2025-06-19 05:01:14,REAL,2702153658,488,2702154146,2702154146
2025-06-19 05:01:16,REAL,2702154146,493,2702154639,2702154639
2025-06-19 05:01:18,REAL,2702154639,484,2702155123,2702155123
2025-06-19 05:01:20,REAL,2702155123,484,2702155607,2702155607
2025-06-19 05:01:22,REAL,2702155607,490,2702156097,2702156097
2025-06-19 05:01:24,REAL,2702156097,541,2702156638,2702156638
2025-06-19 05:01:26,REAL,2702156638,485,2702157123,2702157123
2025-06-19 05:01:28,REAL,2702157123,538,2702157661,2702157661
2025-06-19 05:01:30,REAL,2702157661,492,2702158153,2702158153
2025-06-19 05:01:32,REAL,2702158153,476,2702158629,2702158629
2025-06-19 05:01:34,REAL,2702158629,486,2702159115,2702159115
2025-06-19 05:01:36,REAL,2702159115,488,2702159603,2702159603
2025-06-19 05:01:38,REAL,2702159603,479,2702160082,2702160082
2025-06-19 05:01:40,REAL,2702160082,485,2702160567,2702160567
2025-06-19 05:01:42,REAL,2702160567,484,2702161051,2702161051
2025-06-19 05:01:44,REAL,2702161051,484,2702161535,2702161535
2025-06-19 05:01:46,REAL,2702161535,485,2702162020,2702162020
2025-06-19 05:01:48,REAL,2702162020,487,2702162507,2702162507
2025-06-19 05:01:50,REAL,2702162507,477,2702162984,2702162984
2025-06-19 05:01:52,REAL,2702162984,493,2702163477,2702163477
2025-06-19 05:01:54,REAL,2702163477,484,2702163961,2702163961
2025-06-19 05:01:56,REAL,2702163961,483,2702164444,2702164444
2025-06-19 05:01:58,REAL,2702164444,491,2702164935,2702164935
2025-06-19 05:02:00,REAL,2702164935,493,2702165428,2702165428
2025-06-19 05:02:02,REAL,2702165428,484,2702165912,2702165912
2025-06-19 05:02:04,REAL,2702165912,484,2702166396,2702166396
2025-06-19 05:02:06,REAL,2702166396,491,2702166887,2702166887
2025-06-19 05:02:08,REAL,2702166887,486,2702167373,2702167373
2025-06-19 05:02:10,REAL,2702167373,492,2702167865,2702167865
2025-06-19 05:02:12,REAL,2702167865,546,2702168411,2702168411
2025-06-19 05:02:14,REAL,2702168411,538,2702168949,2702168949
2025-06-19 05:02:16,REAL,2702168949,487,2702169436,2702169436
2025-06-19 05:02:18,REAL,2702169436,490,2702169926,2702169926
2025-06-19 05:02:20,REAL,2702169926,479,2702170405,2702170405
2025-06-19 05:02:22,REAL,2702170405,483,2702170888,2702170888
2025-06-19 05:02:24,REAL,2702170888,492,2702171380,2702171380
2025-06-19 05:02:26,REAL,2702171380,483,2702171863,2702171863
2025-06-19 05:02:28,REAL,2702171863,479,2702172342,2702172342
2025-06-19 05:02:30,REAL,2702172342,480,2702172822,2702172822
2025-06-19 05:02:32,REAL,2702172822,486,2702173308,2702173308
2025-06-19 05:02:34,REAL,2702173308,480,2702173788,2702173788
2025-06-19 05:02:36,REAL,2702173788,483,2702174271,2702174271
2025-06-19 05:02:38,REAL,2702174271,484,2702174755,2702174755
2025-06-19 05:02:40,REAL,2702174755,478,2702175233,2702175233
2025-06-19 05:02:42,REAL,2702175233,483,2702175716,2702175716
2025-06-19 05:02:44,REAL,2702175716,491,2702176207,2702176207
2025-06-19 05:02:46,REAL,2702176207,485,2702176692,2702176692
2025-06-19 05:02:48,REAL,2702176692,483,2702177175,2702177175
2025-06-19 05:02:50,REAL,2702177175,490,2702177665,2702177665
2025-06-19 05:02:52,REAL,2702177665,484,2702178149,2702178149
2025-06-19 05:02:54,REAL,2702178149,480,2702178629,2702178629
2025-06-19 05:02:56,REAL,2702178629,484,2702179113,2702179113
2025-06-19 05:02:58,REAL,2702179113,488,2702179601,2702179601
2025-06-19 05:03:00,REAL,2702179601,534,2702180135,2702180135
2025-06-19 05:03:02,REAL,2702180135,487,2702180622,2702180622
2025-06-19 05:03:04,REAL,2702180622,538,2702181160,2702181160
2025-06-19 05:03:06,REAL,2702181160,3926,2702185086,2702185086
2025-06-19 05:03:08,REAL,2702185086,14550,2702199636,2702199636
2025-06-19 05:03:10,REAL,2702199636,10254,2702209890,2702209890
2025-06-19 05:03:12,REAL,2702209890,10321,2702220211,2702220211
2025-06-19 05:03:14,REAL,2702220211,10245,2702230456,2702230456
2025-06-19 05:03:16,REAL,2702230456,10249,2702240705,2702240705
2025-06-19 05:03:18,REAL,2702240705,10252,2702250957,2702250957
2025-06-19 05:03:20,REAL,2702250957,10313,2702261270,2702261270
2025-06-19 05:03:22,REAL,2702261270,2401,2702263671,2702263671
2025-06-19 05:03:24,REAL,2702263671,484,2702264155,2702264155
2025-06-19 05:03:26,REAL,2702264155,480,2702264635,2702264635
2025-06-19 05:03:28,REAL,2702264635,483,2702265118,2702265118
2025-06-19 05:03:30,REAL,2702265118,488,2702265606,2702265606
2025-06-19 05:03:32,REAL,2702265606,482,2702266088,2702266088
2025-06-19 05:03:34,REAL,2702266088,479,2702266567,2702266567
2025-06-19 05:03:36,REAL,2702266567,486,2702267053,2702267053
2025-06-19 05:03:38,REAL,2702267053,4848,2702271901,2702271901
2025-06-19 05:03:40,REAL,2702271901,11310,2702283211,2702283211
2025-06-19 05:03:42,REAL,2702283211,10250,2702293461,2702293461
2025-06-19 05:03:44,REAL,2702293461,10252,2702303713,2702303713
2025-06-19 05:03:46,REAL,2702303713,10318,2702314031,2702314031
2025-06-19 05:03:48,REAL,2702314031,10246,2702324277,2702324277
2025-06-19 05:03:50,REAL,2702324277,10249,2702334526,2702334526
2025-06-19 05:03:52,REAL,2702334526,10247,2702344773,2702344773
2025-06-19 05:03:54,REAL,2702344773,1804,2702346577,2702346577
2025-06-19 05:03:56,REAL,2702346577,535,2702347112,2702347112
2025-06-19 05:03:58,REAL,2702347112,478,2702347590,2702347590
2025-06-19 05:04:00,REAL,2702347590,484,2702348074,2702348074
2025-06-19 05:04:02,REAL,2702348074,475,2702348549,2702348549
2025-06-19 05:04:04,REAL,2702348549,484,2702349033,2702349033
2025-06-19 05:04:06,REAL,2702349033,477,2702349510,2702349510
2025-06-19 05:04:08,REAL,2702349510,487,2702349997,2702349997
2025-06-19 05:04:10,REAL,2702349997,5251,2702355248,2702355248
2025-06-19 05:04:12,REAL,2702355248,11053,2702366301,2702366301
2025-06-19 05:04:14,REAL,2702366301,10313,2702376614,2702376614
2025-06-19 05:04:16,REAL,2702376614,10257,2702386871,2702386871
2025-06-19 05:04:18,REAL,2702386871,10249,2702397120,2702397120
2025-06-19 05:04:20,REAL,2702397120,10313,2702407433,2702407433
2025-06-19 05:04:22,REAL,2702407433,10253,2702417686,2702417686
2025-06-19 05:04:24,REAL,2702417686,10255,2702427941,2702427941
2025-06-19 05:04:26,REAL,2702427941,1213,2702429154,2702429154
2025-06-19 05:04:28,REAL,2702429154,482,2702429636,2702429636
2025-06-19 05:04:30,REAL,2702429636,490,2702430126,2702430126
2025-06-19 05:04:32,REAL,2702430126,486,2702430612,2702430612
2025-06-19 05:04:34,REAL,2702430612,476,2702431088,2702431088
2025-06-19 05:04:36,REAL,2702431088,478,2702431566,2702431566
2025-06-19 05:04:38,REAL,2702431566,477,2702432043,2702432043
2025-06-19 05:04:40,REAL,2702432043,482,2702432525,2702432525
2025-06-19 05:04:42,REAL,2702432525,6236,2702438761,2702438761
2025-06-19 05:04:44,REAL,2702438761,11177,2702449938,2702449938
2025-06-19 05:04:46,REAL,2702449938,10301,2702460239,2702460239
2025-06-19 05:04:48,REAL,2702460239,10328,2702470567,2702470567
2025-06-19 05:04:50,REAL,2702470567,10245,2702480812,2702480812
2025-06-19 05:04:52,REAL,2702480812,10252,2702491064,2702491064
2025-06-19 05:04:54,REAL,2702491064,10253,2702501317,2702501317
2025-06-19 05:04:56,REAL,2702501317,10326,2702511643,2702511643
2025-06-19 05:04:58,REAL,2702511643,546,2702512189,2702512189
2025-06-19 05:05:00,REAL,2702512189,482,2702512671,2702512671
2025-06-19 05:05:02,REAL,2702512671,485,2702513156,2702513156
2025-06-19 05:05:04,REAL,2702513156,488,2702513644,2702513644
2025-06-19 05:05:06,REAL,2702513644,480,2702514124,2702514124
2025-06-19 05:05:08,REAL,2702514124,486,2702514610,2702514610
2025-06-19 05:05:10,REAL,2702514610,481,2702515091,2702515091
2025-06-19 05:05:12,REAL,2702515091,482,2702515573,2702515573
2025-06-19 05:05:14,REAL,2702515573,6829,2702522402,2702522402
2025-06-19 05:05:16,REAL,2702522402,10783,2702533185,2702533185
2025-06-19 05:05:18,REAL,2702533185,10315,2702543500,2702543500
2025-06-19 05:05:20,REAL,2702543500,10248,2702553748,2702553748
2025-06-19 05:05:22,REAL,2702553748,10255,2702564003,2702564003
2025-06-19 05:05:24,REAL,2702564003,10254,2702574257,2702574257
2025-06-19 05:05:26,REAL,2702574257,10245,2702584502,2702584502
2025-06-19 05:05:28,REAL,2702584502,9728,2702594230,2702594230
2025-06-19 05:05:30,REAL,2702594230,484,2702594714,2702594714
2025-06-19 05:05:32,REAL,2702594714,480,2702595194,2702595194
2025-06-19 05:05:34,REAL,2702595194,486,2702595680,2702595680
2025-06-19 05:05:36,REAL,2702595680,487,2702596167,2702596167
2025-06-19 05:05:38,REAL,2702596167,539,2702596706,2702596706
2025-06-19 05:05:40,REAL,2702596706,477,2702597183,2702597183
2025-06-19 05:05:42,REAL,2702597183,491,2702597674,2702597674
2025-06-19 05:05:44,REAL,2702597674,487,2702598161,2702598161
2025-06-19 05:05:46,REAL,2702598161,7876,2702606037,2702606037
2025-06-19 05:05:48,REAL,2702606037,10982,2702617019,2702617019
2025-06-19 05:05:50,REAL,2702617019,10253,2702627272,2702627272
2025-06-19 05:05:52,REAL,2702627272,10259,2702637531,2702637531
2025-06-19 05:05:54,REAL,2702637531,10324,2702647855,2702647855
2025-06-19 05:05:56,REAL,2702647855,10258,2702658113,2702658113
2025-06-19 05:05:58,REAL,2702658113,10242,2702668355,2702668355
2025-06-19 05:06:00,REAL,2702668355,9130,2702677485,2702677485
2025-06-19 05:06:02,REAL,2702677485,481,2702677966,2702677966
2025-06-19 05:06:04,REAL,2702677966,487,2702678453,2702678453
2025-06-19 05:06:06,REAL,2702678453,2267,2702680720,2702680720
2025-06-19 05:06:08,REAL,2702680720,11432,2702692152,2702692152
2025-06-19 05:06:10,REAL,2702692152,10318,2702702470,2702702470
2025-06-19 05:06:12,REAL,2702702470,10249,2702712719,2702712719
2025-06-19 05:06:14,REAL,2702712719,10254,2702722973,2702722973
2025-06-19 05:06:16,REAL,2702722973,10247,2702733220,2702733220
2025-06-19 05:06:18,REAL,2702733220,10313,2702743533,2702743533
2025-06-19 05:06:20,REAL,2702743533,10249,2702753782,2702753782
2025-06-19 05:06:22,REAL,2702753782,3849,2702757631,2702757631
2025-06-19 05:06:24,REAL,2702757631,490,2702758121,2702758121
2025-06-19 05:06:26,REAL,2702758121,489,2702758610,2702758610
2025-06-19 05:06:28,REAL,2702758610,484,2702759094,2702759094
2025-06-19 05:06:30,REAL,2702759094,535,2702759629,2702759629
2025-06-19 05:06:32,REAL,2702759629,480,2702760109,2702760109
2025-06-19 05:06:34,REAL,2702760109,493,2702760602,2702760602
2025-06-19 05:06:36,REAL,2702760602,484,2702761086,2702761086
2025-06-19 05:06:38,REAL,2702761086,3396,2702764482,2702764482
2025-06-19 05:06:40,REAL,2702764482,11040,2702775522,2702775522
2025-06-19 05:06:42,REAL,2702775522,10314,2702785836,2702785836
2025-06-19 05:06:44,REAL,2702785836,10243,2702796079,2702796079
2025-06-19 05:06:46,REAL,2702796079,10258,2702806337,2702806337
2025-06-19 05:06:48,REAL,2702806337,10258,2702816595,2702816595
2025-06-19 05:06:50,REAL,2702816595,10310,2702826905,2702826905
2025-06-19 05:06:52,REAL,2702826905,10254,2702837159,2702837159
2025-06-19 05:06:54,REAL,2702837159,3195,2702840354,2702840354
2025-06-19 05:06:56,REAL,2702840354,481,2702840835,2702840835
2025-06-19 05:06:58,REAL,2702840835,482,2702841317,2702841317
2025-06-19 05:07:00,REAL,2702841317,485,2702841802,2702841802
2025-06-19 05:07:02,REAL,2702841802,483,2702842285,2702842285
2025-06-19 05:07:04,REAL,2702842285,474,2702842759,2702842759
2025-06-19 05:07:06,REAL,2702842759,484,2702843243,2702843243
2025-06-19 05:07:08,REAL,2702843243,485,2702843728,2702843728
2025-06-19 05:07:10,REAL,2702843728,3920,2702847648,2702847648
2025-06-19 05:07:12,REAL,2702847648,11640,2702859288,2702859288
2025-06-19 05:07:14,REAL,2702859288,10248,2702869536,2702869536
2025-06-19 05:07:16,REAL,2702869536,10325,2702879861,2702879861
2025-06-19 05:07:18,REAL,2702879861,10256,2702890117,2702890117
2025-06-19 05:07:20,REAL,2702890117,10375,2702900492,2702900492
2025-06-19 05:07:22,REAL,2702900492,10251,2702910743,2702910743
2025-06-19 05:07:24,REAL,2702910743,10258,2702921001,2702921001
2025-06-19 05:07:26,REAL,2702921001,2598,2702923599,2702923599
2025-06-19 05:07:28,REAL,2702923599,482,2702924081,2702924081
2025-06-19 05:07:30,REAL,2702924081,479,2702924560,2702924560
2025-06-19 05:07:32,REAL,2702924560,479,2702925039,2702925039
2025-06-19 05:07:34,REAL,2702925039,483,2702925522,2702925522
2025-06-19 05:07:36,REAL,2702925522,494,2702926016,2702926016
2025-06-19 05:07:38,REAL,2702926016,491,2702926507,2702926507
2025-06-19 05:07:40,REAL,2702926507,483,2702926990,2702926990
2025-06-19 05:07:42,REAL,2702926990,489,2702927479,2702927479
2025-06-19 05:07:44,REAL,2702927479,483,2702927962,2702927962
2025-06-19 05:07:46,REAL,2702927962,490,2702928452,2702928452
2025-06-19 05:07:48,REAL,2702928452,483,2702928935,2702928935
2025-06-19 05:07:50,REAL,2702928935,484,2702929419,2702929419
2025-06-19 05:07:52,REAL,2702929419,484,2702929903,2702929903
2025-06-19 05:07:54,REAL,2702929903,491,2702930394,2702930394
2025-06-19 05:07:56,REAL,2702930394,534,2702930928,2702930928
2025-06-19 05:07:58,REAL,2702930928,537,2702931465,2702931465
2025-06-19 05:08:00,REAL,2702931465,491,2702931956,2702931956
2025-06-19 05:08:02,REAL,2702931956,480,2702932436,2702932436
2025-06-19 05:08:04,REAL,2702932436,483,2702932919,2702932919
2025-06-19 05:08:06,REAL,2702932919,486,2702933405,2702933405
2025-06-19 05:08:08,REAL,2702933405,487,2702933892,2702933892
2025-06-19 05:08:10,REAL,2702933892,484,2702934376,2702934376
2025-06-19 05:08:12,REAL,2702934376,478,2702934854,2702934854
2025-06-19 05:08:14,REAL,2702934854,483,2702935337,2702935337
2025-06-19 05:08:16,REAL,2702935337,483,2702935820,2702935820
2025-06-19 05:08:18,REAL,2702935820,485,2702936305,2702936305
2025-06-19 05:08:20,REAL,2702936305,477,2702936782,2702936782
2025-06-19 05:08:22,REAL,2702936782,483,2702937265,2702937265
2025-06-19 05:08:24,REAL,2702937265,480,2702937745,2702937745
2025-06-19 05:08:26,REAL,2702937745,485,2702938230,2702938230
2025-06-19 05:08:28,REAL,2702938230,488,2702938718,2702938718
2025-06-19 05:08:30,REAL,2702938718,480,2702939198,2702939198
2025-06-19 05:08:32,REAL,2702939198,537,2702939735,2702939735
2025-06-19 05:08:34,REAL,2702939735,488,2702940223,2702940223
2025-06-19 05:08:36,REAL,2702940223,479,2702940702,2702940702
2025-06-19 05:08:38,REAL,2702940702,488,2702941190,2702941190
2025-06-19 05:08:40,REAL,2702941190,484,2702941674,2702941674
2025-06-19 05:08:42,REAL,2702941674,487,2702942161,2702942161
2025-06-19 05:08:44,REAL,2702942161,492,2702942653,2702942653
2025-06-19 05:08:46,REAL,2702942653,545,2702943198,2702943198
2025-06-19 05:08:48,REAL,2702943198,481,2702943679,2702943679
2025-06-19 05:08:50,REAL,2702943679,484,2702944163,2702944163
2025-06-19 05:08:52,REAL,2702944163,483,2702944646,2702944646
2025-06-19 05:08:54,REAL,2702944646,476,2702945122,2702945122
2025-06-19 05:08:56,REAL,2702945122,483,2702945605,2702945605
2025-06-19 05:08:58,REAL,2702945605,490,2702946095,2702946095
2025-06-19 05:09:00,REAL,2702946095,494,2702946589,2702946589
2025-06-19 05:09:02,REAL,2702946589,483,2702947072,2702947072
2025-06-19 05:09:04,REAL,2702947072,492,2702947564,2702947564
2025-06-19 05:09:06,REAL,2702947564,481,2702948045,2702948045
2025-06-19 05:09:08,REAL,2702948045,484,2702948529,2702948529
2025-06-19 05:09:10,REAL,2702948529,532,2702949061,2702949061
2025-06-19 05:09:12,REAL,2702949061,485,2702949546,2702949546
2025-06-19 05:09:14,REAL,2702949546,477,2702950023,2702950023
2025-06-19 05:09:16,REAL,2702950023,493,2702950516,2702950516
2025-06-19 05:09:18,REAL,2702950516,6436,2702956952,2702956952
2025-06-19 05:09:20,REAL,2702956952,11106,2702968058,2702968058
2025-06-19 05:09:22,REAL,2702968058,10251,2702978309,2702978309
2025-06-19 05:09:24,REAL,2702978309,10250,2702988559,2702988559
2025-06-19 05:09:26,REAL,2702988559,10315,2702998874,2702998874
2025-06-19 05:09:28,REAL,2702998874,10254,2703009128,2703009128
2025-06-19 05:09:30,REAL,2703009128,10252,2703019380,2703019380
2025-06-19 05:09:32,REAL,2703019380,9921,2703029301,2703029301
2025-06-19 05:09:34,REAL,2703029301,488,2703029789,2703029789
2025-06-19 05:09:36,REAL,2703029789,484,2703030273,2703030273
2025-06-19 05:09:38,REAL,2703030273,484,2703030757,2703030757
2025-06-19 05:09:40,REAL,2703030757,489,2703031246,2703031246
2025-06-19 05:09:42,REAL,2703031246,484,2703031730,2703031730
2025-06-19 05:09:44,REAL,2703031730,480,2703032210,2703032210
2025-06-19 05:09:46,REAL,2703032210,539,2703032749,2703032749
2025-06-19 05:09:48,REAL,2703032749,488,2703033237,2703033237
2025-06-19 05:09:50,REAL,2703033237,8942,2703042179,2703042179
2025-06-19 05:09:52,REAL,2703042179,12622,2703054801,2703054801
2025-06-19 05:09:54,REAL,2703054801,10253,2703065054,2703065054
2025-06-19 05:09:56,REAL,2703065054,10250,2703075304,2703075304
2025-06-19 05:09:58,REAL,2703075304,10255,2703085559,2703085559
2025-06-19 05:10:00,REAL,2703085559,10253,2703095812,2703095812
2025-06-19 05:10:02,REAL,2703095812,10249,2703106061,2703106061
2025-06-19 05:10:04,REAL,2703106061,9196,2703115257,2703115257
2025-06-19 05:10:06,REAL,2703115257,241,2703115498,2703115498
2025-06-19 05:10:08,REAL,2703115498,490,2703115988,2703115988
2025-06-19 05:10:10,REAL,2703115988,1944,2703117932,2703117932
2025-06-19 05:10:12,REAL,2703117932,12160,2703130092,2703130092
2025-06-19 05:10:14,REAL,2703130092,10243,2703140335,2703140335
2025-06-19 05:10:16,REAL,2703140335,10247,2703150582,2703150582
2025-06-19 05:10:18,REAL,2703150582,10251,2703160833,2703160833
2025-06-19 05:10:20,REAL,2703160833,10253,2703171086,2703171086
2025-06-19 05:10:22,REAL,2703171086,10369,2703181455,2703181455
2025-06-19 05:10:24,REAL,2703181455,10246,2703191701,2703191701
2025-06-19 05:10:26,REAL,2703191701,3980,2703195681,2703195681
2025-06-19 05:10:28,REAL,2703195681,485,2703196166,2703196166
2025-06-19 05:10:30,REAL,2703196166,478,2703196644,2703196644
2025-06-19 05:10:32,REAL,2703196644,480,2703197124,2703197124
2025-06-19 05:10:34,REAL,2703197124,477,2703197601,2703197601
2025-06-19 05:10:36,REAL,2703197601,476,2703198077,2703198077
2025-06-19 05:10:38,REAL,2703198077,483,2703198560,2703198560
2025-06-19 05:10:40,REAL,2703198560,491,2703199051,2703199051
2025-06-19 05:10:42,REAL,2703199051,484,2703199535,2703199535
2025-06-19 05:10:44,REAL,2703199535,485,2703200020,2703200020
2025-06-19 05:10:46,REAL,2703200020,491,2703200511,2703200511
2025-06-19 05:10:48,REAL,2703200511,491,2703201002,2703201002
2025-06-19 05:10:50,REAL,2703201002,483,2703201485,2703201485
2025-06-19 05:10:52,REAL,2703201485,487,2703201972,2703201972
2025-06-19 05:10:54,REAL,2703201972,488,2703202460,2703202460
2025-06-19 05:10:56,REAL,2703202460,493,2703202953,2703202953
2025-06-19 05:10:58,REAL,2703202953,586,2703203539,2703203539
2025-06-19 05:11:00,REAL,2703203539,483,2703204022,2703204022
2025-06-19 05:11:02,REAL,2703204022,484,2703204506,2703204506
2025-06-19 05:11:04,REAL,2703204506,486,2703204992,2703204992
2025-06-19 05:11:06,REAL,2703204992,482,2703205474,2703205474
2025-06-19 05:11:08,REAL,2703205474,487,2703205961,2703205961
2025-06-19 05:11:10,REAL,2703205961,479,2703206440,2703206440
2025-06-19 05:11:12,REAL,2703206440,483,2703206923,2703206923
2025-06-19 05:11:14,REAL,2703206923,3724,2703210647,2703210647
2025-06-19 05:11:16,REAL,2703210647,11249,2703221896,2703221896
2025-06-19 05:11:18,REAL,2703221896,10253,2703232149,2703232149
2025-06-19 05:11:20,REAL,2703232149,10324,2703242473,2703242473
2025-06-19 05:11:22,REAL,2703242473,10251,2703252724,2703252724
2025-06-19 05:11:24,REAL,2703252724,10256,2703262980,2703262980
2025-06-19 05:11:26,REAL,2703262980,10257,2703273237,2703273237
2025-06-19 05:11:28,REAL,2703273237,10314,2703283551,2703283551
2025-06-19 05:11:30,REAL,2703283551,2722,2703286273,2703286273
2025-06-19 05:11:32,REAL,2703286273,534,2703286807,2703286807
2025-06-19 05:11:34,REAL,2703286807,480,2703287287,2703287287
2025-06-19 05:11:36,REAL,2703287287,486,2703287773,2703287773
2025-06-19 05:11:38,REAL,2703287773,492,2703288265,2703288265
2025-06-19 05:11:40,REAL,2703288265,490,2703288755,2703288755
2025-06-19 05:11:42,REAL,2703288755,487,2703289242,2703289242
2025-06-19 05:11:44,REAL,2703289242,545,2703289787,2703289787
2025-06-19 05:11:46,REAL,2703289787,484,2703290271,2703290271
2025-06-19 05:11:48,REAL,2703290271,489,2703290760,2703290760
2025-06-19 05:11:50,REAL,2703290760,481,2703291241,2703291241
2025-06-19 05:11:52,REAL,2703291241,485,2703291726,2703291726
2025-06-19 05:11:54,REAL,2703291726,488,2703292214,2703292214
2025-06-19 05:11:56,REAL,2703292214,489,2703292703,2703292703
2025-06-19 05:11:58,REAL,2703292703,477,2703293180,2703293180
2025-06-19 05:12:00,REAL,2703293180,485,2703293665,2703293665
2025-06-19 05:12:02,REAL,2703293665,481,2703294146,2703294146
2025-06-19 05:12:04,REAL,2703294146,492,2703294638,2703294638
2025-06-19 05:12:06,REAL,2703294638,477,2703295115,2703295115
2025-06-19 05:12:08,REAL,2703295115,490,2703295605,2703295605
2025-06-19 05:12:10,REAL,2703295605,548,2703296153,2703296153
2025-06-19 05:12:12,REAL,2703296153,480,2703296633,2703296633
2025-06-19 05:12:14,REAL,2703296633,540,2703297173,2703297173
2025-06-19 05:12:16,REAL,2703297173,490,2703297663,2703297663
2025-06-19 05:12:18,REAL,2703297663,483,2703298146,2703298146
2025-06-19 05:12:20,REAL,2703298146,482,2703298628,2703298628
2025-06-19 05:12:22,REAL,2703298628,485,2703299113,2703299113
2025-06-19 05:12:24,REAL,2703299113,480,2703299593,2703299593
2025-06-19 05:12:26,REAL,2703299593,485,2703300078,2703300078
2025-06-19 05:12:28,REAL,2703300078,478,2703300556,2703300556
2025-06-19 05:12:30,REAL,2703300556,481,2703301037,2703301037
2025-06-19 05:12:32,REAL,2703301037,483,2703301520,2703301520
2025-06-19 05:12:34,REAL,2703301520,490,2703302010,2703302010
2025-06-19 05:12:36,REAL,2703302010,482,2703302492,2703302492
2025-06-19 05:12:38,REAL,2703302492,479,2703302971,2703302971
2025-06-19 05:12:40,REAL,2703302971,489,2703303460,2703303460
2025-06-19 05:12:42,REAL,2703303460,486,2703303946,2703303946
2025-06-19 05:12:44,REAL,2703303946,543,2703304489,2703304489
2025-06-19 05:12:46,REAL,2703304489,482,2703304971,2703304971
2025-06-19 05:12:48,REAL,2703304971,486,2703305457,2703305457
2025-06-19 05:12:50,REAL,2703305457,487,2703305944,2703305944
2025-06-19 05:12:52,REAL,2703305944,487,2703306431,2703306431
2025-06-19 05:12:54,REAL,2703306431,533,2703306964,2703306964
2025-06-19 05:12:56,REAL,2703306964,489,2703307453,2703307453
2025-06-19 05:12:58,REAL,2703307453,487,2703307940,2703307940
2025-06-19 05:13:00,REAL,2703307940,482,2703308422,2703308422
2025-06-19 05:13:02,REAL,2703308422,483,2703308905,2703308905
2025-06-19 05:13:04,REAL,2703308905,479,2703309384,2703309384
2025-06-19 05:13:06,REAL,2703309384,489,2703309873,2703309873
2025-06-19 05:13:08,REAL,2703309873,484,2703310357,2703310357
2025-06-19 05:13:10,REAL,2703310357,480,2703310837,2703310837
2025-06-19 05:13:12,REAL,2703310837,489,2703311326,2703311326
2025-06-19 05:13:14,REAL,2703311326,483,2703311809,2703311809
2025-06-19 05:13:16,REAL,2703311809,538,2703312347,2703312347
2025-06-19 05:13:18,REAL,2703312347,484,2703312831,2703312831
2025-06-19 05:13:20,REAL,2703312831,486,2703313317,2703313317
2025-06-19 05:13:22,REAL,2703313317,477,2703313794,2703313794
2025-06-19 05:13:24,REAL,2703313794,482,2703314276,2703314276
2025-06-19 05:13:26,REAL,2703314276,489,2703314765,2703314765
2025-06-19 05:13:28,REAL,2703314765,481,2703315246,2703315246
2025-06-19 05:13:30,REAL,2703315246,475,2703315721,2703315721
2025-06-19 05:13:32,REAL,2703315721,482,2703316203,2703316203
2025-06-19 05:13:34,REAL,2703316203,482,2703316685,2703316685
2025-06-19 05:13:36,REAL,2703316685,489,2703317174,2703317174
2025-06-19 05:13:38,REAL,2703317174,483,2703317657,2703317657
2025-06-19 05:13:40,REAL,2703317657,494,2703318151,2703318151
2025-06-19 05:13:42,REAL,2703318151,543,2703318694,2703318694
2025-06-19 05:13:44,REAL,2703318694,485,2703319179,2703319179
2025-06-19 05:13:46,REAL,2703319179,550,2703319729,2703319729
2025-06-19 05:13:48,REAL,2703319729,478,2703320207,2703320207
2025-06-19 05:13:50,REAL,2703320207,474,2703320681,2703320681
2025-06-19 05:13:52,REAL,2703320681,483,2703321164,2703321164
2025-06-19 05:13:54,REAL,2703321164,481,2703321645,2703321645
2025-06-19 05:13:56,REAL,2703321645,477,2703322122,2703322122
2025-06-19 05:13:58,REAL,2703322122,483,2703322605,2703322605
2025-06-19 05:14:00,REAL,2703322605,485,2703323090,2703323090
2025-06-19 05:14:02,REAL,2703323090,483,2703323573,2703323573
2025-06-19 05:14:04,REAL,2703323573,494,2703324067,2703324067
2025-06-19 05:14:06,REAL,2703324067,486,2703324553,2703324553
2025-06-19 05:14:08,REAL,2703324553,490,2703325043,2703325043
2025-06-19 05:14:10,REAL,2703325043,482,2703325525,2703325525
2025-06-19 05:14:12,REAL,2703325525,482,2703326007,2703326007
2025-06-19 05:14:14,REAL,2703326007,477,2703326484,2703326484
2025-06-19 05:14:16,REAL,2703326484,485,2703326969,2703326969
2025-06-19 05:14:18,REAL,2703326969,536,2703327505,2703327505
2025-06-19 05:14:20,REAL,2703327505,490,2703327995,2703327995
2025-06-19 05:14:22,REAL,2703327995,488,2703328483,2703328483
2025-06-19 05:14:24,REAL,2703328483,484,2703328967,2703328967
2025-06-19 05:14:26,REAL,2703328967,484,2703329451,2703329451
2025-06-19 05:14:28,REAL,2703329451,546,2703329997,2703329997
2025-06-19 05:14:30,REAL,2703329997,479,2703330476,2703330476
2025-06-19 05:14:32,REAL,2703330476,481,2703330957,2703330957
2025-06-19 05:14:34,REAL,2703330957,477,2703331434,2703331434
2025-06-19 05:14:36,REAL,2703331434,482,2703331916,2703331916
2025-06-19 05:14:38,REAL,2703331916,481,2703332397,2703332397
2025-06-19 05:14:40,REAL,2703332397,487,2703332884,2703332884
2025-06-19 05:14:42,REAL,2703332884,493,2703333377,2703333377
2025-06-19 05:14:44,REAL,2703333377,480,2703333857,2703333857
2025-06-19 05:14:46,REAL,2703333857,485,2703334342,2703334342
2025-06-19 05:14:48,REAL,2703334342,544,2703334886,2703334886
2025-06-19 05:14:50,REAL,2703334886,482,2703335368,2703335368
2025-06-19 05:14:52,REAL,2703335368,478,2703335846,2703335846
2025-06-19 05:14:54,REAL,2703335846,489,2703336335,2703336335
2025-06-19 05:14:56,REAL,2703336335,489,2703336824,2703336824
2025-06-19 05:14:58,REAL,2703336824,476,2703337300,2703337300
2025-06-19 05:15:00,REAL,2703337300,489,2703337789,2703337789
2025-06-19 05:15:02,REAL,2703337789,484,2703338273,2703338273
2025-06-19 05:15:04,REAL,2703338273,482,2703338755,2703338755
2025-06-19 05:15:06,REAL,2703338755,2610,2703341365,2703341365
2025-06-19 05:15:08,REAL,2703341365,14995,2703356360,2703356360
2025-06-19 05:15:10,REAL,2703356360,10312,2703366672,2703366672
2025-06-19 05:15:12,REAL,2703366672,10250,2703376922,2703376922
2025-06-19 05:15:14,REAL,2703376922,10243,2703387165,2703387165
2025-06-19 05:15:16,REAL,2703387165,10303,2703397468,2703397468
2025-06-19 05:15:18,REAL,2703397468,10316,2703407784,2703407784
2025-06-19 05:15:20,REAL,2703407784,10252,2703418036,2703418036
2025-06-19 05:15:22,REAL,2703418036,3515,2703421551,2703421551
2025-06-19 05:15:24,REAL,2703421551,481,2703422032,2703422032
2025-06-19 05:15:26,REAL,2703422032,486,2703422518,2703422518
2025-06-19 05:15:28,REAL,2703422518,485,2703423003,2703423003
2025-06-19 05:15:30,REAL,2703423003,482,2703423485,2703423485
2025-06-19 05:15:32,REAL,2703423485,482,2703423967,2703423967
2025-06-19 05:15:34,REAL,2703423967,493,2703424460,2703424460
2025-06-19 05:15:36,REAL,2703424460,541,2703425001,2703425001
2025-06-19 05:15:38,REAL,2703425001,478,2703425479,2703425479
2025-06-19 05:15:40,REAL,2703425479,486,2703425965,2703425965
2025-06-19 05:15:42,REAL,2703425965,475,2703426440,2703426440
2025-06-19 05:15:44,REAL,2703426440,482,2703426922,2703426922
2025-06-19 05:15:46,REAL,2703426922,490,2703427412,2703427412
2025-06-19 05:15:48,REAL,2703427412,492,2703427904,2703427904
2025-06-19 05:15:50,REAL,2703427904,489,2703428393,2703428393
2025-06-19 05:15:52,REAL,2703428393,478,2703428871,2703428871
2025-06-19 05:15:54,REAL,2703428871,486,2703429357,2703429357
2025-06-19 05:15:56,REAL,2703429357,485,2703429842,2703429842
2025-06-19 05:15:58,REAL,2703429842,490,2703430332,2703430332
2025-06-19 05:16:00,REAL,2703430332,487,2703430819,2703430819
2025-06-19 05:16:02,REAL,2703430819,536,2703431355,2703431355
2025-06-19 05:16:04,REAL,2703431355,484,2703431839,2703431839
2025-06-19 05:16:06,REAL,2703431839,490,2703432329,2703432329
2025-06-19 05:16:08,REAL,2703432329,538,2703432867,2703432867
2025-06-19 05:16:10,REAL,2703432867,475,2703433342,2703433342
2025-06-19 05:16:12,REAL,2703433342,484,2703433826,2703433826
2025-06-19 05:16:14,REAL,2703433826,484,2703434310,2703434310
2025-06-19 05:16:16,REAL,2703434310,482,2703434792,2703434792
2025-06-19 05:16:18,REAL,2703434792,484,2703435276,2703435276
2025-06-19 05:16:20,REAL,2703435276,484,2703435760,2703435760
2025-06-19 05:16:22,REAL,2703435760,490,2703436250,2703436250
2025-06-19 05:16:24,REAL,2703436250,491,2703436741,2703436741
2025-06-19 05:16:26,REAL,2703436741,491,2703437232,2703437232
2025-06-19 05:16:28,REAL,2703437232,480,2703437712,2703437712
2025-06-19 05:16:30,REAL,2703437712,484,2703438196,2703438196
2025-06-19 05:16:32,REAL,2703438196,540,2703438736,2703438736
2025-06-19 05:16:34,REAL,2703438736,479,2703439215,2703439215
2025-06-19 05:16:36,REAL,2703439215,476,2703439691,2703439691
2025-06-19 05:16:38,REAL,2703439691,481,2703440172,2703440172
2025-06-19 05:16:40,REAL,2703440172,484,2703440656,2703440656
2025-06-19 05:16:42,REAL,2703440656,485,2703441141,2703441141
2025-06-19 05:16:44,REAL,2703441141,492,2703441633,2703441633
2025-06-19 05:16:46,REAL,2703441633,489,2703442122,2703442122
2025-06-19 05:16:48,REAL,2703442122,482,2703442604,2703442604
2025-06-19 05:16:50,REAL,2703442604,538,2703443142,2703443142
2025-06-19 05:16:52,REAL,2703443142,488,2703443630,2703443630
2025-06-19 05:16:54,REAL,2703443630,482,2703444112,2703444112
2025-06-19 05:16:56,REAL,2703444112,547,2703444659,2703444659
2025-06-19 05:16:58,REAL,2703444659,488,2703445147,2703445147
2025-06-19 05:17:00,REAL,2703445147,484,2703445631,2703445631
2025-06-19 05:17:02,REAL,2703445631,482,2703446113,2703446113
2025-06-19 05:17:04,REAL,2703446113,476,2703446589,2703446589
2025-06-19 05:17:06,REAL,2703446589,477,2703447066,2703447066
2025-06-19 05:17:08,REAL,2703447066,5049,2703452115,2703452115
2025-06-19 05:17:10,REAL,2703452115,11178,2703463293,2703463293
2025-06-19 05:17:12,REAL,2703463293,11243,2703474536,2703474536
2025-06-19 05:17:14,REAL,2703474536,9268,2703483804,2703483804
2025-06-19 05:17:16,REAL,2703483804,10315,2703494119,2703494119
2025-06-19 05:17:18,REAL,2703494119,10253,2703504372,2703504372
2025-06-19 05:17:20,REAL,2703504372,10250,2703514622,2703514622
2025-06-19 05:17:22,REAL,2703514622,10323,2703524945,2703524945
2025-06-19 05:17:24,REAL,2703524945,1344,2703526289,2703526289
2025-06-19 05:17:26,REAL,2703526289,488,2703526777,2703526777
2025-06-19 05:17:28,REAL,2703526777,483,2703527260,2703527260
2025-06-19 05:17:30,REAL,2703527260,489,2703527749,2703527749
2025-06-19 05:17:32,REAL,2703527749,537,2703528286,2703528286
2025-06-19 05:17:34,REAL,2703528286,475,2703528761,2703528761
2025-06-19 05:17:36,REAL,2703528761,539,2703529300,2703529300
2025-06-19 05:17:38,REAL,2703529300,479,2703529779,2703529779
2025-06-19 05:17:40,REAL,2703529779,480,2703530259,2703530259
2025-06-19 05:17:42,REAL,2703530259,479,2703530738,2703530738
2025-06-19 05:17:44,REAL,2703530738,487,2703531225,2703531225
2025-06-19 05:17:46,REAL,2703531225,484,2703531709,2703531709
2025-06-19 05:17:48,REAL,2703531709,479,2703532188,2703532188
2025-06-19 05:17:50,REAL,2703532188,483,2703532671,2703532671
2025-06-19 05:17:52,REAL,2703532671,494,2703533165,2703533165
2025-06-19 05:17:54,REAL,2703533165,485,2703533650,2703533650
2025-06-19 05:17:56,REAL,2703533650,543,2703534193,2703534193
2025-06-19 05:17:58,REAL,2703534193,476,2703534669,2703534669
2025-06-19 05:18:00,REAL,2703534669,476,2703535145,2703535145
2025-06-19 05:18:02,REAL,2703535145,489,2703535634,2703535634
2025-06-19 05:18:04,REAL,2703535634,548,2703536182,2703536182
2025-06-19 05:18:06,REAL,2703536182,490,2703536672,2703536672
2025-06-19 05:18:08,REAL,2703536672,483,2703537155,2703537155
2025-06-19 05:18:10,REAL,2703537155,489,2703537644,2703537644
2025-06-19 05:18:12,REAL,2703537644,489,2703538133,2703538133
2025-06-19 05:18:14,REAL,2703538133,488,2703538621,2703538621
2025-06-19 05:18:16,REAL,2703538621,491,2703539112,2703539112
2025-06-19 05:18:18,REAL,2703539112,485,2703539597,2703539597
2025-06-19 05:18:20,REAL,2703539597,539,2703540136,2703540136
2025-06-19 05:18:22,REAL,2703540136,488,2703540624,2703540624
2025-06-19 05:18:24,REAL,2703540624,480,2703541104,2703541104
2025-06-19 05:18:26,REAL,2703541104,482,2703541586,2703541586
2025-06-19 05:18:28,REAL,2703541586,486,2703542072,2703542072
2025-06-19 05:18:30,REAL,2703542072,543,2703542615,2703542615
2025-06-19 05:18:32,REAL,2703542615,482,2703543097,2703543097
2025-06-19 05:18:34,REAL,2703543097,485,2703543582,2703543582
2025-06-19 05:18:36,REAL,2703543582,479,2703544061,2703544061
2025-06-19 05:18:38,REAL,2703544061,488,2703544549,2703544549
2025-06-19 05:18:40,REAL,2703544549,485,2703545034,2703545034
2025-06-19 05:18:42,REAL,2703545034,488,2703545522,2703545522
2025-06-19 05:18:44,REAL,2703545522,482,2703546004,2703546004
2025-06-19 05:18:46,REAL,2703546004,537,2703546541,2703546541
2025-06-19 05:18:48,REAL,2703546541,482,2703547023,2703547023
2025-06-19 05:18:50,REAL,2703547023,490,2703547513,2703547513
2025-06-19 05:18:52,REAL,2703547513,487,2703548000,2703548000
2025-06-19 05:18:54,REAL,2703548000,484,2703548484,2703548484
2025-06-19 05:18:56,REAL,2703548484,549,2703549033,2703549033
2025-06-19 05:18:58,REAL,2703549033,481,2703549514,2703549514
2025-06-19 05:19:00,REAL,2703549514,477,2703549991,2703549991
2025-06-19 05:19:02,REAL,2703549991,489,2703550480,2703550480
2025-06-19 05:19:04,REAL,2703550480,481,2703550961,2703550961
2025-06-19 05:19:06,REAL,2703550961,480,2703551441,2703551441
2025-06-19 05:19:08,REAL,2703551441,478,2703551919,2703551919
2025-06-19 05:19:10,REAL,2703551919,7807,2703559726,2703559726
2025-06-19 05:19:12,REAL,2703559726,10906,2703570632,2703570632
2025-06-19 05:19:14,REAL,2703570632,10247,2703580879,2703580879
2025-06-19 05:19:16,REAL,2703580879,10253,2703591132,2703591132
2025-06-19 05:19:18,REAL,2703591132,10318,2703601450,2703601450
2025-06-19 05:19:20,REAL,2703601450,10248,2703611698,2703611698
2025-06-19 05:19:22,REAL,2703611698,10311,2703622009,2703622009
2025-06-19 05:19:24,REAL,2703622009,9124,2703631133,2703631133
2025-06-19 05:19:26,REAL,2703631133,482,2703631615,2703631615
2025-06-19 05:19:28,REAL,2703631615,475,2703632090,2703632090
2025-06-19 05:19:30,REAL,2703632090,482,2703632572,2703632572
2025-06-19 05:19:32,REAL,2703632572,484,2703633056,2703633056
2025-06-19 05:19:34,REAL,2703633056,544,2703633600,2703633600
2025-06-19 05:19:36,REAL,2703633600,479,2703634079,2703634079
2025-06-19 05:19:38,REAL,2703634079,484,2703634563,2703634563
2025-06-19 05:19:40,REAL,2703634563,487,2703635050,2703635050
2025-06-19 05:19:42,REAL,2703635050,8411,2703643461,2703643461
2025-06-19 05:19:44,REAL,2703643461,10575,2703654036,2703654036
2025-06-19 05:19:46,REAL,2703654036,10319,2703664355,2703664355
2025-06-19 05:19:48,REAL,2703664355,10251,2703674606,2703674606
2025-06-19 05:19:50,REAL,2703674606,10383,2703684989,2703684989
2025-06-19 05:19:52,REAL,2703684989,10253,2703695242,2703695242
2025-06-19 05:19:54,REAL,2703695242,10321,2703705563,2703705563
2025-06-19 05:19:56,REAL,2703705563,8476,2703714039,2703714039
2025-06-19 05:19:58,REAL,2703714039,486,2703714525,2703714525
2025-06-19 05:20:00,REAL,2703714525,483,2703715008,2703715008
2025-06-19 05:20:02,REAL,2703715008,477,2703715485,2703715485
2025-06-19 05:20:04,REAL,2703715485,491,2703715976,2703715976
2025-06-19 05:20:06,REAL,2703715976,538,2703716514,2703716514
2025-06-19 05:20:08,REAL,2703716514,488,2703717002,2703717002
2025-06-19 05:20:10,REAL,2703717002,485,2703717487,2703717487
2025-06-19 05:20:12,REAL,2703717487,485,2703717972,2703717972
2025-06-19 05:20:14,REAL,2703717972,8937,2703726909,2703726909
2025-06-19 05:20:16,REAL,2703726909,10569,2703737478,2703737478
2025-06-19 05:20:18,REAL,2703737478,10247,2703747725,2703747725
2025-06-19 05:20:20,REAL,2703747725,10259,2703757984,2703757984
2025-06-19 05:20:22,REAL,2703757984,10319,2703768303,2703768303
2025-06-19 05:20:24,REAL,2703768303,10257,2703778560,2703778560
2025-06-19 05:20:26,REAL,2703778560,10245,2703788805,2703788805
2025-06-19 05:20:28,REAL,2703788805,7881,2703796686,2703796686
2025-06-19 05:20:30,REAL,2703796686,479,2703797165,2703797165
2025-06-19 05:20:32,REAL,2703797165,481,2703797646,2703797646
2025-06-19 05:20:34,REAL,2703797646,3531,2703801177,2703801177
2025-06-19 05:20:36,REAL,2703801177,11436,2703812613,2703812613
2025-06-19 05:20:38,REAL,2703812613,10247,2703822860,2703822860
2025-06-19 05:20:40,REAL,2703822860,10249,2703833109,2703833109
2025-06-19 05:20:42,REAL,2703833109,10312,2703843421,2703843421
2025-06-19 05:20:44,REAL,2703843421,10243,2703853664,2703853664
2025-06-19 05:20:46,REAL,2703853664,10257,2703863921,2703863921
2025-06-19 05:20:48,REAL,2703863921,10252,2703874173,2703874173
2025-06-19 05:20:50,REAL,2703874173,2731,2703876904,2703876904
2025-06-19 05:20:52,REAL,2703876904,489,2703877393,2703877393
2025-06-19 05:20:54,REAL,2703877393,492,2703877885,2703877885
2025-06-19 05:20:56,REAL,2703877885,487,2703878372,2703878372
2025-06-19 05:20:58,REAL,2703878372,542,2703878914,2703878914
2025-06-19 05:21:00,REAL,2703878914,478,2703879392,2703879392
2025-06-19 05:21:02,REAL,2703879392,482,2703879874,2703879874
2025-06-19 05:21:04,REAL,2703879874,479,2703880353,2703880353
2025-06-19 05:21:06,REAL,2703880353,478,2703880831,2703880831
2025-06-19 05:21:08,REAL,2703880831,482,2703881313,2703881313
2025-06-19 05:21:10,REAL,2703881313,536,2703881849,2703881849
2025-06-19 05:21:12,REAL,2703881849,486,2703882335,2703882335
2025-06-19 05:21:14,REAL,2703882335,477,2703882812,2703882812
2025-06-19 05:21:16,REAL,2703882812,475,2703883287,2703883287
2025-06-19 05:21:18,REAL,2703883287,482,2703883769,2703883769
2025-06-19 05:21:20,REAL,2703883769,483,2703884252,2703884252
2025-06-19 05:21:22,REAL,2703884252,477,2703884729,2703884729
2025-06-19 05:21:24,REAL,2703884729,485,2703885214,2703885214
2025-06-19 05:21:26,REAL,2703885214,483,2703885697,2703885697
2025-06-19 05:21:28,REAL,2703885697,483,2703886180,2703886180
2025-06-19 05:21:30,REAL,2703886180,481,2703886661,2703886661
2025-06-19 05:21:32,REAL,2703886661,484,2703887145,2703887145
2025-06-19 05:21:34,REAL,2703887145,480,2703887625,2703887625
2025-06-19 05:21:36,REAL,2703887625,547,2703888172,2703888172
2025-06-19 05:21:38,REAL,2703888172,4915,2703893087,2703893087
2025-06-19 05:21:40,REAL,2703893087,11036,2703904123,2703904123
2025-06-19 05:21:42,REAL,2703904123,10260,2703914383,2703914383
2025-06-19 05:21:44,REAL,2703914383,11507,2703925890,2703925890
2025-06-19 05:21:46,REAL,2703925890,8993,2703934883,2703934883
2025-06-19 05:21:48,REAL,2703934883,10250,2703945133,2703945133
2025-06-19 05:21:50,REAL,2703945133,10255,2703955388,2703955388
2025-06-19 05:21:52,REAL,2703955388,10315,2703965703,2703965703
2025-06-19 05:21:54,REAL,2703965703,1475,2703967178,2703967178
2025-06-19 05:21:56,REAL,2703967178,480,2703967658,2703967658
2025-06-19 05:21:58,REAL,2703967658,480,2703968138,2703968138
2025-06-19 05:22:00,REAL,2703968138,482,2703968620,2703968620
2025-06-19 05:22:02,REAL,2703968620,545,2703969165,2703969165
2025-06-19 05:22:04,REAL,2703969165,486,2703969651,2703969651
2025-06-19 05:22:06,REAL,2703969651,484,2703970135,2703970135
2025-06-19 05:22:08,REAL,2703970135,487,2703970622,2703970622
2025-06-19 05:22:10,REAL,2703970622,483,2703971105,2703971105
2025-06-19 05:22:12,REAL,2703971105,484,2703971589,2703971589
2025-06-19 05:22:14,REAL,2703971589,484,2703972073,2703972073
2025-06-19 05:22:16,REAL,2703972073,488,2703972561,2703972561
2025-06-19 05:22:18,REAL,2703972561,483,2703973044,2703973044
2025-06-19 05:22:20,REAL,2703973044,488,2703973532,2703973532
2025-06-19 05:22:22,REAL,2703973532,536,2703974068,2703974068
2025-06-19 05:22:24,REAL,2703974068,488,2703974556,2703974556
2025-06-19 05:22:26,REAL,2703974556,483,2703975039,2703975039
2025-06-19 05:22:28,REAL,2703975039,476,2703975515,2703975515
2025-06-19 05:22:30,REAL,2703975515,542,2703976057,2703976057
2025-06-19 05:22:32,REAL,2703976057,491,2703976548,2703976548
2025-06-19 05:22:34,REAL,2703976548,481,2703977029,2703977029
2025-06-19 05:22:36,REAL,2703977029,481,2703977510,2703977510
2025-06-19 05:22:38,REAL,2703977510,491,2703978001,2703978001
2025-06-19 05:22:40,REAL,2703978001,485,2703978486,2703978486
2025-06-19 05:22:42,REAL,2703978486,485,2703978971,2703978971
2025-06-19 05:22:44,REAL,2703978971,484,2703979455,2703979455
2025-06-19 05:22:46,REAL,2703979455,485,2703979940,2703979940
2025-06-19 05:22:48,REAL,2703979940,485,2703980425,2703980425
2025-06-19 05:22:50,REAL,2703980425,486,2703980911,2703980911
2025-06-19 05:22:52,REAL,2703980911,483,2703981394,2703981394
2025-06-19 05:22:54,REAL,2703981394,479,2703981873,2703981873
2025-06-19 05:22:56,REAL,2703981873,487,2703982360,2703982360
2025-06-19 05:22:58,REAL,2703982360,481,2703982841,2703982841
2025-06-19 05:23:00,REAL,2703982841,543,2703983384,2703983384
2025-06-19 05:23:02,REAL,2703983384,479,2703983863,2703983863
2025-06-19 05:23:04,REAL,2703983863,536,2703984399,2703984399
2025-06-19 05:23:06,REAL,2703984399,484,2703984883,2703984883
2025-06-19 05:23:08,REAL,2703984883,487,2703985370,2703985370
2025-06-19 05:23:10,REAL,2703985370,491,2703985861,2703985861
2025-06-19 05:23:12,REAL,2703985861,474,2703986335,2703986335
2025-06-19 05:23:14,REAL,2703986335,484,2703986819,2703986819
2025-06-19 05:23:16,REAL,2703986819,480,2703987299,2703987299
2025-06-19 05:23:18,REAL,2703987299,486,2703987785,2703987785
2025-06-19 05:23:20,REAL,2703987785,480,2703988265,2703988265
2025-06-19 05:23:22,REAL,2703988265,486,2703988751,2703988751
2025-06-19 05:23:24,REAL,2703988751,476,2703989227,2703989227
2025-06-19 05:23:26,REAL,2703989227,492,2703989719,2703989719
2025-06-19 05:23:28,REAL,2703989719,485,2703990204,2703990204
2025-06-19 05:23:30,REAL,2703990204,477,2703990681,2703990681
2025-06-19 05:23:32,REAL,2703990681,542,2703991223,2703991223
2025-06-19 05:23:34,REAL,2703991223,484,2703991707,2703991707
2025-06-19 05:23:36,REAL,2703991707,494,2703992201,2703992201
2025-06-19 05:23:38,REAL,2703992201,486,2703992687,2703992687
2025-06-19 05:23:40,REAL,2703992687,485,2703993172,2703993172
2025-06-19 05:23:42,REAL,2703993172,486,2703993658,2703993658
2025-06-19 05:23:44,REAL,2703993658,478,2703994136,2703994136
2025-06-19 05:23:46,REAL,2703994136,486,2703994622,2703994622
2025-06-19 05:23:48,REAL,2703994622,541,2703995163,2703995163
2025-06-19 05:23:50,REAL,2703995163,491,2703995654,2703995654
2025-06-19 05:23:52,REAL,2703995654,485,2703996139,2703996139
2025-06-19 05:23:54,REAL,2703996139,491,2703996630,2703996630
2025-06-19 05:23:56,REAL,2703996630,481,2703997111,2703997111
2025-06-19 05:23:58,REAL,2703997111,483,2703997594,2703997594
2025-06-19 05:24:00,REAL,2703997594,2215,2703999809,2703999809
2025-06-19 05:24:02,REAL,2703999809,11762,2704011571,2704011571
2025-06-19 05:24:04,REAL,2704011571,10247,2704021818,2704021818
2025-06-19 05:24:06,REAL,2704021818,10247,2704032065,2704032065
2025-06-19 05:24:08,REAL,2704032065,10318,2704042383,2704042383
2025-06-19 05:24:10,REAL,2704042383,10245,2704052628,2704052628
2025-06-19 05:24:12,REAL,2704052628,10251,2704062879,2704062879
2025-06-19 05:24:14,REAL,2704062879,10310,2704073189,2704073189
2025-06-19 05:24:16,REAL,2704073189,3922,2704077111,2704077111
2025-06-19 05:24:18,REAL,2704077111,487,2704077598,2704077598
2025-06-19 05:24:20,REAL,2704077598,492,2704078090,2704078090
2025-06-19 05:24:22,REAL,2704078090,486,2704078576,2704078576
2025-06-19 05:24:24,REAL,2704078576,485,2704079061,2704079061
2025-06-19 05:24:26,REAL,2704079061,483,2704079544,2704079544
2025-06-19 05:24:28,REAL,2704079544,486,2704080030,2704080030
2025-06-19 05:24:30,REAL,2704080030,488,2704080518,2704080518
2025-06-19 05:24:32,REAL,2704080518,539,2704081057,2704081057
2025-06-19 05:24:34,REAL,2704081057,480,2704081537,2704081537
2025-06-19 05:24:36,REAL,2704081537,489,2704082026,2704082026
2025-06-19 05:24:38,REAL,2704082026,480,2704082506,2704082506
2025-06-19 05:24:40,REAL,2704082506,486,2704082992,2704082992
2025-06-19 05:24:42,REAL,2704082992,489,2704083481,2704083481
2025-06-19 05:24:44,REAL,2704083481,544,2704084025,2704084025
2025-06-19 05:24:46,REAL,2704084025,486,2704084511,2704084511
2025-06-19 05:24:48,REAL,2704084511,490,2704085001,2704085001
2025-06-19 05:24:50,REAL,2704085001,482,2704085483,2704085483
2025-06-19 05:24:52,REAL,2704085483,482,2704085965,2704085965
2025-06-19 05:24:54,REAL,2704085965,483,2704086448,2704086448
2025-06-19 05:24:56,REAL,2704086448,486,2704086934,2704086934
2025-06-19 05:24:58,REAL,2704086934,482,2704087416,2704087416
2025-06-19 05:25:00,REAL,2704087416,480,2704087896,2704087896
2025-06-19 05:25:02,REAL,2704087896,481,2704088377,2704088377
2025-06-19 05:25:04,REAL,2704088377,535,2704088912,2704088912
2025-06-19 05:25:06,REAL,2704088912,485,2704089397,2704089397
2025-06-19 05:25:08,REAL,2704089397,492,2704089889,2704089889
2025-06-19 05:25:10,REAL,2704089889,488,2704090377,2704090377
2025-06-19 05:25:12,REAL,2704090377,484,2704090861,2704090861
2025-06-19 05:25:14,REAL,2704090861,491,2704091352,2704091352
2025-06-19 05:25:16,REAL,2704091352,486,2704091838,2704091838
2025-06-19 05:25:18,REAL,2704091838,484,2704092322,2704092322
2025-06-19 05:25:20,REAL,2704092322,483,2704092805,2704092805
2025-06-19 05:25:22,REAL,2704092805,487,2704093292,2704093292
2025-06-19 05:25:24,REAL,2704093292,481,2704093773,2704093773
2025-06-19 05:25:26,REAL,2704093773,491,2704094264,2704094264
2025-06-19 05:25:28,REAL,2704094264,483,2704094747,2704094747
2025-06-19 05:25:30,REAL,2704094747,545,2704095292,2704095292
2025-06-19 05:25:32,REAL,2704095292,479,2704095771,2704095771
2025-06-19 05:25:34,REAL,2704095771,534,2704096305,2704096305
2025-06-19 05:25:36,REAL,2704096305,4194,2704100499,2704100499
2025-06-19 05:25:38,REAL,2704100499,10843,2704111342,2704111342
2025-06-19 05:25:40,REAL,2704111342,10321,2704121663,2704121663
2025-06-19 05:25:42,REAL,2704121663,10261,2704131924,2704131924
2025-06-19 05:25:44,REAL,2704131924,10250,2704142174,2704142174
2025-06-19 05:25:46,REAL,2704142174,10258,2704152432,2704152432
2025-06-19 05:25:48,REAL,2704152432,10310,2704162742,2704162742
2025-06-19 05:25:50,REAL,2704162742,10249,2704172991,2704172991
2025-06-19 05:25:52,REAL,2704172991,2061,2704175052,2704175052
2025-06-19 05:25:54,REAL,2704175052,483,2704175535,2704175535
2025-06-19 05:25:56,REAL,2704175535,551,2704176086,2704176086
2025-06-19 05:25:58,REAL,2704176086,484,2704176570,2704176570
2025-06-19 05:26:00,REAL,2704176570,487,2704177057,2704177057
2025-06-19 05:26:02,REAL,2704177057,475,2704177532,2704177532
2025-06-19 05:26:04,REAL,2704177532,548,2704178080,2704178080
2025-06-19 05:26:06,REAL,2704178080,484,2704178564,2704178564
2025-06-19 05:26:08,REAL,2704178564,5238,2704183802,2704183802
2025-06-19 05:26:10,REAL,2704183802,11505,2704195307,2704195307
2025-06-19 05:26:12,REAL,2704195307,10253,2704205560,2704205560
2025-06-19 05:26:14,REAL,2704205560,10313,2704215873,2704215873
2025-06-19 05:26:16,REAL,2704215873,10778,2704226651,2704226651
2025-06-19 05:26:18,REAL,2704226651,9786,2704236437,2704236437
2025-06-19 05:26:20,REAL,2704236437,10254,2704246691,2704246691
2025-06-19 05:26:22,REAL,2704246691,10251,2704256942,2704256942
2025-06-19 05:26:24,REAL,2704256942,1477,2704258419,2704258419
2025-06-19 05:26:26,REAL,2704258419,492,2704258911,2704258911
2025-06-19 05:26:28,REAL,2704258911,479,2704259390,2704259390
2025-06-19 05:26:30,REAL,2704259390,485,2704259875,2704259875
2025-06-19 05:26:32,REAL,2704259875,481,2704260356,2704260356
2025-06-19 05:26:34,REAL,2704260356,486,2704260842,2704260842
2025-06-19 05:26:36,REAL,2704260842,534,2704261376,2704261376
2025-06-19 05:26:38,REAL,2704261376,477,2704261853,2704261853
2025-06-19 05:26:40,REAL,2704261853,478,2704262331,2704262331
2025-06-19 05:26:42,REAL,2704262331,294,2704262625,2704262625
2025-06-19 05:26:44,REAL,2704262625,485,2704263110,2704263110
2025-06-19 05:26:46,REAL,2704263110,483,2704263593,2704263593
2025-06-19 05:26:48,REAL,2704263593,484,2704264077,2704264077
2025-06-19 05:26:50,REAL,2704264077,482,2704264559,2704264559
2025-06-19 05:26:52,REAL,2704264559,486,2704265045,2704265045
2025-06-19 05:26:54,REAL,2704265045,478,2704265523,2704265523
2025-06-19 05:26:56,REAL,2704265523,482,2704266005,2704266005
2025-06-19 05:26:58,REAL,2704266005,482,2704266487,2704266487
2025-06-19 05:27:00,REAL,2704266487,484,2704266971,2704266971
2025-06-19 05:27:02,REAL,2704266971,489,2704267460,2704267460
2025-06-19 05:27:04,REAL,2704267460,478,2704267938,2704267938
2025-06-19 05:27:06,REAL,2704267938,535,2704268473,2704268473
2025-06-19 05:27:08,REAL,2704268473,490,2704268963,2704268963
2025-06-19 05:27:10,REAL,2704268963,483,2704269446,2704269446
2025-06-19 05:27:12,REAL,2704269446,534,2704269980,2704269980
2025-06-19 05:27:14,REAL,2704269980,490,2704270470,2704270470
2025-06-19 05:27:16,REAL,2704270470,477,2704270947,2704270947
2025-06-19 05:27:18,REAL,2704270947,480,2704271427,2704271427
2025-06-19 05:27:20,REAL,2704271427,479,2704271906,2704271906
2025-06-19 05:27:22,REAL,2704271906,488,2704272394,2704272394
2025-06-19 05:27:24,REAL,2704272394,475,2704272869,2704272869
2025-06-19 05:27:26,REAL,2704272869,488,2704273357,2704273357
2025-06-19 05:27:28,REAL,2704273357,481,2704273838,2704273838
2025-06-19 05:27:30,REAL,2704273838,483,2704274321,2704274321
2025-06-19 05:27:32,REAL,2704274321,479,2704274800,2704274800
2025-06-19 05:27:34,REAL,2704274800,486,2704275286,2704275286
2025-06-19 05:27:36,REAL,2704275286,481,2704275767,2704275767
2025-06-19 05:27:38,REAL,2704275767,534,2704276301,2704276301
2025-06-19 05:27:40,REAL,2704276301,540,2704276841,2704276841
2025-06-19 05:27:42,REAL,2704276841,485,2704277326,2704277326
2025-06-19 05:27:44,REAL,2704277326,485,2704277811,2704277811
2025-06-19 05:27:46,REAL,2704277811,484,2704278295,2704278295
2025-06-19 05:27:48,REAL,2704278295,483,2704278778,2704278778
2025-06-19 05:27:50,REAL,2704278778,479,2704279257,2704279257
2025-06-19 05:27:52,REAL,2704279257,479,2704279736,2704279736
2025-06-19 05:27:54,REAL,2704279736,485,2704280221,2704280221
2025-06-19 05:27:56,REAL,2704280221,490,2704280711,2704280711
2025-06-19 05:27:58,REAL,2704280711,480,2704281191,2704281191
2025-06-19 05:28:00,REAL,2704281191,488,2704281679,2704281679
2025-06-19 05:28:02,REAL,2704281679,484,2704282163,2704282163
2025-06-19 05:28:04,REAL,2704282163,484,2704282647,2704282647
2025-06-19 05:28:06,REAL,2704282647,484,2704283131,2704283131
2025-06-19 05:28:08,REAL,2704283131,480,2704283611,2704283611
2025-06-19 05:28:10,REAL,2704283611,591,2704284202,2704284202
2025-06-19 05:28:12,REAL,2704284202,487,2704284689,2704284689
2025-06-19 05:28:14,REAL,2704284689,487,2704285176,2704285176
2025-06-19 05:28:16,REAL,2704285176,491,2704285667,2704285667
2025-06-19 05:28:18,REAL,2704285667,484,2704286151,2704286151
2025-06-19 05:28:20,REAL,2704286151,487,2704286638,2704286638
2025-06-19 05:28:22,REAL,2704286638,485,2704287123,2704287123
2025-06-19 05:28:24,REAL,2704287123,476,2704287599,2704287599
2025-06-19 05:28:26,REAL,2704287599,488,2704288087,2704288087
2025-06-19 05:28:28,REAL,2704288087,487,2704288574,2704288574
2025-06-19 05:28:30,REAL,2704288574,482,2704289056,2704289056
2025-06-19 05:28:32,REAL,2704289056,494,2704289550,2704289550
2025-06-19 05:28:34,REAL,2704289550,483,2704290033,2704290033
2025-06-19 05:28:36,REAL,2704290033,483,2704290516,2704290516
2025-06-19 05:28:38,REAL,2704290516,486,2704291002,2704291002
2025-06-19 05:28:40,REAL,2704291002,542,2704291544,2704291544
2025-06-19 05:28:42,REAL,2704291544,532,2704292076,2704292076
2025-06-19 05:28:44,REAL,2704292076,482,2704292558,2704292558
2025-06-19 05:28:46,REAL,2704292558,487,2704293045,2704293045
2025-06-19 05:28:48,REAL,2704293045,490,2704293535,2704293535
2025-06-19 05:28:50,REAL,2704293535,492,2704294027,2704294027
2025-06-19 05:28:52,REAL,2704294027,483,2704294510,2704294510
2025-06-19 05:28:54,REAL,2704294510,482,2704294992,2704294992
2025-06-19 05:28:56,REAL,2704294992,484,2704295476,2704295476
2025-06-19 05:28:58,REAL,2704295476,475,2704295951,2704295951
2025-06-19 05:29:00,REAL,2704295951,475,2704296426,2704296426
2025-06-19 05:29:02,REAL,2704296426,485,2704296911,2704296911
2025-06-19 05:29:04,REAL,2704296911,486,2704297397,2704297397
2025-06-19 05:29:06,REAL,2704297397,478,2704297875,2704297875
2025-06-19 05:29:08,REAL,2704297875,539,2704298414,2704298414
2025-06-19 05:29:10,REAL,2704298414,480,2704298894,2704298894
2025-06-19 05:29:12,REAL,2704298894,482,2704299376,2704299376
2025-06-19 05:29:14,REAL,2704299376,479,2704299855,2704299855
2025-06-19 05:29:16,REAL,2704299855,546,2704300401,2704300401
2025-06-19 05:29:18,REAL,2704300401,483,2704300884,2704300884
2025-06-19 05:29:20,REAL,2704300884,475,2704301359,2704301359
2025-06-19 05:29:22,REAL,2704301359,488,2704301847,2704301847
2025-06-19 05:29:24,REAL,2704301847,481,2704302328,2704302328
2025-06-19 05:29:26,REAL,2704302328,487,2704302815,2704302815
2025-06-19 05:29:28,REAL,2704302815,485,2704303300,2704303300
2025-06-19 05:29:30,REAL,2704303300,479,2704303779,2704303779
2025-06-19 05:29:32,REAL,2704303779,488,2704304267,2704304267
2025-06-19 05:29:34,REAL,2704304267,484,2704304751,2704304751
2025-06-19 05:29:36,REAL,2704304751,490,2704305241,2704305241
2025-06-19 05:29:38,REAL,2704305241,531,2704305772,2704305772
2025-06-19 05:29:40,REAL,2704305772,486,2704306258,2704306258
2025-06-19 05:29:42,REAL,2704306258,484,2704306742,2704306742
2025-06-19 05:29:44,REAL,2704306742,486,2704307228,2704307228
2025-06-19 05:29:46,REAL,2704307228,488,2704307716,2704307716
2025-06-19 05:29:48,REAL,2704307716,544,2704308260,2704308260
2025-06-19 05:29:50,REAL,2704308260,487,2704308747,2704308747
2025-06-19 05:29:52,REAL,2704308747,481,2704309228,2704309228
2025-06-19 05:29:54,REAL,2704309228,491,2704309719,2704309719
2025-06-19 05:29:56,REAL,2704309719,482,2704310201,2704310201
2025-06-19 05:29:58,REAL,2704310201,489,2704310690,2704310690
2025-06-19 05:30:00,REAL,2704310690,488,2704311178,2704311178
2025-06-19 05:30:02,REAL,2704311178,481,2704311659,2704311659
2025-06-19 05:30:04,REAL,2704311659,486,2704312145,2704312145
2025-06-19 05:30:06,REAL,2704312145,477,2704312622,2704312622
2025-06-19 05:30:08,REAL,2704312622,539,2704313161,2704313161
2025-06-19 05:30:10,REAL,2704313161,482,2704313643,2704313643
2025-06-19 05:30:12,REAL,2704313643,490,2704314133,2704314133
2025-06-19 05:30:14,REAL,2704314133,485,2704314618,2704314618
2025-06-19 05:30:16,REAL,2704314618,476,2704315094,2704315094
2025-06-19 05:30:18,REAL,2704315094,10460,2704325554,2704325554
2025-06-19 05:30:20,REAL,2704325554,10634,2704336188,2704336188
2025-06-19 05:30:22,REAL,2704336188,10248,2704346436,2704346436
2025-06-19 05:30:24,REAL,2704346436,10250,2704356686,2704356686
2025-06-19 05:30:26,REAL,2704356686,10248,2704366934,2704366934
2025-06-19 05:30:28,REAL,2704366934,10318,2704377252,2704377252
2025-06-19 05:30:30,REAL,2704377252,10250,2704387502,2704387502
2025-06-19 05:30:32,REAL,2704387502,6759,2704394261,2704394261
2025-06-19 05:30:34,REAL,2704394261,488,2704394749,2704394749
2025-06-19 05:30:36,REAL,2704394749,492,2704395241,2704395241
2025-06-19 05:30:38,REAL,2704395241,489,2704395730,2704395730
2025-06-19 05:30:40,REAL,2704395730,486,2704396216,2704396216
2025-06-19 05:30:42,REAL,2704396216,478,2704396694,2704396694
2025-06-19 05:30:44,REAL,2704396694,484,2704397178,2704397178
2025-06-19 05:30:46,REAL,2704397178,538,2704397716,2704397716
2025-06-19 05:30:48,REAL,2704397716,485,2704398201,2704398201
2025-06-19 05:30:50,REAL,2704398201,480,2704398681,2704398681
2025-06-19 05:30:52,REAL,2704398681,477,2704399158,2704399158
2025-06-19 05:30:54,REAL,2704399158,6101,2704405259,2704405259
2025-06-19 05:30:56,REAL,2704405259,14018,2704419277,2704419277
2025-06-19 05:30:58,REAL,2704419277,10252,2704429529,2704429529
2025-06-19 05:31:00,REAL,2704429529,10313,2704439842,2704439842
2025-06-19 05:31:02,REAL,2704439842,10254,2704450096,2704450096
2025-06-19 05:31:04,REAL,2704450096,10317,2704460413,2704460413
2025-06-19 05:31:06,REAL,2704460413,10246,2704470659,2704470659
2025-06-19 05:31:08,REAL,2704470659,10323,2704480982,2704480982
2025-06-19 05:31:10,REAL,2704480982,1147,2704482129,2704482129
2025-06-19 05:31:12,REAL,2704482129,480,2704482609,2704482609
2025-06-19 05:31:14,REAL,2704482609,488,2704483097,2704483097
2025-06-19 05:31:16,REAL,2704483097,488,2704483585,2704483585
2025-06-19 05:31:18,REAL,2704483585,484,2704484069,2704484069
2025-06-19 05:31:20,REAL,2704484069,485,2704484554,2704484554
2025-06-19 05:31:22,REAL,2704484554,537,2704485091,2704485091
2025-06-19 05:31:24,REAL,2704485091,482,2704485573,2704485573
2025-06-19 05:31:26,REAL,2704485573,7022,2704492595,2704492595
2025-06-19 05:31:28,REAL,2704492595,11034,2704503629,2704503629
2025-06-19 05:31:30,REAL,2704503629,10249,2704513878,2704513878
2025-06-19 05:31:32,REAL,2704513878,10256,2704524134,2704524134
2025-06-19 05:31:34,REAL,2704524134,10327,2704534461,2704534461
2025-06-19 05:31:36,REAL,2704534461,10246,2704544707,2704544707
2025-06-19 05:31:38,REAL,2704544707,10247,2704554954,2704554954
2025-06-19 05:31:40,REAL,2704554954,10326,2704565280,2704565280
2025-06-19 05:31:42,REAL,2704565280,550,2704565830,2704565830
2025-06-19 05:31:44,REAL,2704565830,479,2704566309,2704566309
2025-06-19 05:31:46,REAL,2704566309,483,2704566792,2704566792
2025-06-19 05:31:48,REAL,2704566792,479,2704567271,2704567271
2025-06-19 05:31:50,REAL,2704567271,487,2704567758,2704567758
2025-06-19 05:31:52,REAL,2704567758,486,2704568244,2704568244
2025-06-19 05:31:54,REAL,2704568244,540,2704568784,2704568784
2025-06-19 05:31:56,REAL,2704568784,489,2704569273,2704569273
2025-06-19 05:31:58,REAL,2704569273,542,2704569815,2704569815
2025-06-19 05:32:00,REAL,2704569815,476,2704570291,2704570291
2025-06-19 05:32:02,REAL,2704570291,486,2704570777,2704570777
2025-06-19 05:32:04,REAL,2704570777,481,2704571258,2704571258
2025-06-19 05:32:06,REAL,2704571258,489,2704571747,2704571747
2025-06-19 05:32:08,REAL,2704571747,484,2704572231,2704572231
2025-06-19 05:32:10,REAL,2704572231,488,2704572719,2704572719
2025-06-19 05:32:12,REAL,2704572719,480,2704573199,2704573199
2025-06-19 05:32:14,REAL,2704573199,481,2704573680,2704573680
2025-06-19 05:32:16,REAL,2704573680,484,2704574164,2704574164
2025-06-19 05:32:18,REAL,2704574164,484,2704574648,2704574648
2025-06-19 05:32:20,REAL,2704574648,488,2704575136,2704575136
2025-06-19 05:32:22,REAL,2704575136,534,2704575670,2704575670
2025-06-19 05:32:24,REAL,2704575670,480,2704576150,2704576150
2025-06-19 05:32:26,REAL,2704576150,484,2704576634,2704576634
2025-06-19 05:32:28,REAL,2704576634,486,2704577120,2704577120
2025-06-19 05:32:30,REAL,2704577120,539,2704577659,2704577659
2025-06-19 05:32:32,REAL,2704577659,482,2704578141,2704578141
2025-06-19 05:32:34,REAL,2704578141,485,2704578626,2704578626
2025-06-19 05:32:36,REAL,2704578626,485,2704579111,2704579111
2025-06-19 05:32:38,REAL,2704579111,483,2704579594,2704579594
2025-06-19 05:32:40,REAL,2704579594,476,2704580070,2704580070
2025-06-19 05:32:42,REAL,2704580070,485,2704580555,2704580555
2025-06-19 05:32:44,REAL,2704580555,477,2704581032,2704581032
2025-06-19 05:32:46,REAL,2704581032,485,2704581517,2704581517
2025-06-19 05:32:48,REAL,2704581517,487,2704582004,2704582004
2025-06-19 05:32:50,REAL,2704582004,485,2704582489,2704582489
2025-06-19 05:32:52,REAL,2704582489,544,2704583033,2704583033
2025-06-19 05:32:54,REAL,2704583033,483,2704583516,2704583516
2025-06-19 05:32:56,REAL,2704583516,485,2704584001,2704584001
2025-06-19 05:32:58,REAL,2704584001,483,2704584484,2704584484
2025-06-19 05:33:00,REAL,2704584484,491,2704584975,2704584975
2025-06-19 05:33:02,REAL,2704584975,482,2704585457,2704585457
2025-06-19 05:33:04,REAL,2704585457,482,2704585939,2704585939
2025-06-19 05:33:06,REAL,2704585939,2275,2704588214,2704588214
2025-06-19 05:33:08,REAL,2704588214,12296,2704600510,2704600510
2025-06-19 05:33:10,REAL,2704600510,10253,2704610763,2704610763
2025-06-19 05:33:12,REAL,2704610763,10247,2704621010,2704621010
2025-06-19 05:33:14,REAL,2704621010,10315,2704631325,2704631325
2025-06-19 05:33:16,REAL,2704631325,10309,2704641634,2704641634
2025-06-19 05:33:18,REAL,2704641634,10252,2704651886,2704651886
2025-06-19 05:33:20,REAL,2704651886,10319,2704662205,2704662205
2025-06-19 05:33:22,REAL,2704662205,3714,2704665919,2704665919
2025-06-19 05:33:24,REAL,2704665919,492,2704666411,2704666411
2025-06-19 05:33:26,REAL,2704666411,479,2704666890,2704666890
2025-06-19 05:33:28,REAL,2704666890,493,2704667383,2704667383
2025-06-19 05:33:30,REAL,2704667383,488,2704667871,2704667871
2025-06-19 05:33:32,REAL,2704667871,478,2704668349,2704668349
2025-06-19 05:33:34,REAL,2704668349,539,2704668888,2704668888
2025-06-19 05:33:36,REAL,2704668888,492,2704669380,2704669380
2025-06-19 05:33:38,REAL,2704669380,481,2704669861,2704669861
2025-06-19 05:33:40,REAL,2704669861,484,2704670345,2704670345
2025-06-19 05:33:42,REAL,2704670345,483,2704670828,2704670828
2025-06-19 05:33:44,REAL,2704670828,491,2704671319,2704671319
2025-06-19 05:33:46,REAL,2704671319,487,2704671806,2704671806
2025-06-19 05:33:48,REAL,2704671806,480,2704672286,2704672286
2025-06-19 05:33:50,REAL,2704672286,478,2704672764,2704672764
2025-06-19 05:33:52,REAL,2704672764,480,2704673244,2704673244
2025-06-19 05:33:54,REAL,2704673244,486,2704673730,2704673730
2025-06-19 05:33:56,REAL,2704673730,488,2704674218,2704674218
2025-06-19 05:33:58,REAL,2704674218,476,2704674694,2704674694
2025-06-19 05:34:00,REAL,2704674694,541,2704675235,2704675235
2025-06-19 05:34:02,REAL,2704675235,479,2704675714,2704675714
2025-06-19 05:34:04,REAL,2704675714,539,2704676253,2704676253
2025-06-19 05:34:06,REAL,2704676253,483,2704676736,2704676736
2025-06-19 05:34:08,REAL,2704676736,488,2704677224,2704677224
2025-06-19 05:34:10,REAL,2704677224,483,2704677707,2704677707
2025-06-19 05:34:12,REAL,2704677707,487,2704678194,2704678194
2025-06-19 05:34:14,REAL,2704678194,488,2704678682,2704678682
2025-06-19 05:34:16,REAL,2704678682,478,2704679160,2704679160
2025-06-19 05:34:18,REAL,2704679160,485,2704679645,2704679645
2025-06-19 05:34:20,REAL,2704679645,488,2704680133,2704680133
2025-06-19 05:34:22,REAL,2704680133,481,2704680614,2704680614
2025-06-19 05:34:24,REAL,2704680614,478,2704681092,2704681092
2025-06-19 05:34:26,REAL,2704681092,489,2704681581,2704681581
2025-06-19 05:34:28,REAL,2704681581,491,2704682072,2704682072
2025-06-19 05:34:30,REAL,2704682072,539,2704682611,2704682611
2025-06-19 05:34:32,REAL,2704682611,476,2704683087,2704683087
2025-06-19 05:34:34,REAL,2704683087,479,2704683566,2704683566
2025-06-19 05:34:36,REAL,2704683566,480,2704684046,2704684046
2025-06-19 05:34:38,REAL,2704684046,481,2704684527,2704684527
2025-06-19 05:34:40,REAL,2704684527,484,2704685011,2704685011
2025-06-19 05:34:42,REAL,2704685011,4917,2704689928,2704689928
2025-06-19 05:34:44,REAL,2704689928,11308,2704701236,2704701236
2025-06-19 05:34:46,REAL,2704701236,10260,2704711496,2704711496
2025-06-19 05:34:48,REAL,2704711496,10252,2704721748,2704721748
2025-06-19 05:34:50,REAL,2704721748,10368,2704732116,2704732116
2025-06-19 05:34:52,REAL,2704732116,10256,2704742372,2704742372
2025-06-19 05:34:54,REAL,2704742372,10313,2704752685,2704752685
2025-06-19 05:34:56,REAL,2704752685,10248,2704762933,2704762933
2025-06-19 05:34:58,REAL,2704762933,1800,2704764733,2704764733
2025-06-19 05:35:00,REAL,2704764733,477,2704765210,2704765210
2025-06-19 05:35:02,REAL,2704765210,494,2704765704,2704765704
2025-06-19 05:35:04,REAL,2704765704,488,2704766192,2704766192
2025-06-19 05:35:06,REAL,2704766192,481,2704766673,2704766673
2025-06-19 05:35:08,REAL,2704766673,482,2704767155,2704767155
2025-06-19 05:35:10,REAL,2704767155,550,2704767705,2704767705
2025-06-19 05:35:12,REAL,2704767705,491,2704768196,2704768196
2025-06-19 05:35:14,REAL,2704768196,480,2704768676,2704768676
2025-06-19 05:35:16,REAL,2704768676,487,2704769163,2704769163
2025-06-19 05:35:18,REAL,2704769163,486,2704769649,2704769649
2025-06-19 05:35:20,REAL,2704769649,486,2704770135,2704770135
2025-06-19 05:35:22,REAL,2704770135,484,2704770619,2704770619
2025-06-19 05:35:24,REAL,2704770619,483,2704771102,2704771102
2025-06-19 05:35:26,REAL,2704771102,487,2704771589,2704771589
2025-06-19 05:35:28,REAL,2704771589,491,2704772080,2704772080
2025-06-19 05:35:30,REAL,2704772080,489,2704772569,2704772569
2025-06-19 05:35:32,REAL,2704772569,486,2704773055,2704773055
2025-06-19 05:35:34,REAL,2704773055,487,2704773542,2704773542
2025-06-19 05:35:36,REAL,2704773542,535,2704774077,2704774077
2025-06-19 05:35:38,REAL,2704774077,547,2704774624,2704774624
2025-06-19 05:35:40,REAL,2704774624,488,2704775112,2704775112
2025-06-19 05:35:42,REAL,2704775112,488,2704775600,2704775600
2025-06-19 05:35:44,REAL,2704775600,487,2704776087,2704776087
2025-06-19 05:35:46,REAL,2704776087,481,2704776568,2704776568
2025-06-19 05:35:48,REAL,2704776568,493,2704777061,2704777061
2025-06-19 05:35:50,REAL,2704777061,482,2704777543,2704777543
2025-06-19 05:35:52,REAL,2704777543,485,2704778028,2704778028
2025-06-19 05:35:54,REAL,2704778028,481,2704778509,2704778509
2025-06-19 05:35:56,REAL,2704778509,485,2704778994,2704778994
2025-06-19 05:35:58,REAL,2704778994,479,2704779473,2704779473
2025-06-19 05:36:00,REAL,2704779473,484,2704779957,2704779957
2025-06-19 05:36:02,REAL,2704779957,488,2704780445,2704780445
2025-06-19 05:36:04,REAL,2704780445,486,2704780931,2704780931
2025-06-19 05:36:06,REAL,2704780931,535,2704781466,2704781466
2025-06-19 05:36:08,REAL,2704781466,481,2704781947,2704781947
2025-06-19 05:36:10,REAL,2704781947,486,2704782433,2704782433
2025-06-19 05:36:12,REAL,2704782433,486,2704782919,2704782919
2025-06-19 05:36:14,REAL,2704782919,483,2704783402,2704783402
2025-06-19 05:36:16,REAL,2704783402,486,2704783888,2704783888
2025-06-19 05:36:18,REAL,2704783888,486,2704784374,2704784374
2025-06-19 05:36:20,REAL,2704784374,482,2704784856,2704784856
2025-06-19 05:36:22,REAL,2704784856,488,2704785344,2704785344
2025-06-19 05:36:24,REAL,2704785344,535,2704785879,2704785879
2025-06-19 05:36:26,REAL,2704785879,476,2704786355,2704786355
2025-06-19 05:36:28,REAL,2704786355,478,2704786833,2704786833
2025-06-19 05:36:30,REAL,2704786833,490,2704787323,2704787323
2025-06-19 05:36:32,REAL,2704787323,481,2704787804,2704787804
2025-06-19 05:36:34,REAL,2704787804,485,2704788289,2704788289
2025-06-19 05:36:36,REAL,2704788289,489,2704788778,2704788778
2025-06-19 05:36:38,REAL,2704788778,546,2704789324,2704789324
2025-06-19 05:36:40,REAL,2704789324,484,2704789808,2704789808
2025-06-19 05:36:42,REAL,2704789808,477,2704790285,2704790285
2025-06-19 05:36:44,REAL,2704790285,476,2704790761,2704790761
2025-06-19 05:36:46,REAL,2704790761,484,2704791245,2704791245
2025-06-19 05:36:48,REAL,2704791245,487,2704791732,2704791732
2025-06-19 05:36:50,REAL,2704791732,478,2704792210,2704792210
2025-06-19 05:36:52,REAL,2704792210,482,2704792692,2704792692
2025-06-19 05:36:54,REAL,2704792692,476,2704793168,2704793168
2025-06-19 05:36:56,REAL,2704793168,490,2704793658,2704793658
2025-06-19 05:36:58,REAL,2704793658,480,2704794138,2704794138
2025-06-19 05:37:00,REAL,2704794138,480,2704794618,2704794618
2025-06-19 05:37:02,REAL,2704794618,483,2704795101,2704795101
2025-06-19 05:37:04,REAL,2704795101,488,2704795589,2704795589
2025-06-19 05:37:06,REAL,2704795589,486,2704796075,2704796075
2025-06-19 05:37:08,REAL,2704796075,482,2704796557,2704796557
2025-06-19 05:37:10,REAL,2704796557,541,2704797098,2704797098
2025-06-19 05:37:12,REAL,2704797098,540,2704797638,2704797638
2025-06-19 05:37:14,REAL,2704797638,490,2704798128,2704798128
2025-06-19 05:37:16,REAL,2704798128,488,2704798616,2704798616
2025-06-19 05:37:18,REAL,2704798616,493,2704799109,2704799109
2025-06-19 05:37:20,REAL,2704799109,485,2704799594,2704799594
2025-06-19 05:37:22,REAL,2704799594,480,2704800074,2704800074
2025-06-19 05:37:24,REAL,2704800074,491,2704800565,2704800565
2025-06-19 05:37:26,REAL,2704800565,2536,2704803101,2704803101
2025-06-19 05:37:28,REAL,2704803101,15141,2704818242,2704818242
2025-06-19 05:37:30,REAL,2704818242,10324,2704828566,2704828566
2025-06-19 05:37:32,REAL,2704828566,10249,2704838815,2704838815
2025-06-19 05:37:34,REAL,2704838815,10257,2704849072,2704849072
2025-06-19 05:37:36,REAL,2704849072,10248,2704859320,2704859320
2025-06-19 05:37:38,REAL,2704859320,10313,2704869633,2704869633
2025-06-19 05:37:40,REAL,2704869633,10260,2704879893,2704879893
2025-06-19 05:37:42,REAL,2704879893,3524,2704883417,2704883417
2025-06-19 05:37:44,REAL,2704883417,481,2704883898,2704883898
2025-06-19 05:37:46,REAL,2704883898,492,2704884390,2704884390
2025-06-19 05:37:48,REAL,2704884390,479,2704884869,2704884869
2025-06-19 05:37:50,REAL,2704884869,484,2704885353,2704885353
2025-06-19 05:37:52,REAL,2704885353,488,2704885841,2704885841
2025-06-19 05:37:54,REAL,2704885841,482,2704886323,2704886323
2025-06-19 05:37:56,REAL,2704886323,487,2704886810,2704886810
2025-06-19 05:37:58,REAL,2704886810,3461,2704890271,2704890271
2025-06-19 05:38:00,REAL,2704890271,11697,2704901968,2704901968
2025-06-19 05:38:02,REAL,2704901968,10313,2704912281,2704912281
2025-06-19 05:38:04,REAL,2704912281,10251,2704922532,2704922532
2025-06-19 05:38:06,REAL,2704922532,10262,2704932794,2704932794
2025-06-19 05:38:08,REAL,2704932794,10252,2704943046,2704943046
2025-06-19 05:38:10,REAL,2704943046,10318,2704953364,2704953364
2025-06-19 05:38:12,REAL,2704953364,10252,2704963616,2704963616
2025-06-19 05:38:14,REAL,2704963616,2933,2704966549,2704966549
2025-06-19 05:38:16,REAL,2704966549,485,2704967034,2704967034
2025-06-19 05:38:18,REAL,2704967034,485,2704967519,2704967519
2025-06-19 05:38:20,REAL,2704967519,484,2704968003,2704968003
2025-06-19 05:38:22,REAL,2704968003,482,2704968485,2704968485
2025-06-19 05:38:24,REAL,2704968485,485,2704968970,2704968970
2025-06-19 05:38:26,REAL,2704968970,486,2704969456,2704969456
2025-06-19 05:38:28,REAL,2704969456,484,2704969940,2704969940
2025-06-19 05:38:30,REAL,2704969940,541,2704970481,2704970481
2025-06-19 05:38:32,REAL,2704970481,484,2704970965,2704970965
2025-06-19 05:38:34,REAL,2704970965,485,2704971450,2704971450
2025-06-19 05:38:36,REAL,2704971450,480,2704971930,2704971930
2025-06-19 05:38:38,REAL,2704971930,481,2704972411,2704972411
2025-06-19 05:38:40,REAL,2704972411,487,2704972898,2704972898
2025-06-19 05:38:42,REAL,2704972898,484,2704973382,2704973382
2025-06-19 05:38:44,REAL,2704973382,537,2704973919,2704973919
2025-06-19 05:38:46,REAL,2704973919,479,2704974398,2704974398
2025-06-19 05:38:48,REAL,2704974398,492,2704974890,2704974890
2025-06-19 05:38:50,REAL,2704974890,484,2704975374,2704975374
2025-06-19 05:38:52,REAL,2704975374,493,2704975867,2704975867
2025-06-19 05:38:54,REAL,2704975867,486,2704976353,2704976353
2025-06-19 05:38:56,REAL,2704976353,483,2704976836,2704976836
2025-06-19 05:38:58,REAL,2704976836,486,2704977322,2704977322
2025-06-19 05:39:00,REAL,2704977322,484,2704977806,2704977806
2025-06-19 05:39:02,REAL,2704977806,480,2704978286,2704978286
2025-06-19 05:39:04,REAL,2704978286,548,2704978834,2704978834
2025-06-19 05:39:06,REAL,2704978834,486,2704979320,2704979320
2025-06-19 05:39:08,REAL,2704979320,485,2704979805,2704979805
2025-06-19 05:39:10,REAL,2704979805,483,2704980288,2704980288
2025-06-19 05:39:12,REAL,2704980288,485,2704980773,2704980773
2025-06-19 05:39:14,REAL,2704980773,482,2704981255,2704981255
2025-06-19 05:39:16,REAL,2704981255,484,2704981739,2704981739
2025-06-19 05:39:18,REAL,2704981739,486,2704982225,2704982225
2025-06-19 05:39:20,REAL,2704982225,477,2704982702,2704982702
2025-06-19 05:39:22,REAL,2704982702,482,2704983184,2704983184
2025-06-19 05:39:24,REAL,2704983184,482,2704983666,2704983666
2025-06-19 05:39:26,REAL,2704983666,477,2704984143,2704984143
2025-06-19 05:39:28,REAL,2704984143,480,2704984623,2704984623
2025-06-19 05:39:30,REAL,2704984623,542,2704985165,2704985165
2025-06-19 05:39:32,REAL,2704985165,485,2704985650,2704985650
2025-06-19 05:39:34,REAL,2704985650,489,2704986139,2704986139
2025-06-19 05:39:36,REAL,2704986139,548,2704986687,2704986687
2025-06-19 05:39:38,REAL,2704986687,491,2704987178,2704987178
2025-06-19 05:39:40,REAL,2704987178,483,2704987661,2704987661
2025-06-19 05:39:42,REAL,2704987661,485,2704988146,2704988146
2025-06-19 05:39:44,REAL,2704988146,479,2704988625,2704988625
2025-06-19 05:39:46,REAL,2704988625,489,2704989114,2704989114
2025-06-19 05:39:48,REAL,2704989114,487,2704989601,2704989601
2025-06-19 05:39:50,REAL,2704989601,488,2704990089,2704990089
2025-06-19 05:39:52,REAL,2704990089,487,2704990576,2704990576
2025-06-19 05:39:54,REAL,2704990576,483,2704991059,2704991059
2025-06-19 05:39:56,REAL,2704991059,488,2704991547,2704991547
2025-06-19 05:39:58,REAL,2704991547,482,2704992029,2704992029
2025-06-19 05:40:00,REAL,2704992029,486,2704992515,2704992515
2025-06-19 05:40:02,REAL,2704992515,485,2704993000,2704993000
2025-06-19 05:40:04,REAL,2704993000,487,2704993487,2704993487
2025-06-19 05:40:06,REAL,2704993487,477,2704993964,2704993964
2025-06-19 05:40:08,REAL,2704993964,484,2704994448,2704994448
2025-06-19 05:40:10,REAL,2704994448,547,2704994995,2704994995
2025-06-19 05:40:12,REAL,2704994995,483,2704995478,2704995478
2025-06-19 05:40:14,REAL,2704995478,479,2704995957,2704995957
2025-06-19 05:40:16,REAL,2704995957,540,2704996497,2704996497
2025-06-19 05:40:18,REAL,2704996497,487,2704996984,2704996984
2025-06-19 05:40:20,REAL,2704996984,488,2704997472,2704997472
2025-06-19 05:40:22,REAL,2704997472,481,2704997953,2704997953
2025-06-19 05:40:24,REAL,2704997953,486,2704998439,2704998439
2025-06-19 05:40:26,REAL,2704998439,6571,2705005010,2705005010
2025-06-19 05:40:28,REAL,2705005010,10917,2705015927,2705015927
2025-06-19 05:40:30,REAL,2705015927,10254,2705026181,2705026181
2025-06-19 05:40:32,REAL,2705026181,10258,2705036439,2705036439
2025-06-19 05:40:34,REAL,2705036439,10247,2705046686,2705046686
2025-06-19 05:40:36,REAL,2705046686,10251,2705056937,2705056937
2025-06-19 05:40:38,REAL,2705056937,10251,2705067188,2705067188
2025-06-19 05:40:40,REAL,2705067188,10187,2705077375,2705077375
2025-06-19 05:40:42,REAL,2705077375,490,2705077865,2705077865
2025-06-19 05:40:44,REAL,2705077865,482,2705078347,2705078347
2025-06-19 05:40:46,REAL,2705078347,484,2705078831,2705078831
2025-06-19 05:40:48,REAL,2705078831,481,2705079312,2705079312
2025-06-19 05:40:50,REAL,2705079312,480,2705079792,2705079792
2025-06-19 05:40:52,REAL,2705079792,480,2705080272,2705080272
2025-06-19 05:40:54,REAL,2705080272,478,2705080750,2705080750
2025-06-19 05:40:56,REAL,2705080750,482,2705081232,2705081232
2025-06-19 05:40:58,REAL,2705081232,7081,2705088313,2705088313
2025-06-19 05:41:00,REAL,2705088313,11171,2705099484,2705099484
2025-06-19 05:41:02,REAL,2705099484,10246,2705109730,2705109730
2025-06-19 05:41:04,REAL,2705109730,10248,2705119978,2705119978
2025-06-19 05:41:06,REAL,2705119978,10313,2705130291,2705130291
2025-06-19 05:41:08,REAL,2705130291,10252,2705140543,2705140543
2025-06-19 05:41:10,REAL,2705140543,10323,2705150866,2705150866
2025-06-19 05:41:12,REAL,2705150866,9522,2705160388,2705160388
2025-06-19 05:41:14,REAL,2705160388,487,2705160875,2705160875
2025-06-19 05:41:16,REAL,2705160875,485,2705161360,2705161360
2025-06-19 05:41:18,REAL,2705161360,489,2705161849,2705161849
2025-06-19 05:41:20,REAL,2705161849,483,2705162332,2705162332
2025-06-19 05:41:22,REAL,2705162332,480,2705162812,2705162812
2025-06-19 05:41:24,REAL,2705162812,489,2705163301,2705163301
2025-06-19 05:41:26,REAL,2705163301,484,2705163785,2705163785
2025-06-19 05:41:28,REAL,2705163785,488,2705164273,2705164273
2025-06-19 05:41:30,REAL,2705164273,7757,2705172030,2705172030
2025-06-19 05:41:32,REAL,2705172030,10712,2705182742,2705182742
2025-06-19 05:41:34,REAL,2705182742,10250,2705192992,2705192992
2025-06-19 05:41:36,REAL,2705192992,10252,2705203244,2705203244
2025-06-19 05:41:38,REAL,2705203244,10320,2705213564,2705213564
2025-06-19 05:41:40,REAL,2705213564,10252,2705223816,2705223816
2025-06-19 05:41:42,REAL,2705223816,10248,2705234064,2705234064
2025-06-19 05:41:44,REAL,2705234064,8924,2705242988,2705242988
2025-06-19 05:41:46,REAL,2705242988,537,2705243525,2705243525
2025-06-19 05:41:48,REAL,2705243525,481,2705244006,2705244006
2025-06-19 05:41:50,REAL,2705244006,2411,2705246417,2705246417
2025-06-19 05:41:52,REAL,2705246417,15342,2705261759,2705261759
2025-06-19 05:41:54,REAL,2705261759,10243,2705272002,2705272002
2025-06-19 05:41:56,REAL,2705272002,10314,2705282316,2705282316
2025-06-19 05:41:58,REAL,2705282316,10252,2705292568,2705292568
2025-06-19 05:42:00,REAL,2705292568,10316,2705302884,2705302884
2025-06-19 05:42:02,REAL,2705302884,10248,2705313132,2705313132
2025-06-19 05:42:04,REAL,2705313132,10250,2705323382,2705323382
2025-06-19 05:42:06,REAL,2705323382,3718,2705327100,2705327100
2025-06-19 05:42:08,REAL,2705327100,481,2705327581,2705327581
2025-06-19 05:42:10,REAL,2705327581,479,2705328060,2705328060
2025-06-19 05:42:12,REAL,2705328060,476,2705328536,2705328536
2025-06-19 05:42:14,REAL,2705328536,480,2705329016,2705329016
2025-06-19 05:42:16,REAL,2705329016,476,2705329492,2705329492
2025-06-19 05:42:18,REAL,2705329492,478,2705329970,2705329970
2025-06-19 05:42:20,REAL,2705329970,478,2705330448,2705330448
2025-06-19 05:42:22,REAL,2705330448,3201,2705333649,2705333649
2025-06-19 05:42:24,REAL,2705333649,11701,2705345350,2705345350
2025-06-19 05:42:26,REAL,2705345350,10250,2705355600,2705355600
2025-06-19 05:42:28,REAL,2705355600,10317,2705365917,2705365917
2025-06-19 05:42:30,REAL,2705365917,10315,2705376232,2705376232
2025-06-19 05:42:32,REAL,2705376232,10310,2705386542,2705386542
2025-06-19 05:42:34,REAL,2705386542,10253,2705396795,2705396795
2025-06-19 05:42:36,REAL,2705396795,10257,2705407052,2705407052
2025-06-19 05:42:38,REAL,2705407052,3117,2705410169,2705410169
2025-06-19 05:42:40,REAL,2705410169,486,2705410655,2705410655
2025-06-19 05:42:42,REAL,2705410655,476,2705411131,2705411131
2025-06-19 05:42:44,REAL,2705411131,483,2705411614,2705411614
2025-06-19 05:42:46,REAL,2705411614,492,2705412106,2705412106
2025-06-19 05:42:48,REAL,2705412106,483,2705412589,2705412589
2025-06-19 05:42:50,REAL,2705412589,486,2705413075,2705413075
2025-06-19 05:42:52,REAL,2705413075,485,2705413560,2705413560
2025-06-19 05:42:54,REAL,2705413560,4121,2705417681,2705417681
2025-06-19 05:42:56,REAL,2705417681,11705,2705429386,2705429386
2025-06-19 05:42:58,REAL,2705429386,10247,2705439633,2705439633
2025-06-19 05:43:00,REAL,2705439633,10249,2705449882,2705449882
2025-06-19 05:43:02,REAL,2705449882,10316,2705460198,2705460198
2025-06-19 05:43:04,REAL,2705460198,10249,2705470447,2705470447
2025-06-19 05:43:06,REAL,2705470447,10243,2705480690,2705480690
2025-06-19 05:43:08,REAL,2705480690,10249,2705490939,2705490939
2025-06-19 05:43:10,REAL,2705490939,2463,2705493402,2705493402
2025-06-19 05:43:12,REAL,2705493402,486,2705493888,2705493888
2025-06-19 05:43:14,REAL,2705493888,484,2705494372,2705494372
2025-06-19 05:43:16,REAL,2705494372,544,2705494916,2705494916
2025-06-19 05:43:18,REAL,2705494916,483,2705495399,2705495399
2025-06-19 05:43:20,REAL,2705495399,491,2705495890,2705495890
2025-06-19 05:43:22,REAL,2705495890,482,2705496372,2705496372
2025-06-19 05:43:24,REAL,2705496372,493,2705496865,2705496865
2025-06-19 05:43:26,REAL,2705496865,4649,2705501514,2705501514
2025-06-19 05:43:28,REAL,2705501514,10938,2705512452,2705512452
2025-06-19 05:43:30,REAL,2705512452,10246,2705522698,2705522698
2025-06-19 05:43:32,REAL,2705522698,10318,2705533016,2705533016
2025-06-19 05:43:34,REAL,2705533016,10249,2705543265,2705543265
2025-06-19 05:43:36,REAL,2705543265,10313,2705553578,2705553578
2025-06-19 05:43:38,REAL,2705553578,10252,2705563830,2705563830
2025-06-19 05:43:40,REAL,2705563830,10323,2705574153,2705574153
2025-06-19 05:43:42,REAL,2705574153,1794,2705575947,2705575947
2025-06-19 05:43:44,REAL,2705575947,487,2705576434,2705576434
2025-06-19 05:43:46,REAL,2705576434,485,2705576919,2705576919
2025-06-19 05:43:48,REAL,2705576919,486,2705577405,2705577405
2025-06-19 05:43:50,REAL,2705577405,540,2705577945,2705577945
2025-06-19 05:43:52,REAL,2705577945,490,2705578435,2705578435
2025-06-19 05:43:54,REAL,2705578435,484,2705578919,2705578919
2025-06-19 05:43:56,REAL,2705578919,478,2705579397,2705579397
2025-06-19 05:43:58,REAL,2705579397,487,2705579884,2705579884
2025-06-19 05:44:00,REAL,2705579884,543,2705580427,2705580427
2025-06-19 05:44:02,REAL,2705580427,483,2705580910,2705580910
2025-06-19 05:44:04,REAL,2705580910,484,2705581394,2705581394
2025-06-19 05:44:06,REAL,2705581394,485,2705581879,2705581879
2025-06-19 05:44:08,REAL,2705581879,489,2705582368,2705582368
2025-06-19 05:44:10,REAL,2705582368,488,2705582856,2705582856
2025-06-19 05:44:12,REAL,2705582856,493,2705583349,2705583349
2025-06-19 05:44:14,REAL,2705583349,482,2705583831,2705583831
2025-06-19 05:44:16,REAL,2705583831,484,2705584315,2705584315
2025-06-19 05:44:18,REAL,2705584315,484,2705584799,2705584799
2025-06-19 05:44:20,REAL,2705584799,490,2705585289,2705585289
2025-06-19 05:44:22,REAL,2705585289,486,2705585775,2705585775
2025-06-19 05:44:24,REAL,2705585775,536,2705586311,2705586311
2025-06-19 05:44:26,REAL,2705586311,493,2705586804,2705586804
2025-06-19 05:44:28,REAL,2705586804,484,2705587288,2705587288
2025-06-19 05:44:30,REAL,2705587288,479,2705587767,2705587767
2025-06-19 05:44:32,REAL,2705587767,535,2705588302,2705588302
2025-06-19 05:44:34,REAL,2705588302,480,2705588782,2705588782
2025-06-19 05:44:36,REAL,2705588782,485,2705589267,2705589267
2025-06-19 05:44:38,REAL,2705589267,483,2705589750,2705589750
2025-06-19 05:44:40,REAL,2705589750,492,2705590242,2705590242
2025-06-19 05:44:42,REAL,2705590242,486,2705590728,2705590728
2025-06-19 05:44:44,REAL,2705590728,489,2705591217,2705591217
2025-06-19 05:44:46,REAL,2705591217,489,2705591706,2705591706
2025-06-19 05:44:48,REAL,2705591706,486,2705592192,2705592192
2025-06-19 05:44:50,REAL,2705592192,484,2705592676,2705592676
2025-06-19 05:44:52,REAL,2705592676,481,2705593157,2705593157
2025-06-19 05:44:54,REAL,2705593157,485,2705593642,2705593642
2025-06-19 05:44:56,REAL,2705593642,481,2705594123,2705594123
2025-06-19 05:44:58,REAL,2705594123,484,2705594607,2705594607
2025-06-19 05:45:00,REAL,2705594607,545,2705595152,2705595152
2025-06-19 05:45:02,REAL,2705595152,478,2705595630,2705595630
2025-06-19 05:45:04,REAL,2705595630,542,2705596172,2705596172
2025-06-19 05:45:06,REAL,2705596172,492,2705596664,2705596664
2025-06-19 05:45:08,REAL,2705596664,481,2705597145,2705597145
2025-06-19 05:45:10,REAL,2705597145,491,2705597636,2705597636
2025-06-19 05:45:12,REAL,2705597636,484,2705598120,2705598120
2025-06-19 05:45:14,REAL,2705598120,477,2705598597,2705598597
2025-06-19 05:45:16,REAL,2705598597,486,2705599083,2705599083
2025-06-19 05:45:18,REAL,2705599083,7234,2705606317,2705606317
2025-06-19 05:45:20,REAL,2705606317,10907,2705617224,2705617224
2025-06-19 05:45:22,REAL,2705617224,10320,2705627544,2705627544
2025-06-19 05:45:24,REAL,2705627544,10250,2705637794,2705637794
2025-06-19 05:45:26,REAL,2705637794,10256,2705648050,2705648050
2025-06-19 05:45:28,REAL,2705648050,10319,2705658369,2705658369
2025-06-19 05:45:30,REAL,2705658369,10258,2705668627,2705668627
2025-06-19 05:45:32,REAL,2705668627,9460,2705678087,2705678087
2025-06-19 05:45:34,REAL,2705678087,536,2705678623,2705678623
2025-06-19 05:45:36,REAL,2705678623,484,2705679107,2705679107
2025-06-19 05:45:38,REAL,2705679107,485,2705679592,2705679592
2025-06-19 05:45:40,REAL,2705679592,485,2705680077,2705680077
2025-06-19 05:45:42,REAL,2705680077,476,2705680553,2705680553
2025-06-19 05:45:44,REAL,2705680553,492,2705681045,2705681045
2025-06-19 05:45:46,REAL,2705681045,483,2705681528,2705681528
2025-06-19 05:45:48,REAL,2705681528,488,2705682016,2705682016
2025-06-19 05:45:50,REAL,2705682016,8293,2705690309,2705690309
2025-06-19 05:45:52,REAL,2705690309,10384,2705700693,2705700693
2025-06-19 05:45:54,REAL,2705700693,10248,2705710941,2705710941
2025-06-19 05:45:56,REAL,2705710941,10247,2705721188,2705721188
2025-06-19 05:45:58,REAL,2705721188,10259,2705731447,2705731447
2025-06-19 05:46:00,REAL,2705731447,10255,2705741702,2705741702
2025-06-19 05:46:02,REAL,2705741702,10247,2705751949,2705751949
2025-06-19 05:46:04,REAL,2705751949,8800,2705760749,2705760749
2025-06-19 05:46:06,REAL,2705760749,475,2705761224,2705761224
2025-06-19 05:46:08,REAL,2705761224,478,2705761702,2705761702
2025-06-19 05:46:10,REAL,2705761702,544,2705762246,2705762246
2025-06-19 05:46:12,REAL,2705762246,488,2705762734,2705762734
2025-06-19 05:46:14,REAL,2705762734,474,2705763208,2705763208
2025-06-19 05:46:16,REAL,2705763208,487,2705763695,2705763695
2025-06-19 05:46:18,REAL,2705763695,491,2705764186,2705764186
2025-06-19 05:46:20,REAL,2705764186,493,2705764679,2705764679
2025-06-19 05:46:22,REAL,2705764679,8677,2705773356,2705773356
2025-06-19 05:46:24,REAL,2705773356,11881,2705785237,2705785237
2025-06-19 05:46:26,REAL,2705785237,8950,2705794187,2705794187
2025-06-19 05:46:28,REAL,2705794187,10318,2705804505,2705804505
2025-06-19 05:46:30,REAL,2705804505,10259,2705814764,2705814764
2025-06-19 05:46:32,REAL,2705814764,10255,2705825019,2705825019
2025-06-19 05:46:34,REAL,2705825019,10327,2705835346,2705835346
2025-06-19 05:46:36,REAL,2705835346,8138,2705843484,2705843484
2025-06-19 05:46:38,REAL,2705843484,486,2705843970,2705843970
2025-06-19 05:46:40,REAL,2705843970,485,2705844455,2705844455
2025-06-19 05:46:42,REAL,2705844455,483,2705844938,2705844938
2025-06-19 05:46:44,REAL,2705844938,542,2705845480,2705845480
2025-06-19 05:46:46,REAL,2705845480,492,2705845972,2705845972
2025-06-19 05:46:48,REAL,2705845972,489,2705846461,2705846461
2025-06-19 05:46:50,REAL,2705846461,490,2705846951,2705846951
2025-06-19 05:46:52,REAL,2705846951,479,2705847430,2705847430
2025-06-19 05:46:54,REAL,2705847430,488,2705847918,2705847918
2025-06-19 05:46:56,REAL,2705847918,478,2705848396,2705848396
2025-06-19 05:46:58,REAL,2705848396,483,2705848879,2705848879
2025-06-19 05:47:00,REAL,2705848879,488,2705849367,2705849367
2025-06-19 05:47:02,REAL,2705849367,492,2705849859,2705849859
2025-06-19 05:47:04,REAL,2705849859,476,2705850335,2705850335
2025-06-19 05:47:06,REAL,2705850335,485,2705850820,2705850820
2025-06-19 05:47:08,REAL,2705850820,487,2705851307,2705851307
2025-06-19 05:47:10,REAL,2705851307,535,2705851842,2705851842
2025-06-19 05:47:12,REAL,2705851842,477,2705852319,2705852319
2025-06-19 05:47:14,REAL,2705852319,3784,2705856103,2705856103
2025-06-19 05:47:16,REAL,2705856103,11309,2705867412,2705867412
2025-06-19 05:47:18,REAL,2705867412,10370,2705877782,2705877782
2025-06-19 05:47:20,REAL,2705877782,10248,2705888030,2705888030
2025-06-19 05:47:22,REAL,2705888030,10251,2705898281,2705898281
2025-06-19 05:47:24,REAL,2705898281,10253,2705908534,2705908534
2025-06-19 05:47:26,REAL,2705908534,10324,2705918858,2705918858
2025-06-19 05:47:28,REAL,2705918858,10244,2705929102,2705929102
2025-06-19 05:47:30,REAL,2705929102,2464,2705931566,2705931566
2025-06-19 05:47:32,REAL,2705931566,482,2705932048,2705932048
2025-06-19 05:47:34,REAL,2705932048,484,2705932532,2705932532
2025-06-19 05:47:36,REAL,2705932532,488,2705933020,2705933020
2025-06-19 05:47:38,REAL,2705933020,488,2705933508,2705933508
2025-06-19 05:47:40,REAL,2705933508,480,2705933988,2705933988
2025-06-19 05:47:42,REAL,2705933988,482,2705934470,2705934470
2025-06-19 05:47:44,REAL,2705934470,488,2705934958,2705934958
2025-06-19 05:47:46,REAL,2705934958,4443,2705939401,2705939401
2025-06-19 05:47:48,REAL,2705939401,11244,2705950645,2705950645
2025-06-19 05:47:50,REAL,2705950645,10248,2705960893,2705960893
2025-06-19 05:47:52,REAL,2705960893,10318,2705971211,2705971211
2025-06-19 05:47:54,REAL,2705971211,10312,2705981523,2705981523
2025-06-19 05:47:56,REAL,2705981523,10314,2705991837,2705991837
2025-06-19 05:47:58,REAL,2705991837,10245,2706002082,2706002082
2025-06-19 05:48:00,REAL,2706002082,10325,2706012407,2706012407
2025-06-19 05:48:02,REAL,2706012407,1804,2706014211,2706014211
2025-06-19 05:48:04,REAL,2706014211,491,2706014702,2706014702
2025-06-19 05:48:06,REAL,2706014702,481,2706015183,2706015183
2025-06-19 05:48:08,REAL,2706015183,485,2706015668,2706015668
2025-06-19 05:48:10,REAL,2706015668,488,2706016156,2706016156
2025-06-19 05:48:12,REAL,2706016156,482,2706016638,2706016638
2025-06-19 05:48:14,REAL,2706016638,482,2706017120,2706017120
2025-06-19 05:48:16,REAL,2706017120,480,2706017600,2706017600
2025-06-19 05:48:18,REAL,2706017600,5377,2706022977,2706022977
2025-06-19 05:48:20,REAL,2706022977,11176,2706034153,2706034153
2025-06-19 05:48:22,REAL,2706034153,10247,2706044400,2706044400
2025-06-19 05:48:24,REAL,2706044400,10319,2706054719,2706054719
2025-06-19 05:48:26,REAL,2706054719,10244,2706064963,2706064963
2025-06-19 05:48:28,REAL,2706064963,10317,2706075280,2706075280
2025-06-19 05:48:30,REAL,2706075280,10255,2706085535,2706085535
2025-06-19 05:48:32,REAL,2706085535,10252,2706095787,2706095787
2025-06-19 05:48:34,REAL,2706095787,1205,2706096992,2706096992
2025-06-19 05:48:36,REAL,2706096992,479,2706097471,2706097471
2025-06-19 05:48:38,REAL,2706097471,479,2706097950,2706097950
2025-06-19 05:48:40,REAL,2706097950,11778,2706109728,2706109728
2025-06-19 05:48:42,REAL,2706109728,10249,2706119977,2706119977
2025-06-19 05:48:44,REAL,2706119977,10250,2706130227,2706130227
2025-06-19 05:48:46,REAL,2706130227,10322,2706140549,2706140549
2025-06-19 05:48:48,REAL,2706140549,10252,2706150801,2706150801
2025-06-19 05:48:50,REAL,2706150801,10256,2706161057,2706161057
2025-06-19 05:48:52,REAL,2706161057,10319,2706171376,2706171376
2025-06-19 05:48:54,REAL,2706171376,5699,2706177075,2706177075
2025-06-19 05:48:56,REAL,2706177075,484,2706177559,2706177559
2025-06-19 05:48:58,REAL,2706177559,487,2706178046,2706178046
2025-06-19 05:49:00,REAL,2706178046,482,2706178528,2706178528
2025-06-19 05:49:02,REAL,2706178528,539,2706179067,2706179067
2025-06-19 05:49:04,REAL,2706179067,487,2706179554,2706179554
2025-06-19 05:49:06,REAL,2706179554,483,2706180037,2706180037
2025-06-19 05:49:08,REAL,2706180037,479,2706180516,2706180516
2025-06-19 05:49:10,REAL,2706180516,492,2706181008,2706181008
2025-06-19 05:49:12,REAL,2706181008,483,2706181491,2706181491
2025-06-19 05:49:14,REAL,2706181491,478,2706181969,2706181969
2025-06-19 05:49:16,REAL,2706181969,486,2706182455,2706182455
2025-06-19 05:49:18,REAL,2706182455,489,2706182944,2706182944
2025-06-19 05:49:20,REAL,2706182944,489,2706183433,2706183433
2025-06-19 05:49:22,REAL,2706183433,477,2706183910,2706183910
2025-06-19 05:49:24,REAL,2706183910,492,2706184402,2706184402
2025-06-19 05:49:26,REAL,2706184402,488,2706184890,2706184890
2025-06-19 05:49:28,REAL,2706184890,535,2706185425,2706185425
2025-06-19 05:49:30,REAL,2706185425,486,2706185911,2706185911
2025-06-19 05:49:32,REAL,2706185911,485,2706186396,2706186396
2025-06-19 05:49:34,REAL,2706186396,488,2706186884,2706186884
2025-06-19 05:49:36,REAL,2706186884,481,2706187365,2706187365
2025-06-19 05:49:38,REAL,2706187365,536,2706187901,2706187901
2025-06-19 05:49:40,REAL,2706187901,482,2706188383,2706188383
2025-06-19 05:49:42,REAL,2706188383,1482,2706189865,2706189865
2025-06-19 05:49:44,REAL,2706189865,16384,2706206249,2706206249
2025-06-19 05:49:46,REAL,2706206249,10258,2706216507,2706216507
2025-06-19 05:49:48,REAL,2706216507,10250,2706226757,2706226757
2025-06-19 05:49:50,REAL,2706226757,10320,2706237077,2706237077
2025-06-19 05:49:52,REAL,2706237077,10246,2706247323,2706247323
2025-06-19 05:49:54,REAL,2706247323,10247,2706257570,2706257570
2025-06-19 05:49:56,REAL,2706257570,10320,2706267890,2706267890
2025-06-19 05:49:58,REAL,2706267890,4507,2706272397,2706272397
2025-06-19 05:50:00,REAL,2706272397,481,2706272878,2706272878
2025-06-19 05:50:02,REAL,2706272878,483,2706273361,2706273361
2025-06-19 05:50:04,REAL,2706273361,480,2706273841,2706273841
2025-06-19 05:50:06,REAL,2706273841,477,2706274318,2706274318
2025-06-19 05:50:08,REAL,2706274318,484,2706274802,2706274802
2025-06-19 05:50:10,REAL,2706274802,483,2706275285,2706275285
2025-06-19 05:50:12,REAL,2706275285,540,2706275825,2706275825
2025-06-19 05:50:14,REAL,2706275825,2274,2706278099,2706278099
2025-06-19 05:50:16,REAL,2706278099,11566,2706289665,2706289665
2025-06-19 05:50:18,REAL,2706289665,10254,2706299919,2706299919
2025-06-19 05:50:20,REAL,2706299919,10312,2706310231,2706310231
2025-06-19 05:50:22,REAL,2706310231,10251,2706320482,2706320482
2025-06-19 05:50:24,REAL,2706320482,10315,2706330797,2706330797
2025-06-19 05:50:26,REAL,2706330797,10318,2706341115,2706341115
2025-06-19 05:50:28,REAL,2706341115,10243,2706351358,2706351358
2025-06-19 05:50:30,REAL,2706351358,3847,2706355205,2706355205
2025-06-19 05:50:32,REAL,2706355205,482,2706355687,2706355687
2025-06-19 05:50:34,REAL,2706355687,483,2706356170,2706356170
2025-06-19 05:50:36,REAL,2706356170,489,2706356659,2706356659
2025-06-19 05:50:38,REAL,2706356659,487,2706357146,2706357146
2025-06-19 05:50:40,REAL,2706357146,484,2706357630,2706357630
2025-06-19 05:50:42,REAL,2706357630,484,2706358114,2706358114
2025-06-19 05:50:44,REAL,2706358114,489,2706358603,2706358603
2025-06-19 05:50:46,REAL,2706358603,485,2706359088,2706359088
2025-06-19 05:50:48,REAL,2706359088,539,2706359627,2706359627
2025-06-19 05:50:50,REAL,2706359627,483,2706360110,2706360110
2025-06-19 05:50:52,REAL,2706360110,484,2706360594,2706360594
2025-06-19 05:50:54,REAL,2706360594,476,2706361070,2706361070
2025-06-19 05:50:56,REAL,2706361070,485,2706361555,2706361555
2025-06-19 05:50:58,REAL,2706361555,483,2706362038,2706362038
2025-06-19 05:51:00,REAL,2706362038,483,2706362521,2706362521
2025-06-19 05:51:02,REAL,2706362521,542,2706363063,2706363063
2025-06-19 05:51:04,REAL,2706363063,485,2706363548,2706363548
2025-06-19 05:51:06,REAL,2706363548,490,2706364038,2706364038
2025-06-19 05:51:08,REAL,2706364038,480,2706364518,2706364518
2025-06-19 05:51:10,REAL,2706364518,475,2706364993,2706364993
2025-06-19 05:51:12,REAL,2706364993,482,2706365475,2706365475
2025-06-19 05:51:14,REAL,2706365475,485,2706365960,2706365960
2025-06-19 05:51:16,REAL,2706365960,487,2706366447,2706366447
2025-06-19 05:51:18,REAL,2706366447,491,2706366938,2706366938
2025-06-19 05:51:20,REAL,2706366938,486,2706367424,2706367424
2025-06-19 05:51:22,REAL,2706367424,535,2706367959,2706367959
2025-06-19 05:51:24,REAL,2706367959,486,2706368445,2706368445
2025-06-19 05:51:26,REAL,2706368445,476,2706368921,2706368921
2025-06-19 05:51:28,REAL,2706368921,492,2706369413,2706369413
2025-06-19 05:51:30,REAL,2706369413,488,2706369901,2706369901
2025-06-19 05:51:32,REAL,2706369901,484,2706370385,2706370385
2025-06-19 05:51:34,REAL,2706370385,488,2706370873,2706370873
2025-06-19 05:51:36,REAL,2706370873,483,2706371356,2706371356
2025-06-19 05:51:38,REAL,2706371356,484,2706371840,2706371840
2025-06-19 05:51:40,REAL,2706371840,483,2706372323,2706372323
2025-06-19 05:51:42,REAL,2706372323,484,2706372807,2706372807
2025-06-19 05:51:44,REAL,2706372807,489,2706373296,2706373296
2025-06-19 05:51:46,REAL,2706373296,478,2706373774,2706373774
2025-06-19 05:51:48,REAL,2706373774,487,2706374261,2706374261
2025-06-19 05:51:50,REAL,2706374261,485,2706374746,2706374746
2025-06-19 05:51:52,REAL,2706374746,543,2706375289,2706375289
2025-06-19 05:51:54,REAL,2706375289,489,2706375778,2706375778
2025-06-19 05:51:56,REAL,2706375778,484,2706376262,2706376262
2025-06-19 05:51:58,REAL,2706376262,539,2706376801,2706376801
2025-06-19 05:52:00,REAL,2706376801,489,2706377290,2706377290
2025-06-19 05:52:02,REAL,2706377290,481,2706377771,2706377771
2025-06-19 05:52:04,REAL,2706377771,480,2706378251,2706378251
2025-06-19 05:52:06,REAL,2706378251,481,2706378732,2706378732
2025-06-19 05:52:08,REAL,2706378732,481,2706379213,2706379213
2025-06-19 05:52:10,REAL,2706379213,484,2706379697,2706379697
2025-06-19 05:52:12,REAL,2706379697,480,2706380177,2706380177
2025-06-19 05:52:14,REAL,2706380177,483,2706380660,2706380660
2025-06-19 05:52:16,REAL,2706380660,483,2706381143,2706381143
2025-06-19 05:52:18,REAL,2706381143,474,2706381617,2706381617
2025-06-19 05:52:20,REAL,2706381617,483,2706382100,2706382100
2025-06-19 05:52:22,REAL,2706382100,489,2706382589,2706382589
2025-06-19 05:52:24,REAL,2706382589,492,2706383081,2706383081
2025-06-19 05:52:26,REAL,2706383081,486,2706383567,2706383567
2025-06-19 05:52:28,REAL,2706383567,486,2706384053,2706384053
2025-06-19 05:52:30,REAL,2706384053,484,2706384537,2706384537
2025-06-19 05:52:32,REAL,2706384537,476,2706385013,2706385013
2025-06-19 05:52:34,REAL,2706385013,550,2706385563,2706385563
2025-06-19 05:52:36,REAL,2706385563,478,2706386041,2706386041
2025-06-19 05:52:38,REAL,2706386041,539,2706386580,2706386580
2025-06-19 05:52:40,REAL,2706386580,487,2706387067,2706387067
2025-06-19 05:52:42,REAL,2706387067,476,2706387543,2706387543
2025-06-19 05:52:44,REAL,2706387543,490,2706388033,2706388033
2025-06-19 05:52:46,REAL,2706388033,482,2706388515,2706388515
2025-06-19 05:52:48,REAL,2706388515,489,2706389004,2706389004
2025-06-19 05:52:50,REAL,2706389004,481,2706389485,2706389485
2025-06-19 05:52:52,REAL,2706389485,486,2706389971,2706389971
2025-06-19 05:52:54,REAL,2706389971,483,2706390454,2706390454
2025-06-19 05:52:56,REAL,2706390454,483,2706390937,2706390937
2025-06-19 05:52:58,REAL,2706390937,483,2706391420,2706391420
2025-06-19 05:53:00,REAL,2706391420,493,2706391913,2706391913
2025-06-19 05:53:02,REAL,2706391913,481,2706392394,2706392394
2025-06-19 05:53:04,REAL,2706392394,488,2706392882,2706392882
2025-06-19 05:53:06,REAL,2706392882,484,2706393366,2706393366
2025-06-19 05:53:08,REAL,2706393366,477,2706393843,2706393843
2025-06-19 05:53:10,REAL,2706393843,540,2706394383,2706394383
2025-06-19 05:53:12,REAL,2706394383,484,2706394867,2706394867
2025-06-19 05:53:14,REAL,2706394867,489,2706395356,2706395356
2025-06-19 05:53:16,REAL,2706395356,484,2706395840,2706395840
2025-06-19 05:53:18,REAL,2706395840,491,2706396331,2706396331
2025-06-19 05:53:20,REAL,2706396331,477,2706396808,2706396808
2025-06-19 05:53:22,REAL,2706396808,487,2706397295,2706397295
2025-06-19 05:53:24,REAL,2706397295,476,2706397771,2706397771
2025-06-19 05:53:26,REAL,2706397771,545,2706398316,2706398316
2025-06-19 05:53:28,REAL,2706398316,482,2706398798,2706398798
2025-06-19 05:53:30,REAL,2706398798,488,2706399286,2706399286
2025-06-19 05:53:32,REAL,2706399286,484,2706399770,2706399770
2025-06-19 05:53:34,REAL,2706399770,476,2706400246,2706400246
2025-06-19 05:53:36,REAL,2706400246,482,2706400728,2706400728
2025-06-19 05:53:38,REAL,2706400728,489,2706401217,2706401217
2025-06-19 05:53:40,REAL,2706401217,823,2706402040,2706402040
2025-06-19 05:53:42,REAL,2706402040,14748,2706416788,2706416788
2025-06-19 05:53:44,REAL,2706416788,10254,2706427042,2706427042
2025-06-19 05:53:46,REAL,2706427042,10318,2706437360,2706437360
2025-06-19 05:53:48,REAL,2706437360,10308,2706447668,2706447668
2025-06-19 05:53:50,REAL,2706447668,10249,2706457917,2706457917
2025-06-19 05:53:52,REAL,2706457917,10251,2706468168,2706468168
2025-06-19 05:53:54,REAL,2706468168,10317,2706478485,2706478485
2025-06-19 05:53:56,REAL,2706478485,4845,2706483330,2706483330
2025-06-19 05:53:58,REAL,2706483330,482,2706483812,2706483812
2025-06-19 05:54:00,REAL,2706483812,480,2706484292,2706484292
2025-06-19 05:54:02,REAL,2706484292,485,2706484777,2706484777
2025-06-19 05:54:04,REAL,2706484777,475,2706485252,2706485252
2025-06-19 05:54:06,REAL,2706485252,478,2706485730,2706485730
2025-06-19 05:54:08,REAL,2706485730,485,2706486215,2706486215
2025-06-19 05:54:10,REAL,2706486215,487,2706486702,2706486702
2025-06-19 05:54:12,REAL,2706486702,1741,2706488443,2706488443
2025-06-19 05:54:14,REAL,2706488443,14606,2706503049,2706503049
2025-06-19 05:54:16,REAL,2706503049,10312,2706513361,2706513361
2025-06-19 05:54:18,REAL,2706513361,10248,2706523609,2706523609
2025-06-19 05:54:20,REAL,2706523609,10317,2706533926,2706533926
2025-06-19 05:54:22,REAL,2706533926,10252,2706544178,2706544178
2025-06-19 05:54:24,REAL,2706544178,10377,2706554555,2706554555
2025-06-19 05:54:26,REAL,2706554555,10261,2706564816,2706564816
2025-06-19 05:54:28,REAL,2706564816,4236,2706569052,2706569052
2025-06-19 05:54:30,REAL,2706569052,486,2706569538,2706569538
2025-06-19 05:54:32,REAL,2706569538,490,2706570028,2706570028
2025-06-19 05:54:34,REAL,2706570028,7684,2706577712,2706577712
2025-06-19 05:54:36,REAL,2706577712,10580,2706588292,2706588292
2025-06-19 05:54:38,REAL,2706588292,10254,2706598546,2706598546
2025-06-19 05:54:40,REAL,2706598546,10257,2706608803,2706608803
2025-06-19 05:54:42,REAL,2706608803,10313,2706619116,2706619116
2025-06-19 05:54:44,REAL,2706619116,10253,2706629369,2706629369
2025-06-19 05:54:46,REAL,2706629369,10255,2706639624,2706639624
2025-06-19 05:54:48,REAL,2706639624,8739,2706648363,2706648363
2025-06-19 05:54:50,REAL,2706648363,483,2706648846,2706648846
2025-06-19 05:54:52,REAL,2706648846,477,2706649323,2706649323
2025-06-19 05:54:54,REAL,2706649323,484,2706649807,2706649807
2025-06-19 05:54:56,REAL,2706649807,490,2706650297,2706650297
2025-06-19 05:54:58,REAL,2706650297,482,2706650779,2706650779
2025-06-19 05:55:00,REAL,2706650779,538,2706651317,2706651317
2025-06-19 05:55:02,REAL,2706651317,475,2706651792,2706651792
2025-06-19 05:55:04,REAL,2706651792,488,2706652280,2706652280
2025-06-19 05:55:06,REAL,2706652280,8345,2706660625,2706660625
2025-06-19 05:55:08,REAL,2706660625,10648,2706671273,2706671273
2025-06-19 05:55:10,REAL,2706671273,10252,2706681525,2706681525
2025-06-19 05:55:12,REAL,2706681525,10312,2706691837,2706691837
2025-06-19 05:55:14,REAL,2706691837,10252,2706702089,2706702089
2025-06-19 05:55:16,REAL,2706702089,10244,2706712333,2706712333
2025-06-19 05:55:18,REAL,2706712333,10257,2706722590,2706722590
2025-06-19 05:55:20,REAL,2706722590,8141,2706730731,2706730731
2025-06-19 05:55:22,REAL,2706730731,482,2706731213,2706731213
2025-06-19 05:55:24,REAL,2706731213,479,2706731692,2706731692
2025-06-19 05:55:26,REAL,2706731692,484,2706732176,2706732176
2025-06-19 05:55:28,REAL,2706732176,489,2706732665,2706732665
2025-06-19 05:55:30,REAL,2706732665,488,2706733153,2706733153
2025-06-19 05:55:32,REAL,2706733153,478,2706733631,2706733631
2025-06-19 05:55:34,REAL,2706733631,482,2706734113,2706734113
2025-06-19 05:55:36,REAL,2706734113,482,2706734595,2706734595
2025-06-19 05:55:38,REAL,2706734595,12360,2706746955,2706746955
2025-06-19 05:55:40,REAL,2706746955,11174,2706758129,2706758129
2025-06-19 05:55:42,REAL,2706758129,10315,2706768444,2706768444
2025-06-19 05:55:44,REAL,2706768444,10258,2706778702,2706778702
2025-06-19 05:55:46,REAL,2706778702,10258,2706788960,2706788960
2025-06-19 05:55:48,REAL,2706788960,10318,2706799278,2706799278
2025-06-19 05:55:50,REAL,2706799278,10243,2706809521,2706809521
2025-06-19 05:55:52,REAL,2706809521,7546,2706817067,2706817067
2025-06-19 05:55:54,REAL,2706817067,487,2706817554,2706817554
2025-06-19 05:55:56,REAL,2706817554,482,2706818036,2706818036
2025-06-19 05:55:58,REAL,2706818036,480,2706818516,2706818516
2025-06-19 05:56:00,REAL,2706818516,479,2706818995,2706818995
2025-06-19 05:56:02,REAL,2706818995,480,2706819475,2706819475
2025-06-19 05:56:04,REAL,2706819475,486,2706819961,2706819961
2025-06-19 05:56:06,REAL,2706819961,478,2706820439,2706820439
2025-06-19 05:56:08,REAL,2706820439,487,2706820926,2706820926
2025-06-19 05:56:10,REAL,2706820926,10330,2706831256,2706831256
2025-06-19 05:56:12,REAL,2706831256,10391,2706841647,2706841647
2025-06-19 05:56:14,REAL,2706841647,10301,2706851948,2706851948
2025-06-19 05:56:16,REAL,2706851948,10253,2706862201,2706862201
2025-06-19 05:56:18,REAL,2706862201,10316,2706872517,2706872517
2025-06-19 05:56:20,REAL,2706872517,10250,2706882767,2706882767
2025-06-19 05:56:22,REAL,2706882767,10252,2706893019,2706893019
2025-06-19 05:56:24,REAL,2706893019,6893,2706899912,2706899912
2025-06-19 05:56:26,REAL,2706899912,487,2706900399,2706900399
2025-06-19 05:56:28,REAL,2706900399,490,2706900889,2706900889
2025-06-19 05:56:30,REAL,2706900889,481,2706901370,2706901370
2025-06-19 05:56:32,REAL,2706901370,493,2706901863,2706901863
2025-06-19 05:56:34,REAL,2706901863,486,2706902349,2706902349
2025-06-19 05:56:36,REAL,2706902349,480,2706902829,2706902829
2025-06-19 05:56:38,REAL,2706902829,480,2706903309,2706903309
2025-06-19 05:56:40,REAL,2706903309,483,2706903792,2706903792
2025-06-19 05:56:42,REAL,2706903792,10864,2706914656,2706914656
2025-06-19 05:56:44,REAL,2706914656,10311,2706924967,2706924967
2025-06-19 05:56:46,REAL,2706924967,10247,2706935214,2706935214
2025-06-19 05:56:48,REAL,2706935214,10253,2706945467,2706945467
2025-06-19 05:56:50,REAL,2706945467,10312,2706955779,2706955779
2025-06-19 05:56:52,REAL,2706955779,10305,2706966084,2706966084
2025-06-19 05:56:54,REAL,2706966084,10249,2706976333,2706976333
2025-06-19 05:56:56,REAL,2706976333,6290,2706982623,2706982623
2025-06-19 05:56:58,REAL,2706982623,481,2706983104,2706983104
2025-06-19 05:57:00,REAL,2706983104,491,2706983595,2706983595
2025-06-19 05:57:02,REAL,2706983595,482,2706984077,2706984077
2025-06-19 05:57:04,REAL,2706984077,488,2706984565,2706984565
2025-06-19 05:57:06,REAL,2706984565,488,2706985053,2706985053
2025-06-19 05:57:08,REAL,2706985053,485,2706985538,2706985538
2025-06-19 05:57:10,REAL,2706985538,478,2706986016,2706986016
2025-06-19 05:57:12,REAL,2706986016,492,2706986508,2706986508
2025-06-19 05:57:14,REAL,2706986508,475,2706986983,2706986983
2025-06-19 05:57:16,REAL,2706986983,480,2706987463,2706987463
2025-06-19 05:57:18,REAL,2706987463,480,2706987943,2706987943
2025-06-19 05:57:20,REAL,2706987943,490,2706988433,2706988433
2025-06-19 05:57:22,REAL,2706988433,481,2706988914,2706988914
2025-06-19 05:57:24,REAL,2706988914,476,2706989390,2706989390
2025-06-19 05:57:26,REAL,2706989390,490,2706989880,2706989880
2025-06-19 05:57:28,REAL,2706989880,600,2706990480,2706990480
2025-06-19 05:57:30,REAL,2706990480,481,2706990961,2706990961
2025-06-19 05:57:32,REAL,2706990961,484,2706991445,2706991445
2025-06-19 05:57:34,REAL,2706991445,492,2706991937,2706991937
2025-06-19 05:57:36,REAL,2706991937,481,2706992418,2706992418
2025-06-19 05:57:38,REAL,2706992418,484,2706992902,2706992902
2025-06-19 05:57:40,REAL,2706992902,483,2706993385,2706993385
2025-06-19 05:57:42,REAL,2706993385,486,2706993871,2706993871
2025-06-19 05:57:44,REAL,2706993871,6306,2707000177,2707000177
2025-06-19 05:57:46,REAL,2707000177,11044,2707011221,2707011221
2025-06-19 05:57:48,REAL,2707011221,10258,2707021479,2707021479
2025-06-19 05:57:50,REAL,2707021479,10248,2707031727,2707031727
2025-06-19 05:57:52,REAL,2707031727,10316,2707042043,2707042043
2025-06-19 05:57:54,REAL,2707042043,10252,2707052295,2707052295
2025-06-19 05:57:56,REAL,2707052295,10248,2707062543,2707062543
2025-06-19 05:57:58,REAL,2707062543,10244,2707072787,2707072787
2025-06-19 05:58:00,REAL,2707072787,487,2707073274,2707073274
2025-06-19 05:58:02,REAL,2707073274,487,2707073761,2707073761
2025-06-19 05:58:04,REAL,2707073761,482,2707074243,2707074243
2025-06-19 05:58:06,REAL,2707074243,544,2707074787,2707074787
2025-06-19 05:58:08,REAL,2707074787,483,2707075270,2707075270
2025-06-19 05:58:10,REAL,2707075270,487,2707075757,2707075757
2025-06-19 05:58:12,REAL,2707075757,482,2707076239,2707076239
2025-06-19 05:58:14,REAL,2707076239,488,2707076727,2707076727
2025-06-19 05:58:16,REAL,2707076727,488,2707077215,2707077215
2025-06-19 05:58:18,REAL,2707077215,483,2707077698,2707077698
2025-06-19 05:58:20,REAL,2707077698,486,2707078184,2707078184
2025-06-19 05:58:22,REAL,2707078184,490,2707078674,2707078674
2025-06-19 05:58:24,REAL,2707078674,482,2707079156,2707079156
2025-06-19 05:58:26,REAL,2707079156,480,2707079636,2707079636
2025-06-19 05:58:28,REAL,2707079636,545,2707080181,2707080181
2025-06-19 05:58:30,REAL,2707080181,534,2707080715,2707080715
2025-06-19 05:58:32,REAL,2707080715,482,2707081197,2707081197
2025-06-19 05:58:34,REAL,2707081197,478,2707081675,2707081675
2025-06-19 05:58:36,REAL,2707081675,483,2707082158,2707082158
2025-06-19 05:58:38,REAL,2707082158,489,2707082647,2707082647
2025-06-19 05:58:40,REAL,2707082647,487,2707083134,2707083134
2025-06-19 05:58:42,REAL,2707083134,477,2707083611,2707083611
2025-06-19 05:58:44,REAL,2707083611,478,2707084089,2707084089
2025-06-19 05:58:46,REAL,2707084089,477,2707084566,2707084566
2025-06-19 05:58:48,REAL,2707084566,489,2707085055,2707085055
2025-06-19 05:58:50,REAL,2707085055,538,2707085593,2707085593
2025-06-19 05:58:52,REAL,2707085593,479,2707086072,2707086072
2025-06-19 05:58:54,REAL,2707086072,478,2707086550,2707086550
2025-06-19 05:58:56,REAL,2707086550,475,2707087025,2707087025
2025-06-19 05:58:58,REAL,2707087025,482,2707087507,2707087507
2025-06-19 05:59:00,REAL,2707087507,480,2707087987,2707087987
2025-06-19 05:59:02,REAL,2707087987,486,2707088473,2707088473
2025-06-19 05:59:04,REAL,2707088473,483,2707088956,2707088956
2025-06-19 05:59:06,REAL,2707088956,489,2707089445,2707089445
2025-06-19 05:59:08,REAL,2707089445,2142,2707091587,2707091587
2025-06-19 05:59:10,REAL,2707091587,11645,2707103232,2707103232
2025-06-19 05:59:12,REAL,2707103232,10369,2707113601,2707113601
2025-06-19 05:59:14,REAL,2707113601,10255,2707123856,2707123856
2025-06-19 05:59:16,REAL,2707123856,10249,2707134105,2707134105
2025-06-19 05:59:18,REAL,2707134105,10261,2707144366,2707144366
2025-06-19 05:59:20,REAL,2707144366,10316,2707154682,2707154682
2025-06-19 05:59:22,REAL,2707154682,10246,2707164928,2707164928
2025-06-19 05:59:24,REAL,2707164928,3914,2707168842,2707168842
2025-06-19 05:59:26,REAL,2707168842,474,2707169316,2707169316
2025-06-19 05:59:28,REAL,2707169316,476,2707169792,2707169792
2025-06-19 05:59:30,REAL,2707169792,485,2707170277,2707170277
2025-06-19 05:59:32,REAL,2707170277,487,2707170764,2707170764
2025-06-19 05:59:34,REAL,2707170764,542,2707171306,2707171306
2025-06-19 05:59:36,REAL,2707171306,484,2707171790,2707171790
2025-06-19 05:59:38,REAL,2707171790,486,2707172276,2707172276
2025-06-19 05:59:40,REAL,2707172276,488,2707172764,2707172764
2025-06-19 05:59:42,REAL,2707172764,485,2707173249,2707173249
2025-06-19 05:59:44,REAL,2707173249,486,2707173735,2707173735
2025-06-19 05:59:46,REAL,2707173735,474,2707174209,2707174209
2025-06-19 05:59:48,REAL,2707174209,484,2707174693,2707174693
2025-06-19 05:59:50,REAL,2707174693,493,2707175186,2707175186
2025-06-19 05:59:52,REAL,2707175186,486,2707175672,2707175672
2025-06-19 05:59:54,REAL,2707175672,485,2707176157,2707176157
2025-06-19 05:59:56,REAL,2707176157,596,2707176753,2707176753
2025-06-19 05:59:58,REAL,2707176753,482,2707177235,2707177235
2025-06-19 06:00:00,REAL,2707177235,488,2707177723,2707177723
2025-06-19 06:00:02,REAL,2707177723,9334,2707187057,2707187057
2025-06-19 06:00:04,REAL,2707187057,10646,2707197703,2707197703
2025-06-19 06:00:06,REAL,2707197703,10256,2707207959,2707207959
2025-06-19 06:00:08,REAL,2707207959,10326,2707218285,2707218285
2025-06-19 06:00:10,REAL,2707218285,10243,2707228528,2707228528
2025-06-19 06:00:12,REAL,2707228528,10317,2707238845,2707238845
2025-06-19 06:00:14,REAL,2707238845,10256,2707249101,2707249101
2025-06-19 06:00:16,REAL,2707249101,7872,2707256973,2707256973
2025-06-19 06:00:18,REAL,2707256973,296,2707257269,2707257269
2025-06-19 06:00:20,REAL,2707257269,491,2707257760,2707257760
2025-06-19 06:00:22,REAL,2707257760,477,2707258237,2707258237
2025-06-19 06:00:24,REAL,2707258237,485,2707258722,2707258722
2025-06-19 06:00:26,REAL,2707258722,487,2707259209,2707259209
2025-06-19 06:00:28,REAL,2707259209,485,2707259694,2707259694
2025-06-19 06:00:30,REAL,2707259694,480,2707260174,2707260174
2025-06-19 06:00:32,REAL,2707260174,483,2707260657,2707260657
2025-06-19 06:00:34,REAL,2707260657,10061,2707270718,2707270718
2025-06-19 06:00:36,REAL,2707270718,10641,2707281359,2707281359
2025-06-19 06:00:38,REAL,2707281359,10244,2707291603,2707291603
2025-06-19 06:00:40,REAL,2707291603,10309,2707301912,2707301912
2025-06-19 06:00:42,REAL,2707301912,10247,2707312159,2707312159
2025-06-19 06:00:44,REAL,2707312159,10251,2707322410,2707322410
2025-06-19 06:00:46,REAL,2707322410,10256,2707332666,2707332666
2025-06-19 06:00:48,REAL,2707332666,7281,2707339947,2707339947
2025-06-19 06:00:50,REAL,2707339947,478,2707340425,2707340425
2025-06-19 06:00:52,REAL,2707340425,484,2707340909,2707340909
2025-06-19 06:00:54,REAL,2707340909,478,2707341387,2707341387
2025-06-19 06:00:56,REAL,2707341387,489,2707341876,2707341876
2025-06-19 06:00:58,REAL,2707341876,483,2707342359,2707342359
2025-06-19 06:01:00,REAL,2707342359,480,2707342839,2707342839
2025-06-19 06:01:02,REAL,2707342839,542,2707343381,2707343381
2025-06-19 06:01:04,REAL,2707343381,487,2707343868,2707343868
2025-06-19 06:01:06,REAL,2707343868,479,2707344347,2707344347
2025-06-19 06:01:08,REAL,2707344347,478,2707344825,2707344825
2025-06-19 06:01:10,REAL,2707344825,478,2707345303,2707345303
2025-06-19 06:01:12,REAL,2707345303,475,2707345778,2707345778
2025-06-19 06:01:14,REAL,2707345778,485,2707346263,2707346263
2025-06-19 06:01:16,REAL,2707346263,492,2707346755,2707346755
2025-06-19 06:01:18,REAL,2707346755,488,2707347243,2707347243
2025-06-19 06:01:20,REAL,2707347243,492,2707347735,2707347735
2025-06-19 06:01:22,REAL,2707347735,538,2707348273,2707348273
2025-06-19 06:01:24,REAL,2707348273,537,2707348810,2707348810
2025-06-19 06:01:26,REAL,2707348810,483,2707349293,2707349293
2025-06-19 06:01:28,REAL,2707349293,487,2707349780,2707349780
2025-06-19 06:01:30,REAL,2707349780,489,2707350269,2707350269
2025-06-19 06:01:32,REAL,2707350269,475,2707350744,2707350744
2025-06-19 06:01:34,REAL,2707350744,487,2707351231,2707351231
2025-06-19 06:01:36,REAL,2707351231,485,2707351716,2707351716
2025-06-19 06:01:38,REAL,2707351716,486,2707352202,2707352202
2025-06-19 06:01:40,REAL,2707352202,479,2707352681,2707352681
2025-06-19 06:01:42,REAL,2707352681,482,2707353163,2707353163
2025-06-19 06:01:44,REAL,2707353163,536,2707353699,2707353699
2025-06-19 06:01:46,REAL,2707353699,477,2707354176,2707354176
2025-06-19 06:01:48,REAL,2707354176,485,2707354661,2707354661
2025-06-19 06:01:50,REAL,2707354661,482,2707355143,2707355143
2025-06-19 06:01:52,REAL,2707355143,483,2707355626,2707355626
2025-06-19 06:01:54,REAL,2707355626,493,2707356119,2707356119
2025-06-19 06:01:56,REAL,2707356119,484,2707356603,2707356603
2025-06-19 06:01:58,REAL,2707356603,483,2707357086,2707357086
2025-06-19 06:02:00,REAL,2707357086,483,2707357569,2707357569
2025-06-19 06:02:02,REAL,2707357569,479,2707358048,2707358048
2025-06-19 06:02:04,REAL,2707358048,481,2707358529,2707358529
2025-06-19 06:02:06,REAL,2707358529,543,2707359072,2707359072
2025-06-19 06:02:08,REAL,2707359072,538,2707359610,2707359610
2025-06-19 06:02:10,REAL,2707359610,487,2707360097,2707360097
2025-06-19 06:02:12,REAL,2707360097,485,2707360582,2707360582
2025-06-19 06:02:14,REAL,2707360582,486,2707361068,2707361068
2025-06-19 06:02:16,REAL,2707361068,487,2707361555,2707361555
2025-06-19 06:02:18,REAL,2707361555,485,2707362040,2707362040
2025-06-19 06:02:20,REAL,2707362040,480,2707362520,2707362520
2025-06-19 06:02:22,REAL,2707362520,488,2707363008,2707363008
2025-06-19 06:02:24,REAL,2707363008,482,2707363490,2707363490
2025-06-19 06:02:26,REAL,2707363490,546,2707364036,2707364036
2025-06-19 06:02:28,REAL,2707364036,483,2707364519,2707364519
2025-06-19 06:02:30,REAL,2707364519,484,2707365003,2707365003
2025-06-19 06:02:32,REAL,2707365003,484,2707365487,2707365487
2025-06-19 06:02:34,REAL,2707365487,482,2707365969,2707365969
2025-06-19 06:02:36,REAL,2707365969,483,2707366452,2707366452
2025-06-19 06:02:38,REAL,2707366452,479,2707366931,2707366931
2025-06-19 06:02:40,REAL,2707366931,477,2707367408,2707367408
2025-06-19 06:02:42,REAL,2707367408,486,2707367894,2707367894
2025-06-19 06:02:44,REAL,2707367894,491,2707368385,2707368385
2025-06-19 06:02:46,REAL,2707368385,481,2707368866,2707368866
2025-06-19 06:02:48,REAL,2707368866,541,2707369407,2707369407
2025-06-19 06:02:50,REAL,2707369407,544,2707369951,2707369951
2025-06-19 06:02:52,REAL,2707369951,484,2707370435,2707370435
2025-06-19 06:02:54,REAL,2707370435,478,2707370913,2707370913
2025-06-19 06:02:56,REAL,2707370913,486,2707371399,2707371399
2025-06-19 06:02:58,REAL,2707371399,486,2707371885,2707371885
2025-06-19 06:03:00,REAL,2707371885,482,2707372367,2707372367
2025-06-19 06:03:02,REAL,2707372367,486,2707372853,2707372853
2025-06-19 06:03:04,REAL,2707372853,477,2707373330,2707373330
2025-06-19 06:03:06,REAL,2707373330,484,2707373814,2707373814
2025-06-19 06:03:08,REAL,2707373814,484,2707374298,2707374298
2025-06-19 06:03:10,REAL,2707374298,489,2707374787,2707374787
2025-06-19 06:03:12,REAL,2707374787,489,2707375276,2707375276
2025-06-19 06:03:14,REAL,2707375276,480,2707375756,2707375756
2025-06-19 06:03:16,REAL,2707375756,482,2707376238,2707376238
2025-06-19 06:03:18,REAL,2707376238,8412,2707384650,2707384650
2025-06-19 06:03:20,REAL,2707384650,10969,2707395619,2707395619
2025-06-19 06:03:22,REAL,2707395619,10325,2707405944,2707405944
2025-06-19 06:03:24,REAL,2707405944,10251,2707416195,2707416195
2025-06-19 06:03:26,REAL,2707416195,10251,2707426446,2707426446
2025-06-19 06:03:28,REAL,2707426446,10246,2707436692,2707436692
2025-06-19 06:03:30,REAL,2707436692,10248,2707446940,2707446940
2025-06-19 06:03:32,REAL,2707446940,8932,2707455872,2707455872
2025-06-19 06:03:34,REAL,2707455872,486,2707456358,2707456358
2025-06-19 06:03:36,REAL,2707456358,480,2707456838,2707456838
2025-06-19 06:03:38,REAL,2707456838,549,2707457387,2707457387
2025-06-19 06:03:40,REAL,2707457387,479,2707457866,2707457866
2025-06-19 06:03:42,REAL,2707457866,483,2707458349,2707458349
2025-06-19 06:03:44,REAL,2707458349,483,2707458832,2707458832
2025-06-19 06:03:46,REAL,2707458832,493,2707459325,2707459325
2025-06-19 06:03:48,REAL,2707459325,491,2707459816,2707459816
2025-06-19 06:03:50,REAL,2707459816,483,2707460299,2707460299
2025-06-19 06:03:52,REAL,2707460299,482,2707460781,2707460781
2025-06-19 06:03:54,REAL,2707460781,478,2707461259,2707461259
2025-06-19 06:03:56,REAL,2707461259,486,2707461745,2707461745
2025-06-19 06:03:58,REAL,2707461745,543,2707462288,2707462288
2025-06-19 06:04:00,REAL,2707462288,482,2707462770,2707462770
2025-06-19 06:04:02,REAL,2707462770,484,2707463254,2707463254
2025-06-19 06:04:04,REAL,2707463254,484,2707463738,2707463738
2025-06-19 06:04:06,REAL,2707463738,491,2707464229,2707464229
2025-06-19 06:04:08,REAL,2707464229,481,2707464710,2707464710
2025-06-19 06:04:10,REAL,2707464710,491,2707465201,2707465201
2025-06-19 06:04:12,REAL,2707465201,475,2707465676,2707465676
2025-06-19 06:04:14,REAL,2707465676,475,2707466151,2707466151
2025-06-19 06:04:16,REAL,2707466151,490,2707466641,2707466641
2025-06-19 06:04:18,REAL,2707466641,489,2707467130,2707467130
2025-06-19 06:04:20,REAL,2707467130,481,2707467611,2707467611
2025-06-19 06:04:22,REAL,2707467611,491,2707468102,2707468102
2025-06-19 06:04:24,REAL,2707468102,489,2707468591,2707468591
2025-06-19 06:04:26,REAL,2707468591,486,2707469077,2707469077
2025-06-19 06:04:28,REAL,2707469077,544,2707469621,2707469621
2025-06-19 06:04:30,REAL,2707469621,484,2707470105,2707470105
2025-06-19 06:04:32,REAL,2707470105,482,2707470587,2707470587
2025-06-19 06:04:34,REAL,2707470587,479,2707471066,2707471066
2025-06-19 06:04:36,REAL,2707471066,488,2707471554,2707471554
2025-06-19 06:04:38,REAL,2707471554,484,2707472038,2707472038
2025-06-19 06:04:40,REAL,2707472038,543,2707472581,2707472581
2025-06-19 06:04:42,REAL,2707472581,482,2707473063,2707473063
2025-06-19 06:04:44,REAL,2707473063,483,2707473546,2707473546
2025-06-19 06:04:46,REAL,2707473546,491,2707474037,2707474037
2025-06-19 06:04:48,REAL,2707474037,493,2707474530,2707474530
2025-06-19 06:04:50,REAL,2707474530,478,2707475008,2707475008
2025-06-19 06:04:52,REAL,2707475008,489,2707475497,2707475497
2025-06-19 06:04:54,REAL,2707475497,484,2707475981,2707475981
2025-06-19 06:04:56,REAL,2707475981,493,2707476474,2707476474
2025-06-19 06:04:58,REAL,2707476474,484,2707476958,2707476958
2025-06-19 06:05:00,REAL,2707476958,482,2707477440,2707477440
2025-06-19 06:05:02,REAL,2707477440,480,2707477920,2707477920
2025-06-19 06:05:04,REAL,2707477920,475,2707478395,2707478395
2025-06-19 06:05:06,REAL,2707478395,480,2707478875,2707478875
2025-06-19 06:05:08,REAL,2707478875,488,2707479363,2707479363
2025-06-19 06:05:10,REAL,2707479363,475,2707479838,2707479838
2025-06-19 06:05:12,REAL,2707479838,483,2707480321,2707480321
2025-06-19 06:05:14,REAL,2707480321,4710,2707485031,2707485031
2025-06-19 06:05:16,REAL,2707485031,14810,2707499841,2707499841
2025-06-19 06:05:18,REAL,2707499841,10249,2707510090,2707510090
2025-06-19 06:05:20,REAL,2707510090,10376,2707520466,2707520466
2025-06-19 06:05:22,REAL,2707520466,10248,2707530714,2707530714
2025-06-19 06:05:24,REAL,2707530714,10255,2707540969,2707540969
2025-06-19 06:05:26,REAL,2707540969,10323,2707551292,2707551292
2025-06-19 06:05:28,REAL,2707551292,10245,2707561537,2707561537
2025-06-19 06:05:30,REAL,2707561537,1935,2707563472,2707563472
2025-06-19 06:05:32,REAL,2707563472,477,2707563949,2707563949
2025-06-19 06:05:34,REAL,2707563949,481,2707564430,2707564430
2025-06-19 06:05:36,REAL,2707564430,486,2707564916,2707564916
2025-06-19 06:05:38,REAL,2707564916,481,2707565397,2707565397
2025-06-19 06:05:40,REAL,2707565397,480,2707565877,2707565877
2025-06-19 06:05:42,REAL,2707565877,482,2707566359,2707566359
2025-06-19 06:05:44,REAL,2707566359,480,2707566839,2707566839
2025-06-19 06:05:46,REAL,2707566839,5244,2707572083,2707572083
2025-06-19 06:05:48,REAL,2707572083,11107,2707583190,2707583190
2025-06-19 06:05:50,REAL,2707583190,10244,2707593434,2707593434
2025-06-19 06:05:52,REAL,2707593434,10316,2707603750,2707603750
2025-06-19 06:05:54,REAL,2707603750,10251,2707614001,2707614001
2025-06-19 06:05:56,REAL,2707614001,10244,2707624245,2707624245
2025-06-19 06:05:58,REAL,2707624245,10249,2707634494,2707634494
2025-06-19 06:06:00,REAL,2707634494,10310,2707644804,2707644804
2025-06-19 06:06:02,REAL,2707644804,1346,2707646150,2707646150
2025-06-19 06:06:04,REAL,2707646150,481,2707646631,2707646631
2025-06-19 06:06:06,REAL,2707646631,476,2707647107,2707647107
2025-06-19 06:06:08,REAL,2707647107,488,2707647595,2707647595
2025-06-19 06:06:10,REAL,2707647595,540,2707648135,2707648135
2025-06-19 06:06:12,REAL,2707648135,485,2707648620,2707648620
2025-06-19 06:06:14,REAL,2707648620,479,2707649099,2707649099
2025-06-19 06:06:16,REAL,2707649099,482,2707649581,2707649581
2025-06-19 06:06:18,REAL,2707649581,6290,2707655871,2707655871
2025-06-19 06:06:20,REAL,2707655871,11174,2707667045,2707667045
2025-06-19 06:06:22,REAL,2707667045,10252,2707677297,2707677297
2025-06-19 06:06:24,REAL,2707677297,10248,2707687545,2707687545
2025-06-19 06:06:26,REAL,2707687545,10260,2707697805,2707697805
2025-06-19 06:06:28,REAL,2707697805,10251,2707708056,2707708056
2025-06-19 06:06:30,REAL,2707708056,10251,2707718307,2707718307
2025-06-19 06:06:32,REAL,2707718307,10256,2707728563,2707728563
2025-06-19 06:06:34,REAL,2707728563,678,2707729241,2707729241
2025-06-19 06:06:36,REAL,2707729241,485,2707729726,2707729726
2025-06-19 06:06:38,REAL,2707729726,483,2707730209,2707730209
2025-06-19 06:06:40,REAL,2707730209,482,2707730691,2707730691
2025-06-19 06:06:42,REAL,2707730691,487,2707731178,2707731178
2025-06-19 06:06:44,REAL,2707731178,482,2707731660,2707731660
2025-06-19 06:06:46,REAL,2707731660,483,2707732143,2707732143
2025-06-19 06:06:48,REAL,2707732143,486,2707732629,2707732629
2025-06-19 06:06:50,REAL,2707732629,7028,2707739657,2707739657
2025-06-19 06:06:52,REAL,2707739657,10975,2707750632,2707750632
2025-06-19 06:06:54,REAL,2707750632,10324,2707760956,2707760956
2025-06-19 06:06:56,REAL,2707760956,10256,2707771212,2707771212
2025-06-19 06:06:58,REAL,2707771212,10251,2707781463,2707781463
2025-06-19 06:07:00,REAL,2707781463,10373,2707791836,2707791836
2025-06-19 06:07:02,REAL,2707791836,10260,2707802096,2707802096
2025-06-19 06:07:04,REAL,2707802096,9856,2707811952,2707811952
2025-06-19 06:07:06,REAL,2707811952,484,2707812436,2707812436
2025-06-19 06:07:08,REAL,2707812436,483,2707812919,2707812919
2025-06-19 06:07:10,REAL,2707812919,483,2707813402,2707813402
2025-06-19 06:07:12,REAL,2707813402,490,2707813892,2707813892
2025-06-19 06:07:14,REAL,2707813892,483,2707814375,2707814375
2025-06-19 06:07:16,REAL,2707814375,487,2707814862,2707814862
2025-06-19 06:07:18,REAL,2707814862,481,2707815343,2707815343
2025-06-19 06:07:20,REAL,2707815343,538,2707815881,2707815881
2025-06-19 06:07:22,REAL,2707815881,7288,2707823169,2707823169
2025-06-19 06:07:24,REAL,2707823169,10919,2707834088,2707834088
2025-06-19 06:07:26,REAL,2707834088,10251,2707844339,2707844339
2025-06-19 06:07:28,REAL,2707844339,10250,2707854589,2707854589
2025-06-19 06:07:30,REAL,2707854589,10253,2707864842,2707864842
2025-06-19 06:07:32,REAL,2707864842,10257,2707875099,2707875099
2025-06-19 06:07:34,REAL,2707875099,10245,2707885344,2707885344
2025-06-19 06:07:36,REAL,2707885344,9267,2707894611,2707894611
2025-06-19 06:07:38,REAL,2707894611,487,2707895098,2707895098
2025-06-19 06:07:40,REAL,2707895098,480,2707895578,2707895578
2025-06-19 06:07:42,REAL,2707895578,481,2707896059,2707896059
2025-06-19 06:07:44,REAL,2707896059,483,2707896542,2707896542
2025-06-19 06:07:46,REAL,2707896542,484,2707897026,2707897026
2025-06-19 06:07:48,REAL,2707897026,487,2707897513,2707897513
2025-06-19 06:07:50,REAL,2707897513,533,2707898046,2707898046
2025-06-19 06:07:52,REAL,2707898046,539,2707898585,2707898585
2025-06-19 06:07:54,REAL,2707898585,7941,2707906526,2707906526
2025-06-19 06:07:56,REAL,2707906526,10783,2707917309,2707917309
2025-06-19 06:07:58,REAL,2707917309,10253,2707927562,2707927562
2025-06-19 06:08:00,REAL,2707927562,10247,2707937809,2707937809
2025-06-19 06:08:02,REAL,2707937809,10251,2707948060,2707948060
2025-06-19 06:08:04,REAL,2707948060,10247,2707958307,2707958307
2025-06-19 06:08:06,REAL,2707958307,10252,2707968559,2707968559
2025-06-19 06:08:08,REAL,2707968559,8660,2707977219,2707977219
2025-06-19 06:08:10,REAL,2707977219,482,2707977701,2707977701
2025-06-19 06:08:12,REAL,2707977701,479,2707978180,2707978180
2025-06-19 06:08:14,REAL,2707978180,481,2707978661,2707978661
2025-06-19 06:08:16,REAL,2707978661,481,2707979142,2707979142
2025-06-19 06:08:18,REAL,2707979142,483,2707979625,2707979625
2025-06-19 06:08:20,REAL,2707979625,486,2707980111,2707980111
2025-06-19 06:08:22,REAL,2707980111,546,2707980657,2707980657
2025-06-19 06:08:24,REAL,2707980657,490,2707981147,2707981147
2025-06-19 06:08:26,REAL,2707981147,486,2707981633,2707981633
2025-06-19 06:08:28,REAL,2707981633,482,2707982115,2707982115
2025-06-19 06:08:30,REAL,2707982115,490,2707982605,2707982605
2025-06-19 06:08:32,REAL,2707982605,474,2707983079,2707983079
2025-06-19 06:08:34,REAL,2707983079,487,2707983566,2707983566
2025-06-19 06:08:36,REAL,2707983566,476,2707984042,2707984042
2025-06-19 06:08:38,REAL,2707984042,481,2707984523,2707984523
2025-06-19 06:08:40,REAL,2707984523,2930,2707987453,2707987453
2025-06-19 06:08:42,REAL,2707987453,14133,2708001586,2708001586
2025-06-19 06:08:44,REAL,2708001586,10243,2708011829,2708011829
2025-06-19 06:08:46,REAL,2708011829,10315,2708022144,2708022144
2025-06-19 06:08:48,REAL,2708022144,10254,2708032398,2708032398
2025-06-19 06:08:50,REAL,2708032398,10262,2708042660,2708042660
2025-06-19 06:08:52,REAL,2708042660,10246,2708052906,2708052906
2025-06-19 06:08:54,REAL,2708052906,10323,2708063229,2708063229
2025-06-19 06:08:56,REAL,2708063229,3255,2708066484,2708066484
2025-06-19 06:08:58,REAL,2708066484,486,2708066970,2708066970
2025-06-19 06:09:00,REAL,2708066970,478,2708067448,2708067448
2025-06-19 06:09:02,REAL,2708067448,478,2708067926,2708067926
2025-06-19 06:09:04,REAL,2708067926,486,2708068412,2708068412
2025-06-19 06:09:06,REAL,2708068412,492,2708068904,2708068904
2025-06-19 06:09:08,REAL,2708068904,481,2708069385,2708069385
2025-06-19 06:09:10,REAL,2708069385,538,2708069923,2708069923
2025-06-19 06:09:12,REAL,2708069923,3667,2708073590,2708073590
2025-06-19 06:09:14,REAL,2708073590,11377,2708084967,2708084967
2025-06-19 06:09:16,REAL,2708084967,10248,2708095215,2708095215
2025-06-19 06:09:18,REAL,2708095215,10313,2708105528,2708105528
2025-06-19 06:09:20,REAL,2708105528,10255,2708115783,2708115783
2025-06-19 06:09:22,REAL,2708115783,10315,2708126098,2708126098
2025-06-19 06:09:24,REAL,2708126098,10262,2708136360,2708136360
2025-06-19 06:09:26,REAL,2708136360,10252,2708146612,2708146612
2025-06-19 06:09:28,REAL,2708146612,2655,2708149267,2708149267
2025-06-19 06:09:30,REAL,2708149267,483,2708149750,2708149750
2025-06-19 06:09:32,REAL,2708149750,484,2708150234,2708150234
2025-06-19 06:09:34,REAL,2708150234,545,2708150779,2708150779
2025-06-19 06:09:36,REAL,2708150779,485,2708151264,2708151264
2025-06-19 06:09:38,REAL,2708151264,487,2708151751,2708151751
2025-06-19 06:09:40,REAL,2708151751,486,2708152237,2708152237
2025-06-19 06:09:42,REAL,2708152237,538,2708152775,2708152775
2025-06-19 06:09:44,REAL,2708152775,484,2708153259,2708153259
2025-06-19 06:09:46,REAL,2708153259,481,2708153740,2708153740
2025-06-19 06:09:48,REAL,2708153740,478,2708154218,2708154218
2025-06-19 06:09:50,REAL,2708154218,478,2708154696,2708154696
2025-06-19 06:09:52,REAL,2708154696,485,2708155181,2708155181
2025-06-19 06:09:54,REAL,2708155181,487,2708155668,2708155668
2025-06-19 06:09:56,REAL,2708155668,485,2708156153,2708156153
2025-06-19 06:09:58,REAL,2708156153,483,2708156636,2708156636
2025-06-19 06:10:00,REAL,2708156636,476,2708157112,2708157112
2025-06-19 06:10:02,REAL,2708157112,490,2708157602,2708157602
2025-06-19 06:10:04,REAL,2708157602,482,2708158084,2708158084
2025-06-19 06:10:06,REAL,2708158084,489,2708158573,2708158573
2025-06-19 06:10:08,REAL,2708158573,481,2708159054,2708159054
2025-06-19 06:10:10,REAL,2708159054,492,2708159546,2708159546
2025-06-19 06:10:12,REAL,2708159546,544,2708160090,2708160090
2025-06-19 06:10:14,REAL,2708160090,482,2708160572,2708160572
2025-06-19 06:10:16,REAL,2708160572,482,2708161054,2708161054
2025-06-19 06:10:18,REAL,2708161054,480,2708161534,2708161534
2025-06-19 06:10:20,REAL,2708161534,484,2708162018,2708162018
2025-06-19 06:10:22,REAL,2708162018,491,2708162509,2708162509
2025-06-19 06:10:24,REAL,2708162509,545,2708163054,2708163054
2025-06-19 06:10:26,REAL,2708163054,477,2708163531,2708163531
2025-06-19 06:10:28,REAL,2708163531,481,2708164012,2708164012
2025-06-19 06:10:30,REAL,2708164012,476,2708164488,2708164488
2025-06-19 06:10:32,REAL,2708164488,484,2708164972,2708164972
2025-06-19 06:10:34,REAL,2708164972,482,2708165454,2708165454
2025-06-19 06:10:36,REAL,2708165454,490,2708165944,2708165944
2025-06-19 06:10:38,REAL,2708165944,492,2708166436,2708166436
2025-06-19 06:10:40,REAL,2708166436,482,2708166918,2708166918
2025-06-19 06:10:42,REAL,2708166918,534,2708167452,2708167452
2025-06-19 06:10:44,REAL,2708167452,478,2708167930,2708167930
2025-06-19 06:10:46,REAL,2708167930,477,2708168407,2708168407
2025-06-19 06:10:48,REAL,2708168407,488,2708168895,2708168895
2025-06-19 06:10:50,REAL,2708168895,488,2708169383,2708169383
2025-06-19 06:10:52,REAL,2708169383,480,2708169863,2708169863
2025-06-19 06:10:54,REAL,2708169863,482,2708170345,2708170345
2025-06-19 06:10:56,REAL,2708170345,491,2708170836,2708170836
2025-06-19 06:10:58,REAL,2708170836,484,2708171320,2708171320
2025-06-19 06:11:00,REAL,2708171320,484,2708171804,2708171804
2025-06-19 06:11:02,REAL,2708171804,480,2708172284,2708172284
2025-06-19 06:11:04,REAL,2708172284,484,2708172768,2708172768
2025-06-19 06:11:06,REAL,2708172768,480,2708173248,2708173248
2025-06-19 06:11:08,REAL,2708173248,487,2708173735,2708173735
2025-06-19 06:11:10,REAL,2708173735,479,2708174214,2708174214
2025-06-19 06:11:12,REAL,2708174214,540,2708174754,2708174754
2025-06-19 06:11:14,REAL,2708174754,5973,2708180727,2708180727
2025-06-19 06:11:16,REAL,2708180727,10772,2708191499,2708191499
2025-06-19 06:11:18,REAL,2708191499,10259,2708201758,2708201758
2025-06-19 06:11:20,REAL,2708201758,10257,2708212015,2708212015
2025-06-19 06:11:22,REAL,2708212015,10319,2708222334,2708222334
2025-06-19 06:11:24,REAL,2708222334,10249,2708232583,2708232583
2025-06-19 06:11:26,REAL,2708232583,10254,2708242837,2708242837
2025-06-19 06:11:28,REAL,2708242837,10315,2708253152,2708253152
2025-06-19 06:11:30,REAL,2708253152,484,2708253636,2708253636
2025-06-19 06:11:32,REAL,2708253636,488,2708254124,2708254124
2025-06-19 06:11:34,REAL,2708254124,488,2708254612,2708254612
2025-06-19 06:11:36,REAL,2708254612,482,2708255094,2708255094
2025-06-19 06:11:38,REAL,2708255094,487,2708255581,2708255581
2025-06-19 06:11:40,REAL,2708255581,488,2708256069,2708256069
2025-06-19 06:11:42,REAL,2708256069,479,2708256548,2708256548
2025-06-19 06:11:44,REAL,2708256548,542,2708257090,2708257090
2025-06-19 06:11:46,REAL,2708257090,7954,2708265044,2708265044
2025-06-19 06:11:48,REAL,2708265044,12767,2708277811,2708277811
2025-06-19 06:11:50,REAL,2708277811,10246,2708288057,2708288057
2025-06-19 06:11:52,REAL,2708288057,10250,2708298307,2708298307
2025-06-19 06:11:54,REAL,2708298307,10260,2708308567,2708308567
2025-06-19 06:11:56,REAL,2708308567,10312,2708318879,2708318879
2025-06-19 06:11:58,REAL,2708318879,10248,2708329127,2708329127
2025-06-19 06:12:00,REAL,2708329127,9783,2708338910,2708338910
2025-06-19 06:12:02,REAL,2708338910,479,2708339389,2708339389
2025-06-19 06:12:04,REAL,2708339389,481,2708339870,2708339870
2025-06-19 06:12:06,REAL,2708339870,1404,2708341274,2708341274
2025-06-19 06:12:08,REAL,2708341274,12225,2708353499,2708353499
2025-06-19 06:12:10,REAL,2708353499,10255,2708363754,2708363754
2025-06-19 06:12:12,REAL,2708363754,10319,2708374073,2708374073
2025-06-19 06:12:14,REAL,2708374073,10258,2708384331,2708384331
2025-06-19 06:12:16,REAL,2708384331,10252,2708394583,2708394583
2025-06-19 06:12:18,REAL,2708394583,10252,2708404835,2708404835
2025-06-19 06:12:20,REAL,2708404835,10256,2708415091,2708415091
2025-06-19 06:12:22,REAL,2708415091,4441,2708419532,2708419532
2025-06-19 06:12:24,REAL,2708419532,484,2708420016,2708420016
2025-06-19 06:12:26,REAL,2708420016,479,2708420495,2708420495
2025-06-19 06:12:28,REAL,2708420495,491,2708420986,2708420986
2025-06-19 06:12:30,REAL,2708420986,489,2708421475,2708421475
2025-06-19 06:12:32,REAL,2708421475,480,2708421955,2708421955
2025-06-19 06:12:34,REAL,2708421955,487,2708422442,2708422442
2025-06-19 06:12:36,REAL,2708422442,485,2708422927,2708422927
2025-06-19 06:12:38,REAL,2708422927,485,2708423412,2708423412
2025-06-19 06:12:40,REAL,2708423412,490,2708423902,2708423902
2025-06-19 06:12:42,REAL,2708423902,483,2708424385,2708424385
2025-06-19 06:12:44,REAL,2708424385,489,2708424874,2708424874
2025-06-19 06:12:46,REAL,2708424874,482,2708425356,2708425356
2025-06-19 06:12:48,REAL,2708425356,477,2708425833,2708425833
2025-06-19 06:12:50,REAL,2708425833,482,2708426315,2708426315
2025-06-19 06:12:52,REAL,2708426315,483,2708426798,2708426798
2025-06-19 06:12:54,REAL,2708426798,544,2708427342,2708427342
2025-06-19 06:12:56,REAL,2708427342,481,2708427823,2708427823
2025-06-19 06:12:58,REAL,2708427823,541,2708428364,2708428364
2025-06-19 06:13:00,REAL,2708428364,478,2708428842,2708428842
2025-06-19 06:13:02,REAL,2708428842,490,2708429332,2708429332
2025-06-19 06:13:04,REAL,2708429332,479,2708429811,2708429811
2025-06-19 06:13:06,REAL,2708429811,477,2708430288,2708430288
2025-06-19 06:13:08,REAL,2708430288,486,2708430774,2708430774
2025-06-19 06:13:10,REAL,2708430774,482,2708431256,2708431256
2025-06-19 06:13:12,REAL,2708431256,482,2708431738,2708431738
2025-06-19 06:13:14,REAL,2708431738,490,2708432228,2708432228
2025-06-19 06:13:16,REAL,2708432228,480,2708432708,2708432708
2025-06-19 06:13:18,REAL,2708432708,476,2708433184,2708433184
2025-06-19 06:13:20,REAL,2708433184,490,2708433674,2708433674
2025-06-19 06:13:22,REAL,2708433674,533,2708434207,2708434207
2025-06-19 06:13:24,REAL,2708434207,480,2708434687,2708434687
2025-06-19 06:13:26,REAL,2708434687,477,2708435164,2708435164
2025-06-19 06:13:28,REAL,2708435164,484,2708435648,2708435648
2025-06-19 06:13:30,REAL,2708435648,485,2708436133,2708436133
2025-06-19 06:13:32,REAL,2708436133,479,2708436612,2708436612
2025-06-19 06:13:34,REAL,2708436612,486,2708437098,2708437098
2025-06-19 06:13:36,REAL,2708437098,481,2708437579,2708437579
2025-06-19 06:13:38,REAL,2708437579,486,2708438065,2708438065
2025-06-19 06:13:40,REAL,2708438065,485,2708438550,2708438550
2025-06-19 06:13:42,REAL,2708438550,545,2708439095,2708439095
2025-06-19 06:13:44,REAL,2708439095,480,2708439575,2708439575
2025-06-19 06:13:46,REAL,2708439575,484,2708440059,2708440059
2025-06-19 06:13:48,REAL,2708440059,537,2708440596,2708440596
2025-06-19 06:13:50,REAL,2708440596,487,2708441083,2708441083
2025-06-19 06:13:52,REAL,2708441083,486,2708441569,2708441569
2025-06-19 06:13:54,REAL,2708441569,489,2708442058,2708442058
2025-06-19 06:13:56,REAL,2708442058,492,2708442550,2708442550
2025-06-19 06:13:58,REAL,2708442550,484,2708443034,2708443034
2025-06-19 06:14:00,REAL,2708443034,484,2708443518,2708443518
2025-06-19 06:14:02,REAL,2708443518,489,2708444007,2708444007
2025-06-19 06:14:04,REAL,2708444007,478,2708444485,2708444485
2025-06-19 06:14:06,REAL,2708444485,484,2708444969,2708444969
2025-06-19 06:14:08,REAL,2708444969,480,2708445449,2708445449
2025-06-19 06:14:10,REAL,2708445449,475,2708445924,2708445924
2025-06-19 06:14:12,REAL,2708445924,531,2708446455,2708446455
2025-06-19 06:14:14,REAL,2708446455,482,2708446937,2708446937
2025-06-19 06:14:16,REAL,2708446937,487,2708447424,2708447424
2025-06-19 06:14:18,REAL,2708447424,485,2708447909,2708447909
2025-06-19 06:14:20,REAL,2708447909,478,2708448387,2708448387
2025-06-19 06:14:22,REAL,2708448387,479,2708448866,2708448866
2025-06-19 06:14:24,REAL,2708448866,486,2708449352,2708449352
2025-06-19 06:14:26,REAL,2708449352,486,2708449838,2708449838
2025-06-19 06:14:28,REAL,2708449838,485,2708450323,2708450323
2025-06-19 06:14:30,REAL,2708450323,486,2708450809,2708450809
2025-06-19 06:14:32,REAL,2708450809,538,2708451347,2708451347
2025-06-19 06:14:34,REAL,2708451347,479,2708451826,2708451826
2025-06-19 06:14:36,REAL,2708451826,479,2708452305,2708452305
2025-06-19 06:14:38,REAL,2708452305,531,2708452836,2708452836
2025-06-19 06:14:40,REAL,2708452836,483,2708453319,2708453319
2025-06-19 06:14:42,REAL,2708453319,478,2708453797,2708453797
2025-06-19 06:14:44,REAL,2708453797,492,2708454289,2708454289
2025-06-19 06:14:46,REAL,2708454289,10130,2708464419,2708464419
2025-06-19 06:14:48,REAL,2708464419,10385,2708474804,2708474804
2025-06-19 06:14:50,REAL,2708474804,10249,2708485053,2708485053
2025-06-19 06:14:52,REAL,2708485053,10260,2708495313,2708495313
2025-06-19 06:14:54,REAL,2708495313,10251,2708505564,2708505564
2025-06-19 06:14:56,REAL,2708505564,10250,2708515814,2708515814
2025-06-19 06:14:58,REAL,2708515814,10253,2708526067,2708526067
2025-06-19 06:15:00,REAL,2708526067,6679,2708532746,2708532746
2025-06-19 06:15:02,REAL,2708532746,486,2708533232,2708533232
2025-06-19 06:15:04,REAL,2708533232,485,2708533717,2708533717
2025-06-19 06:15:06,REAL,2708533717,479,2708534196,2708534196
2025-06-19 06:15:08,REAL,2708534196,482,2708534678,2708534678
2025-06-19 06:15:10,REAL,2708534678,481,2708535159,2708535159
2025-06-19 06:15:12,REAL,2708535159,482,2708535641,2708535641
2025-06-19 06:15:14,REAL,2708535641,479,2708536120,2708536120
2025-06-19 06:15:16,REAL,2708536120,482,2708536602,2708536602
2025-06-19 06:15:18,REAL,2708536602,11316,2708547918,2708547918
2025-06-19 06:15:20,REAL,2708547918,10320,2708558238,2708558238
2025-06-19 06:15:22,REAL,2708558238,10246,2708568484,2708568484
2025-06-19 06:15:24,REAL,2708568484,10322,2708578806,2708578806
2025-06-19 06:15:26,REAL,2708578806,10306,2708589112,2708589112
2025-06-19 06:15:28,REAL,2708589112,10255,2708599367,2708599367
2025-06-19 06:15:30,REAL,2708599367,10314,2708609681,2708609681
2025-06-19 06:15:32,REAL,2708609681,5890,2708615571,2708615571
2025-06-19 06:15:34,REAL,2708615571,478,2708616049,2708616049
2025-06-19 06:15:36,REAL,2708616049,489,2708616538,2708616538
2025-06-19 06:15:38,REAL,2708616538,5840,2708622378,2708622378
2025-06-19 06:15:40,REAL,2708622378,10719,2708633097,2708633097
2025-06-19 06:15:42,REAL,2708633097,10260,2708643357,2708643357
2025-06-19 06:15:44,REAL,2708643357,10250,2708653607,2708653607
2025-06-19 06:15:46,REAL,2708653607,10319,2708663926,2708663926
2025-06-19 06:15:48,REAL,2708663926,10325,2708674251,2708674251
2025-06-19 06:15:50,REAL,2708674251,10257,2708684508,2708684508
2025-06-19 06:15:52,REAL,2708684508,10313,2708694821,2708694821
2025-06-19 06:15:54,REAL,2708694821,749,2708695570,2708695570
2025-06-19 06:15:56,REAL,2708695570,486,2708696056,2708696056
2025-06-19 06:15:58,REAL,2708696056,485,2708696541,2708696541
2025-06-19 06:16:00,REAL,2708696541,479,2708697020,2708697020
2025-06-19 06:16:02,REAL,2708697020,485,2708697505,2708697505
2025-06-19 06:16:04,REAL,2708697505,483,2708697988,2708697988
2025-06-19 06:16:06,REAL,2708697988,487,2708698475,2708698475
2025-06-19 06:16:08,REAL,2708698475,477,2708698952,2708698952
2025-06-19 06:16:10,REAL,2708698952,486,2708699438,2708699438
2025-06-19 06:16:12,REAL,2708699438,486,2708699924,2708699924
2025-06-19 06:16:14,REAL,2708699924,486,2708700410,2708700410
2025-06-19 06:16:16,REAL,2708700410,540,2708700950,2708700950
2025-06-19 06:16:18,REAL,2708700950,476,2708701426,2708701426
2025-06-19 06:16:20,REAL,2708701426,477,2708701903,2708701903
2025-06-19 06:16:22,REAL,2708701903,484,2708702387,2708702387
2025-06-19 06:16:24,REAL,2708702387,484,2708702871,2708702871
2025-06-19 06:16:26,REAL,2708702871,546,2708703417,2708703417
2025-06-19 06:16:28,REAL,2708703417,485,2708703902,2708703902
2025-06-19 06:16:30,REAL,2708703902,483,2708704385,2708704385
2025-06-19 06:16:32,REAL,2708704385,482,2708704867,2708704867
2025-06-19 06:16:34,REAL,2708704867,486,2708705353,2708705353
2025-06-19 06:16:36,REAL,2708705353,489,2708705842,2708705842
2025-06-19 06:16:38,REAL,2708705842,480,2708706322,2708706322
2025-06-19 06:16:40,REAL,2708706322,546,2708706868,2708706868
2025-06-19 06:16:42,REAL,2708706868,7294,2708714162,2708714162
2025-06-19 06:16:44,REAL,2708714162,10844,2708725006,2708725006
2025-06-19 06:16:46,REAL,2708725006,10257,2708735263,2708735263
2025-06-19 06:16:48,REAL,2708735263,10315,2708745578,2708745578
2025-06-19 06:16:50,REAL,2708745578,10247,2708755825,2708755825
2025-06-19 06:16:52,REAL,2708755825,10328,2708766153,2708766153
2025-06-19 06:16:54,REAL,2708766153,10256,2708776409,2708776409
2025-06-19 06:16:56,REAL,2708776409,9194,2708785603,2708785603
2025-06-19 06:16:58,REAL,2708785603,476,2708786079,2708786079
2025-06-19 06:17:00,REAL,2708786079,479,2708786558,2708786558
2025-06-19 06:17:02,REAL,2708786558,483,2708787041,2708787041
2025-06-19 06:17:04,REAL,2708787041,545,2708787586,2708787586
2025-06-19 06:17:06,REAL,2708787586,483,2708788069,2708788069
2025-06-19 06:17:08,REAL,2708788069,481,2708788550,2708788550
2025-06-19 06:17:10,REAL,2708788550,485,2708789035,2708789035
2025-06-19 06:17:12,REAL,2708789035,246,2708789281,2708789281
2025-06-19 06:17:14,REAL,2708789281,7882,2708797163,2708797163
2025-06-19 06:17:16,REAL,2708797163,10645,2708807808,2708807808
2025-06-19 06:17:18,REAL,2708807808,10257,2708818065,2708818065
2025-06-19 06:17:20,REAL,2708818065,10320,2708828385,2708828385
2025-06-19 06:17:22,REAL,2708828385,10261,2708838646,2708838646
2025-06-19 06:17:24,REAL,2708838646,10253,2708848899,2708848899
2025-06-19 06:17:26,REAL,2708848899,10324,2708859223,2708859223
2025-06-19 06:17:28,REAL,2708859223,8534,2708867757,2708867757
2025-06-19 06:17:30,REAL,2708867757,548,2708868305,2708868305
2025-06-19 06:17:32,REAL,2708868305,483,2708868788,2708868788
2025-06-19 06:17:34,REAL,2708868788,479,2708869267,2708869267
2025-06-19 06:17:36,REAL,2708869267,483,2708869750,2708869750
2025-06-19 06:17:38,REAL,2708869750,487,2708870237,2708870237
2025-06-19 06:17:40,REAL,2708870237,477,2708870714,2708870714
2025-06-19 06:17:42,REAL,2708870714,487,2708871201,2708871201
2025-06-19 06:17:44,REAL,2708871201,487,2708871688,2708871688
2025-06-19 06:17:46,REAL,2708871688,10523,2708882211,2708882211
2025-06-19 06:17:48,REAL,2708882211,11508,2708893719,2708893719
2025-06-19 06:17:50,REAL,2708893719,10313,2708904032,2708904032
2025-06-19 06:17:52,REAL,2708904032,10326,2708914358,2708914358
2025-06-19 06:17:54,REAL,2708914358,10316,2708924674,2708924674
2025-06-19 06:17:56,REAL,2708924674,10320,2708934994,2708934994
2025-06-19 06:17:58,REAL,2708934994,10252,2708945246,2708945246
2025-06-19 06:18:00,REAL,2708945246,8010,2708953256,2708953256
2025-06-19 06:18:02,REAL,2708953256,486,2708953742,2708953742
2025-06-19 06:18:04,REAL,2708953742,481,2708954223,2708954223
2025-06-19 06:18:06,REAL,2708954223,487,2708954710,2708954710
2025-06-19 06:18:08,REAL,2708954710,491,2708955201,2708955201
2025-06-19 06:18:10,REAL,2708955201,481,2708955682,2708955682
2025-06-19 06:18:12,REAL,2708955682,494,2708956176,2708956176
2025-06-19 06:18:14,REAL,2708956176,488,2708956664,2708956664
2025-06-19 06:18:16,REAL,2708956664,489,2708957153,2708957153
2025-06-19 06:18:18,REAL,2708957153,10267,2708967420,2708967420
2025-06-19 06:18:20,REAL,2708967420,10390,2708977810,2708977810
2025-06-19 06:18:22,REAL,2708977810,10313,2708988123,2708988123
2025-06-19 06:18:24,REAL,2708988123,10256,2708998379,2708998379
2025-06-19 06:18:26,REAL,2708998379,10259,2709008638,2709008638
2025-06-19 06:18:28,REAL,2709008638,10318,2709018956,2709018956
2025-06-19 06:18:30,REAL,2709018956,10249,2709029205,2709029205
2025-06-19 06:18:32,REAL,2709029205,7420,2709036625,2709036625
2025-06-19 06:18:34,REAL,2709036625,486,2709037111,2709037111
2025-06-19 06:18:36,REAL,2709037111,490,2709037601,2709037601
2025-06-19 06:18:38,REAL,2709037601,724,2709038325,2709038325
2025-06-19 06:18:40,REAL,2709038325,245,2709038570,2709038570
2025-06-19 06:18:42,REAL,2709038570,539,2709039109,2709039109
2025-06-19 06:18:44,REAL,2709039109,474,2709039583,2709039583
2025-06-19 06:18:46,REAL,2709039583,489,2709040072,2709040072
2025-06-19 06:18:48,REAL,2709040072,485,2709040557,2709040557
2025-06-19 06:18:50,REAL,2709040557,10920,2709051477,2709051477
2025-06-19 06:18:52,REAL,2709051477,10446,2709061923,2709061923
2025-06-19 06:18:54,REAL,2709061923,10256,2709072179,2709072179
2025-06-19 06:18:56,REAL,2709072179,10254,2709082433,2709082433
2025-06-19 06:18:58,REAL,2709082433,10254,2709092687,2709092687
2025-06-19 06:19:00,REAL,2709092687,10253,2709102940,2709102940
2025-06-19 06:19:02,REAL,2709102940,10251,2709113191,2709113191
2025-06-19 06:19:04,REAL,2709113191,6693,2709119884,2709119884
2025-06-19 06:19:06,REAL,2709119884,485,2709120369,2709120369
2025-06-19 06:19:08,REAL,2709120369,543,2709120912,2709120912
2025-06-19 06:19:10,REAL,2709120912,483,2709121395,2709121395
2025-06-19 06:19:12,REAL,2709121395,476,2709121871,2709121871
2025-06-19 06:19:14,REAL,2709121871,488,2709122359,2709122359
2025-06-19 06:19:16,REAL,2709122359,485,2709122844,2709122844
2025-06-19 06:19:18,REAL,2709122844,490,2709123334,2709123334
2025-06-19 06:19:20,REAL,2709123334,490,2709123824,2709123824
2025-06-19 06:19:22,REAL,2709123824,487,2709124311,2709124311
2025-06-19 06:19:24,REAL,2709124311,487,2709124798,2709124798
2025-06-19 06:19:26,REAL,2709124798,489,2709125287,2709125287
2025-06-19 06:19:28,REAL,2709125287,477,2709125764,2709125764
2025-06-19 06:19:30,REAL,2709125764,486,2709126250,2709126250
2025-06-19 06:19:32,REAL,2709126250,544,2709126794,2709126794
2025-06-19 06:19:34,REAL,2709126794,483,2709127277,2709127277
2025-06-19 06:19:36,REAL,2709127277,477,2709127754,2709127754
2025-06-19 06:19:38,REAL,2709127754,547,2709128301,2709128301
2025-06-19 06:19:40,REAL,2709128301,485,2709128786,2709128786
2025-06-19 06:19:42,REAL,2709128786,485,2709129271,2709129271
2025-06-19 06:19:44,REAL,2709129271,485,2709129756,2709129756
2025-06-19 06:19:46,REAL,2709129756,480,2709130236,2709130236
2025-06-19 06:19:48,REAL,2709130236,483,2709130719,2709130719
2025-06-19 06:19:50,REAL,2709130719,486,2709131205,2709131205
2025-06-19 06:19:52,REAL,2709131205,481,2709131686,2709131686
2025-06-19 06:19:54,REAL,2709131686,478,2709132164,2709132164
2025-06-19 06:19:56,REAL,2709132164,542,2709132706,2709132706
2025-06-19 06:19:58,REAL,2709132706,484,2709133190,2709133190
2025-06-19 06:20:00,REAL,2709133190,489,2709133679,2709133679
2025-06-19 06:20:02,REAL,2709133679,490,2709134169,2709134169
2025-06-19 06:20:04,REAL,2709134169,487,2709134656,2709134656
2025-06-19 06:20:06,REAL,2709134656,484,2709135140,2709135140
2025-06-19 06:20:08,REAL,2709135140,486,2709135626,2709135626
2025-06-19 06:20:10,REAL,2709135626,11850,2709147476,2709147476
2025-06-19 06:20:12,REAL,2709147476,10244,2709157720,2709157720
2025-06-19 06:20:14,REAL,2709157720,10251,2709167971,2709167971
2025-06-19 06:20:16,REAL,2709167971,10259,2709178230,2709178230
2025-06-19 06:20:18,REAL,2709178230,10247,2709188477,2709188477
2025-06-19 06:20:20,REAL,2709188477,10316,2709198793,2709198793
2025-06-19 06:20:22,REAL,2709198793,10308,2709209101,2709209101
2025-06-19 06:20:24,REAL,2709209101,5170,2709214271,2709214271
2025-06-19 06:20:26,REAL,2709214271,483,2709214754,2709214754
2025-06-19 06:20:28,REAL,2709214754,482,2709215236,2709215236
2025-06-19 06:20:30,REAL,2709215236,492,2709215728,2709215728
2025-06-19 06:20:32,REAL,2709215728,480,2709216208,2709216208
2025-06-19 06:20:34,REAL,2709216208,476,2709216684,2709216684
2025-06-19 06:20:36,REAL,2709216684,489,2709217173,2709217173
2025-06-19 06:20:38,REAL,2709217173,490,2709217663,2709217663
2025-06-19 06:20:40,REAL,2709217663,478,2709218141,2709218141
2025-06-19 06:20:42,REAL,2709218141,490,2709218631,2709218631
2025-06-19 06:20:44,REAL,2709218631,483,2709219114,2709219114
2025-06-19 06:20:46,REAL,2709219114,482,2709219596,2709219596
2025-06-19 06:20:48,REAL,2709219596,538,2709220134,2709220134
2025-06-19 06:20:50,REAL,2709220134,482,2709220616,2709220616
2025-06-19 06:20:52,REAL,2709220616,481,2709221097,2709221097
2025-06-19 06:20:54,REAL,2709221097,489,2709221586,2709221586
2025-06-19 06:20:56,REAL,2709221586,543,2709222129,2709222129
2025-06-19 06:20:58,REAL,2709222129,488,2709222617,2709222617
2025-06-19 06:21:00,REAL,2709222617,487,2709223104,2709223104
2025-06-19 06:21:02,REAL,2709223104,482,2709223586,2709223586
2025-06-19 06:21:04,REAL,2709223586,484,2709224070,2709224070
2025-06-19 06:21:06,REAL,2709224070,488,2709224558,2709224558
2025-06-19 06:21:08,REAL,2709224558,475,2709225033,2709225033
2025-06-19 06:21:10,REAL,2709225033,490,2709225523,2709225523
2025-06-19 06:21:12,REAL,2709225523,546,2709226069,2709226069
2025-06-19 06:21:14,REAL,2709226069,491,2709226560,2709226560
2025-06-19 06:21:16,REAL,2709226560,482,2709227042,2709227042
2025-06-19 06:21:18,REAL,2709227042,486,2709227528,2709227528
2025-06-19 06:21:20,REAL,2709227528,483,2709228011,2709228011
2025-06-19 06:21:22,REAL,2709228011,487,2709228498,2709228498
2025-06-19 06:21:24,REAL,2709228498,480,2709228978,2709228978
2025-06-19 06:21:26,REAL,2709228978,488,2709229466,2709229466
2025-06-19 06:21:28,REAL,2709229466,487,2709229953,2709229953
2025-06-19 06:21:30,REAL,2709229953,486,2709230439,2709230439
2025-06-19 06:21:32,REAL,2709230439,483,2709230922,2709230922
2025-06-19 06:21:34,REAL,2709230922,481,2709231403,2709231403
2025-06-19 06:21:36,REAL,2709231403,543,2709231946,2709231946
2025-06-19 06:21:38,REAL,2709231946,478,2709232424,2709232424
2025-06-19 06:21:40,REAL,2709232424,483,2709232907,2709232907
2025-06-19 06:21:42,REAL,2709232907,476,2709233383,2709233383
2025-06-19 06:21:44,REAL,2709233383,546,2709233929,2709233929
2025-06-19 06:21:46,REAL,2709233929,482,2709234411,2709234411
2025-06-19 06:21:48,REAL,2709234411,484,2709234895,2709234895
2025-06-19 06:21:50,REAL,2709234895,484,2709235379,2709235379
2025-06-19 06:21:52,REAL,2709235379,486,2709235865,2709235865
2025-06-19 06:21:54,REAL,2709235865,485,2709236350,2709236350
2025-06-19 06:21:56,REAL,2709236350,485,2709236835,2709236835
2025-06-19 06:21:58,REAL,2709236835,490,2709237325,2709237325
2025-06-19 06:22:00,REAL,2709237325,490,2709237815,2709237815
2025-06-19 06:22:02,REAL,2709237815,536,2709238351,2709238351
2025-06-19 06:22:04,REAL,2709238351,485,2709238836,2709238836
2025-06-19 06:22:06,REAL,2709238836,484,2709239320,2709239320
2025-06-19 06:22:08,REAL,2709239320,486,2709239806,2709239806
2025-06-19 06:22:10,REAL,2709239806,490,2709240296,2709240296
2025-06-19 06:22:12,REAL,2709240296,476,2709240772,2709240772
2025-06-19 06:22:14,REAL,2709240772,485,2709241257,2709241257
2025-06-19 06:22:16,REAL,2709241257,484,2709241741,2709241741
2025-06-19 06:22:18,REAL,2709241741,484,2709242225,2709242225
2025-06-19 06:22:20,REAL,2709242225,490,2709242715,2709242715
2025-06-19 06:22:22,REAL,2709242715,479,2709243194,2709243194
2025-06-19 06:22:24,REAL,2709243194,485,2709243679,2709243679
2025-06-19 06:22:26,REAL,2709243679,547,2709244226,2709244226
2025-06-19 06:22:28,REAL,2709244226,479,2709244705,2709244705
2025-06-19 06:22:30,REAL,2709244705,534,2709245239,2709245239
2025-06-19 06:22:32,REAL,2709245239,494,2709245733,2709245733
2025-06-19 06:22:34,REAL,2709245733,483,2709246216,2709246216
2025-06-19 06:22:36,REAL,2709246216,482,2709246698,2709246698
2025-06-19 06:22:38,REAL,2709246698,480,2709247178,2709247178
2025-06-19 06:22:40,REAL,2709247178,487,2709247665,2709247665
2025-06-19 06:22:42,REAL,2709247665,481,2709248146,2709248146
2025-06-19 06:22:44,REAL,2709248146,486,2709248632,2709248632
2025-06-19 06:22:46,REAL,2709248632,477,2709249109,2709249109
2025-06-19 06:22:48,REAL,2709249109,490,2709249599,2709249599
2025-06-19 06:22:50,REAL,2709249599,541,2709250140,2709250140
2025-06-19 06:22:52,REAL,2709250140,536,2709250676,2709250676
2025-06-19 06:22:54,REAL,2709250676,478,2709251154,2709251154
2025-06-19 06:22:56,REAL,2709251154,486,2709251640,2709251640
2025-06-19 06:22:58,REAL,2709251640,481,2709252121,2709252121
2025-06-19 06:23:00,REAL,2709252121,487,2709252608,2709252608
2025-06-19 06:23:02,REAL,2709252608,484,2709253092,2709253092
2025-06-19 06:23:04,REAL,2709253092,9927,2709263019,2709263019
2025-06-19 06:23:06,REAL,2709263019,10442,2709273461,2709273461
2025-06-19 06:23:08,REAL,2709273461,10248,2709283709,2709283709
2025-06-19 06:23:10,REAL,2709283709,10387,2709294096,2709294096
2025-06-19 06:23:12,REAL,2709294096,10178,2709304274,2709304274
2025-06-19 06:23:14,REAL,2709304274,10253,2709314527,2709314527
2025-06-19 06:23:16,REAL,2709314527,10248,2709324775,2709324775
2025-06-19 06:23:18,REAL,2709324775,6950,2709331725,2709331725
2025-06-19 06:23:20,REAL,2709331725,485,2709332210,2709332210
2025-06-19 06:23:22,REAL,2709332210,485,2709332695,2709332695
2025-06-19 06:23:24,REAL,2709332695,540,2709333235,2709333235
2025-06-19 06:23:26,REAL,2709333235,487,2709333722,2709333722
2025-06-19 06:23:28,REAL,2709333722,480,2709334202,2709334202
2025-06-19 06:23:30,REAL,2709334202,488,2709334690,2709334690
2025-06-19 06:23:32,REAL,2709334690,489,2709335179,2709335179
2025-06-19 06:23:34,REAL,2709335179,493,2709335672,2709335672
2025-06-19 06:23:36,REAL,2709335672,13618,2709349290,2709349290
2025-06-19 06:23:38,REAL,2709349290,10445,2709359735,2709359735
2025-06-19 06:23:40,REAL,2709359735,10252,2709369987,2709369987
2025-06-19 06:23:42,REAL,2709369987,10248,2709380235,2709380235
2025-06-19 06:23:44,REAL,2709380235,10257,2709390492,2709390492
2025-06-19 06:23:46,REAL,2709390492,10251,2709400743,2709400743
2025-06-19 06:23:48,REAL,2709400743,10255,2709410998,2709410998
2025-06-19 06:23:50,REAL,2709410998,6354,2709417352,2709417352
2025-06-19 06:23:52,REAL,2709417352,487,2709417839,2709417839
2025-06-19 06:23:54,REAL,2709417839,480,2709418319,2709418319
2025-06-19 06:23:56,REAL,2709418319,546,2709418865,2709418865
2025-06-19 06:23:58,REAL,2709418865,476,2709419341,2709419341
2025-06-19 06:24:00,REAL,2709419341,485,2709419826,2709419826
2025-06-19 06:24:02,REAL,2709419826,486,2709420312,2709420312
2025-06-19 06:24:04,REAL,2709420312,485,2709420797,2709420797
2025-06-19 06:24:06,REAL,2709420797,480,2709421277,2709421277
2025-06-19 06:24:08,REAL,2709421277,480,2709421757,2709421757
2025-06-19 06:24:10,REAL,2709421757,483,2709422240,2709422240
2025-06-19 06:24:12,REAL,2709422240,483,2709422723,2709422723
2025-06-19 06:24:14,REAL,2709422723,489,2709423212,2709423212
2025-06-19 06:24:16,REAL,2709423212,486,2709423698,2709423698
2025-06-19 06:24:18,REAL,2709423698,544,2709424242,2709424242
2025-06-19 06:24:20,REAL,2709424242,478,2709424720,2709424720
2025-06-19 06:24:22,REAL,2709424720,492,2709425212,2709425212
2025-06-19 06:24:24,REAL,2709425212,540,2709425752,2709425752
2025-06-19 06:24:26,REAL,2709425752,484,2709426236,2709426236
2025-06-19 06:24:28,REAL,2709426236,478,2709426714,2709426714
2025-06-19 06:24:30,REAL,2709426714,494,2709427208,2709427208
2025-06-19 06:24:32,REAL,2709427208,488,2709427696,2709427696
2025-06-19 06:24:34,REAL,2709427696,485,2709428181,2709428181
2025-06-19 06:24:36,REAL,2709428181,487,2709428668,2709428668
2025-06-19 06:24:38,REAL,2709428668,542,2709429210,2709429210
2025-06-19 06:24:40,REAL,2709429210,492,2709429702,2709429702
2025-06-19 06:24:42,REAL,2709429702,488,2709430190,2709430190
2025-06-19 06:24:44,REAL,2709430190,476,2709430666,2709430666
2025-06-19 06:24:46,REAL,2709430666,480,2709431146,2709431146
2025-06-19 06:24:48,REAL,2709431146,484,2709431630,2709431630
2025-06-19 06:24:50,REAL,2709431630,484,2709432114,2709432114
2025-06-19 06:24:52,REAL,2709432114,480,2709432594,2709432594
2025-06-19 06:24:54,REAL,2709432594,554,2709433148,2709433148
2025-06-19 06:24:56,REAL,2709433148,481,2709433629,2709433629
2025-06-19 06:24:58,REAL,2709433629,482,2709434111,2709434111
2025-06-19 06:25:00,REAL,2709434111,534,2709434645,2709434645
2025-06-19 06:25:02,REAL,2709434645,483,2709435128,2709435128
2025-06-19 06:25:04,REAL,2709435128,480,2709435608,2709435608
2025-06-19 06:25:06,REAL,2709435608,482,2709436090,2709436090
2025-06-19 06:25:08,REAL,2709436090,480,2709436570,2709436570
2025-06-19 06:25:10,REAL,2709436570,485,2709437055,2709437055
2025-06-19 06:25:12,REAL,2709437055,542,2709437597,2709437597
2025-06-19 06:25:14,REAL,2709437597,485,2709438082,2709438082
2025-06-19 06:25:16,REAL,2709438082,486,2709438568,2709438568
2025-06-19 06:25:18,REAL,2709438568,481,2709439049,2709439049
2025-06-19 06:25:20,REAL,2709439049,539,2709439588,2709439588
2025-06-19 06:25:22,REAL,2709439588,480,2709440068,2709440068
2025-06-19 06:25:24,REAL,2709440068,477,2709440545,2709440545
2025-06-19 06:25:26,REAL,2709440545,479,2709441024,2709441024
2025-06-19 06:25:28,REAL,2709441024,478,2709441502,2709441502
2025-06-19 06:25:30,REAL,2709441502,482,2709441984,2709441984
2025-06-19 06:25:32,REAL,2709441984,484,2709442468,2709442468
2025-06-19 06:25:34,REAL,2709442468,477,2709442945,2709442945
2025-06-19 06:25:36,REAL,2709442945,483,2709443428,2709443428
2025-06-19 06:25:38,REAL,2709443428,484,2709443912,2709443912
2025-06-19 06:25:40,REAL,2709443912,479,2709444391,2709444391
2025-06-19 06:25:42,REAL,2709444391,541,2709444932,2709444932
2025-06-19 06:25:44,REAL,2709444932,482,2709445414,2709445414
2025-06-19 06:25:46,REAL,2709445414,474,2709445888,2709445888
2025-06-19 06:25:48,REAL,2709445888,491,2709446379,2709446379
2025-06-19 06:25:50,REAL,2709446379,489,2709446868,2709446868
2025-06-19 06:25:52,REAL,2709446868,490,2709447358,2709447358
2025-06-19 06:25:54,REAL,2709447358,488,2709447846,2709447846
2025-06-19 06:25:56,REAL,2709447846,479,2709448325,2709448325
2025-06-19 06:25:58,REAL,2709448325,545,2709448870,2709448870
2025-06-19 06:26:00,REAL,2709448870,488,2709449358,2709449358
2025-06-19 06:26:02,REAL,2709449358,543,2709449901,2709449901
2025-06-19 06:26:04,REAL,2709449901,487,2709450388,2709450388
2025-06-19 06:26:06,REAL,2709450388,478,2709450866,2709450866
2025-06-19 06:26:08,REAL,2709450866,489,2709451355,2709451355
2025-06-19 06:26:10,REAL,2709451355,489,2709451844,2709451844
2025-06-19 06:26:12,REAL,2709451844,476,2709452320,2709452320
2025-06-19 06:26:14,REAL,2709452320,490,2709452810,2709452810
2025-06-19 06:26:16,REAL,2709452810,482,2709453292,2709453292
2025-06-19 06:26:18,REAL,2709453292,487,2709453779,2709453779
2025-06-19 06:26:20,REAL,2709453779,482,2709454261,2709454261
2025-06-19 06:26:22,REAL,2709454261,489,2709454750,2709454750
2025-06-19 06:26:24,REAL,2709454750,538,2709455288,2709455288
2025-06-19 06:26:26,REAL,2709455288,483,2709455771,2709455771
2025-06-19 06:26:28,REAL,2709455771,475,2709456246,2709456246
2025-06-19 06:26:30,REAL,2709456246,492,2709456738,2709456738
2025-06-19 06:26:32,REAL,2709456738,489,2709457227,2709457227
2025-06-19 06:26:34,REAL,2709457227,481,2709457708,2709457708
2025-06-19 06:26:36,REAL,2709457708,484,2709458192,2709458192
2025-06-19 06:26:38,REAL,2709458192,482,2709458674,2709458674
2025-06-19 06:26:40,REAL,2709458674,482,2709459156,2709459156
2025-06-19 06:26:42,REAL,2709459156,489,2709459645,2709459645
2025-06-19 06:26:44,REAL,2709459645,531,2709460176,2709460176
2025-06-19 06:26:46,REAL,2709460176,542,2709460718,2709460718
2025-06-19 06:26:48,REAL,2709460718,484,2709461202,2709461202
2025-06-19 06:26:50,REAL,2709461202,475,2709461677,2709461677
2025-06-19 06:26:52,REAL,2709461677,490,2709462167,2709462167
2025-06-19 06:26:54,REAL,2709462167,483,2709462650,2709462650
2025-06-19 06:26:56,REAL,2709462650,487,2709463137,2709463137
2025-06-19 06:26:58,REAL,2709463137,484,2709463621,2709463621
2025-06-19 06:27:00,REAL,2709463621,481,2709464102,2709464102
2025-06-19 06:27:02,REAL,2709464102,492,2709464594,2709464594
2025-06-19 06:27:04,REAL,2709464594,483,2709465077,2709465077
2025-06-19 06:27:06,REAL,2709465077,533,2709465610,2709465610
2025-06-19 06:27:08,REAL,2709465610,475,2709466085,2709466085
2025-06-19 06:27:10,REAL,2709466085,482,2709466567,2709466567
2025-06-19 06:27:12,REAL,2709466567,484,2709467051,2709467051
2025-06-19 06:27:14,REAL,2709467051,482,2709467533,2709467533
2025-06-19 06:27:16,REAL,2709467533,486,2709468019,2709468019
2025-06-19 06:27:18,REAL,2709468019,482,2709468501,2709468501
2025-06-19 06:27:20,REAL,2709468501,486,2709468987,2709468987
2025-06-19 06:27:22,REAL,2709468987,484,2709469471,2709469471
2025-06-19 06:27:24,REAL,2709469471,486,2709469957,2709469957
2025-06-19 06:27:26,REAL,2709469957,479,2709470436,2709470436
2025-06-19 06:27:28,REAL,2709470436,477,2709470913,2709470913
2025-06-19 06:27:30,REAL,2709470913,481,2709471394,2709471394
2025-06-19 06:27:32,REAL,2709471394,537,2709471931,2709471931
2025-06-19 06:27:34,REAL,2709471931,483,2709472414,2709472414
2025-06-19 06:27:36,REAL,2709472414,483,2709472897,2709472897
2025-06-19 06:27:38,REAL,2709472897,549,2709473446,2709473446
2025-06-19 06:27:40,REAL,2709473446,488,2709473934,2709473934
2025-06-19 06:27:42,REAL,2709473934,490,2709474424,2709474424
2025-06-19 06:27:44,REAL,2709474424,486,2709474910,2709474910
2025-06-19 06:27:46,REAL,2709474910,492,2709475402,2709475402
2025-06-19 06:27:48,REAL,2709475402,492,2709475894,2709475894
2025-06-19 06:27:50,REAL,2709475894,488,2709476382,2709476382
2025-06-19 06:27:52,REAL,2709476382,486,2709476868,2709476868
2025-06-19 06:27:54,REAL,2709476868,489,2709477357,2709477357
2025-06-19 06:27:56,REAL,2709477357,481,2709477838,2709477838
2025-06-19 06:27:58,REAL,2709477838,484,2709478322,2709478322
2025-06-19 06:28:00,REAL,2709478322,484,2709478806,2709478806
2025-06-19 06:28:02,REAL,2709478806,476,2709479282,2709479282
2025-06-19 06:28:04,REAL,2709479282,489,2709479771,2709479771
2025-06-19 06:28:06,REAL,2709479771,485,2709480256,2709480256
2025-06-19 06:28:08,REAL,2709480256,486,2709480742,2709480742
2025-06-19 06:28:10,REAL,2709480742,482,2709481224,2709481224
2025-06-19 06:28:12,REAL,2709481224,543,2709481767,2709481767
2025-06-19 06:28:14,REAL,2709481767,491,2709482258,2709482258
2025-06-19 06:28:16,REAL,2709482258,478,2709482736,2709482736
2025-06-19 06:28:18,REAL,2709482736,483,2709483219,2709483219
2025-06-19 06:28:20,REAL,2709483219,548,2709483767,2709483767
2025-06-19 06:28:22,REAL,2709483767,478,2709484245,2709484245
2025-06-19 06:28:24,REAL,2709484245,476,2709484721,2709484721
2025-06-19 06:28:26,REAL,2709484721,5508,2709490229,2709490229
2025-06-19 06:28:28,REAL,2709490229,11311,2709501540,2709501540
2025-06-19 06:28:30,REAL,2709501540,10246,2709511786,2709511786
2025-06-19 06:28:32,REAL,2709511786,10312,2709522098,2709522098
2025-06-19 06:28:34,REAL,2709522098,10254,2709532352,2709532352
2025-06-19 06:28:36,REAL,2709532352,10321,2709542673,2709542673
2025-06-19 06:28:38,REAL,2709542673,10247,2709552920,2709552920
2025-06-19 06:28:40,REAL,2709552920,10254,2709563174,2709563174
2025-06-19 06:28:42,REAL,2709563174,1078,2709564252,2709564252
2025-06-19 06:28:44,REAL,2709564252,489,2709564741,2709564741
2025-06-19 06:28:46,REAL,2709564741,488,2709565229,2709565229
2025-06-19 06:28:48,REAL,2709565229,485,2709565714,2709565714
2025-06-19 06:28:50,REAL,2709565714,479,2709566193,2709566193
2025-06-19 06:28:52,REAL,2709566193,536,2709566729,2709566729
2025-06-19 06:28:54,REAL,2709566729,484,2709567213,2709567213
2025-06-19 06:28:56,REAL,2709567213,474,2709567687,2709567687
2025-06-19 06:28:58,REAL,2709567687,542,2709568229,2709568229
2025-06-19 06:29:00,REAL,2709568229,489,2709568718,2709568718
2025-06-19 06:29:02,REAL,2709568718,490,2709569208,2709569208
2025-06-19 06:29:04,REAL,2709569208,479,2709569687,2709569687
2025-06-19 06:29:06,REAL,2709569687,494,2709570181,2709570181
2025-06-19 06:29:08,REAL,2709570181,486,2709570667,2709570667
2025-06-19 06:29:10,REAL,2709570667,488,2709571155,2709571155
2025-06-19 06:29:12,REAL,2709571155,482,2709571637,2709571637
2025-06-19 06:29:14,REAL,2709571637,489,2709572126,2709572126
2025-06-19 06:29:16,REAL,2709572126,492,2709572618,2709572618
2025-06-19 06:29:18,REAL,2709572618,486,2709573104,2709573104
2025-06-19 06:29:20,REAL,2709573104,480,2709573584,2709573584
2025-06-19 06:29:22,REAL,2709573584,492,2709574076,2709574076
2025-06-19 06:29:24,REAL,2709574076,482,2709574558,2709574558
2025-06-19 06:29:26,REAL,2709574558,543,2709575101,2709575101
2025-06-19 06:29:28,REAL,2709575101,488,2709575589,2709575589
2025-06-19 06:29:30,REAL,2709575589,486,2709576075,2709576075
2025-06-19 06:29:32,REAL,2709576075,541,2709576616,2709576616
2025-06-19 06:29:34,REAL,2709576616,488,2709577104,2709577104
2025-06-19 06:29:36,REAL,2709577104,480,2709577584,2709577584
2025-06-19 06:29:38,REAL,2709577584,478,2709578062,2709578062
2025-06-19 06:29:40,REAL,2709578062,484,2709578546,2709578546
2025-06-19 06:29:42,REAL,2709578546,478,2709579024,2709579024
2025-06-19 06:29:44,REAL,2709579024,485,2709579509,2709579509
2025-06-19 06:29:46,REAL,2709579509,480,2709579989,2709579989
2025-06-19 06:29:48,REAL,2709579989,492,2709580481,2709580481
2025-06-19 06:29:50,REAL,2709580481,483,2709580964,2709580964
2025-06-19 06:29:52,REAL,2709580964,480,2709581444,2709581444
2025-06-19 06:29:54,REAL,2709581444,488,2709581932,2709581932
2025-06-19 06:29:56,REAL,2709581932,482,2709582414,2709582414
2025-06-19 06:29:58,REAL,2709582414,538,2709582952,2709582952
2025-06-19 06:30:00,REAL,2709582952,481,2709583433,2709583433
2025-06-19 06:30:02,REAL,2709583433,481,2709583914,2709583914
2025-06-19 06:30:04,REAL,2709583914,482,2709584396,2709584396
2025-06-19 06:30:06,REAL,2709584396,485,2709584881,2709584881
2025-06-19 06:30:08,REAL,2709584881,539,2709585420,2709585420
2025-06-19 06:30:10,REAL,2709585420,479,2709585899,2709585899
2025-06-19 06:30:12,REAL,2709585899,487,2709586386,2709586386
2025-06-19 06:30:14,REAL,2709586386,488,2709586874,2709586874
2025-06-19 06:30:16,REAL,2709586874,482,2709587356,2709587356
2025-06-19 06:30:18,REAL,2709587356,486,2709587842,2709587842
2025-06-19 06:30:20,REAL,2709587842,484,2709588326,2709588326
2025-06-19 06:30:22,REAL,2709588326,477,2709588803,2709588803
2025-06-19 06:30:24,REAL,2709588803,486,2709589289,2709589289
2025-06-19 06:30:26,REAL,2709589289,492,2709589781,2709589781
2025-06-19 06:30:28,REAL,2709589781,478,2709590259,2709590259
2025-06-19 06:30:30,REAL,2709590259,540,2709590799,2709590799
2025-06-19 06:30:32,REAL,2709590799,484,2709591283,2709591283
2025-06-19 06:30:34,REAL,2709591283,486,2709591769,2709591769
2025-06-19 06:30:36,REAL,2709591769,483,2709592252,2709592252
2025-06-19 06:30:38,REAL,2709592252,488,2709592740,2709592740
2025-06-19 06:30:40,REAL,2709592740,490,2709593230,2709593230
2025-06-19 06:30:42,REAL,2709593230,543,2709593773,2709593773
2025-06-19 06:30:44,REAL,2709593773,482,2709594255,2709594255
2025-06-19 06:30:46,REAL,2709594255,477,2709594732,2709594732
2025-06-19 06:30:48,REAL,2709594732,487,2709595219,2709595219
2025-06-19 06:30:50,REAL,2709595219,484,2709595703,2709595703
2025-06-19 06:30:52,REAL,2709595703,480,2709596183,2709596183
2025-06-19 06:30:54,REAL,2709596183,475,2709596658,2709596658
2025-06-19 06:30:56,REAL,2709596658,480,2709597138,2709597138
2025-06-19 06:30:58,REAL,2709597138,2801,2709599939,2709599939
2025-06-19 06:31:00,REAL,2709599939,14472,2709614411,2709614411
2025-06-19 06:31:02,REAL,2709614411,10324,2709624735,2709624735
2025-06-19 06:31:04,REAL,2709624735,10306,2709635041,2709635041
2025-06-19 06:31:06,REAL,2709635041,10253,2709645294,2709645294
2025-06-19 06:31:08,REAL,2709645294,10254,2709655548,2709655548
2025-06-19 06:31:10,REAL,2709655548,10326,2709665874,2709665874
2025-06-19 06:31:12,REAL,2709665874,10243,2709676117,2709676117
2025-06-19 06:31:14,REAL,2709676117,3384,2709679501,2709679501
2025-06-19 06:31:16,REAL,2709679501,482,2709679983,2709679983
2025-06-19 06:31:18,REAL,2709679983,479,2709680462,2709680462
2025-06-19 06:31:20,REAL,2709680462,480,2709680942,2709680942
2025-06-19 06:31:22,REAL,2709680942,477,2709681419,2709681419
2025-06-19 06:31:24,REAL,2709681419,482,2709681901,2709681901
2025-06-19 06:31:26,REAL,2709681901,490,2709682391,2709682391
2025-06-19 06:31:28,REAL,2709682391,480,2709682871,2709682871
2025-06-19 06:31:30,REAL,2709682871,480,2709683351,2709683351
2025-06-19 06:31:32,REAL,2709683351,536,2709683887,2709683887
2025-06-19 06:31:34,REAL,2709683887,489,2709684376,2709684376
2025-06-19 06:31:36,REAL,2709684376,542,2709684918,2709684918
2025-06-19 06:31:38,REAL,2709684918,489,2709685407,2709685407
2025-06-19 06:31:40,REAL,2709685407,484,2709685891,2709685891
2025-06-19 06:31:42,REAL,2709685891,486,2709686377,2709686377
2025-06-19 06:31:44,REAL,2709686377,477,2709686854,2709686854
2025-06-19 06:31:46,REAL,2709686854,486,2709687340,2709687340
2025-06-19 06:31:48,REAL,2709687340,494,2709687834,2709687834
2025-06-19 06:31:50,REAL,2709687834,482,2709688316,2709688316
2025-06-19 06:31:52,REAL,2709688316,481,2709688797,2709688797
2025-06-19 06:31:54,REAL,2709688797,480,2709689277,2709689277
2025-06-19 06:31:56,REAL,2709689277,485,2709689762,2709689762
2025-06-19 06:31:58,REAL,2709689762,481,2709690243,2709690243
2025-06-19 06:32:00,REAL,2709690243,484,2709690727,2709690727
2025-06-19 06:32:02,REAL,2709690727,493,2709691220,2709691220
2025-06-19 06:32:04,REAL,2709691220,488,2709691708,2709691708
2025-06-19 06:32:06,REAL,2709691708,532,2709692240,2709692240
2025-06-19 06:32:08,REAL,2709692240,533,2709692773,2709692773
2025-06-19 06:32:10,REAL,2709692773,486,2709693259,2709693259
2025-06-19 06:32:12,REAL,2709693259,492,2709693751,2709693751
2025-06-19 06:32:14,REAL,2709693751,489,2709694240,2709694240
2025-06-19 06:32:16,REAL,2709694240,476,2709694716,2709694716
2025-06-19 06:32:18,REAL,2709694716,494,2709695210,2709695210
2025-06-19 06:32:20,REAL,2709695210,487,2709695697,2709695697
2025-06-19 06:32:22,REAL,2709695697,485,2709696182,2709696182
2025-06-19 06:32:24,REAL,2709696182,10129,2709706311,2709706311
2025-06-19 06:32:26,REAL,2709706311,10441,2709716752,2709716752
2025-06-19 06:32:28,REAL,2709716752,10254,2709727006,2709727006
2025-06-19 06:32:30,REAL,2709727006,10318,2709737324,2709737324
2025-06-19 06:32:32,REAL,2709737324,10251,2709747575,2709747575
2025-06-19 06:32:34,REAL,2709747575,10247,2709757822,2709757822
2025-06-19 06:32:36,REAL,2709757822,10318,2709768140,2709768140
2025-06-19 06:32:38,REAL,2709768140,6818,2709774958,2709774958
2025-06-19 06:32:40,REAL,2709774958,547,2709775505,2709775505
2025-06-19 06:32:42,REAL,2709775505,480,2709775985,2709775985
2025-06-19 06:32:44,REAL,2709775985,478,2709776463,2709776463
2025-06-19 06:32:46,REAL,2709776463,487,2709776950,2709776950
2025-06-19 06:32:48,REAL,2709776950,550,2709777500,2709777500
2025-06-19 06:32:50,REAL,2709777500,480,2709777980,2709777980
2025-06-19 06:32:52,REAL,2709777980,490,2709778470,2709778470
2025-06-19 06:32:54,REAL,2709778470,491,2709778961,2709778961
2025-06-19 06:32:56,REAL,2709778961,488,2709779449,2709779449
2025-06-19 06:32:58,REAL,2709779449,482,2709779931,2709779931
2025-06-19 06:33:00,REAL,2709779931,478,2709780409,2709780409
2025-06-19 06:33:02,REAL,2709780409,483,2709780892,2709780892
2025-06-19 06:33:04,REAL,2709780892,479,2709781371,2709781371
2025-06-19 06:33:06,REAL,2709781371,485,2709781856,2709781856
2025-06-19 06:33:08,REAL,2709781856,492,2709782348,2709782348
2025-06-19 06:33:10,REAL,2709782348,483,2709782831,2709782831
2025-06-19 06:33:12,REAL,2709782831,494,2709783325,2709783325
2025-06-19 06:33:14,REAL,2709783325,595,2709783920,2709783920
2025-06-19 06:33:16,REAL,2709783920,485,2709784405,2709784405
2025-06-19 06:33:18,REAL,2709784405,481,2709784886,2709784886
2025-06-19 06:33:20,REAL,2709784886,483,2709785369,2709785369
2025-06-19 06:33:22,REAL,2709785369,490,2709785859,2709785859
2025-06-19 06:33:24,REAL,2709785859,480,2709786339,2709786339
2025-06-19 06:33:26,REAL,2709786339,480,2709786819,2709786819
2025-06-19 06:33:28,REAL,2709786819,11449,2709798268,2709798268
2025-06-19 06:33:30,REAL,2709798268,10312,2709808580,2709808580
2025-06-19 06:33:32,REAL,2709808580,10253,2709818833,2709818833
2025-06-19 06:33:34,REAL,2709818833,10248,2709829081,2709829081
2025-06-19 06:33:36,REAL,2709829081,10247,2709839328,2709839328
2025-06-19 06:33:38,REAL,2709839328,10249,2709849577,2709849577
2025-06-19 06:33:40,REAL,2709849577,10251,2709859828,2709859828
2025-06-19 06:33:42,REAL,2709859828,5624,2709865452,2709865452
2025-06-19 06:33:44,REAL,2709865452,482,2709865934,2709865934
2025-06-19 06:33:46,REAL,2709865934,479,2709866413,2709866413
2025-06-19 06:33:48,REAL,2709866413,242,2709866655,2709866655
2025-06-19 06:33:50,REAL,2709866655,484,2709867139,2709867139
2025-06-19 06:33:52,REAL,2709867139,540,2709867679,2709867679
2025-06-19 06:33:54,REAL,2709867679,474,2709868153,2709868153
2025-06-19 06:33:56,REAL,2709868153,480,2709868633,2709868633
2025-06-19 06:33:58,REAL,2709868633,631,2709869264,2709869264
2025-06-19 06:34:00,REAL,2709869264,15467,2709884731,2709884731
2025-06-19 06:34:02,REAL,2709884731,10250,2709894981,2709894981
2025-06-19 06:34:04,REAL,2709894981,10321,2709905302,2709905302
2025-06-19 06:34:06,REAL,2709905302,10250,2709915552,2709915552
2025-06-19 06:34:08,REAL,2709915552,10315,2709925867,2709925867
2025-06-19 06:34:10,REAL,2709925867,10302,2709936169,2709936169
2025-06-19 06:34:12,REAL,2709936169,10318,2709946487,2709946487
2025-06-19 06:34:14,REAL,2709946487,4969,2709951456,2709951456
2025-06-19 06:34:16,REAL,2709951456,479,2709951935,2709951935
2025-06-19 06:34:18,REAL,2709951935,486,2709952421,2709952421
2025-06-19 06:34:20,REAL,2709952421,481,2709952902,2709952902
2025-06-19 06:34:22,REAL,2709952902,488,2709953390,2709953390
2025-06-19 06:34:24,REAL,2709953390,536,2709953926,2709953926
2025-06-19 06:34:26,REAL,2709953926,485,2709954411,2709954411
2025-06-19 06:34:28,REAL,2709954411,486,2709954897,2709954897
2025-06-19 06:34:30,REAL,2709954897,1620,2709956517,2709956517
2025-06-19 06:34:32,REAL,2709956517,11764,2709968281,2709968281
2025-06-19 06:34:34,REAL,2709968281,10260,2709978541,2709978541
2025-06-19 06:34:36,REAL,2709978541,10319,2709988860,2709988860
2025-06-19 06:34:38,REAL,2709988860,10312,2709999172,2709999172
2025-06-19 06:34:40,REAL,2709999172,10253,2710009425,2710009425
2025-06-19 06:34:42,REAL,2710009425,10257,2710019682,2710019682
2025-06-19 06:34:44,REAL,2710019682,10259,2710029941,2710029941
2025-06-19 06:34:46,REAL,2710029941,4314,2710034255,2710034255
2025-06-19 06:34:48,REAL,2710034255,489,2710034744,2710034744
2025-06-19 06:34:50,REAL,2710034744,487,2710035231,2710035231
2025-06-19 06:34:52,REAL,2710035231,479,2710035710,2710035710
2025-06-19 06:34:54,REAL,2710035710,493,2710036203,2710036203
2025-06-19 06:34:56,REAL,2710036203,536,2710036739,2710036739
2025-06-19 06:34:58,REAL,2710036739,480,2710037219,2710037219
2025-06-19 06:35:00,REAL,2710037219,489,2710037708,2710037708
2025-06-19 06:35:02,REAL,2710037708,2335,2710040043,2710040043
2025-06-19 06:35:04,REAL,2710040043,11638,2710051681,2710051681
2025-06-19 06:35:06,REAL,2710051681,10304,2710061985,2710061985
2025-06-19 06:35:08,REAL,2710061985,10252,2710072237,2710072237
2025-06-19 06:35:10,REAL,2710072237,10258,2710082495,2710082495
2025-06-19 06:35:12,REAL,2710082495,10320,2710092815,2710092815
2025-06-19 06:35:14,REAL,2710092815,10252,2710103067,2710103067
2025-06-19 06:35:16,REAL,2710103067,10323,2710113390,2710113390
2025-06-19 06:35:18,REAL,2710113390,3658,2710117048,2710117048
2025-06-19 06:35:20,REAL,2710117048,491,2710117539,2710117539
2025-06-19 06:35:22,REAL,2710117539,479,2710118018,2710118018
2025-06-19 06:35:24,REAL,2710118018,486,2710118504,2710118504
2025-06-19 06:35:26,REAL,2710118504,481,2710118985,2710118985
2025-06-19 06:35:28,REAL,2710118985,539,2710119524,2710119524
2025-06-19 06:35:30,REAL,2710119524,479,2710120003,2710120003
2025-06-19 06:35:32,REAL,2710120003,535,2710120538,2710120538
2025-06-19 06:35:34,REAL,2710120538,3059,2710123597,2710123597
2025-06-19 06:35:36,REAL,2710123597,11634,2710135231,2710135231
2025-06-19 06:35:38,REAL,2710135231,10257,2710145488,2710145488
2025-06-19 06:35:40,REAL,2710145488,10256,2710155744,2710155744
2025-06-19 06:35:42,REAL,2710155744,10326,2710166070,2710166070
2025-06-19 06:35:44,REAL,2710166070,10252,2710176322,2710176322
2025-06-19 06:35:46,REAL,2710176322,10253,2710186575,2710186575
2025-06-19 06:35:48,REAL,2710186575,10258,2710196833,2710196833
2025-06-19 06:35:50,REAL,2710196833,3057,2710199890,2710199890
2025-06-19 06:35:52,REAL,2710199890,488,2710200378,2710200378
2025-06-19 06:35:54,REAL,2710200378,492,2710200870,2710200870
2025-06-19 06:35:56,REAL,2710200870,9270,2710210140,2710210140
2025-06-19 06:35:58,REAL,2710210140,10714,2710220854,2710220854
2025-06-19 06:36:00,REAL,2710220854,10256,2710231110,2710231110
2025-06-19 06:36:02,REAL,2710231110,10313,2710241423,2710241423
2025-06-19 06:36:04,REAL,2710241423,10254,2710251677,2710251677
2025-06-19 06:36:06,REAL,2710251677,10256,2710261933,2710261933
2025-06-19 06:36:08,REAL,2710261933,10309,2710272242,2710272242
2025-06-19 06:36:10,REAL,2710272242,7547,2710279789,2710279789
2025-06-19 06:36:12,REAL,2710279789,483,2710280272,2710280272
2025-06-19 06:36:14,REAL,2710280272,488,2710280760,2710280760
2025-06-19 06:36:16,REAL,2710280760,485,2710281245,2710281245
2025-06-19 06:36:18,REAL,2710281245,491,2710281736,2710281736
2025-06-19 06:36:20,REAL,2710281736,534,2710282270,2710282270
2025-06-19 06:36:22,REAL,2710282270,483,2710282753,2710282753
2025-06-19 06:36:24,REAL,2710282753,482,2710283235,2710283235
2025-06-19 06:36:26,REAL,2710283235,484,2710283719,2710283719
2025-06-19 06:36:28,REAL,2710283719,485,2710284204,2710284204
2025-06-19 06:36:30,REAL,2710284204,539,2710284743,2710284743
2025-06-19 06:36:32,REAL,2710284743,487,2710285230,2710285230
2025-06-19 06:36:34,REAL,2710285230,474,2710285704,2710285704
2025-06-19 06:36:36,REAL,2710285704,483,2710286187,2710286187
2025-06-19 06:36:38,REAL,2710286187,488,2710286675,2710286675
2025-06-19 06:36:40,REAL,2710286675,487,2710287162,2710287162
2025-06-19 06:36:42,REAL,2710287162,487,2710287649,2710287649
2025-06-19 06:36:44,REAL,2710287649,483,2710288132,2710288132
2025-06-19 06:36:46,REAL,2710288132,544,2710288676,2710288676
2025-06-19 06:36:48,REAL,2710288676,482,2710289158,2710289158
2025-06-19 06:36:50,REAL,2710289158,488,2710289646,2710289646
2025-06-19 06:36:52,REAL,2710289646,484,2710290130,2710290130
2025-06-19 06:36:54,REAL,2710290130,475,2710290605,2710290605
2025-06-19 06:36:56,REAL,2710290605,540,2710291145,2710291145
2025-06-19 06:36:58,REAL,2710291145,483,2710291628,2710291628
2025-06-19 06:37:00,REAL,2710291628,483,2710292111,2710292111
2025-06-19 06:37:02,REAL,2710292111,489,2710292600,2710292600
2025-06-19 06:37:04,REAL,2710292600,494,2710293094,2710293094
2025-06-19 06:37:06,REAL,2710293094,483,2710293577,2710293577
2025-06-19 06:37:08,REAL,2710293577,481,2710294058,2710294058
2025-06-19 06:37:10,REAL,2710294058,478,2710294536,2710294536
2025-06-19 06:37:12,REAL,2710294536,547,2710295083,2710295083
2025-06-19 06:37:14,REAL,2710295083,490,2710295573,2710295573
2025-06-19 06:37:16,REAL,2710295573,487,2710296060,2710296060
2025-06-19 06:37:18,REAL,2710296060,480,2710296540,2710296540
2025-06-19 06:37:20,REAL,2710296540,487,2710297027,2710297027
2025-06-19 06:37:22,REAL,2710297027,483,2710297510,2710297510
2025-06-19 06:37:24,REAL,2710297510,488,2710297998,2710297998
2025-06-19 06:37:26,REAL,2710297998,547,2710298545,2710298545
2025-06-19 06:37:28,REAL,2710298545,482,2710299027,2710299027
2025-06-19 06:37:30,REAL,2710299027,488,2710299515,2710299515
2025-06-19 06:37:32,REAL,2710299515,480,2710299995,2710299995
2025-06-19 06:37:34,REAL,2710299995,483,2710300478,2710300478
2025-06-19 06:37:36,REAL,2710300478,480,2710300958,2710300958
2025-06-19 06:37:38,REAL,2710300958,478,2710301436,2710301436
2025-06-19 06:37:40,REAL,2710301436,485,2710301921,2710301921
2025-06-19 06:37:42,REAL,2710301921,485,2710302406,2710302406
2025-06-19 06:37:44,REAL,2710302406,478,2710302884,2710302884
2025-06-19 06:37:46,REAL,2710302884,483,2710303367,2710303367
2025-06-19 06:37:48,REAL,2710303367,489,2710303856,2710303856
2025-06-19 06:37:50,REAL,2710303856,483,2710304339,2710304339
2025-06-19 06:37:52,REAL,2710304339,490,2710304829,2710304829
2025-06-19 06:37:54,REAL,2710304829,540,2710305369,2710305369
2025-06-19 06:37:56,REAL,2710305369,544,2710305913,2710305913
2025-06-19 06:37:58,REAL,2710305913,480,2710306393,2710306393
2025-06-19 06:38:00,REAL,2710306393,487,2710306880,2710306880
2025-06-19 06:38:02,REAL,2710306880,483,2710307363,2710307363
2025-06-19 06:38:04,REAL,2710307363,482,2710307845,2710307845
2025-06-19 06:38:06,REAL,2710307845,490,2710308335,2710308335
2025-06-19 06:38:08,REAL,2710308335,491,2710308826,2710308826
2025-06-19 06:38:10,REAL,2710308826,487,2710309313,2710309313
2025-06-19 06:38:12,REAL,2710309313,488,2710309801,2710309801
2025-06-19 06:38:14,REAL,2710309801,485,2710310286,2710310286
2025-06-19 06:38:16,REAL,2710310286,489,2710310775,2710310775
2025-06-19 06:38:18,REAL,2710310775,486,2710311261,2710311261
2025-06-19 06:38:20,REAL,2710311261,489,2710311750,2710311750
2025-06-19 06:38:22,REAL,2710311750,482,2710312232,2710312232
2025-06-19 06:38:24,REAL,2710312232,486,2710312718,2710312718
2025-06-19 06:38:26,REAL,2710312718,538,2710313256,2710313256
2025-06-19 06:38:28,REAL,2710313256,483,2710313739,2710313739
2025-06-19 06:38:30,REAL,2710313739,481,2710314220,2710314220
2025-06-19 06:38:32,REAL,2710314220,479,2710314699,2710314699
2025-06-19 06:38:34,REAL,2710314699,491,2710315190,2710315190
2025-06-19 06:38:36,REAL,2710315190,484,2710315674,2710315674
2025-06-19 06:38:38,REAL,2710315674,483,2710316157,2710316157
2025-06-19 06:38:40,REAL,2710316157,482,2710316639,2710316639
2025-06-19 06:38:42,REAL,2710316639,536,2710317175,2710317175
2025-06-19 06:38:44,REAL,2710317175,486,2710317661,2710317661
2025-06-19 06:38:46,REAL,2710317661,478,2710318139,2710318139
2025-06-19 06:38:48,REAL,2710318139,480,2710318619,2710318619
2025-06-19 06:38:50,REAL,2710318619,483,2710319102,2710319102
2025-06-19 06:38:52,REAL,2710319102,480,2710319582,2710319582
2025-06-19 06:38:54,REAL,2710319582,486,2710320068,2710320068
2025-06-19 06:38:56,REAL,2710320068,489,2710320557,2710320557
2025-06-19 06:38:58,REAL,2710320557,480,2710321037,2710321037
2025-06-19 06:39:00,REAL,2710321037,487,2710321524,2710321524
2025-06-19 06:39:02,REAL,2710321524,541,2710322065,2710322065
2025-06-19 06:39:04,REAL,2710322065,488,2710322553,2710322553
2025-06-19 06:39:06,REAL,2710322553,480,2710323033,2710323033
2025-06-19 06:39:08,REAL,2710323033,484,2710323517,2710323517
2025-06-19 06:39:10,REAL,2710323517,486,2710324003,2710324003
2025-06-19 06:39:12,REAL,2710324003,8272,2710332275,2710332275
2025-06-19 06:39:14,REAL,2710332275,11054,2710343329,2710343329
2025-06-19 06:39:16,REAL,2710343329,10252,2710353581,2710353581
2025-06-19 06:39:18,REAL,2710353581,10321,2710363902,2710363902
2025-06-19 06:39:20,REAL,2710363902,10243,2710374145,2710374145
2025-06-19 06:39:22,REAL,2710374145,10315,2710384460,2710384460
2025-06-19 06:39:24,REAL,2710384460,10258,2710394718,2710394718
2025-06-19 06:39:26,REAL,2710394718,8735,2710403453,2710403453
2025-06-19 06:39:28,REAL,2710403453,475,2710403928,2710403928
2025-06-19 06:39:30,REAL,2710403928,493,2710404421,2710404421
2025-06-19 06:39:32,REAL,2710404421,2733,2710407154,2710407154
2025-06-19 06:39:34,REAL,2710407154,11637,2710418791,2710418791
2025-06-19 06:39:36,REAL,2710418791,10302,2710429093,2710429093
2025-06-19 06:39:38,REAL,2710429093,10316,2710439409,2710439409
2025-06-19 06:39:40,REAL,2710439409,10244,2710449653,2710449653
2025-06-19 06:39:42,REAL,2710449653,10254,2710459907,2710459907
2025-06-19 06:39:44,REAL,2710459907,10243,2710470150,2710470150
2025-06-19 06:39:46,REAL,2710470150,10321,2710480471,2710480471
2025-06-19 06:39:48,REAL,2710480471,3454,2710483925,2710483925
2025-06-19 06:39:50,REAL,2710483925,476,2710484401,2710484401
2025-06-19 06:39:52,REAL,2710484401,487,2710484888,2710484888
2025-06-19 06:39:54,REAL,2710484888,488,2710485376,2710485376
2025-06-19 06:39:56,REAL,2710485376,480,2710485856,2710485856
2025-06-19 06:39:58,REAL,2710485856,489,2710486345,2710486345
2025-06-19 06:40:00,REAL,2710486345,491,2710486836,2710486836
2025-06-19 06:40:02,REAL,2710486836,489,2710487325,2710487325
2025-06-19 06:40:04,REAL,2710487325,3855,2710491180,2710491180
2025-06-19 06:40:06,REAL,2710491180,13824,2710505004,2710505004
2025-06-19 06:40:08,REAL,2710505004,10247,2710515251,2710515251
2025-06-19 06:40:10,REAL,2710515251,10310,2710525561,2710525561
2025-06-19 06:40:12,REAL,2710525561,10252,2710535813,2710535813
2025-06-19 06:40:14,REAL,2710535813,10314,2710546127,2710546127
2025-06-19 06:40:16,REAL,2710546127,10250,2710556377,2710556377
2025-06-19 06:40:18,REAL,2710556377,10317,2710566694,2710566694
2025-06-19 06:40:20,REAL,2710566694,2793,2710569487,2710569487
2025-06-19 06:40:22,REAL,2710569487,487,2710569974,2710569974
2025-06-19 06:40:24,REAL,2710569974,483,2710570457,2710570457
2025-06-19 06:40:26,REAL,2710570457,478,2710570935,2710570935
2025-06-19 06:40:28,REAL,2710570935,490,2710571425,2710571425
2025-06-19 06:40:30,REAL,2710571425,483,2710571908,2710571908
2025-06-19 06:40:32,REAL,2710571908,486,2710572394,2710572394
2025-06-19 06:40:34,REAL,2710572394,482,2710572876,2710572876
2025-06-19 06:40:36,REAL,2710572876,4376,2710577252,2710577252
2025-06-19 06:40:38,REAL,2710577252,14671,2710591923,2710591923
2025-06-19 06:40:40,REAL,2710591923,10254,2710602177,2710602177
2025-06-19 06:40:42,REAL,2710602177,10314,2710612491,2710612491
2025-06-19 06:40:44,REAL,2710612491,10261,2710622752,2710622752
2025-06-19 06:40:46,REAL,2710622752,10303,2710633055,2710633055
2025-06-19 06:40:48,REAL,2710633055,10322,2710643377,2710643377
2025-06-19 06:40:50,REAL,2710643377,10246,2710653623,2710653623
2025-06-19 06:40:52,REAL,2710653623,2135,2710655758,2710655758
2025-06-19 06:40:54,REAL,2710655758,477,2710656235,2710656235
2025-06-19 06:40:56,REAL,2710656235,480,2710656715,2710656715
2025-06-19 06:40:58,REAL,2710656715,483,2710657198,2710657198
2025-06-19 06:41:00,REAL,2710657198,480,2710657678,2710657678
2025-06-19 06:41:02,REAL,2710657678,488,2710658166,2710658166
2025-06-19 06:41:04,REAL,2710658166,477,2710658643,2710658643
2025-06-19 06:41:06,REAL,2710658643,478,2710659121,2710659121
2025-06-19 06:41:08,REAL,2710659121,5045,2710664166,2710664166
2025-06-19 06:41:10,REAL,2710664166,14021,2710678187,2710678187
2025-06-19 06:41:12,REAL,2710678187,10246,2710688433,2710688433
2025-06-19 06:41:14,REAL,2710688433,10316,2710698749,2710698749
2025-06-19 06:41:16,REAL,2710698749,10252,2710709001,2710709001
2025-06-19 06:41:18,REAL,2710709001,10254,2710719255,2710719255
2025-06-19 06:41:20,REAL,2710719255,10373,2710729628,2710729628
2025-06-19 06:41:22,REAL,2710729628,10253,2710739881,2710739881
2025-06-19 06:41:24,REAL,2710739881,1540,2710741421,2710741421
2025-06-19 06:41:26,REAL,2710741421,482,2710741903,2710741903
2025-06-19 06:41:28,REAL,2710741903,479,2710742382,2710742382
2025-06-19 06:41:30,REAL,2710742382,488,2710742870,2710742870
2025-06-19 06:41:32,REAL,2710742870,480,2710743350,2710743350
2025-06-19 06:41:34,REAL,2710743350,489,2710743839,2710743839
2025-06-19 06:41:36,REAL,2710743839,486,2710744325,2710744325
2025-06-19 06:41:38,REAL,2710744325,486,2710744811,2710744811
2025-06-19 06:41:40,REAL,2710744811,5900,2710750711,2710750711
2025-06-19 06:41:42,REAL,2710750711,13481,2710764192,2710764192
2025-06-19 06:41:44,REAL,2710764192,10314,2710774506,2710774506
2025-06-19 06:41:46,REAL,2710774506,10252,2710784758,2710784758
2025-06-19 06:41:48,REAL,2710784758,10257,2710795015,2710795015
2025-06-19 06:41:50,REAL,2710795015,10314,2710805329,2710805329
2025-06-19 06:41:52,REAL,2710805329,10256,2710815585,2710815585
2025-06-19 06:41:54,REAL,2710815585,10255,2710825840,2710825840
2025-06-19 06:41:56,REAL,2710825840,997,2710826837,2710826837
2025-06-19 06:41:58,REAL,2710826837,487,2710827324,2710827324
2025-06-19 06:42:00,REAL,2710827324,483,2710827807,2710827807
2025-06-19 06:42:02,REAL,2710827807,489,2710828296,2710828296
2025-06-19 06:42:04,REAL,2710828296,479,2710828775,2710828775
2025-06-19 06:42:06,REAL,2710828775,482,2710829257,2710829257
2025-06-19 06:42:08,REAL,2710829257,484,2710829741,2710829741
2025-06-19 06:42:10,REAL,2710829741,479,2710830220,2710830220
2025-06-19 06:42:12,REAL,2710830220,6761,2710836981,2710836981
2025-06-19 06:42:14,REAL,2710836981,11455,2710848436,2710848436
2025-06-19 06:42:16,REAL,2710848436,10250,2710858686,2710858686
2025-06-19 06:42:18,REAL,2710858686,10311,2710868997,2710868997
2025-06-19 06:42:20,REAL,2710868997,10252,2710879249,2710879249
2025-06-19 06:42:22,REAL,2710879249,10319,2710889568,2710889568
2025-06-19 06:42:24,REAL,2710889568,10260,2710899828,2710899828
2025-06-19 06:42:26,REAL,2710899828,10118,2710909946,2710909946
2025-06-19 06:42:28,REAL,2710909946,482,2710910428,2710910428
2025-06-19 06:42:30,REAL,2710910428,544,2710910972,2710910972
2025-06-19 06:42:32,REAL,2710910972,488,2710911460,2710911460
2025-06-19 06:42:34,REAL,2710911460,483,2710911943,2710911943
2025-06-19 06:42:36,REAL,2710911943,494,2710912437,2710912437
2025-06-19 06:42:38,REAL,2710912437,476,2710912913,2710912913
2025-06-19 06:42:40,REAL,2710912913,487,2710913400,2710913400
2025-06-19 06:42:42,REAL,2710913400,484,2710913884,2710913884
2025-06-19 06:42:44,REAL,2710913884,480,2710914364,2710914364
2025-06-19 06:42:46,REAL,2710914364,483,2710914847,2710914847
2025-06-19 06:42:48,REAL,2710914847,490,2710915337,2710915337
2025-06-19 06:42:50,REAL,2710915337,487,2710915824,2710915824
2025-06-19 06:42:52,REAL,2710915824,486,2710916310,2710916310
2025-06-19 06:42:54,REAL,2710916310,491,2710916801,2710916801
2025-06-19 06:42:56,REAL,2710916801,539,2710917340,2710917340
2025-06-19 06:42:58,REAL,2710917340,491,2710917831,2710917831
2025-06-19 06:43:00,REAL,2710917831,478,2710918309,2710918309
2025-06-19 06:43:02,REAL,2710918309,483,2710918792,2710918792
2025-06-19 06:43:04,REAL,2710918792,538,2710919330,2710919330
2025-06-19 06:43:06,REAL,2710919330,492,2710919822,2710919822
2025-06-19 06:43:08,REAL,2710919822,487,2710920309,2710920309
2025-06-19 06:43:10,REAL,2710920309,476,2710920785,2710920785
2025-06-19 06:43:12,REAL,2710920785,483,2710921268,2710921268
2025-06-19 06:43:14,REAL,2710921268,492,2710921760,2710921760
2025-06-19 06:43:16,REAL,2710921760,484,2710922244,2710922244
2025-06-19 06:43:18,REAL,2710922244,485,2710922729,2710922729
2025-06-19 06:43:20,REAL,2710922729,482,2710923211,2710923211
2025-06-19 06:43:22,REAL,2710923211,482,2710923693,2710923693
2025-06-19 06:43:24,REAL,2710923693,482,2710924175,2710924175
2025-06-19 06:43:26,REAL,2710924175,486,2710924661,2710924661
2025-06-19 06:43:28,REAL,2710924661,545,2710925206,2710925206
2025-06-19 06:43:30,REAL,2710925206,491,2710925697,2710925697
2025-06-19 06:43:32,REAL,2710925697,481,2710926178,2710926178
2025-06-19 06:43:34,REAL,2710926178,493,2710926671,2710926671
2025-06-19 06:43:36,REAL,2710926671,488,2710927159,2710927159
2025-06-19 06:43:38,REAL,2710927159,486,2710927645,2710927645
2025-06-19 06:43:40,REAL,2710927645,536,2710928181,2710928181
2025-06-19 06:43:42,REAL,2710928181,487,2710928668,2710928668
2025-06-19 06:43:44,REAL,2710928668,483,2710929151,2710929151
2025-06-19 06:43:46,REAL,2710929151,481,2710929632,2710929632
2025-06-19 06:43:48,REAL,2710929632,478,2710930110,2710930110
2025-06-19 06:43:50,REAL,2710930110,478,2710930588,2710930588
2025-06-19 06:43:52,REAL,2710930588,488,2710931076,2710931076
2025-06-19 06:43:54,REAL,2710931076,489,2710931565,2710931565
2025-06-19 06:43:56,REAL,2710931565,482,2710932047,2710932047
2025-06-19 06:43:58,REAL,2710932047,488,2710932535,2710932535
2025-06-19 06:44:00,REAL,2710932535,546,2710933081,2710933081
2025-06-19 06:44:02,REAL,2710933081,476,2710933557,2710933557
2025-06-19 06:44:04,REAL,2710933557,491,2710934048,2710934048
2025-06-19 06:44:06,REAL,2710934048,483,2710934531,2710934531
2025-06-19 06:44:08,REAL,2710934531,538,2710935069,2710935069
2025-06-19 06:44:10,REAL,2710935069,489,2710935558,2710935558
2025-06-19 06:44:12,REAL,2710935558,480,2710936038,2710936038
2025-06-19 06:44:14,REAL,2710936038,492,2710936530,2710936530
2025-06-19 06:44:16,REAL,2710936530,489,2710937019,2710937019
2025-06-19 06:44:18,REAL,2710937019,479,2710937498,2710937498
2025-06-19 06:44:20,REAL,2710937498,481,2710937979,2710937979
2025-06-19 06:44:22,REAL,2710937979,491,2710938470,2710938470
2025-06-19 06:44:24,REAL,2710938470,482,2710938952,2710938952
2025-06-19 06:44:26,REAL,2710938952,492,2710939444,2710939444
2025-06-19 06:44:28,REAL,2710939444,489,2710939933,2710939933
2025-06-19 06:44:30,REAL,2710939933,478,2710940411,2710940411
2025-06-19 06:44:32,REAL,2710940411,477,2710940888,2710940888
2025-06-19 06:44:34,REAL,2710940888,539,2710941427,2710941427
2025-06-19 06:44:36,REAL,2710941427,479,2710941906,2710941906
2025-06-19 06:44:38,REAL,2710941906,536,2710942442,2710942442
2025-06-19 06:44:40,REAL,2710942442,491,2710942933,2710942933
2025-06-19 06:44:42,REAL,2710942933,484,2710943417,2710943417
2025-06-19 06:44:44,REAL,2710943417,481,2710943898,2710943898
2025-06-19 06:44:46,REAL,2710943898,491,2710944389,2710944389
2025-06-19 06:44:48,REAL,2710944389,490,2710944879,2710944879
2025-06-19 06:44:50,REAL,2710944879,486,2710945365,2710945365
2025-06-19 06:44:52,REAL,2710945365,482,2710945847,2710945847
2025-06-19 06:44:54,REAL,2710945847,491,2710946338,2710946338
2025-06-19 06:44:56,REAL,2710946338,491,2710946829,2710946829
2025-06-19 06:44:58,REAL,2710946829,488,2710947317,2710947317
2025-06-19 06:45:00,REAL,2710947317,486,2710947803,2710947803
2025-06-19 06:45:02,REAL,2710947803,475,2710948278,2710948278
2025-06-19 06:45:04,REAL,2710948278,480,2710948758,2710948758
2025-06-19 06:45:06,REAL,2710948758,542,2710949300,2710949300
2025-06-19 06:45:08,REAL,2710949300,533,2710949833,2710949833
2025-06-19 06:45:10,REAL,2710949833,480,2710950313,2710950313
2025-06-19 06:45:12,REAL,2710950313,482,2710950795,2710950795
2025-06-19 06:45:14,REAL,2710950795,485,2710951280,2710951280
2025-06-19 06:45:16,REAL,2710951280,482,2710951762,2710951762
2025-06-19 06:45:18,REAL,2710951762,488,2710952250,2710952250
2025-06-19 06:45:20,REAL,2710952250,478,2710952728,2710952728
2025-06-19 06:45:22,REAL,2710952728,477,2710953205,2710953205
2025-06-19 06:45:24,REAL,2710953205,480,2710953685,2710953685
2025-06-19 06:45:26,REAL,2710953685,487,2710954172,2710954172
2025-06-19 06:45:28,REAL,2710954172,484,2710954656,2710954656
2025-06-19 06:45:30,REAL,2710954656,479,2710955135,2710955135
2025-06-19 06:45:32,REAL,2710955135,486,2710955621,2710955621
2025-06-19 06:45:34,REAL,2710955621,485,2710956106,2710956106
2025-06-19 06:45:36,REAL,2710956106,545,2710956651,2710956651
2025-06-19 06:45:38,REAL,2710956651,484,2710957135,2710957135
2025-06-19 06:45:40,REAL,2710957135,548,2710957683,2710957683
2025-06-19 06:45:42,REAL,2710957683,484,2710958167,2710958167
2025-06-19 06:45:44,REAL,2710958167,483,2710958650,2710958650
2025-06-19 06:45:46,REAL,2710958650,480,2710959130,2710959130
2025-06-19 06:45:48,REAL,2710959130,484,2710959614,2710959614
2025-06-19 06:45:50,REAL,2710959614,485,2710960099,2710960099
2025-06-19 06:45:52,REAL,2710960099,474,2710960573,2710960573
2025-06-19 06:45:54,REAL,2710960573,479,2710961052,2710961052
2025-06-19 06:45:56,REAL,2710961052,480,2710961532,2710961532
2025-06-19 06:45:58,REAL,2710961532,480,2710962012,2710962012
2025-06-19 06:46:00,REAL,2710962012,10928,2710972940,2710972940
2025-06-19 06:46:02,REAL,2710972940,10260,2710983200,2710983200
2025-06-19 06:46:04,REAL,2710983200,10250,2710993450,2710993450
2025-06-19 06:46:06,REAL,2710993450,10379,2711003829,2711003829
2025-06-19 06:46:08,REAL,2711003829,10244,2711014073,2711014073
2025-06-19 06:46:10,REAL,2711014073,10246,2711024319,2711024319
2025-06-19 06:46:12,REAL,2711024319,10328,2711034647,2711034647
2025-06-19 06:46:14,REAL,2711034647,6162,2711040809,2711040809
2025-06-19 06:46:16,REAL,2711040809,484,2711041293,2711041293
2025-06-19 06:46:18,REAL,2711041293,487,2711041780,2711041780
2025-06-19 06:46:20,REAL,2711041780,488,2711042268,2711042268
2025-06-19 06:46:22,REAL,2711042268,489,2711042757,2711042757
2025-06-19 06:46:24,REAL,2711042757,483,2711043240,2711043240
2025-06-19 06:46:26,REAL,2711043240,485,2711043725,2711043725
2025-06-19 06:46:28,REAL,2711043725,484,2711044209,2711044209
2025-06-19 06:46:30,REAL,2711044209,479,2711044688,2711044688
2025-06-19 06:46:32,REAL,2711044688,12174,2711056862,2711056862
2025-06-19 06:46:34,REAL,2711056862,10260,2711067122,2711067122
2025-06-19 06:46:36,REAL,2711067122,10375,2711077497,2711077497
2025-06-19 06:46:38,REAL,2711077497,10257,2711087754,2711087754
2025-06-19 06:46:40,REAL,2711087754,10259,2711098013,2711098013
2025-06-19 06:46:42,REAL,2711098013,10250,2711108263,2711108263
2025-06-19 06:46:44,REAL,2711108263,10318,2711118581,2711118581
2025-06-19 06:46:46,REAL,2711118581,5569,2711124150,2711124150
2025-06-19 06:46:48,REAL,2711124150,484,2711124634,2711124634
2025-06-19 06:46:50,REAL,2711124634,484,2711125118,2711125118
2025-06-19 06:46:52,REAL,2711125118,484,2711125602,2711125602
2025-06-19 06:46:54,REAL,2711125602,487,2711126089,2711126089
2025-06-19 06:46:56,REAL,2711126089,489,2711126578,2711126578
2025-06-19 06:46:58,REAL,2711126578,480,2711127058,2711127058
2025-06-19 06:47:00,REAL,2711127058,490,2711127548,2711127548
2025-06-19 06:47:02,REAL,2711127548,678,2711128226,2711128226
2025-06-19 06:47:04,REAL,2711128226,12147,2711140373,2711140373
2025-06-19 06:47:06,REAL,2711140373,10256,2711150629,2711150629
2025-06-19 06:47:08,REAL,2711150629,10249,2711160878,2711160878
2025-06-19 06:47:10,REAL,2711160878,10315,2711171193,2711171193
2025-06-19 06:47:12,REAL,2711171193,10256,2711181449,2711181449
2025-06-19 06:47:14,REAL,2711181449,10242,2711191691,2711191691
2025-06-19 06:47:16,REAL,2711191691,10316,2711202007,2711202007
2025-06-19 06:47:18,REAL,2711202007,4908,2711206915,2711206915
2025-06-19 06:47:20,REAL,2711206915,481,2711207396,2711207396
2025-06-19 06:47:22,REAL,2711207396,480,2711207876,2711207876
2025-06-19 06:47:24,REAL,2711207876,479,2711208355,2711208355
2025-06-19 06:47:26,REAL,2711208355,488,2711208843,2711208843
2025-06-19 06:47:28,REAL,2711208843,488,2711209331,2711209331
2025-06-19 06:47:30,REAL,2711209331,482,2711209813,2711209813
2025-06-19 06:47:32,REAL,2711209813,484,2711210297,2711210297
2025-06-19 06:47:34,REAL,2711210297,534,2711210831,2711210831
2025-06-19 06:47:36,REAL,2711210831,494,2711211325,2711211325
2025-06-19 06:47:38,REAL,2711211325,488,2711211813,2711211813
2025-06-19 06:47:40,REAL,2711211813,477,2711212290,2711212290
2025-06-19 06:47:42,REAL,2711212290,491,2711212781,2711212781
2025-06-19 06:47:44,REAL,2711212781,476,2711213257,2711213257
2025-06-19 06:47:46,REAL,2711213257,486,2711213743,2711213743
2025-06-19 06:47:48,REAL,2711213743,545,2711214288,2711214288
2025-06-19 06:47:50,REAL,2711214288,487,2711214775,2711214775
2025-06-19 06:47:52,REAL,2711214775,481,2711215256,2711215256
2025-06-19 06:47:54,REAL,2711215256,484,2711215740,2711215740
2025-06-19 06:47:56,REAL,2711215740,489,2711216229,2711216229
2025-06-19 06:47:58,REAL,2711216229,492,2711216721,2711216721
2025-06-19 06:48:00,REAL,2711216721,485,2711217206,2711217206
2025-06-19 06:48:02,REAL,2711217206,476,2711217682,2711217682
2025-06-19 06:48:04,REAL,2711217682,539,2711218221,2711218221
2025-06-19 06:48:06,REAL,2711218221,483,2711218704,2711218704
2025-06-19 06:48:08,REAL,2711218704,478,2711219182,2711219182
2025-06-19 06:48:10,REAL,2711219182,488,2711219670,2711219670
2025-06-19 06:48:12,REAL,2711219670,483,2711220153,2711220153
2025-06-19 06:48:14,REAL,2711220153,489,2711220642,2711220642
2025-06-19 06:48:16,REAL,2711220642,482,2711221124,2711221124
2025-06-19 06:48:18,REAL,2711221124,481,2711221605,2711221605
2025-06-19 06:48:20,REAL,2711221605,486,2711222091,2711222091
2025-06-19 06:48:22,REAL,2711222091,483,2711222574,2711222574
2025-06-19 06:48:24,REAL,2711222574,489,2711223063,2711223063
2025-06-19 06:48:26,REAL,2711223063,481,2711223544,2711223544
2025-06-19 06:48:28,REAL,2711223544,482,2711224026,2711224026
2025-06-19 06:48:30,REAL,2711224026,482,2711224508,2711224508
2025-06-19 06:48:32,REAL,2711224508,533,2711225041,2711225041
2025-06-19 06:48:34,REAL,2711225041,482,2711225523,2711225523
2025-06-19 06:48:36,REAL,2711225523,481,2711226004,2711226004
2025-06-19 06:48:38,REAL,2711226004,480,2711226484,2711226484
2025-06-19 06:48:40,REAL,2711226484,484,2711226968,2711226968
2025-06-19 06:48:42,REAL,2711226968,485,2711227453,2711227453
2025-06-19 06:48:44,REAL,2711227453,484,2711227937,2711227937
2025-06-19 06:48:46,REAL,2711227937,485,2711228422,2711228422
2025-06-19 06:48:48,REAL,2711228422,481,2711228903,2711228903
2025-06-19 06:48:50,REAL,2711228903,545,2711229448,2711229448
2025-06-19 06:48:52,REAL,2711229448,485,2711229933,2711229933
2025-06-19 06:48:54,REAL,2711229933,478,2711230411,2711230411
2025-06-19 06:48:56,REAL,2711230411,475,2711230886,2711230886
2025-06-19 06:48:58,REAL,2711230886,481,2711231367,2711231367
2025-06-19 06:49:00,REAL,2711231367,489,2711231856,2711231856
2025-06-19 06:49:02,REAL,2711231856,483,2711232339,2711232339
2025-06-19 06:49:04,REAL,2711232339,478,2711232817,2711232817
2025-06-19 06:49:06,REAL,2711232817,486,2711233303,2711233303
2025-06-19 06:49:08,REAL,2711233303,488,2711233791,2711233791
2025-06-19 06:49:10,REAL,2711233791,492,2711234283,2711234283
2025-06-19 06:49:12,REAL,2711234283,489,2711234772,2711234772
2025-06-19 06:49:14,REAL,2711234772,485,2711235257,2711235257
2025-06-19 06:49:16,REAL,2711235257,480,2711235737,2711235737
2025-06-19 06:49:18,REAL,2711235737,549,2711236286,2711236286
2025-06-19 06:49:20,REAL,2711236286,485,2711236771,2711236771
2025-06-19 06:49:22,REAL,2711236771,488,2711237259,2711237259
2025-06-19 06:49:24,REAL,2711237259,480,2711237739,2711237739
2025-06-19 06:49:26,REAL,2711237739,476,2711238215,2711238215
2025-06-19 06:49:28,REAL,2711238215,487,2711238702,2711238702
2025-06-19 06:49:30,REAL,2711238702,485,2711239187,2711239187
2025-06-19 06:49:32,REAL,2711239187,489,2711239676,2711239676
2025-06-19 06:49:34,REAL,2711239676,481,2711240157,2711240157
2025-06-19 06:49:36,REAL,2711240157,481,2711240638,2711240638
2025-06-19 06:49:38,REAL,2711240638,539,2711241177,2711241177
2025-06-19 06:49:40,REAL,2711241177,478,2711241655,2711241655
2025-06-19 06:49:42,REAL,2711241655,482,2711242137,2711242137
2025-06-19 06:49:44,REAL,2711242137,484,2711242621,2711242621
2025-06-19 06:49:46,REAL,2711242621,486,2711243107,2711243107
2025-06-19 06:49:48,REAL,2711243107,491,2711243598,2711243598
2025-06-19 06:49:50,REAL,2711243598,477,2711244075,2711244075
2025-06-19 06:49:52,REAL,2711244075,481,2711244556,2711244556
2025-06-19 06:49:54,REAL,2711244556,491,2711245047,2711245047
2025-06-19 06:49:56,REAL,2711245047,482,2711245529,2711245529
2025-06-19 06:49:58,REAL,2711245529,491,2711246020,2711246020
2025-06-19 06:50:00,REAL,2711246020,485,2711246505,2711246505
2025-06-19 06:50:02,REAL,2711246505,486,2711246991,2711246991
2025-06-19 06:50:04,REAL,2711246991,532,2711247523,2711247523
2025-06-19 06:50:06,REAL,2711247523,478,2711248001,2711248001
2025-06-19 06:50:08,REAL,2711248001,487,2711248488,2711248488
2025-06-19 06:50:10,REAL,2711248488,483,2711248971,2711248971
2025-06-19 06:50:12,REAL,2711248971,477,2711249448,2711249448
2025-06-19 06:50:14,REAL,2711249448,485,2711249933,2711249933
2025-06-19 06:50:16,REAL,2711249933,483,2711250416,2711250416
2025-06-19 06:50:18,REAL,2711250416,483,2711250899,2711250899
2025-06-19 06:50:20,REAL,2711250899,484,2711251383,2711251383
2025-06-19 06:50:22,REAL,2711251383,489,2711251872,2711251872
2025-06-19 06:50:24,REAL,2711251872,487,2711252359,2711252359
2025-06-19 06:50:26,REAL,2711252359,540,2711252899,2711252899
2025-06-19 06:50:28,REAL,2711252899,487,2711253386,2711253386
2025-06-19 06:50:30,REAL,2711253386,481,2711253867,2711253867
2025-06-19 06:50:32,REAL,2711253867,478,2711254345,2711254345
2025-06-19 06:50:34,REAL,2711254345,474,2711254819,2711254819
2025-06-19 06:50:36,REAL,2711254819,243,2711255062,2711255062
2025-06-19 06:50:38,REAL,2711255062,480,2711255542,2711255542
2025-06-19 06:50:40,REAL,2711255542,484,2711256026,2711256026
2025-06-19 06:50:42,REAL,2711256026,484,2711256510,2711256510
2025-06-19 06:50:44,REAL,2711256510,492,2711257002,2711257002
2025-06-19 06:50:46,REAL,2711257002,478,2711257480,2711257480
2025-06-19 06:50:48,REAL,2711257480,487,2711257967,2711257967
2025-06-19 06:50:50,REAL,2711257967,6104,2711264071,2711264071
2025-06-19 06:50:52,REAL,2711264071,12959,2711277030,2711277030
2025-06-19 06:50:54,REAL,2711277030,10259,2711287289,2711287289
2025-06-19 06:50:56,REAL,2711287289,10245,2711297534,2711297534
2025-06-19 06:50:58,REAL,2711297534,10258,2711307792,2711307792
2025-06-19 06:51:00,REAL,2711307792,10318,2711318110,2711318110
2025-06-19 06:51:02,REAL,2711318110,10252,2711328362,2711328362
2025-06-19 06:51:04,REAL,2711328362,10250,2711338612,2711338612
2025-06-19 06:51:06,REAL,2711338612,1011,2711339623,2711339623
2025-06-19 06:51:08,REAL,2711339623,480,2711340103,2711340103
2025-06-19 06:51:10,REAL,2711340103,490,2711340593,2711340593
2025-06-19 06:51:12,REAL,2711340593,540,2711341133,2711341133
2025-06-19 06:51:14,REAL,2711341133,492,2711341625,2711341625
2025-06-19 06:51:16,REAL,2711341625,482,2711342107,2711342107
2025-06-19 06:51:18,REAL,2711342107,480,2711342587,2711342587
2025-06-19 06:51:20,REAL,2711342587,484,2711343071,2711343071
2025-06-19 06:51:22,REAL,2711343071,6298,2711349369,2711349369
2025-06-19 06:51:24,REAL,2711349369,11047,2711360416,2711360416
2025-06-19 06:51:26,REAL,2711360416,10318,2711370734,2711370734
2025-06-19 06:51:28,REAL,2711370734,10258,2711380992,2711380992
2025-06-19 06:51:30,REAL,2711380992,10254,2711391246,2711391246
2025-06-19 06:51:32,REAL,2711391246,10316,2711401562,2711401562
2025-06-19 06:51:34,REAL,2711401562,10252,2711411814,2711411814
2025-06-19 06:51:36,REAL,2711411814,10119,2711421933,2711421933
2025-06-19 06:51:38,REAL,2711421933,494,2711422427,2711422427
2025-06-19 06:51:40,REAL,2711422427,489,2711422916,2711422916
2025-06-19 06:51:42,REAL,2711422916,492,2711423408,2711423408
2025-06-19 06:51:44,REAL,2711423408,480,2711423888,2711423888
2025-06-19 06:51:46,REAL,2711423888,478,2711424366,2711424366
2025-06-19 06:51:48,REAL,2711424366,480,2711424846,2711424846
2025-06-19 06:51:50,REAL,2711424846,487,2711425333,2711425333
2025-06-19 06:51:52,REAL,2711425333,479,2711425812,2711425812
2025-06-19 06:51:54,REAL,2711425812,477,2711426289,2711426289
2025-06-19 06:51:56,REAL,2711426289,481,2711426770,2711426770
2025-06-19 06:51:58,REAL,2711426770,482,2711427252,2711427252
2025-06-19 06:52:00,REAL,2711427252,539,2711427791,2711427791
2025-06-19 06:52:02,REAL,2711427791,482,2711428273,2711428273
2025-06-19 06:52:04,REAL,2711428273,490,2711428763,2711428763
2025-06-19 06:52:06,REAL,2711428763,484,2711429247,2711429247
2025-06-19 06:52:08,REAL,2711429247,536,2711429783,2711429783
2025-06-19 06:52:10,REAL,2711429783,482,2711430265,2711430265
2025-06-19 06:52:12,REAL,2711430265,486,2711430751,2711430751
2025-06-19 06:52:14,REAL,2711430751,491,2711431242,2711431242
2025-06-19 06:52:16,REAL,2711431242,479,2711431721,2711431721
2025-06-19 06:52:18,REAL,2711431721,480,2711432201,2711432201
2025-06-19 06:52:20,REAL,2711432201,7423,2711439624,2711439624
2025-06-19 06:52:22,REAL,2711439624,10970,2711450594,2711450594
2025-06-19 06:52:24,REAL,2711450594,10252,2711460846,2711460846
2025-06-19 06:52:26,REAL,2711460846,10253,2711471099,2711471099
2025-06-19 06:52:28,REAL,2711471099,10250,2711481349,2711481349
2025-06-19 06:52:30,REAL,2711481349,10250,2711491599,2711491599
2025-06-19 06:52:32,REAL,2711491599,10311,2711501910,2711501910
2025-06-19 06:52:34,REAL,2711501910,9261,2711511171,2711511171
2025-06-19 06:52:36,REAL,2711511171,490,2711511661,2711511661
2025-06-19 06:52:38,REAL,2711511661,478,2711512139,2711512139
2025-06-19 06:52:40,REAL,2711512139,490,2711512629,2711512629
2025-06-19 06:52:42,REAL,2711512629,475,2711513104,2711513104
2025-06-19 06:52:44,REAL,2711513104,486,2711513590,2711513590
2025-06-19 06:52:46,REAL,2711513590,538,2711514128,2711514128
2025-06-19 06:52:48,REAL,2711514128,481,2711514609,2711514609
2025-06-19 06:52:50,REAL,2711514609,490,2711515099,2711515099
2025-06-19 06:52:52,REAL,2711515099,10896,2711525995,2711525995
2025-06-19 06:52:54,REAL,2711525995,10341,2711536336,2711536336
2025-06-19 06:52:56,REAL,2711536336,10250,2711546586,2711546586
2025-06-19 06:52:58,REAL,2711546586,10246,2711556832,2711556832
2025-06-19 06:53:00,REAL,2711556832,10317,2711567149,2711567149
2025-06-19 06:53:02,REAL,2711567149,10256,2711577405,2711577405
2025-06-19 06:53:04,REAL,2711577405,10259,2711587664,2711587664
2025-06-19 06:53:06,REAL,2711587664,8667,2711596331,2711596331
2025-06-19 06:53:08,REAL,2711596331,493,2711596824,2711596824
2025-06-19 06:53:10,REAL,2711596824,489,2711597313,2711597313
2025-06-19 06:53:12,REAL,2711597313,483,2711597796,2711597796
2025-06-19 06:53:14,REAL,2711597796,533,2711598329,2711598329
2025-06-19 06:53:16,REAL,2711598329,489,2711598818,2711598818
2025-06-19 06:53:18,REAL,2711598818,480,2711599298,2711599298
2025-06-19 06:53:20,REAL,2711599298,480,2711599778,2711599778
2025-06-19 06:53:22,REAL,2711599778,482,2711600260,2711600260
2025-06-19 06:53:24,REAL,2711600260,11641,2711611901,2711611901
2025-06-19 06:53:26,REAL,2711611901,11908,2711623809,2711623809
2025-06-19 06:53:28,REAL,2711623809,10262,2711634071,2711634071
2025-06-19 06:53:30,REAL,2711634071,10310,2711644381,2711644381
2025-06-19 06:53:32,REAL,2711644381,10253,2711654634,2711654634
2025-06-19 06:53:34,REAL,2711654634,10304,2711664938,2711664938
2025-06-19 06:53:36,REAL,2711664938,10316,2711675254,2711675254
2025-06-19 06:53:38,REAL,2711675254,8077,2711683331,2711683331
2025-06-19 06:53:40,REAL,2711683331,482,2711683813,2711683813
2025-06-19 06:53:42,REAL,2711683813,492,2711684305,2711684305
2025-06-19 06:53:44,REAL,2711684305,485,2711684790,2711684790
2025-06-19 06:53:46,REAL,2711684790,531,2711685321,2711685321
2025-06-19 06:53:48,REAL,2711685321,484,2711685805,2711685805
2025-06-19 06:53:50,REAL,2711685805,491,2711686296,2711686296
2025-06-19 06:53:52,REAL,2711686296,483,2711686779,2711686779
2025-06-19 06:53:54,REAL,2711686779,478,2711687257,2711687257
2025-06-19 06:53:56,REAL,2711687257,10133,2711697390,2711697390
2025-06-19 06:53:58,REAL,2711697390,10584,2711707974,2711707974
2025-06-19 06:54:00,REAL,2711707974,10250,2711718224,2711718224
2025-06-19 06:54:02,REAL,2711718224,10251,2711728475,2711728475
2025-06-19 06:54:04,REAL,2711728475,10251,2711738726,2711738726
2025-06-19 06:54:06,REAL,2711738726,10247,2711748973,2711748973
2025-06-19 06:54:08,REAL,2711748973,10252,2711759225,2711759225
2025-06-19 06:54:10,REAL,2711759225,7480,2711766705,2711766705
2025-06-19 06:54:12,REAL,2711766705,537,2711767242,2711767242
2025-06-19 06:54:14,REAL,2711767242,485,2711767727,2711767727
2025-06-19 06:54:16,REAL,2711767727,541,2711768268,2711768268
2025-06-19 06:54:18,REAL,2711768268,492,2711768760,2711768760
2025-06-19 06:54:20,REAL,2711768760,487,2711769247,2711769247
2025-06-19 06:54:22,REAL,2711769247,485,2711769732,2711769732
2025-06-19 06:54:24,REAL,2711769732,481,2711770213,2711770213
2025-06-19 06:54:26,REAL,2711770213,483,2711770696,2711770696
2025-06-19 06:54:28,REAL,2711770696,9997,2711780693,2711780693
2025-06-19 06:54:30,REAL,2711780693,10383,2711791076,2711791076
2025-06-19 06:54:32,REAL,2711791076,10318,2711801394,2711801394
2025-06-19 06:54:34,REAL,2711801394,10249,2711811643,2711811643
2025-06-19 06:54:36,REAL,2711811643,10257,2711821900,2711821900
2025-06-19 06:54:38,REAL,2711821900,10251,2711832151,2711832151
2025-06-19 06:54:40,REAL,2711832151,10253,2711842404,2711842404
2025-06-19 06:54:42,REAL,2711842404,6813,2711849217,2711849217
2025-06-19 06:54:44,REAL,2711849217,489,2711849706,2711849706
2025-06-19 06:54:46,REAL,2711849706,487,2711850193,2711850193
2025-06-19 06:54:48,REAL,2711850193,546,2711850739,2711850739
2025-06-19 06:54:50,REAL,2711850739,483,2711851222,2711851222
2025-06-19 06:54:52,REAL,2711851222,544,2711851766,2711851766
2025-06-19 06:54:54,REAL,2711851766,491,2711852257,2711852257
2025-06-19 06:54:56,REAL,2711852257,477,2711852734,2711852734
2025-06-19 06:54:58,REAL,2711852734,478,2711853212,2711853212
2025-06-19 06:55:00,REAL,2711853212,484,2711853696,2711853696
2025-06-19 06:55:02,REAL,2711853696,486,2711854182,2711854182
2025-06-19 06:55:04,REAL,2711854182,478,2711854660,2711854660
2025-06-19 06:55:06,REAL,2711854660,487,2711855147,2711855147
2025-06-19 06:55:08,REAL,2711855147,488,2711855635,2711855635
2025-06-19 06:55:10,REAL,2711855635,532,2711856167,2711856167
2025-06-19 06:55:12,REAL,2711856167,480,2711856647,2711856647
2025-06-19 06:55:14,REAL,2711856647,490,2711857137,2711857137
2025-06-19 06:55:16,REAL,2711857137,480,2711857617,2711857617
2025-06-19 06:55:18,REAL,2711857617,477,2711858094,2711858094
2025-06-19 06:55:20,REAL,2711858094,485,2711858579,2711858579
2025-06-19 06:55:22,REAL,2711858579,490,2711859069,2711859069
2025-06-19 06:55:24,REAL,2711859069,488,2711859557,2711859557
2025-06-19 06:55:26,REAL,2711859557,485,2711860042,2711860042
2025-06-19 06:55:28,REAL,2711860042,487,2711860529,2711860529
2025-06-19 06:55:30,REAL,2711860529,543,2711861072,2711861072
2025-06-19 06:55:32,REAL,2711861072,550,2711861622,2711861622
2025-06-19 06:55:34,REAL,2711861622,481,2711862103,2711862103
2025-06-19 06:55:36,REAL,2711862103,481,2711862584,2711862584
2025-06-19 06:55:38,REAL,2711862584,480,2711863064,2711863064
2025-06-19 06:55:40,REAL,2711863064,487,2711863551,2711863551
2025-06-19 06:55:42,REAL,2711863551,479,2711864030,2711864030
2025-06-19 06:55:44,REAL,2711864030,489,2711864519,2711864519
2025-06-19 06:55:46,REAL,2711864519,6828,2711871347,2711871347
2025-06-19 06:55:48,REAL,2711871347,13623,2711884970,2711884970
2025-06-19 06:55:50,REAL,2711884970,10321,2711895291,2711895291
2025-06-19 06:55:52,REAL,2711895291,10251,2711905542,2711905542
2025-06-19 06:55:54,REAL,2711905542,10255,2711915797,2711915797
2025-06-19 06:55:56,REAL,2711915797,10255,2711926052,2711926052
2025-06-19 06:55:58,REAL,2711926052,10328,2711936380,2711936380
2025-06-19 06:56:00,REAL,2711936380,10250,2711946630,2711946630
2025-06-19 06:56:02,REAL,2711946630,756,2711947386,2711947386
2025-06-19 06:56:04,REAL,2711947386,481,2711947867,2711947867
2025-06-19 06:56:06,REAL,2711947867,481,2711948348,2711948348
2025-06-19 06:56:08,REAL,2711948348,545,2711948893,2711948893
2025-06-19 06:56:10,REAL,2711948893,540,2711949433,2711949433
2025-06-19 06:56:12,REAL,2711949433,477,2711949910,2711949910
2025-06-19 06:56:14,REAL,2711949910,485,2711950395,2711950395
2025-06-19 06:56:16,REAL,2711950395,479,2711950874,2711950874
2025-06-19 06:56:18,REAL,2711950874,7288,2711958162,2711958162
2025-06-19 06:56:20,REAL,2711958162,11049,2711969211,2711969211
2025-06-19 06:56:22,REAL,2711969211,10251,2711979462,2711979462
2025-06-19 06:56:24,REAL,2711979462,10244,2711989706,2711989706
2025-06-19 06:56:26,REAL,2711989706,10321,2712000027,2712000027
2025-06-19 06:56:28,REAL,2712000027,10242,2712010269,2712010269
2025-06-19 06:56:30,REAL,2712010269,10251,2712020520,2712020520
2025-06-19 06:56:32,REAL,2712020520,9915,2712030435,2712030435
2025-06-19 06:56:34,REAL,2712030435,485,2712030920,2712030920
2025-06-19 06:56:36,REAL,2712030920,482,2712031402,2712031402
2025-06-19 06:56:38,REAL,2712031402,482,2712031884,2712031884
2025-06-19 06:56:40,REAL,2712031884,543,2712032427,2712032427
2025-06-19 06:56:42,REAL,2712032427,476,2712032903,2712032903
2025-06-19 06:56:44,REAL,2712032903,477,2712033380,2712033380
2025-06-19 06:56:46,REAL,2712033380,481,2712033861,2712033861
2025-06-19 06:56:48,REAL,2712033861,546,2712034407,2712034407
2025-06-19 06:56:50,REAL,2712034407,7819,2712042226,2712042226
2025-06-19 06:56:52,REAL,2712042226,10714,2712052940,2712052940
2025-06-19 06:56:54,REAL,2712052940,10248,2712063188,2712063188
2025-06-19 06:56:56,REAL,2712063188,10251,2712073439,2712073439
2025-06-19 06:56:58,REAL,2712073439,10316,2712083755,2712083755
2025-06-19 06:57:00,REAL,2712083755,10247,2712094002,2712094002
2025-06-19 06:57:02,REAL,2712094002,10247,2712104249,2712104249
2025-06-19 06:57:04,REAL,2712104249,9256,2712113505,2712113505
2025-06-19 06:57:06,REAL,2712113505,491,2712113996,2712113996
2025-06-19 06:57:08,REAL,2712113996,483,2712114479,2712114479
2025-06-19 06:57:10,REAL,2712114479,479,2712114958,2712114958
2025-06-19 06:57:12,REAL,2712114958,545,2712115503,2712115503
2025-06-19 06:57:14,REAL,2712115503,481,2712115984,2712115984
2025-06-19 06:57:16,REAL,2712115984,487,2712116471,2712116471
2025-06-19 06:57:18,REAL,2712116471,476,2712116947,2712116947
2025-06-19 06:57:20,REAL,2712116947,479,2712117426,2712117426
2025-06-19 06:57:22,REAL,2712117426,9930,2712127356,2712127356
2025-06-19 06:57:24,REAL,2712127356,12229,2712139585,2712139585
2025-06-19 06:57:26,REAL,2712139585,9982,2712149567,2712149567
2025-06-19 06:57:28,REAL,2712149567,10304,2712159871,2712159871
2025-06-19 06:57:30,REAL,2712159871,10253,2712170124,2712170124
2025-06-19 06:57:32,REAL,2712170124,10310,2712180434,2712180434
2025-06-19 06:57:34,REAL,2712180434,10250,2712190684,2712190684
2025-06-19 06:57:36,REAL,2712190684,8599,2712199283,2712199283
2025-06-19 06:57:38,REAL,2712199283,488,2712199771,2712199771
2025-06-19 06:57:40,REAL,2712199771,491,2712200262,2712200262
2025-06-19 06:57:42,REAL,2712200262,489,2712200751,2712200751
2025-06-19 06:57:44,REAL,2712200751,485,2712201236,2712201236
2025-06-19 06:57:46,REAL,2712201236,550,2712201786,2712201786
2025-06-19 06:57:48,REAL,2712201786,491,2712202277,2712202277
2025-06-19 06:57:50,REAL,2712202277,480,2712202757,2712202757
2025-06-19 06:57:52,REAL,2712202757,483,2712203240,2712203240
2025-06-19 06:57:54,REAL,2712203240,11115,2712214355,2712214355
2025-06-19 06:57:56,REAL,2712214355,11565,2712225920,2712225920
2025-06-19 06:57:58,REAL,2712225920,10249,2712236169,2712236169
2025-06-19 06:58:00,REAL,2712236169,10259,2712246428,2712246428
2025-06-19 06:58:02,REAL,2712246428,10246,2712256674,2712256674
2025-06-19 06:58:04,REAL,2712256674,10253,2712266927,2712266927
2025-06-19 06:58:06,REAL,2712266927,10315,2712277242,2712277242
2025-06-19 06:58:08,REAL,2712277242,8006,2712285248,2712285248
2025-06-19 06:58:10,REAL,2712285248,484,2712285732,2712285732
2025-06-19 06:58:12,REAL,2712285732,485,2712286217,2712286217
2025-06-19 06:58:14,REAL,2712286217,484,2712286701,2712286701
2025-06-19 06:58:16,REAL,2712286701,490,2712287191,2712287191
2025-06-19 06:58:18,REAL,2712287191,540,2712287731,2712287731
2025-06-19 06:58:20,REAL,2712287731,483,2712288214,2712288214
2025-06-19 06:58:22,REAL,2712288214,476,2712288690,2712288690
2025-06-19 06:58:24,REAL,2712288690,486,2712289176,2712289176
2025-06-19 06:58:26,REAL,2712289176,494,2712289670,2712289670
2025-06-19 06:58:28,REAL,2712289670,487,2712290157,2712290157
2025-06-19 06:58:30,REAL,2712290157,482,2712290639,2712290639
2025-06-19 06:58:32,REAL,2712290639,483,2712291122,2712291122
2025-06-19 06:58:34,REAL,2712291122,479,2712291601,2712291601
2025-06-19 06:58:36,REAL,2712291601,493,2712292094,2712292094
2025-06-19 06:58:38,REAL,2712292094,478,2712292572,2712292572
2025-06-19 06:58:40,REAL,2712292572,486,2712293058,2712293058
2025-06-19 06:58:42,REAL,2712293058,534,2712293592,2712293592
2025-06-19 06:58:44,REAL,2712293592,483,2712294075,2712294075
2025-06-19 06:58:46,REAL,2712294075,485,2712294560,2712294560
2025-06-19 06:58:48,REAL,2712294560,478,2712295038,2712295038
2025-06-19 06:58:50,REAL,2712295038,530,2712295568,2712295568
2025-06-19 06:58:52,REAL,2712295568,480,2712296048,2712296048
2025-06-19 06:58:54,REAL,2712296048,485,2712296533,2712296533
2025-06-19 06:58:56,REAL,2712296533,478,2712297011,2712297011
2025-06-19 06:58:58,REAL,2712297011,480,2712297491,2712297491
2025-06-19 06:59:00,REAL,2712297491,486,2712297977,2712297977
2025-06-19 06:59:02,REAL,2712297977,487,2712298464,2712298464
2025-06-19 06:59:04,REAL,2712298464,488,2712298952,2712298952
2025-06-19 06:59:06,REAL,2712298952,542,2712299494,2712299494
2025-06-19 06:59:08,REAL,2712299494,488,2712299982,2712299982
2025-06-19 06:59:10,REAL,2712299982,478,2712300460,2712300460
2025-06-19 06:59:12,REAL,2712300460,486,2712300946,2712300946
2025-06-19 06:59:14,REAL,2712300946,483,2712301429,2712301429
2025-06-19 06:59:16,REAL,2712301429,479,2712301908,2712301908
2025-06-19 06:59:18,REAL,2712301908,480,2712302388,2712302388
2025-06-19 06:59:20,REAL,2712302388,488,2712302876,2712302876
2025-06-19 06:59:22,REAL,2712302876,489,2712303365,2712303365
2025-06-19 06:59:24,REAL,2712303365,483,2712303848,2712303848
2025-06-19 06:59:26,REAL,2712303848,485,2712304333,2712304333
2025-06-19 06:59:28,REAL,2712304333,494,2712304827,2712304827
2025-06-19 06:59:30,REAL,2712304827,535,2712305362,2712305362
2025-06-19 06:59:32,REAL,2712305362,486,2712305848,2712305848
2025-06-19 06:59:34,REAL,2712305848,491,2712306339,2712306339
2025-06-19 06:59:36,REAL,2712306339,540,2712306879,2712306879
2025-06-19 06:59:38,REAL,2712306879,477,2712307356,2712307356
2025-06-19 06:59:40,REAL,2712307356,478,2712307834,2712307834
2025-06-19 06:59:42,REAL,2712307834,479,2712308313,2712308313
2025-06-19 06:59:44,REAL,2712308313,478,2712308791,2712308791
2025-06-19 06:59:46,REAL,2712308791,487,2712309278,2712309278
2025-06-19 06:59:48,REAL,2712309278,480,2712309758,2712309758
2025-06-19 06:59:50,REAL,2712309758,477,2712310235,2712310235
2025-06-19 06:59:52,REAL,2712310235,490,2712310725,2712310725
2025-06-19 06:59:54,REAL,2712310725,475,2712311200,2712311200
2025-06-19 06:59:56,REAL,2712311200,535,2712311735,2712311735
2025-06-19 06:59:58,REAL,2712311735,489,2712312224,2712312224
2025-06-19 07:00:00,REAL,2712312224,479,2712312703,2712312703
2025-06-19 07:00:02,REAL,2712312703,482,2712313185,2712313185
2025-06-19 07:00:04,REAL,2712313185,486,2712313671,2712313671
2025-06-19 07:00:06,REAL,2712313671,492,2712314163,2712314163
2025-06-19 07:00:08,REAL,2712314163,490,2712314653,2712314653
2025-06-19 07:00:10,REAL,2712314653,480,2712315133,2712315133
2025-06-19 07:00:12,REAL,2712315133,476,2712315609,2712315609
2025-06-19 07:00:14,REAL,2712315609,484,2712316093,2712316093
2025-06-19 07:00:16,REAL,2712316093,481,2712316574,2712316574
2025-06-19 07:00:18,REAL,2712316574,484,2712317058,2712317058
2025-06-19 07:00:20,REAL,2712317058,598,2712317656,2712317656
2025-06-19 07:00:22,REAL,2712317656,480,2712318136,2712318136
2025-06-19 07:00:24,REAL,2712318136,484,2712318620,2712318620
2025-06-19 07:00:26,REAL,2712318620,486,2712319106,2712319106
2025-06-19 07:00:28,REAL,2712319106,484,2712319590,2712319590
2025-06-19 07:00:30,REAL,2712319590,489,2712320079,2712320079
2025-06-19 07:00:32,REAL,2712320079,488,2712320567,2712320567
2025-06-19 07:00:34,REAL,2712320567,488,2712321055,2712321055
2025-06-19 07:00:36,REAL,2712321055,484,2712321539,2712321539
2025-06-19 07:00:38,REAL,2712321539,481,2712322020,2712322020
2025-06-19 07:00:40,REAL,2712322020,482,2712322502,2712322502
2025-06-19 07:00:42,REAL,2712322502,486,2712322988,2712322988
2025-06-19 07:00:44,REAL,2712322988,541,2712323529,2712323529
2025-06-19 07:00:46,REAL,2712323529,484,2712324013,2712324013
2025-06-19 07:00:48,REAL,2712324013,486,2712324499,2712324499
2025-06-19 07:00:50,REAL,2712324499,481,2712324980,2712324980
2025-06-19 07:00:52,REAL,2712324980,485,2712325465,2712325465
2025-06-19 07:00:54,REAL,2712325465,489,2712325954,2712325954
2025-06-19 07:00:56,REAL,2712325954,486,2712326440,2712326440
2025-06-19 07:00:58,REAL,2712326440,483,2712326923,2712326923
2025-06-19 07:01:00,REAL,2712326923,481,2712327404,2712327404
2025-06-19 07:01:02,REAL,2712327404,490,2712327894,2712327894
2025-06-19 07:01:04,REAL,2712327894,9003,2712336897,2712336897
2025-06-19 07:01:06,REAL,2712336897,12891,2712349788,2712349788
2025-06-19 07:01:08,REAL,2712349788,10315,2712360103,2712360103
2025-06-19 07:01:10,REAL,2712360103,10252,2712370355,2712370355
2025-06-19 07:01:12,REAL,2712370355,10314,2712380669,2712380669
2025-06-19 07:01:14,REAL,2712380669,10248,2712390917,2712390917
2025-06-19 07:01:16,REAL,2712390917,10251,2712401168,2712401168
2025-06-19 07:01:18,REAL,2712401168,9325,2712410493,2712410493
2025-06-19 07:01:20,REAL,2712410493,490,2712410983,2712410983
2025-06-19 07:01:22,REAL,2712410983,490,2712411473,2712411473
2025-06-19 07:01:24,REAL,2712411473,486,2712411959,2712411959
2025-06-19 07:01:26,REAL,2712411959,491,2712412450,2712412450
2025-06-19 07:01:28,REAL,2712412450,543,2712412993,2712412993
2025-06-19 07:01:30,REAL,2712412993,488,2712413481,2712413481
2025-06-19 07:01:32,REAL,2712413481,484,2712413965,2712413965
2025-06-19 07:01:34,REAL,2712413965,483,2712414448,2712414448
2025-06-19 07:01:36,REAL,2712414448,8213,2712422661,2712422661
2025-06-19 07:01:38,REAL,2712422661,10986,2712433647,2712433647
2025-06-19 07:01:40,REAL,2712433647,10253,2712443900,2712443900
2025-06-19 07:01:42,REAL,2712443900,10251,2712454151,2712454151
2025-06-19 07:01:44,REAL,2712454151,10318,2712464469,2712464469
2025-06-19 07:01:46,REAL,2712464469,10253,2712474722,2712474722
2025-06-19 07:01:48,REAL,2712474722,10249,2712484971,2712484971
2025-06-19 07:01:50,REAL,2712484971,8790,2712493761,2712493761
2025-06-19 07:01:52,REAL,2712493761,485,2712494246,2712494246
2025-06-19 07:01:54,REAL,2712494246,491,2712494737,2712494737
2025-06-19 07:01:56,REAL,2712494737,484,2712495221,2712495221
2025-06-19 07:01:58,REAL,2712495221,476,2712495697,2712495697
2025-06-19 07:02:00,REAL,2712495697,543,2712496240,2712496240
2025-06-19 07:02:02,REAL,2712496240,478,2712496718,2712496718
2025-06-19 07:02:04,REAL,2712496718,476,2712497194,2712497194
2025-06-19 07:02:06,REAL,2712497194,482,2712497676,2712497676
2025-06-19 07:02:08,REAL,2712497676,11446,2712509122,2712509122
2025-06-19 07:02:10,REAL,2712509122,11770,2712520892,2712520892
2025-06-19 07:02:12,REAL,2712520892,10256,2712531148,2712531148
2025-06-19 07:02:14,REAL,2712531148,10317,2712541465,2712541465
2025-06-19 07:02:16,REAL,2712541465,10253,2712551718,2712551718
2025-06-19 07:02:18,REAL,2712551718,10255,2712561973,2712561973
2025-06-19 07:02:20,REAL,2712561973,10314,2712572287,2712572287
2025-06-19 07:02:22,REAL,2712572287,8068,2712580355,2712580355
2025-06-19 07:02:24,REAL,2712580355,489,2712580844,2712580844
2025-06-19 07:02:26,REAL,2712580844,478,2712581322,2712581322
2025-06-19 07:02:28,REAL,2712581322,486,2712581808,2712581808
2025-06-19 07:02:30,REAL,2712581808,481,2712582289,2712582289
2025-06-19 07:02:32,REAL,2712582289,533,2712582822,2712582822
2025-06-19 07:02:34,REAL,2712582822,482,2712583304,2712583304
2025-06-19 07:02:36,REAL,2712583304,548,2712583852,2712583852
2025-06-19 07:02:38,REAL,2712583852,483,2712584335,2712584335
2025-06-19 07:02:40,REAL,2712584335,12240,2712596575,2712596575
2025-06-19 07:02:42,REAL,2712596575,11570,2712608145,2712608145
2025-06-19 07:02:44,REAL,2712608145,10251,2712618396,2712618396
2025-06-19 07:02:46,REAL,2712618396,10246,2712628642,2712628642
2025-06-19 07:02:48,REAL,2712628642,10253,2712638895,2712638895
2025-06-19 07:02:50,REAL,2712638895,10252,2712649147,2712649147
2025-06-19 07:02:52,REAL,2712649147,10249,2712659396,2712659396
2025-06-19 07:02:54,REAL,2712659396,7417,2712666813,2712666813
2025-06-19 07:02:56,REAL,2712666813,484,2712667297,2712667297
2025-06-19 07:02:58,REAL,2712667297,487,2712667784,2712667784
2025-06-19 07:03:00,REAL,2712667784,483,2712668267,2712668267
2025-06-19 07:03:02,REAL,2712668267,487,2712668754,2712668754
2025-06-19 07:03:04,REAL,2712668754,484,2712669238,2712669238
2025-06-19 07:03:06,REAL,2712669238,492,2712669730,2712669730
2025-06-19 07:03:08,REAL,2712669730,483,2712670213,2712670213
2025-06-19 07:03:10,REAL,2712670213,488,2712670701,2712670701
2025-06-19 07:03:12,REAL,2712670701,10323,2712681024,2712681024
2025-06-19 07:03:14,REAL,2712681024,10377,2712691401,2712691401
2025-06-19 07:03:16,REAL,2712691401,10326,2712701727,2712701727
2025-06-19 07:03:18,REAL,2712701727,10257,2712711984,2712711984
2025-06-19 07:03:20,REAL,2712711984,10301,2712722285,2712722285
2025-06-19 07:03:22,REAL,2712722285,10313,2712732598,2712732598
2025-06-19 07:03:24,REAL,2712732598,10251,2712742849,2712742849
2025-06-19 07:03:26,REAL,2712742849,6828,2712749677,2712749677
2025-06-19 07:03:28,REAL,2712749677,486,2712750163,2712750163
2025-06-19 07:03:30,REAL,2712750163,485,2712750648,2712750648
2025-06-19 07:03:32,REAL,2712750648,484,2712751132,2712751132
2025-06-19 07:03:34,REAL,2712751132,491,2712751623,2712751623
2025-06-19 07:03:36,REAL,2712751623,484,2712752107,2712752107
2025-06-19 07:03:38,REAL,2712752107,486,2712752593,2712752593
2025-06-19 07:03:40,REAL,2712752593,482,2712753075,2712753075
2025-06-19 07:03:42,REAL,2712753075,493,2712753568,2712753568
2025-06-19 07:03:44,REAL,2712753568,484,2712754052,2712754052
2025-06-19 07:03:46,REAL,2712754052,484,2712754536,2712754536
2025-06-19 07:03:48,REAL,2712754536,5776,2712760312,2712760312
2025-06-19 07:03:50,REAL,2712760312,13687,2712773999,2712773999
2025-06-19 07:03:52,REAL,2712773999,10316,2712784315,2712784315
2025-06-19 07:03:54,REAL,2712784315,10251,2712794566,2712794566
2025-06-19 07:03:56,REAL,2712794566,10257,2712804823,2712804823
2025-06-19 07:03:58,REAL,2712804823,10249,2712815072,2712815072
2025-06-19 07:04:00,REAL,2712815072,10251,2712825323,2712825323
2025-06-19 07:04:02,REAL,2712825323,10313,2712835636,2712835636
2025-06-19 07:04:04,REAL,2712835636,1214,2712836850,2712836850
2025-06-19 07:04:06,REAL,2712836850,539,2712837389,2712837389
2025-06-19 07:04:08,REAL,2712837389,490,2712837879,2712837879
2025-06-19 07:04:10,REAL,2712837879,485,2712838364,2712838364
2025-06-19 07:04:12,REAL,2712838364,483,2712838847,2712838847
2025-06-19 07:04:14,REAL,2712838847,485,2712839332,2712839332
2025-06-19 07:04:16,REAL,2712839332,484,2712839816,2712839816
2025-06-19 07:04:18,REAL,2712839816,490,2712840306,2712840306
2025-06-19 07:04:20,REAL,2712840306,486,2712840792,2712840792
2025-06-19 07:04:22,REAL,2712840792,487,2712841279,2712841279
2025-06-19 07:04:24,REAL,2712841279,489,2712841768,2712841768
2025-06-19 07:04:26,REAL,2712841768,538,2712842306,2712842306
2025-06-19 07:04:28,REAL,2712842306,486,2712842792,2712842792
2025-06-19 07:04:30,REAL,2712842792,482,2712843274,2712843274
2025-06-19 07:04:32,REAL,2712843274,474,2712843748,2712843748
2025-06-19 07:04:34,REAL,2712843748,485,2712844233,2712844233
2025-06-19 07:04:36,REAL,2712844233,479,2712844712,2712844712
2025-06-19 07:04:38,REAL,2712844712,480,2712845192,2712845192
2025-06-19 07:04:40,REAL,2712845192,480,2712845672,2712845672
2025-06-19 07:04:42,REAL,2712845672,479,2712846151,2712846151
2025-06-19 07:04:44,REAL,2712846151,479,2712846630,2712846630
2025-06-19 07:04:46,REAL,2712846630,6306,2712852936,2712852936
2025-06-19 07:04:48,REAL,2712852936,11037,2712863973,2712863973
2025-06-19 07:04:50,REAL,2712863973,10252,2712874225,2712874225
2025-06-19 07:04:52,REAL,2712874225,10249,2712884474,2712884474
2025-06-19 07:04:54,REAL,2712884474,10323,2712894797,2712894797
2025-06-19 07:04:56,REAL,2712894797,10246,2712905043,2712905043
2025-06-19 07:04:58,REAL,2712905043,10250,2712915293,2712915293
2025-06-19 07:05:00,REAL,2712915293,10184,2712925477,2712925477
2025-06-19 07:05:02,REAL,2712925477,478,2712925955,2712925955
2025-06-19 07:05:04,REAL,2712925955,487,2712926442,2712926442
2025-06-19 07:05:06,REAL,2712926442,481,2712926923,2712926923
2025-06-19 07:05:08,REAL,2712926923,483,2712927406,2712927406
2025-06-19 07:05:10,REAL,2712927406,479,2712927885,2712927885
2025-06-19 07:05:12,REAL,2712927885,485,2712928370,2712928370
2025-06-19 07:05:14,REAL,2712928370,486,2712928856,2712928856
2025-06-19 07:05:16,REAL,2712928856,482,2712929338,2712929338
2025-06-19 07:05:18,REAL,2712929338,485,2712929823,2712929823
2025-06-19 07:05:20,REAL,2712929823,488,2712930311,2712930311
2025-06-19 07:05:22,REAL,2712930311,530,2712930841,2712930841
2025-06-19 07:05:24,REAL,2712930841,490,2712931331,2712931331
2025-06-19 07:05:26,REAL,2712931331,481,2712931812,2712931812
2025-06-19 07:05:28,REAL,2712931812,486,2712932298,2712932298
2025-06-19 07:05:30,REAL,2712932298,481,2712932779,2712932779
2025-06-19 07:05:32,REAL,2712932779,535,2712933314,2712933314
2025-06-19 07:05:34,REAL,2712933314,481,2712933795,2712933795
2025-06-19 07:05:36,REAL,2712933795,477,2712934272,2712934272
2025-06-19 07:05:38,REAL,2712934272,1680,2712935952,2712935952
2025-06-19 07:05:40,REAL,2712935952,11579,2712947531,2712947531
2025-06-19 07:05:42,REAL,2712947531,10319,2712957850,2712957850
2025-06-19 07:05:44,REAL,2712957850,10253,2712968103,2712968103
2025-06-19 07:05:46,REAL,2712968103,10250,2712978353,2712978353
2025-06-19 07:05:48,REAL,2712978353,10250,2712988603,2712988603
2025-06-19 07:05:50,REAL,2712988603,10247,2712998850,2712998850
2025-06-19 07:05:52,REAL,2712998850,10313,2713009163,2713009163
2025-06-19 07:05:54,REAL,2713009163,4303,2713013466,2713013466
2025-06-19 07:05:56,REAL,2713013466,477,2713013943,2713013943
2025-06-19 07:05:58,REAL,2713013943,483,2713014426,2713014426
2025-06-19 07:06:00,REAL,2713014426,488,2713014914,2713014914
2025-06-19 07:06:02,REAL,2713014914,490,2713015404,2713015404
2025-06-19 07:06:04,REAL,2713015404,490,2713015894,2713015894
2025-06-19 07:06:06,REAL,2713015894,483,2713016377,2713016377
2025-06-19 07:06:08,REAL,2713016377,481,2713016858,2713016858
2025-06-19 07:06:10,REAL,2713016858,2335,2713019193,2713019193
2025-06-19 07:06:12,REAL,2713019193,14936,2713034129,2713034129
2025-06-19 07:06:14,REAL,2713034129,10300,2713044429,2713044429
2025-06-19 07:06:16,REAL,2713044429,10371,2713054800,2713054800
2025-06-19 07:06:18,REAL,2713054800,10244,2713065044,2713065044
2025-06-19 07:06:20,REAL,2713065044,10314,2713075358,2713075358
2025-06-19 07:06:22,REAL,2713075358,10257,2713085615,2713085615
2025-06-19 07:06:24,REAL,2713085615,10257,2713095872,2713095872
2025-06-19 07:06:26,REAL,2713095872,3724,2713099596,2713099596
2025-06-19 07:06:28,REAL,2713099596,483,2713100079,2713100079
2025-06-19 07:06:30,REAL,2713100079,490,2713100569,2713100569
2025-06-19 07:06:32,REAL,2713100569,484,2713101053,2713101053
2025-06-19 07:06:34,REAL,2713101053,487,2713101540,2713101540
2025-06-19 07:06:36,REAL,2713101540,484,2713102024,2713102024
2025-06-19 07:06:38,REAL,2713102024,489,2713102513,2713102513
2025-06-19 07:06:40,REAL,2713102513,476,2713102989,2713102989
2025-06-19 07:06:42,REAL,2713102989,486,2713103475,2713103475
2025-06-19 07:06:44,REAL,2713103475,485,2713103960,2713103960
2025-06-19 07:06:46,REAL,2713103960,480,2713104440,2713104440
2025-06-19 07:06:48,REAL,2713104440,484,2713104924,2713104924
2025-06-19 07:06:50,REAL,2713104924,487,2713105411,2713105411
2025-06-19 07:06:52,REAL,2713105411,485,2713105896,2713105896
2025-06-19 07:06:54,REAL,2713105896,535,2713106431,2713106431
2025-06-19 07:06:56,REAL,2713106431,482,2713106913,2713106913
2025-06-19 07:06:58,REAL,2713106913,542,2713107455,2713107455
2025-06-19 07:07:00,REAL,2713107455,478,2713107933,2713107933
2025-06-19 07:07:02,REAL,2713107933,486,2713108419,2713108419
2025-06-19 07:07:04,REAL,2713108419,9341,2713117760,2713117760
2025-06-19 07:07:06,REAL,2713117760,10651,2713128411,2713128411
2025-06-19 07:07:08,REAL,2713128411,10257,2713138668,2713138668
2025-06-19 07:07:10,REAL,2713138668,10323,2713148991,2713148991
2025-06-19 07:07:12,REAL,2713148991,10255,2713159246,2713159246
2025-06-19 07:07:14,REAL,2713159246,10251,2713169497,2713169497
2025-06-19 07:07:16,REAL,2713169497,10257,2713179754,2713179754
2025-06-19 07:07:18,REAL,2713179754,7613,2713187367,2713187367
2025-06-19 07:07:20,REAL,2713187367,238,2713187605,2713187605
2025-06-19 07:07:22,REAL,2713187605,486,2713188091,2713188091
2025-06-19 07:07:24,REAL,2713188091,486,2713188577,2713188577
2025-06-19 07:07:26,REAL,2713188577,486,2713189063,2713189063
2025-06-19 07:07:28,REAL,2713189063,480,2713189543,2713189543
2025-06-19 07:07:30,REAL,2713189543,482,2713190025,2713190025
2025-06-19 07:07:32,REAL,2713190025,481,2713190506,2713190506
2025-06-19 07:07:34,REAL,2713190506,483,2713190989,2713190989
2025-06-19 07:07:36,REAL,2713190989,484,2713191473,2713191473
2025-06-19 07:07:38,REAL,2713191473,488,2713191961,2713191961
2025-06-19 07:07:40,REAL,2713191961,537,2713192498,2713192498
2025-06-19 07:07:42,REAL,2713192498,533,2713193031,2713193031
2025-06-19 07:07:44,REAL,2713193031,486,2713193517,2713193517
2025-06-19 07:07:46,REAL,2713193517,490,2713194007,2713194007
2025-06-19 07:07:48,REAL,2713194007,488,2713194495,2713194495
2025-06-19 07:07:50,REAL,2713194495,482,2713194977,2713194977
2025-06-19 07:07:52,REAL,2713194977,477,2713195454,2713195454
2025-06-19 07:07:54,REAL,2713195454,475,2713195929,2713195929
2025-06-19 07:07:56,REAL,2713195929,485,2713196414,2713196414
2025-06-19 07:07:58,REAL,2713196414,484,2713196898,2713196898
2025-06-19 07:08:00,REAL,2713196898,489,2713197387,2713197387
2025-06-19 07:08:02,REAL,2713197387,491,2713197878,2713197878
2025-06-19 07:08:04,REAL,2713197878,482,2713198360,2713198360
2025-06-19 07:08:06,REAL,2713198360,493,2713198853,2713198853
2025-06-19 07:08:08,REAL,2713198853,481,2713199334,2713199334
2025-06-19 07:08:10,REAL,2713199334,490,2713199824,2713199824
2025-06-19 07:08:12,REAL,2713199824,475,2713200299,2713200299
2025-06-19 07:08:14,REAL,2713200299,483,2713200782,2713200782
2025-06-19 07:08:16,REAL,2713200782,485,2713201267,2713201267
2025-06-19 07:08:18,REAL,2713201267,482,2713201749,2713201749
2025-06-19 07:08:20,REAL,2713201749,489,2713202238,2713202238
2025-06-19 07:08:22,REAL,2713202238,541,2713202779,2713202779
2025-06-19 07:08:24,REAL,2713202779,541,2713203320,2713203320
2025-06-19 07:08:26,REAL,2713203320,489,2713203809,2713203809
2025-06-19 07:08:28,REAL,2713203809,491,2713204300,2713204300
2025-06-19 07:08:30,REAL,2713204300,486,2713204786,2713204786
2025-06-19 07:08:32,REAL,2713204786,483,2713205269,2713205269
2025-06-19 07:08:34,REAL,2713205269,490,2713205759,2713205759
2025-06-19 07:08:36,REAL,2713205759,481,2713206240,2713206240
2025-06-19 07:08:38,REAL,2713206240,476,2713206716,2713206716
2025-06-19 07:08:40,REAL,2713206716,488,2713207204,2713207204
2025-06-19 07:08:42,REAL,2713207204,483,2713207687,2713207687
2025-06-19 07:08:44,REAL,2713207687,484,2713208171,2713208171
2025-06-19 07:08:46,REAL,2713208171,488,2713208659,2713208659
2025-06-19 07:08:48,REAL,2713208659,488,2713209147,2713209147
2025-06-19 07:08:50,REAL,2713209147,489,2713209636,2713209636
2025-06-19 07:08:52,REAL,2713209636,478,2713210114,2713210114
2025-06-19 07:08:54,REAL,2713210114,484,2713210598,2713210598
2025-06-19 07:08:56,REAL,2713210598,487,2713211085,2713211085
2025-06-19 07:08:58,REAL,2713211085,482,2713211567,2713211567
2025-06-19 07:09:00,REAL,2713211567,493,2713212060,2713212060
2025-06-19 07:09:02,REAL,2713212060,478,2713212538,2713212538
2025-06-19 07:09:04,REAL,2713212538,548,2713213086,2713213086
2025-06-19 07:09:06,REAL,2713213086,14826,2713227912,2713227912
2025-06-19 07:09:08,REAL,2713227912,10307,2713238219,2713238219
2025-06-19 07:09:10,REAL,2713238219,10317,2713248536,2713248536
2025-06-19 07:09:12,REAL,2713248536,10249,2713258785,2713258785
2025-06-19 07:09:14,REAL,2713258785,10318,2713269103,2713269103
2025-06-19 07:09:16,REAL,2713269103,10251,2713279354,2713279354
2025-06-19 07:09:18,REAL,2713279354,10255,2713289609,2713289609
2025-06-19 07:09:20,REAL,2713289609,5364,2713294973,2713294973
2025-06-19 07:09:22,REAL,2713294973,486,2713295459,2713295459
2025-06-19 07:09:24,REAL,2713295459,488,2713295947,2713295947
2025-06-19 07:09:26,REAL,2713295947,481,2713296428,2713296428
2025-06-19 07:09:28,REAL,2713296428,484,2713296912,2713296912
2025-06-19 07:09:30,REAL,2713296912,478,2713297390,2713297390
2025-06-19 07:09:32,REAL,2713297390,485,2713297875,2713297875
2025-06-19 07:09:34,REAL,2713297875,487,2713298362,2713298362
2025-06-19 07:09:36,REAL,2713298362,487,2713298849,2713298849
2025-06-19 07:09:38,REAL,2713298849,483,2713299332,2713299332
2025-06-19 07:09:40,REAL,2713299332,487,2713299819,2713299819
2025-06-19 07:09:42,REAL,2713299819,539,2713300358,2713300358
2025-06-19 07:09:44,REAL,2713300358,483,2713300841,2713300841
2025-06-19 07:09:46,REAL,2713300841,488,2713301329,2713301329
2025-06-19 07:09:48,REAL,2713301329,534,2713301863,2713301863
2025-06-19 07:09:50,REAL,2713301863,486,2713302349,2713302349
2025-06-19 07:09:52,REAL,2713302349,489,2713302838,2713302838
2025-06-19 07:09:54,REAL,2713302838,489,2713303327,2713303327
2025-06-19 07:09:56,REAL,2713303327,485,2713303812,2713303812
2025-06-19 07:09:58,REAL,2713303812,482,2713304294,2713304294
2025-06-19 07:10:00,REAL,2713304294,475,2713304769,2713304769
2025-06-19 07:10:02,REAL,2713304769,484,2713305253,2713305253
2025-06-19 07:10:04,REAL,2713305253,477,2713305730,2713305730
2025-06-19 07:10:06,REAL,2713305730,486,2713306216,2713306216
2025-06-19 07:10:08,REAL,2713306216,487,2713306703,2713306703
2025-06-19 07:10:10,REAL,2713306703,491,2713307194,2713307194
2025-06-19 07:10:12,REAL,2713307194,483,2713307677,2713307677
2025-06-19 07:10:14,REAL,2713307677,476,2713308153,2713308153
2025-06-19 07:10:16,REAL,2713308153,489,2713308642,2713308642
2025-06-19 07:10:18,REAL,2713308642,541,2713309183,2713309183
2025-06-19 07:10:20,REAL,2713309183,482,2713309665,2713309665
2025-06-19 07:10:22,REAL,2713309665,483,2713310148,2713310148
2025-06-19 07:10:24,REAL,2713310148,477,2713310625,2713310625
2025-06-19 07:10:26,REAL,2713310625,480,2713311105,2713311105
2025-06-19 07:10:28,REAL,2713311105,489,2713311594,2713311594
2025-06-19 07:10:30,REAL,2713311594,535,2713312129,2713312129
2025-06-19 07:10:32,REAL,2713312129,488,2713312617,2713312617
2025-06-19 07:10:34,REAL,2713312617,484,2713313101,2713313101
2025-06-19 07:10:36,REAL,2713313101,475,2713313576,2713313576
2025-06-19 07:10:38,REAL,2713313576,484,2713314060,2713314060
2025-06-19 07:10:40,REAL,2713314060,8010,2713322070,2713322070
2025-06-19 07:10:42,REAL,2713322070,10920,2713332990,2713332990
2025-06-19 07:10:44,REAL,2713332990,10251,2713343241,2713343241
2025-06-19 07:10:46,REAL,2713343241,10256,2713353497,2713353497
2025-06-19 07:10:48,REAL,2713353497,10244,2713363741,2713363741
2025-06-19 07:10:50,REAL,2713363741,10248,2713373989,2713373989
2025-06-19 07:10:52,REAL,2713373989,10304,2713384293,2713384293
2025-06-19 07:10:54,REAL,2713384293,8727,2713393020,2713393020
2025-06-19 07:10:56,REAL,2713393020,476,2713393496,2713393496
2025-06-19 07:10:58,REAL,2713393496,476,2713393972,2713393972
2025-06-19 07:11:00,REAL,2713393972,487,2713394459,2713394459
2025-06-19 07:11:02,REAL,2713394459,487,2713394946,2713394946
2025-06-19 07:11:04,REAL,2713394946,492,2713395438,2713395438
2025-06-19 07:11:06,REAL,2713395438,474,2713395912,2713395912
2025-06-19 07:11:08,REAL,2713395912,487,2713396399,2713396399
2025-06-19 07:11:10,REAL,2713396399,480,2713396879,2713396879
2025-06-19 07:11:12,REAL,2713396879,482,2713397361,2713397361
2025-06-19 07:11:14,REAL,2713397361,486,2713397847,2713397847
2025-06-19 07:11:16,REAL,2713397847,481,2713398328,2713398328
2025-06-19 07:11:18,REAL,2713398328,481,2713398809,2713398809
2025-06-19 07:11:20,REAL,2713398809,486,2713399295,2713399295
2025-06-19 07:11:22,REAL,2713399295,534,2713399829,2713399829
2025-06-19 07:11:24,REAL,2713399829,486,2713400315,2713400315
2025-06-19 07:11:26,REAL,2713400315,538,2713400853,2713400853
2025-06-19 07:11:28,REAL,2713400853,482,2713401335,2713401335
2025-06-19 07:11:30,REAL,2713401335,482,2713401817,2713401817
2025-06-19 07:11:32,REAL,2713401817,493,2713402310,2713402310
2025-06-19 07:11:34,REAL,2713402310,492,2713402802,2713402802
2025-06-19 07:11:36,REAL,2713402802,488,2713403290,2713403290
2025-06-19 07:11:38,REAL,2713403290,492,2713403782,2713403782
2025-06-19 07:11:40,REAL,2713403782,477,2713404259,2713404259
2025-06-19 07:11:42,REAL,2713404259,484,2713404743,2713404743
2025-06-19 07:11:44,REAL,2713404743,9602,2713414345,2713414345
2025-06-19 07:11:46,REAL,2713414345,10374,2713424719,2713424719
2025-06-19 07:11:48,REAL,2713424719,10324,2713435043,2713435043
2025-06-19 07:11:50,REAL,2713435043,10246,2713445289,2713445289
2025-06-19 07:11:52,REAL,2713445289,10253,2713455542,2713455542
2025-06-19 07:11:54,REAL,2713455542,10258,2713465800,2713465800
2025-06-19 07:11:56,REAL,2713465800,10255,2713476055,2713476055
2025-06-19 07:11:58,REAL,2713476055,7479,2713483534,2713483534
2025-06-19 07:12:00,REAL,2713483534,477,2713484011,2713484011
2025-06-19 07:12:02,REAL,2713484011,536,2713484547,2713484547
2025-06-19 07:12:04,REAL,2713484547,480,2713485027,2713485027
2025-06-19 07:12:06,REAL,2713485027,481,2713485508,2713485508
2025-06-19 07:12:08,REAL,2713485508,483,2713485991,2713485991
2025-06-19 07:12:10,REAL,2713485991,475,2713486466,2713486466
2025-06-19 07:12:12,REAL,2713486466,485,2713486951,2713486951
2025-06-19 07:12:14,REAL,2713486951,482,2713487433,2713487433
2025-06-19 07:12:16,REAL,2713487433,481,2713487914,2713487914
2025-06-19 07:12:18,REAL,2713487914,484,2713488398,2713488398
2025-06-19 07:12:20,REAL,2713488398,5311,2713493709,2713493709
2025-06-19 07:12:22,REAL,2713493709,11768,2713505477,2713505477
2025-06-19 07:12:24,REAL,2713505477,10256,2713515733,2713515733
2025-06-19 07:12:26,REAL,2713515733,10317,2713526050,2713526050
2025-06-19 07:12:28,REAL,2713526050,10251,2713536301,2713536301
2025-06-19 07:12:30,REAL,2713536301,10317,2713546618,2713546618
2025-06-19 07:12:32,REAL,2713546618,10260,2713556878,2713556878
2025-06-19 07:12:34,REAL,2713556878,10314,2713567192,2713567192
2025-06-19 07:12:36,REAL,2713567192,6357,2713573549,2713573549
2025-06-19 07:12:38,REAL,2713573549,11239,2713584788,2713584788
2025-06-19 07:12:40,REAL,2713584788,10249,2713595037,2713595037
2025-06-19 07:12:42,REAL,2713595037,10246,2713605283,2713605283
2025-06-19 07:12:44,REAL,2713605283,10244,2713615527,2713615527
2025-06-19 07:12:46,REAL,2713615527,10325,2713625852,2713625852
2025-06-19 07:12:48,REAL,2713625852,10246,2713636098,2713636098
2025-06-19 07:12:50,REAL,2713636098,10255,2713646353,2713646353
2025-06-19 07:12:52,REAL,2713646353,1608,2713647961,2713647961
2025-06-19 07:12:54,REAL,2713647961,485,2713648446,2713648446
2025-06-19 07:12:56,REAL,2713648446,486,2713648932,2713648932
2025-06-19 07:12:58,REAL,2713648932,491,2713649423,2713649423
2025-06-19 07:13:00,REAL,2713649423,480,2713649903,2713649903
2025-06-19 07:13:02,REAL,2713649903,490,2713650393,2713650393
2025-06-19 07:13:04,REAL,2713650393,488,2713650881,2713650881
2025-06-19 07:13:06,REAL,2713650881,492,2713651373,2713651373
2025-06-19 07:13:08,REAL,2713651373,485,2713651858,2713651858
2025-06-19 07:13:10,REAL,2713651858,494,2713652352,2713652352
2025-06-19 07:13:12,REAL,2713652352,536,2713652888,2713652888
2025-06-19 07:13:14,REAL,2713652888,483,2713653371,2713653371
2025-06-19 07:13:16,REAL,2713653371,484,2713653855,2713653855
2025-06-19 07:13:18,REAL,2713653855,541,2713654396,2713654396
2025-06-19 07:13:20,REAL,2713654396,484,2713654880,2713654880
2025-06-19 07:13:22,REAL,2713654880,480,2713655360,2713655360
2025-06-19 07:13:24,REAL,2713655360,487,2713655847,2713655847
2025-06-19 07:13:26,REAL,2713655847,482,2713656329,2713656329
2025-06-19 07:13:28,REAL,2713656329,486,2713656815,2713656815
2025-06-19 07:13:30,REAL,2713656815,482,2713657297,2713657297
2025-06-19 07:13:32,REAL,2713657297,481,2713657778,2713657778
2025-06-19 07:13:34,REAL,2713657778,490,2713658268,2713658268
2025-06-19 07:13:36,REAL,2713658268,479,2713658747,2713658747
2025-06-19 07:13:38,REAL,2713658747,486,2713659233,2713659233
2025-06-19 07:13:40,REAL,2713659233,479,2713659712,2713659712
2025-06-19 07:13:42,REAL,2713659712,485,2713660197,2713660197
2025-06-19 07:13:44,REAL,2713660197,482,2713660679,2713660679
2025-06-19 07:13:46,REAL,2713660679,532,2713661211,2713661211
2025-06-19 07:13:48,REAL,2713661211,475,2713661686,2713661686
2025-06-19 07:13:50,REAL,2713661686,481,2713662167,2713662167
2025-06-19 07:13:52,REAL,2713662167,489,2713662656,2713662656
2025-06-19 07:13:54,REAL,2713662656,481,2713663137,2713663137
2025-06-19 07:13:56,REAL,2713663137,478,2713663615,2713663615
2025-06-19 07:13:58,REAL,2713663615,476,2713664091,2713664091
2025-06-19 07:14:00,REAL,2713664091,541,2713664632,2713664632
2025-06-19 07:14:02,REAL,2713664632,482,2713665114,2713665114
2025-06-19 07:14:04,REAL,2713665114,476,2713665590,2713665590
2025-06-19 07:14:06,REAL,2713665590,486,2713666076,2713666076
2025-06-19 07:14:08,REAL,2713666076,478,2713666554,2713666554
2025-06-19 07:14:10,REAL,2713666554,540,2713667094,2713667094
2025-06-19 07:14:12,REAL,2713667094,478,2713667572,2713667572
2025-06-19 07:14:14,REAL,2713667572,484,2713668056,2713668056
2025-06-19 07:14:16,REAL,2713668056,487,2713668543,2713668543
2025-06-19 07:14:18,REAL,2713668543,492,2713669035,2713669035
2025-06-19 07:14:20,REAL,2713669035,482,2713669517,2713669517
2025-06-19 07:14:22,REAL,2713669517,482,2713669999,2713669999
2025-06-19 07:14:24,REAL,2713669999,483,2713670482,2713670482
2025-06-19 07:14:26,REAL,2713670482,481,2713670963,2713670963
2025-06-19 07:14:28,REAL,2713670963,491,2713671454,2713671454
2025-06-19 07:14:30,REAL,2713671454,493,2713671947,2713671947
2025-06-19 07:14:32,REAL,2713671947,487,2713672434,2713672434
2025-06-19 07:14:34,REAL,2713672434,489,2713672923,2713672923
2025-06-19 07:14:36,REAL,2713672923,544,2713673467,2713673467
2025-06-19 07:14:38,REAL,2713673467,480,2713673947,2713673947
2025-06-19 07:14:40,REAL,2713673947,485,2713674432,2713674432
2025-06-19 07:14:42,REAL,2713674432,547,2713674979,2713674979
2025-06-19 07:14:44,REAL,2713674979,7753,2713682732,2713682732
2025-06-19 07:14:46,REAL,2713682732,10775,2713693507,2713693507
2025-06-19 07:14:48,REAL,2713693507,10256,2713703763,2713703763
2025-06-19 07:14:50,REAL,2713703763,10256,2713714019,2713714019
2025-06-19 07:14:52,REAL,2713714019,10250,2713724269,2713724269
2025-06-19 07:14:54,REAL,2713724269,10318,2713734587,2713734587
2025-06-19 07:14:56,REAL,2713734587,10253,2713744840,2713744840
2025-06-19 07:14:58,REAL,2713744840,8799,2713753639,2713753639
2025-06-19 07:15:00,REAL,2713753639,547,2713754186,2713754186
2025-06-19 07:15:02,REAL,2713754186,477,2713754663,2713754663
2025-06-19 07:15:04,REAL,2713754663,492,2713755155,2713755155
2025-06-19 07:15:06,REAL,2713755155,477,2713755632,2713755632
2025-06-19 07:15:08,REAL,2713755632,491,2713756123,2713756123
2025-06-19 07:15:10,REAL,2713756123,488,2713756611,2713756611
2025-06-19 07:15:12,REAL,2713756611,480,2713757091,2713757091
2025-06-19 07:15:14,REAL,2713757091,486,2713757577,2713757577
2025-06-19 07:15:16,REAL,2713757577,10857,2713768434,2713768434
2025-06-19 07:15:18,REAL,2713768434,11966,2713780400,2713780400
2025-06-19 07:15:20,REAL,2713780400,10317,2713790717,2713790717
2025-06-19 07:15:22,REAL,2713790717,10315,2713801032,2713801032
2025-06-19 07:15:24,REAL,2713801032,10318,2713811350,2713811350
2025-06-19 07:15:26,REAL,2713811350,10254,2713821604,2713821604
2025-06-19 07:15:28,REAL,2713821604,10245,2713831849,2713831849
2025-06-19 07:15:30,REAL,2713831849,8276,2713840125,2713840125
2025-06-19 07:15:32,REAL,2713840125,481,2713840606,2713840606
2025-06-19 07:15:34,REAL,2713840606,478,2713841084,2713841084
2025-06-19 07:15:36,REAL,2713841084,482,2713841566,2713841566
2025-06-19 07:15:38,REAL,2713841566,484,2713842050,2713842050
2025-06-19 07:15:40,REAL,2713842050,487,2713842537,2713842537
2025-06-19 07:15:42,REAL,2713842537,487,2713843024,2713843024
2025-06-19 07:15:44,REAL,2713843024,487,2713843511,2713843511
2025-06-19 07:15:46,REAL,2713843511,536,2713844047,2713844047
2025-06-19 07:15:48,REAL,2713844047,9276,2713853323,2713853323
2025-06-19 07:15:50,REAL,2713853323,10584,2713863907,2713863907
2025-06-19 07:15:52,REAL,2713863907,10251,2713874158,2713874158
2025-06-19 07:15:54,REAL,2713874158,10253,2713884411,2713884411
2025-06-19 07:15:56,REAL,2713884411,10253,2713894664,2713894664
2025-06-19 07:15:58,REAL,2713894664,10314,2713904978,2713904978
2025-06-19 07:16:00,REAL,2713904978,10251,2713915229,2713915229
2025-06-19 07:16:02,REAL,2713915229,7605,2713922834,2713922834
2025-06-19 07:16:04,REAL,2713922834,492,2713923326,2713923326
2025-06-19 07:16:06,REAL,2713923326,484,2713923810,2713923810
2025-06-19 07:16:08,REAL,2713923810,490,2713924300,2713924300
2025-06-19 07:16:10,REAL,2713924300,543,2713924843,2713924843
2025-06-19 07:16:12,REAL,2713924843,477,2713925320,2713925320
2025-06-19 07:16:14,REAL,2713925320,476,2713925796,2713925796
2025-06-19 07:16:16,REAL,2713925796,478,2713926274,2713926274
2025-06-19 07:16:18,REAL,2713926274,487,2713926761,2713926761
2025-06-19 07:16:20,REAL,2713926761,483,2713927244,2713927244
2025-06-19 07:16:22,REAL,2713927244,486,2713927730,2713927730
2025-06-19 07:16:24,REAL,2713927730,486,2713928216,2713928216
2025-06-19 07:16:26,REAL,2713928216,480,2713928696,2713928696
2025-06-19 07:16:28,REAL,2713928696,482,2713929178,2713929178
2025-06-19 07:16:30,REAL,2713929178,542,2713929720,2713929720
2025-06-19 07:16:32,REAL,2713929720,485,2713930205,2713930205
2025-06-19 07:16:34,REAL,2713930205,543,2713930748,2713930748
2025-06-19 07:16:36,REAL,2713930748,486,2713931234,2713931234
2025-06-19 07:16:38,REAL,2713931234,478,2713931712,2713931712
2025-06-19 07:16:40,REAL,2713931712,485,2713932197,2713932197
2025-06-19 07:16:42,REAL,2713932197,483,2713932680,2713932680
2025-06-19 07:16:44,REAL,2713932680,485,2713933165,2713933165
2025-06-19 07:16:46,REAL,2713933165,10719,2713943884,2713943884
2025-06-19 07:16:48,REAL,2713943884,10251,2713954135,2713954135
2025-06-19 07:16:50,REAL,2713954135,10326,2713964461,2713964461
2025-06-19 07:16:52,REAL,2713964461,10248,2713974709,2713974709
2025-06-19 07:16:54,REAL,2713974709,10319,2713985028,2713985028
2025-06-19 07:16:56,REAL,2713985028,10369,2713995397,2713995397
2025-06-19 07:16:58,REAL,2713995397,10254,2714005651,2714005651
2025-06-19 07:17:00,REAL,2714005651,6618,2714012269,2714012269
2025-06-19 07:17:02,REAL,2714012269,486,2714012755,2714012755
2025-06-19 07:17:04,REAL,2714012755,482,2714013237,2714013237
2025-06-19 07:17:06,REAL,2714013237,481,2714013718,2714013718
2025-06-19 07:17:08,REAL,2714013718,492,2714014210,2714014210
2025-06-19 07:17:10,REAL,2714014210,485,2714014695,2714014695
2025-06-19 07:17:12,REAL,2714014695,486,2714015181,2714015181
2025-06-19 07:17:14,REAL,2714015181,480,2714015661,2714015661
2025-06-19 07:17:16,REAL,2714015661,484,2714016145,2714016145
2025-06-19 07:17:18,REAL,2714016145,474,2714016619,2714016619
2025-06-19 07:17:20,REAL,2714016619,536,2714017155,2714017155
2025-06-19 07:17:22,REAL,2714017155,482,2714017637,2714017637
2025-06-19 07:17:24,REAL,2714017637,479,2714018116,2714018116
2025-06-19 07:17:26,REAL,2714018116,539,2714018655,2714018655
2025-06-19 07:17:28,REAL,2714018655,489,2714019144,2714019144
2025-06-19 07:17:30,REAL,2714019144,494,2714019638,2714019638
2025-06-19 07:17:32,REAL,2714019638,480,2714020118,2714020118
2025-06-19 07:17:34,REAL,2714020118,488,2714020606,2714020606
2025-06-19 07:17:36,REAL,2714020606,484,2714021090,2714021090
2025-06-19 07:17:38,REAL,2714021090,484,2714021574,2714021574
2025-06-19 07:17:40,REAL,2714021574,474,2714022048,2714022048
2025-06-19 07:17:42,REAL,2714022048,490,2714022538,2714022538
2025-06-19 07:17:44,REAL,2714022538,11259,2714033797,2714033797
2025-06-19 07:17:46,REAL,2714033797,10316,2714044113,2714044113
2025-06-19 07:17:48,REAL,2714044113,10248,2714054361,2714054361
2025-06-19 07:17:50,REAL,2714054361,10250,2714064611,2714064611
2025-06-19 07:17:52,REAL,2714064611,10258,2714074869,2714074869
2025-06-19 07:17:54,REAL,2714074869,10252,2714085121,2714085121
2025-06-19 07:17:56,REAL,2714085121,10260,2714095381,2714095381
2025-06-19 07:17:58,REAL,2714095381,5769,2714101150,2714101150
2025-06-19 07:18:00,REAL,2714101150,483,2714101633,2714101633
2025-06-19 07:18:02,REAL,2714101633,485,2714102118,2714102118
2025-06-19 07:18:04,REAL,2714102118,482,2714102600,2714102600
2025-06-19 07:18:06,REAL,2714102600,488,2714103088,2714103088
2025-06-19 07:18:08,REAL,2714103088,536,2714103624,2714103624
2025-06-19 07:18:10,REAL,2714103624,488,2714104112,2714104112
2025-06-19 07:18:12,REAL,2714104112,480,2714104592,2714104592
2025-06-19 07:18:14,REAL,2714104592,481,2714105073,2714105073
2025-06-19 07:18:16,REAL,2714105073,476,2714105549,2714105549
2025-06-19 07:18:18,REAL,2714105549,489,2714106038,2714106038
2025-06-19 07:18:20,REAL,2714106038,485,2714106523,2714106523
2025-06-19 07:18:22,REAL,2714106523,486,2714107009,2714107009
2025-06-19 07:18:24,REAL,2714107009,484,2714107493,2714107493
2025-06-19 07:18:26,REAL,2714107493,479,2714107972,2714107972
2025-06-19 07:18:28,REAL,2714107972,543,2714108515,2714108515
2025-06-19 07:18:30,REAL,2714108515,544,2714109059,2714109059
2025-06-19 07:18:32,REAL,2714109059,484,2714109543,2714109543
2025-06-19 07:18:34,REAL,2714109543,477,2714110020,2714110020
2025-06-19 07:18:36,REAL,2714110020,479,2714110499,2714110499
2025-06-19 07:18:38,REAL,2714110499,481,2714110980,2714110980
2025-06-19 07:18:40,REAL,2714110980,486,2714111466,2714111466
2025-06-19 07:18:42,REAL,2714111466,477,2714111943,2714111943
2025-06-19 07:18:44,REAL,2714111943,483,2714112426,2714112426
2025-06-19 07:18:46,REAL,2714112426,481,2714112907,2714112907
2025-06-19 07:18:48,REAL,2714112907,493,2714113400,2714113400
2025-06-19 07:18:50,REAL,2714113400,477,2714113877,2714113877
2025-06-19 07:18:52,REAL,2714113877,485,2714114362,2714114362
2025-06-19 07:18:54,REAL,2714114362,482,2714114844,2714114844
2025-06-19 07:18:56,REAL,2714114844,488,2714115332,2714115332
2025-06-19 07:18:58,REAL,2714115332,493,2714115825,2714115825
2025-06-19 07:19:00,REAL,2714115825,489,2714116314,2714116314
2025-06-19 07:19:02,REAL,2714116314,488,2714116802,2714116802
2025-06-19 07:19:04,REAL,2714116802,477,2714117279,2714117279
2025-06-19 07:19:06,REAL,2714117279,533,2714117812,2714117812
2025-06-19 07:19:08,REAL,2714117812,7286,2714125098,2714125098
2025-06-19 07:19:10,REAL,2714125098,10847,2714135945,2714135945
2025-06-19 07:19:12,REAL,2714135945,10251,2714146196,2714146196
2025-06-19 07:19:14,REAL,2714146196,10251,2714156447,2714156447
2025-06-19 07:19:16,REAL,2714156447,10243,2714166690,2714166690
2025-06-19 07:19:18,REAL,2714166690,10253,2714176943,2714176943
2025-06-19 07:19:20,REAL,2714176943,10256,2714187199,2714187199
2025-06-19 07:19:22,REAL,2714187199,9201,2714196400,2714196400
2025-06-19 07:19:24,REAL,2714196400,475,2714196875,2714196875
2025-06-19 07:19:26,REAL,2714196875,482,2714197357,2714197357
2025-06-19 07:19:28,REAL,2714197357,491,2714197848,2714197848
2025-06-19 07:19:30,REAL,2714197848,493,2714198341,2714198341
2025-06-19 07:19:32,REAL,2714198341,478,2714198819,2714198819
2025-06-19 07:19:34,REAL,2714198819,488,2714199307,2714199307
2025-06-19 07:19:36,REAL,2714199307,487,2714199794,2714199794
2025-06-19 07:19:38,REAL,2714199794,490,2714200284,2714200284
2025-06-19 07:19:40,REAL,2714200284,486,2714200770,2714200770
2025-06-19 07:19:42,REAL,2714200770,488,2714201258,2714201258
2025-06-19 07:19:44,REAL,2714201258,532,2714201790,2714201790
2025-06-19 07:19:46,REAL,2714201790,480,2714202270,2714202270
2025-06-19 07:19:48,REAL,2714202270,486,2714202756,2714202756
2025-06-19 07:19:50,REAL,2714202756,483,2714203239,2714203239
2025-06-19 07:19:52,REAL,2714203239,483,2714203722,2714203722
2025-06-19 07:19:54,REAL,2714203722,532,2714204254,2714204254
2025-06-19 07:19:56,REAL,2714204254,483,2714204737,2714204737
2025-06-19 07:19:58,REAL,2714204737,488,2714205225,2714205225
2025-06-19 07:20:00,REAL,2714205225,487,2714205712,2714205712
2025-06-19 07:20:02,REAL,2714205712,476,2714206188,2714206188
2025-06-19 07:20:04,REAL,2714206188,488,2714206676,2714206676
2025-06-19 07:20:06,REAL,2714206676,488,2714207164,2714207164
2025-06-19 07:20:08,REAL,2714207164,489,2714207653,2714207653
2025-06-19 07:20:10,REAL,2714207653,486,2714208139,2714208139
2025-06-19 07:20:12,REAL,2714208139,481,2714208620,2714208620
2025-06-19 07:20:14,REAL,2714208620,480,2714209100,2714209100
2025-06-19 07:20:16,REAL,2714209100,477,2714209577,2714209577
2025-06-19 07:20:18,REAL,2714209577,481,2714210058,2714210058
2025-06-19 07:20:20,REAL,2714210058,480,2714210538,2714210538
2025-06-19 07:20:22,REAL,2714210538,531,2714211069,2714211069
2025-06-19 07:20:24,REAL,2714211069,489,2714211558,2714211558
2025-06-19 07:20:26,REAL,2714211558,481,2714212039,2714212039
2025-06-19 07:20:28,REAL,2714212039,492,2714212531,2714212531
2025-06-19 07:20:30,REAL,2714212531,489,2714213020,2714213020
2025-06-19 07:20:32,REAL,2714213020,479,2714213499,2714213499
2025-06-19 07:20:34,REAL,2714213499,485,2714213984,2714213984
2025-06-19 07:20:36,REAL,2714213984,489,2714214473,2714214473
2025-06-19 07:20:38,REAL,2714214473,541,2714215014,2714215014
2025-06-19 07:20:40,REAL,2714215014,485,2714215499,2714215499
2025-06-19 07:20:42,REAL,2714215499,485,2714215984,2714215984
2025-06-19 07:20:44,REAL,2714215984,490,2714216474,2714216474
2025-06-19 07:20:46,REAL,2714216474,484,2714216958,2714216958
2025-06-19 07:20:48,REAL,2714216958,489,2714217447,2714217447
2025-06-19 07:20:50,REAL,2714217447,491,2714217938,2714217938
2025-06-19 07:20:52,REAL,2714217938,494,2714218432,2714218432
2025-06-19 07:20:54,REAL,2714218432,485,2714218917,2714218917
2025-06-19 07:20:56,REAL,2714218917,490,2714219407,2714219407
2025-06-19 07:20:58,REAL,2714219407,541,2714219948,2714219948
2025-06-19 07:21:00,REAL,2714219948,490,2714220438,2714220438
2025-06-19 07:21:02,REAL,2714220438,488,2714220926,2714220926
2025-06-19 07:21:04,REAL,2714220926,479,2714221405,2714221405
2025-06-19 07:21:06,REAL,2714221405,491,2714221896,2714221896
2025-06-19 07:21:08,REAL,2714221896,484,2714222380,2714222380
2025-06-19 07:21:10,REAL,2714222380,9931,2714232311,2714232311
2025-06-19 07:21:12,REAL,2714232311,10583,2714242894,2714242894
2025-06-19 07:21:14,REAL,2714242894,10253,2714253147,2714253147
2025-06-19 07:21:16,REAL,2714253147,10258,2714263405,2714263405
2025-06-19 07:21:18,REAL,2714263405,10328,2714273733,2714273733
2025-06-19 07:21:20,REAL,2714273733,10252,2714283985,2714283985
2025-06-19 07:21:22,REAL,2714283985,10250,2714294235,2714294235
2025-06-19 07:21:24,REAL,2714294235,7087,2714301322,2714301322
2025-06-19 07:21:26,REAL,2714301322,485,2714301807,2714301807
2025-06-19 07:21:28,REAL,2714301807,486,2714302293,2714302293
2025-06-19 07:21:30,REAL,2714302293,482,2714302775,2714302775
2025-06-19 07:21:32,REAL,2714302775,483,2714303258,2714303258
2025-06-19 07:21:34,REAL,2714303258,479,2714303737,2714303737
2025-06-19 07:21:36,REAL,2714303737,544,2714304281,2714304281
2025-06-19 07:21:38,REAL,2714304281,482,2714304763,2714304763
2025-06-19 07:21:40,REAL,2714304763,485,2714305248,2714305248
2025-06-19 07:21:42,REAL,2714305248,480,2714305728,2714305728
2025-06-19 07:21:44,REAL,2714305728,479,2714306207,2714306207
2025-06-19 07:21:46,REAL,2714306207,481,2714306688,2714306688
2025-06-19 07:21:48,REAL,2714306688,484,2714307172,2714307172
2025-06-19 07:21:50,REAL,2714307172,481,2714307653,2714307653
2025-06-19 07:21:52,REAL,2714307653,476,2714308129,2714308129
2025-06-19 07:21:54,REAL,2714308129,540,2714308669,2714308669
2025-06-19 07:21:56,REAL,2714308669,481,2714309150,2714309150
2025-06-19 07:21:58,REAL,2714309150,477,2714309627,2714309627
2025-06-19 07:22:00,REAL,2714309627,488,2714310115,2714310115
2025-06-19 07:22:02,REAL,2714310115,488,2714310603,2714310603
2025-06-19 07:22:04,REAL,2714310603,484,2714311087,2714311087
2025-06-19 07:22:06,REAL,2714311087,485,2714311572,2714311572
2025-06-19 07:22:08,REAL,2714311572,491,2714312063,2714312063
2025-06-19 07:22:10,REAL,2714312063,487,2714312550,2714312550
2025-06-19 07:22:12,REAL,2714312550,540,2714313090,2714313090
2025-06-19 07:22:14,REAL,2714313090,479,2714313569,2714313569
2025-06-19 07:22:16,REAL,2714313569,489,2714314058,2714314058
2025-06-19 07:22:18,REAL,2714314058,480,2714314538,2714314538
2025-06-19 07:22:20,REAL,2714314538,482,2714315020,2714315020
2025-06-19 07:22:22,REAL,2714315020,477,2714315497,2714315497
2025-06-19 07:22:24,REAL,2714315497,11115,2714326612,2714326612
2025-06-19 07:22:26,REAL,2714326612,10318,2714336930,2714336930
2025-06-19 07:22:28,REAL,2714336930,10261,2714347191,2714347191
2025-06-19 07:22:30,REAL,2714347191,10247,2714357438,2714357438
2025-06-19 07:22:32,REAL,2714357438,10250,2714367688,2714367688
2025-06-19 07:22:34,REAL,2714367688,10326,2714378014,2714378014
2025-06-19 07:22:36,REAL,2714378014,10256,2714388270,2714388270
2025-06-19 07:22:38,REAL,2714388270,5836,2714394106,2714394106
2025-06-19 07:22:40,REAL,2714394106,491,2714394597,2714394597
2025-06-19 07:22:42,REAL,2714394597,480,2714395077,2714395077
2025-06-19 07:22:44,REAL,2714395077,474,2714395551,2714395551
2025-06-19 07:22:46,REAL,2714395551,482,2714396033,2714396033
2025-06-19 07:22:48,REAL,2714396033,485,2714396518,2714396518
2025-06-19 07:22:50,REAL,2714396518,538,2714397056,2714397056
2025-06-19 07:22:52,REAL,2714397056,479,2714397535,2714397535
2025-06-19 07:22:54,REAL,2714397535,490,2714398025,2714398025
2025-06-19 07:22:56,REAL,2714398025,12567,2714410592,2714410592
2025-06-19 07:22:58,REAL,2714410592,10247,2714420839,2714420839
2025-06-19 07:23:00,REAL,2714420839,10253,2714431092,2714431092
2025-06-19 07:23:02,REAL,2714431092,10252,2714441344,2714441344
2025-06-19 07:23:04,REAL,2714441344,10318,2714451662,2714451662
2025-06-19 07:23:06,REAL,2714451662,10249,2714461911,2714461911
2025-06-19 07:23:08,REAL,2714461911,10250,2714472161,2714472161
2025-06-19 07:23:10,REAL,2714472161,5236,2714477397,2714477397
2025-06-19 07:23:12,REAL,2714477397,488,2714477885,2714477885
2025-06-19 07:23:14,REAL,2714477885,478,2714478363,2714478363
2025-06-19 07:23:16,REAL,2714478363,477,2714478840,2714478840
2025-06-19 07:23:18,REAL,2714478840,484,2714479324,2714479324
2025-06-19 07:23:20,REAL,2714479324,490,2714479814,2714479814
2025-06-19 07:23:22,REAL,2714479814,483,2714480297,2714480297
2025-06-19 07:23:24,REAL,2714480297,488,2714480785,2714480785
2025-06-19 07:23:26,REAL,2714480785,544,2714481329,2714481329
2025-06-19 07:23:28,REAL,2714481329,482,2714481811,2714481811
2025-06-19 07:23:30,REAL,2714481811,484,2714482295,2714482295
2025-06-19 07:23:32,REAL,2714482295,491,2714482786,2714482786
2025-06-19 07:23:34,REAL,2714482786,547,2714483333,2714483333
2025-06-19 07:23:36,REAL,2714483333,483,2714483816,2714483816
2025-06-19 07:23:38,REAL,2714483816,487,2714484303,2714484303
2025-06-19 07:23:40,REAL,2714484303,487,2714484790,2714484790
2025-06-19 07:23:42,REAL,2714484790,482,2714485272,2714485272
2025-06-19 07:23:44,REAL,2714485272,480,2714485752,2714485752
2025-06-19 07:23:46,REAL,2714485752,488,2714486240,2714486240
2025-06-19 07:23:48,REAL,2714486240,488,2714486728,2714486728
2025-06-19 07:23:50,REAL,2714486728,489,2714487217,2714487217
2025-06-19 07:23:52,REAL,2714487217,490,2714487707,2714487707
2025-06-19 07:23:54,REAL,2714487707,481,2714488188,2714488188
2025-06-19 07:23:56,REAL,2714488188,485,2714488673,2714488673
2025-06-19 07:23:58,REAL,2714488673,482,2714489155,2714489155
2025-06-19 07:24:00,REAL,2714489155,245,2714489400,2714489400
2025-06-19 07:24:02,REAL,2714489400,542,2714489942,2714489942
2025-06-19 07:24:04,REAL,2714489942,478,2714490420,2714490420
2025-06-19 07:24:06,REAL,2714490420,487,2714490907,2714490907
2025-06-19 07:24:08,REAL,2714490907,477,2714491384,2714491384
2025-06-19 07:24:10,REAL,2714491384,483,2714491867,2714491867
2025-06-19 07:24:12,REAL,2714491867,540,2714492407,2714492407
2025-06-19 07:24:14,REAL,2714492407,478,2714492885,2714492885
2025-06-19 07:24:16,REAL,2714492885,492,2714493377,2714493377
2025-06-19 07:24:18,REAL,2714493377,482,2714493859,2714493859
2025-06-19 07:24:20,REAL,2714493859,483,2714494342,2714494342
2025-06-19 07:24:22,REAL,2714494342,485,2714494827,2714494827
2025-06-19 07:24:24,REAL,2714494827,483,2714495310,2714495310
2025-06-19 07:24:26,REAL,2714495310,483,2714495793,2714495793
2025-06-19 07:24:28,REAL,2714495793,475,2714496268,2714496268
2025-06-19 07:24:30,REAL,2714496268,484,2714496752,2714496752
2025-06-19 07:24:32,REAL,2714496752,483,2714497235,2714497235
2025-06-19 07:24:34,REAL,2714497235,478,2714497713,2714497713
2025-06-19 07:24:36,REAL,2714497713,480,2714498193,2714498193
2025-06-19 07:24:38,REAL,2714498193,484,2714498677,2714498677
2025-06-19 07:24:40,REAL,2714498677,543,2714499220,2714499220
2025-06-19 07:24:42,REAL,2714499220,476,2714499696,2714499696
2025-06-19 07:24:44,REAL,2714499696,484,2714500180,2714500180
2025-06-19 07:24:46,REAL,2714500180,482,2714500662,2714500662
2025-06-19 07:24:48,REAL,2714500662,539,2714501201,2714501201
2025-06-19 07:24:50,REAL,2714501201,475,2714501676,2714501676
2025-06-19 07:24:52,REAL,2714501676,485,2714502161,2714502161
2025-06-19 07:24:54,REAL,2714502161,480,2714502641,2714502641
2025-06-19 07:24:56,REAL,2714502641,489,2714503130,2714503130
2025-06-19 07:24:58,REAL,2714503130,482,2714503612,2714503612
2025-06-19 07:25:00,REAL,2714503612,489,2714504101,2714504101
2025-06-19 07:25:02,REAL,2714504101,493,2714504594,2714504594
2025-06-19 07:25:04,REAL,2714504594,481,2714505075,2714505075
2025-06-19 07:25:06,REAL,2714505075,478,2714505553,2714505553
2025-06-19 07:25:08,REAL,2714505553,479,2714506032,2714506032
2025-06-19 07:25:10,REAL,2714506032,487,2714506519,2714506519
2025-06-19 07:25:12,REAL,2714506519,484,2714507003,2714507003
2025-06-19 07:25:14,REAL,2714507003,487,2714507490,2714507490
2025-06-19 07:25:16,REAL,2714507490,542,2714508032,2714508032
2025-06-19 07:25:18,REAL,2714508032,475,2714508507,2714508507
2025-06-19 07:25:20,REAL,2714508507,489,2714508996,2714508996
2025-06-19 07:25:22,REAL,2714508996,492,2714509488,2714509488
2025-06-19 07:25:24,REAL,2714509488,474,2714509962,2714509962
2025-06-19 07:25:26,REAL,2714509962,535,2714510497,2714510497
2025-06-19 07:25:28,REAL,2714510497,485,2714510982,2714510982
2025-06-19 07:25:30,REAL,2714510982,474,2714511456,2714511456
2025-06-19 07:25:32,REAL,2714511456,483,2714511939,2714511939
2025-06-19 07:25:34,REAL,2714511939,489,2714512428,2714512428
2025-06-19 07:25:36,REAL,2714512428,733,2714513161,2714513161
2025-06-19 07:25:38,REAL,2714513161,243,2714513404,2714513404
2025-06-19 07:25:40,REAL,2714513404,485,2714513889,2714513889
2025-06-19 07:25:42,REAL,2714513889,476,2714514365,2714514365
2025-06-19 07:25:44,REAL,2714514365,487,2714514852,2714514852
2025-06-19 07:25:46,REAL,2714514852,485,2714515337,2714515337
2025-06-19 07:25:48,REAL,2714515337,480,2714515817,2714515817
2025-06-19 07:25:50,REAL,2714515817,479,2714516296,2714516296
2025-06-19 07:25:52,REAL,2714516296,486,2714516782,2714516782
2025-06-19 07:25:54,REAL,2714516782,539,2714517321,2714517321
2025-06-19 07:25:56,REAL,2714517321,487,2714517808,2714517808
2025-06-19 07:25:58,REAL,2714517808,480,2714518288,2714518288
2025-06-19 07:26:00,REAL,2714518288,489,2714518777,2714518777
2025-06-19 07:26:02,REAL,2714518777,483,2714519260,2714519260
2025-06-19 07:26:04,REAL,2714519260,612,2714519872,2714519872
2025-06-19 07:26:06,REAL,2714519872,478,2714520350,2714520350
2025-06-19 07:26:08,REAL,2714520350,481,2714520831,2714520831
2025-06-19 07:26:10,REAL,2714520831,488,2714521319,2714521319
2025-06-19 07:26:12,REAL,2714521319,477,2714521796,2714521796
2025-06-19 07:26:14,REAL,2714521796,488,2714522284,2714522284
2025-06-19 07:26:16,REAL,2714522284,10387,2714532671,2714532671
2025-06-19 07:26:18,REAL,2714532671,10383,2714543054,2714543054
2025-06-19 07:26:20,REAL,2714543054,10252,2714553306,2714553306
2025-06-19 07:26:22,REAL,2714553306,10256,2714563562,2714563562
2025-06-19 07:26:24,REAL,2714563562,10262,2714573824,2714573824
2025-06-19 07:26:26,REAL,2714573824,10323,2714584147,2714584147
2025-06-19 07:26:28,REAL,2714584147,10253,2714594400,2714594400
2025-06-19 07:26:30,REAL,2714594400,6748,2714601148,2714601148
2025-06-19 07:26:32,REAL,2714601148,482,2714601630,2714601630
2025-06-19 07:26:34,REAL,2714601630,482,2714602112,2714602112
2025-06-19 07:26:36,REAL,2714602112,492,2714602604,2714602604
2025-06-19 07:26:38,REAL,2714602604,488,2714603092,2714603092
2025-06-19 07:26:40,REAL,2714603092,481,2714603573,2714603573
2025-06-19 07:26:42,REAL,2714603573,492,2714604065,2714604065
2025-06-19 07:26:44,REAL,2714604065,482,2714604547,2714604547
2025-06-19 07:26:46,REAL,2714604547,485,2714605032,2714605032
2025-06-19 07:26:48,REAL,2714605032,11253,2714616285,2714616285
2025-06-19 07:26:50,REAL,2714616285,10259,2714626544,2714626544
2025-06-19 07:26:52,REAL,2714626544,10300,2714636844,2714636844
2025-06-19 07:26:54,REAL,2714636844,10253,2714647097,2714647097
2025-06-19 07:26:56,REAL,2714647097,10321,2714657418,2714657418
2025-06-19 07:26:58,REAL,2714657418,10252,2714667670,2714667670
2025-06-19 07:27:00,REAL,2714667670,10260,2714677930,2714677930
2025-06-19 07:27:02,REAL,2714677930,6028,2714683958,2714683958
2025-06-19 07:27:04,REAL,2714683958,485,2714684443,2714684443
2025-06-19 07:27:06,REAL,2714684443,540,2714684983,2714684983
2025-06-19 07:27:08,REAL,2714684983,485,2714685468,2714685468
2025-06-19 07:27:10,REAL,2714685468,489,2714685957,2714685957
2025-06-19 07:27:12,REAL,2714685957,491,2714686448,2714686448
2025-06-19 07:27:14,REAL,2714686448,486,2714686934,2714686934
2025-06-19 07:27:16,REAL,2714686934,480,2714687414,2714687414
2025-06-19 07:27:18,REAL,2714687414,478,2714687892,2714687892
2025-06-19 07:27:20,REAL,2714687892,11930,2714699822,2714699822
2025-06-19 07:27:22,REAL,2714699822,10314,2714710136,2714710136
2025-06-19 07:27:24,REAL,2714710136,10244,2714720380,2714720380
2025-06-19 07:27:26,REAL,2714720380,10250,2714730630,2714730630
2025-06-19 07:27:28,REAL,2714730630,10319,2714740949,2714740949
2025-06-19 07:27:30,REAL,2714740949,10248,2714751197,2714751197
2025-06-19 07:27:32,REAL,2714751197,10260,2714761457,2714761457
2025-06-19 07:27:34,REAL,2714761457,5368,2714766825,2714766825
2025-06-19 07:27:36,REAL,2714766825,488,2714767313,2714767313
2025-06-19 07:27:38,REAL,2714767313,479,2714767792,2714767792
2025-06-19 07:27:40,REAL,2714767792,479,2714768271,2714768271
2025-06-19 07:27:42,REAL,2714768271,491,2714768762,2714768762
2025-06-19 07:27:44,REAL,2714768762,536,2714769298,2714769298
2025-06-19 07:27:46,REAL,2714769298,485,2714769783,2714769783
2025-06-19 07:27:48,REAL,2714769783,492,2714770275,2714770275
2025-06-19 07:27:50,REAL,2714770275,482,2714770757,2714770757
2025-06-19 07:27:52,REAL,2714770757,484,2714771241,2714771241
2025-06-19 07:27:54,REAL,2714771241,486,2714771727,2714771727
2025-06-19 07:27:56,REAL,2714771727,483,2714772210,2714772210
2025-06-19 07:27:58,REAL,2714772210,532,2714772742,2714772742
2025-06-19 07:28:00,REAL,2714772742,486,2714773228,2714773228
2025-06-19 07:28:02,REAL,2714773228,487,2714773715,2714773715
2025-06-19 07:28:04,REAL,2714773715,485,2714774200,2714774200
2025-06-19 07:28:06,REAL,2714774200,482,2714774682,2714774682
2025-06-19 07:28:08,REAL,2714774682,488,2714775170,2714775170
2025-06-19 07:28:10,REAL,2714775170,480,2714775650,2714775650
2025-06-19 07:28:12,REAL,2714775650,491,2714776141,2714776141
2025-06-19 07:28:14,REAL,2714776141,489,2714776630,2714776630
2025-06-19 07:28:16,REAL,2714776630,486,2714777116,2714777116
2025-06-19 07:28:18,REAL,2714777116,479,2714777595,2714777595
2025-06-19 07:28:20,REAL,2714777595,538,2714778133,2714778133
2025-06-19 07:28:22,REAL,2714778133,489,2714778622,2714778622
2025-06-19 07:28:24,REAL,2714778622,491,2714779113,2714779113
2025-06-19 07:28:26,REAL,2714779113,483,2714779596,2714779596
2025-06-19 07:28:28,REAL,2714779596,481,2714780077,2714780077
2025-06-19 07:28:30,REAL,2714780077,489,2714780566,2714780566
2025-06-19 07:28:32,REAL,2714780566,485,2714781051,2714781051
2025-06-19 07:28:34,REAL,2714781051,487,2714781538,2714781538
2025-06-19 07:28:36,REAL,2714781538,541,2714782079,2714782079
2025-06-19 07:28:38,REAL,2714782079,482,2714782561,2714782561
2025-06-19 07:28:40,REAL,2714782561,482,2714783043,2714783043
2025-06-19 07:28:42,REAL,2714783043,492,2714783535,2714783535
2025-06-19 07:28:44,REAL,2714783535,492,2714784027,2714784027
2025-06-19 07:28:46,REAL,2714784027,482,2714784509,2714784509
2025-06-19 07:28:48,REAL,2714784509,487,2714784996,2714784996
2025-06-19 07:28:50,REAL,2714784996,479,2714785475,2714785475
2025-06-19 07:28:52,REAL,2714785475,490,2714785965,2714785965
2025-06-19 07:28:54,REAL,2714785965,491,2714786456,2714786456
2025-06-19 07:28:56,REAL,2714786456,488,2714786944,2714786944
2025-06-19 07:28:58,REAL,2714786944,485,2714787429,2714787429
2025-06-19 07:29:00,REAL,2714787429,484,2714787913,2714787913
2025-06-19 07:29:02,REAL,2714787913,535,2714788448,2714788448
2025-06-19 07:29:04,REAL,2714788448,487,2714788935,2714788935
2025-06-19 07:29:06,REAL,2714788935,476,2714789411,2714789411
2025-06-19 07:29:08,REAL,2714789411,478,2714789889,2714789889
2025-06-19 07:29:10,REAL,2714789889,544,2714790433,2714790433
2025-06-19 07:29:12,REAL,2714790433,479,2714790912,2714790912
2025-06-19 07:29:14,REAL,2714790912,478,2714791390,2714791390
2025-06-19 07:29:16,REAL,2714791390,494,2714791884,2714791884
2025-06-19 07:29:18,REAL,2714791884,487,2714792371,2714792371
2025-06-19 07:29:20,REAL,2714792371,478,2714792849,2714792849
2025-06-19 07:29:22,REAL,2714792849,486,2714793335,2714793335
2025-06-19 07:29:24,REAL,2714793335,486,2714793821,2714793821
2025-06-19 07:29:26,REAL,2714793821,482,2714794303,2714794303
2025-06-19 07:29:28,REAL,2714794303,493,2714794796,2714794796
2025-06-19 07:29:30,REAL,2714794796,480,2714795276,2714795276
2025-06-19 07:29:32,REAL,2714795276,540,2714795816,2714795816
2025-06-19 07:29:34,REAL,2714795816,484,2714796300,2714796300
2025-06-19 07:29:36,REAL,2714796300,483,2714796783,2714796783
2025-06-19 07:29:38,REAL,2714796783,490,2714797273,2714797273
2025-06-19 07:29:40,REAL,2714797273,483,2714797756,2714797756
2025-06-19 07:29:42,REAL,2714797756,482,2714798238,2714798238
2025-06-19 07:29:44,REAL,2714798238,483,2714798721,2714798721
2025-06-19 07:29:46,REAL,2714798721,492,2714799213,2714799213
2025-06-19 07:29:48,REAL,2714799213,480,2714799693,2714799693
2025-06-19 07:29:50,REAL,2714799693,485,2714800178,2714800178
2025-06-19 07:29:52,REAL,2714800178,490,2714800668,2714800668
2025-06-19 07:29:54,REAL,2714800668,487,2714801155,2714801155
2025-06-19 07:29:56,REAL,2714801155,481,2714801636,2714801636
2025-06-19 07:29:58,REAL,2714801636,535,2714802171,2714802171
2025-06-19 07:30:00,REAL,2714802171,541,2714802712,2714802712
2025-06-19 07:30:02,REAL,2714802712,490,2714803202,2714803202
2025-06-19 07:30:04,REAL,2714803202,483,2714803685,2714803685
2025-06-19 07:30:06,REAL,2714803685,488,2714804173,2714804173
2025-06-19 07:30:08,REAL,2714804173,9807,2714813980,2714813980
2025-06-19 07:30:10,REAL,2714813980,10581,2714824561,2714824561
2025-06-19 07:30:12,REAL,2714824561,10251,2714834812,2714834812
2025-06-19 07:30:14,REAL,2714834812,10316,2714845128,2714845128
2025-06-19 07:30:16,REAL,2714845128,10253,2714855381,2714855381
2025-06-19 07:30:18,REAL,2714855381,10325,2714865706,2714865706
2025-06-19 07:30:20,REAL,2714865706,10256,2714875962,2714875962
2025-06-19 07:30:22,REAL,2714875962,7616,2714883578,2714883578
2025-06-19 07:30:24,REAL,2714883578,480,2714884058,2714884058
2025-06-19 07:30:26,REAL,2714884058,485,2714884543,2714884543
2025-06-19 07:30:28,REAL,2714884543,3921,2714888464,2714888464
2025-06-19 07:30:30,REAL,2714888464,11441,2714899905,2714899905
2025-06-19 07:30:32,REAL,2714899905,10253,2714910158,2714910158
2025-06-19 07:30:34,REAL,2714910158,10245,2714920403,2714920403
2025-06-19 07:30:36,REAL,2714920403,10249,2714930652,2714930652
2025-06-19 07:30:38,REAL,2714930652,10323,2714940975,2714940975
2025-06-19 07:30:40,REAL,2714940975,10248,2714951223,2714951223
2025-06-19 07:30:42,REAL,2714951223,10257,2714961480,2714961480
2025-06-19 07:30:44,REAL,2714961480,2396,2714963876,2714963876
2025-06-19 07:30:46,REAL,2714963876,489,2714964365,2714964365
2025-06-19 07:30:48,REAL,2714964365,540,2714964905,2714964905
2025-06-19 07:30:50,REAL,2714964905,486,2714965391,2714965391
2025-06-19 07:30:52,REAL,2714965391,486,2714965877,2714965877
2025-06-19 07:30:54,REAL,2714965877,484,2714966361,2714966361
2025-06-19 07:30:56,REAL,2714966361,484,2714966845,2714966845
2025-06-19 07:30:58,REAL,2714966845,534,2714967379,2714967379
2025-06-19 07:31:00,REAL,2714967379,481,2714967860,2714967860
2025-06-19 07:31:02,REAL,2714967860,491,2714968351,2714968351
2025-06-19 07:31:04,REAL,2714968351,489,2714968840,2714968840
2025-06-19 07:31:06,REAL,2714968840,475,2714969315,2714969315
2025-06-19 07:31:08,REAL,2714969315,483,2714969798,2714969798
2025-06-19 07:31:10,REAL,2714969798,487,2714970285,2714970285
2025-06-19 07:31:12,REAL,2714970285,483,2714970768,2714970768
2025-06-19 07:31:14,REAL,2714970768,484,2714971252,2714971252
2025-06-19 07:31:16,REAL,2714971252,484,2714971736,2714971736
2025-06-19 07:31:18,REAL,2714971736,486,2714972222,2714972222
2025-06-19 07:31:20,REAL,2714972222,480,2714972702,2714972702
2025-06-19 07:31:22,REAL,2714972702,485,2714973187,2714973187
2025-06-19 07:31:24,REAL,2714973187,480,2714973667,2714973667
2025-06-19 07:31:26,REAL,2714973667,543,2714974210,2714974210
2025-06-19 07:31:28,REAL,2714974210,480,2714974690,2714974690
2025-06-19 07:31:30,REAL,2714974690,489,2714975179,2714975179
2025-06-19 07:31:32,REAL,2714975179,480,2714975659,2714975659
2025-06-19 07:31:34,REAL,2714975659,478,2714976137,2714976137
2025-06-19 07:31:36,REAL,2714976137,485,2714976622,2714976622
2025-06-19 07:31:38,REAL,2714976622,544,2714977166,2714977166
2025-06-19 07:31:40,REAL,2714977166,488,2714977654,2714977654
2025-06-19 07:31:42,REAL,2714977654,479,2714978133,2714978133
2025-06-19 07:31:44,REAL,2714978133,485,2714978618,2714978618
2025-06-19 07:31:46,REAL,2714978618,483,2714979101,2714979101
2025-06-19 07:31:48,REAL,2714979101,488,2714979589,2714979589
2025-06-19 07:31:50,REAL,2714979589,493,2714980082,2714980082
2025-06-19 07:31:52,REAL,2714980082,5902,2714985984,2714985984
2025-06-19 07:31:54,REAL,2714985984,10981,2714996965,2714996965
2025-06-19 07:31:56,REAL,2714996965,10254,2715007219,2715007219
2025-06-19 07:31:58,REAL,2715007219,10253,2715017472,2715017472
2025-06-19 07:32:00,REAL,2715017472,10255,2715027727,2715027727
2025-06-19 07:32:02,REAL,2715027727,10317,2715038044,2715038044
2025-06-19 07:32:04,REAL,2715038044,10258,2715048302,2715048302
2025-06-19 07:32:06,REAL,2715048302,10312,2715058614,2715058614
2025-06-19 07:32:08,REAL,2715058614,1144,2715059758,2715059758
2025-06-19 07:32:10,REAL,2715059758,492,2715060250,2715060250
2025-06-19 07:32:12,REAL,2715060250,487,2715060737,2715060737
2025-06-19 07:32:14,REAL,2715060737,484,2715061221,2715061221
2025-06-19 07:32:16,REAL,2715061221,479,2715061700,2715061700
2025-06-19 07:32:18,REAL,2715061700,538,2715062238,2715062238
2025-06-19 07:32:20,REAL,2715062238,480,2715062718,2715062718
2025-06-19 07:32:22,REAL,2715062718,479,2715063197,2715063197
2025-06-19 07:32:24,REAL,2715063197,482,2715063679,2715063679
2025-06-19 07:32:26,REAL,2715063679,489,2715064168,2715064168
2025-06-19 07:32:28,REAL,2715064168,546,2715064714,2715064714
2025-06-19 07:32:30,REAL,2715064714,481,2715065195,2715065195
2025-06-19 07:32:32,REAL,2715065195,484,2715065679,2715065679
2025-06-19 07:32:34,REAL,2715065679,481,2715066160,2715066160
2025-06-19 07:32:36,REAL,2715066160,482,2715066642,2715066642
2025-06-19 07:32:38,REAL,2715066642,486,2715067128,2715067128
2025-06-19 07:32:40,REAL,2715067128,474,2715067602,2715067602
2025-06-19 07:32:42,REAL,2715067602,491,2715068093,2715068093
2025-06-19 07:32:44,REAL,2715068093,486,2715068579,2715068579
2025-06-19 07:32:46,REAL,2715068579,534,2715069113,2715069113
2025-06-19 07:32:48,REAL,2715069113,480,2715069593,2715069593
2025-06-19 07:32:50,REAL,2715069593,485,2715070078,2715070078
2025-06-19 07:32:52,REAL,2715070078,483,2715070561,2715070561
2025-06-19 07:32:54,REAL,2715070561,493,2715071054,2715071054
2025-06-19 07:32:56,REAL,2715071054,490,2715071544,2715071544
2025-06-19 07:32:58,REAL,2715071544,488,2715072032,2715072032
2025-06-19 07:33:00,REAL,2715072032,490,2715072522,2715072522
2025-06-19 07:33:02,REAL,2715072522,484,2715073006,2715073006
2025-06-19 07:33:04,REAL,2715073006,478,2715073484,2715073484
2025-06-19 07:33:06,REAL,2715073484,487,2715073971,2715073971
2025-06-19 07:33:08,REAL,2715073971,484,2715074455,2715074455
2025-06-19 07:33:10,REAL,2715074455,481,2715074936,2715074936
2025-06-19 07:33:12,REAL,2715074936,486,2715075422,2715075422
2025-06-19 07:33:14,REAL,2715075422,544,2715075966,2715075966
2025-06-19 07:33:16,REAL,2715075966,484,2715076450,2715076450
2025-06-19 07:33:18,REAL,2715076450,537,2715076987,2715076987
2025-06-19 07:33:20,REAL,2715076987,490,2715077477,2715077477
2025-06-19 07:33:22,REAL,2715077477,488,2715077965,2715077965
2025-06-19 07:33:24,REAL,2715077965,491,2715078456,2715078456
2025-06-19 07:33:26,REAL,2715078456,483,2715078939,2715078939
2025-06-19 07:33:28,REAL,2715078939,482,2715079421,2715079421
2025-06-19 07:33:30,REAL,2715079421,480,2715079901,2715079901
2025-06-19 07:33:32,REAL,2715079901,485,2715080386,2715080386
2025-06-19 07:33:34,REAL,2715080386,477,2715080863,2715080863
2025-06-19 07:33:36,REAL,2715080863,483,2715081346,2715081346
2025-06-19 07:33:38,REAL,2715081346,538,2715081884,2715081884
2025-06-19 07:33:40,REAL,2715081884,481,2715082365,2715082365
2025-06-19 07:33:42,REAL,2715082365,483,2715082848,2715082848
2025-06-19 07:33:44,REAL,2715082848,478,2715083326,2715083326
2025-06-19 07:33:46,REAL,2715083326,483,2715083809,2715083809
2025-06-19 07:33:48,REAL,2715083809,486,2715084295,2715084295
2025-06-19 07:33:50,REAL,2715084295,485,2715084780,2715084780
2025-06-19 07:33:52,REAL,2715084780,484,2715085264,2715085264
2025-06-19 07:33:54,REAL,2715085264,483,2715085747,2715085747
2025-06-19 07:33:56,REAL,2715085747,486,2715086233,2715086233
2025-06-19 07:33:58,REAL,2715086233,479,2715086712,2715086712
2025-06-19 07:34:00,REAL,2715086712,487,2715087199,2715087199
2025-06-19 07:34:02,REAL,2715087199,479,2715087678,2715087678
2025-06-19 07:34:04,REAL,2715087678,539,2715088217,2715088217
2025-06-19 07:34:06,REAL,2715088217,540,2715088757,2715088757
2025-06-19 07:34:08,REAL,2715088757,484,2715089241,2715089241
2025-06-19 07:34:10,REAL,2715089241,483,2715089724,2715089724
2025-06-19 07:34:12,REAL,2715089724,490,2715090214,2715090214
2025-06-19 07:34:14,REAL,2715090214,488,2715090702,2715090702
2025-06-19 07:34:16,REAL,2715090702,490,2715091192,2715091192
2025-06-19 07:34:18,REAL,2715091192,486,2715091678,2715091678
2025-06-19 07:34:20,REAL,2715091678,487,2715092165,2715092165
2025-06-19 07:34:22,REAL,2715092165,483,2715092648,2715092648
2025-06-19 07:34:24,REAL,2715092648,483,2715093131,2715093131
2025-06-19 07:34:26,REAL,2715093131,484,2715093615,2715093615
2025-06-19 07:34:28,REAL,2715093615,542,2715094157,2715094157
2025-06-19 07:34:30,REAL,2715094157,493,2715094650,2715094650
2025-06-19 07:34:32,REAL,2715094650,481,2715095131,2715095131
2025-06-19 07:34:34,REAL,2715095131,489,2715095620,2715095620
2025-06-19 07:34:36,REAL,2715095620,9272,2715104892,2715104892
2025-06-19 07:34:38,REAL,2715104892,10511,2715115403,2715115403
2025-06-19 07:34:40,REAL,2715115403,10311,2715125714,2715125714
2025-06-19 07:34:42,REAL,2715125714,10305,2715136019,2715136019
2025-06-19 07:34:44,REAL,2715136019,10242,2715146261,2715146261
2025-06-19 07:34:46,REAL,2715146261,10322,2715156583,2715156583
2025-06-19 07:34:48,REAL,2715156583,10248,2715166831,2715166831
2025-06-19 07:34:50,REAL,2715166831,8071,2715174902,2715174902
2025-06-19 07:34:52,REAL,2715174902,487,2715175389,2715175389
2025-06-19 07:34:54,REAL,2715175389,488,2715175877,2715175877
2025-06-19 07:34:56,REAL,2715175877,478,2715176355,2715176355
2025-06-19 07:34:58,REAL,2715176355,542,2715176897,2715176897
2025-06-19 07:35:00,REAL,2715176897,486,2715177383,2715177383
2025-06-19 07:35:02,REAL,2715177383,476,2715177859,2715177859
2025-06-19 07:35:04,REAL,2715177859,485,2715178344,2715178344
2025-06-19 07:35:06,REAL,2715178344,492,2715178836,2715178836
2025-06-19 07:35:08,REAL,2715178836,486,2715179322,2715179322
2025-06-19 07:35:10,REAL,2715179322,482,2715179804,2715179804
2025-06-19 07:35:12,REAL,2715179804,480,2715180284,2715180284
2025-06-19 07:35:14,REAL,2715180284,482,2715180766,2715180766
2025-06-19 07:35:16,REAL,2715180766,538,2715181304,2715181304
2025-06-19 07:35:18,REAL,2715181304,482,2715181786,2715181786
2025-06-19 07:35:20,REAL,2715181786,482,2715182268,2715182268
2025-06-19 07:35:22,REAL,2715182268,480,2715182748,2715182748
2025-06-19 07:35:24,REAL,2715182748,540,2715183288,2715183288
2025-06-19 07:35:26,REAL,2715183288,479,2715183767,2715183767
2025-06-19 07:35:28,REAL,2715183767,490,2715184257,2715184257
2025-06-19 07:35:30,REAL,2715184257,486,2715184743,2715184743
2025-06-19 07:35:32,REAL,2715184743,482,2715185225,2715185225
2025-06-19 07:35:34,REAL,2715185225,484,2715185709,2715185709
2025-06-19 07:35:36,REAL,2715185709,480,2715186189,2715186189
2025-06-19 07:35:38,REAL,2715186189,478,2715186667,2715186667
2025-06-19 07:35:40,REAL,2715186667,485,2715187152,2715187152
2025-06-19 07:35:42,REAL,2715187152,474,2715187626,2715187626
2025-06-19 07:35:44,REAL,2715187626,482,2715188108,2715188108
2025-06-19 07:35:46,REAL,2715188108,488,2715188596,2715188596
2025-06-19 07:35:48,REAL,2715188596,537,2715189133,2715189133
2025-06-19 07:35:50,REAL,2715189133,541,2715189674,2715189674
2025-06-19 07:35:52,REAL,2715189674,477,2715190151,2715190151
2025-06-19 07:35:54,REAL,2715190151,489,2715190640,2715190640
2025-06-19 07:35:56,REAL,2715190640,484,2715191124,2715191124
2025-06-19 07:35:58,REAL,2715191124,488,2715191612,2715191612
2025-06-19 07:36:00,REAL,2715191612,486,2715192098,2715192098
2025-06-19 07:36:02,REAL,2715192098,484,2715192582,2715192582
2025-06-19 07:36:04,REAL,2715192582,484,2715193066,2715193066
2025-06-19 07:36:06,REAL,2715193066,488,2715193554,2715193554
2025-06-19 07:36:08,REAL,2715193554,484,2715194038,2715194038
2025-06-19 07:36:10,REAL,2715194038,493,2715194531,2715194531
2025-06-19 07:36:12,REAL,2715194531,543,2715195074,2715195074
2025-06-19 07:36:14,REAL,2715195074,481,2715195555,2715195555
2025-06-19 07:36:16,REAL,2715195555,485,2715196040,2715196040
2025-06-19 07:36:18,REAL,2715196040,482,2715196522,2715196522
2025-06-19 07:36:20,REAL,2715196522,487,2715197009,2715197009
2025-06-19 07:36:22,REAL,2715197009,491,2715197500,2715197500
2025-06-19 07:36:24,REAL,2715197500,482,2715197982,2715197982
2025-06-19 07:36:26,REAL,2715197982,537,2715198519,2715198519
2025-06-19 07:36:28,REAL,2715198519,478,2715198997,2715198997
2025-06-19 07:36:30,REAL,2715198997,492,2715199489,2715199489
2025-06-19 07:36:32,REAL,2715199489,6494,2715205983,2715205983
2025-06-19 07:36:34,REAL,2715205983,14031,2715220014,2715220014
2025-06-19 07:36:36,REAL,2715220014,10255,2715230269,2715230269
2025-06-19 07:36:38,REAL,2715230269,10252,2715240521,2715240521
2025-06-19 07:36:40,REAL,2715240521,10253,2715250774,2715250774
2025-06-19 07:36:42,REAL,2715250774,10253,2715261027,2715261027
2025-06-19 07:36:44,REAL,2715261027,10317,2715271344,2715271344
2025-06-19 07:36:46,REAL,2715271344,10248,2715281592,2715281592
2025-06-19 07:36:48,REAL,2715281592,876,2715282468,2715282468
2025-06-19 07:36:50,REAL,2715282468,478,2715282946,2715282946
2025-06-19 07:36:52,REAL,2715282946,483,2715283429,2715283429
2025-06-19 07:36:54,REAL,2715283429,488,2715283917,2715283917
2025-06-19 07:36:56,REAL,2715283917,531,2715284448,2715284448
2025-06-19 07:36:58,REAL,2715284448,479,2715284927,2715284927
2025-06-19 07:37:00,REAL,2715284927,542,2715285469,2715285469
2025-06-19 07:37:02,REAL,2715285469,483,2715285952,2715285952
2025-06-19 07:37:04,REAL,2715285952,485,2715286437,2715286437
2025-06-19 07:37:06,REAL,2715286437,483,2715286920,2715286920
2025-06-19 07:37:08,REAL,2715286920,482,2715287402,2715287402
2025-06-19 07:37:10,REAL,2715287402,478,2715287880,2715287880
2025-06-19 07:37:12,REAL,2715287880,484,2715288364,2715288364
2025-06-19 07:37:14,REAL,2715288364,6426,2715294790,2715294790
2025-06-19 07:37:16,REAL,2715294790,10910,2715305700,2715305700
2025-06-19 07:37:18,REAL,2715305700,10246,2715315946,2715315946
2025-06-19 07:37:20,REAL,2715315946,10325,2715326271,2715326271
2025-06-19 07:37:22,REAL,2715326271,10252,2715336523,2715336523
2025-06-19 07:37:24,REAL,2715336523,10326,2715346849,2715346849
2025-06-19 07:37:26,REAL,2715346849,10259,2715357108,2715357108
2025-06-19 07:37:28,REAL,2715357108,10192,2715367300,2715367300
2025-06-19 07:37:30,REAL,2715367300,484,2715367784,2715367784
2025-06-19 07:37:32,REAL,2715367784,485,2715368269,2715368269
2025-06-19 07:37:34,REAL,2715368269,615,2715368884,2715368884
2025-06-19 07:37:36,REAL,2715368884,12083,2715380967,2715380967
2025-06-19 07:37:38,REAL,2715380967,10252,2715391219,2715391219
2025-06-19 07:37:40,REAL,2715391219,10321,2715401540,2715401540
2025-06-19 07:37:42,REAL,2715401540,10253,2715411793,2715411793
2025-06-19 07:37:44,REAL,2715411793,10252,2715422045,2715422045
2025-06-19 07:37:46,REAL,2715422045,10316,2715432361,2715432361
2025-06-19 07:37:48,REAL,2715432361,10250,2715442611,2715442611
2025-06-19 07:37:50,REAL,2715442611,4971,2715447582,2715447582
2025-06-19 07:37:52,REAL,2715447582,493,2715448075,2715448075
2025-06-19 07:37:54,REAL,2715448075,485,2715448560,2715448560
2025-06-19 07:37:56,REAL,2715448560,491,2715449051,2715449051
2025-06-19 07:37:58,REAL,2715449051,537,2715449588,2715449588
2025-06-19 07:38:00,REAL,2715449588,480,2715450068,2715450068
2025-06-19 07:38:02,REAL,2715450068,485,2715450553,2715450553
2025-06-19 07:38:04,REAL,2715450553,493,2715451046,2715451046
2025-06-19 07:38:06,REAL,2715451046,482,2715451528,2715451528
2025-06-19 07:38:08,REAL,2715451528,487,2715452015,2715452015
2025-06-19 07:38:10,REAL,2715452015,492,2715452507,2715452507
2025-06-19 07:38:12,REAL,2715452507,546,2715453053,2715453053
2025-06-19 07:38:14,REAL,2715453053,485,2715453538,2715453538
2025-06-19 07:38:16,REAL,2715453538,483,2715454021,2715454021
2025-06-19 07:38:18,REAL,2715454021,484,2715454505,2715454505
2025-06-19 07:38:20,REAL,2715454505,487,2715454992,2715454992
2025-06-19 07:38:22,REAL,2715454992,481,2715455473,2715455473
2025-06-19 07:38:24,REAL,2715455473,491,2715455964,2715455964
2025-06-19 07:38:26,REAL,2715455964,482,2715456446,2715456446
2025-06-19 07:38:28,REAL,2715456446,481,2715456927,2715456927
2025-06-19 07:38:30,REAL,2715456927,476,2715457403,2715457403
2025-06-19 07:38:32,REAL,2715457403,484,2715457887,2715457887
2025-06-19 07:38:34,REAL,2715457887,476,2715458363,2715458363
2025-06-19 07:38:36,REAL,2715458363,481,2715458844,2715458844
2025-06-19 07:38:38,REAL,2715458844,489,2715459333,2715459333
2025-06-19 07:38:40,REAL,2715459333,479,2715459812,2715459812
2025-06-19 07:38:42,REAL,2715459812,537,2715460349,2715460349
2025-06-19 07:38:44,REAL,2715460349,491,2715460840,2715460840
2025-06-19 07:38:46,REAL,2715460840,542,2715461382,2715461382
2025-06-19 07:38:48,REAL,2715461382,478,2715461860,2715461860
2025-06-19 07:38:50,REAL,2715461860,487,2715462347,2715462347
2025-06-19 07:38:52,REAL,2715462347,485,2715462832,2715462832
2025-06-19 07:38:54,REAL,2715462832,492,2715463324,2715463324
2025-06-19 07:38:56,REAL,2715463324,481,2715463805,2715463805
2025-06-19 07:38:58,REAL,2715463805,490,2715464295,2715464295
2025-06-19 07:39:00,REAL,2715464295,479,2715464774,2715464774
2025-06-19 07:39:02,REAL,2715464774,483,2715465257,2715465257
2025-06-19 07:39:04,REAL,2715465257,485,2715465742,2715465742
2025-06-19 07:39:06,REAL,2715465742,485,2715466227,2715466227
2025-06-19 07:39:08,REAL,2715466227,481,2715466708,2715466708
2025-06-19 07:39:10,REAL,2715466708,483,2715467191,2715467191
2025-06-19 07:39:12,REAL,2715467191,484,2715467675,2715467675
2025-06-19 07:39:14,REAL,2715467675,486,2715468161,2715468161
2025-06-19 07:39:16,REAL,2715468161,483,2715468644,2715468644
2025-06-19 07:39:18,REAL,2715468644,479,2715469123,2715469123
2025-06-19 07:39:20,REAL,2715469123,487,2715469610,2715469610
2025-06-19 07:39:22,REAL,2715469610,490,2715470100,2715470100
2025-06-19 07:39:24,REAL,2715470100,481,2715470581,2715470581
2025-06-19 07:39:26,REAL,2715470581,541,2715471122,2715471122
2025-06-19 07:39:28,REAL,2715471122,490,2715471612,2715471612
2025-06-19 07:39:30,REAL,2715471612,541,2715472153,2715472153
2025-06-19 07:39:32,REAL,2715472153,486,2715472639,2715472639
2025-06-19 07:39:34,REAL,2715472639,484,2715473123,2715473123
2025-06-19 07:39:36,REAL,2715473123,485,2715473608,2715473608
2025-06-19 07:39:38,REAL,2715473608,481,2715474089,2715474089
2025-06-19 07:39:40,REAL,2715474089,482,2715474571,2715474571
2025-06-19 07:39:42,REAL,2715474571,482,2715475053,2715475053
2025-06-19 07:39:44,REAL,2715475053,485,2715475538,2715475538
2025-06-19 07:39:46,REAL,2715475538,478,2715476016,2715476016
2025-06-19 07:39:48,REAL,2715476016,481,2715476497,2715476497
2025-06-19 07:39:50,REAL,2715476497,488,2715476985,2715476985
2025-06-19 07:39:52,REAL,2715476985,481,2715477466,2715477466
2025-06-19 07:39:54,REAL,2715477466,482,2715477948,2715477948
2025-06-19 07:39:56,REAL,2715477948,476,2715478424,2715478424
2025-06-19 07:39:58,REAL,2715478424,494,2715478918,2715478918
2025-06-19 07:40:00,REAL,2715478918,487,2715479405,2715479405
2025-06-19 07:40:02,REAL,2715479405,478,2715479883,2715479883
2025-06-19 07:40:04,REAL,2715479883,482,2715480365,2715480365
2025-06-19 07:40:06,REAL,2715480365,492,2715480857,2715480857
2025-06-19 07:40:08,REAL,2715480857,544,2715481401,2715481401
2025-06-19 07:40:10,REAL,2715481401,483,2715481884,2715481884
2025-06-19 07:40:12,REAL,2715481884,476,2715482360,2715482360
2025-06-19 07:40:14,REAL,2715482360,544,2715482904,2715482904
2025-06-19 07:40:16,REAL,2715482904,491,2715483395,2715483395
2025-06-19 07:40:18,REAL,2715483395,486,2715483881,2715483881
2025-06-19 07:40:20,REAL,2715483881,485,2715484366,2715484366
2025-06-19 07:40:22,REAL,2715484366,483,2715484849,2715484849
2025-06-19 07:40:24,REAL,2715484849,479,2715485328,2715485328
2025-06-19 07:40:26,REAL,2715485328,486,2715485814,2715485814
2025-06-19 07:40:28,REAL,2715485814,4253,2715490067,2715490067
2025-06-19 07:40:30,REAL,2715490067,11439,2715501506,2715501506
2025-06-19 07:40:32,REAL,2715501506,10319,2715511825,2715511825
2025-06-19 07:40:34,REAL,2715511825,10258,2715522083,2715522083
2025-06-19 07:40:36,REAL,2715522083,10320,2715532403,2715532403
2025-06-19 07:40:38,REAL,2715532403,10245,2715542648,2715542648
2025-06-19 07:40:40,REAL,2715542648,10324,2715552972,2715552972
2025-06-19 07:40:42,REAL,2715552972,10005,2715562977,2715562977
2025-06-19 07:40:44,REAL,2715562977,2192,2715565169,2715565169
2025-06-19 07:40:46,REAL,2715565169,486,2715565655,2715565655
2025-06-19 07:40:48,REAL,2715565655,482,2715566137,2715566137
2025-06-19 07:40:50,REAL,2715566137,483,2715566620,2715566620
2025-06-19 07:40:52,REAL,2715566620,494,2715567114,2715567114
2025-06-19 07:40:54,REAL,2715567114,492,2715567606,2715567606
2025-06-19 07:40:56,REAL,2715567606,534,2715568140,2715568140
2025-06-19 07:40:58,REAL,2715568140,486,2715568626,2715568626
2025-06-19 07:41:00,REAL,2715568626,489,2715569115,2715569115
2025-06-19 07:41:02,REAL,2715569115,479,2715569594,2715569594
2025-06-19 07:41:04,REAL,2715569594,488,2715570082,2715570082
2025-06-19 07:41:06,REAL,2715570082,482,2715570564,2715570564
2025-06-19 07:41:08,REAL,2715570564,483,2715571047,2715571047
2025-06-19 07:41:10,REAL,2715571047,478,2715571525,2715571525
2025-06-19 07:41:12,REAL,2715571525,538,2715572063,2715572063
2025-06-19 07:41:14,REAL,2715572063,481,2715572544,2715572544
2025-06-19 07:41:16,REAL,2715572544,476,2715573020,2715573020
2025-06-19 07:41:18,REAL,2715573020,488,2715573508,2715573508
2025-06-19 07:41:20,REAL,2715573508,487,2715573995,2715573995
2025-06-19 07:41:22,REAL,2715573995,476,2715574471,2715574471
2025-06-19 07:41:24,REAL,2715574471,480,2715574951,2715574951
2025-06-19 07:41:26,REAL,2715574951,6492,2715581443,2715581443
2025-06-19 07:41:28,REAL,2715581443,11501,2715592944,2715592944
2025-06-19 07:41:30,REAL,2715592944,10316,2715603260,2715603260
2025-06-19 07:41:32,REAL,2715603260,10250,2715613510,2715613510
2025-06-19 07:41:34,REAL,2715613510,10252,2715623762,2715623762
2025-06-19 07:41:36,REAL,2715623762,10328,2715634090,2715634090
2025-06-19 07:41:38,REAL,2715634090,10253,2715644343,2715644343
2025-06-19 07:41:40,REAL,2715644343,10309,2715654652,2715654652
2025-06-19 07:41:42,REAL,2715654652,1345,2715655997,2715655997
2025-06-19 07:41:44,REAL,2715655997,478,2715656475,2715656475
2025-06-19 07:41:46,REAL,2715656475,493,2715656968,2715656968
2025-06-19 07:41:48,REAL,2715656968,11180,2715668148,2715668148
2025-06-19 07:41:50,REAL,2715668148,10255,2715678403,2715678403
2025-06-19 07:41:52,REAL,2715678403,10328,2715688731,2715688731
2025-06-19 07:41:54,REAL,2715688731,10315,2715699046,2715699046
2025-06-19 07:41:56,REAL,2715699046,10249,2715709295,2715709295
2025-06-19 07:41:58,REAL,2715709295,10248,2715719543,2715719543
2025-06-19 07:42:00,REAL,2715719543,10318,2715729861,2715729861
2025-06-19 07:42:02,REAL,2715729861,5899,2715735760,2715735760
2025-06-19 07:42:04,REAL,2715735760,483,2715736243,2715736243
2025-06-19 07:42:06,REAL,2715736243,482,2715736725,2715736725
2025-06-19 07:42:08,REAL,2715736725,480,2715737205,2715737205
2025-06-19 07:42:10,REAL,2715737205,478,2715737683,2715737683
2025-06-19 07:42:12,REAL,2715737683,490,2715738173,2715738173
2025-06-19 07:42:14,REAL,2715738173,480,2715738653,2715738653
2025-06-19 07:42:16,REAL,2715738653,482,2715739135,2715739135
2025-06-19 07:42:18,REAL,2715739135,487,2715739622,2715739622
2025-06-19 07:42:20,REAL,2715739622,477,2715740099,2715740099
2025-06-19 07:42:22,REAL,2715740099,539,2715740638,2715740638
2025-06-19 07:42:24,REAL,2715740638,490,2715741128,2715741128
2025-06-19 07:42:26,REAL,2715741128,486,2715741614,2715741614
2025-06-19 07:42:28,REAL,2715741614,475,2715742089,2715742089
2025-06-19 07:42:30,REAL,2715742089,545,2715742634,2715742634
2025-06-19 07:42:32,REAL,2715742634,480,2715743114,2715743114
2025-06-19 07:42:34,REAL,2715743114,486,2715743600,2715743600
2025-06-19 07:42:36,REAL,2715743600,487,2715744087,2715744087
2025-06-19 07:42:38,REAL,2715744087,486,2715744573,2715744573
2025-06-19 07:42:40,REAL,2715744573,482,2715745055,2715745055
2025-06-19 07:42:42,REAL,2715745055,484,2715745539,2715745539
2025-06-19 07:42:44,REAL,2715745539,485,2715746024,2715746024
2025-06-19 07:42:46,REAL,2715746024,482,2715746506,2715746506
2025-06-19 07:42:48,REAL,2715746506,477,2715746983,2715746983
2025-06-19 07:42:50,REAL,2715746983,487,2715747470,2715747470
2025-06-19 07:42:52,REAL,2715747470,484,2715747954,2715747954
2025-06-19 07:42:54,REAL,2715747954,483,2715748437,2715748437
2025-06-19 07:42:56,REAL,2715748437,481,2715748918,2715748918
2025-06-19 07:42:58,REAL,2715748918,491,2715749409,2715749409
2025-06-19 07:43:00,REAL,2715749409,483,2715749892,2715749892
2025-06-19 07:43:02,REAL,2715749892,477,2715750369,2715750369
2025-06-19 07:43:04,REAL,2715750369,490,2715750859,2715750859
2025-06-19 07:43:06,REAL,2715750859,543,2715751402,2715751402
2025-06-19 07:43:08,REAL,2715751402,482,2715751884,2715751884
2025-06-19 07:43:10,REAL,2715751884,482,2715752366,2715752366
2025-06-19 07:43:12,REAL,2715752366,536,2715752902,2715752902
2025-06-19 07:43:14,REAL,2715752902,486,2715753388,2715753388
2025-06-19 07:43:16,REAL,2715753388,474,2715753862,2715753862
2025-06-19 07:43:18,REAL,2715753862,479,2715754341,2715754341
2025-06-19 07:43:20,REAL,2715754341,487,2715754828,2715754828
2025-06-19 07:43:22,REAL,2715754828,490,2715755318,2715755318
2025-06-19 07:43:24,REAL,2715755318,484,2715755802,2715755802
2025-06-19 07:43:26,REAL,2715755802,485,2715756287,2715756287
2025-06-19 07:43:28,REAL,2715756287,482,2715756769,2715756769
2025-06-19 07:43:30,REAL,2715756769,477,2715757246,2715757246
2025-06-19 07:43:32,REAL,2715757246,481,2715757727,2715757727
2025-06-19 07:43:34,REAL,2715757727,485,2715758212,2715758212
2025-06-19 07:43:36,REAL,2715758212,482,2715758694,2715758694
2025-06-19 07:43:38,REAL,2715758694,481,2715759175,2715759175
2025-06-19 07:43:40,REAL,2715759175,481,2715759656,2715759656
2025-06-19 07:43:42,REAL,2715759656,489,2715760145,2715760145
2025-06-19 07:43:44,REAL,2715760145,492,2715760637,2715760637
2025-06-19 07:43:46,REAL,2715760637,486,2715761123,2715761123
2025-06-19 07:43:48,REAL,2715761123,534,2715761657,2715761657
2025-06-19 07:43:50,REAL,2715761657,476,2715762133,2715762133
2025-06-19 07:43:52,REAL,2715762133,491,2715762624,2715762624
2025-06-19 07:43:54,REAL,2715762624,486,2715763110,2715763110
2025-06-19 07:43:56,REAL,2715763110,480,2715763590,2715763590
2025-06-19 07:43:58,REAL,2715763590,539,2715764129,2715764129
2025-06-19 07:44:00,REAL,2715764129,489,2715764618,2715764618
2025-06-19 07:44:02,REAL,2715764618,486,2715765104,2715765104
2025-06-19 07:44:04,REAL,2715765104,482,2715765586,2715765586
2025-06-19 07:44:06,REAL,2715765586,478,2715766064,2715766064
2025-06-19 07:44:08,REAL,2715766064,485,2715766549,2715766549
2025-06-19 07:44:10,REAL,2715766549,481,2715767030,2715767030
2025-06-19 07:44:12,REAL,2715767030,488,2715767518,2715767518
2025-06-19 07:44:14,REAL,2715767518,480,2715767998,2715767998
2025-06-19 07:44:16,REAL,2715767998,480,2715768478,2715768478
2025-06-19 07:44:18,REAL,2715768478,488,2715768966,2715768966
2025-06-19 07:44:20,REAL,2715768966,478,2715769444,2715769444
2025-06-19 07:44:22,REAL,2715769444,482,2715769926,2715769926
2025-06-19 07:44:24,REAL,2715769926,482,2715770408,2715770408
2025-06-19 07:44:26,REAL,2715770408,493,2715770901,2715770901
2025-06-19 07:44:28,REAL,2715770901,491,2715771392,2715771392
2025-06-19 07:44:30,REAL,2715771392,484,2715771876,2715771876
2025-06-19 07:44:32,REAL,2715771876,534,2715772410,2715772410
2025-06-19 07:44:34,REAL,2715772410,484,2715772894,2715772894
2025-06-19 07:44:36,REAL,2715772894,8883,2715781777,2715781777
2025-06-19 07:44:38,REAL,2715781777,10916,2715792693,2715792693
2025-06-19 07:44:40,REAL,2715792693,10255,2715802948,2715802948
2025-06-19 07:44:42,REAL,2715802948,10320,2715813268,2715813268
2025-06-19 07:44:44,REAL,2715813268,10252,2715823520,2715823520
2025-06-19 07:44:46,REAL,2715823520,10310,2715833830,2715833830
2025-06-19 07:44:48,REAL,2715833830,10250,2715844080,2715844080
2025-06-19 07:44:50,REAL,2715844080,7946,2715852026,2715852026
2025-06-19 07:44:52,REAL,2715852026,492,2715852518,2715852518
2025-06-19 07:44:54,REAL,2715852518,481,2715852999,2715852999
2025-06-19 07:44:56,REAL,2715852999,485,2715853484,2715853484
2025-06-19 07:44:58,REAL,2715853484,484,2715853968,2715853968
2025-06-19 07:45:00,REAL,2715853968,485,2715854453,2715854453
2025-06-19 07:45:02,REAL,2715854453,476,2715854929,2715854929
2025-06-19 07:45:04,REAL,2715854929,492,2715855421,2715855421
2025-06-19 07:45:06,REAL,2715855421,545,2715855966,2715855966
2025-06-19 07:45:08,REAL,2715855966,480,2715856446,2715856446
2025-06-19 07:45:10,REAL,2715856446,493,2715856939,2715856939
2025-06-19 07:45:12,REAL,2715856939,489,2715857428,2715857428
2025-06-19 07:45:14,REAL,2715857428,485,2715857913,2715857913
2025-06-19 07:45:16,REAL,2715857913,479,2715858392,2715858392
2025-06-19 07:45:18,REAL,2715858392,483,2715858875,2715858875
2025-06-19 07:45:20,REAL,2715858875,481,2715859356,2715859356
2025-06-19 07:45:22,REAL,2715859356,534,2715859890,2715859890
2025-06-19 07:45:24,REAL,2715859890,488,2715860378,2715860378
2025-06-19 07:45:26,REAL,2715860378,487,2715860865,2715860865
2025-06-19 07:45:28,REAL,2715860865,481,2715861346,2715861346
2025-06-19 07:45:30,REAL,2715861346,492,2715861838,2715861838
2025-06-19 07:45:32,REAL,2715861838,485,2715862323,2715862323
2025-06-19 07:45:34,REAL,2715862323,487,2715862810,2715862810
2025-06-19 07:45:36,REAL,2715862810,482,2715863292,2715863292
2025-06-19 07:45:38,REAL,2715863292,480,2715863772,2715863772
2025-06-19 07:45:40,REAL,2715863772,536,2715864308,2715864308
2025-06-19 07:45:42,REAL,2715864308,484,2715864792,2715864792
2025-06-19 07:45:44,REAL,2715864792,494,2715865286,2715865286
2025-06-19 07:45:46,REAL,2715865286,489,2715865775,2715865775
2025-06-19 07:45:48,REAL,2715865775,489,2715866264,2715866264
2025-06-19 07:45:50,REAL,2715866264,478,2715866742,2715866742
2025-06-19 07:45:52,REAL,2715866742,480,2715867222,2715867222
2025-06-19 07:45:54,REAL,2715867222,483,2715867705,2715867705
2025-06-19 07:45:56,REAL,2715867705,482,2715868187,2715868187
2025-06-19 07:45:58,REAL,2715868187,489,2715868676,2715868676
2025-06-19 07:46:00,REAL,2715868676,488,2715869164,2715869164
2025-06-19 07:46:02,REAL,2715869164,484,2715869648,2715869648
2025-06-19 07:46:04,REAL,2715869648,476,2715870124,2715870124
2025-06-19 07:46:06,REAL,2715870124,480,2715870604,2715870604
2025-06-19 07:46:08,REAL,2715870604,532,2715871136,2715871136
2025-06-19 07:46:10,REAL,2715871136,485,2715871621,2715871621
2025-06-19 07:46:12,REAL,2715871621,475,2715872096,2715872096
2025-06-19 07:46:14,REAL,2715872096,546,2715872642,2715872642
2025-06-19 07:46:16,REAL,2715872642,487,2715873129,2715873129
2025-06-19 07:46:18,REAL,2715873129,482,2715873611,2715873611
2025-06-19 07:46:20,REAL,2715873611,481,2715874092,2715874092
2025-06-19 07:46:22,REAL,2715874092,484,2715874576,2715874576
2025-06-19 07:46:24,REAL,2715874576,480,2715875056,2715875056
2025-06-19 07:46:26,REAL,2715875056,480,2715875536,2715875536
2025-06-19 07:46:28,REAL,2715875536,475,2715876011,2715876011
2025-06-19 07:46:30,REAL,2715876011,484,2715876495,2715876495
2025-06-19 07:46:32,REAL,2715876495,485,2715876980,2715876980
2025-06-19 07:46:34,REAL,2715876980,485,2715877465,2715877465
2025-06-19 07:46:36,REAL,2715877465,490,2715877955,2715877955
2025-06-19 07:46:38,REAL,2715877955,481,2715878436,2715878436
2025-06-19 07:46:40,REAL,2715878436,488,2715878924,2715878924
2025-06-19 07:46:42,REAL,2715878924,483,2715879407,2715879407
2025-06-19 07:46:44,REAL,2715879407,480,2715879887,2715879887
2025-06-19 07:46:46,REAL,2715879887,486,2715880373,2715880373
2025-06-19 07:46:48,REAL,2715880373,539,2715880912,2715880912
2025-06-19 07:46:50,REAL,2715880912,477,2715881389,2715881389
2025-06-19 07:46:52,REAL,2715881389,486,2715881875,2715881875
2025-06-19 07:46:54,REAL,2715881875,15404,2715897279,2715897279
2025-06-19 07:46:56,REAL,2715897279,10255,2715907534,2715907534
2025-06-19 07:46:58,REAL,2715907534,10247,2715917781,2715917781
2025-06-19 07:47:00,REAL,2715917781,10319,2715928100,2715928100
2025-06-19 07:47:02,REAL,2715928100,10246,2715938346,2715938346
2025-06-19 07:47:04,REAL,2715938346,10323,2715948669,2715948669
2025-06-19 07:47:06,REAL,2715948669,10325,2715958994,2715958994
2025-06-19 07:47:08,REAL,2715958994,5498,2715964492,2715964492
2025-06-19 07:47:10,REAL,2715964492,488,2715964980,2715964980
2025-06-19 07:47:12,REAL,2715964980,486,2715965466,2715965466
2025-06-19 07:47:14,REAL,2715965466,488,2715965954,2715965954
2025-06-19 07:47:16,REAL,2715965954,483,2715966437,2715966437
2025-06-19 07:47:18,REAL,2715966437,485,2715966922,2715966922
2025-06-19 07:47:20,REAL,2715966922,489,2715967411,2715967411
2025-06-19 07:47:22,REAL,2715967411,485,2715967896,2715967896
2025-06-19 07:47:24,REAL,2715967896,539,2715968435,2715968435
2025-06-19 07:47:26,REAL,2715968435,485,2715968920,2715968920
2025-06-19 07:47:28,REAL,2715968920,479,2715969399,2715969399
2025-06-19 07:47:30,REAL,2715969399,481,2715969880,2715969880
2025-06-19 07:47:32,REAL,2715969880,483,2715970363,2715970363
2025-06-19 07:47:34,REAL,2715970363,482,2715970845,2715970845
2025-06-19 07:47:36,REAL,2715970845,486,2715971331,2715971331
2025-06-19 07:47:38,REAL,2715971331,544,2715971875,2715971875
2025-06-19 07:47:40,REAL,2715971875,491,2715972366,2715972366
2025-06-19 07:47:42,REAL,2715972366,475,2715972841,2715972841
2025-06-19 07:47:44,REAL,2715972841,482,2715973323,2715973323
2025-06-19 07:47:46,REAL,2715973323,482,2715973805,2715973805
2025-06-19 07:47:48,REAL,2715973805,484,2715974289,2715974289
2025-06-19 07:47:50,REAL,2715974289,479,2715974768,2715974768
2025-06-19 07:47:52,REAL,2715974768,484,2715975252,2715975252
2025-06-19 07:47:54,REAL,2715975252,482,2715975734,2715975734
2025-06-19 07:47:56,REAL,2715975734,486,2715976220,2715976220
2025-06-19 07:47:58,REAL,2715976220,542,2715976762,2715976762
2025-06-19 07:48:00,REAL,2715976762,480,2715977242,2715977242
2025-06-19 07:48:02,REAL,2715977242,486,2715977728,2715977728
2025-06-19 07:48:04,REAL,2715977728,494,2715978222,2715978222
2025-06-19 07:48:06,REAL,2715978222,488,2715978710,2715978710
2025-06-19 07:48:08,REAL,2715978710,492,2715979202,2715979202
2025-06-19 07:48:10,REAL,2715979202,477,2715979679,2715979679
2025-06-19 07:48:12,REAL,2715979679,479,2715980158,2715980158
2025-06-19 07:48:14,REAL,2715980158,487,2715980645,2715980645
2025-06-19 07:48:16,REAL,2715980645,483,2715981128,2715981128
2025-06-19 07:48:18,REAL,2715981128,491,2715981619,2715981619
2025-06-19 07:48:20,REAL,2715981619,483,2715982102,2715982102
2025-06-19 07:48:22,REAL,2715982102,490,2715982592,2715982592
2025-06-19 07:48:24,REAL,2715982592,484,2715983076,2715983076
2025-06-19 07:48:26,REAL,2715983076,540,2715983616,2715983616
2025-06-19 07:48:28,REAL,2715983616,477,2715984093,2715984093
2025-06-19 07:48:30,REAL,2715984093,489,2715984582,2715984582
2025-06-19 07:48:32,REAL,2715984582,545,2715985127,2715985127
2025-06-19 07:48:34,REAL,2715985127,490,2715985617,2715985617
2025-06-19 07:48:36,REAL,2715985617,480,2715986097,2715986097
2025-06-19 07:48:38,REAL,2715986097,477,2715986574,2715986574
2025-06-19 07:48:40,REAL,2715986574,488,2715987062,2715987062
2025-06-19 07:48:42,REAL,2715987062,488,2715987550,2715987550
2025-06-19 07:48:44,REAL,2715987550,489,2715988039,2715988039
2025-06-19 07:48:46,REAL,2715988039,491,2715988530,2715988530
2025-06-19 07:48:48,REAL,2715988530,481,2715989011,2715989011
2025-06-19 07:48:50,REAL,2715989011,485,2715989496,2715989496
2025-06-19 07:48:52,REAL,2715989496,491,2715989987,2715989987
2025-06-19 07:48:54,REAL,2715989987,488,2715990475,2715990475
2025-06-19 07:48:56,REAL,2715990475,484,2715990959,2715990959
2025-06-19 07:48:58,REAL,2715990959,480,2715991439,2715991439
2025-06-19 07:49:00,REAL,2715991439,485,2715991924,2715991924
2025-06-19 07:49:02,REAL,2715991924,474,2715992398,2715992398
2025-06-19 07:49:04,REAL,2715992398,482,2715992880,2715992880
2025-06-19 07:49:06,REAL,2715992880,486,2715993366,2715993366
2025-06-19 07:49:08,REAL,2715993366,541,2715993907,2715993907
2025-06-19 07:49:10,REAL,2715993907,3074,2715996981,2715996981
2025-06-19 07:49:12,REAL,2715996981,11643,2716008624,2716008624
2025-06-19 07:49:14,REAL,2716008624,10320,2716018944,2716018944
2025-06-19 07:49:16,REAL,2716018944,10249,2716029193,2716029193
2025-06-19 07:49:18,REAL,2716029193,10323,2716039516,2716039516
2025-06-19 07:49:20,REAL,2716039516,10255,2716049771,2716049771
2025-06-19 07:49:22,REAL,2716049771,10319,2716060090,2716060090
2025-06-19 07:49:24,REAL,2716060090,10325,2716070415,2716070415
2025-06-19 07:49:26,REAL,2716070415,3056,2716073471,2716073471
2025-06-19 07:49:28,REAL,2716073471,484,2716073955,2716073955
2025-06-19 07:49:30,REAL,2716073955,489,2716074444,2716074444
2025-06-19 07:49:32,REAL,2716074444,485,2716074929,2716074929
2025-06-19 07:49:34,REAL,2716074929,534,2716075463,2716075463
2025-06-19 07:49:36,REAL,2716075463,484,2716075947,2716075947
2025-06-19 07:49:38,REAL,2716075947,479,2716076426,2716076426
2025-06-19 07:49:40,REAL,2716076426,536,2716076962,2716076962
2025-06-19 07:49:42,REAL,2716076962,3990,2716080952,2716080952
2025-06-19 07:49:44,REAL,2716080952,11310,2716092262,2716092262
2025-06-19 07:49:46,REAL,2716092262,10254,2716102516,2716102516
2025-06-19 07:49:48,REAL,2716102516,10317,2716112833,2716112833
2025-06-19 07:49:50,REAL,2716112833,10322,2716123155,2716123155
2025-06-19 07:49:52,REAL,2716123155,10252,2716133407,2716133407
2025-06-19 07:49:54,REAL,2716133407,10317,2716143724,2716143724
2025-06-19 07:49:56,REAL,2716143724,10317,2716154041,2716154041
2025-06-19 07:49:58,REAL,2716154041,2399,2716156440,2716156440
2025-06-19 07:50:00,REAL,2716156440,539,2716156979,2716156979
2025-06-19 07:50:02,REAL,2716156979,488,2716157467,2716157467
2025-06-19 07:50:04,REAL,2716157467,483,2716157950,2716157950
2025-06-19 07:50:06,REAL,2716157950,486,2716158436,2716158436
2025-06-19 07:50:08,REAL,2716158436,478,2716158914,2716158914
2025-06-19 07:50:10,REAL,2716158914,542,2716159456,2716159456
2025-06-19 07:50:12,REAL,2716159456,485,2716159941,2716159941
2025-06-19 07:50:14,REAL,2716159941,493,2716160434,2716160434
2025-06-19 07:50:16,REAL,2716160434,480,2716160914,2716160914
2025-06-19 07:50:18,REAL,2716160914,482,2716161396,2716161396
2025-06-19 07:50:20,REAL,2716161396,484,2716161880,2716161880
2025-06-19 07:50:22,REAL,2716161880,478,2716162358,2716162358
2025-06-19 07:50:24,REAL,2716162358,488,2716162846,2716162846
2025-06-19 07:50:26,REAL,2716162846,544,2716163390,2716163390
2025-06-19 07:50:28,REAL,2716163390,485,2716163875,2716163875
2025-06-19 07:50:30,REAL,2716163875,487,2716164362,2716164362
2025-06-19 07:50:32,REAL,2716164362,489,2716164851,2716164851
2025-06-19 07:50:34,REAL,2716164851,485,2716165336,2716165336
2025-06-19 07:50:36,REAL,2716165336,481,2716165817,2716165817
2025-06-19 07:50:38,REAL,2716165817,539,2716166356,2716166356
2025-06-19 07:50:40,REAL,2716166356,4856,2716171212,2716171212
2025-06-19 07:50:42,REAL,2716171212,13620,2716184832,2716184832
2025-06-19 07:50:44,REAL,2716184832,10251,2716195083,2716195083
2025-06-19 07:50:46,REAL,2716195083,10321,2716205404,2716205404
2025-06-19 07:50:48,REAL,2716205404,10246,2716215650,2716215650
2025-06-19 07:50:50,REAL,2716215650,10249,2716225899,2716225899
2025-06-19 07:50:52,REAL,2716225899,10375,2716236274,2716236274
2025-06-19 07:50:54,REAL,2716236274,10249,2716246523,2716246523
2025-06-19 07:50:56,REAL,2716246523,1603,2716248126,2716248126
2025-06-19 07:50:58,REAL,2716248126,484,2716248610,2716248610
2025-06-19 07:51:00,REAL,2716248610,489,2716249099,2716249099
2025-06-19 07:51:02,REAL,2716249099,483,2716249582,2716249582
2025-06-19 07:51:04,REAL,2716249582,478,2716250060,2716250060
2025-06-19 07:51:06,REAL,2716250060,480,2716250540,2716250540
2025-06-19 07:51:08,REAL,2716250540,537,2716251077,2716251077
2025-06-19 07:51:10,REAL,2716251077,479,2716251556,2716251556
2025-06-19 07:51:12,REAL,2716251556,484,2716252040,2716252040
2025-06-19 07:51:14,REAL,2716252040,487,2716252527,2716252527
2025-06-19 07:51:16,REAL,2716252527,547,2716253074,2716253074
2025-06-19 07:51:18,REAL,2716253074,493,2716253567,2716253567
2025-06-19 07:51:20,REAL,2716253567,479,2716254046,2716254046
2025-06-19 07:51:22,REAL,2716254046,486,2716254532,2716254532
2025-06-19 07:51:24,REAL,2716254532,480,2716255012,2716255012
2025-06-19 07:51:26,REAL,2716255012,479,2716255491,2716255491
2025-06-19 07:51:28,REAL,2716255491,488,2716255979,2716255979
2025-06-19 07:51:30,REAL,2716255979,485,2716256464,2716256464
2025-06-19 07:51:32,REAL,2716256464,487,2716256951,2716256951
2025-06-19 07:51:34,REAL,2716256951,485,2716257436,2716257436
2025-06-19 07:51:36,REAL,2716257436,539,2716257975,2716257975
2025-06-19 07:51:38,REAL,2716257975,491,2716258466,2716258466
2025-06-19 07:51:40,REAL,2716258466,480,2716258946,2716258946
2025-06-19 07:51:42,REAL,2716258946,479,2716259425,2716259425
2025-06-19 07:51:44,REAL,2716259425,540,2716259965,2716259965
2025-06-19 07:51:46,REAL,2716259965,475,2716260440,2716260440
2025-06-19 07:51:48,REAL,2716260440,479,2716260919,2716260919
2025-06-19 07:51:50,REAL,2716260919,486,2716261405,2716261405
2025-06-19 07:51:52,REAL,2716261405,487,2716261892,2716261892
2025-06-19 07:51:54,REAL,2716261892,485,2716262377,2716262377
2025-06-19 07:51:56,REAL,2716262377,483,2716262860,2716262860
2025-06-19 07:51:58,REAL,2716262860,482,2716263342,2716263342
2025-06-19 07:52:00,REAL,2716263342,485,2716263827,2716263827
2025-06-19 07:52:02,REAL,2716263827,479,2716264306,2716264306
2025-06-19 07:52:04,REAL,2716264306,542,2716264848,2716264848
2025-06-19 07:52:06,REAL,2716264848,477,2716265325,2716265325
2025-06-19 07:52:08,REAL,2716265325,487,2716265812,2716265812
2025-06-19 07:52:10,REAL,2716265812,542,2716266354,2716266354
2025-06-19 07:52:12,REAL,2716266354,486,2716266840,2716266840
2025-06-19 07:52:14,REAL,2716266840,484,2716267324,2716267324
2025-06-19 07:52:16,REAL,2716267324,481,2716267805,2716267805
2025-06-19 07:52:18,REAL,2716267805,492,2716268297,2716268297
2025-06-19 07:52:20,REAL,2716268297,484,2716268781,2716268781
2025-06-19 07:52:22,REAL,2716268781,476,2716269257,2716269257
2025-06-19 07:52:24,REAL,2716269257,483,2716269740,2716269740
2025-06-19 07:52:26,REAL,2716269740,476,2716270216,2716270216
2025-06-19 07:52:28,REAL,2716270216,492,2716270708,2716270708
2025-06-19 07:52:30,REAL,2716270708,487,2716271195,2716271195
2025-06-19 07:52:32,REAL,2716271195,480,2716271675,2716271675
2025-06-19 07:52:34,REAL,2716271675,597,2716272272,2716272272
2025-06-19 07:52:36,REAL,2716272272,489,2716272761,2716272761
2025-06-19 07:52:38,REAL,2716272761,478,2716273239,2716273239
2025-06-19 07:52:40,REAL,2716273239,487,2716273726,2716273726
2025-06-19 07:52:42,REAL,2716273726,479,2716274205,2716274205
2025-06-19 07:52:44,REAL,2716274205,490,2716274695,2716274695
2025-06-19 07:52:46,REAL,2716274695,480,2716275175,2716275175
2025-06-19 07:52:48,REAL,2716275175,483,2716275658,2716275658
2025-06-19 07:52:50,REAL,2716275658,488,2716276146,2716276146
2025-06-19 07:52:52,REAL,2716276146,481,2716276627,2716276627
2025-06-19 07:52:54,REAL,2716276627,486,2716277113,2716277113
2025-06-19 07:52:56,REAL,2716277113,6894,2716284007,2716284007
2025-06-19 07:52:58,REAL,2716284007,10849,2716294856,2716294856
2025-06-19 07:53:00,REAL,2716294856,10306,2716305162,2716305162
2025-06-19 07:53:02,REAL,2716305162,10318,2716315480,2716315480
2025-06-19 07:53:04,REAL,2716315480,10250,2716325730,2716325730
2025-06-19 07:53:06,REAL,2716325730,10318,2716336048,2716336048
2025-06-19 07:53:08,REAL,2716336048,10308,2716346356,2716346356
2025-06-19 07:53:10,REAL,2716346356,9790,2716356146,2716356146
2025-06-19 07:53:12,REAL,2716356146,488,2716356634,2716356634
2025-06-19 07:53:14,REAL,2716356634,485,2716357119,2716357119
2025-06-19 07:53:16,REAL,2716357119,492,2716357611,2716357611
2025-06-19 07:53:18,REAL,2716357611,477,2716358088,2716358088
2025-06-19 07:53:20,REAL,2716358088,490,2716358578,2716358578
2025-06-19 07:53:22,REAL,2716358578,482,2716359060,2716359060
2025-06-19 07:53:24,REAL,2716359060,542,2716359602,2716359602
2025-06-19 07:53:26,REAL,2716359602,537,2716360139,2716360139
2025-06-19 07:53:28,REAL,2716360139,9196,2716369335,2716369335
2025-06-19 07:53:30,REAL,2716369335,10842,2716380177,2716380177
2025-06-19 07:53:32,REAL,2716380177,10315,2716390492,2716390492
2025-06-19 07:53:34,REAL,2716390492,10257,2716400749,2716400749
2025-06-19 07:53:36,REAL,2716400749,10321,2716411070,2716411070
2025-06-19 07:53:38,REAL,2716411070,10250,2716421320,2716421320
2025-06-19 07:53:40,REAL,2716421320,10317,2716431637,2716431637
2025-06-19 07:53:42,REAL,2716431637,9130,2716440767,2716440767
2025-06-19 07:53:44,REAL,2716440767,491,2716441258,2716441258
2025-06-19 07:53:46,REAL,2716441258,490,2716441748,2716441748
2025-06-19 07:53:48,REAL,2716441748,491,2716442239,2716442239
2025-06-19 07:53:50,REAL,2716442239,536,2716442775,2716442775
2025-06-19 07:53:52,REAL,2716442775,477,2716443252,2716443252
2025-06-19 07:53:54,REAL,2716443252,492,2716443744,2716443744
2025-06-19 07:53:56,REAL,2716443744,484,2716444228,2716444228
2025-06-19 07:53:58,REAL,2716444228,479,2716444707,2716444707
2025-06-19 07:54:00,REAL,2716444707,487,2716445194,2716445194
2025-06-19 07:54:02,REAL,2716445194,489,2716445683,2716445683
2025-06-19 07:54:04,REAL,2716445683,543,2716446226,2716446226
2025-06-19 07:54:06,REAL,2716446226,476,2716446702,2716446702
2025-06-19 07:54:08,REAL,2716446702,484,2716447186,2716447186
2025-06-19 07:54:10,REAL,2716447186,8218,2716455404,2716455404
2025-06-19 07:54:12,REAL,2716455404,10784,2716466188,2716466188
2025-06-19 07:54:14,REAL,2716466188,10306,2716476494,2716476494
2025-06-19 07:54:16,REAL,2716476494,10313,2716486807,2716486807
2025-06-19 07:54:18,REAL,2716486807,10254,2716497061,2716497061
2025-06-19 07:54:20,REAL,2716497061,10261,2716507322,2716507322
2025-06-19 07:54:22,REAL,2716507322,10252,2716517574,2716517574
2025-06-19 07:54:24,REAL,2716517574,8599,2716526173,2716526173
2025-06-19 07:54:26,REAL,2716526173,475,2716526648,2716526648
2025-06-19 07:54:28,REAL,2716526648,479,2716527127,2716527127
2025-06-19 07:54:30,REAL,2716527127,487,2716527614,2716527614
2025-06-19 07:54:32,REAL,2716527614,481,2716528095,2716528095
2025-06-19 07:54:34,REAL,2716528095,482,2716528577,2716528577
2025-06-19 07:54:36,REAL,2716528577,480,2716529057,2716529057
2025-06-19 07:54:38,REAL,2716529057,488,2716529545,2716529545
2025-06-19 07:54:40,REAL,2716529545,538,2716530083,2716530083
2025-06-19 07:54:42,REAL,2716530083,487,2716530570,2716530570
2025-06-19 07:54:44,REAL,2716530570,489,2716531059,2716531059
2025-06-19 07:54:46,REAL,2716531059,543,2716531602,2716531602
2025-06-19 07:54:48,REAL,2716531602,486,2716532088,2716532088
2025-06-19 07:54:50,REAL,2716532088,482,2716532570,2716532570
2025-06-19 07:54:52,REAL,2716532570,475,2716533045,2716533045
2025-06-19 07:54:54,REAL,2716533045,485,2716533530,2716533530
2025-06-19 07:54:56,REAL,2716533530,486,2716534016,2716534016
2025-06-19 07:54:58,REAL,2716534016,489,2716534505,2716534505
2025-06-19 07:55:00,REAL,2716534505,476,2716534981,2716534981
2025-06-19 07:55:02,REAL,2716534981,481,2716535462,2716535462
2025-06-19 07:55:04,REAL,2716535462,538,2716536000,2716536000
2025-06-19 07:55:06,REAL,2716536000,485,2716536485,2716536485
2025-06-19 07:55:08,REAL,2716536485,484,2716536969,2716536969
2025-06-19 07:55:10,REAL,2716536969,487,2716537456,2716537456
2025-06-19 07:55:12,REAL,2716537456,477,2716537933,2716537933
2025-06-19 07:55:14,REAL,2716537933,485,2716538418,2716538418
2025-06-19 07:55:16,REAL,2716538418,484,2716538902,2716538902
2025-06-19 07:55:18,REAL,2716538902,487,2716539389,2716539389
2025-06-19 07:55:20,REAL,2716539389,482,2716539871,2716539871
2025-06-19 07:55:22,REAL,2716539871,533,2716540404,2716540404
2025-06-19 07:55:24,REAL,2716540404,9798,2716550202,2716550202
2025-06-19 07:55:26,REAL,2716550202,10654,2716560856,2716560856
2025-06-19 07:55:28,REAL,2716560856,10303,2716571159,2716571159
2025-06-19 07:55:30,REAL,2716571159,10247,2716581406,2716581406
2025-06-19 07:55:32,REAL,2716581406,10251,2716591657,2716591657
2025-06-19 07:55:34,REAL,2716591657,10325,2716601982,2716601982
2025-06-19 07:55:36,REAL,2716601982,10256,2716612238,2716612238
2025-06-19 07:55:38,REAL,2716612238,7282,2716619520,2716619520
2025-06-19 07:55:40,REAL,2716619520,482,2716620002,2716620002
2025-06-19 07:55:42,REAL,2716620002,484,2716620486,2716620486
2025-06-19 07:55:44,REAL,2716620486,486,2716620972,2716620972
2025-06-19 07:55:46,REAL,2716620972,480,2716621452,2716621452
2025-06-19 07:55:48,REAL,2716621452,486,2716621938,2716621938
2025-06-19 07:55:50,REAL,2716621938,480,2716622418,2716622418
2025-06-19 07:55:52,REAL,2716622418,483,2716622901,2716622901
2025-06-19 07:55:54,REAL,2716622901,541,2716623442,2716623442
2025-06-19 07:55:56,REAL,2716623442,13685,2716637127,2716637127
2025-06-19 07:55:58,REAL,2716637127,10732,2716647859,2716647859
2025-06-19 07:56:00,REAL,2716647859,10321,2716658180,2716658180
2025-06-19 07:56:02,REAL,2716658180,10250,2716668430,2716668430
2025-06-19 07:56:04,REAL,2716668430,10250,2716678680,2716678680
2025-06-19 07:56:06,REAL,2716678680,10248,2716688928,2716688928
2025-06-19 07:56:08,REAL,2716688928,10319,2716699247,2716699247
2025-06-19 07:56:10,REAL,2716699247,6628,2716705875,2716705875
2025-06-19 07:56:12,REAL,2716705875,478,2716706353,2716706353
2025-06-19 07:56:14,REAL,2716706353,483,2716706836,2716706836
2025-06-19 07:56:16,REAL,2716706836,478,2716707314,2716707314
2025-06-19 07:56:18,REAL,2716707314,539,2716707853,2716707853
2025-06-19 07:56:20,REAL,2716707853,477,2716708330,2716708330
2025-06-19 07:56:22,REAL,2716708330,480,2716708810,2716708810
2025-06-19 07:56:24,REAL,2716708810,483,2716709293,2716709293
2025-06-19 07:56:26,REAL,2716709293,484,2716709777,2716709777
2025-06-19 07:56:28,REAL,2716709777,11451,2716721228,2716721228
2025-06-19 07:56:30,REAL,2716721228,10249,2716731477,2716731477
2025-06-19 07:56:32,REAL,2716731477,10327,2716741804,2716741804
2025-06-19 07:56:34,REAL,2716741804,10260,2716752064,2716752064
2025-06-19 07:56:36,REAL,2716752064,10317,2716762381,2716762381
2025-06-19 07:56:38,REAL,2716762381,10253,2716772634,2716772634
2025-06-19 07:56:40,REAL,2716772634,10244,2716782878,2716782878
2025-06-19 07:56:42,REAL,2716782878,6088,2716788966,2716788966
2025-06-19 07:56:44,REAL,2716788966,481,2716789447,2716789447
2025-06-19 07:56:46,REAL,2716789447,10922,2716800369,2716800369
2025-06-19 07:56:48,REAL,2716800369,10251,2716810620,2716810620
2025-06-19 07:56:50,REAL,2716810620,10261,2716820881,2716820881
2025-06-19 07:56:52,REAL,2716820881,10250,2716831131,2716831131
2025-06-19 07:56:54,REAL,2716831131,10252,2716841383,2716841383
2025-06-19 07:56:56,REAL,2716841383,10253,2716851636,2716851636
2025-06-19 07:56:58,REAL,2716851636,10252,2716861888,2716861888
2025-06-19 07:57:00,REAL,2716861888,5829,2716867717,2716867717
2025-06-19 07:57:02,REAL,2716867717,481,2716868198,2716868198
2025-06-19 07:57:04,REAL,2716868198,11838,2716880036,2716880036
2025-06-19 07:57:06,REAL,2716880036,10318,2716890354,2716890354
2025-06-19 07:57:08,REAL,2716890354,10308,2716900662,2716900662
2025-06-19 07:57:10,REAL,2716900662,10249,2716910911,2716910911
2025-06-19 07:57:12,REAL,2716910911,10250,2716921161,2716921161
2025-06-19 07:57:14,REAL,2716921161,10318,2716931479,2716931479
2025-06-19 07:57:16,REAL,2716931479,10252,2716941731,2716941731
2025-06-19 07:57:18,REAL,2716941731,5558,2716947289,2716947289
2025-06-19 07:57:20,REAL,2716947289,487,2716947776,2716947776
2025-06-19 07:57:22,REAL,2716947776,11598,2716959374,2716959374
2025-06-19 07:57:24,REAL,2716959374,10253,2716969627,2716969627
2025-06-19 07:57:26,REAL,2716969627,10256,2716979883,2716979883
2025-06-19 07:57:28,REAL,2716979883,10261,2716990144,2716990144
2025-06-19 07:57:30,REAL,2716990144,10315,2717000459,2717000459
2025-06-19 07:57:32,REAL,2717000459,10308,2717010767,2717010767
2025-06-19 07:57:34,REAL,2717010767,10251,2717021018,2717021018
2025-06-19 07:57:36,REAL,2717021018,5299,2717026317,2717026317
2025-06-19 07:57:38,REAL,2717026317,488,2717026805,2717026805
2025-06-19 07:57:40,REAL,2717026805,485,2717027290,2717027290
2025-06-19 07:57:42,REAL,2717027290,494,2717027784,2717027784
2025-06-19 07:57:44,REAL,2717027784,479,2717028263,2717028263
2025-06-19 07:57:46,REAL,2717028263,481,2717028744,2717028744
2025-06-19 07:57:48,REAL,2717028744,488,2717029232,2717029232
2025-06-19 07:57:50,REAL,2717029232,483,2717029715,2717029715
2025-06-19 07:57:52,REAL,2717029715,1023,2717030738,2717030738
2025-06-19 07:57:54,REAL,2717030738,15070,2717045808,2717045808
2025-06-19 07:57:56,REAL,2717045808,10302,2717056110,2717056110
2025-06-19 07:57:58,REAL,2717056110,10324,2717066434,2717066434
2025-06-19 07:58:00,REAL,2717066434,10252,2717076686,2717076686
2025-06-19 07:58:02,REAL,2717076686,10259,2717086945,2717086945
2025-06-19 07:58:04,REAL,2717086945,10310,2717097255,2717097255
2025-06-19 07:58:06,REAL,2717097255,10261,2717107516,2717107516
2025-06-19 07:58:08,REAL,2717107516,4766,2717112282,2717112282
2025-06-19 07:58:10,REAL,2717112282,483,2717112765,2717112765
2025-06-19 07:58:12,REAL,2717112765,475,2717113240,2717113240
2025-06-19 07:58:14,REAL,2717113240,483,2717113723,2717113723
2025-06-19 07:58:16,REAL,2717113723,482,2717114205,2717114205
2025-06-19 07:58:18,REAL,2717114205,479,2717114684,2717114684
2025-06-19 07:58:20,REAL,2717114684,481,2717115165,2717115165
2025-06-19 07:58:22,REAL,2717115165,548,2717115713,2717115713
2025-06-19 07:58:24,REAL,2717115713,1942,2717117655,2717117655
2025-06-19 07:58:26,REAL,2717117655,11571,2717129226,2717129226
2025-06-19 07:58:28,REAL,2717129226,10259,2717139485,2717139485
2025-06-19 07:58:30,REAL,2717139485,10373,2717149858,2717149858
2025-06-19 07:58:32,REAL,2717149858,10252,2717160110,2717160110
2025-06-19 07:58:34,REAL,2717160110,10255,2717170365,2717170365
2025-06-19 07:58:36,REAL,2717170365,10248,2717180613,2717180613
2025-06-19 07:58:38,REAL,2717180613,10309,2717190922,2717190922
2025-06-19 07:58:40,REAL,2717190922,4119,2717195041,2717195041
2025-06-19 07:58:42,REAL,2717195041,486,2717195527,2717195527
2025-06-19 07:58:44,REAL,2717195527,478,2717196005,2717196005
2025-06-19 07:58:46,REAL,2717196005,535,2717196540,2717196540
2025-06-19 07:58:48,REAL,2717196540,485,2717197025,2717197025
2025-06-19 07:58:50,REAL,2717197025,489,2717197514,2717197514
2025-06-19 07:58:52,REAL,2717197514,493,2717198007,2717198007
2025-06-19 07:58:54,REAL,2717198007,484,2717198491,2717198491
2025-06-19 07:58:56,REAL,2717198491,485,2717198976,2717198976
2025-06-19 07:58:58,REAL,2717198976,475,2717199451,2717199451
2025-06-19 07:59:00,REAL,2717199451,487,2717199938,2717199938
2025-06-19 07:59:02,REAL,2717199938,482,2717200420,2717200420
2025-06-19 07:59:04,REAL,2717200420,483,2717200903,2717200903
2025-06-19 07:59:06,REAL,2717200903,485,2717201388,2717201388
2025-06-19 07:59:08,REAL,2717201388,484,2717201872,2717201872
2025-06-19 07:59:10,REAL,2717201872,542,2717202414,2717202414
2025-06-19 07:59:12,REAL,2717202414,481,2717202895,2717202895
2025-06-19 07:59:14,REAL,2717202895,482,2717203377,2717203377
2025-06-19 07:59:16,REAL,2717203377,540,2717203917,2717203917
2025-06-19 07:59:18,REAL,2717203917,485,2717204402,2717204402
2025-06-19 07:59:20,REAL,2717204402,488,2717204890,2717204890
2025-06-19 07:59:22,REAL,2717204890,483,2717205373,2717205373
2025-06-19 07:59:24,REAL,2717205373,478,2717205851,2717205851
2025-06-19 07:59:26,REAL,2717205851,481,2717206332,2717206332
2025-06-19 07:59:28,REAL,2717206332,488,2717206820,2717206820
2025-06-19 07:59:30,REAL,2717206820,485,2717207305,2717207305
2025-06-19 07:59:32,REAL,2717207305,538,2717207843,2717207843
2025-06-19 07:59:34,REAL,2717207843,474,2717208317,2717208317
2025-06-19 07:59:36,REAL,2717208317,485,2717208802,2717208802
2025-06-19 07:59:38,REAL,2717208802,480,2717209282,2717209282
2025-06-19 07:59:40,REAL,2717209282,481,2717209763,2717209763
2025-06-19 07:59:42,REAL,2717209763,482,2717210245,2717210245
2025-06-19 07:59:44,REAL,2717210245,479,2717210724,2717210724
2025-06-19 07:59:46,REAL,2717210724,487,2717211211,2717211211
2025-06-19 07:59:48,REAL,2717211211,489,2717211700,2717211700
2025-06-19 07:59:50,REAL,2717211700,484,2717212184,2717212184
2025-06-19 07:59:52,REAL,2717212184,482,2717212666,2717212666
2025-06-19 07:59:54,REAL,2717212666,536,2717213202,2717213202
2025-06-19 07:59:56,REAL,2717213202,481,2717213683,2717213683
2025-06-19 07:59:58,REAL,2717213683,476,2717214159,2717214159
2025-06-19 08:00:00,REAL,2717214159,9396,2717223555,2717223555
2025-06-19 08:00:02,REAL,2717223555,10381,2717233936,2717233936
2025-06-19 08:00:04,REAL,2717233936,10257,2717244193,2717244193
2025-06-19 08:00:06,REAL,2717244193,10245,2717254438,2717254438
2025-06-19 08:00:08,REAL,2717254438,10316,2717264754,2717264754
2025-06-19 08:00:10,REAL,2717264754,10246,2717275000,2717275000
2025-06-19 08:00:12,REAL,2717275000,10317,2717285317,2717285317
2025-06-19 08:00:14,REAL,2717285317,7483,2717292800,2717292800
2025-06-19 08:00:16,REAL,2717292800,540,2717293340,2717293340
2025-06-19 08:00:18,REAL,2717293340,484,2717293824,2717293824
2025-06-19 08:00:20,REAL,2717293824,483,2717294307,2717294307
2025-06-19 08:00:22,REAL,2717294307,488,2717294795,2717294795
2025-06-19 08:00:24,REAL,2717294795,479,2717295274,2717295274
2025-06-19 08:00:26,REAL,2717295274,480,2717295754,2717295754
2025-06-19 08:00:28,REAL,2717295754,487,2717296241,2717296241
2025-06-19 08:00:30,REAL,2717296241,490,2717296731,2717296731
2025-06-19 08:00:32,REAL,2717296731,10383,2717307114,2717307114
2025-06-19 08:00:34,REAL,2717307114,10386,2717317500,2717317500
2025-06-19 08:00:36,REAL,2717317500,10251,2717327751,2717327751
2025-06-19 08:00:38,REAL,2717327751,10365,2717338116,2717338116
2025-06-19 08:00:40,REAL,2717338116,10319,2717348435,2717348435
2025-06-19 08:00:42,REAL,2717348435,10250,2717358685,2717358685
2025-06-19 08:00:44,REAL,2717358685,10312,2717368997,2717368997
2025-06-19 08:00:46,REAL,2717368997,6825,2717375822,2717375822
2025-06-19 08:00:48,REAL,2717375822,490,2717376312,2717376312
2025-06-19 08:00:50,REAL,2717376312,491,2717376803,2717376803
2025-06-19 08:00:52,REAL,2717376803,477,2717377280,2717377280
2025-06-19 08:00:54,REAL,2717377280,485,2717377765,2717377765
2025-06-19 08:00:56,REAL,2717377765,483,2717378248,2717378248
2025-06-19 08:00:58,REAL,2717378248,482,2717378730,2717378730
2025-06-19 08:01:00,REAL,2717378730,544,2717379274,2717379274
2025-06-19 08:01:02,REAL,2717379274,484,2717379758,2717379758
2025-06-19 08:01:04,REAL,2717379758,488,2717380246,2717380246
2025-06-19 08:01:06,REAL,2717380246,483,2717380729,2717380729
2025-06-19 08:01:08,REAL,2717380729,492,2717381221,2717381221
2025-06-19 08:01:10,REAL,2717381221,480,2717381701,2717381701
2025-06-19 08:01:12,REAL,2717381701,476,2717382177,2717382177
2025-06-19 08:01:14,REAL,2717382177,476,2717382653,2717382653
2025-06-19 08:01:16,REAL,2717382653,480,2717383133,2717383133
2025-06-19 08:01:18,REAL,2717383133,531,2717383664,2717383664
2025-06-19 08:01:20,REAL,2717383664,477,2717384141,2717384141
2025-06-19 08:01:22,REAL,2717384141,540,2717384681,2717384681
2025-06-19 08:01:24,REAL,2717384681,5768,2717390449,2717390449
2025-06-19 08:01:26,REAL,2717390449,11110,2717401559,2717401559
2025-06-19 08:01:28,REAL,2717401559,10316,2717411875,2717411875
2025-06-19 08:01:30,REAL,2717411875,10252,2717422127,2717422127
2025-06-19 08:01:32,REAL,2717422127,10314,2717432441,2717432441
2025-06-19 08:01:34,REAL,2717432441,10248,2717442689,2717442689
2025-06-19 08:01:36,REAL,2717442689,10327,2717453016,2717453016
2025-06-19 08:01:38,REAL,2717453016,10318,2717463334,2717463334
2025-06-19 08:01:40,REAL,2717463334,1076,2717464410,2717464410
2025-06-19 08:01:42,REAL,2717464410,483,2717464893,2717464893
2025-06-19 08:01:44,REAL,2717464893,542,2717465435,2717465435
2025-06-19 08:01:46,REAL,2717465435,488,2717465923,2717465923
2025-06-19 08:01:48,REAL,2717465923,488,2717466411,2717466411
2025-06-19 08:01:50,REAL,2717466411,493,2717466904,2717466904
2025-06-19 08:01:52,REAL,2717466904,487,2717467391,2717467391
2025-06-19 08:01:54,REAL,2717467391,476,2717467867,2717467867
2025-06-19 08:01:56,REAL,2717467867,6432,2717474299,2717474299
2025-06-19 08:01:58,REAL,2717474299,10909,2717485208,2717485208
2025-06-19 08:02:00,REAL,2717485208,10244,2717495452,2717495452
2025-06-19 08:02:02,REAL,2717495452,10327,2717505779,2717505779
2025-06-19 08:02:04,REAL,2717505779,10253,2717516032,2717516032
2025-06-19 08:02:06,REAL,2717516032,10371,2717526403,2717526403
2025-06-19 08:02:08,REAL,2717526403,10251,2717536654,2717536654
2025-06-19 08:02:10,REAL,2717536654,10323,2717546977,2717546977
2025-06-19 08:02:12,REAL,2717546977,484,2717547461,2717547461
2025-06-19 08:02:14,REAL,2717547461,482,2717547943,2717547943
2025-06-19 08:02:16,REAL,2717547943,482,2717548425,2717548425
2025-06-19 08:02:18,REAL,2717548425,484,2717548909,2717548909
2025-06-19 08:02:20,REAL,2717548909,493,2717549402,2717549402
2025-06-19 08:02:22,REAL,2717549402,480,2717549882,2717549882
2025-06-19 08:02:24,REAL,2717549882,482,2717550364,2717550364
2025-06-19 08:02:26,REAL,2717550364,478,2717550842,2717550842
2025-06-19 08:02:28,REAL,2717550842,543,2717551385,2717551385
2025-06-19 08:02:30,REAL,2717551385,488,2717551873,2717551873
2025-06-19 08:02:32,REAL,2717551873,488,2717552361,2717552361
2025-06-19 08:02:34,REAL,2717552361,484,2717552845,2717552845
2025-06-19 08:02:36,REAL,2717552845,489,2717553334,2717553334
2025-06-19 08:02:38,REAL,2717553334,478,2717553812,2717553812
2025-06-19 08:02:40,REAL,2717553812,482,2717554294,2717554294
2025-06-19 08:02:42,REAL,2717554294,534,2717554828,2717554828
2025-06-19 08:02:44,REAL,2717554828,490,2717555318,2717555318
2025-06-19 08:02:46,REAL,2717555318,484,2717555802,2717555802
2025-06-19 08:02:48,REAL,2717555802,483,2717556285,2717556285
2025-06-19 08:02:50,REAL,2717556285,540,2717556825,2717556825
2025-06-19 08:02:52,REAL,2717556825,484,2717557309,2717557309
2025-06-19 08:02:54,REAL,2717557309,481,2717557790,2717557790
2025-06-19 08:02:56,REAL,2717557790,485,2717558275,2717558275
2025-06-19 08:02:58,REAL,2717558275,479,2717558754,2717558754
2025-06-19 08:03:00,REAL,2717558754,490,2717559244,2717559244
2025-06-19 08:03:02,REAL,2717559244,485,2717559729,2717559729
2025-06-19 08:03:04,REAL,2717559729,492,2717560221,2717560221
2025-06-19 08:03:06,REAL,2717560221,483,2717560704,2717560704
2025-06-19 08:03:08,REAL,2717560704,489,2717561193,2717561193
2025-06-19 08:03:10,REAL,2717561193,491,2717561684,2717561684
2025-06-19 08:03:12,REAL,2717561684,538,2717562222,2717562222
2025-06-19 08:03:14,REAL,2717562222,487,2717562709,2717562709
2025-06-19 08:03:16,REAL,2717562709,477,2717563186,2717563186
2025-06-19 08:03:18,REAL,2717563186,480,2717563666,2717563666
2025-06-19 08:03:20,REAL,2717563666,487,2717564153,2717564153
2025-06-19 08:03:22,REAL,2717564153,486,2717564639,2717564639
2025-06-19 08:03:24,REAL,2717564639,484,2717565123,2717565123
2025-06-19 08:03:26,REAL,2717565123,479,2717565602,2717565602
2025-06-19 08:03:28,REAL,2717565602,543,2717566145,2717566145
2025-06-19 08:03:30,REAL,2717566145,494,2717566639,2717566639
2025-06-19 08:03:32,REAL,2717566639,485,2717567124,2717567124
2025-06-19 08:03:34,REAL,2717567124,539,2717567663,2717567663
2025-06-19 08:03:36,REAL,2717567663,480,2717568143,2717568143
2025-06-19 08:03:38,REAL,2717568143,486,2717568629,2717568629
2025-06-19 08:03:40,REAL,2717568629,485,2717569114,2717569114
2025-06-19 08:03:42,REAL,2717569114,491,2717569605,2717569605
2025-06-19 08:03:44,REAL,2717569605,493,2717570098,2717570098
2025-06-19 08:03:46,REAL,2717570098,485,2717570583,2717570583
2025-06-19 08:03:48,REAL,2717570583,486,2717571069,2717571069
2025-06-19 08:03:50,REAL,2717571069,475,2717571544,2717571544
2025-06-19 08:03:52,REAL,2717571544,483,2717572027,2717572027
2025-06-19 08:03:54,REAL,2717572027,489,2717572516,2717572516
2025-06-19 08:03:56,REAL,2717572516,538,2717573054,2717573054
2025-06-19 08:03:58,REAL,2717573054,488,2717573542,2717573542
2025-06-19 08:04:00,REAL,2717573542,485,2717574027,2717574027
2025-06-19 08:04:02,REAL,2717574027,491,2717574518,2717574518
2025-06-19 08:04:04,REAL,2717574518,486,2717575004,2717575004
2025-06-19 08:04:06,REAL,2717575004,479,2717575483,2717575483
2025-06-19 08:04:08,REAL,2717575483,478,2717575961,2717575961
2025-06-19 08:04:10,REAL,2717575961,493,2717576454,2717576454
2025-06-19 08:04:12,REAL,2717576454,490,2717576944,2717576944
2025-06-19 08:04:14,REAL,2717576944,480,2717577424,2717577424
2025-06-19 08:04:16,REAL,2717577424,535,2717577959,2717577959
2025-06-19 08:04:18,REAL,2717577959,482,2717578441,2717578441
2025-06-19 08:04:20,REAL,2717578441,489,2717578930,2717578930
2025-06-19 08:04:22,REAL,2717578930,493,2717579423,2717579423
2025-06-19 08:04:24,REAL,2717579423,485,2717579908,2717579908
2025-06-19 08:04:26,REAL,2717579908,483,2717580391,2717580391
2025-06-19 08:04:28,REAL,2717580391,491,2717580882,2717580882
2025-06-19 08:04:30,REAL,2717580882,9991,2717590873,2717590873
2025-06-19 08:04:32,REAL,2717590873,10648,2717601521,2717601521
2025-06-19 08:04:34,REAL,2717601521,10251,2717611772,2717611772
2025-06-19 08:04:36,REAL,2717611772,10247,2717622019,2717622019
2025-06-19 08:04:38,REAL,2717622019,10324,2717632343,2717632343
2025-06-19 08:04:40,REAL,2717632343,10253,2717642596,2717642596
2025-06-19 08:04:42,REAL,2717642596,10255,2717652851,2717652851
2025-06-19 08:04:44,REAL,2717652851,7348,2717660199,2717660199
2025-06-19 08:04:46,REAL,2717660199,483,2717660682,2717660682
2025-06-19 08:04:48,REAL,2717660682,483,2717661165,2717661165
2025-06-19 08:04:50,REAL,2717661165,540,2717661705,2717661705
2025-06-19 08:04:52,REAL,2717661705,481,2717662186,2717662186
2025-06-19 08:04:54,REAL,2717662186,489,2717662675,2717662675
2025-06-19 08:04:56,REAL,2717662675,486,2717663161,2717663161
2025-06-19 08:04:58,REAL,2717663161,489,2717663650,2717663650
2025-06-19 08:05:00,REAL,2717663650,489,2717664139,2717664139
2025-06-19 08:05:02,REAL,2717664139,483,2717664622,2717664622
2025-06-19 08:05:04,REAL,2717664622,486,2717665108,2717665108
2025-06-19 08:05:06,REAL,2717665108,5824,2717670932,2717670932
2025-06-19 08:05:08,REAL,2717670932,12433,2717683365,2717683365
2025-06-19 08:05:10,REAL,2717683365,10250,2717693615,2717693615
2025-06-19 08:05:12,REAL,2717693615,10372,2717703987,2717703987
2025-06-19 08:05:14,REAL,2717703987,10251,2717714238,2717714238
2025-06-19 08:05:16,REAL,2717714238,10249,2717724487,2717724487
2025-06-19 08:05:18,REAL,2717724487,10326,2717734813,2717734813
2025-06-19 08:05:20,REAL,2717734813,10244,2717745057,2717745057
2025-06-19 08:05:22,REAL,2717745057,1808,2717746865,2717746865
2025-06-19 08:05:24,REAL,2717746865,481,2717747346,2717747346
2025-06-19 08:05:26,REAL,2717747346,480,2717747826,2717747826
2025-06-19 08:05:28,REAL,2717747826,479,2717748305,2717748305
2025-06-19 08:05:30,REAL,2717748305,485,2717748790,2717748790
2025-06-19 08:05:32,REAL,2717748790,545,2717749335,2717749335
2025-06-19 08:05:34,REAL,2717749335,485,2717749820,2717749820
2025-06-19 08:05:36,REAL,2717749820,486,2717750306,2717750306
2025-06-19 08:05:38,REAL,2717750306,5436,2717755742,2717755742
2025-06-19 08:05:40,REAL,2717755742,13876,2717769618,2717769618
2025-06-19 08:05:42,REAL,2717769618,10315,2717779933,2717779933
2025-06-19 08:05:44,REAL,2717779933,10259,2717790192,2717790192
2025-06-19 08:05:46,REAL,2717790192,10253,2717800445,2717800445
2025-06-19 08:05:48,REAL,2717800445,10258,2717810703,2717810703
2025-06-19 08:05:50,REAL,2717810703,10320,2717821023,2717821023
2025-06-19 08:05:52,REAL,2717821023,10319,2717831342,2717831342
2025-06-19 08:05:54,REAL,2717831342,1142,2717832484,2717832484
2025-06-19 08:05:56,REAL,2717832484,483,2717832967,2717832967
2025-06-19 08:05:58,REAL,2717832967,536,2717833503,2717833503
2025-06-19 08:06:00,REAL,2717833503,488,2717833991,2717833991
2025-06-19 08:06:02,REAL,2717833991,481,2717834472,2717834472
2025-06-19 08:06:04,REAL,2717834472,479,2717834951,2717834951
2025-06-19 08:06:06,REAL,2717834951,483,2717835434,2717835434
2025-06-19 08:06:08,REAL,2717835434,489,2717835923,2717835923
2025-06-19 08:06:10,REAL,2717835923,487,2717836410,2717836410
2025-06-19 08:06:12,REAL,2717836410,475,2717836885,2717836885
2025-06-19 08:06:14,REAL,2717836885,478,2717837363,2717837363
2025-06-19 08:06:16,REAL,2717837363,537,2717837900,2717837900
2025-06-19 08:06:18,REAL,2717837900,483,2717838383,2717838383
2025-06-19 08:06:20,REAL,2717838383,542,2717838925,2717838925
2025-06-19 08:06:22,REAL,2717838925,484,2717839409,2717839409
2025-06-19 08:06:24,REAL,2717839409,477,2717839886,2717839886
2025-06-19 08:06:26,REAL,2717839886,486,2717840372,2717840372
2025-06-19 08:06:28,REAL,2717840372,485,2717840857,2717840857
2025-06-19 08:06:30,REAL,2717840857,481,2717841338,2717841338
2025-06-19 08:06:32,REAL,2717841338,482,2717841820,2717841820
2025-06-19 08:06:34,REAL,2717841820,477,2717842297,2717842297
2025-06-19 08:06:36,REAL,2717842297,484,2717842781,2717842781
2025-06-19 08:06:38,REAL,2717842781,488,2717843269,2717843269
2025-06-19 08:06:40,REAL,2717843269,544,2717843813,2717843813
2025-06-19 08:06:42,REAL,2717843813,481,2717844294,2717844294
2025-06-19 08:06:44,REAL,2717844294,489,2717844783,2717844783
2025-06-19 08:06:46,REAL,2717844783,476,2717845259,2717845259
2025-06-19 08:06:48,REAL,2717845259,483,2717845742,2717845742
2025-06-19 08:06:50,REAL,2717845742,539,2717846281,2717846281
2025-06-19 08:06:52,REAL,2717846281,488,2717846769,2717846769
2025-06-19 08:06:54,REAL,2717846769,474,2717847243,2717847243
2025-06-19 08:06:56,REAL,2717847243,483,2717847726,2717847726
2025-06-19 08:06:58,REAL,2717847726,487,2717848213,2717848213
2025-06-19 08:07:00,REAL,2717848213,490,2717848703,2717848703
2025-06-19 08:07:02,REAL,2717848703,541,2717849244,2717849244
2025-06-19 08:07:04,REAL,2717849244,478,2717849722,2717849722
2025-06-19 08:07:06,REAL,2717849722,486,2717850208,2717850208
2025-06-19 08:07:08,REAL,2717850208,490,2717850698,2717850698
2025-06-19 08:07:10,REAL,2717850698,491,2717851189,2717851189
2025-06-19 08:07:12,REAL,2717851189,479,2717851668,2717851668
2025-06-19 08:07:14,REAL,2717851668,491,2717852159,2717852159
2025-06-19 08:07:16,REAL,2717852159,478,2717852637,2717852637
2025-06-19 08:07:18,REAL,2717852637,480,2717853117,2717853117
2025-06-19 08:07:20,REAL,2717853117,486,2717853603,2717853603
2025-06-19 08:07:22,REAL,2717853603,539,2717854142,2717854142
2025-06-19 08:07:24,REAL,2717854142,488,2717854630,2717854630
2025-06-19 08:07:26,REAL,2717854630,544,2717855174,2717855174
2025-06-19 08:07:28,REAL,2717855174,483,2717855657,2717855657
2025-06-19 08:07:30,REAL,2717855657,490,2717856147,2717856147
2025-06-19 08:07:32,REAL,2717856147,490,2717856637,2717856637
2025-06-19 08:07:34,REAL,2717856637,489,2717857126,2717857126
2025-06-19 08:07:36,REAL,2717857126,481,2717857607,2717857607
2025-06-19 08:07:38,REAL,2717857607,485,2717858092,2717858092
2025-06-19 08:07:40,REAL,2717858092,482,2717858574,2717858574
2025-06-19 08:07:42,REAL,2717858574,476,2717859050,2717859050
2025-06-19 08:07:44,REAL,2717859050,539,2717859589,2717859589
2025-06-19 08:07:46,REAL,2717859589,482,2717860071,2717860071
2025-06-19 08:07:48,REAL,2717860071,479,2717860550,2717860550
2025-06-19 08:07:50,REAL,2717860550,489,2717861039,2717861039
2025-06-19 08:07:52,REAL,2717861039,479,2717861518,2717861518
2025-06-19 08:07:54,REAL,2717861518,490,2717862008,2717862008
2025-06-19 08:07:56,REAL,2717862008,484,2717862492,2717862492
2025-06-19 08:07:58,REAL,2717862492,487,2717862979,2717862979
2025-06-19 08:08:00,REAL,2717862979,533,2717863512,2717863512
2025-06-19 08:08:02,REAL,2717863512,488,2717864000,2717864000
2025-06-19 08:08:04,REAL,2717864000,539,2717864539,2717864539
2025-06-19 08:08:06,REAL,2717864539,488,2717865027,2717865027
2025-06-19 08:08:08,REAL,2717865027,489,2717865516,2717865516
2025-06-19 08:08:10,REAL,2717865516,483,2717865999,2717865999
2025-06-19 08:08:12,REAL,2717865999,480,2717866479,2717866479
2025-06-19 08:08:14,REAL,2717866479,487,2717866966,2717866966
2025-06-19 08:08:16,REAL,2717866966,476,2717867442,2717867442
2025-06-19 08:08:18,REAL,2717867442,484,2717867926,2717867926
2025-06-19 08:08:20,REAL,2717867926,477,2717868403,2717868403
2025-06-19 08:08:22,REAL,2717868403,475,2717868878,2717868878
2025-06-19 08:08:24,REAL,2717868878,478,2717869356,2717869356
2025-06-19 08:08:26,REAL,2717869356,538,2717869894,2717869894
2025-06-19 08:08:28,REAL,2717869894,485,2717870379,2717870379
2025-06-19 08:08:30,REAL,2717870379,489,2717870868,2717870868
2025-06-19 08:08:32,REAL,2717870868,480,2717871348,2717871348
2025-06-19 08:08:34,REAL,2717871348,538,2717871886,2717871886
2025-06-19 08:08:36,REAL,2717871886,475,2717872361,2717872361
2025-06-19 08:08:38,REAL,2717872361,483,2717872844,2717872844
2025-06-19 08:08:40,REAL,2717872844,484,2717873328,2717873328
2025-06-19 08:08:42,REAL,2717873328,486,2717873814,2717873814
2025-06-19 08:08:44,REAL,2717873814,480,2717874294,2717874294
2025-06-19 08:08:46,REAL,2717874294,538,2717874832,2717874832
2025-06-19 08:08:48,REAL,2717874832,481,2717875313,2717875313
2025-06-19 08:08:50,REAL,2717875313,483,2717875796,2717875796
2025-06-19 08:08:52,REAL,2717875796,484,2717876280,2717876280
2025-06-19 08:08:54,REAL,2717876280,490,2717876770,2717876770
2025-06-19 08:08:56,REAL,2717876770,485,2717877255,2717877255
2025-06-19 08:08:58,REAL,2717877255,477,2717877732,2717877732
2025-06-19 08:09:00,REAL,2717877732,481,2717878213,2717878213
2025-06-19 08:09:02,REAL,2717878213,487,2717878700,2717878700
2025-06-19 08:09:04,REAL,2717878700,3927,2717882627,2717882627
2025-06-19 08:09:06,REAL,2717882627,11308,2717893935,2717893935
2025-06-19 08:09:08,REAL,2717893935,10311,2717904246,2717904246
2025-06-19 08:09:10,REAL,2717904246,10299,2717914545,2717914545
2025-06-19 08:09:12,REAL,2717914545,10251,2717924796,2717924796
2025-06-19 08:09:14,REAL,2717924796,10248,2717935044,2717935044
2025-06-19 08:09:16,REAL,2717935044,10310,2717945354,2717945354
2025-06-19 08:09:18,REAL,2717945354,10257,2717955611,2717955611
2025-06-19 08:09:20,REAL,2717955611,2536,2717958147,2717958147
2025-06-19 08:09:22,REAL,2717958147,493,2717958640,2717958640
2025-06-19 08:09:24,REAL,2717958640,485,2717959125,2717959125
2025-06-19 08:09:26,REAL,2717959125,476,2717959601,2717959601
2025-06-19 08:09:28,REAL,2717959601,486,2717960087,2717960087
2025-06-19 08:09:30,REAL,2717960087,488,2717960575,2717960575
2025-06-19 08:09:32,REAL,2717960575,488,2717961063,2717961063
2025-06-19 08:09:34,REAL,2717961063,543,2717961606,2717961606
2025-06-19 08:09:36,REAL,2717961606,485,2717962091,2717962091
2025-06-19 08:09:38,REAL,2717962091,483,2717962574,2717962574
2025-06-19 08:09:40,REAL,2717962574,481,2717963055,2717963055
2025-06-19 08:09:42,REAL,2717963055,489,2717963544,2717963544
2025-06-19 08:09:44,REAL,2717963544,540,2717964084,2717964084
2025-06-19 08:09:46,REAL,2717964084,489,2717964573,2717964573
2025-06-19 08:09:48,REAL,2717964573,478,2717965051,2717965051
2025-06-19 08:09:50,REAL,2717965051,484,2717965535,2717965535
2025-06-19 08:09:52,REAL,2717965535,490,2717966025,2717966025
2025-06-19 08:09:54,REAL,2717966025,481,2717966506,2717966506
2025-06-19 08:09:56,REAL,2717966506,485,2717966991,2717966991
2025-06-19 08:09:58,REAL,2717966991,10516,2717977507,2717977507
2025-06-19 08:10:00,REAL,2717977507,10442,2717987949,2717987949
2025-06-19 08:10:02,REAL,2717987949,10316,2717998265,2717998265
2025-06-19 08:10:04,REAL,2717998265,10251,2718008516,2718008516
2025-06-19 08:10:06,REAL,2718008516,10318,2718018834,2718018834
2025-06-19 08:10:08,REAL,2718018834,10258,2718029092,2718029092
2025-06-19 08:10:10,REAL,2718029092,10251,2718039343,2718039343
2025-06-19 08:10:12,REAL,2718039343,6498,2718045841,2718045841
2025-06-19 08:10:14,REAL,2718045841,483,2718046324,2718046324
2025-06-19 08:10:16,REAL,2718046324,481,2718046805,2718046805
2025-06-19 08:10:18,REAL,2718046805,479,2718047284,2718047284
2025-06-19 08:10:20,REAL,2718047284,480,2718047764,2718047764
2025-06-19 08:10:22,REAL,2718047764,478,2718048242,2718048242
2025-06-19 08:10:24,REAL,2718048242,542,2718048784,2718048784
2025-06-19 08:10:26,REAL,2718048784,485,2718049269,2718049269
2025-06-19 08:10:28,REAL,2718049269,482,2718049751,2718049751
2025-06-19 08:10:30,REAL,2718049751,481,2718050232,2718050232
2025-06-19 08:10:32,REAL,2718050232,480,2718050712,2718050712
2025-06-19 08:10:34,REAL,2718050712,489,2718051201,2718051201
2025-06-19 08:10:36,REAL,2718051201,482,2718051683,2718051683
2025-06-19 08:10:38,REAL,2718051683,540,2718052223,2718052223
2025-06-19 08:10:40,REAL,2718052223,14485,2718066708,2718066708
2025-06-19 08:10:42,REAL,2718066708,10248,2718076956,2718076956
2025-06-19 08:10:44,REAL,2718076956,10318,2718087274,2718087274
2025-06-19 08:10:46,REAL,2718087274,10255,2718097529,2718097529
2025-06-19 08:10:48,REAL,2718097529,10310,2718107839,2718107839
2025-06-19 08:10:50,REAL,2718107839,10317,2718118156,2718118156
2025-06-19 08:10:52,REAL,2718118156,10258,2718128414,2718128414
2025-06-19 08:10:54,REAL,2718128414,5899,2718134313,2718134313
2025-06-19 08:10:56,REAL,2718134313,484,2718134797,2718134797
2025-06-19 08:10:58,REAL,2718134797,485,2718135282,2718135282
2025-06-19 08:11:00,REAL,2718135282,488,2718135770,2718135770
2025-06-19 08:11:02,REAL,2718135770,476,2718136246,2718136246
2025-06-19 08:11:04,REAL,2718136246,486,2718136732,2718136732
2025-06-19 08:11:06,REAL,2718136732,486,2718137218,2718137218
2025-06-19 08:11:08,REAL,2718137218,491,2718137709,2718137709
2025-06-19 08:11:10,REAL,2718137709,490,2718138199,2718138199
2025-06-19 08:11:12,REAL,2718138199,480,2718138679,2718138679
2025-06-19 08:11:14,REAL,2718138679,539,2718139218,2718139218
2025-06-19 08:11:16,REAL,2718139218,6572,2718145790,2718145790
2025-06-19 08:11:18,REAL,2718145790,10774,2718156564,2718156564
2025-06-19 08:11:20,REAL,2718156564,10252,2718166816,2718166816
2025-06-19 08:11:22,REAL,2718166816,10317,2718177133,2718177133
2025-06-19 08:11:24,REAL,2718177133,10259,2718187392,2718187392
2025-06-19 08:11:26,REAL,2718187392,10251,2718197643,2718197643
2025-06-19 08:11:28,REAL,2718197643,10254,2718207897,2718207897
2025-06-19 08:11:30,REAL,2718207897,10115,2718218012,2718218012
2025-06-19 08:11:32,REAL,2718218012,485,2718218497,2718218497
2025-06-19 08:11:34,REAL,2718218497,478,2718218975,2718218975
2025-06-19 08:11:36,REAL,2718218975,548,2718219523,2718219523
2025-06-19 08:11:38,REAL,2718219523,487,2718220010,2718220010
2025-06-19 08:11:40,REAL,2718220010,480,2718220490,2718220490
2025-06-19 08:11:42,REAL,2718220490,481,2718220971,2718220971
2025-06-19 08:11:44,REAL,2718220971,486,2718221457,2718221457
2025-06-19 08:11:46,REAL,2718221457,485,2718221942,2718221942
2025-06-19 08:11:48,REAL,2718221942,485,2718222427,2718222427
2025-06-19 08:11:50,REAL,2718222427,481,2718222908,2718222908
2025-06-19 08:11:52,REAL,2718222908,484,2718223392,2718223392
2025-06-19 08:11:54,REAL,2718223392,479,2718223871,2718223871
2025-06-19 08:11:56,REAL,2718223871,481,2718224352,2718224352
2025-06-19 08:11:58,REAL,2718224352,542,2718224894,2718224894
2025-06-19 08:12:00,REAL,2718224894,542,2718225436,2718225436
2025-06-19 08:12:02,REAL,2718225436,484,2718225920,2718225920
2025-06-19 08:12:04,REAL,2718225920,483,2718226403,2718226403
2025-06-19 08:12:06,REAL,2718226403,476,2718226879,2718226879
2025-06-19 08:12:08,REAL,2718226879,487,2718227366,2718227366
2025-06-19 08:12:10,REAL,2718227366,480,2718227846,2718227846
2025-06-19 08:12:12,REAL,2718227846,490,2718228336,2718228336
2025-06-19 08:12:14,REAL,2718228336,481,2718228817,2718228817
2025-06-19 08:12:16,REAL,2718228817,478,2718229295,2718229295
2025-06-19 08:12:18,REAL,2718229295,477,2718229772,2718229772
2025-06-19 08:12:20,REAL,2718229772,485,2718230257,2718230257
2025-06-19 08:12:22,REAL,2718230257,485,2718230742,2718230742
2025-06-19 08:12:24,REAL,2718230742,540,2718231282,2718231282
2025-06-19 08:12:26,REAL,2718231282,484,2718231766,2718231766
2025-06-19 08:12:28,REAL,2718231766,476,2718232242,2718232242
2025-06-19 08:12:30,REAL,2718232242,478,2718232720,2718232720
2025-06-19 08:12:32,REAL,2718232720,491,2718233211,2718233211
2025-06-19 08:12:34,REAL,2718233211,485,2718233696,2718233696
2025-06-19 08:12:36,REAL,2718233696,480,2718234176,2718234176
2025-06-19 08:12:38,REAL,2718234176,548,2718234724,2718234724
2025-06-19 08:12:40,REAL,2718234724,483,2718235207,2718235207
2025-06-19 08:12:42,REAL,2718235207,480,2718235687,2718235687
2025-06-19 08:12:44,REAL,2718235687,480,2718236167,2718236167
2025-06-19 08:12:46,REAL,2718236167,483,2718236650,2718236650
2025-06-19 08:12:48,REAL,2718236650,540,2718237190,2718237190
2025-06-19 08:12:50,REAL,2718237190,489,2718237679,2718237679
2025-06-19 08:12:52,REAL,2718237679,486,2718238165,2718238165
2025-06-19 08:12:54,REAL,2718238165,482,2718238647,2718238647
2025-06-19 08:12:56,REAL,2718238647,489,2718239136,2718239136
2025-06-19 08:12:58,REAL,2718239136,483,2718239619,2718239619
2025-06-19 08:13:00,REAL,2718239619,477,2718240096,2718240096
2025-06-19 08:13:02,REAL,2718240096,488,2718240584,2718240584
2025-06-19 08:13:04,REAL,2718240584,483,2718241067,2718241067
2025-06-19 08:13:06,REAL,2718241067,481,2718241548,2718241548
2025-06-19 08:13:08,REAL,2718241548,488,2718242036,2718242036
2025-06-19 08:13:10,REAL,2718242036,487,2718242523,2718242523
2025-06-19 08:13:12,REAL,2718242523,546,2718243069,2718243069
2025-06-19 08:13:14,REAL,2718243069,485,2718243554,2718243554
2025-06-19 08:13:16,REAL,2718243554,483,2718244037,2718244037
2025-06-19 08:13:18,REAL,2718244037,482,2718244519,2718244519
2025-06-19 08:13:20,REAL,2718244519,543,2718245062,2718245062
2025-06-19 08:13:22,REAL,2718245062,3258,2718248320,2718248320
2025-06-19 08:13:24,REAL,2718248320,11498,2718259818,2718259818
2025-06-19 08:13:26,REAL,2718259818,10242,2718270060,2718270060
2025-06-19 08:13:28,REAL,2718270060,10324,2718280384,2718280384
2025-06-19 08:13:30,REAL,2718280384,10185,2718290569,2718290569
2025-06-19 08:13:32,REAL,2718290569,10319,2718300888,2718300888
2025-06-19 08:13:34,REAL,2718300888,10244,2718311132,2718311132
2025-06-19 08:13:36,REAL,2718311132,10306,2718321438,2718321438
2025-06-19 08:13:38,REAL,2718321438,3062,2718324500,2718324500
2025-06-19 08:13:40,REAL,2718324500,488,2718324988,2718324988
2025-06-19 08:13:42,REAL,2718324988,483,2718325471,2718325471
2025-06-19 08:13:44,REAL,2718325471,489,2718325960,2718325960
2025-06-19 08:13:46,REAL,2718325960,486,2718326446,2718326446
2025-06-19 08:13:48,REAL,2718326446,485,2718326931,2718326931
2025-06-19 08:13:50,REAL,2718326931,482,2718327413,2718327413
2025-06-19 08:13:52,REAL,2718327413,479,2718327892,2718327892
2025-06-19 08:13:54,REAL,2718327892,3664,2718331556,2718331556
2025-06-19 08:13:56,REAL,2718331556,11368,2718342924,2718342924
2025-06-19 08:13:58,REAL,2718342924,10257,2718353181,2718353181
2025-06-19 08:14:00,REAL,2718353181,10247,2718363428,2718363428
2025-06-19 08:14:02,REAL,2718363428,10383,2718373811,2718373811
2025-06-19 08:14:04,REAL,2718373811,10249,2718384060,2718384060
2025-06-19 08:14:06,REAL,2718384060,10248,2718394308,2718394308
2025-06-19 08:14:08,REAL,2718394308,10246,2718404554,2718404554
2025-06-19 08:14:10,REAL,2718404554,2221,2718406775,2718406775
2025-06-19 08:14:12,REAL,2718406775,474,2718407249,2718407249
2025-06-19 08:14:14,REAL,2718407249,482,2718407731,2718407731
2025-06-19 08:14:16,REAL,2718407731,478,2718408209,2718408209
2025-06-19 08:14:18,REAL,2718408209,494,2718408703,2718408703
2025-06-19 08:14:20,REAL,2718408703,484,2718409187,2718409187
2025-06-19 08:14:22,REAL,2718409187,538,2718409725,2718409725
2025-06-19 08:14:24,REAL,2718409725,478,2718410203,2718410203
2025-06-19 08:14:26,REAL,2718410203,490,2718410693,2718410693
2025-06-19 08:14:28,REAL,2718410693,493,2718411186,2718411186
2025-06-19 08:14:30,REAL,2718411186,544,2718411730,2718411730
2025-06-19 08:14:32,REAL,2718411730,492,2718412222,2718412222
2025-06-19 08:14:34,REAL,2718412222,480,2718412702,2718412702
2025-06-19 08:14:36,REAL,2718412702,485,2718413187,2718413187
2025-06-19 08:14:38,REAL,2718413187,478,2718413665,2718413665
2025-06-19 08:14:40,REAL,2718413665,488,2718414153,2718414153
2025-06-19 08:14:42,REAL,2718414153,482,2718414635,2718414635
2025-06-19 08:14:44,REAL,2718414635,484,2718415119,2718415119
2025-06-19 08:14:46,REAL,2718415119,485,2718415604,2718415604
2025-06-19 08:14:48,REAL,2718415604,11053,2718426657,2718426657
2025-06-19 08:14:50,REAL,2718426657,10385,2718437042,2718437042
2025-06-19 08:14:52,REAL,2718437042,10318,2718447360,2718447360
2025-06-19 08:14:54,REAL,2718447360,10245,2718457605,2718457605
2025-06-19 08:14:56,REAL,2718457605,10327,2718467932,2718467932
2025-06-19 08:14:58,REAL,2718467932,10306,2718478238,2718478238
2025-06-19 08:15:00,REAL,2718478238,10326,2718488564,2718488564
2025-06-19 08:15:02,REAL,2718488564,6355,2718494919,2718494919
2025-06-19 08:15:04,REAL,2718494919,482,2718495401,2718495401
2025-06-19 08:15:06,REAL,2718495401,482,2718495883,2718495883
2025-06-19 08:15:08,REAL,2718495883,487,2718496370,2718496370
2025-06-19 08:15:10,REAL,2718496370,479,2718496849,2718496849
2025-06-19 08:15:12,REAL,2718496849,486,2718497335,2718497335
2025-06-19 08:15:14,REAL,2718497335,533,2718497868,2718497868
2025-06-19 08:15:16,REAL,2718497868,489,2718498357,2718498357
2025-06-19 08:15:18,REAL,2718498357,483,2718498840,2718498840
2025-06-19 08:15:20,REAL,2718498840,483,2718499323,2718499323
2025-06-19 08:15:22,REAL,2718499323,488,2718499811,2718499811
2025-06-19 08:15:24,REAL,2718499811,485,2718500296,2718500296
2025-06-19 08:15:26,REAL,2718500296,491,2718500787,2718500787
2025-06-19 08:15:28,REAL,2718500787,537,2718501324,2718501324
2025-06-19 08:15:30,REAL,2718501324,487,2718501811,2718501811
2025-06-19 08:15:32,REAL,2718501811,475,2718502286,2718502286
2025-06-19 08:15:34,REAL,2718502286,482,2718502768,2718502768
2025-06-19 08:15:36,REAL,2718502768,481,2718503249,2718503249
2025-06-19 08:15:38,REAL,2718503249,482,2718503731,2718503731
2025-06-19 08:15:40,REAL,2718503731,540,2718504271,2718504271
2025-06-19 08:15:42,REAL,2718504271,482,2718504753,2718504753
2025-06-19 08:15:44,REAL,2718504753,480,2718505233,2718505233
2025-06-19 08:15:46,REAL,2718505233,487,2718505720,2718505720
2025-06-19 08:15:48,REAL,2718505720,474,2718506194,2718506194
2025-06-19 08:15:50,REAL,2718506194,480,2718506674,2718506674
2025-06-19 08:15:52,REAL,2718506674,482,2718507156,2718507156
2025-06-19 08:15:54,REAL,2718507156,483,2718507639,2718507639
2025-06-19 08:15:56,REAL,2718507639,491,2718508130,2718508130
2025-06-19 08:15:58,REAL,2718508130,542,2718508672,2718508672
2025-06-19 08:16:00,REAL,2718508672,478,2718509150,2718509150
2025-06-19 08:16:02,REAL,2718509150,480,2718509630,2718509630
2025-06-19 08:16:04,REAL,2718509630,486,2718510116,2718510116
2025-06-19 08:16:06,REAL,2718510116,7087,2718517203,2718517203
2025-06-19 08:16:08,REAL,2718517203,12830,2718530033,2718530033
2025-06-19 08:16:10,REAL,2718530033,10328,2718540361,2718540361
2025-06-19 08:16:12,REAL,2718540361,10251,2718550612,2718550612
2025-06-19 08:16:14,REAL,2718550612,10253,2718560865,2718560865
2025-06-19 08:16:16,REAL,2718560865,10249,2718571114,2718571114
2025-06-19 08:16:18,REAL,2718571114,10328,2718581442,2718581442
2025-06-19 08:16:20,REAL,2718581442,9986,2718591428,2718591428
2025-06-19 08:16:22,REAL,2718591428,487,2718591915,2718591915
2025-06-19 08:16:24,REAL,2718591915,492,2718592407,2718592407
2025-06-19 08:16:26,REAL,2718592407,534,2718592941,2718592941
2025-06-19 08:16:28,REAL,2718592941,490,2718593431,2718593431
2025-06-19 08:16:30,REAL,2718593431,486,2718593917,2718593917
2025-06-19 08:16:32,REAL,2718593917,484,2718594401,2718594401
2025-06-19 08:16:34,REAL,2718594401,540,2718594941,2718594941
2025-06-19 08:16:36,REAL,2718594941,488,2718595429,2718595429
2025-06-19 08:16:38,REAL,2718595429,483,2718595912,2718595912
2025-06-19 08:16:40,REAL,2718595912,479,2718596391,2718596391
2025-06-19 08:16:42,REAL,2718596391,490,2718596881,2718596881
2025-06-19 08:16:44,REAL,2718596881,490,2718597371,2718597371
2025-06-19 08:16:46,REAL,2718597371,481,2718597852,2718597852
2025-06-19 08:16:48,REAL,2718597852,490,2718598342,2718598342
2025-06-19 08:16:50,REAL,2718598342,488,2718598830,2718598830
2025-06-19 08:16:52,REAL,2718598830,484,2718599314,2718599314
2025-06-19 08:16:54,REAL,2718599314,488,2718599802,2718599802
2025-06-19 08:16:56,REAL,2718599802,543,2718600345,2718600345
2025-06-19 08:16:58,REAL,2718600345,486,2718600831,2718600831
2025-06-19 08:17:00,REAL,2718600831,537,2718601368,2718601368
2025-06-19 08:17:02,REAL,2718601368,485,2718601853,2718601853
2025-06-19 08:17:04,REAL,2718601853,489,2718602342,2718602342
2025-06-19 08:17:06,REAL,2718602342,477,2718602819,2718602819
2025-06-19 08:17:08,REAL,2718602819,476,2718603295,2718603295
2025-06-19 08:17:10,REAL,2718603295,483,2718603778,2718603778
2025-06-19 08:17:12,REAL,2718603778,483,2718604261,2718604261
2025-06-19 08:17:14,REAL,2718604261,484,2718604745,2718604745
2025-06-19 08:17:16,REAL,2718604745,478,2718605223,2718605223
2025-06-19 08:17:18,REAL,2718605223,481,2718605704,2718605704
2025-06-19 08:17:20,REAL,2718605704,8343,2718614047,2718614047
2025-06-19 08:17:22,REAL,2718614047,10787,2718624834,2718624834
2025-06-19 08:17:24,REAL,2718624834,10256,2718635090,2718635090
2025-06-19 08:17:26,REAL,2718635090,10373,2718645463,2718645463
2025-06-19 08:17:28,REAL,2718645463,10312,2718655775,2718655775
2025-06-19 08:17:30,REAL,2718655775,10256,2718666031,2718666031
2025-06-19 08:17:32,REAL,2718666031,10310,2718676341,2718676341
2025-06-19 08:17:34,REAL,2718676341,8867,2718685208,2718685208
2025-06-19 08:17:36,REAL,2718685208,475,2718685683,2718685683
2025-06-19 08:17:38,REAL,2718685683,490,2718686173,2718686173
2025-06-19 08:17:40,REAL,2718686173,484,2718686657,2718686657
2025-06-19 08:17:42,REAL,2718686657,483,2718687140,2718687140
2025-06-19 08:17:44,REAL,2718687140,477,2718687617,2718687617
2025-06-19 08:17:46,REAL,2718687617,483,2718688100,2718688100
2025-06-19 08:17:48,REAL,2718688100,542,2718688642,2718688642
2025-06-19 08:17:50,REAL,2718688642,481,2718689123,2718689123
2025-06-19 08:17:52,REAL,2718689123,486,2718689609,2718689609
2025-06-19 08:17:54,REAL,2718689609,543,2718690152,2718690152
2025-06-19 08:17:56,REAL,2718690152,491,2718690643,2718690643
2025-06-19 08:17:58,REAL,2718690643,475,2718691118,2718691118
2025-06-19 08:18:00,REAL,2718691118,474,2718691592,2718691592
2025-06-19 08:18:02,REAL,2718691592,493,2718692085,2718692085
2025-06-19 08:18:04,REAL,2718692085,488,2718692573,2718692573
2025-06-19 08:18:06,REAL,2718692573,490,2718693063,2718693063
2025-06-19 08:18:08,REAL,2718693063,493,2718693556,2718693556
2025-06-19 08:18:10,REAL,2718693556,485,2718694041,2718694041
2025-06-19 08:18:12,REAL,2718694041,481,2718694522,2718694522
2025-06-19 08:18:14,REAL,2718694522,540,2718695062,2718695062
2025-06-19 08:18:16,REAL,2718695062,478,2718695540,2718695540
2025-06-19 08:18:18,REAL,2718695540,484,2718696024,2718696024
2025-06-19 08:18:20,REAL,2718696024,485,2718696509,2718696509
2025-06-19 08:18:22,REAL,2718696509,485,2718696994,2718696994
2025-06-19 08:18:24,REAL,2718696994,543,2718697537,2718697537
2025-06-19 08:18:26,REAL,2718697537,488,2718698025,2718698025
2025-06-19 08:18:28,REAL,2718698025,481,2718698506,2718698506
2025-06-19 08:18:30,REAL,2718698506,475,2718698981,2718698981
2025-06-19 08:18:32,REAL,2718698981,484,2718699465,2718699465
2025-06-19 08:18:34,REAL,2718699465,483,2718699948,2718699948
2025-06-19 08:18:36,REAL,2718699948,488,2718700436,2718700436
2025-06-19 08:18:38,REAL,2718700436,482,2718700918,2718700918
2025-06-19 08:18:40,REAL,2718700918,543,2718701461,2718701461
2025-06-19 08:18:42,REAL,2718701461,482,2718701943,2718701943
2025-06-19 08:18:44,REAL,2718701943,483,2718702426,2718702426
2025-06-19 08:18:46,REAL,2718702426,484,2718702910,2718702910
2025-06-19 08:18:48,REAL,2718702910,493,2718703403,2718703403
2025-06-19 08:18:50,REAL,2718703403,483,2718703886,2718703886
2025-06-19 08:18:52,REAL,2718703886,490,2718704376,2718704376
2025-06-19 08:18:54,REAL,2718704376,532,2718704908,2718704908
2025-06-19 08:18:56,REAL,2718704908,487,2718705395,2718705395
2025-06-19 08:18:58,REAL,2718705395,485,2718705880,2718705880
2025-06-19 08:19:00,REAL,2718705880,4515,2718710395,2718710395
2025-06-19 08:19:02,REAL,2718710395,13811,2718724206,2718724206
2025-06-19 08:19:04,REAL,2718724206,10248,2718734454,2718734454
2025-06-19 08:19:06,REAL,2718734454,10314,2718744768,2718744768
2025-06-19 08:19:08,REAL,2718744768,10251,2718755019,2718755019
2025-06-19 08:19:10,REAL,2718755019,10314,2718765333,2718765333
2025-06-19 08:19:12,REAL,2718765333,10254,2718775587,2718775587
2025-06-19 08:19:14,REAL,2718775587,10315,2718785902,2718785902
2025-06-19 08:19:16,REAL,2718785902,2002,2718787904,2718787904
2025-06-19 08:19:18,REAL,2718787904,488,2718788392,2718788392
2025-06-19 08:19:20,REAL,2718788392,485,2718788877,2718788877
2025-06-19 08:19:22,REAL,2718788877,477,2718789354,2718789354
2025-06-19 08:19:24,REAL,2718789354,481,2718789835,2718789835
2025-06-19 08:19:26,REAL,2718789835,535,2718790370,2718790370
2025-06-19 08:19:28,REAL,2718790370,541,2718790911,2718790911
2025-06-19 08:19:30,REAL,2718790911,483,2718791394,2718791394
2025-06-19 08:19:32,REAL,2718791394,5711,2718797105,2718797105
2025-06-19 08:19:34,REAL,2718797105,13749,2718810854,2718810854
2025-06-19 08:19:36,REAL,2718810854,10320,2718821174,2718821174
2025-06-19 08:19:38,REAL,2718821174,10245,2718831419,2718831419
2025-06-19 08:19:40,REAL,2718831419,10322,2718841741,2718841741
2025-06-19 08:19:42,REAL,2718841741,10256,2718851997,2718851997
2025-06-19 08:19:44,REAL,2718851997,10314,2718862311,2718862311
2025-06-19 08:19:46,REAL,2718862311,10251,2718872562,2718872562
2025-06-19 08:19:48,REAL,2718872562,1416,2718873978,2718873978
2025-06-19 08:19:50,REAL,2718873978,483,2718874461,2718874461
2025-06-19 08:19:52,REAL,2718874461,479,2718874940,2718874940
2025-06-19 08:19:54,REAL,2718874940,490,2718875430,2718875430
2025-06-19 08:19:56,REAL,2718875430,489,2718875919,2718875919
2025-06-19 08:19:58,REAL,2718875919,535,2718876454,2718876454
2025-06-19 08:20:00,REAL,2718876454,482,2718876936,2718876936
2025-06-19 08:20:02,REAL,2718876936,541,2718877477,2718877477
2025-06-19 08:20:04,REAL,2718877477,493,2718877970,2718877970
2025-06-19 08:20:06,REAL,2718877970,482,2718878452,2718878452
2025-06-19 08:20:08,REAL,2718878452,483,2718878935,2718878935
2025-06-19 08:20:10,REAL,2718878935,477,2718879412,2718879412
2025-06-19 08:20:12,REAL,2718879412,486,2718879898,2718879898
2025-06-19 08:20:14,REAL,2718879898,491,2718880389,2718880389
2025-06-19 08:20:16,REAL,2718880389,487,2718880876,2718880876
2025-06-19 08:20:18,REAL,2718880876,489,2718881365,2718881365
2025-06-19 08:20:20,REAL,2718881365,489,2718881854,2718881854
2025-06-19 08:20:22,REAL,2718881854,484,2718882338,2718882338
2025-06-19 08:20:24,REAL,2718882338,545,2718882883,2718882883
2025-06-19 08:20:26,REAL,2718882883,484,2718883367,2718883367
2025-06-19 08:20:28,REAL,2718883367,486,2718883853,2718883853
2025-06-19 08:20:30,REAL,2718883853,480,2718884333,2718884333
2025-06-19 08:20:32,REAL,2718884333,487,2718884820,2718884820
2025-06-19 08:20:34,REAL,2718884820,487,2718885307,2718885307
2025-06-19 08:20:36,REAL,2718885307,541,2718885848,2718885848
2025-06-19 08:20:38,REAL,2718885848,482,2718886330,2718886330
2025-06-19 08:20:40,REAL,2718886330,484,2718886814,2718886814
2025-06-19 08:20:42,REAL,2718886814,484,2718887298,2718887298
2025-06-19 08:20:44,REAL,2718887298,480,2718887778,2718887778
2025-06-19 08:20:46,REAL,2718887778,489,2718888267,2718888267
2025-06-19 08:20:48,REAL,2718888267,492,2718888759,2718888759
2025-06-19 08:20:50,REAL,2718888759,482,2718889241,2718889241
2025-06-19 08:20:52,REAL,2718889241,546,2718889787,2718889787
2025-06-19 08:20:54,REAL,2718889787,483,2718890270,2718890270
2025-06-19 08:20:56,REAL,2718890270,481,2718890751,2718890751
2025-06-19 08:20:58,REAL,2718890751,482,2718891233,2718891233
2025-06-19 08:21:00,REAL,2718891233,477,2718891710,2718891710
2025-06-19 08:21:02,REAL,2718891710,484,2718892194,2718892194
2025-06-19 08:21:04,REAL,2718892194,485,2718892679,2718892679
2025-06-19 08:21:06,REAL,2718892679,488,2718893167,2718893167
2025-06-19 08:21:08,REAL,2718893167,546,2718893713,2718893713
2025-06-19 08:21:10,REAL,2718893713,486,2718894199,2718894199
2025-06-19 08:21:12,REAL,2718894199,487,2718894686,2718894686
2025-06-19 08:21:14,REAL,2718894686,485,2718895171,2718895171
2025-06-19 08:21:16,REAL,2718895171,484,2718895655,2718895655
2025-06-19 08:21:18,REAL,2718895655,546,2718896201,2718896201
2025-06-19 08:21:20,REAL,2718896201,483,2718896684,2718896684
2025-06-19 08:21:22,REAL,2718896684,486,2718897170,2718897170
2025-06-19 08:21:24,REAL,2718897170,484,2718897654,2718897654
2025-06-19 08:21:26,REAL,2718897654,481,2718898135,2718898135
2025-06-19 08:21:28,REAL,2718898135,485,2718898620,2718898620
2025-06-19 08:21:30,REAL,2718898620,485,2718899105,2718899105
2025-06-19 08:21:32,REAL,2718899105,481,2718899586,2718899586
2025-06-19 08:21:34,REAL,2718899586,485,2718900071,2718900071
2025-06-19 08:21:36,REAL,2718900071,487,2718900558,2718900558
2025-06-19 08:21:38,REAL,2718900558,484,2718901042,2718901042
2025-06-19 08:21:40,REAL,2718901042,484,2718901526,2718901526
2025-06-19 08:21:42,REAL,2718901526,483,2718902009,2718902009
2025-06-19 08:21:44,REAL,2718902009,595,2718902604,2718902604
2025-06-19 08:21:46,REAL,2718902604,481,2718903085,2718903085
2025-06-19 08:21:48,REAL,2718903085,488,2718903573,2718903573
2025-06-19 08:21:50,REAL,2718903573,491,2718904064,2718904064
2025-06-19 08:21:52,REAL,2718904064,480,2718904544,2718904544
2025-06-19 08:21:54,REAL,2718904544,482,2718905026,2718905026
2025-06-19 08:21:56,REAL,2718905026,490,2718905516,2718905516
2025-06-19 08:21:58,REAL,2718905516,474,2718905990,2718905990
2025-06-19 08:22:00,REAL,2718905990,481,2718906471,2718906471
2025-06-19 08:22:02,REAL,2718906471,490,2718906961,2718906961
2025-06-19 08:22:04,REAL,2718906961,484,2718907445,2718907445
2025-06-19 08:22:06,REAL,2718907445,490,2718907935,2718907935
2025-06-19 08:22:08,REAL,2718907935,489,2718908424,2718908424
2025-06-19 08:22:10,REAL,2718908424,476,2718908900,2718908900
2025-06-19 08:22:12,REAL,2718908900,531,2718909431,2718909431
2025-06-19 08:22:14,REAL,2718909431,485,2718909916,2718909916
2025-06-19 08:22:16,REAL,2718909916,487,2718910403,2718910403
2025-06-19 08:22:18,REAL,2718910403,535,2718910938,2718910938
2025-06-19 08:22:20,REAL,2718910938,484,2718911422,2718911422
2025-06-19 08:22:22,REAL,2718911422,476,2718911898,2718911898
2025-06-19 08:22:24,REAL,2718911898,475,2718912373,2718912373
2025-06-19 08:22:26,REAL,2718912373,3005,2718915378,2718915378
2025-06-19 08:22:28,REAL,2718915378,11839,2718927217,2718927217
2025-06-19 08:22:30,REAL,2718927217,10257,2718937474,2718937474
2025-06-19 08:22:32,REAL,2718937474,10325,2718947799,2718947799
2025-06-19 08:22:34,REAL,2718947799,10246,2718958045,2718958045
2025-06-19 08:22:36,REAL,2718958045,10247,2718968292,2718968292
2025-06-19 08:22:38,REAL,2718968292,10322,2718978614,2718978614
2025-06-19 08:22:40,REAL,2718978614,10256,2718988870,2718988870
2025-06-19 08:22:42,REAL,2718988870,3060,2718991930,2718991930
2025-06-19 08:22:44,REAL,2718991930,491,2718992421,2718992421
2025-06-19 08:22:46,REAL,2718992421,484,2718992905,2718992905
2025-06-19 08:22:48,REAL,2718992905,485,2718993390,2718993390
2025-06-19 08:22:50,REAL,2718993390,489,2718993879,2718993879
2025-06-19 08:22:52,REAL,2718993879,532,2718994411,2718994411
2025-06-19 08:22:54,REAL,2718994411,536,2718994947,2718994947
2025-06-19 08:22:56,REAL,2718994947,487,2718995434,2718995434
2025-06-19 08:22:58,REAL,2718995434,484,2718995918,2718995918
2025-06-19 08:23:00,REAL,2718995918,479,2718996397,2718996397
2025-06-19 08:23:02,REAL,2718996397,484,2718996881,2718996881
2025-06-19 08:23:04,REAL,2718996881,482,2718997363,2718997363
2025-06-19 08:23:06,REAL,2718997363,477,2718997840,2718997840
2025-06-19 08:23:08,REAL,2718997840,482,2718998322,2718998322
2025-06-19 08:23:10,REAL,2718998322,490,2718998812,2718998812
2025-06-19 08:23:12,REAL,2718998812,478,2718999290,2718999290
2025-06-19 08:23:14,REAL,2718999290,477,2718999767,2718999767
2025-06-19 08:23:16,REAL,2718999767,489,2719000256,2719000256
2025-06-19 08:23:18,REAL,2719000256,544,2719000800,2719000800
2025-06-19 08:23:20,REAL,2719000800,486,2719001286,2719001286
2025-06-19 08:23:22,REAL,2719001286,484,2719001770,2719001770
2025-06-19 08:23:24,REAL,2719001770,482,2719002252,2719002252
2025-06-19 08:23:26,REAL,2719002252,493,2719002745,2719002745
2025-06-19 08:23:28,REAL,2719002745,530,2719003275,2719003275
2025-06-19 08:23:30,REAL,2719003275,484,2719003759,2719003759
2025-06-19 08:23:32,REAL,2719003759,491,2719004250,2719004250
2025-06-19 08:23:34,REAL,2719004250,485,2719004735,2719004735
2025-06-19 08:23:36,REAL,2719004735,483,2719005218,2719005218
2025-06-19 08:23:38,REAL,2719005218,481,2719005699,2719005699
2025-06-19 08:23:40,REAL,2719005699,484,2719006183,2719006183
2025-06-19 08:23:42,REAL,2719006183,482,2719006665,2719006665
2025-06-19 08:23:44,REAL,2719006665,490,2719007155,2719007155
2025-06-19 08:23:46,REAL,2719007155,533,2719007688,2719007688
2025-06-19 08:23:48,REAL,2719007688,480,2719008168,2719008168
2025-06-19 08:23:50,REAL,2719008168,488,2719008656,2719008656
2025-06-19 08:23:52,REAL,2719008656,480,2719009136,2719009136
2025-06-19 08:23:54,REAL,2719009136,483,2719009619,2719009619
2025-06-19 08:23:56,REAL,2719009619,483,2719010102,2719010102
2025-06-19 08:23:58,REAL,2719010102,486,2719010588,2719010588
2025-06-19 08:24:00,REAL,2719010588,479,2719011067,2719011067
2025-06-19 08:24:02,REAL,2719011067,539,2719011606,2719011606
2025-06-19 08:24:04,REAL,2719011606,485,2719012091,2719012091
2025-06-19 08:24:06,REAL,2719012091,486,2719012577,2719012577
2025-06-19 08:24:08,REAL,2719012577,493,2719013070,2719013070
2025-06-19 08:24:10,REAL,2719013070,484,2719013554,2719013554
2025-06-19 08:24:12,REAL,2719013554,546,2719014100,2719014100
2025-06-19 08:24:14,REAL,2719014100,478,2719014578,2719014578
2025-06-19 08:24:16,REAL,2719014578,480,2719015058,2719015058
2025-06-19 08:24:18,REAL,2719015058,5971,2719021029,2719021029
2025-06-19 08:24:20,REAL,2719021029,11177,2719032206,2719032206
2025-06-19 08:24:22,REAL,2719032206,10321,2719042527,2719042527
2025-06-19 08:24:24,REAL,2719042527,10254,2719052781,2719052781
2025-06-19 08:24:26,REAL,2719052781,10257,2719063038,2719063038
2025-06-19 08:24:28,REAL,2719063038,10254,2719073292,2719073292
2025-06-19 08:24:30,REAL,2719073292,10251,2719083543,2719083543
2025-06-19 08:24:32,REAL,2719083543,10251,2719093794,2719093794
2025-06-19 08:24:34,REAL,2719093794,880,2719094674,2719094674
2025-06-19 08:24:36,REAL,2719094674,476,2719095150,2719095150
2025-06-19 08:24:38,REAL,2719095150,480,2719095630,2719095630
2025-06-19 08:24:40,REAL,2719095630,492,2719096122,2719096122
2025-06-19 08:24:42,REAL,2719096122,489,2719096611,2719096611
2025-06-19 08:24:44,REAL,2719096611,482,2719097093,2719097093
2025-06-19 08:24:46,REAL,2719097093,485,2719097578,2719097578
2025-06-19 08:24:48,REAL,2719097578,489,2719098067,2719098067
2025-06-19 08:24:50,REAL,2719098067,546,2719098613,2719098613
2025-06-19 08:24:52,REAL,2719098613,538,2719099151,2719099151
2025-06-19 08:24:54,REAL,2719099151,483,2719099634,2719099634
2025-06-19 08:24:56,REAL,2719099634,481,2719100115,2719100115
2025-06-19 08:24:58,REAL,2719100115,481,2719100596,2719100596
2025-06-19 08:25:00,REAL,2719100596,491,2719101087,2719101087
2025-06-19 08:25:02,REAL,2719101087,488,2719101575,2719101575
2025-06-19 08:25:04,REAL,2719101575,560,2719102135,2719102135
2025-06-19 08:25:06,REAL,2719102135,474,2719102609,2719102609
2025-06-19 08:25:08,REAL,2719102609,491,2719103100,2719103100
2025-06-19 08:25:10,REAL,2719103100,890,2719103990,2719103990
2025-06-19 08:25:12,REAL,2719103990,14549,2719118539,2719118539
2025-06-19 08:25:14,REAL,2719118539,10316,2719128855,2719128855
2025-06-19 08:25:16,REAL,2719128855,10258,2719139113,2719139113
2025-06-19 08:25:18,REAL,2719139113,10257,2719149370,2719149370
2025-06-19 08:25:20,REAL,2719149370,10322,2719159692,2719159692
2025-06-19 08:25:22,REAL,2719159692,10251,2719169943,2719169943
2025-06-19 08:25:24,REAL,2719169943,10251,2719180194,2719180194
2025-06-19 08:25:26,REAL,2719180194,4777,2719184971,2719184971
2025-06-19 08:25:28,REAL,2719184971,488,2719185459,2719185459
2025-06-19 08:25:30,REAL,2719185459,486,2719185945,2719185945
2025-06-19 08:25:32,REAL,2719185945,484,2719186429,2719186429
2025-06-19 08:25:34,REAL,2719186429,482,2719186911,2719186911
2025-06-19 08:25:36,REAL,2719186911,492,2719187403,2719187403
2025-06-19 08:25:38,REAL,2719187403,488,2719187891,2719187891
2025-06-19 08:25:40,REAL,2719187891,489,2719188380,2719188380
2025-06-19 08:25:42,REAL,2719188380,540,2719188920,2719188920
2025-06-19 08:25:44,REAL,2719188920,537,2719189457,2719189457
2025-06-19 08:25:46,REAL,2719189457,487,2719189944,2719189944
2025-06-19 08:25:48,REAL,2719189944,483,2719190427,2719190427
2025-06-19 08:25:50,REAL,2719190427,478,2719190905,2719190905
2025-06-19 08:25:52,REAL,2719190905,488,2719191393,2719191393
2025-06-19 08:25:54,REAL,2719191393,487,2719191880,2719191880
2025-06-19 08:25:56,REAL,2719191880,489,2719192369,2719192369
2025-06-19 08:25:58,REAL,2719192369,483,2719192852,2719192852
2025-06-19 08:26:00,REAL,2719192852,480,2719193332,2719193332
2025-06-19 08:26:02,REAL,2719193332,493,2719193825,2719193825
2025-06-19 08:26:04,REAL,2719193825,484,2719194309,2719194309
2025-06-19 08:26:06,REAL,2719194309,485,2719194794,2719194794
2025-06-19 08:26:08,REAL,2719194794,486,2719195280,2719195280
2025-06-19 08:26:10,REAL,2719195280,484,2719195764,2719195764
2025-06-19 08:26:12,REAL,2719195764,484,2719196248,2719196248
2025-06-19 08:26:14,REAL,2719196248,479,2719196727,2719196727
2025-06-19 08:26:16,REAL,2719196727,549,2719197276,2719197276
2025-06-19 08:26:18,REAL,2719197276,484,2719197760,2719197760
2025-06-19 08:26:20,REAL,2719197760,482,2719198242,2719198242
2025-06-19 08:26:22,REAL,2719198242,475,2719198717,2719198717
2025-06-19 08:26:24,REAL,2719198717,489,2719199206,2719199206
2025-06-19 08:26:26,REAL,2719199206,483,2719199689,2719199689
2025-06-19 08:26:28,REAL,2719199689,487,2719200176,2719200176
2025-06-19 08:26:30,REAL,2719200176,479,2719200655,2719200655
2025-06-19 08:26:32,REAL,2719200655,483,2719201138,2719201138
2025-06-19 08:26:34,REAL,2719201138,541,2719201679,2719201679
2025-06-19 08:26:36,REAL,2719201679,485,2719202164,2719202164
2025-06-19 08:26:38,REAL,2719202164,492,2719202656,2719202656
2025-06-19 08:26:40,REAL,2719202656,480,2719203136,2719203136
2025-06-19 08:26:42,REAL,2719203136,484,2719203620,2719203620
2025-06-19 08:26:44,REAL,2719203620,2799,2719206419,2719206419
2025-06-19 08:26:46,REAL,2719206419,11970,2719218389,2719218389
2025-06-19 08:26:48,REAL,2719218389,10312,2719228701,2719228701
2025-06-19 08:26:50,REAL,2719228701,10313,2719239014,2719239014
2025-06-19 08:26:52,REAL,2719239014,10313,2719249327,2719249327
2025-06-19 08:26:54,REAL,2719249327,10323,2719259650,2719259650
2025-06-19 08:26:56,REAL,2719259650,10254,2719269904,2719269904
2025-06-19 08:26:58,REAL,2719269904,10325,2719280229,2719280229
2025-06-19 08:27:00,REAL,2719280229,3658,2719283887,2719283887
2025-06-19 08:27:02,REAL,2719283887,486,2719284373,2719284373
2025-06-19 08:27:04,REAL,2719284373,480,2719284853,2719284853
2025-06-19 08:27:06,REAL,2719284853,486,2719285339,2719285339
2025-06-19 08:27:08,REAL,2719285339,478,2719285817,2719285817
2025-06-19 08:27:10,REAL,2719285817,478,2719286295,2719286295
2025-06-19 08:27:12,REAL,2719286295,480,2719286775,2719286775
2025-06-19 08:27:14,REAL,2719286775,481,2719287256,2719287256
2025-06-19 08:27:16,REAL,2719287256,3199,2719290455,2719290455
2025-06-19 08:27:18,REAL,2719290455,11571,2719302026,2719302026
2025-06-19 08:27:20,REAL,2719302026,10320,2719312346,2719312346
2025-06-19 08:27:22,REAL,2719312346,10255,2719322601,2719322601
2025-06-19 08:27:24,REAL,2719322601,10316,2719332917,2719332917
2025-06-19 08:27:26,REAL,2719332917,10307,2719343224,2719343224
2025-06-19 08:27:28,REAL,2719343224,10320,2719353544,2719353544
2025-06-19 08:27:30,REAL,2719353544,10248,2719363792,2719363792
2025-06-19 08:27:32,REAL,2719363792,2995,2719366787,2719366787
2025-06-19 08:27:34,REAL,2719366787,483,2719367270,2719367270
2025-06-19 08:27:36,REAL,2719367270,486,2719367756,2719367756
2025-06-19 08:27:38,REAL,2719367756,484,2719368240,2719368240
2025-06-19 08:27:40,REAL,2719368240,483,2719368723,2719368723
2025-06-19 08:27:42,REAL,2719368723,492,2719369215,2719369215
2025-06-19 08:27:44,REAL,2719369215,477,2719369692,2719369692
2025-06-19 08:27:46,REAL,2719369692,477,2719370169,2719370169
2025-06-19 08:27:48,REAL,2719370169,549,2719370718,2719370718
2025-06-19 08:27:50,REAL,2719370718,482,2719371200,2719371200
2025-06-19 08:27:52,REAL,2719371200,483,2719371683,2719371683
2025-06-19 08:27:54,REAL,2719371683,490,2719372173,2719372173
2025-06-19 08:27:56,REAL,2719372173,489,2719372662,2719372662
2025-06-19 08:27:58,REAL,2719372662,485,2719373147,2719373147
2025-06-19 08:28:00,REAL,2719373147,477,2719373624,2719373624
2025-06-19 08:28:02,REAL,2719373624,482,2719374106,2719374106
2025-06-19 08:28:04,REAL,2719374106,479,2719374585,2719374585
2025-06-19 08:28:06,REAL,2719374585,489,2719375074,2719375074
2025-06-19 08:28:08,REAL,2719375074,488,2719375562,2719375562
2025-06-19 08:28:10,REAL,2719375562,485,2719376047,2719376047
2025-06-19 08:28:12,REAL,2719376047,487,2719376534,2719376534
2025-06-19 08:28:14,REAL,2719376534,489,2719377023,2719377023
2025-06-19 08:28:16,REAL,2719377023,481,2719377504,2719377504
2025-06-19 08:28:18,REAL,2719377504,540,2719378044,2719378044
2025-06-19 08:28:20,REAL,2719378044,478,2719378522,2719378522
2025-06-19 08:28:22,REAL,2719378522,531,2719379053,2719379053
2025-06-19 08:28:24,REAL,2719379053,482,2719379535,2719379535
2025-06-19 08:28:26,REAL,2719379535,487,2719380022,2719380022
2025-06-19 08:28:28,REAL,2719380022,489,2719380511,2719380511
2025-06-19 08:28:30,REAL,2719380511,483,2719380994,2719380994
2025-06-19 08:28:32,REAL,2719380994,482,2719381476,2719381476
2025-06-19 08:28:34,REAL,2719381476,481,2719381957,2719381957
2025-06-19 08:28:36,REAL,2719381957,481,2719382438,2719382438
2025-06-19 08:28:38,REAL,2719382438,485,2719382923,2719382923
2025-06-19 08:28:40,REAL,2719382923,486,2719383409,2719383409
2025-06-19 08:28:42,REAL,2719383409,493,2719383902,2719383902
2025-06-19 08:28:44,REAL,2719383902,477,2719384379,2719384379
2025-06-19 08:28:46,REAL,2719384379,488,2719384867,2719384867
2025-06-19 08:28:48,REAL,2719384867,488,2719385355,2719385355
2025-06-19 08:28:50,REAL,2719385355,482,2719385837,2719385837
2025-06-19 08:28:52,REAL,2719385837,487,2719386324,2719386324
2025-06-19 08:28:54,REAL,2719386324,483,2719386807,2719386807
2025-06-19 08:28:56,REAL,2719386807,540,2719387347,2719387347
2025-06-19 08:28:58,REAL,2719387347,492,2719387839,2719387839
2025-06-19 08:29:00,REAL,2719387839,483,2719388322,2719388322
2025-06-19 08:29:02,REAL,2719388322,475,2719388797,2719388797
2025-06-19 08:29:04,REAL,2719388797,490,2719389287,2719389287
2025-06-19 08:29:06,REAL,2719389287,478,2719389765,2719389765
2025-06-19 08:29:08,REAL,2719389765,540,2719390305,2719390305
2025-06-19 08:29:10,REAL,2719390305,484,2719390789,2719390789
2025-06-19 08:29:12,REAL,2719390789,487,2719391276,2719391276
2025-06-19 08:29:14,REAL,2719391276,492,2719391768,2719391768
2025-06-19 08:29:16,REAL,2719391768,480,2719392248,2719392248
2025-06-19 08:29:18,REAL,2719392248,484,2719392732,2719392732
2025-06-19 08:29:20,REAL,2719392732,490,2719393222,2719393222
2025-06-19 08:29:22,REAL,2719393222,475,2719393697,2719393697
2025-06-19 08:29:24,REAL,2719393697,488,2719394185,2719394185
2025-06-19 08:29:26,REAL,2719394185,483,2719394668,2719394668
2025-06-19 08:29:28,REAL,2719394668,545,2719395213,2719395213
2025-06-19 08:29:30,REAL,2719395213,486,2719395699,2719395699
2025-06-19 08:29:32,REAL,2719395699,488,2719396187,2719396187
2025-06-19 08:29:34,REAL,2719396187,486,2719396673,2719396673
2025-06-19 08:29:36,REAL,2719396673,483,2719397156,2719397156
2025-06-19 08:29:38,REAL,2719397156,484,2719397640,2719397640
2025-06-19 08:29:40,REAL,2719397640,484,2719398124,2719398124
2025-06-19 08:29:42,REAL,2719398124,481,2719398605,2719398605
2025-06-19 08:29:44,REAL,2719398605,481,2719399086,2719399086
2025-06-19 08:29:46,REAL,2719399086,482,2719399568,2719399568
2025-06-19 08:29:48,REAL,2719399568,482,2719400050,2719400050
2025-06-19 08:29:50,REAL,2719400050,479,2719400529,2719400529
2025-06-19 08:29:52,REAL,2719400529,487,2719401016,2719401016
2025-06-19 08:29:54,REAL,2719401016,483,2719401499,2719401499
2025-06-19 08:29:56,REAL,2719401499,485,2719401984,2719401984
2025-06-19 08:29:58,REAL,2719401984,538,2719402522,2719402522
2025-06-19 08:30:00,REAL,2719402522,483,2719403005,2719403005
2025-06-19 08:30:02,REAL,2719403005,476,2719403481,2719403481
2025-06-19 08:30:04,REAL,2719403481,545,2719404026,2719404026
2025-06-19 08:30:06,REAL,2719404026,8157,2719412183,2719412183
2025-06-19 08:30:08,REAL,2719412183,12831,2719425014,2719425014
2025-06-19 08:30:10,REAL,2719425014,10259,2719435273,2719435273
2025-06-19 08:30:12,REAL,2719435273,10311,2719445584,2719445584
2025-06-19 08:30:14,REAL,2719445584,10247,2719455831,2719455831
2025-06-19 08:30:16,REAL,2719455831,10316,2719466147,2719466147
2025-06-19 08:30:18,REAL,2719466147,10245,2719476392,2719476392
2025-06-19 08:30:20,REAL,2719476392,9593,2719485985,2719485985
2025-06-19 08:30:22,REAL,2719485985,478,2719486463,2719486463
2025-06-19 08:30:24,REAL,2719486463,545,2719487008,2719487008
2025-06-19 08:30:26,REAL,2719487008,481,2719487489,2719487489
2025-06-19 08:30:28,REAL,2719487489,491,2719487980,2719487980
2025-06-19 08:30:30,REAL,2719487980,481,2719488461,2719488461
2025-06-19 08:30:32,REAL,2719488461,488,2719488949,2719488949
2025-06-19 08:30:34,REAL,2719488949,490,2719489439,2719489439
2025-06-19 08:30:36,REAL,2719489439,482,2719489921,2719489921
2025-06-19 08:30:38,REAL,2719489921,484,2719490405,2719490405
2025-06-19 08:30:40,REAL,2719490405,536,2719490941,2719490941
2025-06-19 08:30:42,REAL,2719490941,480,2719491421,2719491421
2025-06-19 08:30:44,REAL,2719491421,482,2719491903,2719491903
2025-06-19 08:30:46,REAL,2719491903,483,2719492386,2719492386
2025-06-19 08:30:48,REAL,2719492386,539,2719492925,2719492925
2025-06-19 08:30:50,REAL,2719492925,485,2719493410,2719493410
2025-06-19 08:30:52,REAL,2719493410,482,2719493892,2719493892
2025-06-19 08:30:54,REAL,2719493892,484,2719494376,2719494376
2025-06-19 08:30:56,REAL,2719494376,477,2719494853,2719494853
2025-06-19 08:30:58,REAL,2719494853,477,2719495330,2719495330
2025-06-19 08:31:00,REAL,2719495330,479,2719495809,2719495809
2025-06-19 08:31:02,REAL,2719495809,484,2719496293,2719496293
2025-06-19 08:31:04,REAL,2719496293,238,2719496531,2719496531
2025-06-19 08:31:06,REAL,2719496531,723,2719497254,2719497254
2025-06-19 08:31:08,REAL,2719497254,241,2719497495,2719497495
2025-06-19 08:31:10,REAL,2719497495,478,2719497973,2719497973
2025-06-19 08:31:12,REAL,2719497973,488,2719498461,2719498461
2025-06-19 08:31:14,REAL,2719498461,546,2719499007,2719499007
2025-06-19 08:31:16,REAL,2719499007,536,2719499543,2719499543
2025-06-19 08:31:18,REAL,2719499543,484,2719500027,2719500027
2025-06-19 08:31:20,REAL,2719500027,476,2719500503,2719500503
2025-06-19 08:31:22,REAL,2719500503,487,2719500990,2719500990
2025-06-19 08:31:24,REAL,2719500990,490,2719501480,2719501480
2025-06-19 08:31:26,REAL,2719501480,491,2719501971,2719501971
2025-06-19 08:31:28,REAL,2719501971,485,2719502456,2719502456
2025-06-19 08:31:30,REAL,2719502456,478,2719502934,2719502934
2025-06-19 08:31:32,REAL,2719502934,490,2719503424,2719503424
2025-06-19 08:31:34,REAL,2719503424,489,2719503913,2719503913
2025-06-19 08:31:36,REAL,2719503913,481,2719504394,2719504394
2025-06-19 08:31:38,REAL,2719504394,547,2719504941,2719504941
2025-06-19 08:31:40,REAL,2719504941,484,2719505425,2719505425
2025-06-19 08:31:42,REAL,2719505425,483,2719505908,2719505908
2025-06-19 08:31:44,REAL,2719505908,482,2719506390,2719506390
2025-06-19 08:31:46,REAL,2719506390,486,2719506876,2719506876
2025-06-19 08:31:48,REAL,2719506876,479,2719507355,2719507355
2025-06-19 08:31:50,REAL,2719507355,491,2719507846,2719507846
2025-06-19 08:31:52,REAL,2719507846,539,2719508385,2719508385
2025-06-19 08:31:54,REAL,2719508385,483,2719508868,2719508868
2025-06-19 08:31:56,REAL,2719508868,491,2719509359,2719509359
2025-06-19 08:31:58,REAL,2719509359,477,2719509836,2719509836
2025-06-19 08:32:00,REAL,2719509836,485,2719510321,2719510321
2025-06-19 08:32:02,REAL,2719510321,4050,2719514371,2719514371
2025-06-19 08:32:04,REAL,2719514371,11504,2719525875,2719525875
2025-06-19 08:32:06,REAL,2719525875,10260,2719536135,2719536135
2025-06-19 08:32:08,REAL,2719536135,10250,2719546385,2719546385
2025-06-19 08:32:10,REAL,2719546385,10319,2719556704,2719556704
2025-06-19 08:32:12,REAL,2719556704,10245,2719566949,2719566949
2025-06-19 08:32:14,REAL,2719566949,10244,2719577193,2719577193
2025-06-19 08:32:16,REAL,2719577193,10247,2719587440,2719587440
2025-06-19 08:32:18,REAL,2719587440,2464,2719589904,2719589904
2025-06-19 08:32:20,REAL,2719589904,480,2719590384,2719590384
2025-06-19 08:32:22,REAL,2719590384,493,2719590877,2719590877
2025-06-19 08:32:24,REAL,2719590877,490,2719591367,2719591367
2025-06-19 08:32:26,REAL,2719591367,536,2719591903,2719591903
2025-06-19 08:32:28,REAL,2719591903,486,2719592389,2719592389
2025-06-19 08:32:30,REAL,2719592389,484,2719592873,2719592873
2025-06-19 08:32:32,REAL,2719592873,488,2719593361,2719593361
2025-06-19 08:32:34,REAL,2719593361,481,2719593842,2719593842
2025-06-19 08:32:36,REAL,2719593842,539,2719594381,2719594381
2025-06-19 08:32:38,REAL,2719594381,483,2719594864,2719594864
2025-06-19 08:32:40,REAL,2719594864,483,2719595347,2719595347
2025-06-19 08:32:42,REAL,2719595347,485,2719595832,2719595832
2025-06-19 08:32:44,REAL,2719595832,476,2719596308,2719596308
2025-06-19 08:32:46,REAL,2719596308,491,2719596799,2719596799
2025-06-19 08:32:48,REAL,2719596799,483,2719597282,2719597282
2025-06-19 08:32:50,REAL,2719597282,485,2719597767,2719597767
2025-06-19 08:32:52,REAL,2719597767,541,2719598308,2719598308
2025-06-19 08:32:54,REAL,2719598308,486,2719598794,2719598794
2025-06-19 08:32:56,REAL,2719598794,476,2719599270,2719599270
2025-06-19 08:32:58,REAL,2719599270,484,2719599754,2719599754
2025-06-19 08:33:00,REAL,2719599754,492,2719600246,2719600246
2025-06-19 08:33:02,REAL,2719600246,478,2719600724,2719600724
2025-06-19 08:33:04,REAL,2719600724,484,2719601208,2719601208
2025-06-19 08:33:06,REAL,2719601208,489,2719601697,2719601697
2025-06-19 08:33:08,REAL,2719601697,482,2719602179,2719602179
2025-06-19 08:33:10,REAL,2719602179,544,2719602723,2719602723
2025-06-19 08:33:12,REAL,2719602723,11983,2719614706,2719614706
2025-06-19 08:33:14,REAL,2719614706,10319,2719625025,2719625025
2025-06-19 08:33:16,REAL,2719625025,10309,2719635334,2719635334
2025-06-19 08:33:18,REAL,2719635334,10319,2719645653,2719645653
2025-06-19 08:33:20,REAL,2719645653,10262,2719655915,2719655915
2025-06-19 08:33:22,REAL,2719655915,10318,2719666233,2719666233
2025-06-19 08:33:24,REAL,2719666233,10249,2719676482,2719676482
2025-06-19 08:33:26,REAL,2719676482,6094,2719682576,2719682576
2025-06-19 08:33:28,REAL,2719682576,481,2719683057,2719683057
2025-06-19 08:33:30,REAL,2719683057,485,2719683542,2719683542
2025-06-19 08:33:32,REAL,2719683542,475,2719684017,2719684017
2025-06-19 08:33:34,REAL,2719684017,483,2719684500,2719684500
2025-06-19 08:33:36,REAL,2719684500,486,2719684986,2719684986
2025-06-19 08:33:38,REAL,2719684986,486,2719685472,2719685472
2025-06-19 08:33:40,REAL,2719685472,539,2719686011,2719686011
2025-06-19 08:33:42,REAL,2719686011,481,2719686492,2719686492
2025-06-19 08:33:44,REAL,2719686492,11587,2719698079,2719698079
2025-06-19 08:33:46,REAL,2719698079,10259,2719708338,2719708338
2025-06-19 08:33:48,REAL,2719708338,10323,2719718661,2719718661
2025-06-19 08:33:50,REAL,2719718661,10315,2719728976,2719728976
2025-06-19 08:33:52,REAL,2719728976,10319,2719739295,2719739295
2025-06-19 08:33:54,REAL,2719739295,10252,2719749547,2719749547
2025-06-19 08:33:56,REAL,2719749547,10319,2719759866,2719759866
2025-06-19 08:33:58,REAL,2719759866,5439,2719765305,2719765305
2025-06-19 08:34:00,REAL,2719765305,492,2719765797,2719765797
2025-06-19 08:34:02,REAL,2719765797,489,2719766286,2719766286
2025-06-19 08:34:04,REAL,2719766286,480,2719766766,2719766766
2025-06-19 08:34:06,REAL,2719766766,539,2719767305,2719767305
2025-06-19 08:34:08,REAL,2719767305,482,2719767787,2719767787
2025-06-19 08:34:10,REAL,2719767787,490,2719768277,2719768277
2025-06-19 08:34:12,REAL,2719768277,483,2719768760,2719768760
2025-06-19 08:34:14,REAL,2719768760,484,2719769244,2719769244
2025-06-19 08:34:16,REAL,2719769244,484,2719769728,2719769728
2025-06-19 08:34:18,REAL,2719769728,547,2719770275,2719770275
2025-06-19 08:34:20,REAL,2719770275,486,2719770761,2719770761
2025-06-19 08:34:22,REAL,2719770761,490,2719771251,2719771251
2025-06-19 08:34:24,REAL,2719771251,480,2719771731,2719771731
2025-06-19 08:34:26,REAL,2719771731,479,2719772210,2719772210
2025-06-19 08:34:28,REAL,2719772210,486,2719772696,2719772696
2025-06-19 08:34:30,REAL,2719772696,537,2719773233,2719773233
2025-06-19 08:34:32,REAL,2719773233,487,2719773720,2719773720
2025-06-19 08:34:34,REAL,2719773720,482,2719774202,2719774202
2025-06-19 08:34:36,REAL,2719774202,480,2719774682,2719774682
2025-06-19 08:34:38,REAL,2719774682,488,2719775170,2719775170
2025-06-19 08:34:40,REAL,2719775170,483,2719775653,2719775653
2025-06-19 08:34:42,REAL,2719775653,482,2719776135,2719776135
2025-06-19 08:34:44,REAL,2719776135,545,2719776680,2719776680
2025-06-19 08:34:46,REAL,2719776680,1875,2719778555,2719778555
2025-06-19 08:34:48,REAL,2719778555,11715,2719790270,2719790270
2025-06-19 08:34:50,REAL,2719790270,10318,2719800588,2719800588
2025-06-19 08:34:52,REAL,2719800588,10254,2719810842,2719810842
2025-06-19 08:34:54,REAL,2719810842,10245,2719821087,2719821087
2025-06-19 08:34:56,REAL,2719821087,10307,2719831394,2719831394
2025-06-19 08:34:58,REAL,2719831394,10252,2719841646,2719841646
2025-06-19 08:35:00,REAL,2719841646,10245,2719851891,2719851891
2025-06-19 08:35:02,REAL,2719851891,4180,2719856071,2719856071
2025-06-19 08:35:04,REAL,2719856071,480,2719856551,2719856551
2025-06-19 08:35:06,REAL,2719856551,481,2719857032,2719857032
2025-06-19 08:35:08,REAL,2719857032,483,2719857515,2719857515
2025-06-19 08:35:10,REAL,2719857515,483,2719857998,2719857998
2025-06-19 08:35:12,REAL,2719857998,545,2719858543,2719858543
2025-06-19 08:35:14,REAL,2719858543,489,2719859032,2719859032
2025-06-19 08:35:16,REAL,2719859032,484,2719859516,2719859516
2025-06-19 08:35:18,REAL,2719859516,2800,2719862316,2719862316
2025-06-19 08:35:20,REAL,2719862316,11901,2719874217,2719874217
2025-06-19 08:35:22,REAL,2719874217,10315,2719884532,2719884532
2025-06-19 08:35:24,REAL,2719884532,10311,2719894843,2719894843
2025-06-19 08:35:26,REAL,2719894843,10321,2719905164,2719905164
2025-06-19 08:35:28,REAL,2719905164,10252,2719915416,2719915416
2025-06-19 08:35:30,REAL,2719915416,10254,2719925670,2719925670
2025-06-19 08:35:32,REAL,2719925670,10318,2719935988,2719935988
2025-06-19 08:35:34,REAL,2719935988,3517,2719939505,2719939505
2025-06-19 08:35:36,REAL,2719939505,481,2719939986,2719939986
2025-06-19 08:35:38,REAL,2719939986,481,2719940467,2719940467
2025-06-19 08:35:40,REAL,2719940467,480,2719940947,2719940947
2025-06-19 08:35:42,REAL,2719940947,483,2719941430,2719941430
2025-06-19 08:35:44,REAL,2719941430,534,2719941964,2719941964
2025-06-19 08:35:46,REAL,2719941964,480,2719942444,2719942444
2025-06-19 08:35:48,REAL,2719942444,542,2719942986,2719942986
2025-06-19 08:35:50,REAL,2719942986,480,2719943466,2719943466
2025-06-19 08:35:52,REAL,2719943466,481,2719943947,2719943947
2025-06-19 08:35:54,REAL,2719943947,485,2719944432,2719944432
2025-06-19 08:35:56,REAL,2719944432,492,2719944924,2719944924
2025-06-19 08:35:58,REAL,2719944924,478,2719945402,2719945402
2025-06-19 08:36:00,REAL,2719945402,486,2719945888,2719945888
2025-06-19 08:36:02,REAL,2719945888,489,2719946377,2719946377
2025-06-19 08:36:04,REAL,2719946377,483,2719946860,2719946860
2025-06-19 08:36:06,REAL,2719946860,485,2719947345,2719947345
2025-06-19 08:36:08,REAL,2719947345,479,2719947824,2719947824
2025-06-19 08:36:10,REAL,2719947824,538,2719948362,2719948362
2025-06-19 08:36:12,REAL,2719948362,11977,2719960339,2719960339
2025-06-19 08:36:14,REAL,2719960339,11555,2719971894,2719971894
2025-06-19 08:36:16,REAL,2719971894,10256,2719982150,2719982150
2025-06-19 08:36:18,REAL,2719982150,10324,2719992474,2719992474
2025-06-19 08:36:20,REAL,2719992474,10250,2720002724,2720002724
2025-06-19 08:36:22,REAL,2720002724,10325,2720013049,2720013049
2025-06-19 08:36:24,REAL,2720013049,10248,2720023297,2720023297
2025-06-19 08:36:26,REAL,2720023297,7484,2720030781,2720030781
2025-06-19 08:36:28,REAL,2720030781,488,2720031269,2720031269
2025-06-19 08:36:30,REAL,2720031269,478,2720031747,2720031747
2025-06-19 08:36:32,REAL,2720031747,484,2720032231,2720032231
2025-06-19 08:36:34,REAL,2720032231,492,2720032723,2720032723
2025-06-19 08:36:36,REAL,2720032723,483,2720033206,2720033206
2025-06-19 08:36:38,REAL,2720033206,537,2720033743,2720033743
2025-06-19 08:36:40,REAL,2720033743,540,2720034283,2720034283
2025-06-19 08:36:42,REAL,2720034283,483,2720034766,2720034766
2025-06-19 08:36:44,REAL,2720034766,480,2720035246,2720035246
2025-06-19 08:36:46,REAL,2720035246,484,2720035730,2720035730
2025-06-19 08:36:48,REAL,2720035730,483,2720036213,2720036213
2025-06-19 08:36:50,REAL,2720036213,486,2720036699,2720036699
2025-06-19 08:36:52,REAL,2720036699,487,2720037186,2720037186
2025-06-19 08:36:54,REAL,2720037186,478,2720037664,2720037664
2025-06-19 08:36:56,REAL,2720037664,483,2720038147,2720038147
2025-06-19 08:36:58,REAL,2720038147,486,2720038633,2720038633
2025-06-19 08:37:00,REAL,2720038633,482,2720039115,2720039115
2025-06-19 08:37:02,REAL,2720039115,484,2720039599,2720039599
2025-06-19 08:37:04,REAL,2720039599,532,2720040131,2720040131
2025-06-19 08:37:06,REAL,2720040131,541,2720040672,2720040672
2025-06-19 08:37:08,REAL,2720040672,481,2720041153,2720041153
2025-06-19 08:37:10,REAL,2720041153,489,2720041642,2720041642
2025-06-19 08:37:12,REAL,2720041642,492,2720042134,2720042134
2025-06-19 08:37:14,REAL,2720042134,479,2720042613,2720042613
2025-06-19 08:37:16,REAL,2720042613,485,2720043098,2720043098
2025-06-19 08:37:18,REAL,2720043098,492,2720043590,2720043590
2025-06-19 08:37:20,REAL,2720043590,480,2720044070,2720044070
2025-06-19 08:37:22,REAL,2720044070,483,2720044553,2720044553
2025-06-19 08:37:24,REAL,2720044553,489,2720045042,2720045042
2025-06-19 08:37:26,REAL,2720045042,485,2720045527,2720045527
2025-06-19 08:37:28,REAL,2720045527,478,2720046005,2720046005
2025-06-19 08:37:30,REAL,2720046005,540,2720046545,2720046545
2025-06-19 08:37:32,REAL,2720046545,541,2720047086,2720047086
2025-06-19 08:37:34,REAL,2720047086,483,2720047569,2720047569
2025-06-19 08:37:36,REAL,2720047569,482,2720048051,2720048051
2025-06-19 08:37:38,REAL,2720048051,486,2720048537,2720048537
2025-06-19 08:37:40,REAL,2720048537,478,2720049015,2720049015
2025-06-19 08:37:42,REAL,2720049015,484,2720049499,2720049499
2025-06-19 08:37:44,REAL,2720049499,479,2720049978,2720049978
2025-06-19 08:37:46,REAL,2720049978,494,2720050472,2720050472
2025-06-19 08:37:48,REAL,2720050472,493,2720050965,2720050965
2025-06-19 08:37:50,REAL,2720050965,489,2720051454,2720051454
2025-06-19 08:37:52,REAL,2720051454,486,2720051940,2720051940
2025-06-19 08:37:54,REAL,2720051940,491,2720052431,2720052431
2025-06-19 08:37:56,REAL,2720052431,544,2720052975,2720052975
2025-06-19 08:37:58,REAL,2720052975,540,2720053515,2720053515
2025-06-19 08:38:00,REAL,2720053515,480,2720053995,2720053995
2025-06-19 08:38:02,REAL,2720053995,484,2720054479,2720054479
2025-06-19 08:38:04,REAL,2720054479,491,2720054970,2720054970
2025-06-19 08:38:06,REAL,2720054970,477,2720055447,2720055447
2025-06-19 08:38:08,REAL,2720055447,482,2720055929,2720055929
2025-06-19 08:38:10,REAL,2720055929,481,2720056410,2720056410
2025-06-19 08:38:12,REAL,2720056410,483,2720056893,2720056893
2025-06-19 08:38:14,REAL,2720056893,489,2720057382,2720057382
2025-06-19 08:38:16,REAL,2720057382,480,2720057862,2720057862
2025-06-19 08:38:18,REAL,2720057862,492,2720058354,2720058354
2025-06-19 08:38:20,REAL,2720058354,483,2720058837,2720058837
2025-06-19 08:38:22,REAL,2720058837,542,2720059379,2720059379
2025-06-19 08:38:24,REAL,2720059379,542,2720059921,2720059921
2025-06-19 08:38:26,REAL,2720059921,478,2720060399,2720060399
2025-06-19 08:38:28,REAL,2720060399,486,2720060885,2720060885
2025-06-19 08:38:30,REAL,2720060885,491,2720061376,2720061376
2025-06-19 08:38:32,REAL,2720061376,489,2720061865,2720061865
2025-06-19 08:38:34,REAL,2720061865,481,2720062346,2720062346
2025-06-19 08:38:36,REAL,2720062346,481,2720062827,2720062827
2025-06-19 08:38:38,REAL,2720062827,487,2720063314,2720063314
2025-06-19 08:38:40,REAL,2720063314,490,2720063804,2720063804
2025-06-19 08:38:42,REAL,2720063804,487,2720064291,2720064291
2025-06-19 08:38:44,REAL,2720064291,486,2720064777,2720064777
2025-06-19 08:38:46,REAL,2720064777,484,2720065261,2720065261
2025-06-19 08:38:48,REAL,2720065261,535,2720065796,2720065796
2025-06-19 08:38:50,REAL,2720065796,540,2720066336,2720066336
2025-06-19 08:38:52,REAL,2720066336,479,2720066815,2720066815
2025-06-19 08:38:54,REAL,2720066815,492,2720067307,2720067307
2025-06-19 08:38:56,REAL,2720067307,486,2720067793,2720067793
2025-06-19 08:38:58,REAL,2720067793,478,2720068271,2720068271
2025-06-19 08:39:00,REAL,2720068271,488,2720068759,2720068759
2025-06-19 08:39:02,REAL,2720068759,485,2720069244,2720069244
2025-06-19 08:39:04,REAL,2720069244,485,2720069729,2720069729
2025-06-19 08:39:06,REAL,2720069729,484,2720070213,2720070213
2025-06-19 08:39:08,REAL,2720070213,479,2720070692,2720070692
2025-06-19 08:39:10,REAL,2720070692,478,2720071170,2720071170
2025-06-19 08:39:12,REAL,2720071170,487,2720071657,2720071657
2025-06-19 08:39:14,REAL,2720071657,548,2720072205,2720072205
2025-06-19 08:39:16,REAL,2720072205,482,2720072687,2720072687
2025-06-19 08:39:18,REAL,2720072687,534,2720073221,2720073221
2025-06-19 08:39:20,REAL,2720073221,491,2720073712,2720073712
2025-06-19 08:39:22,REAL,2720073712,481,2720074193,2720074193
2025-06-19 08:39:24,REAL,2720074193,486,2720074679,2720074679
2025-06-19 08:39:26,REAL,2720074679,475,2720075154,2720075154
2025-06-19 08:39:28,REAL,2720075154,485,2720075639,2720075639
2025-06-19 08:39:30,REAL,2720075639,493,2720076132,2720076132
2025-06-19 08:39:32,REAL,2720076132,489,2720076621,2720076621
2025-06-19 08:39:34,REAL,2720076621,483,2720077104,2720077104
2025-06-19 08:39:36,REAL,2720077104,483,2720077587,2720077587
2025-06-19 08:39:38,REAL,2720077587,481,2720078068,2720078068
2025-06-19 08:39:40,REAL,2720078068,480,2720078548,2720078548
2025-06-19 08:39:42,REAL,2720078548,482,2720079030,2720079030
2025-06-19 08:39:44,REAL,2720079030,544,2720079574,2720079574
2025-06-19 08:39:46,REAL,2720079574,543,2720080117,2720080117
2025-06-19 08:39:48,REAL,2720080117,482,2720080599,2720080599
2025-06-19 08:39:50,REAL,2720080599,480,2720081079,2720081079
2025-06-19 08:39:52,REAL,2720081079,484,2720081563,2720081563
2025-06-19 08:39:54,REAL,2720081563,489,2720082052,2720082052
2025-06-19 08:39:56,REAL,2720082052,481,2720082533,2720082533
2025-06-19 08:39:58,REAL,2720082533,486,2720083019,2720083019
2025-06-19 08:40:00,REAL,2720083019,478,2720083497,2720083497
2025-06-19 08:40:02,REAL,2720083497,476,2720083973,2720083973
2025-06-19 08:40:04,REAL,2720083973,541,2720084514,2720084514
2025-06-19 08:40:06,REAL,2720084514,482,2720084996,2720084996
2025-06-19 08:40:08,REAL,2720084996,490,2720085486,2720085486
2025-06-19 08:40:10,REAL,2720085486,480,2720085966,2720085966
2025-06-19 08:40:12,REAL,2720085966,481,2720086447,2720086447
2025-06-19 08:40:14,REAL,2720086447,485,2720086932,2720086932
2025-06-19 08:40:16,REAL,2720086932,490,2720087422,2720087422
2025-06-19 08:40:18,REAL,2720087422,537,2720087959,2720087959
2025-06-19 08:40:20,REAL,2720087959,492,2720088451,2720088451
2025-06-19 08:40:22,REAL,2720088451,486,2720088937,2720088937
2025-06-19 08:40:24,REAL,2720088937,489,2720089426,2720089426
2025-06-19 08:40:26,REAL,2720089426,541,2720089967,2720089967
2025-06-19 08:40:28,REAL,2720089967,488,2720090455,2720090455
2025-06-19 08:40:30,REAL,2720090455,474,2720090929,2720090929
2025-06-19 08:40:32,REAL,2720090929,481,2720091410,2720091410
2025-06-19 08:40:34,REAL,2720091410,481,2720091891,2720091891
2025-06-19 08:40:36,REAL,2720091891,485,2720092376,2720092376
2025-06-19 08:40:38,REAL,2720092376,485,2720092861,2720092861
2025-06-19 08:40:40,REAL,2720092861,474,2720093335,2720093335
2025-06-19 08:40:42,REAL,2720093335,481,2720093816,2720093816
2025-06-19 08:40:44,REAL,2720093816,3331,2720097147,2720097147
2025-06-19 08:40:46,REAL,2720097147,11768,2720108915,2720108915
2025-06-19 08:40:48,REAL,2720108915,10312,2720119227,2720119227
2025-06-19 08:40:50,REAL,2720119227,10316,2720129543,2720129543
2025-06-19 08:40:52,REAL,2720129543,10249,2720139792,2720139792
2025-06-19 08:40:54,REAL,2720139792,10319,2720150111,2720150111
2025-06-19 08:40:56,REAL,2720150111,10252,2720160363,2720160363
2025-06-19 08:40:58,REAL,2720160363,10322,2720170685,2720170685
2025-06-19 08:41:00,REAL,2720170685,3124,2720173809,2720173809
2025-06-19 08:41:02,REAL,2720173809,479,2720174288,2720174288
2025-06-19 08:41:04,REAL,2720174288,478,2720174766,2720174766
2025-06-19 08:41:06,REAL,2720174766,541,2720175307,2720175307
2025-06-19 08:41:08,REAL,2720175307,478,2720175785,2720175785
2025-06-19 08:41:10,REAL,2720175785,493,2720176278,2720176278
2025-06-19 08:41:12,REAL,2720176278,486,2720176764,2720176764
2025-06-19 08:41:14,REAL,2720176764,484,2720177248,2720177248
2025-06-19 08:41:16,REAL,2720177248,483,2720177731,2720177731
2025-06-19 08:41:18,REAL,2720177731,485,2720178216,2720178216
2025-06-19 08:41:20,REAL,2720178216,535,2720178751,2720178751
2025-06-19 08:41:22,REAL,2720178751,484,2720179235,2720179235
2025-06-19 08:41:24,REAL,2720179235,479,2720179714,2720179714
2025-06-19 08:41:26,REAL,2720179714,543,2720180257,2720180257
2025-06-19 08:41:28,REAL,2720180257,480,2720180737,2720180737
2025-06-19 08:41:30,REAL,2720180737,484,2720181221,2720181221
2025-06-19 08:41:32,REAL,2720181221,479,2720181700,2720181700
2025-06-19 08:41:34,REAL,2720181700,485,2720182185,2720182185
2025-06-19 08:41:36,REAL,2720182185,485,2720182670,2720182670
2025-06-19 08:41:38,REAL,2720182670,9402,2720192072,2720192072
2025-06-19 08:41:40,REAL,2720192072,10446,2720202518,2720202518
2025-06-19 08:41:42,REAL,2720202518,10326,2720212844,2720212844
2025-06-19 08:41:44,REAL,2720212844,10260,2720223104,2720223104
2025-06-19 08:41:46,REAL,2720223104,10317,2720233421,2720233421
2025-06-19 08:41:48,REAL,2720233421,10255,2720243676,2720243676
2025-06-19 08:41:50,REAL,2720243676,10255,2720253931,2720253931
2025-06-19 08:41:52,REAL,2720253931,7276,2720261207,2720261207
2025-06-19 08:41:54,REAL,2720261207,480,2720261687,2720261687
2025-06-19 08:41:56,REAL,2720261687,485,2720262172,2720262172
2025-06-19 08:41:58,REAL,2720262172,4714,2720266886,2720266886
2025-06-19 08:42:00,REAL,2720266886,13025,2720279911,2720279911
2025-06-19 08:42:02,REAL,2720279911,10247,2720290158,2720290158
2025-06-19 08:42:04,REAL,2720290158,10254,2720300412,2720300412
2025-06-19 08:42:06,REAL,2720300412,10314,2720310726,2720310726
2025-06-19 08:42:08,REAL,2720310726,10246,2720320972,2720320972
2025-06-19 08:42:10,REAL,2720320972,10254,2720331226,2720331226
2025-06-19 08:42:12,REAL,2720331226,10249,2720341475,2720341475
2025-06-19 08:42:14,REAL,2720341475,2007,2720343482,2720343482
2025-06-19 08:42:16,REAL,2720343482,482,2720343964,2720343964
2025-06-19 08:42:18,REAL,2720343964,483,2720344447,2720344447
2025-06-19 08:42:20,REAL,2720344447,549,2720344996,2720344996
2025-06-19 08:42:22,REAL,2720344996,540,2720345536,2720345536
2025-06-19 08:42:24,REAL,2720345536,482,2720346018,2720346018
2025-06-19 08:42:26,REAL,2720346018,478,2720346496,2720346496
2025-06-19 08:42:28,REAL,2720346496,478,2720346974,2720346974
2025-06-19 08:42:30,REAL,2720346974,489,2720347463,2720347463
2025-06-19 08:42:32,REAL,2720347463,483,2720347946,2720347946
2025-06-19 08:42:34,REAL,2720347946,479,2720348425,2720348425
2025-06-19 08:42:36,REAL,2720348425,489,2720348914,2720348914
2025-06-19 08:42:38,REAL,2720348914,488,2720349402,2720349402
2025-06-19 08:42:40,REAL,2720349402,536,2720349938,2720349938
2025-06-19 08:42:42,REAL,2720349938,489,2720350427,2720350427
2025-06-19 08:42:44,REAL,2720350427,483,2720350910,2720350910
2025-06-19 08:42:46,REAL,2720350910,484,2720351394,2720351394
2025-06-19 08:42:48,REAL,2720351394,478,2720351872,2720351872
2025-06-19 08:42:50,REAL,2720351872,486,2720352358,2720352358
2025-06-19 08:42:52,REAL,2720352358,482,2720352840,2720352840
2025-06-19 08:42:54,REAL,2720352840,484,2720353324,2720353324
2025-06-19 08:42:56,REAL,2720353324,544,2720353868,2720353868
2025-06-19 08:42:58,REAL,2720353868,479,2720354347,2720354347
2025-06-19 08:43:00,REAL,2720354347,483,2720354830,2720354830
2025-06-19 08:43:02,REAL,2720354830,537,2720355367,2720355367
2025-06-19 08:43:04,REAL,2720355367,479,2720355846,2720355846
2025-06-19 08:43:06,REAL,2720355846,481,2720356327,2720356327
2025-06-19 08:43:08,REAL,2720356327,488,2720356815,2720356815
2025-06-19 08:43:10,REAL,2720356815,491,2720357306,2720357306
2025-06-19 08:43:12,REAL,2720357306,487,2720357793,2720357793
2025-06-19 08:43:14,REAL,2720357793,483,2720358276,2720358276
2025-06-19 08:43:16,REAL,2720358276,484,2720358760,2720358760
2025-06-19 08:43:18,REAL,2720358760,482,2720359242,2720359242
2025-06-19 08:43:20,REAL,2720359242,481,2720359723,2720359723
2025-06-19 08:43:22,REAL,2720359723,546,2720360269,2720360269
2025-06-19 08:43:24,REAL,2720360269,482,2720360751,2720360751
2025-06-19 08:43:26,REAL,2720360751,481,2720361232,2720361232
2025-06-19 08:43:28,REAL,2720361232,542,2720361774,2720361774
2025-06-19 08:43:30,REAL,2720361774,484,2720362258,2720362258
2025-06-19 08:43:32,REAL,2720362258,481,2720362739,2720362739
2025-06-19 08:43:34,REAL,2720362739,484,2720363223,2720363223
2025-06-19 08:43:36,REAL,2720363223,487,2720363710,2720363710
2025-06-19 08:43:38,REAL,2720363710,485,2720364195,2720364195
2025-06-19 08:43:40,REAL,2720364195,486,2720364681,2720364681
2025-06-19 08:43:42,REAL,2720364681,485,2720365166,2720365166
2025-06-19 08:43:44,REAL,2720365166,542,2720365708,2720365708
2025-06-19 08:43:46,REAL,2720365708,477,2720366185,2720366185
2025-06-19 08:43:48,REAL,2720366185,478,2720366663,2720366663
2025-06-19 08:43:50,REAL,2720366663,484,2720367147,2720367147
2025-06-19 08:43:52,REAL,2720367147,481,2720367628,2720367628
2025-06-19 08:43:54,REAL,2720367628,484,2720368112,2720368112
2025-06-19 08:43:56,REAL,2720368112,485,2720368597,2720368597
2025-06-19 08:43:58,REAL,2720368597,541,2720369138,2720369138
2025-06-19 08:44:00,REAL,2720369138,488,2720369626,2720369626
2025-06-19 08:44:02,REAL,2720369626,493,2720370119,2720370119
2025-06-19 08:44:04,REAL,2720370119,537,2720370656,2720370656
2025-06-19 08:44:06,REAL,2720370656,482,2720371138,2720371138
2025-06-19 08:44:08,REAL,2720371138,486,2720371624,2720371624
2025-06-19 08:44:10,REAL,2720371624,488,2720372112,2720372112
2025-06-19 08:44:12,REAL,2720372112,482,2720372594,2720372594
2025-06-19 08:44:14,REAL,2720372594,488,2720373082,2720373082
2025-06-19 08:44:16,REAL,2720373082,486,2720373568,2720373568
2025-06-19 08:44:18,REAL,2720373568,485,2720374053,2720374053
2025-06-19 08:44:20,REAL,2720374053,483,2720374536,2720374536
2025-06-19 08:44:22,REAL,2720374536,480,2720375016,2720375016
2025-06-19 08:44:24,REAL,2720375016,488,2720375504,2720375504
2025-06-19 08:44:26,REAL,2720375504,550,2720376054,2720376054
2025-06-19 08:44:28,REAL,2720376054,479,2720376533,2720376533
2025-06-19 08:44:30,REAL,2720376533,533,2720377066,2720377066
2025-06-19 08:44:32,REAL,2720377066,488,2720377554,2720377554
2025-06-19 08:44:34,REAL,2720377554,479,2720378033,2720378033
2025-06-19 08:44:36,REAL,2720378033,486,2720378519,2720378519
2025-06-19 08:44:38,REAL,2720378519,478,2720378997,2720378997
2025-06-19 08:44:40,REAL,2720378997,488,2720379485,2720379485
2025-06-19 08:44:42,REAL,2720379485,484,2720379969,2720379969
2025-06-19 08:44:44,REAL,2720379969,483,2720380452,2720380452
2025-06-19 08:44:46,REAL,2720380452,478,2720380930,2720380930
2025-06-19 08:44:48,REAL,2720380930,485,2720381415,2720381415
2025-06-19 08:44:50,REAL,2720381415,479,2720381894,2720381894
2025-06-19 08:44:52,REAL,2720381894,534,2720382428,2720382428
2025-06-19 08:44:54,REAL,2720382428,488,2720382916,2720382916
2025-06-19 08:44:56,REAL,2720382916,486,2720383402,2720383402
2025-06-19 08:44:58,REAL,2720383402,476,2720383878,2720383878
2025-06-19 08:45:00,REAL,2720383878,483,2720384361,2720384361
2025-06-19 08:45:02,REAL,2720384361,476,2720384837,2720384837
2025-06-19 08:45:04,REAL,2720384837,479,2720385316,2720385316
2025-06-19 08:45:06,REAL,2720385316,550,2720385866,2720385866
2025-06-19 08:45:08,REAL,2720385866,487,2720386353,2720386353
2025-06-19 08:45:10,REAL,2720386353,488,2720386841,2720386841
2025-06-19 08:45:12,REAL,2720386841,490,2720387331,2720387331
2025-06-19 08:45:14,REAL,2720387331,3250,2720390581,2720390581
2025-06-19 08:45:16,REAL,2720390581,11700,2720402281,2720402281
2025-06-19 08:45:18,REAL,2720402281,10314,2720412595,2720412595
2025-06-19 08:45:20,REAL,2720412595,10245,2720422840,2720422840
2025-06-19 08:45:22,REAL,2720422840,10314,2720433154,2720433154
2025-06-19 08:45:24,REAL,2720433154,10251,2720443405,2720443405
2025-06-19 08:45:26,REAL,2720443405,10328,2720453733,2720453733
2025-06-19 08:45:28,REAL,2720453733,10321,2720464054,2720464054
2025-06-19 08:45:30,REAL,2720464054,2987,2720467041,2720467041
2025-06-19 08:45:32,REAL,2720467041,488,2720467529,2720467529
2025-06-19 08:45:34,REAL,2720467529,479,2720468008,2720468008
2025-06-19 08:45:36,REAL,2720468008,536,2720468544,2720468544
2025-06-19 08:45:38,REAL,2720468544,490,2720469034,2720469034
2025-06-19 08:45:40,REAL,2720469034,476,2720469510,2720469510
2025-06-19 08:45:42,REAL,2720469510,485,2720469995,2720469995
2025-06-19 08:45:44,REAL,2720469995,491,2720470486,2720470486
2025-06-19 08:45:46,REAL,2720470486,486,2720470972,2720470972
2025-06-19 08:45:48,REAL,2720470972,491,2720471463,2720471463
2025-06-19 08:45:50,REAL,2720471463,486,2720471949,2720471949
2025-06-19 08:45:52,REAL,2720471949,489,2720472438,2720472438
2025-06-19 08:45:54,REAL,2720472438,534,2720472972,2720472972
2025-06-19 08:45:56,REAL,2720472972,485,2720473457,2720473457
2025-06-19 08:45:58,REAL,2720473457,483,2720473940,2720473940
2025-06-19 08:46:00,REAL,2720473940,546,2720474486,2720474486
2025-06-19 08:46:02,REAL,2720474486,485,2720474971,2720474971
2025-06-19 08:46:04,REAL,2720474971,493,2720475464,2720475464
2025-06-19 08:46:06,REAL,2720475464,485,2720475949,2720475949
2025-06-19 08:46:08,REAL,2720475949,485,2720476434,2720476434
2025-06-19 08:46:10,REAL,2720476434,487,2720476921,2720476921
2025-06-19 08:46:12,REAL,2720476921,484,2720477405,2720477405
2025-06-19 08:46:14,REAL,2720477405,477,2720477882,2720477882
2025-06-19 08:46:16,REAL,2720477882,480,2720478362,2720478362
2025-06-19 08:46:18,REAL,2720478362,485,2720478847,2720478847
2025-06-19 08:46:20,REAL,2720478847,490,2720479337,2720479337
2025-06-19 08:46:22,REAL,2720479337,547,2720479884,2720479884
2025-06-19 08:46:24,REAL,2720479884,483,2720480367,2720480367
2025-06-19 08:46:26,REAL,2720480367,487,2720480854,2720480854
2025-06-19 08:46:28,REAL,2720480854,484,2720481338,2720481338
2025-06-19 08:46:30,REAL,2720481338,477,2720481815,2720481815
2025-06-19 08:46:32,REAL,2720481815,485,2720482300,2720482300
2025-06-19 08:46:34,REAL,2720482300,543,2720482843,2720482843
2025-06-19 08:46:36,REAL,2720482843,481,2720483324,2720483324
2025-06-19 08:46:38,REAL,2720483324,475,2720483799,2720483799
2025-06-19 08:46:40,REAL,2720483799,475,2720484274,2720484274
2025-06-19 08:46:42,REAL,2720484274,483,2720484757,2720484757
2025-06-19 08:46:44,REAL,2720484757,481,2720485238,2720485238
2025-06-19 08:46:46,REAL,2720485238,537,2720485775,2720485775
2025-06-19 08:46:48,REAL,2720485775,479,2720486254,2720486254
2025-06-19 08:46:50,REAL,2720486254,479,2720486733,2720486733
2025-06-19 08:46:52,REAL,2720486733,492,2720487225,2720487225
2025-06-19 08:46:54,REAL,2720487225,481,2720487706,2720487706
2025-06-19 08:46:56,REAL,2720487706,483,2720488189,2720488189
2025-06-19 08:46:58,REAL,2720488189,483,2720488672,2720488672
2025-06-19 08:47:00,REAL,2720488672,484,2720489156,2720489156
2025-06-19 08:47:02,REAL,2720489156,476,2720489632,2720489632
2025-06-19 08:47:04,REAL,2720489632,488,2720490120,2720490120
2025-06-19 08:47:06,REAL,2720490120,5909,2720496029,2720496029
2025-06-19 08:47:08,REAL,2720496029,11236,2720507265,2720507265
2025-06-19 08:47:10,REAL,2720507265,10312,2720517577,2720517577
2025-06-19 08:47:12,REAL,2720517577,10255,2720527832,2720527832
2025-06-19 08:47:14,REAL,2720527832,11238,2720539070,2720539070
2025-06-19 08:47:16,REAL,2720539070,9321,2720548391,2720548391
2025-06-19 08:47:18,REAL,2720548391,10323,2720558714,2720558714
2025-06-19 08:47:20,REAL,2720558714,10252,2720568966,2720568966
2025-06-19 08:47:22,REAL,2720568966,884,2720569850,2720569850
2025-06-19 08:47:24,REAL,2720569850,486,2720570336,2720570336
2025-06-19 08:47:26,REAL,2720570336,478,2720570814,2720570814
2025-06-19 08:47:28,REAL,2720570814,490,2720571304,2720571304
2025-06-19 08:47:30,REAL,2720571304,542,2720571846,2720571846
2025-06-19 08:47:32,REAL,2720571846,486,2720572332,2720572332
2025-06-19 08:47:34,REAL,2720572332,490,2720572822,2720572822
2025-06-19 08:47:36,REAL,2720572822,482,2720573304,2720573304
2025-06-19 08:47:38,REAL,2720573304,6632,2720579936,2720579936
2025-06-19 08:47:40,REAL,2720579936,11322,2720591258,2720591258
2025-06-19 08:47:42,REAL,2720591258,10259,2720601517,2720601517
2025-06-19 08:47:44,REAL,2720601517,10252,2720611769,2720611769
2025-06-19 08:47:46,REAL,2720611769,10005,2720621774,2720621774
2025-06-19 08:47:48,REAL,2720621774,10316,2720632090,2720632090
2025-06-19 08:47:50,REAL,2720632090,10253,2720642343,2720642343
2025-06-19 08:47:52,REAL,2720642343,10043,2720652386,2720652386
2025-06-19 08:47:54,REAL,2720652386,482,2720652868,2720652868
2025-06-19 08:47:56,REAL,2720652868,488,2720653356,2720653356
2025-06-19 08:47:58,REAL,2720653356,480,2720653836,2720653836
2025-06-19 08:48:00,REAL,2720653836,488,2720654324,2720654324
2025-06-19 08:48:02,REAL,2720654324,480,2720654804,2720654804
2025-06-19 08:48:04,REAL,2720654804,477,2720655281,2720655281
2025-06-19 08:48:06,REAL,2720655281,489,2720655770,2720655770
2025-06-19 08:48:08,REAL,2720655770,477,2720656247,2720656247
2025-06-19 08:48:10,REAL,2720656247,7163,2720663410,2720663410
2025-06-19 08:48:12,REAL,2720663410,11115,2720674525,2720674525
2025-06-19 08:48:14,REAL,2720674525,10318,2720684843,2720684843
2025-06-19 08:48:16,REAL,2720684843,10311,2720695154,2720695154
2025-06-19 08:48:18,REAL,2720695154,10258,2720705412,2720705412
2025-06-19 08:48:20,REAL,2720705412,10253,2720715665,2720715665
2025-06-19 08:48:22,REAL,2720715665,10321,2720725986,2720725986
2025-06-19 08:48:24,REAL,2720725986,9403,2720735389,2720735389
2025-06-19 08:48:26,REAL,2720735389,492,2720735881,2720735881
2025-06-19 08:48:28,REAL,2720735881,484,2720736365,2720736365
2025-06-19 08:48:30,REAL,2720736365,483,2720736848,2720736848
2025-06-19 08:48:32,REAL,2720736848,493,2720737341,2720737341
2025-06-19 08:48:34,REAL,2720737341,487,2720737828,2720737828
2025-06-19 08:48:36,REAL,2720737828,476,2720738304,2720738304
2025-06-19 08:48:38,REAL,2720738304,543,2720738847,2720738847
2025-06-19 08:48:40,REAL,2720738847,484,2720739331,2720739331
2025-06-19 08:48:42,REAL,2720739331,8152,2720747483,2720747483
2025-06-19 08:48:44,REAL,2720747483,10907,2720758390,2720758390
2025-06-19 08:48:46,REAL,2720758390,10325,2720768715,2720768715
2025-06-19 08:48:48,REAL,2720768715,10250,2720778965,2720778965
2025-06-19 08:48:50,REAL,2720778965,10321,2720789286,2720789286
2025-06-19 08:48:52,REAL,2720789286,10316,2720799602,2720799602
2025-06-19 08:48:54,REAL,2720799602,10323,2720809925,2720809925
2025-06-19 08:48:56,REAL,2720809925,8731,2720818656,2720818656
2025-06-19 08:48:58,REAL,2720818656,488,2720819144,2720819144
2025-06-19 08:49:00,REAL,2720819144,537,2720819681,2720819681
2025-06-19 08:49:02,REAL,2720819681,484,2720820165,2720820165
2025-06-19 08:49:04,REAL,2720820165,485,2720820650,2720820650
2025-06-19 08:49:06,REAL,2720820650,490,2720821140,2720821140
2025-06-19 08:49:08,REAL,2720821140,489,2720821629,2720821629
2025-06-19 08:49:10,REAL,2720821629,486,2720822115,2720822115
2025-06-19 08:49:12,REAL,2720822115,488,2720822603,2720822603
2025-06-19 08:49:14,REAL,2720822603,490,2720823093,2720823093
2025-06-19 08:49:16,REAL,2720823093,484,2720823577,2720823577
2025-06-19 08:49:18,REAL,2720823577,483,2720824060,2720824060
2025-06-19 08:49:20,REAL,2720824060,489,2720824549,2720824549
2025-06-19 08:49:22,REAL,2720824549,543,2720825092,2720825092
2025-06-19 08:49:24,REAL,2720825092,537,2720825629,2720825629
2025-06-19 08:49:26,REAL,2720825629,483,2720826112,2720826112
2025-06-19 08:49:28,REAL,2720826112,479,2720826591,2720826591
2025-06-19 08:49:30,REAL,2720826591,481,2720827072,2720827072
2025-06-19 08:49:32,REAL,2720827072,479,2720827551,2720827551
2025-06-19 08:49:34,REAL,2720827551,483,2720828034,2720828034
2025-06-19 08:49:36,REAL,2720828034,475,2720828509,2720828509
2025-06-19 08:49:38,REAL,2720828509,493,2720829002,2720829002
2025-06-19 08:49:40,REAL,2720829002,485,2720829487,2720829487
2025-06-19 08:49:42,REAL,2720829487,487,2720829974,2720829974
2025-06-19 08:49:44,REAL,2720829974,488,2720830462,2720830462
2025-06-19 08:49:46,REAL,2720830462,487,2720830949,2720830949
2025-06-19 08:49:48,REAL,2720830949,482,2720831431,2720831431
2025-06-19 08:49:50,REAL,2720831431,480,2720831911,2720831911
2025-06-19 08:49:52,REAL,2720831911,493,2720832404,2720832404
2025-06-19 08:49:54,REAL,2720832404,480,2720832884,2720832884
2025-06-19 08:49:56,REAL,2720832884,478,2720833362,2720833362
2025-06-19 08:49:58,REAL,2720833362,481,2720833843,2720833843
2025-06-19 08:50:00,REAL,2720833843,484,2720834327,2720834327
2025-06-19 08:50:02,REAL,2720834327,482,2720834809,2720834809
2025-06-19 08:50:04,REAL,2720834809,589,2720835398,2720835398
2025-06-19 08:50:06,REAL,2720835398,481,2720835879,2720835879
2025-06-19 08:50:08,REAL,2720835879,487,2720836366,2720836366
2025-06-19 08:50:10,REAL,2720836366,480,2720836846,2720836846
2025-06-19 08:50:12,REAL,2720836846,494,2720837340,2720837340
2025-06-19 08:50:14,REAL,2720837340,486,2720837826,2720837826
2025-06-19 08:50:16,REAL,2720837826,485,2720838311,2720838311
2025-06-19 08:50:18,REAL,2720838311,483,2720838794,2720838794
2025-06-19 08:50:20,REAL,2720838794,488,2720839282,2720839282
2025-06-19 08:50:22,REAL,2720839282,494,2720839776,2720839776
2025-06-19 08:50:24,REAL,2720839776,494,2720840270,2720840270
2025-06-19 08:50:26,REAL,2720840270,485,2720840755,2720840755
2025-06-19 08:50:28,REAL,2720840755,478,2720841233,2720841233
2025-06-19 08:50:30,REAL,2720841233,486,2720841719,2720841719
2025-06-19 08:50:32,REAL,2720841719,541,2720842260,2720842260
2025-06-19 08:50:34,REAL,2720842260,477,2720842737,2720842737
2025-06-19 08:50:36,REAL,2720842737,482,2720843219,2720843219
2025-06-19 08:50:38,REAL,2720843219,485,2720843704,2720843704
2025-06-19 08:50:40,REAL,2720843704,482,2720844186,2720844186
2025-06-19 08:50:42,REAL,2720844186,481,2720844667,2720844667
2025-06-19 08:50:44,REAL,2720844667,542,2720845209,2720845209
2025-06-19 08:50:46,REAL,2720845209,480,2720845689,2720845689
2025-06-19 08:50:48,REAL,2720845689,484,2720846173,2720846173
2025-06-19 08:50:50,REAL,2720846173,487,2720846660,2720846660
2025-06-19 08:50:52,REAL,2720846660,490,2720847150,2720847150
2025-06-19 08:50:54,REAL,2720847150,483,2720847633,2720847633
2025-06-19 08:50:56,REAL,2720847633,483,2720848116,2720848116
2025-06-19 08:50:58,REAL,2720848116,544,2720848660,2720848660
2025-06-19 08:51:00,REAL,2720848660,480,2720849140,2720849140
2025-06-19 08:51:02,REAL,2720849140,487,2720849627,2720849627
2025-06-19 08:51:04,REAL,2720849627,480,2720850107,2720850107
2025-06-19 08:51:06,REAL,2720850107,483,2720850590,2720850590
2025-06-19 08:51:08,REAL,2720850590,490,2720851080,2720851080
2025-06-19 08:51:10,REAL,2720851080,486,2720851566,2720851566
2025-06-19 08:51:12,REAL,2720851566,478,2720852044,2720852044
2025-06-19 08:51:14,REAL,2720852044,479,2720852523,2720852523
2025-06-19 08:51:16,REAL,2720852523,482,2720853005,2720853005
2025-06-19 08:51:18,REAL,2720853005,487,2720853492,2720853492
2025-06-19 08:51:20,REAL,2720853492,476,2720853968,2720853968
2025-06-19 08:51:22,REAL,2720853968,484,2720854452,2720854452
2025-06-19 08:51:24,REAL,2720854452,542,2720854994,2720854994
2025-06-19 08:51:26,REAL,2720854994,478,2720855472,2720855472
2025-06-19 08:51:28,REAL,2720855472,535,2720856007,2720856007
2025-06-19 08:51:30,REAL,2720856007,482,2720856489,2720856489
2025-06-19 08:51:32,REAL,2720856489,482,2720856971,2720856971
2025-06-19 08:51:34,REAL,2720856971,479,2720857450,2720857450
2025-06-19 08:51:36,REAL,2720857450,480,2720857930,2720857930
2025-06-19 08:51:38,REAL,2720857930,490,2720858420,2720858420
2025-06-19 08:51:40,REAL,2720858420,488,2720858908,2720858908
2025-06-19 08:51:42,REAL,2720858908,490,2720859398,2720859398
2025-06-19 08:51:44,REAL,2720859398,490,2720859888,2720859888
2025-06-19 08:51:46,REAL,2720859888,481,2720860369,2720860369
2025-06-19 08:51:48,REAL,2720860369,489,2720860858,2720860858
2025-06-19 08:51:50,REAL,2720860858,534,2720861392,2720861392
2025-06-19 08:51:52,REAL,2720861392,484,2720861876,2720861876
2025-06-19 08:51:54,REAL,2720861876,488,2720862364,2720862364
2025-06-19 08:51:56,REAL,2720862364,479,2720862843,2720862843
2025-06-19 08:51:58,REAL,2720862843,479,2720863322,2720863322
2025-06-19 08:52:00,REAL,2720863322,481,2720863803,2720863803
2025-06-19 08:52:02,REAL,2720863803,482,2720864285,2720864285
2025-06-19 08:52:04,REAL,2720864285,482,2720864767,2720864767
2025-06-19 08:52:06,REAL,2720864767,477,2720865244,2720865244
2025-06-19 08:52:08,REAL,2720865244,483,2720865727,2720865727
2025-06-19 08:52:10,REAL,2720865727,544,2720866271,2720866271
2025-06-19 08:52:12,REAL,2720866271,490,2720866761,2720866761
2025-06-19 08:52:14,REAL,2720866761,478,2720867239,2720867239
2025-06-19 08:52:16,REAL,2720867239,488,2720867727,2720867727
2025-06-19 08:52:18,REAL,2720867727,540,2720868267,2720868267
2025-06-19 08:52:20,REAL,2720868267,483,2720868750,2720868750
2025-06-19 08:52:22,REAL,2720868750,486,2720869236,2720869236
2025-06-19 08:52:24,REAL,2720869236,484,2720869720,2720869720
2025-06-19 08:52:26,REAL,2720869720,474,2720870194,2720870194
2025-06-19 08:52:28,REAL,2720870194,484,2720870678,2720870678
2025-06-19 08:52:30,REAL,2720870678,486,2720871164,2720871164
2025-06-19 08:52:32,REAL,2720871164,483,2720871647,2720871647
2025-06-19 08:52:34,REAL,2720871647,485,2720872132,2720872132
2025-06-19 08:52:36,REAL,2720872132,478,2720872610,2720872610
2025-06-19 08:52:38,REAL,2720872610,481,2720873091,2720873091
2025-06-19 08:52:40,REAL,2720873091,487,2720873578,2720873578
2025-06-19 08:52:42,REAL,2720873578,480,2720874058,2720874058
2025-06-19 08:52:44,REAL,2720874058,540,2720874598,2720874598
2025-06-19 08:52:46,REAL,2720874598,478,2720875076,2720875076
2025-06-19 08:52:48,REAL,2720875076,482,2720875558,2720875558
2025-06-19 08:52:50,REAL,2720875558,479,2720876037,2720876037
2025-06-19 08:52:52,REAL,2720876037,486,2720876523,2720876523
2025-06-19 08:52:54,REAL,2720876523,540,2720877063,2720877063
2025-06-19 08:52:56,REAL,2720877063,484,2720877547,2720877547
2025-06-19 08:52:58,REAL,2720877547,491,2720878038,2720878038
2025-06-19 08:53:00,REAL,2720878038,487,2720878525,2720878525
2025-06-19 08:53:02,REAL,2720878525,482,2720879007,2720879007
2025-06-19 08:53:04,REAL,2720879007,474,2720879481,2720879481
2025-06-19 08:53:06,REAL,2720879481,483,2720879964,2720879964
2025-06-19 08:53:08,REAL,2720879964,479,2720880443,2720880443
2025-06-19 08:53:10,REAL,2720880443,541,2720880984,2720880984
2025-06-19 08:53:12,REAL,2720880984,8483,2720889467,2720889467
2025-06-19 08:53:14,REAL,2720889467,10653,2720900120,2720900120
2025-06-19 08:53:16,REAL,2720900120,10250,2720910370,2720910370
2025-06-19 08:53:18,REAL,2720910370,10255,2720920625,2720920625
2025-06-19 08:53:20,REAL,2720920625,10312,2720930937,2720930937
2025-06-19 08:53:22,REAL,2720930937,10256,2720941193,2720941193
2025-06-19 08:53:24,REAL,2720941193,10250,2720951443,2720951443
2025-06-19 08:53:26,REAL,2720951443,8734,2720960177,2720960177
2025-06-19 08:53:28,REAL,2720960177,494,2720960671,2720960671
2025-06-19 08:53:30,REAL,2720960671,481,2720961152,2720961152
2025-06-19 08:53:32,REAL,2720961152,487,2720961639,2720961639
2025-06-19 08:53:34,REAL,2720961639,482,2720962121,2720962121
2025-06-19 08:53:36,REAL,2720962121,541,2720962662,2720962662
2025-06-19 08:53:38,REAL,2720962662,540,2720963202,2720963202
2025-06-19 08:53:40,REAL,2720963202,484,2720963686,2720963686
2025-06-19 08:53:42,REAL,2720963686,482,2720964168,2720964168
2025-06-19 08:53:44,REAL,2720964168,9138,2720973306,2720973306
2025-06-19 08:53:46,REAL,2720973306,10588,2720983894,2720983894
2025-06-19 08:53:48,REAL,2720983894,10315,2720994209,2720994209
2025-06-19 08:53:50,REAL,2720994209,10255,2721004464,2721004464
2025-06-19 08:53:52,REAL,2721004464,10249,2721014713,2721014713
2025-06-19 08:53:54,REAL,2721014713,10326,2721025039,2721025039
2025-06-19 08:53:56,REAL,2721025039,10245,2721035284,2721035284
2025-06-19 08:53:58,REAL,2721035284,8138,2721043422,2721043422
2025-06-19 08:54:00,REAL,2721043422,480,2721043902,2721043902
2025-06-19 08:54:02,REAL,2721043902,488,2721044390,2721044390
2025-06-19 08:54:04,REAL,2721044390,3461,2721047851,2721047851
2025-06-19 08:54:06,REAL,2721047851,11571,2721059422,2721059422
2025-06-19 08:54:08,REAL,2721059422,10258,2721069680,2721069680
2025-06-19 08:54:10,REAL,2721069680,10247,2721079927,2721079927
2025-06-19 08:54:12,REAL,2721079927,10258,2721090185,2721090185
2025-06-19 08:54:14,REAL,2721090185,10320,2721100505,2721100505
2025-06-19 08:54:16,REAL,2721100505,10251,2721110756,2721110756
2025-06-19 08:54:18,REAL,2721110756,10253,2721121009,2721121009
2025-06-19 08:54:20,REAL,2721121009,2917,2721123926,2721123926
2025-06-19 08:54:22,REAL,2721123926,486,2721124412,2721124412
2025-06-19 08:54:24,REAL,2721124412,476,2721124888,2721124888
2025-06-19 08:54:26,REAL,2721124888,485,2721125373,2721125373
2025-06-19 08:54:28,REAL,2721125373,492,2721125865,2721125865
2025-06-19 08:54:30,REAL,2721125865,544,2721126409,2721126409
2025-06-19 08:54:32,REAL,2721126409,485,2721126894,2721126894
2025-06-19 08:54:34,REAL,2721126894,485,2721127379,2721127379
2025-06-19 08:54:36,REAL,2721127379,484,2721127863,2721127863
2025-06-19 08:54:38,REAL,2721127863,483,2721128346,2721128346
2025-06-19 08:54:40,REAL,2721128346,485,2721128831,2721128831
2025-06-19 08:54:42,REAL,2721128831,478,2721129309,2721129309
2025-06-19 08:54:44,REAL,2721129309,481,2721129790,2721129790
2025-06-19 08:54:46,REAL,2721129790,479,2721130269,2721130269
2025-06-19 08:54:48,REAL,2721130269,483,2721130752,2721130752
2025-06-19 08:54:50,REAL,2721130752,477,2721131229,2721131229
2025-06-19 08:54:52,REAL,2721131229,487,2721131716,2721131716
2025-06-19 08:54:54,REAL,2721131716,480,2721132196,2721132196
2025-06-19 08:54:56,REAL,2721132196,541,2721132737,2721132737
2025-06-19 08:54:58,REAL,2721132737,9991,2721142728,2721142728
2025-06-19 08:55:00,REAL,2721142728,10382,2721153110,2721153110
2025-06-19 08:55:02,REAL,2721153110,10311,2721163421,2721163421
2025-06-19 08:55:04,REAL,2721163421,10252,2721173673,2721173673
2025-06-19 08:55:06,REAL,2721173673,10259,2721183932,2721183932
2025-06-19 08:55:08,REAL,2721183932,10250,2721194182,2721194182
2025-06-19 08:55:10,REAL,2721194182,10313,2721204495,2721204495
2025-06-19 08:55:12,REAL,2721204495,6882,2721211377,2721211377
2025-06-19 08:55:14,REAL,2721211377,475,2721211852,2721211852
2025-06-19 08:55:16,REAL,2721211852,491,2721212343,2721212343
2025-06-19 08:55:18,REAL,2721212343,4909,2721217252,2721217252
2025-06-19 08:55:20,REAL,2721217252,11700,2721228952,2721228952
2025-06-19 08:55:22,REAL,2721228952,10308,2721239260,2721239260
2025-06-19 08:55:24,REAL,2721239260,10249,2721249509,2721249509
2025-06-19 08:55:26,REAL,2721249509,10253,2721259762,2721259762
2025-06-19 08:55:28,REAL,2721259762,10254,2721270016,2721270016
2025-06-19 08:55:30,REAL,2721270016,10254,2721280270,2721280270
2025-06-19 08:55:32,REAL,2721280270,10311,2721290581,2721290581
2025-06-19 08:55:34,REAL,2721290581,1605,2721292186,2721292186
2025-06-19 08:55:36,REAL,2721292186,483,2721292669,2721292669
2025-06-19 08:55:38,REAL,2721292669,483,2721293152,2721293152
2025-06-19 08:55:40,REAL,2721293152,539,2721293691,2721293691
2025-06-19 08:55:42,REAL,2721293691,485,2721294176,2721294176
2025-06-19 08:55:44,REAL,2721294176,544,2721294720,2721294720
2025-06-19 08:55:46,REAL,2721294720,489,2721295209,2721295209
2025-06-19 08:55:48,REAL,2721295209,494,2721295703,2721295703
2025-06-19 08:55:50,REAL,2721295703,6243,2721301946,2721301946
2025-06-19 08:55:52,REAL,2721301946,13222,2721315168,2721315168
2025-06-19 08:55:54,REAL,2721315168,10319,2721325487,2721325487
2025-06-19 08:55:56,REAL,2721325487,10250,2721335737,2721335737
2025-06-19 08:55:58,REAL,2721335737,10247,2721345984,2721345984
2025-06-19 08:56:00,REAL,2721345984,10315,2721356299,2721356299
2025-06-19 08:56:02,REAL,2721356299,10247,2721366546,2721366546
2025-06-19 08:56:04,REAL,2721366546,10253,2721376799,2721376799
2025-06-19 08:56:06,REAL,2721376799,1019,2721377818,2721377818
2025-06-19 08:56:08,REAL,2721377818,489,2721378307,2721378307
2025-06-19 08:56:10,REAL,2721378307,482,2721378789,2721378789
2025-06-19 08:56:12,REAL,2721378789,477,2721379266,2721379266
2025-06-19 08:56:14,REAL,2721379266,544,2721379810,2721379810
2025-06-19 08:56:16,REAL,2721379810,542,2721380352,2721380352
2025-06-19 08:56:18,REAL,2721380352,488,2721380840,2721380840
2025-06-19 08:56:20,REAL,2721380840,483,2721381323,2721381323
2025-06-19 08:56:22,REAL,2721381323,491,2721381814,2721381814
2025-06-19 08:56:24,REAL,2721381814,480,2721382294,2721382294
2025-06-19 08:56:26,REAL,2721382294,488,2721382782,2721382782
2025-06-19 08:56:28,REAL,2721382782,485,2721383267,2721383267
2025-06-19 08:56:30,REAL,2721383267,485,2721383752,2721383752
2025-06-19 08:56:32,REAL,2721383752,490,2721384242,2721384242
2025-06-19 08:56:34,REAL,2721384242,485,2721384727,2721384727
2025-06-19 08:56:36,REAL,2721384727,484,2721385211,2721385211
2025-06-19 08:56:38,REAL,2721385211,482,2721385693,2721385693
2025-06-19 08:56:40,REAL,2721385693,533,2721386226,2721386226
2025-06-19 08:56:42,REAL,2721386226,492,2721386718,2721386718
2025-06-19 08:56:44,REAL,2721386718,478,2721387196,2721387196
2025-06-19 08:56:46,REAL,2721387196,488,2721387684,2721387684
2025-06-19 08:56:48,REAL,2721387684,480,2721388164,2721388164
2025-06-19 08:56:50,REAL,2721388164,479,2721388643,2721388643
2025-06-19 08:56:52,REAL,2721388643,538,2721389181,2721389181
2025-06-19 08:56:54,REAL,2721389181,491,2721389672,2721389672
2025-06-19 08:56:56,REAL,2721389672,490,2721390162,2721390162
2025-06-19 08:56:58,REAL,2721390162,483,2721390645,2721390645
2025-06-19 08:57:00,REAL,2721390645,485,2721391130,2721391130
2025-06-19 08:57:02,REAL,2721391130,481,2721391611,2721391611
2025-06-19 08:57:04,REAL,2721391611,483,2721392094,2721392094
2025-06-19 08:57:06,REAL,2721392094,543,2721392637,2721392637
2025-06-19 08:57:08,REAL,2721392637,480,2721393117,2721393117
2025-06-19 08:57:10,REAL,2721393117,486,2721393603,2721393603
2025-06-19 08:57:12,REAL,2721393603,489,2721394092,2721394092
2025-06-19 08:57:14,REAL,2721394092,487,2721394579,2721394579
2025-06-19 08:57:16,REAL,2721394579,477,2721395056,2721395056
2025-06-19 08:57:18,REAL,2721395056,484,2721395540,2721395540
2025-06-19 08:57:20,REAL,2721395540,489,2721396029,2721396029
2025-06-19 08:57:22,REAL,2721396029,489,2721396518,2721396518
2025-06-19 08:57:24,REAL,2721396518,481,2721396999,2721396999
2025-06-19 08:57:26,REAL,2721396999,481,2721397480,2721397480
2025-06-19 08:57:28,REAL,2721397480,486,2721397966,2721397966
2025-06-19 08:57:30,REAL,2721397966,545,2721398511,2721398511
2025-06-19 08:57:32,REAL,2721398511,537,2721399048,2721399048
2025-06-19 08:57:34,REAL,2721399048,490,2721399538,2721399538
2025-06-19 08:57:36,REAL,2721399538,483,2721400021,2721400021
2025-06-19 08:57:38,REAL,2721400021,492,2721400513,2721400513
2025-06-19 08:57:40,REAL,2721400513,487,2721401000,2721401000
2025-06-19 08:57:42,REAL,2721401000,478,2721401478,2721401478
2025-06-19 08:57:44,REAL,2721401478,484,2721401962,2721401962
2025-06-19 08:57:46,REAL,2721401962,2336,2721404298,2721404298
2025-06-19 08:57:48,REAL,2721404298,11773,2721416071,2721416071
2025-06-19 08:57:50,REAL,2721416071,10252,2721426323,2721426323
2025-06-19 08:57:52,REAL,2721426323,10315,2721436638,2721436638
2025-06-19 08:57:54,REAL,2721436638,10249,2721446887,2721446887
2025-06-19 08:57:56,REAL,2721446887,10326,2721457213,2721457213
2025-06-19 08:57:58,REAL,2721457213,10249,2721467462,2721467462
2025-06-19 08:58:00,REAL,2721467462,10323,2721477785,2721477785
2025-06-19 08:58:02,REAL,2721477785,3648,2721481433,2721481433
2025-06-19 08:58:04,REAL,2721481433,487,2721481920,2721481920
2025-06-19 08:58:06,REAL,2721481920,542,2721482462,2721482462
2025-06-19 08:58:08,REAL,2721482462,485,2721482947,2721482947
2025-06-19 08:58:10,REAL,2721482947,481,2721483428,2721483428
2025-06-19 08:58:12,REAL,2721483428,540,2721483968,2721483968
2025-06-19 08:58:14,REAL,2721483968,487,2721484455,2721484455
2025-06-19 08:58:16,REAL,2721484455,482,2721484937,2721484937
2025-06-19 08:58:18,REAL,2721484937,484,2721485421,2721485421
2025-06-19 08:58:20,REAL,2721485421,485,2721485906,2721485906
2025-06-19 08:58:22,REAL,2721485906,490,2721486396,2721486396
2025-06-19 08:58:24,REAL,2721486396,492,2721486888,2721486888
2025-06-19 08:58:26,REAL,2721486888,481,2721487369,2721487369
2025-06-19 08:58:28,REAL,2721487369,487,2721487856,2721487856
2025-06-19 08:58:30,REAL,2721487856,483,2721488339,2721488339
2025-06-19 08:58:32,REAL,2721488339,482,2721488821,2721488821
2025-06-19 08:58:34,REAL,2721488821,489,2721489310,2721489310
2025-06-19 08:58:36,REAL,2721489310,488,2721489798,2721489798
2025-06-19 08:58:38,REAL,2721489798,533,2721490331,2721490331
2025-06-19 08:58:40,REAL,2721490331,9538,2721499869,2721499869
2025-06-19 08:58:42,REAL,2721499869,10641,2721510510,2721510510
2025-06-19 08:58:44,REAL,2721510510,10249,2721520759,2721520759
2025-06-19 08:58:46,REAL,2721520759,10248,2721531007,2721531007
2025-06-19 08:58:48,REAL,2721531007,10252,2721541259,2721541259
2025-06-19 08:58:50,REAL,2721541259,10325,2721551584,2721551584
2025-06-19 08:58:52,REAL,2721551584,10247,2721561831,2721561831
2025-06-19 08:58:54,REAL,2721561831,7618,2721569449,2721569449
2025-06-19 08:58:56,REAL,2721569449,478,2721569927,2721569927
2025-06-19 08:58:58,REAL,2721569927,482,2721570409,2721570409
2025-06-19 08:59:00,REAL,2721570409,481,2721570890,2721570890
2025-06-19 08:59:02,REAL,2721570890,481,2721571371,2721571371
2025-06-19 08:59:04,REAL,2721571371,540,2721571911,2721571911
2025-06-19 08:59:06,REAL,2721571911,493,2721572404,2721572404
2025-06-19 08:59:08,REAL,2721572404,486,2721572890,2721572890
2025-06-19 08:59:10,REAL,2721572890,476,2721573366,2721573366
2025-06-19 08:59:12,REAL,2721573366,10002,2721583368,2721583368
2025-06-19 08:59:14,REAL,2721583368,10577,2721593945,2721593945
2025-06-19 08:59:16,REAL,2721593945,10319,2721604264,2721604264
2025-06-19 08:59:18,REAL,2721604264,10250,2721614514,2721614514
2025-06-19 08:59:20,REAL,2721614514,10316,2721624830,2721624830
2025-06-19 08:59:22,REAL,2721624830,10313,2721635143,2721635143
2025-06-19 08:59:24,REAL,2721635143,10252,2721645395,2721645395
2025-06-19 08:59:26,REAL,2721645395,6953,2721652348,2721652348
2025-06-19 08:59:28,REAL,2721652348,488,2721652836,2721652836
2025-06-19 08:59:30,REAL,2721652836,482,2721653318,2721653318
2025-06-19 08:59:32,REAL,2721653318,483,2721653801,2721653801
2025-06-19 08:59:34,REAL,2721653801,486,2721654287,2721654287
2025-06-19 08:59:36,REAL,2721654287,549,2721654836,2721654836
2025-06-19 08:59:38,REAL,2721654836,486,2721655322,2721655322
2025-06-19 08:59:40,REAL,2721655322,490,2721655812,2721655812
2025-06-19 08:59:42,REAL,2721655812,480,2721656292,2721656292
2025-06-19 08:59:44,REAL,2721656292,484,2721656776,2721656776
2025-06-19 08:59:46,REAL,2721656776,476,2721657252,2721657252
2025-06-19 08:59:48,REAL,2721657252,491,2721657743,2721657743
2025-06-19 08:59:50,REAL,2721657743,482,2721658225,2721658225
2025-06-19 08:59:52,REAL,2721658225,493,2721658718,2721658718
2025-06-19 08:59:54,REAL,2721658718,485,2721659203,2721659203
2025-06-19 08:59:56,REAL,2721659203,485,2721659688,2721659688
2025-06-19 08:59:58,REAL,2721659688,485,2721660173,2721660173
2025-06-19 09:00:00,REAL,2721660173,489,2721660662,2721660662
2025-06-19 09:00:02,REAL,2721660662,490,2721661152,2721661152
2025-06-19 09:00:04,REAL,2721661152,481,2721661633,2721661633
2025-06-19 09:00:06,REAL,2721661633,549,2721662182,2721662182
2025-06-19 09:00:08,REAL,2721662182,487,2721662669,2721662669
2025-06-19 09:00:10,REAL,2721662669,488,2721663157,2721663157
2025-06-19 09:00:12,REAL,2721663157,487,2721663644,2721663644
2025-06-19 09:00:14,REAL,2721663644,491,2721664135,2721664135
2025-06-19 09:00:16,REAL,2721664135,536,2721664671,2721664671
2025-06-19 09:00:18,REAL,2721664671,480,2721665151,2721665151
2025-06-19 09:00:20,REAL,2721665151,477,2721665628,2721665628
2025-06-19 09:00:22,REAL,2721665628,483,2721666111,2721666111
2025-06-19 09:00:24,REAL,2721666111,493,2721666604,2721666604
2025-06-19 09:00:26,REAL,2721666604,491,2721667095,2721667095
2025-06-19 09:00:28,REAL,2721667095,477,2721667572,2721667572
2025-06-19 09:00:30,REAL,2721667572,480,2721668052,2721668052
2025-06-19 09:00:32,REAL,2721668052,483,2721668535,2721668535
2025-06-19 09:00:34,REAL,2721668535,491,2721669026,2721669026
2025-06-19 09:00:36,REAL,2721669026,480,2721669506,2721669506
2025-06-19 09:00:38,REAL,2721669506,485,2721669991,2721669991
2025-06-19 09:00:40,REAL,2721669991,482,2721670473,2721670473
2025-06-19 09:00:42,REAL,2721670473,482,2721670955,2721670955
2025-06-19 09:00:44,REAL,2721670955,483,2721671438,2721671438
2025-06-19 09:00:46,REAL,2721671438,477,2721671915,2721671915
2025-06-19 09:00:48,REAL,2721671915,484,2721672399,2721672399
2025-06-19 09:00:50,REAL,2721672399,549,2721672948,2721672948
2025-06-19 09:00:52,REAL,2721672948,489,2721673437,2721673437
2025-06-19 09:00:54,REAL,2721673437,481,2721673918,2721673918
2025-06-19 09:00:56,REAL,2721673918,482,2721674400,2721674400
2025-06-19 09:00:58,REAL,2721674400,532,2721674932,2721674932
2025-06-19 09:01:00,REAL,2721674932,485,2721675417,2721675417
2025-06-19 09:01:02,REAL,2721675417,477,2721675894,2721675894
2025-06-19 09:01:04,REAL,2721675894,480,2721676374,2721676374
2025-06-19 09:01:06,REAL,2721676374,480,2721676854,2721676854
2025-06-19 09:01:08,REAL,2721676854,488,2721677342,2721677342
2025-06-19 09:01:10,REAL,2721677342,489,2721677831,2721677831
2025-06-19 09:01:12,REAL,2721677831,488,2721678319,2721678319
2025-06-19 09:01:14,REAL,2721678319,492,2721678811,2721678811
2025-06-19 09:01:16,REAL,2721678811,494,2721679305,2721679305
2025-06-19 09:01:18,REAL,2721679305,488,2721679793,2721679793
2025-06-19 09:01:20,REAL,2721679793,492,2721680285,2721680285
2025-06-19 09:01:22,REAL,2721680285,478,2721680763,2721680763
2025-06-19 09:01:24,REAL,2721680763,484,2721681247,2721681247
2025-06-19 09:01:26,REAL,2721681247,475,2721681722,2721681722
2025-06-19 09:01:28,REAL,2721681722,483,2721682205,2721682205
2025-06-19 09:01:30,REAL,2721682205,481,2721682686,2721682686
2025-06-19 09:01:32,REAL,2721682686,475,2721683161,2721683161
2025-06-19 09:01:34,REAL,2721683161,494,2721683655,2721683655
2025-06-19 09:01:36,REAL,2721683655,538,2721684193,2721684193
2025-06-19 09:01:38,REAL,2721684193,540,2721684733,2721684733
2025-06-19 09:01:40,REAL,2721684733,488,2721685221,2721685221
2025-06-19 09:01:42,REAL,2721685221,475,2721685696,2721685696
2025-06-19 09:01:44,REAL,2721685696,493,2721686189,2721686189
2025-06-19 09:01:46,REAL,2721686189,487,2721686676,2721686676
2025-06-19 09:01:48,REAL,2721686676,478,2721687154,2721687154
2025-06-19 09:01:50,REAL,2721687154,482,2721687636,2721687636
2025-06-19 09:01:52,REAL,2721687636,483,2721688119,2721688119
2025-06-19 09:01:54,REAL,2721688119,484,2721688603,2721688603
2025-06-19 09:01:56,REAL,2721688603,489,2721689092,2721689092
2025-06-19 09:01:58,REAL,2721689092,486,2721689578,2721689578
2025-06-19 09:02:00,REAL,2721689578,486,2721690064,2721690064
2025-06-19 09:02:02,REAL,2721690064,491,2721690555,2721690555
2025-06-19 09:02:04,REAL,2721690555,487,2721691042,2721691042
2025-06-19 09:02:06,REAL,2721691042,474,2721691516,2721691516
2025-06-19 09:02:08,REAL,2721691516,485,2721692001,2721692001
2025-06-19 09:02:10,REAL,2721692001,482,2721692483,2721692483
2025-06-19 09:02:12,REAL,2721692483,488,2721692971,2721692971
2025-06-19 09:02:14,REAL,2721692971,491,2721693462,2721693462
2025-06-19 09:02:16,REAL,2721693462,483,2721693945,2721693945
2025-06-19 09:02:18,REAL,2721693945,485,2721694430,2721694430
2025-06-19 09:02:20,REAL,2721694430,598,2721695028,2721695028
2025-06-19 09:02:22,REAL,2721695028,487,2721695515,2721695515
2025-06-19 09:02:24,REAL,2721695515,487,2721696002,2721696002
2025-06-19 09:02:26,REAL,2721696002,481,2721696483,2721696483
2025-06-19 09:02:28,REAL,2721696483,480,2721696963,2721696963
2025-06-19 09:02:30,REAL,2721696963,488,2721697451,2721697451
2025-06-19 09:02:32,REAL,2721697451,3200,2721700651,2721700651
2025-06-19 09:02:34,REAL,2721700651,11705,2721712356,2721712356
2025-06-19 09:02:36,REAL,2721712356,10251,2721722607,2721722607
2025-06-19 09:02:38,REAL,2721722607,10320,2721732927,2721732927
2025-06-19 09:02:40,REAL,2721732927,10247,2721743174,2721743174
2025-06-19 09:02:42,REAL,2721743174,10259,2721753433,2721753433
2025-06-19 09:02:44,REAL,2721753433,10320,2721763753,2721763753
2025-06-19 09:02:46,REAL,2721763753,10255,2721774008,2721774008
2025-06-19 09:02:48,REAL,2721774008,3128,2721777136,2721777136
2025-06-19 09:02:50,REAL,2721777136,478,2721777614,2721777614
2025-06-19 09:02:52,REAL,2721777614,492,2721778106,2721778106
2025-06-19 09:02:54,REAL,2721778106,9405,2721787511,2721787511
2025-06-19 09:02:56,REAL,2721787511,10844,2721798355,2721798355
2025-06-19 09:02:58,REAL,2721798355,10319,2721808674,2721808674
2025-06-19 09:03:00,REAL,2721808674,10250,2721818924,2721818924
2025-06-19 09:03:02,REAL,2721818924,10314,2721829238,2721829238
2025-06-19 09:03:04,REAL,2721829238,10254,2721839492,2721839492
2025-06-19 09:03:06,REAL,2721839492,10309,2721849801,2721849801
2025-06-19 09:03:08,REAL,2721849801,7678,2721857479,2721857479
2025-06-19 09:03:10,REAL,2721857479,491,2721857970,2721857970
2025-06-19 09:03:12,REAL,2721857970,483,2721858453,2721858453
2025-06-19 09:03:14,REAL,2721858453,479,2721858932,2721858932
2025-06-19 09:03:16,REAL,2721858932,486,2721859418,2721859418
2025-06-19 09:03:18,REAL,2721859418,484,2721859902,2721859902
2025-06-19 09:03:20,REAL,2721859902,489,2721860391,2721860391
2025-06-19 09:03:22,REAL,2721860391,486,2721860877,2721860877
2025-06-19 09:03:24,REAL,2721860877,493,2721861370,2721861370
2025-06-19 09:03:26,REAL,2721861370,9999,2721871369,2721871369
2025-06-19 09:03:28,REAL,2721871369,10656,2721882025,2721882025
2025-06-19 09:03:30,REAL,2721882025,10254,2721892279,2721892279
2025-06-19 09:03:32,REAL,2721892279,10249,2721902528,2721902528
2025-06-19 09:03:34,REAL,2721902528,10253,2721912781,2721912781
2025-06-19 09:03:36,REAL,2721912781,10259,2721923040,2721923040
2025-06-19 09:03:38,REAL,2721923040,10254,2721933294,2721933294
2025-06-19 09:03:40,REAL,2721933294,7084,2721940378,2721940378
2025-06-19 09:03:42,REAL,2721940378,480,2721940858,2721940858
2025-06-19 09:03:44,REAL,2721940858,482,2721941340,2721941340
2025-06-19 09:03:46,REAL,2721941340,481,2721941821,2721941821
2025-06-19 09:03:48,REAL,2721941821,484,2721942305,2721942305
2025-06-19 09:03:50,REAL,2721942305,482,2721942787,2721942787
2025-06-19 09:03:52,REAL,2721942787,544,2721943331,2721943331
2025-06-19 09:03:54,REAL,2721943331,476,2721943807,2721943807
2025-06-19 09:03:56,REAL,2721943807,474,2721944281,2721944281
2025-06-19 09:03:58,REAL,2721944281,11053,2721955334,2721955334
2025-06-19 09:04:00,REAL,2721955334,10384,2721965718,2721965718
2025-06-19 09:04:02,REAL,2721965718,10316,2721976034,2721976034
2025-06-19 09:04:04,REAL,2721976034,10245,2721986279,2721986279
2025-06-19 09:04:06,REAL,2721986279,10250,2721996529,2721996529
2025-06-19 09:04:08,REAL,2721996529,10251,2722006780,2722006780
2025-06-19 09:04:10,REAL,2722006780,10253,2722017033,2722017033
2025-06-19 09:04:12,REAL,2722017033,6422,2722023455,2722023455
2025-06-19 09:04:14,REAL,2722023455,480,2722023935,2722023935
2025-06-19 09:04:16,REAL,2722023935,487,2722024422,2722024422
2025-06-19 09:04:18,REAL,2722024422,483,2722024905,2722024905
2025-06-19 09:04:20,REAL,2722024905,477,2722025382,2722025382
2025-06-19 09:04:22,REAL,2722025382,492,2722025874,2722025874
2025-06-19 09:04:24,REAL,2722025874,488,2722026362,2722026362
2025-06-19 09:04:26,REAL,2722026362,493,2722026855,2722026855
2025-06-19 09:04:28,REAL,2722026855,490,2722027345,2722027345
2025-06-19 09:04:30,REAL,2722027345,243,2722027588,2722027588
2025-06-19 09:04:32,REAL,2722027588,486,2722028074,2722028074
2025-06-19 09:04:34,REAL,2722028074,480,2722028554,2722028554
2025-06-19 09:04:36,REAL,2722028554,539,2722029093,2722029093
2025-06-19 09:04:38,REAL,2722029093,480,2722029573,2722029573
2025-06-19 09:04:40,REAL,2722029573,543,2722030116,2722030116
2025-06-19 09:04:42,REAL,2722030116,490,2722030606,2722030606
2025-06-19 09:04:44,REAL,2722030606,482,2722031088,2722031088
2025-06-19 09:04:46,REAL,2722031088,486,2722031574,2722031574
2025-06-19 09:04:48,REAL,2722031574,488,2722032062,2722032062
2025-06-19 09:04:50,REAL,2722032062,478,2722032540,2722032540
2025-06-19 09:04:52,REAL,2722032540,718,2722033258,2722033258
2025-06-19 09:04:54,REAL,2722033258,241,2722033499,2722033499
2025-06-19 09:04:56,REAL,2722033499,484,2722033983,2722033983
2025-06-19 09:04:58,REAL,2722033983,479,2722034462,2722034462
2025-06-19 09:05:00,REAL,2722034462,480,2722034942,2722034942
2025-06-19 09:05:02,REAL,2722034942,490,2722035432,2722035432
2025-06-19 09:05:04,REAL,2722035432,478,2722035910,2722035910
2025-06-19 09:05:06,REAL,2722035910,490,2722036400,2722036400
2025-06-19 09:05:08,REAL,2722036400,486,2722036886,2722036886
2025-06-19 09:05:10,REAL,2722036886,487,2722037373,2722037373
2025-06-19 09:05:12,REAL,2722037373,538,2722037911,2722037911
2025-06-19 09:05:14,REAL,2722037911,487,2722038398,2722038398
2025-06-19 09:05:16,REAL,2722038398,487,2722038885,2722038885
2025-06-19 09:05:18,REAL,2722038885,483,2722039368,2722039368
2025-06-19 09:05:20,REAL,2722039368,538,2722039906,2722039906
2025-06-19 09:05:22,REAL,2722039906,483,2722040389,2722040389
2025-06-19 09:05:24,REAL,2722040389,485,2722040874,2722040874
2025-06-19 09:05:26,REAL,2722040874,489,2722041363,2722041363
2025-06-19 09:05:28,REAL,2722041363,478,2722041841,2722041841
2025-06-19 09:05:30,REAL,2722041841,487,2722042328,2722042328
2025-06-19 09:05:32,REAL,2722042328,476,2722042804,2722042804
2025-06-19 09:05:34,REAL,2722042804,476,2722043280,2722043280
2025-06-19 09:05:36,REAL,2722043280,480,2722043760,2722043760
2025-06-19 09:05:38,REAL,2722043760,478,2722044238,2722044238
2025-06-19 09:05:40,REAL,2722044238,484,2722044722,2722044722
2025-06-19 09:05:42,REAL,2722044722,1089,2722045811,2722045811
2025-06-19 09:05:44,REAL,2722045811,11563,2722057374,2722057374
2025-06-19 09:05:46,REAL,2722057374,10306,2722067680,2722067680
2025-06-19 09:05:48,REAL,2722067680,10260,2722077940,2722077940
2025-06-19 09:05:50,REAL,2722077940,10246,2722088186,2722088186
2025-06-19 09:05:52,REAL,2722088186,10316,2722098502,2722098502
2025-06-19 09:05:54,REAL,2722098502,10247,2722108749,2722108749
2025-06-19 09:05:56,REAL,2722108749,10254,2722119003,2722119003
2025-06-19 09:05:58,REAL,2722119003,4651,2722123654,2722123654
2025-06-19 09:06:00,REAL,2722123654,484,2722124138,2722124138
2025-06-19 09:06:02,REAL,2722124138,484,2722124622,2722124622
2025-06-19 09:06:04,REAL,2722124622,483,2722125105,2722125105
2025-06-19 09:06:06,REAL,2722125105,481,2722125586,2722125586
2025-06-19 09:06:08,REAL,2722125586,487,2722126073,2722126073
2025-06-19 09:06:10,REAL,2722126073,484,2722126557,2722126557
2025-06-19 09:06:12,REAL,2722126557,485,2722127042,2722127042
2025-06-19 09:06:14,REAL,2722127042,481,2722127523,2722127523
2025-06-19 09:06:16,REAL,2722127523,477,2722128000,2722128000
2025-06-19 09:06:18,REAL,2722128000,491,2722128491,2722128491
2025-06-19 09:06:20,REAL,2722128491,535,2722129026,2722129026
2025-06-19 09:06:22,REAL,2722129026,536,2722129562,2722129562
2025-06-19 09:06:24,REAL,2722129562,486,2722130048,2722130048
2025-06-19 09:06:26,REAL,2722130048,484,2722130532,2722130532
2025-06-19 09:06:28,REAL,2722130532,491,2722131023,2722131023
2025-06-19 09:06:30,REAL,2722131023,484,2722131507,2722131507
2025-06-19 09:06:32,REAL,2722131507,477,2722131984,2722131984
2025-06-19 09:06:34,REAL,2722131984,484,2722132468,2722132468
2025-06-19 09:06:36,REAL,2722132468,484,2722132952,2722132952
2025-06-19 09:06:38,REAL,2722132952,487,2722133439,2722133439
2025-06-19 09:06:40,REAL,2722133439,474,2722133913,2722133913
2025-06-19 09:06:42,REAL,2722133913,483,2722134396,2722134396
2025-06-19 09:06:44,REAL,2722134396,492,2722134888,2722134888
2025-06-19 09:06:46,REAL,2722134888,479,2722135367,2722135367
2025-06-19 09:06:48,REAL,2722135367,485,2722135852,2722135852
2025-06-19 09:06:50,REAL,2722135852,492,2722136344,2722136344
2025-06-19 09:06:52,REAL,2722136344,484,2722136828,2722136828
2025-06-19 09:06:54,REAL,2722136828,478,2722137306,2722137306
2025-06-19 09:06:56,REAL,2722137306,2927,2722140233,2722140233
2025-06-19 09:06:58,REAL,2722140233,12762,2722152995,2722152995
2025-06-19 09:07:00,REAL,2722152995,10258,2722163253,2722163253
2025-06-19 09:07:02,REAL,2722163253,10318,2722173571,2722173571
2025-06-19 09:07:04,REAL,2722173571,10258,2722183829,2722183829
2025-06-19 09:07:06,REAL,2722183829,10243,2722194072,2722194072
2025-06-19 09:07:08,REAL,2722194072,10323,2722204395,2722204395
2025-06-19 09:07:10,REAL,2722204395,10320,2722214715,2722214715
2025-06-19 09:07:12,REAL,2722214715,3453,2722218168,2722218168
2025-06-19 09:07:14,REAL,2722218168,482,2722218650,2722218650
2025-06-19 09:07:16,REAL,2722218650,483,2722219133,2722219133
2025-06-19 09:07:18,REAL,2722219133,480,2722219613,2722219613
2025-06-19 09:07:20,REAL,2722219613,484,2722220097,2722220097
2025-06-19 09:07:22,REAL,2722220097,486,2722220583,2722220583
2025-06-19 09:07:24,REAL,2722220583,485,2722221068,2722221068
2025-06-19 09:07:26,REAL,2722221068,485,2722221553,2722221553
2025-06-19 09:07:28,REAL,2722221553,482,2722222035,2722222035
2025-06-19 09:07:30,REAL,2722222035,540,2722222575,2722222575
2025-06-19 09:07:32,REAL,2722222575,488,2722223063,2722223063
2025-06-19 09:07:34,REAL,2722223063,478,2722223541,2722223541
2025-06-19 09:07:36,REAL,2722223541,541,2722224082,2722224082
2025-06-19 09:07:38,REAL,2722224082,484,2722224566,2722224566
2025-06-19 09:07:40,REAL,2722224566,490,2722225056,2722225056
2025-06-19 09:07:42,REAL,2722225056,483,2722225539,2722225539
2025-06-19 09:07:44,REAL,2722225539,476,2722226015,2722226015
2025-06-19 09:07:46,REAL,2722226015,491,2722226506,2722226506
2025-06-19 09:07:48,REAL,2722226506,487,2722226993,2722226993
2025-06-19 09:07:50,REAL,2722226993,478,2722227471,2722227471
2025-06-19 09:07:52,REAL,2722227471,484,2722227955,2722227955
2025-06-19 09:07:54,REAL,2722227955,479,2722228434,2722228434
2025-06-19 09:07:56,REAL,2722228434,482,2722228916,2722228916
2025-06-19 09:07:58,REAL,2722228916,493,2722229409,2722229409
2025-06-19 09:08:00,REAL,2722229409,3794,2722233203,2722233203
2025-06-19 09:08:02,REAL,2722233203,14204,2722247407,2722247407
2025-06-19 09:08:04,REAL,2722247407,10306,2722257713,2722257713
2025-06-19 09:08:06,REAL,2722257713,10252,2722267965,2722267965
2025-06-19 09:08:08,REAL,2722267965,10324,2722278289,2722278289
2025-06-19 09:08:10,REAL,2722278289,10252,2722288541,2722288541
2025-06-19 09:08:12,REAL,2722288541,10255,2722298796,2722298796
2025-06-19 09:08:14,REAL,2722298796,10249,2722309045,2722309045
2025-06-19 09:08:16,REAL,2722309045,2264,2722311309,2722311309
2025-06-19 09:08:18,REAL,2722311309,480,2722311789,2722311789
2025-06-19 09:08:20,REAL,2722311789,482,2722312271,2722312271
2025-06-19 09:08:22,REAL,2722312271,13098,2722325369,2722325369
2025-06-19 09:08:24,REAL,2722325369,10712,2722336081,2722336081
2025-06-19 09:08:26,REAL,2722336081,10252,2722346333,2722346333
2025-06-19 09:08:28,REAL,2722346333,10316,2722356649,2722356649
2025-06-19 09:08:30,REAL,2722356649,10252,2722366901,2722366901
2025-06-19 09:08:32,REAL,2722366901,10327,2722377228,2722377228
2025-06-19 09:08:34,REAL,2722377228,10250,2722387478,2722387478
2025-06-19 09:08:36,REAL,2722387478,6752,2722394230,2722394230
2025-06-19 09:08:38,REAL,2722394230,484,2722394714,2722394714
2025-06-19 09:08:40,REAL,2722394714,539,2722395253,2722395253
2025-06-19 09:08:42,REAL,2722395253,485,2722395738,2722395738
2025-06-19 09:08:44,REAL,2722395738,480,2722396218,2722396218
2025-06-19 09:08:46,REAL,2722396218,483,2722396701,2722396701
2025-06-19 09:08:48,REAL,2722396701,480,2722397181,2722397181
2025-06-19 09:08:50,REAL,2722397181,493,2722397674,2722397674
2025-06-19 09:08:52,REAL,2722397674,482,2722398156,2722398156
2025-06-19 09:08:54,REAL,2722398156,480,2722398636,2722398636
2025-06-19 09:08:56,REAL,2722398636,486,2722399122,2722399122
2025-06-19 09:08:58,REAL,2722399122,484,2722399606,2722399606
2025-06-19 09:09:00,REAL,2722399606,535,2722400141,2722400141
2025-06-19 09:09:02,REAL,2722400141,485,2722400626,2722400626
2025-06-19 09:09:04,REAL,2722400626,484,2722401110,2722401110
2025-06-19 09:09:06,REAL,2722401110,489,2722401599,2722401599
2025-06-19 09:09:08,REAL,2722401599,486,2722402085,2722402085
2025-06-19 09:09:10,REAL,2722402085,488,2722402573,2722402573
2025-06-19 09:09:12,REAL,2722402573,480,2722403053,2722403053
2025-06-19 09:09:14,REAL,2722403053,538,2722403591,2722403591
2025-06-19 09:09:16,REAL,2722403591,481,2722404072,2722404072
2025-06-19 09:09:18,REAL,2722404072,487,2722404559,2722404559
2025-06-19 09:09:20,REAL,2722404559,485,2722405044,2722405044
2025-06-19 09:09:22,REAL,2722405044,488,2722405532,2722405532
2025-06-19 09:09:24,REAL,2722405532,484,2722406016,2722406016
2025-06-19 09:09:26,REAL,2722406016,480,2722406496,2722406496
2025-06-19 09:09:28,REAL,2722406496,486,2722406982,2722406982
2025-06-19 09:09:30,REAL,2722406982,487,2722407469,2722407469
2025-06-19 09:09:32,REAL,2722407469,479,2722407948,2722407948
2025-06-19 09:09:34,REAL,2722407948,487,2722408435,2722408435
2025-06-19 09:09:36,REAL,2722408435,11593,2722420028,2722420028
2025-06-19 09:09:38,REAL,2722420028,10318,2722430346,2722430346
2025-06-19 09:09:40,REAL,2722430346,10250,2722440596,2722440596
2025-06-19 09:09:42,REAL,2722440596,10253,2722450849,2722450849
2025-06-19 09:09:44,REAL,2722450849,10318,2722461167,2722461167
2025-06-19 09:09:46,REAL,2722461167,10255,2722471422,2722471422
2025-06-19 09:09:48,REAL,2722471422,10317,2722481739,2722481739
2025-06-19 09:09:50,REAL,2722481739,5622,2722487361,2722487361
2025-06-19 09:09:52,REAL,2722487361,477,2722487838,2722487838
2025-06-19 09:09:54,REAL,2722487838,478,2722488316,2722488316
2025-06-19 09:09:56,REAL,2722488316,489,2722488805,2722488805
2025-06-19 09:09:58,REAL,2722488805,483,2722489288,2722489288
2025-06-19 09:10:00,REAL,2722489288,474,2722489762,2722489762
2025-06-19 09:10:02,REAL,2722489762,477,2722490239,2722490239
2025-06-19 09:10:04,REAL,2722490239,481,2722490720,2722490720
2025-06-19 09:10:06,REAL,2722490720,622,2722491342,2722491342
2025-06-19 09:10:08,REAL,2722491342,15481,2722506823,2722506823
2025-06-19 09:10:10,REAL,2722506823,10253,2722517076,2722517076
2025-06-19 09:10:12,REAL,2722517076,10324,2722527400,2722527400
2025-06-19 09:10:14,REAL,2722527400,10256,2722537656,2722537656
2025-06-19 09:10:16,REAL,2722537656,10250,2722547906,2722547906
2025-06-19 09:10:18,REAL,2722547906,10316,2722558222,2722558222
2025-06-19 09:10:20,REAL,2722558222,10258,2722568480,2722568480
2025-06-19 09:10:22,REAL,2722568480,5028,2722573508,2722573508
2025-06-19 09:10:24,REAL,2722573508,492,2722574000,2722574000
2025-06-19 09:10:26,REAL,2722574000,484,2722574484,2722574484
2025-06-19 09:10:28,REAL,2722574484,481,2722574965,2722574965
2025-06-19 09:10:30,REAL,2722574965,478,2722575443,2722575443
2025-06-19 09:10:32,REAL,2722575443,486,2722575929,2722575929
2025-06-19 09:10:34,REAL,2722575929,482,2722576411,2722576411
2025-06-19 09:10:36,REAL,2722576411,482,2722576893,2722576893
2025-06-19 09:10:38,REAL,2722576893,1680,2722578573,2722578573
2025-06-19 09:10:40,REAL,2722578573,11642,2722590215,2722590215
2025-06-19 09:10:42,REAL,2722590215,10316,2722600531,2722600531
2025-06-19 09:10:44,REAL,2722600531,10252,2722610783,2722610783
2025-06-19 09:10:46,REAL,2722610783,10323,2722621106,2722621106
2025-06-19 09:10:48,REAL,2722621106,10243,2722631349,2722631349
2025-06-19 09:10:50,REAL,2722631349,10317,2722641666,2722641666
2025-06-19 09:10:52,REAL,2722641666,10259,2722651925,2722651925
2025-06-19 09:10:54,REAL,2722651925,4377,2722656302,2722656302
2025-06-19 09:10:56,REAL,2722656302,487,2722656789,2722656789
2025-06-19 09:10:58,REAL,2722656789,484,2722657273,2722657273
2025-06-19 09:11:00,REAL,2722657273,484,2722657757,2722657757
2025-06-19 09:11:02,REAL,2722657757,493,2722658250,2722658250
2025-06-19 09:11:04,REAL,2722658250,490,2722658740,2722658740
2025-06-19 09:11:06,REAL,2722658740,475,2722659215,2722659215
2025-06-19 09:11:08,REAL,2722659215,491,2722659706,2722659706
2025-06-19 09:11:10,REAL,2722659706,8147,2722667853,2722667853
2025-06-19 09:11:12,REAL,2722667853,10781,2722678634,2722678634
2025-06-19 09:11:14,REAL,2722678634,10317,2722688951,2722688951
2025-06-19 09:11:16,REAL,2722688951,10251,2722699202,2722699202
2025-06-19 09:11:18,REAL,2722699202,10326,2722709528,2722709528
2025-06-19 09:11:20,REAL,2722709528,10250,2722719778,2722719778
2025-06-19 09:11:22,REAL,2722719778,10320,2722730098,2722730098
2025-06-19 09:11:24,REAL,2722730098,9004,2722739102,2722739102
2025-06-19 09:11:26,REAL,2722739102,474,2722739576,2722739576
2025-06-19 09:11:28,REAL,2722739576,534,2722740110,2722740110
2025-06-19 09:11:30,REAL,2722740110,488,2722740598,2722740598
2025-06-19 09:11:32,REAL,2722740598,493,2722741091,2722741091
2025-06-19 09:11:34,REAL,2722741091,479,2722741570,2722741570
2025-06-19 09:11:36,REAL,2722741570,484,2722742054,2722742054
2025-06-19 09:11:38,REAL,2722742054,480,2722742534,2722742534
2025-06-19 09:11:40,REAL,2722742534,482,2722743016,2722743016
2025-06-19 09:11:42,REAL,2722743016,8415,2722751431,2722751431
2025-06-19 09:11:44,REAL,2722751431,10731,2722762162,2722762162
2025-06-19 09:11:46,REAL,2722762162,10323,2722772485,2722772485
2025-06-19 09:11:48,REAL,2722772485,10317,2722782802,2722782802
2025-06-19 09:11:50,REAL,2722782802,10255,2722793057,2722793057
2025-06-19 09:11:52,REAL,2722793057,10310,2722803367,2722803367
2025-06-19 09:11:54,REAL,2722803367,10247,2722813614,2722813614
2025-06-19 09:11:56,REAL,2722813614,8338,2722821952,2722821952
2025-06-19 09:11:58,REAL,2722821952,481,2722822433,2722822433
2025-06-19 09:12:00,REAL,2722822433,530,2722822963,2722822963
2025-06-19 09:12:02,REAL,2722822963,476,2722823439,2722823439
2025-06-19 09:12:04,REAL,2722823439,484,2722823923,2722823923
2025-06-19 09:12:06,REAL,2722823923,485,2722824408,2722824408
2025-06-19 09:12:08,REAL,2722824408,491,2722824899,2722824899
2025-06-19 09:12:10,REAL,2722824899,485,2722825384,2722825384
2025-06-19 09:12:12,REAL,2722825384,488,2722825872,2722825872
2025-06-19 09:12:14,REAL,2722825872,9922,2722835794,2722835794
2025-06-19 09:12:16,REAL,2722835794,10447,2722846241,2722846241
2025-06-19 09:12:18,REAL,2722846241,10321,2722856562,2722856562
2025-06-19 09:12:20,REAL,2722856562,10251,2722866813,2722866813
2025-06-19 09:12:22,REAL,2722866813,10321,2722877134,2722877134
2025-06-19 09:12:24,REAL,2722877134,10319,2722887453,2722887453
2025-06-19 09:12:26,REAL,2722887453,10260,2722897713,2722897713
2025-06-19 09:12:28,REAL,2722897713,7685,2722905398,2722905398
2025-06-19 09:12:30,REAL,2722905398,488,2722905886,2722905886
2025-06-19 09:12:32,REAL,2722905886,544,2722906430,2722906430
2025-06-19 09:12:34,REAL,2722906430,483,2722906913,2722906913
2025-06-19 09:12:36,REAL,2722906913,482,2722907395,2722907395
2025-06-19 09:12:38,REAL,2722907395,481,2722907876,2722907876
2025-06-19 09:12:40,REAL,2722907876,482,2722908358,2722908358
2025-06-19 09:12:42,REAL,2722908358,480,2722908838,2722908838
2025-06-19 09:12:44,REAL,2722908838,479,2722909317,2722909317
2025-06-19 09:12:46,REAL,2722909317,10121,2722919438,2722919438
2025-06-19 09:12:48,REAL,2722919438,10326,2722929764,2722929764
2025-06-19 09:12:50,REAL,2722929764,10325,2722940089,2722940089
2025-06-19 09:12:52,REAL,2722940089,10248,2722950337,2722950337
2025-06-19 09:12:54,REAL,2722950337,10327,2722960664,2722960664
2025-06-19 09:12:56,REAL,2722960664,10250,2722970914,2722970914
2025-06-19 09:12:58,REAL,2722970914,10316,2722981230,2722981230
2025-06-19 09:13:00,REAL,2722981230,7081,2722988311,2722988311
2025-06-19 09:13:02,REAL,2722988311,490,2722988801,2722988801
2025-06-19 09:13:04,REAL,2722988801,481,2722989282,2722989282
2025-06-19 09:13:06,REAL,2722989282,550,2722989832,2722989832
2025-06-19 09:13:08,REAL,2722989832,487,2722990319,2722990319
2025-06-19 09:13:10,REAL,2722990319,485,2722990804,2722990804
2025-06-19 09:13:12,REAL,2722990804,486,2722991290,2722991290
2025-06-19 09:13:14,REAL,2722991290,485,2722991775,2722991775
2025-06-19 09:13:16,REAL,2722991775,488,2722992263,2722992263
2025-06-19 09:13:18,REAL,2722992263,13230,2723005493,2723005493
2025-06-19 09:13:20,REAL,2723005493,10456,2723015949,2723015949
2025-06-19 09:13:22,REAL,2723015949,10258,2723026207,2723026207
2025-06-19 09:13:24,REAL,2723026207,10315,2723036522,2723036522
2025-06-19 09:13:26,REAL,2723036522,10252,2723046774,2723046774
2025-06-19 09:13:28,REAL,2723046774,10319,2723057093,2723057093
2025-06-19 09:13:30,REAL,2723057093,10323,2723067416,2723067416
2025-06-19 09:13:32,REAL,2723067416,6417,2723073833,2723073833
2025-06-19 09:13:34,REAL,2723073833,483,2723074316,2723074316
2025-06-19 09:13:36,REAL,2723074316,477,2723074793,2723074793
2025-06-19 09:13:38,REAL,2723074793,542,2723075335,2723075335
2025-06-19 09:13:40,REAL,2723075335,488,2723075823,2723075823
2025-06-19 09:13:42,REAL,2723075823,484,2723076307,2723076307
2025-06-19 09:13:44,REAL,2723076307,481,2723076788,2723076788
2025-06-19 09:13:46,REAL,2723076788,489,2723077277,2723077277
2025-06-19 09:13:48,REAL,2723077277,483,2723077760,2723077760
2025-06-19 09:13:50,REAL,2723077760,11378,2723089138,2723089138
2025-06-19 09:13:52,REAL,2723089138,10262,2723099400,2723099400
2025-06-19 09:13:54,REAL,2723099400,10318,2723109718,2723109718
2025-06-19 09:13:56,REAL,2723109718,10984,2723120702,2723120702
2025-06-19 09:13:58,REAL,2723120702,9597,2723130299,2723130299
2025-06-19 09:14:00,REAL,2723130299,10258,2723140557,2723140557
2025-06-19 09:14:02,REAL,2723140557,10310,2723150867,2723150867
2025-06-19 09:14:04,REAL,2723150867,5831,2723156698,2723156698
2025-06-19 09:14:06,REAL,2723156698,477,2723157175,2723157175
2025-06-19 09:14:08,REAL,2723157175,482,2723157657,2723157657
2025-06-19 09:14:10,REAL,2723157657,484,2723158141,2723158141
2025-06-19 09:14:12,REAL,2723158141,539,2723158680,2723158680
2025-06-19 09:14:14,REAL,2723158680,478,2723159158,2723159158
2025-06-19 09:14:16,REAL,2723159158,478,2723159636,2723159636
2025-06-19 09:14:18,REAL,2723159636,492,2723160128,2723160128
2025-06-19 09:14:20,REAL,2723160128,483,2723160611,2723160611
2025-06-19 09:14:22,REAL,2723160611,12126,2723172737,2723172737
2025-06-19 09:14:24,REAL,2723172737,10318,2723183055,2723183055
2025-06-19 09:14:26,REAL,2723183055,10248,2723193303,2723193303
2025-06-19 09:14:28,REAL,2723193303,10319,2723203622,2723203622
2025-06-19 09:14:30,REAL,2723203622,10254,2723213876,2723213876
2025-06-19 09:14:32,REAL,2723213876,10245,2723224121,2723224121
2025-06-19 09:14:34,REAL,2723224121,10322,2723234443,2723234443
2025-06-19 09:14:36,REAL,2723234443,5164,2723239607,2723239607
2025-06-19 09:14:38,REAL,2723239607,484,2723240091,2723240091
2025-06-19 09:14:40,REAL,2723240091,484,2723240575,2723240575
2025-06-19 09:14:42,REAL,2723240575,487,2723241062,2723241062
2025-06-19 09:14:44,REAL,2723241062,536,2723241598,2723241598
2025-06-19 09:14:46,REAL,2723241598,478,2723242076,2723242076
2025-06-19 09:14:48,REAL,2723242076,478,2723242554,2723242554
2025-06-19 09:14:50,REAL,2723242554,485,2723243039,2723243039
2025-06-19 09:14:52,REAL,2723243039,484,2723243523,2723243523
2025-06-19 09:14:54,REAL,2723243523,484,2723244007,2723244007
2025-06-19 09:14:56,REAL,2723244007,487,2723244494,2723244494
2025-06-19 09:14:58,REAL,2723244494,485,2723244979,2723244979
2025-06-19 09:15:00,REAL,2723244979,484,2723245463,2723245463
2025-06-19 09:15:02,REAL,2723245463,488,2723245951,2723245951
2025-06-19 09:15:04,REAL,2723245951,482,2723246433,2723246433
2025-06-19 09:15:06,REAL,2723246433,537,2723246970,2723246970
2025-06-19 09:15:08,REAL,2723246970,490,2723247460,2723247460
2025-06-19 09:15:10,REAL,2723247460,542,2723248002,2723248002
2025-06-19 09:15:12,REAL,2723248002,484,2723248486,2723248486
2025-06-19 09:15:14,REAL,2723248486,487,2723248973,2723248973
2025-06-19 09:15:16,REAL,2723248973,491,2723249464,2723249464
2025-06-19 09:15:18,REAL,2723249464,481,2723249945,2723249945
2025-06-19 09:15:20,REAL,2723249945,483,2723250428,2723250428
2025-06-19 09:15:22,REAL,2723250428,483,2723250911,2723250911
2025-06-19 09:15:24,REAL,2723250911,491,2723251402,2723251402
2025-06-19 09:15:26,REAL,2723251402,483,2723251885,2723251885
2025-06-19 09:15:28,REAL,2723251885,485,2723252370,2723252370
2025-06-19 09:15:30,REAL,2723252370,535,2723252905,2723252905
2025-06-19 09:15:32,REAL,2723252905,482,2723253387,2723253387
2025-06-19 09:15:34,REAL,2723253387,479,2723253866,2723253866
2025-06-19 09:15:36,REAL,2723253866,486,2723254352,2723254352
2025-06-19 09:15:38,REAL,2723254352,490,2723254842,2723254842
2025-06-19 09:15:40,REAL,2723254842,490,2723255332,2723255332
2025-06-19 09:15:42,REAL,2723255332,480,2723255812,2723255812
2025-06-19 09:15:44,REAL,2723255812,544,2723256356,2723256356
2025-06-19 09:15:46,REAL,2723256356,481,2723256837,2723256837
2025-06-19 09:15:48,REAL,2723256837,482,2723257319,2723257319
2025-06-19 09:15:50,REAL,2723257319,482,2723257801,2723257801
2025-06-19 09:15:52,REAL,2723257801,482,2723258283,2723258283
2025-06-19 09:15:54,REAL,2723258283,543,2723258826,2723258826
2025-06-19 09:15:56,REAL,2723258826,477,2723259303,2723259303
2025-06-19 09:15:58,REAL,2723259303,480,2723259783,2723259783
2025-06-19 09:16:00,REAL,2723259783,492,2723260275,2723260275
2025-06-19 09:16:02,REAL,2723260275,483,2723260758,2723260758
2025-06-19 09:16:04,REAL,2723260758,491,2723261249,2723261249
2025-06-19 09:16:06,REAL,2723261249,481,2723261730,2723261730
2025-06-19 09:16:08,REAL,2723261730,487,2723262217,2723262217
2025-06-19 09:16:10,REAL,2723262217,488,2723262705,2723262705
2025-06-19 09:16:12,REAL,2723262705,482,2723263187,2723263187
2025-06-19 09:16:14,REAL,2723263187,480,2723263667,2723263667
2025-06-19 09:16:16,REAL,2723263667,490,2723264157,2723264157
2025-06-19 09:16:18,REAL,2723264157,542,2723264699,2723264699
2025-06-19 09:16:20,REAL,2723264699,537,2723265236,2723265236
2025-06-19 09:16:22,REAL,2723265236,478,2723265714,2723265714
2025-06-19 09:16:24,REAL,2723265714,484,2723266198,2723266198
2025-06-19 09:16:26,REAL,2723266198,491,2723266689,2723266689
2025-06-19 09:16:28,REAL,2723266689,490,2723267179,2723267179
2025-06-19 09:16:30,REAL,2723267179,484,2723267663,2723267663
2025-06-19 09:16:32,REAL,2723267663,474,2723268137,2723268137
2025-06-19 09:16:34,REAL,2723268137,482,2723268619,2723268619
2025-06-19 09:16:36,REAL,2723268619,480,2723269099,2723269099
2025-06-19 09:16:38,REAL,2723269099,483,2723269582,2723269582
2025-06-19 09:16:40,REAL,2723269582,490,2723270072,2723270072
2025-06-19 09:16:42,REAL,2723270072,541,2723270613,2723270613
2025-06-19 09:16:44,REAL,2723270613,479,2723271092,2723271092
2025-06-19 09:16:46,REAL,2723271092,477,2723271569,2723271569
2025-06-19 09:16:48,REAL,2723271569,479,2723272048,2723272048
2025-06-19 09:16:50,REAL,2723272048,481,2723272529,2723272529
2025-06-19 09:16:52,REAL,2723272529,475,2723273004,2723273004
2025-06-19 09:16:54,REAL,2723273004,490,2723273494,2723273494
2025-06-19 09:16:56,REAL,2723273494,536,2723274030,2723274030
2025-06-19 09:16:58,REAL,2723274030,474,2723274504,2723274504
2025-06-19 09:17:00,REAL,2723274504,483,2723274987,2723274987
2025-06-19 09:17:02,REAL,2723274987,487,2723275474,2723275474
2025-06-19 09:17:04,REAL,2723275474,478,2723275952,2723275952
2025-06-19 09:17:06,REAL,2723275952,480,2723276432,2723276432
2025-06-19 09:17:08,REAL,2723276432,543,2723276975,2723276975
2025-06-19 09:17:10,REAL,2723276975,487,2723277462,2723277462
2025-06-19 09:17:12,REAL,2723277462,492,2723277954,2723277954
2025-06-19 09:17:14,REAL,2723277954,490,2723278444,2723278444
2025-06-19 09:17:16,REAL,2723278444,487,2723278931,2723278931
2025-06-19 09:17:18,REAL,2723278931,482,2723279413,2723279413
2025-06-19 09:17:20,REAL,2723279413,474,2723279887,2723279887
2025-06-19 09:17:22,REAL,2723279887,482,2723280369,2723280369
2025-06-19 09:17:24,REAL,2723280369,485,2723280854,2723280854
2025-06-19 09:17:26,REAL,2723280854,485,2723281339,2723281339
2025-06-19 09:17:28,REAL,2723281339,488,2723281827,2723281827
2025-06-19 09:17:30,REAL,2723281827,543,2723282370,2723282370
2025-06-19 09:17:32,REAL,2723282370,542,2723282912,2723282912
2025-06-19 09:17:34,REAL,2723282912,482,2723283394,2723283394
2025-06-19 09:17:36,REAL,2723283394,487,2723283881,2723283881
2025-06-19 09:17:38,REAL,2723283881,483,2723284364,2723284364
2025-06-19 09:17:40,REAL,2723284364,485,2723284849,2723284849
2025-06-19 09:17:42,REAL,2723284849,492,2723285341,2723285341
2025-06-19 09:17:44,REAL,2723285341,477,2723285818,2723285818
2025-06-19 09:17:46,REAL,2723285818,484,2723286302,2723286302
2025-06-19 09:17:48,REAL,2723286302,486,2723286788,2723286788
2025-06-19 09:17:50,REAL,2723286788,486,2723287274,2723287274
2025-06-19 09:17:52,REAL,2723287274,492,2723287766,2723287766
2025-06-19 09:17:54,REAL,2723287766,544,2723288310,2723288310
2025-06-19 09:17:56,REAL,2723288310,489,2723288799,2723288799
2025-06-19 09:17:58,REAL,2723288799,476,2723289275,2723289275
2025-06-19 09:18:00,REAL,2723289275,487,2723289762,2723289762
2025-06-19 09:18:02,REAL,2723289762,480,2723290242,2723290242
2025-06-19 09:18:04,REAL,2723290242,481,2723290723,2723290723
2025-06-19 09:18:06,REAL,2723290723,545,2723291268,2723291268
2025-06-19 09:18:08,REAL,2723291268,483,2723291751,2723291751
2025-06-19 09:18:10,REAL,2723291751,487,2723292238,2723292238
2025-06-19 09:18:12,REAL,2723292238,481,2723292719,2723292719
2025-06-19 09:18:14,REAL,2723292719,481,2723293200,2723293200
2025-06-19 09:18:16,REAL,2723293200,488,2723293688,2723293688
2025-06-19 09:18:18,REAL,2723293688,5360,2723299048,2723299048
2025-06-19 09:18:20,REAL,2723299048,11704,2723310752,2723310752
2025-06-19 09:18:22,REAL,2723310752,10248,2723321000,2723321000
2025-06-19 09:18:24,REAL,2723321000,10257,2723331257,2723331257
2025-06-19 09:18:26,REAL,2723331257,10323,2723341580,2723341580
2025-06-19 09:18:28,REAL,2723341580,11037,2723352617,2723352617
2025-06-19 09:18:30,REAL,2723352617,9456,2723362073,2723362073
2025-06-19 09:18:32,REAL,2723362073,10325,2723372398,2723372398
2025-06-19 09:18:34,REAL,2723372398,1147,2723373545,2723373545
2025-06-19 09:18:36,REAL,2723373545,485,2723374030,2723374030
2025-06-19 09:18:38,REAL,2723374030,488,2723374518,2723374518
2025-06-19 09:18:40,REAL,2723374518,483,2723375001,2723375001
2025-06-19 09:18:42,REAL,2723375001,543,2723375544,2723375544
2025-06-19 09:18:44,REAL,2723375544,482,2723376026,2723376026
2025-06-19 09:18:46,REAL,2723376026,483,2723376509,2723376509
2025-06-19 09:18:48,REAL,2723376509,479,2723376988,2723376988
2025-06-19 09:18:50,REAL,2723376988,6239,2723383227,2723383227
2025-06-19 09:18:52,REAL,2723383227,11299,2723394526,2723394526
2025-06-19 09:18:54,REAL,2723394526,10253,2723404779,2723404779
2025-06-19 09:18:56,REAL,2723404779,10256,2723415035,2723415035
2025-06-19 09:18:58,REAL,2723415035,10254,2723425289,2723425289
2025-06-19 09:19:00,REAL,2723425289,10325,2723435614,2723435614
2025-06-19 09:19:02,REAL,2723435614,10252,2723445866,2723445866
2025-06-19 09:19:04,REAL,2723445866,10312,2723456178,2723456178
2025-06-19 09:19:06,REAL,2723456178,540,2723456718,2723456718
2025-06-19 09:19:08,REAL,2723456718,488,2723457206,2723457206
2025-06-19 09:19:10,REAL,2723457206,478,2723457684,2723457684
2025-06-19 09:19:12,REAL,2723457684,476,2723458160,2723458160
2025-06-19 09:19:14,REAL,2723458160,483,2723458643,2723458643
2025-06-19 09:19:16,REAL,2723458643,480,2723459123,2723459123
2025-06-19 09:19:18,REAL,2723459123,485,2723459608,2723459608
2025-06-19 09:19:20,REAL,2723459608,483,2723460091,2723460091
2025-06-19 09:19:22,REAL,2723460091,489,2723460580,2723460580
2025-06-19 09:19:24,REAL,2723460580,480,2723461060,2723461060
2025-06-19 09:19:26,REAL,2723461060,540,2723461600,2723461600
2025-06-19 09:19:28,REAL,2723461600,491,2723462091,2723462091
2025-06-19 09:19:30,REAL,2723462091,542,2723462633,2723462633
2025-06-19 09:19:32,REAL,2723462633,490,2723463123,2723463123
2025-06-19 09:19:34,REAL,2723463123,487,2723463610,2723463610
2025-06-19 09:19:36,REAL,2723463610,478,2723464088,2723464088
2025-06-19 09:19:38,REAL,2723464088,487,2723464575,2723464575
2025-06-19 09:19:40,REAL,2723464575,478,2723465053,2723465053
2025-06-19 09:19:42,REAL,2723465053,1416,2723466469,2723466469
2025-06-19 09:19:44,REAL,2723466469,15398,2723481867,2723481867
2025-06-19 09:19:46,REAL,2723481867,10252,2723492119,2723492119
2025-06-19 09:19:48,REAL,2723492119,10320,2723502439,2723502439
2025-06-19 09:19:50,REAL,2723502439,10257,2723512696,2723512696
2025-06-19 09:19:52,REAL,2723512696,10254,2723522950,2723522950
2025-06-19 09:19:54,REAL,2723522950,10308,2723533258,2723533258
2025-06-19 09:19:56,REAL,2723533258,10245,2723543503,2723543503
2025-06-19 09:19:58,REAL,2723543503,4507,2723548010,2723548010
2025-06-19 09:20:00,REAL,2723548010,490,2723548500,2723548500
2025-06-19 09:20:02,REAL,2723548500,487,2723548987,2723548987
2025-06-19 09:20:04,REAL,2723548987,484,2723549471,2723549471
2025-06-19 09:20:06,REAL,2723549471,480,2723549951,2723549951
2025-06-19 09:20:08,REAL,2723549951,484,2723550435,2723550435
2025-06-19 09:20:10,REAL,2723550435,484,2723550919,2723550919
2025-06-19 09:20:12,REAL,2723550919,486,2723551405,2723551405
2025-06-19 09:20:14,REAL,2723551405,485,2723551890,2723551890
2025-06-19 09:20:16,REAL,2723551890,482,2723552372,2723552372
2025-06-19 09:20:18,REAL,2723552372,475,2723552847,2723552847
2025-06-19 09:20:20,REAL,2723552847,548,2723553395,2723553395
2025-06-19 09:20:22,REAL,2723553395,539,2723553934,2723553934
2025-06-19 09:20:24,REAL,2723553934,481,2723554415,2723554415
2025-06-19 09:20:26,REAL,2723554415,478,2723554893,2723554893
2025-06-19 09:20:28,REAL,2723554893,477,2723555370,2723555370
2025-06-19 09:20:30,REAL,2723555370,488,2723555858,2723555858
2025-06-19 09:20:32,REAL,2723555858,482,2723556340,2723556340
2025-06-19 09:20:34,REAL,2723556340,486,2723556826,2723556826
2025-06-19 09:20:36,REAL,2723556826,485,2723557311,2723557311
2025-06-19 09:20:38,REAL,2723557311,475,2723557786,2723557786
2025-06-19 09:20:40,REAL,2723557786,485,2723558271,2723558271
2025-06-19 09:20:42,REAL,2723558271,486,2723558757,2723558757
2025-06-19 09:20:44,REAL,2723558757,488,2723559245,2723559245
2025-06-19 09:20:46,REAL,2723559245,483,2723559728,2723559728
2025-06-19 09:20:48,REAL,2723559728,479,2723560207,2723560207
2025-06-19 09:20:50,REAL,2723560207,537,2723560744,2723560744
2025-06-19 09:20:52,REAL,2723560744,484,2723561228,2723561228
2025-06-19 09:20:54,REAL,2723561228,480,2723561708,2723561708
2025-06-19 09:20:56,REAL,2723561708,491,2723562199,2723562199
2025-06-19 09:20:58,REAL,2723562199,549,2723562748,2723562748
2025-06-19 09:21:00,REAL,2723562748,474,2723563222,2723563222
2025-06-19 09:21:02,REAL,2723563222,487,2723563709,2723563709
2025-06-19 09:21:04,REAL,2723563709,478,2723564187,2723564187
2025-06-19 09:21:06,REAL,2723564187,483,2723564670,2723564670
2025-06-19 09:21:08,REAL,2723564670,483,2723565153,2723565153
2025-06-19 09:21:10,REAL,2723565153,490,2723565643,2723565643
2025-06-19 09:21:12,REAL,2723565643,487,2723566130,2723566130
2025-06-19 09:21:14,REAL,2723566130,494,2723566624,2723566624
2025-06-19 09:21:16,REAL,2723566624,541,2723567165,2723567165
2025-06-19 09:21:18,REAL,2723567165,482,2723567647,2723567647
2025-06-19 09:21:20,REAL,2723567647,478,2723568125,2723568125
2025-06-19 09:21:22,REAL,2723568125,246,2723568371,2723568371
2025-06-19 09:21:24,REAL,2723568371,480,2723568851,2723568851
2025-06-19 09:21:26,REAL,2723568851,488,2723569339,2723569339
2025-06-19 09:21:28,REAL,2723569339,490,2723569829,2723569829
2025-06-19 09:21:30,REAL,2723569829,483,2723570312,2723570312
2025-06-19 09:21:32,REAL,2723570312,485,2723570797,2723570797
2025-06-19 09:21:34,REAL,2723570797,476,2723571273,2723571273
2025-06-19 09:21:36,REAL,2723571273,540,2723571813,2723571813
2025-06-19 09:21:38,REAL,2723571813,489,2723572302,2723572302
2025-06-19 09:21:40,REAL,2723572302,482,2723572784,2723572784
2025-06-19 09:21:42,REAL,2723572784,539,2723573323,2723573323
2025-06-19 09:21:44,REAL,2723573323,484,2723573807,2723573807
2025-06-19 09:21:46,REAL,2723573807,485,2723574292,2723574292
2025-06-19 09:21:48,REAL,2723574292,487,2723574779,2723574779
2025-06-19 09:21:50,REAL,2723574779,488,2723575267,2723575267
2025-06-19 09:21:52,REAL,2723575267,486,2723575753,2723575753
2025-06-19 09:21:54,REAL,2723575753,488,2723576241,2723576241
2025-06-19 09:21:56,REAL,2723576241,479,2723576720,2723576720
2025-06-19 09:21:58,REAL,2723576720,487,2723577207,2723577207
2025-06-19 09:22:00,REAL,2723577207,488,2723577695,2723577695
2025-06-19 09:22:02,REAL,2723577695,480,2723578175,2723578175
2025-06-19 09:22:04,REAL,2723578175,484,2723578659,2723578659
2025-06-19 09:22:06,REAL,2723578659,482,2723579141,2723579141
2025-06-19 09:22:08,REAL,2723579141,538,2723579679,2723579679
2025-06-19 09:22:10,REAL,2723579679,478,2723580157,2723580157
2025-06-19 09:22:12,REAL,2723580157,476,2723580633,2723580633
2025-06-19 09:22:14,REAL,2723580633,541,2723581174,2723581174
2025-06-19 09:22:16,REAL,2723581174,483,2723581657,2723581657
2025-06-19 09:22:18,REAL,2723581657,478,2723582135,2723582135
2025-06-19 09:22:20,REAL,2723582135,483,2723582618,2723582618
2025-06-19 09:22:22,REAL,2723582618,483,2723583101,2723583101
2025-06-19 09:22:24,REAL,2723583101,486,2723583587,2723583587
2025-06-19 09:22:26,REAL,2723583587,481,2723584068,2723584068
2025-06-19 09:22:28,REAL,2723584068,488,2723584556,2723584556
2025-06-19 09:22:30,REAL,2723584556,733,2723585289,2723585289
2025-06-19 09:22:32,REAL,2723585289,240,2723585529,2723585529
2025-06-19 09:22:34,REAL,2723585529,481,2723586010,2723586010
2025-06-19 09:22:36,REAL,2723586010,550,2723586560,2723586560
2025-06-19 09:22:38,REAL,2723586560,482,2723587042,2723587042
2025-06-19 09:22:40,REAL,2723587042,478,2723587520,2723587520
2025-06-19 09:22:42,REAL,2723587520,483,2723588003,2723588003
2025-06-19 09:22:44,REAL,2723588003,490,2723588493,2723588493
2025-06-19 09:22:46,REAL,2723588493,485,2723588978,2723588978
2025-06-19 09:22:48,REAL,2723588978,484,2723589462,2723589462
2025-06-19 09:22:50,REAL,2723589462,547,2723590009,2723590009
2025-06-19 09:22:52,REAL,2723590009,490,2723590499,2723590499
2025-06-19 09:22:54,REAL,2723590499,493,2723590992,2723590992
2025-06-19 09:22:56,REAL,2723590992,491,2723591483,2723591483
2025-06-19 09:22:58,REAL,2723591483,489,2723591972,2723591972
2025-06-19 09:23:00,REAL,2723591972,487,2723592459,2723592459
2025-06-19 09:23:02,REAL,2723592459,547,2723593006,2723593006
2025-06-19 09:23:04,REAL,2723593006,482,2723593488,2723593488
2025-06-19 09:23:06,REAL,2723593488,480,2723593968,2723593968
2025-06-19 09:23:08,REAL,2723593968,475,2723594443,2723594443
2025-06-19 09:23:10,REAL,2723594443,490,2723594933,2723594933
2025-06-19 09:23:12,REAL,2723594933,477,2723595410,2723595410
2025-06-19 09:23:14,REAL,2723595410,481,2723595891,2723595891
2025-06-19 09:23:16,REAL,2723595891,486,2723596377,2723596377
2025-06-19 09:23:18,REAL,2723596377,478,2723596855,2723596855
2025-06-19 09:23:20,REAL,2723596855,492,2723597347,2723597347
2025-06-19 09:23:22,REAL,2723597347,485,2723597832,2723597832
2025-06-19 09:23:24,REAL,2723597832,486,2723598318,2723598318
2025-06-19 09:23:26,REAL,2723598318,487,2723598805,2723598805
2025-06-19 09:23:28,REAL,2723598805,590,2723599395,2723599395
2025-06-19 09:23:30,REAL,2723599395,482,2723599877,2723599877
2025-06-19 09:23:32,REAL,2723599877,491,2723600368,2723600368
2025-06-19 09:23:34,REAL,2723600368,485,2723600853,2723600853
2025-06-19 09:23:36,REAL,2723600853,477,2723601330,2723601330
2025-06-19 09:23:38,REAL,2723601330,489,2723601819,2723601819
2025-06-19 09:23:40,REAL,2723601819,487,2723602306,2723602306
2025-06-19 09:23:42,REAL,2723602306,478,2723602784,2723602784
2025-06-19 09:23:44,REAL,2723602784,486,2723603270,2723603270
2025-06-19 09:23:46,REAL,2723603270,489,2723603759,2723603759
2025-06-19 09:23:48,REAL,2723603759,489,2723604248,2723604248
2025-06-19 09:23:50,REAL,2723604248,482,2723604730,2723604730
2025-06-19 09:23:52,REAL,2723604730,482,2723605212,2723605212
2025-06-19 09:23:54,REAL,2723605212,487,2723605699,2723605699
2025-06-19 09:23:56,REAL,2723605699,543,2723606242,2723606242
2025-06-19 09:23:58,REAL,2723606242,485,2723606727,2723606727
2025-06-19 09:24:00,REAL,2723606727,478,2723607205,2723607205
2025-06-19 09:24:02,REAL,2723607205,483,2723607688,2723607688
2025-06-19 09:24:04,REAL,2723607688,543,2723608231,2723608231
2025-06-19 09:24:06,REAL,2723608231,484,2723608715,2723608715
2025-06-19 09:24:08,REAL,2723608715,479,2723609194,2723609194
2025-06-19 09:24:10,REAL,2723609194,485,2723609679,2723609679
2025-06-19 09:24:12,REAL,2723609679,486,2723610165,2723610165
2025-06-19 09:24:14,REAL,2723610165,475,2723610640,2723610640
2025-06-19 09:24:16,REAL,2723610640,482,2723611122,2723611122
2025-06-19 09:24:18,REAL,2723611122,485,2723611607,2723611607
2025-06-19 09:24:20,REAL,2723611607,479,2723612086,2723612086
2025-06-19 09:24:22,REAL,2723612086,547,2723612633,2723612633
2025-06-19 09:24:24,REAL,2723612633,486,2723613119,2723613119
2025-06-19 09:24:26,REAL,2723613119,490,2723613609,2723613609
2025-06-19 09:24:28,REAL,2723613609,488,2723614097,2723614097
2025-06-19 09:24:30,REAL,2723614097,483,2723614580,2723614580
2025-06-19 09:24:32,REAL,2723614580,478,2723615058,2723615058
2025-06-19 09:24:34,REAL,2723615058,486,2723615544,2723615544
2025-06-19 09:24:36,REAL,2723615544,483,2723616027,2723616027
2025-06-19 09:24:38,REAL,2723616027,493,2723616520,2723616520
2025-06-19 09:24:40,REAL,2723616520,484,2723617004,2723617004
2025-06-19 09:24:42,REAL,2723617004,541,2723617545,2723617545
2025-06-19 09:24:44,REAL,2723617545,484,2723618029,2723618029
2025-06-19 09:24:46,REAL,2723618029,482,2723618511,2723618511
2025-06-19 09:24:48,REAL,2723618511,536,2723619047,2723619047
2025-06-19 09:24:50,REAL,2723619047,479,2723619526,2723619526
2025-06-19 09:24:52,REAL,2723619526,490,2723620016,2723620016
2025-06-19 09:24:54,REAL,2723620016,479,2723620495,2723620495
2025-06-19 09:24:56,REAL,2723620495,477,2723620972,2723620972
2025-06-19 09:24:58,REAL,2723620972,482,2723621454,2723621454
2025-06-19 09:25:00,REAL,2723621454,481,2723621935,2723621935
2025-06-19 09:25:02,REAL,2723621935,492,2723622427,2723622427
2025-06-19 09:25:04,REAL,2723622427,487,2723622914,2723622914
2025-06-19 09:25:06,REAL,2723622914,483,2723623397,2723623397
2025-06-19 09:25:08,REAL,2723623397,485,2723623882,2723623882
2025-06-19 09:25:10,REAL,2723623882,488,2723624370,2723624370
2025-06-19 09:25:12,REAL,2723624370,486,2723624856,2723624856
2025-06-19 09:25:14,REAL,2723624856,488,2723625344,2723625344
2025-06-19 09:25:16,REAL,2723625344,532,2723625876,2723625876
2025-06-19 09:25:18,REAL,2723625876,544,2723626420,2723626420
2025-06-19 09:25:20,REAL,2723626420,481,2723626901,2723626901
2025-06-19 09:25:22,REAL,2723626901,482,2723627383,2723627383
2025-06-19 09:25:24,REAL,2723627383,481,2723627864,2723627864
2025-06-19 09:25:26,REAL,2723627864,477,2723628341,2723628341
2025-06-19 09:25:28,REAL,2723628341,485,2723628826,2723628826
2025-06-19 09:25:30,REAL,2723628826,488,2723629314,2723629314
2025-06-19 09:25:32,REAL,2723629314,486,2723629800,2723629800
2025-06-19 09:25:34,REAL,2723629800,493,2723630293,2723630293
2025-06-19 09:25:36,REAL,2723630293,487,2723630780,2723630780
2025-06-19 09:25:38,REAL,2723630780,481,2723631261,2723631261
2025-06-19 09:25:40,REAL,2723631261,492,2723631753,2723631753
2025-06-19 09:25:42,REAL,2723631753,483,2723632236,2723632236
2025-06-19 09:25:44,REAL,2723632236,542,2723632778,2723632778
2025-06-19 09:25:46,REAL,2723632778,487,2723633265,2723633265
2025-06-19 09:25:48,REAL,2723633265,484,2723633749,2723633749
2025-06-19 09:25:50,REAL,2723633749,546,2723634295,2723634295
2025-06-19 09:25:52,REAL,2723634295,483,2723634778,2723634778
2025-06-19 09:25:54,REAL,2723634778,482,2723635260,2723635260
2025-06-19 09:25:56,REAL,2723635260,486,2723635746,2723635746
2025-06-19 09:25:58,REAL,2723635746,484,2723636230,2723636230
2025-06-19 09:26:00,REAL,2723636230,484,2723636714,2723636714
2025-06-19 09:26:02,REAL,2723636714,481,2723637195,2723637195
2025-06-19 09:26:04,REAL,2723637195,488,2723637683,2723637683
2025-06-19 09:26:06,REAL,2723637683,492,2723638175,2723638175
2025-06-19 09:26:08,REAL,2723638175,487,2723638662,2723638662
2025-06-19 09:26:10,REAL,2723638662,546,2723639208,2723639208
2025-06-19 09:26:12,REAL,2723639208,485,2723639693,2723639693
2025-06-19 09:26:14,REAL,2723639693,488,2723640181,2723640181
2025-06-19 09:26:16,REAL,2723640181,488,2723640669,2723640669
2025-06-19 09:26:18,REAL,2723640669,484,2723641153,2723641153
2025-06-19 09:26:20,REAL,2723641153,487,2723641640,2723641640
2025-06-19 09:26:22,REAL,2723641640,484,2723642124,2723642124
2025-06-19 09:26:24,REAL,2723642124,546,2723642670,2723642670
2025-06-19 09:26:26,REAL,2723642670,478,2723643148,2723643148
2025-06-19 09:26:28,REAL,2723643148,483,2723643631,2723643631
2025-06-19 09:26:30,REAL,2723643631,483,2723644114,2723644114
2025-06-19 09:26:32,REAL,2723644114,489,2723644603,2723644603
2025-06-19 09:26:34,REAL,2723644603,493,2723645096,2723645096
2025-06-19 09:26:36,REAL,2723645096,488,2723645584,2723645584
2025-06-19 09:26:38,REAL,2723645584,539,2723646123,2723646123
2025-06-19 09:26:40,REAL,2723646123,483,2723646606,2723646606
2025-06-19 09:26:42,REAL,2723646606,486,2723647092,2723647092
2025-06-19 09:26:44,REAL,2723647092,3791,2723650883,2723650883
2025-06-19 09:26:46,REAL,2723650883,11249,2723662132,2723662132
2025-06-19 09:26:48,REAL,2723662132,10249,2723672381,2723672381
2025-06-19 09:26:50,REAL,2723672381,10318,2723682699,2723682699
2025-06-19 09:26:52,REAL,2723682699,10258,2723692957,2723692957
2025-06-19 09:26:54,REAL,2723692957,10321,2723703278,2723703278
2025-06-19 09:26:56,REAL,2723703278,10255,2723713533,2723713533
2025-06-19 09:26:58,REAL,2723713533,10314,2723723847,2723723847
2025-06-19 09:27:00,REAL,2723723847,2335,2723726182,2723726182
2025-06-19 09:27:02,REAL,2723726182,481,2723726663,2723726663
2025-06-19 09:27:04,REAL,2723726663,482,2723727145,2723727145
2025-06-19 09:27:06,REAL,2723727145,538,2723727683,2723727683
2025-06-19 09:27:08,REAL,2723727683,487,2723728170,2723728170
2025-06-19 09:27:10,REAL,2723728170,486,2723728656,2723728656
2025-06-19 09:27:12,REAL,2723728656,485,2723729141,2723729141
2025-06-19 09:27:14,REAL,2723729141,482,2723729623,2723729623
2025-06-19 09:27:16,REAL,2723729623,534,2723730157,2723730157
2025-06-19 09:27:18,REAL,2723730157,487,2723730644,2723730644
2025-06-19 09:27:20,REAL,2723730644,490,2723731134,2723731134
2025-06-19 09:27:22,REAL,2723731134,487,2723731621,2723731621
2025-06-19 09:27:24,REAL,2723731621,488,2723732109,2723732109
2025-06-19 09:27:26,REAL,2723732109,485,2723732594,2723732594
2025-06-19 09:27:28,REAL,2723732594,481,2723733075,2723733075
2025-06-19 09:27:30,REAL,2723733075,483,2723733558,2723733558
2025-06-19 09:27:32,REAL,2723733558,541,2723734099,2723734099
2025-06-19 09:27:34,REAL,2723734099,488,2723734587,2723734587
2025-06-19 09:27:36,REAL,2723734587,491,2723735078,2723735078
2025-06-19 09:27:38,REAL,2723735078,482,2723735560,2723735560
2025-06-19 09:27:40,REAL,2723735560,485,2723736045,2723736045
2025-06-19 09:27:42,REAL,2723736045,488,2723736533,2723736533
2025-06-19 09:27:44,REAL,2723736533,488,2723737021,2723737021
2025-06-19 09:27:46,REAL,2723737021,480,2723737501,2723737501
2025-06-19 09:27:48,REAL,2723737501,491,2723737992,2723737992
2025-06-19 09:27:50,REAL,2723737992,531,2723738523,2723738523
2025-06-19 09:27:52,REAL,2723738523,489,2723739012,2723739012
2025-06-19 09:27:54,REAL,2723739012,476,2723739488,2723739488
2025-06-19 09:27:56,REAL,2723739488,477,2723739965,2723739965
2025-06-19 09:27:58,REAL,2723739965,481,2723740446,2723740446
2025-06-19 09:28:00,REAL,2723740446,533,2723740979,2723740979
2025-06-19 09:28:02,REAL,2723740979,484,2723741463,2723741463
2025-06-19 09:28:04,REAL,2723741463,11318,2723752781,2723752781
2025-06-19 09:28:06,REAL,2723752781,10253,2723763034,2723763034
2025-06-19 09:28:08,REAL,2723763034,10249,2723773283,2723773283
2025-06-19 09:28:10,REAL,2723773283,10324,2723783607,2723783607
2025-06-19 09:28:12,REAL,2723783607,10254,2723793861,2723793861
2025-06-19 09:28:14,REAL,2723793861,10250,2723804111,2723804111
2025-06-19 09:28:16,REAL,2723804111,10323,2723814434,2723814434
2025-06-19 09:28:18,REAL,2723814434,6022,2723820456,2723820456
2025-06-19 09:28:20,REAL,2723820456,486,2723820942,2723820942
2025-06-19 09:28:22,REAL,2723820942,483,2723821425,2723821425
2025-06-19 09:28:24,REAL,2723821425,554,2723821979,2723821979
2025-06-19 09:28:26,REAL,2723821979,479,2723822458,2723822458
2025-06-19 09:28:28,REAL,2723822458,535,2723822993,2723822993
2025-06-19 09:28:30,REAL,2723822993,476,2723823469,2723823469
2025-06-19 09:28:32,REAL,2723823469,491,2723823960,2723823960
2025-06-19 09:28:34,REAL,2723823960,475,2723824435,2723824435
2025-06-19 09:28:36,REAL,2723824435,547,2723824982,2723824982
2025-06-19 09:28:38,REAL,2723824982,483,2723825465,2723825465
2025-06-19 09:28:40,REAL,2723825465,486,2723825951,2723825951
2025-06-19 09:28:42,REAL,2723825951,482,2723826433,2723826433
2025-06-19 09:28:44,REAL,2723826433,481,2723826914,2723826914
2025-06-19 09:28:46,REAL,2723826914,477,2723827391,2723827391
2025-06-19 09:28:48,REAL,2723827391,490,2723827881,2723827881
2025-06-19 09:28:50,REAL,2723827881,491,2723828372,2723828372
2025-06-19 09:28:52,REAL,2723828372,480,2723828852,2723828852
2025-06-19 09:28:54,REAL,2723828852,544,2723829396,2723829396
2025-06-19 09:28:56,REAL,2723829396,491,2723829887,2723829887
2025-06-19 09:28:58,REAL,2723829887,482,2723830369,2723830369
2025-06-19 09:29:00,REAL,2723830369,491,2723830860,2723830860
2025-06-19 09:29:02,REAL,2723830860,487,2723831347,2723831347
2025-06-19 09:29:04,REAL,2723831347,490,2723831837,2723831837
2025-06-19 09:29:06,REAL,2723831837,492,2723832329,2723832329
2025-06-19 09:29:08,REAL,2723832329,481,2723832810,2723832810
2025-06-19 09:29:10,REAL,2723832810,542,2723833352,2723833352
2025-06-19 09:29:12,REAL,2723833352,486,2723833838,2723833838
2025-06-19 09:29:14,REAL,2723833838,484,2723834322,2723834322
2025-06-19 09:29:16,REAL,2723834322,482,2723834804,2723834804
2025-06-19 09:29:18,REAL,2723834804,491,2723835295,2723835295
2025-06-19 09:29:20,REAL,2723835295,532,2723835827,2723835827
2025-06-19 09:29:22,REAL,2723835827,489,2723836316,2723836316
2025-06-19 09:29:24,REAL,2723836316,476,2723836792,2723836792
2025-06-19 09:29:26,REAL,2723836792,490,2723837282,2723837282
2025-06-19 09:29:28,REAL,2723837282,474,2723837756,2723837756
2025-06-19 09:29:30,REAL,2723837756,488,2723838244,2723838244
2025-06-19 09:29:32,REAL,2723838244,484,2723838728,2723838728
2025-06-19 09:29:34,REAL,2723838728,486,2723839214,2723839214
2025-06-19 09:29:36,REAL,2723839214,480,2723839694,2723839694
2025-06-19 09:29:38,REAL,2723839694,487,2723840181,2723840181
2025-06-19 09:29:40,REAL,2723840181,487,2723840668,2723840668
2025-06-19 09:29:42,REAL,2723840668,536,2723841204,2723841204
2025-06-19 09:29:44,REAL,2723841204,484,2723841688,2723841688
2025-06-19 09:29:46,REAL,2723841688,484,2723842172,2723842172
2025-06-19 09:29:48,REAL,2723842172,538,2723842710,2723842710
2025-06-19 09:29:50,REAL,2723842710,492,2723843202,2723843202
2025-06-19 09:29:52,REAL,2723843202,488,2723843690,2723843690
2025-06-19 09:29:54,REAL,2723843690,487,2723844177,2723844177
2025-06-19 09:29:56,REAL,2723844177,487,2723844664,2723844664
2025-06-19 09:29:58,REAL,2723844664,491,2723845155,2723845155
2025-06-19 09:30:00,REAL,2723845155,487,2723845642,2723845642
2025-06-19 09:30:02,REAL,2723845642,479,2723846121,2723846121
2025-06-19 09:30:04,REAL,2723846121,488,2723846609,2723846609
2025-06-19 09:30:06,REAL,2723846609,476,2723847085,2723847085
2025-06-19 09:30:08,REAL,2723847085,480,2723847565,2723847565
2025-06-19 09:30:10,REAL,2723847565,7555,2723855120,2723855120
2025-06-19 09:30:12,REAL,2723855120,10852,2723865972,2723865972
2025-06-19 09:30:14,REAL,2723865972,10252,2723876224,2723876224
2025-06-19 09:30:16,REAL,2723876224,10249,2723886473,2723886473
2025-06-19 09:30:18,REAL,2723886473,10254,2723896727,2723896727
2025-06-19 09:30:20,REAL,2723896727,10316,2723907043,2723907043
2025-06-19 09:30:22,REAL,2723907043,10306,2723917349,2723917349
2025-06-19 09:30:24,REAL,2723917349,8927,2723926276,2723926276
2025-06-19 09:30:26,REAL,2723926276,489,2723926765,2723926765
2025-06-19 09:30:28,REAL,2723926765,486,2723927251,2723927251
2025-06-19 09:30:30,REAL,2723927251,490,2723927741,2723927741
2025-06-19 09:30:32,REAL,2723927741,482,2723928223,2723928223
2025-06-19 09:30:34,REAL,2723928223,490,2723928713,2723928713
2025-06-19 09:30:36,REAL,2723928713,482,2723929195,2723929195
2025-06-19 09:30:38,REAL,2723929195,488,2723929683,2723929683
2025-06-19 09:30:40,REAL,2723929683,482,2723930165,2723930165
2025-06-19 09:30:42,REAL,2723930165,489,2723930654,2723930654
2025-06-19 09:30:44,REAL,2723930654,486,2723931140,2723931140
2025-06-19 09:30:46,REAL,2723931140,488,2723931628,2723931628
2025-06-19 09:30:48,REAL,2723931628,479,2723932107,2723932107
2025-06-19 09:30:50,REAL,2723932107,484,2723932591,2723932591
2025-06-19 09:30:52,REAL,2723932591,544,2723933135,2723933135
2025-06-19 09:30:54,REAL,2723933135,485,2723933620,2723933620
2025-06-19 09:30:56,REAL,2723933620,492,2723934112,2723934112
2025-06-19 09:30:58,REAL,2723934112,537,2723934649,2723934649
2025-06-19 09:31:00,REAL,2723934649,482,2723935131,2723935131
2025-06-19 09:31:02,REAL,2723935131,486,2723935617,2723935617
2025-06-19 09:31:04,REAL,2723935617,485,2723936102,2723936102
2025-06-19 09:31:06,REAL,2723936102,480,2723936582,2723936582
2025-06-19 09:31:08,REAL,2723936582,478,2723937060,2723937060
2025-06-19 09:31:10,REAL,2723937060,483,2723937543,2723937543
2025-06-19 09:31:12,REAL,2723937543,491,2723938034,2723938034
2025-06-19 09:31:14,REAL,2723938034,491,2723938525,2723938525
2025-06-19 09:31:16,REAL,2723938525,485,2723939010,2723939010
2025-06-19 09:31:18,REAL,2723939010,492,2723939502,2723939502
2025-06-19 09:31:20,REAL,2723939502,479,2723939981,2723939981
2025-06-19 09:31:22,REAL,2723939981,482,2723940463,2723940463
2025-06-19 09:31:24,REAL,2723940463,482,2723940945,2723940945
2025-06-19 09:31:26,REAL,2723940945,482,2723941427,2723941427
2025-06-19 09:31:28,REAL,2723941427,482,2723941909,2723941909
2025-06-19 09:31:30,REAL,2723941909,485,2723942394,2723942394
2025-06-19 09:31:32,REAL,2723942394,484,2723942878,2723942878
2025-06-19 09:31:34,REAL,2723942878,547,2723943425,2723943425
2025-06-19 09:31:36,REAL,2723943425,540,2723943965,2723943965
2025-06-19 09:31:38,REAL,2723943965,491,2723944456,2723944456
2025-06-19 09:31:40,REAL,2723944456,485,2723944941,2723944941
2025-06-19 09:31:42,REAL,2723944941,485,2723945426,2723945426
2025-06-19 09:31:44,REAL,2723945426,483,2723945909,2723945909
2025-06-19 09:31:46,REAL,2723945909,489,2723946398,2723946398
2025-06-19 09:31:48,REAL,2723946398,484,2723946882,2723946882
2025-06-19 09:31:50,REAL,2723946882,486,2723947368,2723947368
2025-06-19 09:31:52,REAL,2723947368,482,2723947850,2723947850
2025-06-19 09:31:54,REAL,2723947850,481,2723948331,2723948331
2025-06-19 09:31:56,REAL,2723948331,487,2723948818,2723948818
2025-06-19 09:31:58,REAL,2723948818,483,2723949301,2723949301
2025-06-19 09:32:00,REAL,2723949301,491,2723949792,2723949792
2025-06-19 09:32:02,REAL,2723949792,488,2723950280,2723950280
2025-06-19 09:32:04,REAL,2723950280,488,2723950768,2723950768
2025-06-19 09:32:06,REAL,2723950768,486,2723951254,2723951254
2025-06-19 09:32:08,REAL,2723951254,489,2723951743,2723951743
2025-06-19 09:32:10,REAL,2723951743,483,2723952226,2723952226
2025-06-19 09:32:12,REAL,2723952226,543,2723952769,2723952769
2025-06-19 09:32:14,REAL,2723952769,490,2723953259,2723953259
2025-06-19 09:32:16,REAL,2723953259,479,2723953738,2723953738
2025-06-19 09:32:18,REAL,2723953738,540,2723954278,2723954278
2025-06-19 09:32:20,REAL,2723954278,483,2723954761,2723954761
2025-06-19 09:32:22,REAL,2723954761,485,2723955246,2723955246
2025-06-19 09:32:24,REAL,2723955246,481,2723955727,2723955727
2025-06-19 09:32:26,REAL,2723955727,487,2723956214,2723956214
2025-06-19 09:32:28,REAL,2723956214,482,2723956696,2723956696
2025-06-19 09:32:30,REAL,2723956696,490,2723957186,2723957186
2025-06-19 09:32:32,REAL,2723957186,483,2723957669,2723957669
2025-06-19 09:32:34,REAL,2723957669,486,2723958155,2723958155
2025-06-19 09:32:36,REAL,2723958155,487,2723958642,2723958642
2025-06-19 09:32:38,REAL,2723958642,475,2723959117,2723959117
2025-06-19 09:32:40,REAL,2723959117,478,2723959595,2723959595
2025-06-19 09:32:42,REAL,2723959595,490,2723960085,2723960085
2025-06-19 09:32:44,REAL,2723960085,489,2723960574,2723960574
2025-06-19 09:32:46,REAL,2723960574,483,2723961057,2723961057
2025-06-19 09:32:48,REAL,2723961057,480,2723961537,2723961537
2025-06-19 09:32:50,REAL,2723961537,541,2723962078,2723962078
2025-06-19 09:32:52,REAL,2723962078,484,2723962562,2723962562
2025-06-19 09:32:54,REAL,2723962562,487,2723963049,2723963049
2025-06-19 09:32:56,REAL,2723963049,483,2723963532,2723963532
2025-06-19 09:32:58,REAL,2723963532,480,2723964012,2723964012
2025-06-19 09:33:00,REAL,2723964012,541,2723964553,2723964553
2025-06-19 09:33:02,REAL,2723964553,477,2723965030,2723965030
2025-06-19 09:33:04,REAL,2723965030,488,2723965518,2723965518
2025-06-19 09:33:06,REAL,2723965518,489,2723966007,2723966007
2025-06-19 09:33:08,REAL,2723966007,487,2723966494,2723966494
2025-06-19 09:33:10,REAL,2723966494,490,2723966984,2723966984
2025-06-19 09:33:12,REAL,2723966984,489,2723967473,2723967473
2025-06-19 09:33:14,REAL,2723967473,485,2723967958,2723967958
2025-06-19 09:33:16,REAL,2723967958,484,2723968442,2723968442
2025-06-19 09:33:18,REAL,2723968442,480,2723968922,2723968922
2025-06-19 09:33:20,REAL,2723968922,483,2723969405,2723969405
2025-06-19 09:33:22,REAL,2723969405,485,2723969890,2723969890
2025-06-19 09:33:24,REAL,2723969890,485,2723970375,2723970375
2025-06-19 09:33:26,REAL,2723970375,532,2723970907,2723970907
2025-06-19 09:33:28,REAL,2723970907,478,2723971385,2723971385
2025-06-19 09:33:30,REAL,2723971385,6500,2723977885,2723977885
2025-06-19 09:33:32,REAL,2723977885,13162,2723991047,2723991047
2025-06-19 09:33:34,REAL,2723991047,10248,2724001295,2724001295
2025-06-19 09:33:36,REAL,2724001295,10319,2724011614,2724011614
2025-06-19 09:33:38,REAL,2724011614,10253,2724021867,2724021867
2025-06-19 09:33:40,REAL,2724021867,10254,2724032121,2724032121
2025-06-19 09:33:42,REAL,2724032121,10317,2724042438,2724042438
2025-06-19 09:33:44,REAL,2724042438,10248,2724052686,2724052686
2025-06-19 09:33:46,REAL,2724052686,887,2724053573,2724053573
2025-06-19 09:33:48,REAL,2724053573,479,2724054052,2724054052
2025-06-19 09:33:50,REAL,2724054052,482,2724054534,2724054534
2025-06-19 09:33:52,REAL,2724054534,482,2724055016,2724055016
2025-06-19 09:33:54,REAL,2724055016,490,2724055506,2724055506
2025-06-19 09:33:56,REAL,2724055506,481,2724055987,2724055987
2025-06-19 09:33:58,REAL,2724055987,485,2724056472,2724056472
2025-06-19 09:34:00,REAL,2724056472,488,2724056960,2724056960
2025-06-19 09:34:02,REAL,2724056960,6094,2724063054,2724063054
2025-06-19 09:34:04,REAL,2724063054,11382,2724074436,2724074436
2025-06-19 09:34:06,REAL,2724074436,10252,2724084688,2724084688
2025-06-19 09:34:08,REAL,2724084688,10251,2724094939,2724094939
2025-06-19 09:34:10,REAL,2724094939,10249,2724105188,2724105188
2025-06-19 09:34:12,REAL,2724105188,10320,2724115508,2724115508
2025-06-19 09:34:14,REAL,2724115508,10244,2724125752,2724125752
2025-06-19 09:34:16,REAL,2724125752,9989,2724135741,2724135741
2025-06-19 09:34:18,REAL,2724135741,482,2724136223,2724136223
2025-06-19 09:34:20,REAL,2724136223,491,2724136714,2724136714
2025-06-19 09:34:22,REAL,2724136714,883,2724137597,2724137597
2025-06-19 09:34:24,REAL,2724137597,11904,2724149501,2724149501
2025-06-19 09:34:26,REAL,2724149501,10257,2724159758,2724159758
2025-06-19 09:34:28,REAL,2724159758,10255,2724170013,2724170013
2025-06-19 09:34:30,REAL,2724170013,10318,2724180331,2724180331
2025-06-19 09:34:32,REAL,2724180331,10248,2724190579,2724190579
2025-06-19 09:34:34,REAL,2724190579,10252,2724200831,2724200831
2025-06-19 09:34:36,REAL,2724200831,10773,2724211604,2724211604
2025-06-19 09:34:38,REAL,2724211604,4305,2724215909,2724215909
2025-06-19 09:34:40,REAL,2724215909,479,2724216388,2724216388
2025-06-19 09:34:42,REAL,2724216388,478,2724216866,2724216866
2025-06-19 09:34:44,REAL,2724216866,485,2724217351,2724217351
2025-06-19 09:34:46,REAL,2724217351,487,2724217838,2724217838
2025-06-19 09:34:48,REAL,2724217838,478,2724218316,2724218316
2025-06-19 09:34:50,REAL,2724218316,485,2724218801,2724218801
2025-06-19 09:34:52,REAL,2724218801,492,2724219293,2724219293
2025-06-19 09:34:54,REAL,2724219293,490,2724219783,2724219783
2025-06-19 09:34:56,REAL,2724219783,486,2724220269,2724220269
2025-06-19 09:34:58,REAL,2724220269,481,2724220750,2724220750
2025-06-19 09:35:00,REAL,2724220750,479,2724221229,2724221229
2025-06-19 09:35:02,REAL,2724221229,492,2724221721,2724221721
2025-06-19 09:35:04,REAL,2724221721,486,2724222207,2724222207
2025-06-19 09:35:06,REAL,2724222207,532,2724222739,2724222739
2025-06-19 09:35:08,REAL,2724222739,485,2724223224,2724223224
2025-06-19 09:35:10,REAL,2724223224,479,2724223703,2724223703
2025-06-19 09:35:12,REAL,2724223703,490,2724224193,2724224193
2025-06-19 09:35:14,REAL,2724224193,476,2724224669,2724224669
2025-06-19 09:35:16,REAL,2724224669,545,2724225214,2724225214
2025-06-19 09:35:18,REAL,2724225214,491,2724225705,2724225705
2025-06-19 09:35:20,REAL,2724225705,479,2724226184,2724226184
2025-06-19 09:35:22,REAL,2724226184,486,2724226670,2724226670
2025-06-19 09:35:24,REAL,2724226670,483,2724227153,2724227153
2025-06-19 09:35:26,REAL,2724227153,485,2724227638,2724227638
2025-06-19 09:35:28,REAL,2724227638,479,2724228117,2724228117
2025-06-19 09:35:30,REAL,2724228117,476,2724228593,2724228593
2025-06-19 09:35:32,REAL,2724228593,492,2724229085,2724229085
2025-06-19 09:35:34,REAL,2724229085,490,2724229575,2724229575
2025-06-19 09:35:36,REAL,2724229575,483,2724230058,2724230058
2025-06-19 09:35:38,REAL,2724230058,485,2724230543,2724230543
2025-06-19 09:35:40,REAL,2724230543,485,2724231028,2724231028
2025-06-19 09:35:42,REAL,2724231028,480,2724231508,2724231508
2025-06-19 09:35:44,REAL,2724231508,545,2724232053,2724232053
2025-06-19 09:35:46,REAL,2724232053,487,2724232540,2724232540
2025-06-19 09:35:48,REAL,2724232540,488,2724233028,2724233028
2025-06-19 09:35:50,REAL,2724233028,490,2724233518,2724233518
2025-06-19 09:35:52,REAL,2724233518,476,2724233994,2724233994
2025-06-19 09:35:54,REAL,2724233994,483,2724234477,2724234477
2025-06-19 09:35:56,REAL,2724234477,545,2724235022,2724235022
2025-06-19 09:35:58,REAL,2724235022,483,2724235505,2724235505
2025-06-19 09:36:00,REAL,2724235505,487,2724235992,2724235992
2025-06-19 09:36:02,REAL,2724235992,479,2724236471,2724236471
2025-06-19 09:36:04,REAL,2724236471,487,2724236958,2724236958
2025-06-19 09:36:06,REAL,2724236958,478,2724237436,2724237436
2025-06-19 09:36:08,REAL,2724237436,485,2724237921,2724237921
2025-06-19 09:36:10,REAL,2724237921,476,2724238397,2724238397
2025-06-19 09:36:12,REAL,2724238397,492,2724238889,2724238889
2025-06-19 09:36:14,REAL,2724238889,548,2724239437,2724239437
2025-06-19 09:36:16,REAL,2724239437,477,2724239914,2724239914
2025-06-19 09:36:18,REAL,2724239914,485,2724240399,2724240399
2025-06-19 09:36:20,REAL,2724240399,484,2724240883,2724240883
2025-06-19 09:36:22,REAL,2724240883,484,2724241367,2724241367
2025-06-19 09:36:24,REAL,2724241367,491,2724241858,2724241858
2025-06-19 09:36:26,REAL,2724241858,494,2724242352,2724242352
2025-06-19 09:36:28,REAL,2724242352,478,2724242830,2724242830
2025-06-19 09:36:30,REAL,2724242830,480,2724243310,2724243310
2025-06-19 09:36:32,REAL,2724243310,491,2724243801,2724243801
2025-06-19 09:36:34,REAL,2724243801,486,2724244287,2724244287
2025-06-19 09:36:36,REAL,2724244287,485,2724244772,2724244772
2025-06-19 09:36:38,REAL,2724244772,485,2724245257,2724245257
2025-06-19 09:36:40,REAL,2724245257,486,2724245743,2724245743
2025-06-19 09:36:42,REAL,2724245743,477,2724246220,2724246220
2025-06-19 09:36:44,REAL,2724246220,535,2724246755,2724246755
2025-06-19 09:36:46,REAL,2724246755,4579,2724251334,2724251334
2025-06-19 09:36:48,REAL,2724251334,11435,2724262769,2724262769
2025-06-19 09:36:50,REAL,2724262769,10320,2724273089,2724273089
2025-06-19 09:36:52,REAL,2724273089,10324,2724283413,2724283413
2025-06-19 09:36:54,REAL,2724283413,10253,2724293666,2724293666
2025-06-19 09:36:56,REAL,2724293666,10318,2724303984,2724303984
2025-06-19 09:36:58,REAL,2724303984,10252,2724314236,2724314236
2025-06-19 09:37:00,REAL,2724314236,10323,2724324559,2724324559
2025-06-19 09:37:02,REAL,2724324559,1939,2724326498,2724326498
2025-06-19 09:37:04,REAL,2724326498,475,2724326973,2724326973
2025-06-19 09:37:06,REAL,2724326973,480,2724327453,2724327453
2025-06-19 09:37:08,REAL,2724327453,489,2724327942,2724327942
2025-06-19 09:37:10,REAL,2724327942,487,2724328429,2724328429
2025-06-19 09:37:12,REAL,2724328429,541,2724328970,2724328970
2025-06-19 09:37:14,REAL,2724328970,477,2724329447,2724329447
2025-06-19 09:37:16,REAL,2724329447,485,2724329932,2724329932
2025-06-19 09:37:18,REAL,2724329932,483,2724330415,2724330415
2025-06-19 09:37:20,REAL,2724330415,491,2724330906,2724330906
2025-06-19 09:37:22,REAL,2724330906,474,2724331380,2724331380
2025-06-19 09:37:24,REAL,2724331380,484,2724331864,2724331864
2025-06-19 09:37:26,REAL,2724331864,485,2724332349,2724332349
2025-06-19 09:37:28,REAL,2724332349,481,2724332830,2724332830
2025-06-19 09:37:30,REAL,2724332830,485,2724333315,2724333315
2025-06-19 09:37:32,REAL,2724333315,478,2724333793,2724333793
2025-06-19 09:37:34,REAL,2724333793,478,2724334271,2724334271
2025-06-19 09:37:36,REAL,2724334271,540,2724334811,2724334811
2025-06-19 09:37:38,REAL,2724334811,487,2724335298,2724335298
2025-06-19 09:37:40,REAL,2724335298,11058,2724346356,2724346356
2025-06-19 09:37:42,REAL,2724346356,10370,2724356726,2724356726
2025-06-19 09:37:44,REAL,2724356726,10244,2724366970,2724366970
2025-06-19 09:37:46,REAL,2724366970,10249,2724377219,2724377219
2025-06-19 09:37:48,REAL,2724377219,10316,2724387535,2724387535
2025-06-19 09:37:50,REAL,2724387535,10259,2724397794,2724397794
2025-06-19 09:37:52,REAL,2724397794,10245,2724408039,2724408039
2025-06-19 09:37:54,REAL,2724408039,5892,2724413931,2724413931
2025-06-19 09:37:56,REAL,2724413931,479,2724414410,2724414410
2025-06-19 09:37:58,REAL,2724414410,479,2724414889,2724414889
2025-06-19 09:38:00,REAL,2724414889,6038,2724420927,2724420927
2025-06-19 09:38:02,REAL,2724420927,11308,2724432235,2724432235
2025-06-19 09:38:04,REAL,2724432235,10256,2724442491,2724442491
2025-06-19 09:38:06,REAL,2724442491,10325,2724452816,2724452816
2025-06-19 09:38:08,REAL,2724452816,10258,2724463074,2724463074
2025-06-19 09:38:10,REAL,2724463074,10321,2724473395,2724473395
2025-06-19 09:38:12,REAL,2724473395,10061,2724483456,2724483456
2025-06-19 09:38:14,REAL,2724483456,10258,2724493714,2724493714
2025-06-19 09:38:16,REAL,2724493714,614,2724494328,2724494328
2025-06-19 09:38:18,REAL,2724494328,477,2724494805,2724494805
2025-06-19 09:38:20,REAL,2724494805,487,2724495292,2724495292
2025-06-19 09:38:22,REAL,2724495292,486,2724495778,2724495778
2025-06-19 09:38:24,REAL,2724495778,481,2724496259,2724496259
2025-06-19 09:38:26,REAL,2724496259,494,2724496753,2724496753
2025-06-19 09:38:28,REAL,2724496753,482,2724497235,2724497235
2025-06-19 09:38:30,REAL,2724497235,476,2724497711,2724497711
2025-06-19 09:38:32,REAL,2724497711,6499,2724504210,2724504210
2025-06-19 09:38:34,REAL,2724504210,11173,2724515383,2724515383
2025-06-19 09:38:36,REAL,2724515383,10320,2724525703,2724525703
2025-06-19 09:38:38,REAL,2724525703,11351,2724537054,2724537054
2025-06-19 09:38:40,REAL,2724537054,9213,2724546267,2724546267
2025-06-19 09:38:42,REAL,2724546267,10315,2724556582,2724556582
2025-06-19 09:38:44,REAL,2724556582,10248,2724566830,2724566830
2025-06-19 09:38:46,REAL,2724566830,9847,2724576677,2724576677
2025-06-19 09:38:48,REAL,2724576677,490,2724577167,2724577167
2025-06-19 09:38:50,REAL,2724577167,482,2724577649,2724577649
2025-06-19 09:38:52,REAL,2724577649,486,2724578135,2724578135
2025-06-19 09:38:54,REAL,2724578135,489,2724578624,2724578624
2025-06-19 09:38:56,REAL,2724578624,481,2724579105,2724579105
2025-06-19 09:38:58,REAL,2724579105,478,2724579583,2724579583
2025-06-19 09:39:00,REAL,2724579583,488,2724580071,2724580071
2025-06-19 09:39:02,REAL,2724580071,490,2724580561,2724580561
2025-06-19 09:39:04,REAL,2724580561,482,2724581043,2724581043
2025-06-19 09:39:06,REAL,2724581043,486,2724581529,2724581529
2025-06-19 09:39:08,REAL,2724581529,480,2724582009,2724582009
2025-06-19 09:39:10,REAL,2724582009,539,2724582548,2724582548
2025-06-19 09:39:12,REAL,2724582548,488,2724583036,2724583036
2025-06-19 09:39:14,REAL,2724583036,485,2724583521,2724583521
2025-06-19 09:39:16,REAL,2724583521,487,2724584008,2724584008
2025-06-19 09:39:18,REAL,2724584008,485,2724584493,2724584493
2025-06-19 09:39:20,REAL,2724584493,481,2724584974,2724584974
2025-06-19 09:39:22,REAL,2724584974,478,2724585452,2724585452
2025-06-19 09:39:24,REAL,2724585452,533,2724585985,2724585985
2025-06-19 09:39:26,REAL,2724585985,480,2724586465,2724586465
2025-06-19 09:39:28,REAL,2724586465,475,2724586940,2724586940
2025-06-19 09:39:30,REAL,2724586940,486,2724587426,2724587426
2025-06-19 09:39:32,REAL,2724587426,482,2724587908,2724587908
2025-06-19 09:39:34,REAL,2724587908,478,2724588386,2724588386
2025-06-19 09:39:36,REAL,2724588386,478,2724588864,2724588864
2025-06-19 09:39:38,REAL,2724588864,479,2724589343,2724589343
2025-06-19 09:39:40,REAL,2724589343,536,2724589879,2724589879
2025-06-19 09:39:42,REAL,2724589879,477,2724590356,2724590356
2025-06-19 09:39:44,REAL,2724590356,490,2724590846,2724590846
2025-06-19 09:39:46,REAL,2724590846,489,2724591335,2724591335
2025-06-19 09:39:48,REAL,2724591335,483,2724591818,2724591818
2025-06-19 09:39:50,REAL,2724591818,480,2724592298,2724592298
2025-06-19 09:39:52,REAL,2724592298,481,2724592779,2724592779
2025-06-19 09:39:54,REAL,2724592779,481,2724593260,2724593260
2025-06-19 09:39:56,REAL,2724593260,488,2724593748,2724593748
2025-06-19 09:39:58,REAL,2724593748,481,2724594229,2724594229
2025-06-19 09:40:00,REAL,2724594229,483,2724594712,2724594712
2025-06-19 09:40:02,REAL,2724594712,487,2724595199,2724595199
2025-06-19 09:40:04,REAL,2724595199,479,2724595678,2724595678
2025-06-19 09:40:06,REAL,2724595678,486,2724596164,2724596164
2025-06-19 09:40:08,REAL,2724596164,478,2724596642,2724596642
2025-06-19 09:40:10,REAL,2724596642,485,2724597127,2724597127
2025-06-19 09:40:12,REAL,2724597127,543,2724597670,2724597670
2025-06-19 09:40:14,REAL,2724597670,475,2724598145,2724598145
2025-06-19 09:40:16,REAL,2724598145,542,2724598687,2724598687
2025-06-19 09:40:18,REAL,2724598687,480,2724599167,2724599167
2025-06-19 09:40:20,REAL,2724599167,490,2724599657,2724599657
2025-06-19 09:40:22,REAL,2724599657,483,2724600140,2724600140
2025-06-19 09:40:24,REAL,2724600140,490,2724600630,2724600630
2025-06-19 09:40:26,REAL,2724600630,484,2724601114,2724601114
2025-06-19 09:40:28,REAL,2724601114,484,2724601598,2724601598
2025-06-19 09:40:30,REAL,2724601598,487,2724602085,2724602085
2025-06-19 09:40:32,REAL,2724602085,484,2724602569,2724602569
2025-06-19 09:40:34,REAL,2724602569,484,2724603053,2724603053
2025-06-19 09:40:36,REAL,2724603053,478,2724603531,2724603531
2025-06-19 09:40:38,REAL,2724603531,478,2724604009,2724604009
2025-06-19 09:40:40,REAL,2724604009,476,2724604485,2724604485
2025-06-19 09:40:42,REAL,2724604485,2937,2724607422,2724607422
2025-06-19 09:40:44,REAL,2724607422,11241,2724618663,2724618663
2025-06-19 09:40:46,REAL,2724618663,10368,2724629031,2724629031
2025-06-19 09:40:48,REAL,2724629031,10245,2724639276,2724639276
2025-06-19 09:40:50,REAL,2724639276,10314,2724649590,2724649590
2025-06-19 09:40:52,REAL,2724649590,10252,2724659842,2724659842
2025-06-19 09:40:54,REAL,2724659842,10321,2724670163,2724670163
2025-06-19 09:40:56,REAL,2724670163,10257,2724680420,2724680420
2025-06-19 09:40:58,REAL,2724680420,3187,2724683607,2724683607
2025-06-19 09:41:00,REAL,2724683607,487,2724684094,2724684094
2025-06-19 09:41:02,REAL,2724684094,479,2724684573,2724684573
2025-06-19 09:41:04,REAL,2724684573,489,2724685062,2724685062
2025-06-19 09:41:06,REAL,2724685062,489,2724685551,2724685551
2025-06-19 09:41:08,REAL,2724685551,482,2724686033,2724686033
2025-06-19 09:41:10,REAL,2724686033,491,2724686524,2724686524
2025-06-19 09:41:12,REAL,2724686524,484,2724687008,2724687008
2025-06-19 09:41:14,REAL,2724687008,4262,2724691270,2724691270
2025-06-19 09:41:16,REAL,2724691270,11314,2724702584,2724702584
2025-06-19 09:41:18,REAL,2724702584,10250,2724712834,2724712834
2025-06-19 09:41:20,REAL,2724712834,10321,2724723155,2724723155
2025-06-19 09:41:22,REAL,2724723155,10303,2724733458,2724733458
2025-06-19 09:41:24,REAL,2724733458,10250,2724743708,2724743708
2025-06-19 09:41:26,REAL,2724743708,10321,2724754029,2724754029
2025-06-19 09:41:28,REAL,2724754029,10317,2724764346,2724764346
2025-06-19 09:41:30,REAL,2724764346,2596,2724766942,2724766942
2025-06-19 09:41:32,REAL,2724766942,475,2724767417,2724767417
2025-06-19 09:41:34,REAL,2724767417,489,2724767906,2724767906
2025-06-19 09:41:36,REAL,2724767906,476,2724768382,2724768382
2025-06-19 09:41:38,REAL,2724768382,478,2724768860,2724768860
2025-06-19 09:41:40,REAL,2724768860,482,2724769342,2724769342
2025-06-19 09:41:42,REAL,2724769342,482,2724769824,2724769824
2025-06-19 09:41:44,REAL,2724769824,485,2724770309,2724770309
2025-06-19 09:41:46,REAL,2724770309,486,2724770795,2724770795
2025-06-19 09:41:48,REAL,2724770795,487,2724771282,2724771282
2025-06-19 09:41:50,REAL,2724771282,532,2724771814,2724771814
2025-06-19 09:41:52,REAL,2724771814,489,2724772303,2724772303
2025-06-19 09:41:54,REAL,2724772303,485,2724772788,2724772788
2025-06-19 09:41:56,REAL,2724772788,546,2724773334,2724773334
2025-06-19 09:41:58,REAL,2724773334,476,2724773810,2724773810
2025-06-19 09:42:00,REAL,2724773810,487,2724774297,2724774297
2025-06-19 09:42:02,REAL,2724774297,492,2724774789,2724774789
2025-06-19 09:42:04,REAL,2724774789,482,2724775271,2724775271
2025-06-19 09:42:06,REAL,2724775271,487,2724775758,2724775758
2025-06-19 09:42:08,REAL,2724775758,482,2724776240,2724776240
2025-06-19 09:42:10,REAL,2724776240,486,2724776726,2724776726
2025-06-19 09:42:12,REAL,2724776726,486,2724777212,2724777212
2025-06-19 09:42:14,REAL,2724777212,484,2724777696,2724777696
2025-06-19 09:42:16,REAL,2724777696,480,2724778176,2724778176
2025-06-19 09:42:18,REAL,2724778176,480,2724778656,2724778656
2025-06-19 09:42:20,REAL,2724778656,485,2724779141,2724779141
2025-06-19 09:42:22,REAL,2724779141,482,2724779623,2724779623
2025-06-19 09:42:24,REAL,2724779623,539,2724780162,2724780162
2025-06-19 09:42:26,REAL,2724780162,488,2724780650,2724780650
2025-06-19 09:42:28,REAL,2724780650,485,2724781135,2724781135
2025-06-19 09:42:30,REAL,2724781135,479,2724781614,2724781614
2025-06-19 09:42:32,REAL,2724781614,539,2724782153,2724782153
2025-06-19 09:42:34,REAL,2724782153,5977,2724788130,2724788130
2025-06-19 09:42:36,REAL,2724788130,14154,2724802284,2724802284
2025-06-19 09:42:38,REAL,2724802284,10253,2724812537,2724812537
2025-06-19 09:42:40,REAL,2724812537,10318,2724822855,2724822855
2025-06-19 09:42:42,REAL,2724822855,10314,2724833169,2724833169
2025-06-19 09:42:44,REAL,2724833169,10250,2724843419,2724843419
2025-06-19 09:42:46,REAL,2724843419,10312,2724853731,2724853731
2025-06-19 09:42:48,REAL,2724853731,10254,2724863985,2724863985
2025-06-19 09:42:50,REAL,2724863985,1017,2724865002,2724865002
2025-06-19 09:42:52,REAL,2724865002,487,2724865489,2724865489
2025-06-19 09:42:54,REAL,2724865489,487,2724865976,2724865976
2025-06-19 09:42:56,REAL,2724865976,486,2724866462,2724866462
2025-06-19 09:42:58,REAL,2724866462,486,2724866948,2724866948
2025-06-19 09:43:00,REAL,2724866948,482,2724867430,2724867430
2025-06-19 09:43:02,REAL,2724867430,494,2724867924,2724867924
2025-06-19 09:43:04,REAL,2724867924,477,2724868401,2724868401
2025-06-19 09:43:06,REAL,2724868401,541,2724868942,2724868942
2025-06-19 09:43:08,REAL,2724868942,546,2724869488,2724869488
2025-06-19 09:43:10,REAL,2724869488,481,2724869969,2724869969
2025-06-19 09:43:12,REAL,2724869969,480,2724870449,2724870449
2025-06-19 09:43:14,REAL,2724870449,489,2724870938,2724870938
2025-06-19 09:43:16,REAL,2724870938,482,2724871420,2724871420
2025-06-19 09:43:18,REAL,2724871420,493,2724871913,2724871913
2025-06-19 09:43:20,REAL,2724871913,488,2724872401,2724872401
2025-06-19 09:43:22,REAL,2724872401,480,2724872881,2724872881
2025-06-19 09:43:24,REAL,2724872881,491,2724873372,2724873372
2025-06-19 09:43:26,REAL,2724873372,488,2724873860,2724873860
2025-06-19 09:43:28,REAL,2724873860,490,2724874350,2724874350
2025-06-19 09:43:30,REAL,2724874350,480,2724874830,2724874830
2025-06-19 09:43:32,REAL,2724874830,481,2724875311,2724875311
2025-06-19 09:43:34,REAL,2724875311,481,2724875792,2724875792
2025-06-19 09:43:36,REAL,2724875792,483,2724876275,2724876275
2025-06-19 09:43:38,REAL,2724876275,488,2724876763,2724876763
2025-06-19 09:43:40,REAL,2724876763,531,2724877294,2724877294
2025-06-19 09:43:42,REAL,2724877294,534,2724877828,2724877828
2025-06-19 09:43:44,REAL,2724877828,482,2724878310,2724878310
2025-06-19 09:43:46,REAL,2724878310,478,2724878788,2724878788
2025-06-19 09:43:48,REAL,2724878788,487,2724879275,2724879275
2025-06-19 09:43:50,REAL,2724879275,485,2724879760,2724879760
2025-06-19 09:43:52,REAL,2724879760,475,2724880235,2724880235
2025-06-19 09:43:54,REAL,2724880235,486,2724880721,2724880721
2025-06-19 09:43:56,REAL,2724880721,484,2724881205,2724881205
2025-06-19 09:43:58,REAL,2724881205,476,2724881681,2724881681
2025-06-19 09:44:00,REAL,2724881681,474,2724882155,2724882155
2025-06-19 09:44:02,REAL,2724882155,492,2724882647,2724882647
2025-06-19 09:44:04,REAL,2724882647,482,2724883129,2724883129
2025-06-19 09:44:06,REAL,2724883129,482,2724883611,2724883611
2025-06-19 09:44:08,REAL,2724883611,490,2724884101,2724884101
2025-06-19 09:44:10,REAL,2724884101,490,2724884591,2724884591
2025-06-19 09:44:12,REAL,2724884591,485,2724885076,2724885076
2025-06-19 09:44:14,REAL,2724885076,541,2724885617,2724885617
2025-06-19 09:44:16,REAL,2724885617,540,2724886157,2724886157
2025-06-19 09:44:18,REAL,2724886157,488,2724886645,2724886645
2025-06-19 09:44:20,REAL,2724886645,482,2724887127,2724887127
2025-06-19 09:44:22,REAL,2724887127,475,2724887602,2724887602
2025-06-19 09:44:24,REAL,2724887602,479,2724888081,2724888081
2025-06-19 09:44:26,REAL,2724888081,484,2724888565,2724888565
2025-06-19 09:44:28,REAL,2724888565,487,2724889052,2724889052
2025-06-19 09:44:30,REAL,2724889052,484,2724889536,2724889536
2025-06-19 09:44:32,REAL,2724889536,486,2724890022,2724890022
2025-06-19 09:44:34,REAL,2724890022,486,2724890508,2724890508
2025-06-19 09:44:36,REAL,2724890508,481,2724890989,2724890989
2025-06-19 09:44:38,REAL,2724890989,475,2724891464,2724891464
2025-06-19 09:44:40,REAL,2724891464,477,2724891941,2724891941
2025-06-19 09:44:42,REAL,2724891941,487,2724892428,2724892428
2025-06-19 09:44:44,REAL,2724892428,483,2724892911,2724892911
2025-06-19 09:44:46,REAL,2724892911,479,2724893390,2724893390
2025-06-19 09:44:48,REAL,2724893390,539,2724893929,2724893929
2025-06-19 09:44:50,REAL,2724893929,550,2724894479,2724894479
2025-06-19 09:44:52,REAL,2724894479,484,2724894963,2724894963
2025-06-19 09:44:54,REAL,2724894963,489,2724895452,2724895452
2025-06-19 09:44:56,REAL,2724895452,480,2724895932,2724895932
2025-06-19 09:44:58,REAL,2724895932,487,2724896419,2724896419
2025-06-19 09:45:00,REAL,2724896419,492,2724896911,2724896911
2025-06-19 09:45:02,REAL,2724896911,488,2724897399,2724897399
2025-06-19 09:45:04,REAL,2724897399,485,2724897884,2724897884
2025-06-19 09:45:06,REAL,2724897884,488,2724898372,2724898372
2025-06-19 09:45:08,REAL,2724898372,494,2724898866,2724898866
2025-06-19 09:45:10,REAL,2724898866,483,2724899349,2724899349
2025-06-19 09:45:12,REAL,2724899349,479,2724899828,2724899828
2025-06-19 09:45:14,REAL,2724899828,477,2724900305,2724900305
2025-06-19 09:45:16,REAL,2724900305,479,2724900784,2724900784
2025-06-19 09:45:18,REAL,2724900784,483,2724901267,2724901267
2025-06-19 09:45:20,REAL,2724901267,486,2724901753,2724901753
2025-06-19 09:45:22,REAL,2724901753,536,2724902289,2724902289
2025-06-19 09:45:24,REAL,2724902289,485,2724902774,2724902774
2025-06-19 09:45:26,REAL,2724902774,535,2724903309,2724903309
2025-06-19 09:45:28,REAL,2724903309,482,2724903791,2724903791
2025-06-19 09:45:30,REAL,2724903791,485,2724904276,2724904276
2025-06-19 09:45:32,REAL,2724904276,481,2724904757,2724904757
2025-06-19 09:45:34,REAL,2724904757,493,2724905250,2724905250
2025-06-19 09:45:36,REAL,2724905250,483,2724905733,2724905733
2025-06-19 09:45:38,REAL,2724905733,481,2724906214,2724906214
2025-06-19 09:45:40,REAL,2724906214,487,2724906701,2724906701
2025-06-19 09:45:42,REAL,2724906701,478,2724907179,2724907179
2025-06-19 09:45:44,REAL,2724907179,488,2724907667,2724907667
2025-06-19 09:45:46,REAL,2724907667,485,2724908152,2724908152
2025-06-19 09:45:48,REAL,2724908152,481,2724908633,2724908633
2025-06-19 09:45:50,REAL,2724908633,492,2724909125,2724909125
2025-06-19 09:45:52,REAL,2724909125,492,2724909617,2724909617
2025-06-19 09:45:54,REAL,2724909617,481,2724910098,2724910098
2025-06-19 09:45:56,REAL,2724910098,477,2724910575,2724910575
2025-06-19 09:45:58,REAL,2724910575,490,2724911065,2724911065
2025-06-19 09:46:00,REAL,2724911065,491,2724911556,2724911556
2025-06-19 09:46:02,REAL,2724911556,540,2724912096,2724912096
2025-06-19 09:46:04,REAL,2724912096,533,2724912629,2724912629
2025-06-19 09:46:06,REAL,2724912629,4516,2724917145,2724917145
2025-06-19 09:46:08,REAL,2724917145,10982,2724928127,2724928127
2025-06-19 09:46:10,REAL,2724928127,10254,2724938381,2724938381
2025-06-19 09:46:12,REAL,2724938381,10325,2724948706,2724948706
2025-06-19 09:46:14,REAL,2724948706,10256,2724958962,2724958962
2025-06-19 09:46:16,REAL,2724958962,10254,2724969216,2724969216
2025-06-19 09:46:18,REAL,2724969216,10253,2724979469,2724979469
2025-06-19 09:46:20,REAL,2724979469,10319,2724989788,2724989788
2025-06-19 09:46:22,REAL,2724989788,1806,2724991594,2724991594
2025-06-19 09:46:24,REAL,2724991594,479,2724992073,2724992073
2025-06-19 09:46:26,REAL,2724992073,476,2724992549,2724992549
2025-06-19 09:46:28,REAL,2724992549,483,2724993032,2724993032
2025-06-19 09:46:30,REAL,2724993032,477,2724993509,2724993509
2025-06-19 09:46:32,REAL,2724993509,482,2724993991,2724993991
2025-06-19 09:46:34,REAL,2724993991,485,2724994476,2724994476
2025-06-19 09:46:36,REAL,2724994476,482,2724994958,2724994958
2025-06-19 09:46:38,REAL,2724994958,482,2724995440,2724995440
2025-06-19 09:46:40,REAL,2724995440,533,2724995973,2724995973
2025-06-19 09:46:42,REAL,2724995973,484,2724996457,2724996457
2025-06-19 09:46:44,REAL,2724996457,488,2724996945,2724996945
2025-06-19 09:46:46,REAL,2724996945,544,2724997489,2724997489
2025-06-19 09:46:48,REAL,2724997489,485,2724997974,2724997974
2025-06-19 09:46:50,REAL,2724997974,475,2724998449,2724998449
2025-06-19 09:46:52,REAL,2724998449,488,2724998937,2724998937
2025-06-19 09:46:54,REAL,2724998937,477,2724999414,2724999414
2025-06-19 09:46:56,REAL,2724999414,480,2724999894,2724999894
2025-06-19 09:46:58,REAL,2724999894,474,2725000368,2725000368
2025-06-19 09:47:00,REAL,2725000368,474,2725000842,2725000842
2025-06-19 09:47:02,REAL,2725000842,482,2725001324,2725001324
2025-06-19 09:47:04,REAL,2725001324,486,2725001810,2725001810
2025-06-19 09:47:06,REAL,2725001810,486,2725002296,2725002296
2025-06-19 09:47:08,REAL,2725002296,485,2725002781,2725002781
2025-06-19 09:47:10,REAL,2725002781,482,2725003263,2725003263
2025-06-19 09:47:12,REAL,2725003263,488,2725003751,2725003751
2025-06-19 09:47:14,REAL,2725003751,489,2725004240,2725004240
2025-06-19 09:47:16,REAL,2725004240,482,2725004722,2725004722
2025-06-19 09:47:18,REAL,2725004722,540,2725005262,2725005262
2025-06-19 09:47:20,REAL,2725005262,6692,2725011954,2725011954
2025-06-19 09:47:22,REAL,2725011954,13023,2725024977,2725024977
2025-06-19 09:47:24,REAL,2725024977,10322,2725035299,2725035299
2025-06-19 09:47:26,REAL,2725035299,10251,2725045550,2725045550
2025-06-19 09:47:28,REAL,2725045550,10324,2725055874,2725055874
2025-06-19 09:47:30,REAL,2725055874,10246,2725066120,2725066120
2025-06-19 09:47:32,REAL,2725066120,10318,2725076438,2725076438
2025-06-19 09:47:34,REAL,2725076438,10255,2725086693,2725086693
2025-06-19 09:47:36,REAL,2725086693,622,2725087315,2725087315
2025-06-19 09:47:38,REAL,2725087315,481,2725087796,2725087796
2025-06-19 09:47:40,REAL,2725087796,476,2725088272,2725088272
2025-06-19 09:47:42,REAL,2725088272,483,2725088755,2725088755
2025-06-19 09:47:44,REAL,2725088755,487,2725089242,2725089242
2025-06-19 09:47:46,REAL,2725089242,487,2725089729,2725089729
2025-06-19 09:47:48,REAL,2725089729,491,2725090220,2725090220
2025-06-19 09:47:50,REAL,2725090220,479,2725090699,2725090699
2025-06-19 09:47:52,REAL,2725090699,483,2725091182,2725091182
2025-06-19 09:47:54,REAL,2725091182,542,2725091724,2725091724
2025-06-19 09:47:56,REAL,2725091724,489,2725092213,2725092213
2025-06-19 09:47:58,REAL,2725092213,477,2725092690,2725092690
2025-06-19 09:48:00,REAL,2725092690,482,2725093172,2725093172
2025-06-19 09:48:02,REAL,2725093172,537,2725093709,2725093709
2025-06-19 09:48:04,REAL,2725093709,483,2725094192,2725094192
2025-06-19 09:48:06,REAL,2725094192,485,2725094677,2725094677
2025-06-19 09:48:08,REAL,2725094677,489,2725095166,2725095166
2025-06-19 09:48:10,REAL,2725095166,490,2725095656,2725095656
2025-06-19 09:48:12,REAL,2725095656,485,2725096141,2725096141
2025-06-19 09:48:14,REAL,2725096141,493,2725096634,2725096634
2025-06-19 09:48:16,REAL,2725096634,483,2725097117,2725097117
2025-06-19 09:48:18,REAL,2725097117,481,2725097598,2725097598
2025-06-19 09:48:20,REAL,2725097598,488,2725098086,2725098086
2025-06-19 09:48:22,REAL,2725098086,479,2725098565,2725098565
2025-06-19 09:48:24,REAL,2725098565,477,2725099042,2725099042
2025-06-19 09:48:26,REAL,2725099042,493,2725099535,2725099535
2025-06-19 09:48:28,REAL,2725099535,484,2725100019,2725100019
2025-06-19 09:48:30,REAL,2725100019,485,2725100504,2725100504
2025-06-19 09:48:32,REAL,2725100504,538,2725101042,2725101042
2025-06-19 09:48:34,REAL,2725101042,492,2725101534,2725101534
2025-06-19 09:48:36,REAL,2725101534,486,2725102020,2725102020
2025-06-19 09:48:38,REAL,2725102020,492,2725102512,2725102512
2025-06-19 09:48:40,REAL,2725102512,485,2725102997,2725102997
2025-06-19 09:48:42,REAL,2725102997,533,2725103530,2725103530
2025-06-19 09:48:44,REAL,2725103530,482,2725104012,2725104012
2025-06-19 09:48:46,REAL,2725104012,491,2725104503,2725104503
2025-06-19 09:48:48,REAL,2725104503,480,2725104983,2725104983
2025-06-19 09:48:50,REAL,2725104983,484,2725105467,2725105467
2025-06-19 09:48:52,REAL,2725105467,481,2725105948,2725105948
2025-06-19 09:48:54,REAL,2725105948,484,2725106432,2725106432
2025-06-19 09:48:56,REAL,2725106432,492,2725106924,2725106924
2025-06-19 09:48:58,REAL,2725106924,479,2725107403,2725107403
2025-06-19 09:49:00,REAL,2725107403,486,2725107889,2725107889
2025-06-19 09:49:02,REAL,2725107889,479,2725108368,2725108368
2025-06-19 09:49:04,REAL,2725108368,482,2725108850,2725108850
2025-06-19 09:49:06,REAL,2725108850,486,2725109336,2725109336
2025-06-19 09:49:08,REAL,2725109336,541,2725109877,2725109877
2025-06-19 09:49:10,REAL,2725109877,485,2725110362,2725110362
2025-06-19 09:49:12,REAL,2725110362,489,2725110851,2725110851
2025-06-19 09:49:14,REAL,2725110851,485,2725111336,2725111336
2025-06-19 09:49:16,REAL,2725111336,475,2725111811,2725111811
2025-06-19 09:49:18,REAL,2725111811,482,2725112293,2725112293
2025-06-19 09:49:20,REAL,2725112293,488,2725112781,2725112781
2025-06-19 09:49:22,REAL,2725112781,485,2725113266,2725113266
2025-06-19 09:49:24,REAL,2725113266,546,2725113812,2725113812
2025-06-19 09:49:26,REAL,2725113812,480,2725114292,2725114292
2025-06-19 09:49:28,REAL,2725114292,490,2725114782,2725114782
2025-06-19 09:49:30,REAL,2725114782,489,2725115271,2725115271
2025-06-19 09:49:32,REAL,2725115271,483,2725115754,2725115754
2025-06-19 09:49:34,REAL,2725115754,494,2725116248,2725116248
2025-06-19 09:49:36,REAL,2725116248,486,2725116734,2725116734
2025-06-19 09:49:38,REAL,2725116734,484,2725117218,2725117218
2025-06-19 09:49:40,REAL,2725117218,488,2725117706,2725117706
2025-06-19 09:49:42,REAL,2725117706,486,2725118192,2725118192
2025-06-19 09:49:44,REAL,2725118192,483,2725118675,2725118675
2025-06-19 09:49:46,REAL,2725118675,539,2725119214,2725119214
2025-06-19 09:49:48,REAL,2725119214,475,2725119689,2725119689
2025-06-19 09:49:50,REAL,2725119689,484,2725120173,2725120173
2025-06-19 09:49:52,REAL,2725120173,2931,2725123104,2725123104
2025-06-19 09:49:54,REAL,2725123104,12176,2725135280,2725135280
2025-06-19 09:49:56,REAL,2725135280,10258,2725145538,2725145538
2025-06-19 09:49:58,REAL,2725145538,10319,2725155857,2725155857
2025-06-19 09:50:00,REAL,2725155857,10250,2725166107,2725166107
2025-06-19 09:50:02,REAL,2725166107,10255,2725176362,2725176362
2025-06-19 09:50:04,REAL,2725176362,10323,2725186685,2725186685
2025-06-19 09:50:06,REAL,2725186685,10319,2725197004,2725197004
2025-06-19 09:50:08,REAL,2725197004,3128,2725200132,2725200132
2025-06-19 09:50:10,REAL,2725200132,482,2725200614,2725200614
2025-06-19 09:50:12,REAL,2725200614,484,2725201098,2725201098
2025-06-19 09:50:14,REAL,2725201098,479,2725201577,2725201577
2025-06-19 09:50:16,REAL,2725201577,486,2725202063,2725202063
2025-06-19 09:50:18,REAL,2725202063,484,2725202547,2725202547
2025-06-19 09:50:20,REAL,2725202547,480,2725203027,2725203027
2025-06-19 09:50:22,REAL,2725203027,534,2725203561,2725203561
2025-06-19 09:50:24,REAL,2725203561,489,2725204050,2725204050
2025-06-19 09:50:26,REAL,2725204050,491,2725204541,2725204541
2025-06-19 09:50:28,REAL,2725204541,486,2725205027,2725205027
2025-06-19 09:50:30,REAL,2725205027,487,2725205514,2725205514
2025-06-19 09:50:32,REAL,2725205514,489,2725206003,2725206003
2025-06-19 09:50:34,REAL,2725206003,483,2725206486,2725206486
2025-06-19 09:50:36,REAL,2725206486,486,2725206972,2725206972
2025-06-19 09:50:38,REAL,2725206972,483,2725207455,2725207455
2025-06-19 09:50:40,REAL,2725207455,487,2725207942,2725207942
2025-06-19 09:50:42,REAL,2725207942,541,2725208483,2725208483
2025-06-19 09:50:44,REAL,2725208483,485,2725208968,2725208968
2025-06-19 09:50:46,REAL,2725208968,485,2725209453,2725209453
2025-06-19 09:50:48,REAL,2725209453,544,2725209997,2725209997
2025-06-19 09:50:50,REAL,2725209997,480,2725210477,2725210477
2025-06-19 09:50:52,REAL,2725210477,484,2725210961,2725210961
2025-06-19 09:50:54,REAL,2725210961,487,2725211448,2725211448
2025-06-19 09:50:56,REAL,2725211448,475,2725211923,2725211923
2025-06-19 09:50:58,REAL,2725211923,478,2725212401,2725212401
2025-06-19 09:51:00,REAL,2725212401,481,2725212882,2725212882
2025-06-19 09:51:02,REAL,2725212882,480,2725213362,2725213362
2025-06-19 09:51:04,REAL,2725213362,485,2725213847,2725213847
2025-06-19 09:51:06,REAL,2725213847,486,2725214333,2725214333
2025-06-19 09:51:08,REAL,2725214333,481,2725214814,2725214814
2025-06-19 09:51:10,REAL,2725214814,488,2725215302,2725215302
2025-06-19 09:51:12,REAL,2725215302,477,2725215779,2725215779
2025-06-19 09:51:14,REAL,2725215779,481,2725216260,2725216260
2025-06-19 09:51:16,REAL,2725216260,540,2725216800,2725216800
2025-06-19 09:51:18,REAL,2725216800,479,2725217279,2725217279
2025-06-19 09:51:20,REAL,2725217279,484,2725217763,2725217763
2025-06-19 09:51:22,REAL,2725217763,484,2725218247,2725218247
2025-06-19 09:51:24,REAL,2725218247,489,2725218736,2725218736
2025-06-19 09:51:26,REAL,2725218736,488,2725219224,2725219224
2025-06-19 09:51:28,REAL,2725219224,484,2725219708,2725219708
2025-06-19 09:51:30,REAL,2725219708,484,2725220192,2725220192
2025-06-19 09:51:32,REAL,2725220192,530,2725220722,2725220722
2025-06-19 09:51:34,REAL,2725220722,482,2725221204,2725221204
2025-06-19 09:51:36,REAL,2725221204,483,2725221687,2725221687
2025-06-19 09:51:38,REAL,2725221687,490,2725222177,2725222177
2025-06-19 09:51:40,REAL,2725222177,494,2725222671,2725222671
2025-06-19 09:51:42,REAL,2725222671,487,2725223158,2725223158
2025-06-19 09:51:44,REAL,2725223158,539,2725223697,2725223697
2025-06-19 09:51:46,REAL,2725223697,487,2725224184,2725224184
2025-06-19 09:51:48,REAL,2725224184,484,2725224668,2725224668
2025-06-19 09:51:50,REAL,2725224668,481,2725225149,2725225149
2025-06-19 09:51:52,REAL,2725225149,484,2725225633,2725225633
2025-06-19 09:51:54,REAL,2725225633,481,2725226114,2725226114
2025-06-19 09:51:56,REAL,2725226114,482,2725226596,2725226596
2025-06-19 09:51:58,REAL,2725226596,479,2725227075,2725227075
2025-06-19 09:52:00,REAL,2725227075,14422,2725241497,2725241497
2025-06-19 09:52:02,REAL,2725241497,10313,2725251810,2725251810
2025-06-19 09:52:04,REAL,2725251810,10258,2725262068,2725262068
2025-06-19 09:52:06,REAL,2725262068,10259,2725272327,2725272327
2025-06-19 09:52:08,REAL,2725272327,10251,2725282578,2725282578
2025-06-19 09:52:10,REAL,2725282578,10256,2725292834,2725292834
2025-06-19 09:52:12,REAL,2725292834,10313,2725303147,2725303147
2025-06-19 09:52:14,REAL,2725303147,5901,2725309048,2725309048
2025-06-19 09:52:16,REAL,2725309048,485,2725309533,2725309533
2025-06-19 09:52:18,REAL,2725309533,487,2725310020,2725310020
2025-06-19 09:52:20,REAL,2725310020,484,2725310504,2725310504
2025-06-19 09:52:22,REAL,2725310504,486,2725310990,2725310990
2025-06-19 09:52:24,REAL,2725310990,482,2725311472,2725311472
2025-06-19 09:52:26,REAL,2725311472,487,2725311959,2725311959
2025-06-19 09:52:28,REAL,2725311959,483,2725312442,2725312442
2025-06-19 09:52:30,REAL,2725312442,487,2725312929,2725312929
2025-06-19 09:52:32,REAL,2725312929,12176,2725325105,2725325105
2025-06-19 09:52:34,REAL,2725325105,10250,2725335355,2725335355
2025-06-19 09:52:36,REAL,2725335355,10247,2725345602,2725345602
2025-06-19 09:52:38,REAL,2725345602,10248,2725355850,2725355850
2025-06-19 09:52:40,REAL,2725355850,10244,2725366094,2725366094
2025-06-19 09:52:42,REAL,2725366094,10257,2725376351,2725376351
2025-06-19 09:52:44,REAL,2725376351,10250,2725386601,2725386601
2025-06-19 09:52:46,REAL,2725386601,5243,2725391844,2725391844
2025-06-19 09:52:48,REAL,2725391844,486,2725392330,2725392330
2025-06-19 09:52:50,REAL,2725392330,477,2725392807,2725392807
2025-06-19 09:52:52,REAL,2725392807,481,2725393288,2725393288
2025-06-19 09:52:54,REAL,2725393288,483,2725393771,2725393771
2025-06-19 09:52:56,REAL,2725393771,484,2725394255,2725394255
2025-06-19 09:52:58,REAL,2725394255,482,2725394737,2725394737
2025-06-19 09:53:00,REAL,2725394737,492,2725395229,2725395229
2025-06-19 09:53:02,REAL,2725395229,483,2725395712,2725395712
2025-06-19 09:53:04,REAL,2725395712,536,2725396248,2725396248
2025-06-19 09:53:06,REAL,2725396248,483,2725396731,2725396731
2025-06-19 09:53:08,REAL,2725396731,475,2725397206,2725397206
2025-06-19 09:53:10,REAL,2725397206,482,2725397688,2725397688
2025-06-19 09:53:12,REAL,2725397688,474,2725398162,2725398162
2025-06-19 09:53:14,REAL,2725398162,477,2725398639,2725398639
2025-06-19 09:53:16,REAL,2725398639,488,2725399127,2725399127
2025-06-19 09:53:18,REAL,2725399127,483,2725399610,2725399610
2025-06-19 09:53:20,REAL,2725399610,487,2725400097,2725400097
2025-06-19 09:53:22,REAL,2725400097,547,2725400644,2725400644
2025-06-19 09:53:24,REAL,2725400644,482,2725401126,2725401126
2025-06-19 09:53:26,REAL,2725401126,485,2725401611,2725401611
2025-06-19 09:53:28,REAL,2725401611,492,2725402103,2725402103
2025-06-19 09:53:30,REAL,2725402103,538,2725402641,2725402641
2025-06-19 09:53:32,REAL,2725402641,486,2725403127,2725403127
2025-06-19 09:53:34,REAL,2725403127,483,2725403610,2725403610
2025-06-19 09:53:36,REAL,2725403610,488,2725404098,2725404098
2025-06-19 09:53:38,REAL,2725404098,478,2725404576,2725404576
2025-06-19 09:53:40,REAL,2725404576,476,2725405052,2725405052
2025-06-19 09:53:42,REAL,2725405052,484,2725405536,2725405536
2025-06-19 09:53:44,REAL,2725405536,476,2725406012,2725406012
2025-06-19 09:53:46,REAL,2725406012,485,2725406497,2725406497
2025-06-19 09:53:48,REAL,2725406497,489,2725406986,2725406986
2025-06-19 09:53:50,REAL,2725406986,488,2725407474,2725407474
2025-06-19 09:53:52,REAL,2725407474,483,2725407957,2725407957
2025-06-19 09:53:54,REAL,2725407957,492,2725408449,2725408449
2025-06-19 09:53:56,REAL,2725408449,482,2725408931,2725408931
2025-06-19 09:53:58,REAL,2725408931,537,2725409468,2725409468
2025-06-19 09:54:00,REAL,2725409468,478,2725409946,2725409946
2025-06-19 09:54:02,REAL,2725409946,488,2725410434,2725410434
2025-06-19 09:54:04,REAL,2725410434,479,2725410913,2725410913
2025-06-19 09:54:06,REAL,2725410913,491,2725411404,2725411404
2025-06-19 09:54:08,REAL,2725411404,484,2725411888,2725411888
2025-06-19 09:54:10,REAL,2725411888,536,2725412424,2725412424
2025-06-19 09:54:12,REAL,2725412424,478,2725412902,2725412902
2025-06-19 09:54:14,REAL,2725412902,486,2725413388,2725413388
2025-06-19 09:54:16,REAL,2725413388,478,2725413866,2725413866
2025-06-19 09:54:18,REAL,2725413866,484,2725414350,2725414350
2025-06-19 09:54:20,REAL,2725414350,480,2725414830,2725414830
2025-06-19 09:54:22,REAL,2725414830,3190,2725418020,2725418020
2025-06-19 09:54:24,REAL,2725418020,11765,2725429785,2725429785
2025-06-19 09:54:26,REAL,2725429785,10249,2725440034,2725440034
2025-06-19 09:54:28,REAL,2725440034,10245,2725450279,2725450279
2025-06-19 09:54:30,REAL,2725450279,10319,2725460598,2725460598
2025-06-19 09:54:32,REAL,2725460598,10248,2725470846,2725470846
2025-06-19 09:54:34,REAL,2725470846,10246,2725481092,2725481092
2025-06-19 09:54:36,REAL,2725481092,10257,2725491349,2725491349
2025-06-19 09:54:38,REAL,2725491349,3055,2725494404,2725494404
2025-06-19 09:54:40,REAL,2725494404,488,2725494892,2725494892
2025-06-19 09:54:42,REAL,2725494892,484,2725495376,2725495376
2025-06-19 09:54:44,REAL,2725495376,476,2725495852,2725495852
2025-06-19 09:54:46,REAL,2725495852,483,2725496335,2725496335
2025-06-19 09:54:48,REAL,2725496335,487,2725496822,2725496822
2025-06-19 09:54:50,REAL,2725496822,532,2725497354,2725497354
2025-06-19 09:54:52,REAL,2725497354,479,2725497833,2725497833
2025-06-19 09:54:54,REAL,2725497833,478,2725498311,2725498311
2025-06-19 09:54:56,REAL,2725498311,475,2725498786,2725498786
2025-06-19 09:54:58,REAL,2725498786,489,2725499275,2725499275
2025-06-19 09:55:00,REAL,2725499275,483,2725499758,2725499758
2025-06-19 09:55:02,REAL,2725499758,480,2725500238,2725500238
2025-06-19 09:55:04,REAL,2725500238,478,2725500716,2725500716
2025-06-19 09:55:06,REAL,2725500716,487,2725501203,2725501203
2025-06-19 09:55:08,REAL,2725501203,239,2725501442,2725501442
2025-06-19 09:55:10,REAL,2725501442,487,2725501929,2725501929
2025-06-19 09:55:12,REAL,2725501929,538,2725502467,2725502467
2025-06-19 09:55:14,REAL,2725502467,484,2725502951,2725502951
2025-06-19 09:55:16,REAL,2725502951,487,2725503438,2725503438
2025-06-19 09:55:18,REAL,2725503438,480,2725503918,2725503918
2025-06-19 09:55:20,REAL,2725503918,549,2725504467,2725504467
2025-06-19 09:55:22,REAL,2725504467,481,2725504948,2725504948
2025-06-19 09:55:24,REAL,2725504948,484,2725505432,2725505432
2025-06-19 09:55:26,REAL,2725505432,478,2725505910,2725505910
2025-06-19 09:55:28,REAL,2725505910,479,2725506389,2725506389
2025-06-19 09:55:30,REAL,2725506389,481,2725506870,2725506870
2025-06-19 09:55:32,REAL,2725506870,485,2725507355,2725507355
2025-06-19 09:55:34,REAL,2725507355,488,2725507843,2725507843
2025-06-19 09:55:36,REAL,2725507843,480,2725508323,2725508323
2025-06-19 09:55:38,REAL,2725508323,486,2725508809,2725508809
2025-06-19 09:55:40,REAL,2725508809,489,2725509298,2725509298
2025-06-19 09:55:42,REAL,2725509298,487,2725509785,2725509785
2025-06-19 09:55:44,REAL,2725509785,482,2725510267,2725510267
2025-06-19 09:55:46,REAL,2725510267,482,2725510749,2725510749
2025-06-19 09:55:48,REAL,2725510749,488,2725511237,2725511237
2025-06-19 09:55:50,REAL,2725511237,486,2725511723,2725511723
2025-06-19 09:55:52,REAL,2725511723,540,2725512263,2725512263
2025-06-19 09:55:54,REAL,2725512263,478,2725512741,2725512741
2025-06-19 09:55:56,REAL,2725512741,486,2725513227,2725513227
2025-06-19 09:55:58,REAL,2725513227,491,2725513718,2725513718
2025-06-19 09:56:00,REAL,2725513718,484,2725514202,2725514202
2025-06-19 09:56:02,REAL,2725514202,483,2725514685,2725514685
2025-06-19 09:56:04,REAL,2725514685,545,2725515230,2725515230
2025-06-19 09:56:06,REAL,2725515230,481,2725515711,2725515711
2025-06-19 09:56:08,REAL,2725515711,481,2725516192,2725516192
2025-06-19 09:56:10,REAL,2725516192,490,2725516682,2725516682
2025-06-19 09:56:12,REAL,2725516682,487,2725517169,2725517169
2025-06-19 09:56:14,REAL,2725517169,485,2725517654,2725517654
2025-06-19 09:56:16,REAL,2725517654,480,2725518134,2725518134
2025-06-19 09:56:18,REAL,2725518134,484,2725518618,2725518618
2025-06-19 09:56:20,REAL,2725518618,487,2725519105,2725519105
2025-06-19 09:56:22,REAL,2725519105,549,2725519654,2725519654
2025-06-19 09:56:24,REAL,2725519654,478,2725520132,2725520132
2025-06-19 09:56:26,REAL,2725520132,484,2725520616,2725520616
2025-06-19 09:56:28,REAL,2725520616,479,2725521095,2725521095
2025-06-19 09:56:30,REAL,2725521095,11513,2725532608,2725532608
2025-06-19 09:56:32,REAL,2725532608,10250,2725542858,2725542858
2025-06-19 09:56:34,REAL,2725542858,10251,2725553109,2725553109
2025-06-19 09:56:36,REAL,2725553109,10323,2725563432,2725563432
2025-06-19 09:56:38,REAL,2725563432,10259,2725573691,2725573691
2025-06-19 09:56:40,REAL,2725573691,10252,2725583943,2725583943
2025-06-19 09:56:42,REAL,2725583943,10249,2725594192,2725594192
2025-06-19 09:56:44,REAL,2725594192,5695,2725599887,2725599887
2025-06-19 09:56:46,REAL,2725599887,480,2725600367,2725600367
2025-06-19 09:56:48,REAL,2725600367,489,2725600856,2725600856
2025-06-19 09:56:50,REAL,2725600856,481,2725601337,2725601337
2025-06-19 09:56:52,REAL,2725601337,481,2725601818,2725601818
2025-06-19 09:56:54,REAL,2725601818,531,2725602349,2725602349
2025-06-19 09:56:56,REAL,2725602349,484,2725602833,2725602833
2025-06-19 09:56:58,REAL,2725602833,494,2725603327,2725603327
2025-06-19 09:57:00,REAL,2725603327,558,2725603885,2725603885
2025-06-19 09:57:02,REAL,2725603885,12027,2725615912,2725615912
2025-06-19 09:57:04,REAL,2725615912,10253,2725626165,2725626165
2025-06-19 09:57:06,REAL,2725626165,10325,2725636490,2725636490
2025-06-19 09:57:08,REAL,2725636490,10256,2725646746,2725646746
2025-06-19 09:57:10,REAL,2725646746,10250,2725656996,2725656996
2025-06-19 09:57:12,REAL,2725656996,10315,2725667311,2725667311
2025-06-19 09:57:14,REAL,2725667311,10256,2725677567,2725677567
2025-06-19 09:57:16,REAL,2725677567,5033,2725682600,2725682600
2025-06-19 09:57:18,REAL,2725682600,477,2725683077,2725683077
2025-06-19 09:57:20,REAL,2725683077,480,2725683557,2725683557
2025-06-19 09:57:22,REAL,2725683557,476,2725684033,2725684033
2025-06-19 09:57:24,REAL,2725684033,536,2725684569,2725684569
2025-06-19 09:57:26,REAL,2725684569,480,2725685049,2725685049
2025-06-19 09:57:28,REAL,2725685049,490,2725685539,2725685539
2025-06-19 09:57:30,REAL,2725685539,484,2725686023,2725686023
2025-06-19 09:57:32,REAL,2725686023,484,2725686507,2725686507
2025-06-19 09:57:34,REAL,2725686507,491,2725686998,2725686998
2025-06-19 09:57:36,REAL,2725686998,476,2725687474,2725687474
2025-06-19 09:57:38,REAL,2725687474,482,2725687956,2725687956
2025-06-19 09:57:40,REAL,2725687956,484,2725688440,2725688440
2025-06-19 09:57:42,REAL,2725688440,489,2725688929,2725688929
2025-06-19 09:57:44,REAL,2725688929,477,2725689406,2725689406
2025-06-19 09:57:46,REAL,2725689406,546,2725689952,2725689952
2025-06-19 09:57:48,REAL,2725689952,484,2725690436,2725690436
2025-06-19 09:57:50,REAL,2725690436,489,2725690925,2725690925
2025-06-19 09:57:52,REAL,2725690925,477,2725691402,2725691402
2025-06-19 09:57:54,REAL,2725691402,485,2725691887,2725691887
2025-06-19 09:57:56,REAL,2725691887,541,2725692428,2725692428
2025-06-19 09:57:58,REAL,2725692428,492,2725692920,2725692920
2025-06-19 09:58:00,REAL,2725692920,482,2725693402,2725693402
2025-06-19 09:58:02,REAL,2725693402,490,2725693892,2725693892
2025-06-19 09:58:04,REAL,2725693892,478,2725694370,2725694370
2025-06-19 09:58:06,REAL,2725694370,477,2725694847,2725694847
2025-06-19 09:58:08,REAL,2725694847,479,2725695326,2725695326
2025-06-19 09:58:10,REAL,2725695326,484,2725695810,2725695810
2025-06-19 09:58:12,REAL,2725695810,487,2725696297,2725696297
2025-06-19 09:58:14,REAL,2725696297,480,2725696777,2725696777
2025-06-19 09:58:16,REAL,2725696777,476,2725697253,2725697253
2025-06-19 09:58:18,REAL,2725697253,737,2725697990,2725697990
2025-06-19 09:58:20,REAL,2725697990,244,2725698234,2725698234
2025-06-19 09:58:22,REAL,2725698234,486,2725698720,2725698720
2025-06-19 09:58:24,REAL,2725698720,480,2725699200,2725699200
2025-06-19 09:58:26,REAL,2725699200,538,2725699738,2725699738
2025-06-19 09:58:28,REAL,2725699738,482,2725700220,2725700220
2025-06-19 09:58:30,REAL,2725700220,546,2725700766,2725700766
2025-06-19 09:58:32,REAL,2725700766,483,2725701249,2725701249
2025-06-19 09:58:34,REAL,2725701249,478,2725701727,2725701727
2025-06-19 09:58:36,REAL,2725701727,484,2725702211,2725702211
2025-06-19 09:58:38,REAL,2725702211,486,2725702697,2725702697
2025-06-19 09:58:40,REAL,2725702697,485,2725703182,2725703182
2025-06-19 09:58:42,REAL,2725703182,487,2725703669,2725703669
2025-06-19 09:58:44,REAL,2725703669,485,2725704154,2725704154
2025-06-19 09:58:46,REAL,2725704154,489,2725704643,2725704643
2025-06-19 09:58:48,REAL,2725704643,488,2725705131,2725705131
2025-06-19 09:58:50,REAL,2725705131,485,2725705616,2725705616
2025-06-19 09:58:52,REAL,2725705616,476,2725706092,2725706092
2025-06-19 09:58:54,REAL,2725706092,483,2725706575,2725706575
2025-06-19 09:58:56,REAL,2725706575,538,2725707113,2725707113
2025-06-19 09:58:58,REAL,2725707113,479,2725707592,2725707592
2025-06-19 09:59:00,REAL,2725707592,480,2725708072,2725708072
2025-06-19 09:59:02,REAL,2725708072,488,2725708560,2725708560
2025-06-19 09:59:04,REAL,2725708560,487,2725709047,2725709047
2025-06-19 09:59:06,REAL,2725709047,485,2725709532,2725709532
2025-06-19 09:59:08,REAL,2725709532,491,2725710023,2725710023
2025-06-19 09:59:10,REAL,2725710023,474,2725710497,2725710497
2025-06-19 09:59:12,REAL,2725710497,482,2725710979,2725710979
2025-06-19 09:59:14,REAL,2725710979,9867,2725720846,2725720846
2025-06-19 09:59:16,REAL,2725720846,10648,2725731494,2725731494
2025-06-19 09:59:18,REAL,2725731494,10253,2725741747,2725741747
2025-06-19 09:59:20,REAL,2725741747,10261,2725752008,2725752008
2025-06-19 09:59:22,REAL,2725752008,10310,2725762318,2725762318
2025-06-19 09:59:24,REAL,2725762318,10254,2725772572,2725772572
2025-06-19 09:59:26,REAL,2725772572,10247,2725782819,2725782819
2025-06-19 09:59:28,REAL,2725782819,7602,2725790421,2725790421
2025-06-19 09:59:30,REAL,2725790421,489,2725790910,2725790910
2025-06-19 09:59:32,REAL,2725790910,484,2725791394,2725791394
2025-06-19 09:59:34,REAL,2725791394,493,2725791887,2725791887
2025-06-19 09:59:36,REAL,2725791887,489,2725792376,2725792376
2025-06-19 09:59:38,REAL,2725792376,487,2725792863,2725792863
2025-06-19 09:59:40,REAL,2725792863,478,2725793341,2725793341
2025-06-19 09:59:42,REAL,2725793341,485,2725793826,2725793826
2025-06-19 09:59:44,REAL,2725793826,481,2725794307,2725794307
2025-06-19 09:59:46,REAL,2725794307,485,2725794792,2725794792
2025-06-19 09:59:48,REAL,2725794792,494,2725795286,2725795286
2025-06-19 09:59:50,REAL,2725795286,490,2725795776,2725795776
2025-06-19 09:59:52,REAL,2725795776,484,2725796260,2725796260
2025-06-19 09:59:54,REAL,2725796260,479,2725796739,2725796739
2025-06-19 09:59:56,REAL,2725796739,488,2725797227,2725797227
2025-06-19 09:59:58,REAL,2725797227,587,2725797814,2725797814
2025-06-19 10:00:00,REAL,2725797814,479,2725798293,2725798293
2025-06-19 10:00:02,REAL,2725798293,486,2725798779,2725798779
2025-06-19 10:00:04,REAL,2725798779,480,2725799259,2725799259
2025-06-19 10:00:06,REAL,2725799259,479,2725799738,2725799738
2025-06-19 10:00:08,REAL,2725799738,481,2725800219,2725800219
2025-06-19 10:00:10,REAL,2725800219,489,2725800708,2725800708
2025-06-19 10:00:12,REAL,2725800708,487,2725801195,2725801195
2025-06-19 10:00:14,REAL,2725801195,485,2725801680,2725801680
2025-06-19 10:00:16,REAL,2725801680,481,2725802161,2725802161
2025-06-19 10:00:18,REAL,2725802161,483,2725802644,2725802644
2025-06-19 10:00:20,REAL,2725802644,484,2725803128,2725803128
2025-06-19 10:00:22,REAL,2725803128,480,2725803608,2725803608
2025-06-19 10:00:24,REAL,2725803608,483,2725804091,2725804091
2025-06-19 10:00:26,REAL,2725804091,494,2725804585,2725804585
2025-06-19 10:00:28,REAL,2725804585,542,2725805127,2725805127
2025-06-19 10:00:30,REAL,2725805127,477,2725805604,2725805604
2025-06-19 10:00:32,REAL,2725805604,490,2725806094,2725806094
2025-06-19 10:00:34,REAL,2725806094,11257,2725817351,2725817351
2025-06-19 10:00:36,REAL,2725817351,10251,2725827602,2725827602
2025-06-19 10:00:38,REAL,2725827602,10315,2725837917,2725837917
2025-06-19 10:00:40,REAL,2725837917,10254,2725848171,2725848171
2025-06-19 10:00:42,REAL,2725848171,10253,2725858424,2725858424
2025-06-19 10:00:44,REAL,2725858424,10247,2725868671,2725868671
2025-06-19 10:00:46,REAL,2725868671,10316,2725878987,2725878987
2025-06-19 10:00:48,REAL,2725878987,5902,2725884889,2725884889
2025-06-19 10:00:50,REAL,2725884889,481,2725885370,2725885370
2025-06-19 10:00:52,REAL,2725885370,539,2725885909,2725885909
2025-06-19 10:00:54,REAL,2725885909,486,2725886395,2725886395
2025-06-19 10:00:56,REAL,2725886395,481,2725886876,2725886876
2025-06-19 10:00:58,REAL,2725886876,483,2725887359,2725887359
2025-06-19 10:01:00,REAL,2725887359,491,2725887850,2725887850
2025-06-19 10:01:02,REAL,2725887850,546,2725888396,2725888396
2025-06-19 10:01:04,REAL,2725888396,492,2725888888,2725888888
2025-06-19 10:01:06,REAL,2725888888,12121,2725901009,2725901009
2025-06-19 10:01:08,REAL,2725901009,10249,2725911258,2725911258
2025-06-19 10:01:10,REAL,2725911258,10316,2725921574,2725921574
2025-06-19 10:01:12,REAL,2725921574,10252,2725931826,2725931826
2025-06-19 10:01:14,REAL,2725931826,10326,2725942152,2725942152
2025-06-19 10:01:16,REAL,2725942152,10310,2725952462,2725952462
2025-06-19 10:01:18,REAL,2725952462,10321,2725962783,2725962783
2025-06-19 10:01:20,REAL,2725962783,5311,2725968094,2725968094
2025-06-19 10:01:22,REAL,2725968094,484,2725968578,2725968578
2025-06-19 10:01:24,REAL,2725968578,484,2725969062,2725969062
2025-06-19 10:01:26,REAL,2725969062,488,2725969550,2725969550
2025-06-19 10:01:28,REAL,2725969550,490,2725970040,2725970040
2025-06-19 10:01:30,REAL,2725970040,478,2725970518,2725970518
2025-06-19 10:01:32,REAL,2725970518,486,2725971004,2725971004
2025-06-19 10:01:34,REAL,2725971004,544,2725971548,2725971548
2025-06-19 10:01:36,REAL,2725971548,482,2725972030,2725972030
2025-06-19 10:01:38,REAL,2725972030,542,2725972572,2725972572
2025-06-19 10:01:40,REAL,2725972572,479,2725973051,2725973051
2025-06-19 10:01:42,REAL,2725973051,484,2725973535,2725973535
2025-06-19 10:01:44,REAL,2725973535,481,2725974016,2725974016
2025-06-19 10:01:46,REAL,2725974016,479,2725974495,2725974495
2025-06-19 10:01:48,REAL,2725974495,481,2725974976,2725974976
2025-06-19 10:01:50,REAL,2725974976,487,2725975463,2725975463
2025-06-19 10:01:52,REAL,2725975463,488,2725975951,2725975951
2025-06-19 10:01:54,REAL,2725975951,476,2725976427,2725976427
2025-06-19 10:01:56,REAL,2725976427,486,2725976913,2725976913
2025-06-19 10:01:58,REAL,2725976913,488,2725977401,2725977401
2025-06-19 10:02:00,REAL,2725977401,491,2725977892,2725977892
2025-06-19 10:02:02,REAL,2725977892,592,2725978484,2725978484
2025-06-19 10:02:04,REAL,2725978484,484,2725978968,2725978968
2025-06-19 10:02:06,REAL,2725978968,477,2725979445,2725979445
2025-06-19 10:02:08,REAL,2725979445,489,2725979934,2725979934
2025-06-19 10:02:10,REAL,2725979934,483,2725980417,2725980417
2025-06-19 10:02:12,REAL,2725980417,484,2725980901,2725980901
2025-06-19 10:02:14,REAL,2725980901,478,2725981379,2725981379
2025-06-19 10:02:16,REAL,2725981379,483,2725981862,2725981862
2025-06-19 10:02:18,REAL,2725981862,483,2725982345,2725982345
2025-06-19 10:02:20,REAL,2725982345,486,2725982831,2725982831
2025-06-19 10:02:22,REAL,2725982831,485,2725983316,2725983316
2025-06-19 10:02:24,REAL,2725983316,485,2725983801,2725983801
2025-06-19 10:02:26,REAL,2725983801,538,2725984339,2725984339
2025-06-19 10:02:28,REAL,2725984339,484,2725984823,2725984823
2025-06-19 10:02:30,REAL,2725984823,539,2725985362,2725985362
2025-06-19 10:02:32,REAL,2725985362,488,2725985850,2725985850
2025-06-19 10:02:34,REAL,2725985850,487,2725986337,2725986337
2025-06-19 10:02:36,REAL,2725986337,480,2725986817,2725986817
2025-06-19 10:02:38,REAL,2725986817,481,2725987298,2725987298
2025-06-19 10:02:40,REAL,2725987298,482,2725987780,2725987780
2025-06-19 10:02:42,REAL,2725987780,489,2725988269,2725988269
2025-06-19 10:02:44,REAL,2725988269,480,2725988749,2725988749
2025-06-19 10:02:46,REAL,2725988749,482,2725989231,2725989231
2025-06-19 10:02:48,REAL,2725989231,490,2725989721,2725989721
2025-06-19 10:02:50,REAL,2725989721,542,2725990263,2725990263
2025-06-19 10:02:52,REAL,2725990263,485,2725990748,2725990748
2025-06-19 10:02:54,REAL,2725990748,476,2725991224,2725991224
2025-06-19 10:02:56,REAL,2725991224,479,2725991703,2725991703
2025-06-19 10:02:58,REAL,2725991703,544,2725992247,2725992247
2025-06-19 10:03:00,REAL,2725992247,488,2725992735,2725992735
2025-06-19 10:03:02,REAL,2725992735,485,2725993220,2725993220
2025-06-19 10:03:04,REAL,2725993220,484,2725993704,2725993704
2025-06-19 10:03:06,REAL,2725993704,490,2725994194,2725994194
2025-06-19 10:03:08,REAL,2725994194,490,2725994684,2725994684
2025-06-19 10:03:10,REAL,2725994684,475,2725995159,2725995159
2025-06-19 10:03:12,REAL,2725995159,534,2725995693,2725995693
2025-06-19 10:03:14,REAL,2725995693,488,2725996181,2725996181
2025-06-19 10:03:16,REAL,2725996181,482,2725996663,2725996663
2025-06-19 10:03:18,REAL,2725996663,478,2725997141,2725997141
2025-06-19 10:03:20,REAL,2725997141,484,2725997625,2725997625
2025-06-19 10:03:22,REAL,2725997625,478,2725998103,2725998103
2025-06-19 10:03:24,REAL,2725998103,488,2725998591,2725998591
2025-06-19 10:03:26,REAL,2725998591,480,2725999071,2725999071
2025-06-19 10:03:28,REAL,2725999071,536,2725999607,2725999607
2025-06-19 10:03:30,REAL,2725999607,489,2726000096,2726000096
2025-06-19 10:03:32,REAL,2726000096,478,2726000574,2726000574
2025-06-19 10:03:34,REAL,2726000574,482,2726001056,2726001056
2025-06-19 10:03:36,REAL,2726001056,533,2726001589,2726001589
2025-06-19 10:03:38,REAL,2726001589,481,2726002070,2726002070
2025-06-19 10:03:40,REAL,2726002070,489,2726002559,2726002559
2025-06-19 10:03:42,REAL,2726002559,484,2726003043,2726003043
2025-06-19 10:03:44,REAL,2726003043,481,2726003524,2726003524
2025-06-19 10:03:46,REAL,2726003524,486,2726004010,2726004010
2025-06-19 10:03:48,REAL,2726004010,4064,2726008074,2726008074
2025-06-19 10:03:50,REAL,2726008074,11830,2726019904,2726019904
2025-06-19 10:03:52,REAL,2726019904,10259,2726030163,2726030163
2025-06-19 10:03:54,REAL,2726030163,10248,2726040411,2726040411
2025-06-19 10:03:56,REAL,2726040411,10324,2726050735,2726050735
2025-06-19 10:03:58,REAL,2726050735,10251,2726060986,2726060986
2025-06-19 10:04:00,REAL,2726060986,10308,2726071294,2726071294
2025-06-19 10:04:02,REAL,2726071294,10322,2726081616,2726081616
2025-06-19 10:04:04,REAL,2726081616,2536,2726084152,2726084152
2025-06-19 10:04:06,REAL,2726084152,487,2726084639,2726084639
2025-06-19 10:04:08,REAL,2726084639,489,2726085128,2726085128
2025-06-19 10:04:10,REAL,2726085128,482,2726085610,2726085610
2025-06-19 10:04:12,REAL,2726085610,483,2726086093,2726086093
2025-06-19 10:04:14,REAL,2726086093,481,2726086574,2726086574
2025-06-19 10:04:16,REAL,2726086574,541,2726087115,2726087115
2025-06-19 10:04:18,REAL,2726087115,488,2726087603,2726087603
2025-06-19 10:04:20,REAL,2726087603,4852,2726092455,2726092455
2025-06-19 10:04:22,REAL,2726092455,11707,2726104162,2726104162
2025-06-19 10:04:24,REAL,2726104162,10305,2726114467,2726114467
2025-06-19 10:04:26,REAL,2726114467,10252,2726124719,2726124719
2025-06-19 10:04:28,REAL,2726124719,10256,2726134975,2726134975
2025-06-19 10:04:30,REAL,2726134975,10321,2726145296,2726145296
2025-06-19 10:04:32,REAL,2726145296,10247,2726155543,2726155543
2025-06-19 10:04:34,REAL,2726155543,10248,2726165791,2726165791
2025-06-19 10:04:36,REAL,2726165791,1869,2726167660,2726167660
2025-06-19 10:04:38,REAL,2726167660,481,2726168141,2726168141
2025-06-19 10:04:40,REAL,2726168141,478,2726168619,2726168619
2025-06-19 10:04:42,REAL,2726168619,478,2726169097,2726169097
2025-06-19 10:04:44,REAL,2726169097,488,2726169585,2726169585
2025-06-19 10:04:46,REAL,2726169585,541,2726170126,2726170126
2025-06-19 10:04:48,REAL,2726170126,538,2726170664,2726170664
2025-06-19 10:04:50,REAL,2726170664,477,2726171141,2726171141
2025-06-19 10:04:52,REAL,2726171141,5051,2726176192,2726176192
2025-06-19 10:04:54,REAL,2726176192,11176,2726187368,2726187368
2025-06-19 10:04:56,REAL,2726187368,10247,2726197615,2726197615
2025-06-19 10:04:58,REAL,2726197615,10319,2726207934,2726207934
2025-06-19 10:05:00,REAL,2726207934,10261,2726218195,2726218195
2025-06-19 10:05:02,REAL,2726218195,10254,2726228449,2726228449
2025-06-19 10:05:04,REAL,2726228449,10246,2726238695,2726238695
2025-06-19 10:05:06,REAL,2726238695,10311,2726249006,2726249006
2025-06-19 10:05:08,REAL,2726249006,1216,2726250222,2726250222
2025-06-19 10:05:10,REAL,2726250222,545,2726250767,2726250767
2025-06-19 10:05:12,REAL,2726250767,490,2726251257,2726251257
2025-06-19 10:05:14,REAL,2726251257,491,2726251748,2726251748
2025-06-19 10:05:16,REAL,2726251748,483,2726252231,2726252231
2025-06-19 10:05:18,REAL,2726252231,488,2726252719,2726252719
2025-06-19 10:05:20,REAL,2726252719,545,2726253264,2726253264
2025-06-19 10:05:22,REAL,2726253264,485,2726253749,2726253749
2025-06-19 10:05:24,REAL,2726253749,478,2726254227,2726254227
2025-06-19 10:05:26,REAL,2726254227,480,2726254707,2726254707
2025-06-19 10:05:28,REAL,2726254707,488,2726255195,2726255195
2025-06-19 10:05:30,REAL,2726255195,490,2726255685,2726255685
2025-06-19 10:05:32,REAL,2726255685,480,2726256165,2726256165
2025-06-19 10:05:34,REAL,2726256165,483,2726256648,2726256648
2025-06-19 10:05:36,REAL,2726256648,481,2726257129,2726257129
2025-06-19 10:05:38,REAL,2726257129,480,2726257609,2726257609
2025-06-19 10:05:40,REAL,2726257609,484,2726258093,2726258093
2025-06-19 10:05:42,REAL,2726258093,480,2726258573,2726258573
2025-06-19 10:05:44,REAL,2726258573,486,2726259059,2726259059
2025-06-19 10:05:46,REAL,2726259059,485,2726259544,2726259544
2025-06-19 10:05:48,REAL,2726259544,549,2726260093,2726260093
2025-06-19 10:05:50,REAL,2726260093,486,2726260579,2726260579
2025-06-19 10:05:52,REAL,2726260579,483,2726261062,2726261062
2025-06-19 10:05:54,REAL,2726261062,482,2726261544,2726261544
2025-06-19 10:05:56,REAL,2726261544,486,2726262030,2726262030
2025-06-19 10:05:58,REAL,2726262030,491,2726262521,2726262521
2025-06-19 10:06:00,REAL,2726262521,483,2726263004,2726263004
2025-06-19 10:06:02,REAL,2726263004,479,2726263483,2726263483
2025-06-19 10:06:04,REAL,2726263483,488,2726263971,2726263971
2025-06-19 10:06:06,REAL,2726263971,483,2726264454,2726264454
2025-06-19 10:06:08,REAL,2726264454,544,2726264998,2726264998
2025-06-19 10:06:10,REAL,2726264998,487,2726265485,2726265485
2025-06-19 10:06:12,REAL,2726265485,481,2726265966,2726265966
2025-06-19 10:06:14,REAL,2726265966,487,2726266453,2726266453
2025-06-19 10:06:16,REAL,2726266453,487,2726266940,2726266940
2025-06-19 10:06:18,REAL,2726266940,491,2726267431,2726267431
2025-06-19 10:06:20,REAL,2726267431,483,2726267914,2726267914
2025-06-19 10:06:22,REAL,2726267914,479,2726268393,2726268393
2025-06-19 10:06:24,REAL,2726268393,492,2726268885,2726268885
2025-06-19 10:06:26,REAL,2726268885,1013,2726269898,2726269898
2025-06-19 10:06:28,REAL,2726269898,11901,2726281799,2726281799
2025-06-19 10:06:30,REAL,2726281799,10320,2726292119,2726292119
2025-06-19 10:06:32,REAL,2726292119,10262,2726302381,2726302381
2025-06-19 10:06:34,REAL,2726302381,10321,2726312702,2726312702
2025-06-19 10:06:36,REAL,2726312702,10256,2726322958,2726322958
2025-06-19 10:06:38,REAL,2726322958,10257,2726333215,2726333215
2025-06-19 10:06:40,REAL,2726333215,10325,2726343540,2726343540
2025-06-19 10:06:42,REAL,2726343540,4770,2726348310,2726348310
2025-06-19 10:06:44,REAL,2726348310,486,2726348796,2726348796
2025-06-19 10:06:46,REAL,2726348796,485,2726349281,2726349281
2025-06-19 10:06:48,REAL,2726349281,482,2726349763,2726349763
2025-06-19 10:06:50,REAL,2726349763,491,2726350254,2726350254
2025-06-19 10:06:52,REAL,2726350254,482,2726350736,2726350736
2025-06-19 10:06:54,REAL,2726350736,488,2726351224,2726351224
2025-06-19 10:06:56,REAL,2726351224,481,2726351705,2726351705
2025-06-19 10:06:58,REAL,2726351705,1815,2726353520,2726353520
2025-06-19 10:07:00,REAL,2726353520,11573,2726365093,2726365093
2025-06-19 10:07:02,REAL,2726365093,10258,2726375351,2726375351
2025-06-19 10:07:04,REAL,2726375351,10249,2726385600,2726385600
2025-06-19 10:07:06,REAL,2726385600,10372,2726395972,2726395972
2025-06-19 10:07:08,REAL,2726395972,10254,2726406226,2726406226
2025-06-19 10:07:10,REAL,2726406226,10261,2726416487,2726416487
2025-06-19 10:07:12,REAL,2726416487,10322,2726426809,2726426809
2025-06-19 10:07:14,REAL,2726426809,4105,2726430914,2726430914
2025-06-19 10:07:16,REAL,2726430914,486,2726431400,2726431400
2025-06-19 10:07:18,REAL,2726431400,484,2726431884,2726431884
2025-06-19 10:07:20,REAL,2726431884,482,2726432366,2726432366
2025-06-19 10:07:22,REAL,2726432366,487,2726432853,2726432853
2025-06-19 10:07:24,REAL,2726432853,476,2726433329,2726433329
2025-06-19 10:07:26,REAL,2726433329,486,2726433815,2726433815
2025-06-19 10:07:28,REAL,2726433815,484,2726434299,2726434299
2025-06-19 10:07:30,REAL,2726434299,481,2726434780,2726434780
2025-06-19 10:07:32,REAL,2726434780,485,2726435265,2726435265
2025-06-19 10:07:34,REAL,2726435265,485,2726435750,2726435750
2025-06-19 10:07:36,REAL,2726435750,481,2726436231,2726436231
2025-06-19 10:07:38,REAL,2726436231,487,2726436718,2726436718
2025-06-19 10:07:40,REAL,2726436718,483,2726437201,2726437201
2025-06-19 10:07:42,REAL,2726437201,477,2726437678,2726437678
2025-06-19 10:07:44,REAL,2726437678,532,2726438210,2726438210
2025-06-19 10:07:46,REAL,2726438210,484,2726438694,2726438694
2025-06-19 10:07:48,REAL,2726438694,531,2726439225,2726439225
2025-06-19 10:07:50,REAL,2726439225,487,2726439712,2726439712
2025-06-19 10:07:52,REAL,2726439712,485,2726440197,2726440197
2025-06-19 10:07:54,REAL,2726440197,488,2726440685,2726440685
2025-06-19 10:07:56,REAL,2726440685,480,2726441165,2726441165
2025-06-19 10:07:58,REAL,2726441165,491,2726441656,2726441656
2025-06-19 10:08:00,REAL,2726441656,488,2726442144,2726442144
2025-06-19 10:08:02,REAL,2726442144,483,2726442627,2726442627
2025-06-19 10:08:04,REAL,2726442627,476,2726443103,2726443103
2025-06-19 10:08:06,REAL,2726443103,483,2726443586,2726443586
2025-06-19 10:08:08,REAL,2726443586,489,2726444075,2726444075
2025-06-19 10:08:10,REAL,2726444075,479,2726444554,2726444554
2025-06-19 10:08:12,REAL,2726444554,476,2726445030,2726445030
2025-06-19 10:08:14,REAL,2726445030,481,2726445511,2726445511
2025-06-19 10:08:16,REAL,2726445511,490,2726446001,2726446001
2025-06-19 10:08:18,REAL,2726446001,485,2726446486,2726446486
2025-06-19 10:08:20,REAL,2726446486,475,2726446961,2726446961
2025-06-19 10:08:22,REAL,2726446961,480,2726447441,2726447441
2025-06-19 10:08:24,REAL,2726447441,543,2726447984,2726447984
2025-06-19 10:08:26,REAL,2726447984,480,2726448464,2726448464
2025-06-19 10:08:28,REAL,2726448464,483,2726448947,2726448947
2025-06-19 10:08:30,REAL,2726448947,488,2726449435,2726449435
2025-06-19 10:08:32,REAL,2726449435,485,2726449920,2726449920
2025-06-19 10:08:34,REAL,2726449920,482,2726450402,2726450402
2025-06-19 10:08:36,REAL,2726450402,481,2726450883,2726450883
2025-06-19 10:08:38,REAL,2726450883,538,2726451421,2726451421
2025-06-19 10:08:40,REAL,2726451421,482,2726451903,2726451903
2025-06-19 10:08:42,REAL,2726451903,485,2726452388,2726452388
2025-06-19 10:08:44,REAL,2726452388,479,2726452867,2726452867
2025-06-19 10:08:46,REAL,2726452867,484,2726453351,2726453351
2025-06-19 10:08:48,REAL,2726453351,485,2726453836,2726453836
2025-06-19 10:08:50,REAL,2726453836,484,2726454320,2726454320
2025-06-19 10:08:52,REAL,2726454320,3596,2726457916,2726457916
2025-06-19 10:08:54,REAL,2726457916,11567,2726469483,2726469483
2025-06-19 10:08:56,REAL,2726469483,10258,2726479741,2726479741
2025-06-19 10:08:58,REAL,2726479741,10309,2726490050,2726490050
2025-06-19 10:09:00,REAL,2726490050,10246,2726500296,2726500296
2025-06-19 10:09:02,REAL,2726500296,10247,2726510543,2726510543
2025-06-19 10:09:04,REAL,2726510543,10379,2726520922,2726520922
2025-06-19 10:09:06,REAL,2726520922,10243,2726531165,2726531165
2025-06-19 10:09:08,REAL,2726531165,3123,2726534288,2726534288
2025-06-19 10:09:10,REAL,2726534288,487,2726534775,2726534775
2025-06-19 10:09:12,REAL,2726534775,487,2726535262,2726535262
2025-06-19 10:09:14,REAL,2726535262,486,2726535748,2726535748
2025-06-19 10:09:16,REAL,2726535748,490,2726536238,2726536238
2025-06-19 10:09:18,REAL,2726536238,486,2726536724,2726536724
2025-06-19 10:09:20,REAL,2726536724,486,2726537210,2726537210
2025-06-19 10:09:22,REAL,2726537210,486,2726537696,2726537696
2025-06-19 10:09:24,REAL,2726537696,3656,2726541352,2726541352
2025-06-19 10:09:26,REAL,2726541352,11311,2726552663,2726552663
2025-06-19 10:09:28,REAL,2726552663,10309,2726562972,2726562972
2025-06-19 10:09:30,REAL,2726562972,10253,2726573225,2726573225
2025-06-19 10:09:32,REAL,2726573225,10390,2726583615,2726583615
2025-06-19 10:09:34,REAL,2726583615,10185,2726593800,2726593800
2025-06-19 10:09:36,REAL,2726593800,10309,2726604109,2726604109
2025-06-19 10:09:38,REAL,2726604109,10245,2726614354,2726614354
2025-06-19 10:09:40,REAL,2726614354,2591,2726616945,2726616945
2025-06-19 10:09:42,REAL,2726616945,483,2726617428,2726617428
2025-06-19 10:09:44,REAL,2726617428,482,2726617910,2726617910
2025-06-19 10:09:46,REAL,2726617910,481,2726618391,2726618391
2025-06-19 10:09:48,REAL,2726618391,485,2726618876,2726618876
2025-06-19 10:09:50,REAL,2726618876,493,2726619369,2726619369
2025-06-19 10:09:52,REAL,2726619369,482,2726619851,2726619851
2025-06-19 10:09:54,REAL,2726619851,478,2726620329,2726620329
2025-06-19 10:09:56,REAL,2726620329,485,2726620814,2726620814
2025-06-19 10:09:58,REAL,2726620814,491,2726621305,2726621305
2025-06-19 10:10:00,REAL,2726621305,486,2726621791,2726621791
2025-06-19 10:10:02,REAL,2726621791,486,2726622277,2726622277
2025-06-19 10:10:04,REAL,2726622277,479,2726622756,2726622756
2025-06-19 10:10:06,REAL,2726622756,478,2726623234,2726623234
2025-06-19 10:10:08,REAL,2726623234,491,2726623725,2726623725
2025-06-19 10:10:10,REAL,2726623725,485,2726624210,2726624210
2025-06-19 10:10:12,REAL,2726624210,481,2726624691,2726624691
2025-06-19 10:10:14,REAL,2726624691,533,2726625224,2726625224
2025-06-19 10:10:16,REAL,2726625224,479,2726625703,2726625703
2025-06-19 10:10:18,REAL,2726625703,484,2726626187,2726626187
2025-06-19 10:10:20,REAL,2726626187,539,2726626726,2726626726
2025-06-19 10:10:22,REAL,2726626726,490,2726627216,2726627216
2025-06-19 10:10:24,REAL,2726627216,479,2726627695,2726627695
2025-06-19 10:10:26,REAL,2726627695,477,2726628172,2726628172
2025-06-19 10:10:28,REAL,2726628172,482,2726628654,2726628654
2025-06-19 10:10:30,REAL,2726628654,486,2726629140,2726629140
2025-06-19 10:10:32,REAL,2726629140,481,2726629621,2726629621
2025-06-19 10:10:34,REAL,2726629621,479,2726630100,2726630100
2025-06-19 10:10:36,REAL,2726630100,486,2726630586,2726630586
2025-06-19 10:10:38,REAL,2726630586,481,2726631067,2726631067
2025-06-19 10:10:40,REAL,2726631067,479,2726631546,2726631546
2025-06-19 10:10:42,REAL,2726631546,485,2726632031,2726632031
2025-06-19 10:10:44,REAL,2726632031,485,2726632516,2726632516
2025-06-19 10:10:46,REAL,2726632516,485,2726633001,2726633001
2025-06-19 10:10:48,REAL,2726633001,489,2726633490,2726633490
2025-06-19 10:10:50,REAL,2726633490,479,2726633969,2726633969
2025-06-19 10:10:52,REAL,2726633969,484,2726634453,2726634453
2025-06-19 10:10:54,REAL,2726634453,490,2726634943,2726634943
2025-06-19 10:10:56,REAL,2726634943,493,2726635436,2726635436
2025-06-19 10:10:58,REAL,2726635436,542,2726635978,2726635978
2025-06-19 10:11:00,REAL,2726635978,544,2726636522,2726636522
2025-06-19 10:11:02,REAL,2726636522,483,2726637005,2726637005
2025-06-19 10:11:04,REAL,2726637005,480,2726637485,2726637485
2025-06-19 10:11:06,REAL,2726637485,11651,2726649136,2726649136
2025-06-19 10:11:08,REAL,2726649136,10256,2726659392,2726659392
2025-06-19 10:11:10,REAL,2726659392,10255,2726669647,2726669647
2025-06-19 10:11:12,REAL,2726669647,10260,2726679907,2726679907
2025-06-19 10:11:14,REAL,2726679907,10246,2726690153,2726690153
2025-06-19 10:11:16,REAL,2726690153,10325,2726700478,2726700478
2025-06-19 10:11:18,REAL,2726700478,10246,2726710724,2726710724
2025-06-19 10:11:20,REAL,2726710724,5492,2726716216,2726716216
2025-06-19 10:11:22,REAL,2726716216,481,2726716697,2726716697
2025-06-19 10:11:24,REAL,2726716697,479,2726717176,2726717176
2025-06-19 10:11:26,REAL,2726717176,490,2726717666,2726717666
2025-06-19 10:11:28,REAL,2726717666,486,2726718152,2726718152
2025-06-19 10:11:30,REAL,2726718152,492,2726718644,2726718644
2025-06-19 10:11:32,REAL,2726718644,546,2726719190,2726719190
2025-06-19 10:11:34,REAL,2726719190,544,2726719734,2726719734
2025-06-19 10:11:36,REAL,2726719734,483,2726720217,2726720217
2025-06-19 10:11:38,REAL,2726720217,486,2726720703,2726720703
2025-06-19 10:11:40,REAL,2726720703,246,2726720949,2726720949
2025-06-19 10:11:42,REAL,2726720949,489,2726721438,2726721438
2025-06-19 10:11:44,REAL,2726721438,490,2726721928,2726721928
2025-06-19 10:11:46,REAL,2726721928,481,2726722409,2726722409
2025-06-19 10:11:48,REAL,2726722409,486,2726722895,2726722895
2025-06-19 10:11:50,REAL,2726722895,482,2726723377,2726723377
2025-06-19 10:11:52,REAL,2726723377,479,2726723856,2726723856
2025-06-19 10:11:54,REAL,2726723856,480,2726724336,2726724336
2025-06-19 10:11:56,REAL,2726724336,488,2726724824,2726724824
2025-06-19 10:11:58,REAL,2726724824,475,2726725299,2726725299
2025-06-19 10:12:00,REAL,2726725299,544,2726725843,2726725843
2025-06-19 10:12:02,REAL,2726725843,484,2726726327,2726726327
2025-06-19 10:12:04,REAL,2726726327,484,2726726811,2726726811
2025-06-19 10:12:06,REAL,2726726811,487,2726727298,2726727298
2025-06-19 10:12:08,REAL,2726727298,483,2726727781,2726727781
2025-06-19 10:12:10,REAL,2726727781,483,2726728264,2726728264
2025-06-19 10:12:12,REAL,2726728264,541,2726728805,2726728805
2025-06-19 10:12:14,REAL,2726728805,491,2726729296,2726729296
2025-06-19 10:12:16,REAL,2726729296,489,2726729785,2726729785
2025-06-19 10:12:18,REAL,2726729785,479,2726730264,2726730264
2025-06-19 10:12:20,REAL,2726730264,491,2726730755,2726730755
2025-06-19 10:12:22,REAL,2726730755,481,2726731236,2726731236
2025-06-19 10:12:24,REAL,2726731236,492,2726731728,2726731728
2025-06-19 10:12:26,REAL,2726731728,490,2726732218,2726732218
2025-06-19 10:12:28,REAL,2726732218,544,2726732762,2726732762
2025-06-19 10:12:30,REAL,2726732762,482,2726733244,2726733244
2025-06-19 10:12:32,REAL,2726733244,488,2726733732,2726733732
2025-06-19 10:12:34,REAL,2726733732,492,2726734224,2726734224
2025-06-19 10:12:36,REAL,2726734224,477,2726734701,2726734701
2025-06-19 10:12:38,REAL,2726734701,480,2726735181,2726735181
2025-06-19 10:12:40,REAL,2726735181,9806,2726744987,2726744987
2025-06-19 10:12:42,REAL,2726744987,12296,2726757283,2726757283
2025-06-19 10:12:44,REAL,2726757283,10318,2726767601,2726767601
2025-06-19 10:12:46,REAL,2726767601,10315,2726777916,2726777916
2025-06-19 10:12:48,REAL,2726777916,10308,2726788224,2726788224
2025-06-19 10:12:50,REAL,2726788224,10319,2726798543,2726798543
2025-06-19 10:12:52,REAL,2726798543,10249,2726808792,2726808792
2025-06-19 10:12:54,REAL,2726808792,8872,2726817664,2726817664
2025-06-19 10:12:56,REAL,2726817664,478,2726818142,2726818142
2025-06-19 10:12:58,REAL,2726818142,482,2726818624,2726818624
2025-06-19 10:13:00,REAL,2726818624,477,2726819101,2726819101
2025-06-19 10:13:02,REAL,2726819101,487,2726819588,2726819588
2025-06-19 10:13:04,REAL,2726819588,487,2726820075,2726820075
2025-06-19 10:13:06,REAL,2726820075,484,2726820559,2726820559
2025-06-19 10:13:08,REAL,2726820559,537,2726821096,2726821096
2025-06-19 10:13:10,REAL,2726821096,486,2726821582,2726821582
2025-06-19 10:13:12,REAL,2726821582,486,2726822068,2726822068
2025-06-19 10:13:14,REAL,2726822068,493,2726822561,2726822561
2025-06-19 10:13:16,REAL,2726822561,486,2726823047,2726823047
2025-06-19 10:13:18,REAL,2726823047,484,2726823531,2726823531
2025-06-19 10:13:20,REAL,2726823531,483,2726824014,2726824014
2025-06-19 10:13:22,REAL,2726824014,484,2726824498,2726824498
2025-06-19 10:13:24,REAL,2726824498,549,2726825047,2726825047
2025-06-19 10:13:26,REAL,2726825047,487,2726825534,2726825534
2025-06-19 10:13:28,REAL,2726825534,483,2726826017,2726826017
2025-06-19 10:13:30,REAL,2726826017,488,2726826505,2726826505
2025-06-19 10:13:32,REAL,2726826505,483,2726826988,2726826988
2025-06-19 10:13:34,REAL,2726826988,484,2726827472,2726827472
2025-06-19 10:13:36,REAL,2726827472,541,2726828013,2726828013
2025-06-19 10:13:38,REAL,2726828013,477,2726828490,2726828490
2025-06-19 10:13:40,REAL,2726828490,494,2726828984,2726828984
2025-06-19 10:13:42,REAL,2726828984,477,2726829461,2726829461
2025-06-19 10:13:44,REAL,2726829461,482,2726829943,2726829943
2025-06-19 10:13:46,REAL,2726829943,489,2726830432,2726830432
2025-06-19 10:13:48,REAL,2726830432,485,2726830917,2726830917
2025-06-19 10:13:50,REAL,2726830917,486,2726831403,2726831403
2025-06-19 10:13:52,REAL,2726831403,489,2726831892,2726831892
2025-06-19 10:13:54,REAL,2726831892,490,2726832382,2726832382
2025-06-19 10:13:56,REAL,2726832382,483,2726832865,2726832865
2025-06-19 10:13:58,REAL,2726832865,485,2726833350,2726833350
2025-06-19 10:14:00,REAL,2726833350,537,2726833887,2726833887
2025-06-19 10:14:02,REAL,2726833887,480,2726834367,2726834367
2025-06-19 10:14:04,REAL,2726834367,538,2726834905,2726834905
2025-06-19 10:14:06,REAL,2726834905,492,2726835397,2726835397
2025-06-19 10:14:08,REAL,2726835397,490,2726835887,2726835887
2025-06-19 10:14:10,REAL,2726835887,491,2726836378,2726836378
2025-06-19 10:14:12,REAL,2726836378,487,2726836865,2726836865
2025-06-19 10:14:14,REAL,2726836865,486,2726837351,2726837351
2025-06-19 10:14:16,REAL,2726837351,480,2726837831,2726837831
2025-06-19 10:14:18,REAL,2726837831,494,2726838325,2726838325
2025-06-19 10:14:20,REAL,2726838325,480,2726838805,2726838805
2025-06-19 10:14:22,REAL,2726838805,488,2726839293,2726839293
2025-06-19 10:14:24,REAL,2726839293,487,2726839780,2726839780
2025-06-19 10:14:26,REAL,2726839780,484,2726840264,2726840264
2025-06-19 10:14:28,REAL,2726840264,489,2726840753,2726840753
2025-06-19 10:14:30,REAL,2726840753,481,2726841234,2726841234
2025-06-19 10:14:32,REAL,2726841234,485,2726841719,2726841719
2025-06-19 10:14:34,REAL,2726841719,548,2726842267,2726842267
2025-06-19 10:14:36,REAL,2726842267,539,2726842806,2726842806
2025-06-19 10:14:38,REAL,2726842806,487,2726843293,2726843293
2025-06-19 10:14:40,REAL,2726843293,483,2726843776,2726843776
2025-06-19 10:14:42,REAL,2726843776,482,2726844258,2726844258
2025-06-19 10:14:44,REAL,2726844258,486,2726844744,2726844744
2025-06-19 10:14:46,REAL,2726844744,4451,2726849195,2726849195
2025-06-19 10:14:48,REAL,2726849195,11370,2726860565,2726860565
2025-06-19 10:14:50,REAL,2726860565,10325,2726870890,2726870890
2025-06-19 10:14:52,REAL,2726870890,10253,2726881143,2726881143
2025-06-19 10:14:54,REAL,2726881143,10256,2726891399,2726891399
2025-06-19 10:14:56,REAL,2726891399,10315,2726901714,2726901714
2025-06-19 10:14:58,REAL,2726901714,10253,2726911967,2726911967
2025-06-19 10:15:00,REAL,2726911967,10253,2726922220,2726922220
2025-06-19 10:15:02,REAL,2726922220,1806,2726924026,2726924026
2025-06-19 10:15:04,REAL,2726924026,488,2726924514,2726924514
2025-06-19 10:15:06,REAL,2726924514,483,2726924997,2726924997
2025-06-19 10:15:08,REAL,2726924997,481,2726925478,2726925478
2025-06-19 10:15:10,REAL,2726925478,481,2726925959,2726925959
2025-06-19 10:15:12,REAL,2726925959,486,2726926445,2726926445
2025-06-19 10:15:14,REAL,2726926445,596,2726927041,2726927041
2025-06-19 10:15:16,REAL,2726927041,485,2726927526,2726927526
2025-06-19 10:15:18,REAL,2726927526,494,2726928020,2726928020
2025-06-19 10:15:20,REAL,2726928020,485,2726928505,2726928505
2025-06-19 10:15:22,REAL,2726928505,485,2726928990,2726928990
2025-06-19 10:15:24,REAL,2726928990,483,2726929473,2726929473
2025-06-19 10:15:26,REAL,2726929473,484,2726929957,2726929957
2025-06-19 10:15:28,REAL,2726929957,486,2726930443,2726930443
2025-06-19 10:15:30,REAL,2726930443,483,2726930926,2726930926
2025-06-19 10:15:32,REAL,2726930926,483,2726931409,2726931409
2025-06-19 10:15:34,REAL,2726931409,476,2726931885,2726931885
2025-06-19 10:15:36,REAL,2726931885,482,2726932367,2726932367
2025-06-19 10:15:38,REAL,2726932367,481,2726932848,2726932848
2025-06-19 10:15:40,REAL,2726932848,539,2726933387,2726933387
2025-06-19 10:15:42,REAL,2726933387,489,2726933876,2726933876
2025-06-19 10:15:44,REAL,2726933876,486,2726934362,2726934362
2025-06-19 10:15:46,REAL,2726934362,483,2726934845,2726934845
2025-06-19 10:15:48,REAL,2726934845,480,2726935325,2726935325
2025-06-19 10:15:50,REAL,2726935325,540,2726935865,2726935865
2025-06-19 10:15:52,REAL,2726935865,484,2726936349,2726936349
2025-06-19 10:15:54,REAL,2726936349,480,2726936829,2726936829
2025-06-19 10:15:56,REAL,2726936829,486,2726937315,2726937315
2025-06-19 10:15:58,REAL,2726937315,482,2726937797,2726937797
2025-06-19 10:16:00,REAL,2726937797,489,2726938286,2726938286
2025-06-19 10:16:02,REAL,2726938286,483,2726938769,2726938769
2025-06-19 10:16:04,REAL,2726938769,482,2726939251,2726939251
2025-06-19 10:16:06,REAL,2726939251,483,2726939734,2726939734
2025-06-19 10:16:08,REAL,2726939734,487,2726940221,2726940221
2025-06-19 10:16:10,REAL,2726940221,486,2726940707,2726940707
2025-06-19 10:16:12,REAL,2726940707,487,2726941194,2726941194
2025-06-19 10:16:14,REAL,2726941194,538,2726941732,2726941732
2025-06-19 10:16:16,REAL,2726941732,480,2726942212,2726942212
2025-06-19 10:16:18,REAL,2726942212,548,2726942760,2726942760
2025-06-19 10:16:20,REAL,2726942760,480,2726943240,2726943240
2025-06-19 10:16:22,REAL,2726943240,490,2726943730,2726943730
2025-06-19 10:16:24,REAL,2726943730,481,2726944211,2726944211
2025-06-19 10:16:26,REAL,2726944211,481,2726944692,2726944692
2025-06-19 10:16:28,REAL,2726944692,478,2726945170,2726945170
2025-06-19 10:16:30,REAL,2726945170,477,2726945647,2726945647
2025-06-19 10:16:32,REAL,2726945647,6626,2726952273,2726952273
2025-06-19 10:16:34,REAL,2726952273,10841,2726963114,2726963114
2025-06-19 10:16:36,REAL,2726963114,10250,2726973364,2726973364
2025-06-19 10:16:38,REAL,2726973364,10246,2726983610,2726983610
2025-06-19 10:16:40,REAL,2726983610,10305,2726993915,2726993915
2025-06-19 10:16:42,REAL,2726993915,10257,2727004172,2727004172
2025-06-19 10:16:44,REAL,2727004172,10318,2727014490,2727014490
2025-06-19 10:16:46,REAL,2727014490,9589,2727024079,2727024079
2025-06-19 10:16:48,REAL,2727024079,476,2727024555,2727024555
2025-06-19 10:16:50,REAL,2727024555,481,2727025036,2727025036
2025-06-19 10:16:52,REAL,2727025036,483,2727025519,2727025519
2025-06-19 10:16:54,REAL,2727025519,481,2727026000,2727026000
2025-06-19 10:16:56,REAL,2727026000,486,2727026486,2727026486
2025-06-19 10:16:58,REAL,2727026486,478,2727026964,2727026964
2025-06-19 10:17:00,REAL,2727026964,483,2727027447,2727027447
2025-06-19 10:17:02,REAL,2727027447,474,2727027921,2727027921
2025-06-19 10:17:04,REAL,2727027921,543,2727028464,2727028464
2025-06-19 10:17:06,REAL,2727028464,491,2727028955,2727028955
2025-06-19 10:17:08,REAL,2727028955,543,2727029498,2727029498
2025-06-19 10:17:10,REAL,2727029498,481,2727029979,2727029979
2025-06-19 10:17:12,REAL,2727029979,478,2727030457,2727030457
2025-06-19 10:17:14,REAL,2727030457,480,2727030937,2727030937
2025-06-19 10:17:16,REAL,2727030937,486,2727031423,2727031423
2025-06-19 10:17:18,REAL,2727031423,486,2727031909,2727031909
2025-06-19 10:17:20,REAL,2727031909,489,2727032398,2727032398
2025-06-19 10:17:22,REAL,2727032398,484,2727032882,2727032882
2025-06-19 10:17:24,REAL,2727032882,485,2727033367,2727033367
2025-06-19 10:17:26,REAL,2727033367,479,2727033846,2727033846
2025-06-19 10:17:28,REAL,2727033846,535,2727034381,2727034381
2025-06-19 10:17:30,REAL,2727034381,488,2727034869,2727034869
2025-06-19 10:17:32,REAL,2727034869,488,2727035357,2727035357
2025-06-19 10:17:34,REAL,2727035357,488,2727035845,2727035845
2025-06-19 10:17:36,REAL,2727035845,489,2727036334,2727036334
2025-06-19 10:17:38,REAL,2727036334,489,2727036823,2727036823
2025-06-19 10:17:40,REAL,2727036823,478,2727037301,2727037301
2025-06-19 10:17:42,REAL,2727037301,485,2727037786,2727037786
2025-06-19 10:17:44,REAL,2727037786,478,2727038264,2727038264
2025-06-19 10:17:46,REAL,2727038264,537,2727038801,2727038801
2025-06-19 10:17:48,REAL,2727038801,482,2727039283,2727039283
2025-06-19 10:17:50,REAL,2727039283,487,2727039770,2727039770
2025-06-19 10:17:52,REAL,2727039770,532,2727040302,2727040302
2025-06-19 10:17:54,REAL,2727040302,482,2727040784,2727040784
2025-06-19 10:17:56,REAL,2727040784,480,2727041264,2727041264
2025-06-19 10:17:58,REAL,2727041264,487,2727041751,2727041751
2025-06-19 10:18:00,REAL,2727041751,485,2727042236,2727042236
2025-06-19 10:18:02,REAL,2727042236,483,2727042719,2727042719
2025-06-19 10:18:04,REAL,2727042719,485,2727043204,2727043204
2025-06-19 10:18:06,REAL,2727043204,479,2727043683,2727043683
2025-06-19 10:18:08,REAL,2727043683,483,2727044166,2727044166
2025-06-19 10:18:10,REAL,2727044166,490,2727044656,2727044656
2025-06-19 10:18:12,REAL,2727044656,489,2727045145,2727045145
2025-06-19 10:18:14,REAL,2727045145,486,2727045631,2727045631
2025-06-19 10:18:16,REAL,2727045631,541,2727046172,2727046172
2025-06-19 10:18:18,REAL,2727046172,481,2727046653,2727046653
2025-06-19 10:18:20,REAL,2727046653,488,2727047141,2727047141
2025-06-19 10:18:22,REAL,2727047141,540,2727047681,2727047681
2025-06-19 10:18:24,REAL,2727047681,484,2727048165,2727048165
2025-06-19 10:18:26,REAL,2727048165,488,2727048653,2727048653
2025-06-19 10:18:28,REAL,2727048653,485,2727049138,2727049138
2025-06-19 10:18:30,REAL,2727049138,489,2727049627,2727049627
2025-06-19 10:18:32,REAL,2727049627,490,2727050117,2727050117
2025-06-19 10:18:34,REAL,2727050117,486,2727050603,2727050603
2025-06-19 10:18:36,REAL,2727050603,479,2727051082,2727051082
2025-06-19 10:18:38,REAL,2727051082,482,2727051564,2727051564
2025-06-19 10:18:40,REAL,2727051564,545,2727052109,2727052109
2025-06-19 10:18:42,REAL,2727052109,476,2727052585,2727052585
2025-06-19 10:18:44,REAL,2727052585,485,2727053070,2727053070
2025-06-19 10:18:46,REAL,2727053070,485,2727053555,2727053555
2025-06-19 10:18:48,REAL,2727053555,481,2727054036,2727054036
2025-06-19 10:18:50,REAL,2727054036,480,2727054516,2727054516
2025-06-19 10:18:52,REAL,2727054516,486,2727055002,2727055002
2025-06-19 10:18:54,REAL,2727055002,481,2727055483,2727055483
2025-06-19 10:18:56,REAL,2727055483,487,2727055970,2727055970
2025-06-19 10:18:58,REAL,2727055970,486,2727056456,2727056456
2025-06-19 10:19:00,REAL,2727056456,544,2727057000,2727057000
2025-06-19 10:19:02,REAL,2727057000,540,2727057540,2727057540
2025-06-19 10:19:04,REAL,2727057540,489,2727058029,2727058029
2025-06-19 10:19:06,REAL,2727058029,487,2727058516,2727058516
2025-06-19 10:19:08,REAL,2727058516,481,2727058997,2727058997
2025-06-19 10:19:10,REAL,2727058997,486,2727059483,2727059483
2025-06-19 10:19:12,REAL,2727059483,479,2727059962,2727059962
2025-06-19 10:19:14,REAL,2727059962,483,2727060445,2727060445
2025-06-19 10:19:16,REAL,2727060445,486,2727060931,2727060931
2025-06-19 10:19:18,REAL,2727060931,488,2727061419,2727061419
2025-06-19 10:19:20,REAL,2727061419,483,2727061902,2727061902
2025-06-19 10:19:22,REAL,2727061902,488,2727062390,2727062390
2025-06-19 10:19:24,REAL,2727062390,487,2727062877,2727062877
2025-06-19 10:19:26,REAL,2727062877,491,2727063368,2727063368
2025-06-19 10:19:28,REAL,2727063368,546,2727063914,2727063914
2025-06-19 10:19:30,REAL,2727063914,483,2727064397,2727064397
2025-06-19 10:19:32,REAL,2727064397,474,2727064871,2727064871
2025-06-19 10:19:34,REAL,2727064871,492,2727065363,2727065363
2025-06-19 10:19:36,REAL,2727065363,538,2727065901,2727065901
2025-06-19 10:19:38,REAL,2727065901,482,2727066383,2727066383
2025-06-19 10:19:40,REAL,2727066383,485,2727066868,2727066868
2025-06-19 10:19:42,REAL,2727066868,490,2727067358,2727067358
2025-06-19 10:19:44,REAL,2727067358,484,2727067842,2727067842
2025-06-19 10:19:46,REAL,2727067842,478,2727068320,2727068320
2025-06-19 10:19:48,REAL,2727068320,478,2727068798,2727068798
2025-06-19 10:19:50,REAL,2727068798,484,2727069282,2727069282
2025-06-19 10:19:52,REAL,2727069282,540,2727069822,2727069822
2025-06-19 10:19:54,REAL,2727069822,486,2727070308,2727070308
2025-06-19 10:19:56,REAL,2727070308,489,2727070797,2727070797
2025-06-19 10:19:58,REAL,2727070797,492,2727071289,2727071289
2025-06-19 10:20:00,REAL,2727071289,488,2727071777,2727071777
2025-06-19 10:20:02,REAL,2727071777,489,2727072266,2727072266
2025-06-19 10:20:04,REAL,2727072266,483,2727072749,2727072749
2025-06-19 10:20:06,REAL,2727072749,485,2727073234,2727073234
2025-06-19 10:20:08,REAL,2727073234,483,2727073717,2727073717
2025-06-19 10:20:10,REAL,2727073717,489,2727074206,2727074206
2025-06-19 10:20:12,REAL,2727074206,548,2727074754,2727074754
2025-06-19 10:20:14,REAL,2727074754,484,2727075238,2727075238
2025-06-19 10:20:16,REAL,2727075238,542,2727075780,2727075780
2025-06-19 10:20:18,REAL,2727075780,486,2727076266,2727076266
2025-06-19 10:20:20,REAL,2727076266,492,2727076758,2727076758
2025-06-19 10:20:22,REAL,2727076758,479,2727077237,2727077237
2025-06-19 10:20:24,REAL,2727077237,489,2727077726,2727077726
2025-06-19 10:20:26,REAL,2727077726,488,2727078214,2727078214
2025-06-19 10:20:28,REAL,2727078214,481,2727078695,2727078695
2025-06-19 10:20:30,REAL,2727078695,492,2727079187,2727079187
2025-06-19 10:20:32,REAL,2727079187,486,2727079673,2727079673
2025-06-19 10:20:34,REAL,2727079673,482,2727080155,2727080155
2025-06-19 10:20:36,REAL,2727080155,480,2727080635,2727080635
2025-06-19 10:20:38,REAL,2727080635,482,2727081117,2727081117
2025-06-19 10:20:40,REAL,2727081117,476,2727081593,2727081593
2025-06-19 10:20:42,REAL,2727081593,481,2727082074,2727082074
2025-06-19 10:20:44,REAL,2727082074,487,2727082561,2727082561
2025-06-19 10:20:46,REAL,2727082561,480,2727083041,2727083041
2025-06-19 10:20:48,REAL,2727083041,482,2727083523,2727083523
2025-06-19 10:20:50,REAL,2727083523,545,2727084068,2727084068
2025-06-19 10:20:52,REAL,2727084068,7158,2727091226,2727091226
2025-06-19 10:20:54,REAL,2727091226,11104,2727102330,2727102330
2025-06-19 10:20:56,REAL,2727102330,10258,2727112588,2727112588
2025-06-19 10:20:58,REAL,2727112588,10311,2727122899,2727122899
2025-06-19 10:21:00,REAL,2727122899,10243,2727133142,2727133142
2025-06-19 10:21:02,REAL,2727133142,10255,2727143397,2727143397
2025-06-19 10:21:04,REAL,2727143397,10247,2727153644,2727153644
2025-06-19 10:21:06,REAL,2727153644,9520,2727163164,2727163164
2025-06-19 10:21:08,REAL,2727163164,486,2727163650,2727163650
2025-06-19 10:21:10,REAL,2727163650,483,2727164133,2727164133
2025-06-19 10:21:12,REAL,2727164133,486,2727164619,2727164619
2025-06-19 10:21:14,REAL,2727164619,488,2727165107,2727165107
2025-06-19 10:21:16,REAL,2727165107,483,2727165590,2727165590
2025-06-19 10:21:18,REAL,2727165590,486,2727166076,2727166076
2025-06-19 10:21:20,REAL,2727166076,486,2727166562,2727166562
2025-06-19 10:21:22,REAL,2727166562,483,2727167045,2727167045
2025-06-19 10:21:24,REAL,2727167045,7890,2727174935,2727174935
2025-06-19 10:21:26,REAL,2727174935,11040,2727185975,2727185975
2025-06-19 10:21:28,REAL,2727185975,10261,2727196236,2727196236
2025-06-19 10:21:30,REAL,2727196236,10322,2727206558,2727206558
2025-06-19 10:21:32,REAL,2727206558,10251,2727216809,2727216809
2025-06-19 10:21:34,REAL,2727216809,10248,2727227057,2727227057
2025-06-19 10:21:36,REAL,2727227057,10242,2727237299,2727237299
2025-06-19 10:21:38,REAL,2727237299,8863,2727246162,2727246162
2025-06-19 10:21:40,REAL,2727246162,484,2727246646,2727246646
2025-06-19 10:21:42,REAL,2727246646,491,2727247137,2727247137
2025-06-19 10:21:44,REAL,2727247137,485,2727247622,2727247622
2025-06-19 10:21:46,REAL,2727247622,491,2727248113,2727248113
2025-06-19 10:21:48,REAL,2727248113,486,2727248599,2727248599
2025-06-19 10:21:50,REAL,2727248599,480,2727249079,2727249079
2025-06-19 10:21:52,REAL,2727249079,483,2727249562,2727249562
2025-06-19 10:21:54,REAL,2727249562,541,2727250103,2727250103
2025-06-19 10:21:56,REAL,2727250103,9727,2727259830,2727259830
2025-06-19 10:21:58,REAL,2727259830,10722,2727270552,2727270552
2025-06-19 10:22:00,REAL,2727270552,10323,2727280875,2727280875
2025-06-19 10:22:02,REAL,2727280875,10250,2727291125,2727291125
2025-06-19 10:22:04,REAL,2727291125,10320,2727301445,2727301445
2025-06-19 10:22:06,REAL,2727301445,10246,2727311691,2727311691
2025-06-19 10:22:08,REAL,2727311691,10326,2727322017,2727322017
2025-06-19 10:22:10,REAL,2727322017,8200,2727330217,2727330217
2025-06-19 10:22:12,REAL,2727330217,484,2727330701,2727330701
2025-06-19 10:22:14,REAL,2727330701,491,2727331192,2727331192
2025-06-19 10:22:16,REAL,2727331192,483,2727331675,2727331675
2025-06-19 10:22:18,REAL,2727331675,486,2727332161,2727332161
2025-06-19 10:22:20,REAL,2727332161,487,2727332648,2727332648
2025-06-19 10:22:22,REAL,2727332648,485,2727333133,2727333133
2025-06-19 10:22:24,REAL,2727333133,479,2727333612,2727333612
2025-06-19 10:22:26,REAL,2727333612,480,2727334092,2727334092
2025-06-19 10:22:28,REAL,2727334092,12505,2727346597,2727346597
2025-06-19 10:22:30,REAL,2727346597,11378,2727357975,2727357975
2025-06-19 10:22:32,REAL,2727357975,10324,2727368299,2727368299
2025-06-19 10:22:34,REAL,2727368299,10252,2727378551,2727378551
2025-06-19 10:22:36,REAL,2727378551,10319,2727388870,2727388870
2025-06-19 10:22:38,REAL,2727388870,10254,2727399124,2727399124
2025-06-19 10:22:40,REAL,2727399124,10250,2727409374,2727409374
2025-06-19 10:22:42,REAL,2727409374,7613,2727416987,2727416987
2025-06-19 10:22:44,REAL,2727416987,541,2727417528,2727417528
2025-06-19 10:22:46,REAL,2727417528,484,2727418012,2727418012
2025-06-19 10:22:48,REAL,2727418012,490,2727418502,2727418502
2025-06-19 10:22:50,REAL,2727418502,481,2727418983,2727418983
2025-06-19 10:22:52,REAL,2727418983,492,2727419475,2727419475
2025-06-19 10:22:54,REAL,2727419475,483,2727419958,2727419958
2025-06-19 10:22:56,REAL,2727419958,486,2727420444,2727420444
2025-06-19 10:22:58,REAL,2727420444,483,2727420927,2727420927
2025-06-19 10:23:00,REAL,2727420927,10717,2727431644,2727431644
2025-06-19 10:23:02,REAL,2727431644,10511,2727442155,2727442155
2025-06-19 10:23:04,REAL,2727442155,10319,2727452474,2727452474
2025-06-19 10:23:06,REAL,2727452474,10312,2727462786,2727462786
2025-06-19 10:23:08,REAL,2727462786,10251,2727473037,2727473037
2025-06-19 10:23:10,REAL,2727473037,10316,2727483353,2727483353
2025-06-19 10:23:12,REAL,2727483353,10251,2727493604,2727493604
2025-06-19 10:23:14,REAL,2727493604,6950,2727500554,2727500554
2025-06-19 10:23:16,REAL,2727500554,482,2727501036,2727501036
2025-06-19 10:23:18,REAL,2727501036,487,2727501523,2727501523
2025-06-19 10:23:20,REAL,2727501523,481,2727502004,2727502004
2025-06-19 10:23:22,REAL,2727502004,484,2727502488,2727502488
2025-06-19 10:23:24,REAL,2727502488,481,2727502969,2727502969
2025-06-19 10:23:26,REAL,2727502969,480,2727503449,2727503449
2025-06-19 10:23:28,REAL,2727503449,483,2727503932,2727503932
2025-06-19 10:23:30,REAL,2727503932,483,2727504415,2727504415
2025-06-19 10:23:32,REAL,2727504415,532,2727504947,2727504947
2025-06-19 10:23:34,REAL,2727504947,541,2727505488,2727505488
2025-06-19 10:23:36,REAL,2727505488,486,2727505974,2727505974
2025-06-19 10:23:38,REAL,2727505974,480,2727506454,2727506454
2025-06-19 10:23:40,REAL,2727506454,480,2727506934,2727506934
2025-06-19 10:23:42,REAL,2727506934,480,2727507414,2727507414
2025-06-19 10:23:44,REAL,2727507414,487,2727507901,2727507901
2025-06-19 10:23:46,REAL,2727507901,485,2727508386,2727508386
2025-06-19 10:23:48,REAL,2727508386,484,2727508870,2727508870
2025-06-19 10:23:50,REAL,2727508870,483,2727509353,2727509353
2025-06-19 10:23:52,REAL,2727509353,480,2727509833,2727509833
2025-06-19 10:23:54,REAL,2727509833,489,2727510322,2727510322
2025-06-19 10:23:56,REAL,2727510322,484,2727510806,2727510806
2025-06-19 10:23:58,REAL,2727510806,491,2727511297,2727511297
2025-06-19 10:24:00,REAL,2727511297,489,2727511786,2727511786
2025-06-19 10:24:02,REAL,2727511786,480,2727512266,2727512266
2025-06-19 10:24:04,REAL,2727512266,486,2727512752,2727512752
2025-06-19 10:24:06,REAL,2727512752,491,2727513243,2727513243
2025-06-19 10:24:08,REAL,2727513243,542,2727513785,2727513785
2025-06-19 10:24:10,REAL,2727513785,482,2727514267,2727514267
2025-06-19 10:24:12,REAL,2727514267,482,2727514749,2727514749
2025-06-19 10:24:14,REAL,2727514749,488,2727515237,2727515237
2025-06-19 10:24:16,REAL,2727515237,489,2727515726,2727515726
2025-06-19 10:24:18,REAL,2727515726,476,2727516202,2727516202
2025-06-19 10:24:20,REAL,2727516202,485,2727516687,2727516687
2025-06-19 10:24:22,REAL,2727516687,535,2727517222,2727517222
2025-06-19 10:24:24,REAL,2727517222,487,2727517709,2727517709
2025-06-19 10:24:26,REAL,2727517709,491,2727518200,2727518200
2025-06-19 10:24:28,REAL,2727518200,482,2727518682,2727518682
2025-06-19 10:24:30,REAL,2727518682,488,2727519170,2727519170
2025-06-19 10:24:32,REAL,2727519170,489,2727519659,2727519659
2025-06-19 10:24:34,REAL,2727519659,489,2727520148,2727520148
2025-06-19 10:24:36,REAL,2727520148,488,2727520636,2727520636
2025-06-19 10:24:38,REAL,2727520636,478,2727521114,2727521114
2025-06-19 10:24:40,REAL,2727521114,477,2727521591,2727521591
2025-06-19 10:24:42,REAL,2727521591,485,2727522076,2727522076
2025-06-19 10:24:44,REAL,2727522076,540,2727522616,2727522616
2025-06-19 10:24:46,REAL,2727522616,15401,2727538017,2727538017
2025-06-19 10:24:48,REAL,2727538017,10326,2727548343,2727548343
2025-06-19 10:24:50,REAL,2727548343,10319,2727558662,2727558662
2025-06-19 10:24:52,REAL,2727558662,10259,2727568921,2727568921
2025-06-19 10:24:54,REAL,2727568921,10321,2727579242,2727579242
2025-06-19 10:24:56,REAL,2727579242,10312,2727589554,2727589554
2025-06-19 10:24:58,REAL,2727589554,10250,2727599804,2727599804
2025-06-19 10:25:00,REAL,2727599804,5226,2727605030,2727605030
2025-06-19 10:25:02,REAL,2727605030,486,2727605516,2727605516
2025-06-19 10:25:04,REAL,2727605516,483,2727605999,2727605999
2025-06-19 10:25:06,REAL,2727605999,480,2727606479,2727606479
2025-06-19 10:25:08,REAL,2727606479,493,2727606972,2727606972
2025-06-19 10:25:10,REAL,2727606972,548,2727607520,2727607520
2025-06-19 10:25:12,REAL,2727607520,490,2727608010,2727608010
2025-06-19 10:25:14,REAL,2727608010,485,2727608495,2727608495
2025-06-19 10:25:16,REAL,2727608495,487,2727608982,2727608982
2025-06-19 10:25:18,REAL,2727608982,489,2727609471,2727609471
2025-06-19 10:25:20,REAL,2727609471,544,2727610015,2727610015
2025-06-19 10:25:22,REAL,2727610015,490,2727610505,2727610505
2025-06-19 10:25:24,REAL,2727610505,486,2727610991,2727610991
2025-06-19 10:25:26,REAL,2727610991,480,2727611471,2727611471
2025-06-19 10:25:28,REAL,2727611471,481,2727611952,2727611952
2025-06-19 10:25:30,REAL,2727611952,482,2727612434,2727612434
2025-06-19 10:25:32,REAL,2727612434,478,2727612912,2727612912
2025-06-19 10:25:34,REAL,2727612912,479,2727613391,2727613391
2025-06-19 10:25:36,REAL,2727613391,489,2727613880,2727613880
2025-06-19 10:25:38,REAL,2727613880,484,2727614364,2727614364
2025-06-19 10:25:40,REAL,2727614364,490,2727614854,2727614854
2025-06-19 10:25:42,REAL,2727614854,483,2727615337,2727615337
2025-06-19 10:25:44,REAL,2727615337,477,2727615814,2727615814
2025-06-19 10:25:46,REAL,2727615814,490,2727616304,2727616304
2025-06-19 10:25:48,REAL,2727616304,488,2727616792,2727616792
2025-06-19 10:25:50,REAL,2727616792,486,2727617278,2727617278
2025-06-19 10:25:52,REAL,2727617278,493,2727617771,2727617771
2025-06-19 10:25:54,REAL,2727617771,542,2727618313,2727618313
2025-06-19 10:25:56,REAL,2727618313,492,2727618805,2727618805
2025-06-19 10:25:58,REAL,2727618805,488,2727619293,2727619293
2025-06-19 10:26:00,REAL,2727619293,534,2727619827,2727619827
2025-06-19 10:26:02,REAL,2727619827,483,2727620310,2727620310
2025-06-19 10:26:04,REAL,2727620310,484,2727620794,2727620794
2025-06-19 10:26:06,REAL,2727620794,480,2727621274,2727621274
2025-06-19 10:26:08,REAL,2727621274,483,2727621757,2727621757
2025-06-19 10:26:10,REAL,2727621757,486,2727622243,2727622243
2025-06-19 10:26:12,REAL,2727622243,478,2727622721,2727622721
2025-06-19 10:26:14,REAL,2727622721,485,2727623206,2727623206
2025-06-19 10:26:16,REAL,2727623206,485,2727623691,2727623691
2025-06-19 10:26:18,REAL,2727623691,481,2727624172,2727624172
2025-06-19 10:26:20,REAL,2727624172,489,2727624661,2727624661
2025-06-19 10:26:22,REAL,2727624661,542,2727625203,2727625203
2025-06-19 10:26:24,REAL,2727625203,488,2727625691,2727625691
2025-06-19 10:26:26,REAL,2727625691,486,2727626177,2727626177
2025-06-19 10:26:28,REAL,2727626177,544,2727626721,2727626721
2025-06-19 10:26:30,REAL,2727626721,482,2727627203,2727627203
2025-06-19 10:26:32,REAL,2727627203,485,2727627688,2727627688
2025-06-19 10:26:34,REAL,2727627688,485,2727628173,2727628173
2025-06-19 10:26:36,REAL,2727628173,492,2727628665,2727628665
2025-06-19 10:26:38,REAL,2727628665,479,2727629144,2727629144
2025-06-19 10:26:40,REAL,2727629144,490,2727629634,2727629634
2025-06-19 10:26:42,REAL,2727629634,483,2727630117,2727630117
2025-06-19 10:26:44,REAL,2727630117,542,2727630659,2727630659
2025-06-19 10:26:46,REAL,2727630659,492,2727631151,2727631151
2025-06-19 10:26:48,REAL,2727631151,484,2727631635,2727631635
2025-06-19 10:26:50,REAL,2727631635,483,2727632118,2727632118
2025-06-19 10:26:52,REAL,2727632118,488,2727632606,2727632606
2025-06-19 10:26:54,REAL,2727632606,488,2727633094,2727633094
2025-06-19 10:26:56,REAL,2727633094,485,2727633579,2727633579
2025-06-19 10:26:58,REAL,2727633579,483,2727634062,2727634062
2025-06-19 10:27:00,REAL,2727634062,544,2727634606,2727634606
2025-06-19 10:27:02,REAL,2727634606,485,2727635091,2727635091
2025-06-19 10:27:04,REAL,2727635091,487,2727635578,2727635578
2025-06-19 10:27:06,REAL,2727635578,541,2727636119,2727636119
2025-06-19 10:27:08,REAL,2727636119,479,2727636598,2727636598
2025-06-19 10:27:10,REAL,2727636598,487,2727637085,2727637085
2025-06-19 10:27:12,REAL,2727637085,476,2727637561,2727637561
2025-06-19 10:27:14,REAL,2727637561,486,2727638047,2727638047
2025-06-19 10:27:16,REAL,2727638047,479,2727638526,2727638526
2025-06-19 10:27:18,REAL,2727638526,478,2727639004,2727639004
2025-06-19 10:27:20,REAL,2727639004,485,2727639489,2727639489
2025-06-19 10:27:22,REAL,2727639489,488,2727639977,2727639977
2025-06-19 10:27:24,REAL,2727639977,487,2727640464,2727640464
2025-06-19 10:27:26,REAL,2727640464,486,2727640950,2727640950
2025-06-19 10:27:28,REAL,2727640950,535,2727641485,2727641485
2025-06-19 10:27:30,REAL,2727641485,475,2727641960,2727641960
2025-06-19 10:27:32,REAL,2727641960,485,2727642445,2727642445
2025-06-19 10:27:34,REAL,2727642445,536,2727642981,2727642981
2025-06-19 10:27:36,REAL,2727642981,485,2727643466,2727643466
2025-06-19 10:27:38,REAL,2727643466,481,2727643947,2727643947
2025-06-19 10:27:40,REAL,2727643947,490,2727644437,2727644437
2025-06-19 10:27:42,REAL,2727644437,483,2727644920,2727644920
2025-06-19 10:27:44,REAL,2727644920,490,2727645410,2727645410
2025-06-19 10:27:46,REAL,2727645410,486,2727645896,2727645896
2025-06-19 10:27:48,REAL,2727645896,492,2727646388,2727646388
2025-06-19 10:27:50,REAL,2727646388,539,2727646927,2727646927
2025-06-19 10:27:52,REAL,2727646927,492,2727647419,2727647419
2025-06-19 10:27:54,REAL,2727647419,480,2727647899,2727647899
2025-06-19 10:27:56,REAL,2727647899,481,2727648380,2727648380
2025-06-19 10:27:58,REAL,2727648380,478,2727648858,2727648858
2025-06-19 10:28:00,REAL,2727648858,488,2727649346,2727649346
2025-06-19 10:28:02,REAL,2727649346,483,2727649829,2727649829
2025-06-19 10:28:04,REAL,2727649829,483,2727650312,2727650312
2025-06-19 10:28:06,REAL,2727650312,482,2727650794,2727650794
2025-06-19 10:28:08,REAL,2727650794,538,2727651332,2727651332
2025-06-19 10:28:10,REAL,2727651332,493,2727651825,2727651825
2025-06-19 10:28:12,REAL,2727651825,548,2727652373,2727652373
2025-06-19 10:28:14,REAL,2727652373,484,2727652857,2727652857
2025-06-19 10:28:16,REAL,2727652857,494,2727653351,2727653351
2025-06-19 10:28:18,REAL,2727653351,485,2727653836,2727653836
2025-06-19 10:28:20,REAL,2727653836,489,2727654325,2727654325
2025-06-19 10:28:22,REAL,2727654325,484,2727654809,2727654809
2025-06-19 10:28:24,REAL,2727654809,240,2727655049,2727655049
2025-06-19 10:28:26,REAL,2727655049,484,2727655533,2727655533
2025-06-19 10:28:28,REAL,2727655533,486,2727656019,2727656019
2025-06-19 10:28:30,REAL,2727656019,489,2727656508,2727656508
2025-06-19 10:28:32,REAL,2727656508,476,2727656984,2727656984
2025-06-19 10:28:34,REAL,2727656984,541,2727657525,2727657525
2025-06-19 10:28:36,REAL,2727657525,484,2727658009,2727658009
2025-06-19 10:28:38,REAL,2727658009,490,2727658499,2727658499
2025-06-19 10:28:40,REAL,2727658499,490,2727658989,2727658989
2025-06-19 10:28:42,REAL,2727658989,534,2727659523,2727659523
2025-06-19 10:28:44,REAL,2727659523,486,2727660009,2727660009
2025-06-19 10:28:46,REAL,2727660009,493,2727660502,2727660502
2025-06-19 10:28:48,REAL,2727660502,485,2727660987,2727660987
2025-06-19 10:28:50,REAL,2727660987,477,2727661464,2727661464
2025-06-19 10:28:52,REAL,2727661464,481,2727661945,2727661945
2025-06-19 10:28:54,REAL,2727661945,478,2727662423,2727662423
2025-06-19 10:28:56,REAL,2727662423,541,2727662964,2727662964
2025-06-19 10:28:58,REAL,2727662964,487,2727663451,2727663451
2025-06-19 10:29:00,REAL,2727663451,492,2727663943,2727663943
2025-06-19 10:29:02,REAL,2727663943,488,2727664431,2727664431
2025-06-19 10:29:04,REAL,2727664431,492,2727664923,2727664923
2025-06-19 10:29:06,REAL,2727664923,486,2727665409,2727665409
2025-06-19 10:29:08,REAL,2727665409,486,2727665895,2727665895
2025-06-19 10:29:10,REAL,2727665895,487,2727666382,2727666382
2025-06-19 10:29:12,REAL,2727666382,480,2727666862,2727666862
2025-06-19 10:29:14,REAL,2727666862,539,2727667401,2727667401
2025-06-19 10:29:16,REAL,2727667401,483,2727667884,2727667884
2025-06-19 10:29:18,REAL,2727667884,547,2727668431,2727668431
2025-06-19 10:29:20,REAL,2727668431,491,2727668922,2727668922
2025-06-19 10:29:22,REAL,2727668922,483,2727669405,2727669405
2025-06-19 10:29:24,REAL,2727669405,486,2727669891,2727669891
2025-06-19 10:29:26,REAL,2727669891,480,2727670371,2727670371
2025-06-19 10:29:28,REAL,2727670371,481,2727670852,2727670852
2025-06-19 10:29:30,REAL,2727670852,486,2727671338,2727671338
2025-06-19 10:29:32,REAL,2727671338,487,2727671825,2727671825
2025-06-19 10:29:34,REAL,2727671825,484,2727672309,2727672309
2025-06-19 10:29:36,REAL,2727672309,484,2727672793,2727672793
2025-06-19 10:29:38,REAL,2727672793,484,2727673277,2727673277
2025-06-19 10:29:40,REAL,2727673277,537,2727673814,2727673814
2025-06-19 10:29:42,REAL,2727673814,481,2727674295,2727674295
2025-06-19 10:29:44,REAL,2727674295,476,2727674771,2727674771
2025-06-19 10:29:46,REAL,2727674771,482,2727675253,2727675253
2025-06-19 10:29:48,REAL,2727675253,532,2727675785,2727675785
2025-06-19 10:29:50,REAL,2727675785,483,2727676268,2727676268
2025-06-19 10:29:52,REAL,2727676268,491,2727676759,2727676759
2025-06-19 10:29:54,REAL,2727676759,486,2727677245,2727677245
2025-06-19 10:29:56,REAL,2727677245,481,2727677726,2727677726
2025-06-19 10:29:58,REAL,2727677726,486,2727678212,2727678212
2025-06-19 10:30:00,REAL,2727678212,480,2727678692,2727678692
2025-06-19 10:30:02,REAL,2727678692,540,2727679232,2727679232
2025-06-19 10:30:04,REAL,2727679232,485,2727679717,2727679717
2025-06-19 10:30:06,REAL,2727679717,487,2727680204,2727680204
2025-06-19 10:30:08,REAL,2727680204,490,2727680694,2727680694
2025-06-19 10:30:10,REAL,2727680694,486,2727681180,2727681180
2025-06-19 10:30:12,REAL,2727681180,483,2727681663,2727681663
2025-06-19 10:30:14,REAL,2727681663,480,2727682143,2727682143
2025-06-19 10:30:16,REAL,2727682143,488,2727682631,2727682631
2025-06-19 10:30:18,REAL,2727682631,485,2727683116,2727683116
2025-06-19 10:30:20,REAL,2727683116,489,2727683605,2727683605
2025-06-19 10:30:22,REAL,2727683605,538,2727684143,2727684143
2025-06-19 10:30:24,REAL,2727684143,533,2727684676,2727684676
2025-06-19 10:30:26,REAL,2727684676,483,2727685159,2727685159
2025-06-19 10:30:28,REAL,2727685159,481,2727685640,2727685640
2025-06-19 10:30:30,REAL,2727685640,489,2727686129,2727686129
2025-06-19 10:30:32,REAL,2727686129,479,2727686608,2727686608
2025-06-19 10:30:34,REAL,2727686608,478,2727687086,2727687086
2025-06-19 10:30:36,REAL,2727687086,482,2727687568,2727687568
2025-06-19 10:30:38,REAL,2727687568,2599,2727690167,2727690167
2025-06-19 10:30:40,REAL,2727690167,11576,2727701743,2727701743
2025-06-19 10:30:42,REAL,2727701743,10261,2727712004,2727712004
2025-06-19 10:30:44,REAL,2727712004,10252,2727722256,2727722256
2025-06-19 10:30:46,REAL,2727722256,10255,2727732511,2727732511
2025-06-19 10:30:48,REAL,2727732511,10316,2727742827,2727742827
2025-06-19 10:30:50,REAL,2727742827,10251,2727753078,2727753078
2025-06-19 10:30:52,REAL,2727753078,10246,2727763324,2727763324
2025-06-19 10:30:54,REAL,2727763324,3574,2727766898,2727766898
2025-06-19 10:30:56,REAL,2727766898,482,2727767380,2727767380
2025-06-19 10:30:58,REAL,2727767380,479,2727767859,2727767859
2025-06-19 10:31:00,REAL,2727767859,486,2727768345,2727768345
2025-06-19 10:31:02,REAL,2727768345,481,2727768826,2727768826
2025-06-19 10:31:04,REAL,2727768826,492,2727769318,2727769318
2025-06-19 10:31:06,REAL,2727769318,485,2727769803,2727769803
2025-06-19 10:31:08,REAL,2727769803,489,2727770292,2727770292
2025-06-19 10:31:10,REAL,2727770292,3260,2727773552,2727773552
2025-06-19 10:31:12,REAL,2727773552,14615,2727788167,2727788167
2025-06-19 10:31:14,REAL,2727788167,10327,2727798494,2727798494
2025-06-19 10:31:16,REAL,2727798494,10304,2727808798,2727808798
2025-06-19 10:31:18,REAL,2727808798,10318,2727819116,2727819116
2025-06-19 10:31:20,REAL,2727819116,10244,2727829360,2727829360
2025-06-19 10:31:22,REAL,2727829360,10319,2727839679,2727839679
2025-06-19 10:31:24,REAL,2727839679,10380,2727850059,2727850059
2025-06-19 10:31:26,REAL,2727850059,2917,2727852976,2727852976
2025-06-19 10:31:28,REAL,2727852976,489,2727853465,2727853465
2025-06-19 10:31:30,REAL,2727853465,492,2727853957,2727853957
2025-06-19 10:31:32,REAL,2727853957,480,2727854437,2727854437
2025-06-19 10:31:34,REAL,2727854437,479,2727854916,2727854916
2025-06-19 10:31:36,REAL,2727854916,479,2727855395,2727855395
2025-06-19 10:31:38,REAL,2727855395,490,2727855885,2727855885
2025-06-19 10:31:40,REAL,2727855885,490,2727856375,2727856375
2025-06-19 10:31:42,REAL,2727856375,3995,2727860370,2727860370
2025-06-19 10:31:44,REAL,2727860370,11514,2727871884,2727871884
2025-06-19 10:31:46,REAL,2727871884,10327,2727882211,2727882211
2025-06-19 10:31:48,REAL,2727882211,10325,2727892536,2727892536
2025-06-19 10:31:50,REAL,2727892536,10252,2727902788,2727902788
2025-06-19 10:31:52,REAL,2727902788,10315,2727913103,2727913103
2025-06-19 10:31:54,REAL,2727913103,10314,2727923417,2727923417
2025-06-19 10:31:56,REAL,2727923417,10259,2727933676,2727933676
2025-06-19 10:31:58,REAL,2727933676,2265,2727935941,2727935941
2025-06-19 10:32:00,REAL,2727935941,481,2727936422,2727936422
2025-06-19 10:32:02,REAL,2727936422,484,2727936906,2727936906
2025-06-19 10:32:04,REAL,2727936906,484,2727937390,2727937390
2025-06-19 10:32:06,REAL,2727937390,483,2727937873,2727937873
2025-06-19 10:32:08,REAL,2727937873,483,2727938356,2727938356
2025-06-19 10:32:10,REAL,2727938356,482,2727938838,2727938838
2025-06-19 10:32:12,REAL,2727938838,484,2727939322,2727939322
2025-06-19 10:32:14,REAL,2727939322,477,2727939799,2727939799
2025-06-19 10:32:16,REAL,2727939799,487,2727940286,2727940286
2025-06-19 10:32:18,REAL,2727940286,493,2727940779,2727940779
2025-06-19 10:32:20,REAL,2727940779,538,2727941317,2727941317
2025-06-19 10:32:22,REAL,2727941317,492,2727941809,2727941809
2025-06-19 10:32:24,REAL,2727941809,478,2727942287,2727942287
2025-06-19 10:32:26,REAL,2727942287,544,2727942831,2727942831
2025-06-19 10:32:28,REAL,2727942831,492,2727943323,2727943323
2025-06-19 10:32:30,REAL,2727943323,484,2727943807,2727943807
2025-06-19 10:32:32,REAL,2727943807,478,2727944285,2727944285
2025-06-19 10:32:34,REAL,2727944285,483,2727944768,2727944768
2025-06-19 10:32:36,REAL,2727944768,482,2727945250,2727945250
2025-06-19 10:32:38,REAL,2727945250,479,2727945729,2727945729
2025-06-19 10:32:40,REAL,2727945729,482,2727946211,2727946211
2025-06-19 10:32:42,REAL,2727946211,480,2727946691,2727946691
2025-06-19 10:32:44,REAL,2727946691,488,2727947179,2727947179
2025-06-19 10:32:46,REAL,2727947179,482,2727947661,2727947661
2025-06-19 10:32:48,REAL,2727947661,481,2727948142,2727948142
2025-06-19 10:32:50,REAL,2727948142,486,2727948628,2727948628
2025-06-19 10:32:52,REAL,2727948628,487,2727949115,2727949115
2025-06-19 10:32:54,REAL,2727949115,484,2727949599,2727949599
2025-06-19 10:32:56,REAL,2727949599,544,2727950143,2727950143
2025-06-19 10:32:58,REAL,2727950143,489,2727950632,2727950632
2025-06-19 10:33:00,REAL,2727950632,540,2727951172,2727951172
2025-06-19 10:33:02,REAL,2727951172,482,2727951654,2727951654
2025-06-19 10:33:04,REAL,2727951654,485,2727952139,2727952139
2025-06-19 10:33:06,REAL,2727952139,479,2727952618,2727952618
2025-06-19 10:33:08,REAL,2727952618,481,2727953099,2727953099
2025-06-19 10:33:10,REAL,2727953099,492,2727953591,2727953591
2025-06-19 10:33:12,REAL,2727953591,5967,2727959558,2727959558
2025-06-19 10:33:14,REAL,2727959558,11119,2727970677,2727970677
2025-06-19 10:33:16,REAL,2727970677,10320,2727980997,2727980997
2025-06-19 10:33:18,REAL,2727980997,10254,2727991251,2727991251
2025-06-19 10:33:20,REAL,2727991251,10253,2728001504,2728001504
2025-06-19 10:33:22,REAL,2728001504,10252,2728011756,2728011756
2025-06-19 10:33:24,REAL,2728011756,10315,2728022071,2728022071
2025-06-19 10:33:26,REAL,2728022071,10303,2728032374,2728032374
2025-06-19 10:33:28,REAL,2728032374,815,2728033189,2728033189
2025-06-19 10:33:30,REAL,2728033189,484,2728033673,2728033673
2025-06-19 10:33:32,REAL,2728033673,484,2728034157,2728034157
2025-06-19 10:33:34,REAL,2728034157,481,2728034638,2728034638
2025-06-19 10:33:36,REAL,2728034638,489,2728035127,2728035127
2025-06-19 10:33:38,REAL,2728035127,487,2728035614,2728035614
2025-06-19 10:33:40,REAL,2728035614,485,2728036099,2728036099
2025-06-19 10:33:42,REAL,2728036099,486,2728036585,2728036585
2025-06-19 10:33:44,REAL,2728036585,480,2728037065,2728037065
2025-06-19 10:33:46,REAL,2728037065,483,2728037548,2728037548
2025-06-19 10:33:48,REAL,2728037548,474,2728038022,2728038022
2025-06-19 10:33:50,REAL,2728038022,540,2728038562,2728038562
2025-06-19 10:33:52,REAL,2728038562,491,2728039053,2728039053
2025-06-19 10:33:54,REAL,2728039053,491,2728039544,2728039544
2025-06-19 10:33:56,REAL,2728039544,539,2728040083,2728040083
2025-06-19 10:33:58,REAL,2728040083,484,2728040567,2728040567
2025-06-19 10:34:00,REAL,2728040567,485,2728041052,2728041052
2025-06-19 10:34:02,REAL,2728041052,480,2728041532,2728041532
2025-06-19 10:34:04,REAL,2728041532,481,2728042013,2728042013
2025-06-19 10:34:06,REAL,2728042013,486,2728042499,2728042499
2025-06-19 10:34:08,REAL,2728042499,490,2728042989,2728042989
2025-06-19 10:34:10,REAL,2728042989,483,2728043472,2728043472
2025-06-19 10:34:12,REAL,2728043472,483,2728043955,2728043955
2025-06-19 10:34:14,REAL,2728043955,483,2728044438,2728044438
2025-06-19 10:34:16,REAL,2728044438,485,2728044923,2728044923
2025-06-19 10:34:18,REAL,2728044923,481,2728045404,2728045404
2025-06-19 10:34:20,REAL,2728045404,481,2728045885,2728045885
2025-06-19 10:34:22,REAL,2728045885,487,2728046372,2728046372
2025-06-19 10:34:24,REAL,2728046372,483,2728046855,2728046855
2025-06-19 10:34:26,REAL,2728046855,541,2728047396,2728047396
2025-06-19 10:34:28,REAL,2728047396,542,2728047938,2728047938
2025-06-19 10:34:30,REAL,2728047938,480,2728048418,2728048418
2025-06-19 10:34:32,REAL,2728048418,482,2728048900,2728048900
2025-06-19 10:34:34,REAL,2728048900,484,2728049384,2728049384
2025-06-19 10:34:36,REAL,2728049384,482,2728049866,2728049866
2025-06-19 10:34:38,REAL,2728049866,484,2728050350,2728050350
2025-06-19 10:34:40,REAL,2728050350,481,2728050831,2728050831
2025-06-19 10:34:42,REAL,2728050831,479,2728051310,2728051310
2025-06-19 10:34:44,REAL,2728051310,482,2728051792,2728051792
2025-06-19 10:34:46,REAL,2728051792,484,2728052276,2728052276
2025-06-19 10:34:48,REAL,2728052276,487,2728052763,2728052763
2025-06-19 10:34:50,REAL,2728052763,479,2728053242,2728053242
2025-06-19 10:34:52,REAL,2728053242,2679,2728055921,2728055921
2025-06-19 10:34:54,REAL,2728055921,11856,2728067777,2728067777
2025-06-19 10:34:56,REAL,2728067777,10377,2728078154,2728078154
2025-06-19 10:34:58,REAL,2728078154,10256,2728088410,2728088410
2025-06-19 10:35:00,REAL,2728088410,10249,2728098659,2728098659
2025-06-19 10:35:02,REAL,2728098659,10389,2728109048,2728109048
2025-06-19 10:35:04,REAL,2728109048,10192,2728119240,2728119240
2025-06-19 10:35:06,REAL,2728119240,10258,2728129498,2728129498
2025-06-19 10:35:08,REAL,2728129498,3781,2728133279,2728133279
2025-06-19 10:35:10,REAL,2728133279,482,2728133761,2728133761
2025-06-19 10:35:12,REAL,2728133761,478,2728134239,2728134239
2025-06-19 10:35:14,REAL,2728134239,482,2728134721,2728134721
2025-06-19 10:35:16,REAL,2728134721,489,2728135210,2728135210
2025-06-19 10:35:18,REAL,2728135210,480,2728135690,2728135690
2025-06-19 10:35:20,REAL,2728135690,481,2728136171,2728136171
2025-06-19 10:35:22,REAL,2728136171,487,2728136658,2728136658
2025-06-19 10:35:24,REAL,2728136658,3269,2728139927,2728139927
2025-06-19 10:35:26,REAL,2728139927,11498,2728151425,2728151425
2025-06-19 10:35:28,REAL,2728151425,10184,2728161609,2728161609
2025-06-19 10:35:30,REAL,2728161609,10243,2728171852,2728171852
2025-06-19 10:35:32,REAL,2728171852,10312,2728182164,2728182164
2025-06-19 10:35:34,REAL,2728182164,10245,2728192409,2728192409
2025-06-19 10:35:36,REAL,2728192409,10312,2728202721,2728202721
2025-06-19 10:35:38,REAL,2728202721,10247,2728212968,2728212968
2025-06-19 10:35:40,REAL,2728212968,3117,2728216085,2728216085
2025-06-19 10:35:42,REAL,2728216085,476,2728216561,2728216561
2025-06-19 10:35:44,REAL,2728216561,488,2728217049,2728217049
2025-06-19 10:35:46,REAL,2728217049,489,2728217538,2728217538
2025-06-19 10:35:48,REAL,2728217538,479,2728218017,2728218017
2025-06-19 10:35:50,REAL,2728218017,475,2728218492,2728218492
2025-06-19 10:35:52,REAL,2728218492,485,2728218977,2728218977
2025-06-19 10:35:54,REAL,2728218977,485,2728219462,2728219462
2025-06-19 10:35:56,REAL,2728219462,486,2728219948,2728219948
2025-06-19 10:35:58,REAL,2728219948,537,2728220485,2728220485
2025-06-19 10:36:00,REAL,2728220485,488,2728220973,2728220973
2025-06-19 10:36:02,REAL,2728220973,476,2728221449,2728221449
2025-06-19 10:36:04,REAL,2728221449,531,2728221980,2728221980
2025-06-19 10:36:06,REAL,2728221980,4847,2728226827,2728226827
2025-06-19 10:36:08,REAL,2728226827,13895,2728240722,2728240722
2025-06-19 10:36:10,REAL,2728240722,10252,2728250974,2728250974
2025-06-19 10:36:12,REAL,2728250974,10317,2728261291,2728261291
2025-06-19 10:36:14,REAL,2728261291,10250,2728271541,2728271541
2025-06-19 10:36:16,REAL,2728271541,10244,2728281785,2728281785
2025-06-19 10:36:18,REAL,2728281785,10320,2728292105,2728292105
2025-06-19 10:36:20,REAL,2728292105,10244,2728302349,2728302349
2025-06-19 10:36:22,REAL,2728302349,2395,2728304744,2728304744
2025-06-19 10:36:24,REAL,2728304744,483,2728305227,2728305227
2025-06-19 10:36:26,REAL,2728305227,482,2728305709,2728305709
2025-06-19 10:36:28,REAL,2728305709,10262,2728315971,2728315971
2025-06-19 10:36:30,REAL,2728315971,10446,2728326417,2728326417
2025-06-19 10:36:32,REAL,2728326417,10256,2728336673,2728336673
2025-06-19 10:36:34,REAL,2728336673,10318,2728346991,2728346991
2025-06-19 10:36:36,REAL,2728346991,10254,2728357245,2728357245
2025-06-19 10:36:38,REAL,2728357245,10318,2728367563,2728367563
2025-06-19 10:36:40,REAL,2728367563,10244,2728377807,2728377807
2025-06-19 10:36:42,REAL,2728377807,6954,2728384761,2728384761
2025-06-19 10:36:44,REAL,2728384761,489,2728385250,2728385250
2025-06-19 10:36:46,REAL,2728385250,489,2728385739,2728385739
2025-06-19 10:36:48,REAL,2728385739,493,2728386232,2728386232
2025-06-19 10:36:50,REAL,2728386232,477,2728386709,2728386709
2025-06-19 10:36:52,REAL,2728386709,486,2728387195,2728387195
2025-06-19 10:36:54,REAL,2728387195,484,2728387679,2728387679
2025-06-19 10:36:56,REAL,2728387679,489,2728388168,2728388168
2025-06-19 10:36:58,REAL,2728388168,488,2728388656,2728388656
2025-06-19 10:37:00,REAL,2728388656,482,2728389138,2728389138
2025-06-19 10:37:02,REAL,2728389138,477,2728389615,2728389615
2025-06-19 10:37:04,REAL,2728389615,487,2728390102,2728390102
2025-06-19 10:37:06,REAL,2728390102,477,2728390579,2728390579
2025-06-19 10:37:08,REAL,2728390579,604,2728391183,2728391183
2025-06-19 10:37:10,REAL,2728391183,486,2728391669,2728391669
2025-06-19 10:37:12,REAL,2728391669,487,2728392156,2728392156
2025-06-19 10:37:14,REAL,2728392156,477,2728392633,2728392633
2025-06-19 10:37:16,REAL,2728392633,474,2728393107,2728393107
2025-06-19 10:37:18,REAL,2728393107,488,2728393595,2728393595
2025-06-19 10:37:20,REAL,2728393595,481,2728394076,2728394076
2025-06-19 10:37:22,REAL,2728394076,475,2728394551,2728394551
2025-06-19 10:37:24,REAL,2728394551,481,2728395032,2728395032
2025-06-19 10:37:26,REAL,2728395032,483,2728395515,2728395515
2025-06-19 10:37:28,REAL,2728395515,481,2728395996,2728395996
2025-06-19 10:37:30,REAL,2728395996,479,2728396475,2728396475
2025-06-19 10:37:32,REAL,2728396475,476,2728396951,2728396951
2025-06-19 10:37:34,REAL,2728396951,491,2728397442,2728397442
2025-06-19 10:37:36,REAL,2728397442,494,2728397936,2728397936
2025-06-19 10:37:38,REAL,2728397936,485,2728398421,2728398421
2025-06-19 10:37:40,REAL,2728398421,548,2728398969,2728398969
2025-06-19 10:37:42,REAL,2728398969,492,2728399461,2728399461
2025-06-19 10:37:44,REAL,2728399461,486,2728399947,2728399947
2025-06-19 10:37:46,REAL,2728399947,481,2728400428,2728400428
2025-06-19 10:37:48,REAL,2728400428,479,2728400907,2728400907
2025-06-19 10:37:50,REAL,2728400907,538,2728401445,2728401445
2025-06-19 10:37:52,REAL,2728401445,492,2728401937,2728401937
2025-06-19 10:37:54,REAL,2728401937,485,2728402422,2728402422
2025-06-19 10:37:56,REAL,2728402422,485,2728402907,2728402907
2025-06-19 10:37:58,REAL,2728402907,491,2728403398,2728403398
2025-06-19 10:38:00,REAL,2728403398,488,2728403886,2728403886
2025-06-19 10:38:02,REAL,2728403886,483,2728404369,2728404369
2025-06-19 10:38:04,REAL,2728404369,478,2728404847,2728404847
2025-06-19 10:38:06,REAL,2728404847,486,2728405333,2728405333
2025-06-19 10:38:08,REAL,2728405333,484,2728405817,2728405817
2025-06-19 10:38:10,REAL,2728405817,481,2728406298,2728406298
2025-06-19 10:38:12,REAL,2728406298,486,2728406784,2728406784
2025-06-19 10:38:14,REAL,2728406784,482,2728407266,2728407266
2025-06-19 10:38:16,REAL,2728407266,543,2728407809,2728407809
2025-06-19 10:38:18,REAL,2728407809,475,2728408284,2728408284
2025-06-19 10:38:20,REAL,2728408284,488,2728408772,2728408772
2025-06-19 10:38:22,REAL,2728408772,479,2728409251,2728409251
2025-06-19 10:38:24,REAL,2728409251,7026,2728416277,2728416277
2025-06-19 10:38:26,REAL,2728416277,11181,2728427458,2728427458
2025-06-19 10:38:28,REAL,2728427458,10254,2728437712,2728437712
2025-06-19 10:38:30,REAL,2728437712,10248,2728447960,2728447960
2025-06-19 10:38:32,REAL,2728447960,10324,2728458284,2728458284
2025-06-19 10:38:34,REAL,2728458284,10255,2728468539,2728468539
2025-06-19 10:38:36,REAL,2728468539,10247,2728478786,2728478786
2025-06-19 10:38:38,REAL,2728478786,9660,2728488446,2728488446
2025-06-19 10:38:40,REAL,2728488446,476,2728488922,2728488922
2025-06-19 10:38:42,REAL,2728488922,486,2728489408,2728489408
2025-06-19 10:38:44,REAL,2728489408,486,2728489894,2728489894
2025-06-19 10:38:46,REAL,2728489894,490,2728490384,2728490384
2025-06-19 10:38:48,REAL,2728490384,479,2728490863,2728490863
2025-06-19 10:38:50,REAL,2728490863,543,2728491406,2728491406
2025-06-19 10:38:52,REAL,2728491406,480,2728491886,2728491886
2025-06-19 10:38:54,REAL,2728491886,484,2728492370,2728492370
2025-06-19 10:38:56,REAL,2728492370,7613,2728499983,2728499983
2025-06-19 10:38:58,REAL,2728499983,10781,2728510764,2728510764
2025-06-19 10:39:00,REAL,2728510764,10258,2728521022,2728521022
2025-06-19 10:39:02,REAL,2728521022,10319,2728531341,2728531341
2025-06-19 10:39:04,REAL,2728531341,10250,2728541591,2728541591
2025-06-19 10:39:06,REAL,2728541591,10323,2728551914,2728551914
2025-06-19 10:39:08,REAL,2728551914,10256,2728562170,2728562170
2025-06-19 10:39:10,REAL,2728562170,8990,2728571160,2728571160
2025-06-19 10:39:12,REAL,2728571160,484,2728571644,2728571644
2025-06-19 10:39:14,REAL,2728571644,486,2728572130,2728572130
2025-06-19 10:39:16,REAL,2728572130,476,2728572606,2728572606
2025-06-19 10:39:18,REAL,2728572606,484,2728573090,2728573090
2025-06-19 10:39:20,REAL,2728573090,479,2728573569,2728573569
2025-06-19 10:39:22,REAL,2728573569,488,2728574057,2728574057
2025-06-19 10:39:24,REAL,2728574057,539,2728574596,2728574596
2025-06-19 10:39:26,REAL,2728574596,480,2728575076,2728575076
2025-06-19 10:39:28,REAL,2728575076,10650,2728585726,2728585726
2025-06-19 10:39:30,REAL,2728585726,12228,2728597954,2728597954
2025-06-19 10:39:32,REAL,2728597954,10316,2728608270,2728608270
2025-06-19 10:39:34,REAL,2728608270,10245,2728618515,2728618515
2025-06-19 10:39:36,REAL,2728618515,10256,2728628771,2728628771
2025-06-19 10:39:38,REAL,2728628771,10321,2728639092,2728639092
2025-06-19 10:39:40,REAL,2728639092,10252,2728649344,2728649344
2025-06-19 10:39:42,REAL,2728649344,8394,2728657738,2728657738
2025-06-19 10:39:44,REAL,2728657738,483,2728658221,2728658221
2025-06-19 10:39:46,REAL,2728658221,487,2728658708,2728658708
2025-06-19 10:39:48,REAL,2728658708,488,2728659196,2728659196
2025-06-19 10:39:50,REAL,2728659196,478,2728659674,2728659674
2025-06-19 10:39:52,REAL,2728659674,491,2728660165,2728660165
2025-06-19 10:39:54,REAL,2728660165,483,2728660648,2728660648
2025-06-19 10:39:56,REAL,2728660648,482,2728661130,2728661130
2025-06-19 10:39:58,REAL,2728661130,540,2728661670,2728661670
2025-06-19 10:40:00,REAL,2728661670,9008,2728670678,2728670678
2025-06-19 10:40:02,REAL,2728670678,10516,2728681194,2728681194
2025-06-19 10:40:04,REAL,2728681194,10255,2728691449,2728691449
2025-06-19 10:40:06,REAL,2728691449,10311,2728701760,2728701760
2025-06-19 10:40:08,REAL,2728701760,10253,2728712013,2728712013
2025-06-19 10:40:10,REAL,2728712013,10318,2728722331,2728722331
2025-06-19 10:40:12,REAL,2728722331,10256,2728732587,2728732587
2025-06-19 10:40:14,REAL,2728732587,7803,2728740390,2728740390
2025-06-19 10:40:16,REAL,2728740390,476,2728740866,2728740866
2025-06-19 10:40:18,REAL,2728740866,485,2728741351,2728741351
2025-06-19 10:40:20,REAL,2728741351,485,2728741836,2728741836
2025-06-19 10:40:22,REAL,2728741836,478,2728742314,2728742314
2025-06-19 10:40:24,REAL,2728742314,485,2728742799,2728742799
2025-06-19 10:40:26,REAL,2728742799,478,2728743277,2728743277
2025-06-19 10:40:28,REAL,2728743277,484,2728743761,2728743761
2025-06-19 10:40:30,REAL,2728743761,545,2728744306,2728744306
2025-06-19 10:40:32,REAL,2728744306,9922,2728754228,2728754228
2025-06-19 10:40:34,REAL,2728754228,10522,2728764750,2728764750
2025-06-19 10:40:36,REAL,2728764750,10311,2728775061,2728775061
2025-06-19 10:40:38,REAL,2728775061,10249,2728785310,2728785310
2025-06-19 10:40:40,REAL,2728785310,10252,2728795562,2728795562
2025-06-19 10:40:42,REAL,2728795562,10317,2728805879,2728805879
2025-06-19 10:40:44,REAL,2728805879,10254,2728816133,2728816133
2025-06-19 10:40:46,REAL,2728816133,7150,2728823283,2728823283
2025-06-19 10:40:48,REAL,2728823283,482,2728823765,2728823765
2025-06-19 10:40:50,REAL,2728823765,485,2728824250,2728824250
2025-06-19 10:40:52,REAL,2728824250,484,2728824734,2728824734
2025-06-19 10:40:54,REAL,2728824734,485,2728825219,2728825219
2025-06-19 10:40:56,REAL,2728825219,481,2728825700,2728825700
2025-06-19 10:40:58,REAL,2728825700,480,2728826180,2728826180
2025-06-19 10:41:00,REAL,2728826180,489,2728826669,2728826669
2025-06-19 10:41:02,REAL,2728826669,489,2728827158,2728827158
2025-06-19 10:41:04,REAL,2728827158,494,2728827652,2728827652
2025-06-19 10:41:06,REAL,2728827652,534,2728828186,2728828186
2025-06-19 10:41:08,REAL,2728828186,485,2728828671,2728828671
2025-06-19 10:41:10,REAL,2728828671,482,2728829153,2728829153
2025-06-19 10:41:12,REAL,2728829153,533,2728829686,2728829686
2025-06-19 10:41:14,REAL,2728829686,483,2728830169,2728830169
2025-06-19 10:41:16,REAL,2728830169,481,2728830650,2728830650
2025-06-19 10:41:18,REAL,2728830650,486,2728831136,2728831136
2025-06-19 10:41:20,REAL,2728831136,485,2728831621,2728831621
2025-06-19 10:41:22,REAL,2728831621,482,2728832103,2728832103
2025-06-19 10:41:24,REAL,2728832103,486,2728832589,2728832589
2025-06-19 10:41:26,REAL,2728832589,481,2728833070,2728833070
2025-06-19 10:41:28,REAL,2728833070,490,2728833560,2728833560
2025-06-19 10:41:30,REAL,2728833560,486,2728834046,2728834046
2025-06-19 10:41:32,REAL,2728834046,483,2728834529,2728834529
2025-06-19 10:41:34,REAL,2728834529,476,2728835005,2728835005
2025-06-19 10:41:36,REAL,2728835005,477,2728835482,2728835482
2025-06-19 10:41:38,REAL,2728835482,531,2728836013,2728836013
2025-06-19 10:41:40,REAL,2728836013,537,2728836550,2728836550
2025-06-19 10:41:42,REAL,2728836550,491,2728837041,2728837041
2025-06-19 10:41:44,REAL,2728837041,484,2728837525,2728837525
2025-06-19 10:41:46,REAL,2728837525,483,2728838008,2728838008
2025-06-19 10:41:48,REAL,2728838008,476,2728838484,2728838484
2025-06-19 10:41:50,REAL,2728838484,484,2728838968,2728838968
2025-06-19 10:41:52,REAL,2728838968,488,2728839456,2728839456
2025-06-19 10:41:54,REAL,2728839456,486,2728839942,2728839942
2025-06-19 10:41:56,REAL,2728839942,491,2728840433,2728840433
2025-06-19 10:41:58,REAL,2728840433,489,2728840922,2728840922
2025-06-19 10:42:00,REAL,2728840922,486,2728841408,2728841408
2025-06-19 10:42:02,REAL,2728841408,483,2728841891,2728841891
2025-06-19 10:42:04,REAL,2728841891,487,2728842378,2728842378
2025-06-19 10:42:06,REAL,2728842378,544,2728842922,2728842922
2025-06-19 10:42:08,REAL,2728842922,487,2728843409,2728843409
2025-06-19 10:42:10,REAL,2728843409,539,2728843948,2728843948
2025-06-19 10:42:12,REAL,2728843948,479,2728844427,2728844427
2025-06-19 10:42:14,REAL,2728844427,481,2728844908,2728844908
2025-06-19 10:42:16,REAL,2728844908,487,2728845395,2728845395
2025-06-19 10:42:18,REAL,2728845395,476,2728845871,2728845871
2025-06-19 10:42:20,REAL,2728845871,489,2728846360,2728846360
2025-06-19 10:42:22,REAL,2728846360,478,2728846838,2728846838
2025-06-19 10:42:24,REAL,2728846838,474,2728847312,2728847312
2025-06-19 10:42:26,REAL,2728847312,492,2728847804,2728847804
2025-06-19 10:42:28,REAL,2728847804,486,2728848290,2728848290
2025-06-19 10:42:30,REAL,2728848290,478,2728848768,2728848768
2025-06-19 10:42:32,REAL,2728848768,487,2728849255,2728849255
2025-06-19 10:42:34,REAL,2728849255,547,2728849802,2728849802
2025-06-19 10:42:36,REAL,2728849802,475,2728850277,2728850277
2025-06-19 10:42:38,REAL,2728850277,489,2728850766,2728850766
2025-06-19 10:42:40,REAL,2728850766,485,2728851251,2728851251
2025-06-19 10:42:42,REAL,2728851251,482,2728851733,2728851733
2025-06-19 10:42:44,REAL,2728851733,534,2728852267,2728852267
2025-06-19 10:42:46,REAL,2728852267,482,2728852749,2728852749
2025-06-19 10:42:48,REAL,2728852749,480,2728853229,2728853229
2025-06-19 10:42:50,REAL,2728853229,480,2728853709,2728853709
2025-06-19 10:42:52,REAL,2728853709,486,2728854195,2728854195
2025-06-19 10:42:54,REAL,2728854195,483,2728854678,2728854678
2025-06-19 10:42:56,REAL,2728854678,482,2728855160,2728855160
2025-06-19 10:42:58,REAL,2728855160,490,2728855650,2728855650
2025-06-19 10:43:00,REAL,2728855650,536,2728856186,2728856186
2025-06-19 10:43:02,REAL,2728856186,480,2728856666,2728856666
2025-06-19 10:43:04,REAL,2728856666,486,2728857152,2728857152
2025-06-19 10:43:06,REAL,2728857152,482,2728857634,2728857634
2025-06-19 10:43:08,REAL,2728857634,484,2728858118,2728858118
2025-06-19 10:43:10,REAL,2728858118,7420,2728865538,2728865538
2025-06-19 10:43:12,REAL,2728865538,10717,2728876255,2728876255
2025-06-19 10:43:14,REAL,2728876255,10254,2728886509,2728886509
2025-06-19 10:43:16,REAL,2728886509,10300,2728896809,2728896809
2025-06-19 10:43:18,REAL,2728896809,10323,2728907132,2728907132
2025-06-19 10:43:20,REAL,2728907132,10252,2728917384,2728917384
2025-06-19 10:43:22,REAL,2728917384,10325,2728927709,2728927709
2025-06-19 10:43:24,REAL,2728927709,9055,2728936764,2728936764
2025-06-19 10:43:26,REAL,2728936764,481,2728937245,2728937245
2025-06-19 10:43:28,REAL,2728937245,491,2728937736,2728937736
2025-06-19 10:43:30,REAL,2728937736,491,2728938227,2728938227
2025-06-19 10:43:32,REAL,2728938227,491,2728938718,2728938718
2025-06-19 10:43:34,REAL,2728938718,482,2728939200,2728939200
2025-06-19 10:43:36,REAL,2728939200,537,2728939737,2728939737
2025-06-19 10:43:38,REAL,2728939737,487,2728940224,2728940224
2025-06-19 10:43:40,REAL,2728940224,479,2728940703,2728940703
2025-06-19 10:43:42,REAL,2728940703,475,2728941178,2728941178
2025-06-19 10:43:44,REAL,2728941178,486,2728941664,2728941664
2025-06-19 10:43:46,REAL,2728941664,490,2728942154,2728942154
2025-06-19 10:43:48,REAL,2728942154,492,2728942646,2728942646
2025-06-19 10:43:50,REAL,2728942646,532,2728943178,2728943178
2025-06-19 10:43:52,REAL,2728943178,490,2728943668,2728943668
2025-06-19 10:43:54,REAL,2728943668,481,2728944149,2728944149
2025-06-19 10:43:56,REAL,2728944149,483,2728944632,2728944632
2025-06-19 10:43:58,REAL,2728944632,481,2728945113,2728945113
2025-06-19 10:44:00,REAL,2728945113,485,2728945598,2728945598
2025-06-19 10:44:02,REAL,2728945598,485,2728946083,2728946083
2025-06-19 10:44:04,REAL,2728946083,540,2728946623,2728946623
2025-06-19 10:44:06,REAL,2728946623,476,2728947099,2728947099
2025-06-19 10:44:08,REAL,2728947099,479,2728947578,2728947578
2025-06-19 10:44:10,REAL,2728947578,482,2728948060,2728948060
2025-06-19 10:44:12,REAL,2728948060,481,2728948541,2728948541
2025-06-19 10:44:14,REAL,2728948541,488,2728949029,2728949029
2025-06-19 10:44:16,REAL,2728949029,482,2728949511,2728949511
2025-06-19 10:44:18,REAL,2728949511,485,2728949996,2728949996
2025-06-19 10:44:20,REAL,2728949996,486,2728950482,2728950482
2025-06-19 10:44:22,REAL,2728950482,542,2728951024,2728951024
2025-06-19 10:44:24,REAL,2728951024,486,2728951510,2728951510
2025-06-19 10:44:26,REAL,2728951510,484,2728951994,2728951994
2025-06-19 10:44:28,REAL,2728951994,482,2728952476,2728952476
2025-06-19 10:44:30,REAL,2728952476,487,2728952963,2728952963
2025-06-19 10:44:32,REAL,2728952963,549,2728953512,2728953512
2025-06-19 10:44:34,REAL,2728953512,487,2728953999,2728953999
2025-06-19 10:44:36,REAL,2728953999,486,2728954485,2728954485
2025-06-19 10:44:38,REAL,2728954485,480,2728954965,2728954965
2025-06-19 10:44:40,REAL,2728954965,491,2728955456,2728955456
2025-06-19 10:44:42,REAL,2728955456,491,2728955947,2728955947
2025-06-19 10:44:44,REAL,2728955947,492,2728956439,2728956439
2025-06-19 10:44:46,REAL,2728956439,478,2728956917,2728956917
2025-06-19 10:44:48,REAL,2728956917,483,2728957400,2728957400
2025-06-19 10:44:50,REAL,2728957400,493,2728957893,2728957893
2025-06-19 10:44:52,REAL,2728957893,486,2728958379,2728958379
2025-06-19 10:44:54,REAL,2728958379,478,2728958857,2728958857
2025-06-19 10:44:56,REAL,2728958857,541,2728959398,2728959398
2025-06-19 10:44:58,REAL,2728959398,530,2728959928,2728959928
2025-06-19 10:45:00,REAL,2728959928,486,2728960414,2728960414
2025-06-19 10:45:02,REAL,2728960414,482,2728960896,2728960896
2025-06-19 10:45:04,REAL,2728960896,247,2728961143,2728961143
2025-06-19 10:45:06,REAL,2728961143,9865,2728971008,2728971008
2025-06-19 10:45:08,REAL,2728971008,10580,2728981588,2728981588
2025-06-19 10:45:10,REAL,2728981588,10253,2728991841,2728991841
2025-06-19 10:45:12,REAL,2728991841,10317,2729002158,2729002158
2025-06-19 10:45:14,REAL,2729002158,10254,2729012412,2729012412
2025-06-19 10:45:16,REAL,2729012412,10253,2729022665,2729022665
2025-06-19 10:45:18,REAL,2729022665,10252,2729032917,2729032917
2025-06-19 10:45:20,REAL,2729032917,7210,2729040127,2729040127
2025-06-19 10:45:22,REAL,2729040127,486,2729040613,2729040613
2025-06-19 10:45:24,REAL,2729040613,480,2729041093,2729041093
2025-06-19 10:45:26,REAL,2729041093,485,2729041578,2729041578
2025-06-19 10:45:28,REAL,2729041578,536,2729042114,2729042114
2025-06-19 10:45:30,REAL,2729042114,479,2729042593,2729042593
2025-06-19 10:45:32,REAL,2729042593,541,2729043134,2729043134
2025-06-19 10:45:34,REAL,2729043134,485,2729043619,2729043619
2025-06-19 10:45:36,REAL,2729043619,491,2729044110,2729044110
2025-06-19 10:45:38,REAL,2729044110,483,2729044593,2729044593
2025-06-19 10:45:40,REAL,2729044593,479,2729045072,2729045072
2025-06-19 10:45:42,REAL,2729045072,492,2729045564,2729045564
2025-06-19 10:45:44,REAL,2729045564,480,2729046044,2729046044
2025-06-19 10:45:46,REAL,2729046044,486,2729046530,2729046530
2025-06-19 10:45:48,REAL,2729046530,478,2729047008,2729047008
2025-06-19 10:45:50,REAL,2729047008,485,2729047493,2729047493
2025-06-19 10:45:52,REAL,2729047493,488,2729047981,2729047981
2025-06-19 10:45:54,REAL,2729047981,489,2729048470,2729048470
2025-06-19 10:45:56,REAL,2729048470,481,2729048951,2729048951
2025-06-19 10:45:58,REAL,2729048951,480,2729049431,2729049431
2025-06-19 10:46:00,REAL,2729049431,597,2729050028,2729050028
2025-06-19 10:46:02,REAL,2729050028,482,2729050510,2729050510
2025-06-19 10:46:04,REAL,2729050510,485,2729050995,2729050995
2025-06-19 10:46:06,REAL,2729050995,482,2729051477,2729051477
2025-06-19 10:46:08,REAL,2729051477,482,2729051959,2729051959
2025-06-19 10:46:10,REAL,2729051959,485,2729052444,2729052444
2025-06-19 10:46:12,REAL,2729052444,485,2729052929,2729052929
2025-06-19 10:46:14,REAL,2729052929,478,2729053407,2729053407
2025-06-19 10:46:16,REAL,2729053407,487,2729053894,2729053894
2025-06-19 10:46:18,REAL,2729053894,492,2729054386,2729054386
2025-06-19 10:46:20,REAL,2729054386,485,2729054871,2729054871
2025-06-19 10:46:22,REAL,2729054871,486,2729055357,2729055357
2025-06-19 10:46:24,REAL,2729055357,489,2729055846,2729055846
2025-06-19 10:46:26,REAL,2729055846,596,2729056442,2729056442
2025-06-19 10:46:28,REAL,2729056442,480,2729056922,2729056922
2025-06-19 10:46:30,REAL,2729056922,488,2729057410,2729057410
2025-06-19 10:46:32,REAL,2729057410,484,2729057894,2729057894
2025-06-19 10:46:34,REAL,2729057894,478,2729058372,2729058372
2025-06-19 10:46:36,REAL,2729058372,481,2729058853,2729058853
2025-06-19 10:46:38,REAL,2729058853,493,2729059346,2729059346
2025-06-19 10:46:40,REAL,2729059346,491,2729059837,2729059837
2025-06-19 10:46:42,REAL,2729059837,480,2729060317,2729060317
2025-06-19 10:46:44,REAL,2729060317,485,2729060802,2729060802
2025-06-19 10:46:46,REAL,2729060802,487,2729061289,2729061289
2025-06-19 10:46:48,REAL,2729061289,541,2729061830,2729061830
2025-06-19 10:46:50,REAL,2729061830,484,2729062314,2729062314
2025-06-19 10:46:52,REAL,2729062314,544,2729062858,2729062858
2025-06-19 10:46:54,REAL,2729062858,492,2729063350,2729063350
2025-06-19 10:46:56,REAL,2729063350,483,2729063833,2729063833
2025-06-19 10:46:58,REAL,2729063833,475,2729064308,2729064308
2025-06-19 10:47:00,REAL,2729064308,483,2729064791,2729064791
2025-06-19 10:47:02,REAL,2729064791,479,2729065270,2729065270
2025-06-19 10:47:04,REAL,2729065270,477,2729065747,2729065747
2025-06-19 10:47:06,REAL,2729065747,487,2729066234,2729066234
2025-06-19 10:47:08,REAL,2729066234,537,2729066771,2729066771
2025-06-19 10:47:10,REAL,2729066771,488,2729067259,2729067259
2025-06-19 10:47:12,REAL,2729067259,490,2729067749,2729067749
2025-06-19 10:47:14,REAL,2729067749,486,2729068235,2729068235
2025-06-19 10:47:16,REAL,2729068235,545,2729068780,2729068780
2025-06-19 10:47:18,REAL,2729068780,479,2729069259,2729069259
2025-06-19 10:47:20,REAL,2729069259,479,2729069738,2729069738
2025-06-19 10:47:22,REAL,2729069738,486,2729070224,2729070224
2025-06-19 10:47:24,REAL,2729070224,483,2729070707,2729070707
2025-06-19 10:47:26,REAL,2729070707,479,2729071186,2729071186
2025-06-19 10:47:28,REAL,2729071186,478,2729071664,2729071664
2025-06-19 10:47:30,REAL,2729071664,534,2729072198,2729072198
2025-06-19 10:47:32,REAL,2729072198,492,2729072690,2729072690
2025-06-19 10:47:34,REAL,2729072690,494,2729073184,2729073184
2025-06-19 10:47:36,REAL,2729073184,483,2729073667,2729073667
2025-06-19 10:47:38,REAL,2729073667,480,2729074147,2729074147
2025-06-19 10:47:40,REAL,2729074147,485,2729074632,2729074632
2025-06-19 10:47:42,REAL,2729074632,488,2729075120,2729075120
2025-06-19 10:47:44,REAL,2729075120,546,2729075666,2729075666
2025-06-19 10:47:46,REAL,2729075666,477,2729076143,2729076143
2025-06-19 10:47:48,REAL,2729076143,487,2729076630,2729076630
2025-06-19 10:47:50,REAL,2729076630,547,2729077177,2729077177
2025-06-19 10:47:52,REAL,2729077177,482,2729077659,2729077659
2025-06-19 10:47:54,REAL,2729077659,482,2729078141,2729078141
2025-06-19 10:47:56,REAL,2729078141,478,2729078619,2729078619
2025-06-19 10:47:58,REAL,2729078619,487,2729079106,2729079106
2025-06-19 10:48:00,REAL,2729079106,479,2729079585,2729079585
2025-06-19 10:48:02,REAL,2729079585,475,2729080060,2729080060
2025-06-19 10:48:04,REAL,2729080060,484,2729080544,2729080544
2025-06-19 10:48:06,REAL,2729080544,484,2729081028,2729081028
2025-06-19 10:48:08,REAL,2729081028,484,2729081512,2729081512
2025-06-19 10:48:10,REAL,2729081512,540,2729082052,2729082052
2025-06-19 10:48:12,REAL,2729082052,540,2729082592,2729082592
2025-06-19 10:48:14,REAL,2729082592,486,2729083078,2729083078
2025-06-19 10:48:16,REAL,2729083078,482,2729083560,2729083560
2025-06-19 10:48:18,REAL,2729083560,481,2729084041,2729084041
2025-06-19 10:48:20,REAL,2729084041,487,2729084528,2729084528
2025-06-19 10:48:22,REAL,2729084528,480,2729085008,2729085008
2025-06-19 10:48:24,REAL,2729085008,482,2729085490,2729085490
2025-06-19 10:48:26,REAL,2729085490,475,2729085965,2729085965
2025-06-19 10:48:28,REAL,2729085965,484,2729086449,2729086449
2025-06-19 10:48:30,REAL,2729086449,477,2729086926,2729086926
2025-06-19 10:48:32,REAL,2729086926,545,2729087471,2729087471
2025-06-19 10:48:34,REAL,2729087471,535,2729088006,2729088006
2025-06-19 10:48:36,REAL,2729088006,483,2729088489,2729088489
2025-06-19 10:48:38,REAL,2729088489,481,2729088970,2729088970
2025-06-19 10:48:40,REAL,2729088970,477,2729089447,2729089447
2025-06-19 10:48:42,REAL,2729089447,489,2729089936,2729089936
2025-06-19 10:48:44,REAL,2729089936,483,2729090419,2729090419
2025-06-19 10:48:46,REAL,2729090419,479,2729090898,2729090898
2025-06-19 10:48:48,REAL,2729090898,487,2729091385,2729091385
2025-06-19 10:48:50,REAL,2729091385,485,2729091870,2729091870
2025-06-19 10:48:52,REAL,2729091870,477,2729092347,2729092347
2025-06-19 10:48:54,REAL,2729092347,536,2729092883,2729092883
2025-06-19 10:48:56,REAL,2729092883,487,2729093370,2729093370
2025-06-19 10:48:58,REAL,2729093370,489,2729093859,2729093859
2025-06-19 10:49:00,REAL,2729093859,534,2729094393,2729094393
2025-06-19 10:49:02,REAL,2729094393,489,2729094882,2729094882
2025-06-19 10:49:04,REAL,2729094882,480,2729095362,2729095362
2025-06-19 10:49:06,REAL,2729095362,485,2729095847,2729095847
2025-06-19 10:49:08,REAL,2729095847,481,2729096328,2729096328
2025-06-19 10:49:10,REAL,2729096328,480,2729096808,2729096808
2025-06-19 10:49:12,REAL,2729096808,478,2729097286,2729097286
2025-06-19 10:49:14,REAL,2729097286,11381,2729108667,2729108667
2025-06-19 10:49:16,REAL,2729108667,10576,2729119243,2729119243
2025-06-19 10:49:18,REAL,2729119243,10328,2729129571,2729129571
2025-06-19 10:49:20,REAL,2729129571,10259,2729139830,2729139830
2025-06-19 10:49:22,REAL,2729139830,10246,2729150076,2729150076
2025-06-19 10:49:24,REAL,2729150076,10315,2729160391,2729160391
2025-06-19 10:49:26,REAL,2729160391,10310,2729170701,2729170701
2025-06-19 10:49:28,REAL,2729170701,7883,2729178584,2729178584
2025-06-19 10:49:30,REAL,2729178584,477,2729179061,2729179061
2025-06-19 10:49:32,REAL,2729179061,484,2729179545,2729179545
2025-06-19 10:49:34,REAL,2729179545,478,2729180023,2729180023
2025-06-19 10:49:36,REAL,2729180023,535,2729180558,2729180558
2025-06-19 10:49:38,REAL,2729180558,489,2729181047,2729181047
2025-06-19 10:49:40,REAL,2729181047,488,2729181535,2729181535
2025-06-19 10:49:42,REAL,2729181535,474,2729182009,2729182009
2025-06-19 10:49:44,REAL,2729182009,474,2729182483,2729182483
2025-06-19 10:49:46,REAL,2729182483,480,2729182963,2729182963
2025-06-19 10:49:48,REAL,2729182963,477,2729183440,2729183440
2025-06-19 10:49:50,REAL,2729183440,490,2729183930,2729183930
2025-06-19 10:49:52,REAL,2729183930,538,2729184468,2729184468
2025-06-19 10:49:54,REAL,2729184468,481,2729184949,2729184949
2025-06-19 10:49:56,REAL,2729184949,541,2729185490,2729185490
2025-06-19 10:49:58,REAL,2729185490,485,2729185975,2729185975
2025-06-19 10:50:00,REAL,2729185975,486,2729186461,2729186461
2025-06-19 10:50:02,REAL,2729186461,482,2729186943,2729186943
2025-06-19 10:50:04,REAL,2729186943,488,2729187431,2729187431
2025-06-19 10:50:06,REAL,2729187431,476,2729187907,2729187907
2025-06-19 10:50:08,REAL,2729187907,485,2729188392,2729188392
2025-06-19 10:50:10,REAL,2729188392,489,2729188881,2729188881
2025-06-19 10:50:12,REAL,2729188881,486,2729189367,2729189367
2025-06-19 10:50:14,REAL,2729189367,481,2729189848,2729189848
2025-06-19 10:50:16,REAL,2729189848,537,2729190385,2729190385
2025-06-19 10:50:18,REAL,2729190385,544,2729190929,2729190929
2025-06-19 10:50:20,REAL,2729190929,485,2729191414,2729191414
2025-06-19 10:50:22,REAL,2729191414,486,2729191900,2729191900
2025-06-19 10:50:24,REAL,2729191900,493,2729192393,2729192393
2025-06-19 10:50:26,REAL,2729192393,476,2729192869,2729192869
2025-06-19 10:50:28,REAL,2729192869,476,2729193345,2729193345
2025-06-19 10:50:30,REAL,2729193345,481,2729193826,2729193826
2025-06-19 10:50:32,REAL,2729193826,478,2729194304,2729194304
2025-06-19 10:50:34,REAL,2729194304,479,2729194783,2729194783
2025-06-19 10:50:36,REAL,2729194783,483,2729195266,2729195266
2025-06-19 10:50:38,REAL,2729195266,535,2729195801,2729195801
2025-06-19 10:50:40,REAL,2729195801,487,2729196288,2729196288
2025-06-19 10:50:42,REAL,2729196288,484,2729196772,2729196772
2025-06-19 10:50:44,REAL,2729196772,547,2729197319,2729197319
2025-06-19 10:50:46,REAL,2729197319,490,2729197809,2729197809
2025-06-19 10:50:48,REAL,2729197809,484,2729198293,2729198293
2025-06-19 10:50:50,REAL,2729198293,486,2729198779,2729198779
2025-06-19 10:50:52,REAL,2729198779,487,2729199266,2729199266
2025-06-19 10:50:54,REAL,2729199266,481,2729199747,2729199747
2025-06-19 10:50:56,REAL,2729199747,480,2729200227,2729200227
2025-06-19 10:50:58,REAL,2729200227,483,2729200710,2729200710
2025-06-19 10:51:00,REAL,2729200710,547,2729201257,2729201257
2025-06-19 10:51:02,REAL,2729201257,484,2729201741,2729201741
2025-06-19 10:51:04,REAL,2729201741,487,2729202228,2729202228
2025-06-19 10:51:06,REAL,2729202228,486,2729202714,2729202714
2025-06-19 10:51:08,REAL,2729202714,478,2729203192,2729203192
2025-06-19 10:51:10,REAL,2729203192,484,2729203676,2729203676
2025-06-19 10:51:12,REAL,2729203676,485,2729204161,2729204161
2025-06-19 10:51:14,REAL,2729204161,548,2729204709,2729204709
2025-06-19 10:51:16,REAL,2729204709,482,2729205191,2729205191
2025-06-19 10:51:18,REAL,2729205191,481,2729205672,2729205672
2025-06-19 10:51:20,REAL,2729205672,547,2729206219,2729206219
2025-06-19 10:51:22,REAL,2729206219,482,2729206701,2729206701
2025-06-19 10:51:24,REAL,2729206701,490,2729207191,2729207191
2025-06-19 10:51:26,REAL,2729207191,476,2729207667,2729207667
2025-06-19 10:51:28,REAL,2729207667,483,2729208150,2729208150
2025-06-19 10:51:30,REAL,2729208150,476,2729208626,2729208626
2025-06-19 10:51:32,REAL,2729208626,486,2729209112,2729209112
2025-06-19 10:51:34,REAL,2729209112,483,2729209595,2729209595
2025-06-19 10:51:36,REAL,2729209595,479,2729210074,2729210074
2025-06-19 10:51:38,REAL,2729210074,483,2729210557,2729210557
2025-06-19 10:51:40,REAL,2729210557,484,2729211041,2729211041
2025-06-19 10:51:42,REAL,2729211041,478,2729211519,2729211519
2025-06-19 10:51:44,REAL,2729211519,542,2729212061,2729212061
2025-06-19 10:51:46,REAL,2729212061,493,2729212554,2729212554
2025-06-19 10:51:48,REAL,2729212554,482,2729213036,2729213036
2025-06-19 10:51:50,REAL,2729213036,482,2729213518,2729213518
2025-06-19 10:51:52,REAL,2729213518,490,2729214008,2729214008
2025-06-19 10:51:54,REAL,2729214008,488,2729214496,2729214496
2025-06-19 10:51:56,REAL,2729214496,489,2729214985,2729214985
2025-06-19 10:51:58,REAL,2729214985,483,2729215468,2729215468
2025-06-19 10:52:00,REAL,2729215468,484,2729215952,2729215952
2025-06-19 10:52:02,REAL,2729215952,487,2729216439,2729216439
2025-06-19 10:52:04,REAL,2729216439,489,2729216928,2729216928
2025-06-19 10:52:06,REAL,2729216928,488,2729217416,2729217416
2025-06-19 10:52:08,REAL,2729217416,548,2729217964,2729217964
2025-06-19 10:52:10,REAL,2729217964,478,2729218442,2729218442
2025-06-19 10:52:12,REAL,2729218442,482,2729218924,2729218924
2025-06-19 10:52:14,REAL,2729218924,483,2729219407,2729219407
2025-06-19 10:52:16,REAL,2729219407,534,2729219941,2729219941
2025-06-19 10:52:18,REAL,2729219941,476,2729220417,2729220417
2025-06-19 10:52:20,REAL,2729220417,486,2729220903,2729220903
2025-06-19 10:52:22,REAL,2729220903,479,2729221382,2729221382
2025-06-19 10:52:24,REAL,2729221382,483,2729221865,2729221865
2025-06-19 10:52:26,REAL,2729221865,481,2729222346,2729222346
2025-06-19 10:52:28,REAL,2729222346,494,2729222840,2729222840
2025-06-19 10:52:30,REAL,2729222840,482,2729223322,2729223322
2025-06-19 10:52:32,REAL,2729223322,483,2729223805,2729223805
2025-06-19 10:52:34,REAL,2729223805,487,2729224292,2729224292
2025-06-19 10:52:36,REAL,2729224292,483,2729224775,2729224775
2025-06-19 10:52:38,REAL,2729224775,482,2729225257,2729225257
2025-06-19 10:52:40,REAL,2729225257,489,2729225746,2729225746
2025-06-19 10:52:42,REAL,2729225746,488,2729226234,2729226234
2025-06-19 10:52:44,REAL,2729226234,484,2729226718,2729226718
2025-06-19 10:52:46,REAL,2729226718,542,2729227260,2729227260
2025-06-19 10:52:48,REAL,2729227260,486,2729227746,2729227746
2025-06-19 10:52:50,REAL,2729227746,482,2729228228,2729228228
2025-06-19 10:52:52,REAL,2729228228,486,2729228714,2729228714
2025-06-19 10:52:54,REAL,2729228714,483,2729229197,2729229197
2025-06-19 10:52:56,REAL,2729229197,534,2729229731,2729229731
2025-06-19 10:52:58,REAL,2729229731,487,2729230218,2729230218
2025-06-19 10:53:00,REAL,2729230218,490,2729230708,2729230708
2025-06-19 10:53:02,REAL,2729230708,484,2729231192,2729231192
2025-06-19 10:53:04,REAL,2729231192,491,2729231683,2729231683
2025-06-19 10:53:06,REAL,2729231683,476,2729232159,2729232159
2025-06-19 10:53:08,REAL,2729232159,487,2729232646,2729232646
2025-06-19 10:53:10,REAL,2729232646,484,2729233130,2729233130
2025-06-19 10:53:12,REAL,2729233130,486,2729233616,2729233616
2025-06-19 10:53:14,REAL,2729233616,481,2729234097,2729234097
2025-06-19 10:53:16,REAL,2729234097,546,2729234643,2729234643
2025-06-19 10:53:18,REAL,2729234643,479,2729235122,2729235122
2025-06-19 10:53:20,REAL,2729235122,479,2729235601,2729235601
2025-06-19 10:53:22,REAL,2729235601,479,2729236080,2729236080
2025-06-19 10:53:24,REAL,2729236080,490,2729236570,2729236570
2025-06-19 10:53:26,REAL,2729236570,478,2729237048,2729237048
2025-06-19 10:53:28,REAL,2729237048,483,2729237531,2729237531
2025-06-19 10:53:30,REAL,2729237531,493,2729238024,2729238024
2025-06-19 10:53:32,REAL,2729238024,491,2729238515,2729238515
2025-06-19 10:53:34,REAL,2729238515,479,2729238994,2729238994
2025-06-19 10:53:36,REAL,2729238994,487,2729239481,2729239481
2025-06-19 10:53:38,REAL,2729239481,482,2729239963,2729239963
2025-06-19 10:53:40,REAL,2729239963,493,2729240456,2729240456
2025-06-19 10:53:42,REAL,2729240456,532,2729240988,2729240988
2025-06-19 10:53:44,REAL,2729240988,484,2729241472,2729241472
2025-06-19 10:53:46,REAL,2729241472,484,2729241956,2729241956
2025-06-19 10:53:48,REAL,2729241956,542,2729242498,2729242498
2025-06-19 10:53:50,REAL,2729242498,476,2729242974,2729242974
2025-06-19 10:53:52,REAL,2729242974,477,2729243451,2729243451
2025-06-19 10:53:54,REAL,2729243451,485,2729243936,2729243936
2025-06-19 10:53:56,REAL,2729243936,493,2729244429,2729244429
2025-06-19 10:53:58,REAL,2729244429,483,2729244912,2729244912
2025-06-19 10:54:00,REAL,2729244912,482,2729245394,2729245394
2025-06-19 10:54:02,REAL,2729245394,484,2729245878,2729245878
2025-06-19 10:54:04,REAL,2729245878,492,2729246370,2729246370
2025-06-19 10:54:06,REAL,2729246370,481,2729246851,2729246851
2025-06-19 10:54:08,REAL,2729246851,480,2729247331,2729247331
2025-06-19 10:54:10,REAL,2729247331,481,2729247812,2729247812
2025-06-19 10:54:12,REAL,2729247812,490,2729248302,2729248302
2025-06-19 10:54:14,REAL,2729248302,492,2729248794,2729248794
2025-06-19 10:54:16,REAL,2729248794,488,2729249282,2729249282
2025-06-19 10:54:18,REAL,2729249282,547,2729249829,2729249829
2025-06-19 10:54:20,REAL,2729249829,483,2729250312,2729250312
2025-06-19 10:54:22,REAL,2729250312,487,2729250799,2729250799
2025-06-19 10:54:24,REAL,2729250799,485,2729251284,2729251284
2025-06-19 10:54:26,REAL,2729251284,482,2729251766,2729251766
2025-06-19 10:54:28,REAL,2729251766,492,2729252258,2729252258
2025-06-19 10:54:30,REAL,2729252258,547,2729252805,2729252805
2025-06-19 10:54:32,REAL,2729252805,483,2729253288,2729253288
2025-06-19 10:54:34,REAL,2729253288,485,2729253773,2729253773
2025-06-19 10:54:36,REAL,2729253773,485,2729254258,2729254258
2025-06-19 10:54:38,REAL,2729254258,487,2729254745,2729254745
2025-06-19 10:54:40,REAL,2729254745,485,2729255230,2729255230
2025-06-19 10:54:42,REAL,2729255230,481,2729255711,2729255711
2025-06-19 10:54:44,REAL,2729255711,489,2729256200,2729256200
2025-06-19 10:54:46,REAL,2729256200,4710,2729260910,2729260910
2025-06-19 10:54:48,REAL,2729260910,13874,2729274784,2729274784
2025-06-19 10:54:50,REAL,2729274784,10256,2729285040,2729285040
2025-06-19 10:54:52,REAL,2729285040,10317,2729295357,2729295357
2025-06-19 10:54:54,REAL,2729295357,10247,2729305604,2729305604
2025-06-19 10:54:56,REAL,2729305604,10256,2729315860,2729315860
2025-06-19 10:54:58,REAL,2729315860,10317,2729326177,2729326177
2025-06-19 10:55:00,REAL,2729326177,10251,2729336428,2729336428
2025-06-19 10:55:02,REAL,2729336428,1805,2729338233,2729338233
2025-06-19 10:55:04,REAL,2729338233,489,2729338722,2729338722
2025-06-19 10:55:06,REAL,2729338722,479,2729339201,2729339201
2025-06-19 10:55:08,REAL,2729339201,10582,2729349783,2729349783
2025-06-19 10:55:10,REAL,2729349783,10380,2729360163,2729360163
2025-06-19 10:55:12,REAL,2729360163,10253,2729370416,2729370416
2025-06-19 10:55:14,REAL,2729370416,10320,2729380736,2729380736
2025-06-19 10:55:16,REAL,2729380736,10249,2729390985,2729390985
2025-06-19 10:55:18,REAL,2729390985,10249,2729401234,2729401234
2025-06-19 10:55:20,REAL,2729401234,10372,2729411606,2729411606
2025-06-19 10:55:22,REAL,2729411606,6349,2729417955,2729417955
2025-06-19 10:55:24,REAL,2729417955,480,2729418435,2729418435
2025-06-19 10:55:26,REAL,2729418435,493,2729418928,2729418928
2025-06-19 10:55:28,REAL,2729418928,5898,2729424826,2729424826
2025-06-19 10:55:30,REAL,2729424826,11393,2729436219,2729436219
2025-06-19 10:55:32,REAL,2729436219,10315,2729446534,2729446534
2025-06-19 10:55:34,REAL,2729446534,10248,2729456782,2729456782
2025-06-19 10:55:36,REAL,2729456782,10248,2729467030,2729467030
2025-06-19 10:55:38,REAL,2729467030,10247,2729477277,2729477277
2025-06-19 10:55:40,REAL,2729477277,10314,2729487591,2729487591
2025-06-19 10:55:42,REAL,2729487591,10245,2729497836,2729497836
2025-06-19 10:55:44,REAL,2729497836,1079,2729498915,2729498915
2025-06-19 10:55:46,REAL,2729498915,481,2729499396,2729499396
2025-06-19 10:55:48,REAL,2729499396,488,2729499884,2729499884
2025-06-19 10:55:50,REAL,2729499884,478,2729500362,2729500362
2025-06-19 10:55:52,REAL,2729500362,485,2729500847,2729500847
2025-06-19 10:55:54,REAL,2729500847,483,2729501330,2729501330
2025-06-19 10:55:56,REAL,2729501330,493,2729501823,2729501823
2025-06-19 10:55:58,REAL,2729501823,480,2729502303,2729502303
2025-06-19 10:56:00,REAL,2729502303,533,2729502836,2729502836
2025-06-19 10:56:02,REAL,2729502836,482,2729503318,2729503318
2025-06-19 10:56:04,REAL,2729503318,479,2729503797,2729503797
2025-06-19 10:56:06,REAL,2729503797,491,2729504288,2729504288
2025-06-19 10:56:08,REAL,2729504288,482,2729504770,2729504770
2025-06-19 10:56:10,REAL,2729504770,493,2729505263,2729505263
2025-06-19 10:56:12,REAL,2729505263,494,2729505757,2729505757
2025-06-19 10:56:14,REAL,2729505757,488,2729506245,2729506245
2025-06-19 10:56:16,REAL,2729506245,540,2729506785,2729506785
2025-06-19 10:56:18,REAL,2729506785,487,2729507272,2729507272
2025-06-19 10:56:20,REAL,2729507272,559,2729507831,2729507831
2025-06-19 10:56:22,REAL,2729507831,11705,2729519536,2729519536
2025-06-19 10:56:24,REAL,2729519536,10250,2729529786,2729529786
2025-06-19 10:56:26,REAL,2729529786,10320,2729540106,2729540106
2025-06-19 10:56:28,REAL,2729540106,10254,2729550360,2729550360
2025-06-19 10:56:30,REAL,2729550360,10323,2729560683,2729560683
2025-06-19 10:56:32,REAL,2729560683,10320,2729571003,2729571003
2025-06-19 10:56:34,REAL,2729571003,10253,2729581256,2729581256
2025-06-19 10:56:36,REAL,2729581256,5038,2729586294,2729586294
2025-06-19 10:56:38,REAL,2729586294,480,2729586774,2729586774
2025-06-19 10:56:40,REAL,2729586774,545,2729587319,2729587319
2025-06-19 10:56:42,REAL,2729587319,484,2729587803,2729587803
2025-06-19 10:56:44,REAL,2729587803,492,2729588295,2729588295
2025-06-19 10:56:46,REAL,2729588295,487,2729588782,2729588782
2025-06-19 10:56:48,REAL,2729588782,484,2729589266,2729589266
2025-06-19 10:56:50,REAL,2729589266,492,2729589758,2729589758
2025-06-19 10:56:52,REAL,2729589758,477,2729590235,2729590235
2025-06-19 10:56:54,REAL,2729590235,481,2729590716,2729590716
2025-06-19 10:56:56,REAL,2729590716,486,2729591202,2729591202
2025-06-19 10:56:58,REAL,2729591202,491,2729591693,2729591693
2025-06-19 10:57:00,REAL,2729591693,485,2729592178,2729592178
2025-06-19 10:57:02,REAL,2729592178,542,2729592720,2729592720
2025-06-19 10:57:04,REAL,2729592720,483,2729593203,2729593203
2025-06-19 10:57:06,REAL,2729593203,476,2729593679,2729593679
2025-06-19 10:57:08,REAL,2729593679,483,2729594162,2729594162
2025-06-19 10:57:10,REAL,2729594162,486,2729594648,2729594648
2025-06-19 10:57:12,REAL,2729594648,478,2729595126,2729595126
2025-06-19 10:57:14,REAL,2729595126,482,2729595608,2729595608
2025-06-19 10:57:16,REAL,2729595608,489,2729596097,2729596097
2025-06-19 10:57:18,REAL,2729596097,489,2729596586,2729596586
2025-06-19 10:57:20,REAL,2729596586,542,2729597128,2729597128
2025-06-19 10:57:22,REAL,2729597128,480,2729597608,2729597608
2025-06-19 10:57:24,REAL,2729597608,475,2729598083,2729598083
2025-06-19 10:57:26,REAL,2729598083,485,2729598568,2729598568
2025-06-19 10:57:28,REAL,2729598568,480,2729599048,2729599048
2025-06-19 10:57:30,REAL,2729599048,491,2729599539,2729599539
2025-06-19 10:57:32,REAL,2729599539,481,2729600020,2729600020
2025-06-19 10:57:34,REAL,2729600020,487,2729600507,2729600507
2025-06-19 10:57:36,REAL,2729600507,479,2729600986,2729600986
2025-06-19 10:57:38,REAL,2729600986,478,2729601464,2729601464
2025-06-19 10:57:40,REAL,2729601464,486,2729601950,2729601950
2025-06-19 10:57:42,REAL,2729601950,487,2729602437,2729602437
2025-06-19 10:57:44,REAL,2729602437,476,2729602913,2729602913
2025-06-19 10:57:46,REAL,2729602913,534,2729603447,2729603447
2025-06-19 10:57:48,REAL,2729603447,483,2729603930,2729603930
2025-06-19 10:57:50,REAL,2729603930,480,2729604410,2729604410
2025-06-19 10:57:52,REAL,2729604410,483,2729604893,2729604893
2025-06-19 10:57:54,REAL,2729604893,487,2729605380,2729605380
2025-06-19 10:57:56,REAL,2729605380,485,2729605865,2729605865
2025-06-19 10:57:58,REAL,2729605865,480,2729606345,2729606345
2025-06-19 10:58:00,REAL,2729606345,541,2729606886,2729606886
2025-06-19 10:58:02,REAL,2729606886,480,2729607366,2729607366
2025-06-19 10:58:04,REAL,2729607366,482,2729607848,2729607848
2025-06-19 10:58:06,REAL,2729607848,478,2729608326,2729608326
2025-06-19 10:58:08,REAL,2729608326,489,2729608815,2729608815
2025-06-19 10:58:10,REAL,2729608815,476,2729609291,2729609291
2025-06-19 10:58:12,REAL,2729609291,484,2729609775,2729609775
2025-06-19 10:58:14,REAL,2729609775,484,2729610259,2729610259
2025-06-19 10:58:16,REAL,2729610259,486,2729610745,2729610745
2025-06-19 10:58:18,REAL,2729610745,485,2729611230,2729611230
2025-06-19 10:58:20,REAL,2729611230,488,2729611718,2729611718
2025-06-19 10:58:22,REAL,2729611718,3459,2729615177,2729615177
2025-06-19 10:58:24,REAL,2729615177,11507,2729626684,2729626684
2025-06-19 10:58:26,REAL,2729626684,10258,2729636942,2729636942
2025-06-19 10:58:28,REAL,2729636942,10252,2729647194,2729647194
2025-06-19 10:58:30,REAL,2729647194,10257,2729657451,2729657451
2025-06-19 10:58:32,REAL,2729657451,10251,2729667702,2729667702
2025-06-19 10:58:34,REAL,2729667702,10252,2729677954,2729677954
2025-06-19 10:58:36,REAL,2729677954,10250,2729688204,2729688204
2025-06-19 10:58:38,REAL,2729688204,2931,2729691135,2729691135
2025-06-19 10:58:40,REAL,2729691135,486,2729691621,2729691621
2025-06-19 10:58:42,REAL,2729691621,550,2729692171,2729692171
2025-06-19 10:58:44,REAL,2729692171,9870,2729702041,2729702041
2025-06-19 10:58:46,REAL,2729702041,10449,2729712490,2729712490
2025-06-19 10:58:48,REAL,2729712490,10253,2729722743,2729722743
2025-06-19 10:58:50,REAL,2729722743,10255,2729732998,2729732998
2025-06-19 10:58:52,REAL,2729732998,10250,2729743248,2729743248
2025-06-19 10:58:54,REAL,2729743248,10313,2729753561,2729753561
2025-06-19 10:58:56,REAL,2729753561,10248,2729763809,2729763809
2025-06-19 10:58:58,REAL,2729763809,7410,2729771219,2729771219
2025-06-19 10:59:00,REAL,2729771219,494,2729771713,2729771713
2025-06-19 10:59:02,REAL,2729771713,487,2729772200,2729772200
2025-06-19 10:59:04,REAL,2729772200,483,2729772683,2729772683
2025-06-19 10:59:06,REAL,2729772683,480,2729773163,2729773163
2025-06-19 10:59:08,REAL,2729773163,489,2729773652,2729773652
2025-06-19 10:59:10,REAL,2729773652,482,2729774134,2729774134
2025-06-19 10:59:12,REAL,2729774134,489,2729774623,2729774623
2025-06-19 10:59:14,REAL,2729774623,489,2729775112,2729775112
2025-06-19 10:59:16,REAL,2729775112,486,2729775598,2729775598
2025-06-19 10:59:18,REAL,2729775598,489,2729776087,2729776087
2025-06-19 10:59:20,REAL,2729776087,484,2729776571,2729776571
2025-06-19 10:59:22,REAL,2729776571,479,2729777050,2729777050
2025-06-19 10:59:24,REAL,2729777050,541,2729777591,2729777591
2025-06-19 10:59:26,REAL,2729777591,540,2729778131,2729778131
2025-06-19 10:59:28,REAL,2729778131,488,2729778619,2729778619
2025-06-19 10:59:30,REAL,2729778619,484,2729779103,2729779103
2025-06-19 10:59:32,REAL,2729779103,481,2729779584,2729779584
2025-06-19 10:59:34,REAL,2729779584,494,2729780078,2729780078
2025-06-19 10:59:36,REAL,2729780078,478,2729780556,2729780556
2025-06-19 10:59:38,REAL,2729780556,488,2729781044,2729781044
2025-06-19 10:59:40,REAL,2729781044,485,2729781529,2729781529
2025-06-19 10:59:42,REAL,2729781529,486,2729782015,2729782015
2025-06-19 10:59:44,REAL,2729782015,494,2729782509,2729782509
2025-06-19 10:59:46,REAL,2729782509,483,2729782992,2729782992
2025-06-19 10:59:48,REAL,2729782992,477,2729783469,2729783469
2025-06-19 10:59:50,REAL,2729783469,488,2729783957,2729783957
2025-06-19 10:59:52,REAL,2729783957,486,2729784443,2729784443
2025-06-19 10:59:54,REAL,2729784443,477,2729784920,2729784920
2025-06-19 10:59:56,REAL,2729784920,483,2729785403,2729785403
2025-06-19 10:59:58,REAL,2729785403,14343,2729799746,2729799746
2025-06-19 11:00:00,REAL,2729799746,10381,2729810127,2729810127
2025-06-19 11:00:02,REAL,2729810127,10252,2729820379,2729820379
2025-06-19 11:00:04,REAL,2729820379,10309,2729830688,2729830688
2025-06-19 11:00:06,REAL,2729830688,10312,2729841000,2729841000
2025-06-19 11:00:08,REAL,2729841000,10254,2729851254,2729851254
2025-06-19 11:00:10,REAL,2729851254,10255,2729861509,2729861509
2025-06-19 11:00:12,REAL,2729861509,6153,2729867662,2729867662
2025-06-19 11:00:14,REAL,2729867662,485,2729868147,2729868147
2025-06-19 11:00:16,REAL,2729868147,482,2729868629,2729868629
2025-06-19 11:00:18,REAL,2729868629,479,2729869108,2729869108
2025-06-19 11:00:20,REAL,2729869108,484,2729869592,2729869592
2025-06-19 11:00:22,REAL,2729869592,485,2729870077,2729870077
2025-06-19 11:00:24,REAL,2729870077,486,2729870563,2729870563
2025-06-19 11:00:26,REAL,2729870563,487,2729871050,2729871050
2025-06-19 11:00:28,REAL,2729871050,477,2729871527,2729871527
2025-06-19 11:00:30,REAL,2729871527,482,2729872009,2729872009
2025-06-19 11:00:32,REAL,2729872009,485,2729872494,2729872494
2025-06-19 11:00:34,REAL,2729872494,480,2729872974,2729872974
2025-06-19 11:00:36,REAL,2729872974,477,2729873451,2729873451
2025-06-19 11:00:38,REAL,2729873451,491,2729873942,2729873942
2025-06-19 11:00:40,REAL,2729873942,544,2729874486,2729874486
2025-06-19 11:00:42,REAL,2729874486,484,2729874970,2729874970
2025-06-19 11:00:44,REAL,2729874970,532,2729875502,2729875502
2025-06-19 11:00:46,REAL,2729875502,492,2729875994,2729875994
2025-06-19 11:00:48,REAL,2729875994,477,2729876471,2729876471
2025-06-19 11:00:50,REAL,2729876471,489,2729876960,2729876960
2025-06-19 11:00:52,REAL,2729876960,483,2729877443,2729877443
2025-06-19 11:00:54,REAL,2729877443,477,2729877920,2729877920
2025-06-19 11:00:56,REAL,2729877920,480,2729878400,2729878400
2025-06-19 11:00:58,REAL,2729878400,476,2729878876,2729878876
2025-06-19 11:01:00,REAL,2729878876,484,2729879360,2729879360
2025-06-19 11:01:02,REAL,2729879360,488,2729879848,2729879848
2025-06-19 11:01:04,REAL,2729879848,480,2729880328,2729880328
2025-06-19 11:01:06,REAL,2729880328,486,2729880814,2729880814
2025-06-19 11:01:08,REAL,2729880814,487,2729881301,2729881301
2025-06-19 11:01:10,REAL,2729881301,477,2729881778,2729881778
2025-06-19 11:01:12,REAL,2729881778,484,2729882262,2729882262
2025-06-19 11:01:14,REAL,2729882262,493,2729882755,2729882755
2025-06-19 11:01:16,REAL,2729882755,484,2729883239,2729883239
2025-06-19 11:01:18,REAL,2729883239,478,2729883717,2729883717
2025-06-19 11:01:20,REAL,2729883717,483,2729884200,2729884200
2025-06-19 11:01:22,REAL,2729884200,9068,2729893268,2729893268
2025-06-19 11:01:24,REAL,2729893268,12562,2729905830,2729905830
2025-06-19 11:01:26,REAL,2729905830,10252,2729916082,2729916082
2025-06-19 11:01:28,REAL,2729916082,10248,2729926330,2729926330
2025-06-19 11:01:30,REAL,2729926330,10318,2729936648,2729936648
2025-06-19 11:01:32,REAL,2729936648,10247,2729946895,2729946895
2025-06-19 11:01:34,REAL,2729946895,10258,2729957153,2729957153
2025-06-19 11:01:36,REAL,2729957153,9514,2729966667,2729966667
2025-06-19 11:01:38,REAL,2729966667,491,2729967158,2729967158
2025-06-19 11:01:40,REAL,2729967158,487,2729967645,2729967645
2025-06-19 11:01:42,REAL,2729967645,484,2729968129,2729968129
2025-06-19 11:01:44,REAL,2729968129,482,2729968611,2729968611
2025-06-19 11:01:46,REAL,2729968611,482,2729969093,2729969093
2025-06-19 11:01:48,REAL,2729969093,488,2729969581,2729969581
2025-06-19 11:01:50,REAL,2729969581,492,2729970073,2729970073
2025-06-19 11:01:52,REAL,2729970073,245,2729970318,2729970318
2025-06-19 11:01:54,REAL,2729970318,479,2729970797,2729970797
2025-06-19 11:01:56,REAL,2729970797,490,2729971287,2729971287
2025-06-19 11:01:58,REAL,2729971287,482,2729971769,2729971769
2025-06-19 11:02:00,REAL,2729971769,484,2729972253,2729972253
2025-06-19 11:02:02,REAL,2729972253,483,2729972736,2729972736
2025-06-19 11:02:04,REAL,2729972736,484,2729973220,2729973220
2025-06-19 11:02:06,REAL,2729973220,537,2729973757,2729973757
2025-06-19 11:02:08,REAL,2729973757,480,2729974237,2729974237
2025-06-19 11:02:10,REAL,2729974237,476,2729974713,2729974713
2025-06-19 11:02:12,REAL,2729974713,483,2729975196,2729975196
2025-06-19 11:02:14,REAL,2729975196,478,2729975674,2729975674
2025-06-19 11:02:16,REAL,2729975674,476,2729976150,2729976150
2025-06-19 11:02:18,REAL,2729976150,479,2729976629,2729976629
2025-06-19 11:02:20,REAL,2729976629,491,2729977120,2729977120
2025-06-19 11:02:22,REAL,2729977120,482,2729977602,2729977602
2025-06-19 11:02:24,REAL,2729977602,484,2729978086,2729978086
2025-06-19 11:02:26,REAL,2729978086,488,2729978574,2729978574
2025-06-19 11:02:28,REAL,2729978574,531,2729979105,2729979105
2025-06-19 11:02:30,REAL,2729979105,490,2729979595,2729979595
2025-06-19 11:02:32,REAL,2729979595,488,2729980083,2729980083
2025-06-19 11:02:34,REAL,2729980083,487,2729980570,2729980570
2025-06-19 11:02:36,REAL,2729980570,477,2729981047,2729981047
2025-06-19 11:02:38,REAL,2729981047,478,2729981525,2729981525
2025-06-19 11:02:40,REAL,2729981525,490,2729982015,2729982015
2025-06-19 11:02:42,REAL,2729982015,9466,2729991481,2729991481
2025-06-19 11:02:44,REAL,2729991481,10643,2730002124,2730002124
2025-06-19 11:02:46,REAL,2730002124,10251,2730012375,2730012375
2025-06-19 11:02:48,REAL,2730012375,10255,2730022630,2730022630
2025-06-19 11:02:50,REAL,2730022630,10319,2730032949,2730032949
2025-06-19 11:02:52,REAL,2730032949,10252,2730043201,2730043201
2025-06-19 11:02:54,REAL,2730043201,10256,2730053457,2730053457
2025-06-19 11:02:56,REAL,2730053457,7811,2730061268,2730061268
2025-06-19 11:02:58,REAL,2730061268,487,2730061755,2730061755
2025-06-19 11:03:00,REAL,2730061755,492,2730062247,2730062247
2025-06-19 11:03:02,REAL,2730062247,489,2730062736,2730062736
2025-06-19 11:03:04,REAL,2730062736,486,2730063222,2730063222
2025-06-19 11:03:06,REAL,2730063222,494,2730063716,2730063716
2025-06-19 11:03:08,REAL,2730063716,486,2730064202,2730064202
2025-06-19 11:03:10,REAL,2730064202,492,2730064694,2730064694
2025-06-19 11:03:12,REAL,2730064694,485,2730065179,2730065179
2025-06-19 11:03:14,REAL,2730065179,486,2730065665,2730065665
2025-06-19 11:03:16,REAL,2730065665,483,2730066148,2730066148
2025-06-19 11:03:18,REAL,2730066148,483,2730066631,2730066631
2025-06-19 11:03:20,REAL,2730066631,537,2730067168,2730067168
2025-06-19 11:03:22,REAL,2730067168,484,2730067652,2730067652
2025-06-19 11:03:24,REAL,2730067652,481,2730068133,2730068133
2025-06-19 11:03:26,REAL,2730068133,541,2730068674,2730068674
2025-06-19 11:03:28,REAL,2730068674,481,2730069155,2730069155
2025-06-19 11:03:30,REAL,2730069155,481,2730069636,2730069636
2025-06-19 11:03:32,REAL,2730069636,484,2730070120,2730070120
2025-06-19 11:03:34,REAL,2730070120,485,2730070605,2730070605
2025-06-19 11:03:36,REAL,2730070605,481,2730071086,2730071086
2025-06-19 11:03:38,REAL,2730071086,485,2730071571,2730071571
2025-06-19 11:03:40,REAL,2730071571,12376,2730083947,2730083947
2025-06-19 11:03:42,REAL,2730083947,11116,2730095063,2730095063
2025-06-19 11:03:44,REAL,2730095063,10323,2730105386,2730105386
2025-06-19 11:03:46,REAL,2730105386,10247,2730115633,2730115633
2025-06-19 11:03:48,REAL,2730115633,10314,2730125947,2730125947
2025-06-19 11:03:50,REAL,2730125947,10257,2730136204,2730136204
2025-06-19 11:03:52,REAL,2730136204,10323,2730146527,2730146527
2025-06-19 11:03:54,REAL,2730146527,6949,2730153476,2730153476
2025-06-19 11:03:56,REAL,2730153476,478,2730153954,2730153954
2025-06-19 11:03:58,REAL,2730153954,487,2730154441,2730154441
2025-06-19 11:04:00,REAL,2730154441,487,2730154928,2730154928
2025-06-19 11:04:02,REAL,2730154928,487,2730155415,2730155415
2025-06-19 11:04:04,REAL,2730155415,483,2730155898,2730155898
2025-06-19 11:04:06,REAL,2730155898,484,2730156382,2730156382
2025-06-19 11:04:08,REAL,2730156382,481,2730156863,2730156863
2025-06-19 11:04:10,REAL,2730156863,537,2730157400,2730157400
2025-06-19 11:04:12,REAL,2730157400,10590,2730167990,2730167990
2025-06-19 11:04:14,REAL,2730167990,10449,2730178439,2730178439
2025-06-19 11:04:16,REAL,2730178439,10250,2730188689,2730188689
2025-06-19 11:04:18,REAL,2730188689,10252,2730198941,2730198941
2025-06-19 11:04:20,REAL,2730198941,10260,2730209201,2730209201
2025-06-19 11:04:22,REAL,2730209201,10248,2730219449,2730219449
2025-06-19 11:04:24,REAL,2730219449,10250,2730229699,2730229699
2025-06-19 11:04:26,REAL,2730229699,6366,2730236065,2730236065
2025-06-19 11:04:28,REAL,2730236065,488,2730236553,2730236553
2025-06-19 11:04:30,REAL,2730236553,489,2730237042,2730237042
2025-06-19 11:04:32,REAL,2730237042,484,2730237526,2730237526
2025-06-19 11:04:34,REAL,2730237526,494,2730238020,2730238020
2025-06-19 11:04:36,REAL,2730238020,482,2730238502,2730238502
2025-06-19 11:04:38,REAL,2730238502,482,2730238984,2730238984
2025-06-19 11:04:40,REAL,2730238984,482,2730239466,2730239466
2025-06-19 11:04:42,REAL,2730239466,477,2730239943,2730239943
2025-06-19 11:04:44,REAL,2730239943,486,2730240429,2730240429
2025-06-19 11:04:46,REAL,2730240429,489,2730240918,2730240918
2025-06-19 11:04:48,REAL,2730240918,490,2730241408,2730241408
2025-06-19 11:04:50,REAL,2730241408,481,2730241889,2730241889
2025-06-19 11:04:52,REAL,2730241889,492,2730242381,2730242381
2025-06-19 11:04:54,REAL,2730242381,484,2730242865,2730242865
2025-06-19 11:04:56,REAL,2730242865,534,2730243399,2730243399
2025-06-19 11:04:58,REAL,2730243399,488,2730243887,2730243887
2025-06-19 11:05:00,REAL,2730243887,483,2730244370,2730244370
2025-06-19 11:05:02,REAL,2730244370,543,2730244913,2730244913
2025-06-19 11:05:04,REAL,2730244913,485,2730245398,2730245398
2025-06-19 11:05:06,REAL,2730245398,482,2730245880,2730245880
2025-06-19 11:05:08,REAL,2730245880,479,2730246359,2730246359
2025-06-19 11:05:10,REAL,2730246359,482,2730246841,2730246841
2025-06-19 11:05:12,REAL,2730246841,484,2730247325,2730247325
2025-06-19 11:05:14,REAL,2730247325,486,2730247811,2730247811
2025-06-19 11:05:16,REAL,2730247811,482,2730248293,2730248293
2025-06-19 11:05:18,REAL,2730248293,481,2730248774,2730248774
2025-06-19 11:05:20,REAL,2730248774,482,2730249256,2730249256
2025-06-19 11:05:22,REAL,2730249256,486,2730249742,2730249742
2025-06-19 11:05:24,REAL,2730249742,477,2730250219,2730250219
2025-06-19 11:05:26,REAL,2730250219,493,2730250712,2730250712
2025-06-19 11:05:28,REAL,2730250712,483,2730251195,2730251195
2025-06-19 11:05:30,REAL,2730251195,488,2730251683,2730251683
2025-06-19 11:05:32,REAL,2730251683,483,2730252166,2730252166
2025-06-19 11:05:34,REAL,2730252166,480,2730252646,2730252646
2025-06-19 11:05:36,REAL,2730252646,484,2730253130,2730253130
2025-06-19 11:05:38,REAL,2730253130,485,2730253615,2730253615
2025-06-19 11:05:40,REAL,2730253615,483,2730254098,2730254098
2025-06-19 11:05:42,REAL,2730254098,536,2730254634,2730254634
2025-06-19 11:05:44,REAL,2730254634,483,2730255117,2730255117
2025-06-19 11:05:46,REAL,2730255117,489,2730255606,2730255606
2025-06-19 11:05:48,REAL,2730255606,479,2730256085,2730256085
2025-06-19 11:05:50,REAL,2730256085,483,2730256568,2730256568
2025-06-19 11:05:52,REAL,2730256568,540,2730257108,2730257108
2025-06-19 11:05:54,REAL,2730257108,488,2730257596,2730257596
2025-06-19 11:05:56,REAL,2730257596,479,2730258075,2730258075
2025-06-19 11:05:58,REAL,2730258075,492,2730258567,2730258567
2025-06-19 11:06:00,REAL,2730258567,484,2730259051,2730259051
2025-06-19 11:06:02,REAL,2730259051,488,2730259539,2730259539
2025-06-19 11:06:04,REAL,2730259539,479,2730260018,2730260018
2025-06-19 11:06:06,REAL,2730260018,488,2730260506,2730260506
2025-06-19 11:06:08,REAL,2730260506,488,2730260994,2730260994
2025-06-19 11:06:10,REAL,2730260994,477,2730261471,2730261471
2025-06-19 11:06:12,REAL,2730261471,481,2730261952,2730261952
2025-06-19 11:06:14,REAL,2730261952,479,2730262431,2730262431
2025-06-19 11:06:16,REAL,2730262431,485,2730262916,2730262916
2025-06-19 11:06:18,REAL,2730262916,482,2730263398,2730263398
2025-06-19 11:06:20,REAL,2730263398,493,2730263891,2730263891
2025-06-19 11:06:22,REAL,2730263891,484,2730264375,2730264375
2025-06-19 11:06:24,REAL,2730264375,483,2730264858,2730264858
2025-06-19 11:06:26,REAL,2730264858,539,2730265397,2730265397
2025-06-19 11:06:28,REAL,2730265397,2401,2730267798,2730267798
2025-06-19 11:06:30,REAL,2730267798,11308,2730279106,2730279106
2025-06-19 11:06:32,REAL,2730279106,10320,2730289426,2730289426
2025-06-19 11:06:34,REAL,2730289426,10257,2730299683,2730299683
2025-06-19 11:06:36,REAL,2730299683,10246,2730309929,2730309929
2025-06-19 11:06:38,REAL,2730309929,10313,2730320242,2730320242
2025-06-19 11:06:40,REAL,2730320242,10260,2730330502,2730330502
2025-06-19 11:06:42,REAL,2730330502,10250,2730340752,2730340752
2025-06-19 11:06:44,REAL,2730340752,3847,2730344599,2730344599
2025-06-19 11:06:46,REAL,2730344599,492,2730345091,2730345091
2025-06-19 11:06:48,REAL,2730345091,491,2730345582,2730345582
2025-06-19 11:06:50,REAL,2730345582,479,2730346061,2730346061
2025-06-19 11:06:52,REAL,2730346061,485,2730346546,2730346546
2025-06-19 11:06:54,REAL,2730346546,479,2730347025,2730347025
2025-06-19 11:06:56,REAL,2730347025,482,2730347507,2730347507
2025-06-19 11:06:58,REAL,2730347507,477,2730347984,2730347984
2025-06-19 11:07:00,REAL,2730347984,484,2730348468,2730348468
2025-06-19 11:07:02,REAL,2730348468,475,2730348943,2730348943
2025-06-19 11:07:04,REAL,2730348943,482,2730349425,2730349425
2025-06-19 11:07:06,REAL,2730349425,477,2730349902,2730349902
2025-06-19 11:07:08,REAL,2730349902,487,2730350389,2730350389
2025-06-19 11:07:10,REAL,2730350389,484,2730350873,2730350873
2025-06-19 11:07:12,REAL,2730350873,482,2730351355,2730351355
2025-06-19 11:07:14,REAL,2730351355,480,2730351835,2730351835
2025-06-19 11:07:16,REAL,2730351835,545,2730352380,2730352380
2025-06-19 11:07:18,REAL,2730352380,484,2730352864,2730352864
2025-06-19 11:07:20,REAL,2730352864,489,2730353353,2730353353
2025-06-19 11:07:22,REAL,2730353353,481,2730353834,2730353834
2025-06-19 11:07:24,REAL,2730353834,486,2730354320,2730354320
2025-06-19 11:07:26,REAL,2730354320,484,2730354804,2730354804
2025-06-19 11:07:28,REAL,2730354804,477,2730355281,2730355281
2025-06-19 11:07:30,REAL,2730355281,488,2730355769,2730355769
2025-06-19 11:07:32,REAL,2730355769,487,2730356256,2730356256
2025-06-19 11:07:34,REAL,2730356256,541,2730356797,2730356797
2025-06-19 11:07:36,REAL,2730356797,491,2730357288,2730357288
2025-06-19 11:07:38,REAL,2730357288,490,2730357778,2730357778
2025-06-19 11:07:40,REAL,2730357778,489,2730358267,2730358267
2025-06-19 11:07:42,REAL,2730358267,481,2730358748,2730358748
2025-06-19 11:07:44,REAL,2730358748,486,2730359234,2730359234
2025-06-19 11:07:46,REAL,2730359234,485,2730359719,2730359719
2025-06-19 11:07:48,REAL,2730359719,489,2730360208,2730360208
2025-06-19 11:07:50,REAL,2730360208,478,2730360686,2730360686
2025-06-19 11:07:52,REAL,2730360686,485,2730361171,2730361171
2025-06-19 11:07:54,REAL,2730361171,483,2730361654,2730361654
2025-06-19 11:07:56,REAL,2730361654,487,2730362141,2730362141
2025-06-19 11:07:58,REAL,2730362141,483,2730362624,2730362624
2025-06-19 11:08:00,REAL,2730362624,489,2730363113,2730363113
2025-06-19 11:08:02,REAL,2730363113,481,2730363594,2730363594
2025-06-19 11:08:04,REAL,2730363594,535,2730364129,2730364129
2025-06-19 11:08:06,REAL,2730364129,480,2730364609,2730364609
2025-06-19 11:08:08,REAL,2730364609,490,2730365099,2730365099
2025-06-19 11:08:10,REAL,2730365099,10868,2730375967,2730375967
2025-06-19 11:08:12,REAL,2730375967,10383,2730386350,2730386350
2025-06-19 11:08:14,REAL,2730386350,10248,2730396598,2730396598
2025-06-19 11:08:16,REAL,2730396598,10317,2730406915,2730406915
2025-06-19 11:08:18,REAL,2730406915,10253,2730417168,2730417168
2025-06-19 11:08:20,REAL,2730417168,10246,2730427414,2730427414
2025-06-19 11:08:22,REAL,2730427414,10320,2730437734,2730437734
2025-06-19 11:08:24,REAL,2730437734,6889,2730444623,2730444623
2025-06-19 11:08:26,REAL,2730444623,546,2730445169,2730445169
2025-06-19 11:08:28,REAL,2730445169,491,2730445660,2730445660
2025-06-19 11:08:30,REAL,2730445660,489,2730446149,2730446149
2025-06-19 11:08:32,REAL,2730446149,482,2730446631,2730446631
2025-06-19 11:08:34,REAL,2730446631,484,2730447115,2730447115
2025-06-19 11:08:36,REAL,2730447115,490,2730447605,2730447605
2025-06-19 11:08:38,REAL,2730447605,487,2730448092,2730448092
2025-06-19 11:08:40,REAL,2730448092,478,2730448570,2730448570
2025-06-19 11:08:42,REAL,2730448570,481,2730449051,2730449051
2025-06-19 11:08:44,REAL,2730449051,485,2730449536,2730449536
2025-06-19 11:08:46,REAL,2730449536,487,2730450023,2730450023
2025-06-19 11:08:48,REAL,2730450023,484,2730450507,2730450507
2025-06-19 11:08:50,REAL,2730450507,488,2730450995,2730450995
2025-06-19 11:08:52,REAL,2730450995,484,2730451479,2730451479
2025-06-19 11:08:54,REAL,2730451479,488,2730451967,2730451967
2025-06-19 11:08:56,REAL,2730451967,483,2730452450,2730452450
2025-06-19 11:08:58,REAL,2730452450,544,2730452994,2730452994
2025-06-19 11:09:00,REAL,2730452994,484,2730453478,2730453478
2025-06-19 11:09:02,REAL,2730453478,483,2730453961,2730453961
2025-06-19 11:09:04,REAL,2730453961,481,2730454442,2730454442
2025-06-19 11:09:06,REAL,2730454442,481,2730454923,2730454923
2025-06-19 11:09:08,REAL,2730454923,478,2730455401,2730455401
2025-06-19 11:09:10,REAL,2730455401,476,2730455877,2730455877
2025-06-19 11:09:12,REAL,2730455877,485,2730456362,2730456362
2025-06-19 11:09:14,REAL,2730456362,488,2730456850,2730456850
2025-06-19 11:09:16,REAL,2730456850,492,2730457342,2730457342
2025-06-19 11:09:18,REAL,2730457342,542,2730457884,2730457884
2025-06-19 11:09:20,REAL,2730457884,488,2730458372,2730458372
2025-06-19 11:09:22,REAL,2730458372,484,2730458856,2730458856
2025-06-19 11:09:24,REAL,2730458856,479,2730459335,2730459335
2025-06-19 11:09:26,REAL,2730459335,482,2730459817,2730459817
2025-06-19 11:09:28,REAL,2730459817,489,2730460306,2730460306
2025-06-19 11:09:30,REAL,2730460306,477,2730460783,2730460783
2025-06-19 11:09:32,REAL,2730460783,489,2730461272,2730461272
2025-06-19 11:09:34,REAL,2730461272,11710,2730472982,2730472982
2025-06-19 11:09:36,REAL,2730472982,10256,2730483238,2730483238
2025-06-19 11:09:38,REAL,2730483238,10244,2730493482,2730493482
2025-06-19 11:09:40,REAL,2730493482,10317,2730503799,2730503799
2025-06-19 11:09:42,REAL,2730503799,10254,2730514053,2730514053
2025-06-19 11:09:44,REAL,2730514053,10253,2730524306,2730524306
2025-06-19 11:09:46,REAL,2730524306,10326,2730534632,2730534632
2025-06-19 11:09:48,REAL,2730534632,5769,2730540401,2730540401
2025-06-19 11:09:50,REAL,2730540401,491,2730540892,2730540892
2025-06-19 11:09:52,REAL,2730540892,483,2730541375,2730541375
2025-06-19 11:09:54,REAL,2730541375,486,2730541861,2730541861
2025-06-19 11:09:56,REAL,2730541861,477,2730542338,2730542338
2025-06-19 11:09:58,REAL,2730542338,480,2730542818,2730542818
2025-06-19 11:10:00,REAL,2730542818,486,2730543304,2730543304
2025-06-19 11:10:02,REAL,2730543304,481,2730543785,2730543785
2025-06-19 11:10:04,REAL,2730543785,478,2730544263,2730544263
2025-06-19 11:10:06,REAL,2730544263,493,2730544756,2730544756
2025-06-19 11:10:08,REAL,2730544756,535,2730545291,2730545291
2025-06-19 11:10:10,REAL,2730545291,490,2730545781,2730545781
2025-06-19 11:10:12,REAL,2730545781,480,2730546261,2730546261
2025-06-19 11:10:14,REAL,2730546261,484,2730546745,2730546745
2025-06-19 11:10:16,REAL,2730546745,485,2730547230,2730547230
2025-06-19 11:10:18,REAL,2730547230,482,2730547712,2730547712
2025-06-19 11:10:20,REAL,2730547712,488,2730548200,2730548200
2025-06-19 11:10:22,REAL,2730548200,539,2730548739,2730548739
2025-06-19 11:10:24,REAL,2730548739,482,2730549221,2730549221
2025-06-19 11:10:26,REAL,2730549221,484,2730549705,2730549705
2025-06-19 11:10:28,REAL,2730549705,486,2730550191,2730550191
2025-06-19 11:10:30,REAL,2730550191,482,2730550673,2730550673
2025-06-19 11:10:32,REAL,2730550673,487,2730551160,2730551160
2025-06-19 11:10:34,REAL,2730551160,487,2730551647,2730551647
2025-06-19 11:10:36,REAL,2730551647,485,2730552132,2730552132
2025-06-19 11:10:38,REAL,2730552132,482,2730552614,2730552614
2025-06-19 11:10:40,REAL,2730552614,493,2730553107,2730553107
2025-06-19 11:10:42,REAL,2730553107,491,2730553598,2730553598
2025-06-19 11:10:44,REAL,2730553598,488,2730554086,2730554086
2025-06-19 11:10:46,REAL,2730554086,490,2730554576,2730554576
2025-06-19 11:10:48,REAL,2730554576,485,2730555061,2730555061
2025-06-19 11:10:50,REAL,2730555061,478,2730555539,2730555539
2025-06-19 11:10:52,REAL,2730555539,483,2730556022,2730556022
2025-06-19 11:10:54,REAL,2730556022,483,2730556505,2730556505
2025-06-19 11:10:56,REAL,2730556505,483,2730556988,2730556988
2025-06-19 11:10:58,REAL,2730556988,479,2730557467,2730557467
2025-06-19 11:11:00,REAL,2730557467,539,2730558006,2730558006
2025-06-19 11:11:02,REAL,2730558006,484,2730558490,2730558490
2025-06-19 11:11:04,REAL,2730558490,479,2730558969,2730558969
2025-06-19 11:11:06,REAL,2730558969,486,2730559455,2730559455
2025-06-19 11:11:08,REAL,2730559455,477,2730559932,2730559932
2025-06-19 11:11:10,REAL,2730559932,539,2730560471,2730560471
2025-06-19 11:11:12,REAL,2730560471,483,2730560954,2730560954
2025-06-19 11:11:14,REAL,2730560954,477,2730561431,2730561431
2025-06-19 11:11:16,REAL,2730561431,493,2730561924,2730561924
2025-06-19 11:11:18,REAL,2730561924,481,2730562405,2730562405
2025-06-19 11:11:20,REAL,2730562405,488,2730562893,2730562893
2025-06-19 11:11:22,REAL,2730562893,485,2730563378,2730563378
2025-06-19 11:11:24,REAL,2730563378,482,2730563860,2730563860
2025-06-19 11:11:26,REAL,2730563860,481,2730564341,2730564341
2025-06-19 11:11:28,REAL,2730564341,488,2730564829,2730564829
2025-06-19 11:11:30,REAL,2730564829,477,2730565306,2730565306
2025-06-19 11:11:32,REAL,2730565306,542,2730565848,2730565848
2025-06-19 11:11:34,REAL,2730565848,485,2730566333,2730566333
2025-06-19 11:11:36,REAL,2730566333,487,2730566820,2730566820
2025-06-19 11:11:38,REAL,2730566820,488,2730567308,2730567308
2025-06-19 11:11:40,REAL,2730567308,476,2730567784,2730567784
2025-06-19 11:11:42,REAL,2730567784,482,2730568266,2730568266
2025-06-19 11:11:44,REAL,2730568266,478,2730568744,2730568744
2025-06-19 11:11:46,REAL,2730568744,478,2730569222,2730569222
2025-06-19 11:11:48,REAL,2730569222,483,2730569705,2730569705
2025-06-19 11:11:50,REAL,2730569705,480,2730570185,2730570185
2025-06-19 11:11:52,REAL,2730570185,475,2730570660,2730570660
2025-06-19 11:11:54,REAL,2730570660,480,2730571140,2730571140
2025-06-19 11:11:56,REAL,2730571140,487,2730571627,2730571627
2025-06-19 11:11:58,REAL,2730571627,484,2730572111,2730572111
2025-06-19 11:12:00,REAL,2730572111,541,2730572652,2730572652
2025-06-19 11:12:02,REAL,2730572652,487,2730573139,2730573139
2025-06-19 11:12:04,REAL,2730573139,537,2730573676,2730573676
2025-06-19 11:12:06,REAL,2730573676,485,2730574161,2730574161
2025-06-19 11:12:08,REAL,2730574161,488,2730574649,2730574649
2025-06-19 11:12:10,REAL,2730574649,484,2730575133,2730575133
2025-06-19 11:12:12,REAL,2730575133,490,2730575623,2730575623
2025-06-19 11:12:14,REAL,2730575623,486,2730576109,2730576109
2025-06-19 11:12:16,REAL,2730576109,489,2730576598,2730576598
2025-06-19 11:12:18,REAL,2730576598,478,2730577076,2730577076
2025-06-19 11:12:20,REAL,2730577076,486,2730577562,2730577562
2025-06-19 11:12:22,REAL,2730577562,489,2730578051,2730578051
2025-06-19 11:12:24,REAL,2730578051,476,2730578527,2730578527
2025-06-19 11:12:26,REAL,2730578527,485,2730579012,2730579012
2025-06-19 11:12:28,REAL,2730579012,490,2730579502,2730579502
2025-06-19 11:12:30,REAL,2730579502,484,2730579986,2730579986
2025-06-19 11:12:32,REAL,2730579986,479,2730580465,2730580465
2025-06-19 11:12:34,REAL,2730580465,484,2730580949,2730580949
2025-06-19 11:12:36,REAL,2730580949,487,2730581436,2730581436
2025-06-19 11:12:38,REAL,2730581436,4382,2730585818,2730585818
2025-06-19 11:12:40,REAL,2730585818,11370,2730597188,2730597188
2025-06-19 11:12:42,REAL,2730597188,10253,2730607441,2730607441
2025-06-19 11:12:44,REAL,2730607441,10310,2730617751,2730617751
2025-06-19 11:12:46,REAL,2730617751,10252,2730628003,2730628003
2025-06-19 11:12:48,REAL,2730628003,10260,2730638263,2730638263
2025-06-19 11:12:50,REAL,2730638263,10315,2730648578,2730648578
2025-06-19 11:12:52,REAL,2730648578,10250,2730658828,2730658828
2025-06-19 11:12:54,REAL,2730658828,2262,2730661090,2730661090
2025-06-19 11:12:56,REAL,2730661090,482,2730661572,2730661572
2025-06-19 11:12:58,REAL,2730661572,484,2730662056,2730662056
2025-06-19 11:13:00,REAL,2730662056,485,2730662541,2730662541
2025-06-19 11:13:02,REAL,2730662541,488,2730663029,2730663029
2025-06-19 11:13:04,REAL,2730663029,482,2730663511,2730663511
2025-06-19 11:13:06,REAL,2730663511,486,2730663997,2730663997
2025-06-19 11:13:08,REAL,2730663997,483,2730664480,2730664480
2025-06-19 11:13:10,REAL,2730664480,550,2730665030,2730665030
2025-06-19 11:13:12,REAL,2730665030,487,2730665517,2730665517
2025-06-19 11:13:14,REAL,2730665517,482,2730665999,2730665999
2025-06-19 11:13:16,REAL,2730665999,486,2730666485,2730666485
2025-06-19 11:13:18,REAL,2730666485,484,2730666969,2730666969
2025-06-19 11:13:20,REAL,2730666969,486,2730667455,2730667455
2025-06-19 11:13:22,REAL,2730667455,535,2730667990,2730667990
2025-06-19 11:13:24,REAL,2730667990,489,2730668479,2730668479
2025-06-19 11:13:26,REAL,2730668479,10649,2730679128,2730679128
2025-06-19 11:13:28,REAL,2730679128,10387,2730689515,2730689515
2025-06-19 11:13:30,REAL,2730689515,10319,2730699834,2730699834
2025-06-19 11:13:32,REAL,2730699834,10250,2730710084,2730710084
2025-06-19 11:13:34,REAL,2730710084,10246,2730720330,2730720330
2025-06-19 11:13:36,REAL,2730720330,10312,2730730642,2730730642
2025-06-19 11:13:38,REAL,2730730642,10254,2730740896,2730740896
2025-06-19 11:13:40,REAL,2730740896,6623,2730747519,2730747519
2025-06-19 11:13:42,REAL,2730747519,483,2730748002,2730748002
2025-06-19 11:13:44,REAL,2730748002,543,2730748545,2730748545
2025-06-19 11:13:46,REAL,2730748545,477,2730749022,2730749022
2025-06-19 11:13:48,REAL,2730749022,484,2730749506,2730749506
2025-06-19 11:13:50,REAL,2730749506,481,2730749987,2730749987
2025-06-19 11:13:52,REAL,2730749987,482,2730750469,2730750469
2025-06-19 11:13:54,REAL,2730750469,478,2730750947,2730750947
2025-06-19 11:13:56,REAL,2730750947,484,2730751431,2730751431
2025-06-19 11:13:58,REAL,2730751431,485,2730751916,2730751916
2025-06-19 11:14:00,REAL,2730751916,485,2730752401,2730752401
2025-06-19 11:14:02,REAL,2730752401,485,2730752886,2730752886
2025-06-19 11:14:04,REAL,2730752886,478,2730753364,2730753364
2025-06-19 11:14:06,REAL,2730753364,484,2730753848,2730753848
2025-06-19 11:14:08,REAL,2730753848,545,2730754393,2730754393
2025-06-19 11:14:10,REAL,2730754393,490,2730754883,2730754883
2025-06-19 11:14:12,REAL,2730754883,487,2730755370,2730755370
2025-06-19 11:14:14,REAL,2730755370,492,2730755862,2730755862
2025-06-19 11:14:16,REAL,2730755862,542,2730756404,2730756404
2025-06-19 11:14:18,REAL,2730756404,483,2730756887,2730756887
2025-06-19 11:14:20,REAL,2730756887,485,2730757372,2730757372
2025-06-19 11:14:22,REAL,2730757372,480,2730757852,2730757852
2025-06-19 11:14:24,REAL,2730757852,490,2730758342,2730758342
2025-06-19 11:14:26,REAL,2730758342,488,2730758830,2730758830
2025-06-19 11:14:28,REAL,2730758830,489,2730759319,2730759319
2025-06-19 11:14:30,REAL,2730759319,480,2730759799,2730759799
2025-06-19 11:14:32,REAL,2730759799,477,2730760276,2730760276
2025-06-19 11:14:34,REAL,2730760276,489,2730760765,2730760765
2025-06-19 11:14:36,REAL,2730760765,477,2730761242,2730761242
2025-06-19 11:14:38,REAL,2730761242,482,2730761724,2730761724
2025-06-19 11:14:40,REAL,2730761724,12194,2730773918,2730773918
2025-06-19 11:14:42,REAL,2730773918,10255,2730784173,2730784173
2025-06-19 11:14:44,REAL,2730784173,10250,2730794423,2730794423
2025-06-19 11:14:46,REAL,2730794423,10327,2730804750,2730804750
2025-06-19 11:14:48,REAL,2730804750,10249,2730814999,2730814999
2025-06-19 11:14:50,REAL,2730814999,10304,2730825303,2730825303
2025-06-19 11:14:52,REAL,2730825303,10320,2730835623,2730835623
2025-06-19 11:14:54,REAL,2730835623,5369,2730840992,2730840992
2025-06-19 11:14:56,REAL,2730840992,478,2730841470,2730841470
2025-06-19 11:14:58,REAL,2730841470,481,2730841951,2730841951
2025-06-19 11:15:00,REAL,2730841951,487,2730842438,2730842438
2025-06-19 11:15:02,REAL,2730842438,484,2730842922,2730842922
2025-06-19 11:15:04,REAL,2730842922,481,2730843403,2730843403
2025-06-19 11:15:06,REAL,2730843403,480,2730843883,2730843883
2025-06-19 11:15:08,REAL,2730843883,487,2730844370,2730844370
2025-06-19 11:15:10,REAL,2730844370,486,2730844856,2730844856
2025-06-19 11:15:12,REAL,2730844856,485,2730845341,2730845341
2025-06-19 11:15:14,REAL,2730845341,484,2730845825,2730845825
2025-06-19 11:15:16,REAL,2730845825,486,2730846311,2730846311
2025-06-19 11:15:18,REAL,2730846311,487,2730846798,2730846798
2025-06-19 11:15:20,REAL,2730846798,474,2730847272,2730847272
2025-06-19 11:15:22,REAL,2730847272,599,2730847871,2730847871
2025-06-19 11:15:24,REAL,2730847871,492,2730848363,2730848363
2025-06-19 11:15:26,REAL,2730848363,482,2730848845,2730848845
2025-06-19 11:15:28,REAL,2730848845,484,2730849329,2730849329
2025-06-19 11:15:30,REAL,2730849329,487,2730849816,2730849816
2025-06-19 11:15:32,REAL,2730849816,475,2730850291,2730850291
2025-06-19 11:15:34,REAL,2730850291,483,2730850774,2730850774
2025-06-19 11:15:36,REAL,2730850774,485,2730851259,2730851259
2025-06-19 11:15:38,REAL,2730851259,479,2730851738,2730851738
2025-06-19 11:15:40,REAL,2730851738,484,2730852222,2730852222
2025-06-19 11:15:42,REAL,2730852222,480,2730852702,2730852702
2025-06-19 11:15:44,REAL,2730852702,482,2730853184,2730853184
2025-06-19 11:15:46,REAL,2730853184,487,2730853671,2730853671
2025-06-19 11:15:48,REAL,2730853671,480,2730854151,2730854151
2025-06-19 11:15:50,REAL,2730854151,477,2730854628,2730854628
2025-06-19 11:15:52,REAL,2730854628,482,2730855110,2730855110
2025-06-19 11:15:54,REAL,2730855110,482,2730855592,2730855592
2025-06-19 11:15:56,REAL,2730855592,550,2730856142,2730856142
2025-06-19 11:15:58,REAL,2730856142,490,2730856632,2730856632
2025-06-19 11:16:00,REAL,2730856632,480,2730857112,2730857112
2025-06-19 11:16:02,REAL,2730857112,486,2730857598,2730857598
2025-06-19 11:16:04,REAL,2730857598,474,2730858072,2730858072
2025-06-19 11:16:06,REAL,2730858072,484,2730858556,2730858556
2025-06-19 11:16:08,REAL,2730858556,2328,2730860884,2730860884
2025-06-19 11:16:10,REAL,2730860884,14882,2730875766,2730875766
2025-06-19 11:16:12,REAL,2730875766,10260,2730886026,2730886026
2025-06-19 11:16:14,REAL,2730886026,10315,2730896341,2730896341
2025-06-19 11:16:16,REAL,2730896341,10319,2730906660,2730906660
2025-06-19 11:16:18,REAL,2730906660,10253,2730916913,2730916913
2025-06-19 11:16:20,REAL,2730916913,10319,2730927232,2730927232
2025-06-19 11:16:22,REAL,2730927232,10258,2730937490,2730937490
2025-06-19 11:16:24,REAL,2730937490,3784,2730941274,2730941274
2025-06-19 11:16:26,REAL,2730941274,545,2730941819,2730941819
2025-06-19 11:16:28,REAL,2730941819,481,2730942300,2730942300
2025-06-19 11:16:30,REAL,2730942300,488,2730942788,2730942788
2025-06-19 11:16:32,REAL,2730942788,482,2730943270,2730943270
2025-06-19 11:16:34,REAL,2730943270,482,2730943752,2730943752
2025-06-19 11:16:36,REAL,2730943752,481,2730944233,2730944233
2025-06-19 11:16:38,REAL,2730944233,476,2730944709,2730944709
2025-06-19 11:16:40,REAL,2730944709,480,2730945189,2730945189
2025-06-19 11:16:42,REAL,2730945189,478,2730945667,2730945667
2025-06-19 11:16:44,REAL,2730945667,484,2730946151,2730946151
2025-06-19 11:16:46,REAL,2730946151,492,2730946643,2730946643
2025-06-19 11:16:48,REAL,2730946643,485,2730947128,2730947128
2025-06-19 11:16:50,REAL,2730947128,488,2730947616,2730947616
2025-06-19 11:16:52,REAL,2730947616,484,2730948100,2730948100
2025-06-19 11:16:54,REAL,2730948100,486,2730948586,2730948586
2025-06-19 11:16:56,REAL,2730948586,541,2730949127,2730949127
2025-06-19 11:16:58,REAL,2730949127,544,2730949671,2730949671
2025-06-19 11:17:00,REAL,2730949671,486,2730950157,2730950157
2025-06-19 11:17:02,REAL,2730950157,486,2730950643,2730950643
2025-06-19 11:17:04,REAL,2730950643,484,2730951127,2730951127
2025-06-19 11:17:06,REAL,2730951127,482,2730951609,2730951609
2025-06-19 11:17:08,REAL,2730951609,488,2730952097,2730952097
2025-06-19 11:17:10,REAL,2730952097,489,2730952586,2730952586
2025-06-19 11:17:12,REAL,2730952586,485,2730953071,2730953071
2025-06-19 11:17:14,REAL,2730953071,489,2730953560,2730953560
2025-06-19 11:17:16,REAL,2730953560,480,2730954040,2730954040
2025-06-19 11:17:18,REAL,2730954040,478,2730954518,2730954518
2025-06-19 11:17:20,REAL,2730954518,489,2730955007,2730955007
2025-06-19 11:17:22,REAL,2730955007,3788,2730958795,2730958795
2025-06-19 11:17:24,REAL,2730958795,11375,2730970170,2730970170
2025-06-19 11:17:26,REAL,2730970170,10315,2730980485,2730980485
2025-06-19 11:17:28,REAL,2730980485,10257,2730990742,2730990742
2025-06-19 11:17:30,REAL,2730990742,10251,2731000993,2731000993
2025-06-19 11:17:32,REAL,2731000993,10318,2731011311,2731011311
2025-06-19 11:17:34,REAL,2731011311,10249,2731021560,2731021560
2025-06-19 11:17:36,REAL,2731021560,10260,2731031820,2731031820
2025-06-19 11:17:38,REAL,2731031820,2599,2731034419,2731034419
2025-06-19 11:17:40,REAL,2731034419,480,2731034899,2731034899
2025-06-19 11:17:42,REAL,2731034899,474,2731035373,2731035373
2025-06-19 11:17:44,REAL,2731035373,482,2731035855,2731035855
2025-06-19 11:17:46,REAL,2731035855,483,2731036338,2731036338
2025-06-19 11:17:48,REAL,2731036338,479,2731036817,2731036817
2025-06-19 11:17:50,REAL,2731036817,486,2731037303,2731037303
2025-06-19 11:17:52,REAL,2731037303,483,2731037786,2731037786
2025-06-19 11:17:54,REAL,2731037786,481,2731038267,2731038267
2025-06-19 11:17:56,REAL,2731038267,490,2731038757,2731038757
2025-06-19 11:17:58,REAL,2731038757,538,2731039295,2731039295
2025-06-19 11:18:00,REAL,2731039295,490,2731039785,2731039785
2025-06-19 11:18:02,REAL,2731039785,480,2731040265,2731040265
2025-06-19 11:18:04,REAL,2731040265,478,2731040743,2731040743
2025-06-19 11:18:06,REAL,2731040743,486,2731041229,2731041229
2025-06-19 11:18:08,REAL,2731041229,483,2731041712,2731041712
2025-06-19 11:18:10,REAL,2731041712,475,2731042187,2731042187
2025-06-19 11:18:12,REAL,2731042187,479,2731042666,2731042666
2025-06-19 11:18:14,REAL,2731042666,546,2731043212,2731043212
2025-06-19 11:18:16,REAL,2731043212,476,2731043688,2731043688
2025-06-19 11:18:18,REAL,2731043688,489,2731044177,2731044177
2025-06-19 11:18:20,REAL,2731044177,486,2731044663,2731044663
2025-06-19 11:18:22,REAL,2731044663,479,2731045142,2731045142
2025-06-19 11:18:24,REAL,2731045142,481,2731045623,2731045623
2025-06-19 11:18:26,REAL,2731045623,484,2731046107,2731046107
2025-06-19 11:18:28,REAL,2731046107,538,2731046645,2731046645
2025-06-19 11:18:30,REAL,2731046645,491,2731047136,2731047136
2025-06-19 11:18:32,REAL,2731047136,489,2731047625,2731047625
2025-06-19 11:18:34,REAL,2731047625,484,2731048109,2731048109
2025-06-19 11:18:36,REAL,2731048109,484,2731048593,2731048593
2025-06-19 11:18:38,REAL,2731048593,477,2731049070,2731049070
2025-06-19 11:18:40,REAL,2731049070,238,2731049308,2731049308
2025-06-19 11:18:42,REAL,2731049308,481,2731049789,2731049789
2025-06-19 11:18:44,REAL,2731049789,486,2731050275,2731050275
2025-06-19 11:18:46,REAL,2731050275,5508,2731055783,2731055783
2025-06-19 11:18:48,REAL,2731055783,11436,2731067219,2731067219
2025-06-19 11:18:50,REAL,2731067219,10252,2731077471,2731077471
2025-06-19 11:18:52,REAL,2731077471,10259,2731087730,2731087730
2025-06-19 11:18:54,REAL,2731087730,10257,2731097987,2731097987
2025-06-19 11:18:56,REAL,2731097987,10320,2731108307,2731108307
2025-06-19 11:18:58,REAL,2731108307,10254,2731118561,2731118561
2025-06-19 11:19:00,REAL,2731118561,10307,2731128868,2731128868
2025-06-19 11:19:02,REAL,2731128868,1542,2731130410,2731130410
2025-06-19 11:19:04,REAL,2731130410,485,2731130895,2731130895
2025-06-19 11:19:06,REAL,2731130895,482,2731131377,2731131377
2025-06-19 11:19:08,REAL,2731131377,485,2731131862,2731131862
2025-06-19 11:19:10,REAL,2731131862,485,2731132347,2731132347
2025-06-19 11:19:12,REAL,2731132347,484,2731132831,2731132831
2025-06-19 11:19:14,REAL,2731132831,484,2731133315,2731133315
2025-06-19 11:19:16,REAL,2731133315,485,2731133800,2731133800
2025-06-19 11:19:18,REAL,2731133800,487,2731134287,2731134287
2025-06-19 11:19:20,REAL,2731134287,478,2731134765,2731134765
2025-06-19 11:19:22,REAL,2731134765,484,2731135249,2731135249
2025-06-19 11:19:24,REAL,2731135249,486,2731135735,2731135735
2025-06-19 11:19:26,REAL,2731135735,490,2731136225,2731136225
2025-06-19 11:19:28,REAL,2731136225,484,2731136709,2731136709
2025-06-19 11:19:30,REAL,2731136709,547,2731137256,2731137256
2025-06-19 11:19:32,REAL,2731137256,484,2731137740,2731137740
2025-06-19 11:19:34,REAL,2731137740,490,2731138230,2731138230
2025-06-19 11:19:36,REAL,2731138230,537,2731138767,2731138767
2025-06-19 11:19:38,REAL,2731138767,483,2731139250,2731139250
2025-06-19 11:19:40,REAL,2731139250,493,2731139743,2731139743
2025-06-19 11:19:42,REAL,2731139743,486,2731140229,2731140229
2025-06-19 11:19:44,REAL,2731140229,486,2731140715,2731140715
2025-06-19 11:19:46,REAL,2731140715,474,2731141189,2731141189
2025-06-19 11:19:48,REAL,2731141189,487,2731141676,2731141676
2025-06-19 11:19:50,REAL,2731141676,488,2731142164,2731142164
2025-06-19 11:19:52,REAL,2731142164,489,2731142653,2731142653
2025-06-19 11:19:54,REAL,2731142653,483,2731143136,2731143136
2025-06-19 11:19:56,REAL,2731143136,489,2731143625,2731143625
2025-06-19 11:19:58,REAL,2731143625,491,2731144116,2731144116
2025-06-19 11:20:00,REAL,2731144116,539,2731144655,2731144655
2025-06-19 11:20:02,REAL,2731144655,484,2731145139,2731145139
2025-06-19 11:20:04,REAL,2731145139,491,2731145630,2731145630
2025-06-19 11:20:06,REAL,2731145630,484,2731146114,2731146114
2025-06-19 11:20:08,REAL,2731146114,476,2731146590,2731146590
2025-06-19 11:20:10,REAL,2731146590,481,2731147071,2731147071
2025-06-19 11:20:12,REAL,2731147071,481,2731147552,2731147552
2025-06-19 11:20:14,REAL,2731147552,482,2731148034,2731148034
2025-06-19 11:20:16,REAL,2731148034,482,2731148516,2731148516
2025-06-19 11:20:18,REAL,2731148516,485,2731149001,2731149001
2025-06-19 11:20:20,REAL,2731149001,481,2731149482,2731149482
2025-06-19 11:20:22,REAL,2731149482,483,2731149965,2731149965
2025-06-19 11:20:24,REAL,2731149965,484,2731150449,2731150449
2025-06-19 11:20:26,REAL,2731150449,544,2731150993,2731150993
2025-06-19 11:20:28,REAL,2731150993,482,2731151475,2731151475
2025-06-19 11:20:30,REAL,2731151475,484,2731151959,2731151959
2025-06-19 11:20:32,REAL,2731151959,545,2731152504,2731152504
2025-06-19 11:20:34,REAL,2731152504,480,2731152984,2731152984
2025-06-19 11:20:36,REAL,2731152984,486,2731153470,2731153470
2025-06-19 11:20:38,REAL,2731153470,490,2731153960,2731153960
2025-06-19 11:20:40,REAL,2731153960,481,2731154441,2731154441
2025-06-19 11:20:42,REAL,2731154441,489,2731154930,2731154930
2025-06-19 11:20:44,REAL,2731154930,483,2731155413,2731155413
2025-06-19 11:20:46,REAL,2731155413,490,2731155903,2731155903
2025-06-19 11:20:48,REAL,2731155903,487,2731156390,2731156390
2025-06-19 11:20:50,REAL,2731156390,483,2731156873,2731156873
2025-06-19 11:20:52,REAL,2731156873,487,2731157360,2731157360
2025-06-19 11:20:54,REAL,2731157360,482,2731157842,2731157842
2025-06-19 11:20:56,REAL,2731157842,490,2731158332,2731158332
2025-06-19 11:20:58,REAL,2731158332,483,2731158815,2731158815
2025-06-19 11:21:00,REAL,2731158815,481,2731159296,2731159296
2025-06-19 11:21:02,REAL,2731159296,541,2731159837,2731159837
2025-06-19 11:21:04,REAL,2731159837,483,2731160320,2731160320
2025-06-19 11:21:06,REAL,2731160320,476,2731160796,2731160796
2025-06-19 11:21:08,REAL,2731160796,483,2731161279,2731161279
2025-06-19 11:21:10,REAL,2731161279,490,2731161769,2731161769
2025-06-19 11:21:12,REAL,2731161769,480,2731162249,2731162249
2025-06-19 11:21:14,REAL,2731162249,486,2731162735,2731162735
2025-06-19 11:21:16,REAL,2731162735,481,2731163216,2731163216
2025-06-19 11:21:18,REAL,2731163216,1798,2731165014,2731165014
2025-06-19 11:21:20,REAL,2731165014,12167,2731177181,2731177181
2025-06-19 11:21:22,REAL,2731177181,10318,2731187499,2731187499
2025-06-19 11:21:24,REAL,2731187499,10252,2731197751,2731197751
2025-06-19 11:21:26,REAL,2731197751,10323,2731208074,2731208074
2025-06-19 11:21:28,REAL,2731208074,11109,2731219183,2731219183
2025-06-19 11:21:30,REAL,2731219183,9454,2731228637,2731228637
2025-06-19 11:21:32,REAL,2731228637,10253,2731238890,2731238890
2025-06-19 11:21:34,REAL,2731238890,4174,2731243064,2731243064
2025-06-19 11:21:36,REAL,2731243064,481,2731243545,2731243545
2025-06-19 11:21:38,REAL,2731243545,482,2731244027,2731244027
2025-06-19 11:21:40,REAL,2731244027,545,2731244572,2731244572
2025-06-19 11:21:42,REAL,2731244572,484,2731245056,2731245056
2025-06-19 11:21:44,REAL,2731245056,479,2731245535,2731245535
2025-06-19 11:21:46,REAL,2731245535,482,2731246017,2731246017
2025-06-19 11:21:48,REAL,2731246017,480,2731246497,2731246497
2025-06-19 11:21:50,REAL,2731246497,2613,2731249110,2731249110
2025-06-19 11:21:52,REAL,2731249110,11708,2731260818,2731260818
2025-06-19 11:21:54,REAL,2731260818,10254,2731271072,2731271072
2025-06-19 11:21:56,REAL,2731271072,10322,2731281394,2731281394
2025-06-19 11:21:58,REAL,2731281394,10256,2731291650,2731291650
2025-06-19 11:22:00,REAL,2731291650,10249,2731301899,2731301899
2025-06-19 11:22:02,REAL,2731301899,10250,2731312149,2731312149
2025-06-19 11:22:04,REAL,2731312149,10318,2731322467,2731322467
2025-06-19 11:22:06,REAL,2731322467,3518,2731325985,2731325985
2025-06-19 11:22:08,REAL,2731325985,491,2731326476,2731326476
2025-06-19 11:22:10,REAL,2731326476,485,2731326961,2731326961
2025-06-19 11:22:12,REAL,2731326961,488,2731327449,2731327449
2025-06-19 11:22:14,REAL,2731327449,483,2731327932,2731327932
2025-06-19 11:22:16,REAL,2731327932,540,2731328472,2731328472
2025-06-19 11:22:18,REAL,2731328472,483,2731328955,2731328955
2025-06-19 11:22:20,REAL,2731328955,483,2731329438,2731329438
2025-06-19 11:22:22,REAL,2731329438,3123,2731332561,2731332561
2025-06-19 11:22:24,REAL,2731332561,11438,2731343999,2731343999
2025-06-19 11:22:26,REAL,2731343999,10249,2731354248,2731354248
2025-06-19 11:22:28,REAL,2731354248,10253,2731364501,2731364501
2025-06-19 11:22:30,REAL,2731364501,10316,2731374817,2731374817
2025-06-19 11:22:32,REAL,2731374817,10259,2731385076,2731385076
2025-06-19 11:22:34,REAL,2731385076,10250,2731395326,2731395326
2025-06-19 11:22:36,REAL,2731395326,10253,2731405579,2731405579
2025-06-19 11:22:38,REAL,2731405579,2918,2731408497,2731408497
2025-06-19 11:22:40,REAL,2731408497,487,2731408984,2731408984
2025-06-19 11:22:42,REAL,2731408984,482,2731409466,2731409466
2025-06-19 11:22:44,REAL,2731409466,485,2731409951,2731409951
2025-06-19 11:22:46,REAL,2731409951,486,2731410437,2731410437
2025-06-19 11:22:48,REAL,2731410437,544,2731410981,2731410981
2025-06-19 11:22:50,REAL,2731410981,488,2731411469,2731411469
2025-06-19 11:22:52,REAL,2731411469,479,2731411948,2731411948
2025-06-19 11:22:54,REAL,2731411948,486,2731412434,2731412434
2025-06-19 11:22:56,REAL,2731412434,481,2731412915,2731412915
2025-06-19 11:22:58,REAL,2731412915,484,2731413399,2731413399
2025-06-19 11:23:00,REAL,2731413399,477,2731413876,2731413876
2025-06-19 11:23:02,REAL,2731413876,537,2731414413,2731414413
2025-06-19 11:23:04,REAL,2731414413,484,2731414897,2731414897
2025-06-19 11:23:06,REAL,2731414897,482,2731415379,2731415379
2025-06-19 11:23:08,REAL,2731415379,491,2731415870,2731415870
2025-06-19 11:23:10,REAL,2731415870,480,2731416350,2731416350
2025-06-19 11:23:12,REAL,2731416350,487,2731416837,2731416837
2025-06-19 11:23:14,REAL,2731416837,481,2731417318,2731417318
2025-06-19 11:23:16,REAL,2731417318,537,2731417855,2731417855
2025-06-19 11:23:18,REAL,2731417855,485,2731418340,2731418340
2025-06-19 11:23:20,REAL,2731418340,490,2731418830,2731418830
2025-06-19 11:23:22,REAL,2731418830,489,2731419319,2731419319
2025-06-19 11:23:24,REAL,2731419319,476,2731419795,2731419795
2025-06-19 11:23:26,REAL,2731419795,480,2731420275,2731420275
2025-06-19 11:23:28,REAL,2731420275,478,2731420753,2731420753
2025-06-19 11:23:30,REAL,2731420753,492,2731421245,2731421245
2025-06-19 11:23:32,REAL,2731421245,489,2731421734,2731421734
2025-06-19 11:23:34,REAL,2731421734,482,2731422216,2731422216
2025-06-19 11:23:36,REAL,2731422216,492,2731422708,2731422708
2025-06-19 11:23:38,REAL,2731422708,481,2731423189,2731423189
2025-06-19 11:23:40,REAL,2731423189,487,2731423676,2731423676
2025-06-19 11:23:42,REAL,2731423676,540,2731424216,2731424216
2025-06-19 11:23:44,REAL,2731424216,541,2731424757,2731424757
2025-06-19 11:23:46,REAL,2731424757,480,2731425237,2731425237
2025-06-19 11:23:48,REAL,2731425237,481,2731425718,2731425718
2025-06-19 11:23:50,REAL,2731425718,478,2731426196,2731426196
2025-06-19 11:23:52,REAL,2731426196,485,2731426681,2731426681
2025-06-19 11:23:54,REAL,2731426681,480,2731427161,2731427161
2025-06-19 11:23:56,REAL,2731427161,488,2731427649,2731427649
2025-06-19 11:23:58,REAL,2731427649,14358,2731442007,2731442007
2025-06-19 11:24:00,REAL,2731442007,10518,2731452525,2731452525
2025-06-19 11:24:02,REAL,2731452525,10250,2731462775,2731462775
2025-06-19 11:24:04,REAL,2731462775,10255,2731473030,2731473030
2025-06-19 11:24:06,REAL,2731473030,10325,2731483355,2731483355
2025-06-19 11:24:08,REAL,2731483355,10253,2731493608,2731493608
2025-06-19 11:24:10,REAL,2731493608,10245,2731503853,2731503853
2025-06-19 11:24:12,REAL,2731503853,6291,2731510144,2731510144
2025-06-19 11:24:14,REAL,2731510144,476,2731510620,2731510620
2025-06-19 11:24:16,REAL,2731510620,478,2731511098,2731511098
2025-06-19 11:24:18,REAL,2731511098,493,2731511591,2731511591
2025-06-19 11:24:20,REAL,2731511591,490,2731512081,2731512081
2025-06-19 11:24:22,REAL,2731512081,482,2731512563,2731512563
2025-06-19 11:24:24,REAL,2731512563,598,2731513161,2731513161
2025-06-19 11:24:26,REAL,2731513161,478,2731513639,2731513639
2025-06-19 11:24:28,REAL,2731513639,481,2731514120,2731514120
2025-06-19 11:24:30,REAL,2731514120,488,2731514608,2731514608
2025-06-19 11:24:32,REAL,2731514608,483,2731515091,2731515091
2025-06-19 11:24:34,REAL,2731515091,475,2731515566,2731515566
2025-06-19 11:24:36,REAL,2731515566,487,2731516053,2731516053
2025-06-19 11:24:38,REAL,2731516053,480,2731516533,2731516533
2025-06-19 11:24:40,REAL,2731516533,484,2731517017,2731517017
2025-06-19 11:24:42,REAL,2731517017,478,2731517495,2731517495
2025-06-19 11:24:44,REAL,2731517495,481,2731517976,2731517976
2025-06-19 11:24:46,REAL,2731517976,483,2731518459,2731518459
2025-06-19 11:24:48,REAL,2731518459,483,2731518942,2731518942
2025-06-19 11:24:50,REAL,2731518942,7484,2731526426,2731526426
2025-06-19 11:24:52,REAL,2731526426,13486,2731539912,2731539912
2025-06-19 11:24:54,REAL,2731539912,10258,2731550170,2731550170
2025-06-19 11:24:56,REAL,2731550170,10314,2731560484,2731560484
2025-06-19 11:24:58,REAL,2731560484,10261,2731570745,2731570745
2025-06-19 11:25:00,REAL,2731570745,10255,2731581000,2731581000
2025-06-19 11:25:02,REAL,2731581000,10313,2731591313,2731591313
2025-06-19 11:25:04,REAL,2731591313,10328,2731601641,2731601641
2025-06-19 11:25:06,REAL,2731601641,543,2731602184,2731602184
2025-06-19 11:25:08,REAL,2731602184,482,2731602666,2731602666
2025-06-19 11:25:10,REAL,2731602666,486,2731603152,2731603152
2025-06-19 11:25:12,REAL,2731603152,475,2731603627,2731603627
2025-06-19 11:25:14,REAL,2731603627,483,2731604110,2731604110
2025-06-19 11:25:16,REAL,2731604110,548,2731604658,2731604658
2025-06-19 11:25:18,REAL,2731604658,479,2731605137,2731605137
2025-06-19 11:25:20,REAL,2731605137,487,2731605624,2731605624
2025-06-19 11:25:22,REAL,2731605624,6888,2731612512,2731612512
2025-06-19 11:25:24,REAL,2731612512,10908,2731623420,2731623420
2025-06-19 11:25:26,REAL,2731623420,10255,2731633675,2731633675
2025-06-19 11:25:28,REAL,2731633675,10311,2731643986,2731643986
2025-06-19 11:25:30,REAL,2731643986,11445,2731655431,2731655431
2025-06-19 11:25:32,REAL,2731655431,9130,2731664561,2731664561
2025-06-19 11:25:34,REAL,2731664561,10253,2731674814,2731674814
2025-06-19 11:25:36,REAL,2731674814,9722,2731684536,2731684536
2025-06-19 11:25:38,REAL,2731684536,486,2731685022,2731685022
2025-06-19 11:25:40,REAL,2731685022,492,2731685514,2731685514
2025-06-19 11:25:42,REAL,2731685514,476,2731685990,2731685990
2025-06-19 11:25:44,REAL,2731685990,481,2731686471,2731686471
2025-06-19 11:25:46,REAL,2731686471,544,2731687015,2731687015
2025-06-19 11:25:48,REAL,2731687015,542,2731687557,2731687557
2025-06-19 11:25:50,REAL,2731687557,488,2731688045,2731688045
2025-06-19 11:25:52,REAL,2731688045,478,2731688523,2731688523
2025-06-19 11:25:54,REAL,2731688523,8682,2731697205,2731697205
2025-06-19 11:25:56,REAL,2731697205,12823,2731710028,2731710028
2025-06-19 11:25:58,REAL,2731710028,10255,2731720283,2731720283
2025-06-19 11:26:00,REAL,2731720283,10321,2731730604,2731730604
2025-06-19 11:26:02,REAL,2731730604,10243,2731740847,2731740847
2025-06-19 11:26:04,REAL,2731740847,10257,2731751104,2731751104
2025-06-19 11:26:06,REAL,2731751104,10323,2731761427,2731761427
2025-06-19 11:26:08,REAL,2731761427,9133,2731770560,2731770560
2025-06-19 11:26:10,REAL,2731770560,484,2731771044,2731771044
2025-06-19 11:26:12,REAL,2731771044,480,2731771524,2731771524
2025-06-19 11:26:14,REAL,2731771524,490,2731772014,2731772014
2025-06-19 11:26:16,REAL,2731772014,486,2731772500,2731772500
2025-06-19 11:26:18,REAL,2731772500,484,2731772984,2731772984
2025-06-19 11:26:20,REAL,2731772984,542,2731773526,2731773526
2025-06-19 11:26:22,REAL,2731773526,481,2731774007,2731774007
2025-06-19 11:26:24,REAL,2731774007,492,2731774499,2731774499
2025-06-19 11:26:26,REAL,2731774499,485,2731774984,2731774984
2025-06-19 11:26:28,REAL,2731774984,542,2731775526,2731775526
2025-06-19 11:26:30,REAL,2731775526,485,2731776011,2731776011
2025-06-19 11:26:32,REAL,2731776011,486,2731776497,2731776497
2025-06-19 11:26:34,REAL,2731776497,487,2731776984,2731776984
2025-06-19 11:26:36,REAL,2731776984,486,2731777470,2731777470
2025-06-19 11:26:38,REAL,2731777470,490,2731777960,2731777960
2025-06-19 11:26:40,REAL,2731777960,485,2731778445,2731778445
2025-06-19 11:26:42,REAL,2731778445,478,2731778923,2731778923
2025-06-19 11:26:44,REAL,2731778923,482,2731779405,2731779405
2025-06-19 11:26:46,REAL,2731779405,541,2731779946,2731779946
2025-06-19 11:26:48,REAL,2731779946,485,2731780431,2731780431
2025-06-19 11:26:50,REAL,2731780431,482,2731780913,2731780913
2025-06-19 11:26:52,REAL,2731780913,489,2731781402,2731781402
2025-06-19 11:26:54,REAL,2731781402,493,2731781895,2731781895
2025-06-19 11:26:56,REAL,2731781895,490,2731782385,2731782385
2025-06-19 11:26:58,REAL,2731782385,484,2731782869,2731782869
2025-06-19 11:27:00,REAL,2731782869,486,2731783355,2731783355
2025-06-19 11:27:02,REAL,2731783355,489,2731783844,2731783844
2025-06-19 11:27:04,REAL,2731783844,538,2731784382,2731784382
2025-06-19 11:27:06,REAL,2731784382,484,2731784866,2731784866
2025-06-19 11:27:08,REAL,2731784866,486,2731785352,2731785352
2025-06-19 11:27:10,REAL,2731785352,487,2731785839,2731785839
2025-06-19 11:27:12,REAL,2731785839,537,2731786376,2731786376
2025-06-19 11:27:14,REAL,2731786376,482,2731786858,2731786858
2025-06-19 11:27:16,REAL,2731786858,487,2731787345,2731787345
2025-06-19 11:27:18,REAL,2731787345,488,2731787833,2731787833
2025-06-19 11:27:20,REAL,2731787833,482,2731788315,2731788315
2025-06-19 11:27:22,REAL,2731788315,481,2731788796,2731788796
2025-06-19 11:27:24,REAL,2731788796,491,2731789287,2731789287
2025-06-19 11:27:26,REAL,2731789287,483,2731789770,2731789770
2025-06-19 11:27:28,REAL,2731789770,479,2731790249,2731790249
2025-06-19 11:27:30,REAL,2731790249,480,2731790729,2731790729
2025-06-19 11:27:32,REAL,2731790729,485,2731791214,2731791214
2025-06-19 11:27:34,REAL,2731791214,488,2731791702,2731791702
2025-06-19 11:27:36,REAL,2731791702,538,2731792240,2731792240
2025-06-19 11:27:38,REAL,2731792240,480,2731792720,2731792720
2025-06-19 11:27:40,REAL,2731792720,549,2731793269,2731793269
2025-06-19 11:27:42,REAL,2731793269,483,2731793752,2731793752
2025-06-19 11:27:44,REAL,2731793752,487,2731794239,2731794239
2025-06-19 11:27:46,REAL,2731794239,491,2731794730,2731794730
2025-06-19 11:27:48,REAL,2731794730,484,2731795214,2731795214
2025-06-19 11:27:50,REAL,2731795214,488,2731795702,2731795702
2025-06-19 11:27:52,REAL,2731795702,478,2731796180,2731796180
2025-06-19 11:27:54,REAL,2731796180,480,2731796660,2731796660
2025-06-19 11:27:56,REAL,2731796660,488,2731797148,2731797148
2025-06-19 11:27:58,REAL,2731797148,474,2731797622,2731797622
2025-06-19 11:28:00,REAL,2731797622,540,2731798162,2731798162
2025-06-19 11:28:02,REAL,2731798162,480,2731798642,2731798642
2025-06-19 11:28:04,REAL,2731798642,483,2731799125,2731799125
2025-06-19 11:28:06,REAL,2731799125,486,2731799611,2731799611
2025-06-19 11:28:08,REAL,2731799611,475,2731800086,2731800086
2025-06-19 11:28:10,REAL,2731800086,478,2731800564,2731800564
2025-06-19 11:28:12,REAL,2731800564,491,2731801055,2731801055
2025-06-19 11:28:14,REAL,2731801055,489,2731801544,2731801544
2025-06-19 11:28:16,REAL,2731801544,493,2731802037,2731802037
2025-06-19 11:28:18,REAL,2731802037,540,2731802577,2731802577
2025-06-19 11:28:20,REAL,2731802577,478,2731803055,2731803055
2025-06-19 11:28:22,REAL,2731803055,483,2731803538,2731803538
2025-06-19 11:28:24,REAL,2731803538,545,2731804083,2731804083
2025-06-19 11:28:26,REAL,2731804083,483,2731804566,2731804566
2025-06-19 11:28:28,REAL,2731804566,476,2731805042,2731805042
2025-06-19 11:28:30,REAL,2731805042,484,2731805526,2731805526
2025-06-19 11:28:32,REAL,2731805526,486,2731806012,2731806012
2025-06-19 11:28:34,REAL,2731806012,482,2731806494,2731806494
2025-06-19 11:28:36,REAL,2731806494,485,2731806979,2731806979
2025-06-19 11:28:38,REAL,2731806979,491,2731807470,2731807470
2025-06-19 11:28:40,REAL,2731807470,487,2731807957,2731807957
2025-06-19 11:28:42,REAL,2731807957,487,2731808444,2731808444
2025-06-19 11:28:44,REAL,2731808444,483,2731808927,2731808927
2025-06-19 11:28:46,REAL,2731808927,489,2731809416,2731809416
2025-06-19 11:28:48,REAL,2731809416,488,2731809904,2731809904
2025-06-19 11:28:50,REAL,2731809904,543,2731810447,2731810447
2025-06-19 11:28:52,REAL,2731810447,481,2731810928,2731810928
2025-06-19 11:28:54,REAL,2731810928,537,2731811465,2731811465
2025-06-19 11:28:56,REAL,2731811465,486,2731811951,2731811951
2025-06-19 11:28:58,REAL,2731811951,491,2731812442,2731812442
2025-06-19 11:29:00,REAL,2731812442,487,2731812929,2731812929
2025-06-19 11:29:02,REAL,2731812929,489,2731813418,2731813418
2025-06-19 11:29:04,REAL,2731813418,486,2731813904,2731813904
2025-06-19 11:29:06,REAL,2731813904,490,2731814394,2731814394
2025-06-19 11:29:08,REAL,2731814394,478,2731814872,2731814872
2025-06-19 11:29:10,REAL,2731814872,480,2731815352,2731815352
2025-06-19 11:29:12,REAL,2731815352,484,2731815836,2731815836
2025-06-19 11:29:14,REAL,2731815836,542,2731816378,2731816378
2025-06-19 11:29:16,REAL,2731816378,484,2731816862,2731816862
2025-06-19 11:29:18,REAL,2731816862,475,2731817337,2731817337
2025-06-19 11:29:20,REAL,2731817337,6505,2731823842,2731823842
2025-06-19 11:29:22,REAL,2731823842,11042,2731834884,2731834884
2025-06-19 11:29:24,REAL,2731834884,10316,2731845200,2731845200
2025-06-19 11:29:26,REAL,2731845200,10250,2731855450,2731855450
2025-06-19 11:29:28,REAL,2731855450,10254,2731865704,2731865704
2025-06-19 11:29:30,REAL,2731865704,10252,2731875956,2731875956
2025-06-19 11:29:32,REAL,2731875956,10302,2731886258,2731886258
2025-06-19 11:29:34,REAL,2731886258,10251,2731896509,2731896509
2025-06-19 11:29:36,REAL,2731896509,479,2731896988,2731896988
2025-06-19 11:29:38,REAL,2731896988,487,2731897475,2731897475
2025-06-19 11:29:40,REAL,2731897475,481,2731897956,2731897956
2025-06-19 11:29:42,REAL,2731897956,483,2731898439,2731898439
2025-06-19 11:29:44,REAL,2731898439,547,2731898986,2731898986
2025-06-19 11:29:46,REAL,2731898986,486,2731899472,2731899472
2025-06-19 11:29:48,REAL,2731899472,485,2731899957,2731899957
2025-06-19 11:29:50,REAL,2731899957,482,2731900439,2731900439
2025-06-19 11:29:52,REAL,2731900439,487,2731900926,2731900926
2025-06-19 11:29:54,REAL,2731900926,487,2731901413,2731901413
2025-06-19 11:29:56,REAL,2731901413,483,2731901896,2731901896
2025-06-19 11:29:58,REAL,2731901896,489,2731902385,2731902385
2025-06-19 11:30:00,REAL,2731902385,484,2731902869,2731902869
2025-06-19 11:30:02,REAL,2731902869,482,2731903351,2731903351
2025-06-19 11:30:04,REAL,2731903351,490,2731903841,2731903841
2025-06-19 11:30:06,REAL,2731903841,484,2731904325,2731904325
2025-06-19 11:30:08,REAL,2731904325,542,2731904867,2731904867
2025-06-19 11:30:10,REAL,2731904867,541,2731905408,2731905408
2025-06-19 11:30:12,REAL,2731905408,477,2731905885,2731905885
2025-06-19 11:30:14,REAL,2731905885,486,2731906371,2731906371
2025-06-19 11:30:16,REAL,2731906371,481,2731906852,2731906852
2025-06-19 11:30:18,REAL,2731906852,479,2731907331,2731907331
2025-06-19 11:30:20,REAL,2731907331,487,2731907818,2731907818
2025-06-19 11:30:22,REAL,2731907818,485,2731908303,2731908303
2025-06-19 11:30:24,REAL,2731908303,493,2731908796,2731908796
2025-06-19 11:30:26,REAL,2731908796,482,2731909278,2731909278
2025-06-19 11:30:28,REAL,2731909278,489,2731909767,2731909767
2025-06-19 11:30:30,REAL,2731909767,483,2731910250,2731910250
2025-06-19 11:30:32,REAL,2731910250,485,2731910735,2731910735
2025-06-19 11:30:34,REAL,2731910735,541,2731911276,2731911276
2025-06-19 11:30:36,REAL,2731911276,485,2731911761,2731911761
2025-06-19 11:30:38,REAL,2731911761,485,2731912246,2731912246
2025-06-19 11:30:40,REAL,2731912246,481,2731912727,2731912727
2025-06-19 11:30:42,REAL,2731912727,475,2731913202,2731913202
2025-06-19 11:30:44,REAL,2731913202,488,2731913690,2731913690
2025-06-19 11:30:46,REAL,2731913690,541,2731914231,2731914231
2025-06-19 11:30:48,REAL,2731914231,478,2731914709,2731914709
2025-06-19 11:30:50,REAL,2731914709,477,2731915186,2731915186
2025-06-19 11:30:52,REAL,2731915186,480,2731915666,2731915666
2025-06-19 11:30:54,REAL,2731915666,483,2731916149,2731916149
2025-06-19 11:30:56,REAL,2731916149,491,2731916640,2731916640
2025-06-19 11:30:58,REAL,2731916640,538,2731917178,2731917178
2025-06-19 11:31:00,REAL,2731917178,479,2731917657,2731917657
2025-06-19 11:31:02,REAL,2731917657,485,2731918142,2731918142
2025-06-19 11:31:04,REAL,2731918142,482,2731918624,2731918624
2025-06-19 11:31:06,REAL,2731918624,483,2731919107,2731919107
2025-06-19 11:31:08,REAL,2731919107,486,2731919593,2731919593
2025-06-19 11:31:10,REAL,2731919593,487,2731920080,2731920080
2025-06-19 11:31:12,REAL,2731920080,480,2731920560,2731920560
2025-06-19 11:31:14,REAL,2731920560,492,2731921052,2731921052
2025-06-19 11:31:16,REAL,2731921052,490,2731921542,2731921542
2025-06-19 11:31:18,REAL,2731921542,489,2731922031,2731922031
2025-06-19 11:31:20,REAL,2731922031,483,2731922514,2731922514
2025-06-19 11:31:22,REAL,2731922514,545,2731923059,2731923059
2025-06-19 11:31:24,REAL,2731923059,538,2731923597,2731923597
2025-06-19 11:31:26,REAL,2731923597,478,2731924075,2731924075
2025-06-19 11:31:28,REAL,2731924075,482,2731924557,2731924557
2025-06-19 11:31:30,REAL,2731924557,475,2731925032,2731925032
2025-06-19 11:31:32,REAL,2731925032,489,2731925521,2731925521
2025-06-19 11:31:34,REAL,2731925521,491,2731926012,2731926012
2025-06-19 11:31:36,REAL,2731926012,487,2731926499,2731926499
2025-06-19 11:31:38,REAL,2731926499,482,2731926981,2731926981
2025-06-19 11:31:40,REAL,2731926981,490,2731927471,2731927471
2025-06-19 11:31:42,REAL,2731927471,487,2731927958,2731927958
2025-06-19 11:31:44,REAL,2731927958,489,2731928447,2731928447
2025-06-19 11:31:46,REAL,2731928447,487,2731928934,2731928934
2025-06-19 11:31:48,REAL,2731928934,550,2731929484,2731929484
2025-06-19 11:31:50,REAL,2731929484,492,2731929976,2731929976
2025-06-19 11:31:52,REAL,2731929976,478,2731930454,2731930454
2025-06-19 11:31:54,REAL,2731930454,479,2731930933,2731930933
2025-06-19 11:31:56,REAL,2731930933,489,2731931422,2731931422
2025-06-19 11:31:58,REAL,2731931422,483,2731931905,2731931905
2025-06-19 11:32:00,REAL,2731931905,487,2731932392,2731932392
2025-06-19 11:32:02,REAL,2731932392,485,2731932877,2731932877
2025-06-19 11:32:04,REAL,2731932877,486,2731933363,2731933363
2025-06-19 11:32:06,REAL,2731933363,538,2731933901,2731933901
2025-06-19 11:32:08,REAL,2731933901,484,2731934385,2731934385
2025-06-19 11:32:10,REAL,2731934385,481,2731934866,2731934866
2025-06-19 11:32:12,REAL,2731934866,478,2731935344,2731935344
2025-06-19 11:32:14,REAL,2731935344,486,2731935830,2731935830
2025-06-19 11:32:16,REAL,2731935830,480,2731936310,2731936310
2025-06-19 11:32:18,REAL,2731936310,489,2731936799,2731936799
2025-06-19 11:32:20,REAL,2731936799,484,2731937283,2731937283
2025-06-19 11:32:22,REAL,2731937283,490,2731937773,2731937773
2025-06-19 11:32:24,REAL,2731937773,488,2731938261,2731938261
2025-06-19 11:32:26,REAL,2731938261,538,2731938799,2731938799
2025-06-19 11:32:28,REAL,2731938799,490,2731939289,2731939289
2025-06-19 11:32:30,REAL,2731939289,483,2731939772,2731939772
2025-06-19 11:32:32,REAL,2731939772,481,2731940253,2731940253
2025-06-19 11:32:34,REAL,2731940253,487,2731940740,2731940740
2025-06-19 11:32:36,REAL,2731940740,475,2731941215,2731941215
2025-06-19 11:32:38,REAL,2731941215,489,2731941704,2731941704
2025-06-19 11:32:40,REAL,2731941704,479,2731942183,2731942183
2025-06-19 11:32:42,REAL,2731942183,483,2731942666,2731942666
2025-06-19 11:32:44,REAL,2731942666,537,2731943203,2731943203
2025-06-19 11:32:46,REAL,2731943203,486,2731943689,2731943689
2025-06-19 11:32:48,REAL,2731943689,485,2731944174,2731944174
2025-06-19 11:32:50,REAL,2731944174,480,2731944654,2731944654
2025-06-19 11:32:52,REAL,2731944654,484,2731945138,2731945138
2025-06-19 11:32:54,REAL,2731945138,483,2731945621,2731945621
2025-06-19 11:32:56,REAL,2731945621,483,2731946104,2731946104
2025-06-19 11:32:58,REAL,2731946104,479,2731946583,2731946583
2025-06-19 11:33:00,REAL,2731946583,482,2731947065,2731947065
2025-06-19 11:33:02,REAL,2731947065,481,2731947546,2731947546
2025-06-19 11:33:04,REAL,2731947546,485,2731948031,2731948031
2025-06-19 11:33:06,REAL,2731948031,487,2731948518,2731948518
2025-06-19 11:33:08,REAL,2731948518,548,2731949066,2731949066
2025-06-19 11:33:10,REAL,2731949066,478,2731949544,2731949544
2025-06-19 11:33:12,REAL,2731949544,482,2731950026,2731950026
2025-06-19 11:33:14,REAL,2731950026,486,2731950512,2731950512
2025-06-19 11:33:16,REAL,2731950512,485,2731950997,2731950997
2025-06-19 11:33:18,REAL,2731950997,474,2731951471,2731951471
2025-06-19 11:33:20,REAL,2731951471,480,2731951951,2731951951
2025-06-19 11:33:22,REAL,2731951951,478,2731952429,2731952429
2025-06-19 11:33:24,REAL,2731952429,542,2731952971,2731952971
2025-06-19 11:33:26,REAL,2731952971,483,2731953454,2731953454
2025-06-19 11:33:28,REAL,2731953454,480,2731953934,2731953934
2025-06-19 11:33:30,REAL,2731953934,481,2731954415,2731954415
2025-06-19 11:33:32,REAL,2731954415,485,2731954900,2731954900
2025-06-19 11:33:34,REAL,2731954900,490,2731955390,2731955390
2025-06-19 11:33:36,REAL,2731955390,489,2731955879,2731955879
2025-06-19 11:33:38,REAL,2731955879,483,2731956362,2731956362
2025-06-19 11:33:40,REAL,2731956362,488,2731956850,2731956850
2025-06-19 11:33:42,REAL,2731956850,487,2731957337,2731957337
2025-06-19 11:33:44,REAL,2731957337,491,2731957828,2731957828
2025-06-19 11:33:46,REAL,2731957828,480,2731958308,2731958308
2025-06-19 11:33:48,REAL,2731958308,489,2731958797,2731958797
2025-06-19 11:33:50,REAL,2731958797,541,2731959338,2731959338
2025-06-19 11:33:52,REAL,2731959338,492,2731959830,2731959830
2025-06-19 11:33:54,REAL,2731959830,489,2731960319,2731960319
2025-06-19 11:33:56,REAL,2731960319,490,2731960809,2731960809
2025-06-19 11:33:58,REAL,2731960809,486,2731961295,2731961295
2025-06-19 11:34:00,REAL,2731961295,490,2731961785,2731961785
2025-06-19 11:34:02,REAL,2731961785,536,2731962321,2731962321
2025-06-19 11:34:04,REAL,2731962321,475,2731962796,2731962796
2025-06-19 11:34:06,REAL,2731962796,476,2731963272,2731963272
2025-06-19 11:34:08,REAL,2731963272,491,2731963763,2731963763
2025-06-19 11:34:10,REAL,2731963763,484,2731964247,2731964247
2025-06-19 11:34:12,REAL,2731964247,490,2731964737,2731964737
2025-06-19 11:34:14,REAL,2731964737,478,2731965215,2731965215
2025-06-19 11:34:16,REAL,2731965215,489,2731965704,2731965704
2025-06-19 11:34:18,REAL,2731965704,486,2731966190,2731966190
2025-06-19 11:34:20,REAL,2731966190,486,2731966676,2731966676
2025-06-19 11:34:22,REAL,2731966676,489,2731967165,2731967165
2025-06-19 11:34:24,REAL,2731967165,479,2731967644,2731967644
2025-06-19 11:34:26,REAL,2731967644,486,2731968130,2731968130
2025-06-19 11:34:28,REAL,2731968130,483,2731968613,2731968613
2025-06-19 11:34:30,REAL,2731968613,541,2731969154,2731969154
2025-06-19 11:34:32,REAL,2731969154,485,2731969639,2731969639
2025-06-19 11:34:34,REAL,2731969639,480,2731970119,2731970119
2025-06-19 11:34:36,REAL,2731970119,489,2731970608,2731970608
2025-06-19 11:34:38,REAL,2731970608,480,2731971088,2731971088
2025-06-19 11:34:40,REAL,2731971088,488,2731971576,2731971576
2025-06-19 11:34:42,REAL,2731971576,540,2731972116,2731972116
2025-06-19 11:34:44,REAL,2731972116,486,2731972602,2731972602
2025-06-19 11:34:46,REAL,2731972602,491,2731973093,2731973093
2025-06-19 11:34:48,REAL,2731973093,481,2731973574,2731973574
2025-06-19 11:34:50,REAL,2731973574,483,2731974057,2731974057
2025-06-19 11:34:52,REAL,2731974057,489,2731974546,2731974546
2025-06-19 11:34:54,REAL,2731974546,490,2731975036,2731975036
2025-06-19 11:34:56,REAL,2731975036,486,2731975522,2731975522
2025-06-19 11:34:58,REAL,2731975522,482,2731976004,2731976004
2025-06-19 11:35:00,REAL,2731976004,488,2731976492,2731976492
2025-06-19 11:35:02,REAL,2731976492,477,2731976969,2731976969
2025-06-19 11:35:04,REAL,2731976969,489,2731977458,2731977458
2025-06-19 11:35:06,REAL,2731977458,561,2731978019,2731978019
2025-06-19 11:35:08,REAL,2731978019,484,2731978503,2731978503
2025-06-19 11:35:10,REAL,2731978503,8412,2731986915,2731986915
2025-06-19 11:35:12,REAL,2731986915,10909,2731997824,2731997824
2025-06-19 11:35:14,REAL,2731997824,10253,2732008077,2732008077
2025-06-19 11:35:16,REAL,2732008077,10328,2732018405,2732018405
2025-06-19 11:35:18,REAL,2732018405,10248,2732028653,2732028653
2025-06-19 11:35:20,REAL,2732028653,10313,2732038966,2732038966
2025-06-19 11:35:22,REAL,2732038966,10066,2732049032,2732049032
2025-06-19 11:35:24,REAL,2732049032,8599,2732057631,2732057631
2025-06-19 11:35:26,REAL,2732057631,480,2732058111,2732058111
2025-06-19 11:35:28,REAL,2732058111,485,2732058596,2732058596
2025-06-19 11:35:30,REAL,2732058596,475,2732059071,2732059071
2025-06-19 11:35:32,REAL,2732059071,491,2732059562,2732059562
2025-06-19 11:35:34,REAL,2732059562,479,2732060041,2732060041
2025-06-19 11:35:36,REAL,2732060041,492,2732060533,2732060533
2025-06-19 11:35:38,REAL,2732060533,478,2732061011,2732061011
2025-06-19 11:35:40,REAL,2732061011,475,2732061486,2732061486
2025-06-19 11:35:42,REAL,2732061486,486,2732061972,2732061972
2025-06-19 11:35:44,REAL,2732061972,492,2732062464,2732062464
2025-06-19 11:35:46,REAL,2732062464,490,2732062954,2732062954
2025-06-19 11:35:48,REAL,2732062954,474,2732063428,2732063428
2025-06-19 11:35:50,REAL,2732063428,542,2732063970,2732063970
2025-06-19 11:35:52,REAL,2732063970,488,2732064458,2732064458
2025-06-19 11:35:54,REAL,2732064458,483,2732064941,2732064941
2025-06-19 11:35:56,REAL,2732064941,484,2732065425,2732065425
2025-06-19 11:35:58,REAL,2732065425,479,2732065904,2732065904
2025-06-19 11:36:00,REAL,2732065904,485,2732066389,2732066389
2025-06-19 11:36:02,REAL,2732066389,3402,2732069791,2732069791
2025-06-19 11:36:04,REAL,2732069791,11240,2732081031,2732081031
2025-06-19 11:36:06,REAL,2732081031,10246,2732091277,2732091277
2025-06-19 11:36:08,REAL,2732091277,10317,2732101594,2732101594
2025-06-19 11:36:10,REAL,2732101594,10249,2732111843,2732111843
2025-06-19 11:36:12,REAL,2732111843,10317,2732122160,2732122160
2025-06-19 11:36:14,REAL,2732122160,10257,2732132417,2732132417
2025-06-19 11:36:16,REAL,2732132417,10247,2732142664,2732142664
2025-06-19 11:36:18,REAL,2732142664,2920,2732145584,2732145584
2025-06-19 11:36:20,REAL,2732145584,490,2732146074,2732146074
2025-06-19 11:36:22,REAL,2732146074,485,2732146559,2732146559
2025-06-19 11:36:24,REAL,2732146559,478,2732147037,2732147037
2025-06-19 11:36:26,REAL,2732147037,486,2732147523,2732147523
2025-06-19 11:36:28,REAL,2732147523,483,2732148006,2732148006
2025-06-19 11:36:30,REAL,2732148006,484,2732148490,2732148490
2025-06-19 11:36:32,REAL,2732148490,489,2732148979,2732148979
2025-06-19 11:36:34,REAL,2732148979,4181,2732153160,2732153160
2025-06-19 11:36:36,REAL,2732153160,11369,2732164529,2732164529
2025-06-19 11:36:38,REAL,2732164529,10253,2732174782,2732174782
2025-06-19 11:36:40,REAL,2732174782,10313,2732185095,2732185095
2025-06-19 11:36:42,REAL,2732185095,10252,2732195347,2732195347
2025-06-19 11:36:44,REAL,2732195347,10313,2732205660,2732205660
2025-06-19 11:36:46,REAL,2732205660,10255,2732215915,2732215915
2025-06-19 11:36:48,REAL,2732215915,10247,2732226162,2732226162
2025-06-19 11:36:50,REAL,2732226162,2317,2732228479,2732228479
2025-06-19 11:36:52,REAL,2732228479,485,2732228964,2732228964
2025-06-19 11:36:54,REAL,2732228964,483,2732229447,2732229447
2025-06-19 11:36:56,REAL,2732229447,482,2732229929,2732229929
2025-06-19 11:36:58,REAL,2732229929,477,2732230406,2732230406
2025-06-19 11:37:00,REAL,2732230406,483,2732230889,2732230889
2025-06-19 11:37:02,REAL,2732230889,483,2732231372,2732231372
2025-06-19 11:37:04,REAL,2732231372,485,2732231857,2732231857
2025-06-19 11:37:06,REAL,2732231857,485,2732232342,2732232342
2025-06-19 11:37:08,REAL,2732232342,489,2732232831,2732232831
2025-06-19 11:37:10,REAL,2732232831,482,2732233313,2732233313
2025-06-19 11:37:12,REAL,2732233313,483,2732233796,2732233796
2025-06-19 11:37:14,REAL,2732233796,543,2732234339,2732234339
2025-06-19 11:37:16,REAL,2732234339,492,2732234831,2732234831
2025-06-19 11:37:18,REAL,2732234831,476,2732235307,2732235307
2025-06-19 11:37:20,REAL,2732235307,475,2732235782,2732235782
2025-06-19 11:37:22,REAL,2732235782,483,2732236265,2732236265
2025-06-19 11:37:24,REAL,2732236265,490,2732236755,2732236755
2025-06-19 11:37:26,REAL,2732236755,490,2732237245,2732237245
2025-06-19 11:37:28,REAL,2732237245,482,2732237727,2732237727
2025-06-19 11:37:30,REAL,2732237727,480,2732238207,2732238207
2025-06-19 11:37:32,REAL,2732238207,486,2732238693,2732238693
2025-06-19 11:37:34,REAL,2732238693,488,2732239181,2732239181
2025-06-19 11:37:36,REAL,2732239181,493,2732239674,2732239674
2025-06-19 11:37:38,REAL,2732239674,532,2732240206,2732240206
2025-06-19 11:37:40,REAL,2732240206,487,2732240693,2732240693
2025-06-19 11:37:42,REAL,2732240693,477,2732241170,2732241170
2025-06-19 11:37:44,REAL,2732241170,487,2732241657,2732241657
2025-06-19 11:37:46,REAL,2732241657,487,2732242144,2732242144
2025-06-19 11:37:48,REAL,2732242144,482,2732242626,2732242626
2025-06-19 11:37:50,REAL,2732242626,493,2732243119,2732243119
2025-06-19 11:37:52,REAL,2732243119,482,2732243601,2732243601
2025-06-19 11:37:54,REAL,2732243601,538,2732244139,2732244139
2025-06-19 11:37:56,REAL,2732244139,480,2732244619,2732244619
2025-06-19 11:37:58,REAL,2732244619,490,2732245109,2732245109
2025-06-19 11:38:00,REAL,2732245109,481,2732245590,2732245590
2025-06-19 11:38:02,REAL,2732245590,490,2732246080,2732246080
2025-06-19 11:38:04,REAL,2732246080,481,2732246561,2732246561
2025-06-19 11:38:06,REAL,2732246561,491,2732247052,2732247052
2025-06-19 11:38:08,REAL,2732247052,480,2732247532,2732247532
2025-06-19 11:38:10,REAL,2732247532,491,2732248023,2732248023
2025-06-19 11:38:12,REAL,2732248023,478,2732248501,2732248501
2025-06-19 11:38:14,REAL,2732248501,483,2732248984,2732248984
2025-06-19 11:38:16,REAL,2732248984,491,2732249475,2732249475
2025-06-19 11:38:18,REAL,2732249475,482,2732249957,2732249957
2025-06-19 11:38:20,REAL,2732249957,487,2732250444,2732250444
2025-06-19 11:38:22,REAL,2732250444,484,2732250928,2732250928
2025-06-19 11:38:24,REAL,2732250928,542,2732251470,2732251470
2025-06-19 11:38:26,REAL,2732251470,485,2732251955,2732251955
2025-06-19 11:38:28,REAL,2732251955,479,2732252434,2732252434
2025-06-19 11:38:30,REAL,2732252434,485,2732252919,2732252919
2025-06-19 11:38:32,REAL,2732252919,478,2732253397,2732253397
2025-06-19 11:38:34,REAL,2732253397,492,2732253889,2732253889
2025-06-19 11:38:36,REAL,2732253889,540,2732254429,2732254429
2025-06-19 11:38:38,REAL,2732254429,490,2732254919,2732254919
2025-06-19 11:38:40,REAL,2732254919,486,2732255405,2732255405
2025-06-19 11:38:42,REAL,2732255405,490,2732255895,2732255895
2025-06-19 11:38:44,REAL,2732255895,482,2732256377,2732256377
2025-06-19 11:38:46,REAL,2732256377,482,2732256859,2732256859
2025-06-19 11:38:48,REAL,2732256859,489,2732257348,2732257348
2025-06-19 11:38:50,REAL,2732257348,478,2732257826,2732257826
2025-06-19 11:38:52,REAL,2732257826,488,2732258314,2732258314
2025-06-19 11:38:54,REAL,2732258314,483,2732258797,2732258797
2025-06-19 11:38:56,REAL,2732258797,489,2732259286,2732259286
2025-06-19 11:38:58,REAL,2732259286,491,2732259777,2732259777
2025-06-19 11:39:00,REAL,2732259777,489,2732260266,2732260266
2025-06-19 11:39:02,REAL,2732260266,484,2732260750,2732260750
2025-06-19 11:39:04,REAL,2732260750,484,2732261234,2732261234
2025-06-19 11:39:06,REAL,2732261234,483,2732261717,2732261717
2025-06-19 11:39:08,REAL,2732261717,485,2732262202,2732262202
2025-06-19 11:39:10,REAL,2732262202,478,2732262680,2732262680
2025-06-19 11:39:12,REAL,2732262680,530,2732263210,2732263210
2025-06-19 11:39:14,REAL,2732263210,488,2732263698,2732263698
2025-06-19 11:39:16,REAL,2732263698,539,2732264237,2732264237
2025-06-19 11:39:18,REAL,2732264237,480,2732264717,2732264717
2025-06-19 11:39:20,REAL,2732264717,482,2732265199,2732265199
2025-06-19 11:39:22,REAL,2732265199,486,2732265685,2732265685
2025-06-19 11:39:24,REAL,2732265685,482,2732266167,2732266167
2025-06-19 11:39:26,REAL,2732266167,484,2732266651,2732266651
2025-06-19 11:39:28,REAL,2732266651,480,2732267131,2732267131
2025-06-19 11:39:30,REAL,2732267131,488,2732267619,2732267619
2025-06-19 11:39:32,REAL,2732267619,484,2732268103,2732268103
2025-06-19 11:39:34,REAL,2732268103,483,2732268586,2732268586
2025-06-19 11:39:36,REAL,2732268586,482,2732269068,2732269068
2025-06-19 11:39:38,REAL,2732269068,486,2732269554,2732269554
2025-06-19 11:39:40,REAL,2732269554,486,2732270040,2732270040
2025-06-19 11:39:42,REAL,2732270040,483,2732270523,2732270523
2025-06-19 11:39:44,REAL,2732270523,485,2732271008,2732271008
2025-06-19 11:39:46,REAL,2732271008,483,2732271491,2732271491
2025-06-19 11:39:48,REAL,2732271491,477,2732271968,2732271968
2025-06-19 11:39:50,REAL,2732271968,492,2732272460,2732272460
2025-06-19 11:39:52,REAL,2732272460,486,2732272946,2732272946
2025-06-19 11:39:54,REAL,2732272946,479,2732273425,2732273425
2025-06-19 11:39:56,REAL,2732273425,485,2732273910,2732273910
2025-06-19 11:39:58,REAL,2732273910,595,2732274505,2732274505
2025-06-19 11:40:00,REAL,2732274505,489,2732274994,2732274994
2025-06-19 11:40:02,REAL,2732274994,490,2732275484,2732275484
2025-06-19 11:40:04,REAL,2732275484,481,2732275965,2732275965
2025-06-19 11:40:06,REAL,2732275965,478,2732276443,2732276443
2025-06-19 11:40:08,REAL,2732276443,483,2732276926,2732276926
2025-06-19 11:40:10,REAL,2732276926,475,2732277401,2732277401
2025-06-19 11:40:12,REAL,2732277401,483,2732277884,2732277884
2025-06-19 11:40:14,REAL,2732277884,490,2732278374,2732278374
2025-06-19 11:40:16,REAL,2732278374,478,2732278852,2732278852
2025-06-19 11:40:18,REAL,2732278852,482,2732279334,2732279334
2025-06-19 11:40:20,REAL,2732279334,478,2732279812,2732279812
2025-06-19 11:40:22,REAL,2732279812,482,2732280294,2732280294
2025-06-19 11:40:24,REAL,2732280294,482,2732280776,2732280776
2025-06-19 11:40:26,REAL,2732280776,487,2732281263,2732281263
2025-06-19 11:40:28,REAL,2732281263,487,2732281750,2732281750
2025-06-19 11:40:30,REAL,2732281750,493,2732282243,2732282243
2025-06-19 11:40:32,REAL,2732282243,475,2732282718,2732282718
2025-06-19 11:40:34,REAL,2732282718,474,2732283192,2732283192
2025-06-19 11:40:36,REAL,2732283192,480,2732283672,2732283672
2025-06-19 11:40:38,REAL,2732283672,541,2732284213,2732284213
2025-06-19 11:40:40,REAL,2732284213,489,2732284702,2732284702
2025-06-19 11:40:42,REAL,2732284702,493,2732285195,2732285195
2025-06-19 11:40:44,REAL,2732285195,487,2732285682,2732285682
2025-06-19 11:40:46,REAL,2732285682,541,2732286223,2732286223
2025-06-19 11:40:48,REAL,2732286223,492,2732286715,2732286715
2025-06-19 11:40:50,REAL,2732286715,475,2732287190,2732287190
2025-06-19 11:40:52,REAL,2732287190,483,2732287673,2732287673
2025-06-19 11:40:54,REAL,2732287673,484,2732288157,2732288157
2025-06-19 11:40:56,REAL,2732288157,484,2732288641,2732288641
2025-06-19 11:40:58,REAL,2732288641,479,2732289120,2732289120
2025-06-19 11:41:00,REAL,2732289120,486,2732289606,2732289606
2025-06-19 11:41:02,REAL,2732289606,488,2732290094,2732290094
2025-06-19 11:41:04,REAL,2732290094,488,2732290582,2732290582
2025-06-19 11:41:06,REAL,2732290582,490,2732291072,2732291072
2025-06-19 11:41:08,REAL,2732291072,488,2732291560,2732291560
2025-06-19 11:41:10,REAL,2732291560,483,2732292043,2732292043
2025-06-19 11:41:12,REAL,2732292043,487,2732292530,2732292530
2025-06-19 11:41:14,REAL,2732292530,487,2732293017,2732293017
2025-06-19 11:41:16,REAL,2732293017,477,2732293494,2732293494
2025-06-19 11:41:18,REAL,2732293494,492,2732293986,2732293986
2025-06-19 11:41:20,REAL,2732293986,548,2732294534,2732294534
2025-06-19 11:41:22,REAL,2732294534,493,2732295027,2732295027
2025-06-19 11:41:24,REAL,2732295027,483,2732295510,2732295510
2025-06-19 11:41:26,REAL,2732295510,487,2732295997,2732295997
2025-06-19 11:41:28,REAL,2732295997,482,2732296479,2732296479
2025-06-19 11:41:30,REAL,2732296479,493,2732296972,2732296972
2025-06-19 11:41:32,REAL,2732296972,538,2732297510,2732297510
2025-06-19 11:41:34,REAL,2732297510,487,2732297997,2732297997
2025-06-19 11:41:36,REAL,2732297997,481,2732298478,2732298478
2025-06-19 11:41:38,REAL,2732298478,483,2732298961,2732298961
2025-06-19 11:41:40,REAL,2732298961,487,2732299448,2732299448
2025-06-19 11:41:42,REAL,2732299448,487,2732299935,2732299935
2025-06-19 11:41:44,REAL,2732299935,491,2732300426,2732300426
2025-06-19 11:41:46,REAL,2732300426,485,2732300911,2732300911
2025-06-19 11:41:48,REAL,2732300911,486,2732301397,2732301397
2025-06-19 11:41:50,REAL,2732301397,487,2732301884,2732301884
2025-06-19 11:41:52,REAL,2732301884,483,2732302367,2732302367
2025-06-19 11:41:54,REAL,2732302367,482,2732302849,2732302849
2025-06-19 11:41:56,REAL,2732302849,486,2732303335,2732303335
2025-06-19 11:41:58,REAL,2732303335,536,2732303871,2732303871
2025-06-19 11:42:00,REAL,2732303871,540,2732304411,2732304411
2025-06-19 11:42:02,REAL,2732304411,487,2732304898,2732304898
2025-06-19 11:42:04,REAL,2732304898,484,2732305382,2732305382
2025-06-19 11:42:06,REAL,2732305382,485,2732305867,2732305867
2025-06-19 11:42:08,REAL,2732305867,485,2732306352,2732306352
2025-06-19 11:42:10,REAL,2732306352,490,2732306842,2732306842
2025-06-19 11:42:12,REAL,2732306842,484,2732307326,2732307326
2025-06-19 11:42:14,REAL,2732307326,490,2732307816,2732307816
2025-06-19 11:42:16,REAL,2732307816,476,2732308292,2732308292
2025-06-19 11:42:18,REAL,2732308292,481,2732308773,2732308773
2025-06-19 11:42:20,REAL,2732308773,487,2732309260,2732309260
2025-06-19 11:42:22,REAL,2732309260,541,2732309801,2732309801
2025-06-19 11:42:24,REAL,2732309801,483,2732310284,2732310284
2025-06-19 11:42:26,REAL,2732310284,535,2732310819,2732310819
2025-06-19 11:42:28,REAL,2732310819,484,2732311303,2732311303
2025-06-19 11:42:30,REAL,2732311303,480,2732311783,2732311783
2025-06-19 11:42:32,REAL,2732311783,488,2732312271,2732312271
2025-06-19 11:42:34,REAL,2732312271,484,2732312755,2732312755
2025-06-19 11:42:36,REAL,2732312755,486,2732313241,2732313241
2025-06-19 11:42:38,REAL,2732313241,477,2732313718,2732313718
2025-06-19 11:42:40,REAL,2732313718,481,2732314199,2732314199
2025-06-19 11:42:42,REAL,2732314199,479,2732314678,2732314678
2025-06-19 11:42:44,REAL,2732314678,491,2732315169,2732315169
2025-06-19 11:42:46,REAL,2732315169,536,2732315705,2732315705
2025-06-19 11:42:48,REAL,2732315705,492,2732316197,2732316197
2025-06-19 11:42:50,REAL,2732316197,487,2732316684,2732316684
2025-06-19 11:42:52,REAL,2732316684,486,2732317170,2732317170
2025-06-19 11:42:54,REAL,2732317170,546,2732317716,2732317716
2025-06-19 11:42:56,REAL,2732317716,487,2732318203,2732318203
2025-06-19 11:42:58,REAL,2732318203,491,2732318694,2732318694
2025-06-19 11:43:00,REAL,2732318694,493,2732319187,2732319187
2025-06-19 11:43:02,REAL,2732319187,484,2732319671,2732319671
2025-06-19 11:43:04,REAL,2732319671,486,2732320157,2732320157
2025-06-19 11:43:06,REAL,2732320157,483,2732320640,2732320640
2025-06-19 11:43:08,REAL,2732320640,478,2732321118,2732321118
2025-06-19 11:43:10,REAL,2732321118,544,2732321662,2732321662
2025-06-19 11:43:12,REAL,2732321662,483,2732322145,2732322145
2025-06-19 11:43:14,REAL,2732322145,484,2732322629,2732322629
2025-06-19 11:43:16,REAL,2732322629,488,2732323117,2732323117
2025-06-19 11:43:18,REAL,2732323117,486,2732323603,2732323603
2025-06-19 11:43:20,REAL,2732323603,542,2732324145,2732324145
2025-06-19 11:43:22,REAL,2732324145,490,2732324635,2732324635
2025-06-19 11:43:24,REAL,2732324635,482,2732325117,2732325117
2025-06-19 11:43:26,REAL,2732325117,484,2732325601,2732325601
2025-06-19 11:43:28,REAL,2732325601,487,2732326088,2732326088
2025-06-19 11:43:30,REAL,2732326088,482,2732326570,2732326570
2025-06-19 11:43:32,REAL,2732326570,479,2732327049,2732327049
2025-06-19 11:43:34,REAL,2732327049,481,2732327530,2732327530
2025-06-19 11:43:36,REAL,2732327530,545,2732328075,2732328075
2025-06-19 11:43:38,REAL,2732328075,478,2732328553,2732328553
2025-06-19 11:43:40,REAL,2732328553,487,2732329040,2732329040
2025-06-19 11:43:42,REAL,2732329040,477,2732329517,2732329517
2025-06-19 11:43:44,REAL,2732329517,545,2732330062,2732330062
2025-06-19 11:43:46,REAL,2732330062,475,2732330537,2732330537
2025-06-19 11:43:48,REAL,2732330537,484,2732331021,2732331021
2025-06-19 11:43:50,REAL,2732331021,6499,2732337520,2732337520
2025-06-19 11:43:52,REAL,2732337520,11183,2732348703,2732348703
2025-06-19 11:43:54,REAL,2732348703,10243,2732358946,2732358946
2025-06-19 11:43:56,REAL,2732358946,10247,2732369193,2732369193
2025-06-19 11:43:58,REAL,2732369193,10253,2732379446,2732379446
2025-06-19 11:44:00,REAL,2732379446,10373,2732389819,2732389819
2025-06-19 11:44:02,REAL,2732389819,10245,2732400064,2732400064
2025-06-19 11:44:04,REAL,2732400064,10186,2732410250,2732410250
2025-06-19 11:44:06,REAL,2732410250,491,2732410741,2732410741
2025-06-19 11:44:08,REAL,2732410741,486,2732411227,2732411227
2025-06-19 11:44:10,REAL,2732411227,482,2732411709,2732411709
2025-06-19 11:44:12,REAL,2732411709,480,2732412189,2732412189
2025-06-19 11:44:14,REAL,2732412189,539,2732412728,2732412728
2025-06-19 11:44:16,REAL,2732412728,486,2732413214,2732413214
2025-06-19 11:44:18,REAL,2732413214,485,2732413699,2732413699
2025-06-19 11:44:20,REAL,2732413699,487,2732414186,2732414186
2025-06-19 11:44:22,REAL,2732414186,479,2732414665,2732414665
2025-06-19 11:44:24,REAL,2732414665,546,2732415211,2732415211
2025-06-19 11:44:26,REAL,2732415211,484,2732415695,2732415695
2025-06-19 11:44:28,REAL,2732415695,484,2732416179,2732416179
2025-06-19 11:44:30,REAL,2732416179,489,2732416668,2732416668
2025-06-19 11:44:32,REAL,2732416668,480,2732417148,2732417148
2025-06-19 11:44:34,REAL,2732417148,483,2732417631,2732417631
2025-06-19 11:44:36,REAL,2732417631,480,2732418111,2732418111
2025-06-19 11:44:38,REAL,2732418111,488,2732418599,2732418599
2025-06-19 11:44:40,REAL,2732418599,536,2732419135,2732419135
2025-06-19 11:44:42,REAL,2732419135,478,2732419613,2732419613
2025-06-19 11:44:44,REAL,2732419613,491,2732420104,2732420104
2025-06-19 11:44:46,REAL,2732420104,485,2732420589,2732420589
2025-06-19 11:44:48,REAL,2732420589,532,2732421121,2732421121
2025-06-19 11:44:50,REAL,2732421121,489,2732421610,2732421610
2025-06-19 11:44:52,REAL,2732421610,484,2732422094,2732422094
2025-06-19 11:44:54,REAL,2732422094,489,2732422583,2732422583
2025-06-19 11:44:56,REAL,2732422583,486,2732423069,2732423069
2025-06-19 11:44:58,REAL,2732423069,474,2732423543,2732423543
2025-06-19 11:45:00,REAL,2732423543,483,2732424026,2732424026
2025-06-19 11:45:02,REAL,2732424026,487,2732424513,2732424513
2025-06-19 11:45:04,REAL,2732424513,477,2732424990,2732424990
2025-06-19 11:45:06,REAL,2732424990,542,2732425532,2732425532
2025-06-19 11:45:08,REAL,2732425532,486,2732426018,2732426018
2025-06-19 11:45:10,REAL,2732426018,482,2732426500,2732426500
2025-06-19 11:45:12,REAL,2732426500,494,2732426994,2732426994
2025-06-19 11:45:14,REAL,2732426994,537,2732427531,2732427531
2025-06-19 11:45:16,REAL,2732427531,490,2732428021,2732428021
2025-06-19 11:45:18,REAL,2732428021,485,2732428506,2732428506
2025-06-19 11:45:20,REAL,2732428506,486,2732428992,2732428992
2025-06-19 11:45:22,REAL,2732428992,490,2732429482,2732429482
2025-06-19 11:45:24,REAL,2732429482,488,2732429970,2732429970
2025-06-19 11:45:26,REAL,2732429970,485,2732430455,2732430455
2025-06-19 11:45:28,REAL,2732430455,484,2732430939,2732430939
2025-06-19 11:45:30,REAL,2732430939,487,2732431426,2732431426
2025-06-19 11:45:32,REAL,2732431426,542,2732431968,2732431968
2025-06-19 11:45:34,REAL,2732431968,484,2732432452,2732432452
2025-06-19 11:45:36,REAL,2732432452,484,2732432936,2732432936
2025-06-19 11:45:38,REAL,2732432936,536,2732433472,2732433472
2025-06-19 11:45:40,REAL,2732433472,485,2732433957,2732433957
2025-06-19 11:45:42,REAL,2732433957,482,2732434439,2732434439
2025-06-19 11:45:44,REAL,2732434439,484,2732434923,2732434923
2025-06-19 11:45:46,REAL,2732434923,484,2732435407,2732435407
2025-06-19 11:45:48,REAL,2732435407,485,2732435892,2732435892
2025-06-19 11:45:50,REAL,2732435892,481,2732436373,2732436373
2025-06-19 11:45:52,REAL,2732436373,478,2732436851,2732436851
2025-06-19 11:45:54,REAL,2732436851,485,2732437336,2732437336
2025-06-19 11:45:56,REAL,2732437336,478,2732437814,2732437814
2025-06-19 11:45:58,REAL,2732437814,538,2732438352,2732438352
2025-06-19 11:46:00,REAL,2732438352,480,2732438832,2732438832
2025-06-19 11:46:02,REAL,2732438832,477,2732439309,2732439309
2025-06-19 11:46:04,REAL,2732439309,541,2732439850,2732439850
2025-06-19 11:46:06,REAL,2732439850,487,2732440337,2732440337
2025-06-19 11:46:08,REAL,2732440337,486,2732440823,2732440823
2025-06-19 11:46:10,REAL,2732440823,483,2732441306,2732441306
2025-06-19 11:46:12,REAL,2732441306,482,2732441788,2732441788
2025-06-19 11:46:14,REAL,2732441788,487,2732442275,2732442275
2025-06-19 11:46:16,REAL,2732442275,479,2732442754,2732442754
2025-06-19 11:46:18,REAL,2732442754,483,2732443237,2732443237
2025-06-19 11:46:20,REAL,2732443237,477,2732443714,2732443714
2025-06-19 11:46:22,REAL,2732443714,482,2732444196,2732444196
2025-06-19 11:46:24,REAL,2732444196,538,2732444734,2732444734
2025-06-19 11:46:26,REAL,2732444734,486,2732445220,2732445220
2025-06-19 11:46:28,REAL,2732445220,493,2732445713,2732445713
2025-06-19 11:46:30,REAL,2732445713,548,2732446261,2732446261
2025-06-19 11:46:32,REAL,2732446261,474,2732446735,2732446735
2025-06-19 11:46:34,REAL,2732446735,481,2732447216,2732447216
2025-06-19 11:46:36,REAL,2732447216,474,2732447690,2732447690
2025-06-19 11:46:38,REAL,2732447690,486,2732448176,2732448176
2025-06-19 11:46:40,REAL,2732448176,488,2732448664,2732448664
2025-06-19 11:46:42,REAL,2732448664,481,2732449145,2732449145
2025-06-19 11:46:44,REAL,2732449145,479,2732449624,2732449624
2025-06-19 11:46:46,REAL,2732449624,484,2732450108,2732450108
2025-06-19 11:46:48,REAL,2732450108,482,2732450590,2732450590
2025-06-19 11:46:50,REAL,2732450590,544,2732451134,2732451134
2025-06-19 11:46:52,REAL,2732451134,488,2732451622,2732451622
2025-06-19 11:46:54,REAL,2732451622,480,2732452102,2732452102
2025-06-19 11:46:56,REAL,2732452102,485,2732452587,2732452587
2025-06-19 11:46:58,REAL,2732452587,533,2732453120,2732453120
2025-06-19 11:47:00,REAL,2732453120,487,2732453607,2732453607
2025-06-19 11:47:02,REAL,2732453607,476,2732454083,2732454083
2025-06-19 11:47:04,REAL,2732454083,490,2732454573,2732454573
2025-06-19 11:47:06,REAL,2732454573,481,2732455054,2732455054
2025-06-19 11:47:08,REAL,2732455054,479,2732455533,2732455533
2025-06-19 11:47:10,REAL,2732455533,4722,2732460255,2732460255
2025-06-19 11:47:12,REAL,2732460255,11377,2732471632,2732471632
2025-06-19 11:47:14,REAL,2732471632,10244,2732481876,2732481876
2025-06-19 11:47:16,REAL,2732481876,10318,2732492194,2732492194
2025-06-19 11:47:18,REAL,2732492194,10257,2732502451,2732502451
2025-06-19 11:47:20,REAL,2732502451,10248,2732512699,2732512699
2025-06-19 11:47:22,REAL,2732512699,10257,2732522956,2732522956
2025-06-19 11:47:24,REAL,2732522956,10301,2732533257,2732533257
2025-06-19 11:47:26,REAL,2732533257,1799,2732535056,2732535056
2025-06-19 11:47:28,REAL,2732535056,488,2732535544,2732535544
2025-06-19 11:47:30,REAL,2732535544,540,2732536084,2732536084
2025-06-19 11:47:32,REAL,2732536084,13561,2732549645,2732549645
2025-06-19 11:47:34,REAL,2732549645,10655,2732560300,2732560300
2025-06-19 11:47:36,REAL,2732560300,10250,2732570550,2732570550
2025-06-19 11:47:38,REAL,2732570550,10254,2732580804,2732580804
2025-06-19 11:47:40,REAL,2732580804,10320,2732591124,2732591124
2025-06-19 11:47:42,REAL,2732591124,10254,2732601378,2732601378
2025-06-19 11:47:44,REAL,2732601378,10253,2732611631,2732611631
2025-06-19 11:47:46,REAL,2732611631,6349,2732617980,2732617980
2025-06-19 11:47:48,REAL,2732617980,487,2732618467,2732618467
2025-06-19 11:47:50,REAL,2732618467,483,2732618950,2732618950
2025-06-19 11:47:52,REAL,2732618950,599,2732619549,2732619549
2025-06-19 11:47:54,REAL,2732619549,481,2732620030,2732620030
2025-06-19 11:47:56,REAL,2732620030,486,2732620516,2732620516
2025-06-19 11:47:58,REAL,2732620516,483,2732620999,2732620999
2025-06-19 11:48:00,REAL,2732620999,485,2732621484,2732621484
2025-06-19 11:48:02,REAL,2732621484,480,2732621964,2732621964
2025-06-19 11:48:04,REAL,2732621964,490,2732622454,2732622454
2025-06-19 11:48:06,REAL,2732622454,484,2732622938,2732622938
2025-06-19 11:48:08,REAL,2732622938,489,2732623427,2732623427
2025-06-19 11:48:10,REAL,2732623427,482,2732623909,2732623909
2025-06-19 11:48:12,REAL,2732623909,544,2732624453,2732624453
2025-06-19 11:48:14,REAL,2732624453,494,2732624947,2732624947
2025-06-19 11:48:16,REAL,2732624947,486,2732625433,2732625433
2025-06-19 11:48:18,REAL,2732625433,540,2732625973,2732625973
2025-06-19 11:48:20,REAL,2732625973,477,2732626450,2732626450
2025-06-19 11:48:22,REAL,2732626450,487,2732626937,2732626937
2025-06-19 11:48:24,REAL,2732626937,483,2732627420,2732627420
2025-06-19 11:48:26,REAL,2732627420,485,2732627905,2732627905
2025-06-19 11:48:28,REAL,2732627905,484,2732628389,2732628389
2025-06-19 11:48:30,REAL,2732628389,487,2732628876,2732628876
2025-06-19 11:48:32,REAL,2732628876,492,2732629368,2732629368
2025-06-19 11:48:34,REAL,2732629368,536,2732629904,2732629904
2025-06-19 11:48:36,REAL,2732629904,489,2732630393,2732630393
2025-06-19 11:48:38,REAL,2732630393,485,2732630878,2732630878
2025-06-19 11:48:40,REAL,2732630878,483,2732631361,2732631361
2025-06-19 11:48:42,REAL,2732631361,488,2732631849,2732631849
2025-06-19 11:48:44,REAL,2732631849,537,2732632386,2732632386
2025-06-19 11:48:46,REAL,2732632386,484,2732632870,2732632870
2025-06-19 11:48:48,REAL,2732632870,477,2732633347,2732633347
2025-06-19 11:48:50,REAL,2732633347,494,2732633841,2732633841
2025-06-19 11:48:52,REAL,2732633841,476,2732634317,2732634317
2025-06-19 11:48:54,REAL,2732634317,537,2732634854,2732634854
2025-06-19 11:48:56,REAL,2732634854,475,2732635329,2732635329
2025-06-19 11:48:58,REAL,2732635329,483,2732635812,2732635812
2025-06-19 11:49:00,REAL,2732635812,475,2732636287,2732636287
2025-06-19 11:49:02,REAL,2732636287,478,2732636765,2732636765
2025-06-19 11:49:04,REAL,2732636765,483,2732637248,2732637248
2025-06-19 11:49:06,REAL,2732637248,477,2732637725,2732637725
2025-06-19 11:49:08,REAL,2732637725,485,2732638210,2732638210
2025-06-19 11:49:10,REAL,2732638210,1020,2732639230,2732639230
2025-06-19 11:49:12,REAL,2732639230,15715,2732654945,2732654945
2025-06-19 11:49:14,REAL,2732654945,10322,2732665267,2732665267
2025-06-19 11:49:16,REAL,2732665267,10251,2732675518,2732675518
2025-06-19 11:49:18,REAL,2732675518,10245,2732685763,2732685763
2025-06-19 11:49:20,REAL,2732685763,10320,2732696083,2732696083
2025-06-19 11:49:22,REAL,2732696083,10258,2732706341,2732706341
2025-06-19 11:49:24,REAL,2732706341,10256,2732716597,2732716597
2025-06-19 11:49:26,REAL,2732716597,4774,2732721371,2732721371
2025-06-19 11:49:28,REAL,2732721371,492,2732721863,2732721863
2025-06-19 11:49:30,REAL,2732721863,484,2732722347,2732722347
2025-06-19 11:49:32,REAL,2732722347,541,2732722888,2732722888
2025-06-19 11:49:34,REAL,2732722888,482,2732723370,2732723370
2025-06-19 11:49:36,REAL,2732723370,478,2732723848,2732723848
2025-06-19 11:49:38,REAL,2732723848,535,2732724383,2732724383
2025-06-19 11:49:40,REAL,2732724383,478,2732724861,2732724861
2025-06-19 11:49:42,REAL,2732724861,486,2732725347,2732725347
2025-06-19 11:49:44,REAL,2732725347,494,2732725841,2732725841
2025-06-19 11:49:46,REAL,2732725841,479,2732726320,2732726320
2025-06-19 11:49:48,REAL,2732726320,487,2732726807,2732726807
2025-06-19 11:49:50,REAL,2732726807,484,2732727291,2732727291
2025-06-19 11:49:52,REAL,2732727291,543,2732727834,2732727834
2025-06-19 11:49:54,REAL,2732727834,493,2732728327,2732728327
2025-06-19 11:49:56,REAL,2732728327,479,2732728806,2732728806
2025-06-19 11:49:58,REAL,2732728806,491,2732729297,2732729297
2025-06-19 11:50:00,REAL,2732729297,484,2732729781,2732729781
2025-06-19 11:50:02,REAL,2732729781,488,2732730269,2732730269
2025-06-19 11:50:04,REAL,2732730269,486,2732730755,2732730755
2025-06-19 11:50:06,REAL,2732730755,536,2732731291,2732731291
2025-06-19 11:50:08,REAL,2732731291,482,2732731773,2732731773
2025-06-19 11:50:10,REAL,2732731773,479,2732732252,2732732252
2025-06-19 11:50:12,REAL,2732732252,477,2732732729,2732732729
2025-06-19 11:50:14,REAL,2732732729,8011,2732740740,2732740740
2025-06-19 11:50:16,REAL,2732740740,10781,2732751521,2732751521
2025-06-19 11:50:18,REAL,2732751521,10319,2732761840,2732761840
2025-06-19 11:50:20,REAL,2732761840,10250,2732772090,2732772090
2025-06-19 11:50:22,REAL,2732772090,10257,2732782347,2732782347
2025-06-19 11:50:24,REAL,2732782347,10249,2732792596,2732792596
2025-06-19 11:50:26,REAL,2732792596,10324,2732802920,2732802920
2025-06-19 11:50:28,REAL,2732802920,8732,2732811652,2732811652
2025-06-19 11:50:30,REAL,2732811652,538,2732812190,2732812190
2025-06-19 11:50:32,REAL,2732812190,484,2732812674,2732812674
2025-06-19 11:50:34,REAL,2732812674,546,2732813220,2732813220
2025-06-19 11:50:36,REAL,2732813220,487,2732813707,2732813707
2025-06-19 11:50:38,REAL,2732813707,484,2732814191,2732814191
2025-06-19 11:50:40,REAL,2732814191,487,2732814678,2732814678
2025-06-19 11:50:42,REAL,2732814678,487,2732815165,2732815165
2025-06-19 11:50:44,REAL,2732815165,485,2732815650,2732815650
2025-06-19 11:50:46,REAL,2732815650,483,2732816133,2732816133
2025-06-19 11:50:48,REAL,2732816133,478,2732816611,2732816611
2025-06-19 11:50:50,REAL,2732816611,488,2732817099,2732817099
2025-06-19 11:50:52,REAL,2732817099,492,2732817591,2732817591
2025-06-19 11:50:54,REAL,2732817591,488,2732818079,2732818079
2025-06-19 11:50:56,REAL,2732818079,540,2732818619,2732818619
2025-06-19 11:50:58,REAL,2732818619,546,2732819165,2732819165
2025-06-19 11:51:00,REAL,2732819165,483,2732819648,2732819648
2025-06-19 11:51:02,REAL,2732819648,476,2732820124,2732820124
2025-06-19 11:51:04,REAL,2732820124,489,2732820613,2732820613
2025-06-19 11:51:06,REAL,2732820613,476,2732821089,2732821089
2025-06-19 11:51:08,REAL,2732821089,481,2732821570,2732821570
2025-06-19 11:51:10,REAL,2732821570,474,2732822044,2732822044
2025-06-19 11:51:12,REAL,2732822044,484,2732822528,2732822528
2025-06-19 11:51:14,REAL,2732822528,483,2732823011,2732823011
2025-06-19 11:51:16,REAL,2732823011,477,2732823488,2732823488
2025-06-19 11:51:18,REAL,2732823488,535,2732824023,2732824023
2025-06-19 11:51:20,REAL,2732824023,478,2732824501,2732824501
2025-06-19 11:51:22,REAL,2732824501,489,2732824990,2732824990
2025-06-19 11:51:24,REAL,2732824990,478,2732825468,2732825468
2025-06-19 11:51:26,REAL,2732825468,488,2732825956,2732825956
2025-06-19 11:51:28,REAL,2732825956,486,2732826442,2732826442
2025-06-19 11:51:30,REAL,2732826442,479,2732826921,2732826921
2025-06-19 11:51:32,REAL,2732826921,475,2732827396,2732827396
2025-06-19 11:51:34,REAL,2732827396,474,2732827870,2732827870
2025-06-19 11:51:36,REAL,2732827870,489,2732828359,2732828359
2025-06-19 11:51:38,REAL,2732828359,538,2732828897,2732828897
2025-06-19 11:51:40,REAL,2732828897,485,2732829382,2732829382
2025-06-19 11:51:42,REAL,2732829382,480,2732829862,2732829862
2025-06-19 11:51:44,REAL,2732829862,535,2732830397,2732830397
2025-06-19 11:51:46,REAL,2732830397,479,2732830876,2732830876
2025-06-19 11:51:48,REAL,2732830876,481,2732831357,2732831357
2025-06-19 11:51:50,REAL,2732831357,480,2732831837,2732831837
2025-06-19 11:51:52,REAL,2732831837,479,2732832316,2732832316
2025-06-19 11:51:54,REAL,2732832316,482,2732832798,2732832798
2025-06-19 11:51:56,REAL,2732832798,478,2732833276,2732833276
2025-06-19 11:51:58,REAL,2732833276,486,2732833762,2732833762
2025-06-19 11:52:00,REAL,2732833762,545,2732834307,2732834307
2025-06-19 11:52:02,REAL,2732834307,482,2732834789,2732834789
2025-06-19 11:52:04,REAL,2732834789,490,2732835279,2732835279
2025-06-19 11:52:06,REAL,2732835279,475,2732835754,2732835754
2025-06-19 11:52:08,REAL,2732835754,242,2732835996,2732835996
2025-06-19 11:52:10,REAL,2732835996,484,2732836480,2732836480
2025-06-19 11:52:12,REAL,2732836480,482,2732836962,2732836962
2025-06-19 11:52:14,REAL,2732836962,484,2732837446,2732837446
2025-06-19 11:52:16,REAL,2732837446,479,2732837925,2732837925
2025-06-19 11:52:18,REAL,2732837925,491,2732838416,2732838416
2025-06-19 11:52:20,REAL,2732838416,487,2732838903,2732838903
2025-06-19 11:52:22,REAL,2732838903,482,2732839385,2732839385
2025-06-19 11:52:24,REAL,2732839385,493,2732839878,2732839878
2025-06-19 11:52:26,REAL,2732839878,475,2732840353,2732840353
2025-06-19 11:52:28,REAL,2732840353,543,2732840896,2732840896
2025-06-19 11:52:30,REAL,2732840896,488,2732841384,2732841384
2025-06-19 11:52:32,REAL,2732841384,486,2732841870,2732841870
2025-06-19 11:52:34,REAL,2732841870,484,2732842354,2732842354
2025-06-19 11:52:36,REAL,2732842354,483,2732842837,2732842837
2025-06-19 11:52:38,REAL,2732842837,489,2732843326,2732843326
2025-06-19 11:52:40,REAL,2732843326,483,2732843809,2732843809
2025-06-19 11:52:42,REAL,2732843809,489,2732844298,2732844298
2025-06-19 11:52:44,REAL,2732844298,476,2732844774,2732844774
2025-06-19 11:52:46,REAL,2732844774,533,2732845307,2732845307
2025-06-19 11:52:48,REAL,2732845307,488,2732845795,2732845795
2025-06-19 11:52:50,REAL,2732845795,485,2732846280,2732846280
2025-06-19 11:52:52,REAL,2732846280,487,2732846767,2732846767
2025-06-19 11:52:54,REAL,2732846767,481,2732847248,2732847248
2025-06-19 11:52:56,REAL,2732847248,481,2732847729,2732847729
2025-06-19 11:52:58,REAL,2732847729,487,2732848216,2732848216
2025-06-19 11:53:00,REAL,2732848216,482,2732848698,2732848698
2025-06-19 11:53:02,REAL,2732848698,484,2732849182,2732849182
2025-06-19 11:53:04,REAL,2732849182,475,2732849657,2732849657
2025-06-19 11:53:06,REAL,2732849657,478,2732850135,2732850135
2025-06-19 11:53:08,REAL,2732850135,6042,2732856177,2732856177
2025-06-19 11:53:10,REAL,2732856177,10985,2732867162,2732867162
2025-06-19 11:53:12,REAL,2732867162,10244,2732877406,2732877406
2025-06-19 11:53:14,REAL,2732877406,10372,2732887778,2732887778
2025-06-19 11:53:16,REAL,2732887778,10249,2732898027,2732898027
2025-06-19 11:53:18,REAL,2732898027,10253,2732908280,2732908280
2025-06-19 11:53:20,REAL,2732908280,10321,2732918601,2732918601
2025-06-19 11:53:22,REAL,2732918601,10252,2732928853,2732928853
2025-06-19 11:53:24,REAL,2732928853,612,2732929465,2732929465
2025-06-19 11:53:26,REAL,2732929465,477,2732929942,2732929942
2025-06-19 11:53:28,REAL,2732929942,485,2732930427,2732930427
2025-06-19 11:53:30,REAL,2732930427,483,2732930910,2732930910
2025-06-19 11:53:32,REAL,2732930910,482,2732931392,2732931392
2025-06-19 11:53:34,REAL,2732931392,489,2732931881,2732931881
2025-06-19 11:53:36,REAL,2732931881,487,2732932368,2732932368
2025-06-19 11:53:38,REAL,2732932368,482,2732932850,2732932850
2025-06-19 11:53:40,REAL,2732932850,483,2732933333,2732933333
2025-06-19 11:53:42,REAL,2732933333,486,2732933819,2732933819
2025-06-19 11:53:44,REAL,2732933819,2906,2732936725,2732936725
2025-06-19 11:53:46,REAL,2732936725,13509,2732950234,2732950234
2025-06-19 11:53:48,REAL,2732950234,10324,2732960558,2732960558
2025-06-19 11:53:50,REAL,2732960558,10248,2732970806,2732970806
2025-06-19 11:53:52,REAL,2732970806,10251,2732981057,2732981057
2025-06-19 11:53:54,REAL,2732981057,10315,2732991372,2732991372
2025-06-19 11:53:56,REAL,2732991372,10257,2733001629,2733001629
2025-06-19 11:53:58,REAL,2733001629,10374,2733012003,2733012003
2025-06-19 11:54:00,REAL,2733012003,4841,2733016844,2733016844
2025-06-19 11:54:02,REAL,2733016844,485,2733017329,2733017329
2025-06-19 11:54:04,REAL,2733017329,477,2733017806,2733017806
2025-06-19 11:54:06,REAL,2733017806,485,2733018291,2733018291
2025-06-19 11:54:08,REAL,2733018291,478,2733018769,2733018769
2025-06-19 11:54:10,REAL,2733018769,492,2733019261,2733019261
2025-06-19 11:54:12,REAL,2733019261,484,2733019745,2733019745
2025-06-19 11:54:14,REAL,2733019745,492,2733020237,2733020237
2025-06-19 11:54:16,REAL,2733020237,484,2733020721,2733020721
2025-06-19 11:54:18,REAL,2733020721,479,2733021200,2733021200
2025-06-19 11:54:20,REAL,2733021200,484,2733021684,2733021684
2025-06-19 11:54:22,REAL,2733021684,478,2733022162,2733022162
2025-06-19 11:54:24,REAL,2733022162,477,2733022639,2733022639
2025-06-19 11:54:26,REAL,2733022639,485,2733023124,2733023124
2025-06-19 11:54:28,REAL,2733023124,475,2733023599,2733023599
2025-06-19 11:54:30,REAL,2733023599,479,2733024078,2733024078
2025-06-19 11:54:32,REAL,2733024078,533,2733024611,2733024611
2025-06-19 11:54:34,REAL,2733024611,489,2733025100,2733025100
2025-06-19 11:54:36,REAL,2733025100,493,2733025593,2733025593
2025-06-19 11:54:38,REAL,2733025593,476,2733026069,2733026069
2025-06-19 11:54:40,REAL,2733026069,476,2733026545,2733026545
2025-06-19 11:54:42,REAL,2733026545,478,2733027023,2733027023
2025-06-19 11:54:44,REAL,2733027023,536,2733027559,2733027559
2025-06-19 11:54:46,REAL,2733027559,488,2733028047,2733028047
2025-06-19 11:54:48,REAL,2733028047,482,2733028529,2733028529
2025-06-19 11:54:50,REAL,2733028529,489,2733029018,2733029018
2025-06-19 11:54:52,REAL,2733029018,480,2733029498,2733029498
2025-06-19 11:54:54,REAL,2733029498,480,2733029978,2733029978
2025-06-19 11:54:56,REAL,2733029978,480,2733030458,2733030458
2025-06-19 11:54:58,REAL,2733030458,479,2733030937,2733030937
2025-06-19 11:55:00,REAL,2733030937,493,2733031430,2733031430
2025-06-19 11:55:02,REAL,2733031430,485,2733031915,2733031915
2025-06-19 11:55:04,REAL,2733031915,483,2733032398,2733032398
2025-06-19 11:55:06,REAL,2733032398,494,2733032892,2733032892
2025-06-19 11:55:08,REAL,2733032892,486,2733033378,2733033378
2025-06-19 11:55:10,REAL,2733033378,489,2733033867,2733033867
2025-06-19 11:55:12,REAL,2733033867,489,2733034356,2733034356
2025-06-19 11:55:14,REAL,2733034356,486,2733034842,2733034842
2025-06-19 11:55:16,REAL,2733034842,484,2733035326,2733035326
2025-06-19 11:55:18,REAL,2733035326,488,2733035814,2733035814
2025-06-19 11:55:20,REAL,2733035814,542,2733036356,2733036356
2025-06-19 11:55:22,REAL,2733036356,485,2733036841,2733036841
2025-06-19 11:55:24,REAL,2733036841,482,2733037323,2733037323
2025-06-19 11:55:26,REAL,2733037323,479,2733037802,2733037802
2025-06-19 11:55:28,REAL,2733037802,540,2733038342,2733038342
2025-06-19 11:55:30,REAL,2733038342,480,2733038822,2733038822
2025-06-19 11:55:32,REAL,2733038822,479,2733039301,2733039301
2025-06-19 11:55:34,REAL,2733039301,478,2733039779,2733039779
2025-06-19 11:55:36,REAL,2733039779,482,2733040261,2733040261
2025-06-19 11:55:38,REAL,2733040261,489,2733040750,2733040750
2025-06-19 11:55:40,REAL,2733040750,478,2733041228,2733041228
2025-06-19 11:55:42,REAL,2733041228,476,2733041704,2733041704
2025-06-19 11:55:44,REAL,2733041704,493,2733042197,2733042197
2025-06-19 11:55:46,REAL,2733042197,484,2733042681,2733042681
2025-06-19 11:55:48,REAL,2733042681,487,2733043168,2733043168
2025-06-19 11:55:50,REAL,2733043168,485,2733043653,2733043653
2025-06-19 11:55:52,REAL,2733043653,488,2733044141,2733044141
2025-06-19 11:55:54,REAL,2733044141,486,2733044627,2733044627
2025-06-19 11:55:56,REAL,2733044627,476,2733045103,2733045103
2025-06-19 11:55:58,REAL,2733045103,482,2733045585,2733045585
2025-06-19 11:56:00,REAL,2733045585,480,2733046065,2733046065
2025-06-19 11:56:02,REAL,2733046065,483,2733046548,2733046548
2025-06-19 11:56:04,REAL,2733046548,486,2733047034,2733047034
2025-06-19 11:56:06,REAL,2733047034,536,2733047570,2733047570
2025-06-19 11:56:08,REAL,2733047570,482,2733048052,2733048052
2025-06-19 11:56:10,REAL,2733048052,488,2733048540,2733048540
2025-06-19 11:56:12,REAL,2733048540,484,2733049024,2733049024
2025-06-19 11:56:14,REAL,2733049024,539,2733049563,2733049563
2025-06-19 11:56:16,REAL,2733049563,483,2733050046,2733050046
2025-06-19 11:56:18,REAL,2733050046,487,2733050533,2733050533
2025-06-19 11:56:20,REAL,2733050533,486,2733051019,2733051019
2025-06-19 11:56:22,REAL,2733051019,485,2733051504,2733051504
2025-06-19 11:56:24,REAL,2733051504,479,2733051983,2733051983
2025-06-19 11:56:26,REAL,2733051983,486,2733052469,2733052469
2025-06-19 11:56:28,REAL,2733052469,488,2733052957,2733052957
2025-06-19 11:56:30,REAL,2733052957,481,2733053438,2733053438
2025-06-19 11:56:32,REAL,2733053438,484,2733053922,2733053922
2025-06-19 11:56:34,REAL,2733053922,486,2733054408,2733054408
2025-06-19 11:56:36,REAL,2733054408,487,2733054895,2733054895
2025-06-19 11:56:38,REAL,2733054895,492,2733055387,2733055387
2025-06-19 11:56:40,REAL,2733055387,485,2733055872,2733055872
2025-06-19 11:56:42,REAL,2733055872,490,2733056362,2733056362
2025-06-19 11:56:44,REAL,2733056362,489,2733056851,2733056851
2025-06-19 11:56:46,REAL,2733056851,482,2733057333,2733057333
2025-06-19 11:56:48,REAL,2733057333,485,2733057818,2733057818
2025-06-19 11:56:50,REAL,2733057818,485,2733058303,2733058303
2025-06-19 11:56:52,REAL,2733058303,477,2733058780,2733058780
2025-06-19 11:56:54,REAL,2733058780,535,2733059315,2733059315
2025-06-19 11:56:56,REAL,2733059315,475,2733059790,2733059790
2025-06-19 11:56:58,REAL,2733059790,480,2733060270,2733060270
2025-06-19 11:57:00,REAL,2733060270,480,2733060750,2733060750
2025-06-19 11:57:02,REAL,2733060750,540,2733061290,2733061290
2025-06-19 11:57:04,REAL,2733061290,480,2733061770,2733061770
2025-06-19 11:57:06,REAL,2733061770,491,2733062261,2733062261
2025-06-19 11:57:08,REAL,2733062261,478,2733062739,2733062739
2025-06-19 11:57:10,REAL,2733062739,488,2733063227,2733063227
2025-06-19 11:57:12,REAL,2733063227,481,2733063708,2733063708
2025-06-19 11:57:14,REAL,2733063708,478,2733064186,2733064186
2025-06-19 11:57:16,REAL,2733064186,486,2733064672,2733064672
2025-06-19 11:57:18,REAL,2733064672,488,2733065160,2733065160
2025-06-19 11:57:20,REAL,2733065160,484,2733065644,2733065644
2025-06-19 11:57:22,REAL,2733065644,485,2733066129,2733066129
2025-06-19 11:57:24,REAL,2733066129,475,2733066604,2733066604
2025-06-19 11:57:26,REAL,2733066604,493,2733067097,2733067097
2025-06-19 11:57:28,REAL,2733067097,486,2733067583,2733067583
2025-06-19 11:57:30,REAL,2733067583,486,2733068069,2733068069
2025-06-19 11:57:32,REAL,2733068069,493,2733068562,2733068562
2025-06-19 11:57:34,REAL,2733068562,481,2733069043,2733069043
2025-06-19 11:57:36,REAL,2733069043,480,2733069523,2733069523
2025-06-19 11:57:38,REAL,2733069523,488,2733070011,2733070011
2025-06-19 11:57:40,REAL,2733070011,544,2733070555,2733070555
2025-06-19 11:57:42,REAL,2733070555,488,2733071043,2733071043
2025-06-19 11:57:44,REAL,2733071043,487,2733071530,2733071530
2025-06-19 11:57:46,REAL,2733071530,481,2733072011,2733072011
2025-06-19 11:57:48,REAL,2733072011,482,2733072493,2733072493
2025-06-19 11:57:50,REAL,2733072493,481,2733072974,2733072974
2025-06-19 11:57:52,REAL,2733072974,533,2733073507,2733073507
2025-06-19 11:57:54,REAL,2733073507,491,2733073998,2733073998
2025-06-19 11:57:56,REAL,2733073998,490,2733074488,2733074488
2025-06-19 11:57:58,REAL,2733074488,480,2733074968,2733074968
2025-06-19 11:58:00,REAL,2733074968,482,2733075450,2733075450
2025-06-19 11:58:02,REAL,2733075450,481,2733075931,2733075931
2025-06-19 11:58:04,REAL,2733075931,481,2733076412,2733076412
2025-06-19 11:58:06,REAL,2733076412,484,2733076896,2733076896
2025-06-19 11:58:08,REAL,2733076896,491,2733077387,2733077387
2025-06-19 11:58:10,REAL,2733077387,534,2733077921,2733077921
2025-06-19 11:58:12,REAL,2733077921,476,2733078397,2733078397
2025-06-19 11:58:14,REAL,2733078397,485,2733078882,2733078882
2025-06-19 11:58:16,REAL,2733078882,483,2733079365,2733079365
2025-06-19 11:58:18,REAL,2733079365,494,2733079859,2733079859
2025-06-19 11:58:20,REAL,2733079859,493,2733080352,2733080352
2025-06-19 11:58:22,REAL,2733080352,484,2733080836,2733080836
2025-06-19 11:58:24,REAL,2733080836,479,2733081315,2733081315
2025-06-19 11:58:26,REAL,2733081315,484,2733081799,2733081799
2025-06-19 11:58:28,REAL,2733081799,481,2733082280,2733082280
2025-06-19 11:58:30,REAL,2733082280,486,2733082766,2733082766
2025-06-19 11:58:32,REAL,2733082766,479,2733083245,2733083245
2025-06-19 11:58:34,REAL,2733083245,479,2733083724,2733083724
2025-06-19 11:58:36,REAL,2733083724,482,2733084206,2733084206
2025-06-19 11:58:38,REAL,2733084206,483,2733084689,2733084689
2025-06-19 11:58:40,REAL,2733084689,537,2733085226,2733085226
2025-06-19 11:58:42,REAL,2733085226,537,2733085763,2733085763
2025-06-19 11:58:44,REAL,2733085763,476,2733086239,2733086239
2025-06-19 11:58:46,REAL,2733086239,480,2733086719,2733086719
2025-06-19 11:58:48,REAL,2733086719,480,2733087199,2733087199
2025-06-19 11:58:50,REAL,2733087199,480,2733087679,2733087679
2025-06-19 11:58:52,REAL,2733087679,484,2733088163,2733088163
2025-06-19 11:58:54,REAL,2733088163,485,2733088648,2733088648
2025-06-19 11:58:56,REAL,2733088648,487,2733089135,2733089135
2025-06-19 11:58:58,REAL,2733089135,489,2733089624,2733089624
2025-06-19 11:59:00,REAL,2733089624,486,2733090110,2733090110
2025-06-19 11:59:02,REAL,2733090110,487,2733090597,2733090597
2025-06-19 11:59:04,REAL,2733090597,482,2733091079,2733091079
2025-06-19 11:59:06,REAL,2733091079,492,2733091571,2733091571
2025-06-19 11:59:08,REAL,2733091571,490,2733092061,2733092061
2025-06-19 11:59:10,REAL,2733092061,478,2733092539,2733092539
2025-06-19 11:59:12,REAL,2733092539,544,2733093083,2733093083
2025-06-19 11:59:14,REAL,2733093083,480,2733093563,2733093563
2025-06-19 11:59:16,REAL,2733093563,491,2733094054,2733094054
2025-06-19 11:59:18,REAL,2733094054,488,2733094542,2733094542
2025-06-19 11:59:20,REAL,2733094542,480,2733095022,2733095022
2025-06-19 11:59:22,REAL,2733095022,490,2733095512,2733095512
2025-06-19 11:59:24,REAL,2733095512,485,2733095997,2733095997
2025-06-19 11:59:26,REAL,2733095997,482,2733096479,2733096479
2025-06-19 11:59:28,REAL,2733096479,481,2733096960,2733096960
2025-06-19 11:59:30,REAL,2733096960,546,2733097506,2733097506
2025-06-19 11:59:32,REAL,2733097506,485,2733097991,2733097991
2025-06-19 11:59:34,REAL,2733097991,482,2733098473,2733098473
2025-06-19 11:59:36,REAL,2733098473,482,2733098955,2733098955
2025-06-19 11:59:38,REAL,2733098955,482,2733099437,2733099437
2025-06-19 11:59:40,REAL,2733099437,491,2733099928,2733099928
2025-06-19 11:59:42,REAL,2733099928,531,2733100459,2733100459
2025-06-19 11:59:44,REAL,2733100459,482,2733100941,2733100941
2025-06-19 11:59:46,REAL,2733100941,475,2733101416,2733101416
2025-06-19 11:59:48,REAL,2733101416,479,2733101895,2733101895
2025-06-19 11:59:50,REAL,2733101895,484,2733102379,2733102379
2025-06-19 11:59:52,REAL,2733102379,493,2733102872,2733102872
2025-06-19 11:59:54,REAL,2733102872,481,2733103353,2733103353
2025-06-19 11:59:56,REAL,2733103353,485,2733103838,2733103838
2025-06-19 11:59:58,REAL,2733103838,484,2733104322,2733104322
2025-06-19 12:00:00,REAL,2733104322,479,2733104801,2733104801
2025-06-19 12:00:02,REAL,2733104801,490,2733105291,2733105291
2025-06-19 12:00:04,REAL,2733105291,490,2733105781,2733105781
2025-06-19 12:00:06,REAL,2733105781,490,2733106271,2733106271
2025-06-19 12:00:08,REAL,2733106271,485,2733106756,2733106756
2025-06-19 12:00:10,REAL,2733106756,486,2733107242,2733107242
2025-06-19 12:00:12,REAL,2733107242,485,2733107727,2733107727
2025-06-19 12:00:14,REAL,2733107727,539,2733108266,2733108266
2025-06-19 12:00:16,REAL,2733108266,489,2733108755,2733108755
2025-06-19 12:00:18,REAL,2733108755,536,2733109291,2733109291
2025-06-19 12:00:20,REAL,2733109291,484,2733109775,2733109775
2025-06-19 12:00:22,REAL,2733109775,479,2733110254,2733110254
2025-06-19 12:00:24,REAL,2733110254,488,2733110742,2733110742
2025-06-19 12:00:26,REAL,2733110742,479,2733111221,2733111221
2025-06-19 12:00:28,REAL,2733111221,486,2733111707,2733111707
2025-06-19 12:00:30,REAL,2733111707,483,2733112190,2733112190
2025-06-19 12:00:32,REAL,2733112190,482,2733112672,2733112672
2025-06-19 12:00:34,REAL,2733112672,485,2733113157,2733113157
2025-06-19 12:00:36,REAL,2733113157,3860,2733117017,2733117017
2025-06-19 12:00:38,REAL,2733117017,11512,2733128529,2733128529
2025-06-19 12:00:40,REAL,2733128529,10255,2733138784,2733138784
2025-06-19 12:00:42,REAL,2733138784,10314,2733149098,2733149098
2025-06-19 12:00:44,REAL,2733149098,10251,2733159349,2733159349
2025-06-19 12:00:46,REAL,2733159349,10252,2733169601,2733169601
2025-06-19 12:00:48,REAL,2733169601,10844,2733180445,2733180445
2025-06-19 12:00:50,REAL,2733180445,9721,2733190166,2733190166
2025-06-19 12:00:52,REAL,2733190166,2526,2733192692,2733192692
2025-06-19 12:00:54,REAL,2733192692,480,2733193172,2733193172
2025-06-19 12:00:56,REAL,2733193172,486,2733193658,2733193658
2025-06-19 12:00:58,REAL,2733193658,483,2733194141,2733194141
2025-06-19 12:01:00,REAL,2733194141,484,2733194625,2733194625
2025-06-19 12:01:02,REAL,2733194625,482,2733195107,2733195107
2025-06-19 12:01:04,REAL,2733195107,479,2733195586,2733195586
2025-06-19 12:01:06,REAL,2733195586,550,2733196136,2733196136
2025-06-19 12:01:08,REAL,2733196136,4776,2733200912,2733200912
2025-06-19 12:01:10,REAL,2733200912,11642,2733212554,2733212554
2025-06-19 12:01:12,REAL,2733212554,10243,2733222797,2733222797
2025-06-19 12:01:14,REAL,2733222797,10248,2733233045,2733233045
2025-06-19 12:01:16,REAL,2733233045,10250,2733243295,2733243295
2025-06-19 12:01:18,REAL,2733243295,10314,2733253609,2733253609
2025-06-19 12:01:20,REAL,2733253609,10247,2733263856,2733263856
2025-06-19 12:01:22,REAL,2733263856,10250,2733274106,2733274106
2025-06-19 12:01:24,REAL,2733274106,1867,2733275973,2733275973
2025-06-19 12:01:26,REAL,2733275973,484,2733276457,2733276457
2025-06-19 12:01:28,REAL,2733276457,488,2733276945,2733276945
2025-06-19 12:01:30,REAL,2733276945,488,2733277433,2733277433
2025-06-19 12:01:32,REAL,2733277433,484,2733277917,2733277917
2025-06-19 12:01:34,REAL,2733277917,483,2733278400,2733278400
2025-06-19 12:01:36,REAL,2733278400,483,2733278883,2733278883
2025-06-19 12:01:38,REAL,2733278883,544,2733279427,2733279427
2025-06-19 12:01:40,REAL,2733279427,484,2733279911,2733279911
2025-06-19 12:01:42,REAL,2733279911,485,2733280396,2733280396
2025-06-19 12:01:44,REAL,2733280396,494,2733280890,2733280890
2025-06-19 12:01:46,REAL,2733280890,484,2733281374,2733281374
2025-06-19 12:01:48,REAL,2733281374,475,2733281849,2733281849
2025-06-19 12:01:50,REAL,2733281849,486,2733282335,2733282335
2025-06-19 12:01:52,REAL,2733282335,491,2733282826,2733282826
2025-06-19 12:01:54,REAL,2733282826,480,2733283306,2733283306
2025-06-19 12:01:56,REAL,2733283306,485,2733283791,2733283791
2025-06-19 12:01:58,REAL,2733283791,536,2733284327,2733284327
2025-06-19 12:02:00,REAL,2733284327,488,2733284815,2733284815
2025-06-19 12:02:02,REAL,2733284815,490,2733285305,2733285305
2025-06-19 12:02:04,REAL,2733285305,488,2733285793,2733285793
2025-06-19 12:02:06,REAL,2733285793,489,2733286282,2733286282
2025-06-19 12:02:08,REAL,2733286282,536,2733286818,2733286818
2025-06-19 12:02:10,REAL,2733286818,488,2733287306,2733287306
2025-06-19 12:02:12,REAL,2733287306,478,2733287784,2733287784
2025-06-19 12:02:14,REAL,2733287784,484,2733288268,2733288268
2025-06-19 12:02:16,REAL,2733288268,487,2733288755,2733288755
2025-06-19 12:02:18,REAL,2733288755,477,2733289232,2733289232
2025-06-19 12:02:20,REAL,2733289232,480,2733289712,2733289712
2025-06-19 12:02:22,REAL,2733289712,483,2733290195,2733290195
2025-06-19 12:02:24,REAL,2733290195,487,2733290682,2733290682
2025-06-19 12:02:26,REAL,2733290682,489,2733291171,2733291171
2025-06-19 12:02:28,REAL,2733291171,478,2733291649,2733291649
2025-06-19 12:02:30,REAL,2733291649,480,2733292129,2733292129
2025-06-19 12:02:32,REAL,2733292129,481,2733292610,2733292610
2025-06-19 12:02:34,REAL,2733292610,14358,2733306968,2733306968
2025-06-19 12:02:36,REAL,2733306968,10376,2733317344,2733317344
2025-06-19 12:02:38,REAL,2733317344,10245,2733327589,2733327589
2025-06-19 12:02:40,REAL,2733327589,10319,2733337908,2733337908
2025-06-19 12:02:42,REAL,2733337908,10254,2733348162,2733348162
2025-06-19 12:02:44,REAL,2733348162,10315,2733358477,2733358477
2025-06-19 12:02:46,REAL,2733358477,10243,2733368720,2733368720
2025-06-19 12:02:48,REAL,2733368720,5164,2733373884,2733373884
2025-06-19 12:02:50,REAL,2733373884,485,2733374369,2733374369
2025-06-19 12:02:52,REAL,2733374369,480,2733374849,2733374849
2025-06-19 12:02:54,REAL,2733374849,486,2733375335,2733375335
2025-06-19 12:02:56,REAL,2733375335,486,2733375821,2733375821
2025-06-19 12:02:58,REAL,2733375821,491,2733376312,2733376312
2025-06-19 12:03:00,REAL,2733376312,482,2733376794,2733376794
2025-06-19 12:03:02,REAL,2733376794,487,2733377281,2733377281
2025-06-19 12:03:04,REAL,2733377281,487,2733377768,2733377768
2025-06-19 12:03:06,REAL,2733377768,486,2733378254,2733378254
2025-06-19 12:03:08,REAL,2733378254,532,2733378786,2733378786
2025-06-19 12:03:10,REAL,2733378786,486,2733379272,2733379272
2025-06-19 12:03:12,REAL,2733379272,486,2733379758,2733379758
2025-06-19 12:03:14,REAL,2733379758,545,2733380303,2733380303
2025-06-19 12:03:16,REAL,2733380303,476,2733380779,2733380779
2025-06-19 12:03:18,REAL,2733380779,486,2733381265,2733381265
2025-06-19 12:03:20,REAL,2733381265,479,2733381744,2733381744
2025-06-19 12:03:22,REAL,2733381744,485,2733382229,2733382229
2025-06-19 12:03:24,REAL,2733382229,492,2733382721,2733382721
2025-06-19 12:03:26,REAL,2733382721,480,2733383201,2733383201
2025-06-19 12:03:28,REAL,2733383201,488,2733383689,2733383689
2025-06-19 12:03:30,REAL,2733383689,485,2733384174,2733384174
2025-06-19 12:03:32,REAL,2733384174,481,2733384655,2733384655
2025-06-19 12:03:34,REAL,2733384655,485,2733385140,2733385140
2025-06-19 12:03:36,REAL,2733385140,477,2733385617,2733385617
2025-06-19 12:03:38,REAL,2733385617,494,2733386111,2733386111
2025-06-19 12:03:40,REAL,2733386111,483,2733386594,2733386594
2025-06-19 12:03:42,REAL,2733386594,541,2733387135,2733387135
2025-06-19 12:03:44,REAL,2733387135,483,2733387618,2733387618
2025-06-19 12:03:46,REAL,2733387618,489,2733388107,2733388107
2025-06-19 12:03:48,REAL,2733388107,492,2733388599,2733388599
2025-06-19 12:03:50,REAL,2733388599,488,2733389087,2733389087
2025-06-19 12:03:52,REAL,2733389087,485,2733389572,2733389572
2025-06-19 12:03:54,REAL,2733389572,532,2733390104,2733390104
2025-06-19 12:03:56,REAL,2733390104,493,2733390597,2733390597
2025-06-19 12:03:58,REAL,2733390597,9796,2733400393,2733400393
2025-06-19 12:04:00,REAL,2733400393,12109,2733412502,2733412502
2025-06-19 12:04:02,REAL,2733412502,10258,2733422760,2733422760
2025-06-19 12:04:04,REAL,2733422760,10254,2733433014,2733433014
2025-06-19 12:04:06,REAL,2733433014,10323,2733443337,2733443337
2025-06-19 12:04:08,REAL,2733443337,10311,2733453648,2733453648
2025-06-19 12:04:10,REAL,2733453648,10254,2733463902,2733463902
2025-06-19 12:04:12,REAL,2733463902,8461,2733472363,2733472363
2025-06-19 12:04:14,REAL,2733472363,489,2733472852,2733472852
2025-06-19 12:04:16,REAL,2733472852,488,2733473340,2733473340
2025-06-19 12:04:18,REAL,2733473340,487,2733473827,2733473827
2025-06-19 12:04:20,REAL,2733473827,484,2733474311,2733474311
2025-06-19 12:04:22,REAL,2733474311,494,2733474805,2733474805
2025-06-19 12:04:24,REAL,2733474805,477,2733475282,2733475282
2025-06-19 12:04:26,REAL,2733475282,484,2733475766,2733475766
2025-06-19 12:04:28,REAL,2733475766,486,2733476252,2733476252
2025-06-19 12:04:30,REAL,2733476252,483,2733476735,2733476735
2025-06-19 12:04:32,REAL,2733476735,599,2733477334,2733477334
2025-06-19 12:04:34,REAL,2733477334,482,2733477816,2733477816
2025-06-19 12:04:36,REAL,2733477816,484,2733478300,2733478300
2025-06-19 12:04:38,REAL,2733478300,490,2733478790,2733478790
2025-06-19 12:04:40,REAL,2733478790,485,2733479275,2733479275
2025-06-19 12:04:42,REAL,2733479275,481,2733479756,2733479756
2025-06-19 12:04:44,REAL,2733479756,485,2733480241,2733480241
2025-06-19 12:04:46,REAL,2733480241,480,2733480721,2733480721
2025-06-19 12:04:48,REAL,2733480721,482,2733481203,2733481203
2025-06-19 12:04:50,REAL,2733481203,483,2733481686,2733481686
2025-06-19 12:04:52,REAL,2733481686,482,2733482168,2733482168
2025-06-19 12:04:54,REAL,2733482168,484,2733482652,2733482652
2025-06-19 12:04:56,REAL,2733482652,487,2733483139,2733483139
2025-06-19 12:04:58,REAL,2733483139,485,2733483624,2733483624
2025-06-19 12:05:00,REAL,2733483624,486,2733484110,2733484110
2025-06-19 12:05:02,REAL,2733484110,492,2733484602,2733484602
2025-06-19 12:05:04,REAL,2733484602,484,2733485086,2733485086
2025-06-19 12:05:06,REAL,2733485086,533,2733485619,2733485619
2025-06-19 12:05:08,REAL,2733485619,484,2733486103,2733486103
2025-06-19 12:05:10,REAL,2733486103,476,2733486579,2733486579
2025-06-19 12:05:12,REAL,2733486579,537,2733487116,2733487116
2025-06-19 12:05:14,REAL,2733487116,490,2733487606,2733487606
2025-06-19 12:05:16,REAL,2733487606,492,2733488098,2733488098
2025-06-19 12:05:18,REAL,2733488098,488,2733488586,2733488586
2025-06-19 12:05:20,REAL,2733488586,482,2733489068,2733489068
2025-06-19 12:05:22,REAL,2733489068,482,2733489550,2733489550
2025-06-19 12:05:24,REAL,2733489550,484,2733490034,2733490034
2025-06-19 12:05:26,REAL,2733490034,476,2733490510,2733490510
2025-06-19 12:05:28,REAL,2733490510,485,2733490995,2733490995
2025-06-19 12:05:30,REAL,2733490995,482,2733491477,2733491477
2025-06-19 12:05:32,REAL,2733491477,489,2733491966,2733491966
2025-06-19 12:05:34,REAL,2733491966,484,2733492450,2733492450
2025-06-19 12:05:36,REAL,2733492450,485,2733492935,2733492935
2025-06-19 12:05:38,REAL,2733492935,4980,2733497915,2733497915
2025-06-19 12:05:40,REAL,2733497915,11584,2733509499,2733509499
2025-06-19 12:05:42,REAL,2733509499,10253,2733519752,2733519752
2025-06-19 12:05:44,REAL,2733519752,10259,2733530011,2733530011
2025-06-19 12:05:46,REAL,2733530011,10318,2733540329,2733540329
2025-06-19 12:05:48,REAL,2733540329,10257,2733550586,2733550586
2025-06-19 12:05:50,REAL,2733550586,10257,2733560843,2733560843
2025-06-19 12:05:52,REAL,2733560843,10316,2733571159,2733571159
2025-06-19 12:05:54,REAL,2733571159,1614,2733572773,2733572773
2025-06-19 12:05:56,REAL,2733572773,482,2733573255,2733573255
2025-06-19 12:05:58,REAL,2733573255,478,2733573733,2733573733
2025-06-19 12:06:00,REAL,2733573733,476,2733574209,2733574209
2025-06-19 12:06:02,REAL,2733574209,480,2733574689,2733574689
2025-06-19 12:06:04,REAL,2733574689,477,2733575166,2733575166
2025-06-19 12:06:06,REAL,2733575166,480,2733575646,2733575646
2025-06-19 12:06:08,REAL,2733575646,487,2733576133,2733576133
2025-06-19 12:06:10,REAL,2733576133,5904,2733582037,2733582037
2025-06-19 12:06:12,REAL,2733582037,10977,2733593014,2733593014
2025-06-19 12:06:14,REAL,2733593014,10254,2733603268,2733603268
2025-06-19 12:06:16,REAL,2733603268,10260,2733613528,2733613528
2025-06-19 12:06:18,REAL,2733613528,10326,2733623854,2733623854
2025-06-19 12:06:20,REAL,2733623854,10253,2733634107,2733634107
2025-06-19 12:06:22,REAL,2733634107,10322,2733644429,2733644429
2025-06-19 12:06:24,REAL,2733644429,10248,2733654677,2733654677
2025-06-19 12:06:26,REAL,2733654677,1008,2733655685,2733655685
2025-06-19 12:06:28,REAL,2733655685,486,2733656171,2733656171
2025-06-19 12:06:30,REAL,2733656171,483,2733656654,2733656654
2025-06-19 12:06:32,REAL,2733656654,488,2733657142,2733657142
2025-06-19 12:06:34,REAL,2733657142,486,2733657628,2733657628
2025-06-19 12:06:36,REAL,2733657628,491,2733658119,2733658119
2025-06-19 12:06:38,REAL,2733658119,485,2733658604,2733658604
2025-06-19 12:06:40,REAL,2733658604,541,2733659145,2733659145
2025-06-19 12:06:42,REAL,2733659145,485,2733659630,2733659630
2025-06-19 12:06:44,REAL,2733659630,545,2733660175,2733660175
2025-06-19 12:06:46,REAL,2733660175,482,2733660657,2733660657
2025-06-19 12:06:48,REAL,2733660657,484,2733661141,2733661141
2025-06-19 12:06:50,REAL,2733661141,490,2733661631,2733661631
2025-06-19 12:06:52,REAL,2733661631,484,2733662115,2733662115
2025-06-19 12:06:54,REAL,2733662115,482,2733662597,2733662597
2025-06-19 12:06:56,REAL,2733662597,481,2733663078,2733663078
2025-06-19 12:06:58,REAL,2733663078,479,2733663557,2733663557
2025-06-19 12:07:00,REAL,2733663557,485,2733664042,2733664042
2025-06-19 12:07:02,REAL,2733664042,480,2733664522,2733664522
2025-06-19 12:07:04,REAL,2733664522,480,2733665002,2733665002
2025-06-19 12:07:06,REAL,2733665002,490,2733665492,2733665492
2025-06-19 12:07:08,REAL,2733665492,484,2733665976,2733665976
2025-06-19 12:07:10,REAL,2733665976,478,2733666454,2733666454
2025-06-19 12:07:12,REAL,2733666454,486,2733666940,2733666940
2025-06-19 12:07:14,REAL,2733666940,484,2733667424,2733667424
2025-06-19 12:07:16,REAL,2733667424,488,2733667912,2733667912
2025-06-19 12:07:18,REAL,2733667912,1028,2733668940,2733668940
2025-06-19 12:07:20,REAL,2733668940,15536,2733684476,2733684476
2025-06-19 12:07:22,REAL,2733684476,10253,2733694729,2733694729
2025-06-19 12:07:24,REAL,2733694729,10254,2733704983,2733704983
2025-06-19 12:07:26,REAL,2733704983,10319,2733715302,2733715302
2025-06-19 12:07:28,REAL,2733715302,10256,2733725558,2733725558
2025-06-19 12:07:30,REAL,2733725558,10250,2733735808,2733735808
2025-06-19 12:07:32,REAL,2733735808,10303,2733746111,2733746111
2025-06-19 12:07:34,REAL,2733746111,4643,2733750754,2733750754
2025-06-19 12:07:36,REAL,2733750754,482,2733751236,2733751236
2025-06-19 12:07:38,REAL,2733751236,482,2733751718,2733751718
2025-06-19 12:07:40,REAL,2733751718,482,2733752200,2733752200
2025-06-19 12:07:42,REAL,2733752200,478,2733752678,2733752678
2025-06-19 12:07:44,REAL,2733752678,484,2733753162,2733753162
2025-06-19 12:07:46,REAL,2733753162,488,2733753650,2733753650
2025-06-19 12:07:48,REAL,2733753650,486,2733754136,2733754136
2025-06-19 12:07:50,REAL,2733754136,491,2733754627,2733754627
2025-06-19 12:07:52,REAL,2733754627,484,2733755111,2733755111
2025-06-19 12:07:54,REAL,2733755111,487,2733755598,2733755598
2025-06-19 12:07:56,REAL,2733755598,484,2733756082,2733756082
2025-06-19 12:07:58,REAL,2733756082,483,2733756565,2733756565
2025-06-19 12:08:00,REAL,2733756565,492,2733757057,2733757057
2025-06-19 12:08:02,REAL,2733757057,487,2733757544,2733757544
2025-06-19 12:08:04,REAL,2733757544,494,2733758038,2733758038
2025-06-19 12:08:06,REAL,2733758038,536,2733758574,2733758574
2025-06-19 12:08:08,REAL,2733758574,482,2733759056,2733759056
2025-06-19 12:08:10,REAL,2733759056,483,2733759539,2733759539
2025-06-19 12:08:12,REAL,2733759539,8409,2733767948,2733767948
2025-06-19 12:08:14,REAL,2733767948,11112,2733779060,2733779060
2025-06-19 12:08:16,REAL,2733779060,10250,2733789310,2733789310
2025-06-19 12:08:18,REAL,2733789310,10250,2733799560,2733799560
2025-06-19 12:08:20,REAL,2733799560,10324,2733809884,2733809884
2025-06-19 12:08:22,REAL,2733809884,10303,2733820187,2733820187
2025-06-19 12:08:24,REAL,2733820187,10253,2733830440,2733830440
2025-06-19 12:08:26,REAL,2733830440,8597,2733839037,2733839037
2025-06-19 12:08:28,REAL,2733839037,494,2733839531,2733839531
2025-06-19 12:08:30,REAL,2733839531,476,2733840007,2733840007
2025-06-19 12:08:32,REAL,2733840007,481,2733840488,2733840488
2025-06-19 12:08:34,REAL,2733840488,488,2733840976,2733840976
2025-06-19 12:08:36,REAL,2733840976,484,2733841460,2733841460
2025-06-19 12:08:38,REAL,2733841460,485,2733841945,2733841945
2025-06-19 12:08:40,REAL,2733841945,486,2733842431,2733842431
2025-06-19 12:08:42,REAL,2733842431,482,2733842913,2733842913
2025-06-19 12:08:44,REAL,2733842913,11047,2733853960,2733853960
2025-06-19 12:08:46,REAL,2733853960,11505,2733865465,2733865465
2025-06-19 12:08:48,REAL,2733865465,10073,2733875538,2733875538
2025-06-19 12:08:50,REAL,2733875538,10313,2733885851,2733885851
2025-06-19 12:08:52,REAL,2733885851,10252,2733896103,2733896103
2025-06-19 12:08:54,REAL,2733896103,10320,2733906423,2733906423
2025-06-19 12:08:56,REAL,2733906423,10251,2733916674,2733916674
2025-06-19 12:08:58,REAL,2733916674,7942,2733924616,2733924616
2025-06-19 12:09:00,REAL,2733924616,488,2733925104,2733925104
2025-06-19 12:09:02,REAL,2733925104,485,2733925589,2733925589
2025-06-19 12:09:04,REAL,2733925589,482,2733926071,2733926071
2025-06-19 12:09:06,REAL,2733926071,483,2733926554,2733926554
2025-06-19 12:09:08,REAL,2733926554,483,2733927037,2733927037
2025-06-19 12:09:10,REAL,2733927037,487,2733927524,2733927524
2025-06-19 12:09:12,REAL,2733927524,488,2733928012,2733928012
2025-06-19 12:09:14,REAL,2733928012,543,2733928555,2733928555
2025-06-19 12:09:16,REAL,2733928555,483,2733929038,2733929038
2025-06-19 12:09:18,REAL,2733929038,485,2733929523,2733929523
2025-06-19 12:09:20,REAL,2733929523,492,2733930015,2733930015
2025-06-19 12:09:22,REAL,2733930015,725,2733930740,2733930740
2025-06-19 12:09:24,REAL,2733930740,239,2733930979,2733930979
2025-06-19 12:09:26,REAL,2733930979,480,2733931459,2733931459
2025-06-19 12:09:28,REAL,2733931459,489,2733931948,2733931948
2025-06-19 12:09:30,REAL,2733931948,481,2733932429,2733932429
2025-06-19 12:09:32,REAL,2733932429,540,2733932969,2733932969
2025-06-19 12:09:34,REAL,2733932969,485,2733933454,2733933454
2025-06-19 12:09:36,REAL,2733933454,486,2733933940,2733933940
2025-06-19 12:09:38,REAL,2733933940,482,2733934422,2733934422
2025-06-19 12:09:40,REAL,2733934422,484,2733934906,2733934906
2025-06-19 12:09:42,REAL,2733934906,480,2733935386,2733935386
2025-06-19 12:09:44,REAL,2733935386,483,2733935869,2733935869
2025-06-19 12:09:46,REAL,2733935869,490,2733936359,2733936359
2025-06-19 12:09:48,REAL,2733936359,494,2733936853,2733936853
2025-06-19 12:09:50,REAL,2733936853,478,2733937331,2733937331
2025-06-19 12:09:52,REAL,2733937331,482,2733937813,2733937813
2025-06-19 12:09:54,REAL,2733937813,491,2733938304,2733938304
2025-06-19 12:09:56,REAL,2733938304,485,2733938789,2733938789
2025-06-19 12:09:58,REAL,2733938789,485,2733939274,2733939274
2025-06-19 12:10:00,REAL,2733939274,479,2733939753,2733939753
2025-06-19 12:10:02,REAL,2733939753,478,2733940231,2733940231
2025-06-19 12:10:04,REAL,2733940231,483,2733940714,2733940714
2025-06-19 12:10:06,REAL,2733940714,547,2733941261,2733941261
2025-06-19 12:10:08,REAL,2733941261,4982,2733946243,2733946243
2025-06-19 12:10:10,REAL,2733946243,11237,2733957480,2733957480
2025-06-19 12:10:12,REAL,2733957480,10249,2733967729,2733967729
2025-06-19 12:10:14,REAL,2733967729,10250,2733977979,2733977979
2025-06-19 12:10:16,REAL,2733977979,10255,2733988234,2733988234
2025-06-19 12:10:18,REAL,2733988234,10321,2733998555,2733998555
2025-06-19 12:10:20,REAL,2733998555,10253,2734008808,2734008808
2025-06-19 12:10:22,REAL,2734008808,10261,2734019069,2734019069
2025-06-19 12:10:24,REAL,2734019069,1404,2734020473,2734020473
2025-06-19 12:10:26,REAL,2734020473,483,2734020956,2734020956
2025-06-19 12:10:28,REAL,2734020956,478,2734021434,2734021434
2025-06-19 12:10:30,REAL,2734021434,11377,2734032811,2734032811
2025-06-19 12:10:32,REAL,2734032811,10261,2734043072,2734043072
2025-06-19 12:10:34,REAL,2734043072,10247,2734053319,2734053319
2025-06-19 12:10:36,REAL,2734053319,10255,2734063574,2734063574
2025-06-19 12:10:38,REAL,2734063574,10251,2734073825,2734073825
2025-06-19 12:10:40,REAL,2734073825,10313,2734084138,2734084138
2025-06-19 12:10:42,REAL,2734084138,10254,2734094392,2734094392
2025-06-19 12:10:44,REAL,2734094392,5893,2734100285,2734100285
2025-06-19 12:10:46,REAL,2734100285,483,2734100768,2734100768
2025-06-19 12:10:48,REAL,2734100768,489,2734101257,2734101257
2025-06-19 12:10:50,REAL,2734101257,5838,2734107095,2734107095
2025-06-19 12:10:52,REAL,2734107095,11241,2734118336,2734118336
2025-06-19 12:10:54,REAL,2734118336,10258,2734128594,2734128594
2025-06-19 12:10:56,REAL,2734128594,10378,2734138972,2734138972
2025-06-19 12:10:58,REAL,2734138972,10249,2734149221,2734149221
2025-06-19 12:11:00,REAL,2734149221,10251,2734159472,2734159472
2025-06-19 12:11:02,REAL,2734159472,10257,2734169729,2734169729
2025-06-19 12:11:04,REAL,2734169729,10315,2734180044,2734180044
2025-06-19 12:11:06,REAL,2734180044,691,2734180735,2734180735
2025-06-19 12:11:08,REAL,2734180735,476,2734181211,2734181211
2025-06-19 12:11:10,REAL,2734181211,485,2734181696,2734181696
2025-06-19 12:11:12,REAL,2734181696,16074,2734197770,2734197770
2025-06-19 12:11:14,REAL,2734197770,10249,2734208019,2734208019
2025-06-19 12:11:16,REAL,2734208019,10318,2734218337,2734218337
2025-06-19 12:11:18,REAL,2734218337,10249,2734228586,2734228586
2025-06-19 12:11:20,REAL,2734228586,10247,2734238833,2734238833
2025-06-19 12:11:22,REAL,2734238833,10315,2734249148,2734249148
2025-06-19 12:11:24,REAL,2734249148,10255,2734259403,2734259403
2025-06-19 12:11:26,REAL,2734259403,5433,2734264836,2734264836
2025-06-19 12:11:28,REAL,2734264836,483,2734265319,2734265319
2025-06-19 12:11:30,REAL,2734265319,478,2734265797,2734265797
2025-06-19 12:11:32,REAL,2734265797,489,2734266286,2734266286
2025-06-19 12:11:34,REAL,2734266286,485,2734266771,2734266771
2025-06-19 12:11:36,REAL,2734266771,483,2734267254,2734267254
2025-06-19 12:11:38,REAL,2734267254,482,2734267736,2734267736
2025-06-19 12:11:40,REAL,2734267736,479,2734268215,2734268215
2025-06-19 12:11:42,REAL,2734268215,751,2734268966,2734268966
2025-06-19 12:11:44,REAL,2734268966,11841,2734280807,2734280807
2025-06-19 12:11:46,REAL,2734280807,10258,2734291065,2734291065
2025-06-19 12:11:48,REAL,2734291065,10306,2734301371,2734301371
2025-06-19 12:11:50,REAL,2734301371,10249,2734311620,2734311620
2025-06-19 12:11:52,REAL,2734311620,10312,2734321932,2734321932
2025-06-19 12:11:54,REAL,2734321932,10246,2734332178,2734332178
2025-06-19 12:11:56,REAL,2734332178,10255,2734342433,2734342433
2025-06-19 12:11:58,REAL,2734342433,4776,2734347209,2734347209
2025-06-19 12:12:00,REAL,2734347209,489,2734347698,2734347698
2025-06-19 12:12:02,REAL,2734347698,482,2734348180,2734348180
2025-06-19 12:12:04,REAL,2734348180,485,2734348665,2734348665
2025-06-19 12:12:06,REAL,2734348665,483,2734349148,2734349148
2025-06-19 12:12:08,REAL,2734349148,482,2734349630,2734349630
2025-06-19 12:12:10,REAL,2734349630,482,2734350112,2734350112
2025-06-19 12:12:12,REAL,2734350112,488,2734350600,2734350600
2025-06-19 12:12:14,REAL,2734350600,484,2734351084,2734351084
2025-06-19 12:12:16,REAL,2734351084,484,2734351568,2734351568
2025-06-19 12:12:18,REAL,2734351568,482,2734352050,2734352050
2025-06-19 12:12:20,REAL,2734352050,480,2734352530,2734352530
2025-06-19 12:12:22,REAL,2734352530,484,2734353014,2734353014
2025-06-19 12:12:24,REAL,2734353014,487,2734353501,2734353501
2025-06-19 12:12:26,REAL,2734353501,490,2734353991,2734353991
2025-06-19 12:12:28,REAL,2734353991,533,2734354524,2734354524
2025-06-19 12:12:30,REAL,2734354524,490,2734355014,2734355014
2025-06-19 12:12:32,REAL,2734355014,544,2734355558,2734355558
2025-06-19 12:12:34,REAL,2734355558,483,2734356041,2734356041
2025-06-19 12:12:36,REAL,2734356041,488,2734356529,2734356529
2025-06-19 12:12:38,REAL,2734356529,484,2734357013,2734357013
2025-06-19 12:12:40,REAL,2734357013,476,2734357489,2734357489
2025-06-19 12:12:42,REAL,2734357489,483,2734357972,2734357972
2025-06-19 12:12:44,REAL,2734357972,485,2734358457,2734358457
2025-06-19 12:12:46,REAL,2734358457,474,2734358931,2734358931
2025-06-19 12:12:48,REAL,2734358931,483,2734359414,2734359414
2025-06-19 12:12:50,REAL,2734359414,488,2734359902,2734359902
2025-06-19 12:12:52,REAL,2734359902,486,2734360388,2734360388
2025-06-19 12:12:54,REAL,2734360388,485,2734360873,2734360873
2025-06-19 12:12:56,REAL,2734360873,485,2734361358,2734361358
2025-06-19 12:12:58,REAL,2734361358,487,2734361845,2734361845
2025-06-19 12:13:00,REAL,2734361845,482,2734362327,2734362327
2025-06-19 12:13:02,REAL,2734362327,541,2734362868,2734362868
2025-06-19 12:13:04,REAL,2734362868,481,2734363349,2734363349
2025-06-19 12:13:06,REAL,2734363349,483,2734363832,2734363832
2025-06-19 12:13:08,REAL,2734363832,484,2734364316,2734364316
2025-06-19 12:13:10,REAL,2734364316,540,2734364856,2734364856
2025-06-19 12:13:12,REAL,2734364856,481,2734365337,2734365337
2025-06-19 12:13:14,REAL,2734365337,491,2734365828,2734365828
2025-06-19 12:13:16,REAL,2734365828,484,2734366312,2734366312
2025-06-19 12:13:18,REAL,2734366312,484,2734366796,2734366796
2025-06-19 12:13:20,REAL,2734366796,478,2734367274,2734367274
2025-06-19 12:13:22,REAL,2734367274,490,2734367764,2734367764
2025-06-19 12:13:24,REAL,2734367764,487,2734368251,2734368251
2025-06-19 12:13:26,REAL,2734368251,487,2734368738,2734368738
2025-06-19 12:13:28,REAL,2734368738,484,2734369222,2734369222
2025-06-19 12:13:30,REAL,2734369222,480,2734369702,2734369702
2025-06-19 12:13:32,REAL,2734369702,541,2734370243,2734370243
2025-06-19 12:13:34,REAL,2734370243,489,2734370732,2734370732
2025-06-19 12:13:36,REAL,2734370732,482,2734371214,2734371214
2025-06-19 12:13:38,REAL,2734371214,490,2734371704,2734371704
2025-06-19 12:13:40,REAL,2734371704,480,2734372184,2734372184
2025-06-19 12:13:42,REAL,2734372184,483,2734372667,2734372667
2025-06-19 12:13:44,REAL,2734372667,11729,2734384396,2734384396
2025-06-19 12:13:46,REAL,2734384396,10646,2734395042,2734395042
2025-06-19 12:13:48,REAL,2734395042,10250,2734405292,2734405292
2025-06-19 12:13:50,REAL,2734405292,10311,2734415603,2734415603
2025-06-19 12:13:52,REAL,2734415603,10322,2734425925,2734425925
2025-06-19 12:13:54,REAL,2734425925,10252,2734436177,2734436177
2025-06-19 12:13:56,REAL,2734436177,10316,2734446493,2734446493
2025-06-19 12:13:58,REAL,2734446493,7940,2734454433,2734454433
2025-06-19 12:14:00,REAL,2734454433,481,2734454914,2734454914
2025-06-19 12:14:02,REAL,2734454914,477,2734455391,2734455391
2025-06-19 12:14:04,REAL,2734455391,484,2734455875,2734455875
2025-06-19 12:14:06,REAL,2734455875,474,2734456349,2734456349
2025-06-19 12:14:08,REAL,2734456349,484,2734456833,2734456833
2025-06-19 12:14:10,REAL,2734456833,479,2734457312,2734457312
2025-06-19 12:14:12,REAL,2734457312,540,2734457852,2734457852
2025-06-19 12:14:14,REAL,2734457852,479,2734458331,2734458331
2025-06-19 12:14:16,REAL,2734458331,11976,2734470307,2734470307
2025-06-19 12:14:18,REAL,2734470307,10380,2734480687,2734480687
2025-06-19 12:14:20,REAL,2734480687,10250,2734490937,2734490937
2025-06-19 12:14:22,REAL,2734490937,10246,2734501183,2734501183
2025-06-19 12:14:24,REAL,2734501183,10312,2734511495,2734511495
2025-06-19 12:14:26,REAL,2734511495,10251,2734521746,2734521746
2025-06-19 12:14:28,REAL,2734521746,10247,2734531993,2734531993
2025-06-19 12:14:30,REAL,2734531993,7339,2734539332,2734539332
2025-06-19 12:14:32,REAL,2734539332,479,2734539811,2734539811
2025-06-19 12:14:34,REAL,2734539811,485,2734540296,2734540296
2025-06-19 12:14:36,REAL,2734540296,4584,2734544880,2734544880
2025-06-19 12:14:38,REAL,2734544880,11059,2734555939,2734555939
2025-06-19 12:14:40,REAL,2734555939,10255,2734566194,2734566194
2025-06-19 12:14:42,REAL,2734566194,10251,2734576445,2734576445
2025-06-19 12:14:44,REAL,2734576445,10322,2734586767,2734586767
2025-06-19 12:14:46,REAL,2734586767,10258,2734597025,2734597025
2025-06-19 12:14:48,REAL,2734597025,10250,2734607275,2734607275
2025-06-19 12:14:50,REAL,2734607275,10257,2734617532,2734617532
2025-06-19 12:14:52,REAL,2734617532,2065,2734619597,2734619597
2025-06-19 12:14:54,REAL,2734619597,483,2734620080,2734620080
2025-06-19 12:14:56,REAL,2734620080,484,2734620564,2734620564
2025-06-19 12:14:58,REAL,2734620564,10590,2734631154,2734631154
2025-06-19 12:15:00,REAL,2734631154,10453,2734641607,2734641607
2025-06-19 12:15:02,REAL,2734641607,10261,2734651868,2734651868
2025-06-19 12:15:04,REAL,2734651868,10319,2734662187,2734662187
2025-06-19 12:15:06,REAL,2734662187,10254,2734672441,2734672441
2025-06-19 12:15:08,REAL,2734672441,10257,2734682698,2734682698
2025-06-19 12:15:10,REAL,2734682698,10250,2734692948,2734692948
2025-06-19 12:15:12,REAL,2734692948,6748,2734699696,2734699696
2025-06-19 12:15:14,REAL,2734699696,481,2734700177,2734700177
2025-06-19 12:15:16,REAL,2734700177,475,2734700652,2734700652
2025-06-19 12:15:18,REAL,2734700652,482,2734701134,2734701134
2025-06-19 12:15:20,REAL,2734701134,487,2734701621,2734701621
2025-06-19 12:15:22,REAL,2734701621,492,2734702113,2734702113
2025-06-19 12:15:24,REAL,2734702113,481,2734702594,2734702594
2025-06-19 12:15:26,REAL,2734702594,482,2734703076,2734703076
2025-06-19 12:15:28,REAL,2734703076,542,2734703618,2734703618
2025-06-19 12:15:30,REAL,2734703618,493,2734704111,2734704111
2025-06-19 12:15:32,REAL,2734704111,483,2734704594,2734704594
2025-06-19 12:15:34,REAL,2734704594,486,2734705080,2734705080
2025-06-19 12:15:36,REAL,2734705080,484,2734705564,2734705564
2025-06-19 12:15:38,REAL,2734705564,483,2734706047,2734706047
2025-06-19 12:15:40,REAL,2734706047,486,2734706533,2734706533
2025-06-19 12:15:42,REAL,2734706533,478,2734707011,2734707011
2025-06-19 12:15:44,REAL,2734707011,486,2734707497,2734707497
2025-06-19 12:15:46,REAL,2734707497,494,2734707991,2734707991
2025-06-19 12:15:48,REAL,2734707991,479,2734708470,2734708470
2025-06-19 12:15:50,REAL,2734708470,485,2734708955,2734708955
2025-06-19 12:15:52,REAL,2734708955,539,2734709494,2734709494
2025-06-19 12:15:54,REAL,2734709494,482,2734709976,2734709976
2025-06-19 12:15:56,REAL,2734709976,483,2734710459,2734710459
2025-06-19 12:15:58,REAL,2734710459,537,2734710996,2734710996
2025-06-19 12:16:00,REAL,2734710996,478,2734711474,2734711474
2025-06-19 12:16:02,REAL,2734711474,485,2734711959,2734711959
2025-06-19 12:16:04,REAL,2734711959,489,2734712448,2734712448
2025-06-19 12:16:06,REAL,2734712448,482,2734712930,2734712930
2025-06-19 12:16:08,REAL,2734712930,481,2734713411,2734713411
2025-06-19 12:16:10,REAL,2734713411,489,2734713900,2734713900
2025-06-19 12:16:12,REAL,2734713900,482,2734714382,2734714382
2025-06-19 12:16:14,REAL,2734714382,478,2734714860,2734714860
2025-06-19 12:16:16,REAL,2734714860,490,2734715350,2734715350
2025-06-19 12:16:18,REAL,2734715350,494,2734715844,2734715844
2025-06-19 12:16:20,REAL,2734715844,489,2734716333,2734716333
2025-06-19 12:16:22,REAL,2734716333,477,2734716810,2734716810
2025-06-19 12:16:24,REAL,2734716810,488,2734717298,2734717298
2025-06-19 12:16:26,REAL,2734717298,482,2734717780,2734717780
2025-06-19 12:16:28,REAL,2734717780,535,2734718315,2734718315
2025-06-19 12:16:30,REAL,2734718315,487,2734718802,2734718802
2025-06-19 12:16:32,REAL,2734718802,484,2734719286,2734719286
2025-06-19 12:16:34,REAL,2734719286,546,2734719832,2734719832
2025-06-19 12:16:36,REAL,2734719832,482,2734720314,2734720314
2025-06-19 12:16:38,REAL,2734720314,491,2734720805,2734720805
2025-06-19 12:16:40,REAL,2734720805,477,2734721282,2734721282
2025-06-19 12:16:42,REAL,2734721282,481,2734721763,2734721763
2025-06-19 12:16:44,REAL,2734721763,488,2734722251,2734722251
2025-06-19 12:16:46,REAL,2734722251,483,2734722734,2734722734
2025-06-19 12:16:48,REAL,2734722734,477,2734723211,2734723211
2025-06-19 12:16:50,REAL,2734723211,490,2734723701,2734723701
2025-06-19 12:16:52,REAL,2734723701,489,2734724190,2734724190
2025-06-19 12:16:54,REAL,2734724190,485,2734724675,2734724675
2025-06-19 12:16:56,REAL,2734724675,486,2734725161,2734725161
2025-06-19 12:16:58,REAL,2734725161,485,2734725646,2734725646
2025-06-19 12:17:00,REAL,2734725646,533,2734726179,2734726179
2025-06-19 12:17:02,REAL,2734726179,546,2734726725,2734726725
2025-06-19 12:17:04,REAL,2734726725,488,2734727213,2734727213
2025-06-19 12:17:06,REAL,2734727213,474,2734727687,2734727687
2025-06-19 12:17:08,REAL,2734727687,485,2734728172,2734728172
2025-06-19 12:17:10,REAL,2734728172,480,2734728652,2734728652
2025-06-19 12:17:12,REAL,2734728652,487,2734729139,2734729139
2025-06-19 12:17:14,REAL,2734729139,490,2734729629,2734729629
2025-06-19 12:17:16,REAL,2734729629,482,2734730111,2734730111
2025-06-19 12:17:18,REAL,2734730111,492,2734730603,2734730603
2025-06-19 12:17:20,REAL,2734730603,482,2734731085,2734731085
2025-06-19 12:17:22,REAL,2734731085,475,2734731560,2734731560
2025-06-19 12:17:24,REAL,2734731560,484,2734732044,2734732044
2025-06-19 12:17:26,REAL,2734732044,477,2734732521,2734732521
2025-06-19 12:17:28,REAL,2734732521,479,2734733000,2734733000
2025-06-19 12:17:30,REAL,2734733000,537,2734733537,2734733537
2025-06-19 12:17:32,REAL,2734733537,483,2734734020,2734734020
2025-06-19 12:17:34,REAL,2734734020,538,2734734558,2734734558
2025-06-19 12:17:36,REAL,2734734558,486,2734735044,2734735044
2025-06-19 12:17:38,REAL,2734735044,485,2734735529,2734735529
2025-06-19 12:17:40,REAL,2734735529,479,2734736008,2734736008
2025-06-19 12:17:42,REAL,2734736008,478,2734736486,2734736486
2025-06-19 12:17:44,REAL,2734736486,486,2734736972,2734736972
2025-06-19 12:17:46,REAL,2734736972,486,2734737458,2734737458
2025-06-19 12:17:48,REAL,2734737458,480,2734737938,2734737938
2025-06-19 12:17:50,REAL,2734737938,486,2734738424,2734738424
2025-06-19 12:17:52,REAL,2734738424,486,2734738910,2734738910
2025-06-19 12:17:54,REAL,2734738910,483,2734739393,2734739393
2025-06-19 12:17:56,REAL,2734739393,483,2734739876,2734739876
2025-06-19 12:17:58,REAL,2734739876,486,2734740362,2734740362
2025-06-19 12:18:00,REAL,2734740362,538,2734740900,2734740900
2025-06-19 12:18:02,REAL,2734740900,486,2734741386,2734741386
2025-06-19 12:18:04,REAL,2734741386,541,2734741927,2734741927
2025-06-19 12:18:06,REAL,2734741927,488,2734742415,2734742415
2025-06-19 12:18:08,REAL,2734742415,480,2734742895,2734742895
2025-06-19 12:18:10,REAL,2734742895,477,2734743372,2734743372
2025-06-19 12:18:12,REAL,2734743372,488,2734743860,2734743860
2025-06-19 12:18:14,REAL,2734743860,480,2734744340,2734744340
2025-06-19 12:18:16,REAL,2734744340,483,2734744823,2734744823
2025-06-19 12:18:18,REAL,2734744823,3006,2734747829,2734747829
2025-06-19 12:18:20,REAL,2734747829,11772,2734759601,2734759601
2025-06-19 12:18:22,REAL,2734759601,10254,2734769855,2734769855
2025-06-19 12:18:24,REAL,2734769855,10321,2734780176,2734780176
2025-06-19 12:18:26,REAL,2734780176,10256,2734790432,2734790432
2025-06-19 12:18:28,REAL,2734790432,10319,2734800751,2734800751
2025-06-19 12:18:30,REAL,2734800751,10243,2734810994,2734810994
2025-06-19 12:18:32,REAL,2734810994,10310,2734821304,2734821304
2025-06-19 12:18:34,REAL,2734821304,3121,2734824425,2734824425
2025-06-19 12:18:36,REAL,2734824425,482,2734824907,2734824907
2025-06-19 12:18:38,REAL,2734824907,492,2734825399,2734825399
2025-06-19 12:18:40,REAL,2734825399,479,2734825878,2734825878
2025-06-19 12:18:42,REAL,2734825878,482,2734826360,2734826360
2025-06-19 12:18:44,REAL,2734826360,485,2734826845,2734826845
2025-06-19 12:18:46,REAL,2734826845,488,2734827333,2734827333
2025-06-19 12:18:48,REAL,2734827333,482,2734827815,2734827815
2025-06-19 12:18:50,REAL,2734827815,543,2734828358,2734828358
2025-06-19 12:18:52,REAL,2734828358,486,2734828844,2734828844
2025-06-19 12:18:54,REAL,2734828844,491,2734829335,2734829335
2025-06-19 12:18:56,REAL,2734829335,491,2734829826,2734829826
2025-06-19 12:18:58,REAL,2734829826,479,2734830305,2734830305
2025-06-19 12:19:00,REAL,2734830305,482,2734830787,2734830787
2025-06-19 12:19:02,REAL,2734830787,486,2734831273,2734831273
2025-06-19 12:19:04,REAL,2734831273,537,2734831810,2734831810
2025-06-19 12:19:06,REAL,2734831810,484,2734832294,2734832294
2025-06-19 12:19:08,REAL,2734832294,487,2734832781,2734832781
2025-06-19 12:19:10,REAL,2734832781,481,2734833262,2734833262
2025-06-19 12:19:12,REAL,2734833262,12246,2734845508,2734845508
2025-06-19 12:19:14,REAL,2734845508,11040,2734856548,2734856548
2025-06-19 12:19:16,REAL,2734856548,10314,2734866862,2734866862
2025-06-19 12:19:18,REAL,2734866862,10319,2734877181,2734877181
2025-06-19 12:19:20,REAL,2734877181,10191,2734887372,2734887372
2025-06-19 12:19:22,REAL,2734887372,10320,2734897692,2734897692
2025-06-19 12:19:24,REAL,2734897692,10260,2734907952,2734907952
2025-06-19 12:19:26,REAL,2734907952,7147,2734915099,2734915099
2025-06-19 12:19:28,REAL,2734915099,487,2734915586,2734915586
2025-06-19 12:19:30,REAL,2734915586,478,2734916064,2734916064
2025-06-19 12:19:32,REAL,2734916064,483,2734916547,2734916547
2025-06-19 12:19:34,REAL,2734916547,547,2734917094,2734917094
2025-06-19 12:19:36,REAL,2734917094,486,2734917580,2734917580
2025-06-19 12:19:38,REAL,2734917580,481,2734918061,2734918061
2025-06-19 12:19:40,REAL,2734918061,481,2734918542,2734918542
2025-06-19 12:19:42,REAL,2734918542,541,2734919083,2734919083
2025-06-19 12:19:44,REAL,2734919083,13106,2734932189,2734932189
2025-06-19 12:19:46,REAL,2734932189,10714,2734942903,2734942903
2025-06-19 12:19:48,REAL,2734942903,10253,2734953156,2734953156
2025-06-19 12:19:50,REAL,2734953156,10245,2734963401,2734963401
2025-06-19 12:19:52,REAL,2734963401,10320,2734973721,2734973721
2025-06-19 12:19:54,REAL,2734973721,10258,2734983979,2734983979
2025-06-19 12:19:56,REAL,2734983979,10252,2734994231,2734994231
2025-06-19 12:19:58,REAL,2734994231,6489,2735000720,2735000720
2025-06-19 12:20:00,REAL,2735000720,481,2735001201,2735001201
2025-06-19 12:20:02,REAL,2735001201,482,2735001683,2735001683
2025-06-19 12:20:04,REAL,2735001683,531,2735002214,2735002214
2025-06-19 12:20:06,REAL,2735002214,488,2735002702,2735002702
2025-06-19 12:20:08,REAL,2735002702,486,2735003188,2735003188
2025-06-19 12:20:10,REAL,2735003188,476,2735003664,2735003664
2025-06-19 12:20:12,REAL,2735003664,481,2735004145,2735004145
2025-06-19 12:20:14,REAL,2735004145,541,2735004686,2735004686
2025-06-19 12:20:16,REAL,2735004686,11179,2735015865,2735015865
2025-06-19 12:20:18,REAL,2735015865,10317,2735026182,2735026182
2025-06-19 12:20:20,REAL,2735026182,10254,2735036436,2735036436
2025-06-19 12:20:22,REAL,2735036436,10320,2735046756,2735046756
2025-06-19 12:20:24,REAL,2735046756,10252,2735057008,2735057008
2025-06-19 12:20:26,REAL,2735057008,10316,2735067324,2735067324
2025-06-19 12:20:28,REAL,2735067324,10247,2735077571,2735077571
2025-06-19 12:20:30,REAL,2735077571,5894,2735083465,2735083465
2025-06-19 12:20:32,REAL,2735083465,492,2735083957,2735083957
2025-06-19 12:20:34,REAL,2735083957,484,2735084441,2735084441
2025-06-19 12:20:36,REAL,2735084441,536,2735084977,2735084977
2025-06-19 12:20:38,REAL,2735084977,483,2735085460,2735085460
2025-06-19 12:20:40,REAL,2735085460,490,2735085950,2735085950
2025-06-19 12:20:42,REAL,2735085950,485,2735086435,2735086435
2025-06-19 12:20:44,REAL,2735086435,537,2735086972,2735086972
2025-06-19 12:20:46,REAL,2735086972,488,2735087460,2735087460
2025-06-19 12:20:48,REAL,2735087460,479,2735087939,2735087939
2025-06-19 12:20:50,REAL,2735087939,486,2735088425,2735088425
2025-06-19 12:20:52,REAL,2735088425,483,2735088908,2735088908
2025-06-19 12:20:54,REAL,2735088908,491,2735089399,2735089399
2025-06-19 12:20:56,REAL,2735089399,474,2735089873,2735089873
2025-06-19 12:20:58,REAL,2735089873,487,2735090360,2735090360
2025-06-19 12:21:00,REAL,2735090360,484,2735090844,2735090844
2025-06-19 12:21:02,REAL,2735090844,483,2735091327,2735091327
2025-06-19 12:21:04,REAL,2735091327,483,2735091810,2735091810
2025-06-19 12:21:06,REAL,2735091810,536,2735092346,2735092346
2025-06-19 12:21:08,REAL,2735092346,482,2735092828,2735092828
2025-06-19 12:21:10,REAL,2735092828,476,2735093304,2735093304
2025-06-19 12:21:12,REAL,2735093304,478,2735093782,2735093782
2025-06-19 12:21:14,REAL,2735093782,550,2735094332,2735094332
2025-06-19 12:21:16,REAL,2735094332,490,2735094822,2735094822
2025-06-19 12:21:18,REAL,2735094822,485,2735095307,2735095307
2025-06-19 12:21:20,REAL,2735095307,486,2735095793,2735095793
2025-06-19 12:21:22,REAL,2735095793,490,2735096283,2735096283
2025-06-19 12:21:24,REAL,2735096283,492,2735096775,2735096775
2025-06-19 12:21:26,REAL,2735096775,476,2735097251,2735097251
2025-06-19 12:21:28,REAL,2735097251,479,2735097730,2735097730
2025-06-19 12:21:30,REAL,2735097730,478,2735098208,2735098208
2025-06-19 12:21:32,REAL,2735098208,477,2735098685,2735098685
2025-06-19 12:21:34,REAL,2735098685,7294,2735105979,2735105979
2025-06-19 12:21:36,REAL,2735105979,11041,2735117020,2735117020
2025-06-19 12:21:38,REAL,2735117020,10248,2735127268,2735127268
2025-06-19 12:21:40,REAL,2735127268,10255,2735137523,2735137523
2025-06-19 12:21:42,REAL,2735137523,10317,2735147840,2735147840
2025-06-19 12:21:44,REAL,2735147840,10243,2735158083,2735158083
2025-06-19 12:21:46,REAL,2735158083,10243,2735168326,2735168326
2025-06-19 12:21:48,REAL,2735168326,9594,2735177920,2735177920
2025-06-19 12:21:50,REAL,2735177920,491,2735178411,2735178411
2025-06-19 12:21:52,REAL,2735178411,487,2735178898,2735178898
2025-06-19 12:21:54,REAL,2735178898,491,2735179389,2735179389
2025-06-19 12:21:56,REAL,2735179389,486,2735179875,2735179875
2025-06-19 12:21:58,REAL,2735179875,484,2735180359,2735180359
2025-06-19 12:22:00,REAL,2735180359,490,2735180849,2735180849
2025-06-19 12:22:02,REAL,2735180849,479,2735181328,2735181328
2025-06-19 12:22:04,REAL,2735181328,491,2735181819,2735181819
2025-06-19 12:22:06,REAL,2735181819,533,2735182352,2735182352
2025-06-19 12:22:08,REAL,2735182352,483,2735182835,2735182835
2025-06-19 12:22:10,REAL,2735182835,481,2735183316,2735183316
2025-06-19 12:22:12,REAL,2735183316,492,2735183808,2735183808
2025-06-19 12:22:14,REAL,2735183808,536,2735184344,2735184344
2025-06-19 12:22:16,REAL,2735184344,491,2735184835,2735184835
2025-06-19 12:22:18,REAL,2735184835,489,2735185324,2735185324
2025-06-19 12:22:20,REAL,2735185324,483,2735185807,2735185807
2025-06-19 12:22:22,REAL,2735185807,490,2735186297,2735186297
2025-06-19 12:22:24,REAL,2735186297,481,2735186778,2735186778
2025-06-19 12:22:26,REAL,2735186778,486,2735187264,2735187264
2025-06-19 12:22:28,REAL,2735187264,481,2735187745,2735187745
2025-06-19 12:22:30,REAL,2735187745,483,2735188228,2735188228
2025-06-19 12:22:32,REAL,2735188228,477,2735188705,2735188705
2025-06-19 12:22:34,REAL,2735188705,537,2735189242,2735189242
2025-06-19 12:22:36,REAL,2735189242,486,2735189728,2735189728
2025-06-19 12:22:38,REAL,2735189728,488,2735190216,2735190216
2025-06-19 12:22:40,REAL,2735190216,488,2735190704,2735190704
2025-06-19 12:22:42,REAL,2735190704,481,2735191185,2735191185
2025-06-19 12:22:44,REAL,2735191185,483,2735191668,2735191668
2025-06-19 12:22:46,REAL,2735191668,494,2735192162,2735192162
2025-06-19 12:22:48,REAL,2735192162,482,2735192644,2735192644
2025-06-19 12:22:50,REAL,2735192644,540,2735193184,2735193184
2025-06-19 12:22:52,REAL,2735193184,484,2735193668,2735193668
2025-06-19 12:22:54,REAL,2735193668,480,2735194148,2735194148
2025-06-19 12:22:56,REAL,2735194148,488,2735194636,2735194636
2025-06-19 12:22:58,REAL,2735194636,487,2735195123,2735195123
2025-06-19 12:23:00,REAL,2735195123,484,2735195607,2735195607
2025-06-19 12:23:02,REAL,2735195607,488,2735196095,2735196095
2025-06-19 12:23:04,REAL,2735196095,487,2735196582,2735196582
2025-06-19 12:23:06,REAL,2735196582,545,2735197127,2735197127
2025-06-19 12:23:08,REAL,2735197127,487,2735197614,2735197614
2025-06-19 12:23:10,REAL,2735197614,478,2735198092,2735198092
2025-06-19 12:23:12,REAL,2735198092,484,2735198576,2735198576
2025-06-19 12:23:14,REAL,2735198576,484,2735199060,2735199060
2025-06-19 12:23:16,REAL,2735199060,485,2735199545,2735199545
2025-06-19 12:23:18,REAL,2735199545,485,2735200030,2735200030
2025-06-19 12:23:20,REAL,2735200030,482,2735200512,2735200512
2025-06-19 12:23:22,REAL,2735200512,483,2735200995,2735200995
2025-06-19 12:23:24,REAL,2735200995,482,2735201477,2735201477
2025-06-19 12:23:26,REAL,2735201477,486,2735201963,2735201963
2025-06-19 12:23:28,REAL,2735201963,532,2735202495,2735202495
2025-06-19 12:23:30,REAL,2735202495,532,2735203027,2735203027
2025-06-19 12:23:32,REAL,2735203027,485,2735203512,2735203512
2025-06-19 12:23:34,REAL,2735203512,489,2735204001,2735204001
2025-06-19 12:23:36,REAL,2735204001,479,2735204480,2735204480
2025-06-19 12:23:38,REAL,2735204480,476,2735204956,2735204956
2025-06-19 12:23:40,REAL,2735204956,483,2735205439,2735205439
2025-06-19 12:23:42,REAL,2735205439,481,2735205920,2735205920
2025-06-19 12:23:44,REAL,2735205920,488,2735206408,2735206408
2025-06-19 12:23:46,REAL,2735206408,485,2735206893,2735206893
2025-06-19 12:23:48,REAL,2735206893,483,2735207376,2735207376
2025-06-19 12:23:50,REAL,2735207376,482,2735207858,2735207858
2025-06-19 12:23:52,REAL,2735207858,9669,2735217527,2735217527
2025-06-19 12:23:54,REAL,2735217527,10321,2735227848,2735227848
2025-06-19 12:23:56,REAL,2735227848,10254,2735238102,2735238102
2025-06-19 12:23:58,REAL,2735238102,10312,2735248414,2735248414
2025-06-19 12:24:00,REAL,2735248414,10254,2735258668,2735258668
2025-06-19 12:24:02,REAL,2735258668,10257,2735268925,2735268925
2025-06-19 12:24:04,REAL,2735268925,10310,2735279235,2735279235
2025-06-19 12:24:06,REAL,2735279235,7011,2735286246,2735286246
2025-06-19 12:24:08,REAL,2735286246,484,2735286730,2735286730
2025-06-19 12:24:10,REAL,2735286730,486,2735287216,2735287216
2025-06-19 12:24:12,REAL,2735287216,483,2735287699,2735287699
2025-06-19 12:24:14,REAL,2735287699,485,2735288184,2735288184
2025-06-19 12:24:16,REAL,2735288184,537,2735288721,2735288721
2025-06-19 12:24:18,REAL,2735288721,488,2735289209,2735289209
2025-06-19 12:24:20,REAL,2735289209,484,2735289693,2735289693
2025-06-19 12:24:22,REAL,2735289693,484,2735290177,2735290177
2025-06-19 12:24:24,REAL,2735290177,10653,2735300830,2735300830
2025-06-19 12:24:26,REAL,2735300830,10322,2735311152,2735311152
2025-06-19 12:24:28,REAL,2735311152,10252,2735321404,2735321404
2025-06-19 12:24:30,REAL,2735321404,10320,2735331724,2735331724
2025-06-19 12:24:32,REAL,2735331724,10250,2735341974,2735341974
2025-06-19 12:24:34,REAL,2735341974,10258,2735352232,2735352232
2025-06-19 12:24:36,REAL,2735352232,10308,2735362540,2735362540
2025-06-19 12:24:38,REAL,2735362540,6350,2735368890,2735368890
2025-06-19 12:24:40,REAL,2735368890,492,2735369382,2735369382
2025-06-19 12:24:42,REAL,2735369382,481,2735369863,2735369863
2025-06-19 12:24:44,REAL,2735369863,5241,2735375104,2735375104
2025-06-19 12:24:46,REAL,2735375104,11381,2735386485,2735386485
2025-06-19 12:24:48,REAL,2735386485,10316,2735396801,2735396801
2025-06-19 12:24:50,REAL,2735396801,10243,2735407044,2735407044
2025-06-19 12:24:52,REAL,2735407044,10312,2735417356,2735417356
2025-06-19 12:24:54,REAL,2735417356,10255,2735427611,2735427611
2025-06-19 12:24:56,REAL,2735427611,10310,2735437921,2735437921
2025-06-19 12:24:58,REAL,2735437921,10318,2735448239,2735448239
2025-06-19 12:25:00,REAL,2735448239,1081,2735449320,2735449320
2025-06-19 12:25:02,REAL,2735449320,494,2735449814,2735449814
2025-06-19 12:25:04,REAL,2735449814,480,2735450294,2735450294
2025-06-19 12:25:06,REAL,2735450294,482,2735450776,2735450776
2025-06-19 12:25:08,REAL,2735450776,534,2735451310,2735451310
2025-06-19 12:25:10,REAL,2735451310,477,2735451787,2735451787
2025-06-19 12:25:12,REAL,2735451787,489,2735452276,2735452276
2025-06-19 12:25:14,REAL,2735452276,544,2735452820,2735452820
2025-06-19 12:25:16,REAL,2735452820,482,2735453302,2735453302
2025-06-19 12:25:18,REAL,2735453302,484,2735453786,2735453786
2025-06-19 12:25:20,REAL,2735453786,485,2735454271,2735454271
2025-06-19 12:25:22,REAL,2735454271,490,2735454761,2735454761
2025-06-19 12:25:24,REAL,2735454761,481,2735455242,2735455242
2025-06-19 12:25:26,REAL,2735455242,484,2735455726,2735455726
2025-06-19 12:25:28,REAL,2735455726,483,2735456209,2735456209
2025-06-19 12:25:30,REAL,2735456209,239,2735456448,2735456448
2025-06-19 12:25:32,REAL,2735456448,490,2735456938,2735456938
2025-06-19 12:25:34,REAL,2735456938,541,2735457479,2735457479
2025-06-19 12:25:36,REAL,2735457479,478,2735457957,2735457957
2025-06-19 12:25:38,REAL,2735457957,482,2735458439,2735458439
2025-06-19 12:25:40,REAL,2735458439,485,2735458924,2735458924
2025-06-19 12:25:42,REAL,2735458924,480,2735459404,2735459404
2025-06-19 12:25:44,REAL,2735459404,488,2735459892,2735459892
2025-06-19 12:25:46,REAL,2735459892,486,2735460378,2735460378
2025-06-19 12:25:48,REAL,2735460378,482,2735460860,2735460860
2025-06-19 12:25:50,REAL,2735460860,491,2735461351,2735461351
2025-06-19 12:25:52,REAL,2735461351,538,2735461889,2735461889
2025-06-19 12:25:54,REAL,2735461889,478,2735462367,2735462367
2025-06-19 12:25:56,REAL,2735462367,480,2735462847,2735462847
2025-06-19 12:25:58,REAL,2735462847,6955,2735469802,2735469802
2025-06-19 12:26:00,REAL,2735469802,11237,2735481039,2735481039
2025-06-19 12:26:02,REAL,2735481039,10324,2735491363,2735491363
2025-06-19 12:26:04,REAL,2735491363,10252,2735501615,2735501615
2025-06-19 12:26:06,REAL,2735501615,10312,2735511927,2735511927
2025-06-19 12:26:08,REAL,2735511927,10245,2735522172,2735522172
2025-06-19 12:26:10,REAL,2735522172,10328,2735532500,2735532500
2025-06-19 12:26:12,REAL,2735532500,9726,2735542226,2735542226
2025-06-19 12:26:14,REAL,2735542226,489,2735542715,2735542715
2025-06-19 12:26:16,REAL,2735542715,492,2735543207,2735543207
2025-06-19 12:26:18,REAL,2735543207,492,2735543699,2735543699
2025-06-19 12:26:20,REAL,2735543699,480,2735544179,2735544179
2025-06-19 12:26:22,REAL,2735544179,548,2735544727,2735544727
2025-06-19 12:26:24,REAL,2735544727,482,2735545209,2735545209
2025-06-19 12:26:26,REAL,2735545209,476,2735545685,2735545685
2025-06-19 12:26:28,REAL,2735545685,532,2735546217,2735546217
2025-06-19 12:26:30,REAL,2735546217,7618,2735553835,2735553835
2025-06-19 12:26:32,REAL,2735553835,10776,2735564611,2735564611
2025-06-19 12:26:34,REAL,2735564611,10258,2735574869,2735574869
2025-06-19 12:26:36,REAL,2735574869,10314,2735585183,2735585183
2025-06-19 12:26:38,REAL,2735585183,10244,2735595427,2735595427
2025-06-19 12:26:40,REAL,2735595427,10248,2735605675,2735605675
2025-06-19 12:26:42,REAL,2735605675,10316,2735615991,2735615991
2025-06-19 12:26:44,REAL,2735615991,9057,2735625048,2735625048
2025-06-19 12:26:46,REAL,2735625048,492,2735625540,2735625540
2025-06-19 12:26:48,REAL,2735625540,475,2735626015,2735626015
2025-06-19 12:26:50,REAL,2735626015,487,2735626502,2735626502
2025-06-19 12:26:52,REAL,2735626502,484,2735626986,2735626986
2025-06-19 12:26:54,REAL,2735626986,542,2735627528,2735627528
2025-06-19 12:26:56,REAL,2735627528,490,2735628018,2735628018
2025-06-19 12:26:58,REAL,2735628018,489,2735628507,2735628507
2025-06-19 12:27:00,REAL,2735628507,479,2735628986,2735628986
2025-06-19 12:27:02,REAL,2735628986,10188,2735639174,2735639174
2025-06-19 12:27:04,REAL,2735639174,12159,2735651333,2735651333
2025-06-19 12:27:06,REAL,2735651333,10327,2735661660,2735661660
2025-06-19 12:27:08,REAL,2735661660,10259,2735671919,2735671919
2025-06-19 12:27:10,REAL,2735671919,10249,2735682168,2735682168
2025-06-19 12:27:12,REAL,2735682168,10321,2735692489,2735692489
2025-06-19 12:27:14,REAL,2735692489,10250,2735702739,2735702739
2025-06-19 12:27:16,REAL,2735702739,8463,2735711202,2735711202
2025-06-19 12:27:18,REAL,2735711202,482,2735711684,2735711684
2025-06-19 12:27:20,REAL,2735711684,479,2735712163,2735712163
2025-06-19 12:27:22,REAL,2735712163,491,2735712654,2735712654
2025-06-19 12:27:24,REAL,2735712654,484,2735713138,2735713138
2025-06-19 12:27:26,REAL,2735713138,546,2735713684,2735713684
2025-06-19 12:27:28,REAL,2735713684,483,2735714167,2735714167
2025-06-19 12:27:30,REAL,2735714167,491,2735714658,2735714658
2025-06-19 12:27:32,REAL,2735714658,541,2735715199,2735715199
2025-06-19 12:27:34,REAL,2735715199,489,2735715688,2735715688
2025-06-19 12:27:36,REAL,2735715688,484,2735716172,2735716172
2025-06-19 12:27:38,REAL,2735716172,491,2735716663,2735716663
2025-06-19 12:27:40,REAL,2735716663,480,2735717143,2735717143
2025-06-19 12:27:42,REAL,2735717143,482,2735717625,2735717625
2025-06-19 12:27:44,REAL,2735717625,480,2735718105,2735718105
2025-06-19 12:27:46,REAL,2735718105,491,2735718596,2735718596
2025-06-19 12:27:48,REAL,2735718596,478,2735719074,2735719074
2025-06-19 12:27:50,REAL,2735719074,492,2735719566,2735719566
2025-06-19 12:27:52,REAL,2735719566,547,2735720113,2735720113
2025-06-19 12:27:54,REAL,2735720113,487,2735720600,2735720600
2025-06-19 12:27:56,REAL,2735720600,483,2735721083,2735721083
2025-06-19 12:27:58,REAL,2735721083,535,2735721618,2735721618
2025-06-19 12:28:00,REAL,2735721618,475,2735722093,2735722093
2025-06-19 12:28:02,REAL,2735722093,480,2735722573,2735722573
2025-06-19 12:28:04,REAL,2735722573,487,2735723060,2735723060
2025-06-19 12:28:06,REAL,2735723060,489,2735723549,2735723549
2025-06-19 12:28:08,REAL,2735723549,489,2735724038,2735724038
2025-06-19 12:28:10,REAL,2735724038,487,2735724525,2735724525
2025-06-19 12:28:12,REAL,2735724525,491,2735725016,2735725016
2025-06-19 12:28:14,REAL,2735725016,481,2735725497,2735725497
2025-06-19 12:28:16,REAL,2735725497,490,2735725987,2735725987
2025-06-19 12:28:18,REAL,2735725987,482,2735726469,2735726469
2025-06-19 12:28:20,REAL,2735726469,545,2735727014,2735727014
2025-06-19 12:28:22,REAL,2735727014,483,2735727497,2735727497
2025-06-19 12:28:24,REAL,2735727497,539,2735728036,2735728036
2025-06-19 12:28:26,REAL,2735728036,484,2735728520,2735728520
2025-06-19 12:28:28,REAL,2735728520,480,2735729000,2735729000
2025-06-19 12:28:30,REAL,2735729000,486,2735729486,2735729486
2025-06-19 12:28:32,REAL,2735729486,9999,2735739485,2735739485
2025-06-19 12:28:34,REAL,2735739485,10382,2735749867,2735749867
2025-06-19 12:28:36,REAL,2735749867,10316,2735760183,2735760183
2025-06-19 12:28:38,REAL,2735760183,10256,2735770439,2735770439
2025-06-19 12:28:40,REAL,2735770439,10319,2735780758,2735780758
2025-06-19 12:28:42,REAL,2735780758,10256,2735791014,2735791014
2025-06-19 12:28:44,REAL,2735791014,10325,2735801339,2735801339
2025-06-19 12:28:46,REAL,2735801339,6947,2735808286,2735808286
2025-06-19 12:28:48,REAL,2735808286,481,2735808767,2735808767
2025-06-19 12:28:50,REAL,2735808767,489,2735809256,2735809256
2025-06-19 12:28:52,REAL,2735809256,540,2735809796,2735809796
2025-06-19 12:28:54,REAL,2735809796,477,2735810273,2735810273
2025-06-19 12:28:56,REAL,2735810273,478,2735810751,2735810751
2025-06-19 12:28:58,REAL,2735810751,543,2735811294,2735811294
2025-06-19 12:29:00,REAL,2735811294,485,2735811779,2735811779
2025-06-19 12:29:02,REAL,2735811779,485,2735812264,2735812264
2025-06-19 12:29:04,REAL,2735812264,481,2735812745,2735812745
2025-06-19 12:29:06,REAL,2735812745,484,2735813229,2735813229
2025-06-19 12:29:08,REAL,2735813229,485,2735813714,2735813714
2025-06-19 12:29:10,REAL,2735813714,481,2735814195,2735814195
2025-06-19 12:29:12,REAL,2735814195,480,2735814675,2735814675
2025-06-19 12:29:14,REAL,2735814675,485,2735815160,2735815160
2025-06-19 12:29:16,REAL,2735815160,486,2735815646,2735815646
2025-06-19 12:29:18,REAL,2735815646,547,2735816193,2735816193
2025-06-19 12:29:20,REAL,2735816193,483,2735816676,2735816676
2025-06-19 12:29:22,REAL,2735816676,490,2735817166,2735817166
2025-06-19 12:29:24,REAL,2735817166,485,2735817651,2735817651
2025-06-19 12:29:26,REAL,2735817651,540,2735818191,2735818191
2025-06-19 12:29:28,REAL,2735818191,475,2735818666,2735818666
2025-06-19 12:29:30,REAL,2735818666,481,2735819147,2735819147
2025-06-19 12:29:32,REAL,2735819147,485,2735819632,2735819632
2025-06-19 12:29:34,REAL,2735819632,484,2735820116,2735820116
2025-06-19 12:29:36,REAL,2735820116,487,2735820603,2735820603
2025-06-19 12:29:38,REAL,2735820603,480,2735821083,2735821083
2025-06-19 12:29:40,REAL,2735821083,485,2735821568,2735821568
2025-06-19 12:29:42,REAL,2735821568,477,2735822045,2735822045
2025-06-19 12:29:44,REAL,2735822045,542,2735822587,2735822587
2025-06-19 12:29:46,REAL,2735822587,481,2735823068,2735823068
2025-06-19 12:29:48,REAL,2735823068,483,2735823551,2735823551
2025-06-19 12:29:50,REAL,2735823551,477,2735824028,2735824028
2025-06-19 12:29:52,REAL,2735824028,485,2735824513,2735824513
2025-06-19 12:29:54,REAL,2735824513,536,2735825049,2735825049
2025-06-19 12:29:56,REAL,2735825049,481,2735825530,2735825530
2025-06-19 12:29:58,REAL,2735825530,486,2735826016,2735826016
2025-06-19 12:30:00,REAL,2735826016,487,2735826503,2735826503
2025-06-19 12:30:02,REAL,2735826503,484,2735826987,2735826987
2025-06-19 12:30:04,REAL,2735826987,492,2735827479,2735827479
2025-06-19 12:30:06,REAL,2735827479,478,2735827957,2735827957
2025-06-19 12:30:08,REAL,2735827957,482,2735828439,2735828439
2025-06-19 12:30:10,REAL,2735828439,491,2735828930,2735828930
2025-06-19 12:30:12,REAL,2735828930,543,2735829473,2735829473
2025-06-19 12:30:14,REAL,2735829473,488,2735829961,2735829961
2025-06-19 12:30:16,REAL,2735829961,481,2735830442,2735830442
2025-06-19 12:30:18,REAL,2735830442,12173,2735842615,2735842615
2025-06-19 12:30:20,REAL,2735842615,10317,2735852932,2735852932
2025-06-19 12:30:22,REAL,2735852932,10311,2735863243,2735863243
2025-06-19 12:30:24,REAL,2735863243,10317,2735873560,2735873560
2025-06-19 12:30:26,REAL,2735873560,10262,2735883822,2735883822
2025-06-19 12:30:28,REAL,2735883822,10261,2735894083,2735894083
2025-06-19 12:30:30,REAL,2735894083,10253,2735904336,2735904336
2025-06-19 12:30:32,REAL,2735904336,5233,2735909569,2735909569
2025-06-19 12:30:34,REAL,2735909569,493,2735910062,2735910062
2025-06-19 12:30:36,REAL,2735910062,475,2735910537,2735910537
2025-06-19 12:30:38,REAL,2735910537,7085,2735917622,2735917622
2025-06-19 12:30:40,REAL,2735917622,10985,2735928607,2735928607
2025-06-19 12:30:42,REAL,2735928607,10261,2735938868,2735938868
2025-06-19 12:30:44,REAL,2735938868,10243,2735949111,2735949111
2025-06-19 12:30:46,REAL,2735949111,10322,2735959433,2735959433
2025-06-19 12:30:48,REAL,2735959433,10254,2735969687,2735969687
2025-06-19 12:30:50,REAL,2735969687,10257,2735979944,2735979944
2025-06-19 12:30:52,REAL,2735979944,9726,2735989670,2735989670
2025-06-19 12:30:54,REAL,2735989670,486,2735990156,2735990156
2025-06-19 12:30:56,REAL,2735990156,477,2735990633,2735990633
2025-06-19 12:30:58,REAL,2735990633,482,2735991115,2735991115
2025-06-19 12:31:00,REAL,2735991115,494,2735991609,2735991609
2025-06-19 12:31:02,REAL,2735991609,474,2735992083,2735992083
2025-06-19 12:31:04,REAL,2735992083,596,2735992679,2735992679
2025-06-19 12:31:06,REAL,2735992679,483,2735993162,2735993162
2025-06-19 12:31:08,REAL,2735993162,479,2735993641,2735993641
2025-06-19 12:31:10,REAL,2735993641,7879,2736001520,2736001520
2025-06-19 12:31:12,REAL,2736001520,10782,2736012302,2736012302
2025-06-19 12:31:14,REAL,2736012302,10246,2736022548,2736022548
2025-06-19 12:31:16,REAL,2736022548,10257,2736032805,2736032805
2025-06-19 12:31:18,REAL,2736032805,10262,2736043067,2736043067
2025-06-19 12:31:20,REAL,2736043067,10251,2736053318,2736053318
2025-06-19 12:31:22,REAL,2736053318,10253,2736063571,2736063571
2025-06-19 12:31:24,REAL,2736063571,9123,2736072694,2736072694
2025-06-19 12:31:26,REAL,2736072694,483,2736073177,2736073177
2025-06-19 12:31:28,REAL,2736073177,485,2736073662,2736073662
2025-06-19 12:31:30,REAL,2736073662,540,2736074202,2736074202
2025-06-19 12:31:32,REAL,2736074202,479,2736074681,2736074681
2025-06-19 12:31:34,REAL,2736074681,477,2736075158,2736075158
2025-06-19 12:31:36,REAL,2736075158,542,2736075700,2736075700
2025-06-19 12:31:38,REAL,2736075700,482,2736076182,2736076182
2025-06-19 12:31:40,REAL,2736076182,484,2736076666,2736076666
2025-06-19 12:31:42,REAL,2736076666,485,2736077151,2736077151
2025-06-19 12:31:44,REAL,2736077151,484,2736077635,2736077635
2025-06-19 12:31:46,REAL,2736077635,479,2736078114,2736078114
2025-06-19 12:31:48,REAL,2736078114,490,2736078604,2736078604
2025-06-19 12:31:50,REAL,2736078604,478,2736079082,2736079082
2025-06-19 12:31:52,REAL,2736079082,486,2736079568,2736079568
2025-06-19 12:31:54,REAL,2736079568,483,2736080051,2736080051
2025-06-19 12:31:56,REAL,2736080051,485,2736080536,2736080536
2025-06-19 12:31:58,REAL,2736080536,480,2736081016,2736081016
2025-06-19 12:32:00,REAL,2736081016,487,2736081503,2736081503
2025-06-19 12:32:02,REAL,2736081503,484,2736081987,2736081987
2025-06-19 12:32:04,REAL,2736081987,535,2736082522,2736082522
2025-06-19 12:32:06,REAL,2736082522,537,2736083059,2736083059
2025-06-19 12:32:08,REAL,2736083059,485,2736083544,2736083544
2025-06-19 12:32:10,REAL,2736083544,483,2736084027,2736084027
2025-06-19 12:32:12,REAL,2736084027,485,2736084512,2736084512
2025-06-19 12:32:14,REAL,2736084512,486,2736084998,2736084998
2025-06-19 12:32:16,REAL,2736084998,485,2736085483,2736085483
2025-06-19 12:32:18,REAL,2736085483,480,2736085963,2736085963
2025-06-19 12:32:20,REAL,2736085963,482,2736086445,2736086445
2025-06-19 12:32:22,REAL,2736086445,490,2736086935,2736086935
2025-06-19 12:32:24,REAL,2736086935,487,2736087422,2736087422
2025-06-19 12:32:26,REAL,2736087422,484,2736087906,2736087906
2025-06-19 12:32:28,REAL,2736087906,486,2736088392,2736088392
2025-06-19 12:32:30,REAL,2736088392,477,2736088869,2736088869
2025-06-19 12:32:32,REAL,2736088869,483,2736089352,2736089352
2025-06-19 12:32:34,REAL,2736089352,536,2736089888,2736089888
2025-06-19 12:32:36,REAL,2736089888,487,2736090375,2736090375
2025-06-19 12:32:38,REAL,2736090375,494,2736090869,2736090869
2025-06-19 12:32:40,REAL,2736090869,550,2736091419,2736091419
2025-06-19 12:32:42,REAL,2736091419,491,2736091910,2736091910
2025-06-19 12:32:44,REAL,2736091910,484,2736092394,2736092394
2025-06-19 12:32:46,REAL,2736092394,475,2736092869,2736092869
2025-06-19 12:32:48,REAL,2736092869,488,2736093357,2736093357
2025-06-19 12:32:50,REAL,2736093357,488,2736093845,2736093845
2025-06-19 12:32:52,REAL,2736093845,484,2736094329,2736094329
2025-06-19 12:32:54,REAL,2736094329,491,2736094820,2736094820
2025-06-19 12:32:56,REAL,2736094820,477,2736095297,2736095297
2025-06-19 12:32:58,REAL,2736095297,487,2736095784,2736095784
2025-06-19 12:33:00,REAL,2736095784,486,2736096270,2736096270
2025-06-19 12:33:02,REAL,2736096270,538,2736096808,2736096808
2025-06-19 12:33:04,REAL,2736096808,479,2736097287,2736097287
2025-06-19 12:33:06,REAL,2736097287,478,2736097765,2736097765
2025-06-19 12:33:08,REAL,2736097765,493,2736098258,2736098258
2025-06-19 12:33:10,REAL,2736098258,476,2736098734,2736098734
2025-06-19 12:33:12,REAL,2736098734,479,2736099213,2736099213
2025-06-19 12:33:14,REAL,2736099213,479,2736099692,2736099692
2025-06-19 12:33:16,REAL,2736099692,546,2736100238,2736100238
2025-06-19 12:33:18,REAL,2736100238,12177,2736112415,2736112415
2025-06-19 12:33:20,REAL,2736112415,10376,2736122791,2736122791
2025-06-19 12:33:22,REAL,2736122791,10311,2736133102,2736133102
2025-06-19 12:33:24,REAL,2736133102,10253,2736143355,2736143355
2025-06-19 12:33:26,REAL,2736143355,10249,2736153604,2736153604
2025-06-19 12:33:28,REAL,2736153604,10262,2736163866,2736163866
2025-06-19 12:33:30,REAL,2736163866,10258,2736174124,2736174124
2025-06-19 12:33:32,REAL,2736174124,6621,2736180745,2736180745
2025-06-19 12:33:34,REAL,2736180745,478,2736181223,2736181223
2025-06-19 12:33:36,REAL,2736181223,485,2736181708,2736181708
2025-06-19 12:33:38,REAL,2736181708,484,2736182192,2736182192
2025-06-19 12:33:40,REAL,2736182192,539,2736182731,2736182731
2025-06-19 12:33:42,REAL,2736182731,488,2736183219,2736183219
2025-06-19 12:33:44,REAL,2736183219,492,2736183711,2736183711
2025-06-19 12:33:46,REAL,2736183711,491,2736184202,2736184202
2025-06-19 12:33:48,REAL,2736184202,490,2736184692,2736184692
2025-06-19 12:33:50,REAL,2736184692,11510,2736196202,2736196202
2025-06-19 12:33:52,REAL,2736196202,10378,2736206580,2736206580
2025-06-19 12:33:54,REAL,2736206580,10252,2736216832,2736216832
2025-06-19 12:33:56,REAL,2736216832,10316,2736227148,2736227148
2025-06-19 12:33:58,REAL,2736227148,10255,2736237403,2736237403
2025-06-19 12:34:00,REAL,2736237403,10315,2736247718,2736247718
2025-06-19 12:34:02,REAL,2736247718,10320,2736258038,2736258038
2025-06-19 12:34:04,REAL,2736258038,5968,2736264006,2736264006
2025-06-19 12:34:06,REAL,2736264006,491,2736264497,2736264497
2025-06-19 12:34:08,REAL,2736264497,480,2736264977,2736264977
2025-06-19 12:34:10,REAL,2736264977,490,2736265467,2736265467
2025-06-19 12:34:12,REAL,2736265467,546,2736266013,2736266013
2025-06-19 12:34:14,REAL,2736266013,485,2736266498,2736266498
2025-06-19 12:34:16,REAL,2736266498,486,2736266984,2736266984
2025-06-19 12:34:18,REAL,2736266984,489,2736267473,2736267473
2025-06-19 12:34:20,REAL,2736267473,489,2736267962,2736267962
2025-06-19 12:34:22,REAL,2736267962,484,2736268446,2736268446
2025-06-19 12:34:24,REAL,2736268446,483,2736268929,2736268929
2025-06-19 12:34:26,REAL,2736268929,493,2736269422,2736269422
2025-06-19 12:34:28,REAL,2736269422,534,2736269956,2736269956
2025-06-19 12:34:30,REAL,2736269956,483,2736270439,2736270439
2025-06-19 12:34:32,REAL,2736270439,482,2736270921,2736270921
2025-06-19 12:34:34,REAL,2736270921,484,2736271405,2736271405
2025-06-19 12:34:36,REAL,2736271405,482,2736271887,2736271887
2025-06-19 12:34:38,REAL,2736271887,543,2736272430,2736272430
2025-06-19 12:34:40,REAL,2736272430,481,2736272911,2736272911
2025-06-19 12:34:42,REAL,2736272911,491,2736273402,2736273402
2025-06-19 12:34:44,REAL,2736273402,479,2736273881,2736273881
2025-06-19 12:34:46,REAL,2736273881,483,2736274364,2736274364
2025-06-19 12:34:48,REAL,2736274364,486,2736274850,2736274850
2025-06-19 12:34:50,REAL,2736274850,480,2736275330,2736275330
2025-06-19 12:34:52,REAL,2736275330,480,2736275810,2736275810
2025-06-19 12:34:54,REAL,2736275810,488,2736276298,2736276298
2025-06-19 12:34:56,REAL,2736276298,492,2736276790,2736276790
2025-06-19 12:34:58,REAL,2736276790,490,2736277280,2736277280
2025-06-19 12:35:00,REAL,2736277280,482,2736277762,2736277762
2025-06-19 12:35:02,REAL,2736277762,536,2736278298,2736278298
2025-06-19 12:35:04,REAL,2736278298,539,2736278837,2736278837
2025-06-19 12:35:06,REAL,2736278837,480,2736279317,2736279317
2025-06-19 12:35:08,REAL,2736279317,484,2736279801,2736279801
2025-06-19 12:35:10,REAL,2736279801,483,2736280284,2736280284
2025-06-19 12:35:12,REAL,2736280284,475,2736280759,2736280759
2025-06-19 12:35:14,REAL,2736280759,7374,2736288133,2736288133
2025-06-19 12:35:16,REAL,2736288133,10587,2736298720,2736298720
2025-06-19 12:35:18,REAL,2736298720,10248,2736308968,2736308968
2025-06-19 12:35:20,REAL,2736308968,10253,2736319221,2736319221
2025-06-19 12:35:22,REAL,2736319221,10257,2736329478,2736329478
2025-06-19 12:35:24,REAL,2736329478,10320,2736339798,2736339798
2025-06-19 12:35:26,REAL,2736339798,10261,2736350059,2736350059
2025-06-19 12:35:28,REAL,2736350059,9255,2736359314,2736359314
2025-06-19 12:35:30,REAL,2736359314,483,2736359797,2736359797
2025-06-19 12:35:32,REAL,2736359797,484,2736360281,2736360281
2025-06-19 12:35:34,REAL,2736360281,485,2736360766,2736360766
2025-06-19 12:35:36,REAL,2736360766,484,2736361250,2736361250
2025-06-19 12:35:38,REAL,2736361250,592,2736361842,2736361842
2025-06-19 12:35:40,REAL,2736361842,479,2736362321,2736362321
2025-06-19 12:35:42,REAL,2736362321,483,2736362804,2736362804
2025-06-19 12:35:44,REAL,2736362804,489,2736363293,2736363293
2025-06-19 12:35:46,REAL,2736363293,8139,2736371432,2736371432
2025-06-19 12:35:48,REAL,2736371432,10717,2736382149,2736382149
2025-06-19 12:35:50,REAL,2736382149,10316,2736392465,2736392465
2025-06-19 12:35:52,REAL,2736392465,10254,2736402719,2736402719
2025-06-19 12:35:54,REAL,2736402719,10318,2736413037,2736413037
2025-06-19 12:35:56,REAL,2736413037,10249,2736423286,2736423286
2025-06-19 12:35:58,REAL,2736423286,10313,2736433599,2736433599
2025-06-19 12:36:00,REAL,2736433599,8606,2736442205,2736442205
2025-06-19 12:36:02,REAL,2736442205,486,2736442691,2736442691
2025-06-19 12:36:04,REAL,2736442691,482,2736443173,2736443173
2025-06-19 12:36:06,REAL,2736443173,482,2736443655,2736443655
2025-06-19 12:36:08,REAL,2736443655,479,2736444134,2736444134
2025-06-19 12:36:10,REAL,2736444134,546,2736444680,2736444680
2025-06-19 12:36:12,REAL,2736444680,489,2736445169,2736445169
2025-06-19 12:36:14,REAL,2736445169,536,2736445705,2736445705
2025-06-19 12:36:16,REAL,2736445705,558,2736446263,2736446263
2025-06-19 12:36:18,REAL,2736446263,489,2736446752,2736446752
2025-06-19 12:36:20,REAL,2736446752,487,2736447239,2736447239
2025-06-19 12:36:22,REAL,2736447239,479,2736447718,2736447718
2025-06-19 12:36:24,REAL,2736447718,487,2736448205,2736448205
2025-06-19 12:36:26,REAL,2736448205,481,2736448686,2736448686
2025-06-19 12:36:28,REAL,2736448686,485,2736449171,2736449171
2025-06-19 12:36:30,REAL,2736449171,482,2736449653,2736449653
2025-06-19 12:36:32,REAL,2736449653,481,2736450134,2736450134
2025-06-19 12:36:34,REAL,2736450134,548,2736450682,2736450682
2025-06-19 12:36:36,REAL,2736450682,488,2736451170,2736451170
2025-06-19 12:36:38,REAL,2736451170,492,2736451662,2736451662
2025-06-19 12:36:40,REAL,2736451662,487,2736452149,2736452149
2025-06-19 12:36:42,REAL,2736452149,483,2736452632,2736452632
2025-06-19 12:36:44,REAL,2736452632,493,2736453125,2736453125
2025-06-19 12:36:46,REAL,2736453125,480,2736453605,2736453605
2025-06-19 12:36:48,REAL,2736453605,481,2736454086,2736454086
2025-06-19 12:36:50,REAL,2736454086,537,2736454623,2736454623
2025-06-19 12:36:52,REAL,2736454623,486,2736455109,2736455109
2025-06-19 12:36:54,REAL,2736455109,483,2736455592,2736455592
2025-06-19 12:36:56,REAL,2736455592,484,2736456076,2736456076
2025-06-19 12:36:58,REAL,2736456076,483,2736456559,2736456559
2025-06-19 12:37:00,REAL,2736456559,541,2736457100,2736457100
2025-06-19 12:37:02,REAL,2736457100,481,2736457581,2736457581
2025-06-19 12:37:04,REAL,2736457581,482,2736458063,2736458063
2025-06-19 12:37:06,REAL,2736458063,479,2736458542,2736458542
2025-06-19 12:37:08,REAL,2736458542,484,2736459026,2736459026
2025-06-19 12:37:10,REAL,2736459026,478,2736459504,2736459504
2025-06-19 12:37:12,REAL,2736459504,484,2736459988,2736459988
2025-06-19 12:37:14,REAL,2736459988,482,2736460470,2736460470
2025-06-19 12:37:16,REAL,2736460470,486,2736460956,2736460956
2025-06-19 12:37:18,REAL,2736460956,480,2736461436,2736461436
2025-06-19 12:37:20,REAL,2736461436,484,2736461920,2736461920
2025-06-19 12:37:22,REAL,2736461920,484,2736462404,2736462404
2025-06-19 12:37:24,REAL,2736462404,541,2736462945,2736462945
2025-06-19 12:37:26,REAL,2736462945,538,2736463483,2736463483
2025-06-19 12:37:28,REAL,2736463483,487,2736463970,2736463970
2025-06-19 12:37:30,REAL,2736463970,484,2736464454,2736464454
2025-06-19 12:37:32,REAL,2736464454,490,2736464944,2736464944
2025-06-19 12:37:34,REAL,2736464944,477,2736465421,2736465421
2025-06-19 12:37:36,REAL,2736465421,482,2736465903,2736465903
2025-06-19 12:37:38,REAL,2736465903,487,2736466390,2736466390
2025-06-19 12:37:40,REAL,2736466390,481,2736466871,2736466871
2025-06-19 12:37:42,REAL,2736466871,486,2736467357,2736467357
2025-06-19 12:37:44,REAL,2736467357,482,2736467839,2736467839
2025-06-19 12:37:46,REAL,2736467839,484,2736468323,2736468323
2025-06-19 12:37:48,REAL,2736468323,539,2736468862,2736468862
2025-06-19 12:37:50,REAL,2736468862,481,2736469343,2736469343
2025-06-19 12:37:52,REAL,2736469343,493,2736469836,2736469836
2025-06-19 12:37:54,REAL,2736469836,481,2736470317,2736470317
2025-06-19 12:37:56,REAL,2736470317,480,2736470797,2736470797
2025-06-19 12:37:58,REAL,2736470797,479,2736471276,2736471276
2025-06-19 12:38:00,REAL,2736471276,485,2736471761,2736471761
2025-06-19 12:38:02,REAL,2736471761,540,2736472301,2736472301
2025-06-19 12:38:04,REAL,2736472301,482,2736472783,2736472783
2025-06-19 12:38:06,REAL,2736472783,481,2736473264,2736473264
2025-06-19 12:38:08,REAL,2736473264,482,2736473746,2736473746
2025-06-19 12:38:10,REAL,2736473746,483,2736474229,2736474229
2025-06-19 12:38:12,REAL,2736474229,481,2736474710,2736474710
2025-06-19 12:38:14,REAL,2736474710,484,2736475194,2736475194
2025-06-19 12:38:16,REAL,2736475194,482,2736475676,2736475676
2025-06-19 12:38:18,REAL,2736475676,481,2736476157,2736476157
2025-06-19 12:38:20,REAL,2736476157,479,2736476636,2736476636
2025-06-19 12:38:22,REAL,2736476636,483,2736477119,2736477119
2025-06-19 12:38:24,REAL,2736477119,482,2736477601,2736477601
2025-06-19 12:38:26,REAL,2736477601,481,2736478082,2736478082
2025-06-19 12:38:28,REAL,2736478082,5168,2736483250,2736483250
2025-06-19 12:38:30,REAL,2736483250,11304,2736494554,2736494554
2025-06-19 12:38:32,REAL,2736494554,10251,2736504805,2736504805
2025-06-19 12:38:34,REAL,2736504805,10314,2736515119,2736515119
2025-06-19 12:38:36,REAL,2736515119,10312,2736525431,2736525431
2025-06-19 12:38:38,REAL,2736525431,10247,2736535678,2736535678
2025-06-19 12:38:40,REAL,2736535678,10323,2736546001,2736546001
2025-06-19 12:38:42,REAL,2736546001,10252,2736556253,2736556253
2025-06-19 12:38:44,REAL,2736556253,1411,2736557664,2736557664
2025-06-19 12:38:46,REAL,2736557664,481,2736558145,2736558145
2025-06-19 12:38:48,REAL,2736558145,485,2736558630,2736558630
2025-06-19 12:38:50,REAL,2736558630,487,2736559117,2736559117
2025-06-19 12:38:52,REAL,2736559117,483,2736559600,2736559600
2025-06-19 12:38:54,REAL,2736559600,479,2736560079,2736560079
2025-06-19 12:38:56,REAL,2736560079,484,2736560563,2736560563
2025-06-19 12:38:58,REAL,2736560563,475,2736561038,2736561038
2025-06-19 12:39:00,REAL,2736561038,6433,2736567471,2736567471
2025-06-19 12:39:02,REAL,2736567471,13814,2736581285,2736581285
2025-06-19 12:39:04,REAL,2736581285,10250,2736591535,2736591535
2025-06-19 12:39:06,REAL,2736591535,10316,2736601851,2736601851
2025-06-19 12:39:08,REAL,2736601851,10259,2736612110,2736612110
2025-06-19 12:39:10,REAL,2736612110,10309,2736622419,2736622419
2025-06-19 12:39:12,REAL,2736622419,10316,2736632735,2736632735
2025-06-19 12:39:14,REAL,2736632735,10318,2736643053,2736643053
2025-06-19 12:39:16,REAL,2736643053,824,2736643877,2736643877
2025-06-19 12:39:18,REAL,2736643877,478,2736644355,2736644355
2025-06-19 12:39:20,REAL,2736644355,484,2736644839,2736644839
2025-06-19 12:39:22,REAL,2736644839,486,2736645325,2736645325
2025-06-19 12:39:24,REAL,2736645325,483,2736645808,2736645808
2025-06-19 12:39:26,REAL,2736645808,491,2736646299,2736646299
2025-06-19 12:39:28,REAL,2736646299,482,2736646781,2736646781
2025-06-19 12:39:30,REAL,2736646781,479,2736647260,2736647260
2025-06-19 12:39:32,REAL,2736647260,6568,2736653828,2736653828
2025-06-19 12:39:34,REAL,2736653828,10715,2736664543,2736664543
2025-06-19 12:39:36,REAL,2736664543,10257,2736674800,2736674800
2025-06-19 12:39:38,REAL,2736674800,10320,2736685120,2736685120
2025-06-19 12:39:40,REAL,2736685120,10247,2736695367,2736695367
2025-06-19 12:39:42,REAL,2736695367,10260,2736705627,2736705627
2025-06-19 12:39:44,REAL,2736705627,10327,2736715954,2736715954
2025-06-19 12:39:46,REAL,2736715954,9914,2736725868,2736725868
2025-06-19 12:39:48,REAL,2736725868,488,2736726356,2736726356
2025-06-19 12:39:50,REAL,2736726356,538,2736726894,2736726894
2025-06-19 12:39:52,REAL,2736726894,490,2736727384,2736727384
2025-06-19 12:39:54,REAL,2736727384,484,2736727868,2736727868
2025-06-19 12:39:56,REAL,2736727868,485,2736728353,2736728353
2025-06-19 12:39:58,REAL,2736728353,486,2736728839,2736728839
2025-06-19 12:40:00,REAL,2736728839,488,2736729327,2736729327
2025-06-19 12:40:02,REAL,2736729327,483,2736729810,2736729810
2025-06-19 12:40:04,REAL,2736729810,482,2736730292,2736730292
2025-06-19 12:40:06,REAL,2736730292,490,2736730782,2736730782
2025-06-19 12:40:08,REAL,2736730782,484,2736731266,2736731266
2025-06-19 12:40:10,REAL,2736731266,539,2736731805,2736731805
2025-06-19 12:40:12,REAL,2736731805,477,2736732282,2736732282
2025-06-19 12:40:14,REAL,2736732282,486,2736732768,2736732768
2025-06-19 12:40:16,REAL,2736732768,482,2736733250,2736733250
2025-06-19 12:40:18,REAL,2736733250,483,2736733733,2736733733
2025-06-19 12:40:20,REAL,2736733733,485,2736734218,2736734218
2025-06-19 12:40:22,REAL,2736734218,487,2736734705,2736734705
2025-06-19 12:40:24,REAL,2736734705,476,2736735181,2736735181
2025-06-19 12:40:26,REAL,2736735181,538,2736735719,2736735719
2025-06-19 12:40:28,REAL,2736735719,483,2736736202,2736736202
2025-06-19 12:40:30,REAL,2736736202,482,2736736684,2736736684
2025-06-19 12:40:32,REAL,2736736684,492,2736737176,2736737176
2025-06-19 12:40:34,REAL,2736737176,482,2736737658,2736737658
2025-06-19 12:40:36,REAL,2736737658,481,2736738139,2736738139
2025-06-19 12:40:38,REAL,2736738139,481,2736738620,2736738620
2025-06-19 12:40:40,REAL,2736738620,489,2736739109,2736739109
2025-06-19 12:40:42,REAL,2736739109,489,2736739598,2736739598
2025-06-19 12:40:44,REAL,2736739598,482,2736740080,2736740080
2025-06-19 12:40:46,REAL,2736740080,478,2736740558,2736740558
2025-06-19 12:40:48,REAL,2736740558,484,2736741042,2736741042
2025-06-19 12:40:50,REAL,2736741042,2198,2736743240,2736743240
2025-06-19 12:40:52,REAL,2736743240,11705,2736754945,2736754945
2025-06-19 12:40:54,REAL,2736754945,10257,2736765202,2736765202
2025-06-19 12:40:56,REAL,2736765202,10246,2736775448,2736775448
2025-06-19 12:40:58,REAL,2736775448,10318,2736785766,2736785766
2025-06-19 12:41:00,REAL,2736785766,10308,2736796074,2736796074
2025-06-19 12:41:02,REAL,2736796074,10254,2736806328,2736806328
2025-06-19 12:41:04,REAL,2736806328,10318,2736816646,2736816646
2025-06-19 12:41:06,REAL,2736816646,3854,2736820500,2736820500
2025-06-19 12:41:08,REAL,2736820500,487,2736820987,2736820987
2025-06-19 12:41:10,REAL,2736820987,482,2736821469,2736821469
2025-06-19 12:41:12,REAL,2736821469,484,2736821953,2736821953
2025-06-19 12:41:14,REAL,2736821953,480,2736822433,2736822433
2025-06-19 12:41:16,REAL,2736822433,493,2736822926,2736822926
2025-06-19 12:41:18,REAL,2736822926,478,2736823404,2736823404
2025-06-19 12:41:20,REAL,2736823404,476,2736823880,2736823880
2025-06-19 12:41:22,REAL,2736823880,483,2736824363,2736824363
2025-06-19 12:41:24,REAL,2736824363,477,2736824840,2736824840
2025-06-19 12:41:26,REAL,2736824840,488,2736825328,2736825328
2025-06-19 12:41:28,REAL,2736825328,11324,2736836652,2736836652
2025-06-19 12:41:30,REAL,2736836652,12367,2736849019,2736849019
2025-06-19 12:41:32,REAL,2736849019,10318,2736859337,2736859337
2025-06-19 12:41:34,REAL,2736859337,10253,2736869590,2736869590
2025-06-19 12:41:36,REAL,2736869590,10313,2736879903,2736879903
2025-06-19 12:41:38,REAL,2736879903,10317,2736890220,2736890220
2025-06-19 12:41:40,REAL,2736890220,10253,2736900473,2736900473
2025-06-19 12:41:42,REAL,2736900473,8273,2736908746,2736908746
2025-06-19 12:41:44,REAL,2736908746,475,2736909221,2736909221
2025-06-19 12:41:46,REAL,2736909221,484,2736909705,2736909705
2025-06-19 12:41:48,REAL,2736909705,489,2736910194,2736910194
2025-06-19 12:41:50,REAL,2736910194,480,2736910674,2736910674
2025-06-19 12:41:52,REAL,2736910674,478,2736911152,2736911152
2025-06-19 12:41:54,REAL,2736911152,482,2736911634,2736911634
2025-06-19 12:41:56,REAL,2736911634,479,2736912113,2736912113
2025-06-19 12:41:58,REAL,2736912113,493,2736912606,2736912606
2025-06-19 12:42:00,REAL,2736912606,9665,2736922271,2736922271
2025-06-19 12:42:02,REAL,2736922271,10780,2736933051,2736933051
2025-06-19 12:42:04,REAL,2736933051,10321,2736943372,2736943372
2025-06-19 12:42:06,REAL,2736943372,10251,2736953623,2736953623
2025-06-19 12:42:08,REAL,2736953623,11176,2736964799,2736964799
2025-06-19 12:42:10,REAL,2736964799,9447,2736974246,2736974246
2025-06-19 12:42:12,REAL,2736974246,10257,2736984503,2736984503
2025-06-19 12:42:14,REAL,2736984503,7672,2736992175,2736992175
2025-06-19 12:42:16,REAL,2736992175,489,2736992664,2736992664
2025-06-19 12:42:18,REAL,2736992664,243,2736992907,2736992907
2025-06-19 12:42:20,REAL,2736992907,489,2736993396,2736993396
2025-06-19 12:42:22,REAL,2736993396,485,2736993881,2736993881
2025-06-19 12:42:24,REAL,2736993881,483,2736994364,2736994364
2025-06-19 12:42:26,REAL,2736994364,485,2736994849,2736994849
2025-06-19 12:42:28,REAL,2736994849,485,2736995334,2736995334
2025-06-19 12:42:30,REAL,2736995334,485,2736995819,2736995819
2025-06-19 12:42:32,REAL,2736995819,10139,2737005958,2737005958
2025-06-19 12:42:34,REAL,2737005958,10383,2737016341,2737016341
2025-06-19 12:42:36,REAL,2737016341,10246,2737026587,2737026587
2025-06-19 12:42:38,REAL,2737026587,10322,2737036909,2737036909
2025-06-19 12:42:40,REAL,2737036909,10248,2737047157,2737047157
2025-06-19 12:42:42,REAL,2737047157,10310,2737057467,2737057467
2025-06-19 12:42:44,REAL,2737057467,10247,2737067714,2737067714
2025-06-19 12:42:46,REAL,2737067714,7016,2737074730,2737074730
2025-06-19 12:42:48,REAL,2737074730,481,2737075211,2737075211
2025-06-19 12:42:50,REAL,2737075211,483,2737075694,2737075694
2025-06-19 12:42:52,REAL,2737075694,483,2737076177,2737076177
2025-06-19 12:42:54,REAL,2737076177,484,2737076661,2737076661
2025-06-19 12:42:56,REAL,2737076661,532,2737077193,2737077193
2025-06-19 12:42:58,REAL,2737077193,480,2737077673,2737077673
2025-06-19 12:43:00,REAL,2737077673,481,2737078154,2737078154
2025-06-19 12:43:02,REAL,2737078154,483,2737078637,2737078637
2025-06-19 12:43:04,REAL,2737078637,479,2737079116,2737079116
2025-06-19 12:43:06,REAL,2737079116,486,2737079602,2737079602
2025-06-19 12:43:08,REAL,2737079602,483,2737080085,2737080085
2025-06-19 12:43:10,REAL,2737080085,545,2737080630,2737080630
2025-06-19 12:43:12,REAL,2737080630,485,2737081115,2737081115
2025-06-19 12:43:14,REAL,2737081115,483,2737081598,2737081598
2025-06-19 12:43:16,REAL,2737081598,487,2737082085,2737082085
2025-06-19 12:43:18,REAL,2737082085,542,2737082627,2737082627
2025-06-19 12:43:20,REAL,2737082627,479,2737083106,2737083106
2025-06-19 12:43:22,REAL,2737083106,483,2737083589,2737083589
2025-06-19 12:43:24,REAL,2737083589,484,2737084073,2737084073
2025-06-19 12:43:26,REAL,2737084073,491,2737084564,2737084564
2025-06-19 12:43:28,REAL,2737084564,480,2737085044,2737085044
2025-06-19 12:43:30,REAL,2737085044,488,2737085532,2737085532
2025-06-19 12:43:32,REAL,2737085532,478,2737086010,2737086010
2025-06-19 12:43:34,REAL,2737086010,479,2737086489,2737086489
2025-06-19 12:43:36,REAL,2737086489,477,2737086966,2737086966
2025-06-19 12:43:38,REAL,2737086966,549,2737087515,2737087515
2025-06-19 12:43:40,REAL,2737087515,541,2737088056,2737088056
2025-06-19 12:43:42,REAL,2737088056,487,2737088543,2737088543
2025-06-19 12:43:44,REAL,2737088543,478,2737089021,2737089021
2025-06-19 12:43:46,REAL,2737089021,478,2737089499,2737089499
2025-06-19 12:43:48,REAL,2737089499,486,2737089985,2737089985
2025-06-19 12:43:50,REAL,2737089985,487,2737090472,2737090472
2025-06-19 12:43:52,REAL,2737090472,481,2737090953,2737090953
2025-06-19 12:43:54,REAL,2737090953,488,2737091441,2737091441
2025-06-19 12:43:56,REAL,2737091441,485,2737091926,2737091926
2025-06-19 12:43:58,REAL,2737091926,486,2737092412,2737092412
2025-06-19 12:44:00,REAL,2737092412,482,2737092894,2737092894
2025-06-19 12:44:02,REAL,2737092894,550,2737093444,2737093444
2025-06-19 12:44:04,REAL,2737093444,540,2737093984,2737093984
2025-06-19 12:44:06,REAL,2737093984,489,2737094473,2737094473
2025-06-19 12:44:08,REAL,2737094473,489,2737094962,2737094962
2025-06-19 12:44:10,REAL,2737094962,481,2737095443,2737095443
2025-06-19 12:44:12,REAL,2737095443,478,2737095921,2737095921
2025-06-19 12:44:14,REAL,2737095921,493,2737096414,2737096414
2025-06-19 12:44:16,REAL,2737096414,481,2737096895,2737096895
2025-06-19 12:44:18,REAL,2737096895,488,2737097383,2737097383
2025-06-19 12:44:20,REAL,2737097383,493,2737097876,2737097876
2025-06-19 12:44:22,REAL,2737097876,485,2737098361,2737098361
2025-06-19 12:44:24,REAL,2737098361,482,2737098843,2737098843
2025-06-19 12:44:26,REAL,2737098843,546,2737099389,2737099389
2025-06-19 12:44:28,REAL,2737099389,486,2737099875,2737099875
2025-06-19 12:44:30,REAL,2737099875,537,2737100412,2737100412
2025-06-19 12:44:32,REAL,2737100412,487,2737100899,2737100899
2025-06-19 12:44:34,REAL,2737100899,485,2737101384,2737101384
2025-06-19 12:44:36,REAL,2737101384,483,2737101867,2737101867
2025-06-19 12:44:38,REAL,2737101867,482,2737102349,2737102349
2025-06-19 12:44:40,REAL,2737102349,484,2737102833,2737102833
2025-06-19 12:44:42,REAL,2737102833,487,2737103320,2737103320
2025-06-19 12:44:44,REAL,2737103320,488,2737103808,2737103808
2025-06-19 12:44:46,REAL,2737103808,478,2737104286,2737104286
2025-06-19 12:44:48,REAL,2737104286,550,2737104836,2737104836
2025-06-19 12:44:50,REAL,2737104836,490,2737105326,2737105326
2025-06-19 12:44:52,REAL,2737105326,485,2737105811,2737105811
2025-06-19 12:44:54,REAL,2737105811,480,2737106291,2737106291
2025-06-19 12:44:56,REAL,2737106291,538,2737106829,2737106829
2025-06-19 12:44:58,REAL,2737106829,483,2737107312,2737107312
2025-06-19 12:45:00,REAL,2737107312,480,2737107792,2737107792
2025-06-19 12:45:02,REAL,2737107792,487,2737108279,2737108279
2025-06-19 12:45:04,REAL,2737108279,478,2737108757,2737108757
2025-06-19 12:45:06,REAL,2737108757,489,2737109246,2737109246
2025-06-19 12:45:08,REAL,2737109246,490,2737109736,2737109736
2025-06-19 12:45:10,REAL,2737109736,543,2737110279,2737110279
2025-06-19 12:45:12,REAL,2737110279,484,2737110763,2737110763
2025-06-19 12:45:14,REAL,2737110763,485,2737111248,2737111248
2025-06-19 12:45:16,REAL,2737111248,10526,2737121774,2737121774
2025-06-19 12:45:18,REAL,2737121774,12164,2737133938,2737133938
2025-06-19 12:45:20,REAL,2737133938,10255,2737144193,2737144193
2025-06-19 12:45:22,REAL,2737144193,10320,2737154513,2737154513
2025-06-19 12:45:24,REAL,2737154513,10258,2737164771,2737164771
2025-06-19 12:45:26,REAL,2737164771,10254,2737175025,2737175025
2025-06-19 12:45:28,REAL,2737175025,10321,2737185346,2737185346
2025-06-19 12:45:30,REAL,2737185346,8859,2737194205,2737194205
2025-06-19 12:45:32,REAL,2737194205,541,2737194746,2737194746
2025-06-19 12:45:34,REAL,2737194746,484,2737195230,2737195230
2025-06-19 12:45:36,REAL,2737195230,2468,2737197698,2737197698
2025-06-19 12:45:38,REAL,2737197698,12034,2737209732,2737209732
2025-06-19 12:45:40,REAL,2737209732,10318,2737220050,2737220050
2025-06-19 12:45:42,REAL,2737220050,10190,2737230240,2737230240
2025-06-19 12:45:44,REAL,2737230240,10312,2737240552,2737240552
2025-06-19 12:45:46,REAL,2737240552,10249,2737250801,2737250801
2025-06-19 12:45:48,REAL,2737250801,10319,2737261120,2737261120
2025-06-19 12:45:50,REAL,2737261120,10248,2737271368,2737271368
2025-06-19 12:45:52,REAL,2737271368,3648,2737275016,2737275016
2025-06-19 12:45:54,REAL,2737275016,485,2737275501,2737275501
2025-06-19 12:45:56,REAL,2737275501,544,2737276045,2737276045
2025-06-19 12:45:58,REAL,2737276045,485,2737276530,2737276530
2025-06-19 12:46:00,REAL,2737276530,489,2737277019,2737277019
2025-06-19 12:46:02,REAL,2737277019,536,2737277555,2737277555
2025-06-19 12:46:04,REAL,2737277555,479,2737278034,2737278034
2025-06-19 12:46:06,REAL,2737278034,482,2737278516,2737278516
2025-06-19 12:46:08,REAL,2737278516,3201,2737281717,2737281717
2025-06-19 12:46:10,REAL,2737281717,11907,2737293624,2737293624
2025-06-19 12:46:12,REAL,2737293624,10322,2737303946,2737303946
2025-06-19 12:46:14,REAL,2737303946,10189,2737314135,2737314135
2025-06-19 12:46:16,REAL,2737314135,10321,2737324456,2737324456
2025-06-19 12:46:18,REAL,2737324456,10313,2737334769,2737334769
2025-06-19 12:46:20,REAL,2737334769,10249,2737345018,2737345018
2025-06-19 12:46:22,REAL,2737345018,10315,2737355333,2737355333
2025-06-19 12:46:24,REAL,2737355333,2927,2737358260,2737358260
2025-06-19 12:46:26,REAL,2737358260,482,2737358742,2737358742
2025-06-19 12:46:28,REAL,2737358742,487,2737359229,2737359229
2025-06-19 12:46:30,REAL,2737359229,488,2737359717,2737359717
2025-06-19 12:46:32,REAL,2737359717,484,2737360201,2737360201
2025-06-19 12:46:34,REAL,2737360201,533,2737360734,2737360734
2025-06-19 12:46:36,REAL,2737360734,490,2737361224,2737361224
2025-06-19 12:46:38,REAL,2737361224,488,2737361712,2737361712
2025-06-19 12:46:40,REAL,2737361712,544,2737362256,2737362256
2025-06-19 12:46:42,REAL,2737362256,494,2737362750,2737362750
2025-06-19 12:46:44,REAL,2737362750,485,2737363235,2737363235
2025-06-19 12:46:46,REAL,2737363235,483,2737363718,2737363718
2025-06-19 12:46:48,REAL,2737363718,486,2737364204,2737364204
2025-06-19 12:46:50,REAL,2737364204,480,2737364684,2737364684
2025-06-19 12:46:52,REAL,2737364684,485,2737365169,2737365169
2025-06-19 12:46:54,REAL,2737365169,482,2737365651,2737365651
2025-06-19 12:46:56,REAL,2737365651,484,2737366135,2737366135
2025-06-19 12:46:58,REAL,2737366135,476,2737366611,2737366611
2025-06-19 12:47:00,REAL,2737366611,477,2737367088,2737367088
2025-06-19 12:47:02,REAL,2737367088,548,2737367636,2737367636
2025-06-19 12:47:04,REAL,2737367636,480,2737368116,2737368116
2025-06-19 12:47:06,REAL,2737368116,480,2737368596,2737368596
2025-06-19 12:47:08,REAL,2737368596,481,2737369077,2737369077
2025-06-19 12:47:10,REAL,2737369077,480,2737369557,2737369557
2025-06-19 12:47:12,REAL,2737369557,475,2737370032,2737370032
2025-06-19 12:47:14,REAL,2737370032,484,2737370516,2737370516
2025-06-19 12:47:16,REAL,2737370516,485,2737371001,2737371001
2025-06-19 12:47:18,REAL,2737371001,481,2737371482,2737371482
2025-06-19 12:47:20,REAL,2737371482,481,2737371963,2737371963
2025-06-19 12:47:22,REAL,2737371963,483,2737372446,2737372446
2025-06-19 12:47:24,REAL,2737372446,480,2737372926,2737372926
2025-06-19 12:47:26,REAL,2737372926,547,2737373473,2737373473
2025-06-19 12:47:28,REAL,2737373473,536,2737374009,2737374009
2025-06-19 12:47:30,REAL,2737374009,481,2737374490,2737374490
2025-06-19 12:47:32,REAL,2737374490,483,2737374973,2737374973
2025-06-19 12:47:34,REAL,2737374973,482,2737375455,2737375455
2025-06-19 12:47:36,REAL,2737375455,480,2737375935,2737375935
2025-06-19 12:47:38,REAL,2737375935,482,2737376417,2737376417
2025-06-19 12:47:40,REAL,2737376417,483,2737376900,2737376900
2025-06-19 12:47:42,REAL,2737376900,485,2737377385,2737377385
2025-06-19 12:47:44,REAL,2737377385,485,2737377870,2737377870
2025-06-19 12:47:46,REAL,2737377870,481,2737378351,2737378351
2025-06-19 12:47:48,REAL,2737378351,491,2737378842,2737378842
2025-06-19 12:47:50,REAL,2737378842,490,2737379332,2737379332
2025-06-19 12:47:52,REAL,2737379332,490,2737379822,2737379822
2025-06-19 12:47:54,REAL,2737379822,536,2737380358,2737380358
2025-06-19 12:47:56,REAL,2737380358,486,2737380844,2737380844
2025-06-19 12:47:58,REAL,2737380844,480,2737381324,2737381324
2025-06-19 12:48:00,REAL,2737381324,478,2737381802,2737381802
2025-06-19 12:48:02,REAL,2737381802,484,2737382286,2737382286
2025-06-19 12:48:04,REAL,2737382286,483,2737382769,2737382769
2025-06-19 12:48:06,REAL,2737382769,481,2737383250,2737383250
2025-06-19 12:48:08,REAL,2737383250,478,2737383728,2737383728
2025-06-19 12:48:10,REAL,2737383728,540,2737384268,2737384268
2025-06-19 12:48:12,REAL,2737384268,474,2737384742,2737384742
2025-06-19 12:48:14,REAL,2737384742,486,2737385228,2737385228
2025-06-19 12:48:16,REAL,2737385228,479,2737385707,2737385707
2025-06-19 12:48:18,REAL,2737385707,482,2737386189,2737386189
2025-06-19 12:48:20,REAL,2737386189,475,2737386664,2737386664
2025-06-19 12:48:22,REAL,2737386664,549,2737387213,2737387213
2025-06-19 12:48:24,REAL,2737387213,483,2737387696,2737387696
2025-06-19 12:48:26,REAL,2737387696,490,2737388186,2737388186
2025-06-19 12:48:28,REAL,2737388186,482,2737388668,2737388668
2025-06-19 12:48:30,REAL,2737388668,486,2737389154,2737389154
2025-06-19 12:48:32,REAL,2737389154,491,2737389645,2737389645
2025-06-19 12:48:34,REAL,2737389645,487,2737390132,2737390132
2025-06-19 12:48:36,REAL,2737390132,486,2737390618,2737390618
2025-06-19 12:48:38,REAL,2737390618,482,2737391100,2737391100
2025-06-19 12:48:40,REAL,2737391100,489,2737391589,2737391589
2025-06-19 12:48:42,REAL,2737391589,482,2737392071,2737392071
2025-06-19 12:48:44,REAL,2737392071,487,2737392558,2737392558
2025-06-19 12:48:46,REAL,2737392558,488,2737393046,2737393046
2025-06-19 12:48:48,REAL,2737393046,480,2737393526,2737393526
2025-06-19 12:48:50,REAL,2737393526,486,2737394012,2737394012
2025-06-19 12:48:52,REAL,2737394012,539,2737394551,2737394551
2025-06-19 12:48:54,REAL,2737394551,491,2737395042,2737395042
2025-06-19 12:48:56,REAL,2737395042,543,2737395585,2737395585
2025-06-19 12:48:58,REAL,2737395585,478,2737396063,2737396063
2025-06-19 12:49:00,REAL,2737396063,484,2737396547,2737396547
2025-06-19 12:49:02,REAL,2737396547,476,2737397023,2737397023
2025-06-19 12:49:04,REAL,2737397023,485,2737397508,2737397508
2025-06-19 12:49:06,REAL,2737397508,485,2737397993,2737397993
2025-06-19 12:49:08,REAL,2737397993,480,2737398473,2737398473
2025-06-19 12:49:10,REAL,2737398473,485,2737398958,2737398958
2025-06-19 12:49:12,REAL,2737398958,480,2737399438,2737399438
2025-06-19 12:49:14,REAL,2737399438,478,2737399916,2737399916
2025-06-19 12:49:16,REAL,2737399916,486,2737400402,2737400402
2025-06-19 12:49:18,REAL,2737400402,489,2737400891,2737400891
2025-06-19 12:49:20,REAL,2737400891,534,2737401425,2737401425
2025-06-19 12:49:22,REAL,2737401425,484,2737401909,2737401909
2025-06-19 12:49:24,REAL,2737401909,475,2737402384,2737402384
2025-06-19 12:49:26,REAL,2737402384,487,2737402871,2737402871
2025-06-19 12:49:28,REAL,2737402871,487,2737403358,2737403358
2025-06-19 12:49:30,REAL,2737403358,486,2737403844,2737403844
2025-06-19 12:49:32,REAL,2737403844,489,2737404333,2737404333
2025-06-19 12:49:34,REAL,2737404333,478,2737404811,2737404811
2025-06-19 12:49:36,REAL,2737404811,480,2737405291,2737405291
2025-06-19 12:49:38,REAL,2737405291,485,2737405776,2737405776
2025-06-19 12:49:40,REAL,2737405776,541,2737406317,2737406317
2025-06-19 12:49:42,REAL,2737406317,486,2737406803,2737406803
2025-06-19 12:49:44,REAL,2737406803,478,2737407281,2737407281
2025-06-19 12:49:46,REAL,2737407281,481,2737407762,2737407762
2025-06-19 12:49:48,REAL,2737407762,481,2737408243,2737408243
2025-06-19 12:49:50,REAL,2737408243,544,2737408787,2737408787
2025-06-19 12:49:52,REAL,2737408787,478,2737409265,2737409265
2025-06-19 12:49:54,REAL,2737409265,484,2737409749,2737409749
2025-06-19 12:49:56,REAL,2737409749,476,2737410225,2737410225
2025-06-19 12:49:58,REAL,2737410225,486,2737410711,2737410711
2025-06-19 12:50:00,REAL,2737410711,485,2737411196,2737411196
2025-06-19 12:50:02,REAL,2737411196,488,2737411684,2737411684
2025-06-19 12:50:04,REAL,2737411684,483,2737412167,2737412167
2025-06-19 12:50:06,REAL,2737412167,484,2737412651,2737412651
2025-06-19 12:50:08,REAL,2737412651,490,2737413141,2737413141
2025-06-19 12:50:10,REAL,2737413141,483,2737413624,2737413624
2025-06-19 12:50:12,REAL,2737413624,483,2737414107,2737414107
2025-06-19 12:50:14,REAL,2737414107,482,2737414589,2737414589
2025-06-19 12:50:16,REAL,2737414589,482,2737415071,2737415071
2025-06-19 12:50:18,REAL,2737415071,537,2737415608,2737415608
2025-06-19 12:50:20,REAL,2737415608,483,2737416091,2737416091
2025-06-19 12:50:22,REAL,2737416091,8939,2737425030,2737425030
2025-06-19 12:50:24,REAL,2737425030,10776,2737435806,2737435806
2025-06-19 12:50:26,REAL,2737435806,10308,2737446114,2737446114
2025-06-19 12:50:28,REAL,2737446114,10247,2737456361,2737456361
2025-06-19 12:50:30,REAL,2737456361,10310,2737466671,2737466671
2025-06-19 12:50:32,REAL,2737466671,10261,2737476932,2737476932
2025-06-19 12:50:34,REAL,2737476932,10321,2737487253,2737487253
2025-06-19 12:50:36,REAL,2737487253,8279,2737495532,2737495532
2025-06-19 12:50:38,REAL,2737495532,486,2737496018,2737496018
2025-06-19 12:50:40,REAL,2737496018,476,2737496494,2737496494
2025-06-19 12:50:42,REAL,2737496494,2931,2737499425,2737499425
2025-06-19 12:50:44,REAL,2737499425,11241,2737510666,2737510666
2025-06-19 12:50:46,REAL,2737510666,10255,2737520921,2737520921
2025-06-19 12:50:48,REAL,2737520921,10246,2737531167,2737531167
2025-06-19 12:50:50,REAL,2737531167,10322,2737541489,2737541489
2025-06-19 12:50:52,REAL,2737541489,10258,2737551747,2737551747
2025-06-19 12:50:54,REAL,2737551747,10257,2737562004,2737562004
2025-06-19 12:50:56,REAL,2737562004,10258,2737572262,2737572262
2025-06-19 12:50:58,REAL,2737572262,3061,2737575323,2737575323
2025-06-19 12:51:00,REAL,2737575323,479,2737575802,2737575802
2025-06-19 12:51:02,REAL,2737575802,490,2737576292,2737576292
2025-06-19 12:51:04,REAL,2737576292,483,2737576775,2737576775
2025-06-19 12:51:06,REAL,2737576775,474,2737577249,2737577249
2025-06-19 12:51:08,REAL,2737577249,486,2737577735,2737577735
2025-06-19 12:51:10,REAL,2737577735,533,2737578268,2737578268
2025-06-19 12:51:12,REAL,2737578268,546,2737578814,2737578814
2025-06-19 12:51:14,REAL,2737578814,492,2737579306,2737579306
2025-06-19 12:51:16,REAL,2737579306,485,2737579791,2737579791
2025-06-19 12:51:18,REAL,2737579791,487,2737580278,2737580278
2025-06-19 12:51:20,REAL,2737580278,488,2737580766,2737580766
2025-06-19 12:51:22,REAL,2737580766,490,2737581256,2737581256
2025-06-19 12:51:24,REAL,2737581256,493,2737581749,2737581749
2025-06-19 12:51:26,REAL,2737581749,485,2737582234,2737582234
2025-06-19 12:51:28,REAL,2737582234,481,2737582715,2737582715
2025-06-19 12:51:30,REAL,2737582715,490,2737583205,2737583205
2025-06-19 12:51:32,REAL,2737583205,479,2737583684,2737583684
2025-06-19 12:51:34,REAL,2737583684,486,2737584170,2737584170
2025-06-19 12:51:36,REAL,2737584170,491,2737584661,2737584661
2025-06-19 12:51:38,REAL,2737584661,483,2737585144,2737585144
2025-06-19 12:51:40,REAL,2737585144,530,2737585674,2737585674
2025-06-19 12:51:42,REAL,2737585674,493,2737586167,2737586167
2025-06-19 12:51:44,REAL,2737586167,485,2737586652,2737586652
2025-06-19 12:51:46,REAL,2737586652,484,2737587136,2737587136
2025-06-19 12:51:48,REAL,2737587136,489,2737587625,2737587625
2025-06-19 12:51:50,REAL,2737587625,482,2737588107,2737588107
2025-06-19 12:51:52,REAL,2737588107,482,2737588589,2737588589
2025-06-19 12:51:54,REAL,2737588589,491,2737589080,2737589080
2025-06-19 12:51:56,REAL,2737589080,4569,2737593649,2737593649
2025-06-19 12:51:58,REAL,2737593649,11041,2737604690,2737604690
2025-06-19 12:52:00,REAL,2737604690,10256,2737614946,2737614946
2025-06-19 12:52:02,REAL,2737614946,10253,2737625199,2737625199
2025-06-19 12:52:04,REAL,2737625199,10316,2737635515,2737635515
2025-06-19 12:52:06,REAL,2737635515,10249,2737645764,2737645764
2025-06-19 12:52:08,REAL,2737645764,10261,2737656025,2737656025
2025-06-19 12:52:10,REAL,2737656025,10319,2737666344,2737666344
2025-06-19 12:52:12,REAL,2737666344,1876,2737668220,2737668220
2025-06-19 12:52:14,REAL,2737668220,482,2737668702,2737668702
2025-06-19 12:52:16,REAL,2737668702,481,2737669183,2737669183
2025-06-19 12:52:18,REAL,2737669183,488,2737669671,2737669671
2025-06-19 12:52:20,REAL,2737669671,478,2737670149,2737670149
2025-06-19 12:52:22,REAL,2737670149,488,2737670637,2737670637
2025-06-19 12:52:24,REAL,2737670637,541,2737671178,2737671178
2025-06-19 12:52:26,REAL,2737671178,476,2737671654,2737671654
2025-06-19 12:52:28,REAL,2737671654,491,2737672145,2737672145
2025-06-19 12:52:30,REAL,2737672145,482,2737672627,2737672627
2025-06-19 12:52:32,REAL,2737672627,484,2737673111,2737673111
2025-06-19 12:52:34,REAL,2737673111,482,2737673593,2737673593
2025-06-19 12:52:36,REAL,2737673593,492,2737674085,2737674085
2025-06-19 12:52:38,REAL,2737674085,483,2737674568,2737674568
2025-06-19 12:52:40,REAL,2737674568,539,2737675107,2737675107
2025-06-19 12:52:42,REAL,2737675107,487,2737675594,2737675594
2025-06-19 12:52:44,REAL,2737675594,478,2737676072,2737676072
2025-06-19 12:52:46,REAL,2737676072,488,2737676560,2737676560
2025-06-19 12:52:48,REAL,2737676560,488,2737677048,2737677048
2025-06-19 12:52:50,REAL,2737677048,482,2737677530,2737677530
2025-06-19 12:52:52,REAL,2737677530,485,2737678015,2737678015
2025-06-19 12:52:54,REAL,2737678015,535,2737678550,2737678550
2025-06-19 12:52:56,REAL,2737678550,488,2737679038,2737679038
2025-06-19 12:52:58,REAL,2737679038,485,2737679523,2737679523
2025-06-19 12:53:00,REAL,2737679523,488,2737680011,2737680011
2025-06-19 12:53:02,REAL,2737680011,481,2737680492,2737680492
2025-06-19 12:53:04,REAL,2737680492,484,2737680976,2737680976
2025-06-19 12:53:06,REAL,2737680976,488,2737681464,2737681464
2025-06-19 12:53:08,REAL,2737681464,488,2737681952,2737681952
2025-06-19 12:53:10,REAL,2737681952,482,2737682434,2737682434
2025-06-19 12:53:12,REAL,2737682434,482,2737682916,2737682916
2025-06-19 12:53:14,REAL,2737682916,487,2737683403,2737683403
2025-06-19 12:53:16,REAL,2737683403,485,2737683888,2737683888
2025-06-19 12:53:18,REAL,2737683888,482,2737684370,2737684370
2025-06-19 12:53:20,REAL,2737684370,483,2737684853,2737684853
2025-06-19 12:53:22,REAL,2737684853,531,2737685384,2737685384
2025-06-19 12:53:24,REAL,2737685384,483,2737685867,2737685867
2025-06-19 12:53:26,REAL,2737685867,538,2737686405,2737686405
2025-06-19 12:53:28,REAL,2737686405,489,2737686894,2737686894
2025-06-19 12:53:30,REAL,2737686894,479,2737687373,2737687373
2025-06-19 12:53:32,REAL,2737687373,482,2737687855,2737687855
2025-06-19 12:53:34,REAL,2737687855,483,2737688338,2737688338
2025-06-19 12:53:36,REAL,2737688338,483,2737688821,2737688821
2025-06-19 12:53:38,REAL,2737688821,487,2737689308,2737689308
2025-06-19 12:53:40,REAL,2737689308,493,2737689801,2737689801
2025-06-19 12:53:42,REAL,2737689801,479,2737690280,2737690280
2025-06-19 12:53:44,REAL,2737690280,477,2737690757,2737690757
2025-06-19 12:53:46,REAL,2737690757,479,2737691236,2737691236
2025-06-19 12:53:48,REAL,2737691236,541,2737691777,2737691777
2025-06-19 12:53:50,REAL,2737691777,482,2737692259,2737692259
2025-06-19 12:53:52,REAL,2737692259,486,2737692745,2737692745
2025-06-19 12:53:54,REAL,2737692745,476,2737693221,2737693221
2025-06-19 12:53:56,REAL,2737693221,490,2737693711,2737693711
2025-06-19 12:53:58,REAL,2737693711,488,2737694199,2737694199
2025-06-19 12:54:00,REAL,2737694199,491,2737694690,2737694690
2025-06-19 12:54:02,REAL,2737694690,494,2737695184,2737695184
2025-06-19 12:54:04,REAL,2737695184,480,2737695664,2737695664
2025-06-19 12:54:06,REAL,2737695664,487,2737696151,2737696151
2025-06-19 12:54:08,REAL,2737696151,488,2737696639,2737696639
2025-06-19 12:54:10,REAL,2737696639,542,2737697181,2737697181
2025-06-19 12:54:12,REAL,2737697181,487,2737697668,2737697668
2025-06-19 12:54:14,REAL,2737697668,533,2737698201,2737698201
2025-06-19 12:54:16,REAL,2737698201,489,2737698690,2737698690
2025-06-19 12:54:18,REAL,2737698690,477,2737699167,2737699167
2025-06-19 12:54:20,REAL,2737699167,487,2737699654,2737699654
2025-06-19 12:54:22,REAL,2737699654,486,2737700140,2737700140
2025-06-19 12:54:24,REAL,2737700140,490,2737700630,2737700630
2025-06-19 12:54:26,REAL,2737700630,485,2737701115,2737701115
2025-06-19 12:54:28,REAL,2737701115,479,2737701594,2737701594
2025-06-19 12:54:30,REAL,2737701594,483,2737702077,2737702077
2025-06-19 12:54:32,REAL,2737702077,491,2737702568,2737702568
2025-06-19 12:54:34,REAL,2737702568,478,2737703046,2737703046
2025-06-19 12:54:36,REAL,2737703046,486,2737703532,2737703532
2025-06-19 12:54:38,REAL,2737703532,489,2737704021,2737704021
2025-06-19 12:54:40,REAL,2737704021,539,2737704560,2737704560
2025-06-19 12:54:42,REAL,2737704560,475,2737705035,2737705035
2025-06-19 12:54:44,REAL,2737705035,480,2737705515,2737705515
2025-06-19 12:54:46,REAL,2737705515,486,2737706001,2737706001
2025-06-19 12:54:48,REAL,2737706001,480,2737706481,2737706481
2025-06-19 12:54:50,REAL,2737706481,481,2737706962,2737706962
2025-06-19 12:54:52,REAL,2737706962,481,2737707443,2737707443
2025-06-19 12:54:54,REAL,2737707443,486,2737707929,2737707929
2025-06-19 12:54:56,REAL,2737707929,542,2737708471,2737708471
2025-06-19 12:54:58,REAL,2737708471,485,2737708956,2737708956
2025-06-19 12:55:00,REAL,2737708956,486,2737709442,2737709442
2025-06-19 12:55:02,REAL,2737709442,492,2737709934,2737709934
2025-06-19 12:55:04,REAL,2737709934,538,2737710472,2737710472
2025-06-19 12:55:06,REAL,2737710472,481,2737710953,2737710953
2025-06-19 12:55:08,REAL,2737710953,478,2737711431,2737711431
2025-06-19 12:55:10,REAL,2737711431,491,2737711922,2737711922
2025-06-19 12:55:12,REAL,2737711922,491,2737712413,2737712413
2025-06-19 12:55:14,REAL,2737712413,475,2737712888,2737712888
2025-06-19 12:55:16,REAL,2737712888,479,2737713367,2737713367
2025-06-19 12:55:18,REAL,2737713367,9072,2737722439,2737722439
2025-06-19 12:55:20,REAL,2737722439,10721,2737733160,2737733160
2025-06-19 12:55:22,REAL,2737733160,10253,2737743413,2737743413
2025-06-19 12:55:24,REAL,2737743413,10249,2737753662,2737753662
2025-06-19 12:55:26,REAL,2737753662,10258,2737763920,2737763920
2025-06-19 12:55:28,REAL,2737763920,10318,2737774238,2737774238
2025-06-19 12:55:30,REAL,2737774238,10254,2737784492,2737784492
2025-06-19 12:55:32,REAL,2737784492,7808,2737792300,2737792300
2025-06-19 12:55:34,REAL,2737792300,485,2737792785,2737792785
2025-06-19 12:55:36,REAL,2737792785,479,2737793264,2737793264
2025-06-19 12:55:38,REAL,2737793264,486,2737793750,2737793750
2025-06-19 12:55:40,REAL,2737793750,540,2737794290,2737794290
2025-06-19 12:55:42,REAL,2737794290,539,2737794829,2737794829
2025-06-19 12:55:44,REAL,2737794829,482,2737795311,2737795311
2025-06-19 12:55:46,REAL,2737795311,487,2737795798,2737795798
2025-06-19 12:55:48,REAL,2737795798,493,2737796291,2737796291
2025-06-19 12:55:50,REAL,2737796291,482,2737796773,2737796773
2025-06-19 12:55:52,REAL,2737796773,480,2737797253,2737797253
2025-06-19 12:55:54,REAL,2737797253,487,2737797740,2737797740
2025-06-19 12:55:56,REAL,2737797740,489,2737798229,2737798229
2025-06-19 12:55:58,REAL,2737798229,480,2737798709,2737798709
2025-06-19 12:56:00,REAL,2737798709,478,2737799187,2737799187
2025-06-19 12:56:02,REAL,2737799187,490,2737799677,2737799677
2025-06-19 12:56:04,REAL,2737799677,488,2737800165,2737800165
2025-06-19 12:56:06,REAL,2737800165,479,2737800644,2737800644
2025-06-19 12:56:08,REAL,2737800644,539,2737801183,2737801183
2025-06-19 12:56:10,REAL,2737801183,493,2737801676,2737801676
2025-06-19 12:56:12,REAL,2737801676,494,2737802170,2737802170
2025-06-19 12:56:14,REAL,2737802170,485,2737802655,2737802655
2025-06-19 12:56:16,REAL,2737802655,482,2737803137,2737803137
2025-06-19 12:56:18,REAL,2737803137,486,2737803623,2737803623
2025-06-19 12:56:20,REAL,2737803623,485,2737804108,2737804108
2025-06-19 12:56:22,REAL,2737804108,482,2737804590,2737804590
2025-06-19 12:56:24,REAL,2737804590,483,2737805073,2737805073
2025-06-19 12:56:26,REAL,2737805073,4698,2737809771,2737809771
2025-06-19 12:56:28,REAL,2737809771,11377,2737821148,2737821148
2025-06-19 12:56:30,REAL,2737821148,10250,2737831398,2737831398
2025-06-19 12:56:32,REAL,2737831398,10313,2737841711,2737841711
2025-06-19 12:56:34,REAL,2737841711,10252,2737851963,2737851963
2025-06-19 12:56:36,REAL,2737851963,10246,2737862209,2737862209
2025-06-19 12:56:38,REAL,2737862209,10252,2737872461,2737872461
2025-06-19 12:56:40,REAL,2737872461,10253,2737882714,2737882714
2025-06-19 12:56:42,REAL,2737882714,1798,2737884512,2737884512
2025-06-19 12:56:44,REAL,2737884512,480,2737884992,2737884992
2025-06-19 12:56:46,REAL,2737884992,487,2737885479,2737885479
2025-06-19 12:56:48,REAL,2737885479,478,2737885957,2737885957
2025-06-19 12:56:50,REAL,2737885957,535,2737886492,2737886492
2025-06-19 12:56:52,REAL,2737886492,484,2737886976,2737886976
2025-06-19 12:56:54,REAL,2737886976,485,2737887461,2737887461
2025-06-19 12:56:56,REAL,2737887461,478,2737887939,2737887939
2025-06-19 12:56:58,REAL,2737887939,483,2737888422,2737888422
2025-06-19 12:57:00,REAL,2737888422,487,2737888909,2737888909
2025-06-19 12:57:02,REAL,2737888909,486,2737889395,2737889395
2025-06-19 12:57:04,REAL,2737889395,484,2737889879,2737889879
2025-06-19 12:57:06,REAL,2737889879,475,2737890354,2737890354
2025-06-19 12:57:08,REAL,2737890354,490,2737890844,2737890844
2025-06-19 12:57:10,REAL,2737890844,546,2737891390,2737891390
2025-06-19 12:57:12,REAL,2737891390,478,2737891868,2737891868
2025-06-19 12:57:14,REAL,2737891868,483,2737892351,2737892351
2025-06-19 12:57:16,REAL,2737892351,536,2737892887,2737892887
2025-06-19 12:57:18,REAL,2737892887,478,2737893365,2737893365
2025-06-19 12:57:20,REAL,2737893365,486,2737893851,2737893851
2025-06-19 12:57:22,REAL,2737893851,482,2737894333,2737894333
2025-06-19 12:57:24,REAL,2737894333,489,2737894822,2737894822
2025-06-19 12:57:26,REAL,2737894822,485,2737895307,2737895307
2025-06-19 12:57:28,REAL,2737895307,489,2737895796,2737895796
2025-06-19 12:57:30,REAL,2737895796,482,2737896278,2737896278
2025-06-19 12:57:32,REAL,2737896278,487,2737896765,2737896765
2025-06-19 12:57:34,REAL,2737896765,482,2737897247,2737897247
2025-06-19 12:57:36,REAL,2737897247,489,2737897736,2737897736
2025-06-19 12:57:38,REAL,2737897736,484,2737898220,2737898220
2025-06-19 12:57:40,REAL,2737898220,483,2737898703,2737898703
2025-06-19 12:57:42,REAL,2737898703,541,2737899244,2737899244
2025-06-19 12:57:44,REAL,2737899244,487,2737899731,2737899731
2025-06-19 12:57:46,REAL,2737899731,489,2737900220,2737900220
2025-06-19 12:57:48,REAL,2737900220,542,2737900762,2737900762
2025-06-19 12:57:50,REAL,2737900762,475,2737901237,2737901237
2025-06-19 12:57:52,REAL,2737901237,484,2737901721,2737901721
2025-06-19 12:57:54,REAL,2737901721,486,2737902207,2737902207
2025-06-19 12:57:56,REAL,2737902207,478,2737902685,2737902685
2025-06-19 12:57:58,REAL,2737902685,486,2737903171,2737903171
2025-06-19 12:58:00,REAL,2737903171,479,2737903650,2737903650
2025-06-19 12:58:02,REAL,2737903650,485,2737904135,2737904135
2025-06-19 12:58:04,REAL,2737904135,486,2737904621,2737904621
2025-06-19 12:58:06,REAL,2737904621,485,2737905106,2737905106
2025-06-19 12:58:08,REAL,2737905106,535,2737905641,2737905641
2025-06-19 12:58:10,REAL,2737905641,487,2737906128,2737906128
2025-06-19 12:58:12,REAL,2737906128,477,2737906605,2737906605
2025-06-19 12:58:14,REAL,2737906605,487,2737907092,2737907092
2025-06-19 12:58:16,REAL,2737907092,819,2737907911,2737907911
2025-06-19 12:58:18,REAL,2737907911,11895,2737919806,2737919806
2025-06-19 12:58:20,REAL,2737919806,10252,2737930058,2737930058
2025-06-19 12:58:22,REAL,2737930058,10246,2737940304,2737940304
2025-06-19 12:58:24,REAL,2737940304,10251,2737950555,2737950555
2025-06-19 12:58:26,REAL,2737950555,10381,2737960936,2737960936
2025-06-19 12:58:28,REAL,2737960936,10254,2737971190,2737971190
2025-06-19 12:58:30,REAL,2737971190,10257,2737981447,2737981447
2025-06-19 12:58:32,REAL,2737981447,4845,2737986292,2737986292
2025-06-19 12:58:34,REAL,2737986292,487,2737986779,2737986779
2025-06-19 12:58:36,REAL,2737986779,486,2737987265,2737987265
2025-06-19 12:58:38,REAL,2737987265,484,2737987749,2737987749
2025-06-19 12:58:40,REAL,2737987749,475,2737988224,2737988224
2025-06-19 12:58:42,REAL,2737988224,483,2737988707,2737988707
2025-06-19 12:58:44,REAL,2737988707,484,2737989191,2737989191
2025-06-19 12:58:46,REAL,2737989191,482,2737989673,2737989673
2025-06-19 12:58:48,REAL,2737989673,489,2737990162,2737990162
2025-06-19 12:58:50,REAL,2737990162,478,2737990640,2737990640
2025-06-19 12:58:52,REAL,2737990640,477,2737991117,2737991117
2025-06-19 12:58:54,REAL,2737991117,478,2737991595,2737991595
2025-06-19 12:58:56,REAL,2737991595,478,2737992073,2737992073
2025-06-19 12:58:58,REAL,2737992073,474,2737992547,2737992547
2025-06-19 12:59:00,REAL,2737992547,489,2737993036,2737993036
2025-06-19 12:59:02,REAL,2737993036,540,2737993576,2737993576
2025-06-19 12:59:04,REAL,2737993576,546,2737994122,2737994122
2025-06-19 12:59:06,REAL,2737994122,491,2737994613,2737994613
2025-06-19 12:59:08,REAL,2737994613,246,2737994859,2737994859
2025-06-19 12:59:10,REAL,2737994859,490,2737995349,2737995349
2025-06-19 12:59:12,REAL,2737995349,492,2737995841,2737995841
2025-06-19 12:59:14,REAL,2737995841,486,2737996327,2737996327
2025-06-19 12:59:16,REAL,2737996327,487,2737996814,2737996814
2025-06-19 12:59:18,REAL,2737996814,478,2737997292,2737997292
2025-06-19 12:59:20,REAL,2737997292,489,2737997781,2737997781
2025-06-19 12:59:22,REAL,2737997781,491,2737998272,2737998272
2025-06-19 12:59:24,REAL,2737998272,484,2737998756,2737998756
2025-06-19 12:59:26,REAL,2737998756,485,2737999241,2737999241
2025-06-19 12:59:28,REAL,2737999241,491,2737999732,2737999732
2025-06-19 12:59:30,REAL,2737999732,475,2738000207,2738000207
2025-06-19 12:59:32,REAL,2738000207,484,2738000691,2738000691
2025-06-19 12:59:34,REAL,2738000691,489,2738001180,2738001180
2025-06-19 12:59:36,REAL,2738001180,543,2738001723,2738001723
2025-06-19 12:59:38,REAL,2738001723,482,2738002205,2738002205
2025-06-19 12:59:40,REAL,2738002205,489,2738002694,2738002694
2025-06-19 12:59:42,REAL,2738002694,480,2738003174,2738003174
2025-06-19 12:59:44,REAL,2738003174,484,2738003658,2738003658
2025-06-19 12:59:46,REAL,2738003658,487,2738004145,2738004145
2025-06-19 12:59:48,REAL,2738004145,481,2738004626,2738004626
2025-06-19 12:59:50,REAL,2738004626,483,2738005109,2738005109
2025-06-19 12:59:52,REAL,2738005109,536,2738005645,2738005645
2025-06-19 12:59:54,REAL,2738005645,483,2738006128,2738006128
2025-06-19 12:59:56,REAL,2738006128,483,2738006611,2738006611
2025-06-19 12:59:58,REAL,2738006611,490,2738007101,2738007101
2025-06-19 13:00:00,REAL,2738007101,489,2738007590,2738007590
2025-06-19 13:00:02,REAL,2738007590,492,2738008082,2738008082
2025-06-19 13:00:04,REAL,2738008082,488,2738008570,2738008570
2025-06-19 13:00:06,REAL,2738008570,480,2738009050,2738009050
2025-06-19 13:00:08,REAL,2738009050,484,2738009534,2738009534
2025-06-19 13:00:10,REAL,2738009534,493,2738010027,2738010027
2025-06-19 13:00:12,REAL,2738010027,485,2738010512,2738010512
2025-06-19 13:00:14,REAL,2738010512,539,2738011051,2738011051
2025-06-19 13:00:16,REAL,2738011051,492,2738011543,2738011543
2025-06-19 13:00:18,REAL,2738011543,483,2738012026,2738012026
2025-06-19 13:00:20,REAL,2738012026,477,2738012503,2738012503
2025-06-19 13:00:22,REAL,2738012503,482,2738012985,2738012985
2025-06-19 13:00:24,REAL,2738012985,481,2738013466,2738013466
2025-06-19 13:00:26,REAL,2738013466,490,2738013956,2738013956
2025-06-19 13:00:28,REAL,2738013956,486,2738014442,2738014442
2025-06-19 13:00:30,REAL,2738014442,483,2738014925,2738014925
2025-06-19 13:00:32,REAL,2738014925,479,2738015404,2738015404
2025-06-19 13:00:34,REAL,2738015404,483,2738015887,2738015887
2025-06-19 13:00:36,REAL,2738015887,484,2738016371,2738016371
2025-06-19 13:00:38,REAL,2738016371,486,2738016857,2738016857
2025-06-19 13:00:40,REAL,2738016857,539,2738017396,2738017396
2025-06-19 13:00:42,REAL,2738017396,489,2738017885,2738017885
2025-06-19 13:00:44,REAL,2738017885,488,2738018373,2738018373
2025-06-19 13:00:46,REAL,2738018373,486,2738018859,2738018859
2025-06-19 13:00:48,REAL,2738018859,487,2738019346,2738019346
2025-06-19 13:00:50,REAL,2738019346,539,2738019885,2738019885
2025-06-19 13:00:52,REAL,2738019885,480,2738020365,2738020365
2025-06-19 13:00:54,REAL,2738020365,479,2738020844,2738020844
2025-06-19 13:00:56,REAL,2738020844,486,2738021330,2738021330
2025-06-19 13:00:58,REAL,2738021330,492,2738021822,2738021822
2025-06-19 13:01:00,REAL,2738021822,486,2738022308,2738022308
2025-06-19 13:01:02,REAL,2738022308,481,2738022789,2738022789
2025-06-19 13:01:04,REAL,2738022789,476,2738023265,2738023265
2025-06-19 13:01:06,REAL,2738023265,490,2738023755,2738023755
2025-06-19 13:01:08,REAL,2738023755,476,2738024231,2738024231
2025-06-19 13:01:10,REAL,2738024231,476,2738024707,2738024707
2025-06-19 13:01:12,REAL,2738024707,480,2738025187,2738025187
2025-06-19 13:01:14,REAL,2738025187,484,2738025671,2738025671
2025-06-19 13:01:16,REAL,2738025671,482,2738026153,2738026153
2025-06-19 13:01:18,REAL,2738026153,481,2738026634,2738026634
2025-06-19 13:01:20,REAL,2738026634,483,2738027117,2738027117
2025-06-19 13:01:22,REAL,2738027117,484,2738027601,2738027601
2025-06-19 13:01:24,REAL,2738027601,477,2738028078,2738028078
2025-06-19 13:01:26,REAL,2738028078,532,2738028610,2738028610
2025-06-19 13:01:28,REAL,2738028610,539,2738029149,2738029149
2025-06-19 13:01:30,REAL,2738029149,483,2738029632,2738029632
2025-06-19 13:01:32,REAL,2738029632,480,2738030112,2738030112
2025-06-19 13:01:34,REAL,2738030112,478,2738030590,2738030590
2025-06-19 13:01:36,REAL,2738030590,481,2738031071,2738031071
2025-06-19 13:01:38,REAL,2738031071,484,2738031555,2738031555
2025-06-19 13:01:40,REAL,2738031555,484,2738032039,2738032039
2025-06-19 13:01:42,REAL,2738032039,481,2738032520,2738032520
2025-06-19 13:01:44,REAL,2738032520,485,2738033005,2738033005
2025-06-19 13:01:46,REAL,2738033005,482,2738033487,2738033487
2025-06-19 13:01:48,REAL,2738033487,486,2738033973,2738033973
2025-06-19 13:01:50,REAL,2738033973,484,2738034457,2738034457
2025-06-19 13:01:52,REAL,2738034457,480,2738034937,2738034937
2025-06-19 13:01:54,REAL,2738034937,476,2738035413,2738035413
2025-06-19 13:01:56,REAL,2738035413,484,2738035897,2738035897
2025-06-19 13:01:58,REAL,2738035897,488,2738036385,2738036385
2025-06-19 13:02:00,REAL,2738036385,489,2738036874,2738036874
2025-06-19 13:02:02,REAL,2738036874,478,2738037352,2738037352
2025-06-19 13:02:04,REAL,2738037352,533,2738037885,2738037885
2025-06-19 13:02:06,REAL,2738037885,490,2738038375,2738038375
2025-06-19 13:02:08,REAL,2738038375,485,2738038860,2738038860
2025-06-19 13:02:10,REAL,2738038860,481,2738039341,2738039341
2025-06-19 13:02:12,REAL,2738039341,482,2738039823,2738039823
2025-06-19 13:02:14,REAL,2738039823,540,2738040363,2738040363
2025-06-19 13:02:16,REAL,2738040363,487,2738040850,2738040850
2025-06-19 13:02:18,REAL,2738040850,484,2738041334,2738041334
2025-06-19 13:02:20,REAL,2738041334,484,2738041818,2738041818
2025-06-19 13:02:22,REAL,2738041818,483,2738042301,2738042301
2025-06-19 13:02:24,REAL,2738042301,484,2738042785,2738042785
2025-06-19 13:02:26,REAL,2738042785,486,2738043271,2738043271
2025-06-19 13:02:28,REAL,2738043271,488,2738043759,2738043759
2025-06-19 13:02:30,REAL,2738043759,487,2738044246,2738044246
2025-06-19 13:02:32,REAL,2738044246,483,2738044729,2738044729
2025-06-19 13:02:34,REAL,2738044729,485,2738045214,2738045214
2025-06-19 13:02:36,REAL,2738045214,490,2738045704,2738045704
2025-06-19 13:02:38,REAL,2738045704,488,2738046192,2738046192
2025-06-19 13:02:40,REAL,2738046192,878,2738047070,2738047070
2025-06-19 13:02:42,REAL,2738047070,12360,2738059430,2738059430
2025-06-19 13:02:44,REAL,2738059430,10256,2738069686,2738069686
2025-06-19 13:02:46,REAL,2738069686,10249,2738079935,2738079935
2025-06-19 13:02:48,REAL,2738079935,10327,2738090262,2738090262
2025-06-19 13:02:50,REAL,2738090262,10250,2738100512,2738100512
2025-06-19 13:02:52,REAL,2738100512,10247,2738110759,2738110759
2025-06-19 13:02:54,REAL,2738110759,10256,2738121015,2738121015
2025-06-19 13:02:56,REAL,2738121015,4905,2738125920,2738125920
2025-06-19 13:02:58,REAL,2738125920,477,2738126397,2738126397
2025-06-19 13:03:00,REAL,2738126397,486,2738126883,2738126883
2025-06-19 13:03:02,REAL,2738126883,479,2738127362,2738127362
2025-06-19 13:03:04,REAL,2738127362,485,2738127847,2738127847
2025-06-19 13:03:06,REAL,2738127847,482,2738128329,2738128329
2025-06-19 13:03:08,REAL,2738128329,487,2738128816,2738128816
2025-06-19 13:03:10,REAL,2738128816,485,2738129301,2738129301
2025-06-19 13:03:12,REAL,2738129301,1613,2738130914,2738130914
2025-06-19 13:03:14,REAL,2738130914,15468,2738146382,2738146382
2025-06-19 13:03:16,REAL,2738146382,10312,2738156694,2738156694
2025-06-19 13:03:18,REAL,2738156694,10256,2738166950,2738166950
2025-06-19 13:03:20,REAL,2738166950,10317,2738177267,2738177267
2025-06-19 13:03:22,REAL,2738177267,10249,2738187516,2738187516
2025-06-19 13:03:24,REAL,2738187516,10252,2738197768,2738197768
2025-06-19 13:03:26,REAL,2738197768,10315,2738208083,2738208083
2025-06-19 13:03:28,REAL,2738208083,4245,2738212328,2738212328
2025-06-19 13:03:30,REAL,2738212328,487,2738212815,2738212815
2025-06-19 13:03:32,REAL,2738212815,482,2738213297,2738213297
2025-06-19 13:03:34,REAL,2738213297,482,2738213779,2738213779
2025-06-19 13:03:36,REAL,2738213779,483,2738214262,2738214262
2025-06-19 13:03:38,REAL,2738214262,486,2738214748,2738214748
2025-06-19 13:03:40,REAL,2738214748,486,2738215234,2738215234
2025-06-19 13:03:42,REAL,2738215234,484,2738215718,2738215718
2025-06-19 13:03:44,REAL,2738215718,2662,2738218380,2738218380
2025-06-19 13:03:46,REAL,2738218380,11508,2738229888,2738229888
2025-06-19 13:03:48,REAL,2738229888,10246,2738240134,2738240134
2025-06-19 13:03:50,REAL,2738240134,10315,2738250449,2738250449
2025-06-19 13:03:52,REAL,2738250449,10324,2738260773,2738260773
2025-06-19 13:03:54,REAL,2738260773,10251,2738271024,2738271024
2025-06-19 13:03:56,REAL,2738271024,10251,2738281275,2738281275
2025-06-19 13:03:58,REAL,2738281275,10255,2738291530,2738291530
2025-06-19 13:04:00,REAL,2738291530,3584,2738295114,2738295114
2025-06-19 13:04:02,REAL,2738295114,484,2738295598,2738295598
2025-06-19 13:04:04,REAL,2738295598,481,2738296079,2738296079
2025-06-19 13:04:06,REAL,2738296079,485,2738296564,2738296564
2025-06-19 13:04:08,REAL,2738296564,486,2738297050,2738297050
2025-06-19 13:04:10,REAL,2738297050,479,2738297529,2738297529
2025-06-19 13:04:12,REAL,2738297529,481,2738298010,2738298010
2025-06-19 13:04:14,REAL,2738298010,483,2738298493,2738298493
2025-06-19 13:04:16,REAL,2738298493,3070,2738301563,2738301563
2025-06-19 13:04:18,REAL,2738301563,11638,2738313201,2738313201
2025-06-19 13:04:20,REAL,2738313201,10254,2738323455,2738323455
2025-06-19 13:04:22,REAL,2738323455,10261,2738333716,2738333716
2025-06-19 13:04:24,REAL,2738333716,10250,2738343966,2738343966
2025-06-19 13:04:26,REAL,2738343966,10373,2738354339,2738354339
2025-06-19 13:04:28,REAL,2738354339,10256,2738364595,2738364595
2025-06-19 13:04:30,REAL,2738364595,10245,2738374840,2738374840
2025-06-19 13:04:32,REAL,2738374840,2986,2738377826,2738377826
2025-06-19 13:04:34,REAL,2738377826,493,2738378319,2738378319
2025-06-19 13:04:36,REAL,2738378319,487,2738378806,2738378806
2025-06-19 13:04:38,REAL,2738378806,484,2738379290,2738379290
2025-06-19 13:04:40,REAL,2738379290,488,2738379778,2738379778
2025-06-19 13:04:42,REAL,2738379778,484,2738380262,2738380262
2025-06-19 13:04:44,REAL,2738380262,479,2738380741,2738380741
2025-06-19 13:04:46,REAL,2738380741,487,2738381228,2738381228
2025-06-19 13:04:48,REAL,2738381228,4121,2738385349,2738385349
2025-06-19 13:04:50,REAL,2738385349,11248,2738396597,2738396597
2025-06-19 13:04:52,REAL,2738396597,10246,2738406843,2738406843
2025-06-19 13:04:54,REAL,2738406843,10258,2738417101,2738417101
2025-06-19 13:04:56,REAL,2738417101,10260,2738427361,2738427361
2025-06-19 13:04:58,REAL,2738427361,10319,2738437680,2738437680
2025-06-19 13:05:00,REAL,2738437680,10255,2738447935,2738447935
2025-06-19 13:05:02,REAL,2738447935,10298,2738458233,2738458233
2025-06-19 13:05:04,REAL,2738458233,2397,2738460630,2738460630
2025-06-19 13:05:06,REAL,2738460630,489,2738461119,2738461119
2025-06-19 13:05:08,REAL,2738461119,481,2738461600,2738461600
2025-06-19 13:05:10,REAL,2738461600,485,2738462085,2738462085
2025-06-19 13:05:12,REAL,2738462085,481,2738462566,2738462566
2025-06-19 13:05:14,REAL,2738462566,485,2738463051,2738463051
2025-06-19 13:05:16,REAL,2738463051,478,2738463529,2738463529
2025-06-19 13:05:18,REAL,2738463529,489,2738464018,2738464018
2025-06-19 13:05:20,REAL,2738464018,484,2738464502,2738464502
2025-06-19 13:05:22,REAL,2738464502,542,2738465044,2738465044
2025-06-19 13:05:24,REAL,2738465044,487,2738465531,2738465531
2025-06-19 13:05:26,REAL,2738465531,484,2738466015,2738466015
2025-06-19 13:05:28,REAL,2738466015,485,2738466500,2738466500
2025-06-19 13:05:30,REAL,2738466500,478,2738466978,2738466978
2025-06-19 13:05:32,REAL,2738466978,486,2738467464,2738467464
2025-06-19 13:05:34,REAL,2738467464,485,2738467949,2738467949
2025-06-19 13:05:36,REAL,2738467949,479,2738468428,2738468428
2025-06-19 13:05:38,REAL,2738468428,542,2738468970,2738468970
2025-06-19 13:05:40,REAL,2738468970,488,2738469458,2738469458
2025-06-19 13:05:42,REAL,2738469458,487,2738469945,2738469945
2025-06-19 13:05:44,REAL,2738469945,484,2738470429,2738470429
2025-06-19 13:05:46,REAL,2738470429,485,2738470914,2738470914
2025-06-19 13:05:48,REAL,2738470914,490,2738471404,2738471404
2025-06-19 13:05:50,REAL,2738471404,480,2738471884,2738471884
2025-06-19 13:05:52,REAL,2738471884,482,2738472366,2738472366
2025-06-19 13:05:54,REAL,2738472366,540,2738472906,2738472906
2025-06-19 13:05:56,REAL,2738472906,490,2738473396,2738473396
2025-06-19 13:05:58,REAL,2738473396,488,2738473884,2738473884
2025-06-19 13:06:00,REAL,2738473884,481,2738474365,2738474365
2025-06-19 13:06:02,REAL,2738474365,487,2738474852,2738474852
2025-06-19 13:06:04,REAL,2738474852,490,2738475342,2738475342
2025-06-19 13:06:06,REAL,2738475342,491,2738475833,2738475833
2025-06-19 13:06:08,REAL,2738475833,487,2738476320,2738476320
2025-06-19 13:06:10,REAL,2738476320,487,2738476807,2738476807
2025-06-19 13:06:12,REAL,2738476807,478,2738477285,2738477285
2025-06-19 13:06:14,REAL,2738477285,540,2738477825,2738477825
2025-06-19 13:06:16,REAL,2738477825,483,2738478308,2738478308
2025-06-19 13:06:18,REAL,2738478308,482,2738478790,2738478790
2025-06-19 13:06:20,REAL,2738478790,475,2738479265,2738479265
2025-06-19 13:06:22,REAL,2738479265,479,2738479744,2738479744
2025-06-19 13:06:24,REAL,2738479744,11921,2738491665,2738491665
2025-06-19 13:06:26,REAL,2738491665,10248,2738501913,2738501913
2025-06-19 13:06:28,REAL,2738501913,10324,2738512237,2738512237
2025-06-19 13:06:30,REAL,2738512237,10255,2738522492,2738522492
2025-06-19 13:06:32,REAL,2738522492,10247,2738532739,2738532739
2025-06-19 13:06:34,REAL,2738532739,10324,2738543063,2738543063
2025-06-19 13:06:36,REAL,2738543063,10244,2738553307,2738553307
2025-06-19 13:06:38,REAL,2738553307,5566,2738558873,2738558873
2025-06-19 13:06:40,REAL,2738558873,486,2738559359,2738559359
2025-06-19 13:06:42,REAL,2738559359,490,2738559849,2738559849
2025-06-19 13:06:44,REAL,2738559849,486,2738560335,2738560335
2025-06-19 13:06:46,REAL,2738560335,486,2738560821,2738560821
2025-06-19 13:06:48,REAL,2738560821,536,2738561357,2738561357
2025-06-19 13:06:50,REAL,2738561357,478,2738561835,2738561835
2025-06-19 13:06:52,REAL,2738561835,489,2738562324,2738562324
2025-06-19 13:06:54,REAL,2738562324,620,2738562944,2738562944
2025-06-19 13:06:56,REAL,2738562944,12370,2738575314,2738575314
2025-06-19 13:06:58,REAL,2738575314,10247,2738585561,2738585561
2025-06-19 13:07:00,REAL,2738585561,10248,2738595809,2738595809
2025-06-19 13:07:02,REAL,2738595809,10248,2738606057,2738606057
2025-06-19 13:07:04,REAL,2738606057,10252,2738616309,2738616309
2025-06-19 13:07:06,REAL,2738616309,10315,2738626624,2738626624
2025-06-19 13:07:08,REAL,2738626624,10248,2738636872,2738636872
2025-06-19 13:07:10,REAL,2738636872,4970,2738641842,2738641842
2025-06-19 13:07:12,REAL,2738641842,484,2738642326,2738642326
2025-06-19 13:07:14,REAL,2738642326,494,2738642820,2738642820
2025-06-19 13:07:16,REAL,2738642820,481,2738643301,2738643301
2025-06-19 13:07:18,REAL,2738643301,491,2738643792,2738643792
2025-06-19 13:07:20,REAL,2738643792,485,2738644277,2738644277
2025-06-19 13:07:22,REAL,2738644277,491,2738644768,2738644768
2025-06-19 13:07:24,REAL,2738644768,484,2738645252,2738645252
2025-06-19 13:07:26,REAL,2738645252,542,2738645794,2738645794
2025-06-19 13:07:28,REAL,2738645794,540,2738646334,2738646334
2025-06-19 13:07:30,REAL,2738646334,489,2738646823,2738646823
2025-06-19 13:07:32,REAL,2738646823,491,2738647314,2738647314
2025-06-19 13:07:34,REAL,2738647314,478,2738647792,2738647792
2025-06-19 13:07:36,REAL,2738647792,488,2738648280,2738648280
2025-06-19 13:07:38,REAL,2738648280,481,2738648761,2738648761
2025-06-19 13:07:40,REAL,2738648761,488,2738649249,2738649249
2025-06-19 13:07:42,REAL,2738649249,476,2738649725,2738649725
2025-06-19 13:07:44,REAL,2738649725,490,2738650215,2738650215
2025-06-19 13:07:46,REAL,2738650215,483,2738650698,2738650698
2025-06-19 13:07:48,REAL,2738650698,484,2738651182,2738651182
2025-06-19 13:07:50,REAL,2738651182,479,2738651661,2738651661
2025-06-19 13:07:52,REAL,2738651661,483,2738652144,2738652144
2025-06-19 13:07:54,REAL,2738652144,479,2738652623,2738652623
2025-06-19 13:07:56,REAL,2738652623,485,2738653108,2738653108
2025-06-19 13:07:58,REAL,2738653108,483,2738653591,2738653591
2025-06-19 13:08:00,REAL,2738653591,543,2738654134,2738654134
2025-06-19 13:08:02,REAL,2738654134,481,2738654615,2738654615
2025-06-19 13:08:04,REAL,2738654615,532,2738655147,2738655147
2025-06-19 13:08:06,REAL,2738655147,483,2738655630,2738655630
2025-06-19 13:08:08,REAL,2738655630,491,2738656121,2738656121
2025-06-19 13:08:10,REAL,2738656121,482,2738656603,2738656603
2025-06-19 13:08:12,REAL,2738656603,487,2738657090,2738657090
2025-06-19 13:08:14,REAL,2738657090,486,2738657576,2738657576
2025-06-19 13:08:16,REAL,2738657576,490,2738658066,2738658066
2025-06-19 13:08:18,REAL,2738658066,487,2738658553,2738658553
2025-06-19 13:08:20,REAL,2738658553,481,2738659034,2738659034
2025-06-19 13:08:22,REAL,2738659034,491,2738659525,2738659525
2025-06-19 13:08:24,REAL,2738659525,487,2738660012,2738660012
2025-06-19 13:08:26,REAL,2738660012,486,2738660498,2738660498
2025-06-19 13:08:28,REAL,2738660498,485,2738660983,2738660983
2025-06-19 13:08:30,REAL,2738660983,491,2738661474,2738661474
2025-06-19 13:08:32,REAL,2738661474,476,2738661950,2738661950
2025-06-19 13:08:34,REAL,2738661950,539,2738662489,2738662489
2025-06-19 13:08:36,REAL,2738662489,480,2738662969,2738662969
2025-06-19 13:08:38,REAL,2738662969,476,2738663445,2738663445
2025-06-19 13:08:40,REAL,2738663445,486,2738663931,2738663931
2025-06-19 13:08:42,REAL,2738663931,539,2738664470,2738664470
2025-06-19 13:08:44,REAL,2738664470,483,2738664953,2738664953
2025-06-19 13:08:46,REAL,2738664953,483,2738665436,2738665436
2025-06-19 13:08:48,REAL,2738665436,484,2738665920,2738665920
2025-06-19 13:08:50,REAL,2738665920,487,2738666407,2738666407
2025-06-19 13:08:52,REAL,2738666407,492,2738666899,2738666899
2025-06-19 13:08:54,REAL,2738666899,483,2738667382,2738667382
2025-06-19 13:08:56,REAL,2738667382,489,2738667871,2738667871
2025-06-19 13:08:58,REAL,2738667871,479,2738668350,2738668350
2025-06-19 13:09:00,REAL,2738668350,543,2738668893,2738668893
2025-06-19 13:09:02,REAL,2738668893,478,2738669371,2738669371
2025-06-19 13:09:04,REAL,2738669371,489,2738669860,2738669860
2025-06-19 13:09:06,REAL,2738669860,481,2738670341,2738670341
2025-06-19 13:09:08,REAL,2738670341,483,2738670824,2738670824
2025-06-19 13:09:10,REAL,2738670824,487,2738671311,2738671311
2025-06-19 13:09:12,REAL,2738671311,484,2738671795,2738671795
2025-06-19 13:09:14,REAL,2738671795,475,2738672270,2738672270
2025-06-19 13:09:16,REAL,2738672270,484,2738672754,2738672754
2025-06-19 13:09:18,REAL,2738672754,488,2738673242,2738673242
2025-06-19 13:09:20,REAL,2738673242,487,2738673729,2738673729
2025-06-19 13:09:22,REAL,2738673729,542,2738674271,2738674271
2025-06-19 13:09:24,REAL,2738674271,482,2738674753,2738674753
2025-06-19 13:09:26,REAL,2738674753,535,2738675288,2738675288
2025-06-19 13:09:28,REAL,2738675288,4446,2738679734,2738679734
2025-06-19 13:09:30,REAL,2738679734,11105,2738690839,2738690839
2025-06-19 13:09:32,REAL,2738690839,10248,2738701087,2738701087
2025-06-19 13:09:34,REAL,2738701087,10243,2738711330,2738711330
2025-06-19 13:09:36,REAL,2738711330,10324,2738721654,2738721654
2025-06-19 13:09:38,REAL,2738721654,10245,2738731899,2738731899
2025-06-19 13:09:40,REAL,2738731899,10257,2738742156,2738742156
2025-06-19 13:09:42,REAL,2738742156,10252,2738752408,2738752408
2025-06-19 13:09:44,REAL,2738752408,2265,2738754673,2738754673
2025-06-19 13:09:46,REAL,2738754673,481,2738755154,2738755154
2025-06-19 13:09:48,REAL,2738755154,486,2738755640,2738755640
2025-06-19 13:09:50,REAL,2738755640,484,2738756124,2738756124
2025-06-19 13:09:52,REAL,2738756124,485,2738756609,2738756609
2025-06-19 13:09:54,REAL,2738756609,530,2738757139,2738757139
2025-06-19 13:09:56,REAL,2738757139,486,2738757625,2738757625
2025-06-19 13:09:58,REAL,2738757625,475,2738758100,2738758100
2025-06-19 13:10:00,REAL,2738758100,533,2738758633,2738758633
2025-06-19 13:10:02,REAL,2738758633,476,2738759109,2738759109
2025-06-19 13:10:04,REAL,2738759109,484,2738759593,2738759593
2025-06-19 13:10:06,REAL,2738759593,485,2738760078,2738760078
2025-06-19 13:10:08,REAL,2738760078,494,2738760572,2738760572
2025-06-19 13:10:10,REAL,2738760572,491,2738761063,2738761063
2025-06-19 13:10:12,REAL,2738761063,484,2738761547,2738761547
2025-06-19 13:10:14,REAL,2738761547,483,2738762030,2738762030
2025-06-19 13:10:16,REAL,2738762030,486,2738762516,2738762516
2025-06-19 13:10:18,REAL,2738762516,488,2738763004,2738763004
2025-06-19 13:10:20,REAL,2738763004,535,2738763539,2738763539
2025-06-19 13:10:22,REAL,2738763539,486,2738764025,2738764025
2025-06-19 13:10:24,REAL,2738764025,490,2738764515,2738764515
2025-06-19 13:10:26,REAL,2738764515,488,2738765003,2738765003
2025-06-19 13:10:28,REAL,2738765003,481,2738765484,2738765484
2025-06-19 13:10:30,REAL,2738765484,477,2738765961,2738765961
2025-06-19 13:10:32,REAL,2738765961,484,2738766445,2738766445
2025-06-19 13:10:34,REAL,2738766445,484,2738766929,2738766929
2025-06-19 13:10:36,REAL,2738766929,487,2738767416,2738767416
2025-06-19 13:10:38,REAL,2738767416,479,2738767895,2738767895
2025-06-19 13:10:40,REAL,2738767895,540,2738768435,2738768435
2025-06-19 13:10:42,REAL,2738768435,490,2738768925,2738768925
2025-06-19 13:10:44,REAL,2738768925,482,2738769407,2738769407
2025-06-19 13:10:46,REAL,2738769407,546,2738769953,2738769953
2025-06-19 13:10:48,REAL,2738769953,486,2738770439,2738770439
2025-06-19 13:10:50,REAL,2738770439,485,2738770924,2738770924
2025-06-19 13:10:52,REAL,2738770924,485,2738771409,2738771409
2025-06-19 13:10:54,REAL,2738771409,490,2738771899,2738771899
2025-06-19 13:10:56,REAL,2738771899,476,2738772375,2738772375
2025-06-19 13:10:58,REAL,2738772375,490,2738772865,2738772865
2025-06-19 13:11:00,REAL,2738772865,483,2738773348,2738773348
2025-06-19 13:11:02,REAL,2738773348,482,2738773830,2738773830
2025-06-19 13:11:04,REAL,2738773830,483,2738774313,2738774313
2025-06-19 13:11:06,REAL,2738774313,479,2738774792,2738774792
2025-06-19 13:11:08,REAL,2738774792,486,2738775278,2738775278
2025-06-19 13:11:10,REAL,2738775278,489,2738775767,2738775767
2025-06-19 13:11:12,REAL,2738775767,484,2738776251,2738776251
2025-06-19 13:11:14,REAL,2738776251,533,2738776784,2738776784
2025-06-19 13:11:16,REAL,2738776784,476,2738777260,2738777260
2025-06-19 13:11:18,REAL,2738777260,539,2738777799,2738777799
2025-06-19 13:11:20,REAL,2738777799,481,2738778280,2738778280
2025-06-19 13:11:22,REAL,2738778280,488,2738778768,2738778768
2025-06-19 13:11:24,REAL,2738778768,483,2738779251,2738779251
2025-06-19 13:11:26,REAL,2738779251,487,2738779738,2738779738
2025-06-19 13:11:28,REAL,2738779738,490,2738780228,2738780228
2025-06-19 13:11:30,REAL,2738780228,483,2738780711,2738780711
2025-06-19 13:11:32,REAL,2738780711,485,2738781196,2738781196
2025-06-19 13:11:34,REAL,2738781196,486,2738781682,2738781682
2025-06-19 13:11:36,REAL,2738781682,487,2738782169,2738782169
2025-06-19 13:11:38,REAL,2738782169,489,2738782658,2738782658
2025-06-19 13:11:40,REAL,2738782658,6490,2738789148,2738789148
2025-06-19 13:11:42,REAL,2738789148,10910,2738800058,2738800058
2025-06-19 13:11:44,REAL,2738800058,10312,2738810370,2738810370
2025-06-19 13:11:46,REAL,2738810370,10253,2738820623,2738820623
2025-06-19 13:11:48,REAL,2738820623,10260,2738830883,2738830883
2025-06-19 13:11:50,REAL,2738830883,10319,2738841202,2738841202
2025-06-19 13:11:52,REAL,2738841202,10243,2738851445,2738851445
2025-06-19 13:11:54,REAL,2738851445,9982,2738861427,2738861427
2025-06-19 13:11:56,REAL,2738861427,480,2738861907,2738861907
2025-06-19 13:11:58,REAL,2738861907,535,2738862442,2738862442
2025-06-19 13:12:00,REAL,2738862442,480,2738862922,2738862922
2025-06-19 13:12:02,REAL,2738862922,487,2738863409,2738863409
2025-06-19 13:12:04,REAL,2738863409,485,2738863894,2738863894
2025-06-19 13:12:06,REAL,2738863894,539,2738864433,2738864433
2025-06-19 13:12:08,REAL,2738864433,484,2738864917,2738864917
2025-06-19 13:12:10,REAL,2738864917,478,2738865395,2738865395
2025-06-19 13:12:12,REAL,2738865395,488,2738865883,2738865883
2025-06-19 13:12:14,REAL,2738865883,489,2738866372,2738866372
2025-06-19 13:12:16,REAL,2738866372,486,2738866858,2738866858
2025-06-19 13:12:18,REAL,2738866858,478,2738867336,2738867336
2025-06-19 13:12:20,REAL,2738867336,488,2738867824,2738867824
2025-06-19 13:12:22,REAL,2738867824,479,2738868303,2738868303
2025-06-19 13:12:24,REAL,2738868303,487,2738868790,2738868790
2025-06-19 13:12:26,REAL,2738868790,487,2738869277,2738869277
2025-06-19 13:12:28,REAL,2738869277,476,2738869753,2738869753
2025-06-19 13:12:30,REAL,2738869753,478,2738870231,2738870231
2025-06-19 13:12:32,REAL,2738870231,480,2738870711,2738870711
2025-06-19 13:12:34,REAL,2738870711,532,2738871243,2738871243
2025-06-19 13:12:36,REAL,2738871243,535,2738871778,2738871778
2025-06-19 13:12:38,REAL,2738871778,489,2738872267,2738872267
2025-06-19 13:12:40,REAL,2738872267,490,2738872757,2738872757
2025-06-19 13:12:42,REAL,2738872757,485,2738873242,2738873242
2025-06-19 13:12:44,REAL,2738873242,482,2738873724,2738873724
2025-06-19 13:12:46,REAL,2738873724,482,2738874206,2738874206
2025-06-19 13:12:48,REAL,2738874206,483,2738874689,2738874689
2025-06-19 13:12:50,REAL,2738874689,484,2738875173,2738875173
2025-06-19 13:12:52,REAL,2738875173,485,2738875658,2738875658
2025-06-19 13:12:54,REAL,2738875658,489,2738876147,2738876147
2025-06-19 13:12:56,REAL,2738876147,488,2738876635,2738876635
2025-06-19 13:12:58,REAL,2738876635,485,2738877120,2738877120
2025-06-19 13:13:00,REAL,2738877120,537,2738877657,2738877657
2025-06-19 13:13:02,REAL,2738877657,481,2738878138,2738878138
2025-06-19 13:13:04,REAL,2738878138,542,2738878680,2738878680
2025-06-19 13:13:06,REAL,2738878680,490,2738879170,2738879170
2025-06-19 13:13:08,REAL,2738879170,484,2738879654,2738879654
2025-06-19 13:13:10,REAL,2738879654,489,2738880143,2738880143
2025-06-19 13:13:12,REAL,2738880143,485,2738880628,2738880628
2025-06-19 13:13:14,REAL,2738880628,477,2738881105,2738881105
2025-06-19 13:13:16,REAL,2738881105,479,2738881584,2738881584
2025-06-19 13:13:18,REAL,2738881584,485,2738882069,2738882069
2025-06-19 13:13:20,REAL,2738882069,482,2738882551,2738882551
2025-06-19 13:13:22,REAL,2738882551,484,2738883035,2738883035
2025-06-19 13:13:24,REAL,2738883035,491,2738883526,2738883526
2025-06-19 13:13:26,REAL,2738883526,540,2738884066,2738884066
2025-06-19 13:13:28,REAL,2738884066,538,2738884604,2738884604
2025-06-19 13:13:30,REAL,2738884604,486,2738885090,2738885090
2025-06-19 13:13:32,REAL,2738885090,483,2738885573,2738885573
2025-06-19 13:13:34,REAL,2738885573,485,2738886058,2738886058
2025-06-19 13:13:36,REAL,2738886058,490,2738886548,2738886548
2025-06-19 13:13:38,REAL,2738886548,487,2738887035,2738887035
2025-06-19 13:13:40,REAL,2738887035,485,2738887520,2738887520
2025-06-19 13:13:42,REAL,2738887520,483,2738888003,2738888003
2025-06-19 13:13:44,REAL,2738888003,485,2738888488,2738888488
2025-06-19 13:13:46,REAL,2738888488,475,2738888963,2738888963
2025-06-19 13:13:48,REAL,2738888963,480,2738889443,2738889443
2025-06-19 13:13:50,REAL,2738889443,483,2738889926,2738889926
2025-06-19 13:13:52,REAL,2738889926,487,2738890413,2738890413
2025-06-19 13:13:54,REAL,2738890413,543,2738890956,2738890956
2025-06-19 13:13:56,REAL,2738890956,486,2738891442,2738891442
2025-06-19 13:13:58,REAL,2738891442,483,2738891925,2738891925
2025-06-19 13:14:00,REAL,2738891925,488,2738892413,2738892413
2025-06-19 13:14:02,REAL,2738892413,485,2738892898,2738892898
2025-06-19 13:14:04,REAL,2738892898,486,2738893384,2738893384
2025-06-19 13:14:06,REAL,2738893384,480,2738893864,2738893864
2025-06-19 13:14:08,REAL,2738893864,481,2738894345,2738894345
2025-06-19 13:14:10,REAL,2738894345,484,2738894829,2738894829
2025-06-19 13:14:12,REAL,2738894829,488,2738895317,2738895317
2025-06-19 13:14:14,REAL,2738895317,479,2738895796,2738895796
2025-06-19 13:14:16,REAL,2738895796,542,2738896338,2738896338
2025-06-19 13:14:18,REAL,2738896338,483,2738896821,2738896821
2025-06-19 13:14:20,REAL,2738896821,535,2738897356,2738897356
2025-06-19 13:14:22,REAL,2738897356,487,2738897843,2738897843
2025-06-19 13:14:24,REAL,2738897843,478,2738898321,2738898321
2025-06-19 13:14:26,REAL,2738898321,485,2738898806,2738898806
2025-06-19 13:14:28,REAL,2738898806,487,2738899293,2738899293
2025-06-19 13:14:30,REAL,2738899293,488,2738899781,2738899781
2025-06-19 13:14:32,REAL,2738899781,490,2738900271,2738900271
2025-06-19 13:14:34,REAL,2738900271,493,2738900764,2738900764
2025-06-19 13:14:36,REAL,2738900764,487,2738901251,2738901251
2025-06-19 13:14:38,REAL,2738901251,492,2738901743,2738901743
2025-06-19 13:14:40,REAL,2738901743,488,2738902231,2738902231
2025-06-19 13:14:42,REAL,2738902231,483,2738902714,2738902714
2025-06-19 13:14:44,REAL,2738902714,489,2738903203,2738903203
2025-06-19 13:14:46,REAL,2738903203,550,2738903753,2738903753
2025-06-19 13:14:48,REAL,2738903753,478,2738904231,2738904231
2025-06-19 13:14:50,REAL,2738904231,480,2738904711,2738904711
2025-06-19 13:14:52,REAL,2738904711,490,2738905201,2738905201
2025-06-19 13:14:54,REAL,2738905201,488,2738905689,2738905689
2025-06-19 13:14:56,REAL,2738905689,484,2738906173,2738906173
2025-06-19 13:14:58,REAL,2738906173,484,2738906657,2738906657
2025-06-19 13:15:00,REAL,2738906657,489,2738907146,2738907146
2025-06-19 13:15:02,REAL,2738907146,486,2738907632,2738907632
2025-06-19 13:15:04,REAL,2738907632,481,2738908113,2738908113
2025-06-19 13:15:06,REAL,2738908113,540,2738908653,2738908653
2025-06-19 13:15:08,REAL,2738908653,479,2738909132,2738909132
2025-06-19 13:15:10,REAL,2738909132,483,2738909615,2738909615
2025-06-19 13:15:12,REAL,2738909615,546,2738910161,2738910161
2025-06-19 13:15:14,REAL,2738910161,479,2738910640,2738910640
2025-06-19 13:15:16,REAL,2738910640,487,2738911127,2738911127
2025-06-19 13:15:18,REAL,2738911127,483,2738911610,2738911610
2025-06-19 13:15:20,REAL,2738911610,486,2738912096,2738912096
2025-06-19 13:15:22,REAL,2738912096,492,2738912588,2738912588
2025-06-19 13:15:24,REAL,2738912588,486,2738913074,2738913074
2025-06-19 13:15:26,REAL,2738913074,484,2738913558,2738913558
2025-06-19 13:15:28,REAL,2738913558,475,2738914033,2738914033
2025-06-19 13:15:30,REAL,2738914033,483,2738914516,2738914516
2025-06-19 13:15:32,REAL,2738914516,477,2738914993,2738914993
2025-06-19 13:15:34,REAL,2738914993,477,2738915470,2738915470
2025-06-19 13:15:36,REAL,2738915470,484,2738915954,2738915954
2025-06-19 13:15:38,REAL,2738915954,543,2738916497,2738916497
2025-06-19 13:15:40,REAL,2738916497,488,2738916985,2738916985
2025-06-19 13:15:42,REAL,2738916985,479,2738917464,2738917464
2025-06-19 13:15:44,REAL,2738917464,246,2738917710,2738917710
2025-06-19 13:15:46,REAL,2738917710,477,2738918187,2738918187
2025-06-19 13:15:48,REAL,2738918187,479,2738918666,2738918666
2025-06-19 13:15:50,REAL,2738918666,474,2738919140,2738919140
2025-06-19 13:15:52,REAL,2738919140,486,2738919626,2738919626
2025-06-19 13:15:54,REAL,2738919626,537,2738920163,2738920163
2025-06-19 13:15:56,REAL,2738920163,486,2738920649,2738920649
2025-06-19 13:15:58,REAL,2738920649,488,2738921137,2738921137
2025-06-19 13:16:00,REAL,2738921137,478,2738921615,2738921615
2025-06-19 13:16:02,REAL,2738921615,480,2738922095,2738922095
2025-06-19 13:16:04,REAL,2738922095,537,2738922632,2738922632
2025-06-19 13:16:06,REAL,2738922632,484,2738923116,2738923116
2025-06-19 13:16:08,REAL,2738923116,492,2738923608,2738923608
2025-06-19 13:16:10,REAL,2738923608,477,2738924085,2738924085
2025-06-19 13:16:12,REAL,2738924085,486,2738924571,2738924571
2025-06-19 13:16:14,REAL,2738924571,630,2738925201,2738925201
2025-06-19 13:16:16,REAL,2738925201,12034,2738937235,2738937235
2025-06-19 13:16:18,REAL,2738937235,10256,2738947491,2738947491
2025-06-19 13:16:20,REAL,2738947491,10258,2738957749,2738957749
2025-06-19 13:16:22,REAL,2738957749,10313,2738968062,2738968062
2025-06-19 13:16:24,REAL,2738968062,10245,2738978307,2738978307
2025-06-19 13:16:26,REAL,2738978307,10319,2738988626,2738988626
2025-06-19 13:16:28,REAL,2738988626,10313,2738998939,2738998939
2025-06-19 13:16:30,REAL,2738998939,4971,2739003910,2739003910
2025-06-19 13:16:32,REAL,2739003910,484,2739004394,2739004394
2025-06-19 13:16:34,REAL,2739004394,486,2739004880,2739004880
2025-06-19 13:16:36,REAL,2739004880,486,2739005366,2739005366
2025-06-19 13:16:38,REAL,2739005366,488,2739005854,2739005854
2025-06-19 13:16:40,REAL,2739005854,487,2739006341,2739006341
2025-06-19 13:16:42,REAL,2739006341,486,2739006827,2739006827
2025-06-19 13:16:44,REAL,2739006827,489,2739007316,2739007316
2025-06-19 13:16:46,REAL,2739007316,484,2739007800,2739007800
2025-06-19 13:16:48,REAL,2739007800,485,2739008285,2739008285
2025-06-19 13:16:50,REAL,2739008285,492,2739008777,2739008777
2025-06-19 13:16:52,REAL,2739008777,477,2739009254,2739009254
2025-06-19 13:16:54,REAL,2739009254,531,2739009785,2739009785
2025-06-19 13:16:56,REAL,2739009785,736,2739010521,2739010521
2025-06-19 13:16:58,REAL,2739010521,245,2739010766,2739010766
2025-06-19 13:17:00,REAL,2739010766,487,2739011253,2739011253
2025-06-19 13:17:02,REAL,2739011253,489,2739011742,2739011742
2025-06-19 13:17:04,REAL,2739011742,540,2739012282,2739012282
2025-06-19 13:17:06,REAL,2739012282,483,2739012765,2739012765
2025-06-19 13:17:08,REAL,2739012765,481,2739013246,2739013246
2025-06-19 13:17:10,REAL,2739013246,486,2739013732,2739013732
2025-06-19 13:17:12,REAL,2739013732,479,2739014211,2739014211
2025-06-19 13:17:14,REAL,2739014211,485,2739014696,2739014696
2025-06-19 13:17:16,REAL,2739014696,491,2739015187,2739015187
2025-06-19 13:17:18,REAL,2739015187,479,2739015666,2739015666
2025-06-19 13:17:20,REAL,2739015666,486,2739016152,2739016152
2025-06-19 13:17:22,REAL,2739016152,488,2739016640,2739016640
2025-06-19 13:17:24,REAL,2739016640,491,2739017131,2739017131
2025-06-19 13:17:26,REAL,2739017131,484,2739017615,2739017615
2025-06-19 13:17:28,REAL,2739017615,485,2739018100,2739018100
2025-06-19 13:17:30,REAL,2739018100,483,2739018583,2739018583
2025-06-19 13:17:32,REAL,2739018583,486,2739019069,2739019069
2025-06-19 13:17:34,REAL,2739019069,483,2739019552,2739019552
2025-06-19 13:17:36,REAL,2739019552,479,2739020031,2739020031
2025-06-19 13:17:38,REAL,2739020031,479,2739020510,2739020510
2025-06-19 13:17:40,REAL,2739020510,486,2739020996,2739020996
2025-06-19 13:17:42,REAL,2739020996,546,2739021542,2739021542
2025-06-19 13:17:44,REAL,2739021542,484,2739022026,2739022026
2025-06-19 13:17:46,REAL,2739022026,485,2739022511,2739022511
2025-06-19 13:17:48,REAL,2739022511,474,2739022985,2739022985
2025-06-19 13:17:50,REAL,2739022985,491,2739023476,2739023476
2025-06-19 13:17:52,REAL,2739023476,480,2739023956,2739023956
2025-06-19 13:17:54,REAL,2739023956,537,2739024493,2739024493
2025-06-19 13:17:56,REAL,2739024493,480,2739024973,2739024973
2025-06-19 13:17:58,REAL,2739024973,482,2739025455,2739025455
2025-06-19 13:18:00,REAL,2739025455,489,2739025944,2739025944
2025-06-19 13:18:02,REAL,2739025944,488,2739026432,2739026432
2025-06-19 13:18:04,REAL,2739026432,488,2739026920,2739026920
2025-06-19 13:18:06,REAL,2739026920,492,2739027412,2739027412
2025-06-19 13:18:08,REAL,2739027412,486,2739027898,2739027898
2025-06-19 13:18:10,REAL,2739027898,480,2739028378,2739028378
2025-06-19 13:18:12,REAL,2739028378,485,2739028863,2739028863
2025-06-19 13:18:14,REAL,2739028863,487,2739029350,2739029350
2025-06-19 13:18:16,REAL,2739029350,476,2739029826,2739029826
2025-06-19 13:18:18,REAL,2739029826,479,2739030305,2739030305
2025-06-19 13:18:20,REAL,2739030305,480,2739030785,2739030785
2025-06-19 13:18:22,REAL,2739030785,484,2739031269,2739031269
2025-06-19 13:18:24,REAL,2739031269,477,2739031746,2739031746
2025-06-19 13:18:26,REAL,2739031746,481,2739032227,2739032227
2025-06-19 13:18:28,REAL,2739032227,489,2739032716,2739032716
2025-06-19 13:18:30,REAL,2739032716,541,2739033257,2739033257
2025-06-19 13:18:32,REAL,2739033257,487,2739033744,2739033744
2025-06-19 13:18:34,REAL,2739033744,481,2739034225,2739034225
2025-06-19 13:18:36,REAL,2739034225,488,2739034713,2739034713
2025-06-19 13:18:38,REAL,2739034713,483,2739035196,2739035196
2025-06-19 13:18:40,REAL,2739035196,483,2739035679,2739035679
2025-06-19 13:18:42,REAL,2739035679,540,2739036219,2739036219
2025-06-19 13:18:44,REAL,2739036219,487,2739036706,2739036706
2025-06-19 13:18:46,REAL,2739036706,483,2739037189,2739037189
2025-06-19 13:18:48,REAL,2739037189,481,2739037670,2739037670
2025-06-19 13:18:50,REAL,2739037670,485,2739038155,2739038155
2025-06-19 13:18:52,REAL,2739038155,488,2739038643,2739038643
2025-06-19 13:18:54,REAL,2739038643,481,2739039124,2739039124
2025-06-19 13:18:56,REAL,2739039124,474,2739039598,2739039598
2025-06-19 13:18:58,REAL,2739039598,484,2739040082,2739040082
2025-06-19 13:19:00,REAL,2739040082,487,2739040569,2739040569
2025-06-19 13:19:02,REAL,2739040569,492,2739041061,2739041061
2025-06-19 13:19:04,REAL,2739041061,480,2739041541,2739041541
2025-06-19 13:19:06,REAL,2739041541,477,2739042018,2739042018
2025-06-19 13:19:08,REAL,2739042018,489,2739042507,2739042507
2025-06-19 13:19:10,REAL,2739042507,483,2739042990,2739042990
2025-06-19 13:19:12,REAL,2739042990,480,2739043470,2739043470
2025-06-19 13:19:14,REAL,2739043470,489,2739043959,2739043959
2025-06-19 13:19:16,REAL,2739043959,540,2739044499,2739044499
2025-06-19 13:19:18,REAL,2739044499,482,2739044981,2739044981
2025-06-19 13:19:20,REAL,2739044981,489,2739045470,2739045470
2025-06-19 13:19:22,REAL,2739045470,548,2739046018,2739046018
2025-06-19 13:19:24,REAL,2739046018,481,2739046499,2739046499
2025-06-19 13:19:26,REAL,2739046499,477,2739046976,2739046976
2025-06-19 13:19:28,REAL,2739046976,489,2739047465,2739047465
2025-06-19 13:19:30,REAL,2739047465,488,2739047953,2739047953
2025-06-19 13:19:32,REAL,2739047953,485,2739048438,2739048438
2025-06-19 13:19:34,REAL,2739048438,478,2739048916,2739048916
2025-06-19 13:19:36,REAL,2739048916,10859,2739059775,2739059775
2025-06-19 13:19:38,REAL,2739059775,10384,2739070159,2739070159
2025-06-19 13:19:40,REAL,2739070159,10253,2739080412,2739080412
2025-06-19 13:19:42,REAL,2739080412,10313,2739090725,2739090725
2025-06-19 13:19:44,REAL,2739090725,10247,2739100972,2739100972
2025-06-19 13:19:46,REAL,2739100972,10312,2739111284,2739111284
2025-06-19 13:19:48,REAL,2739111284,10250,2739121534,2739121534
2025-06-19 13:19:50,REAL,2739121534,6489,2739128023,2739128023
2025-06-19 13:19:52,REAL,2739128023,492,2739128515,2739128515
2025-06-19 13:19:54,REAL,2739128515,487,2739129002,2739129002
2025-06-19 13:19:56,REAL,2739129002,487,2739129489,2739129489
2025-06-19 13:19:58,REAL,2739129489,485,2739129974,2739129974
2025-06-19 13:20:00,REAL,2739129974,484,2739130458,2739130458
2025-06-19 13:20:02,REAL,2739130458,492,2739130950,2739130950
2025-06-19 13:20:04,REAL,2739130950,547,2739131497,2739131497
2025-06-19 13:20:06,REAL,2739131497,481,2739131978,2739131978
2025-06-19 13:20:08,REAL,2739131978,10989,2739142967,2739142967
2025-06-19 13:20:10,REAL,2739142967,10255,2739153222,2739153222
2025-06-19 13:20:12,REAL,2739153222,10372,2739163594,2739163594
2025-06-19 13:20:14,REAL,2739163594,10249,2739173843,2739173843
2025-06-19 13:20:16,REAL,2739173843,10244,2739184087,2739184087
2025-06-19 13:20:18,REAL,2739184087,10317,2739194404,2739194404
2025-06-19 13:20:20,REAL,2739194404,10255,2739204659,2739204659
2025-06-19 13:20:22,REAL,2739204659,5893,2739210552,2739210552
2025-06-19 13:20:24,REAL,2739210552,482,2739211034,2739211034
2025-06-19 13:20:26,REAL,2739211034,487,2739211521,2739211521
2025-06-19 13:20:28,REAL,2739211521,478,2739211999,2739211999
2025-06-19 13:20:30,REAL,2739211999,481,2739212480,2739212480
2025-06-19 13:20:32,REAL,2739212480,479,2739212959,2739212959
2025-06-19 13:20:34,REAL,2739212959,478,2739213437,2739213437
2025-06-19 13:20:36,REAL,2739213437,485,2739213922,2739213922
2025-06-19 13:20:38,REAL,2739213922,476,2739214398,2739214398
2025-06-19 13:20:40,REAL,2739214398,14878,2739229276,2739229276
2025-06-19 13:20:42,REAL,2739229276,10326,2739239602,2739239602
2025-06-19 13:20:44,REAL,2739239602,10248,2739249850,2739249850
2025-06-19 13:20:46,REAL,2739249850,10253,2739260103,2739260103
2025-06-19 13:20:48,REAL,2739260103,10316,2739270419,2739270419
2025-06-19 13:20:50,REAL,2739270419,10305,2739280724,2739280724
2025-06-19 13:20:52,REAL,2739280724,10257,2739290981,2739290981
2025-06-19 13:20:54,REAL,2739290981,5296,2739296277,2739296277
2025-06-19 13:20:56,REAL,2739296277,489,2739296766,2739296766
2025-06-19 13:20:58,REAL,2739296766,482,2739297248,2739297248
2025-06-19 13:21:00,REAL,2739297248,7027,2739304275,2739304275
2025-06-19 13:21:02,REAL,2739304275,10838,2739315113,2739315113
2025-06-19 13:21:04,REAL,2739315113,10325,2739325438,2739325438
2025-06-19 13:21:06,REAL,2739325438,10245,2739335683,2739335683
2025-06-19 13:21:08,REAL,2739335683,10315,2739345998,2739345998
2025-06-19 13:21:10,REAL,2739345998,10250,2739356248,2739356248
2025-06-19 13:21:12,REAL,2739356248,10256,2739366504,2739366504
2025-06-19 13:21:14,REAL,2739366504,9791,2739376295,2739376295
2025-06-19 13:21:16,REAL,2739376295,484,2739376779,2739376779
2025-06-19 13:21:18,REAL,2739376779,489,2739377268,2739377268
2025-06-19 13:21:20,REAL,2739377268,484,2739377752,2739377752
2025-06-19 13:21:22,REAL,2739377752,480,2739378232,2739378232
2025-06-19 13:21:24,REAL,2739378232,482,2739378714,2739378714
2025-06-19 13:21:26,REAL,2739378714,488,2739379202,2739379202
2025-06-19 13:21:28,REAL,2739379202,490,2739379692,2739379692
2025-06-19 13:21:30,REAL,2739379692,486,2739380178,2739380178
2025-06-19 13:21:32,REAL,2739380178,481,2739380659,2739380659
2025-06-19 13:21:34,REAL,2739380659,487,2739381146,2739381146
2025-06-19 13:21:36,REAL,2739381146,490,2739381636,2739381636
2025-06-19 13:21:38,REAL,2739381636,601,2739382237,2739382237
2025-06-19 13:21:40,REAL,2739382237,484,2739382721,2739382721
2025-06-19 13:21:42,REAL,2739382721,484,2739383205,2739383205
2025-06-19 13:21:44,REAL,2739383205,478,2739383683,2739383683
2025-06-19 13:21:46,REAL,2739383683,484,2739384167,2739384167
2025-06-19 13:21:48,REAL,2739384167,491,2739384658,2739384658
2025-06-19 13:21:50,REAL,2739384658,489,2739385147,2739385147
2025-06-19 13:21:52,REAL,2739385147,478,2739385625,2739385625
2025-06-19 13:21:54,REAL,2739385625,476,2739386101,2739386101
2025-06-19 13:21:56,REAL,2739386101,485,2739386586,2739386586
2025-06-19 13:21:58,REAL,2739386586,482,2739387068,2739387068
2025-06-19 13:22:00,REAL,2739387068,483,2739387551,2739387551
2025-06-19 13:22:02,REAL,2739387551,488,2739388039,2739388039
2025-06-19 13:22:04,REAL,2739388039,483,2739388522,2739388522
2025-06-19 13:22:06,REAL,2739388522,484,2739389006,2739389006
2025-06-19 13:22:08,REAL,2739389006,489,2739389495,2739389495
2025-06-19 13:22:10,REAL,2739389495,490,2739389985,2739389985
2025-06-19 13:22:12,REAL,2739389985,482,2739390467,2739390467
2025-06-19 13:22:14,REAL,2739390467,481,2739390948,2739390948
2025-06-19 13:22:16,REAL,2739390948,478,2739391426,2739391426
2025-06-19 13:22:18,REAL,2739391426,549,2739391975,2739391975
2025-06-19 13:22:20,REAL,2739391975,481,2739392456,2739392456
2025-06-19 13:22:22,REAL,2739392456,487,2739392943,2739392943
2025-06-19 13:22:24,REAL,2739392943,534,2739393477,2739393477
2025-06-19 13:22:26,REAL,2739393477,482,2739393959,2739393959
2025-06-19 13:22:28,REAL,2739393959,480,2739394439,2739394439
2025-06-19 13:22:30,REAL,2739394439,483,2739394922,2739394922
2025-06-19 13:22:32,REAL,2739394922,481,2739395403,2739395403
2025-06-19 13:22:34,REAL,2739395403,488,2739395891,2739395891
2025-06-19 13:22:36,REAL,2739395891,481,2739396372,2739396372
2025-06-19 13:22:38,REAL,2739396372,485,2739396857,2739396857
2025-06-19 13:22:40,REAL,2739396857,475,2739397332,2739397332
2025-06-19 13:22:42,REAL,2739397332,489,2739397821,2739397821
2025-06-19 13:22:44,REAL,2739397821,479,2739398300,2739398300
2025-06-19 13:22:46,REAL,2739398300,532,2739398832,2739398832
2025-06-19 13:22:48,REAL,2739398832,492,2739399324,2739399324
2025-06-19 13:22:50,REAL,2739399324,483,2739399807,2739399807
2025-06-19 13:22:52,REAL,2739399807,480,2739400287,2739400287
2025-06-19 13:22:54,REAL,2739400287,480,2739400767,2739400767
2025-06-19 13:22:56,REAL,2739400767,544,2739401311,2739401311
2025-06-19 13:22:58,REAL,2739401311,483,2739401794,2739401794
2025-06-19 13:23:00,REAL,2739401794,483,2739402277,2739402277
2025-06-19 13:23:02,REAL,2739402277,483,2739402760,2739402760
2025-06-19 13:23:04,REAL,2739402760,481,2739403241,2739403241
2025-06-19 13:23:06,REAL,2739403241,477,2739403718,2739403718
2025-06-19 13:23:08,REAL,2739403718,490,2739404208,2739404208
2025-06-19 13:23:10,REAL,2739404208,538,2739404746,2739404746
2025-06-19 13:23:12,REAL,2739404746,487,2739405233,2739405233
2025-06-19 13:23:14,REAL,2739405233,486,2739405719,2739405719
2025-06-19 13:23:16,REAL,2739405719,482,2739406201,2739406201
2025-06-19 13:23:18,REAL,2739406201,486,2739406687,2739406687
2025-06-19 13:23:20,REAL,2739406687,488,2739407175,2739407175
2025-06-19 13:23:22,REAL,2739407175,483,2739407658,2739407658
2025-06-19 13:23:24,REAL,2739407658,488,2739408146,2739408146
2025-06-19 13:23:26,REAL,2739408146,489,2739408635,2739408635
2025-06-19 13:23:28,REAL,2739408635,492,2739409127,2739409127
2025-06-19 13:23:30,REAL,2739409127,490,2739409617,2739409617
2025-06-19 13:23:32,REAL,2739409617,540,2739410157,2739410157
2025-06-19 13:23:34,REAL,2739410157,533,2739410690,2739410690
2025-06-19 13:23:36,REAL,2739410690,493,2739411183,2739411183
2025-06-19 13:23:38,REAL,2739411183,480,2739411663,2739411663
2025-06-19 13:23:40,REAL,2739411663,488,2739412151,2739412151
2025-06-19 13:23:42,REAL,2739412151,486,2739412637,2739412637
2025-06-19 13:23:44,REAL,2739412637,484,2739413121,2739413121
2025-06-19 13:23:46,REAL,2739413121,480,2739413601,2739413601
2025-06-19 13:23:48,REAL,2739413601,482,2739414083,2739414083
2025-06-19 13:23:50,REAL,2739414083,482,2739414565,2739414565
2025-06-19 13:23:52,REAL,2739414565,490,2739415055,2739415055
2025-06-19 13:23:54,REAL,2739415055,532,2739415587,2739415587
2025-06-19 13:23:56,REAL,2739415587,486,2739416073,2739416073
2025-06-19 13:23:58,REAL,2739416073,476,2739416549,2739416549
2025-06-19 13:24:00,REAL,2739416549,479,2739417028,2739417028
2025-06-19 13:24:02,REAL,2739417028,488,2739417516,2739417516
2025-06-19 13:24:04,REAL,2739417516,486,2739418002,2739418002
2025-06-19 13:24:06,REAL,2739418002,482,2739418484,2739418484
2025-06-19 13:24:08,REAL,2739418484,484,2739418968,2739418968
2025-06-19 13:24:10,REAL,2739418968,488,2739419456,2739419456
2025-06-19 13:24:12,REAL,2739419456,540,2739419996,2739419996
2025-06-19 13:24:14,REAL,2739419996,480,2739420476,2739420476
2025-06-19 13:24:16,REAL,2739420476,538,2739421014,2739421014
2025-06-19 13:24:18,REAL,2739421014,482,2739421496,2739421496
2025-06-19 13:24:20,REAL,2739421496,491,2739421987,2739421987
2025-06-19 13:24:22,REAL,2739421987,481,2739422468,2739422468
2025-06-19 13:24:24,REAL,2739422468,486,2739422954,2739422954
2025-06-19 13:24:26,REAL,2739422954,486,2739423440,2739423440
2025-06-19 13:24:28,REAL,2739423440,487,2739423927,2739423927
2025-06-19 13:24:30,REAL,2739423927,483,2739424410,2739424410
2025-06-19 13:24:32,REAL,2739424410,488,2739424898,2739424898
2025-06-19 13:24:34,REAL,2739424898,478,2739425376,2739425376
2025-06-19 13:24:36,REAL,2739425376,479,2739425855,2739425855
2025-06-19 13:24:38,REAL,2739425855,491,2739426346,2739426346
2025-06-19 13:24:40,REAL,2739426346,543,2739426889,2739426889
2025-06-19 13:24:42,REAL,2739426889,477,2739427366,2739427366
2025-06-19 13:24:44,REAL,2739427366,480,2739427846,2739427846
2025-06-19 13:24:46,REAL,2739427846,5509,2739433355,2739433355
2025-06-19 13:24:48,REAL,2739433355,11442,2739444797,2739444797
2025-06-19 13:24:50,REAL,2739444797,10254,2739455051,2739455051
2025-06-19 13:24:52,REAL,2739455051,10245,2739465296,2739465296
2025-06-19 13:24:54,REAL,2739465296,10259,2739475555,2739475555
2025-06-19 13:24:56,REAL,2739475555,10311,2739485866,2739485866
2025-06-19 13:24:58,REAL,2739485866,10249,2739496115,2739496115
2025-06-19 13:25:00,REAL,2739496115,10258,2739506373,2739506373
2025-06-19 13:25:02,REAL,2739506373,1268,2739507641,2739507641
2025-06-19 13:25:04,REAL,2739507641,478,2739508119,2739508119
2025-06-19 13:25:06,REAL,2739508119,480,2739508599,2739508599
2025-06-19 13:25:08,REAL,2739508599,11905,2739520504,2739520504
2025-06-19 13:25:10,REAL,2739520504,10256,2739530760,2739530760
2025-06-19 13:25:12,REAL,2739530760,10258,2739541018,2739541018
2025-06-19 13:25:14,REAL,2739541018,10257,2739551275,2739551275
2025-06-19 13:25:16,REAL,2739551275,10310,2739561585,2739561585
2025-06-19 13:25:18,REAL,2739561585,10252,2739571837,2739571837
2025-06-19 13:25:20,REAL,2739571837,10253,2739582090,2739582090
2025-06-19 13:25:22,REAL,2739582090,5694,2739587784,2739587784
2025-06-19 13:25:24,REAL,2739587784,537,2739588321,2739588321
2025-06-19 13:25:26,REAL,2739588321,484,2739588805,2739588805
2025-06-19 13:25:28,REAL,2739588805,487,2739589292,2739589292
2025-06-19 13:25:30,REAL,2739589292,488,2739589780,2739589780
2025-06-19 13:25:32,REAL,2739589780,484,2739590264,2739590264
2025-06-19 13:25:34,REAL,2739590264,486,2739590750,2739590750
2025-06-19 13:25:36,REAL,2739590750,491,2739591241,2739591241
2025-06-19 13:25:38,REAL,2739591241,491,2739591732,2739591732
2025-06-19 13:25:40,REAL,2739591732,477,2739592209,2739592209
2025-06-19 13:25:42,REAL,2739592209,543,2739592752,2739592752
2025-06-19 13:25:44,REAL,2739592752,488,2739593240,2739593240
2025-06-19 13:25:46,REAL,2739593240,547,2739593787,2739593787
2025-06-19 13:25:48,REAL,2739593787,490,2739594277,2739594277
2025-06-19 13:25:50,REAL,2739594277,492,2739594769,2739594769
2025-06-19 13:25:52,REAL,2739594769,483,2739595252,2739595252
2025-06-19 13:25:54,REAL,2739595252,491,2739595743,2739595743
2025-06-19 13:25:56,REAL,2739595743,485,2739596228,2739596228
2025-06-19 13:25:58,REAL,2739596228,484,2739596712,2739596712
2025-06-19 13:26:00,REAL,2739596712,486,2739597198,2739597198
2025-06-19 13:26:02,REAL,2739597198,477,2739597675,2739597675
2025-06-19 13:26:04,REAL,2739597675,490,2739598165,2739598165
2025-06-19 13:26:06,REAL,2739598165,490,2739598655,2739598655
2025-06-19 13:26:08,REAL,2739598655,484,2739599139,2739599139
2025-06-19 13:26:10,REAL,2739599139,539,2739599678,2739599678
2025-06-19 13:26:12,REAL,2739599678,491,2739600169,2739600169
2025-06-19 13:26:14,REAL,2739600169,487,2739600656,2739600656
2025-06-19 13:26:16,REAL,2739600656,547,2739601203,2739601203
2025-06-19 13:26:18,REAL,2739601203,477,2739601680,2739601680
2025-06-19 13:26:20,REAL,2739601680,479,2739602159,2739602159
2025-06-19 13:26:22,REAL,2739602159,491,2739602650,2739602650
2025-06-19 13:26:24,REAL,2739602650,485,2739603135,2739603135
2025-06-19 13:26:26,REAL,2739603135,481,2739603616,2739603616
2025-06-19 13:26:28,REAL,2739603616,479,2739604095,2739604095
2025-06-19 13:26:30,REAL,2739604095,478,2739604573,2739604573
2025-06-19 13:26:32,REAL,2739604573,8331,2739612904,2739612904
2025-06-19 13:26:34,REAL,2739612904,10181,2739623085,2739623085
2025-06-19 13:26:36,REAL,2739623085,10318,2739633403,2739633403
2025-06-19 13:26:38,REAL,2739633403,10257,2739643660,2739643660
2025-06-19 13:26:40,REAL,2739643660,10318,2739653978,2739653978
2025-06-19 13:26:42,REAL,2739653978,10246,2739664224,2739664224
2025-06-19 13:26:44,REAL,2739664224,10321,2739674545,2739674545
2025-06-19 13:26:46,REAL,2739674545,9005,2739683550,2739683550
2025-06-19 13:26:48,REAL,2739683550,476,2739684026,2739684026
2025-06-19 13:26:50,REAL,2739684026,488,2739684514,2739684514
2025-06-19 13:26:52,REAL,2739684514,489,2739685003,2739685003
2025-06-19 13:26:54,REAL,2739685003,549,2739685552,2739685552
2025-06-19 13:26:56,REAL,2739685552,482,2739686034,2739686034
2025-06-19 13:26:58,REAL,2739686034,482,2739686516,2739686516
2025-06-19 13:27:00,REAL,2739686516,490,2739687006,2739687006
2025-06-19 13:27:02,REAL,2739687006,480,2739687486,2739687486
2025-06-19 13:27:04,REAL,2739687486,531,2739688017,2739688017
2025-06-19 13:27:06,REAL,2739688017,491,2739688508,2739688508
2025-06-19 13:27:08,REAL,2739688508,483,2739688991,2739688991
2025-06-19 13:27:10,REAL,2739688991,484,2739689475,2739689475
2025-06-19 13:27:12,REAL,2739689475,488,2739689963,2739689963
2025-06-19 13:27:14,REAL,2739689963,479,2739690442,2739690442
2025-06-19 13:27:16,REAL,2739690442,539,2739690981,2739690981
2025-06-19 13:27:18,REAL,2739690981,481,2739691462,2739691462
2025-06-19 13:27:20,REAL,2739691462,488,2739691950,2739691950
2025-06-19 13:27:22,REAL,2739691950,483,2739692433,2739692433
2025-06-19 13:27:24,REAL,2739692433,481,2739692914,2739692914
2025-06-19 13:27:26,REAL,2739692914,485,2739693399,2739693399
2025-06-19 13:27:28,REAL,2739693399,479,2739693878,2739693878
2025-06-19 13:27:30,REAL,2739693878,481,2739694359,2739694359
2025-06-19 13:27:32,REAL,2739694359,491,2739694850,2739694850
2025-06-19 13:27:34,REAL,2739694850,485,2739695335,2739695335
2025-06-19 13:27:36,REAL,2739695335,486,2739695821,2739695821
2025-06-19 13:27:38,REAL,2739695821,547,2739696368,2739696368
2025-06-19 13:27:40,REAL,2739696368,485,2739696853,2739696853
2025-06-19 13:27:42,REAL,2739696853,491,2739697344,2739697344
2025-06-19 13:27:44,REAL,2739697344,477,2739697821,2739697821
2025-06-19 13:27:46,REAL,2739697821,489,2739698310,2739698310
2025-06-19 13:27:48,REAL,2739698310,487,2739698797,2739698797
2025-06-19 13:27:50,REAL,2739698797,479,2739699276,2739699276
2025-06-19 13:27:52,REAL,2739699276,487,2739699763,2739699763
2025-06-19 13:27:54,REAL,2739699763,485,2739700248,2739700248
2025-06-19 13:27:56,REAL,2739700248,481,2739700729,2739700729
2025-06-19 13:27:58,REAL,2739700729,486,2739701215,2739701215
2025-06-19 13:28:00,REAL,2739701215,544,2739701759,2739701759
2025-06-19 13:28:02,REAL,2739701759,483,2739702242,2739702242
2025-06-19 13:28:04,REAL,2739702242,487,2739702729,2739702729
2025-06-19 13:28:06,REAL,2739702729,484,2739703213,2739703213
2025-06-19 13:28:08,REAL,2739703213,481,2739703694,2739703694
2025-06-19 13:28:10,REAL,2739703694,482,2739704176,2739704176
2025-06-19 13:28:12,REAL,2739704176,488,2739704664,2739704664
2025-06-19 13:28:14,REAL,2739704664,532,2739705196,2739705196
2025-06-19 13:28:16,REAL,2739705196,479,2739705675,2739705675
2025-06-19 13:28:18,REAL,2739705675,493,2739706168,2739706168
2025-06-19 13:28:20,REAL,2739706168,488,2739706656,2739706656
2025-06-19 13:28:22,REAL,2739706656,487,2739707143,2739707143
2025-06-19 13:28:24,REAL,2739707143,494,2739707637,2739707637
2025-06-19 13:28:26,REAL,2739707637,485,2739708122,2739708122
2025-06-19 13:28:28,REAL,2739708122,480,2739708602,2739708602
2025-06-19 13:28:30,REAL,2739708602,487,2739709089,2739709089
2025-06-19 13:28:32,REAL,2739709089,486,2739709575,2739709575
2025-06-19 13:28:34,REAL,2739709575,480,2739710055,2739710055
2025-06-19 13:28:36,REAL,2739710055,484,2739710539,2739710539
2025-06-19 13:28:38,REAL,2739710539,487,2739711026,2739711026
2025-06-19 13:28:40,REAL,2739711026,476,2739711502,2739711502
2025-06-19 13:28:42,REAL,2739711502,540,2739712042,2739712042
2025-06-19 13:28:44,REAL,2739712042,478,2739712520,2739712520
2025-06-19 13:28:46,REAL,2739712520,483,2739713003,2739713003
2025-06-19 13:28:48,REAL,2739713003,540,2739713543,2739713543
2025-06-19 13:28:50,REAL,2739713543,478,2739714021,2739714021
2025-06-19 13:28:52,REAL,2739714021,488,2739714509,2739714509
2025-06-19 13:28:54,REAL,2739714509,479,2739714988,2739714988
2025-06-19 13:28:56,REAL,2739714988,487,2739715475,2739715475
2025-06-19 13:28:58,REAL,2739715475,487,2739715962,2739715962
2025-06-19 13:29:00,REAL,2739715962,482,2739716444,2739716444
2025-06-19 13:29:02,REAL,2739716444,481,2739716925,2739716925
2025-06-19 13:29:04,REAL,2739716925,489,2739717414,2739717414
2025-06-19 13:29:06,REAL,2739717414,476,2739717890,2739717890
2025-06-19 13:29:08,REAL,2739717890,484,2739718374,2739718374
2025-06-19 13:29:10,REAL,2739718374,489,2739718863,2739718863
2025-06-19 13:29:12,REAL,2739718863,478,2739719341,2739719341
2025-06-19 13:29:14,REAL,2739719341,482,2739719823,2739719823
2025-06-19 13:29:16,REAL,2739719823,491,2739720314,2739720314
2025-06-19 13:29:18,REAL,2739720314,488,2739720802,2739720802
2025-06-19 13:29:20,REAL,2739720802,486,2739721288,2739721288
2025-06-19 13:29:22,REAL,2739721288,478,2739721766,2739721766
2025-06-19 13:29:24,REAL,2739721766,538,2739722304,2739722304
2025-06-19 13:29:26,REAL,2739722304,544,2739722848,2739722848
2025-06-19 13:29:28,REAL,2739722848,481,2739723329,2739723329
2025-06-19 13:29:30,REAL,2739723329,484,2739723813,2739723813
2025-06-19 13:29:32,REAL,2739723813,485,2739724298,2739724298
2025-06-19 13:29:34,REAL,2739724298,486,2739724784,2739724784
2025-06-19 13:29:36,REAL,2739724784,482,2739725266,2739725266
2025-06-19 13:29:38,REAL,2739725266,487,2739725753,2739725753
2025-06-19 13:29:40,REAL,2739725753,475,2739726228,2739726228
2025-06-19 13:29:42,REAL,2739726228,481,2739726709,2739726709
2025-06-19 13:29:44,REAL,2739726709,478,2739727187,2739727187
2025-06-19 13:29:46,REAL,2739727187,479,2739727666,2739727666
2025-06-19 13:29:48,REAL,2739727666,490,2739728156,2739728156
2025-06-19 13:29:50,REAL,2739728156,485,2739728641,2739728641
2025-06-19 13:29:52,REAL,2739728641,479,2739729120,2739729120
2025-06-19 13:29:54,REAL,2739729120,11586,2739740706,2739740706
2025-06-19 13:29:56,REAL,2739740706,10258,2739750964,2739750964
2025-06-19 13:29:58,REAL,2739750964,10256,2739761220,2739761220
2025-06-19 13:30:00,REAL,2739761220,10321,2739771541,2739771541
2025-06-19 13:30:02,REAL,2739771541,10247,2739781788,2739781788
2025-06-19 13:30:04,REAL,2739781788,10258,2739792046,2739792046
2025-06-19 13:30:06,REAL,2739792046,10258,2739802304,2739802304
2025-06-19 13:30:08,REAL,2739802304,5370,2739807674,2739807674
2025-06-19 13:30:10,REAL,2739807674,540,2739808214,2739808214
2025-06-19 13:30:12,REAL,2739808214,486,2739808700,2739808700
2025-06-19 13:30:14,REAL,2739808700,482,2739809182,2739809182
2025-06-19 13:30:16,REAL,2739809182,484,2739809666,2739809666
2025-06-19 13:30:18,REAL,2739809666,479,2739810145,2739810145
2025-06-19 13:30:20,REAL,2739810145,482,2739810627,2739810627
2025-06-19 13:30:22,REAL,2739810627,480,2739811107,2739811107
2025-06-19 13:30:24,REAL,2739811107,1015,2739812122,2739812122
2025-06-19 13:30:26,REAL,2739812122,14616,2739826738,2739826738
2025-06-19 13:30:28,REAL,2739826738,10253,2739836991,2739836991
2025-06-19 13:30:30,REAL,2739836991,10317,2739847308,2739847308
2025-06-19 13:30:32,REAL,2739847308,10256,2739857564,2739857564
2025-06-19 13:30:34,REAL,2739857564,11578,2739869142,2739869142
2025-06-19 13:30:36,REAL,2739869142,8998,2739878140,2739878140
2025-06-19 13:30:38,REAL,2739878140,10254,2739888394,2739888394
2025-06-19 13:30:40,REAL,2739888394,4710,2739893104,2739893104
2025-06-19 13:30:42,REAL,2739893104,490,2739893594,2739893594
2025-06-19 13:30:44,REAL,2739893594,486,2739894080,2739894080
2025-06-19 13:30:46,REAL,2739894080,478,2739894558,2739894558
2025-06-19 13:30:48,REAL,2739894558,484,2739895042,2739895042
2025-06-19 13:30:50,REAL,2739895042,486,2739895528,2739895528
2025-06-19 13:30:52,REAL,2739895528,539,2739896067,2739896067
2025-06-19 13:30:54,REAL,2739896067,484,2739896551,2739896551
2025-06-19 13:30:56,REAL,2739896551,477,2739897028,2739897028
2025-06-19 13:30:58,REAL,2739897028,482,2739897510,2739897510
2025-06-19 13:31:00,REAL,2739897510,486,2739897996,2739897996
2025-06-19 13:31:02,REAL,2739897996,547,2739898543,2739898543
2025-06-19 13:31:04,REAL,2739898543,489,2739899032,2739899032
2025-06-19 13:31:06,REAL,2739899032,484,2739899516,2739899516
2025-06-19 13:31:08,REAL,2739899516,477,2739899993,2739899993
2025-06-19 13:31:10,REAL,2739899993,485,2739900478,2739900478
2025-06-19 13:31:12,REAL,2739900478,485,2739900963,2739900963
2025-06-19 13:31:14,REAL,2739900963,484,2739901447,2739901447
2025-06-19 13:31:16,REAL,2739901447,478,2739901925,2739901925
2025-06-19 13:31:18,REAL,2739901925,477,2739902402,2739902402
2025-06-19 13:31:20,REAL,2739902402,484,2739902886,2739902886
2025-06-19 13:31:22,REAL,2739902886,475,2739903361,2739903361
2025-06-19 13:31:24,REAL,2739903361,479,2739903840,2739903840
2025-06-19 13:31:26,REAL,2739903840,482,2739904322,2739904322
2025-06-19 13:31:28,REAL,2739904322,484,2739904806,2739904806
2025-06-19 13:31:30,REAL,2739904806,491,2739905297,2739905297
2025-06-19 13:31:32,REAL,2739905297,489,2739905786,2739905786
2025-06-19 13:31:34,REAL,2739905786,486,2739906272,2739906272
2025-06-19 13:31:36,REAL,2739906272,533,2739906805,2739906805
2025-06-19 13:31:38,REAL,2739906805,478,2739907283,2739907283
2025-06-19 13:31:40,REAL,2739907283,539,2739907822,2739907822
2025-06-19 13:31:42,REAL,2739907822,486,2739908308,2739908308
2025-06-19 13:31:44,REAL,2739908308,486,2739908794,2739908794
2025-06-19 13:31:46,REAL,2739908794,482,2739909276,2739909276
2025-06-19 13:31:48,REAL,2739909276,485,2739909761,2739909761
2025-06-19 13:31:50,REAL,2739909761,484,2739910245,2739910245
2025-06-19 13:31:52,REAL,2739910245,480,2739910725,2739910725
2025-06-19 13:31:54,REAL,2739910725,489,2739911214,2739911214
2025-06-19 13:31:56,REAL,2739911214,493,2739911707,2739911707
2025-06-19 13:31:58,REAL,2739911707,484,2739912191,2739912191
2025-06-19 13:32:00,REAL,2739912191,490,2739912681,2739912681
2025-06-19 13:32:02,REAL,2739912681,490,2739913171,2739913171
2025-06-19 13:32:04,REAL,2739913171,491,2739913662,2739913662
2025-06-19 13:32:06,REAL,2739913662,483,2739914145,2739914145
2025-06-19 13:32:08,REAL,2739914145,482,2739914627,2739914627
2025-06-19 13:32:10,REAL,2739914627,488,2739915115,2739915115
2025-06-19 13:32:12,REAL,2739915115,485,2739915600,2739915600
2025-06-19 13:32:14,REAL,2739915600,486,2739916086,2739916086
2025-06-19 13:32:16,REAL,2739916086,480,2739916566,2739916566
2025-06-19 13:32:18,REAL,2739916566,593,2739917159,2739917159
2025-06-19 13:32:20,REAL,2739917159,488,2739917647,2739917647
2025-06-19 13:32:22,REAL,2739917647,485,2739918132,2739918132
2025-06-19 13:32:24,REAL,2739918132,484,2739918616,2739918616
2025-06-19 13:32:26,REAL,2739918616,489,2739919105,2739919105
2025-06-19 13:32:28,REAL,2739919105,243,2739919348,2739919348
2025-06-19 13:32:30,REAL,2739919348,491,2739919839,2739919839
2025-06-19 13:32:32,REAL,2739919839,478,2739920317,2739920317
2025-06-19 13:32:34,REAL,2739920317,481,2739920798,2739920798
2025-06-19 13:32:36,REAL,2739920798,483,2739921281,2739921281
2025-06-19 13:32:38,REAL,2739921281,491,2739921772,2739921772
2025-06-19 13:32:40,REAL,2739921772,485,2739922257,2739922257
2025-06-19 13:32:42,REAL,2739922257,487,2739922744,2739922744
2025-06-19 13:32:44,REAL,2739922744,490,2739923234,2739923234
2025-06-19 13:32:46,REAL,2739923234,482,2739923716,2739923716
2025-06-19 13:32:48,REAL,2739923716,484,2739924200,2739924200
2025-06-19 13:32:50,REAL,2739924200,489,2739924689,2739924689
2025-06-19 13:32:52,REAL,2739924689,493,2739925182,2739925182
2025-06-19 13:32:54,REAL,2739925182,541,2739925723,2739925723
2025-06-19 13:32:56,REAL,2739925723,487,2739926210,2739926210
2025-06-19 13:32:58,REAL,2739926210,486,2739926696,2739926696
2025-06-19 13:33:00,REAL,2739926696,533,2739927229,2739927229
2025-06-19 13:33:02,REAL,2739927229,477,2739927706,2739927706
2025-06-19 13:33:04,REAL,2739927706,487,2739928193,2739928193
2025-06-19 13:33:06,REAL,2739928193,483,2739928676,2739928676
2025-06-19 13:33:08,REAL,2739928676,490,2739929166,2739929166
2025-06-19 13:33:10,REAL,2739929166,481,2739929647,2739929647
2025-06-19 13:33:12,REAL,2739929647,485,2739930132,2739930132
2025-06-19 13:33:14,REAL,2739930132,484,2739930616,2739930616
2025-06-19 13:33:16,REAL,2739930616,489,2739931105,2739931105
2025-06-19 13:33:18,REAL,2739931105,481,2739931586,2739931586
2025-06-19 13:33:20,REAL,2739931586,480,2739932066,2739932066
2025-06-19 13:33:22,REAL,2739932066,478,2739932544,2739932544
2025-06-19 13:33:24,REAL,2739932544,10519,2739943063,2739943063
2025-06-19 13:33:26,REAL,2739943063,10312,2739953375,2739953375
2025-06-19 13:33:28,REAL,2739953375,10253,2739963628,2739963628
2025-06-19 13:33:30,REAL,2739963628,10257,2739973885,2739973885
2025-06-19 13:33:32,REAL,2739973885,10253,2739984138,2739984138
2025-06-19 13:33:34,REAL,2739984138,10249,2739994387,2739994387
2025-06-19 13:33:36,REAL,2739994387,11288,2740005675,2740005675
2025-06-19 13:33:38,REAL,2740005675,5914,2740011589,2740011589
2025-06-19 13:33:40,REAL,2740011589,543,2740012132,2740012132
2025-06-19 13:33:42,REAL,2740012132,483,2740012615,2740012615
2025-06-19 13:33:44,REAL,2740012615,484,2740013099,2740013099
2025-06-19 13:33:46,REAL,2740013099,484,2740013583,2740013583
2025-06-19 13:33:48,REAL,2740013583,480,2740014063,2740014063
2025-06-19 13:33:50,REAL,2740014063,486,2740014549,2740014549
2025-06-19 13:33:52,REAL,2740014549,493,2740015042,2740015042
2025-06-19 13:33:54,REAL,2740015042,480,2740015522,2740015522
2025-06-19 13:33:56,REAL,2740015522,484,2740016006,2740016006
2025-06-19 13:33:58,REAL,2740016006,484,2740016490,2740016490
2025-06-19 13:34:00,REAL,2740016490,489,2740016979,2740016979
2025-06-19 13:34:02,REAL,2740016979,535,2740017514,2740017514
2025-06-19 13:34:04,REAL,2740017514,483,2740017997,2740017997
2025-06-19 13:34:06,REAL,2740017997,484,2740018481,2740018481
2025-06-19 13:34:08,REAL,2740018481,490,2740018971,2740018971
2025-06-19 13:34:10,REAL,2740018971,489,2740019460,2740019460
2025-06-19 13:34:12,REAL,2740019460,482,2740019942,2740019942
2025-06-19 13:34:14,REAL,2740019942,481,2740020423,2740020423
2025-06-19 13:34:16,REAL,2740020423,485,2740020908,2740020908
2025-06-19 13:34:18,REAL,2740020908,488,2740021396,2740021396
2025-06-19 13:34:20,REAL,2740021396,478,2740021874,2740021874
2025-06-19 13:34:22,REAL,2740021874,590,2740022464,2740022464
2025-06-19 13:34:24,REAL,2740022464,486,2740022950,2740022950
2025-06-19 13:34:26,REAL,2740022950,480,2740023430,2740023430
2025-06-19 13:34:28,REAL,2740023430,479,2740023909,2740023909
2025-06-19 13:34:30,REAL,2740023909,474,2740024383,2740024383
2025-06-19 13:34:32,REAL,2740024383,489,2740024872,2740024872
2025-06-19 13:34:34,REAL,2740024872,486,2740025358,2740025358
2025-06-19 13:34:36,REAL,2740025358,486,2740025844,2740025844
2025-06-19 13:34:38,REAL,2740025844,484,2740026328,2740026328
2025-06-19 13:34:40,REAL,2740026328,484,2740026812,2740026812
2025-06-19 13:34:42,REAL,2740026812,482,2740027294,2740027294
2025-06-19 13:34:44,REAL,2740027294,543,2740027837,2740027837
2025-06-19 13:34:46,REAL,2740027837,480,2740028317,2740028317
2025-06-19 13:34:48,REAL,2740028317,486,2740028803,2740028803
2025-06-19 13:34:50,REAL,2740028803,489,2740029292,2740029292
2025-06-19 13:34:52,REAL,2740029292,480,2740029772,2740029772
2025-06-19 13:34:54,REAL,2740029772,481,2740030253,2740030253
2025-06-19 13:34:56,REAL,2740030253,478,2740030731,2740030731
2025-06-19 13:34:58,REAL,2740030731,494,2740031225,2740031225
2025-06-19 13:35:00,REAL,2740031225,482,2740031707,2740031707
2025-06-19 13:35:02,REAL,2740031707,535,2740032242,2740032242
2025-06-19 13:35:04,REAL,2740032242,545,2740032787,2740032787
2025-06-19 13:35:06,REAL,2740032787,481,2740033268,2740033268
2025-06-19 13:35:08,REAL,2740033268,485,2740033753,2740033753
2025-06-19 13:35:10,REAL,2740033753,491,2740034244,2740034244
2025-06-19 13:35:12,REAL,2740034244,483,2740034727,2740034727
2025-06-19 13:35:14,REAL,2740034727,480,2740035207,2740035207
2025-06-19 13:35:16,REAL,2740035207,474,2740035681,2740035681
2025-06-19 13:35:18,REAL,2740035681,485,2740036166,2740036166
2025-06-19 13:35:20,REAL,2740036166,485,2740036651,2740036651
2025-06-19 13:35:22,REAL,2740036651,484,2740037135,2740037135
2025-06-19 13:35:24,REAL,2740037135,481,2740037616,2740037616
2025-06-19 13:35:26,REAL,2740037616,544,2740038160,2740038160
2025-06-19 13:35:28,REAL,2740038160,477,2740038637,2740038637
2025-06-19 13:35:30,REAL,2740038637,482,2740039119,2740039119
2025-06-19 13:35:32,REAL,2740039119,485,2740039604,2740039604
2025-06-19 13:35:34,REAL,2740039604,481,2740040085,2740040085
2025-06-19 13:35:36,REAL,2740040085,486,2740040571,2740040571
2025-06-19 13:35:38,REAL,2740040571,494,2740041065,2740041065
2025-06-19 13:35:40,REAL,2740041065,489,2740041554,2740041554
2025-06-19 13:35:42,REAL,2740041554,488,2740042042,2740042042
2025-06-19 13:35:44,REAL,2740042042,539,2740042581,2740042581
2025-06-19 13:35:46,REAL,2740042581,549,2740043130,2740043130
2025-06-19 13:35:48,REAL,2740043130,481,2740043611,2740043611
2025-06-19 13:35:50,REAL,2740043611,484,2740044095,2740044095
2025-06-19 13:35:52,REAL,2740044095,481,2740044576,2740044576
2025-06-19 13:35:54,REAL,2740044576,481,2740045057,2740045057
2025-06-19 13:35:56,REAL,2740045057,480,2740045537,2740045537
2025-06-19 13:35:58,REAL,2740045537,477,2740046014,2740046014
2025-06-19 13:36:00,REAL,2740046014,487,2740046501,2740046501
2025-06-19 13:36:02,REAL,2740046501,484,2740046985,2740046985
2025-06-19 13:36:04,REAL,2740046985,479,2740047464,2740047464
2025-06-19 13:36:06,REAL,2740047464,491,2740047955,2740047955
2025-06-19 13:36:08,REAL,2740047955,534,2740048489,2740048489
2025-06-19 13:36:10,REAL,2740048489,487,2740048976,2740048976
2025-06-19 13:36:12,REAL,2740048976,484,2740049460,2740049460
2025-06-19 13:36:14,REAL,2740049460,485,2740049945,2740049945
2025-06-19 13:36:16,REAL,2740049945,484,2740050429,2740050429
2025-06-19 13:36:18,REAL,2740050429,481,2740050910,2740050910
2025-06-19 13:36:20,REAL,2740050910,476,2740051386,2740051386
2025-06-19 13:36:22,REAL,2740051386,489,2740051875,2740051875
2025-06-19 13:36:24,REAL,2740051875,483,2740052358,2740052358
2025-06-19 13:36:26,REAL,2740052358,539,2740052897,2740052897
2025-06-19 13:36:28,REAL,2740052897,537,2740053434,2740053434
2025-06-19 13:36:30,REAL,2740053434,484,2740053918,2740053918
2025-06-19 13:36:32,REAL,2740053918,484,2740054402,2740054402
2025-06-19 13:36:34,REAL,2740054402,489,2740054891,2740054891
2025-06-19 13:36:36,REAL,2740054891,489,2740055380,2740055380
2025-06-19 13:36:38,REAL,2740055380,485,2740055865,2740055865
2025-06-19 13:36:40,REAL,2740055865,485,2740056350,2740056350
2025-06-19 13:36:42,REAL,2740056350,483,2740056833,2740056833
2025-06-19 13:36:44,REAL,2740056833,482,2740057315,2740057315
2025-06-19 13:36:46,REAL,2740057315,484,2740057799,2740057799
2025-06-19 13:36:48,REAL,2740057799,2337,2740060136,2740060136
2025-06-19 13:36:50,REAL,2740060136,11902,2740072038,2740072038
2025-06-19 13:36:52,REAL,2740072038,10248,2740082286,2740082286
2025-06-19 13:36:54,REAL,2740082286,10251,2740092537,2740092537
2025-06-19 13:36:56,REAL,2740092537,10242,2740102779,2740102779
2025-06-19 13:36:58,REAL,2740102779,10320,2740113099,2740113099
2025-06-19 13:37:00,REAL,2740113099,10258,2740123357,2740123357
2025-06-19 13:37:02,REAL,2740123357,10259,2740133616,2740133616
2025-06-19 13:37:04,REAL,2740133616,3586,2740137202,2740137202
2025-06-19 13:37:06,REAL,2740137202,486,2740137688,2740137688
2025-06-19 13:37:08,REAL,2740137688,487,2740138175,2740138175
2025-06-19 13:37:10,REAL,2740138175,599,2740138774,2740138774
2025-06-19 13:37:12,REAL,2740138774,482,2740139256,2740139256
2025-06-19 13:37:14,REAL,2740139256,485,2740139741,2740139741
2025-06-19 13:37:16,REAL,2740139741,484,2740140225,2740140225
2025-06-19 13:37:18,REAL,2740140225,479,2740140704,2740140704
2025-06-19 13:37:20,REAL,2740140704,484,2740141188,2740141188
2025-06-19 13:37:22,REAL,2740141188,486,2740141674,2740141674
2025-06-19 13:37:24,REAL,2740141674,489,2740142163,2740142163
2025-06-19 13:37:26,REAL,2740142163,478,2740142641,2740142641
2025-06-19 13:37:28,REAL,2740142641,485,2740143126,2740143126
2025-06-19 13:37:30,REAL,2740143126,477,2740143603,2740143603
2025-06-19 13:37:32,REAL,2740143603,536,2740144139,2740144139
2025-06-19 13:37:34,REAL,2740144139,479,2740144618,2740144618
2025-06-19 13:37:36,REAL,2740144618,486,2740145104,2740145104
2025-06-19 13:37:38,REAL,2740145104,479,2740145583,2740145583
2025-06-19 13:37:40,REAL,2740145583,491,2740146074,2740146074
2025-06-19 13:37:42,REAL,2740146074,486,2740146560,2740146560
2025-06-19 13:37:44,REAL,2740146560,487,2740147047,2740147047
2025-06-19 13:37:46,REAL,2740147047,494,2740147541,2740147541
2025-06-19 13:37:48,REAL,2740147541,484,2740148025,2740148025
2025-06-19 13:37:50,REAL,2740148025,485,2740148510,2740148510
2025-06-19 13:37:52,REAL,2740148510,596,2740149106,2740149106
2025-06-19 13:37:54,REAL,2740149106,484,2740149590,2740149590
2025-06-19 13:37:56,REAL,2740149590,482,2740150072,2740150072
2025-06-19 13:37:58,REAL,2740150072,10123,2740160195,2740160195
2025-06-19 13:38:00,REAL,2740160195,10513,2740170708,2740170708
2025-06-19 13:38:02,REAL,2740170708,10250,2740180958,2740180958
2025-06-19 13:38:04,REAL,2740180958,10247,2740191205,2740191205
2025-06-19 13:38:06,REAL,2740191205,10315,2740201520,2740201520
2025-06-19 13:38:08,REAL,2740201520,10254,2740211774,2740211774
2025-06-19 13:38:10,REAL,2740211774,10254,2740222028,2740222028
2025-06-19 13:38:12,REAL,2740222028,7214,2740229242,2740229242
2025-06-19 13:38:14,REAL,2740229242,481,2740229723,2740229723
2025-06-19 13:38:16,REAL,2740229723,486,2740230209,2740230209
2025-06-19 13:38:18,REAL,2740230209,538,2740230747,2740230747
2025-06-19 13:38:20,REAL,2740230747,490,2740231237,2740231237
2025-06-19 13:38:22,REAL,2740231237,484,2740231721,2740231721
2025-06-19 13:38:24,REAL,2740231721,478,2740232199,2740232199
2025-06-19 13:38:26,REAL,2740232199,478,2740232677,2740232677
2025-06-19 13:38:28,REAL,2740232677,483,2740233160,2740233160
2025-06-19 13:38:30,REAL,2740233160,10458,2740243618,2740243618
2025-06-19 13:38:32,REAL,2740243618,10453,2740254071,2740254071
2025-06-19 13:38:34,REAL,2740254071,10251,2740264322,2740264322
2025-06-19 13:38:36,REAL,2740264322,10313,2740274635,2740274635
2025-06-19 13:38:38,REAL,2740274635,10255,2740284890,2740284890
2025-06-19 13:38:40,REAL,2740284890,10250,2740295140,2740295140
2025-06-19 13:38:42,REAL,2740295140,10325,2740305465,2740305465
2025-06-19 13:38:44,REAL,2740305465,6562,2740312027,2740312027
2025-06-19 13:38:46,REAL,2740312027,479,2740312506,2740312506
2025-06-19 13:38:48,REAL,2740312506,480,2740312986,2740312986
2025-06-19 13:38:50,REAL,2740312986,540,2740313526,2740313526
2025-06-19 13:38:52,REAL,2740313526,477,2740314003,2740314003
2025-06-19 13:38:54,REAL,2740314003,488,2740314491,2740314491
2025-06-19 13:38:56,REAL,2740314491,488,2740314979,2740314979
2025-06-19 13:38:58,REAL,2740314979,487,2740315466,2740315466
2025-06-19 13:39:00,REAL,2740315466,482,2740315948,2740315948
2025-06-19 13:39:02,REAL,2740315948,484,2740316432,2740316432
2025-06-19 13:39:04,REAL,2740316432,482,2740316914,2740316914
2025-06-19 13:39:06,REAL,2740316914,540,2740317454,2740317454
2025-06-19 13:39:08,REAL,2740317454,483,2740317937,2740317937
2025-06-19 13:39:10,REAL,2740317937,483,2740318420,2740318420
2025-06-19 13:39:12,REAL,2740318420,488,2740318908,2740318908
2025-06-19 13:39:14,REAL,2740318908,479,2740319387,2740319387
2025-06-19 13:39:16,REAL,2740319387,546,2740319933,2740319933
2025-06-19 13:39:18,REAL,2740319933,480,2740320413,2740320413
2025-06-19 13:39:20,REAL,2740320413,482,2740320895,2740320895
2025-06-19 13:39:22,REAL,2740320895,490,2740321385,2740321385
2025-06-19 13:39:24,REAL,2740321385,486,2740321871,2740321871
2025-06-19 13:39:26,REAL,2740321871,484,2740322355,2740322355
2025-06-19 13:39:28,REAL,2740322355,481,2740322836,2740322836
2025-06-19 13:39:30,REAL,2740322836,480,2740323316,2740323316
2025-06-19 13:39:32,REAL,2740323316,481,2740323797,2740323797
2025-06-19 13:39:34,REAL,2740323797,480,2740324277,2740324277
2025-06-19 13:39:36,REAL,2740324277,475,2740324752,2740324752
2025-06-19 13:39:38,REAL,2740324752,552,2740325304,2740325304
2025-06-19 13:39:40,REAL,2740325304,484,2740325788,2740325788
2025-06-19 13:39:42,REAL,2740325788,535,2740326323,2740326323
2025-06-19 13:39:44,REAL,2740326323,534,2740326857,2740326857
2025-06-19 13:39:46,REAL,2740326857,480,2740327337,2740327337
2025-06-19 13:39:48,REAL,2740327337,482,2740327819,2740327819
2025-06-19 13:39:50,REAL,2740327819,484,2740328303,2740328303
2025-06-19 13:39:52,REAL,2740328303,478,2740328781,2740328781
2025-06-19 13:39:54,REAL,2740328781,484,2740329265,2740329265
2025-06-19 13:39:56,REAL,2740329265,483,2740329748,2740329748
2025-06-19 13:39:58,REAL,2740329748,479,2740330227,2740330227
2025-06-19 13:40:00,REAL,2740330227,484,2740330711,2740330711
2025-06-19 13:40:02,REAL,2740330711,480,2740331191,2740331191
2025-06-19 13:40:04,REAL,2740331191,486,2740331677,2740331677
2025-06-19 13:40:06,REAL,2740331677,492,2740332169,2740332169
2025-06-19 13:40:08,REAL,2740332169,489,2740332658,2740332658
2025-06-19 13:40:10,REAL,2740332658,537,2740333195,2740333195
2025-06-19 13:40:12,REAL,2740333195,484,2740333679,2740333679
2025-06-19 13:40:14,REAL,2740333679,483,2740334162,2740334162
2025-06-19 13:40:16,REAL,2740334162,475,2740334637,2740334637
2025-06-19 13:40:18,REAL,2740334637,487,2740335124,2740335124
2025-06-19 13:40:20,REAL,2740335124,537,2740335661,2740335661
2025-06-19 13:40:22,REAL,2740335661,484,2740336145,2740336145
2025-06-19 13:40:24,REAL,2740336145,476,2740336621,2740336621
2025-06-19 13:40:26,REAL,2740336621,488,2740337109,2740337109
2025-06-19 13:40:28,REAL,2740337109,480,2740337589,2740337589
2025-06-19 13:40:30,REAL,2740337589,482,2740338071,2740338071
2025-06-19 13:40:32,REAL,2740338071,485,2740338556,2740338556
2025-06-19 13:40:34,REAL,2740338556,484,2740339040,2740339040
2025-06-19 13:40:36,REAL,2740339040,541,2740339581,2740339581
2025-06-19 13:40:38,REAL,2740339581,476,2740340057,2740340057
2025-06-19 13:40:40,REAL,2740340057,484,2740340541,2740340541
2025-06-19 13:40:42,REAL,2740340541,482,2740341023,2740341023
2025-06-19 13:40:44,REAL,2740341023,484,2740341507,2740341507
2025-06-19 13:40:46,REAL,2740341507,487,2740341994,2740341994
2025-06-19 13:40:48,REAL,2740341994,479,2740342473,2740342473
2025-06-19 13:40:50,REAL,2740342473,482,2740342955,2740342955
2025-06-19 13:40:52,REAL,2740342955,483,2740343438,2740343438
2025-06-19 13:40:54,REAL,2740343438,485,2740343923,2740343923
2025-06-19 13:40:56,REAL,2740343923,546,2740344469,2740344469
2025-06-19 13:40:58,REAL,2740344469,486,2740344955,2740344955
2025-06-19 13:41:00,REAL,2740344955,483,2740345438,2740345438
2025-06-19 13:41:02,REAL,2740345438,475,2740345913,2740345913
2025-06-19 13:41:04,REAL,2740345913,531,2740346444,2740346444
2025-06-19 13:41:06,REAL,2740346444,490,2740346934,2740346934
2025-06-19 13:41:08,REAL,2740346934,482,2740347416,2740347416
2025-06-19 13:41:10,REAL,2740347416,486,2740347902,2740347902
2025-06-19 13:41:12,REAL,2740347902,486,2740348388,2740348388
2025-06-19 13:41:14,REAL,2740348388,475,2740348863,2740348863
2025-06-19 13:41:16,REAL,2740348863,482,2740349345,2740349345
2025-06-19 13:41:18,REAL,2740349345,491,2740349836,2740349836
2025-06-19 13:41:20,REAL,2740349836,479,2740350315,2740350315
2025-06-19 13:41:22,REAL,2740350315,486,2740350801,2740350801
2025-06-19 13:41:24,REAL,2740350801,490,2740351291,2740351291
2025-06-19 13:41:26,REAL,2740351291,475,2740351766,2740351766
2025-06-19 13:41:28,REAL,2740351766,482,2740352248,2740352248
2025-06-19 13:41:30,REAL,2740352248,542,2740352790,2740352790
2025-06-19 13:41:32,REAL,2740352790,477,2740353267,2740353267
2025-06-19 13:41:34,REAL,2740353267,541,2740353808,2740353808
2025-06-19 13:41:36,REAL,2740353808,479,2740354287,2740354287
2025-06-19 13:41:38,REAL,2740354287,485,2740354772,2740354772
2025-06-19 13:41:40,REAL,2740354772,483,2740355255,2740355255
2025-06-19 13:41:42,REAL,2740355255,484,2740355739,2740355739
2025-06-19 13:41:44,REAL,2740355739,477,2740356216,2740356216
2025-06-19 13:41:46,REAL,2740356216,481,2740356697,2740356697
2025-06-19 13:41:48,REAL,2740356697,477,2740357174,2740357174
2025-06-19 13:41:50,REAL,2740357174,488,2740357662,2740357662
2025-06-19 13:41:52,REAL,2740357662,484,2740358146,2740358146
2025-06-19 13:41:54,REAL,2740358146,489,2740358635,2740358635
2025-06-19 13:41:56,REAL,2740358635,9408,2740368043,2740368043
2025-06-19 13:41:58,REAL,2740368043,10513,2740378556,2740378556
2025-06-19 13:42:00,REAL,2740378556,10257,2740388813,2740388813
2025-06-19 13:42:02,REAL,2740388813,10242,2740399055,2740399055
2025-06-19 13:42:04,REAL,2740399055,10253,2740409308,2740409308
2025-06-19 13:42:06,REAL,2740409308,10248,2740419556,2740419556
2025-06-19 13:42:08,REAL,2740419556,10253,2740429809,2740429809
2025-06-19 13:42:10,REAL,2740429809,7800,2740437609,2740437609
2025-06-19 13:42:12,REAL,2740437609,487,2740438096,2740438096
2025-06-19 13:42:14,REAL,2740438096,484,2740438580,2740438580
2025-06-19 13:42:16,REAL,2740438580,477,2740439057,2740439057
2025-06-19 13:42:18,REAL,2740439057,485,2740439542,2740439542
2025-06-19 13:42:20,REAL,2740439542,485,2740440027,2740440027
2025-06-19 13:42:22,REAL,2740440027,542,2740440569,2740440569
2025-06-19 13:42:24,REAL,2740440569,483,2740441052,2740441052
2025-06-19 13:42:26,REAL,2740441052,483,2740441535,2740441535
2025-06-19 13:42:28,REAL,2740441535,477,2740442012,2740442012
2025-06-19 13:42:30,REAL,2740442012,487,2740442499,2740442499
2025-06-19 13:42:32,REAL,2740442499,488,2740442987,2740442987
2025-06-19 13:42:34,REAL,2740442987,474,2740443461,2740443461
2025-06-19 13:42:36,REAL,2740443461,481,2740443942,2740443942
2025-06-19 13:42:38,REAL,2740443942,489,2740444431,2740444431
2025-06-19 13:42:40,REAL,2740444431,490,2740444921,2740444921
2025-06-19 13:42:42,REAL,2740444921,485,2740445406,2740445406
2025-06-19 13:42:44,REAL,2740445406,489,2740445895,2740445895
2025-06-19 13:42:46,REAL,2740445895,546,2740446441,2740446441
2025-06-19 13:42:48,REAL,2740446441,539,2740446980,2740446980
2025-06-19 13:42:50,REAL,2740446980,483,2740447463,2740447463
2025-06-19 13:42:52,REAL,2740447463,488,2740447951,2740447951
2025-06-19 13:42:54,REAL,2740447951,487,2740448438,2740448438
2025-06-19 13:42:56,REAL,2740448438,478,2740448916,2740448916
2025-06-19 13:42:58,REAL,2740448916,489,2740449405,2740449405
2025-06-19 13:43:00,REAL,2740449405,10780,2740460185,2740460185
2025-06-19 13:43:02,REAL,2740460185,10315,2740470500,2740470500
2025-06-19 13:43:04,REAL,2740470500,10257,2740480757,2740480757
2025-06-19 13:43:06,REAL,2740480757,10251,2740491008,2740491008
2025-06-19 13:43:08,REAL,2740491008,10252,2740501260,2740501260
2025-06-19 13:43:10,REAL,2740501260,10317,2740511577,2740511577
2025-06-19 13:43:12,REAL,2740511577,10249,2740521826,2740521826
2025-06-19 13:43:14,REAL,2740521826,6490,2740528316,2740528316
2025-06-19 13:43:16,REAL,2740528316,479,2740528795,2740528795
2025-06-19 13:43:18,REAL,2740528795,532,2740529327,2740529327
2025-06-19 13:43:20,REAL,2740529327,486,2740529813,2740529813
2025-06-19 13:43:22,REAL,2740529813,488,2740530301,2740530301
2025-06-19 13:43:24,REAL,2740530301,541,2740530842,2740530842
2025-06-19 13:43:26,REAL,2740530842,480,2740531322,2740531322
2025-06-19 13:43:28,REAL,2740531322,477,2740531799,2740531799
2025-06-19 13:43:30,REAL,2740531799,486,2740532285,2740532285
2025-06-19 13:43:32,REAL,2740532285,476,2740532761,2740532761
2025-06-19 13:43:34,REAL,2740532761,476,2740533237,2740533237
2025-06-19 13:43:36,REAL,2740533237,479,2740533716,2740533716
2025-06-19 13:43:38,REAL,2740533716,482,2740534198,2740534198
2025-06-19 13:43:40,REAL,2740534198,482,2740534680,2740534680
2025-06-19 13:43:42,REAL,2740534680,11970,2740546650,2740546650
2025-06-19 13:43:44,REAL,2740546650,10248,2740556898,2740556898
2025-06-19 13:43:46,REAL,2740556898,10320,2740567218,2740567218
2025-06-19 13:43:48,REAL,2740567218,10302,2740577520,2740577520
2025-06-19 13:43:50,REAL,2740577520,10251,2740587771,2740587771
2025-06-19 13:43:52,REAL,2740587771,10317,2740598088,2740598088
2025-06-19 13:43:54,REAL,2740598088,10254,2740608342,2740608342
2025-06-19 13:43:56,REAL,2740608342,5968,2740614310,2740614310
2025-06-19 13:43:58,REAL,2740614310,490,2740614800,2740614800
2025-06-19 13:44:00,REAL,2740614800,483,2740615283,2740615283
2025-06-19 13:44:02,REAL,2740615283,482,2740615765,2740615765
2025-06-19 13:44:04,REAL,2740615765,481,2740616246,2740616246
2025-06-19 13:44:06,REAL,2740616246,485,2740616731,2740616731
2025-06-19 13:44:08,REAL,2740616731,481,2740617212,2740617212
2025-06-19 13:44:10,REAL,2740617212,479,2740617691,2740617691
2025-06-19 13:44:12,REAL,2740617691,487,2740618178,2740618178
2025-06-19 13:44:14,REAL,2740618178,488,2740618666,2740618666
2025-06-19 13:44:16,REAL,2740618666,483,2740619149,2740619149
2025-06-19 13:44:18,REAL,2740619149,546,2740619695,2740619695
2025-06-19 13:44:20,REAL,2740619695,488,2740620183,2740620183
2025-06-19 13:44:22,REAL,2740620183,484,2740620667,2740620667
2025-06-19 13:44:24,REAL,2740620667,481,2740621148,2740621148
2025-06-19 13:44:26,REAL,2740621148,479,2740621627,2740621627
2025-06-19 13:44:28,REAL,2740621627,543,2740622170,2740622170
2025-06-19 13:44:30,REAL,2740622170,486,2740622656,2740622656
2025-06-19 13:44:32,REAL,2740622656,489,2740623145,2740623145
2025-06-19 13:44:34,REAL,2740623145,6699,2740629844,2740629844
2025-06-19 13:44:36,REAL,2740629844,10913,2740640757,2740640757
2025-06-19 13:44:38,REAL,2740640757,10255,2740651012,2740651012
2025-06-19 13:44:40,REAL,2740651012,10327,2740661339,2740661339
2025-06-19 13:44:42,REAL,2740661339,10251,2740671590,2740671590
2025-06-19 13:44:44,REAL,2740671590,10251,2740681841,2740681841
2025-06-19 13:44:46,REAL,2740681841,10324,2740692165,2740692165
2025-06-19 13:44:48,REAL,2740692165,10041,2740702206,2740702206
2025-06-19 13:44:50,REAL,2740702206,483,2740702689,2740702689
2025-06-19 13:44:52,REAL,2740702689,482,2740703171,2740703171
2025-06-19 13:44:54,REAL,2740703171,488,2740703659,2740703659
2025-06-19 13:44:56,REAL,2740703659,482,2740704141,2740704141
2025-06-19 13:44:58,REAL,2740704141,490,2740704631,2740704631
2025-06-19 13:45:00,REAL,2740704631,490,2740705121,2740705121
2025-06-19 13:45:02,REAL,2740705121,485,2740705606,2740705606
2025-06-19 13:45:04,REAL,2740705606,484,2740706090,2740706090
2025-06-19 13:45:06,REAL,2740706090,484,2740706574,2740706574
2025-06-19 13:45:08,REAL,2740706574,477,2740707051,2740707051
2025-06-19 13:45:10,REAL,2740707051,490,2740707541,2740707541
2025-06-19 13:45:12,REAL,2740707541,481,2740708022,2740708022
2025-06-19 13:45:14,REAL,2740708022,487,2740708509,2740708509
2025-06-19 13:45:16,REAL,2740708509,489,2740708998,2740708998
2025-06-19 13:45:18,REAL,2740708998,539,2740709537,2740709537
2025-06-19 13:45:20,REAL,2740709537,540,2740710077,2740710077
2025-06-19 13:45:22,REAL,2740710077,491,2740710568,2740710568
2025-06-19 13:45:24,REAL,2740710568,484,2740711052,2740711052
2025-06-19 13:45:26,REAL,2740711052,488,2740711540,2740711540
2025-06-19 13:45:28,REAL,2740711540,488,2740712028,2740712028
2025-06-19 13:45:30,REAL,2740712028,487,2740712515,2740712515
2025-06-19 13:45:32,REAL,2740712515,483,2740712998,2740712998
2025-06-19 13:45:34,REAL,2740712998,481,2740713479,2740713479
2025-06-19 13:45:36,REAL,2740713479,491,2740713970,2740713970
2025-06-19 13:45:38,REAL,2740713970,480,2740714450,2740714450
2025-06-19 13:45:40,REAL,2740714450,487,2740714937,2740714937
2025-06-19 13:45:42,REAL,2740714937,481,2740715418,2740715418
2025-06-19 13:45:44,REAL,2740715418,481,2740715899,2740715899
2025-06-19 13:45:46,REAL,2740715899,490,2740716389,2740716389
2025-06-19 13:45:48,REAL,2740716389,542,2740716931,2740716931
2025-06-19 13:45:50,REAL,2740716931,488,2740717419,2740717419
2025-06-19 13:45:52,REAL,2740717419,480,2740717899,2740717899
2025-06-19 13:45:54,REAL,2740717899,480,2740718379,2740718379
2025-06-19 13:45:56,REAL,2740718379,477,2740718856,2740718856
2025-06-19 13:45:58,REAL,2740718856,9336,2740728192,2740728192
2025-06-19 13:46:00,REAL,2740728192,11964,2740740156,2740740156
2025-06-19 13:46:02,REAL,2740740156,10309,2740750465,2740750465
2025-06-19 13:46:04,REAL,2740750465,10258,2740760723,2740760723
2025-06-19 13:46:06,REAL,2740760723,10251,2740770974,2740770974
2025-06-19 13:46:08,REAL,2740770974,10317,2740781291,2740781291
2025-06-19 13:46:10,REAL,2740781291,10259,2740791550,2740791550
2025-06-19 13:46:12,REAL,2740791550,8732,2740800282,2740800282
2025-06-19 13:46:14,REAL,2740800282,486,2740800768,2740800768
2025-06-19 13:46:16,REAL,2740800768,489,2740801257,2740801257
2025-06-19 13:46:18,REAL,2740801257,545,2740801802,2740801802
2025-06-19 13:46:20,REAL,2740801802,484,2740802286,2740802286
2025-06-19 13:46:22,REAL,2740802286,483,2740802769,2740802769
2025-06-19 13:46:24,REAL,2740802769,484,2740803253,2740803253
2025-06-19 13:46:26,REAL,2740803253,491,2740803744,2740803744
2025-06-19 13:46:28,REAL,2740803744,482,2740804226,2740804226
2025-06-19 13:46:30,REAL,2740804226,489,2740804715,2740804715
2025-06-19 13:46:32,REAL,2740804715,479,2740805194,2740805194
2025-06-19 13:46:34,REAL,2740805194,482,2740805676,2740805676
2025-06-19 13:46:36,REAL,2740805676,480,2740806156,2740806156
2025-06-19 13:46:38,REAL,2740806156,479,2740806635,2740806635
2025-06-19 13:46:40,REAL,2740806635,487,2740807122,2740807122
2025-06-19 13:46:42,REAL,2740807122,491,2740807613,2740807613
2025-06-19 13:46:44,REAL,2740807613,545,2740808158,2740808158
2025-06-19 13:46:46,REAL,2740808158,481,2740808639,2740808639
2025-06-19 13:46:48,REAL,2740808639,538,2740809177,2740809177
2025-06-19 13:46:50,REAL,2740809177,484,2740809661,2740809661
2025-06-19 13:46:52,REAL,2740809661,479,2740810140,2740810140
2025-06-19 13:46:54,REAL,2740810140,479,2740810619,2740810619
2025-06-19 13:46:56,REAL,2740810619,484,2740811103,2740811103
2025-06-19 13:46:58,REAL,2740811103,485,2740811588,2740811588
2025-06-19 13:47:00,REAL,2740811588,484,2740812072,2740812072
2025-06-19 13:47:02,REAL,2740812072,486,2740812558,2740812558
2025-06-19 13:47:04,REAL,2740812558,484,2740813042,2740813042
2025-06-19 13:47:06,REAL,2740813042,492,2740813534,2740813534
2025-06-19 13:47:08,REAL,2740813534,476,2740814010,2740814010
2025-06-19 13:47:10,REAL,2740814010,482,2740814492,2740814492
2025-06-19 13:47:12,REAL,2740814492,476,2740814968,2740814968
2025-06-19 13:47:14,REAL,2740814968,488,2740815456,2740815456
2025-06-19 13:47:16,REAL,2740815456,477,2740815933,2740815933
2025-06-19 13:47:18,REAL,2740815933,540,2740816473,2740816473
2025-06-19 13:47:20,REAL,2740816473,492,2740816965,2740816965
2025-06-19 13:47:22,REAL,2740816965,488,2740817453,2740817453
2025-06-19 13:47:24,REAL,2740817453,492,2740817945,2740817945
2025-06-19 13:47:26,REAL,2740817945,485,2740818430,2740818430
2025-06-19 13:47:28,REAL,2740818430,481,2740818911,2740818911
2025-06-19 13:47:30,REAL,2740818911,487,2740819398,2740819398
2025-06-19 13:47:32,REAL,2740819398,543,2740819941,2740819941
2025-06-19 13:47:34,REAL,2740819941,486,2740820427,2740820427
2025-06-19 13:47:36,REAL,2740820427,487,2740820914,2740820914
2025-06-19 13:47:38,REAL,2740820914,481,2740821395,2740821395
2025-06-19 13:47:40,REAL,2740821395,478,2740821873,2740821873
2025-06-19 13:47:42,REAL,2740821873,481,2740822354,2740822354
2025-06-19 13:47:44,REAL,2740822354,483,2740822837,2740822837
2025-06-19 13:47:46,REAL,2740822837,487,2740823324,2740823324
2025-06-19 13:47:48,REAL,2740823324,477,2740823801,2740823801
2025-06-19 13:47:50,REAL,2740823801,488,2740824289,2740824289
2025-06-19 13:47:52,REAL,2740824289,481,2740824770,2740824770
2025-06-19 13:47:54,REAL,2740824770,486,2740825256,2740825256
2025-06-19 13:47:56,REAL,2740825256,478,2740825734,2740825734
2025-06-19 13:47:58,REAL,2740825734,489,2740826223,2740826223
2025-06-19 13:48:00,REAL,2740826223,485,2740826708,2740826708
2025-06-19 13:48:02,REAL,2740826708,482,2740827190,2740827190
2025-06-19 13:48:04,REAL,2740827190,489,2740827679,2740827679
2025-06-19 13:48:06,REAL,2740827679,492,2740828171,2740828171
2025-06-19 13:48:08,REAL,2740828171,491,2740828662,2740828662
2025-06-19 13:48:10,REAL,2740828662,548,2740829210,2740829210
2025-06-19 13:48:12,REAL,2740829210,484,2740829694,2740829694
2025-06-19 13:48:14,REAL,2740829694,483,2740830177,2740830177
2025-06-19 13:48:16,REAL,2740830177,483,2740830660,2740830660
2025-06-19 13:48:18,REAL,2740830660,542,2740831202,2740831202
2025-06-19 13:48:20,REAL,2740831202,490,2740831692,2740831692
2025-06-19 13:48:22,REAL,2740831692,477,2740832169,2740832169
2025-06-19 13:48:24,REAL,2740832169,484,2740832653,2740832653
2025-06-19 13:48:26,REAL,2740832653,13297,2740845950,2740845950
2025-06-19 13:48:28,REAL,2740845950,10248,2740856198,2740856198
2025-06-19 13:48:30,REAL,2740856198,10254,2740866452,2740866452
2025-06-19 13:48:32,REAL,2740866452,10315,2740876767,2740876767
2025-06-19 13:48:34,REAL,2740876767,10251,2740887018,2740887018
2025-06-19 13:48:36,REAL,2740887018,10313,2740897331,2740897331
2025-06-19 13:48:38,REAL,2740897331,10257,2740907588,2740907588
2025-06-19 13:48:40,REAL,2740907588,6094,2740913682,2740913682
2025-06-19 13:48:42,REAL,2740913682,477,2740914159,2740914159
2025-06-19 13:48:44,REAL,2740914159,494,2740914653,2740914653
2025-06-19 13:48:46,REAL,2740914653,5770,2740920423,2740920423
2025-06-19 13:48:48,REAL,2740920423,11241,2740931664,2740931664
2025-06-19 13:48:50,REAL,2740931664,10251,2740941915,2740941915
2025-06-19 13:48:52,REAL,2740941915,10252,2740952167,2740952167
2025-06-19 13:48:54,REAL,2740952167,10320,2740962487,2740962487
2025-06-19 13:48:56,REAL,2740962487,10252,2740972739,2740972739
2025-06-19 13:48:58,REAL,2740972739,10316,2740983055,2740983055
2025-06-19 13:49:00,REAL,2740983055,10259,2740993314,2740993314
2025-06-19 13:49:02,REAL,2740993314,873,2740994187,2740994187
2025-06-19 13:49:04,REAL,2740994187,479,2740994666,2740994666
2025-06-19 13:49:06,REAL,2740994666,485,2740995151,2740995151
2025-06-19 13:49:08,REAL,2740995151,237,2740995388,2740995388
2025-06-19 13:49:10,REAL,2740995388,482,2740995870,2740995870
2025-06-19 13:49:12,REAL,2740995870,483,2740996353,2740996353
2025-06-19 13:49:14,REAL,2740996353,494,2740996847,2740996847
2025-06-19 13:49:16,REAL,2740996847,476,2740997323,2740997323
2025-06-19 13:49:18,REAL,2740997323,476,2740997799,2740997799
2025-06-19 13:49:20,REAL,2740997799,480,2740998279,2740998279
2025-06-19 13:49:22,REAL,2740998279,489,2740998768,2740998768
2025-06-19 13:49:24,REAL,2740998768,478,2740999246,2740999246
2025-06-19 13:49:26,REAL,2740999246,485,2740999731,2740999731
2025-06-19 13:49:28,REAL,2740999731,478,2741000209,2741000209
2025-06-19 13:49:30,REAL,2741000209,478,2741000687,2741000687
2025-06-19 13:49:32,REAL,2741000687,481,2741001168,2741001168
2025-06-19 13:49:34,REAL,2741001168,543,2741001711,2741001711
2025-06-19 13:49:36,REAL,2741001711,477,2741002188,2741002188
2025-06-19 13:49:38,REAL,2741002188,486,2741002674,2741002674
2025-06-19 13:49:40,REAL,2741002674,491,2741003165,2741003165
2025-06-19 13:49:42,REAL,2741003165,492,2741003657,2741003657
2025-06-19 13:49:44,REAL,2741003657,488,2741004145,2741004145
2025-06-19 13:49:46,REAL,2741004145,477,2741004622,2741004622
2025-06-19 13:49:48,REAL,2741004622,546,2741005168,2741005168
2025-06-19 13:49:50,REAL,2741005168,474,2741005642,2741005642
2025-06-19 13:49:52,REAL,2741005642,485,2741006127,2741006127
2025-06-19 13:49:54,REAL,2741006127,494,2741006621,2741006621
2025-06-19 13:49:56,REAL,2741006621,486,2741007107,2741007107
2025-06-19 13:49:58,REAL,2741007107,489,2741007596,2741007596
2025-06-19 13:50:00,REAL,2741007596,481,2741008077,2741008077
2025-06-19 13:50:02,REAL,2741008077,484,2741008561,2741008561
2025-06-19 13:50:04,REAL,2741008561,479,2741009040,2741009040
2025-06-19 13:50:06,REAL,2741009040,536,2741009576,2741009576
2025-06-19 13:50:08,REAL,2741009576,491,2741010067,2741010067
2025-06-19 13:50:10,REAL,2741010067,491,2741010558,2741010558
2025-06-19 13:50:12,REAL,2741010558,479,2741011037,2741011037
2025-06-19 13:50:14,REAL,2741011037,481,2741011518,2741011518
2025-06-19 13:50:16,REAL,2741011518,488,2741012006,2741012006
2025-06-19 13:50:18,REAL,2741012006,491,2741012497,2741012497
2025-06-19 13:50:20,REAL,2741012497,486,2741012983,2741012983
2025-06-19 13:50:22,REAL,2741012983,492,2741013475,2741013475
2025-06-19 13:50:24,REAL,2741013475,486,2741013961,2741013961
2025-06-19 13:50:26,REAL,2741013961,482,2741014443,2741014443
2025-06-19 13:50:28,REAL,2741014443,486,2741014929,2741014929
2025-06-19 13:50:30,REAL,2741014929,481,2741015410,2741015410
2025-06-19 13:50:32,REAL,2741015410,475,2741015885,2741015885
2025-06-19 13:50:34,REAL,2741015885,487,2741016372,2741016372
2025-06-19 13:50:36,REAL,2741016372,543,2741016915,2741016915
2025-06-19 13:50:38,REAL,2741016915,480,2741017395,2741017395
2025-06-19 13:50:40,REAL,2741017395,536,2741017931,2741017931
2025-06-19 13:50:42,REAL,2741017931,489,2741018420,2741018420
2025-06-19 13:50:44,REAL,2741018420,488,2741018908,2741018908
2025-06-19 13:50:46,REAL,2741018908,481,2741019389,2741019389
2025-06-19 13:50:48,REAL,2741019389,486,2741019875,2741019875
2025-06-19 13:50:50,REAL,2741019875,482,2741020357,2741020357
2025-06-19 13:50:52,REAL,2741020357,480,2741020837,2741020837
2025-06-19 13:50:54,REAL,2741020837,481,2741021318,2741021318
2025-06-19 13:50:56,REAL,2741021318,476,2741021794,2741021794
2025-06-19 13:50:58,REAL,2741021794,485,2741022279,2741022279
2025-06-19 13:51:00,REAL,2741022279,479,2741022758,2741022758
2025-06-19 13:51:02,REAL,2741022758,488,2741023246,2741023246
2025-06-19 13:51:04,REAL,2741023246,486,2741023732,2741023732
2025-06-19 13:51:06,REAL,2741023732,483,2741024215,2741024215
2025-06-19 13:51:08,REAL,2741024215,485,2741024700,2741024700
2025-06-19 13:51:10,REAL,2741024700,482,2741025182,2741025182
2025-06-19 13:51:12,REAL,2741025182,491,2741025673,2741025673
2025-06-19 13:51:14,REAL,2741025673,534,2741026207,2741026207
2025-06-19 13:51:16,REAL,2741026207,475,2741026682,2741026682
2025-06-19 13:51:18,REAL,2741026682,486,2741027168,2741027168
2025-06-19 13:51:20,REAL,2741027168,491,2741027659,2741027659
2025-06-19 13:51:22,REAL,2741027659,487,2741028146,2741028146
2025-06-19 13:51:24,REAL,2741028146,487,2741028633,2741028633
2025-06-19 13:51:26,REAL,2741028633,543,2741029176,2741029176
2025-06-19 13:51:28,REAL,2741029176,486,2741029662,2741029662
2025-06-19 13:51:30,REAL,2741029662,477,2741030139,2741030139
2025-06-19 13:51:32,REAL,2741030139,485,2741030624,2741030624
2025-06-19 13:51:34,REAL,2741030624,490,2741031114,2741031114
2025-06-19 13:51:36,REAL,2741031114,483,2741031597,2741031597
2025-06-19 13:51:38,REAL,2741031597,487,2741032084,2741032084
2025-06-19 13:51:40,REAL,2741032084,490,2741032574,2741032574
2025-06-19 13:51:42,REAL,2741032574,481,2741033055,2741033055
2025-06-19 13:51:44,REAL,2741033055,486,2741033541,2741033541
2025-06-19 13:51:46,REAL,2741033541,484,2741034025,2741034025
2025-06-19 13:51:48,REAL,2741034025,547,2741034572,2741034572
2025-06-19 13:51:50,REAL,2741034572,479,2741035051,2741035051
2025-06-19 13:51:52,REAL,2741035051,480,2741035531,2741035531
2025-06-19 13:51:54,REAL,2741035531,486,2741036017,2741036017
2025-06-19 13:51:56,REAL,2741036017,475,2741036492,2741036492
2025-06-19 13:51:58,REAL,2741036492,488,2741036980,2741036980
2025-06-19 13:52:00,REAL,2741036980,484,2741037464,2741037464
2025-06-19 13:52:02,REAL,2741037464,482,2741037946,2741037946
2025-06-19 13:52:04,REAL,2741037946,487,2741038433,2741038433
2025-06-19 13:52:06,REAL,2741038433,480,2741038913,2741038913
2025-06-19 13:52:08,REAL,2741038913,491,2741039404,2741039404
2025-06-19 13:52:10,REAL,2741039404,492,2741039896,2741039896
2025-06-19 13:52:12,REAL,2741039896,483,2741040379,2741040379
2025-06-19 13:52:14,REAL,2741040379,543,2741040922,2741040922
2025-06-19 13:52:16,REAL,2741040922,484,2741041406,2741041406
2025-06-19 13:52:18,REAL,2741041406,481,2741041887,2741041887
2025-06-19 13:52:20,REAL,2741041887,482,2741042369,2741042369
2025-06-19 13:52:22,REAL,2741042369,547,2741042916,2741042916
2025-06-19 13:52:24,REAL,2741042916,483,2741043399,2741043399
2025-06-19 13:52:26,REAL,2741043399,492,2741043891,2741043891
2025-06-19 13:52:28,REAL,2741043891,484,2741044375,2741044375
2025-06-19 13:52:30,REAL,2741044375,481,2741044856,2741044856
2025-06-19 13:52:32,REAL,2741044856,486,2741045342,2741045342
2025-06-19 13:52:34,REAL,2741045342,491,2741045833,2741045833
2025-06-19 13:52:36,REAL,2741045833,487,2741046320,2741046320
2025-06-19 13:52:38,REAL,2741046320,490,2741046810,2741046810
2025-06-19 13:52:40,REAL,2741046810,474,2741047284,2741047284
2025-06-19 13:52:42,REAL,2741047284,486,2741047770,2741047770
2025-06-19 13:52:44,REAL,2741047770,486,2741048256,2741048256
2025-06-19 13:52:46,REAL,2741048256,486,2741048742,2741048742
2025-06-19 13:52:48,REAL,2741048742,484,2741049226,2741049226
2025-06-19 13:52:50,REAL,2741049226,480,2741049706,2741049706
2025-06-19 13:52:52,REAL,2741049706,484,2741050190,2741050190
2025-06-19 13:52:54,REAL,2741050190,542,2741050732,2741050732
2025-06-19 13:52:56,REAL,2741050732,481,2741051213,2741051213
2025-06-19 13:52:58,REAL,2741051213,478,2741051691,2741051691
2025-06-19 13:53:00,REAL,2741051691,490,2741052181,2741052181
2025-06-19 13:53:02,REAL,2741052181,488,2741052669,2741052669
2025-06-19 13:53:04,REAL,2741052669,535,2741053204,2741053204
2025-06-19 13:53:06,REAL,2741053204,485,2741053689,2741053689
2025-06-19 13:53:08,REAL,2741053689,484,2741054173,2741054173
2025-06-19 13:53:10,REAL,2741054173,484,2741054657,2741054657
2025-06-19 13:53:12,REAL,2741054657,490,2741055147,2741055147
2025-06-19 13:53:14,REAL,2741055147,482,2741055629,2741055629
2025-06-19 13:53:16,REAL,2741055629,487,2741056116,2741056116
2025-06-19 13:53:18,REAL,2741056116,481,2741056597,2741056597
2025-06-19 13:53:20,REAL,2741056597,484,2741057081,2741057081
2025-06-19 13:53:22,REAL,2741057081,492,2741057573,2741057573
2025-06-19 13:53:24,REAL,2741057573,486,2741058059,2741058059
2025-06-19 13:53:26,REAL,2741058059,484,2741058543,2741058543
2025-06-19 13:53:28,REAL,2741058543,488,2741059031,2741059031
2025-06-19 13:53:30,REAL,2741059031,548,2741059579,2741059579
2025-06-19 13:53:32,REAL,2741059579,481,2741060060,2741060060
2025-06-19 13:53:34,REAL,2741060060,490,2741060550,2741060550
2025-06-19 13:53:36,REAL,2741060550,477,2741061027,2741061027
2025-06-19 13:53:38,REAL,2741061027,488,2741061515,2741061515
2025-06-19 13:53:40,REAL,2741061515,493,2741062008,2741062008
2025-06-19 13:53:42,REAL,2741062008,476,2741062484,2741062484
2025-06-19 13:53:44,REAL,2741062484,488,2741062972,2741062972
2025-06-19 13:53:46,REAL,2741062972,543,2741063515,2741063515
2025-06-19 13:53:48,REAL,2741063515,482,2741063997,2741063997
2025-06-19 13:53:50,REAL,2741063997,475,2741064472,2741064472
2025-06-19 13:53:52,REAL,2741064472,481,2741064953,2741064953
2025-06-19 13:53:54,REAL,2741064953,479,2741065432,2741065432
2025-06-19 13:53:56,REAL,2741065432,477,2741065909,2741065909
2025-06-19 13:53:58,REAL,2741065909,480,2741066389,2741066389
2025-06-19 13:54:00,REAL,2741066389,479,2741066868,2741066868
2025-06-19 13:54:02,REAL,2741066868,486,2741067354,2741067354
2025-06-19 13:54:04,REAL,2741067354,542,2741067896,2741067896
2025-06-19 13:54:06,REAL,2741067896,487,2741068383,2741068383
2025-06-19 13:54:08,REAL,2741068383,491,2741068874,2741068874
2025-06-19 13:54:10,REAL,2741068874,485,2741069359,2741069359
2025-06-19 13:54:12,REAL,2741069359,480,2741069839,2741069839
2025-06-19 13:54:14,REAL,2741069839,484,2741070323,2741070323
2025-06-19 13:54:16,REAL,2741070323,483,2741070806,2741070806
2025-06-19 13:54:18,REAL,2741070806,492,2741071298,2741071298
2025-06-19 13:54:20,REAL,2741071298,481,2741071779,2741071779
2025-06-19 13:54:22,REAL,2741071779,491,2741072270,2741072270
2025-06-19 13:54:24,REAL,2741072270,483,2741072753,2741072753
2025-06-19 13:54:26,REAL,2741072753,485,2741073238,2741073238
2025-06-19 13:54:28,REAL,2741073238,489,2741073727,2741073727
2025-06-19 13:54:30,REAL,2741073727,541,2741074268,2741074268
2025-06-19 13:54:32,REAL,2741074268,479,2741074747,2741074747
2025-06-19 13:54:34,REAL,2741074747,484,2741075231,2741075231
2025-06-19 13:54:36,REAL,2741075231,542,2741075773,2741075773
2025-06-19 13:54:38,REAL,2741075773,486,2741076259,2741076259
2025-06-19 13:54:40,REAL,2741076259,481,2741076740,2741076740
2025-06-19 13:54:42,REAL,2741076740,485,2741077225,2741077225
2025-06-19 13:54:44,REAL,2741077225,480,2741077705,2741077705
2025-06-19 13:54:46,REAL,2741077705,487,2741078192,2741078192
2025-06-19 13:54:48,REAL,2741078192,478,2741078670,2741078670
2025-06-19 13:54:50,REAL,2741078670,486,2741079156,2741079156
2025-06-19 13:54:52,REAL,2741079156,484,2741079640,2741079640
2025-06-19 13:54:54,REAL,2741079640,488,2741080128,2741080128
2025-06-19 13:54:56,REAL,2741080128,492,2741080620,2741080620
2025-06-19 13:54:58,REAL,2741080620,476,2741081096,2741081096
2025-06-19 13:55:00,REAL,2741081096,483,2741081579,2741081579
2025-06-19 13:55:02,REAL,2741081579,488,2741082067,2741082067
2025-06-19 13:55:04,REAL,2741082067,537,2741082604,2741082604
2025-06-19 13:55:06,REAL,2741082604,475,2741083079,2741083079
2025-06-19 13:55:08,REAL,2741083079,481,2741083560,2741083560
2025-06-19 13:55:10,REAL,2741083560,484,2741084044,2741084044
2025-06-19 13:55:12,REAL,2741084044,541,2741084585,2741084585
2025-06-19 13:55:14,REAL,2741084585,484,2741085069,2741085069
2025-06-19 13:55:16,REAL,2741085069,489,2741085558,2741085558
2025-06-19 13:55:18,REAL,2741085558,480,2741086038,2741086038
2025-06-19 13:55:20,REAL,2741086038,486,2741086524,2741086524
2025-06-19 13:55:22,REAL,2741086524,490,2741087014,2741087014
2025-06-19 13:55:24,REAL,2741087014,484,2741087498,2741087498
2025-06-19 13:55:26,REAL,2741087498,487,2741087985,2741087985
2025-06-19 13:55:28,REAL,2741087985,482,2741088467,2741088467
2025-06-19 13:55:30,REAL,2741088467,544,2741089011,2741089011
2025-06-19 13:55:32,REAL,2741089011,481,2741089492,2741089492
2025-06-19 13:55:34,REAL,2741089492,488,2741089980,2741089980
2025-06-19 13:55:36,REAL,2741089980,484,2741090464,2741090464
2025-06-19 13:55:38,REAL,2741090464,480,2741090944,2741090944
2025-06-19 13:55:40,REAL,2741090944,479,2741091423,2741091423
2025-06-19 13:55:42,REAL,2741091423,480,2741091903,2741091903
2025-06-19 13:55:44,REAL,2741091903,483,2741092386,2741092386
2025-06-19 13:55:46,REAL,2741092386,489,2741092875,2741092875
2025-06-19 13:55:48,REAL,2741092875,485,2741093360,2741093360
2025-06-19 13:55:50,REAL,2741093360,485,2741093845,2741093845
2025-06-19 13:55:52,REAL,2741093845,474,2741094319,2741094319
2025-06-19 13:55:54,REAL,2741094319,491,2741094810,2741094810
2025-06-19 13:55:56,REAL,2741094810,598,2741095408,2741095408
2025-06-19 13:55:58,REAL,2741095408,486,2741095894,2741095894
2025-06-19 13:56:00,REAL,2741095894,483,2741096377,2741096377
2025-06-19 13:56:02,REAL,2741096377,480,2741096857,2741096857
2025-06-19 13:56:04,REAL,2741096857,489,2741097346,2741097346
2025-06-19 13:56:06,REAL,2741097346,488,2741097834,2741097834
2025-06-19 13:56:08,REAL,2741097834,482,2741098316,2741098316
2025-06-19 13:56:10,REAL,2741098316,484,2741098800,2741098800
2025-06-19 13:56:12,REAL,2741098800,479,2741099279,2741099279
2025-06-19 13:56:14,REAL,2741099279,481,2741099760,2741099760
2025-06-19 13:56:16,REAL,2741099760,491,2741100251,2741100251
2025-06-19 13:56:18,REAL,2741100251,481,2741100732,2741100732
2025-06-19 13:56:20,REAL,2741100732,479,2741101211,2741101211
2025-06-19 13:56:22,REAL,2741101211,487,2741101698,2741101698
2025-06-19 13:56:24,REAL,2741101698,544,2741102242,2741102242
2025-06-19 13:56:26,REAL,2741102242,476,2741102718,2741102718
2025-06-19 13:56:28,REAL,2741102718,477,2741103195,2741103195
2025-06-19 13:56:30,REAL,2741103195,480,2741103675,2741103675
2025-06-19 13:56:32,REAL,2741103675,4195,2741107870,2741107870
2025-06-19 13:56:34,REAL,2741107870,11374,2741119244,2741119244
2025-06-19 13:56:36,REAL,2741119244,10314,2741129558,2741129558
2025-06-19 13:56:38,REAL,2741129558,10306,2741139864,2741139864
2025-06-19 13:56:40,REAL,2741139864,10254,2741150118,2741150118
2025-06-19 13:56:42,REAL,2741150118,10310,2741160428,2741160428
2025-06-19 13:56:44,REAL,2741160428,10251,2741170679,2741170679
2025-06-19 13:56:46,REAL,2741170679,10259,2741180938,2741180938
2025-06-19 13:56:48,REAL,2741180938,1997,2741182935,2741182935
2025-06-19 13:56:50,REAL,2741182935,491,2741183426,2741183426
2025-06-19 13:56:52,REAL,2741183426,485,2741183911,2741183911
2025-06-19 13:56:54,REAL,2741183911,481,2741184392,2741184392
2025-06-19 13:56:56,REAL,2741184392,484,2741184876,2741184876
2025-06-19 13:56:58,REAL,2741184876,545,2741185421,2741185421
2025-06-19 13:57:00,REAL,2741185421,491,2741185912,2741185912
2025-06-19 13:57:02,REAL,2741185912,482,2741186394,2741186394
2025-06-19 13:57:04,REAL,2741186394,491,2741186885,2741186885
2025-06-19 13:57:06,REAL,2741186885,485,2741187370,2741187370
2025-06-19 13:57:08,REAL,2741187370,488,2741187858,2741187858
2025-06-19 13:57:10,REAL,2741187858,482,2741188340,2741188340
2025-06-19 13:57:12,REAL,2741188340,488,2741188828,2741188828
2025-06-19 13:57:14,REAL,2741188828,482,2741189310,2741189310
2025-06-19 13:57:16,REAL,2741189310,478,2741189788,2741189788
2025-06-19 13:57:18,REAL,2741189788,491,2741190279,2741190279
2025-06-19 13:57:20,REAL,2741190279,482,2741190761,2741190761
2025-06-19 13:57:22,REAL,2741190761,544,2741191305,2741191305
2025-06-19 13:57:24,REAL,2741191305,492,2741191797,2741191797
2025-06-19 13:57:26,REAL,2741191797,537,2741192334,2741192334
2025-06-19 13:57:28,REAL,2741192334,483,2741192817,2741192817
2025-06-19 13:57:30,REAL,2741192817,489,2741193306,2741193306
2025-06-19 13:57:32,REAL,2741193306,480,2741193786,2741193786
2025-06-19 13:57:34,REAL,2741193786,474,2741194260,2741194260
2025-06-19 13:57:36,REAL,2741194260,488,2741194748,2741194748
2025-06-19 13:57:38,REAL,2741194748,486,2741195234,2741195234
2025-06-19 13:57:40,REAL,2741195234,484,2741195718,2741195718
2025-06-19 13:57:42,REAL,2741195718,476,2741196194,2741196194
2025-06-19 13:57:44,REAL,2741196194,486,2741196680,2741196680
2025-06-19 13:57:46,REAL,2741196680,490,2741197170,2741197170
2025-06-19 13:57:48,REAL,2741197170,477,2741197647,2741197647
2025-06-19 13:57:50,REAL,2741197647,488,2741198135,2741198135
2025-06-19 13:57:52,REAL,2741198135,487,2741198622,2741198622
2025-06-19 13:57:54,REAL,2741198622,542,2741199164,2741199164
2025-06-19 13:57:56,REAL,2741199164,481,2741199645,2741199645
2025-06-19 13:57:58,REAL,2741199645,488,2741200133,2741200133
2025-06-19 13:58:00,REAL,2741200133,476,2741200609,2741200609
2025-06-19 13:58:02,REAL,2741200609,479,2741201088,2741201088
2025-06-19 13:58:04,REAL,2741201088,532,2741201620,2741201620
2025-06-19 13:58:06,REAL,2741201620,482,2741202102,2741202102
2025-06-19 13:58:08,REAL,2741202102,488,2741202590,2741202590
2025-06-19 13:58:10,REAL,2741202590,482,2741203072,2741203072
2025-06-19 13:58:12,REAL,2741203072,483,2741203555,2741203555
2025-06-19 13:58:14,REAL,2741203555,481,2741204036,2741204036
2025-06-19 13:58:16,REAL,2741204036,479,2741204515,2741204515
2025-06-19 13:58:18,REAL,2741204515,479,2741204994,2741204994
2025-06-19 13:58:20,REAL,2741204994,486,2741205480,2741205480
2025-06-19 13:58:22,REAL,2741205480,537,2741206017,2741206017
2025-06-19 13:58:24,REAL,2741206017,489,2741206506,2741206506
2025-06-19 13:58:26,REAL,2741206506,480,2741206986,2741206986
2025-06-19 13:58:28,REAL,2741206986,493,2741207479,2741207479
2025-06-19 13:58:30,REAL,2741207479,484,2741207963,2741207963
2025-06-19 13:58:32,REAL,2741207963,491,2741208454,2741208454
2025-06-19 13:58:34,REAL,2741208454,479,2741208933,2741208933
2025-06-19 13:58:36,REAL,2741208933,487,2741209420,2741209420
2025-06-19 13:58:38,REAL,2741209420,484,2741209904,2741209904
2025-06-19 13:58:40,REAL,2741209904,481,2741210385,2741210385
2025-06-19 13:58:42,REAL,2741210385,477,2741210862,2741210862
2025-06-19 13:58:44,REAL,2741210862,485,2741211347,2741211347
2025-06-19 13:58:46,REAL,2741211347,543,2741211890,2741211890
2025-06-19 13:58:48,REAL,2741211890,538,2741212428,2741212428
2025-06-19 13:58:50,REAL,2741212428,477,2741212905,2741212905
2025-06-19 13:58:52,REAL,2741212905,485,2741213390,2741213390
2025-06-19 13:58:54,REAL,2741213390,478,2741213868,2741213868
2025-06-19 13:58:56,REAL,2741213868,488,2741214356,2741214356
2025-06-19 13:58:58,REAL,2741214356,483,2741214839,2741214839
2025-06-19 13:59:00,REAL,2741214839,487,2741215326,2741215326
2025-06-19 13:59:02,REAL,2741215326,482,2741215808,2741215808
2025-06-19 13:59:04,REAL,2741215808,482,2741216290,2741216290
2025-06-19 13:59:06,REAL,2741216290,489,2741216779,2741216779
2025-06-19 13:59:08,REAL,2741216779,482,2741217261,2741217261
2025-06-19 13:59:10,REAL,2741217261,480,2741217741,2741217741
2025-06-19 13:59:12,REAL,2741217741,492,2741218233,2741218233
2025-06-19 13:59:14,REAL,2741218233,532,2741218765,2741218765
2025-06-19 13:59:16,REAL,2741218765,493,2741219258,2741219258
2025-06-19 13:59:18,REAL,2741219258,493,2741219751,2741219751
2025-06-19 13:59:20,REAL,2741219751,1546,2741221297,2741221297
2025-06-19 13:59:22,REAL,2741221297,12029,2741233326,2741233326
2025-06-19 13:59:24,REAL,2741233326,10314,2741243640,2741243640
2025-06-19 13:59:26,REAL,2741243640,10305,2741253945,2741253945
2025-06-19 13:59:28,REAL,2741253945,10252,2741264197,2741264197
2025-06-19 13:59:30,REAL,2741264197,10256,2741274453,2741274453
2025-06-19 13:59:32,REAL,2741274453,10245,2741284698,2741284698
2025-06-19 13:59:34,REAL,2741284698,10320,2741295018,2741295018
2025-06-19 13:59:36,REAL,2741295018,4372,2741299390,2741299390
2025-06-19 13:59:38,REAL,2741299390,478,2741299868,2741299868
2025-06-19 13:59:40,REAL,2741299868,477,2741300345,2741300345
2025-06-19 13:59:42,REAL,2741300345,487,2741300832,2741300832
2025-06-19 13:59:44,REAL,2741300832,482,2741301314,2741301314
2025-06-19 13:59:46,REAL,2741301314,485,2741301799,2741301799
2025-06-19 13:59:48,REAL,2741301799,486,2741302285,2741302285
2025-06-19 13:59:50,REAL,2741302285,489,2741302774,2741302774
2025-06-19 13:59:52,REAL,2741302774,488,2741303262,2741303262
2025-06-19 13:59:54,REAL,2741303262,492,2741303754,2741303754
2025-06-19 13:59:56,REAL,2741303754,481,2741304235,2741304235
2025-06-19 13:59:58,REAL,2741304235,481,2741304716,2741304716
2025-06-19 14:00:00,REAL,2741304716,484,2741305200,2741305200
2025-06-19 14:00:02,REAL,2741305200,485,2741305685,2741305685
2025-06-19 14:00:04,REAL,2741305685,480,2741306165,2741306165
2025-06-19 14:00:06,REAL,2741306165,484,2741306649,2741306649
2025-06-19 14:00:08,REAL,2741306649,593,2741307242,2741307242
2025-06-19 14:00:10,REAL,2741307242,476,2741307718,2741307718
2025-06-19 14:00:12,REAL,2741307718,479,2741308197,2741308197
2025-06-19 14:00:14,REAL,2741308197,9600,2741317797,2741317797
2025-06-19 14:00:16,REAL,2741317797,12165,2741329962,2741329962
2025-06-19 14:00:18,REAL,2741329962,10318,2741340280,2741340280
2025-06-19 14:00:20,REAL,2741340280,10582,2741350862,2741350862
2025-06-19 14:00:22,REAL,2741350862,9983,2741360845,2741360845
2025-06-19 14:00:24,REAL,2741360845,10251,2741371096,2741371096
2025-06-19 14:00:26,REAL,2741371096,10321,2741381417,2741381417
2025-06-19 14:00:28,REAL,2741381417,8409,2741389826,2741389826
2025-06-19 14:00:30,REAL,2741389826,482,2741390308,2741390308
2025-06-19 14:00:32,REAL,2741390308,482,2741390790,2741390790
2025-06-19 14:00:34,REAL,2741390790,484,2741391274,2741391274
2025-06-19 14:00:36,REAL,2741391274,480,2741391754,2741391754
2025-06-19 14:00:38,REAL,2741391754,484,2741392238,2741392238
2025-06-19 14:00:40,REAL,2741392238,484,2741392722,2741392722
2025-06-19 14:00:42,REAL,2741392722,488,2741393210,2741393210
2025-06-19 14:00:44,REAL,2741393210,488,2741393698,2741393698
2025-06-19 14:00:46,REAL,2741393698,480,2741394178,2741394178
2025-06-19 14:00:48,REAL,2741394178,544,2741394722,2741394722
2025-06-19 14:00:50,REAL,2741394722,491,2741395213,2741395213
2025-06-19 14:00:52,REAL,2741395213,484,2741395697,2741395697
2025-06-19 14:00:54,REAL,2741395697,483,2741396180,2741396180
2025-06-19 14:00:56,REAL,2741396180,487,2741396667,2741396667
2025-06-19 14:00:58,REAL,2741396667,486,2741397153,2741397153
2025-06-19 14:01:00,REAL,2741397153,478,2741397631,2741397631
2025-06-19 14:01:02,REAL,2741397631,541,2741398172,2741398172
2025-06-19 14:01:04,REAL,2741398172,485,2741398657,2741398657
2025-06-19 14:01:06,REAL,2741398657,477,2741399134,2741399134
2025-06-19 14:01:08,REAL,2741399134,490,2741399624,2741399624
2025-06-19 14:01:10,REAL,2741399624,482,2741400106,2741400106
2025-06-19 14:01:12,REAL,2741400106,481,2741400587,2741400587
2025-06-19 14:01:14,REAL,2741400587,489,2741401076,2741401076
2025-06-19 14:01:16,REAL,2741401076,484,2741401560,2741401560
2025-06-19 14:01:18,REAL,2741401560,489,2741402049,2741402049
2025-06-19 14:01:20,REAL,2741402049,488,2741402537,2741402537
2025-06-19 14:01:22,REAL,2741402537,480,2741403017,2741403017
2025-06-19 14:01:24,REAL,2741403017,494,2741403511,2741403511
2025-06-19 14:01:26,REAL,2741403511,485,2741403996,2741403996
2025-06-19 14:01:28,REAL,2741403996,491,2741404487,2741404487
2025-06-19 14:01:30,REAL,2741404487,540,2741405027,2741405027
2025-06-19 14:01:32,REAL,2741405027,481,2741405508,2741405508
2025-06-19 14:01:34,REAL,2741405508,482,2741405990,2741405990
2025-06-19 14:01:36,REAL,2741405990,491,2741406481,2741406481
2025-06-19 14:01:38,REAL,2741406481,490,2741406971,2741406971
2025-06-19 14:01:40,REAL,2741406971,485,2741407456,2741407456
2025-06-19 14:01:42,REAL,2741407456,481,2741407937,2741407937
2025-06-19 14:01:44,REAL,2741407937,486,2741408423,2741408423
2025-06-19 14:01:46,REAL,2741408423,491,2741408914,2741408914
2025-06-19 14:01:48,REAL,2741408914,479,2741409393,2741409393
2025-06-19 14:01:50,REAL,2741409393,539,2741409932,2741409932
2025-06-19 14:01:52,REAL,2741409932,482,2741410414,2741410414
2025-06-19 14:01:54,REAL,2741410414,491,2741410905,2741410905
2025-06-19 14:01:56,REAL,2741410905,483,2741411388,2741411388
2025-06-19 14:01:58,REAL,2741411388,486,2741411874,2741411874
2025-06-19 14:02:00,REAL,2741411874,482,2741412356,2741412356
2025-06-19 14:02:02,REAL,2741412356,491,2741412847,2741412847
2025-06-19 14:02:04,REAL,2741412847,4909,2741417756,2741417756
2025-06-19 14:02:06,REAL,2741417756,11443,2741429199,2741429199
2025-06-19 14:02:08,REAL,2741429199,10252,2741439451,2741439451
2025-06-19 14:02:10,REAL,2741439451,10300,2741449751,2741449751
2025-06-19 14:02:12,REAL,2741449751,10250,2741460001,2741460001
2025-06-19 14:02:14,REAL,2741460001,10249,2741470250,2741470250
2025-06-19 14:02:16,REAL,2741470250,10315,2741480565,2741480565
2025-06-19 14:02:18,REAL,2741480565,10246,2741490811,2741490811
2025-06-19 14:02:20,REAL,2741490811,1870,2741492681,2741492681
2025-06-19 14:02:22,REAL,2741492681,479,2741493160,2741493160
2025-06-19 14:02:24,REAL,2741493160,481,2741493641,2741493641
2025-06-19 14:02:26,REAL,2741493641,10399,2741504040,2741504040
2025-06-19 14:02:28,REAL,2741504040,10516,2741514556,2741514556
2025-06-19 14:02:30,REAL,2741514556,10191,2741524747,2741524747
2025-06-19 14:02:32,REAL,2741524747,10255,2741535002,2741535002
2025-06-19 14:02:34,REAL,2741535002,10315,2741545317,2741545317
2025-06-19 14:02:36,REAL,2741545317,10256,2741555573,2741555573
2025-06-19 14:02:38,REAL,2741555573,10249,2741565822,2741565822
2025-06-19 14:02:40,REAL,2741565822,6428,2741572250,2741572250
2025-06-19 14:02:42,REAL,2741572250,493,2741572743,2741572743
2025-06-19 14:02:44,REAL,2741572743,489,2741573232,2741573232
2025-06-19 14:02:46,REAL,2741573232,487,2741573719,2741573719
2025-06-19 14:02:48,REAL,2741573719,487,2741574206,2741574206
2025-06-19 14:02:50,REAL,2741574206,485,2741574691,2741574691
2025-06-19 14:02:52,REAL,2741574691,539,2741575230,2741575230
2025-06-19 14:02:54,REAL,2741575230,488,2741575718,2741575718
2025-06-19 14:02:56,REAL,2741575718,490,2741576208,2741576208
2025-06-19 14:02:58,REAL,2741576208,474,2741576682,2741576682
2025-06-19 14:03:00,REAL,2741576682,491,2741577173,2741577173
2025-06-19 14:03:02,REAL,2741577173,475,2741577648,2741577648
2025-06-19 14:03:04,REAL,2741577648,481,2741578129,2741578129
2025-06-19 14:03:06,REAL,2741578129,485,2741578614,2741578614
2025-06-19 14:03:08,REAL,2741578614,483,2741579097,2741579097
2025-06-19 14:03:10,REAL,2741579097,491,2741579588,2741579588
2025-06-19 14:03:12,REAL,2741579588,488,2741580076,2741580076
2025-06-19 14:03:14,REAL,2741580076,484,2741580560,2741580560
2025-06-19 14:03:16,REAL,2741580560,547,2741581107,2741581107
2025-06-19 14:03:18,REAL,2741581107,484,2741581591,2741581591
2025-06-19 14:03:20,REAL,2741581591,487,2741582078,2741582078
2025-06-19 14:03:22,REAL,2741582078,490,2741582568,2741582568
2025-06-19 14:03:24,REAL,2741582568,488,2741583056,2741583056
2025-06-19 14:03:26,REAL,2741583056,485,2741583541,2741583541
2025-06-19 14:03:28,REAL,2741583541,487,2741584028,2741584028
2025-06-19 14:03:30,REAL,2741584028,486,2741584514,2741584514
2025-06-19 14:03:32,REAL,2741584514,537,2741585051,2741585051
2025-06-19 14:03:34,REAL,2741585051,485,2741585536,2741585536
2025-06-19 14:03:36,REAL,2741585536,479,2741586015,2741586015
2025-06-19 14:03:38,REAL,2741586015,480,2741586495,2741586495
2025-06-19 14:03:40,REAL,2741586495,484,2741586979,2741586979
2025-06-19 14:03:42,REAL,2741586979,489,2741587468,2741587468
2025-06-19 14:03:44,REAL,2741587468,492,2741587960,2741587960
2025-06-19 14:03:46,REAL,2741587960,485,2741588445,2741588445
2025-06-19 14:03:48,REAL,2741588445,478,2741588923,2741588923
2025-06-19 14:03:50,REAL,2741588923,487,2741589410,2741589410
2025-06-19 14:03:52,REAL,2741589410,478,2741589888,2741589888
2025-06-19 14:03:54,REAL,2741589888,481,2741590369,2741590369
2025-06-19 14:03:56,REAL,2741590369,488,2741590857,2741590857
2025-06-19 14:03:58,REAL,2741590857,483,2741591340,2741591340
2025-06-19 14:04:00,REAL,2741591340,483,2741591823,2741591823
2025-06-19 14:04:02,REAL,2741591823,485,2741592308,2741592308
2025-06-19 14:04:04,REAL,2741592308,539,2741592847,2741592847
2025-06-19 14:04:06,REAL,2741592847,485,2741593332,2741593332
2025-06-19 14:04:08,REAL,2741593332,487,2741593819,2741593819
2025-06-19 14:04:10,REAL,2741593819,480,2741594299,2741594299
2025-06-19 14:04:12,REAL,2741594299,540,2741594839,2741594839
2025-06-19 14:04:14,REAL,2741594839,485,2741595324,2741595324
2025-06-19 14:04:16,REAL,2741595324,481,2741595805,2741595805
2025-06-19 14:04:18,REAL,2741595805,480,2741596285,2741596285
2025-06-19 14:04:20,REAL,2741596285,491,2741596776,2741596776
2025-06-19 14:04:22,REAL,2741596776,484,2741597260,2741597260
2025-06-19 14:04:24,REAL,2741597260,488,2741597748,2741597748
2025-06-19 14:04:26,REAL,2741597748,474,2741598222,2741598222
2025-06-19 14:04:28,REAL,2741598222,491,2741598713,2741598713
2025-06-19 14:04:30,REAL,2741598713,487,2741599200,2741599200
2025-06-19 14:04:32,REAL,2741599200,480,2741599680,2741599680
2025-06-19 14:04:34,REAL,2741599680,483,2741600163,2741600163
2025-06-19 14:04:36,REAL,2741600163,493,2741600656,2741600656
2025-06-19 14:04:38,REAL,2741600656,487,2741601143,2741601143
2025-06-19 14:04:40,REAL,2741601143,484,2741601627,2741601627
2025-06-19 14:04:42,REAL,2741601627,487,2741602114,2741602114
2025-06-19 14:04:44,REAL,2741602114,484,2741602598,2741602598
2025-06-19 14:04:46,REAL,2741602598,479,2741603077,2741603077
2025-06-19 14:04:48,REAL,2741603077,488,2741603565,2741603565
2025-06-19 14:04:50,REAL,2741603565,486,2741604051,2741604051
2025-06-19 14:04:52,REAL,2741604051,485,2741604536,2741604536
2025-06-19 14:04:54,REAL,2741604536,588,2741605124,2741605124
2025-06-19 14:04:56,REAL,2741605124,487,2741605611,2741605611
2025-06-19 14:04:58,REAL,2741605611,481,2741606092,2741606092
2025-06-19 14:05:00,REAL,2741606092,488,2741606580,2741606580
2025-06-19 14:05:02,REAL,2741606580,485,2741607065,2741607065
2025-06-19 14:05:04,REAL,2741607065,491,2741607556,2741607556
2025-06-19 14:05:06,REAL,2741607556,489,2741608045,2741608045
2025-06-19 14:05:08,REAL,2741608045,482,2741608527,2741608527
2025-06-19 14:05:10,REAL,2741608527,478,2741609005,2741609005
2025-06-19 14:05:12,REAL,2741609005,486,2741609491,2741609491
2025-06-19 14:05:14,REAL,2741609491,483,2741609974,2741609974
2025-06-19 14:05:16,REAL,2741609974,481,2741610455,2741610455
2025-06-19 14:05:18,REAL,2741610455,482,2741610937,2741610937
2025-06-19 14:05:20,REAL,2741610937,485,2741611422,2741611422
2025-06-19 14:05:22,REAL,2741611422,486,2741611908,2741611908
2025-06-19 14:05:24,REAL,2741611908,487,2741612395,2741612395
2025-06-19 14:05:26,REAL,2741612395,493,2741612888,2741612888
2025-06-19 14:05:28,REAL,2741612888,486,2741613374,2741613374
2025-06-19 14:05:30,REAL,2741613374,489,2741613863,2741613863
2025-06-19 14:05:32,REAL,2741613863,482,2741614345,2741614345
2025-06-19 14:05:34,REAL,2741614345,489,2741614834,2741614834
2025-06-19 14:05:36,REAL,2741614834,535,2741615369,2741615369
2025-06-19 14:05:38,REAL,2741615369,476,2741615845,2741615845
2025-06-19 14:05:40,REAL,2741615845,2932,2741618777,2741618777
2025-06-19 14:05:42,REAL,2741618777,14213,2741632990,2741632990
2025-06-19 14:05:44,REAL,2741632990,10248,2741643238,2741643238
2025-06-19 14:05:46,REAL,2741643238,10257,2741653495,2741653495
2025-06-19 14:05:48,REAL,2741653495,10317,2741663812,2741663812
2025-06-19 14:05:50,REAL,2741663812,10245,2741674057,2741674057
2025-06-19 14:05:52,REAL,2741674057,10255,2741684312,2741684312
2025-06-19 14:05:54,REAL,2741684312,10313,2741694625,2741694625
2025-06-19 14:05:56,REAL,2741694625,2879,2741697504,2741697504
2025-06-19 14:05:58,REAL,2741697504,475,2741697979,2741697979
2025-06-19 14:06:00,REAL,2741697979,487,2741698466,2741698466
2025-06-19 14:06:02,REAL,2741698466,486,2741698952,2741698952
2025-06-19 14:06:04,REAL,2741698952,486,2741699438,2741699438
2025-06-19 14:06:06,REAL,2741699438,491,2741699929,2741699929
2025-06-19 14:06:08,REAL,2741699929,478,2741700407,2741700407
2025-06-19 14:06:10,REAL,2741700407,484,2741700891,2741700891
2025-06-19 14:06:12,REAL,2741700891,481,2741701372,2741701372
2025-06-19 14:06:14,REAL,2741701372,486,2741701858,2741701858
2025-06-19 14:06:16,REAL,2741701858,543,2741702401,2741702401
2025-06-19 14:06:18,REAL,2741702401,478,2741702879,2741702879
2025-06-19 14:06:20,REAL,2741702879,489,2741703368,2741703368
2025-06-19 14:06:22,REAL,2741703368,488,2741703856,2741703856
2025-06-19 14:06:24,REAL,2741703856,478,2741704334,2741704334
2025-06-19 14:06:26,REAL,2741704334,484,2741704818,2741704818
2025-06-19 14:06:28,REAL,2741704818,485,2741705303,2741705303
2025-06-19 14:06:30,REAL,2741705303,484,2741705787,2741705787
2025-06-19 14:06:32,REAL,2741705787,539,2741706326,2741706326
2025-06-19 14:06:34,REAL,2741706326,487,2741706813,2741706813
2025-06-19 14:06:36,REAL,2741706813,483,2741707296,2741707296
2025-06-19 14:06:38,REAL,2741707296,481,2741707777,2741707777
2025-06-19 14:06:40,REAL,2741707777,483,2741708260,2741708260
2025-06-19 14:06:42,REAL,2741708260,479,2741708739,2741708739
2025-06-19 14:06:44,REAL,2741708739,486,2741709225,2741709225
2025-06-19 14:06:46,REAL,2741709225,487,2741709712,2741709712
2025-06-19 14:06:48,REAL,2741709712,475,2741710187,2741710187
2025-06-19 14:06:50,REAL,2741710187,477,2741710664,2741710664
2025-06-19 14:06:52,REAL,2741710664,487,2741711151,2741711151
2025-06-19 14:06:54,REAL,2741711151,487,2741711638,2741711638
2025-06-19 14:06:56,REAL,2741711638,484,2741712122,2741712122
2025-06-19 14:06:58,REAL,2741712122,537,2741712659,2741712659
2025-06-19 14:07:00,REAL,2741712659,478,2741713137,2741713137
2025-06-19 14:07:02,REAL,2741713137,485,2741713622,2741713622
2025-06-19 14:07:04,REAL,2741713622,474,2741714096,2741714096
2025-06-19 14:07:06,REAL,2741714096,483,2741714579,2741714579
2025-06-19 14:07:08,REAL,2741714579,480,2741715059,2741715059
2025-06-19 14:07:10,REAL,2741715059,4645,2741719704,2741719704
2025-06-19 14:07:12,REAL,2741719704,11242,2741730946,2741730946
2025-06-19 14:07:14,REAL,2741730946,10250,2741741196,2741741196
2025-06-19 14:07:16,REAL,2741741196,10243,2741751439,2741751439
2025-06-19 14:07:18,REAL,2741751439,10319,2741761758,2741761758
2025-06-19 14:07:20,REAL,2741761758,10259,2741772017,2741772017
2025-06-19 14:07:22,REAL,2741772017,10250,2741782267,2741782267
2025-06-19 14:07:24,REAL,2741782267,10243,2741792510,2741792510
2025-06-19 14:07:26,REAL,2741792510,1677,2741794187,2741794187
2025-06-19 14:07:28,REAL,2741794187,489,2741794676,2741794676
2025-06-19 14:07:30,REAL,2741794676,478,2741795154,2741795154
2025-06-19 14:07:32,REAL,2741795154,478,2741795632,2741795632
2025-06-19 14:07:34,REAL,2741795632,490,2741796122,2741796122
2025-06-19 14:07:36,REAL,2741796122,484,2741796606,2741796606
2025-06-19 14:07:38,REAL,2741796606,545,2741797151,2741797151
2025-06-19 14:07:40,REAL,2741797151,490,2741797641,2741797641
2025-06-19 14:07:42,REAL,2741797641,5313,2741802954,2741802954
2025-06-19 14:07:44,REAL,2741802954,11053,2741814007,2741814007
2025-06-19 14:07:46,REAL,2741814007,10313,2741824320,2741824320
2025-06-19 14:07:48,REAL,2741824320,10246,2741834566,2741834566
2025-06-19 14:07:50,REAL,2741834566,10260,2741844826,2741844826
2025-06-19 14:07:52,REAL,2741844826,10322,2741855148,2741855148
2025-06-19 14:07:54,REAL,2741855148,10772,2741865920,2741865920
2025-06-19 14:07:56,REAL,2741865920,9723,2741875643,2741875643
2025-06-19 14:07:58,REAL,2741875643,1013,2741876656,2741876656
2025-06-19 14:08:00,REAL,2741876656,489,2741877145,2741877145
2025-06-19 14:08:02,REAL,2741877145,488,2741877633,2741877633
2025-06-19 14:08:04,REAL,2741877633,494,2741878127,2741878127
2025-06-19 14:08:06,REAL,2741878127,538,2741878665,2741878665
2025-06-19 14:08:08,REAL,2741878665,488,2741879153,2741879153
2025-06-19 14:08:10,REAL,2741879153,487,2741879640,2741879640
2025-06-19 14:08:12,REAL,2741879640,479,2741880119,2741880119
2025-06-19 14:08:14,REAL,2741880119,493,2741880612,2741880612
2025-06-19 14:08:16,REAL,2741880612,482,2741881094,2741881094
2025-06-19 14:08:18,REAL,2741881094,491,2741881585,2741881585
2025-06-19 14:08:20,REAL,2741881585,12516,2741894101,2741894101
2025-06-19 14:08:22,REAL,2741894101,10250,2741904351,2741904351
2025-06-19 14:08:24,REAL,2741904351,10256,2741914607,2741914607
2025-06-19 14:08:26,REAL,2741914607,10320,2741924927,2741924927
2025-06-19 14:08:28,REAL,2741924927,10259,2741935186,2741935186
2025-06-19 14:08:30,REAL,2741935186,10316,2741945502,2741945502
2025-06-19 14:08:32,REAL,2741945502,10248,2741955750,2741955750
2025-06-19 14:08:34,REAL,2741955750,5238,2741960988,2741960988
2025-06-19 14:08:36,REAL,2741960988,543,2741961531,2741961531
2025-06-19 14:08:38,REAL,2741961531,483,2741962014,2741962014
2025-06-19 14:08:40,REAL,2741962014,484,2741962498,2741962498
2025-06-19 14:08:42,REAL,2741962498,488,2741962986,2741962986
2025-06-19 14:08:44,REAL,2741962986,480,2741963466,2741963466
2025-06-19 14:08:46,REAL,2741963466,482,2741963948,2741963948
2025-06-19 14:08:48,REAL,2741963948,487,2741964435,2741964435
2025-06-19 14:08:50,REAL,2741964435,1346,2741965781,2741965781
2025-06-19 14:08:52,REAL,2741965781,12030,2741977811,2741977811
2025-06-19 14:08:54,REAL,2741977811,10257,2741988068,2741988068
2025-06-19 14:08:56,REAL,2741988068,10313,2741998381,2741998381
2025-06-19 14:08:58,REAL,2741998381,10244,2742008625,2742008625
2025-06-19 14:09:00,REAL,2742008625,10261,2742018886,2742018886
2025-06-19 14:09:02,REAL,2742018886,10322,2742029208,2742029208
2025-06-19 14:09:04,REAL,2742029208,10312,2742039520,2742039520
2025-06-19 14:09:06,REAL,2742039520,4639,2742044159,2742044159
2025-06-19 14:09:08,REAL,2742044159,476,2742044635,2742044635
2025-06-19 14:09:10,REAL,2742044635,480,2742045115,2742045115
2025-06-19 14:09:12,REAL,2742045115,9337,2742054452,2742054452
2025-06-19 14:09:14,REAL,2742054452,10723,2742065175,2742065175
2025-06-19 14:09:16,REAL,2742065175,10255,2742075430,2742075430
2025-06-19 14:09:18,REAL,2742075430,10245,2742085675,2742085675
2025-06-19 14:09:20,REAL,2742085675,10254,2742095929,2742095929
2025-06-19 14:09:22,REAL,2742095929,10315,2742106244,2742106244
2025-06-19 14:09:24,REAL,2742106244,10250,2742116494,2742116494
2025-06-19 14:09:26,REAL,2742116494,9122,2742125616,2742125616
2025-06-19 14:09:28,REAL,2742125616,482,2742126098,2742126098
2025-06-19 14:09:30,REAL,2742126098,476,2742126574,2742126574
2025-06-19 14:09:32,REAL,2742126574,541,2742127115,2742127115
2025-06-19 14:09:34,REAL,2742127115,487,2742127602,2742127602
2025-06-19 14:09:36,REAL,2742127602,487,2742128089,2742128089
2025-06-19 14:09:38,REAL,2742128089,481,2742128570,2742128570
2025-06-19 14:09:40,REAL,2742128570,490,2742129060,2742129060
2025-06-19 14:09:42,REAL,2742129060,483,2742129543,2742129543
2025-06-19 14:09:44,REAL,2742129543,480,2742130023,2742130023
2025-06-19 14:09:46,REAL,2742130023,486,2742130509,2742130509
2025-06-19 14:09:48,REAL,2742130509,492,2742131001,2742131001
2025-06-19 14:09:50,REAL,2742131001,483,2742131484,2742131484
2025-06-19 14:09:52,REAL,2742131484,479,2742131963,2742131963
2025-06-19 14:09:54,REAL,2742131963,487,2742132450,2742132450
2025-06-19 14:09:56,REAL,2742132450,544,2742132994,2742132994
2025-06-19 14:09:58,REAL,2742132994,489,2742133483,2742133483
2025-06-19 14:10:00,REAL,2742133483,489,2742133972,2742133972
2025-06-19 14:10:02,REAL,2742133972,539,2742134511,2742134511
2025-06-19 14:10:04,REAL,2742134511,484,2742134995,2742134995
2025-06-19 14:10:06,REAL,2742134995,478,2742135473,2742135473
2025-06-19 14:10:08,REAL,2742135473,490,2742135963,2742135963
2025-06-19 14:10:10,REAL,2742135963,493,2742136456,2742136456
2025-06-19 14:10:12,REAL,2742136456,485,2742136941,2742136941
2025-06-19 14:10:14,REAL,2742136941,479,2742137420,2742137420
2025-06-19 14:10:16,REAL,2742137420,477,2742137897,2742137897
2025-06-19 14:10:18,REAL,2742137897,481,2742138378,2742138378
2025-06-19 14:10:20,REAL,2742138378,479,2742138857,2742138857
2025-06-19 14:10:22,REAL,2742138857,483,2742139340,2742139340
2025-06-19 14:10:24,REAL,2742139340,487,2742139827,2742139827
2025-06-19 14:10:26,REAL,2742139827,481,2742140308,2742140308
2025-06-19 14:10:28,REAL,2742140308,492,2742140800,2742140800
2025-06-19 14:10:30,REAL,2742140800,537,2742141337,2742141337
2025-06-19 14:10:32,REAL,2742141337,482,2742141819,2742141819
2025-06-19 14:10:34,REAL,2742141819,484,2742142303,2742142303
2025-06-19 14:10:36,REAL,2742142303,487,2742142790,2742142790
2025-06-19 14:10:38,REAL,2742142790,481,2742143271,2742143271
2025-06-19 14:10:40,REAL,2742143271,544,2742143815,2742143815
2025-06-19 14:10:42,REAL,2742143815,486,2742144301,2742144301
2025-06-19 14:10:44,REAL,2742144301,483,2742144784,2742144784
2025-06-19 14:10:46,REAL,2742144784,478,2742145262,2742145262
2025-06-19 14:10:48,REAL,2742145262,476,2742145738,2742145738
2025-06-19 14:10:50,REAL,2742145738,483,2742146221,2742146221
2025-06-19 14:10:52,REAL,2742146221,4051,2742150272,2742150272
2025-06-19 14:10:54,REAL,2742150272,11569,2742161841,2742161841
2025-06-19 14:10:56,REAL,2742161841,10251,2742172092,2742172092
2025-06-19 14:10:58,REAL,2742172092,10375,2742182467,2742182467
2025-06-19 14:11:00,REAL,2742182467,10256,2742192723,2742192723
2025-06-19 14:11:02,REAL,2742192723,10258,2742202981,2742202981
2025-06-19 14:11:04,REAL,2742202981,10314,2742213295,2742213295
2025-06-19 14:11:06,REAL,2742213295,10254,2742223549,2742223549
2025-06-19 14:11:08,REAL,2742223549,2394,2742225943,2742225943
2025-06-19 14:11:10,REAL,2742225943,485,2742226428,2742226428
2025-06-19 14:11:12,REAL,2742226428,485,2742226913,2742226913
2025-06-19 14:11:14,REAL,2742226913,487,2742227400,2742227400
2025-06-19 14:11:16,REAL,2742227400,487,2742227887,2742227887
2025-06-19 14:11:18,REAL,2742227887,478,2742228365,2742228365
2025-06-19 14:11:20,REAL,2742228365,478,2742228843,2742228843
2025-06-19 14:11:22,REAL,2742228843,487,2742229330,2742229330
2025-06-19 14:11:24,REAL,2742229330,475,2742229805,2742229805
2025-06-19 14:11:26,REAL,2742229805,480,2742230285,2742230285
2025-06-19 14:11:28,REAL,2742230285,545,2742230830,2742230830
2025-06-19 14:11:30,REAL,2742230830,486,2742231316,2742231316
2025-06-19 14:11:32,REAL,2742231316,486,2742231802,2742231802
2025-06-19 14:11:34,REAL,2742231802,482,2742232284,2742232284
2025-06-19 14:11:36,REAL,2742232284,532,2742232816,2742232816
2025-06-19 14:11:38,REAL,2742232816,475,2742233291,2742233291
2025-06-19 14:11:40,REAL,2742233291,484,2742233775,2742233775
2025-06-19 14:11:42,REAL,2742233775,475,2742234250,2742234250
2025-06-19 14:11:44,REAL,2742234250,492,2742234742,2742234742
2025-06-19 14:11:46,REAL,2742234742,480,2742235222,2742235222
2025-06-19 14:11:48,REAL,2742235222,491,2742235713,2742235713
2025-06-19 14:11:50,REAL,2742235713,480,2742236193,2742236193
2025-06-19 14:11:52,REAL,2742236193,491,2742236684,2742236684
2025-06-19 14:11:54,REAL,2742236684,486,2742237170,2742237170
2025-06-19 14:11:56,REAL,2742237170,532,2742237702,2742237702
2025-06-19 14:11:58,REAL,2742237702,486,2742238188,2742238188
2025-06-19 14:12:00,REAL,2742238188,485,2742238673,2742238673
2025-06-19 14:12:02,REAL,2742238673,487,2742239160,2742239160
2025-06-19 14:12:04,REAL,2742239160,484,2742239644,2742239644
2025-06-19 14:12:06,REAL,2742239644,488,2742240132,2742240132
2025-06-19 14:12:08,REAL,2742240132,493,2742240625,2742240625
2025-06-19 14:12:10,REAL,2742240625,484,2742241109,2742241109
2025-06-19 14:12:12,REAL,2742241109,484,2742241593,2742241593
2025-06-19 14:12:14,REAL,2742241593,492,2742242085,2742242085
2025-06-19 14:12:16,REAL,2742242085,487,2742242572,2742242572
2025-06-19 14:12:18,REAL,2742242572,491,2742243063,2742243063
2025-06-19 14:12:20,REAL,2742243063,539,2742243602,2742243602
2025-06-19 14:12:22,REAL,2742243602,487,2742244089,2742244089
2025-06-19 14:12:24,REAL,2742244089,536,2742244625,2742244625
2025-06-19 14:12:26,REAL,2742244625,485,2742245110,2742245110
2025-06-19 14:12:28,REAL,2742245110,484,2742245594,2742245594
2025-06-19 14:12:30,REAL,2742245594,484,2742246078,2742246078
2025-06-19 14:12:32,REAL,2742246078,13627,2742259705,2742259705
2025-06-19 14:12:34,REAL,2742259705,10512,2742270217,2742270217
2025-06-19 14:12:36,REAL,2742270217,10252,2742280469,2742280469
2025-06-19 14:12:38,REAL,2742280469,10313,2742290782,2742290782
2025-06-19 14:12:40,REAL,2742290782,10252,2742301034,2742301034
2025-06-19 14:12:42,REAL,2742301034,10318,2742311352,2742311352
2025-06-19 14:12:44,REAL,2742311352,10253,2742321605,2742321605
2025-06-19 14:12:46,REAL,2742321605,6223,2742327828,2742327828
2025-06-19 14:12:48,REAL,2742327828,493,2742328321,2742328321
2025-06-19 14:12:50,REAL,2742328321,484,2742328805,2742328805
2025-06-19 14:12:52,REAL,2742328805,483,2742329288,2742329288
2025-06-19 14:12:54,REAL,2742329288,482,2742329770,2742329770
2025-06-19 14:12:56,REAL,2742329770,482,2742330252,2742330252
2025-06-19 14:12:58,REAL,2742330252,486,2742330738,2742330738
2025-06-19 14:13:00,REAL,2742330738,486,2742331224,2742331224
2025-06-19 14:13:02,REAL,2742331224,488,2742331712,2742331712
2025-06-19 14:13:04,REAL,2742331712,488,2742332200,2742332200
2025-06-19 14:13:06,REAL,2742332200,546,2742332746,2742332746
2025-06-19 14:13:08,REAL,2742332746,488,2742333234,2742333234
2025-06-19 14:13:10,REAL,2742333234,482,2742333716,2742333716
2025-06-19 14:13:12,REAL,2742333716,489,2742334205,2742334205
2025-06-19 14:13:14,REAL,2742334205,541,2742334746,2742334746
2025-06-19 14:13:16,REAL,2742334746,489,2742335235,2742335235
2025-06-19 14:13:18,REAL,2742335235,479,2742335714,2742335714
2025-06-19 14:13:20,REAL,2742335714,489,2742336203,2742336203
2025-06-19 14:13:22,REAL,2742336203,479,2742336682,2742336682
2025-06-19 14:13:24,REAL,2742336682,7093,2742343775,2742343775
2025-06-19 14:13:26,REAL,2742343775,12702,2742356477,2742356477
2025-06-19 14:13:28,REAL,2742356477,10314,2742366791,2742366791
2025-06-19 14:13:30,REAL,2742366791,10243,2742377034,2742377034
2025-06-19 14:13:32,REAL,2742377034,10245,2742387279,2742387279
2025-06-19 14:13:34,REAL,2742387279,10259,2742397538,2742397538
2025-06-19 14:13:36,REAL,2742397538,10327,2742407865,2742407865
2025-06-19 14:13:38,REAL,2742407865,10116,2742417981,2742417981
2025-06-19 14:13:40,REAL,2742417981,489,2742418470,2742418470
2025-06-19 14:13:42,REAL,2742418470,489,2742418959,2742418959
2025-06-19 14:13:44,REAL,2742418959,487,2742419446,2742419446
2025-06-19 14:13:46,REAL,2742419446,493,2742419939,2742419939
2025-06-19 14:13:48,REAL,2742419939,539,2742420478,2742420478
2025-06-19 14:13:50,REAL,2742420478,482,2742420960,2742420960
2025-06-19 14:13:52,REAL,2742420960,486,2742421446,2742421446
2025-06-19 14:13:54,REAL,2742421446,482,2742421928,2742421928
2025-06-19 14:13:56,REAL,2742421928,6890,2742428818,2742428818
2025-06-19 14:13:58,REAL,2742428818,10852,2742439670,2742439670
2025-06-19 14:14:00,REAL,2742439670,10255,2742449925,2742449925
2025-06-19 14:14:02,REAL,2742449925,10318,2742460243,2742460243
2025-06-19 14:14:04,REAL,2742460243,10243,2742470486,2742470486
2025-06-19 14:14:06,REAL,2742470486,10245,2742480731,2742480731
2025-06-19 14:14:08,REAL,2742480731,10324,2742491055,2742491055
2025-06-19 14:14:10,REAL,2742491055,9456,2742500511,2742500511
2025-06-19 14:14:12,REAL,2742500511,481,2742500992,2742500992
2025-06-19 14:14:14,REAL,2742500992,481,2742501473,2742501473
2025-06-19 14:14:16,REAL,2742501473,484,2742501957,2742501957
2025-06-19 14:14:18,REAL,2742501957,479,2742502436,2742502436
2025-06-19 14:14:20,REAL,2742502436,485,2742502921,2742502921
2025-06-19 14:14:22,REAL,2742502921,483,2742503404,2742503404
2025-06-19 14:14:24,REAL,2742503404,486,2742503890,2742503890
2025-06-19 14:14:26,REAL,2742503890,486,2742504376,2742504376
2025-06-19 14:14:28,REAL,2742504376,489,2742504865,2742504865
2025-06-19 14:14:30,REAL,2742504865,476,2742505341,2742505341
2025-06-19 14:14:32,REAL,2742505341,534,2742505875,2742505875
2025-06-19 14:14:34,REAL,2742505875,482,2742506357,2742506357
2025-06-19 14:14:36,REAL,2742506357,488,2742506845,2742506845
2025-06-19 14:14:38,REAL,2742506845,488,2742507333,2742507333
2025-06-19 14:14:40,REAL,2742507333,545,2742507878,2742507878
2025-06-19 14:14:42,REAL,2742507878,479,2742508357,2742508357
2025-06-19 14:14:44,REAL,2742508357,487,2742508844,2742508844
2025-06-19 14:14:46,REAL,2742508844,482,2742509326,2742509326
2025-06-19 14:14:48,REAL,2742509326,492,2742509818,2742509818
2025-06-19 14:14:50,REAL,2742509818,488,2742510306,2742510306
2025-06-19 14:14:52,REAL,2742510306,476,2742510782,2742510782
2025-06-19 14:14:54,REAL,2742510782,490,2742511272,2742511272
2025-06-19 14:14:56,REAL,2742511272,475,2742511747,2742511747
2025-06-19 14:14:58,REAL,2742511747,484,2742512231,2742512231
2025-06-19 14:15:00,REAL,2742512231,478,2742512709,2742512709
2025-06-19 14:15:02,REAL,2742512709,479,2742513188,2742513188
2025-06-19 14:15:04,REAL,2742513188,480,2742513668,2742513668
2025-06-19 14:15:06,REAL,2742513668,479,2742514147,2742514147
2025-06-19 14:15:08,REAL,2742514147,544,2742514691,2742514691
2025-06-19 14:15:10,REAL,2742514691,484,2742515175,2742515175
2025-06-19 14:15:12,REAL,2742515175,484,2742515659,2742515659
2025-06-19 14:15:14,REAL,2742515659,542,2742516201,2742516201
2025-06-19 14:15:16,REAL,2742516201,479,2742516680,2742516680
2025-06-19 14:15:18,REAL,2742516680,483,2742517163,2742517163
2025-06-19 14:15:20,REAL,2742517163,482,2742517645,2742517645
2025-06-19 14:15:22,REAL,2742517645,474,2742518119,2742518119
2025-06-19 14:15:24,REAL,2742518119,482,2742518601,2742518601
2025-06-19 14:15:26,REAL,2742518601,483,2742519084,2742519084
2025-06-19 14:15:28,REAL,2742519084,483,2742519567,2742519567
2025-06-19 14:15:30,REAL,2742519567,489,2742520056,2742520056
2025-06-19 14:15:32,REAL,2742520056,479,2742520535,2742520535
2025-06-19 14:15:34,REAL,2742520535,486,2742521021,2742521021
2025-06-19 14:15:36,REAL,2742521021,534,2742521555,2742521555
2025-06-19 14:15:38,REAL,2742521555,484,2742522039,2742522039
2025-06-19 14:15:40,REAL,2742522039,490,2742522529,2742522529
2025-06-19 14:15:42,REAL,2742522529,493,2742523022,2742523022
2025-06-19 14:15:44,REAL,2742523022,478,2742523500,2742523500
2025-06-19 14:15:46,REAL,2742523500,484,2742523984,2742523984
2025-06-19 14:15:48,REAL,2742523984,491,2742524475,2742524475
2025-06-19 14:15:50,REAL,2742524475,482,2742524957,2742524957
2025-06-19 14:15:52,REAL,2742524957,479,2742525436,2742525436
2025-06-19 14:15:54,REAL,2742525436,485,2742525921,2742525921
2025-06-19 14:15:56,REAL,2742525921,489,2742526410,2742526410
2025-06-19 14:15:58,REAL,2742526410,540,2742526950,2742526950
2025-06-19 14:16:00,REAL,2742526950,489,2742527439,2742527439
2025-06-19 14:16:02,REAL,2742527439,540,2742527979,2742527979
2025-06-19 14:16:04,REAL,2742527979,480,2742528459,2742528459
2025-06-19 14:16:06,REAL,2742528459,483,2742528942,2742528942
2025-06-19 14:16:08,REAL,2742528942,479,2742529421,2742529421
2025-06-19 14:16:10,REAL,2742529421,485,2742529906,2742529906
2025-06-19 14:16:12,REAL,2742529906,483,2742530389,2742530389
2025-06-19 14:16:14,REAL,2742530389,486,2742530875,2742530875
2025-06-19 14:16:16,REAL,2742530875,487,2742531362,2742531362
2025-06-19 14:16:18,REAL,2742531362,483,2742531845,2742531845
2025-06-19 14:16:20,REAL,2742531845,492,2742532337,2742532337
2025-06-19 14:16:22,REAL,2742532337,488,2742532825,2742532825
2025-06-19 14:16:24,REAL,2742532825,487,2742533312,2742533312
2025-06-19 14:16:26,REAL,2742533312,489,2742533801,2742533801
2025-06-19 14:16:28,REAL,2742533801,489,2742534290,2742534290
2025-06-19 14:16:30,REAL,2742534290,482,2742534772,2742534772
2025-06-19 14:16:32,REAL,2742534772,541,2742535313,2742535313
2025-06-19 14:16:34,REAL,2742535313,484,2742535797,2742535797
2025-06-19 14:16:36,REAL,2742535797,485,2742536282,2742536282
2025-06-19 14:16:38,REAL,2742536282,486,2742536768,2742536768
2025-06-19 14:16:40,REAL,2742536768,550,2742537318,2742537318
2025-06-19 14:16:42,REAL,2742537318,474,2742537792,2742537792
2025-06-19 14:16:44,REAL,2742537792,485,2742538277,2742538277
2025-06-19 14:16:46,REAL,2742538277,492,2742538769,2742538769
2025-06-19 14:16:48,REAL,2742538769,480,2742539249,2742539249
2025-06-19 14:16:50,REAL,2742539249,481,2742539730,2742539730
2025-06-19 14:16:52,REAL,2742539730,488,2742540218,2742540218
2025-06-19 14:16:54,REAL,2742540218,479,2742540697,2742540697
2025-06-19 14:16:56,REAL,2742540697,490,2742541187,2742541187
2025-06-19 14:16:58,REAL,2742541187,485,2742541672,2742541672
2025-06-19 14:17:00,REAL,2742541672,539,2742542211,2742542211
2025-06-19 14:17:02,REAL,2742542211,487,2742542698,2742542698
2025-06-19 14:17:04,REAL,2742542698,486,2742543184,2742543184
2025-06-19 14:17:06,REAL,2742543184,483,2742543667,2742543667
2025-06-19 14:17:08,REAL,2742543667,487,2742544154,2742544154
2025-06-19 14:17:10,REAL,2742544154,485,2742544639,2742544639
2025-06-19 14:17:12,REAL,2742544639,485,2742545124,2742545124
2025-06-19 14:17:14,REAL,2742545124,489,2742545613,2742545613
2025-06-19 14:17:16,REAL,2742545613,486,2742546099,2742546099
2025-06-19 14:17:18,REAL,2742546099,488,2742546587,2742546587
2025-06-19 14:17:20,REAL,2742546587,480,2742547067,2742547067
2025-06-19 14:17:22,REAL,2742547067,484,2742547551,2742547551
2025-06-19 14:17:24,REAL,2742547551,538,2742548089,2742548089
2025-06-19 14:17:26,REAL,2742548089,540,2742548629,2742548629
2025-06-19 14:17:28,REAL,2742548629,488,2742549117,2742549117
2025-06-19 14:17:30,REAL,2742549117,491,2742549608,2742549608
2025-06-19 14:17:32,REAL,2742549608,481,2742550089,2742550089
2025-06-19 14:17:34,REAL,2742550089,477,2742550566,2742550566
2025-06-19 14:17:36,REAL,2742550566,489,2742551055,2742551055
2025-06-19 14:17:38,REAL,2742551055,484,2742551539,2742551539
2025-06-19 14:17:40,REAL,2742551539,483,2742552022,2742552022
2025-06-19 14:17:42,REAL,2742552022,483,2742552505,2742552505
2025-06-19 14:17:44,REAL,2742552505,484,2742552989,2742552989
2025-06-19 14:17:46,REAL,2742552989,477,2742553466,2742553466
2025-06-19 14:17:48,REAL,2742553466,479,2742553945,2742553945
2025-06-19 14:17:50,REAL,2742553945,487,2742554432,2742554432
2025-06-19 14:17:52,REAL,2742554432,482,2742554914,2742554914
2025-06-19 14:17:54,REAL,2742554914,482,2742555396,2742555396
2025-06-19 14:17:56,REAL,2742555396,538,2742555934,2742555934
2025-06-19 14:17:58,REAL,2742555934,488,2742556422,2742556422
2025-06-19 14:18:00,REAL,2742556422,481,2742556903,2742556903
2025-06-19 14:18:02,REAL,2742556903,477,2742557380,2742557380
2025-06-19 14:18:04,REAL,2742557380,6298,2742563678,2742563678
2025-06-19 14:18:06,REAL,2742563678,11117,2742574795,2742574795
2025-06-19 14:18:08,REAL,2742574795,10243,2742585038,2742585038
2025-06-19 14:18:10,REAL,2742585038,10255,2742595293,2742595293
2025-06-19 14:18:12,REAL,2742595293,10314,2742605607,2742605607
2025-06-19 14:18:14,REAL,2742605607,10322,2742615929,2742615929
2025-06-19 14:18:16,REAL,2742615929,10245,2742626174,2742626174
2025-06-19 14:18:18,REAL,2742626174,10052,2742636226,2742636226
2025-06-19 14:18:20,REAL,2742636226,486,2742636712,2742636712
2025-06-19 14:18:22,REAL,2742636712,480,2742637192,2742637192
2025-06-19 14:18:24,REAL,2742637192,479,2742637671,2742637671
2025-06-19 14:18:26,REAL,2742637671,493,2742638164,2742638164
2025-06-19 14:18:28,REAL,2742638164,490,2742638654,2742638654
2025-06-19 14:18:30,REAL,2742638654,538,2742639192,2742639192
2025-06-19 14:18:32,REAL,2742639192,480,2742639672,2742639672
2025-06-19 14:18:34,REAL,2742639672,483,2742640155,2742640155
2025-06-19 14:18:36,REAL,2742640155,7085,2742647240,2742647240
2025-06-19 14:18:38,REAL,2742647240,11105,2742658345,2742658345
2025-06-19 14:18:40,REAL,2742658345,10311,2742668656,2742668656
2025-06-19 14:18:42,REAL,2742668656,10244,2742678900,2742678900
2025-06-19 14:18:44,REAL,2742678900,10378,2742689278,2742689278
2025-06-19 14:18:46,REAL,2742689278,10255,2742699533,2742699533
2025-06-19 14:18:48,REAL,2742699533,10252,2742709785,2742709785
2025-06-19 14:18:50,REAL,2742709785,9525,2742719310,2742719310
2025-06-19 14:18:52,REAL,2742719310,489,2742719799,2742719799
2025-06-19 14:18:54,REAL,2742719799,481,2742720280,2742720280
2025-06-19 14:18:56,REAL,2742720280,475,2742720755,2742720755
2025-06-19 14:18:58,REAL,2742720755,478,2742721233,2742721233
2025-06-19 14:19:00,REAL,2742721233,491,2742721724,2742721724
2025-06-19 14:19:02,REAL,2742721724,538,2742722262,2742722262
2025-06-19 14:19:04,REAL,2742722262,476,2742722738,2742722738
2025-06-19 14:19:06,REAL,2742722738,481,2742723219,2742723219
2025-06-19 14:19:08,REAL,2742723219,7432,2742730651,2742730651
2025-06-19 14:19:10,REAL,2742730651,10922,2742741573,2742741573
2025-06-19 14:19:12,REAL,2742741573,10246,2742751819,2742751819
2025-06-19 14:19:14,REAL,2742751819,10259,2742762078,2742762078
2025-06-19 14:19:16,REAL,2742762078,10253,2742772331,2742772331
2025-06-19 14:19:18,REAL,2742772331,10253,2742782584,2742782584
2025-06-19 14:19:20,REAL,2742782584,10255,2742792839,2742792839
2025-06-19 14:19:22,REAL,2742792839,8916,2742801755,2742801755
2025-06-19 14:19:24,REAL,2742801755,488,2742802243,2742802243
2025-06-19 14:19:26,REAL,2742802243,483,2742802726,2742802726
2025-06-19 14:19:28,REAL,2742802726,2610,2742805336,2742805336
2025-06-19 14:19:30,REAL,2742805336,11575,2742816911,2742816911
2025-06-19 14:19:32,REAL,2742816911,10257,2742827168,2742827168
2025-06-19 14:19:34,REAL,2742827168,10317,2742837485,2742837485
2025-06-19 14:19:36,REAL,2742837485,10245,2742847730,2742847730
2025-06-19 14:19:38,REAL,2742847730,10254,2742857984,2742857984
2025-06-19 14:19:40,REAL,2742857984,10258,2742868242,2742868242
2025-06-19 14:19:42,REAL,2742868242,10324,2742878566,2742878566
2025-06-19 14:19:44,REAL,2742878566,3581,2742882147,2742882147
2025-06-19 14:19:46,REAL,2742882147,476,2742882623,2742882623
2025-06-19 14:19:48,REAL,2742882623,487,2742883110,2742883110
2025-06-19 14:19:50,REAL,2742883110,8804,2742891914,2742891914
2025-06-19 14:19:52,REAL,2742891914,10585,2742902499,2742902499
2025-06-19 14:19:54,REAL,2742902499,10258,2742912757,2742912757
2025-06-19 14:19:56,REAL,2742912757,10247,2742923004,2742923004
2025-06-19 14:19:58,REAL,2742923004,10373,2742933377,2742933377
2025-06-19 14:20:00,REAL,2742933377,10252,2742943629,2742943629
2025-06-19 14:20:02,REAL,2742943629,10319,2742953948,2742953948
2025-06-19 14:20:04,REAL,2742953948,8143,2742962091,2742962091
2025-06-19 14:20:06,REAL,2742962091,489,2742962580,2742962580
2025-06-19 14:20:08,REAL,2742962580,478,2742963058,2742963058
2025-06-19 14:20:10,REAL,2742963058,481,2742963539,2742963539
2025-06-19 14:20:12,REAL,2742963539,489,2742964028,2742964028
2025-06-19 14:20:14,REAL,2742964028,483,2742964511,2742964511
2025-06-19 14:20:16,REAL,2742964511,484,2742964995,2742964995
2025-06-19 14:20:18,REAL,2742964995,482,2742965477,2742965477
2025-06-19 14:20:20,REAL,2742965477,483,2742965960,2742965960
2025-06-19 14:20:22,REAL,2742965960,9539,2742975499,2742975499
2025-06-19 14:20:24,REAL,2742975499,10776,2742986275,2742986275
2025-06-19 14:20:26,REAL,2742986275,10260,2742996535,2742996535
2025-06-19 14:20:28,REAL,2742996535,10251,2743006786,2743006786
2025-06-19 14:20:30,REAL,2743006786,10324,2743017110,2743017110
2025-06-19 14:20:32,REAL,2743017110,10256,2743027366,2743027366
2025-06-19 14:20:34,REAL,2743027366,10309,2743037675,2743037675
2025-06-19 14:20:36,REAL,2743037675,7546,2743045221,2743045221
2025-06-19 14:20:38,REAL,2743045221,487,2743045708,2743045708
2025-06-19 14:20:40,REAL,2743045708,479,2743046187,2743046187
2025-06-19 14:20:42,REAL,2743046187,485,2743046672,2743046672
2025-06-19 14:20:44,REAL,2743046672,488,2743047160,2743047160
2025-06-19 14:20:46,REAL,2743047160,481,2743047641,2743047641
2025-06-19 14:20:48,REAL,2743047641,480,2743048121,2743048121
2025-06-19 14:20:50,REAL,2743048121,478,2743048599,2743048599
2025-06-19 14:20:52,REAL,2743048599,482,2743049081,2743049081
2025-06-19 14:20:54,REAL,2743049081,9796,2743058877,2743058877
2025-06-19 14:20:56,REAL,2743058877,10453,2743069330,2743069330
2025-06-19 14:20:58,REAL,2743069330,10250,2743079580,2743079580
2025-06-19 14:21:00,REAL,2743079580,10314,2743089894,2743089894
2025-06-19 14:21:02,REAL,2743089894,10256,2743100150,2743100150
2025-06-19 14:21:04,REAL,2743100150,10247,2743110397,2743110397
2025-06-19 14:21:06,REAL,2743110397,10256,2743120653,2743120653
2025-06-19 14:21:08,REAL,2743120653,6887,2743127540,2743127540
2025-06-19 14:21:10,REAL,2743127540,492,2743128032,2743128032
2025-06-19 14:21:12,REAL,2743128032,536,2743128568,2743128568
2025-06-19 14:21:14,REAL,2743128568,482,2743129050,2743129050
2025-06-19 14:21:16,REAL,2743129050,483,2743129533,2743129533
2025-06-19 14:21:18,REAL,2743129533,478,2743130011,2743130011
2025-06-19 14:21:20,REAL,2743130011,478,2743130489,2743130489
2025-06-19 14:21:22,REAL,2743130489,479,2743130968,2743130968
2025-06-19 14:21:24,REAL,2743130968,483,2743131451,2743131451
2025-06-19 14:21:26,REAL,2743131451,14023,2743145474,2743145474
2025-06-19 14:21:28,REAL,2743145474,10582,2743156056,2743156056
2025-06-19 14:21:30,REAL,2743156056,10250,2743166306,2743166306
2025-06-19 14:21:32,REAL,2743166306,10322,2743176628,2743176628
2025-06-19 14:21:34,REAL,2743176628,10256,2743186884,2743186884
2025-06-19 14:21:36,REAL,2743186884,10256,2743197140,2743197140
2025-06-19 14:21:38,REAL,2743197140,10310,2743207450,2743207450
2025-06-19 14:21:40,REAL,2743207450,6226,2743213676,2743213676
2025-06-19 14:21:42,REAL,2743213676,483,2743214159,2743214159
2025-06-19 14:21:44,REAL,2743214159,492,2743214651,2743214651
2025-06-19 14:21:46,REAL,2743214651,484,2743215135,2743215135
2025-06-19 14:21:48,REAL,2743215135,547,2743215682,2743215682
2025-06-19 14:21:50,REAL,2743215682,477,2743216159,2743216159
2025-06-19 14:21:52,REAL,2743216159,483,2743216642,2743216642
2025-06-19 14:21:54,REAL,2743216642,490,2743217132,2743217132
2025-06-19 14:21:56,REAL,2743217132,476,2743217608,2743217608
2025-06-19 14:21:58,REAL,2743217608,480,2743218088,2743218088
2025-06-19 14:22:00,REAL,2743218088,485,2743218573,2743218573
2025-06-19 14:22:02,REAL,2743218573,483,2743219056,2743219056
2025-06-19 14:22:04,REAL,2743219056,535,2743219591,2743219591
2025-06-19 14:22:06,REAL,2743219591,488,2743220079,2743220079
2025-06-19 14:22:08,REAL,2743220079,483,2743220562,2743220562
2025-06-19 14:22:10,REAL,2743220562,489,2743221051,2743221051
2025-06-19 14:22:12,REAL,2743221051,489,2743221540,2743221540
2025-06-19 14:22:14,REAL,2743221540,483,2743222023,2743222023
2025-06-19 14:22:16,REAL,2743222023,494,2743222517,2743222517
2025-06-19 14:22:18,REAL,2743222517,476,2743222993,2743222993
2025-06-19 14:22:20,REAL,2743222993,482,2743223475,2743223475
2025-06-19 14:22:22,REAL,2743223475,488,2743223963,2743223963
2025-06-19 14:22:24,REAL,2743223963,485,2743224448,2743224448
2025-06-19 14:22:26,REAL,2743224448,538,2743224986,2743224986
2025-06-19 14:22:28,REAL,2743224986,478,2743225464,2743225464
2025-06-19 14:22:30,REAL,2743225464,244,2743225708,2743225708
2025-06-19 14:22:32,REAL,2743225708,479,2743226187,2743226187
2025-06-19 14:22:34,REAL,2743226187,482,2743226669,2743226669
2025-06-19 14:22:36,REAL,2743226669,487,2743227156,2743227156
2025-06-19 14:22:38,REAL,2743227156,485,2743227641,2743227641
2025-06-19 14:22:40,REAL,2743227641,480,2743228121,2743228121
2025-06-19 14:22:42,REAL,2743228121,535,2743228656,2743228656
2025-06-19 14:22:44,REAL,2743228656,482,2743229138,2743229138
2025-06-19 14:22:46,REAL,2743229138,489,2743229627,2743229627
2025-06-19 14:22:48,REAL,2743229627,486,2743230113,2743230113
2025-06-19 14:22:50,REAL,2743230113,482,2743230595,2743230595
2025-06-19 14:22:52,REAL,2743230595,489,2743231084,2743231084
2025-06-19 14:22:54,REAL,2743231084,6428,2743237512,2743237512
2025-06-19 14:22:56,REAL,2743237512,10910,2743248422,2743248422
2025-06-19 14:22:58,REAL,2743248422,10255,2743258677,2743258677
2025-06-19 14:23:00,REAL,2743258677,10255,2743268932,2743268932
2025-06-19 14:23:02,REAL,2743268932,10246,2743279178,2743279178
2025-06-19 14:23:04,REAL,2743279178,10370,2743289548,2743289548
2025-06-19 14:23:06,REAL,2743289548,10245,2743299793,2743299793
2025-06-19 14:23:08,REAL,2743299793,10060,2743309853,2743309853
2025-06-19 14:23:10,REAL,2743309853,486,2743310339,2743310339
2025-06-19 14:23:12,REAL,2743310339,481,2743310820,2743310820
2025-06-19 14:23:14,REAL,2743310820,629,2743311449,2743311449
2025-06-19 14:23:16,REAL,2743311449,15861,2743327310,2743327310
2025-06-19 14:23:18,REAL,2743327310,10247,2743337557,2743337557
2025-06-19 14:23:20,REAL,2743337557,10254,2743347811,2743347811
2025-06-19 14:23:22,REAL,2743347811,10254,2743358065,2743358065
2025-06-19 14:23:24,REAL,2743358065,10244,2743368309,2743368309
2025-06-19 14:23:26,REAL,2743368309,10248,2743378557,2743378557
2025-06-19 14:23:28,REAL,2743378557,10252,2743388809,2743388809
2025-06-19 14:23:30,REAL,2743388809,4978,2743393787,2743393787
2025-06-19 14:23:32,REAL,2743393787,479,2743394266,2743394266
2025-06-19 14:23:34,REAL,2743394266,483,2743394749,2743394749
2025-06-19 14:23:36,REAL,2743394749,490,2743395239,2743395239
2025-06-19 14:23:38,REAL,2743395239,477,2743395716,2743395716
2025-06-19 14:23:40,REAL,2743395716,493,2743396209,2743396209
2025-06-19 14:23:42,REAL,2743396209,539,2743396748,2743396748
2025-06-19 14:23:44,REAL,2743396748,489,2743397237,2743397237
2025-06-19 14:23:46,REAL,2743397237,481,2743397718,2743397718
2025-06-19 14:23:48,REAL,2743397718,481,2743398199,2743398199
2025-06-19 14:23:50,REAL,2743398199,483,2743398682,2743398682
2025-06-19 14:23:52,REAL,2743398682,476,2743399158,2743399158
2025-06-19 14:23:54,REAL,2743399158,536,2743399694,2743399694
2025-06-19 14:23:56,REAL,2743399694,490,2743400184,2743400184
2025-06-19 14:23:58,REAL,2743400184,477,2743400661,2743400661
2025-06-19 14:24:00,REAL,2743400661,490,2743401151,2743401151
2025-06-19 14:24:02,REAL,2743401151,477,2743401628,2743401628
2025-06-19 14:24:04,REAL,2743401628,487,2743402115,2743402115
2025-06-19 14:24:06,REAL,2743402115,485,2743402600,2743402600
2025-06-19 14:24:08,REAL,2743402600,487,2743403087,2743403087
2025-06-19 14:24:10,REAL,2743403087,489,2743403576,2743403576
2025-06-19 14:24:12,REAL,2743403576,482,2743404058,2743404058
2025-06-19 14:24:14,REAL,2743404058,482,2743404540,2743404540
2025-06-19 14:24:16,REAL,2743404540,476,2743405016,2743405016
2025-06-19 14:24:18,REAL,2743405016,488,2743405504,2743405504
2025-06-19 14:24:20,REAL,2743405504,480,2743405984,2743405984
2025-06-19 14:24:22,REAL,2743405984,537,2743406521,2743406521
2025-06-19 14:24:24,REAL,2743406521,484,2743407005,2743407005
2025-06-19 14:24:26,REAL,2743407005,492,2743407497,2743407497
2025-06-19 14:24:28,REAL,2743407497,486,2743407983,2743407983
2025-06-19 14:24:30,REAL,2743407983,478,2743408461,2743408461
2025-06-19 14:24:32,REAL,2743408461,544,2743409005,2743409005
2025-06-19 14:24:34,REAL,2743409005,488,2743409493,2743409493
2025-06-19 14:24:36,REAL,2743409493,486,2743409979,2743409979
2025-06-19 14:24:38,REAL,2743409979,488,2743410467,2743410467
2025-06-19 14:24:40,REAL,2743410467,483,2743410950,2743410950
2025-06-19 14:24:42,REAL,2743410950,477,2743411427,2743411427
2025-06-19 14:24:44,REAL,2743411427,483,2743411910,2743411910
2025-06-19 14:24:46,REAL,2743411910,483,2743412393,2743412393
2025-06-19 14:24:48,REAL,2743412393,488,2743412881,2743412881
2025-06-19 14:24:50,REAL,2743412881,487,2743413368,2743413368
2025-06-19 14:24:52,REAL,2743413368,480,2743413848,2743413848
2025-06-19 14:24:54,REAL,2743413848,489,2743414337,2743414337
2025-06-19 14:24:56,REAL,2743414337,483,2743414820,2743414820
2025-06-19 14:24:58,REAL,2743414820,485,2743415305,2743415305
2025-06-19 14:25:00,REAL,2743415305,543,2743415848,2743415848
2025-06-19 14:25:02,REAL,2743415848,491,2743416339,2743416339
2025-06-19 14:25:04,REAL,2743416339,485,2743416824,2743416824
2025-06-19 14:25:06,REAL,2743416824,490,2743417314,2743417314
2025-06-19 14:25:08,REAL,2743417314,484,2743417798,2743417798
2025-06-19 14:25:10,REAL,2743417798,479,2743418277,2743418277
2025-06-19 14:25:12,REAL,2743418277,485,2743418762,2743418762
2025-06-19 14:25:14,REAL,2743418762,492,2743419254,2743419254
2025-06-19 14:25:16,REAL,2743419254,479,2743419733,2743419733
2025-06-19 14:25:18,REAL,2743419733,542,2743420275,2743420275
2025-06-19 14:25:20,REAL,2743420275,485,2743420760,2743420760
2025-06-19 14:25:22,REAL,2743420760,486,2743421246,2743421246
2025-06-19 14:25:24,REAL,2743421246,481,2743421727,2743421727
2025-06-19 14:25:26,REAL,2743421727,481,2743422208,2743422208
2025-06-19 14:25:28,REAL,2743422208,489,2743422697,2743422697
2025-06-19 14:25:30,REAL,2743422697,480,2743423177,2743423177
2025-06-19 14:25:32,REAL,2743423177,483,2743423660,2743423660
2025-06-19 14:25:34,REAL,2743423660,721,2743424381,2743424381
2025-06-19 14:25:36,REAL,2743424381,245,2743424626,2743424626
2025-06-19 14:25:38,REAL,2743424626,486,2743425112,2743425112
2025-06-19 14:25:40,REAL,2743425112,531,2743425643,2743425643
2025-06-19 14:25:42,REAL,2743425643,483,2743426126,2743426126
2025-06-19 14:25:44,REAL,2743426126,479,2743426605,2743426605
2025-06-19 14:25:46,REAL,2743426605,490,2743427095,2743427095
2025-06-19 14:25:48,REAL,2743427095,476,2743427571,2743427571
2025-06-19 14:25:50,REAL,2743427571,483,2743428054,2743428054
2025-06-19 14:25:52,REAL,2743428054,486,2743428540,2743428540
2025-06-19 14:25:54,REAL,2743428540,481,2743429021,2743429021
2025-06-19 14:25:56,REAL,2743429021,487,2743429508,2743429508
2025-06-19 14:25:58,REAL,2743429508,491,2743429999,2743429999
2025-06-19 14:26:00,REAL,2743429999,476,2743430475,2743430475
2025-06-19 14:26:02,REAL,2743430475,548,2743431023,2743431023
2025-06-19 14:26:04,REAL,2743431023,482,2743431505,2743431505
2025-06-19 14:26:06,REAL,2743431505,480,2743431985,2743431985
2025-06-19 14:26:08,REAL,2743431985,479,2743432464,2743432464
2025-06-19 14:26:10,REAL,2743432464,474,2743432938,2743432938
2025-06-19 14:26:12,REAL,2743432938,482,2743433420,2743433420
2025-06-19 14:26:14,REAL,2743433420,484,2743433904,2743433904
2025-06-19 14:26:16,REAL,2743433904,484,2743434388,2743434388
2025-06-19 14:26:18,REAL,2743434388,541,2743434929,2743434929
2025-06-19 14:26:20,REAL,2743434929,487,2743435416,2743435416
2025-06-19 14:26:22,REAL,2743435416,490,2743435906,2743435906
2025-06-19 14:26:24,REAL,2743435906,491,2743436397,2743436397
2025-06-19 14:26:26,REAL,2743436397,490,2743436887,2743436887
2025-06-19 14:26:28,REAL,2743436887,484,2743437371,2743437371
2025-06-19 14:26:30,REAL,2743437371,485,2743437856,2743437856
2025-06-19 14:26:32,REAL,2743437856,477,2743438333,2743438333
2025-06-19 14:26:34,REAL,2743438333,483,2743438816,2743438816
2025-06-19 14:26:36,REAL,2743438816,10790,2743449606,2743449606
2025-06-19 14:26:38,REAL,2743449606,10446,2743460052,2743460052
2025-06-19 14:26:40,REAL,2743460052,10318,2743470370,2743470370
2025-06-19 14:26:42,REAL,2743470370,10250,2743480620,2743480620
2025-06-19 14:26:44,REAL,2743480620,10258,2743490878,2743490878
2025-06-19 14:26:46,REAL,2743490878,10258,2743501136,2743501136
2025-06-19 14:26:48,REAL,2743501136,10318,2743511454,2743511454
2025-06-19 14:26:50,REAL,2743511454,6352,2743517806,2743517806
2025-06-19 14:26:52,REAL,2743517806,485,2743518291,2743518291
2025-06-19 14:26:54,REAL,2743518291,475,2743518766,2743518766
2025-06-19 14:26:56,REAL,2743518766,478,2743519244,2743519244
2025-06-19 14:26:58,REAL,2743519244,547,2743519791,2743519791
2025-06-19 14:27:00,REAL,2743519791,477,2743520268,2743520268
2025-06-19 14:27:02,REAL,2743520268,491,2743520759,2743520759
2025-06-19 14:27:04,REAL,2743520759,481,2743521240,2743521240
2025-06-19 14:27:06,REAL,2743521240,485,2743521725,2743521725
2025-06-19 14:27:08,REAL,2743521725,477,2743522202,2743522202
2025-06-19 14:27:10,REAL,2743522202,481,2743522683,2743522683
2025-06-19 14:27:12,REAL,2743522683,486,2743523169,2743523169
2025-06-19 14:27:14,REAL,2743523169,483,2743523652,2743523652
2025-06-19 14:27:16,REAL,2743523652,483,2743524135,2743524135
2025-06-19 14:27:18,REAL,2743524135,489,2743524624,2743524624
2025-06-19 14:27:20,REAL,2743524624,543,2743525167,2743525167
2025-06-19 14:27:22,REAL,2743525167,478,2743525645,2743525645
2025-06-19 14:27:24,REAL,2743525645,485,2743526130,2743526130
2025-06-19 14:27:26,REAL,2743526130,487,2743526617,2743526617
2025-06-19 14:27:28,REAL,2743526617,480,2743527097,2743527097
2025-06-19 14:27:30,REAL,2743527097,483,2743527580,2743527580
2025-06-19 14:27:32,REAL,2743527580,485,2743528065,2743528065
2025-06-19 14:27:34,REAL,2743528065,482,2743528547,2743528547
2025-06-19 14:27:36,REAL,2743528547,544,2743529091,2743529091
2025-06-19 14:27:38,REAL,2743529091,476,2743529567,2743529567
2025-06-19 14:27:40,REAL,2743529567,488,2743530055,2743530055
2025-06-19 14:27:42,REAL,2743530055,483,2743530538,2743530538
2025-06-19 14:27:44,REAL,2743530538,477,2743531015,2743531015
2025-06-19 14:27:46,REAL,2743531015,475,2743531490,2743531490
2025-06-19 14:27:48,REAL,2743531490,487,2743531977,2743531977
2025-06-19 14:27:50,REAL,2743531977,485,2743532462,2743532462
2025-06-19 14:27:52,REAL,2743532462,480,2743532942,2743532942
2025-06-19 14:27:54,REAL,2743532942,482,2743533424,2743533424
2025-06-19 14:27:56,REAL,2743533424,486,2743533910,2743533910
2025-06-19 14:27:58,REAL,2743533910,484,2743534394,2743534394
2025-06-19 14:28:00,REAL,2743534394,485,2743534879,2743534879
2025-06-19 14:28:02,REAL,2743534879,482,2743535361,2743535361
2025-06-19 14:28:04,REAL,2743535361,493,2743535854,2743535854
2025-06-19 14:28:06,REAL,2743535854,545,2743536399,2743536399
2025-06-19 14:28:08,REAL,2743536399,479,2743536878,2743536878
2025-06-19 14:28:10,REAL,2743536878,482,2743537360,2743537360
2025-06-19 14:28:12,REAL,2743537360,486,2743537846,2743537846
2025-06-19 14:28:14,REAL,2743537846,478,2743538324,2743538324
2025-06-19 14:28:16,REAL,2743538324,547,2743538871,2743538871
2025-06-19 14:28:18,REAL,2743538871,482,2743539353,2743539353
2025-06-19 14:28:20,REAL,2743539353,477,2743539830,2743539830
2025-06-19 14:28:22,REAL,2743539830,491,2743540321,2743540321
2025-06-19 14:28:24,REAL,2743540321,488,2743540809,2743540809
2025-06-19 14:28:26,REAL,2743540809,485,2743541294,2743541294
2025-06-19 14:28:28,REAL,2743541294,484,2743541778,2743541778
2025-06-19 14:28:30,REAL,2743541778,494,2743542272,2743542272
2025-06-19 14:28:32,REAL,2743542272,481,2743542753,2743542753
2025-06-19 14:28:34,REAL,2743542753,479,2743543232,2743543232
2025-06-19 14:28:36,REAL,2743543232,482,2743543714,2743543714
2025-06-19 14:28:38,REAL,2743543714,482,2743544196,2743544196
2025-06-19 14:28:40,REAL,2743544196,483,2743544679,2743544679
2025-06-19 14:28:42,REAL,2743544679,8232,2743552911,2743552911
2025-06-19 14:28:44,REAL,2743552911,11234,2743564145,2743564145
2025-06-19 14:28:46,REAL,2743564145,10254,2743574399,2743574399
2025-06-19 14:28:48,REAL,2743574399,10251,2743584650,2743584650
2025-06-19 14:28:50,REAL,2743584650,10254,2743594904,2743594904
2025-06-19 14:28:52,REAL,2743594904,10249,2743605153,2743605153
2025-06-19 14:28:54,REAL,2743605153,10251,2743615404,2743615404
2025-06-19 14:28:56,REAL,2743615404,8937,2743624341,2743624341
2025-06-19 14:28:58,REAL,2743624341,489,2743624830,2743624830
2025-06-19 14:29:00,REAL,2743624830,478,2743625308,2743625308
2025-06-19 14:29:02,REAL,2743625308,487,2743625795,2743625795
2025-06-19 14:29:04,REAL,2743625795,483,2743626278,2743626278
2025-06-19 14:29:06,REAL,2743626278,480,2743626758,2743626758
2025-06-19 14:29:08,REAL,2743626758,489,2743627247,2743627247
2025-06-19 14:29:10,REAL,2743627247,485,2743627732,2743627732
2025-06-19 14:29:12,REAL,2743627732,540,2743628272,2743628272
2025-06-19 14:29:14,REAL,2743628272,478,2743628750,2743628750
2025-06-19 14:29:16,REAL,2743628750,482,2743629232,2743629232
2025-06-19 14:29:18,REAL,2743629232,476,2743629708,2743629708
2025-06-19 14:29:20,REAL,2743629708,488,2743630196,2743630196
2025-06-19 14:29:22,REAL,2743630196,487,2743630683,2743630683
2025-06-19 14:29:24,REAL,2743630683,483,2743631166,2743631166
2025-06-19 14:29:26,REAL,2743631166,486,2743631652,2743631652
2025-06-19 14:29:28,REAL,2743631652,538,2743632190,2743632190
2025-06-19 14:29:30,REAL,2743632190,488,2743632678,2743632678
2025-06-19 14:29:32,REAL,2743632678,486,2743633164,2743633164
2025-06-19 14:29:34,REAL,2743633164,483,2743633647,2743633647
2025-06-19 14:29:36,REAL,2743633647,481,2743634128,2743634128
2025-06-19 14:29:38,REAL,2743634128,477,2743634605,2743634605
2025-06-19 14:29:40,REAL,2743634605,541,2743635146,2743635146
2025-06-19 14:29:42,REAL,2743635146,485,2743635631,2743635631
2025-06-19 14:29:44,REAL,2743635631,488,2743636119,2743636119
2025-06-19 14:29:46,REAL,2743636119,482,2743636601,2743636601
2025-06-19 14:29:48,REAL,2743636601,486,2743637087,2743637087
2025-06-19 14:29:50,REAL,2743637087,10196,2743647283,2743647283
2025-06-19 14:29:52,REAL,2743647283,11766,2743659049,2743659049
2025-06-19 14:29:54,REAL,2743659049,10256,2743669305,2743669305
2025-06-19 14:29:56,REAL,2743669305,10313,2743679618,2743679618
2025-06-19 14:29:58,REAL,2743679618,10243,2743689861,2743689861
2025-06-19 14:30:00,REAL,2743689861,10253,2743700114,2743700114
2025-06-19 14:30:02,REAL,2743700114,10317,2743710431,2743710431
2025-06-19 14:30:04,REAL,2743710431,8143,2743718574,2743718574
2025-06-19 14:30:06,REAL,2743718574,479,2743719053,2743719053
2025-06-19 14:30:08,REAL,2743719053,540,2743719593,2743719593
2025-06-19 14:30:10,REAL,2743719593,491,2743720084,2743720084
2025-06-19 14:30:12,REAL,2743720084,479,2743720563,2743720563
2025-06-19 14:30:14,REAL,2743720563,482,2743721045,2743721045
2025-06-19 14:30:16,REAL,2743721045,544,2743721589,2743721589
2025-06-19 14:30:18,REAL,2743721589,476,2743722065,2743722065
2025-06-19 14:30:20,REAL,2743722065,485,2743722550,2743722550
2025-06-19 14:30:22,REAL,2743722550,481,2743723031,2743723031
2025-06-19 14:30:24,REAL,2743723031,486,2743723517,2743723517
2025-06-19 14:30:26,REAL,2743723517,486,2743724003,2743724003
2025-06-19 14:30:28,REAL,2743724003,482,2743724485,2743724485
2025-06-19 14:30:30,REAL,2743724485,486,2743724971,2743724971
2025-06-19 14:30:32,REAL,2743724971,476,2743725447,2743725447
2025-06-19 14:30:34,REAL,2743725447,483,2743725930,2743725930
2025-06-19 14:30:36,REAL,2743725930,546,2743726476,2743726476
2025-06-19 14:30:38,REAL,2743726476,485,2743726961,2743726961
2025-06-19 14:30:40,REAL,2743726961,485,2743727446,2743727446
2025-06-19 14:30:42,REAL,2743727446,540,2743727986,2743727986
2025-06-19 14:30:44,REAL,2743727986,488,2743728474,2743728474
2025-06-19 14:30:46,REAL,2743728474,480,2743728954,2743728954
2025-06-19 14:30:48,REAL,2743728954,487,2743729441,2743729441
2025-06-19 14:30:50,REAL,2743729441,480,2743729921,2743729921
2025-06-19 14:30:52,REAL,2743729921,484,2743730405,2743730405
2025-06-19 14:30:54,REAL,2743730405,489,2743730894,2743730894
2025-06-19 14:30:56,REAL,2743730894,484,2743731378,2743731378
2025-06-19 14:30:58,REAL,2743731378,474,2743731852,2743731852
2025-06-19 14:31:00,REAL,2743731852,486,2743732338,2743732338
2025-06-19 14:31:02,REAL,2743732338,483,2743732821,2743732821
2025-06-19 14:31:04,REAL,2743732821,548,2743733369,2743733369
2025-06-19 14:31:06,REAL,2743733369,488,2743733857,2743733857
2025-06-19 14:31:08,REAL,2743733857,538,2743734395,2743734395
2025-06-19 14:31:10,REAL,2743734395,483,2743734878,2743734878
2025-06-19 14:31:12,REAL,2743734878,483,2743735361,2743735361
2025-06-19 14:31:14,REAL,2743735361,487,2743735848,2743735848
2025-06-19 14:31:16,REAL,2743735848,483,2743736331,2743736331
2025-06-19 14:31:18,REAL,2743736331,486,2743736817,2743736817
2025-06-19 14:31:20,REAL,2743736817,486,2743737303,2743737303
2025-06-19 14:31:22,REAL,2743737303,474,2743737777,2743737777
2025-06-19 14:31:24,REAL,2743737777,485,2743738262,2743738262
2025-06-19 14:31:26,REAL,2743738262,10787,2743749049,2743749049
2025-06-19 14:31:28,REAL,2743749049,10384,2743759433,2743759433
2025-06-19 14:31:30,REAL,2743759433,10320,2743769753,2743769753
2025-06-19 14:31:32,REAL,2743769753,10254,2743780007,2743780007
2025-06-19 14:31:34,REAL,2743780007,10308,2743790315,2743790315
2025-06-19 14:31:36,REAL,2743790315,10321,2743800636,2743800636
2025-06-19 14:31:38,REAL,2743800636,10248,2743810884,2743810884
2025-06-19 14:31:40,REAL,2743810884,6234,2743817118,2743817118
2025-06-19 14:31:42,REAL,2743817118,487,2743817605,2743817605
2025-06-19 14:31:44,REAL,2743817605,479,2743818084,2743818084
2025-06-19 14:31:46,REAL,2743818084,483,2743818567,2743818567
2025-06-19 14:31:48,REAL,2743818567,491,2743819058,2743819058
2025-06-19 14:31:50,REAL,2743819058,540,2743819598,2743819598
2025-06-19 14:31:52,REAL,2743819598,489,2743820087,2743820087
2025-06-19 14:31:54,REAL,2743820087,485,2743820572,2743820572
2025-06-19 14:31:56,REAL,2743820572,477,2743821049,2743821049
2025-06-19 14:31:58,REAL,2743821049,484,2743821533,2743821533
2025-06-19 14:32:00,REAL,2743821533,486,2743822019,2743822019
2025-06-19 14:32:02,REAL,2743822019,532,2743822551,2743822551
2025-06-19 14:32:04,REAL,2743822551,488,2743823039,2743823039
2025-06-19 14:32:06,REAL,2743823039,491,2743823530,2743823530
2025-06-19 14:32:08,REAL,2743823530,481,2743824011,2743824011
2025-06-19 14:32:10,REAL,2743824011,477,2743824488,2743824488
2025-06-19 14:32:12,REAL,2743824488,491,2743824979,2743824979
2025-06-19 14:32:14,REAL,2743824979,477,2743825456,2743825456
2025-06-19 14:32:16,REAL,2743825456,485,2743825941,2743825941
2025-06-19 14:32:18,REAL,2743825941,538,2743826479,2743826479
2025-06-19 14:32:20,REAL,2743826479,485,2743826964,2743826964
2025-06-19 14:32:22,REAL,2743826964,485,2743827449,2743827449
2025-06-19 14:32:24,REAL,2743827449,491,2743827940,2743827940
2025-06-19 14:32:26,REAL,2743827940,480,2743828420,2743828420
2025-06-19 14:32:28,REAL,2743828420,481,2743828901,2743828901
2025-06-19 14:32:30,REAL,2743828901,540,2743829441,2743829441
2025-06-19 14:32:32,REAL,2743829441,487,2743829928,2743829928
2025-06-19 14:32:34,REAL,2743829928,485,2743830413,2743830413
2025-06-19 14:32:36,REAL,2743830413,490,2743830903,2743830903
2025-06-19 14:32:38,REAL,2743830903,483,2743831386,2743831386
2025-06-19 14:32:40,REAL,2743831386,488,2743831874,2743831874
2025-06-19 14:32:42,REAL,2743831874,486,2743832360,2743832360
2025-06-19 14:32:44,REAL,2743832360,534,2743832894,2743832894
2025-06-19 14:32:46,REAL,2743832894,485,2743833379,2743833379
2025-06-19 14:32:48,REAL,2743833379,482,2743833861,2743833861
2025-06-19 14:32:50,REAL,2743833861,486,2743834347,2743834347
2025-06-19 14:32:52,REAL,2743834347,489,2743834836,2743834836
2025-06-19 14:32:54,REAL,2743834836,486,2743835322,2743835322
2025-06-19 14:32:56,REAL,2743835322,485,2743835807,2743835807
2025-06-19 14:32:58,REAL,2743835807,479,2743836286,2743836286
2025-06-19 14:33:00,REAL,2743836286,490,2743836776,2743836776
2025-06-19 14:33:02,REAL,2743836776,494,2743837270,2743837270
2025-06-19 14:33:04,REAL,2743837270,478,2743837748,2743837748
2025-06-19 14:33:06,REAL,2743837748,7090,2743844838,2743844838
2025-06-19 14:33:08,REAL,2743844838,11110,2743855948,2743855948
2025-06-19 14:33:10,REAL,2743855948,10252,2743866200,2743866200
2025-06-19 14:33:12,REAL,2743866200,10320,2743876520,2743876520
2025-06-19 14:33:14,REAL,2743876520,10247,2743886767,2743886767
2025-06-19 14:33:16,REAL,2743886767,10257,2743897024,2743897024
2025-06-19 14:33:18,REAL,2743897024,10257,2743907281,2743907281
2025-06-19 14:33:20,REAL,2743907281,9257,2743916538,2743916538
2025-06-19 14:33:22,REAL,2743916538,485,2743917023,2743917023
2025-06-19 14:33:24,REAL,2743917023,485,2743917508,2743917508
2025-06-19 14:33:26,REAL,2743917508,481,2743917989,2743917989
2025-06-19 14:33:28,REAL,2743917989,478,2743918467,2743918467
2025-06-19 14:33:30,REAL,2743918467,484,2743918951,2743918951
2025-06-19 14:33:32,REAL,2743918951,542,2743919493,2743919493
2025-06-19 14:33:34,REAL,2743919493,483,2743919976,2743919976
2025-06-19 14:33:36,REAL,2743919976,479,2743920455,2743920455
2025-06-19 14:33:38,REAL,2743920455,482,2743920937,2743920937
2025-06-19 14:33:40,REAL,2743920937,543,2743921480,2743921480
2025-06-19 14:33:42,REAL,2743921480,483,2743921963,2743921963
2025-06-19 14:33:44,REAL,2743921963,486,2743922449,2743922449
2025-06-19 14:33:46,REAL,2743922449,487,2743922936,2743922936
2025-06-19 14:33:48,REAL,2743922936,488,2743923424,2743923424
2025-06-19 14:33:50,REAL,2743923424,488,2743923912,2743923912
2025-06-19 14:33:52,REAL,2743923912,478,2743924390,2743924390
2025-06-19 14:33:54,REAL,2743924390,490,2743924880,2743924880
2025-06-19 14:33:56,REAL,2743924880,490,2743925370,2743925370
2025-06-19 14:33:58,REAL,2743925370,536,2743925906,2743925906
2025-06-19 14:34:00,REAL,2743925906,476,2743926382,2743926382
2025-06-19 14:34:02,REAL,2743926382,483,2743926865,2743926865
2025-06-19 14:34:04,REAL,2743926865,482,2743927347,2743927347
2025-06-19 14:34:06,REAL,2743927347,485,2743927832,2743927832
2025-06-19 14:34:08,REAL,2743927832,485,2743928317,2743928317
2025-06-19 14:34:10,REAL,2743928317,484,2743928801,2743928801
2025-06-19 14:34:12,REAL,2743928801,481,2743929282,2743929282
2025-06-19 14:34:14,REAL,2743929282,481,2743929763,2743929763
2025-06-19 14:34:16,REAL,2743929763,541,2743930304,2743930304
2025-06-19 14:34:18,REAL,2743930304,489,2743930793,2743930793
2025-06-19 14:34:20,REAL,2743930793,479,2743931272,2743931272
2025-06-19 14:34:22,REAL,2743931272,478,2743931750,2743931750
2025-06-19 14:34:24,REAL,2743931750,532,2743932282,2743932282
2025-06-19 14:34:26,REAL,2743932282,9475,2743941757,2743941757
2025-06-19 14:34:28,REAL,2743941757,10377,2743952134,2743952134
2025-06-19 14:34:30,REAL,2743952134,10318,2743962452,2743962452
2025-06-19 14:34:32,REAL,2743962452,10253,2743972705,2743972705
2025-06-19 14:34:34,REAL,2743972705,10255,2743982960,2743982960
2025-06-19 14:34:36,REAL,2743982960,10251,2743993211,2743993211
2025-06-19 14:34:38,REAL,2743993211,10325,2744003536,2744003536
2025-06-19 14:34:40,REAL,2744003536,7614,2744011150,2744011150
2025-06-19 14:34:42,REAL,2744011150,487,2744011637,2744011637
2025-06-19 14:34:44,REAL,2744011637,487,2744012124,2744012124
2025-06-19 14:34:46,REAL,2744012124,486,2744012610,2744012610
2025-06-19 14:34:48,REAL,2744012610,477,2744013087,2744013087
2025-06-19 14:34:50,REAL,2744013087,546,2744013633,2744013633
2025-06-19 14:34:52,REAL,2744013633,475,2744014108,2744014108
2025-06-19 14:34:54,REAL,2744014108,486,2744014594,2744014594
2025-06-19 14:34:56,REAL,2744014594,484,2744015078,2744015078
2025-06-19 14:34:58,REAL,2744015078,539,2744015617,2744015617
2025-06-19 14:35:00,REAL,2744015617,488,2744016105,2744016105
2025-06-19 14:35:02,REAL,2744016105,484,2744016589,2744016589
2025-06-19 14:35:04,REAL,2744016589,481,2744017070,2744017070
2025-06-19 14:35:06,REAL,2744017070,484,2744017554,2744017554
2025-06-19 14:35:08,REAL,2744017554,480,2744018034,2744018034
2025-06-19 14:35:10,REAL,2744018034,484,2744018518,2744018518
2025-06-19 14:35:12,REAL,2744018518,484,2744019002,2744019002
2025-06-19 14:35:14,REAL,2744019002,487,2744019489,2744019489
2025-06-19 14:35:16,REAL,2744019489,488,2744019977,2744019977
2025-06-19 14:35:18,REAL,2744019977,479,2744020456,2744020456
2025-06-19 14:35:20,REAL,2744020456,486,2744020942,2744020942
2025-06-19 14:35:22,REAL,2744020942,481,2744021423,2744021423
2025-06-19 14:35:24,REAL,2744021423,547,2744021970,2744021970
2025-06-19 14:35:26,REAL,2744021970,477,2744022447,2744022447
2025-06-19 14:35:28,REAL,2744022447,481,2744022928,2744022928
2025-06-19 14:35:30,REAL,2744022928,484,2744023412,2744023412
2025-06-19 14:35:32,REAL,2744023412,485,2744023897,2744023897
2025-06-19 14:35:34,REAL,2744023897,542,2744024439,2744024439
2025-06-19 14:35:36,REAL,2744024439,490,2744024929,2744024929
2025-06-19 14:35:38,REAL,2744024929,488,2744025417,2744025417
2025-06-19 14:35:40,REAL,2744025417,478,2744025895,2744025895
2025-06-19 14:35:42,REAL,2744025895,483,2744026378,2744026378
2025-06-19 14:35:44,REAL,2744026378,486,2744026864,2744026864
2025-06-19 14:35:46,REAL,2744026864,480,2744027344,2744027344
2025-06-19 14:35:48,REAL,2744027344,488,2744027832,2744027832
2025-06-19 14:35:50,REAL,2744027832,5844,2744033676,2744033676
2025-06-19 14:35:52,REAL,2744033676,13285,2744046961,2744046961
2025-06-19 14:35:54,REAL,2744046961,10253,2744057214,2744057214
2025-06-19 14:35:56,REAL,2744057214,10253,2744067467,2744067467
2025-06-19 14:35:58,REAL,2744067467,10312,2744077779,2744077779
2025-06-19 14:36:00,REAL,2744077779,10310,2744088089,2744088089
2025-06-19 14:36:02,REAL,2744088089,10250,2744098339,2744098339
2025-06-19 14:36:04,REAL,2744098339,10247,2744108586,2744108586
2025-06-19 14:36:06,REAL,2744108586,1207,2744109793,2744109793
2025-06-19 14:36:08,REAL,2744109793,481,2744110274,2744110274
2025-06-19 14:36:10,REAL,2744110274,488,2744110762,2744110762
2025-06-19 14:36:12,REAL,2744110762,479,2744111241,2744111241
2025-06-19 14:36:14,REAL,2744111241,487,2744111728,2744111728
2025-06-19 14:36:16,REAL,2744111728,490,2744112218,2744112218
2025-06-19 14:36:18,REAL,2744112218,478,2744112696,2744112696
2025-06-19 14:36:20,REAL,2744112696,480,2744113176,2744113176
